WCOA/WCOA-6/CTD_Data/RB2102_CTD_044_01.ros
* Sea-Bird SBE 9 Data File:
* FileName = C:\Users\scs.user.rb\CTD\RB2102\Data\RB2102_CTD_044_01.hex
* Software Version Seasave V 7.26.7.107
* Temperature SN = 6202
* Conductivity SN = 4907
* Number of Bytes Per Scan = 41
* Number of Voltage Words = 4
* Number of Scans Averaged by the Deck Unit = 1
* NMEA Latitude = 45 54.98 N
* NMEA Longitude = 124 05.17 W
* NMEA UTC (Time) = Jul 03 2021  04:26:23
* NMEA baud rate = 4800
# nquan = 30
# nvalues = 1176                                  
# units = specified
# name 0 = scan: Scan Count
# name 1 = timeS: Time, Elapsed [seconds]
# name 2 = depSM: Depth [salt water, m]
# name 3 = prDM: Pressure, Digiquartz [db]
# name 4 = t090C: Temperature [ITS-90, deg C]
# name 5 = t190C: Temperature, 2 [ITS-90, deg C]
# name 6 = c0mS/cm: Conductivity [mS/cm]
# name 7 = c1mS/cm: Conductivity, 2 [mS/cm]
# name 8 = potemp090C: Potential Temperature [ITS-90, deg C]
# name 9 = potemp190C: Potential Temperature, 2 [ITS-90, deg C]
# name 10 = sal00: Salinity, Practical [PSU]
# name 11 = sal11: Salinity, Practical, 2 [PSU]
# name 12 = sigma-é00: Density [sigma-theta, kg/m^3]
# name 13 = sigma-é11: Density, 2 [sigma-theta, kg/m^3]
# name 14 = sbeox0Mg/L: Oxygen, SBE 43 [mg/l]
# name 15 = sbeox1Mg/L: Oxygen, SBE 43, 2 [mg/l]
# name 16 = sbox0Mm/Kg: Oxygen, SBE 43 [umol/kg]
# name 17 = sbox1Mm/Kg: Oxygen, SBE 43, 2 [umol/kg]
# name 18 = sbeox0V: Oxygen raw, SBE 43 [V]
# name 19 = sbeox1V: Oxygen raw, SBE 43, 2 [V]
# name 20 = v4: Voltage 4
# name 21 = flECO-AFL: Fluorescence, WET Labs ECO-AFL/FL [mg/m^3]
# name 22 = v3: Voltage 3
# name 23 = v6: Voltage 6
# name 24 = v7: Voltage 7
# name 25 = longitude: Longitude [deg]
# name 26 = latitude: Latitude [deg]
# name 27 = altM: Altimeter [m]
# name 28 = nbf: Bottles Fired
# name 29 = flag:  0.000e+00
# interval = seconds: 0.0416667
# start_time = Jul 03 2021 04:26:23 [NMEA time, header]
# bad_flag = -9.990e-29
*END*
[from data line 436]
      30125   1255.167     25.453     25.665    10.0453    10.0411  36.280636  36.276732    10.0424    10.0382    33.1011    33.1010    25.4623    25.4629     5.6414     5.8295    171.917    177.649     1.7753     1.7265     0.4176     9.4146     3.3236     1.3797     0.0000 -124.08742   45.91630      53.75          9  0.000e+00
      30126   1255.208     25.506     25.718    10.0460    10.0411  36.281146  36.276031    10.0431    10.0382    33.1009    33.1003    25.4621    25.4624     5.6413     5.8295    171.916    177.652     1.7753     1.7265     0.4176     9.4146     3.3236     1.3810     0.0000 -124.08742   45.91630      53.77          9  0.000e+00
      30127   1255.250     25.453     25.665    10.0465    10.0418  36.281146  36.276923    10.0436    10.0389    33.1006    33.1005    25.4617    25.4624     5.6359     5.8352    171.751    177.825     1.7741     1.7277     0.4176     9.4146     3.3236     1.3797     0.0000 -124.08742   45.91630      53.75          9  0.000e+00
      30128   1255.292     25.453     25.665    10.0466    10.0425  36.280763  36.278007    10.0437    10.0396    33.1000    33.1010    25.4612    25.4627     5.6412     5.8351    171.914    177.821     1.7753     1.7277     0.4176     9.4146     3.3223     1.3797     0.0000 -124.08742   45.91630      53.77          9  0.000e+00
      30129   1255.333     25.453     25.665    10.0463    10.0431  36.280253  36.278453    10.0434    10.0402    33.0998    33.1009    25.4611    25.4626     5.6413     5.8350    171.915    177.819     1.7753     1.7277     0.4176     9.4146     3.3223     1.3797     0.0000 -124.08742   45.91630      53.77          9  0.000e+00
      32275   1344.750     20.723     20.896    10.8142    10.8281  36.748014  36.749860    10.8117    10.8256    32.8755    32.8649    25.1546    25.1439     7.1420     7.3751    217.713    224.821     2.1453     2.0781     0.3773     8.4072     3.3187     1.3101     0.0000 -124.08750   45.91630      59.02         10  0.000e+00
      32276   1344.792     20.670     20.842    10.8167    10.8279  36.747821  36.749475    10.8142    10.8254    32.8731    32.8647    25.1523    25.1438     7.1416     7.3808    217.704    224.995     2.1453     2.0794     0.3773     8.4072     3.3175     1.3101     0.0000 -124.08750   45.91630      59.02         10  0.000e+00
      32277   1344.833     20.624     20.795    10.8175    10.8278  36.746731  36.748962    10.8150    10.8253    32.8713    32.8643    25.1508    25.1435     7.1468     7.3808    217.862    224.995     2.1465     2.0794     0.3773     8.4072     3.3175     1.3089     0.0000 -124.08750   45.91630      59.00         10  0.000e+00
      32278   1344.875     20.670     20.842    10.8201    10.8268  36.746154  36.748706    10.8176    10.8243    32.8684    32.8649    25.1480    25.1442     7.1466     7.3810    217.855    225.001     2.1465     2.0794     0.3773     8.4072     3.3175     1.3065     0.0000 -124.08750   45.91630      59.02         10  0.000e+00
      32279   1344.917     20.723     20.896    10.8229    10.8251  36.746090  36.748707    10.8204    10.8226    32.8658    32.8664    25.1455    25.1456     7.1463     7.3755    217.847    224.834     2.1465     2.0781     0.3773     8.4072     3.3199     1.3065     0.0000 -124.08750   45.91630      58.97         10  0.000e+00
      32280   1344.958     20.723     20.896    10.8241    10.8245  36.747244  36.747810    10.8216    10.8220    32.8659    32.8661    25.1454    25.1455     7.1461     7.3756    217.841    224.838     2.1465     2.0781     0.3773     8.4072     3.3175     1.3065     0.0000 -124.08750   45.91630      58.97         10  0.000e+00
      32281   1345.000     20.677     20.849    10.8244    10.8239  36.747692  36.747169    10.8220    10.8215    32.8660    32.8660    25.1454    25.1455     7.1460     7.3757    217.838    224.840     2.1465     2.0781     0.3895     8.7125     3.3187     1.3065     0.0000 -124.08750   45.91630      58.97         10  0.000e+00
      32282   1345.042     20.677     20.849    10.8254    10.8233  36.748654  36.746144    10.8229    10.8208    32.8661    32.8655    25.1454    25.1453     7.1458     7.3758    217.833    224.844     2.1465     2.0781     0.4164     9.3840     3.3175     1.3065     0.0000 -124.08750   45.91630      58.97         10  0.000e+00
      32283   1345.083     20.670     20.842    10.8262    10.8223  36.750192  36.745120    10.8237    10.8199    32.8669    32.8654    25.1458    25.1453     7.1457     7.3760    217.827    224.849     2.1465     2.0781     0.4249     9.5977     3.3199     1.3077     0.0000 -124.08750   45.91630      58.97         10  0.000e+00
      32284   1345.125     20.677     20.849    10.8277    10.8211  36.752756  36.744863    10.8252    10.8187    32.8681    32.8662    25.1465    25.1461     7.1454     7.3762    217.819    224.854     2.1465     2.0781     0.4249     9.5977     3.3187     1.3065     0.0000 -124.08750   45.91630      58.97         10  0.000e+00
      32285   1345.167     20.670     20.842    10.8293    10.8196  36.755961  36.744159    10.8268    10.8172    32.8699    32.8668    25.1476    25.1469     7.1450     7.3764    217.808    224.861     2.1465     2.0781     0.4237     9.5672     3.3187     1.3065     0.0000 -124.08750   45.91630      58.90         10  0.000e+00
      32286   1345.208     20.677     20.849    10.8318    10.8182  36.758013  36.743134    10.8293    10.8157    32.8697    32.8671    25.1470    25.1474     7.1446     7.3766    217.796    224.868     2.1465     2.0781     0.4225     9.5367     3.3175     1.3065     0.0000 -124.08750   45.91630      58.88         10  0.000e+00
      32287   1345.250     20.670     20.842    10.8420    10.8175  36.758845  36.743326    10.8395    10.8150    32.8614    32.8679    25.1387    25.1482     7.1434     7.3767    217.760    224.870     2.1465     2.0781     0.4237     9.5672     3.3187     1.3065     0.0000 -124.08750   45.91630      58.85         10  0.000e+00
      32288   1345.292     20.624     20.796    10.8500    10.8174  36.758780  36.743134    10.8476    10.8149    32.8541    32.8679    25.1317    25.1481     7.1424     7.3767    217.731    224.869     2.1465     2.0781     0.4237     9.5672     3.3175     1.3065     0.0000 -124.08750   45.91630      58.88         10  0.000e+00
      32289   1345.333     20.670     20.842    10.8520    10.8176  36.758715  36.743583    10.8496    10.8152    32.8522    32.8680    25.1299    25.1482     7.1422     7.3709    217.725    224.695     2.1465     2.0769     0.4225     9.5367     3.3187     1.3065     0.0000 -124.08750   45.91630      58.88         10  0.000e+00
      32290   1345.375     20.624     20.796    10.8508    10.8176  36.759485  36.744607    10.8484    10.8152    32.8541    32.8691    25.1315    25.1490     7.1423     7.3709    217.727    224.692     2.1465     2.0769     0.4225     9.5367     3.3175     1.3065     0.0000 -124.08750   45.91630      58.88         10  0.000e+00
      32291   1345.417     20.624     20.796    10.8512    10.8197  36.762370  36.746145    10.8487    10.8173    32.8566    32.8688    25.1334    25.1484     7.1421     7.3705    217.721    224.681     2.1465     2.0769     0.4225     9.5367     3.3187     1.3065     0.0000 -124.08750   45.91630      58.88         10  0.000e+00
      32292   1345.458     20.624     20.796    10.8561    10.8220  36.767370  36.747682    10.8536    10.8195    32.8572    32.8683    25.1330    25.1476     7.1413     7.3702    217.697    224.671     2.1465     2.0769     0.4237     9.5672     3.3175     1.3065     0.0000 -124.08750   45.91630      58.85         10  0.000e+00
      32293   1345.500     20.624     20.796    10.8719    10.8238  36.775704  36.748386    10.8694    10.8213    32.8513    32.8673    25.1257    25.1466     7.1390     7.3642    217.629    224.488     2.1465     2.0757     0.4225     9.5367     3.3187     1.3077     0.0000 -124.08750   45.91630      58.88         10  0.000e+00
      32294   1345.542     20.578     20.749    10.8822    10.8255  36.784039  36.748898    10.8798    10.8230    32.8503    32.8663    25.1231    25.1455     7.1374     7.3639    217.580    224.480     2.1465     2.0757     0.4237     9.5672     3.3175     1.3065     0.0000 -124.08750   45.91630      58.88         10  0.000e+00
      32295   1345.583     20.624     20.796    10.8989    10.8266  36.787757  36.749539    10.8964    10.8241    32.8391    32.8660    25.1114    25.1450     7.1353     7.3637    217.518    224.476     2.1465     2.0757     0.4237     9.5672     3.3187     1.3065     0.0000 -124.08750   45.91630      58.85         10  0.000e+00
      32296   1345.625     20.578     20.749    10.9074    10.8286  36.791026  36.750948    10.9049    10.8261    32.8347    32.8656    25.1065    25.1444     7.1288     7.3634    217.322    224.465     2.1453     2.0757     0.4237     9.5672     3.3187     1.3065     0.0000 -124.08750   45.91630      58.88         10  0.000e+00
      32297   1345.667     20.578     20.749    10.9148    10.8304  36.800197  36.753062    10.9124    10.8280    32.8372    32.8660    25.1071    25.1444     7.1275     7.3573    217.283    224.280     2.1453     2.0745     0.4237     9.5672     3.3187     1.3065     0.0000 -124.08750   45.91630      58.88         10  0.000e+00
      32298   1345.708     20.578     20.749    10.9275    10.8339  36.808598  36.756713    10.9251    10.8315    32.8341    32.8665    25.1025    25.1442     7.1256     7.3567    217.226    224.261     2.1453     2.0745     0.4225     9.5367     3.3187     1.3065     0.0000 -124.08750   45.91630      58.85         10  0.000e+00
      32299   1345.750     20.531     20.702    10.9373    10.8406  36.814819  36.761710    10.9348    10.8382    32.8316    32.8655    25.0988    25.1422     7.1242     7.3556    217.182    224.227     2.1453     2.0745     0.4225     9.5367     3.3187     1.3065     0.0000 -124.08750   45.91630      58.85         10  0.000e+00
      32300   1345.792     20.578     20.749    10.9480    10.8480  36.821939  36.759082    10.9455    10.8455    32.8290    32.8562    25.0949    25.1337     7.1226     7.3490    217.136    224.030     2.1453     2.0733     0.4237     9.5672     3.3175     1.3065     0.0000 -124.08752   45.91630      58.85         10  0.000e+00
      32301   1345.833     20.532     20.702    10.9618    10.8548  36.829636  36.747101    10.9593    10.8524    32.8244    32.8382    25.0889    25.1185     7.1153     7.3487    216.915    224.022     2.1441     2.0733     0.4237     9.5672     3.3187     1.3053     0.0000 -124.08752   45.91630      58.85         10  0.000e+00
      32302   1345.875     20.525     20.696    10.9768    10.8616  36.835281  36.765744    10.9743    10.8591    32.8165    32.8507    25.0801    25.1270     7.1133     7.3412    216.855    223.793     2.1441     2.0720     0.4225     9.5367     3.3175     1.3040     0.0000 -124.08752   45.91630      58.85         10  0.000e+00
      32303   1345.917     20.532     20.702    10.9882    10.8700  36.837461  36.779199    10.9857    10.8676    32.8085    32.8565    25.0719    25.1300     7.1119     7.3395    216.813    223.740     2.1441     2.0720     0.4237     9.5672     3.3175     1.3040     0.0000 -124.08752   45.91630      58.93         10  0.000e+00
      32304   1345.958     20.479     20.649    10.9956    10.8830  36.839514  36.787273    10.9931    10.8806    32.8039    32.8529    25.0670    25.1249     7.1056     7.3317    216.623    223.503     2.1429     2.0708     0.4237     9.5672     3.3187     1.3040     0.0000 -124.08752   45.91630      58.97         10  0.000e+00
      32305   1346.000     20.479     20.649    11.0023    10.8968  36.843491  36.793488    10.9998    10.8944    32.8019    32.8467    25.0642    25.1177     7.1046     7.3296    216.594    223.442     2.1429     2.0708     0.4237     9.5672     3.3175     1.3040     0.0000 -124.08752   45.91630      58.97         10  0.000e+00
      32306   1346.042     20.479     20.649    11.0086    10.9053  36.847084  36.794769    11.0062    10.9029    32.7998    32.8404    25.0615    25.1113     7.1037     7.3285    216.567    223.408     2.1429     2.0708     0.4237     9.5672     3.3175     1.3040     0.0000 -124.08752   45.91630      58.97         10  0.000e+00
      32307   1346.083     20.479     20.649    11.0162    10.9082  36.850805  36.793871    11.0138    10.9057    32.7967    32.8369    25.0577    25.1081     7.0974     7.3224    216.376    223.225     2.1416     2.0696     0.4200     9.4756     3.3175     1.3040     0.0000 -124.08752   45.91630      58.95         10  0.000e+00
      32308   1346.125     20.426     20.596    11.0248    10.9098  36.853949  36.796178    11.0224    10.9073    32.7921    32.8378    25.0526    25.1085     7.0962     7.3164    216.340    223.040     2.1416     2.0684     0.4042     9.0788     3.3175     1.3040     0.0000 -124.08752   45.91630      58.95         10  0.000e+00
      32309   1346.167     20.479     20.649    11.0309    10.9161  36.855424  36.802267    11.0284    10.9136    32.7882    32.8382    25.0485    25.1077     7.0903     7.3153    216.160    223.008     2.1404     2.0684     0.3968     8.8956     3.3187     1.3040     0.0000 -124.08752   45.91630      58.97         10  0.000e+00
      32310   1346.208     20.426     20.596    11.0341    10.9278  36.856450  36.809957    11.0316    10.9254    32.7863    32.8353    25.0465    25.1034     7.0898     7.3077    216.145    222.777     2.1404     2.0672     0.3980     8.9262     3.3175     1.3040     0.0000 -124.08752   45.91630      58.97         10  0.000e+00
      32311   1346.250     20.379     20.549    11.0359    10.9397  36.858632  36.815789    11.0335    10.9373    32.7869    32.8305    25.0466    25.0975     7.0842     7.3002    215.975    222.548     2.1392     2.0659     0.3968     8.8956     3.3187     1.3040     0.0000 -124.08752   45.91630      58.97         10  0.000e+00
      32312   1346.292     20.432     20.602    11.0361    10.9488  36.860044  36.818032    11.0337    10.9464    32.7881    32.8245    25.0475    25.0912     7.0842     7.2989    215.974    222.512     2.1392     2.0659     0.3980     8.9262     3.3175     1.3040     0.0000 -124.08752   45.91630      58.97         10  0.000e+00
      32313   1346.333     20.379     20.549    11.0377    10.9541  36.861777  36.819634    11.0352    10.9517    32.7884    32.8214    25.0475    25.0879     7.0786     7.2924    215.805    222.314     2.1380     2.0647     0.3980     8.9262     3.3175     1.3040     0.0000 -124.08752   45.91630      58.97         10  0.000e+00
      32314   1346.375     20.379     20.549    11.0404    10.9612  36.863702  36.824634    11.0379    10.9588    32.7879    32.8200    25.0466    25.0855     7.0782     7.2913    215.792    222.280     2.1380     2.0647     0.3980     8.9262     3.3175     1.3040     0.0000 -124.08752   45.91630      58.97         10  0.000e+00
      32315   1346.417     20.380     20.549    11.0430    10.9702  36.864408  36.830083    11.0405    10.9677    32.7863    32.8174    25.0449    25.0819     7.0779     7.2842    215.783    222.064     2.1380     2.0635     0.3980     8.9262     3.3175     1.3040     0.0000 -124.08752   45.91630      58.97         10  0.000e+00
      32316   1346.458     20.380     20.549    11.0452    10.9781  36.865242  36.834058    11.0427    10.9756    32.7852    32.8142    25.0436    25.0781     7.0724     7.2830    215.614    222.029     2.1368     2.0635     0.3980     8.9262     3.3175     1.3040     0.0000 -124.08752   45.91630      58.97         10  0.000e+00
