WCOA/WCOA-6/CTD_Data/RB2102_CTD_021_01.ros
* Sea-Bird SBE 9 Data File:
* FileName = C:\Users\scs.user.rb\CTD\RB2102\Data\RB2102_CTD_021_01.hex
* Software Version Seasave V 7.26.7.107
* Temperature SN = 6202
* Conductivity SN = 4907
* Number of Bytes Per Scan = 41
* Number of Voltage Words = 4
* Number of Scans Averaged by the Deck Unit = 1
* NMEA Latitude = 47 57.52 N
* NMEA Longitude = 125 19.88 W
* NMEA UTC (Time) = Jun 29 2021  02:23:56
* NMEA baud rate = 4800
# nquan = 30
# nvalues = 931                                   
# units = specified
# name 0 = scan: Scan Count
# name 1 = timeS: Time, Elapsed [seconds]
# name 2 = depSM: Depth [salt water, m]
# name 3 = prDM: Pressure, Digiquartz [db]
# name 4 = t090C: Temperature [ITS-90, deg C]
# name 5 = t190C: Temperature, 2 [ITS-90, deg C]
# name 6 = c0mS/cm: Conductivity [mS/cm]
# name 7 = c1mS/cm: Conductivity, 2 [mS/cm]
# name 8 = potemp090C: Potential Temperature [ITS-90, deg C]
# name 9 = potemp190C: Potential Temperature, 2 [ITS-90, deg C]
# name 10 = sal00: Salinity, Practical [PSU]
# name 11 = sal11: Salinity, Practical, 2 [PSU]
# name 12 = sigma-é00: Density [sigma-theta, kg/m^3]
# name 13 = sigma-é11: Density, 2 [sigma-theta, kg/m^3]
# name 14 = sbeox0Mg/L: Oxygen, SBE 43 [mg/l]
# name 15 = sbeox1Mg/L: Oxygen, SBE 43, 2 [mg/l]
# name 16 = sbox0Mm/Kg: Oxygen, SBE 43 [umol/kg]
# name 17 = sbox1Mm/Kg: Oxygen, SBE 43, 2 [umol/kg]
# name 18 = sbeox0V: Oxygen raw, SBE 43 [V]
# name 19 = sbeox1V: Oxygen raw, SBE 43, 2 [V]
# name 20 = v4: Voltage 4
# name 21 = flECO-AFL: Fluorescence, WET Labs ECO-AFL/FL [mg/m^3]
# name 22 = v3: Voltage 3
# name 23 = v6: Voltage 6
# name 24 = v7: Voltage 7
# name 25 = longitude: Longitude [deg]
# name 26 = latitude: Latitude [deg]
# name 27 = altM: Altimeter [m]
# name 28 = nbf: Bottles Fired
# name 29 = flag:  0.000e+00
# interval = seconds: 0.0416667
# start_time = Jun 29 2021 02:23:56 [NMEA time, header]
# bad_flag = -9.990e-29
*END*
[from data line 49]
      32871   1369.583    492.173    496.932     5.4333     5.4323  33.257932  33.256139     5.3924     5.3914    34.0692    34.0682    26.8916    26.8909     1.3268     1.3341     40.378     40.600     0.7436     0.7399     0.0403    -0.0177     3.3810     1.7961     0.0134 -125.33306   47.95922      11.55          2  0.000e+00
      32872   1369.625    492.073    496.831     5.4333     5.4323  33.257685  33.256262     5.3924     5.3914    34.0691    34.0684    26.8914    26.8910     1.3331     1.3341     40.570     40.600     0.7448     0.7399     0.0403    -0.0177     3.3834     1.7961     0.0134 -125.33306   47.95922      11.58          2  0.000e+00
      32873   1369.667    492.126    496.885     5.4333     5.4320  33.257808  33.256386     5.3924     5.3911    34.0691    34.0688    26.8915    26.8914     1.3268     1.3341     40.378     40.600     0.7436     0.7399     0.0403    -0.0177     3.3834     1.7961     0.0134 -125.33306   47.95922      11.55          2  0.000e+00
      32874   1369.708    492.126    496.885     5.4330     5.4325  33.257932  33.256324     5.3921     5.3916    34.0696    34.0683    26.8918    26.8909     1.3268     1.3341     40.378     40.600     0.7436     0.7399     0.0403    -0.0177     3.3822     1.7961     0.0134 -125.33306   47.95922      11.55          2  0.000e+00
      32875   1369.750    492.073    496.831     5.4332     5.4320  33.257438  33.256139     5.3923     5.3911    34.0689    34.0686    26.8913    26.8912     1.3268     1.3341     40.378     40.600     0.7436     0.7399     0.0403    -0.0177     3.3822     1.7961     0.0134 -125.33306   47.95922      11.58          2  0.000e+00
      32876   1369.792    492.073    496.831     5.4333     5.4320  33.257932  33.256570     5.3924     5.3911    34.0693    34.0691    26.8916    26.8916     1.3331     1.3341     40.570     40.600     0.7448     0.7399     0.0403    -0.0177     3.3810     1.7961     0.0134 -125.33306   47.95922      11.58          2  0.000e+00
      32877   1369.833    492.126    496.885     5.4334     5.4322  33.257993  33.256386     5.3925     5.3913    34.0692    34.0687    26.8915    26.8912     1.3268     1.3341     40.378     40.600     0.7436     0.7399     0.0403    -0.0177     3.3822     1.7961     0.0134 -125.33306   47.95922      11.60          2  0.000e+00
      32878   1369.875    492.079    496.838     5.4333     5.4325  33.257438  33.256509     5.3924     5.3916    34.0687    34.0685    26.8911    26.8911     1.3268     1.3341     40.378     40.599     0.7436     0.7399     0.0403    -0.0177     3.3834     1.7961     0.0134 -125.33306   47.95922      11.60          2  0.000e+00
      32879   1369.917    492.073    496.831     5.4335     5.4322  33.257747  33.256447     5.3926     5.3913    34.0689    34.0688    26.8912    26.8913     1.3268     1.3341     40.378     40.600     0.7436     0.7399     0.0403    -0.0177     3.3822     1.7961     0.0134 -125.33306   47.95922      11.58          2  0.000e+00
      32880   1369.958    492.073    496.831     5.4335     5.4323  33.257932  33.256139     5.3926     5.3914    34.0691    34.0683    26.8914    26.8909     1.3268     1.3341     40.378     40.600     0.7436     0.7399     0.0403    -0.0177     3.3810     1.7961     0.0134 -125.33306   47.95922      11.60          2  0.000e+00
      32881   1370.000    492.026    496.784     5.4333     5.4323  33.257931  33.256447     5.3924     5.3914    34.0693    34.0686    26.8916    26.8912     1.3268     1.3341     40.377     40.599     0.7436     0.7399     0.0403    -0.0177     3.3822     1.7961     0.0134 -125.33306   47.95922      11.62          2  0.000e+00
      32882   1370.042    492.073    496.831     5.4335     5.4323  33.257685  33.256693     5.3926     5.3914    34.0688    34.0689    26.8912    26.8914     1.3268     1.3341     40.378     40.599     0.7436     0.7399     0.0403    -0.0177     3.3822     1.7961     0.0134 -125.33306   47.95922      11.70          2  0.000e+00
      32883   1370.083    492.026    496.784     5.4338     5.4323  33.257993  33.256385     5.3929     5.3914    34.0689    34.0686    26.8913    26.8911     1.3331     1.3341     40.569     40.599     0.7448     0.7399     0.0403    -0.0177     3.3810     1.7961     0.0134 -125.33306   47.95922      11.72          2  0.000e+00
      32884   1370.125    492.026    496.784     5.4337     5.4325  33.257993  33.256324     5.3928     5.3916    34.0690    34.0683    26.8913    26.8909     1.3268     1.3341     40.377     40.599     0.7436     0.7399     0.0403    -0.0177     3.3810     1.7961     0.0134 -125.33306   47.95922      11.72          2  0.000e+00
      32885   1370.167    492.073    496.831     5.4335     5.4325  33.258117  33.256632     5.3926     5.3916    34.0693    34.0686    26.8916    26.8912     1.3268     1.3341     40.378     40.599     0.7436     0.7399     0.0403    -0.0177     3.3822     1.7961     0.0134 -125.33306   47.95922      11.70          2  0.000e+00
      32886   1370.208    492.026    496.784     5.4337     5.4327  33.258178  33.256385     5.3928     5.3918    34.0693    34.0682    26.8915    26.8908     1.3331     1.3341     40.569     40.599     0.7448     0.7399     0.0403    -0.0177     3.3810     1.7961     0.0134 -125.33306   47.95922      11.70          2  0.000e+00
      32887   1370.250    492.033    496.791     5.4338     5.4323  33.258178  33.256324     5.3929     5.3914    34.0691    34.0685    26.8914    26.8911     1.3268     1.3341     40.377     40.599     0.7436     0.7399     0.0403    -0.0177     3.3810     1.7961     0.0134 -125.33306   47.95922      11.70          2  0.000e+00
      32888   1370.292    492.026    496.784     5.4338     5.4327  33.257993  33.256385     5.3929     5.3918    34.0689    34.0682    26.8912    26.8908     1.3268     1.3341     40.377     40.599     0.7436     0.7399     0.0403    -0.0177     3.3822     1.7961     0.0134 -125.33306   47.95922      11.70          2  0.000e+00
      32889   1370.333    491.973    496.730     5.4339     5.4327  33.258116  33.256139     5.3930     5.3918    34.0690    34.0680    26.8913    26.8906     1.3331     1.3341     40.569     40.599     0.7448     0.7399     0.0403    -0.0177     3.3822     1.7961     0.0134 -125.33306   47.95922      11.67          2  0.000e+00
      32890   1370.375    492.026    496.784     5.4340     5.4325  33.258363  33.256693     5.3931     5.3916    34.0692    34.0687    26.8914    26.8912     1.3331     1.3341     40.569     40.599     0.7448     0.7399     0.0403    -0.0177     3.3822     1.7973     0.0134 -125.33306   47.95922      11.70          2  0.000e+00
      32891   1370.417    492.026    496.784     5.4340     5.4328  33.257808  33.256693     5.3931     5.3919    34.0685    34.0684    26.8909    26.8910     1.3331     1.3341     40.569     40.599     0.7448     0.7399     0.0403    -0.0177     3.3810     1.7961     0.0134 -125.33306   47.95922      11.67          2  0.000e+00
      32892   1370.458    491.973    496.730     5.4337     5.4328  33.257993  33.256693     5.3928     5.3919    34.0691    34.0685    26.8914    26.8910     1.3331     1.3341     40.569     40.599     0.7448     0.7399     0.0415     0.0129     3.3822     1.7961     0.0134 -125.33306   47.95922      11.67          2  0.000e+00
      32893   1370.500    491.973    496.730     5.4340     5.4328  33.258178  33.256631     5.3931     5.3919    34.0690    34.0684    26.8913    26.8909     1.3331     1.3341     40.569     40.599     0.7448     0.7399     0.0415     0.0129     3.3822     1.7961     0.0134 -125.33306   47.95922      11.67          2  0.000e+00
      32894   1370.542    491.973    496.730     5.4338     5.4328  33.258363  33.256385     5.3929     5.3919    34.0693    34.0682    26.8916    26.8908     1.3331     1.3341     40.569     40.599     0.7448     0.7399     0.0415     0.0129     3.3822     1.7961     0.0134 -125.33306   47.95922      11.67          2  0.000e+00
      32895   1370.583    491.973    496.730     5.4340     5.4325  33.258054  33.256631     5.3932     5.3916    34.0687    34.0687    26.8911    26.8912     1.3331     1.3341     40.569     40.599     0.7448     0.7399     0.0415     0.0129     3.3810     1.7961     0.0134 -125.33306   47.95922      11.67          2  0.000e+00
      32896   1370.625    491.980    496.737     5.4340     5.4327  33.258116  33.256631     5.3931     5.3918    34.0689    34.0685    26.8912    26.8911     1.3331     1.3341     40.569     40.599     0.7448     0.7399     0.0415     0.0129     3.3822     1.7961     0.0134 -125.33306   47.95922      11.67          2  0.000e+00
      32897   1370.667    491.973    496.730     5.4340     5.4328  33.258363  33.256385     5.3931     5.3919    34.0692    34.0681    26.8914    26.8907     1.3268     1.3341     40.377     40.599     0.7436     0.7399     0.0415     0.0129     3.3822     1.7961     0.0134 -125.33306   47.95922      11.67          2  0.000e+00
      32898   1370.708    491.926    496.683     5.4337     5.4325  33.258239  33.256385     5.3928     5.3916    34.0694    34.0684    26.8916    26.8910     1.3331     1.3341     40.569     40.599     0.7448     0.7399     0.0415     0.0129     3.3834     1.7973     0.0134 -125.33306   47.95922      11.67          2  0.000e+00
      32899   1370.750    491.973    496.730     5.4340     5.4328  33.258178  33.256323     5.3931     5.3919    34.0690    34.0680    26.8913    26.8907     1.3268     1.3341     40.377     40.599     0.7436     0.7399     0.0415     0.0129     3.3810     1.7973     0.0134 -125.33306   47.95922      11.67          2  0.000e+00
      32900   1370.792    491.926    496.683     5.4340     5.4327  33.258178  33.256508     5.3931     5.3918    34.0690    34.0684    26.8913    26.8910     1.3268     1.3341     40.376     40.598     0.7436     0.7399     0.0415     0.0129     3.3822     1.7961     0.0134 -125.33306   47.95922      11.72          2  0.000e+00
      32901   1370.833    491.973    496.730     5.4340     5.4325  33.257993  33.256447     5.3932     5.3916    34.0687    34.0685    26.8910    26.8910     1.3331     1.3341     40.569     40.599     0.7448     0.7399     0.0415     0.0129     3.3822     1.7961     0.0134 -125.33306   47.95922      11.72          2  0.000e+00
      32902   1370.875    491.926    496.683     5.4341     5.4328  33.258301  33.256323     5.3933     5.3919    34.0689    34.0681    26.8912    26.8907     1.3268     1.3341     40.376     40.598     0.7436     0.7399     0.0415     0.0129     3.3822     1.7961     0.0134 -125.33306   47.95922      11.72          2  0.000e+00
      32903   1370.917    491.926    496.683     5.4340     5.4325  33.258486  33.256323     5.3931     5.3916    34.0694    34.0684    26.8916    26.8909     1.3331     1.3341     40.568     40.599     0.7448     0.7399     0.0415     0.0129     3.3822     1.7973     0.0134 -125.33306   47.95922      11.72          2  0.000e+00
      32904   1370.958    491.927    496.683     5.4338     5.4328  33.258054  33.256878     5.3929     5.3919    34.0690    34.0687    26.8913    26.8912     1.3331     1.3341     40.569     40.598     0.7448     0.7399     0.0415     0.0129     3.3822     1.7961     0.0134 -125.33306   47.95922      11.72          2  0.000e+00
      32905   1371.000    491.973    496.730     5.4338     5.4327  33.258301  33.256693     5.3929     5.3918    34.0693    34.0686    26.8915    26.8911     1.3331     1.3341     40.569     40.599     0.7448     0.7399     0.0415     0.0129     3.3822     1.7973     0.0134 -125.33306   47.95922      11.75          2  0.000e+00
      32906   1371.042    491.880    496.636     5.4339     5.4327  33.258239  33.256385     5.3930     5.3918    34.0691    34.0683    26.8914    26.8909     1.3268     1.3341     40.376     40.598     0.7436     0.7399     0.0415     0.0129     3.3810     1.7961     0.0134 -125.33306   47.95922      11.87          2  0.000e+00
      32907   1371.083    491.927    496.683     5.4335     5.4325  33.257746  33.256385     5.3926     5.3916    34.0690    34.0684    26.8913    26.8910     1.3331     1.3341     40.569     40.599     0.7448     0.7399     0.0415     0.0129     3.3822     1.7961     0.0134 -125.33306   47.95922      11.89          2  0.000e+00
      32908   1371.125    491.927    496.683     5.4338     5.4325  33.257808  33.256570     5.3929     5.3916    34.0687    34.0686    26.8911    26.8912     1.3331     1.3341     40.569     40.599     0.7448     0.7399     0.0415     0.0129     3.3822     1.7961     0.0134 -125.33306   47.95922      11.89          2  0.000e+00
      32909   1371.167    491.873    496.629     5.4335     5.4325  33.257931  33.256631     5.3926     5.3916    34.0692    34.0687    26.8915    26.8912     1.3331     1.3341     40.568     40.598     0.7448     0.7399     0.0415     0.0129     3.3822     1.7961     0.0134 -125.33306   47.95922      11.87          2  0.000e+00
      32910   1371.208    491.927    496.683     5.4333     5.4325  33.257931  33.256446     5.3924     5.3916    34.0694    34.0685    26.8916    26.8911     1.3331     1.3341     40.569     40.599     0.7448     0.7399     0.0415     0.0129     3.3822     1.7961     0.0134 -125.33306   47.95922      11.89          2  0.000e+00
      32911   1371.250    491.927    496.683     5.4335     5.4327  33.258116  33.256323     5.3926     5.3918    34.0694    34.0682    26.8916    26.8908     1.3331     1.3341     40.569     40.599     0.7448     0.7399     0.0415     0.0129     3.3822     1.7961     0.0134 -125.33306   47.95922      11.87          2  0.000e+00
      32912   1371.292    491.873    496.629     5.4336     5.4325  33.258178  33.256754     5.3927     5.3916    34.0694    34.0689    26.8916    26.8914     1.3331     1.3341     40.568     40.598     0.7448     0.7399     0.0415     0.0129     3.3822     1.7973     0.0134 -125.33306   47.95922      11.92          2  0.000e+00
      32913   1371.333    491.873    496.629     5.4333     5.4325  33.257993  33.256570     5.3924     5.3916    34.0695    34.0687    26.8917    26.8912     1.3331     1.3341     40.569     40.598     0.7448     0.7399     0.0415     0.0129     3.3822     1.7961     0.0134 -125.33306   47.95922      11.92          2  0.000e+00
      32914   1371.375    491.873    496.629     5.4335     5.4325  33.257931  33.256816     5.3926     5.3916    34.0692    34.0689    26.8915    26.8914     1.3331     1.3341     40.568     40.598     0.7448     0.7399     0.0415     0.0129     3.3822     1.7961     0.0134 -125.33306   47.95922      11.92          2  0.000e+00
      32915   1371.417    491.933    496.690     5.4335     5.4327  33.257931  33.256447     5.3926     5.3918    34.0692    34.0683    26.8915    26.8909     1.3268     1.3341     40.377     40.599     0.7436     0.7399     0.0415     0.0129     3.3810     1.7961     0.0134 -125.33306   47.95922      11.89          2  0.000e+00
      32916   1371.458    491.873    496.629     5.4335     5.4327  33.257931  33.256508     5.3926     5.3918    34.0692    34.0684    26.8915    26.8910     1.3268     1.3341     40.377     40.598     0.7436     0.7399     0.0415     0.0129     3.3810     1.7961     0.0134 -125.33306   47.95922      11.89          2  0.000e+00
      32917   1371.500    491.873    496.629     5.4335     5.4327  33.257684  33.256693     5.3926     5.3918    34.0689    34.0687    26.8913    26.8912     1.3268     1.3341     40.377     40.598     0.7436     0.7399     0.0415     0.0129     3.3810     1.7961     0.0134 -125.33306   47.95922      11.89          2  0.000e+00
