WCOA/WCOA-6/CTD_Data/RB2102_CTD_006_01.ros
* Sea-Bird SBE 9 Data File:
* FileName = C:\Users\scs.user.rb\CTD\RB2102\Data\RB2102_CTD_006_01.hex
* Software Version Seasave V 7.26.7.107
* Temperature SN = 6202
* Conductivity SN = 4907
* Number of Bytes Per Scan = 41
* Number of Voltage Words = 4
* Number of Scans Averaged by the Deck Unit = 1
* NMEA Latitude = 52 01.06 N
* NMEA Longitude = 129 58.22 W
* NMEA UTC (Time) = Jun 26 2021  04:00:57
* NMEA baud rate = 4800
# nquan = 30
# nvalues = 882                                   
# units = specified
# name 0 = scan: Scan Count
# name 1 = timeS: Time, Elapsed [seconds]
# name 2 = depSM: Depth [salt water, m]
# name 3 = prDM: Pressure, Digiquartz [db]
# name 4 = t090C: Temperature [ITS-90, deg C]
# name 5 = t190C: Temperature, 2 [ITS-90, deg C]
# name 6 = c0mS/cm: Conductivity [mS/cm]
# name 7 = c1mS/cm: Conductivity, 2 [mS/cm]
# name 8 = potemp090C: Potential Temperature [ITS-90, deg C]
# name 9 = potemp190C: Potential Temperature, 2 [ITS-90, deg C]
# name 10 = sal00: Salinity, Practical [PSU]
# name 11 = sal11: Salinity, Practical, 2 [PSU]
# name 12 = sigma-é00: Density [sigma-theta, kg/m^3]
# name 13 = sigma-é11: Density, 2 [sigma-theta, kg/m^3]
# name 14 = sbeox0Mg/L: Oxygen, SBE 43 [mg/l]
# name 15 = sbeox1Mg/L: Oxygen, SBE 43, 2 [mg/l]
# name 16 = sbox0Mm/Kg: Oxygen, SBE 43 [umol/kg]
# name 17 = sbox1Mm/Kg: Oxygen, SBE 43, 2 [umol/kg]
# name 18 = sbeox0V: Oxygen raw, SBE 43 [V]
# name 19 = sbeox1V: Oxygen raw, SBE 43, 2 [V]
# name 20 = v4: Voltage 4
# name 21 = flECO-AFL: Fluorescence, WET Labs ECO-AFL/FL [mg/m^3]
# name 22 = v3: Voltage 3
# name 23 = v6: Voltage 6
# name 24 = v7: Voltage 7
# name 25 = longitude: Longitude [deg]
# name 26 = latitude: Latitude [deg]
# name 27 = altM: Altimeter [m]
# name 28 = nbf: Bottles Fired
# name 29 = flag:  0.000e+00
# interval = seconds: 0.0416667
# start_time = Jun 26 2021 04:00:57 [NMEA time, header]
# bad_flag = -9.990e-29
*END*
[from data line 194]
      30110   1254.542     80.280     81.005     7.0000     7.0086  33.400761  33.399099     6.9928     7.0014    32.8920    32.8820    25.7594    25.7504     5.8594     5.7712    178.512    175.824     1.7216     1.6178     0.0415     0.0129     3.3687     1.4469     2.4701 -129.97092   52.01750      53.16          4  0.000e+00
      30111   1254.583     80.227     80.952     7.0007     7.0086  33.400761  33.398975     6.9934     7.0014    32.8914    32.8819    25.7589    25.7503     5.8593     5.7711    178.508    175.823     1.7216     1.6178     0.0415     0.0129     3.3700     1.4469     2.4701 -129.97092   52.01750      53.16          4  0.000e+00
      34784   1449.292     60.169     60.709     7.5822     7.5802  33.390938  33.390087     7.5766     7.5746    32.3421    32.3431    25.2470    25.2480     7.6237     7.4907    232.377    228.323     2.1148     1.9695     0.0427     0.0434     3.3675     1.2808     2.4115 -129.97082   52.01754      73.63          5  0.000e+00
      34785   1449.333     60.248     60.789     7.5827     7.5801  33.390938  33.389532     7.5770     7.5744    32.3417    32.3426    25.2466    25.2477     7.6237     7.4846    232.377    228.137     2.1148     1.9683     0.0427     0.0434     3.3675     1.2796     2.4115 -129.97082   52.01754      73.60          5  0.000e+00
      34786   1449.375     60.069     60.609     7.5826     7.5799  33.390938  33.389655     7.5770     7.5743    32.3418    32.3429    25.2467    25.2480     7.6235     7.4844    232.372    228.132     2.1148     1.9683     0.0440     0.0739     3.3651     1.2808     2.4115 -129.97082   52.01754      73.60          5  0.000e+00
      34787   1449.417     60.195     60.736     7.5824     7.5799  33.390938  33.389779     7.5768     7.5743    32.3419    32.3430    25.2469    25.2481     7.6237     7.4908    232.377    228.326     2.1148     1.9695     0.0440     0.0739     3.3651     1.2796     2.4115 -129.97082   52.01754      73.60          5  0.000e+00
      34788   1449.458     60.169     60.709     7.5820     7.5804  33.390691  33.389902     7.5763     7.5748    32.3421    32.3427    25.2470    25.2477     7.6237     7.4907    232.378    228.323     2.1148     1.9695     0.0427     0.0434     3.3675     1.2796     2.4115 -129.97082   52.01754      73.63          5  0.000e+00
      34789   1449.500     60.195     60.736     7.5822     7.5804  33.390815  33.390272     7.5766     7.5748    32.3420    32.3431    25.2469    25.2480     7.6237     7.4907    232.378    228.323     2.1148     1.9695     0.0427     0.0434     3.3651     1.2808     2.4115 -129.97082   52.01754      73.63          5  0.000e+00
      34790   1449.542     60.122     60.662     7.5821     7.5802  33.391123  33.390149     7.5765     7.5745    32.3424    32.3432    25.2473    25.2482     7.6236     7.4844    232.375    228.132     2.1148     1.9683     0.0440     0.0739     3.3675     1.2808     2.4115 -129.97082   52.01754      73.63          5  0.000e+00
      34791   1449.583     60.195     60.736     7.5824     7.5799  33.391247  33.389717     7.5768     7.5743    32.3423    32.3430    25.2471    25.2480     7.6237     7.4908    232.376    228.326     2.1148     1.9695     0.0440     0.0739     3.3663     1.2808     2.4115 -129.97082   52.01754      73.63          5  0.000e+00
      34792   1449.625     60.122     60.662     7.5827     7.5802  33.391000  33.389963     7.5771     7.5746    32.3418    32.3429    25.2467    25.2480     7.6236     7.4907    232.373    228.322     2.1148     1.9695     0.0427     0.0434     3.3675     1.2796     2.4115 -129.97082   52.01754      73.63          5  0.000e+00
      34793   1449.667     60.195     60.736     7.5829     7.5802  33.391123  33.389840     7.5773     7.5746    32.3417    32.3428    25.2466    25.2478     7.6236     7.4908    232.374    228.325     2.1148     1.9695     0.0440     0.0739     3.3651     1.2796     2.4115 -129.97082   52.01754      73.63          5  0.000e+00
      34794   1449.708     60.123     60.662     7.5830     7.5804  33.391246  33.389902     7.5774     7.5748    32.3417    32.3427    25.2466    25.2477     7.6235     7.4907    232.372    228.322     2.1148     1.9695     0.0440     0.0739     3.3651     1.2808     2.4115 -129.97082   52.01754      73.63          5  0.000e+00
      34795   1449.750     60.149     60.689     7.5831     7.5804  33.391247  33.389778     7.5775     7.5748    32.3416    32.3426    25.2465    25.2476     7.6235     7.4907    232.372    228.323     2.1148     1.9695     0.0427     0.0434     3.3651     1.2796     2.4115 -129.97082   52.01754      73.63          5  0.000e+00
      34796   1449.792     60.169     60.709     7.5830     7.5804  33.391432  33.389964     7.5774     7.5748    32.3419    32.3427    25.2468    25.2478     7.6236     7.4907    232.373    228.323     2.1148     1.9695     0.0427     0.0434     3.3663     1.2808     2.4115 -129.97080   52.01754      73.65          5  0.000e+00
      34797   1449.833     60.149     60.689     7.5831     7.5804  33.391308  33.390210     7.5775     7.5748    32.3417    32.3430    25.2466    25.2480     7.6292     7.4907    232.546    228.322     2.1160     1.9695     0.0440     0.0739     3.3651     1.2796     2.4115 -129.97080   52.01754      73.65          5  0.000e+00
      34798   1449.875     60.169     60.709     7.5827     7.5802  33.391000  33.389902     7.5770     7.5746    32.3418    32.3429    25.2467    25.2479     7.6236     7.4907    232.375    228.324     2.1148     1.9695     0.0440     0.0739     3.3651     1.2796     2.4115 -129.97080   52.01754      73.65          5  0.000e+00
      34799   1449.917     60.149     60.689     7.5830     7.5801  33.391617  33.390210     7.5774     7.5745    32.3421    32.3433    25.2469    25.2483     7.6235     7.4907    232.372    228.323     2.1148     1.9695     0.0427     0.0434     3.3663     1.2808     2.4115 -129.97080   52.01754      73.65          5  0.000e+00
      34800   1449.958     60.123     60.663     7.5829     7.5801  33.391370  33.389840     7.5773     7.5745    32.3420    32.3429    25.2468    25.2480     7.6235     7.4907    232.372    228.323     2.1148     1.9695     0.0427     0.0434     3.3663     1.2808     2.4115 -129.97080   52.01754      73.65          5  0.000e+00
      34801   1450.000     60.149     60.689     7.5830     7.5799  33.391000  33.389717     7.5774     7.5743    32.3415    32.3430    25.2464    25.2480     7.6236     7.4908    232.373    228.325     2.1148     1.9695     0.0427     0.0434     3.3663     1.2808     2.4103 -129.97080   52.01754      73.65          5  0.000e+00
      34802   1450.042     60.123     60.663     7.5829     7.5799  33.391123  33.389963     7.5773     7.5743    32.3417    32.3433    25.2466    25.2483     7.6235     7.4907    232.372    228.324     2.1148     1.9695     0.0427     0.0434     3.3651     1.2808     2.4103 -129.97080   52.01754      73.65          5  0.000e+00
      34803   1450.083     60.149     60.689     7.5830     7.5802  33.391000  33.390272     7.5774     7.5746    32.3415    32.3433    25.2464    25.2482     7.6236     7.4907    232.373    228.323     2.1148     1.9695     0.0440     0.0739     3.3651     1.2796     2.4115 -129.97080   52.01754      73.65          5  0.000e+00
      34804   1450.125     60.169     60.709     7.5828     7.5809  33.391370  33.390025     7.5771     7.5753    32.3421    32.3424    25.2469    25.2474     7.6236     7.4906    232.374    228.321     2.1148     1.9695     0.0427     0.0434     3.3663     1.2808     2.4115 -129.97080   52.01754      73.65          5  0.000e+00
      34805   1450.167     60.149     60.689     7.5826     7.5809  33.390876  33.390272     7.5769     7.5753    32.3418    32.3426    25.2467    25.2476     7.6236     7.4906    232.375    228.320     2.1148     1.9695     0.0427     0.0434     3.3663     1.2796     2.4115 -129.97080   52.01754      73.65          5  0.000e+00
      34806   1450.208     60.123     60.663     7.5829     7.5812  33.391061  33.390395     7.5772     7.5756    32.3417    32.3425    25.2466    25.2475     7.6235     7.4843    232.372    228.127     2.1148     1.9683     0.0427     0.0434     3.3663     1.2808     2.4115 -129.97080   52.01754      73.65          5  0.000e+00
      34807   1450.250     60.149     60.690     7.5829     7.5815  33.391247  33.390025     7.5773     7.5759    32.3418    32.3418    25.2467    25.2469     7.6293     7.4905    232.547    228.318     2.1160     1.9695     0.0440     0.0739     3.3651     1.2796     2.4115 -129.97080   52.01754      73.72          5  0.000e+00
      34808   1450.292     60.123     60.663     7.5826     7.5815  33.390814  33.390519     7.5769     7.5759    32.3417    32.3423    25.2467    25.2473     7.6236     7.4905    232.374    228.316     2.1148     1.9695     0.0427     0.0434     3.3651     1.2808     2.4115 -129.97080   52.01754      73.77          5  0.000e+00
      34809   1450.333     60.150     60.690     7.5826     7.5814  33.391061  33.391074     7.5770     7.5758    32.3419    32.3430    25.2468    25.2479     7.6293     7.4905    232.549    228.316     2.1160     1.9695     0.0440     0.0739     3.3651     1.2796     2.4115 -129.97080   52.01754      73.77          5  0.000e+00
      34810   1450.375     60.097     60.636     7.5826     7.5814  33.391246  33.390272     7.5769     7.5758    32.3422    32.3422    25.2470    25.2472     7.6236     7.4905    232.373    228.316     2.1148     1.9695     0.0427     0.0434     3.3663     1.2808     2.4115 -129.97080   52.01754      73.77          5  0.000e+00
      34811   1450.417     60.169     60.710     7.5828     7.5814  33.391247  33.390519     7.5771     7.5758    32.3419    32.3424    25.2468    25.2474     7.6293     7.4905    232.548    228.318     2.1160     1.9695     0.0440     0.0739     3.3651     1.2796     2.4103 -129.97080   52.01754      73.75          5  0.000e+00
      34812   1450.458     60.150     60.690     7.5826     7.5814  33.390814  33.390457     7.5769     7.5758    32.3417    32.3424    25.2467    25.2474     7.6236     7.4843    232.375    228.127     2.1148     1.9683     0.0427     0.0434     3.3663     1.2796     2.4115 -129.97080   52.01754      73.77          5  0.000e+00
      34813   1450.500     60.123     60.663     7.5826     7.5811  33.391555  33.390025     7.5769     7.5754    32.3425    32.3422    25.2473    25.2473     7.6293     7.4906    232.547    228.319     2.1160     1.9695     0.0427     0.0434     3.3651     1.2796     2.4115 -129.97080   52.01754      73.70          5  0.000e+00
      34814   1450.542     60.150     60.690     7.5828     7.5812  33.391370  33.390025     7.5771     7.5756    32.3421    32.3421    25.2469    25.2472     7.6293     7.4843    232.547    228.129     2.1160     1.9683     0.0427     0.0434     3.3663     1.2796     2.4115 -129.97080   52.01754      73.65          5  0.000e+00
      34815   1450.583     60.123     60.663     7.5827     7.5812  33.391247  33.390272     7.5771     7.5756    32.3420    32.3424    25.2469    25.2474     7.6293     7.4843    232.547    228.128     2.1160     1.9683     0.0440     0.0739     3.3663     1.2796     2.4115 -129.97080   52.01754      73.65          5  0.000e+00
      34816   1450.625     60.150     60.690     7.5833     7.5809  33.391432  33.390272     7.5776     7.5753    32.3417    32.3426    25.2466    25.2476     7.6292     7.4906    232.545    228.320     2.1160     1.9695     0.0427     0.0434     3.3651     1.2808     2.4115 -129.97080   52.01754      73.65          5  0.000e+00
      34817   1450.667     60.123     60.663     7.5837     7.5811  33.391555  33.390087     7.5780     7.5754    32.3414    32.3423    25.2463    25.2474     7.6234     7.4843    232.368    228.129     2.1148     1.9683     0.0440     0.0739     3.3663     1.2808     2.4115 -129.97080   52.01754      73.65          5  0.000e+00
      34818   1450.708     60.150     60.690     7.5839     7.5804  33.391555  33.390087     7.5783     7.5748    32.3412    32.3429    25.2461    25.2479     7.6234     7.4844    232.368    228.132     2.1148     1.9683     0.0427     0.0434     3.3663     1.2796     2.4103 -129.97080   52.01754      73.65          5  0.000e+00
      34819   1450.750     60.123     60.663     7.5840     7.5800  33.391740  33.389963     7.5784     7.5743    32.3413    32.3432    25.2462    25.2482     7.6291     7.4845    232.541    228.133     2.1160     1.9683     0.0440     0.0739     3.3663     1.2808     2.4115 -129.97080   52.01754      73.70          5  0.000e+00
      34820   1450.792     60.150     60.690     7.5837     7.5799  33.391617  33.390272     7.5780     7.5743    32.3415    32.3436    25.2464    25.2485     7.6291     7.4845    232.543    228.134     2.1160     1.9683     0.0427     0.0434     3.3663     1.2808     2.4115 -129.97080   52.01754      73.72          5  0.000e+00
      34821   1450.833     60.123     60.663     7.5837     7.5794  33.391555  33.390149     7.5781     7.5738    32.3414    32.3439    25.2463    25.2488     7.6234     7.4845    232.368    228.135     2.1148     1.9683     0.0440     0.0739     3.3651     1.2796     2.4103 -129.97080   52.01754      73.72          5  0.000e+00
      34822   1450.875     60.150     60.690     7.5837     7.5798  33.391308  33.389964     7.5780     7.5741    32.3412    32.3434    25.2461    25.2484     7.6292     7.4845    232.544    228.135     2.1160     1.9683     0.0427     0.0434     3.3663     1.2796     2.4103 -129.97080   52.01754      73.72          5  0.000e+00
      34823   1450.917     60.170     60.710     7.5834     7.5799  33.391247  33.389778     7.5778     7.5743    32.3414    32.3430    25.2463    25.2481     7.6235     7.4845    232.372    228.135     2.1148     1.9683     0.0427     0.0434     3.3675     1.2796     2.4115 -129.97080   52.01754      73.72          5  0.000e+00
      34824   1450.958     60.150     60.690     7.5832     7.5804  33.391247  33.389778     7.5776     7.5748    32.3415    32.3426    25.2465    25.2476     7.6235     7.4844    232.372    228.132     2.1148     1.9683     0.0427     0.0434     3.3663     1.2808     2.4115 -129.97080   52.01754      73.72          5  0.000e+00
      34825   1451.000     60.124     60.663     7.5831     7.5801  33.391000  33.390149     7.5775     7.5745    32.3414    32.3433    25.2463    25.2482     7.6235     7.4845    232.372    228.132     2.1148     1.9683     0.0427     0.0434     3.3663     1.2796     2.4115 -129.97080   52.01754      73.68          5  0.000e+00
      34826   1451.042     60.150     60.690     7.5827     7.5798  33.391370  33.389655     7.5770     7.5741    32.3422    32.3430    25.2470    25.2481     7.6236     7.4846    232.374    228.135     2.1148     1.9683     0.0427     0.0434     3.3663     1.2796     2.4115 -129.97080   52.01754      73.68          5  0.000e+00
      34827   1451.083     60.170     60.710     7.5829     7.5793  33.391308  33.389902     7.5772     7.5737    32.3419    32.3437    25.2468    25.2487     7.6293     7.4846    232.548    228.137     2.1160     1.9683     0.0427     0.0434     3.3663     1.2796     2.4115 -129.97080   52.01754      73.68          5  0.000e+00
      34828   1451.125     60.150     60.690     7.5828     7.5791  33.391247  33.389964     7.5771     7.5735    32.3419    32.3440    25.2468    25.2489     7.6293     7.4846    232.548    228.138     2.1160     1.9683     0.0440     0.0739     3.3651     1.2808     2.4115 -129.97080   52.01754      73.68          5  0.000e+00
