WCOA/WCOA-6/CTD_Data/RB2102_CTD_076_01.ros
* Sea-Bird SBE 9 Data File:
* FileName = C:\Users\scs.user.rb\CTD\RB2102\Data\RB2102_CTD_076_01.hex
* Software Version Seasave V 7.26.7.107
* Temperature SN = 6202
* Conductivity SN = 4907
* Number of Bytes Per Scan = 41
* Number of Voltage Words = 4
* Number of Scans Averaged by the Deck Unit = 1
* NMEA Latitude = 38 46.70 N
* NMEA Longitude = 124 05.55 W
* NMEA UTC (Time) = Jul 09 2021  22:50:59
* NMEA baud rate = 4800
# nquan = 30
# nvalues = 1153                                  
# units = specified
# name 0 = scan: Scan Count
# name 1 = timeS: Time, Elapsed [seconds]
# name 2 = depSM: Depth [salt water, m]
# name 3 = prDM: Pressure, Digiquartz [db]
# name 4 = t090C: Temperature [ITS-90, deg C]
# name 5 = t190C: Temperature, 2 [ITS-90, deg C]
# name 6 = c0mS/cm: Conductivity [mS/cm]
# name 7 = c1mS/cm: Conductivity, 2 [mS/cm]
# name 8 = potemp090C: Potential Temperature [ITS-90, deg C]
# name 9 = potemp190C: Potential Temperature, 2 [ITS-90, deg C]
# name 10 = sal00: Salinity, Practical [PSU]
# name 11 = sal11: Salinity, Practical, 2 [PSU]
# name 12 = sigma-é00: Density [sigma-theta, kg/m^3]
# name 13 = sigma-é11: Density, 2 [sigma-theta, kg/m^3]
# name 14 = sbeox0Mg/L: Oxygen, SBE 43 [mg/l]
# name 15 = sbeox1Mg/L: Oxygen, SBE 43, 2 [mg/l]
# name 16 = sbox0Mm/Kg: Oxygen, SBE 43 [umol/kg]
# name 17 = sbox1Mm/Kg: Oxygen, SBE 43, 2 [umol/kg]
# name 18 = sbeox0V: Oxygen raw, SBE 43 [V]
# name 19 = sbeox1V: Oxygen raw, SBE 43, 2 [V]
# name 20 = v4: Voltage 4
# name 21 = flECO-AFL: Fluorescence, WET Labs ECO-AFL/FL [mg/m^3]
# name 22 = v3: Voltage 3
# name 23 = v6: Voltage 6
# name 24 = v7: Voltage 7
# name 25 = longitude: Longitude [deg]
# name 26 = latitude: Latitude [deg]
# name 27 = altM: Altimeter [m]
# name 28 = nbf: Bottles Fired
# name 29 = flag:  0.000e+00
# interval = seconds: 0.0416667
# start_time = Jul 09 2021 22:50:59 [NMEA time, header]
# bad_flag = -9.990e-29
*END*
[from data line 339]
     127317   5304.833    396.459    399.863     6.9784     6.9787  34.688784  34.689692     6.9410     6.9413    34.1693    34.1700    26.7724    26.7730     1.0799     1.1273     32.866     34.310     0.7070     0.7143     0.0403    -0.0177     3.2344     0.0403     0.0000 -124.09012   38.77932     100.00          8  0.000e+00
     127318   5304.875    396.459    399.863     6.9784     6.9787  34.688658  34.689692     6.9410     6.9413    34.1691    34.1700    26.7723    26.7730     1.0799     1.1273     32.866     34.310     0.7070     0.7143     0.0403    -0.0177     3.2344     0.0403     0.0000 -124.09012   38.77932     100.00          8  0.000e+00
     127319   5304.917    396.433    399.836     6.9785     6.9787  34.688909  34.689441     6.9410     6.9413    34.1694    34.1697    26.7725    26.7728     1.0799     1.1208     32.866     34.111     0.7070     0.7131     0.0403    -0.0177     3.2344     0.0403     0.0000 -124.09012   38.77932     100.00          8  0.000e+00
     127320   5304.958    396.459    399.863     6.9783     6.9787  34.688658  34.689567     6.9409     6.9413    34.1693    34.1699    26.7725    26.7729     1.0799     1.1273     32.867     34.310     0.7070     0.7143     0.0403    -0.0177     3.2332     0.0403     0.0000 -124.09012   38.77932     100.00          8  0.000e+00
     127321   5305.000    396.459    399.863     6.9783     6.9787  34.688909  34.689191     6.9409     6.9413    34.1695    34.1694    26.7727    26.7725     1.0799     1.1273     32.866     34.310     0.7070     0.7143     0.0403    -0.0177     3.2332     0.0403     0.0000 -124.09012   38.77932     100.00          8  0.000e+00
     127322   5305.042    396.433    399.836     6.9785     6.9787  34.688783  34.689504     6.9410     6.9413    34.1692    34.1698    26.7724    26.7728     1.0799     1.1273     32.866     34.310     0.7070     0.7143     0.0403    -0.0177     3.2344     0.0403     0.0000 -124.09012   38.77932     100.00          8  0.000e+00
     127323   5305.083    396.459    399.863     6.9783     6.9785  34.688345  34.689692     6.9409     6.9411    34.1689    34.1701    26.7722    26.7731     1.0799     1.1273     32.867     34.310     0.7070     0.7143     0.0403    -0.0177     3.2344     0.0403     0.0000 -124.09012   38.77932     100.00          8  0.000e+00
     127324   5305.125    396.459    399.863     6.9781     6.9785  34.688596  34.689692     6.9407     6.9411    34.1693    34.1701    26.7725    26.7731     1.0799     1.1273     32.867     34.310     0.7070     0.7143     0.0403    -0.0177     3.2344     0.0403     0.0000 -124.09012   38.77932     100.00          8  0.000e+00
     127325   5305.167    396.433    399.836     6.9780     6.9788  34.688783  34.689441     6.9406     6.9414    34.1697    34.1696    26.7728    26.7726     1.0799     1.1273     32.867     34.310     0.7070     0.7143     0.0403    -0.0177     3.2332     0.0403     0.0000 -124.09012   38.77932     100.00          8  0.000e+00
     127326   5305.208    396.460    399.863     6.9781     6.9787  34.688721  34.689817     6.9407     6.9413    34.1695    34.1701    26.7726    26.7731     1.0799     1.1273     32.867     34.310     0.7070     0.7143     0.0403    -0.0177     3.2332     0.0391     0.0000 -124.09012   38.77932     100.00          8  0.000e+00
     127327   5305.250    396.413    399.816     6.9783     6.9789  34.688783  34.689755     6.9409     6.9415    34.1694    34.1699    26.7725    26.7729     1.0799     1.1273     32.866     34.310     0.7070     0.7143     0.0403    -0.0177     3.2332     0.0391     0.0000 -124.09012   38.77932     100.00          8  0.000e+00
     127328   5305.292    396.433    399.836     6.9784     6.9787  34.688721  34.689692     6.9410     6.9413    34.1692    34.1700    26.7724    26.7730     1.0799     1.1273     32.866     34.310     0.7070     0.7143     0.0403    -0.0177     3.2344     0.0391     0.0000 -124.09012   38.77932     100.00          8  0.000e+00
     127329   5305.333    396.460    399.863     6.9784     6.9787  34.688784  34.689692     6.9410     6.9413    34.1693    34.1700    26.7724    26.7730     1.0799     1.1273     32.866     34.310     0.7070     0.7143     0.0415     0.0129     3.2332     0.0391     0.0000 -124.09012   38.77932     100.00          8  0.000e+00
     127330   5305.375    396.433    399.836     6.9786     6.9787  34.688721  34.689692     6.9412     6.9413    34.1690    34.1700    26.7722    26.7730     1.0799     1.1273     32.866     34.310     0.7070     0.7143     0.0403    -0.0177     3.2344     0.0391     0.0000 -124.09012   38.77932     100.00          8  0.000e+00
     127331   5305.417    396.360    399.762     6.9788     6.9787  34.689034  34.689692     6.9413     6.9413    34.1692    34.1700    26.7724    26.7730     1.0858     1.1273     33.048     34.309     0.7082     0.7143     0.0403    -0.0177     3.2332     0.0391     0.0000 -124.09012   38.77932     100.00          8  0.000e+00
     127332   5305.458    396.460    399.863     6.9788     6.9787  34.688783  34.689692     6.9413     6.9413    34.1689    34.1700    26.7721    26.7730     1.0859     1.1273     33.049     34.310     0.7082     0.7143     0.0403    -0.0177     3.2332     0.0403     0.0000 -124.09012   38.77932     100.00          8  0.000e+00
     127333   5305.500    396.380    399.782     6.9791     6.9787  34.688783  34.689692     6.9417     6.9413    34.1686    34.1700    26.7718    26.7730     1.0798     1.1207     32.866     34.110     0.7070     0.7131     0.0403    -0.0177     3.2332     0.0391     0.0000 -124.09012   38.77932     100.00          8  0.000e+00
     127334   5305.542    396.413    399.816     6.9789     6.9787  34.689222  34.689692     6.9415     6.9413    34.1693    34.1700    26.7724    26.7730     1.0798     1.1273     32.866     34.310     0.7070     0.7143     0.0403    -0.0177     3.2332     0.0391     0.0000 -124.09012   38.77932     100.00          8  0.000e+00
     127335   5305.583    396.360    399.762     6.9792     6.9787  34.689159  34.689441     6.9418     6.9413    34.1689    34.1698    26.7720    26.7728     1.0798     1.1273     32.865     34.309     0.7070     0.7143     0.0403    -0.0177     3.2332     0.0391     0.0000 -124.09012   38.77932     100.00          8  0.000e+00
     127336   5305.625    396.433    399.836     6.9791     6.9790  34.689285  34.689379     6.9417     6.9416    34.1692    34.1693    26.7723    26.7724     1.0798     1.1273     32.866     34.310     0.7070     0.7143     0.0403    -0.0177     3.2344     0.0391     0.0000 -124.09012   38.77932     100.00          8  0.000e+00
     127337   5305.667    396.360    399.762     6.9791     6.9787  34.689159  34.689566     6.9417     6.9413    34.1691    34.1699    26.7722    26.7729     1.0798     1.1273     32.866     34.309     0.7070     0.7143     0.0403    -0.0177     3.2332     0.0391     0.0000 -124.09012   38.77932     100.00          8  0.000e+00
     127338   5305.708    396.360    399.762     6.9793     6.9787  34.689284  34.689692     6.9419     6.9413    34.1690    34.1700    26.7721    26.7730     1.0798     1.1207     32.865     34.110     0.7070     0.7131     0.0403    -0.0177     3.2344     0.0403     0.0000 -124.09012   38.77932     100.00          8  0.000e+00
     127339   5305.750    396.380    399.782     6.9792     6.9789  34.689410  34.689692     6.9418     6.9415    34.1692    34.1698    26.7723    26.7728     1.0798     1.1273     32.865     34.309     0.7070     0.7143     0.0403    -0.0177     3.2344     0.0403     0.0000 -124.09012   38.77932     100.00          8  0.000e+00
     127340   5305.792    396.360    399.762     6.9796     6.9790  34.689096  34.689880     6.9421     6.9416    34.1685    34.1699    26.7717    26.7729     1.0798     1.1273     32.865     34.309     0.7070     0.7143     0.0403    -0.0177     3.2332     0.0391     0.0000 -124.09012   38.77932     100.00          8  0.000e+00
     127341   5305.833    396.360    399.762     6.9794     6.9790  34.689347  34.689754     6.9420     6.9416    34.1689    34.1698    26.7720    26.7728     1.0798     1.1273     32.865     34.309     0.7070     0.7143     0.0415     0.0129     3.2332     0.0403     0.0000 -124.09012   38.77932     100.00          8  0.000e+00
     127342   5305.875    396.380    399.782     6.9794     6.9789  34.689096  34.689880     6.9420     6.9415    34.1686    34.1700    26.7718    26.7730     1.0798     1.1273     32.865     34.309     0.7070     0.7143     0.0403    -0.0177     3.2344     0.0403     0.0000 -124.09012   38.77932     100.00          8  0.000e+00
     127343   5305.917    396.313    399.715     6.9794     6.9790  34.689347  34.690005     6.9420     6.9416    34.1689    34.1701    26.7721    26.7730     1.0798     1.1273     32.865     34.309     0.7070     0.7143     0.0403    -0.0177     3.2344     0.0403     0.0000 -124.09012   38.77932     100.00          8  0.000e+00
     127344   5305.958    396.360    399.762     6.9796     6.9792  34.689347  34.690005     6.9421     6.9417    34.1688    34.1699    26.7719    26.7728     1.0798     1.1273     32.865     34.309     0.7070     0.7143     0.0403    -0.0177     3.2332     0.0403     0.0000 -124.09012   38.77932     100.00          8  0.000e+00
     127345   5306.000    396.333    399.735     6.9799     6.9794  34.689535  34.689754     6.9425     6.9419    34.1687    34.1695    26.7718    26.7725     1.0798     1.1273     32.865     34.309     0.7070     0.7143     0.0403    -0.0177     3.2332     0.0391     0.0000 -124.09012   38.77932     100.00          8  0.000e+00
     127346   5306.042    396.360    399.762     6.9800     6.9794  34.689723  34.689692     6.9426     6.9419    34.1687    34.1694    26.7718    26.7724     1.0798     1.1273     32.865     34.309     0.7070     0.7143     0.0403    -0.0177     3.2344     0.0403     0.0000 -124.09012   38.77932     100.00          8  0.000e+00
     127347   5306.083    396.313    399.715     6.9800     6.9794  34.689911  34.689879     6.9426     6.9419    34.1690    34.1696    26.7720    26.7726     1.0798     1.1273     32.865     34.309     0.7070     0.7143     0.0403    -0.0177     3.2332     0.0403     0.0000 -124.09012   38.77932     100.00          8  0.000e+00
     127348   5306.125    396.280    399.682     6.9799     6.9796  34.689597  34.689754     6.9425     6.9422    34.1688    34.1692    26.7718    26.7722     1.0798     1.1272     32.865     34.308     0.7070     0.7143     0.0403    -0.0177     3.2332     0.0391     0.0000 -124.09012   38.77932     100.00          8  0.000e+00
     127349   5306.167    396.313    399.715     6.9799     6.9795  34.690036  34.689879     6.9425     6.9421    34.1692    34.1695    26.7722    26.7724     1.0798     1.1273     32.865     34.309     0.7070     0.7143     0.0403    -0.0177     3.2332     0.0391     0.0000 -124.09012   38.77932     100.00          8  0.000e+00
     127350   5306.208    396.314    399.715     6.9799     6.9795  34.689911  34.689754     6.9425     6.9421    34.1691    34.1693    26.7721    26.7723     1.0798     1.1273     32.865     34.309     0.7070     0.7143     0.0403    -0.0177     3.2332     0.0379     0.0000 -124.09012   38.77932     100.00          8  0.000e+00
     127351   5306.250    396.280    399.682     6.9800     6.9798  34.689409  34.690130     6.9426     6.9424    34.1684    34.1694    26.7715    26.7724     1.0858     1.1272     33.047     34.308     0.7082     0.7143     0.0403    -0.0177     3.2332     0.0379     0.0000 -124.09012   38.77932     100.00          8  0.000e+00
     127352   5306.292    396.314    399.715     6.9802     6.9799  34.689660  34.690506     6.9428     6.9425    34.1685    34.1697    26.7716    26.7726     1.0798     1.1272     32.865     34.308     0.7070     0.7143     0.0403    -0.0177     3.2344     0.0379     0.0000 -124.09012   38.77932     100.00          8  0.000e+00
     127353   5306.333    396.280    399.682     6.9800     6.9800  34.689911  34.690631     6.9426     6.9426    34.1690    34.1698    26.7720    26.7727     1.0798     1.1272     32.864     34.308     0.7070     0.7143     0.0403    -0.0177     3.2332     0.0379     0.0000 -124.09012   38.77932     100.00          8  0.000e+00
     127354   5306.375    396.260    399.662     6.9799     6.9800  34.689785  34.690380     6.9425     6.9426    34.1690    34.1695    26.7720    26.7724     1.0798     1.1272     32.864     34.308     0.7070     0.7143     0.0403    -0.0177     3.2332     0.0379     0.0000 -124.09012   38.77932     100.00          8  0.000e+00
     127355   5306.417    396.314    399.716     6.9800     6.9801  34.689911  34.690506     6.9426     6.9427    34.1690    34.1695    26.7720    26.7724     1.0798     1.1272     32.865     34.308     0.7070     0.7143     0.0403    -0.0177     3.2344     0.0379     0.0000 -124.09012   38.77932     100.00          8  0.000e+00
     127356   5306.458    396.234    399.635     6.9800     6.9801  34.689785  34.690380     6.9426     6.9427    34.1689    34.1694    26.7719    26.7723     1.0798     1.1272     32.864     34.308     0.7070     0.7143     0.0403    -0.0177     3.2344     0.0379     0.0000 -124.09012   38.77932     100.00          8  0.000e+00
     127357   5306.500    396.260    399.662     6.9800     6.9803  34.689911  34.690505     6.9426     6.9429    34.1690    34.1693    26.7720    26.7722     1.0798     1.1272     32.864     34.308     0.7070     0.7143     0.0403    -0.0177     3.2332     0.0379     0.0000 -124.09012   38.77932     100.00          8  0.000e+00
     127358   5306.542    396.260    399.662     6.9800     6.9806  34.689597  34.690631     6.9426     6.9432    34.1686    34.1692    26.7717    26.7721     1.0798     1.1272     32.864     34.307     0.7070     0.7143     0.0403    -0.0177     3.2344     0.0379     0.0000 -124.09012   38.77932     100.00          8  0.000e+00
     127359   5306.583    396.234    399.635     6.9799     6.9806  34.689597  34.690380     6.9425     6.9432    34.1688    34.1689    26.7719    26.7719     1.0798     1.1272     32.864     34.307     0.7070     0.7143     0.0403    -0.0177     3.2332     0.0379     0.0000 -124.09012   38.77932     100.00          8  0.000e+00
     127360   5306.625    396.260    399.662     6.9799     6.9806  34.689723  34.690317     6.9425     6.9432    34.1689    34.1689    26.7720    26.7718     1.0798     1.1272     32.864     34.308     0.7070     0.7143     0.0403    -0.0177     3.2344     0.0379     0.0000 -124.09012   38.77932     100.00          8  0.000e+00
     127361   5306.667    396.214    399.615     6.9799     6.9805  34.689409  34.690505     6.9425     6.9431    34.1686    34.1692    26.7717    26.7721     1.0798     1.1272     32.864     34.307     0.7070     0.7143     0.0403    -0.0177     3.2344     0.0379     0.0000 -124.09012   38.77932     100.00          8  0.000e+00
     127362   5306.708    396.234    399.635     6.9799     6.9805  34.689660  34.690380     6.9425     6.9431    34.1689    34.1691    26.7719    26.7720     1.0798     1.1272     32.864     34.308     0.7070     0.7143     0.0403    -0.0177     3.2332     0.0379     0.0000 -124.09012   38.77932     100.00          8  0.000e+00
     132341   5514.167    298.258    300.746     7.4855     7.4865  35.062251  35.064150     7.4565     7.4574    34.1239    34.1250    26.6647    26.6655     1.5967     1.6602     48.601     50.533     0.8205     0.8217     0.0403    -0.0177     3.2308     0.0317     0.0000 -124.09022   38.77930      99.95          9  0.000e+00
