WCOA/WCOA-6/CTD_Data/RB2102_CTD_035_01.ros
* Sea-Bird SBE 9 Data File:
* FileName = C:\Users\scs.user.rb\CTD\RB2102\Data\RB2102_CTD_035_01.hex
* Software Version Seasave V 7.26.7.107
* Temperature SN = 6202
* Conductivity SN = 4907
* Number of Bytes Per Scan = 41
* Number of Voltage Words = 4
* Number of Scans Averaged by the Deck Unit = 1
* NMEA Latitude = 46 07.78 N
* NMEA Longitude = 125 11.22 W
* NMEA UTC (Time) = Jul 01 2021  13:29:55
* NMEA baud rate = 4800
# nquan = 30
# nvalues = 1176                                  
# units = specified
# name 0 = scan: Scan Count
# name 1 = timeS: Time, Elapsed [seconds]
# name 2 = depSM: Depth [salt water, m]
# name 3 = prDM: Pressure, Digiquartz [db]
# name 4 = t090C: Temperature [ITS-90, deg C]
# name 5 = t190C: Temperature, 2 [ITS-90, deg C]
# name 6 = c0mS/cm: Conductivity [mS/cm]
# name 7 = c1mS/cm: Conductivity, 2 [mS/cm]
# name 8 = potemp090C: Potential Temperature [ITS-90, deg C]
# name 9 = potemp190C: Potential Temperature, 2 [ITS-90, deg C]
# name 10 = sal00: Salinity, Practical [PSU]
# name 11 = sal11: Salinity, Practical, 2 [PSU]
# name 12 = sigma-é00: Density [sigma-theta, kg/m^3]
# name 13 = sigma-é11: Density, 2 [sigma-theta, kg/m^3]
# name 14 = sbeox0Mg/L: Oxygen, SBE 43 [mg/l]
# name 15 = sbeox1Mg/L: Oxygen, SBE 43, 2 [mg/l]
# name 16 = sbox0Mm/Kg: Oxygen, SBE 43 [umol/kg]
# name 17 = sbox1Mm/Kg: Oxygen, SBE 43, 2 [umol/kg]
# name 18 = sbeox0V: Oxygen raw, SBE 43 [V]
# name 19 = sbeox1V: Oxygen raw, SBE 43, 2 [V]
# name 20 = v4: Voltage 4
# name 21 = flECO-AFL: Fluorescence, WET Labs ECO-AFL/FL [mg/m^3]
# name 22 = v3: Voltage 3
# name 23 = v6: Voltage 6
# name 24 = v7: Voltage 7
# name 25 = longitude: Longitude [deg]
# name 26 = latitude: Latitude [deg]
# name 27 = altM: Altimeter [m]
# name 28 = nbf: Bottles Fired
# name 29 = flag:  0.000e+00
# interval = seconds: 0.0416667
# start_time = Jul 01 2021 13:29:55 [NMEA time, header]
# bad_flag = -9.990e-29
*END*
[from data line 339]
     109672   4569.625    396.632    400.307     5.3064     5.3055  33.025090  33.024098     5.2742     5.2733    33.9804    33.9802    26.8351    26.8351     2.0285     2.0068     61.733     61.075     0.8828     0.8620     0.0403    -0.0177     3.1844     1.7570     0.0000 -125.18984   46.12676      99.93          7  0.000e+00
     109673   4569.667    396.559    400.233     5.3061     5.3054  33.024966  33.024344     5.2739     5.2732    33.9806    33.9806    26.8353    26.8354     2.0284     2.0068     61.733     61.074     0.8828     0.8620     0.0403    -0.0177     3.1844     1.7582     0.0000 -125.18984   46.12676      99.90          7  0.000e+00
     109674   4569.708    396.612    400.286     5.3063     5.3053  33.024905  33.024405     5.2741     5.2731    33.9803    33.9807    26.8351    26.8355     2.0347     2.0068     61.924     61.075     0.8840     0.8620     0.0403    -0.0177     3.1819     1.7570     0.0000 -125.18984   46.12676      99.93          7  0.000e+00
     109675   4569.750    396.579    400.253     5.3065     5.3054  33.024905  33.024405     5.2743     5.2732    33.9801    33.9806    26.8350    26.8355     2.0347     2.0068     61.923     61.074     0.8840     0.8620     0.0403    -0.0177     3.1832     1.7570     0.0000 -125.18984   46.12676      99.90          7  0.000e+00
     118193   4924.667    297.664    300.349     6.1058     6.1076  33.661013  33.662550     6.0800     6.0818    33.9465    33.9464    26.7101    26.7098     3.0216     2.9783     91.970     90.651     1.0965     1.0537     0.0403    -0.0177     3.1844     1.6557     0.0000 -125.19002   46.12660      99.80          8  0.000e+00
     118194   4924.708    297.618    300.302     6.1059     6.1072  33.661012  33.662303     6.0801     6.0814    33.9464    33.9466    26.7100    26.7100     3.0216     2.9783     91.969     90.651     1.0965     1.0537     0.0403    -0.0177     3.1856     1.6557     0.0000 -125.19002   46.12660      99.78          8  0.000e+00
     118195   4924.750    297.618    300.303     6.1058     6.1070  33.661012  33.662055     6.0800     6.0812    33.9466    33.9465    26.7101    26.7099     3.0216     2.9717     91.969     90.451     1.0965     1.0525     0.0403    -0.0177     3.1844     1.6557     0.0000 -125.19002   46.12660      99.80          8  0.000e+00
     118196   4924.792    297.618    300.303     6.1058     6.1067  33.661012  33.661870     6.0800     6.0809    33.9466    33.9466    26.7101    26.7100     3.0216     2.9783     91.969     90.653     1.0965     1.0537     0.0403    -0.0177     3.1856     1.6557     0.0000 -125.19002   46.12660      99.80          8  0.000e+00
     118197   4924.833    297.618    300.303     6.1058     6.1068  33.661012  33.661622     6.0800     6.0810    33.9466    33.9462    26.7101    26.7097     3.0216     2.9783     91.969     90.652     1.0965     1.0537     0.0403    -0.0177     3.1844     1.6557     0.0000 -125.19002   46.12660      99.80          8  0.000e+00
     118198   4924.875    297.664    300.350     6.1058     6.1063  33.661198  33.661932     6.0800     6.0805    33.9467    33.9470    26.7103    26.7104     3.0216     2.9717     91.970     90.452     1.0965     1.0525     0.0415     0.0129     3.1844     1.6545     0.0000 -125.19002   46.12660      99.80          8  0.000e+00
     118199   4924.917    297.664    300.350     6.1059     6.1063  33.660641  33.661870     6.0801     6.0805    33.9460    33.9469    26.7097    26.7103     3.0216     2.9717     91.970     90.452     1.0965     1.0525     0.0415     0.0129     3.1844     1.6557     0.0000 -125.19002   46.12660      99.80          8  0.000e+00
     118200   4924.958    297.664    300.350     6.1058     6.1065  33.661075  33.662303     6.0800     6.0807    33.9466    33.9472    26.7102    26.7106     3.0156     2.9717     91.786     90.452     1.0952     1.0525     0.0403    -0.0177     3.1856     1.6557     0.0000 -125.19002   46.12660      99.80          8  0.000e+00
     118201   4925.000    297.664    300.350     6.1058     6.1065  33.660827  33.662117     6.0800     6.0807    33.9463    33.9470    26.7100    26.7104     3.0216     2.9717     91.970     90.452     1.0965     1.0525     0.0403    -0.0177     3.1844     1.6545     0.0000 -125.19002   46.12660      99.80          8  0.000e+00
     118202   4925.042    297.664    300.350     6.1059     6.1065  33.661384  33.661684     6.0801     6.0807    33.9468    33.9466    26.7103    26.7100     3.0216     2.9717     91.969     90.452     1.0965     1.0525     0.0403    -0.0177     3.1844     1.6557     0.0000 -125.19002   46.12660      99.80          8  0.000e+00
     118203   4925.083    297.664    300.350     6.1059     6.1065  33.661137  33.662117     6.0801     6.0807    33.9465    33.9470    26.7101    26.7104     3.0216     2.9717     91.970     90.452     1.0965     1.0525     0.0403    -0.0177     3.1856     1.6557     0.0000 -125.19002   46.12660      99.80          8  0.000e+00
     118204   4925.125    297.711    300.397     6.1058     6.1065  33.661013  33.661994     6.0800     6.0807    33.9465    33.9468    26.7101    26.7103     3.0216     2.9784     91.971     90.654     1.0965     1.0537     0.0403    -0.0177     3.1856     1.6557     0.0000 -125.19002   46.12660      99.80          8  0.000e+00
     118205   4925.167    297.664    300.350     6.1059     6.1067  33.661013  33.661622     6.0801     6.0809    33.9464    33.9463    26.7100    26.7098     3.0155     2.9717     91.786     90.452     1.0952     1.0525     0.0403    -0.0177     3.1844     1.6545     0.0000 -125.19002   46.12660      99.80          8  0.000e+00
     118206   4925.208    297.664    300.350     6.1060     6.1067  33.661198  33.661932     6.0803     6.0809    33.9465    33.9466    26.7100    26.7101     3.0155     2.9783     91.785     90.653     1.0952     1.0537     0.0403    -0.0177     3.1844     1.6545     0.0000 -125.19002   46.12660      99.80          8  0.000e+00
     118207   4925.250    297.718    300.403     6.1059     6.1065  33.661075  33.661870     6.0801     6.0807    33.9464    33.9467    26.7100    26.7102     3.0216     2.9718     91.970     90.453     1.0965     1.0525     0.0403    -0.0177     3.1844     1.6557     0.0000 -125.19002   46.12660      99.80          8  0.000e+00
     118208   4925.292    297.664    300.350     6.1062     6.1067  33.661198  33.661746     6.0804     6.0809    33.9463    33.9464    26.7099    26.7099     3.0216     2.9717     91.969     90.452     1.0965     1.0525     0.0415     0.0129     3.1844     1.6545     0.0000 -125.19002   46.12660      99.80          8  0.000e+00
     118209   4925.333    297.711    300.397     6.1062     6.1067  33.661075  33.662056     6.0804     6.0809    33.9461    33.9468    26.7097    26.7102     3.0216     2.9784     91.970     90.654     1.0965     1.0537     0.0403    -0.0177     3.1844     1.6557     0.0000 -125.19002   46.12660      99.80          8  0.000e+00
     118210   4925.375    297.764    300.450     6.1064     6.1065  33.661199  33.661684     6.0806     6.0807    33.9461    33.9465    26.7097    26.7100     3.0216     2.9718     91.970     90.453     1.0965     1.0525     0.0403    -0.0177     3.1844     1.6545     0.0000 -125.19002   46.12660      99.80          8  0.000e+00
     118211   4925.417    297.664    300.350     6.1064     6.1063  33.661756  33.661684     6.0806     6.0805    33.9467    33.9467    26.7102    26.7102     3.0216     2.9718     91.968     90.453     1.0965     1.0525     0.0403    -0.0177     3.1844     1.6557     0.0000 -125.19002   46.12660      99.80          8  0.000e+00
     118212   4925.458    297.664    300.350     6.1065     6.1068  33.661446  33.662055     6.0807     6.0810    33.9463    33.9466    26.7098    26.7101     3.0216     2.9783     91.968     90.653     1.0965     1.0537     0.0403    -0.0177     3.1856     1.6557     0.0000 -125.19002   46.12660      99.78          8  0.000e+00
     118213   4925.500    297.711    300.397     6.1065     6.1065  33.661508  33.661808     6.0807     6.0807    33.9463    33.9466    26.7098    26.7101     3.0216     2.9718     91.969     90.453     1.0965     1.0525     0.0403    -0.0177     3.1856     1.6557     0.0000 -125.19002   46.12660      99.80          8  0.000e+00
     118214   4925.542    297.718    300.404     6.1065     6.1065  33.661818  33.661808     6.0807     6.0807    33.9466    33.9466    26.7101    26.7101     3.0216     2.9718     91.969     90.453     1.0965     1.0525     0.0403    -0.0177     3.1844     1.6545     0.0000 -125.19002   46.12660      99.80          8  0.000e+00
     118215   4925.583    297.711    300.397     6.1067     6.1065  33.662128  33.661622     6.0809     6.0807    33.9468    33.9464    26.7102    26.7099     3.0215     2.9718     91.968     90.453     1.0965     1.0525     0.0403    -0.0177     3.1856     1.6557     0.0000 -125.19002   46.12660      99.80          8  0.000e+00
     118216   4925.625    297.711    300.397     6.1070     6.1065  33.661756  33.661932     6.0812     6.0807    33.9461    33.9468    26.7096    26.7102     3.0215     2.9718     91.968     90.453     1.0965     1.0525     0.0403    -0.0177     3.1844     1.6557     0.0000 -125.19002   46.12660      99.80          8  0.000e+00
     118217   4925.667    297.711    300.397     6.1069     6.1068  33.662066  33.661870     6.0811     6.0810    33.9466    33.9464    26.7100    26.7099     3.0215     2.9717     91.968     90.452     1.0965     1.0525     0.0403    -0.0177     3.1844     1.6545     0.0000 -125.19002   46.12660      99.80          8  0.000e+00
     118218   4925.708    297.718    300.404     6.1072     6.1067  33.662004  33.661994     6.0814     6.0809    33.9462    33.9467    26.7097    26.7101     3.0215     2.9717     91.968     90.452     1.0965     1.0525     0.0415     0.0129     3.1844     1.6545     0.0000 -125.19002   46.12660      99.80          8  0.000e+00
     118219   4925.750    297.711    300.397     6.1070     6.1065  33.662128  33.661499     6.0812     6.0807    33.9465    33.9463    26.7099    26.7098     3.0215     2.9718     91.968     90.453     1.0965     1.0525     0.0403    -0.0177     3.1832     1.6545     0.0000 -125.19002   46.12660      99.80          8  0.000e+00
     118220   4925.792    297.711    300.397     6.1070     6.1065  33.661756  33.661499     6.0812     6.0807    33.9461    33.9463    26.7096    26.7098     3.0215     2.9718     91.968     90.453     1.0965     1.0525     0.0403    -0.0177     3.1844     1.6545     0.0000 -125.19002   46.12660      99.80          8  0.000e+00
     118221   4925.833    297.711    300.397     6.1072     6.1065  33.661818  33.661684     6.0814     6.0807    33.9460    33.9465    26.7095    26.7100     3.0215     2.9718     91.968     90.453     1.0965     1.0525     0.0403    -0.0177     3.1844     1.6545     0.0000 -125.19002   46.12660      99.80          8  0.000e+00
     118222   4925.875    297.718    300.404     6.1070     6.1063  33.662375  33.662056     6.0812     6.0805    33.9468    33.9471    26.7102    26.7105     3.0215     2.9718     91.968     90.453     1.0965     1.0525     0.0415     0.0129     3.1844     1.6545     0.0000 -125.19002   46.12660      99.80          8  0.000e+00
     118223   4925.917    297.711    300.397     6.1072     6.1065  33.662066  33.661684     6.0814     6.0807    33.9463    33.9465    26.7097    26.7100     3.0215     2.9718     91.967     90.453     1.0965     1.0525     0.0403    -0.0177     3.1856     1.6545     0.0000 -125.19002   46.12660      99.80          8  0.000e+00
     118224   4925.958    297.711    300.397     6.1072     6.1065  33.661942  33.661932     6.0814     6.0807    33.9462    33.9468    26.7096    26.7102     3.0215     2.9718     91.968     90.453     1.0965     1.0525     0.0403    -0.0177     3.1832     1.6545     0.0000 -125.19002   46.12660      99.80          8  0.000e+00
     118225   4926.000    297.711    300.397     6.1074     6.1063  33.661942  33.661684     6.0816     6.0805    33.9460    33.9467    26.7095    26.7102     3.0155     2.9784     91.783     90.654     1.0952     1.0537     0.0403    -0.0177     3.1856     1.6545     0.0000 -125.19002   46.12660      99.80          8  0.000e+00
     118226   4926.042    297.718    300.404     6.1074     6.1062  33.662375  33.661932     6.0816     6.0804    33.9464    33.9471    26.7098    26.7105     3.0215     2.9718     91.967     90.453     1.0965     1.0525     0.0403    -0.0177     3.1856     1.6545     0.0000 -125.19002   46.12660      99.80          8  0.000e+00
     118227   4926.083    297.665    300.350     6.1072     6.1063  33.662313  33.661684     6.0814     6.0805    33.9466    33.9467    26.7100    26.7102     3.0215     2.9718     91.967     90.453     1.0965     1.0525     0.0403    -0.0177     3.1856     1.6545     0.0000 -125.19002   46.12660      99.80          8  0.000e+00
     118228   4926.125    297.711    300.397     6.1075     6.1063  33.662251  33.661560     6.0817     6.0805    33.9462    33.9465    26.7096    26.7101     3.0215     2.9718     91.967     90.453     1.0965     1.0525     0.0403    -0.0177     3.1844     1.6545     0.0000 -125.19002   46.12660      99.80          8  0.000e+00
     118229   4926.167    297.718    300.404     6.1075     6.1062  33.662437  33.661684     6.0817     6.0804    33.9464    33.9468    26.7098    26.7103     3.0215     2.9718     91.967     90.453     1.0965     1.0525     0.0403    -0.0177     3.1844     1.6545     0.0000 -125.19002   46.12660      99.80          8  0.000e+00
     118230   4926.208    297.665    300.350     6.1074     6.1062  33.662561  33.661560     6.0816     6.0804    33.9467    33.9467    26.7100    26.7102     3.0215     2.9718     91.966     90.453     1.0965     1.0525     0.0403    -0.0177     3.1856     1.6545     0.0000 -125.19002   46.12660      99.78          8  0.000e+00
     118231   4926.250    297.711    300.397     6.1074     6.1062  33.662066  33.661684     6.0816     6.0804    33.9461    33.9468    26.7096    26.7103     3.0215     2.9784     91.967     90.655     1.0965     1.0537     0.0403    -0.0177     3.1844     1.6545     0.0000 -125.19002   46.12660      99.80          8  0.000e+00
     118232   4926.292    297.665    300.350     6.1075     6.1062  33.662375  33.661560     6.0817     6.0804    33.9463    33.9467    26.7097    26.7102     3.0154     2.9718     91.782     90.453     1.0952     1.0525     0.0403    -0.0177     3.1844     1.6545     0.0000 -125.19002   46.12660      99.80          8  0.000e+00
     118233   4926.333    297.718    300.404     6.1074     6.1062  33.662313  33.661375     6.0816     6.0804    33.9464    33.9465    26.7098    26.7100     3.0215     2.9718     91.967     90.454     1.0965     1.0525     0.0403    -0.0177     3.1856     1.6545     0.0000 -125.19002   46.12660      99.78          8  0.000e+00
     118234   4926.375    297.665    300.350     6.1074     6.1062  33.662437  33.661870     6.0816     6.0804    33.9465    33.9471    26.7099    26.7105     3.0215     2.9718     91.966     90.453     1.0965     1.0525     0.0403    -0.0177     3.1844     1.6545     0.0000 -125.19002   46.12660      99.80          8  0.000e+00
     118235   4926.417    297.665    300.350     6.1074     6.1062  33.662561  33.661870     6.0816     6.0804    33.9467    33.9471    26.7100    26.7105     3.0215     2.9718     91.966     90.453     1.0965     1.0525     0.0403    -0.0177     3.1856     1.6545     0.0000 -125.19002   46.12660      99.80          8  0.000e+00
