WCOA/WCOA-6/CTD_Data/RB2102_CTD_085_01.ros
* Sea-Bird SBE 9 Data File:
* FileName = C:\Users\scs.user.rb\CTD\RB2102\Data\RB2102_CTD_085_01.hex
* Software Version Seasave V 7.26.7.107
* Temperature SN = 6202
* Conductivity SN = 4907
* Number of Bytes Per Scan = 41
* Number of Voltage Words = 4
* Number of Scans Averaged by the Deck Unit = 1
* NMEA Latitude = 37 40.03 N
* NMEA Longitude = 123 29.05 W
* NMEA UTC (Time) = Jul 11 2021  14:38:57
* NMEA baud rate = 4800
# nquan = 30
# nvalues = 1176                                  
# units = specified
# name 0 = scan: Scan Count
# name 1 = timeS: Time, Elapsed [seconds]
# name 2 = depSM: Depth [salt water, m]
# name 3 = prDM: Pressure, Digiquartz [db]
# name 4 = t090C: Temperature [ITS-90, deg C]
# name 5 = t190C: Temperature, 2 [ITS-90, deg C]
# name 6 = c0mS/cm: Conductivity [mS/cm]
# name 7 = c1mS/cm: Conductivity, 2 [mS/cm]
# name 8 = potemp090C: Potential Temperature [ITS-90, deg C]
# name 9 = potemp190C: Potential Temperature, 2 [ITS-90, deg C]
# name 10 = sal00: Salinity, Practical [PSU]
# name 11 = sal11: Salinity, Practical, 2 [PSU]
# name 12 = sigma-é00: Density [sigma-theta, kg/m^3]
# name 13 = sigma-é11: Density, 2 [sigma-theta, kg/m^3]
# name 14 = sbeox0Mg/L: Oxygen, SBE 43 [mg/l]
# name 15 = sbeox1Mg/L: Oxygen, SBE 43, 2 [mg/l]
# name 16 = sbox0Mm/Kg: Oxygen, SBE 43 [umol/kg]
# name 17 = sbox1Mm/Kg: Oxygen, SBE 43, 2 [umol/kg]
# name 18 = sbeox0V: Oxygen raw, SBE 43 [V]
# name 19 = sbeox1V: Oxygen raw, SBE 43, 2 [V]
# name 20 = v4: Voltage 4
# name 21 = flECO-AFL: Fluorescence, WET Labs ECO-AFL/FL [mg/m^3]
# name 22 = v3: Voltage 3
# name 23 = v6: Voltage 6
# name 24 = v7: Voltage 7
# name 25 = longitude: Longitude [deg]
# name 26 = latitude: Latitude [deg]
# name 27 = altM: Altimeter [m]
# name 28 = nbf: Bottles Fired
# name 29 = flag:  0.000e+00
# interval = seconds: 0.0416667
# start_time = Jul 11 2021 14:38:57 [NMEA time, header]
# bad_flag = -9.990e-29
*END*
[from data line 967]
     220241   9176.667     20.197     20.350    12.8233    12.8242  39.479354  39.481045    12.8206    12.8214    33.7354    33.7362    25.4487    25.4492     8.2588     8.4918    251.687    258.788     2.5018     2.4115     0.0989     1.4475     3.2381     0.0000     0.0000 -123.48794   37.66568      99.56         20  0.000e+00
     220242   9176.708     20.204     20.357    12.8233    12.8244  39.479354  39.481309    12.8206    12.8217    33.7354    33.7363    25.4487    25.4492     8.2588     8.4918    251.687    258.787     2.5018     2.4115     0.0989     1.4475     3.2381     0.0000     0.0000 -123.48794   37.66568      99.56         20  0.000e+00
     220243   9176.750     20.197     20.350    12.8232    12.8243  39.479420  39.481309    12.8205    12.8216    33.7356    33.7363    25.4489    25.4492     8.2588     8.4864    251.687    258.621     2.5018     2.4103     0.0989     1.4475     3.2393     0.0000     0.0000 -123.48794   37.66568      99.56         20  0.000e+00
     220244   9176.792     20.204     20.357    12.8233    12.8240  39.479354  39.481045    12.8205    12.8213    33.7354    33.7364    25.4488    25.4493     8.2588     8.4864    251.687    258.623     2.5018     2.4103     0.0989     1.4475     3.2393     0.0000     0.0000 -123.48794   37.66568      99.56         20  0.000e+00
     220245   9176.833     20.197     20.350    12.8233    12.8242  39.479618  39.481177    12.8206    12.8215    33.7356    33.7363    25.4489    25.4493     8.2588     8.4918    251.686    258.788     2.5018     2.4115     0.0989     1.4475     3.2405     0.0000     0.0000 -123.48794   37.66568      99.56         20  0.000e+00
     220246   9176.875     20.197     20.350    12.8233    12.8242  39.479486  39.481309    12.8206    12.8214    33.7355    33.7365    25.4488    25.4494     8.2588     8.4864    251.686    258.622     2.5018     2.4103     0.0989     1.4475     3.2393     0.0000     0.0000 -123.48794   37.66568      99.58         20  0.000e+00
     220247   9176.917     20.151     20.303    12.8233    12.8242  39.479090  39.481374    12.8206    12.8215    33.7351    33.7365    25.4485    25.4494     8.2638     8.4863    251.838    258.620     2.5031     2.4103     0.0989     1.4475     3.2393     0.0000     0.0000 -123.48794   37.66568      99.58         20  0.000e+00
     220248   9176.958     20.197     20.350    12.8232    12.8242  39.479288  39.481045    12.8205    12.8214    33.7355    33.7362    25.4488    25.4492     8.2639     8.4918    251.840    258.788     2.5031     2.4115     0.0989     1.4475     3.2393     0.0000     0.0000 -123.48794   37.66568      99.56         20  0.000e+00
     220249   9177.000     20.197     20.350    12.8235    12.8240  39.479420  39.480715    12.8208    12.8213    33.7353    33.7360    25.4486    25.4491     8.2588     8.4919    251.686    258.789     2.5018     2.4115     0.0989     1.4475     3.2381     0.0000     0.0000 -123.48794   37.66568      99.56         20  0.000e+00
     220250   9177.042     20.151     20.303    12.8231    12.8241  39.479354  39.480847    12.8204    12.8214    33.7356    33.7362    25.4489    25.4492     8.2588     8.4918    251.686    258.787     2.5018     2.4115     0.0989     1.4475     3.2393     0.0000     0.0000 -123.48794   37.66568      99.56         20  0.000e+00
     220251   9177.083     20.144     20.296    12.8233    12.8240  39.479618  39.480979    12.8206    12.8213    33.7356    33.7363    25.4489    25.4493     8.2638     8.4918    251.837    258.787     2.5031     2.4115     0.1001     1.4781     3.2393     0.0000     0.0000 -123.48794   37.66568      99.58         20  0.000e+00
     220252   9177.125     20.151     20.303    12.8233    12.8241  39.479222  39.481243    12.8206    12.8214    33.7353    33.7365    25.4486    25.4494     8.2638     8.4864    251.838    258.621     2.5031     2.4103     0.1013     1.5086     3.2393     0.0000     0.0000 -123.48794   37.66568      99.56         20  0.000e+00
     220253   9177.167     20.144     20.296    12.8230    12.8239  39.479486  39.480781    12.8203    12.8211    33.7358    33.7363    25.4491    25.4493     8.2638     8.4864    251.838    258.622     2.5031     2.4103     0.1013     1.5086     3.2393     0.0000     0.0000 -123.48794   37.66568      99.56         20  0.000e+00
     222366   9265.208     15.026     15.139    12.8217    12.8177  39.476036  39.473247    12.8197    12.8157    33.7359    33.7368    25.4493    25.4508     8.2537     8.4929    251.530    258.820     2.5018     2.4127     0.1050     1.6002     3.2381     0.0000     0.0000 -123.48810   37.66562      99.58         21  0.000e+00
     222367   9265.250     15.039     15.153    12.8219    12.8178  39.476168  39.473445    12.8198    12.8158    33.7358    33.7368    25.4492    25.4508     8.2537     8.4929    251.529    258.820     2.5018     2.4127     0.1050     1.6002     3.2381     0.0000     0.0000 -123.48810   37.66562      99.56         21  0.000e+00
     222368   9265.292     15.026     15.139    12.8223    12.8177  39.476234  39.473115    12.8203    12.8157    33.7355    33.7367    25.4488    25.4507     8.2536     8.4929    251.527    258.820     2.5018     2.4127     0.1050     1.6002     3.2381     0.0000     0.0000 -123.48810   37.66562      99.56         21  0.000e+00
     222369   9265.333     15.079     15.193    12.8223    12.8177  39.476564  39.473247    12.8203    12.8156    33.7358    33.7368    25.4491    25.4507     8.2586     8.4930    251.680    258.822     2.5031     2.4127     0.1050     1.6002     3.2381     0.0000     0.0000 -123.48810   37.66562      99.56         21  0.000e+00
     222370   9265.375     15.026     15.139    12.8227    12.8175  39.476300  39.473379    12.8207    12.8155    33.7352    33.7371    25.4486    25.4510     8.2585     8.4929    251.678    258.820     2.5031     2.4127     0.1050     1.6002     3.2381     0.0000     0.0000 -123.48810   37.66562      99.56         21  0.000e+00
     222371   9265.417     15.039     15.152    12.8226    12.8177  39.476564  39.473115    12.8206    12.8157    33.7355    33.7367    25.4488    25.4507     8.2585     8.4929    251.678    258.821     2.5031     2.4127     0.1050     1.6002     3.2381     0.0000     0.0000 -123.48810   37.66562      99.58         21  0.000e+00
     222372   9265.458     15.079     15.192    12.8227    12.8177  39.476366  39.473379    12.8207    12.8156    33.7353    33.7369    25.4486    25.4508     8.2536     8.4930    251.527    258.822     2.5018     2.4127     0.1038     1.5696     3.2369     0.0000     0.0000 -123.48810   37.66562      99.56         21  0.000e+00
     222373   9265.500     15.026     15.139    12.8225    12.8177  39.476498  39.472918    12.8205    12.8157    33.7356    33.7365    25.4489    25.4505     8.2535     8.4929    251.526    258.821     2.5018     2.4127     0.1038     1.5696     3.2369     0.0000     0.0000 -123.48810   37.66562      99.56         21  0.000e+00
     222374   9265.542     15.079     15.192    12.8229    12.8177  39.476894  39.473182    12.8208    12.8156    33.7356    33.7367    25.4488    25.4507     8.2535     8.4930    251.525    258.822     2.5018     2.4127     0.1038     1.5696     3.2369     0.0000     0.0000 -123.48810   37.66562      99.56         21  0.000e+00
     222375   9265.583     15.039     15.152    12.8225    12.8175  39.476432  39.473379    12.8205    12.8155    33.7355    33.7371    25.4488    25.4510     8.2536     8.4929    251.526    258.821     2.5018     2.4127     0.1038     1.5696     3.2393     0.0000     0.0000 -123.48810   37.66562      99.58         21  0.000e+00
     222376   9265.625     15.125     15.239    12.8227    12.8179  39.476762  39.473116    12.8207    12.8158    33.7356    33.7365    25.4489    25.4505     8.2536     8.4930    251.528    258.823     2.5018     2.4127     0.1038     1.5696     3.2381     0.0000     0.0000 -123.48810   37.66562      99.56         21  0.000e+00
     222377   9265.667     15.025     15.139    12.8228    12.8180  39.476960  39.473247    12.8208    12.8160    33.7358    33.7365    25.4490    25.4505     8.2585     8.4929    251.676    258.819     2.5031     2.4127     0.1038     1.5696     3.2381     0.0000     0.0000 -123.48810   37.66562      99.56         21  0.000e+00
     222378   9265.708     15.085     15.199    12.8230    12.8175  39.476762  39.473445    12.8210    12.8155    33.7353    33.7371    25.4486    25.4511     8.2585     8.4930    251.678    258.822     2.5031     2.4127     0.1038     1.5696     3.2393     0.0000     0.0000 -123.48810   37.66562      99.58         21  0.000e+00
     222379   9265.750     15.078     15.192    12.8229    12.8178  39.477092  39.473379    12.8208    12.8158    33.7358    33.7368    25.4490    25.4507     8.2585     8.4929    251.678    258.821     2.5031     2.4127     0.1038     1.5696     3.2381     0.0000     0.0000 -123.48810   37.66562      99.56         21  0.000e+00
     222380   9265.792     15.078     15.192    12.8229    12.8175  39.477290  39.473116    12.8208    12.8155    33.7360    33.7368    25.4491    25.4508     8.2585     8.4930    251.677    258.823     2.5031     2.4127     0.1038     1.5696     3.2393     0.0000     0.0000 -123.48810   37.66562      99.56         21  0.000e+00
     222381   9265.833     15.078     15.192    12.8233    12.8173  39.477356  39.473247    12.8213    12.8153    33.7356    33.7371    25.4487    25.4511     8.2584     8.4930    251.675    258.823     2.5031     2.4127     0.1038     1.5696     3.2369     0.0000     0.0000 -123.48810   37.66562      99.58         21  0.000e+00
     222382   9265.875     15.085     15.199    12.8237    12.8175  39.477290  39.473116    12.8217    12.8155    33.7352    33.7368    25.4484    25.4508     8.2584     8.4984    251.674    258.988     2.5031     2.4139     0.1038     1.5696     3.2393     0.0000     0.0000 -123.48810   37.66562      99.58         21  0.000e+00
     222383   9265.917     15.078     15.192    12.8238    12.8179  39.477553  39.473643    12.8218    12.8158    33.7354    33.7370    25.4485    25.4509     8.2584     8.4984    251.673    258.986     2.5031     2.4139     0.1038     1.5696     3.2369     0.0000     0.0000 -123.48810   37.66562      99.56         21  0.000e+00
     222384   9265.958     15.078     15.192    12.8239    12.8182  39.477356  39.473709    12.8218    12.8161    33.7351    33.7368    25.4483    25.4507     8.2634     8.4929    251.826    258.819     2.5043     2.4127     0.1038     1.5696     3.2369     0.0000     0.0000 -123.48810   37.66562      99.56         21  0.000e+00
     222385   9266.000     15.125     15.239    12.8242    12.8185  39.477817  39.474698    12.8221    12.8164    33.7353    33.7374    25.4483    25.4511     8.2584     8.4928    251.673    258.818     2.5031     2.4127     0.1038     1.5696     3.2369     0.0000     0.0000 -123.48810   37.66562      99.56         21  0.000e+00
     222386   9266.042     15.085     15.199    12.8242    12.8190  39.477751  39.474829    12.8221    12.8170    33.7352    33.7371    25.4483    25.4507     8.2633     8.4927    251.824    258.814     2.5043     2.4127     0.1038     1.5696     3.2381     0.0000     0.0000 -123.48810   37.66562      99.58         21  0.000e+00
     222387   9266.083     15.078     15.192    12.8242    12.8193  39.477883  39.474763    12.8221    12.8173    33.7354    33.7367    25.4484    25.4504     8.2633     8.4981    251.824    258.978     2.5043     2.4139     0.1038     1.5696     3.2369     0.0000     0.0000 -123.48810   37.66562      99.56         21  0.000e+00
     222388   9266.125     15.124     15.239    12.8240    12.8197  39.478279  39.475357    12.8220    12.8176    33.7359    33.7370    25.4488    25.4505     8.2634     8.4926    251.825    258.811     2.5043     2.4127     0.1038     1.5696     3.2381     0.0000     0.0000 -123.48810   37.66562      99.56         21  0.000e+00
     222389   9266.167     15.085     15.198    12.8245    12.8197  39.478609  39.475159    12.8225    12.8176    33.7357    33.7368    25.4486    25.4504     8.2632     8.4926    251.821    258.810     2.5043     2.4127     0.1026     1.5391     3.2381     0.0000     0.0000 -123.48810   37.66562      99.56         21  0.000e+00
     222390   9266.208     15.078     15.192    12.8247    12.8197  39.478411  39.474566    12.8227    12.8176    33.7354    33.7362    25.4483    25.4499     8.2582     8.4980    251.668    258.977     2.5031     2.4139     0.1038     1.5696     3.2381     0.0000     0.0000 -123.48810   37.66562      99.56         21  0.000e+00
     222391   9266.250     15.124     15.238    12.8250    12.8197  39.479137  39.474895    12.8230    12.8176    33.7358    33.7365    25.4486    25.4502     8.2582     8.4981    251.668    258.978     2.5031     2.4139     0.1038     1.5696     3.2381     0.0000     0.0000 -123.48810   37.66562      99.56         21  0.000e+00
     222392   9266.292     15.124     15.238    12.8254    12.8202  39.479136  39.475884    12.8233    12.8181    33.7355    33.7370    25.4483    25.4505     8.2581     8.4980    251.666    258.974     2.5031     2.4139     0.1038     1.5696     3.2381     0.0000     0.0000 -123.48810   37.66562      99.56         21  0.000e+00
     222393   9266.333     15.085     15.198    12.8257    12.8222  39.479268  39.476477    12.8236    12.8202    33.7354    33.7358    25.4481    25.4491     8.2581     8.4976    251.664    258.963     2.5031     2.4139     0.1038     1.5696     3.2369     0.0000     0.0000 -123.48810   37.66562      99.56         21  0.000e+00
     222394   9266.375     15.124     15.238    12.8262    12.8235  39.479598  39.477268    12.8242    12.8215    33.7352    33.7354    25.4479    25.4485     8.2580     8.4974    251.662    258.958     2.5031     2.4139     0.1038     1.5696     3.2381     0.0000     0.0000 -123.48810   37.66562      99.56         21  0.000e+00
     222395   9266.417     15.124     15.238    12.8268    12.8241  39.479466  39.477532    12.8247    12.8220    33.7346    33.7351    25.4472    25.4482     8.2579     8.4973    251.660    258.955     2.5031     2.4139     0.1026     1.5391     3.2369     0.0000     0.0000 -123.48810   37.66562      99.56         21  0.000e+00
     222396   9266.458     15.078     15.192    12.8265    12.8243  39.479598  39.477993    12.8245    12.8223    33.7349    33.7353    25.4476    25.4483     8.2579     8.4972    251.660    258.952     2.5031     2.4139     0.1038     1.5696     3.2381     0.0000     0.0000 -123.48810   37.66562      99.56         21  0.000e+00
     222397   9266.500     15.137     15.252    12.8267    12.8242  39.479994  39.478257    12.8246    12.8221    33.7351    33.7357    25.4477    25.4487     8.2579     8.4973    251.660    258.954     2.5031     2.4139     0.1038     1.5696     3.2369     0.0000     0.0000 -123.48810   37.66562      99.58         21  0.000e+00
     222398   9266.542     15.124     15.238    12.8267    12.8239  39.479070  39.477927    12.8246    12.8219    33.7343    33.7356    25.4470    25.4487     8.2580     8.4973    251.661    258.955     2.5031     2.4139     0.1026     1.5391     3.2381     0.0000     0.0000 -123.48810   37.66562      99.58         21  0.000e+00
     222399   9266.583     15.124     15.238    12.8269    12.8239  39.479136  39.477861    12.8248    12.8218    33.7342    33.7356    25.4469    25.4486     8.2580     8.4973    251.661    258.956     2.5031     2.4139     0.1026     1.5391     3.2381     0.0000     0.0000 -123.48810   37.66562      99.56         21  0.000e+00
     222400   9266.625     15.124     15.238    12.8269    12.8239  39.479928  39.477334    12.8248    12.8219    33.7349    33.7351    25.4475    25.4482     8.2579     8.4974    251.659    258.956     2.5031     2.4139     0.1026     1.5391     3.2381     0.0000     0.0000 -123.48810   37.66562      99.58         21  0.000e+00
