WCOA/WCOA-6/CTD_Data/RB2102_CTD_064_01.ros
* Sea-Bird SBE 9 Data File:
* FileName = C:\Users\scs.user.rb\CTD\RB2102\Data\RB2102_CTD_064_01.hex
* Software Version Seasave V 7.26.7.107
* Temperature SN = 6202
* Conductivity SN = 4907
* Number of Bytes Per Scan = 41
* Number of Voltage Words = 4
* Number of Scans Averaged by the Deck Unit = 1
* NMEA Latitude = 41 56.84 N
* NMEA Longitude = 124 33.70 W
* NMEA UTC (Time) = Jul 06 2021  21:01:47
* NMEA baud rate = 4800
# nquan = 30
# nvalues = 931                                   
# units = specified
# name 0 = scan: Scan Count
# name 1 = timeS: Time, Elapsed [seconds]
# name 2 = depSM: Depth [salt water, m]
# name 3 = prDM: Pressure, Digiquartz [db]
# name 4 = t090C: Temperature [ITS-90, deg C]
# name 5 = t190C: Temperature, 2 [ITS-90, deg C]
# name 6 = c0mS/cm: Conductivity [mS/cm]
# name 7 = c1mS/cm: Conductivity, 2 [mS/cm]
# name 8 = potemp090C: Potential Temperature [ITS-90, deg C]
# name 9 = potemp190C: Potential Temperature, 2 [ITS-90, deg C]
# name 10 = sal00: Salinity, Practical [PSU]
# name 11 = sal11: Salinity, Practical, 2 [PSU]
# name 12 = sigma-é00: Density [sigma-theta, kg/m^3]
# name 13 = sigma-é11: Density, 2 [sigma-theta, kg/m^3]
# name 14 = sbeox0Mg/L: Oxygen, SBE 43 [mg/l]
# name 15 = sbeox1Mg/L: Oxygen, SBE 43, 2 [mg/l]
# name 16 = sbox0Mm/Kg: Oxygen, SBE 43 [umol/kg]
# name 17 = sbox1Mm/Kg: Oxygen, SBE 43, 2 [umol/kg]
# name 18 = sbeox0V: Oxygen raw, SBE 43 [V]
# name 19 = sbeox1V: Oxygen raw, SBE 43, 2 [V]
# name 20 = v4: Voltage 4
# name 21 = flECO-AFL: Fluorescence, WET Labs ECO-AFL/FL [mg/m^3]
# name 22 = v3: Voltage 3
# name 23 = v6: Voltage 6
# name 24 = v7: Voltage 7
# name 25 = longitude: Longitude [deg]
# name 26 = latitude: Latitude [deg]
# name 27 = altM: Altimeter [m]
# name 28 = nbf: Bottles Fired
# name 29 = flag:  0.000e+00
# interval = seconds: 0.0416667
# start_time = Jul 06 2021 21:01:47 [NMEA time, header]
# bad_flag = -9.990e-29
*END*
[from data line 242]
      26916   1121.458    123.678    124.693     8.0611     8.0870  35.378636  35.395775     8.0487     8.0745    33.9865    33.9797    26.4706    26.4615     3.1308     3.2354     95.317     98.502     1.1648     1.1465     0.0403    -0.0177     3.1551     0.0073     0.0000 -124.56194   41.94642      55.70          5  0.000e+00
      26917   1121.500    123.678    124.693     8.0603     8.0872  35.378573  35.396343     8.0479     8.0747    33.9872    33.9801    26.4713    26.4618     3.1309     3.2354     95.318     98.501     1.1648     1.1465     0.0403    -0.0177     3.1538     0.0073     0.0000 -124.56194   41.94642      55.70          5  0.000e+00
      26918   1121.542    123.725    124.740     8.0598     8.0875  35.378194  35.396533     8.0474     8.0750    33.9872    33.9800    26.4714    26.4616     3.1309     3.2354     95.319     98.501     1.1648     1.1465     0.0403    -0.0177     3.1551     0.0073     0.0000 -124.56194   41.94642      55.78          5  0.000e+00
      30558   1273.208     99.266    100.074     8.2294     8.2320  35.454412  35.456355     8.2193     8.2219    33.9161    33.9157    26.3899    26.3892     3.7483     3.8747    114.125    117.971     1.3040     1.2784     0.0403    -0.0177     3.1538     0.0037     0.0000 -124.56196   41.94632      80.78          6  0.000e+00
      30559   1273.250     99.173     99.981     8.2294     8.2321  35.454285  35.456860     8.2194     8.2221    33.9160    33.9161    26.3898    26.3895     3.7483     3.8746    114.124    117.969     1.3040     1.2784     0.0403    -0.0177     3.1538     0.0037     0.0000 -124.56196   41.94632      80.81          6  0.000e+00
      30560   1273.292     99.266    100.074     8.2295     8.2323  35.454349  35.456670     8.2194     8.2222    33.9159    33.9157    26.3897    26.3892     3.7483     3.8746    114.125    117.970     1.3040     1.2784     0.0403    -0.0177     3.1538     0.0037     0.0000 -124.56196   41.94632      80.78          6  0.000e+00
      30561   1273.333     99.372    100.181     8.2294     8.2320  35.454286  35.456797     8.2193     8.2219    33.9159    33.9161    26.3898    26.3895     3.7484     3.8747    114.127    117.973     1.3040     1.2784     0.0403    -0.0177     3.1551     0.0037     0.0000 -124.56196   41.94632      80.78          6  0.000e+00
      30562   1273.375     99.272    100.081     8.2294     8.2313  35.454791  35.456418     8.2194     8.2213    33.9164    33.9164    26.3902    26.3898     3.7483     3.8747    114.125    117.973     1.3040     1.2784     0.0403    -0.0177     3.1538     0.0037     0.0000 -124.56196   41.94632      80.78          6  0.000e+00
      30563   1273.417     99.319    100.128     8.2294     8.2311  35.454918  35.456039     8.2193     8.2211    33.9166    33.9161    26.3903    26.3896     3.7483     3.8747    114.126    117.974     1.3040     1.2784     0.0403    -0.0177     3.1538     0.0037     0.0000 -124.56196   41.94632      80.78          6  0.000e+00
      30564   1273.458     99.272    100.081     8.2292     8.2311  35.454728  35.455976     8.2191     8.2211    33.9166    33.9161    26.3903    26.3896     3.7483     3.8747    114.125    117.974     1.3040     1.2784     0.0403    -0.0177     3.1538     0.0037     0.0000 -124.56196   41.94632      80.78          6  0.000e+00
      30565   1273.500     99.266    100.074     8.2294     8.2308  35.454602  35.456165     8.2194     8.2207    33.9162    33.9166    26.3900    26.3901     3.7539     3.8747    114.295    117.974     1.3053     1.2784     0.0403    -0.0177     3.1551     0.0037     0.0000 -124.56196   41.94632      80.78          6  0.000e+00
      30566   1273.542     99.319    100.128     8.2290     8.2310  35.454412  35.456039     8.2189     8.2209    33.9164    33.9162    26.3902    26.3898     3.7484     3.8748    114.127    117.975     1.3040     1.2784     0.0403    -0.0177     3.1551     0.0037     0.0000 -124.56196   41.94632      80.78          6  0.000e+00
      30567   1273.583     99.365    100.174     8.2292     8.2310  35.454286  35.456166     8.2191     8.2209    33.9161    33.9164    26.3899    26.3899     3.7484     3.8748    114.127    117.975     1.3040     1.2784     0.0403    -0.0177     3.1551     0.0037     0.0000 -124.56196   41.94632      80.73          6  0.000e+00
      30568   1273.625     99.319    100.128     8.2293     8.2310  35.454539  35.455786     8.2192     8.2209    33.9163    33.9160    26.3901    26.3896     3.7484     3.8748    114.126    117.975     1.3040     1.2784     0.0403    -0.0177     3.1538     0.0037     0.0000 -124.56196   41.94632      80.71          6  0.000e+00
      30569   1273.667     99.319    100.128     8.2290     8.2311  35.454349  35.455850     8.2189     8.2211    33.9164    33.9159    26.3902    26.3895     3.7484     3.8748    114.127    117.974     1.3040     1.2784     0.0403    -0.0177     3.1538     0.0037     0.0000 -124.56196   41.94632      80.71          6  0.000e+00
      30570   1273.708     99.365    100.174     8.2289     8.2308  35.454539  35.455976     8.2188     8.2207    33.9166    33.9163    26.3904    26.3899     3.7484     3.8748    114.127    117.976     1.3040     1.2784     0.0403    -0.0177     3.1551     0.0037     0.0000 -124.56196   41.94632      80.71          6  0.000e+00
      30571   1273.750     99.319    100.128     8.2292     8.2309  35.454349  35.455976     8.2191     8.2208    33.9162    33.9163    26.3900    26.3899     3.7484     3.8748    114.126    117.975     1.3040     1.2784     0.0403    -0.0177     3.1538     0.0037     0.0000 -124.56196   41.94632      80.71          6  0.000e+00
      30572   1273.792     99.365    100.174     8.2290     8.2310  35.454286  35.455723     8.2189     8.2209    33.9163    33.9159    26.3901    26.3895     3.7484     3.8748    114.128    117.976     1.3040     1.2784     0.0403    -0.0177     3.1538     0.0037     0.0000 -124.56198   41.94632      80.71          6  0.000e+00
      30573   1273.833     99.372    100.181     8.2291     8.2308  35.454539  35.455850     8.2190     8.2207    33.9164    33.9162    26.3902    26.3898     3.7484     3.8748    114.127    117.976     1.3040     1.2784     0.0403    -0.0177     3.1551     0.0037     0.0000 -124.56198   41.94632      80.68          6  0.000e+00
      30574   1273.875     99.319    100.128     8.2292     8.2305  35.454412  35.456165     8.2191     8.2204    33.9162    33.9168    26.3900    26.3903     3.7484     3.8748    114.126    117.975     1.3040     1.2784     0.0403    -0.0177     3.1538     0.0037     0.0000 -124.56198   41.94632      80.68          6  0.000e+00
      30575   1273.917     99.418    100.228     8.2292     8.2302  35.454729  35.455913     8.2191     8.2201    33.9165    33.9168    26.3903    26.3904     3.7484     3.8749    114.128    117.978     1.3040     1.2784     0.0403    -0.0177     3.1551     0.0037     0.0000 -124.56198   41.94632      80.66          6  0.000e+00
      30576   1273.958     99.372    100.181     8.2289     8.2300  35.454476  35.455660     8.2188     8.2199    33.9166    33.9168    26.3903    26.3903     3.7428     3.8749    113.957    117.978     1.3028     1.2784     0.0403    -0.0177     3.1551     0.0037     0.0000 -124.56198   41.94632      80.68          6  0.000e+00
      30577   1274.000     99.418    100.228     8.2290     8.2299  35.454539  35.455408     8.2189     8.2198    33.9165    33.9166    26.3903    26.3902     3.7484     3.8688    114.128    117.793     1.3040     1.2772     0.0403    -0.0177     3.1551     0.0037     0.0000 -124.56198   41.94632      80.66          6  0.000e+00
      30578   1274.042     99.418    100.228     8.2290     8.2299  35.454413  35.455534     8.2189     8.2198    33.9164    33.9168    26.3902    26.3904     3.7484     3.8749    114.128    117.979     1.3040     1.2784     0.0403    -0.0177     3.1538     0.0037     0.0000 -124.56198   41.94632      80.63          6  0.000e+00
      30579   1274.083     99.365    100.174     8.2289     8.2297  35.454539  35.455408     8.2188     8.2196    33.9166    33.9168    26.3904    26.3904     3.7484     3.8749    114.127    117.979     1.3040     1.2784     0.0403    -0.0177     3.1538     0.0037     0.0000 -124.56198   41.94632      80.56          6  0.000e+00
      30580   1274.125     99.418    100.228     8.2290     8.2297  35.454413  35.455787     8.2189     8.2196    33.9164    33.9172    26.3902    26.3907     3.7484     3.8749    114.128    117.979     1.3040     1.2784     0.0403    -0.0177     3.1551     0.0037     0.0000 -124.56198   41.94632      80.56          6  0.000e+00
      30581   1274.167     99.418    100.228     8.2292     8.2299  35.454729  35.455218     8.2191     8.2198    33.9165    33.9164    26.3903    26.3901     3.7484     3.8749    114.128    117.979     1.3040     1.2784     0.0403    -0.0177     3.1538     0.0037     0.0000 -124.56198   41.94632      80.56          6  0.000e+00
      30582   1274.208     99.465    100.275     8.2289     8.2295  35.454476  35.455724     8.2188     8.2194    33.9165    33.9173    26.3903    26.3908     3.7485     3.8749    114.129    117.980     1.3040     1.2784     0.0403    -0.0177     3.1551     0.0037     0.0000 -124.56198   41.94632      80.56          6  0.000e+00
      30583   1274.250     99.418    100.228     8.2292     8.2295  35.454729  35.455471     8.2191     8.2194    33.9165    33.9170    26.3903    26.3906     3.7484     3.8749    114.128    117.980     1.3040     1.2784     0.0403    -0.0177     3.1551     0.0037     0.0000 -124.56198   41.94632      80.56          6  0.000e+00
      30584   1274.292     99.418    100.228     8.2292     8.2297  35.454476  35.455534     8.2191     8.2196    33.9163    33.9170    26.3901    26.3905     3.7428     3.8749    113.957    117.979     1.3028     1.2784     0.0403    -0.0177     3.1551     0.0037     0.0000 -124.56198   41.94632      80.63          6  0.000e+00
      30585   1274.333     99.471    100.281     8.2293     8.2299  35.454286  35.455661     8.2192     8.2198    33.9160    33.9169    26.3898    26.3904     3.7484     3.8749    114.129    117.980     1.3040     1.2784     0.0403    -0.0177     3.1551     0.0037     0.0000 -124.56198   41.94632      80.81          6  0.000e+00
      30586   1274.375     99.418    100.228     8.2292     8.2300  35.454539  35.455408     8.2191     8.2200    33.9163    33.9164    26.3901    26.3901     3.7428     3.8749    113.957    117.979     1.3028     1.2784     0.0403    -0.0177     3.1538     0.0037     0.0000 -124.56198   41.94632      80.83          6  0.000e+00
      30587   1274.417     99.465    100.275     8.2294     8.2297  35.454602  35.455345     8.2193     8.2196    33.9162    33.9167    26.3900    26.3904     3.7484     3.8749    114.128    117.980     1.3040     1.2784     0.0403    -0.0177     3.1538     0.0037     0.0000 -124.56198   41.94632      80.83          6  0.000e+00
      30588   1274.458     99.471    100.281     8.2294     8.2297  35.454602  35.455787     8.2193     8.2196    33.9161    33.9172    26.3899    26.3907     3.7484     3.8749    114.128    117.980     1.3040     1.2784     0.0403    -0.0177     3.1538     0.0037     0.0000 -124.56198   41.94632      80.83          6  0.000e+00
      30589   1274.500     99.465    100.275     8.2295     8.2299  35.454602  35.455977     8.2194     8.2198    33.9161    33.9172    26.3899    26.3907     3.7484     3.8749    114.128    117.979     1.3040     1.2784     0.0403    -0.0177     3.1538     0.0037     0.0000 -124.56198   41.94632      80.83          6  0.000e+00
      30590   1274.542     99.471    100.281     8.2292     8.2299  35.454413  35.455471     8.2191     8.2198    33.9162    33.9167    26.3900    26.3903     3.7484     3.8749    114.129    117.980     1.3040     1.2784     0.0403    -0.0177     3.1551     0.0037     0.0000 -124.56198   41.94632      80.83          6  0.000e+00
      30591   1274.583     99.465    100.275     8.2293     8.2297  35.454729  35.455661     8.2192     8.2196    33.9165    33.9171    26.3902    26.3906     3.7484     3.8749    114.128    117.980     1.3040     1.2784     0.0403    -0.0177     3.1538     0.0037     0.0000 -124.56198   41.94632      80.81          6  0.000e+00
      30592   1274.625     99.471    100.281     8.2294     8.2297  35.454729  35.455661     8.2193     8.2196    33.9164    33.9170    26.3901    26.3906     3.7484     3.8749    114.128    117.980     1.3040     1.2784     0.0403    -0.0177     3.1551     0.0037     0.0000 -124.56198   41.94632      80.81          6  0.000e+00
      30593   1274.667     99.471    100.281     8.2292     8.2297  35.454602  35.455661     8.2191     8.2196    33.9164    33.9171    26.3901    26.3906     3.7428     3.8749    113.958    117.980     1.3028     1.2784     0.0403    -0.0177     3.1551     0.0037     0.0000 -124.56198   41.94632      80.81          6  0.000e+00
      30594   1274.708     99.511    100.322     8.2291     8.2295  35.454855  35.454461     8.2190     8.2194    33.9167    33.9159    26.3904    26.3897     3.7485     3.8750    114.129    117.982     1.3040     1.2784     0.0403    -0.0177     3.1538     0.0037     0.0000 -124.56198   41.94632      80.78          6  0.000e+00
      30595   1274.750     99.471    100.281     8.2292     8.2295  35.454666  35.455977     8.2191     8.2194    33.9164    33.9175    26.3902    26.3910     3.7484     3.8749    114.128    117.980     1.3040     1.2784     0.0403    -0.0177     3.1538     0.0037     0.0000 -124.56198   41.94632      80.78          6  0.000e+00
      30596   1274.792     99.511    100.322     8.2292     8.2295  35.454603  35.455661     8.2191     8.2194    33.9164    33.9172    26.3901    26.3907     3.7485     3.8750    114.129    117.981     1.3040     1.2784     0.0403    -0.0177     3.1551     0.0037     0.0000 -124.56196   41.94632      80.71          6  0.000e+00
      30597   1274.833     99.471    100.281     8.2289     8.2297  35.454602  35.455092     8.2188     8.2196    33.9166    33.9165    26.3904    26.3901     3.7429     3.8750    113.959    117.981     1.3028     1.2784     0.0403    -0.0177     3.1538     0.0024     0.0000 -124.56196   41.94632      80.51          6  0.000e+00
      30598   1274.875     99.511    100.322     8.2290     8.2294  35.454413  35.455219     8.2189     8.2193    33.9163    33.9168    26.3901    26.3905     3.7429     3.8750    113.959    117.982     1.3028     1.2784     0.0403    -0.0177     3.1538     0.0024     0.0000 -124.56196   41.94632      80.46          6  0.000e+00
      30599   1274.917     99.471    100.281     8.2292     8.2297  35.454729  35.455534     8.2191     8.2196    33.9165    33.9169    26.3902    26.3905     3.7428     3.8749    113.958    117.980     1.3028     1.2784     0.0403    -0.0177     3.1538     0.0024     0.0000 -124.56196   41.94632      80.46          6  0.000e+00
      30600   1274.958     99.518    100.328     8.2291     8.2295  35.454223  35.455661     8.2190     8.2194    33.9160    33.9172    26.3899    26.3907     3.7429     3.8750    113.959    117.981     1.3028     1.2784     0.0403    -0.0177     3.1538     0.0037     0.0000 -124.56196   41.94632      80.46          6  0.000e+00
      30601   1275.000     99.511    100.322     8.2289     8.2295  35.454413  35.455408     8.2188     8.2194    33.9165    33.9169    26.3903    26.3905     3.7485     3.8750    114.130    117.981     1.3040     1.2784     0.0403    -0.0177     3.1538     0.0024     0.0000 -124.56196   41.94632      80.46          6  0.000e+00
      30602   1275.042     99.471    100.281     8.2290     8.2295  35.454602  35.455787     8.2189     8.2194    33.9166    33.9173    26.3903    26.3908     3.7429     3.8749    113.958    117.980     1.3028     1.2784     0.0403    -0.0177     3.1538     0.0024     0.0000 -124.56196   41.94632      80.49          6  0.000e+00
