WCOA/WCOA-6/CTD_Data/RB2102_CTD_073_01.ros
* Sea-Bird SBE 9 Data File:
* FileName = C:\Users\scs.user.rb\CTD\RB2102\Data\RB2102_CTD_073_01.hex
* Software Version Seasave V 7.26.7.107
* Temperature SN = 6202
* Conductivity SN = 4907
* Number of Bytes Per Scan = 41
* Number of Voltage Words = 4
* Number of Scans Averaged by the Deck Unit = 1
* NMEA Latitude = 40 14.72 N
* NMEA Longitude = 124 23.09 W
* NMEA UTC (Time) = Jul 09 2021  10:08:27
* NMEA baud rate = 4800
# nquan = 30
# nvalues = 588                                   
# units = specified
# name 0 = scan: Scan Count
# name 1 = timeS: Time, Elapsed [seconds]
# name 2 = depSM: Depth [salt water, m]
# name 3 = prDM: Pressure, Digiquartz [db]
# name 4 = t090C: Temperature [ITS-90, deg C]
# name 5 = t190C: Temperature, 2 [ITS-90, deg C]
# name 6 = c0mS/cm: Conductivity [mS/cm]
# name 7 = c1mS/cm: Conductivity, 2 [mS/cm]
# name 8 = potemp090C: Potential Temperature [ITS-90, deg C]
# name 9 = potemp190C: Potential Temperature, 2 [ITS-90, deg C]
# name 10 = sal00: Salinity, Practical [PSU]
# name 11 = sal11: Salinity, Practical, 2 [PSU]
# name 12 = sigma-é00: Density [sigma-theta, kg/m^3]
# name 13 = sigma-é11: Density, 2 [sigma-theta, kg/m^3]
# name 14 = sbeox0Mg/L: Oxygen, SBE 43 [mg/l]
# name 15 = sbeox1Mg/L: Oxygen, SBE 43, 2 [mg/l]
# name 16 = sbox0Mm/Kg: Oxygen, SBE 43 [umol/kg]
# name 17 = sbox1Mm/Kg: Oxygen, SBE 43, 2 [umol/kg]
# name 18 = sbeox0V: Oxygen raw, SBE 43 [V]
# name 19 = sbeox1V: Oxygen raw, SBE 43, 2 [V]
# name 20 = v4: Voltage 4
# name 21 = flECO-AFL: Fluorescence, WET Labs ECO-AFL/FL [mg/m^3]
# name 22 = v3: Voltage 3
# name 23 = v6: Voltage 6
# name 24 = v7: Voltage 7
# name 25 = longitude: Longitude [deg]
# name 26 = latitude: Latitude [deg]
# name 27 = altM: Altimeter [m]
# name 28 = nbf: Bottles Fired
# name 29 = flag:  0.000e+00
# interval = seconds: 0.0416667
# start_time = Jul 09 2021 10:08:27 [NMEA time, header]
# bad_flag = -9.990e-29
*END*
[from data line 436]
      29651   1235.417      5.024      5.063     9.0699     9.0704  36.237446  36.238287     9.0693     9.0699    33.9784    33.9787    26.3071    26.3073     4.5997     4.8183    140.057    146.714     1.5226     1.4994     0.0464     0.1350     3.2283     0.3211     0.1209 -124.38596   40.24522      54.21          9  0.000e+00
      29652   1235.458      5.117      5.157     9.0698     9.0708  36.236936  36.238223     9.0692     9.0702    33.9779    33.9782    26.3067    26.3069     4.5997     4.8183    140.060    146.715     1.5226     1.4994     0.0464     0.1350     3.2283     0.3199     0.1209 -124.38596   40.24522      54.19          9  0.000e+00
      29653   1235.500      5.071      5.110     9.0702     9.0709  36.237509  36.238605     9.0696     9.0703    33.9781    33.9786    26.3068    26.3071     4.5997     4.8183    140.057    146.713     1.5226     1.4994     0.0464     0.1350     3.2271     0.3199     0.1209 -124.38596   40.24522      54.19          9  0.000e+00
      29654   1235.542      5.117      5.157     9.0700     9.0711  36.237510  36.238287     9.0695     9.0705    33.9782    33.9780    26.3069    26.3067     4.6051     4.8242    140.223    146.894     1.5238     1.5006     0.0464     0.1350     3.2271     0.3211     0.1209 -124.38596   40.24522      54.31          9  0.000e+00
      29655   1235.583      5.071      5.110     9.0704     9.0714  36.237701  36.238860     9.0699     9.0708    33.9781    33.9784    26.3068    26.3068     4.6051     4.8182    140.222    146.712     1.5238     1.4994     0.0464     0.1350     3.2271     0.3211     0.1209 -124.38596   40.24522      54.46          9  0.000e+00
      29687   1236.917      5.216      5.257     9.0707     9.0727  36.238020  36.239944     9.0702     9.0721    33.9780    33.9782    26.3067    26.3065     4.6160     4.8300    140.553    147.070     1.5263     1.5018     0.0464     0.1350     3.2283     0.3236     0.1209 -124.38596   40.24520      53.99         10  0.000e+00
      29688   1236.958      5.263      5.304     9.0708     9.0725  36.237893  36.239816     9.0703     9.0719    33.9778    33.9782    26.3065    26.3065     4.6160     4.8300    140.554    147.071     1.5263     1.5018     0.0464     0.1350     3.2283     0.3236     0.1209 -124.38596   40.24520      53.99         10  0.000e+00
      29689   1237.000      5.137      5.177     9.0708     9.0724  36.237765  36.239943     9.0703     9.0718    33.9777    33.9785    26.3064    26.3068     4.6213     4.8300    140.717    147.069     1.5275     1.5018     0.0464     0.1350     3.2283     0.3236     0.1209 -124.38596   40.24520      54.02         10  0.000e+00
      29690   1237.042      5.170      5.210     9.0707     9.0727  36.238020  36.240071     9.0702     9.0721    33.9781    33.9784    26.3067    26.3066     4.6214     4.8299    140.718    147.069     1.5275     1.5018     0.0464     0.1350     3.2283     0.3248     0.1221 -124.38596   40.24520      54.07         10  0.000e+00
      29691   1237.083      5.263      5.304     9.0710     9.0725  36.238084  36.239562     9.0704     9.0719    33.9778    33.9779    26.3065    26.3063     4.6214     4.8300    140.719    147.072     1.5275     1.5018     0.0464     0.1350     3.2271     0.3248     0.1221 -124.38596   40.24520      54.46         10  0.000e+00
      29692   1237.125      5.170      5.210     9.0712     9.0725  36.238338  36.239625     9.0707     9.0720    33.9779    33.9780    26.3065    26.3064     4.6213     4.8300    140.716    147.070     1.5275     1.5018     0.0464     0.1350     3.2283     0.3260     0.1221 -124.38596   40.24520      54.65         10  0.000e+00
      29693   1237.167      5.263      5.304     9.0713     9.0722  36.238658  36.239498     9.0708     9.0717    33.9781    33.9781    26.3067    26.3065     4.6213     4.8301    140.717    147.072     1.5275     1.5018     0.0464     0.1350     3.2259     0.3260     0.1221 -124.38596   40.24520      54.65         10  0.000e+00
      29694   1237.208      5.216      5.257     9.0720     9.0725  36.239486  36.239625     9.0714     9.0720    33.9784    33.9780    26.3068    26.3064     4.6212     4.8300    140.714    147.071     1.5275     1.5018     0.0464     0.1350     3.2283     0.3260     0.1221 -124.38596   40.24520      54.63         10  0.000e+00
      29695   1237.250      5.217      5.257     9.0732     9.0727  36.240123  36.239498     9.0726     9.0721    33.9779    33.9777    26.3062    26.3062     4.6211     4.8300    140.711    147.070     1.5275     1.5018     0.0464     0.1350     3.2283     0.3260     0.1221 -124.38596   40.24520      54.63         10  0.000e+00
      29696   1237.292      5.263      5.304     9.0743     9.0730  36.241080  36.239880     9.0737     9.0724    33.9778    33.9778    26.3060    26.3062     4.6210     4.8300    140.708    147.070     1.5275     1.5018     0.0464     0.1350     3.2283     0.3272     0.1233 -124.38596   40.24520      54.80         10  0.000e+00
      29697   1237.333      5.263      5.304     9.0750     9.0737  36.241526  36.240517     9.0744     9.0731    33.9776    33.9778    26.3057    26.3060     4.6155     4.8299    140.541    147.068     1.5263     1.5018     0.0464     0.1350     3.2283     0.3272     0.1245 -124.38596   40.24520      54.99         10  0.000e+00
      29698   1237.375      5.217      5.257     9.0755     9.0740  36.241781  36.240453     9.0750     9.0734    33.9774    33.9775    26.3054    26.3057     4.6209     4.8298    140.704    147.066     1.5275     1.5018     0.0464     0.1350     3.2259     0.3260     0.1245 -124.38596   40.24520      55.02         10  0.000e+00
      29699   1237.417      5.283      5.324     9.0762     9.0742  36.242482  36.241091     9.0756     9.0736    33.9774    33.9779    26.3054    26.3061     4.6209     4.8298    140.703    147.066     1.5275     1.5018     0.0476     0.1655     3.2271     0.3272     0.1245 -124.38596   40.24520      55.02         10  0.000e+00
      29700   1237.458      5.217      5.257     9.0769     9.0745  36.243502  36.241536     9.0764     9.0739    33.9778    33.9781    26.3055    26.3062     4.6207     4.8298    140.699    147.064     1.5275     1.5018     0.0464     0.1350     3.2271     0.3260     0.1233 -124.38596   40.24520      54.99         10  0.000e+00
      29701   1237.500      5.263      5.304     9.0780     9.0751  36.244586  36.241664     9.0774     9.0746    33.9779    33.9776    26.3054    26.3057     4.6206     4.8297    140.696    147.063     1.5275     1.5018     0.0476     0.1655     3.2271     0.3260     0.1233 -124.38596   40.24520      54.99         10  0.000e+00
      29702   1237.542      5.263      5.304     9.0790     9.0751  36.245032  36.242110     9.0784     9.0746    33.9774    33.9781    26.3049    26.3060     4.6205     4.8297    140.693    147.062     1.5275     1.5018     0.0464     0.1350     3.2271     0.3272     0.1221 -124.38596   40.24520      54.55         10  0.000e+00
      29703   1237.583      5.263      5.304     9.0794     9.0761  36.244905  36.243002     9.0788     9.0756    33.9769    33.9780    26.3044    26.3059     4.6205     4.8296    140.692    147.059     1.5275     1.5018     0.0464     0.1350     3.2271     0.3260     0.1221 -124.38596   40.24520      54.14         10  0.000e+00
      29704   1237.625      5.217      5.257     9.0799     9.0768  36.245478  36.243447     9.0794     9.0762    33.9770    33.9779    26.3044    26.3056     4.6204     4.8295    140.690    147.056     1.5275     1.5018     0.0464     0.1350     3.2271     0.3272     0.1209 -124.38596   40.24520      54.04         10  0.000e+00
      29705   1237.667      5.263      5.304     9.0800     9.0773  36.245542  36.244021     9.0795     9.0767    33.9770    33.9780    26.3044    26.3057     4.6204     4.8295    140.690    147.055     1.5275     1.5018     0.0464     0.1350     3.2271     0.3272     0.1197 -124.38596   40.24520      54.07         10  0.000e+00
      29706   1237.708      5.316      5.357     9.0801     9.0779  36.245415  36.243957     9.0795     9.0773    33.9768    33.9773    26.3042    26.3050     4.6205     4.8295    140.691    147.054     1.5275     1.5018     0.0464     0.1350     3.2271     0.3272     0.1197 -124.38596   40.24520      54.09         10  0.000e+00
      29707   1237.750      5.263      5.304     9.0796     9.0788  36.244777  36.244339     9.0791     9.0782    33.9766    33.9769    26.3041    26.3046     4.6205     4.8293    140.692    147.051     1.5275     1.5018     0.0464     0.1350     3.2271     0.3260     0.1184 -124.38596   40.24520      54.11         10  0.000e+00
      29708   1237.792      5.263      5.304     9.0786     9.0791  36.243502  36.244785     9.0780     9.0785    33.9762    33.9771    26.3041    26.3046     4.6206     4.8293    140.696    147.049     1.5275     1.5018     0.0464     0.1350     3.2271     0.3272     0.1172 -124.38596   40.24520      54.31         10  0.000e+00
      29709   1237.833      5.230      5.270     9.0772     9.0792  36.242036  36.245104     9.0766     9.0787    33.9761    33.9773    26.3041    26.3048     4.6208     4.8292    140.700    147.048     1.5275     1.5018     0.0476     0.1655     3.2259     0.3272     0.1172 -124.38596   40.24520      54.60         10  0.000e+00
      29710   1237.875      5.316      5.357     9.0757     9.0792  36.241590  36.244976     9.0752     9.0787    33.9769    33.9771    26.3050    26.3046     4.6209     4.8293    140.705    147.050     1.5275     1.5018     0.0464     0.1350     3.2271     0.3272     0.1172 -124.38596   40.24520      54.65         10  0.000e+00
      29711   1237.917      5.263      5.304     9.0747     9.0796  36.240697  36.245295     9.0741     9.0790    33.9770    33.9772    26.3053    26.3046     4.6210     4.8292    140.708    147.048     1.5275     1.5018     0.0476     0.1655     3.2271     0.3260     0.1160 -124.38596   40.24520      54.65         10  0.000e+00
      29712   1237.958      5.263      5.304     9.0735     9.0804  36.240315  36.245996     9.0729     9.0798    33.9778    33.9771    26.3061    26.3045     4.6211     4.8291    140.711    147.045     1.5275     1.5018     0.0464     0.1350     3.2271     0.3260     0.1148 -124.38596   40.24520      54.63         10  0.000e+00
      29713   1238.000      5.263      5.304     9.0729     9.0806  36.239869  36.246187     9.0723     9.0800    33.9779    33.9771    26.3063    26.3044     4.6212     4.8291    140.713    147.044     1.5275     1.5018     0.0464     0.1350     3.2271     0.3260     0.1148 -124.38596   40.24520      54.63         10  0.000e+00
      29714   1238.042      5.263      5.304     9.0730     9.0806  36.239932  36.246378     9.0724     9.0800    33.9779    33.9773    26.3062    26.3046     4.6212     4.8291    140.712    147.044     1.5275     1.5018     0.0464     0.1350     3.2271     0.3272     0.1136 -124.38596   40.24520      54.87         10  0.000e+00
      29715   1238.083      5.263      5.304     9.0730     9.0804  36.239805  36.245996     9.0724     9.0798    33.9777    33.9771    26.3061    26.3045     4.6212     4.8291    140.712    147.045     1.5275     1.5018     0.0476     0.1655     3.2271     0.3272     0.1136 -124.38596   40.24520      55.14         10  0.000e+00
      29716   1238.125      5.316      5.357     9.0729     9.0797  36.239933  36.245614     9.0723     9.0791    33.9779    33.9773    26.3063    26.3047     4.6212     4.8292    140.713    147.048     1.5275     1.5018     0.0464     0.1350     3.2271     0.3272     0.1136 -124.38596   40.24520      55.21         10  0.000e+00
      29717   1238.167      5.263      5.304     9.0730     9.0791  36.239996  36.244785     9.0724     9.0785    33.9779    33.9771    26.3063    26.3046     4.6212     4.8293    140.712    147.049     1.5275     1.5018     0.0464     0.1350     3.2271     0.3260     0.1123 -124.38596   40.24520      55.19         10  0.000e+00
      29718   1238.208      5.263      5.304     9.0729     9.0779  36.239805  36.243766     9.0723     9.0774    33.9778    33.9771    26.3062    26.3049     4.6158     4.8294    140.548    147.053     1.5263     1.5018     0.0464     0.1350     3.2271     0.3260     0.1123 -124.38596   40.24520      55.19         10  0.000e+00
      29719   1238.250      5.283      5.324     9.0730     9.0766  36.239677  36.243320     9.0724     9.0760    33.9776    33.9779    26.3060    26.3057     4.6158     4.8296    140.548    147.058     1.5263     1.5018     0.0476     0.1655     3.2271     0.3260     0.1123 -124.38596   40.24520      55.16         10  0.000e+00
      29720   1238.292      5.263      5.304     9.0722     9.0751  36.239231  36.242046     9.0716     9.0746    33.9779    33.9780    26.3064    26.3060     4.6158     4.8297    140.550    147.062     1.5263     1.5018     0.0464     0.1350     3.2271     0.3260     0.1111 -124.38596   40.24520      55.04         10  0.000e+00
      29721   1238.333      5.263      5.304     9.0714     9.0742  36.238084  36.240899     9.0708     9.0736    33.9775    33.9777    26.3061    26.3059     4.6159     4.8298    140.553    147.066     1.5263     1.5018     0.0464     0.1350     3.2271     0.3260     0.1111 -124.38596   40.24520      54.85         10  0.000e+00
      29722   1238.375      5.263      5.304     9.0707     9.0735  36.237319  36.240199     9.0701     9.0729    33.9773    33.9776    26.3062    26.3060     4.6160     4.8299    140.555    147.068     1.5263     1.5018     0.0464     0.1350     3.2283     0.3260     0.1111 -124.38596   40.24520      54.82         10  0.000e+00
      29723   1238.417      5.316      5.357     9.0702     9.0720  36.237383  36.239562     9.0697     9.0715    33.9778    33.9783    26.3066    26.3067     4.6161     4.8301    140.557    147.074     1.5263     1.5018     0.0476     0.1655     3.2271     0.3248     0.1111 -124.38596   40.24520      54.82         10  0.000e+00
      29724   1238.458      5.217      5.257     9.0704     9.0712  36.237701  36.239179     9.0698     9.0707    33.9781    33.9788    26.3068    26.3072     4.6160     4.8301    140.555    147.074     1.5263     1.5018     0.0464     0.1350     3.2271     0.3248     0.1099 -124.38596   40.24520      54.85         10  0.000e+00
      29725   1238.500      5.316      5.357     9.0695     9.0715  36.236745  36.239307     9.0690     9.0710    33.9778    33.9786    26.3067    26.3070     4.6162     4.8302    140.559    147.075     1.5263     1.5018     0.0464     0.1350     3.2271     0.3236     0.1099 -124.38596   40.24520      54.82         10  0.000e+00
      29726   1238.542      5.263      5.304     9.0678     9.0715  36.235088  36.239434     9.0672     9.0710    33.9777    33.9787    26.3069    26.3071     4.6163     4.8301    140.564    147.074     1.5263     1.5018     0.0464     0.1350     3.2283     0.3248     0.1111 -124.38596   40.24520      55.07         10  0.000e+00
      29727   1238.583      5.263      5.304     9.0668     9.0712  36.234514  36.239180     9.0662     9.0706    33.9781    33.9788    26.3074    26.3072     4.6164     4.8302    140.567    147.075     1.5263     1.5018     0.0464     0.1350     3.2259     0.3248     0.1099 -124.38596   40.24520      55.26         10  0.000e+00
      29728   1238.625      5.283      5.324     9.0663     9.0711  36.234068  36.238351     9.0658     9.0705    33.9781    33.9780    26.3074    26.3066     4.6165     4.8302    140.569    147.077     1.5263     1.5018     0.0464     0.1350     3.2283     0.3236     0.1099 -124.38596   40.24520      55.31         10  0.000e+00
