WCOA/WCOA-6/CTD_Data/RB2102_CTD_092_01.ros
* Sea-Bird SBE 9 Data File:
* FileName = C:\Users\scs.user.rb\CTD\RB2102\Data\RB2102_CTD_092_01.hex
* Software Version Seasave V 7.26.7.107
* Temperature SN = 6202
* Conductivity SN = 4907
* Number of Bytes Per Scan = 41
* Number of Voltage Words = 4
* Number of Scans Averaged by the Deck Unit = 1
* NMEA Latitude = 37 46.34 N
* NMEA Longitude = 122 37.98 W
* NMEA UTC (Time) = Jul 12 2021  23:53:04
* NMEA baud rate = 4800
# nquan = 30
# nvalues = 259                                   
# units = specified
# name 0 = scan: Scan Count
# name 1 = timeS: Time, Elapsed [seconds]
# name 2 = depSM: Depth [salt water, m]
# name 3 = prDM: Pressure, Digiquartz [db]
# name 4 = t090C: Temperature [ITS-90, deg C]
# name 5 = t190C: Temperature, 2 [ITS-90, deg C]
# name 6 = c0mS/cm: Conductivity [mS/cm]
# name 7 = c1mS/cm: Conductivity, 2 [mS/cm]
# name 8 = potemp090C: Potential Temperature [ITS-90, deg C]
# name 9 = potemp190C: Potential Temperature, 2 [ITS-90, deg C]
# name 10 = sal00: Salinity, Practical [PSU]
# name 11 = sal11: Salinity, Practical, 2 [PSU]
# name 12 = sigma-é00: Density [sigma-theta, kg/m^3]
# name 13 = sigma-é11: Density, 2 [sigma-theta, kg/m^3]
# name 14 = sbeox0Mg/L: Oxygen, SBE 43 [mg/l]
# name 15 = sbeox1Mg/L: Oxygen, SBE 43, 2 [mg/l]
# name 16 = sbox0Mm/Kg: Oxygen, SBE 43 [umol/kg]
# name 17 = sbox1Mm/Kg: Oxygen, SBE 43, 2 [umol/kg]
# name 18 = sbeox0V: Oxygen raw, SBE 43 [V]
# name 19 = sbeox1V: Oxygen raw, SBE 43, 2 [V]
# name 20 = v4: Voltage 4
# name 21 = flECO-AFL: Fluorescence, WET Labs ECO-AFL/FL [mg/m^3]
# name 22 = v3: Voltage 3
# name 23 = v6: Voltage 6
# name 24 = v7: Voltage 7
# name 25 = longitude: Longitude [deg]
# name 26 = latitude: Latitude [deg]
# name 27 = altM: Altimeter [m]
# name 28 = nbf: Bottles Fired
# name 29 = flag:  0.000e+00
# interval = seconds: 0.0416667
# start_time = Jul 12 2021 23:53:04 [NMEA time, header]
# bad_flag = -9.990e-29
*END*
[from data line 242]
      17929    747.000      3.646      3.674    12.8648    13.0261  39.447431  39.595732    12.8643    13.0256    33.6749    33.6723    25.3932    25.3593     7.7631     7.7751    236.594    236.965     2.3858     2.2613     0.1807     3.4927     3.3565     0.4408     0.3883 -122.63314   37.77208      13.94          6  0.000e+00
      17930    747.042      3.693      3.721    12.8597    13.1013  39.435761  39.639756    12.8592    13.1008    33.6683    33.6471    25.3892    25.3248     7.7544     7.7472    236.328    236.124     2.3834     2.2576     0.1819     3.5232     3.3578     0.4408     0.3871 -122.63314   37.77208      13.94          6  0.000e+00
      17931    747.083      3.693      3.721    12.8477    13.1517  39.421522  39.658240    12.8472    13.1512    33.6655    33.6199    25.3893    25.2937     7.7415     7.7345    235.936    235.744     2.3797     2.2564     0.1819     3.5232     3.3578     0.4408     0.3871 -122.63314   37.77208      13.94          6  0.000e+00
      17932    747.125      3.646      3.674    12.8283    13.1683  39.405440  39.664182    12.8278    13.1678    33.6675    33.6108    25.3947    25.2834     7.7346     7.7159    235.723    235.179     2.3773     2.2527     0.1832     3.5538     3.3565     0.4408     0.3871 -122.63314   37.77208      13.94          6  0.000e+00
      17933    747.167      3.739      3.767    12.8072    13.1552  39.388242  39.659759    12.8067    13.1547    33.6699    33.6182    25.4007    25.2917     7.7281     7.7125    235.523    235.073     2.3748     2.2515     0.1832     3.5538     3.3578     0.4408     0.3871 -122.63314   37.77208      13.94          6  0.000e+00
      17934    747.208      3.693      3.721    12.7839    13.1366  39.371178  39.665045    12.7834    13.1361    33.6744    33.6397    25.4088    25.3121     7.7216     7.6984    235.325    234.639     2.3724     2.2479     0.1832     3.5538     3.3578     0.4408     0.3871 -122.63314   37.77208      13.92          6  0.000e+00
      17935    747.250      3.706      3.734    12.7653    13.1182  39.355829  39.640150    12.7648    13.1177    33.6764    33.6325    25.4140    25.3101     7.7146     7.6965    235.110    234.582     2.3700     2.2466     0.1832     3.5538     3.3578     0.4396     0.3858 -122.63314   37.77208      13.94          6  0.000e+00
      17936    747.292      3.693      3.721    12.7440    12.9905  39.338441  39.536485    12.7435    12.9900    33.6788    33.6477    25.4200    25.3473     7.7080     7.7068    234.907    234.886     2.3675     2.2442     0.1832     3.5538     3.3578     0.4396     0.3858 -122.63314   37.77208      13.92          6  0.000e+00
      17937    747.333      3.739      3.767    12.7073    12.9276  39.308876  39.465478    12.7068    12.9271    33.6833    33.6361    25.4307    25.3508     7.7039     7.7073    234.778    234.902     2.3651     2.2418     0.1832     3.5538     3.3578     0.4396     0.3858 -122.63314   37.77208      13.92          6  0.000e+00
      17938    747.375      3.792      3.821    12.6695    12.9051  39.289787  39.451047    12.6690    12.9046    33.6989    33.6423    25.4502    25.3601     7.6994     7.7001    234.637    234.679     2.3626     2.2393     0.1832     3.5538     3.3578     0.4396     0.3858 -122.63314   37.77208      13.92          6  0.000e+00
      17939    747.417      3.693      3.721    12.6849    12.8501  39.306113  39.422521    12.6844    12.8496    33.7008    33.6643    25.4486    25.3879     7.6866     7.6975    234.249    234.595     2.3602     2.2369     0.1832     3.5538     3.3578     0.4396     0.3846 -122.63314   37.77208      13.92          6  0.000e+00
      17940    747.458      3.792      3.821    12.7181    12.7782  39.336864  39.368980    12.7176    12.7777    33.7004    33.6773    25.4418    25.4121     7.6713     7.6984    233.783    234.618     2.3578     2.2344     0.1832     3.5538     3.3578     0.4396     0.3846 -122.63314   37.77208      13.92          6  0.000e+00
      17941    747.500      3.739      3.767    12.7460    12.7348  39.361695  39.319018    12.7455    12.7343    33.6992    33.6685    25.4354    25.4138     7.6567     7.6954    233.340    234.525     2.3553     2.2320     0.1832     3.5538     3.3565     0.4396     0.3834 -122.63314   37.77208      13.92          6  0.000e+00
      17942    747.542      3.792      3.821    12.7688    12.7131  39.379219  39.278619    12.7683    12.7126    33.6955    33.6492    25.4281    25.4031     7.6432     7.6892    232.930    234.339     2.3529     2.2295     0.1832     3.5538     3.3578     0.4396     0.3834 -122.63314   37.77208      13.92          6  0.000e+00
      17943    747.583      3.792      3.821    12.7862    12.6499  39.388640  39.241924    12.7857    12.6494    33.6889    33.6706    25.4196    25.4321     7.6257     7.6936    232.398    234.466     2.3492     2.2283     0.1832     3.5538     3.3565     0.4396     0.3834 -122.63314   37.77208      13.92          6  0.000e+00
      17944    747.625      3.838      3.867    12.8082    12.5770  39.395821  39.218721    12.8077    12.5765    33.6761    33.7136    25.4053    25.4796     7.6177     7.6932    232.160    234.443     2.3480     2.2259     0.1832     3.5538     3.3578     0.4396     0.3834 -122.63314   37.77208      13.92          6  0.000e+00
      17945    747.667      3.805      3.834    12.8252    12.5323  39.405837  39.213927    12.8247    12.5318    33.6705    33.7491    25.3977    25.5158     7.6052     7.6883    231.780    234.284     2.3455     2.2234     0.1832     3.5538     3.3578     0.4396     0.3834 -122.63314   37.77208      13.92          6  0.000e+00
