WCOA/WCOA-6/CTD_Data/RB2102_CTD_106_01.ros
* Sea-Bird SBE 9 Data File:
* FileName = C:\Users\scs.user.rb\CTD\RB2102\Data\RB2102_CTD_106_01.hex
* Software Version Seasave V 7.26.7.107
* Temperature SN = 6202
* Conductivity SN = 4907
* Number of Bytes Per Scan = 41
* Number of Voltage Words = 4
* Number of Scans Averaged by the Deck Unit = 1
* NMEA Latitude = 35 18.65 N
* NMEA Longitude = 121 57.72 W
* NMEA UTC (Time) = Jul 15 2021  22:10:20
* NMEA baud rate = 4800
# nquan = 30
# nvalues = 1176                                  
# units = specified
# name 0 = scan: Scan Count
# name 1 = timeS: Time, Elapsed [seconds]
# name 2 = depSM: Depth [salt water, m]
# name 3 = prDM: Pressure, Digiquartz [db]
# name 4 = t090C: Temperature [ITS-90, deg C]
# name 5 = t190C: Temperature, 2 [ITS-90, deg C]
# name 6 = c0mS/cm: Conductivity [mS/cm]
# name 7 = c1mS/cm: Conductivity, 2 [mS/cm]
# name 8 = potemp090C: Potential Temperature [ITS-90, deg C]
# name 9 = potemp190C: Potential Temperature, 2 [ITS-90, deg C]
# name 10 = sal00: Salinity, Practical [PSU]
# name 11 = sal11: Salinity, Practical, 2 [PSU]
# name 12 = sigma-é00: Density [sigma-theta, kg/m^3]
# name 13 = sigma-é11: Density, 2 [sigma-theta, kg/m^3]
# name 14 = sbeox0Mg/L: Oxygen, SBE 43 [mg/l]
# name 15 = sbeox1Mg/L: Oxygen, SBE 43, 2 [mg/l]
# name 16 = sbox0Mm/Kg: Oxygen, SBE 43 [umol/kg]
# name 17 = sbox1Mm/Kg: Oxygen, SBE 43, 2 [umol/kg]
# name 18 = sbeox0V: Oxygen raw, SBE 43 [V]
# name 19 = sbeox1V: Oxygen raw, SBE 43, 2 [V]
# name 20 = v4: Voltage 4
# name 21 = flECO-AFL: Fluorescence, WET Labs ECO-AFL/FL [mg/m^3]
# name 22 = v3: Voltage 3
# name 23 = v6: Voltage 6
# name 24 = v7: Voltage 7
# name 25 = longitude: Longitude [deg]
# name 26 = latitude: Latitude [deg]
# name 27 = altM: Altimeter [m]
# name 28 = nbf: Bottles Fired
# name 29 = flag:  0.000e+00
# interval = seconds: 0.0416667
# start_time = Jul 15 2021 22:10:20 [NMEA time, header]
# bad_flag = -9.990e-29
*END*
[from data line 242]
     135270   5636.208    989.903    999.529     4.1650     4.1616  32.678433  32.676009     4.0882     4.0848    34.4477    34.4484    27.3376    27.3385     0.5298     0.5502     16.117     16.738     0.5800     0.5922     0.0415     0.0129     3.2650     0.0415     0.0208 -121.96348   35.31010     100.00          5  0.000e+00
     135271   5636.250    989.903    999.529     4.1650     4.1612  32.678678  32.676376     4.0882     4.0845    34.4480    34.4492    27.3378    27.3392     0.5229     0.5578     15.905     16.969     0.5788     0.5934     0.0415     0.0129     3.2650     0.0415     0.0208 -121.96348   35.31010     100.00          5  0.000e+00
     135272   5636.292    989.903    999.529     4.1649     4.1614  32.678556  32.676131     4.0881     4.0846    34.4480    34.4487    27.3379    27.3388     0.5229     0.5502     15.906     16.738     0.5788     0.5922     0.0415     0.0129     3.2650     0.0415     0.0208 -121.96348   35.31010     100.00          5  0.000e+00
     144447   6018.583    743.158    749.938     5.1449     5.1339  33.379574  33.372257     5.0831     5.0721    34.3754    34.3783    27.1704    27.1740     0.3166     0.3398      9.633     10.338     0.5458     0.5617     0.0415     0.0129     3.2625     0.0488     0.0415 -121.96356   35.31008     100.00          6  0.000e+00
     144448   6018.625    743.112    749.890     5.1451     5.1343  33.379944  33.372689     5.0834     5.0726    34.3756    34.3783    27.1706    27.1740     0.3166     0.3398      9.633     10.337     0.5458     0.5617     0.0403    -0.0177     3.2637     0.0476     0.0379 -121.96356   35.31008     100.00          6  0.000e+00
     144449   6018.667    743.112    749.890     5.1455     5.1347  33.380129  33.372504     5.0837     5.0729    34.3754    34.3778    27.1704    27.1735     0.3166     0.3469      9.633     10.555     0.5458     0.5629     0.0415     0.0129     3.2613     0.0440     0.0330 -121.96356   35.31008     100.00          6  0.000e+00
     144450   6018.708    743.158    749.938     5.1457     5.1348  33.380562  33.372442     5.0839     5.0731    34.3757    34.3775    27.1706    27.1733     0.3166     0.3398      9.633     10.337     0.5458     0.5617     0.0415     0.0129     3.2637     0.0440     0.0330 -121.96356   35.31008     100.00          6  0.000e+00
     144451   6018.750    743.112    749.890     5.1462     5.1347  33.381426  33.372689     5.0844     5.0729    34.3762    34.3780    27.1709    27.1737     0.3166     0.3398      9.633     10.337     0.5458     0.5617     0.0415     0.0129     3.2637     0.0427     0.0317 -121.96356   35.31008     100.00          6  0.000e+00
     144452   6018.792    743.112    749.890     5.1472     5.1348  33.382784  33.372689     5.0854     5.0731    34.3767    34.3778    27.1712    27.1735     0.3166     0.3398      9.632     10.337     0.5458     0.5617     0.0415     0.0129     3.2625     0.0427     0.0305 -121.96358   35.31008     100.00          6  0.000e+00
     144453   6018.833    743.145    749.924     5.1483     5.1353  33.383587  33.372874     5.0864     5.0735    34.3766    34.3776    27.1710    27.1733     0.3232     0.3398      9.832     10.337     0.5470     0.5617     0.0415     0.0129     3.2625     0.0415     0.0305 -121.96358   35.31008     100.00          6  0.000e+00
     144454   6018.875    743.112    749.890     5.1492     5.1353  33.384204  33.372812     5.0874     5.0735    34.3763    34.3775    27.1706    27.1732     0.3231     0.3398      9.831     10.337     0.5470     0.5617     0.0415     0.0129     3.2625     0.0415     0.0305 -121.96358   35.31008     100.00          6  0.000e+00
     144455   6018.917    743.112    749.890     5.1502     5.1353  33.384142  33.372503     5.0883     5.0735    34.3753    34.3771    27.1697    27.1729     0.3231     0.3398      9.831     10.337     0.5470     0.5617     0.0415     0.0129     3.2625     0.0415     0.0293 -121.96358   35.31008     100.00          6  0.000e+00
     144456   6018.958    743.112    749.890     5.1510     5.1353  33.384512  33.372442     5.0892     5.0735    34.3748    34.3771    27.1693    27.1729     0.3231     0.3398      9.831     10.337     0.5470     0.5617     0.0415     0.0129     3.2625     0.0415     0.0293 -121.96358   35.31008     100.00          6  0.000e+00
     144457   6019.000    743.112    749.890     5.1519     5.1353  33.384451  33.372442     5.0901     5.0735    34.3738    34.3771    27.1684    27.1729     0.3166     0.3398      9.631     10.337     0.5458     0.5617     0.0415     0.0129     3.2637     0.0403     0.0293 -121.96358   35.31008     100.00          6  0.000e+00
     144458   6019.042    743.058    749.836     5.1517     5.1351  33.383895  33.372812     5.0899     5.0734    34.3734    34.3777    27.1681    27.1734     0.3166     0.3398      9.631     10.337     0.5458     0.5617     0.0403    -0.0177     3.2625     0.0403     0.0293 -121.96358   35.31008     100.00          6  0.000e+00
     144459   6019.083    743.112    749.890     5.1515     5.1353  33.383772  33.372812     5.0896     5.0735    34.3735    34.3775    27.1682    27.1732     0.3166     0.3398      9.632     10.337     0.5458     0.5617     0.0403    -0.0177     3.2625     0.0403     0.0281 -121.96358   35.31008     100.00          6  0.000e+00
     144460   6019.125    743.058    749.836     5.1513     5.1355  33.383771  33.372935     5.0895     5.0737    34.3737    34.3775    27.1684    27.1732     0.3166     0.3398      9.631     10.337     0.5458     0.5617     0.0403    -0.0177     3.2625     0.0403     0.0281 -121.96358   35.31008     100.00          6  0.000e+00
     144461   6019.167    743.058    749.836     5.1512     5.1356  33.384204  33.373429     5.0893     5.0738    34.3743    34.3779    27.1689    27.1735     0.3231     0.3398      9.831     10.337     0.5470     0.5617     0.0403    -0.0177     3.2637     0.0403     0.0281 -121.96358   35.31008     100.00          6  0.000e+00
     144462   6019.208    743.112    749.890     5.1515     5.1359  33.384821  33.372997     5.0896     5.0742    34.3747    34.3770    27.1691    27.1728     0.3166     0.3398      9.631     10.337     0.5458     0.5617     0.0403    -0.0177     3.2637     0.0391     0.0281 -121.96358   35.31008     100.00          6  0.000e+00
     144463   6019.250    743.011    749.789     5.1516     5.1363  33.384759  33.373182     5.0898     5.0745    34.3746    34.3769    27.1690    27.1727     0.3166     0.3398      9.631     10.337     0.5458     0.5617     0.0403    -0.0177     3.2637     0.0391     0.0281 -121.96358   35.31008     100.00          6  0.000e+00
     144464   6019.292    743.058    749.836     5.1517     5.1359  33.385068  33.373614     5.0899     5.0742    34.3747    34.3778    27.1691    27.1734     0.3166     0.3398      9.631     10.337     0.5458     0.5617     0.0403    -0.0177     3.2637     0.0403     0.0281 -121.96358   35.31008     100.00          6  0.000e+00
     144465   6019.333    743.045    749.823     5.1523     5.1359  33.385253  33.373367     5.0905     5.0742    34.3744    34.3775    27.1688    27.1731     0.3231     0.3398      9.831     10.337     0.5470     0.5617     0.0403    -0.0177     3.2625     0.0415     0.0305 -121.96358   35.31008     100.00          6  0.000e+00
     144466   6019.375    743.011    749.789     5.1524     5.1363  33.385685  33.373490     5.0906     5.0745    34.3748    34.3773    27.1691    27.1729     0.3166     0.3398      9.631     10.337     0.5458     0.5617     0.0403    -0.0177     3.2625     0.0427     0.0317 -121.96358   35.31008     100.00          6  0.000e+00
     144467   6019.417    743.011    749.789     5.1529     5.1361  33.385623  33.373243     5.0911     5.0743    34.3742    34.3772    27.1686    27.1729     0.3166     0.3398      9.631     10.337     0.5458     0.5617     0.0403    -0.0177     3.2625     0.0452     0.0342 -121.96358   35.31008     100.00          6  0.000e+00
     144468   6019.458    743.058    749.836     5.1530     5.1363  33.385315  33.373675     5.0912     5.0745    34.3737    34.3775    27.1682    27.1731     0.3166     0.3398      9.631     10.337     0.5458     0.5617     0.0403    -0.0177     3.2625     0.0427     0.0305 -121.96358   35.31008     100.00          6  0.000e+00
     144469   6019.500    742.958    749.735     5.1531     5.1366  33.385067  33.373428     5.0913     5.0748    34.3734    34.3770    27.1679    27.1726     0.3166     0.3398      9.631     10.337     0.5458     0.5617     0.0403    -0.0177     3.2625     0.0403     0.0269 -121.96358   35.31008     100.00          6  0.000e+00
     144470   6019.542    743.011    749.789     5.1524     5.1369  33.384759  33.373120     5.0906     5.0751    34.3738    34.3763    27.1683    27.1721     0.3166     0.3398      9.631     10.337     0.5458     0.5617     0.0403    -0.0177     3.2625     0.0403     0.0269 -121.96358   35.31008     100.00          6  0.000e+00
     144471   6019.583    743.011    749.789     5.1522     5.1366  33.384883  33.373490     5.0904     5.0748    34.3740    34.3770    27.1685    27.1727     0.3166     0.3398      9.631     10.337     0.5458     0.5617     0.0403    -0.0177     3.2625     0.0403     0.0269 -121.96358   35.31008     100.00          6  0.000e+00
     144472   6019.625    742.958    749.735     5.1522     5.1367  33.384512  33.373428     5.0904     5.0750    34.3736    34.3768    27.1682    27.1725     0.3166     0.3398      9.631     10.337     0.5458     0.5617     0.0403    -0.0177     3.2625     0.0403     0.0269 -121.96358   35.31008     100.00          6  0.000e+00
     144473   6019.667    742.958    749.735     5.1524     5.1369  33.384821  33.373305     5.0906     5.0751    34.3738    34.3765    27.1683    27.1722     0.3231     0.3398      9.830     10.337     0.5470     0.5617     0.0403    -0.0177     3.2613     0.0403     0.0256 -121.96358   35.31008     100.00          6  0.000e+00
     144474   6019.708    742.958    749.735     5.1529     5.1367  33.385191  33.373490     5.0911     5.0750    34.3738    34.3769    27.1682    27.1725     0.3166     0.3398      9.631     10.337     0.5458     0.5617     0.0403    -0.0177     3.2625     0.0391     0.0256 -121.96358   35.31008     100.00          6  0.000e+00
     144475   6019.750    742.958    749.735     5.1532     5.1366  33.385685  33.373675     5.0913     5.0748    34.3740    34.3772    27.1684    27.1729     0.3166     0.3398      9.631     10.337     0.5458     0.5617     0.0403    -0.0177     3.2637     0.0391     0.0256 -121.96358   35.31008     100.00          6  0.000e+00
     144476   6019.792    742.911    749.688     5.1534     5.1367  33.385870  33.373613     5.0915     5.0750    34.3741    34.3770    27.1684    27.1727     0.3166     0.3398      9.631     10.337     0.5458     0.5617     0.0403    -0.0177     3.2637     0.0391     0.0256 -121.96358   35.31008     100.00          6  0.000e+00
     144477   6019.833    742.944    749.721     5.1532     5.1367  33.385623  33.373798     5.0914     5.0750    34.3739    34.3772    27.1683    27.1728     0.3166     0.3398      9.631     10.337     0.5458     0.5617     0.0403    -0.0177     3.2613     0.0403     0.0269 -121.96358   35.31008     100.00          6  0.000e+00
     144478   6019.875    742.864    749.640     5.1530     5.1367  33.385993  33.373736     5.0912     5.0750    34.3746    34.3772    27.1689    27.1728     0.3231     0.3397      9.830     10.336     0.5470     0.5617     0.0403    -0.0177     3.2625     0.0488     0.0415 -121.96358   35.31008     100.00          6  0.000e+00
     144479   6019.917    742.911    749.688     5.1530     5.1367  33.385932  33.373860     5.0912     5.0750    34.3745    34.3773    27.1688    27.1729     0.3231     0.3398      9.830     10.337     0.5470     0.5617     0.0403    -0.0177     3.2625     0.0476     0.0366 -121.96358   35.31008     100.00          6  0.000e+00
     144480   6019.958    742.864    749.640     5.1534     5.1367  33.386549  33.374106     5.0916     5.0750    34.3749    34.3776    27.1690    27.1731     0.3231     0.3397      9.830     10.336     0.5470     0.5617     0.0403    -0.0177     3.2625     0.0427     0.0293 -121.96358   35.31008     100.00          6  0.000e+00
     144481   6020.000    742.911    749.688     5.1536     5.1369  33.386796  33.373860     5.0917     5.0751    34.3749    34.3772    27.1691    27.1728     0.3231     0.3469      9.830     10.555     0.5470     0.5629     0.0403    -0.0177     3.2625     0.0440     0.0305 -121.96358   35.31008     100.00          6  0.000e+00
     144482   6020.042    742.864    749.640     5.1538     5.1372  33.386981  33.374106     5.0920     5.0755    34.3749    34.3771    27.1690    27.1727     0.3231     0.3397      9.830     10.336     0.5470     0.5617     0.0403    -0.0177     3.2625     0.0415     0.0293 -121.96358   35.31008     100.00          6  0.000e+00
     144483   6020.083    742.810    749.586     5.1538     5.1374  33.386858  33.374044     5.0920     5.0757    34.3748    34.3769    27.1689    27.1725     0.3231     0.3397      9.830     10.336     0.5470     0.5617     0.0403    -0.0177     3.2625     0.0415     0.0293 -121.96358   35.31008     100.00          6  0.000e+00
     144484   6020.125    742.864    749.640     5.1535     5.1374  33.386302  33.373428     5.0917     5.0757    34.3744    34.3762    27.1687    27.1719     0.3231     0.3397      9.830     10.336     0.5470     0.5617     0.0403    -0.0177     3.2613     0.0415     0.0281 -121.96358   35.31008     100.00          6  0.000e+00
     144485   6020.167    742.810    749.586     5.1531     5.1371  33.385684  33.373736     5.0913     5.0754    34.3742    34.3769    27.1685    27.1725     0.3231     0.3397      9.830     10.336     0.5470     0.5617     0.0403    -0.0177     3.2625     0.0427     0.0305 -121.96358   35.31008     100.00          6  0.000e+00
     144486   6020.208    742.864    749.640     5.1521     5.1367  33.385314  33.373058     5.0903     5.0750    34.3748    34.3764    27.1691    27.1722     0.3231     0.3398      9.830     10.337     0.5470     0.5617     0.0403    -0.0177     3.2637     0.0415     0.0293 -121.96358   35.31008     100.00          6  0.000e+00
     144487   6020.250    742.811    749.586     5.1510     5.1369  33.384573  33.373181     5.0892     5.0752    34.3751    34.3764    27.1695    27.1722     0.3231     0.3397      9.830     10.336     0.5470     0.5617     0.0403    -0.0177     3.2625     0.0415     0.0269 -121.96358   35.31008     100.00          6  0.000e+00
     144488   6020.292    742.764    749.539     5.1500     5.1364  33.384141  33.373304     5.0882     5.0747    34.3756    34.3771    27.1700    27.1727     0.3166     0.3397      9.631     10.336     0.5458     0.5617     0.0403    -0.0177     3.2637     0.0403     0.0269 -121.96358   35.31008     100.00          6  0.000e+00
     144489   6020.333    742.811    749.586     5.1492     5.1367  33.383586  33.373613     5.0874     5.0750    34.3757    34.3771    27.1702    27.1727     0.3166     0.3397      9.632     10.336     0.5458     0.5617     0.0403    -0.0177     3.2613     0.0403     0.0269 -121.96358   35.31008     100.00          6  0.000e+00
     144490   6020.375    742.744    749.518     5.1486     5.1366  33.383462  33.373613     5.0869     5.0749    34.3762    34.3773    27.1707    27.1729     0.3166     0.3397      9.632     10.336     0.5458     0.5617     0.0403    -0.0177     3.2637     0.0403     0.0269 -121.96358   35.31008     100.00          6  0.000e+00
     144491   6020.417    742.764    749.539     5.1486     5.1366  33.383462  33.373428     5.0868     5.0749    34.3763    34.3770    27.1707    27.1727     0.3166     0.3397      9.632     10.336     0.5458     0.5617     0.0403    -0.0177     3.2613     0.0403     0.0269 -121.96358   35.31008     100.00          6  0.000e+00
