WCOA/WCOA-6/CTD_Data/RB2102_CTD_076_01.ros
* Sea-Bird SBE 9 Data File:
* FileName = C:\Users\scs.user.rb\CTD\RB2102\Data\RB2102_CTD_076_01.hex
* Software Version Seasave V 7.26.7.107
* Temperature SN = 6202
* Conductivity SN = 4907
* Number of Bytes Per Scan = 41
* Number of Voltage Words = 4
* Number of Scans Averaged by the Deck Unit = 1
* NMEA Latitude = 38 46.70 N
* NMEA Longitude = 124 05.55 W
* NMEA UTC (Time) = Jul 09 2021  22:50:59
* NMEA baud rate = 4800
# nquan = 30
# nvalues = 1153                                  
# units = specified
# name 0 = scan: Scan Count
# name 1 = timeS: Time, Elapsed [seconds]
# name 2 = depSM: Depth [salt water, m]
# name 3 = prDM: Pressure, Digiquartz [db]
# name 4 = t090C: Temperature [ITS-90, deg C]
# name 5 = t190C: Temperature, 2 [ITS-90, deg C]
# name 6 = c0mS/cm: Conductivity [mS/cm]
# name 7 = c1mS/cm: Conductivity, 2 [mS/cm]
# name 8 = potemp090C: Potential Temperature [ITS-90, deg C]
# name 9 = potemp190C: Potential Temperature, 2 [ITS-90, deg C]
# name 10 = sal00: Salinity, Practical [PSU]
# name 11 = sal11: Salinity, Practical, 2 [PSU]
# name 12 = sigma-é00: Density [sigma-theta, kg/m^3]
# name 13 = sigma-é11: Density, 2 [sigma-theta, kg/m^3]
# name 14 = sbeox0Mg/L: Oxygen, SBE 43 [mg/l]
# name 15 = sbeox1Mg/L: Oxygen, SBE 43, 2 [mg/l]
# name 16 = sbox0Mm/Kg: Oxygen, SBE 43 [umol/kg]
# name 17 = sbox1Mm/Kg: Oxygen, SBE 43, 2 [umol/kg]
# name 18 = sbeox0V: Oxygen raw, SBE 43 [V]
# name 19 = sbeox1V: Oxygen raw, SBE 43, 2 [V]
# name 20 = v4: Voltage 4
# name 21 = flECO-AFL: Fluorescence, WET Labs ECO-AFL/FL [mg/m^3]
# name 22 = v3: Voltage 3
# name 23 = v6: Voltage 6
# name 24 = v7: Voltage 7
# name 25 = longitude: Longitude [deg]
# name 26 = latitude: Latitude [deg]
# name 27 = altM: Altimeter [m]
# name 28 = nbf: Bottles Fired
# name 29 = flag:  0.000e+00
# interval = seconds: 0.0416667
# start_time = Jul 09 2021 22:50:59 [NMEA time, header]
# bad_flag = -9.990e-29
*END*
[from data line 49]
      70913   2954.667   2044.835   2070.589     1.9546     1.9558  31.319629  31.320164     1.8129     1.8141    34.6123    34.6117    27.6756    27.6750     2.3086     2.4029     70.202     73.070     0.8193     0.8193     0.0403    -0.0177     3.2479     0.0745     0.0171 -124.09166   38.77880       9.18          2  0.000e+00
      70914   2954.708   2044.767   2070.520     1.9546     1.9555  31.319568  31.320585     1.8130     1.8138    34.6122    34.6125    27.6756    27.6758     2.3086     2.4029     70.201     73.070     0.8193     0.8193     0.0403    -0.0177     3.2479     0.0745     0.0159 -124.09166   38.77880       9.18          2  0.000e+00
      70915   2954.750   2044.835   2070.590     1.9544     1.9556  31.319508  31.320646     1.8128     1.8140    34.6123    34.6124    27.6757    27.6757     2.3001     2.4029     69.944     73.070     0.8181     0.8193     0.0403    -0.0177     3.2466     0.0733     0.0159 -124.09166   38.77880       9.18          2  0.000e+00
      70916   2954.792   2044.869   2070.624     1.9544     1.9555  31.319508  31.320585     1.8128     1.8138    34.6123    34.6125    27.6756    27.6757     2.3086     2.4030     70.203     73.071     0.8193     0.8193     0.0403    -0.0177     3.2466     0.0708     0.0159 -124.09166   38.77880       9.16          2  0.000e+00
      70917   2954.833   2044.835   2070.590     1.9542     1.9555  31.319749  31.320585     1.8126     1.8138    34.6128    34.6125    27.6760    27.6757     2.3086     2.4029     70.202     73.071     0.8193     0.8193     0.0403    -0.0177     3.2479     0.0708     0.0159 -124.09166   38.77880       9.08          2  0.000e+00
      70918   2954.875   2044.822   2070.576     1.9545     1.9558  31.319388  31.320585     1.8128     1.8141    34.6121    34.6122    27.6755    27.6754     2.3086     2.4029     70.202     73.070     0.8193     0.8193     0.0403    -0.0177     3.2466     0.0696     0.0159 -124.09166   38.77880       9.04          2  0.000e+00
      70919   2954.917   2044.835   2070.590     1.9542     1.9556  31.319689  31.320585     1.8126     1.8140    34.6127    34.6123    27.6760    27.6756     2.3086     2.4029     70.202     73.070     0.8193     0.8193     0.0403    -0.0177     3.2479     0.0696     0.0159 -124.09166   38.77880       9.04          2  0.000e+00
      70920   2954.958   2044.870   2070.624     1.9544     1.9558  31.319569  31.320405     1.8128     1.8141    34.6124    34.6119    27.6757    27.6753     2.3001     2.4029     69.945     73.071     0.8181     0.8193     0.0403    -0.0177     3.2466     0.0672     0.0147 -124.09166   38.77880       9.04          2  0.000e+00
      70921   2955.000   2044.835   2070.590     1.9542     1.9555  31.319749  31.320465     1.8126     1.8138    34.6128    34.6124    27.6760    27.6756     2.3001     2.4029     69.944     73.071     0.8181     0.8193     0.0403    -0.0177     3.2466     0.0672     0.0147 -124.09166   38.77880       9.06          2  0.000e+00
      70922   2955.042   2044.870   2070.624     1.9546     1.9557  31.319569  31.320525     1.8129     1.8141    34.6122    34.6121    27.6756    27.6754     2.3001     2.4029     69.944     73.071     0.8181     0.8193     0.0403    -0.0177     3.2466     0.0647     0.0147 -124.09166   38.77880       9.06          2  0.000e+00
      70923   2955.083   2044.835   2070.590     1.9546     1.9556  31.319749  31.320585     1.8129     1.8140    34.6124    34.6123    27.6757    27.6756     2.3086     2.4029     70.202     73.070     0.8193     0.8193     0.0403    -0.0177     3.2466     0.0647     0.0147 -124.09166   38.77880       9.11          2  0.000e+00
      70924   2955.125   2044.870   2070.624     1.9544     1.9556  31.319388  31.320585     1.8128     1.8140    34.6121    34.6123    27.6755    27.6756     2.3086     2.4029     70.203     73.071     0.8193     0.8193     0.0403    -0.0177     3.2466     0.0635     0.0134 -124.09166   38.77880       9.11          2  0.000e+00
      70925   2955.167   2044.835   2070.590     1.9546     1.9558  31.319689  31.320585     1.8129     1.8141    34.6124    34.6122    27.6757    27.6754     2.3086     2.4029     70.202     73.070     0.8193     0.8193     0.0403    -0.0177     3.2466     0.0635     0.0134 -124.09166   38.77880       9.11          2  0.000e+00
      70926   2955.208   2044.870   2070.624     1.9544     1.9556  31.319870  31.320766     1.8128     1.8140    34.6127    34.6125    27.6760    27.6758     2.3171     2.4029     70.460     73.071     0.8205     0.8193     0.0403    -0.0177     3.2479     0.0635     0.0134 -124.09166   38.77880       9.11          2  0.000e+00
      70927   2955.250   2044.836   2070.590     1.9546     1.9555  31.319388  31.320465     1.8129     1.8138    34.6120    34.6124    27.6754    27.6756     2.3086     2.4029     70.202     73.071     0.8193     0.8193     0.0403    -0.0177     3.2466     0.0635     0.0134 -124.09166   38.77880       9.11          2  0.000e+00
      70928   2955.292   2044.870   2070.624     1.9546     1.9558  31.319448  31.320345     1.8129     1.8141    34.6120    34.6119    27.6754    27.6752     2.3086     2.4029     70.202     73.071     0.8193     0.8193     0.0403    -0.0177     3.2466     0.0635     0.0147 -124.09166   38.77880       9.08          2  0.000e+00
      70929   2955.333   2044.836   2070.590     1.9544     1.9558  31.319508  31.320886     1.8128     1.8141    34.6123    34.6125    27.6757    27.6757     2.3086     2.4029     70.202     73.070     0.8193     0.8193     0.0415     0.0129     3.2466     0.0684     0.0147 -124.09166   38.77880       9.01          2  0.000e+00
      70930   2955.375   2044.822   2070.576     1.9547     1.9555  31.319749  31.320706     1.8131     1.8138    34.6123    34.6127    27.6756    27.6759     2.3086     2.4029     70.201     73.070     0.8193     0.8193     0.0403    -0.0177     3.2479     0.0672     0.0147 -124.09166   38.77880       8.99          2  0.000e+00
      70931   2955.417   2044.890   2070.645     1.9544     1.9558  31.320051  31.320585     1.8128     1.8141    34.6129    34.6121    27.6762    27.6754     2.3086     2.4029     70.202     73.071     0.8193     0.8193     0.0403    -0.0177     3.2466     0.0635     0.0134 -124.09166   38.77880       8.99          2  0.000e+00
      70932   2955.458   2044.822   2070.576     1.9546     1.9558  31.319870  31.320766     1.8129     1.8141    34.6126    34.6124    27.6759    27.6756     2.3001     2.4029     69.944     73.070     0.8181     0.8193     0.0403    -0.0177     3.2466     0.0623     0.0134 -124.09166   38.77880       8.99          2  0.000e+00
      70933   2955.500   2044.836   2070.590     1.9546     1.9556  31.319629  31.320646     1.8129     1.8139    34.6123    34.6125    27.6756    27.6757     2.3086     2.4029     70.202     73.071     0.8193     0.8193     0.0403    -0.0177     3.2466     0.0611     0.0134 -124.09166   38.77880       8.99          2  0.000e+00
      70934   2955.542   2044.822   2070.576     1.9545     1.9559  31.319508  31.320766     1.8128     1.8143    34.6123    34.6122    27.6756    27.6755     2.3001     2.4029     69.944     73.070     0.8181     0.8193     0.0403    -0.0177     3.2479     0.0611     0.0134 -124.09166   38.77880       8.99          2  0.000e+00
      70935   2955.583   2044.836   2070.590     1.9546     1.9556  31.319749  31.320465     1.8129     1.8140    34.6124    34.6122    27.6757    27.6755     2.3001     2.4029     69.944     73.071     0.8181     0.8193     0.0403    -0.0177     3.2479     0.0623     0.0134 -124.09166   38.77880       9.01          2  0.000e+00
      70936   2955.625   2044.822   2070.576     1.9546     1.9559  31.319809  31.320706     1.8129     1.8143    34.6125    34.6122    27.6758    27.6754     2.3001     2.4029     69.944     73.070     0.8181     0.8193     0.0403    -0.0177     3.2479     0.0635     0.0134 -124.09166   38.77880       9.01          2  0.000e+00
      70937   2955.667   2044.836   2070.590     1.9546     1.9559  31.319388  31.320646     1.8129     1.8143    34.6120    34.6121    27.6754    27.6754     2.3001     2.4029     69.944     73.070     0.8181     0.8193     0.0403    -0.0177     3.2466     0.0635     0.0134 -124.09166   38.77880       9.01          2  0.000e+00
      70938   2955.708   2044.768   2070.521     1.9542     1.9561  31.319448  31.320766     1.8126     1.8145    34.6124    34.6121    27.6758    27.6754     2.3001     2.4029     69.944     73.069     0.8181     0.8193     0.0403    -0.0177     3.2479     0.0635     0.0134 -124.09166   38.77880       9.01          2  0.000e+00
      70939   2955.750   2044.836   2070.590     1.9546     1.9558  31.319749  31.320886     1.8129     1.8141    34.6124    34.6125    27.6757    27.6757     2.3086     2.4029     70.202     73.070     0.8193     0.8193     0.0403    -0.0177     3.2466     0.0635     0.0134 -124.09166   38.77880       9.01          2  0.000e+00
      70940   2955.792   2044.768   2070.521     1.9542     1.9561  31.319809  31.320886     1.8126     1.8145    34.6129    34.6122    27.6761    27.6755     2.3086     2.4029     70.202     73.069     0.8193     0.8193     0.0403    -0.0177     3.2479     0.0623     0.0134 -124.09166   38.77880       9.01          2  0.000e+00
      70941   2955.833   2044.788   2070.541     1.9547     1.9559  31.319568  31.320886     1.8131     1.8143    34.6121    34.6124    27.6754    27.6756     2.3086     2.4029     70.201     73.069     0.8193     0.8193     0.0403    -0.0177     3.2466     0.0623     0.0134 -124.09166   38.77880       9.01          2  0.000e+00
      70942   2955.875   2044.788   2070.541     1.9544     1.9561  31.319508  31.320886     1.8128     1.8145    34.6123    34.6122    27.6757    27.6755     2.3086     2.4029     70.202     73.069     0.8193     0.8193     0.0403    -0.0177     3.2479     0.0623     0.0134 -124.09166   38.77880       9.01          2  0.000e+00
      70943   2955.917   2044.768   2070.521     1.9546     1.9559  31.319749  31.320886     1.8130     1.8143    34.6125    34.6124    27.6758    27.6756     2.3086     2.4029     70.201     73.069     0.8193     0.8193     0.0403    -0.0177     3.2479     0.0635     0.0134 -124.09166   38.77880       9.01          2  0.000e+00
      70944   2955.958   2044.734   2070.486     1.9544     1.9559  31.319809  31.321006     1.8128     1.8143    34.6127    34.6126    27.6760    27.6758     2.3001     2.4029     69.943     73.069     0.8181     0.8193     0.0415     0.0129     3.2466     0.0623     0.0134 -124.09166   38.77880       9.01          2  0.000e+00
      70945   2956.000   2044.768   2070.521     1.9547     1.9561  31.319387  31.320705     1.8131     1.8145    34.6119    34.6120    27.6753    27.6753     2.3001     2.4122     69.943     73.352     0.8181     0.8205     0.0403    -0.0177     3.2466     0.0623     0.0122 -124.09166   38.77880       9.01          2  0.000e+00
      70946   2956.042   2044.734   2070.486     1.9544     1.9561  31.319628  31.320585     1.8128     1.8145    34.6125    34.6119    27.6758    27.6752     2.3086     2.4029     70.201     73.069     0.8193     0.8193     0.0403    -0.0177     3.2466     0.0623     0.0134 -124.09166   38.77880       9.04          2  0.000e+00
      70947   2956.083   2044.713   2070.465     1.9547     1.9559  31.319628  31.321006     1.8131     1.8143    34.6122    34.6126    27.6755    27.6758     2.3001     2.4029     69.943     73.068     0.8181     0.8193     0.0403    -0.0177     3.2466     0.0623     0.0134 -124.09166   38.77880       9.13          2  0.000e+00
      70948   2956.125   2044.734   2070.486     1.9544     1.9561  31.319749  31.321187     1.8128     1.8145    34.6127    34.6126    27.6759    27.6758     2.3086     2.4029     70.201     73.068     0.8193     0.8193     0.0403    -0.0177     3.2466     0.0623     0.0134 -124.09166   38.77880       9.18          2  0.000e+00
      70949   2956.167   2044.713   2070.465     1.9545     1.9562  31.319628  31.320946     1.8129     1.8146    34.6125    34.6122    27.6758    27.6754     2.3086     2.4029     70.201     73.068     0.8193     0.8193     0.0403    -0.0177     3.2466     0.0635     0.0134 -124.09166   38.77880       9.18          2  0.000e+00
      70950   2956.208   2044.734   2070.486     1.9546     1.9562  31.319930  31.320645     1.8130     1.8146    34.6127    34.6118    27.6760    27.6751     2.3001     2.4029     69.943     73.068     0.8181     0.8193     0.0403    -0.0177     3.2466     0.0647     0.0134 -124.09166   38.77880       9.18          2  0.000e+00
      70951   2956.250   2044.665   2070.417     1.9547     1.9561  31.319869  31.320765     1.8131     1.8145    34.6125    34.6121    27.6758    27.6754     2.3085     2.4028     70.200     73.068     0.8193     0.8193     0.0403    -0.0177     3.2466     0.0635     0.0134 -124.09166   38.77880       9.18          2  0.000e+00
      70952   2956.292   2044.631   2070.382     1.9544     1.9561  31.319990  31.321066     1.8128     1.8145    34.6130    34.6125    27.6762    27.6757     2.3085     2.4028     70.200     73.067     0.8193     0.8193     0.0403    -0.0177     3.2466     0.0611     0.0122 -124.09166   38.77880       9.18          2  0.000e+00
      70953   2956.333   2044.713   2070.465     1.9544     1.9562  31.319628  31.321187     1.8128     1.8146    34.6125    34.6125    27.6758    27.6756     2.3001     2.4028     69.943     73.068     0.8181     0.8193     0.0403    -0.0177     3.2466     0.0611     0.0122 -124.09166   38.77880       9.18          2  0.000e+00
      70954   2956.375   2044.631   2070.382     1.9541     1.9562  31.319508  31.320946     1.8125     1.8146    34.6127    34.6122    27.6760    27.6754     2.3001     2.4028     69.943     73.067     0.8181     0.8193     0.0403    -0.0177     3.2466     0.0611     0.0122 -124.09166   38.77880       9.18          2  0.000e+00
      74853   3118.833   1976.610   2001.180     2.0089     2.0091  31.333335  31.333618     1.8724     1.8725    34.6052    34.6054    27.6654    27.6655     2.1752     2.2671     66.147     68.942     0.8034     0.8046     0.0403    -0.0177     3.2442     0.0623     0.0122 -124.09164   38.77882      77.73          3  0.000e+00
      74854   3118.875   1976.583   2001.152     2.0091     2.0088  31.333576  31.333377     1.8725     1.8722    34.6053    34.6054    27.6655    27.6656     2.1752     2.2671     66.146     68.942     0.8034     0.8046     0.0403    -0.0177     3.2466     0.0623     0.0122 -124.09164   38.77882      77.85          3  0.000e+00
      74855   3118.917   1976.563   2001.131     2.0093     2.0089  31.333516  31.333136     1.8727     1.8724    34.6051    34.6050    27.6653    27.6652     2.1752     2.2671     66.146     68.942     0.8034     0.8046     0.0403    -0.0177     3.2454     0.0611     0.0122 -124.09164   38.77882      77.85          3  0.000e+00
      74856   3118.958   1976.563   2001.131     2.0094     2.0088  31.333636  31.333256     1.8728     1.8722    34.6051    34.6053    27.6652    27.6654     2.1752     2.2671     66.145     68.942     0.8034     0.8046     0.0403    -0.0177     3.2454     0.0611     0.0122 -124.09164   38.77882      77.83          3  0.000e+00
      74857   3119.000   1976.665   2001.235     2.0094     2.0085  31.333697  31.333076     1.8728     1.8719    34.6051    34.6053    27.6653    27.6655     2.1752     2.2764     66.146     69.223     0.8034     0.8059     0.0403    -0.0177     3.2454     0.0611     0.0122 -124.09164   38.77882      77.83          3  0.000e+00
