WCOA/WCOA-6/CTD_Data/RB2102_CTD_021_01.ros
* Sea-Bird SBE 9 Data File:
* FileName = C:\Users\scs.user.rb\CTD\RB2102\Data\RB2102_CTD_021_01.hex
* Software Version Seasave V 7.26.7.107
* Temperature SN = 6202
* Conductivity SN = 4907
* Number of Bytes Per Scan = 41
* Number of Voltage Words = 4
* Number of Scans Averaged by the Deck Unit = 1
* NMEA Latitude = 47 57.52 N
* NMEA Longitude = 125 19.88 W
* NMEA UTC (Time) = Jun 29 2021  02:23:56
* NMEA baud rate = 4800
# nquan = 30
# nvalues = 931                                   
# units = specified
# name 0 = scan: Scan Count
# name 1 = timeS: Time, Elapsed [seconds]
# name 2 = depSM: Depth [salt water, m]
# name 3 = prDM: Pressure, Digiquartz [db]
# name 4 = t090C: Temperature [ITS-90, deg C]
# name 5 = t190C: Temperature, 2 [ITS-90, deg C]
# name 6 = c0mS/cm: Conductivity [mS/cm]
# name 7 = c1mS/cm: Conductivity, 2 [mS/cm]
# name 8 = potemp090C: Potential Temperature [ITS-90, deg C]
# name 9 = potemp190C: Potential Temperature, 2 [ITS-90, deg C]
# name 10 = sal00: Salinity, Practical [PSU]
# name 11 = sal11: Salinity, Practical, 2 [PSU]
# name 12 = sigma-é00: Density [sigma-theta, kg/m^3]
# name 13 = sigma-é11: Density, 2 [sigma-theta, kg/m^3]
# name 14 = sbeox0Mg/L: Oxygen, SBE 43 [mg/l]
# name 15 = sbeox1Mg/L: Oxygen, SBE 43, 2 [mg/l]
# name 16 = sbox0Mm/Kg: Oxygen, SBE 43 [umol/kg]
# name 17 = sbox1Mm/Kg: Oxygen, SBE 43, 2 [umol/kg]
# name 18 = sbeox0V: Oxygen raw, SBE 43 [V]
# name 19 = sbeox1V: Oxygen raw, SBE 43, 2 [V]
# name 20 = v4: Voltage 4
# name 21 = flECO-AFL: Fluorescence, WET Labs ECO-AFL/FL [mg/m^3]
# name 22 = v3: Voltage 3
# name 23 = v6: Voltage 6
# name 24 = v7: Voltage 7
# name 25 = longitude: Longitude [deg]
# name 26 = latitude: Latitude [deg]
# name 27 = altM: Altimeter [m]
# name 28 = nbf: Bottles Fired
# name 29 = flag:  0.000e+00
# interval = seconds: 0.0416667
# start_time = Jun 29 2021 02:23:56 [NMEA time, header]
# bad_flag = -9.990e-29
*END*
[from data line 387]
      68709   2862.833     99.256    100.120     7.5564     7.5603  34.685091  34.685813     7.5468     7.5507    33.7428    33.7398    26.3522    26.3492     4.4633     4.4047    135.898    134.115     1.4432     1.3687     0.0415     0.0129     3.3590     1.5421     0.0134 -125.33376   47.96030      99.56          8  0.000e+00
      68710   2862.875     99.263    100.127     7.5565     7.5604  34.685405  34.685813     7.5470     7.5509    33.7430    33.7396    26.3523    26.3491     4.4633     4.4047    135.898    134.115     1.4432     1.3687     0.0403    -0.0177     3.3578     1.5421     0.0134 -125.33376   47.96030      99.56          8  0.000e+00
      68711   2862.917     99.256    100.120     7.5571     7.5604  34.684841  34.686502     7.5476     7.5509    33.7418    33.7404    26.3513    26.3497     4.4632     4.3984    135.897    133.924     1.4432     1.3675     0.0415     0.0129     3.3590     1.5421     0.0134 -125.33376   47.96030      99.56          8  0.000e+00
      68712   2862.958     99.210    100.073     7.5565     7.5608  34.684339  34.686753     7.5470     7.5512    33.7418    33.7403    26.3514    26.3496     4.4633     4.4046    135.898    134.112     1.4432     1.3687     0.0415     0.0129     3.3590     1.5421     0.0134 -125.33376   47.96030      99.56          8  0.000e+00
      68713   2863.000     99.256    100.120     7.5560     7.5606  34.684277  34.686941     7.5465     7.5511    33.7422    33.7406    26.3518    26.3499     4.4633     4.4046    135.900    134.113     1.4432     1.3687     0.0415     0.0129     3.3578     1.5421     0.0134 -125.33376   47.96030      99.58          8  0.000e+00
      68940   2872.458    100.148    101.020     7.5489     7.5509  34.676761  34.678679     7.5393     7.5412    33.7406    33.7408    26.3515    26.3514     4.4761     4.3938    136.288    133.782     1.4457     1.3663     0.0415     0.0129     3.3590     1.5409     0.0134 -125.33374   47.96028      99.56          9  0.000e+00
      68941   2872.500     99.996    100.867     7.5488     7.5507  34.676259  34.678428     7.5392     7.5411    33.7402    33.7407    26.3513    26.3514     4.4760     4.3937    136.286    133.780     1.4457     1.3663     0.0415     0.0129     3.3565     1.5421     0.0134 -125.33374   47.96028      99.56          9  0.000e+00
      68942   2872.542    100.148    101.020     7.5480     7.5504  34.676197  34.678366     7.5384     7.5408    33.7409    33.7409    26.3519    26.3516     4.4762     4.3938    136.290    133.784     1.4457     1.3663     0.0415     0.0129     3.3578     1.5409     0.0134 -125.33374   47.96028      99.56          9  0.000e+00
      68943   2872.583    100.142    101.014     7.5475     7.5501  34.675946  34.678115     7.5378     7.5405    33.7411    33.7409    26.3521    26.3516     4.4762     4.3939    136.292    133.784     1.4457     1.3663     0.0415     0.0129     3.3578     1.5409     0.0134 -125.33374   47.96028      99.56          9  0.000e+00
      68944   2872.625    100.003    100.873     7.5472     7.5494  34.675883  34.677865     7.5376     7.5398    33.7414    33.7414    26.3524    26.3521     4.4818     4.4001    136.463    133.973     1.4469     1.3675     0.0415     0.0129     3.3578     1.5409     0.0134 -125.33374   47.96028      99.56          9  0.000e+00
      68945   2872.667    100.096    100.967     7.5470     7.5494  34.676322  34.677552     7.5374     7.5398    33.7420    33.7410    26.3529    26.3518     4.4819     4.4001    136.465    133.975     1.4469     1.3675     0.0403    -0.0177     3.3578     1.5421     0.0134 -125.33374   47.96028      99.56          9  0.000e+00
      68946   2872.708    100.049    100.920     7.5472     7.5498  34.676510  34.677677     7.5376     7.5401    33.7420    33.7408    26.3529    26.3516     4.4818     4.4001    136.464    133.973     1.4469     1.3675     0.0415     0.0129     3.3578     1.5409     0.0134 -125.33374   47.96028      99.56          9  0.000e+00
      68947   2872.750     99.996    100.867     7.5475     7.5504  34.676949  34.677802     7.5379     7.5408    33.7423    33.7404    26.3530    26.3511     4.4818     4.3938    136.461    133.782     1.4469     1.3663     0.0415     0.0129     3.3578     1.5409     0.0134 -125.33374   47.96028      99.56          9  0.000e+00
      68948   2872.792    100.102    100.974     7.5477     7.5506  34.676949  34.677802     7.5380     7.5410    33.7420    33.7401    26.3528    26.3509     4.4818     4.3938    136.463    133.783     1.4469     1.3663     0.0415     0.0129     3.3578     1.5409     0.0134 -125.33376   47.96028      99.56          9  0.000e+00
      68949   2872.833     99.996    100.867     7.5478     7.5507  34.677262  34.678178     7.5382     7.5411    33.7423    33.7404    26.3530    26.3511     4.4817     4.3937    136.460    133.780     1.4469     1.3663     0.0415     0.0129     3.3578     1.5421     0.0134 -125.33376   47.96028      99.56          9  0.000e+00
      68950   2872.875    100.003    100.873     7.5481     7.5507  34.677700  34.678553     7.5385     7.5411    33.7425    33.7408    26.3531    26.3515     4.4817     4.3999    136.459    133.969     1.4469     1.3675     0.0415     0.0129     3.3578     1.5409     0.0134 -125.33376   47.96028      99.56          9  0.000e+00
      68951   2872.917     99.996    100.867     7.5481     7.5504  34.677763  34.678428     7.5385     7.5408    33.7425    33.7410    26.3531    26.3517     4.4817     4.4000    136.459    133.970     1.4469     1.3675     0.0415     0.0129     3.3578     1.5421     0.0134 -125.33376   47.96028      99.56          9  0.000e+00
      68952   2872.958    100.003    100.873     7.5485     7.5504  34.677763  34.678365     7.5389     7.5408    33.7422    33.7410    26.3528    26.3516     4.4817     4.4000    136.458    133.970     1.4469     1.3675     0.0415     0.0129     3.3578     1.5409     0.0134 -125.33376   47.96028      99.56          9  0.000e+00
      68953   2873.000     99.996    100.867     7.5484     7.5504  34.677763  34.678804     7.5388     7.5408    33.7422    33.7414    26.3529    26.3520     4.4817     4.3999    136.458    133.970     1.4469     1.3675     0.0415     0.0129     3.3578     1.5421     0.0134 -125.33376   47.96028      99.56          9  0.000e+00
      68954   2873.042     99.950    100.820     7.5486     7.5502  34.677575  34.678491     7.5390     7.5406    33.7419    33.7413    26.3526    26.3519     4.4816     4.3999    136.457    133.970     1.4469     1.3675     0.0403    -0.0177     3.3578     1.5409     0.0134 -125.33376   47.96028      99.56          9  0.000e+00
      68955   2873.083     99.950    100.820     7.5485     7.5501  34.677888  34.678553     7.5389     7.5405    33.7423    33.7415    26.3530    26.3520     4.4816     4.3999    136.457    133.970     1.4469     1.3675     0.0403    -0.0177     3.3578     1.5409     0.0134 -125.33376   47.96028      99.56          9  0.000e+00
      68956   2873.125     99.904    100.773     7.5475     7.5504  34.676948  34.678866     7.5379     7.5408    33.7423    33.7416    26.3531    26.3521     4.4817     4.3999    136.460    133.968     1.4469     1.3675     0.0415     0.0129     3.3578     1.5409     0.0134 -125.33376   47.96028      99.56          9  0.000e+00
      68957   2873.167     99.950    100.820     7.5467     7.5502  34.676510  34.678741     7.5371     7.5406    33.7425    33.7415    26.3534    26.3521     4.4818     4.3999    136.463    133.969     1.4469     1.3675     0.0415     0.0129     3.3578     1.5409     0.0134 -125.33376   47.96028      99.56          9  0.000e+00
      68958   2873.208     99.904    100.773     7.5464     7.5504  34.676071  34.679117     7.5368     7.5408    33.7424    33.7418    26.3533    26.3523     4.4818     4.3999    136.463    133.968     1.4469     1.3675     0.0415     0.0129     3.3578     1.5409     0.0134 -125.33376   47.96028      99.56          9  0.000e+00
      68959   2873.250     99.851    100.720     7.5465     7.5502  34.676572  34.679054     7.5369     7.5406    33.7428    33.7419    26.3536    26.3524     4.4818     4.3999    136.461    133.967     1.4469     1.3675     0.0415     0.0129     3.3578     1.5409     0.0134 -125.33376   47.96028      99.56          9  0.000e+00
      68960   2873.292     99.904    100.773     7.5470     7.5501  34.677074  34.678490     7.5374     7.5405    33.7429    33.7414    26.3536    26.3520     4.4818     4.3999    136.461    133.969     1.4469     1.3675     0.0403    -0.0177     3.3578     1.5409     0.0134 -125.33376   47.96028      99.56          9  0.000e+00
      68961   2873.333     99.851    100.720     7.5470     7.5498  34.676635  34.678553     7.5374     7.5402    33.7425    33.7418    26.3533    26.3524     4.4817     4.3999    136.460    133.969     1.4469     1.3675     0.0403    -0.0177     3.3578     1.5409     0.0134 -125.33376   47.96028      99.56          9  0.000e+00
      68962   2873.375     99.804    100.673     7.5468     7.5496  34.676321  34.678177     7.5373     7.5400    33.7423    33.7416    26.3531    26.3523     4.4817     4.3999    136.460    133.969     1.4469     1.3675     0.0415     0.0129     3.3578     1.5409     0.0134 -125.33376   47.96028      99.56          9  0.000e+00
      68963   2873.417     99.851    100.720     7.5465     7.5498  34.675946  34.678240     7.5369     7.5402    33.7422    33.7415    26.3531    26.3521     4.4818     4.3999    136.462    133.969     1.4469     1.3675     0.0415     0.0129     3.3590     1.5409     0.0134 -125.33376   47.96028      99.56          9  0.000e+00
      68964   2873.458     99.804    100.673     7.5462     7.5496  34.675444  34.677927     7.5366     7.5400    33.7420    33.7414    26.3530    26.3520     4.4818     4.3999    136.463    133.969     1.4469     1.3675     0.0415     0.0129     3.3578     1.5409     0.0134 -125.33376   47.96028      99.56          9  0.000e+00
      68965   2873.500     99.851    100.720     7.5457     7.5496  34.675695  34.677989     7.5361     7.5400    33.7427    33.7414    26.3536    26.3521     4.4819     4.4000    136.464    133.970     1.4469     1.3675     0.0415     0.0129     3.3578     1.5409     0.0134 -125.33376   47.96028      99.56          9  0.000e+00
      68966   2873.542     99.758    100.626     7.5459     7.5491  34.675883  34.677363     7.5363     7.5395    33.7428    33.7413    26.3537    26.3520     4.4818     4.4000    136.462    133.970     1.4469     1.3675     0.0415     0.0129     3.3578     1.5421     0.0134 -125.33376   47.96028      99.56          9  0.000e+00
      68967   2873.583     99.758    100.626     7.5456     7.5491  34.675883  34.677363     7.5360     7.5395    33.7431    33.7413    26.3539    26.3520     4.4818     4.4000    136.463    133.970     1.4469     1.3675     0.0415     0.0129     3.3590     1.5409     0.0134 -125.33376   47.96028      99.56          9  0.000e+00
      68968   2873.625     99.751    100.620     7.5452     7.5491  34.675444  34.677676     7.5357     7.5395    33.7429    33.7416    26.3539    26.3523     4.4819     4.3999    136.464    133.970     1.4469     1.3675     0.0415     0.0129     3.3578     1.5409     0.0134 -125.33376   47.96028      99.56          9  0.000e+00
      68969   2873.667     99.705    100.573     7.5449     7.5493  34.675695  34.677801     7.5353     7.5397    33.7435    33.7416    26.3544    26.3522     4.4762     4.3999    136.290    133.968     1.4457     1.3675     0.0403    -0.0177     3.3578     1.5409     0.0134 -125.33376   47.96028      99.56          9  0.000e+00
      68970   2873.708     99.705    100.573     7.5449     7.5496  34.675444  34.677801     7.5353     7.5400    33.7433    33.7413    26.3542    26.3520     4.4819     4.3999    136.464    133.968     1.4469     1.3675     0.0415     0.0129     3.3590     1.5409     0.0134 -125.33376   47.96028      99.56          9  0.000e+00
      68971   2873.750     99.705    100.573     7.5449     7.5496  34.675507  34.677801     7.5353     7.5400    33.7433    33.7413    26.3542    26.3520     4.4819     4.3999    136.464    133.968     1.4469     1.3675     0.0415     0.0129     3.3590     1.5421     0.0134 -125.33376   47.96028      99.56          9  0.000e+00
      68972   2873.792     99.652    100.520     7.5450     7.5498  34.675569  34.677989     7.5355     7.5402    33.7433    33.7413    26.3542    26.3520     4.4818     4.3998    136.462    133.966     1.4469     1.3675     0.0415     0.0129     3.3578     1.5409     0.0134 -125.33376   47.96028      99.56          9  0.000e+00
      68973   2873.833     99.705    100.573     7.5449     7.5500  34.675820  34.678490     7.5353     7.5404    33.7437    33.7416    26.3545    26.3522     4.4818     4.3998    136.463    133.966     1.4469     1.3675     0.0415     0.0129     3.3578     1.5409     0.0134 -125.33376   47.96028      99.56          9  0.000e+00
      68974   2873.875     99.606    100.473     7.5450     7.5502  34.675882  34.678677     7.5355     7.5407    33.7436    33.7416    26.3545    26.3521     4.4818     4.3997    136.461    133.963     1.4469     1.3675     0.0415     0.0129     3.3578     1.5409     0.0134 -125.33376   47.96028      99.56          9  0.000e+00
      68975   2873.917     99.659    100.526     7.5452     7.5509  34.676133  34.678677     7.5357     7.5413    33.7437    33.7410    26.3545    26.3516     4.4761     4.3997    136.288    133.963     1.4457     1.3675     0.0415     0.0129     3.3578     1.5409     0.0134 -125.33376   47.96028      99.56          9  0.000e+00
      68976   2873.958     99.553    100.419     7.5455     7.5509  34.676195  34.679366     7.5360     7.5413    33.7435    33.7418    26.3543    26.3522     4.4760     4.3996    136.285    133.960     1.4457     1.3675     0.0415     0.0129     3.3578     1.5409     0.0134 -125.33376   47.96028      99.56          9  0.000e+00
      68977   2874.000     99.612    100.480     7.5457     7.5511  34.676446  34.679366     7.5361     7.5415    33.7436    33.7416    26.3543    26.3520     4.4817     4.3996    136.459    133.961     1.4469     1.3675     0.0415     0.0129     3.3590     1.5409     0.0134 -125.33376   47.96028      99.56          9  0.000e+00
      68978   2874.042     99.553    100.419     7.5460     7.5514  34.676759  34.679303     7.5365     7.5418    33.7437    33.7412    26.3543    26.3517     4.4759     4.3996    136.283    133.959     1.4457     1.3675     0.0415     0.0129     3.3578     1.5421     0.0134 -125.33376   47.96028      99.58          9  0.000e+00
      68979   2874.083     99.560    100.426     7.5463     7.5517  34.677072  34.679491     7.5368     7.5421    33.7437    33.7411    26.3543    26.3515     4.4759     4.3996    136.282    133.958     1.4457     1.3675     0.0415     0.0129     3.3578     1.5409     0.0134 -125.33376   47.96028      99.58          9  0.000e+00
      68980   2874.125     99.507    100.373     7.5467     7.5517  34.677386  34.679804     7.5371     7.5421    33.7437    33.7415    26.3543    26.3518     4.4758     4.3995    136.280    133.957     1.4457     1.3675     0.0415     0.0129     3.3578     1.5409     0.0134 -125.33376   47.96028      99.56          9  0.000e+00
      68981   2874.167     99.513    100.379     7.5477     7.5520  34.678137  34.679929     7.5381     7.5425    33.7436    33.7413    26.3541    26.3516     4.4757     4.3995    136.277    133.956     1.4457     1.3675     0.0403    -0.0177     3.3590     1.5409     0.0134 -125.33376   47.96028      99.56          9  0.000e+00
      68982   2874.208     99.460    100.326     7.5483     7.5523  34.678388  34.680117     7.5388     7.5428    33.7432    33.7412    26.3537    26.3515     4.4756     4.4056    136.275    134.144     1.4457     1.3687     0.0415     0.0129     3.3578     1.5409     0.0134 -125.33376   47.96028      99.56          9  0.000e+00
