WCOA/WCOA-6/CTD_Data/RB2102_CTD_084_01.ros
* Sea-Bird SBE 9 Data File:
* FileName = C:\Users\scs.user.rb\CTD\RB2102\Data\RB2102_CTD_084_01.hex
* Software Version Seasave V 7.26.7.107
* Temperature SN = 6202
* Conductivity SN = 4907
* Number of Bytes Per Scan = 41
* Number of Voltage Words = 4
* Number of Scans Averaged by the Deck Unit = 1
* NMEA Latitude = 37 51.68 N
* NMEA Longitude = 123 04.24 W
* NMEA UTC (Time) = Jul 11 2021  11:09:21
* NMEA baud rate = 4800
# nquan = 30
# nvalues = 1176                                  
# units = specified
# name 0 = scan: Scan Count
# name 1 = timeS: Time, Elapsed [seconds]
# name 2 = depSM: Depth [salt water, m]
# name 3 = prDM: Pressure, Digiquartz [db]
# name 4 = t090C: Temperature [ITS-90, deg C]
# name 5 = t190C: Temperature, 2 [ITS-90, deg C]
# name 6 = c0mS/cm: Conductivity [mS/cm]
# name 7 = c1mS/cm: Conductivity, 2 [mS/cm]
# name 8 = potemp090C: Potential Temperature [ITS-90, deg C]
# name 9 = potemp190C: Potential Temperature, 2 [ITS-90, deg C]
# name 10 = sal00: Salinity, Practical [PSU]
# name 11 = sal11: Salinity, Practical, 2 [PSU]
# name 12 = sigma-é00: Density [sigma-theta, kg/m^3]
# name 13 = sigma-é11: Density, 2 [sigma-theta, kg/m^3]
# name 14 = sbeox0Mg/L: Oxygen, SBE 43 [mg/l]
# name 15 = sbeox1Mg/L: Oxygen, SBE 43, 2 [mg/l]
# name 16 = sbox0Mm/Kg: Oxygen, SBE 43 [umol/kg]
# name 17 = sbox1Mm/Kg: Oxygen, SBE 43, 2 [umol/kg]
# name 18 = sbeox0V: Oxygen raw, SBE 43 [V]
# name 19 = sbeox1V: Oxygen raw, SBE 43, 2 [V]
# name 20 = v4: Voltage 4
# name 21 = flECO-AFL: Fluorescence, WET Labs ECO-AFL/FL [mg/m^3]
# name 22 = v3: Voltage 3
# name 23 = v6: Voltage 6
# name 24 = v7: Voltage 7
# name 25 = longitude: Longitude [deg]
# name 26 = latitude: Latitude [deg]
# name 27 = altM: Altimeter [m]
# name 28 = nbf: Bottles Fired
# name 29 = flag:  0.000e+00
# interval = seconds: 0.0416667
# start_time = Jul 11 2021 11:09:21 [NMEA time, header]
# bad_flag = -9.990e-29
*END*
[from data line 1161]
      41803   1741.750      4.531      4.565    11.5945    11.5964  38.464896  38.466324    11.5939    11.5958    33.8720    33.8717    25.7890    25.7884     8.2984     8.5663    252.808    260.970     2.4640     2.3810     0.1258     2.1191     3.3529     0.3016     0.0977 -123.07142   37.86090      87.40         24  0.000e+00
      41804   1741.792      4.577      4.612    11.5946    11.5967  38.464765  38.466128    11.5940    11.5961    33.8718    33.8712    25.7888    25.7879     8.2984     8.5663    252.810    260.971     2.4640     2.3810     0.1258     2.1191     3.3529     0.3016     0.0977 -123.07142   37.86090      87.40         24  0.000e+00
      41805   1741.833      4.577      4.612    11.5945    11.5967  38.464113  38.465998    11.5939    11.5961    33.8712    33.8710    25.7884    25.7878     8.2985     8.5663    252.811    260.971     2.4640     2.3810     0.1270     2.1496     3.3529     0.3016     0.0989 -123.07142   37.86090      87.40         24  0.000e+00
      41806   1741.875      4.577      4.612    11.5945    11.5970  38.464961  38.466454    11.5939    11.5965    33.8720    33.8712    25.7890    25.7879     8.2984     8.5662    252.810    260.969     2.4640     2.3810     0.1270     2.1496     3.3529     0.3004     0.1001 -123.07142   37.86090      87.40         24  0.000e+00
      41807   1741.917      4.624      4.658    11.5947    11.5967  38.464831  38.467042    11.5941    11.5961    33.8717    33.8721    25.7887    25.7886     8.2984     8.5663    252.810    260.971     2.4640     2.3810     0.1258     2.1191     3.3529     0.3004     0.1013 -123.07142   37.86090      87.40         24  0.000e+00
      41808   1741.958      4.577      4.612    11.5955    11.5969  38.465288  38.466781    11.5949    11.5963    33.8715    33.8717    25.7884    25.7883     8.2983     8.5662    252.805    260.969     2.4640     2.3810     0.1270     2.1496     3.3529     0.3004     0.1013 -123.07142   37.86090      87.40         24  0.000e+00
      41809   1742.000      4.590      4.625    11.5958    11.5967  38.465092  38.466389    11.5953    11.5961    33.8709    33.8714    25.7879    25.7881     8.2982     8.5663    252.805    260.971     2.4640     2.3810     0.1270     2.1496     3.3529     0.2991     0.1026 -123.07142   37.86090      87.40         24  0.000e+00
      41810   1742.042      4.624      4.658    11.5962    11.5969  38.465745  38.466389    11.5957    11.5963    33.8712    33.8713    25.7880    25.7880     8.2982     8.5663    252.803    260.971     2.4640     2.3810     0.1258     2.1191     3.3529     0.3004     0.1026 -123.07142   37.86090      87.42         24  0.000e+00
      41811   1742.083      4.624      4.658    11.5963    11.5965  38.466006  38.466324    11.5958    11.5960    33.8714    33.8715    25.7882    25.7882     8.2982     8.5664    252.802    260.973     2.4640     2.3810     0.1258     2.1191     3.3529     0.2991     0.1038 -123.07142   37.86090      87.40         24  0.000e+00
      41812   1742.125      4.677      4.712    11.5961    11.5964  38.466528  38.466063    11.5955    11.5958    33.8721    33.8714    25.7888    25.7882     8.2982     8.5665    252.804    260.976     2.4640     2.3810     0.1258     2.1191     3.3529     0.2991     0.1038 -123.07142   37.86090      87.40         24  0.000e+00
      41813   1742.167      4.577      4.612    11.5960    11.5964  38.466136  38.465998    11.5954    11.5958    33.8719    33.8714    25.7886    25.7881     8.2982     8.5664    252.802    260.973     2.4640     2.3810     0.1258     2.1191     3.3529     0.2991     0.1050 -123.07142   37.86090      87.35         24  0.000e+00
      41814   1742.208      4.624      4.658    11.5962    11.5960  38.466267  38.465607    11.5956    11.5955    33.8718    33.8712    25.7885    25.7881     8.2982     8.5665    252.802    260.976     2.4640     2.3810     0.1258     2.1191     3.3516     0.2991     0.1050 -123.07142   37.86090      87.30         24  0.000e+00
      41815   1742.250      4.624      4.658    11.5959    11.5959  38.465940  38.465607    11.5953    11.5953    33.8717    33.8714    25.7885    25.7883     8.2982     8.5609    252.804    260.807     2.4640     2.3797     0.1233     2.0580     3.3541     0.2991     0.1050 -123.07142   37.86090      87.30         24  0.000e+00
      41816   1742.292      4.677      4.712    11.5960    11.5959  38.465941  38.465672    11.5954    11.5953    33.8716    33.8715    25.7884    25.7883     8.2932     8.5666    252.649    260.979     2.4628     2.3810     0.1233     2.0580     3.3529     0.2991     0.1062 -123.07142   37.86090      87.30         24  0.000e+00
      41817   1742.333      4.624      4.658    11.5957    11.5955  38.465745  38.465737    11.5951    11.5950    33.8717    33.8718    25.7886    25.7887     8.2932     8.5665    252.649    260.978     2.4628     2.3810     0.1221     2.0275     3.3541     0.3004     0.1062 -123.07142   37.86090      87.30         24  0.000e+00
