WCOA/WCOA-6/CTD_Data/RB2102_CTD_081_01.ros
* Sea-Bird SBE 9 Data File:
* FileName = C:\Users\scs.user.rb\CTD\RB2102\Data\RB2102_CTD_081_01.hex
* Software Version Seasave V 7.26.7.107
* Temperature SN = 6202
* Conductivity SN = 4907
* Number of Bytes Per Scan = 41
* Number of Voltage Words = 4
* Number of Scans Averaged by the Deck Unit = 1
* NMEA Latitude = 37 53.53 N
* NMEA Longitude = 122 59.74 W
* NMEA UTC (Time) = Jul 11 2021  01:30:45
* NMEA baud rate = 4800
# nquan = 30
# nvalues = 668                                   
# units = specified
# name 0 = scan: Scan Count
# name 1 = timeS: Time, Elapsed [seconds]
# name 2 = depSM: Depth [salt water, m]
# name 3 = prDM: Pressure, Digiquartz [db]
# name 4 = t090C: Temperature [ITS-90, deg C]
# name 5 = t190C: Temperature, 2 [ITS-90, deg C]
# name 6 = c0mS/cm: Conductivity [mS/cm]
# name 7 = c1mS/cm: Conductivity, 2 [mS/cm]
# name 8 = potemp090C: Potential Temperature [ITS-90, deg C]
# name 9 = potemp190C: Potential Temperature, 2 [ITS-90, deg C]
# name 10 = sal00: Salinity, Practical [PSU]
# name 11 = sal11: Salinity, Practical, 2 [PSU]
# name 12 = sigma-é00: Density [sigma-theta, kg/m^3]
# name 13 = sigma-é11: Density, 2 [sigma-theta, kg/m^3]
# name 14 = sbeox0Mg/L: Oxygen, SBE 43 [mg/l]
# name 15 = sbeox1Mg/L: Oxygen, SBE 43, 2 [mg/l]
# name 16 = sbox0Mm/Kg: Oxygen, SBE 43 [umol/kg]
# name 17 = sbox1Mm/Kg: Oxygen, SBE 43, 2 [umol/kg]
# name 18 = sbeox0V: Oxygen raw, SBE 43 [V]
# name 19 = sbeox1V: Oxygen raw, SBE 43, 2 [V]
# name 20 = v4: Voltage 4
# name 21 = flECO-AFL: Fluorescence, WET Labs ECO-AFL/FL [mg/m^3]
# name 22 = v3: Voltage 3
# name 23 = v6: Voltage 6
# name 24 = v7: Voltage 7
# name 25 = longitude: Longitude [deg]
# name 26 = latitude: Latitude [deg]
# name 27 = altM: Altimeter [m]
# name 28 = nbf: Bottles Fired
# name 29 = flag:  0.000e+00
# interval = seconds: 0.0416667
# start_time = Jul 11 2021 01:30:45 [NMEA time, header]
# bad_flag = -9.990e-29
*END*
[from data line 291]
      22582    940.875     30.632     30.865    10.2691    10.3645  37.307369  37.392798    10.2655    10.3609    33.9326    33.9298    26.0732    26.0546     3.9720     4.1942    120.973    127.743     1.4029     1.3944     0.0696     0.7149     3.3260     0.0696     0.0586 -122.99590   37.89212      46.96          7  0.000e+00
      22583    940.917     30.532     30.765    10.2800    10.3662  37.317041  37.391829    10.2764    10.3626    33.9322    33.9273    26.0711    26.0524     3.9710     4.1998    120.942    127.914     1.4029     1.3956     0.0696     0.7149     3.3260     0.0684     0.0586 -122.99590   37.89212      46.94          7  0.000e+00
      22584    940.958     30.632     30.865    10.2963    10.3664  37.329617  37.390088    10.2927    10.3628    33.9297    33.9253    26.0663    26.0508     3.9697     4.1999    120.902    127.917     1.4029     1.3956     0.0696     0.7149     3.3260     0.0684     0.0586 -122.99590   37.89212      46.96          7  0.000e+00
      22585    941.000     30.579     30.811    10.3066    10.3655  37.339098  37.391120    10.3030    10.3619    33.9297    33.9272    26.0645    26.0524     3.9687     4.1942    120.873    127.742     1.4029     1.3944     0.0696     0.7149     3.3260     0.0708     0.0598 -122.99590   37.89212      46.94          7  0.000e+00
      22586    941.042     30.632     30.865    10.3159    10.3635  37.348516  37.393765    10.3123    10.3600    33.9304    33.9317    26.0635    26.0562     3.9679     4.2000    120.848    127.920     1.4029     1.3956     0.0696     0.7149     3.3236     0.0696     0.0598 -122.99590   37.89212      46.89          7  0.000e+00
      22587    941.083     30.632     30.865    10.3300    10.3614  37.358580  37.395056    10.3264    10.3578    33.9274    33.9350    26.0587    26.0592     3.9667     4.2002    120.812    127.923     1.4029     1.3956     0.0696     0.7149     3.3260     0.0733     0.0623 -122.99590   37.89212      46.84          7  0.000e+00
      22588    941.125     30.585     30.818    10.3410    10.3598  37.365418  37.393701    10.3375    10.3562    33.9241    33.9352    26.0542    26.0596     3.9658     4.1945    120.785    127.752     1.4029     1.3944     0.0684     0.6844     3.3260     0.0733     0.0635 -122.99590   37.89212      46.86          7  0.000e+00
      22589    941.167     30.632     30.865    10.3482    10.3586  37.367224  37.392734    10.3446    10.3550    33.9192    33.9352    26.0491    26.0599     3.9653     4.2004    120.770    127.931     1.4029     1.3956     0.0684     0.6844     3.3260     0.0733     0.0635 -122.99590   37.89212      46.84          7  0.000e+00
      22590    941.208     30.632     30.865    10.3538    10.3575  37.364449  37.391315    10.3502    10.3539    33.9111    33.9349    26.0419    26.0598     3.9650     4.2005    120.762    127.935     1.4029     1.3956     0.0696     0.7149     3.3248     0.0733     0.0623 -122.99590   37.89212      46.84          7  0.000e+00
      22591    941.250     30.632     30.865    10.3508    10.3563  37.359545  37.390412    10.3473    10.3527    33.9089    33.9350    26.0407    26.0601     3.9653     4.1949    120.772    127.763     1.4029     1.3944     0.0696     0.7149     3.3248     0.0708     0.0611 -122.99590   37.89212      46.86          7  0.000e+00
      22592    941.292     30.632     30.865    10.3379    10.3551  37.354514  37.390993    10.3343    10.3515    33.9160    33.9368    26.0484    26.0617     3.9663     4.1950    120.801    127.765     1.4029     1.3944     0.0696     0.7149     3.3248     0.0696     0.0598 -122.99590   37.89212      46.81          7  0.000e+00
      22593    941.333     30.632     30.865    10.3249    10.3561  37.351290  37.391251    10.3214    10.3525    33.9248    33.9361    26.0575    26.0609     3.9672     4.1949    120.828    127.763     1.4029     1.3944     0.0696     0.7149     3.3248     0.0696     0.0611 -122.99590   37.89212      46.79          7  0.000e+00
      22594    941.375     30.632     30.865    10.3110    10.3589  37.349678  37.390476    10.3074    10.3553    33.9362    33.9327    26.0688    26.0578     3.9682     4.2005    120.856    127.932     1.4029     1.3956     0.0696     0.7149     3.3248     0.0720     0.0611 -122.99590   37.89212      46.79          7  0.000e+00
      22595    941.417     30.632     30.865    10.3023    10.3604  37.348583  37.387315    10.2987    10.3568    33.9432    33.9281    26.0758    26.0540     3.9688     4.1947    120.874    127.757     1.4029     1.3944     0.0696     0.7149     3.3248     0.0708     0.0611 -122.99590   37.89212      46.79          7  0.000e+00
      22596    941.458     30.632     30.865    10.3043    10.3580  37.347292  37.381833    10.3007    10.3544    33.9400    33.9248    26.0730    26.0519     3.9687     4.2008    120.871    127.942     1.4029     1.3956     0.0696     0.7149     3.3248     0.0696     0.0598 -122.99590   37.89212      46.79          7  0.000e+00
      22597    941.500     30.632     30.865    10.3092    10.3510  37.342840  37.374481    10.3056    10.3474    33.9309    33.9239    26.0650    26.0523     3.9685     4.1957    120.866    127.789     1.4029     1.3944     0.0696     0.7149     3.3248     0.0696     0.0598 -122.99590   37.89212      46.79          7  0.000e+00
      22598    941.542     30.632     30.865    10.3115    10.3410  37.336195  37.368291    10.3079    10.3374    33.9221    33.9270    26.0577    26.0565     3.9632     4.2024    120.706    127.991     1.4017     1.3956     0.0696     0.7149     3.3248     0.0684     0.0598 -122.99590   37.89212      46.81          7  0.000e+00
      22599    941.583     30.579     30.811    10.3043    10.3314  37.328455  37.364681    10.3007    10.3279    33.9210    33.9323    26.0581    26.0622     3.9691     4.1974    120.887    127.839     1.4029     1.3944     0.0696     0.7149     3.3248     0.0684     0.0586 -122.99590   37.89212      46.86          7  0.000e+00
      22600    941.625     30.632     30.865    10.2930    10.3261  37.321039  37.361973    10.2894    10.3226    33.9241    33.9345    26.0625    26.0649     3.9648     4.1979    120.755    127.853     1.4017     1.3944     0.0696     0.7149     3.3248     0.0684     0.0598 -122.99590   37.89212      46.86          7  0.000e+00
      22601    941.667     30.579     30.811    10.2755    10.3243  37.304659  37.359136    10.2719    10.3208    33.9239    33.9333    26.0653    26.0643     3.9663     4.2038    120.801    128.034     1.4017     1.3956     0.0696     0.7149     3.3248     0.0708     0.0611 -122.99590   37.89212      46.86          7  0.000e+00
      22602    941.708     30.632     30.865    10.2453    10.3213  37.287447  37.355461    10.2418    10.3178    33.9346    33.9324    26.0789    26.0641     3.9688     4.2042    120.875    128.045     1.4017     1.3956     0.0696     0.7149     3.3248     0.0708     0.0611 -122.99590   37.89212      46.86          7  0.000e+00
      22603    941.750     30.532     30.765    10.2268    10.3171  37.274490  37.351528    10.2233    10.3135    33.9388    33.9324    26.0853    26.0648     3.9703     4.1988    120.920    127.881     1.4017     1.3944     0.0696     0.7149     3.3248     0.0696     0.0611 -122.99590   37.89212      46.86          7  0.000e+00
      22604    941.792     30.579     30.811    10.2198    10.3122  37.266111  37.348627    10.2163    10.3086    33.9369    33.9340    26.0850    26.0669     3.9710     4.2050    120.941    128.070     1.4017     1.3956     0.0696     0.7149     3.3248     0.0696     0.0598 -122.99590   37.89212      46.81          7  0.000e+00
      22605    941.833     30.579     30.811    10.2167    10.3113  37.261083  37.347918    10.2132    10.3078    33.9347    33.9341    26.0838    26.0671     3.9661     4.2051    120.790    128.072     1.4005     1.3956     0.0696     0.7149     3.3248     0.0696     0.0598 -122.99590   37.89212      46.74          7  0.000e+00
      22606    941.875     30.532     30.765    10.2128    10.3100  37.258247  37.346113    10.2093    10.3065    33.9355    33.9335    26.0851    26.0669     3.9664     4.2052    120.799    128.076     1.4005     1.3956     0.0696     0.7149     3.3248     0.0696     0.0598 -122.99590   37.89212      46.72          7  0.000e+00
      22607    941.917     30.532     30.765    10.2105    10.3050  37.257087  37.342632    10.2069    10.3014    33.9365    33.9348    26.0863    26.0687     3.9665     4.1999    120.805    127.915     1.4005     1.3944     0.0696     0.7149     3.3248     0.0696     0.0611 -122.99590   37.89212      46.72          7  0.000e+00
      22608    941.958     30.532     30.765    10.2066    10.3015  37.253285  37.338442    10.2030    10.2979    33.9363    33.9338    26.0868    26.0686     3.9669     4.2061    120.816    128.101     1.4005     1.3956     0.0696     0.7149     3.3248     0.0696     0.0611 -122.99590   37.89212      46.72          7  0.000e+00
      22609    942.000     30.479     30.711    10.1981    10.2972  37.245939  37.334897    10.1946    10.2936    33.9368    33.9342    26.0887    26.0697     3.9676     4.2064    120.838    128.113     1.4005     1.3956     0.0696     0.7149     3.3248     0.0696     0.0611 -122.99590   37.89212      46.74          7  0.000e+00
      22610    942.042     30.479     30.711    10.1899    10.2946  37.238271  37.332834    10.1864    10.2910    33.9367    33.9346    26.0900    26.0704     3.9684     4.2067    120.860    128.120     1.4005     1.3956     0.0696     0.7149     3.3248     0.0696     0.0623 -122.99590   37.89212      46.74          7  0.000e+00
      22611    942.083     30.486     30.718    10.1842    10.2955  37.233632  37.333221    10.1807    10.2919    33.9373    33.9341    26.0914    26.0698     3.9689     4.2066    120.875    128.118     1.4005     1.3956     0.0696     0.7149     3.3248     0.0696     0.0623 -122.99590   37.89212      46.76          7  0.000e+00
      22612    942.125     30.433     30.664    10.1812    10.2977  37.230539  37.335928    10.1777    10.2941    33.9370    33.9348    26.0917    26.0700     3.9691     4.2063    120.883    128.110     1.4005     1.3956     0.0696     0.7149     3.3248     0.0708     0.0623 -122.99590   37.89212      46.76          7  0.000e+00
      22613    942.167     30.479     30.711    10.1786    10.2995  37.227318  37.337926    10.1751    10.2959    33.9361    33.9351    26.0915    26.0700     3.9694     4.2062    120.891    128.105     1.4005     1.3956     0.0696     0.7149     3.3248     0.0708     0.0635 -122.99590   37.89212      46.76          7  0.000e+00
      22614    942.208     30.433     30.664    10.1765    10.2977  37.224998  37.337862    10.1730    10.2941    33.9358    33.9368    26.0916    26.0716     3.9696     4.2063    120.896    128.108     1.4005     1.3956     0.0696     0.7149     3.3248     0.0708     0.0623 -122.99590   37.89212      46.76          7  0.000e+00
      22615    942.250     30.387     30.618    10.1742    10.2986  37.224032  37.336959    10.1707    10.2951    33.9370    33.9350    26.0929    26.0700     3.9697     4.2062    120.901    128.106     1.4005     1.3956     0.0696     0.7149     3.3248     0.0696     0.0623 -122.99590   37.89212      46.76          7  0.000e+00
      22663    944.250     29.552     29.777    10.2505    10.3152  37.284863  37.343530    10.2471    10.3118    33.9277    33.9265    26.0725    26.0605     3.9839     4.2331    121.334    128.928     1.4054     1.4017     0.0696     0.7149     3.3248     0.0733     0.0647 -122.99590   37.89212      47.81          8  0.000e+00
      22664    944.292     29.552     29.777    10.2529    10.3140  37.286733  37.342885    10.2494    10.3105    33.9273    33.9270    26.0719    26.0611     3.9837     4.2275    121.328    128.755     1.4054     1.4005     0.0696     0.7149     3.3248     0.0769     0.0684 -122.99590   37.89212      47.79          8  0.000e+00
      22665    944.333     29.506     29.730    10.2571    10.3165  37.289827  37.343143    10.2537    10.3130    33.9265    33.9250    26.0705    26.0591     3.9833     4.2273    121.316    128.749     1.4054     1.4005     0.0696     0.7149     3.3248     0.0757     0.0672 -122.99590   37.89212      47.79          8  0.000e+00
      22666    944.375     29.406     29.630    10.2599    10.3174  37.292341  37.343271    10.2565    10.3139    33.9265    33.9243    26.0700    26.0584     3.9830     4.2329    121.307    128.921     1.4054     1.4017     0.0696     0.7149     3.3248     0.0745     0.0659 -122.99590   37.89212      47.86          8  0.000e+00
      22667    944.417     29.552     29.777    10.2617    10.3128  37.293179  37.342305    10.2582    10.3094    33.9256    33.9275    26.0690    26.0617     3.9776     4.2276    121.144    128.759     1.4042     1.4005     0.0696     0.7149     3.3248     0.0733     0.0659 -122.99590   37.89212      47.91          8  0.000e+00
      22668    944.458     29.453     29.677    10.2622    10.3091  37.293759  37.342692    10.2588    10.3056    33.9258    33.9315    26.0691    26.0654     3.9775     4.2278    121.141    128.764     1.4042     1.4005     0.0696     0.7149     3.3248     0.0733     0.0659 -122.99590   37.89212      47.91          8  0.000e+00
      22669    944.500     29.459     29.683    10.2620    10.3075  37.293437  37.343917    10.2586    10.3041    33.9256    33.9341    26.0690    26.0678     3.9775     4.2279    121.142    128.767     1.4042     1.4005     0.0684     0.6844     3.3248     0.0733     0.0647 -122.99590   37.89212      47.91          8  0.000e+00
      22670    944.542     29.453     29.677    10.2617    10.3051  37.294727  37.343273    10.2583    10.3017    33.9272    33.9358    26.0703    26.0695     3.9775     4.2281    121.141    128.772     1.4042     1.4005     0.0696     0.7149     3.3248     0.0733     0.0647 -122.99590   37.89212      47.89          8  0.000e+00
      22671    944.583     29.506     29.730    10.2628    10.3028  37.295436  37.341210    10.2594    10.2994    33.9268    33.9358    26.0698    26.0699     3.9775     4.2283    121.139    128.780     1.4042     1.4005     0.0696     0.7149     3.3248     0.0733     0.0647 -122.99590   37.89212      47.89          8  0.000e+00
      22672    944.625     29.453     29.677    10.2643    10.3005  37.296532  37.339534    10.2609    10.2971    33.9266    33.9363    26.0693    26.0707     3.9773     4.2285    121.134    128.786     1.4042     1.4005     0.0696     0.7149     3.3248     0.0720     0.0647 -122.99590   37.89212      47.91          8  0.000e+00
      22673    944.667     29.459     29.683    10.2638    10.2982  37.297112  37.339277    10.2604    10.2947    33.9276    33.9382    26.0702    26.0726     3.9773     4.2287    121.135    128.791     1.4042     1.4005     0.0684     0.6844     3.3260     0.0720     0.0635 -122.99590   37.89212      47.94          8  0.000e+00
      22674    944.708     29.453     29.677    10.2635    10.3005  37.297692  37.338825    10.2601    10.2971    33.9285    33.9356    26.0710    26.0701     3.9773     4.2285    121.135    128.787     1.4042     1.4005     0.0696     0.7149     3.3248     0.0720     0.0635 -122.99590   37.89212      47.94          8  0.000e+00
      22675    944.750     29.453     29.677    10.2645    10.3066  37.297886  37.338695    10.2610    10.3032    33.9278    33.9297    26.0703    26.0645     3.9773     4.2223    121.133    128.598     1.4042     1.3993     0.0733     0.8065     3.3248     0.0745     0.0659 -122.99590   37.89212      47.94          8  0.000e+00
