WCOA/WCOA-6/CTD_Data/RB2102_CTD_029_01.ros
* Sea-Bird SBE 9 Data File:
* FileName = C:\Users\scs.user.rb\CTD\RB2102\Data\RB2102_CTD_029_01.hex
* Software Version Seasave V 7.26.7.107
* Temperature SN = 6202
* Conductivity SN = 4907
* Number of Bytes Per Scan = 41
* Number of Voltage Words = 4
* Number of Scans Averaged by the Deck Unit = 1
* NMEA Latitude = 46 11.59 N
* NMEA Longitude = 123 54.83 W
* NMEA UTC (Time) = Jun 30 2021  22:10:19
* NMEA baud rate = 4800
# nquan = 30
# nvalues = 539                                   
# units = specified
# name 0 = scan: Scan Count
# name 1 = timeS: Time, Elapsed [seconds]
# name 2 = depSM: Depth [salt water, m]
# name 3 = prDM: Pressure, Digiquartz [db]
# name 4 = t090C: Temperature [ITS-90, deg C]
# name 5 = t190C: Temperature, 2 [ITS-90, deg C]
# name 6 = c0mS/cm: Conductivity [mS/cm]
# name 7 = c1mS/cm: Conductivity, 2 [mS/cm]
# name 8 = potemp090C: Potential Temperature [ITS-90, deg C]
# name 9 = potemp190C: Potential Temperature, 2 [ITS-90, deg C]
# name 10 = sal00: Salinity, Practical [PSU]
# name 11 = sal11: Salinity, Practical, 2 [PSU]
# name 12 = sigma-é00: Density [sigma-theta, kg/m^3]
# name 13 = sigma-é11: Density, 2 [sigma-theta, kg/m^3]
# name 14 = sbeox0Mg/L: Oxygen, SBE 43 [mg/l]
# name 15 = sbeox1Mg/L: Oxygen, SBE 43, 2 [mg/l]
# name 16 = sbox0Mm/Kg: Oxygen, SBE 43 [umol/kg]
# name 17 = sbox1Mm/Kg: Oxygen, SBE 43, 2 [umol/kg]
# name 18 = sbeox0V: Oxygen raw, SBE 43 [V]
# name 19 = sbeox1V: Oxygen raw, SBE 43, 2 [V]
# name 20 = v4: Voltage 4
# name 21 = flECO-AFL: Fluorescence, WET Labs ECO-AFL/FL [mg/m^3]
# name 22 = v3: Voltage 3
# name 23 = v6: Voltage 6
# name 24 = v7: Voltage 7
# name 25 = longitude: Longitude [deg]
# name 26 = latitude: Latitude [deg]
# name 27 = altM: Altimeter [m]
# name 28 = nbf: Bottles Fired
# name 29 = flag:  0.000e+00
# interval = seconds: 0.0416667
# start_time = Jun 30 2021 22:10:19 [NMEA time, header]
# bad_flag = -9.990e-29
*END*
[from data line 242]
      15028    626.125      5.926      5.975    20.7213    20.7141   5.451959   5.475540    20.7203    20.7131     3.2331     3.2485     0.5111     0.5244     8.6111     8.3762    268.963    261.623     2.5421     2.3590     0.0977     1.4170     3.2076     0.7460     0.0000 -123.91370   46.19314       8.96          5  0.000e+00
      15029    626.167      5.966      6.015    20.7215    20.7137   5.452180   5.475834    20.7205    20.7128     3.2332     3.2487     0.5112     0.5247     8.6111     8.3763    268.963    261.626     2.5421     2.3590     0.0977     1.4170     3.2063     0.7460     0.0000 -123.91370   46.19314       8.99          5  0.000e+00
      15030    626.208      5.966      6.015    20.7215    20.7133   5.451996   5.476128    20.7206    20.7124     3.2331     3.2489     0.5111     0.5249     8.6111     8.3764    268.963    261.627     2.5421     2.3590     0.0977     1.4170     3.2088     0.7460     0.0000 -123.91370   46.19314       8.96          5  0.000e+00
      15176    632.292      5.965      6.014    20.7061    20.7065   5.496710   5.497981    20.7052    20.7056     3.2625     3.2633     0.5368     0.5373     8.6122     8.3823    268.991    261.811     2.5421     2.3602     0.0952     1.3560     3.2076     0.7448     0.0000 -123.91370   46.19314       8.94          6  0.000e+00
      15177    632.333      5.912      5.961    20.7063    20.7067   5.496747   5.498055    20.7053    20.7057     3.2625     3.2633     0.5367     0.5373     8.6121     8.3823    268.988    261.809     2.5421     2.3602     0.0952     1.3560     3.2088     0.7448     0.0000 -123.91370   46.19314       8.96          6  0.000e+00
      15178    632.375      5.912      5.961    20.7061    20.7060   5.496894   5.499965    20.7052    20.7051     3.2626     3.2646     0.5369     0.5384     8.6121     8.3823    268.989    261.810     2.5421     2.3602     0.0952     1.3560     3.2076     0.7460     0.0000 -123.91370   46.19314       8.94          6  0.000e+00
      15179    632.417      6.011      6.061    20.7060    20.7063   5.496968   5.500222    20.7051    20.7054     3.2627     3.2647     0.5369     0.5384     8.6123     8.3823    268.992    261.811     2.5421     2.3602     0.0952     1.3560     3.2088     0.7448     0.0000 -123.91370   46.19314       8.94          6  0.000e+00
      15180    632.458      5.925      5.974    20.7061    20.7067   5.497042   5.498900    20.7052    20.7057     3.2627     3.2639     0.5369     0.5377     8.6121     8.3822    268.989    261.808     2.5421     2.3602     0.0952     1.3560     3.2088     0.7448     0.0000 -123.91370   46.19314       8.94          6  0.000e+00
      15181    632.500      5.965      6.014    20.7061    20.7069   5.496968   5.497797    20.7052    20.7059     3.2627     3.2631     0.5369     0.5371     8.6122     8.3823    268.990    261.810     2.5421     2.3602     0.0952     1.3560     3.2088     0.7460     0.0000 -123.91370   46.19314       8.91          6  0.000e+00
      15182    632.542      5.965      6.014    20.7059    20.7070   5.496710   5.497393    20.7050    20.7061     3.2625     3.2629     0.5368     0.5368     8.6122     8.3823    268.992    261.809     2.5421     2.3602     0.0952     1.3560     3.2076     0.7460     0.0000 -123.91370   46.19314       8.91          6  0.000e+00
      15183    632.583      5.912      5.961    20.7061    20.7069   5.496526   5.497026    20.7052    20.7059     3.2624     3.2627     0.5367     0.5367     8.6070     8.3823    268.829    261.809     2.5409     2.3602     0.0952     1.3560     3.2088     0.7448     0.0000 -123.91370   46.19314       8.91          6  0.000e+00
      15184    632.625      5.965      6.014    20.7062    20.7072   5.496599   5.496034    20.7052    20.7063     3.2624     3.2620     0.5367     0.5361     8.6071     8.3823    268.831    261.810     2.5409     2.3602     0.0952     1.3560     3.2088     0.7448     0.0000 -123.91370   46.19314       8.94          6  0.000e+00
      15185    632.667      5.879      5.928    20.7063    20.7074   5.496710   5.494932    20.7053    20.7065     3.2625     3.2613     0.5367     0.5356     8.6121     8.3822    268.987    261.807     2.5421     2.3602     0.0952     1.3560     3.2088     0.7448     0.0000 -123.91370   46.19314       8.91          6  0.000e+00
      15186    632.708      5.965      6.014    20.7065    20.7077   5.496157   5.493315    20.7055    20.7068     3.2621     3.2602     0.5364     0.5347     8.6122     8.3823    268.990    261.810     2.5421     2.3602     0.0952     1.3560     3.2076     0.7448     0.0000 -123.91370   46.19314       8.94          6  0.000e+00
      15187    632.750      5.965      6.014    20.7068    20.7081   5.495420   5.492103    20.7058    20.7072     3.2616     3.2594     0.5360     0.5340     8.6070     8.3823    268.829    261.809     2.5409     2.3602     0.0952     1.3560     3.2088     0.7448     0.0000 -123.91370   46.19314       8.91          6  0.000e+00
      15188    632.792      5.912      5.961    20.7070    20.7084   5.494978   5.491185    20.7060    20.7075     3.2613     3.2588     0.5357     0.5335     8.6069     8.3822    268.827    261.807     2.5409     2.3602     0.0952     1.3560     3.2076     0.7448     0.0000 -123.91370   46.19314       8.91          6  0.000e+00
      15189    632.833      5.965      6.014    20.7072    20.7083   5.494425   5.491626    20.7063    20.7073     3.2610     3.2591     0.5354     0.5337     8.6070     8.3822    268.828    261.809     2.5409     2.3602     0.0952     1.3560     3.2076     0.7448     0.0000 -123.91370   46.19314       8.91          6  0.000e+00
      15190    632.875      5.925      5.974    20.7075    20.7079   5.493614   5.493279    20.7065    20.7070     3.2604     3.2602     0.5349     0.5346     8.6120     8.3822    268.986    261.808     2.5421     2.3602     0.0940     1.3254     3.2076     0.7448     0.0000 -123.91370   46.19314       8.94          6  0.000e+00
      15191    632.917      5.912      5.961    20.7078    20.7077   5.493245   5.494564    20.7069    20.7068     3.2602     3.2610     0.5346     0.5353     8.6069     8.3822    268.824    261.807     2.5409     2.3602     0.0952     1.3560     3.2076     0.7448     0.0000 -123.91370   46.19314       8.91          6  0.000e+00
      15192    632.958      5.965      6.014    20.7078    20.7077   5.493503   5.494528    20.7069    20.7068     3.2603     3.2610     0.5348     0.5353     8.6069     8.3767    268.826    261.636     2.5409     2.3590     0.0952     1.3560     3.2076     0.7448     0.0000 -123.91370   46.19314       8.89          6  0.000e+00
      15193    633.000      5.912      5.961    20.7078    20.7075   5.493467   5.495226    20.7068    20.7066     3.2603     3.2615     0.5348     0.5357     8.6069     8.3767    268.824    261.635     2.5409     2.3590     0.0952     1.3560     3.2088     0.7448     0.0000 -123.91370   46.19314       8.89          6  0.000e+00
      15194    633.042      5.912      5.961    20.7078    20.7070   5.491366   5.496879    20.7069    20.7061     3.2590     3.2625     0.5337     0.5366     8.6069     8.3767    268.826    261.636     2.5409     2.3590     0.0940     1.3254     3.2088     0.7448     0.0000 -123.91370   46.19314       8.89          6  0.000e+00
      15195    633.083      5.978      6.028    20.7087    20.7063   5.486723   5.498863    20.7078    20.7054     3.2560     3.2639     0.5313     0.5378     8.6121     8.3769    268.989    261.640     2.5421     2.3590     0.0952     1.3560     3.2088     0.7448     0.0000 -123.91370   46.19314       8.89          6  0.000e+00
      15196    633.125      5.912      5.961    20.7099    20.7060   5.483628   5.500333    20.7090    20.7051     3.2539     3.2648     0.5294     0.5385     8.6068     8.3768    268.824    261.637     2.5409     2.3590     0.0952     1.3560     3.2076     0.7448     0.0000 -123.91370   46.19314       8.89          6  0.000e+00
      15197    633.167      5.912      5.961    20.7102    20.7061   5.484291   5.500186    20.7092    20.7052     3.2543     3.2647     0.5297     0.5384     8.6119     8.3713    268.982    261.465     2.5421     2.3578     0.0952     1.3560     3.2076     0.7448     0.0000 -123.91370   46.19314       8.89          6  0.000e+00
      15198    633.208      5.965      6.014    20.7103    20.7061   5.485396   5.499451    20.7093    20.7052     3.2550     3.2642     0.5302     0.5381     8.6119     8.3713    268.982    261.467     2.5421     2.3578     0.0965     1.3865     3.2076     0.7448     0.0000 -123.91370   46.19314       8.84          6  0.000e+00
      15199    633.250      5.912      5.961    20.7104    20.7060   5.485544   5.500075    20.7095    20.7051     3.2551     3.2647     0.5302     0.5384     8.6118     8.3713    268.980    261.466     2.5421     2.3578     0.0965     1.3865     3.2088     0.7448     0.0000 -123.91370   46.19314       8.82          6  0.000e+00
      15200    633.292      5.925      5.974    20.7104    20.7058   5.485949   5.500663    20.7095    20.7049     3.2554     3.2650     0.5304     0.5388     8.6118     8.3713    268.980    261.466     2.5421     2.3578     0.0965     1.3865     3.2076     0.7448     0.0000 -123.91370   46.19314       8.84          6  0.000e+00
      15201    633.333      5.965      6.014    20.7103    20.7055   5.486870   5.501398    20.7093    20.7045     3.2560     3.2655     0.5309     0.5392     8.6118     8.3714    268.981    261.468     2.5421     2.3578     0.0965     1.3865     3.2076     0.7448     0.0000 -123.91370   46.19314       8.84          6  0.000e+00
      15202    633.375      5.912      5.961    20.7100    20.7053   5.488602   5.502501    20.7091    20.7043     3.2571     3.2662     0.5318     0.5398     8.6118     8.3713    268.978    261.467     2.5421     2.3578     0.0965     1.3865     3.2063     0.7448     0.0000 -123.91370   46.19314       8.84          6  0.000e+00
      15203    633.417      5.965      6.014    20.7096    20.7051   5.490297   5.502942    20.7086    20.7041     3.2582     3.2665     0.5327     0.5400     8.6118     8.3714    268.980    261.469     2.5421     2.3578     0.0952     1.3560     3.2088     0.7448     0.0000 -123.91370   46.19314       8.84          6  0.000e+00
      15204    633.458      5.912      5.961    20.7094    20.7051   5.491366   5.503162    20.7085    20.7041     3.2589     3.2667     0.5333     0.5402     8.6118     8.3658    268.978    261.295     2.5421     2.3565     0.0965     1.3865     3.2088     0.7448     0.0000 -123.91370   46.19314       8.89          6  0.000e+00
      15205    633.500      5.978      6.028    20.7089    20.7051   5.491808   5.503456    20.7079    20.7041     3.2592     3.2669     0.5337     0.5403     8.6068     8.3714    268.823    261.469     2.5409     2.3578     0.0965     1.3865     3.2076     0.7448     0.0000 -123.91370   46.19314       8.91          6  0.000e+00
      15206    633.542      5.965      6.014    20.7086    20.7053   5.492545   5.503640    20.7077    20.7043     3.2597     3.2670     0.5341     0.5403     8.6119     8.3658    268.983    261.295     2.5421     2.3565     0.0965     1.3865     3.2088     0.7448     0.0000 -123.91370   46.19314       8.91          6  0.000e+00
      15207    633.583      5.912      5.961    20.7084    20.7056   5.493319   5.502942    20.7074    20.7047     3.2602     3.2665     0.5345     0.5399     8.6068     8.3657    268.821    261.292     2.5409     2.3565     0.0965     1.3865     3.2076     0.7448     0.0000 -123.91370   46.19314       8.91          6  0.000e+00
      15208    633.625      5.965      6.014    20.7080    20.7056   5.493725   5.501655    20.7071    20.7047     3.2605     3.2657     0.5348     0.5393     8.6069     8.3658    268.825    261.295     2.5409     2.3565     0.0965     1.3865     3.2088     0.7448     0.0000 -123.91370   46.19314       8.91          6  0.000e+00
      15209    633.667      5.912      5.961    20.7080    20.7060   5.493503   5.501214    20.7071    20.7051     3.2603     3.2654     0.5347     0.5390     8.6068     8.3712    268.823    261.464     2.5409     2.3578     0.0965     1.3865     3.2076     0.7460     0.0000 -123.91370   46.19314       8.91          6  0.000e+00
      15210    633.708      5.978      6.028    20.7078    20.7063   5.493651   5.499745    20.7069    20.7054     3.2604     3.2644     0.5348     0.5382     8.6069     8.3658    268.826    261.294     2.5409     2.3565     0.0965     1.3865     3.2076     0.7460     0.0000 -123.91370   46.19314       8.89          6  0.000e+00
      15211    633.750      5.965      6.014    20.7078    20.7069   5.494388   5.497503    20.7068    20.7059     3.2609     3.2630     0.5352     0.5369     8.6069     8.3658    268.825    261.293     2.5409     2.3565     0.0965     1.3865     3.2088     0.7460     0.0000 -123.91370   46.19314       8.86          6  0.000e+00
      15212    633.792      5.912      5.961    20.7073    20.7072   5.495383   5.495887    20.7064    20.7063     3.2616     3.2619     0.5358     0.5361     8.6069     8.3657    268.825    261.291     2.5409     2.3565     0.0965     1.3865     3.2088     0.7448     0.0000 -123.91370   46.19314       8.86          6  0.000e+00
      15213    633.833      5.965      6.014    20.7068    20.7081   5.496636   5.493977    20.7058    20.7072     3.2624     3.2606     0.5366     0.5349     8.6019     8.3657    268.668    261.291     2.5397     2.3565     0.0965     1.3865     3.2076     0.7448     0.0000 -123.91370   46.19314       8.86          6  0.000e+00
      15214    633.875      5.965      6.014    20.7070    20.7083   5.497300   5.493058    20.7060    20.7073     3.2628     3.2600     0.5368     0.5344     8.6018     8.3657    268.666    261.291     2.5397     2.3565     0.0965     1.3865     3.2076     0.7460     0.0000 -123.91370   46.19314       8.86          6  0.000e+00
      15215    633.917      5.978      6.028    20.7065    20.7077   5.497705   5.494160    20.7056    20.7068     3.2631     3.2608     0.5371     0.5351     8.5968     8.3657    268.508    261.293     2.5385     2.3565     0.0965     1.3865     3.2076     0.7460     0.0000 -123.91370   46.19314       8.86          6  0.000e+00
      15216    633.958      5.965      6.014    20.7066    20.7074   5.497963   5.496071    20.7057    20.7064     3.2633     3.2620     0.5372     0.5361     8.5967     8.3657    268.507    261.292     2.5385     2.3565     0.0965     1.3865     3.2088     0.7448     0.0000 -123.91370   46.19314       8.84          6  0.000e+00
      15217    634.000      5.965      6.014    20.7066    20.7072   5.497779   5.496842    20.7057    20.7063     3.2631     3.2625     0.5371     0.5365     8.5967     8.3657    268.508    261.292     2.5385     2.3565     0.0965     1.3865     3.2076     0.7448     0.0000 -123.91370   46.19314       8.84          6  0.000e+00
      15218    634.042      5.965      6.014    20.7065    20.7072   5.497484   5.496107    20.7055    20.7063     3.2630     3.2620     0.5370     0.5362     8.5968     8.3713    268.509    261.465     2.5385     2.3578     0.0965     1.3865     3.2088     0.7448     0.0000 -123.91370   46.19314       8.84          6  0.000e+00
      15219    634.083      5.965      6.014    20.7068    20.7079   5.496968   5.494270    20.7058    20.7070     3.2626     3.2608     0.5367     0.5351     8.5967     8.3657    268.508    261.291     2.5385     2.3565     0.0965     1.3865     3.2088     0.7448     0.0000 -123.91370   46.19314       8.86          6  0.000e+00
      15220    634.125      5.965      6.014    20.7069    20.7084   5.496378   5.492323    20.7059    20.7075     3.2622     3.2596     0.5364     0.5340     8.5967     8.3657    268.508    261.291     2.5385     2.3565     0.0965     1.3865     3.2088     0.7460     0.0000 -123.91370   46.19314       8.86          6  0.000e+00
