WCOA/WCOA-6/CTD_Data/RB2102_CTD_023_01.ros
* Sea-Bird SBE 9 Data File:
* FileName = C:\Users\scs.user.rb\CTD\RB2102\Data\RB2102_CTD_023_01.hex
* Software Version Seasave V 7.26.7.107
* Temperature SN = 6202
* Conductivity SN = 4907
* Number of Bytes Per Scan = 41
* Number of Voltage Words = 4
* Number of Scans Averaged by the Deck Unit = 1
* NMEA Latitude = 47 56.73 N
* NMEA Longitude = 124 44.79 W
* NMEA UTC (Time) = Jun 29 2021  11:35:40
* NMEA baud rate = 4800
# nquan = 30
# nvalues = 588                                   
# units = specified
# name 0 = scan: Scan Count
# name 1 = timeS: Time, Elapsed [seconds]
# name 2 = depSM: Depth [salt water, m]
# name 3 = prDM: Pressure, Digiquartz [db]
# name 4 = t090C: Temperature [ITS-90, deg C]
# name 5 = t190C: Temperature, 2 [ITS-90, deg C]
# name 6 = c0mS/cm: Conductivity [mS/cm]
# name 7 = c1mS/cm: Conductivity, 2 [mS/cm]
# name 8 = potemp090C: Potential Temperature [ITS-90, deg C]
# name 9 = potemp190C: Potential Temperature, 2 [ITS-90, deg C]
# name 10 = sal00: Salinity, Practical [PSU]
# name 11 = sal11: Salinity, Practical, 2 [PSU]
# name 12 = sigma-é00: Density [sigma-theta, kg/m^3]
# name 13 = sigma-é11: Density, 2 [sigma-theta, kg/m^3]
# name 14 = sbeox0Mg/L: Oxygen, SBE 43 [mg/l]
# name 15 = sbeox1Mg/L: Oxygen, SBE 43, 2 [mg/l]
# name 16 = sbox0Mm/Kg: Oxygen, SBE 43 [umol/kg]
# name 17 = sbox1Mm/Kg: Oxygen, SBE 43, 2 [umol/kg]
# name 18 = sbeox0V: Oxygen raw, SBE 43 [V]
# name 19 = sbeox1V: Oxygen raw, SBE 43, 2 [V]
# name 20 = v4: Voltage 4
# name 21 = flECO-AFL: Fluorescence, WET Labs ECO-AFL/FL [mg/m^3]
# name 22 = v3: Voltage 3
# name 23 = v6: Voltage 6
# name 24 = v7: Voltage 7
# name 25 = longitude: Longitude [deg]
# name 26 = latitude: Latitude [deg]
# name 27 = altM: Altimeter [m]
# name 28 = nbf: Bottles Fired
# name 29 = flag:  0.000e+00
# interval = seconds: 0.0416667
# start_time = Jun 29 2021 11:35:40 [NMEA time, header]
# bad_flag = -9.990e-29
*END*
[from data line 291]
      21505    896.000     20.843     21.020     8.3118     8.3127  34.985797  34.985423     8.3097     8.3106    33.3768    33.3755    25.9532    25.9521     2.0950     2.0673     63.814     62.969     0.9475     0.9206     0.1807     3.4927     3.2723     1.7265     0.0000 -124.74648   47.94564      15.21          6  0.000e+00
      21506    896.042     20.843     21.020     8.3110     8.3125  34.985168  34.985360     8.3089     8.3104    33.3768    33.3756    25.9534    25.9522     2.0951     2.0733     63.816     63.153     0.9475     0.9219     0.1807     3.4927     3.2723     1.7265     0.0000 -124.74648   47.94564      15.14          6  0.000e+00
      21507    896.083     20.889     21.067     8.3099     8.3117  34.985986  34.985046     8.3078     8.3096    33.3787    33.3760    25.9550    25.9526     2.0951     2.0734     63.817     63.155     0.9475     0.9219     0.1807     3.4927     3.2711     1.7265     0.0000 -124.74648   47.94564      15.12          6  0.000e+00
      24663   1027.583     14.438     14.561    12.6635    12.7019  37.729075  37.776141    12.6616    12.7000    32.2117    32.2236    24.2993    24.3011    10.3515    12.3889    315.815    377.974     2.9817     3.2552     0.2051     4.1032     3.2466     1.7387     0.0000 -124.74640   47.94564      21.83          7  0.000e+00
      24664   1027.625     14.438     14.561    12.6583    12.6946  37.727780  37.769666    12.6564    12.6927    32.2149    32.2237    24.3028    24.3026    10.3372    12.3910    315.379    378.036     2.9780     3.2552     0.1978     3.9201     3.2466     1.7387     0.0000 -124.74640   47.94564      21.83          7  0.000e+00
      24665   1027.667     14.544     14.668    12.6545    12.6858  37.726679  37.761119    12.6526    12.6839    32.2171    32.2230    24.3052    24.3038    10.3229    12.3936    314.940    378.116     2.9744     3.2552     0.1966     3.8895     3.2466     1.7387     0.0000 -124.74640   47.94564      21.83          7  0.000e+00
      24666   1027.708     14.438     14.561    12.6480    12.6765  37.725579  37.753543    12.6461    12.6746    32.2217    32.2239    24.3100    24.3062    10.3138    12.4015    314.660    378.355     2.9719     3.2564     0.1966     3.8895     3.2454     1.7399     0.0000 -124.74640   47.94564      21.83          7  0.000e+00
      24667   1027.750     14.445     14.567    12.6375    12.6661  37.724932  37.744674    12.6356    12.6642    32.2301    32.2243    24.3185    24.3085    10.3054    12.4098    314.403    378.609     2.9695     3.2576     0.1966     3.8895     3.2466     1.7399     0.0000 -124.74640   47.94564      21.83          7  0.000e+00
      24668   1027.792     14.438     14.561    12.6236    12.6577  37.724027  37.740078    12.6217    12.6558    32.2410    32.2271    24.3297    24.3123    10.2926    12.4119    314.007    378.672     2.9658     3.2576     0.1966     3.8895     3.2466     1.7399     0.0000 -124.74640   47.94564      21.81          7  0.000e+00
      24669   1027.833     14.537     14.661    12.6095    12.6571  37.722928  37.740596    12.6076    12.6552    32.2521    32.2281    24.3409    24.3132    10.2850    12.4122    313.772    378.680     2.9634     3.2576     0.1966     3.8895     3.2466     1.7387     0.0000 -124.74640   47.94564      21.78          7  0.000e+00
      24670   1027.875     14.445     14.567    12.5998    12.6540  37.721763  37.736517    12.5979    12.6521    32.2593    32.2269    24.3483    24.3129    10.2764    12.4185    313.508    378.872     2.9609     3.2589     0.1966     3.8895     3.2466     1.7399     0.0000 -124.74640   47.94564      21.78          7  0.000e+00
      24671   1027.917     14.484     14.608    12.5933    12.6385  37.720922  37.716387    12.5914    12.6366    32.2640    32.2210    24.3533    24.3113    10.2624    12.4289    313.078    379.189     2.9573     3.2601     0.1966     3.8895     3.2466     1.7399     0.0000 -124.74640   47.94564      21.78          7  0.000e+00
      24672   1027.958     14.484     14.608    12.5887    12.6072  37.720275  37.687073    12.5868    12.6053    32.2674    32.2199    24.3568    24.3164    10.2530    12.4377    312.793    379.456     2.9548     3.2601     0.1966     3.8895     3.2466     1.7399     0.0000 -124.74640   47.94564      21.78          7  0.000e+00
      24673   1028.000     14.491     14.614    12.5861    12.5840  37.719303  37.670124    12.5842    12.5821    32.2687    32.2236    24.3582    24.3237    10.2434    12.4439    312.498    379.642     2.9524     3.2601     0.1966     3.8895     3.2479     1.7387     0.0000 -124.74640   47.94564      21.78          7  0.000e+00
      24674   1028.042     14.537     14.661    12.5822    12.5728  37.718073  37.665468    12.5803    12.5709    32.2708    32.2288    24.3607    24.3299    10.2289    12.4522    312.057    379.894     2.9487     3.2613     0.1966     3.8895     3.2454     1.7387     0.0000 -124.74640   47.94564      21.78          7  0.000e+00
      24675   1028.083     14.491     14.614    12.5784    12.5715  37.717555  37.666180    12.5765    12.5696    32.2736    32.2306    24.3636    24.3315    10.2245    12.4523    311.919    379.898     2.9475     3.2613     0.1966     3.8895     3.2466     1.7387     0.0000 -124.74640   47.94564      21.78          7  0.000e+00
      24676   1028.125     14.485     14.608    12.5736    12.5707  37.717232  37.665727    12.5717    12.5688    32.2775    32.2309    24.3675    24.3319    10.2151    12.4581    311.633    380.072     2.9451     3.2625     0.1966     3.8895     3.2479     1.7387     0.0000 -124.74640   47.94564      21.78          7  0.000e+00
      24677   1028.167     14.537     14.661    12.5620    12.5690  37.716068  37.661846    12.5601    12.5671    32.2863    32.2286    24.3765    24.3305    10.2070    12.4588    311.384    380.095     2.9426     3.2625     0.1966     3.8895     3.2479     1.7387     0.0000 -124.74640   47.94564      21.78          7  0.000e+00
      24678   1028.208     14.491     14.614    12.5445    12.5622  37.715552  37.653954    12.5426    12.5603    32.3008    32.2269    24.3911    24.3305    10.1997    12.4608    311.157    380.155     2.9402     3.2625     0.1966     3.8895     3.2466     1.7387     0.0000 -124.74640   47.94564      21.78          7  0.000e+00
      24679   1028.250     14.584     14.708    12.5253    12.5492  37.714712  37.643801    12.5234    12.5473    32.3164    32.2284    24.4069    24.3341    10.1929    12.4700    310.943    380.434     2.9377     3.2637     0.1966     3.8895     3.2454     1.7399     0.0000 -124.74640   47.94564      21.78          7  0.000e+00
      24680   1028.292     14.491     14.614    12.5110    12.5355  37.714001  37.633972    12.5091    12.5337    32.3281    32.2307    24.4186    24.3385    10.1901    12.4734    310.854    380.539     2.9365     3.2637     0.1966     3.8895     3.2479     1.7399     0.0000 -124.74640   47.94564      21.81          7  0.000e+00
      24681   1028.333     14.538     14.661    12.5021    12.5270  37.713485  37.626860    12.5002    12.5251    32.3353    32.2313    24.4259    24.3406    10.1815    12.4759    310.590    380.612     2.9341     3.2637     0.1966     3.8895     3.2454     1.7387     0.0000 -124.74640   47.94564      21.81          7  0.000e+00
      24682   1028.375     14.538     14.661    12.4976    12.5163  37.712708  37.618390    12.4957    12.5144    32.3384    32.2323    24.4292    24.3434    10.1721    12.4788    310.303    380.700     2.9316     3.2637     0.1966     3.8895     3.2466     1.7399     0.0000 -124.74640   47.94564      21.81          7  0.000e+00
      24683   1028.417     14.544     14.668    12.4916    12.5047  37.712255  37.608693    12.4897    12.5028    32.3431    32.2331    24.4340    24.3462    10.1630    12.4820    310.023    380.797     2.9292     3.2637     0.1966     3.8895     3.2466     1.7399     0.0000 -124.74640   47.94564      21.81          7  0.000e+00
      24684   1028.458     14.584     14.708    12.4845    12.4953  37.711933  37.599385    12.4826    12.4934    32.3489    32.2322    24.4399    24.3473    10.1592    12.4848    309.904    380.881     2.9280     3.2637     0.1966     3.8895     3.2454     1.7399     0.0000 -124.74640   47.94564      21.83          7  0.000e+00
      24685   1028.500     14.538     14.661    12.4747    12.4876  37.711545  37.592274    12.4728    12.4857    32.3570    32.2320    24.4480    24.3487    10.1506    12.4869    309.639    380.945     2.9255     3.2637     0.1966     3.8895     3.2479     1.7399     0.0000 -124.74640   47.94564      21.81          7  0.000e+00
      24686   1028.542     14.590     14.714    12.4669    12.4868  37.710510  37.592275    12.4650    12.4849    32.3627    32.2327    24.4539    24.3493    10.1469    12.4871    309.526    380.952     2.9243     3.2637     0.1966     3.8895     3.2466     1.7399     0.0000 -124.74640   47.94564      21.78          7  0.000e+00
      24687   1028.583     14.584     14.708    12.4624    12.4856  37.710187  37.591499    12.4605    12.4837    32.3662    32.2330    24.4575    24.3498    10.1375    12.4874    309.237    380.961     2.9219     3.2637     0.1966     3.8895     3.2479     1.7399     0.0000 -124.74640   47.94564      21.78          7  0.000e+00
      24688   1028.625     14.544     14.668    12.4599    12.4852  37.710381  37.592145    12.4580    12.4833    32.3686    32.2340    24.4598    24.3507    10.1327    12.4874    309.092    380.961     2.9206     3.2637     0.1966     3.8895     3.2454     1.7399     0.0000 -124.74640   47.94564      21.78          7  0.000e+00
      24689   1028.667     14.630     14.754    12.4593    12.4886  37.709734  37.599321    12.4573    12.4867    32.3685    32.2378    24.4599    24.3530    10.1228    12.4863    308.790    380.925     2.9182     3.2637     0.1954     3.8590     3.2466     1.7399     0.0000 -124.74640   47.94564      21.78          7  0.000e+00
      24690   1028.708     14.630     14.754    12.4581    12.4913  37.709734  37.599256    12.4562    12.4894    32.3695    32.2355    24.4609    24.3507    10.1179    12.4857    308.640    380.909     2.9170     3.2637     0.1929     3.7980     3.2466     1.7399     0.0000 -124.74640   47.94564      21.78          7  0.000e+00
      24691   1028.750     14.591     14.714    12.4561    12.4735  37.709604  37.582257    12.4542    12.4716    32.3711    32.2345    24.4625    24.3533    10.1080    12.4907    308.338    381.061     2.9145     3.2637     0.1917     3.7674     3.2466     1.7387     0.0000 -124.74640   47.94564      21.78          7  0.000e+00
      24692   1028.792     14.630     14.754    12.4478    12.4547  37.709023  37.561514    12.4459    12.4528    32.3777    32.2309    24.4692    24.3541    10.1044    12.4964    308.225    381.233     2.9133     3.2637     0.1917     3.7674     3.2479     1.7387     0.0000 -124.74640   47.94564      21.73          7  0.000e+00
      24693   1028.833     14.591     14.714    12.4276    12.4187  37.709543  37.525143    12.4257    12.4168    32.3957    32.2270    24.4869    24.3579    10.0975    12.5068    308.008    381.548     2.9109     3.2637     0.1917     3.7674     3.2466     1.7387     0.0000 -124.74640   47.94564      21.66          7  0.000e+00
      24694   1028.875     14.683     14.808    12.3943    12.3748  37.709353  37.486269    12.3924    12.3729    32.4242    32.2275    24.5154    24.3666    10.0980    12.5137    308.014    381.757     2.9096     3.2625     0.1917     3.7674     3.2479     1.7399     0.0000 -124.74640   47.94564      21.66          7  0.000e+00
      24695   1028.917     14.584     14.708    12.3590    12.3420  37.709681  37.468453    12.3571    12.3402    32.4550    32.2387    24.5460    24.3814    10.0985    12.5219    308.021    382.002     2.9084     3.2625     0.1917     3.7674     3.2466     1.7399     0.0000 -124.74640   47.94564      21.66          7  0.000e+00
      24696   1028.958     14.637     14.761    12.3337    12.3282  37.709361  37.464969    12.3318    12.3263    32.4766    32.2472    24.5675    24.3907    10.0925    12.5197    307.833    381.931     2.9060     3.2613     0.1917     3.7674     3.2479     1.7399     0.0000 -124.74640   47.94564      21.66          7  0.000e+00
      24697   1029.000     14.683     14.808    12.3100    12.3241  37.709623  37.466648    12.3081    12.3222    32.4975    32.2523    24.5882    24.3954    10.0914    12.5205    307.791    381.955     2.9048     3.2613     0.1917     3.7674     3.2466     1.7387     0.0000 -124.74640   47.94564      21.66          7  0.000e+00
      24698   1029.042     14.683     14.808    12.2890    12.3202  37.709107  37.464841    12.2871    12.3183    32.5152    32.2539    24.6059    24.3974    10.0846    12.5215    307.581    381.984     2.9023     3.2613     0.1917     3.7674     3.2466     1.7387     0.0000 -124.74640   47.94564      21.71          7  0.000e+00
      24699   1029.083     14.637     14.761    12.2655    12.3193  37.708916  37.468779    12.2636    12.3175    32.5354    32.2585    24.6260    24.4011    10.0833    12.5158    307.535    381.807     2.9011     3.2601     0.1917     3.7674     3.2466     1.7399     0.0000 -124.74640   47.94564      21.78          7  0.000e+00
      24700   1029.125     14.683     14.808    12.2452    12.3542  37.709372  37.495571    12.2434    12.3523    32.5534    32.2541    24.6438    24.3911    10.0765    12.5008    307.320    381.354     2.8987     3.2589     0.1917     3.7674     3.2479     1.7387     0.0000 -124.74640   47.94564      21.78          7  0.000e+00
      24701   1029.167     14.637     14.761    12.2354    12.3883  37.709761  37.525534    12.2336    12.3864    32.5623    32.2535    24.6526    24.3842    10.0729    12.4912    307.208    381.063     2.8974     3.2589     0.1917     3.7674     3.2466     1.7399     0.0000 -124.74640   47.94564      21.78          7  0.000e+00
      24702   1029.208     14.683     14.808    12.2354    12.4215  37.709632  37.542392    12.2336    12.4196    32.5622    32.2410    24.6525    24.3682    10.0627    12.4773    306.899    380.647     2.8950     3.2576     0.1917     3.7674     3.2479     1.7399     0.0000 -124.74640   47.94564      21.78          7  0.000e+00
      24703   1029.250     14.683     14.808    12.2328    12.4224  37.709308  37.537159    12.2309    12.4205    32.5642    32.2353    24.6545    24.3636    10.0530    12.4775    306.601    380.655     2.8926     3.2576     0.1917     3.7674     3.2466     1.7399     0.0000 -124.74640   47.94564      21.78          7  0.000e+00
      24704   1029.292     14.690     14.815    12.2183    12.4232  37.709958  37.536319    12.2165    12.4213    32.5774    32.2338    24.6675    24.3623    10.0502    12.4719    306.512    380.483     2.8913     3.2564     0.1917     3.7674     3.2479     1.7399     0.0000 -124.74640   47.94564      21.66          7  0.000e+00
      24705   1029.333     14.683     14.808    12.1995    12.4287  37.710413  37.548400    12.1976    12.4268    32.5942    32.2406    24.6841    24.3665    10.0430    12.4698    306.289    380.418     2.8889     3.2564     0.1917     3.7674     3.2466     1.7399     0.0000 -124.74640   47.94564      21.59          7  0.000e+00
      24706   1029.375     14.690     14.815    12.1831    12.4394  37.710480  37.559900    12.1812    12.4375    32.6086    32.2424    24.6983    24.3659    10.0406    12.4612    306.210    380.154     2.8877     3.2552     0.1917     3.7674     3.2466     1.7399     0.0000 -124.74640   47.94564      21.59          7  0.000e+00
