WCOA/WCOA-6/CTD_Data/RB2102_CTD_026_01.ros
* Sea-Bird SBE 9 Data File:
* FileName = C:\Users\scs.user.rb\CTD\RB2102\Data\RB2102_CTD_026_01.hex
* Software Version Seasave V 7.26.7.107
* Temperature SN = 6202
* Conductivity SN = 4907
* Number of Bytes Per Scan = 41
* Number of Voltage Words = 4
* Number of Scans Averaged by the Deck Unit = 1
* NMEA Latitude = 46 07.79 N
* NMEA Longitude = 124 54.65 W
* NMEA UTC (Time) = Jun 30 2021  09:37:12
* NMEA baud rate = 4800
# nquan = 30
# nvalues = 1176                                  
# units = specified
# name 0 = scan: Scan Count
# name 1 = timeS: Time, Elapsed [seconds]
# name 2 = depSM: Depth [salt water, m]
# name 3 = prDM: Pressure, Digiquartz [db]
# name 4 = t090C: Temperature [ITS-90, deg C]
# name 5 = t190C: Temperature, 2 [ITS-90, deg C]
# name 6 = c0mS/cm: Conductivity [mS/cm]
# name 7 = c1mS/cm: Conductivity, 2 [mS/cm]
# name 8 = potemp090C: Potential Temperature [ITS-90, deg C]
# name 9 = potemp190C: Potential Temperature, 2 [ITS-90, deg C]
# name 10 = sal00: Salinity, Practical [PSU]
# name 11 = sal11: Salinity, Practical, 2 [PSU]
# name 12 = sigma-é00: Density [sigma-theta, kg/m^3]
# name 13 = sigma-é11: Density, 2 [sigma-theta, kg/m^3]
# name 14 = sbeox0Mg/L: Oxygen, SBE 43 [mg/l]
# name 15 = sbeox1Mg/L: Oxygen, SBE 43, 2 [mg/l]
# name 16 = sbox0Mm/Kg: Oxygen, SBE 43 [umol/kg]
# name 17 = sbox1Mm/Kg: Oxygen, SBE 43, 2 [umol/kg]
# name 18 = sbeox0V: Oxygen raw, SBE 43 [V]
# name 19 = sbeox1V: Oxygen raw, SBE 43, 2 [V]
# name 20 = v4: Voltage 4
# name 21 = flECO-AFL: Fluorescence, WET Labs ECO-AFL/FL [mg/m^3]
# name 22 = v3: Voltage 3
# name 23 = v6: Voltage 6
# name 24 = v7: Voltage 7
# name 25 = longitude: Longitude [deg]
# name 26 = latitude: Latitude [deg]
# name 27 = altM: Altimeter [m]
# name 28 = nbf: Bottles Fired
# name 29 = flag:  0.000e+00
# interval = seconds: 0.0416667
# start_time = Jun 30 2021 09:37:12 [NMEA time, header]
# bad_flag = -9.990e-29
*END*
[from data line 1112]
     139456   5810.625      3.024      3.049    16.2717    16.2722  40.724340  40.724276    16.2712    16.2717    31.9591    31.9587    23.3489    23.3485     8.5881     8.1265    262.259    248.164     2.7167     2.4530     0.0440     0.0739     3.1258     0.8840     0.0000 -124.90560   46.12902      99.76         23  0.000e+00
     139457   5810.667      2.924      2.949    16.2716    16.2722  40.724407  40.724076    16.2712    16.2717    31.9593    31.9586    23.3490    23.3484     8.5880     8.1265    262.256    248.161     2.7167     2.4530     0.0452     0.1044     3.1245     0.8828     0.0000 -124.90560   46.12902      99.76         23  0.000e+00
     139458   5810.708      2.924      2.949    16.2718    16.2720  40.724674  40.723942    16.2713    16.2715    31.9594    31.9586    23.3491    23.3484     8.5880     8.1265    262.255    248.162     2.7167     2.4530     0.0440     0.0739     3.1245     0.8828     0.0000 -124.90560   46.12902      99.76         23  0.000e+00
     139459   5810.750      2.924      2.949    16.2721    16.2720  40.724807  40.724142    16.2716    16.2715    31.9593    31.9588    23.3489    23.3485     8.5880     8.1265    262.254    248.162     2.7167     2.4530     0.0440     0.0739     3.1245     0.8828     0.0000 -124.90560   46.12902      99.76         23  0.000e+00
     139460   5810.792      2.871      2.895    16.2718    16.2720  40.724607  40.723742    16.2714    16.2715    31.9594    31.9585    23.3490    23.3483     8.5879     8.1264    262.254    248.161     2.7167     2.4530     0.0440     0.0739     3.1245     0.8828     0.0000 -124.90560   46.12902      99.73         23  0.000e+00
     139461   5810.833      2.871      2.895    16.2716    16.2720  40.724740  40.723808    16.2712    16.2716    31.9596    31.9585    23.3493    23.3483     8.5927     8.1264    262.398    248.160     2.7179     2.4530     0.0440     0.0739     3.1258     0.8828     0.0000 -124.90560   46.12902      99.76         23  0.000e+00
     139462   5810.875      2.871      2.895    16.2719    16.2720  40.724540  40.723942    16.2714    16.2715    31.9592    31.9587    23.3489    23.3485     8.5926     8.1264    262.397    248.160     2.7179     2.4530     0.0440     0.0739     3.1258     0.8828     0.0000 -124.90560   46.12902      99.76         23  0.000e+00
     139463   5810.917      2.872      2.895    16.2720    16.2722  40.724473  40.723808    16.2715    16.2717    31.9591    31.9584    23.3488    23.3482     8.5926     8.1264    262.397    248.160     2.7179     2.4530     0.0440     0.0739     3.1258     0.8828     0.0000 -124.90560   46.12902      99.76         23  0.000e+00
     139464   5810.958      2.825      2.849    16.2718    16.2721  40.724473  40.723608    16.2714    16.2717    31.9593    31.9582    23.3489    23.3481     8.5926     8.1264    262.396    248.159     2.7179     2.4530     0.0440     0.0739     3.1258     0.8828     0.0000 -124.90560   46.12902      99.76         23  0.000e+00
     139465   5811.000      2.872      2.895    16.2717    16.2722  40.724674  40.723808    16.2713    16.2717    31.9595    31.9584    23.3491    23.3482     8.5927     8.1264    262.397    248.160     2.7179     2.4530     0.0440     0.0739     3.1258     0.8828     0.0000 -124.90560   46.12902      99.76         23  0.000e+00
     139466   5811.042      2.825      2.849    16.2720    16.2720  40.725141  40.724142    16.2715    16.2716    31.9597    31.9588    23.3493    23.3486     8.5925     8.1264    262.394    248.158     2.7179     2.4530     0.0440     0.0739     3.1258     0.8828     0.0000 -124.90560   46.12902      99.76         23  0.000e+00
     139467   5811.083      2.872      2.895    16.2718    16.2723  40.724874  40.723875    16.2714    16.2718    31.9596    31.9583    23.3492    23.3481     8.5926     8.1264    262.397    248.159     2.7179     2.4530     0.0440     0.0739     3.1245     0.8828     0.0000 -124.90560   46.12902      99.76         23  0.000e+00
     139468   5811.125      2.872      2.895    16.2717    16.2722  40.724540  40.723608    16.2713    16.2717    31.9594    31.9582    23.3491    23.3481     8.5927     8.1264    262.398    248.160     2.7179     2.4530     0.0440     0.0739     3.1245     0.8828     0.0000 -124.90560   46.12902      99.76         23  0.000e+00
     139469   5811.167      2.845      2.869    16.2716    16.2721  40.724674  40.723808    16.2712    16.2717    31.9596    31.9584    23.3492    23.3482     8.5926     8.1264    262.397    248.159     2.7179     2.4530     0.0440     0.0739     3.1258     0.8828     0.0000 -124.90560   46.12902      99.76         23  0.000e+00
     139470   5811.208      2.925      2.949    16.2720    16.2723  40.724340  40.723942    16.2715    16.2719    31.9590    31.9583    23.3487    23.3481     8.5974     8.1264    262.542    248.161     2.7192     2.4530     0.0440     0.0739     3.1258     0.8828     0.0000 -124.90560   46.12902      99.76         23  0.000e+00
     139507   5812.750      3.606      3.636    16.2723    16.2716  40.724476  40.723945    16.2717    16.2711    31.9586    31.9587    23.3483    23.3486     8.5840     8.1221    262.133    248.029     2.7155     2.4518     0.0440     0.0739     3.1258     0.8816     0.0000 -124.90560   46.12902      99.76         24  0.000e+00
     139508   5812.792      3.560      3.590    16.2723    16.2718  40.724943  40.723811    16.2717    16.2713    31.9590    31.9584    23.3487    23.3483     8.5839     8.1221    262.131    248.027     2.7155     2.4518     0.0440     0.0739     3.1258     0.8816     0.0000 -124.90560   46.12902      99.76         24  0.000e+00
     139509   5812.833      3.706      3.736    16.2725    16.2715  40.724877  40.724146    16.2719    16.2709    31.9588    31.9589    23.3484    23.3488     8.5888     8.1223    262.279    248.033     2.7167     2.4518     0.0440     0.0739     3.1258     0.8816     0.0000 -124.90560   46.12902      99.76         24  0.000e+00
     139510   5812.875      3.560      3.590    16.2726    16.2716  40.724877  40.724011    16.2720    16.2711    31.9587    31.9587    23.3484    23.3486     8.5886     8.1272    262.273    248.183     2.7167     2.4530     0.0440     0.0739     3.1258     0.8816     0.0000 -124.90560   46.12902      99.76         24  0.000e+00
     139511   5812.917      3.659      3.690    16.2725    16.2718  40.724543  40.723678    16.2719    16.2713    31.9585    31.9582    23.3482    23.3482     8.5934     8.1273    262.421    248.186     2.7179     2.4530     0.0440     0.0739     3.1245     0.8816     0.0000 -124.90560   46.12902      99.76         24  0.000e+00
     139512   5812.958      3.706      3.736    16.2725    16.2718  40.724677  40.724012    16.2719    16.2712    31.9586    31.9586    23.3483    23.3484     8.5935     8.1273    262.423    248.187     2.7179     2.4530     0.0440     0.0739     3.1245     0.8816     0.0000 -124.90560   46.12902      99.76         24  0.000e+00
     139513   5813.000      3.672      3.703    16.2729    16.2720  40.725011  40.724012    16.2723    16.2714    31.9586    31.9584    23.3482    23.3483     8.5934     8.1273    262.419    248.185     2.7179     2.4530     0.0440     0.0739     3.1258     0.8816     0.0000 -124.90560   46.12902      99.76         24  0.000e+00
     139514   5813.042      3.706      3.736    16.2726    16.2721  40.725211  40.724412    16.2721    16.2715    31.9589    31.9586    23.3485    23.3484     8.5981     8.1273    262.565    248.185     2.7192     2.4530     0.0452     0.1044     3.1258     0.8816     0.0000 -124.90560   46.12902      99.76         24  0.000e+00
     139515   5813.083      3.752      3.783    16.2728    16.2725  40.725145  40.724346    16.2723    16.2719    31.9587    31.9583    23.3483    23.3480     8.5982     8.1273    262.566    248.186     2.7192     2.4530     0.0440     0.0739     3.1258     0.8816     0.0000 -124.90560   46.12902      99.76         24  0.000e+00
     139516   5813.125      3.706      3.736    16.2729    16.2728  40.725144  40.724479    16.2723    16.2722    31.9587    31.9581    23.3483    23.3479     8.5981     8.1221    262.564    248.027     2.7192     2.4518     0.0440     0.0739     3.1258     0.8816     0.0000 -124.90560   46.12902      99.76         24  0.000e+00
     139517   5813.167      3.752      3.783    16.2728    16.2728  40.725211  40.724546    16.2723    16.2723    31.9587    31.9582    23.3483    23.3479     8.5981     8.1272    262.565    248.184     2.7192     2.4530     0.0440     0.0739     3.1258     0.8816     0.0000 -124.90560   46.12902      99.76         24  0.000e+00
     139518   5813.208      3.752      3.783    16.2726    16.2727  40.725479  40.724613    16.2721    16.2721    31.9591    31.9583    23.3487    23.3481     8.5982     8.1221    262.566    248.029     2.7192     2.4518     0.0440     0.0739     3.1258     0.8816     0.0000 -124.90560   46.12902      99.76         24  0.000e+00
     139519   5813.250      3.805      3.836    16.2731    16.2730  40.725212  40.724813    16.2725    16.2724    31.9585    31.9583    23.3482    23.3480     8.5982     8.1272    262.566    248.185     2.7192     2.4530     0.0440     0.0739     3.1258     0.8816     0.0000 -124.90560   46.12902      99.78         24  0.000e+00
     139520   5813.292      3.752      3.783    16.2730    16.2728  40.725211  40.724413    16.2724    16.2723    31.9586    31.9580    23.3482    23.3478     8.5981     8.1272    262.565    248.184     2.7192     2.4530     0.0440     0.0739     3.1245     0.8816     0.0000 -124.90560   46.12902      99.76         24  0.000e+00
     139521   5813.333      3.805      3.836    16.2730    16.2726  40.725479  40.724813    16.2724    16.2720    31.9588    31.9585    23.3484    23.3482     8.6029     8.1273    262.710    248.186     2.7204     2.4530     0.0452     0.1044     3.1258     0.8816     0.0000 -124.90560   46.12902      99.76         24  0.000e+00
     139522   5813.375      3.851      3.883    16.2731    16.2730  40.725212  40.724680    16.2725    16.2724    31.9585    31.9581    23.3481    23.3478     8.6029     8.1222    262.712    248.031     2.7204     2.4518     0.0440     0.0739     3.1258     0.8816     0.0000 -124.90560   46.12902      99.76         24  0.000e+00
     139523   5813.417      3.851      3.883    16.2732    16.2728  40.725145  40.724546    16.2726    16.2722    31.9584    31.9582    23.3480    23.3479     8.5982     8.1273    262.568    248.187     2.7192     2.4530     0.0452     0.1044     3.1245     0.8816     0.0000 -124.90560   46.12902      99.76         24  0.000e+00
     139524   5813.458      3.851      3.883    16.2728    16.2728  40.725212  40.724546    16.2722    16.2722    31.9587    31.9581    23.3483    23.3479     8.6030     8.1222    262.712    248.032     2.7204     2.4518     0.0440     0.0739     3.1245     0.8816     0.0000 -124.90560   46.12902      99.73         24  0.000e+00
     139525   5813.500      3.805      3.837    16.2731    16.2726  40.725479  40.724880    16.2725    16.2720    31.9588    31.9586    23.3483    23.3483     8.6029     8.1222    262.710    248.031     2.7204     2.4518     0.0440     0.0739     3.1258     0.8816     0.0000 -124.90560   46.12902      99.76         24  0.000e+00
     139526   5813.542      3.851      3.883    16.2733    16.2725  40.725212  40.724680    16.2727    16.2719    31.9583    31.9585    23.3479    23.3482     8.6029     8.1223    262.711    248.033     2.7204     2.4518     0.0440     0.0739     3.1258     0.8828     0.0000 -124.90560   46.12902      99.76         24  0.000e+00
     139527   5813.583      3.898      3.930    16.2733    16.2727  40.724945  40.724814    16.2727    16.2721    31.9580    31.9585    23.3477    23.3482     8.6030     8.1223    262.713    248.033     2.7204     2.4518     0.0440     0.0739     3.1258     0.8828     0.0000 -124.90560   46.12902      99.76         24  0.000e+00
     139528   5813.625      3.898      3.930    16.2732    16.2726  40.725345  40.724680    16.2726    16.2720    31.9585    31.9584    23.3481    23.3481     8.6030     8.1223    262.712    248.034     2.7204     2.4518     0.0440     0.0739     3.1258     0.8828     0.0000 -124.90560   46.12902      99.76         24  0.000e+00
     139529   5813.667      3.851      3.883    16.2735    16.2727  40.725546  40.724613    16.2729    16.2721    31.9585    31.9583    23.3480    23.3481     8.6029     8.1222    262.709    248.032     2.7204     2.4518     0.0440     0.0739     3.1258     0.8816     0.0000 -124.90560   46.12902      99.76         24  0.000e+00
     139530   5813.708      3.917      3.950    16.2733    16.2725  40.725546  40.724881    16.2727    16.2719    31.9586    31.9587    23.3481    23.3484     8.6030     8.1223    262.712    248.035     2.7204     2.4518     0.0440     0.0739     3.1258     0.8828     0.0000 -124.90560   46.12902      99.76         24  0.000e+00
     139531   5813.750      3.851      3.883    16.2735    16.2727  40.725546  40.724613    16.2729    16.2721    31.9585    31.9583    23.3480    23.3481     8.6029     8.1222    262.709    248.032     2.7204     2.4518     0.0440     0.0739     3.1245     0.8828     0.0000 -124.90560   46.12902      99.76         24  0.000e+00
     139532   5813.792      3.898      3.930    16.2734    16.2726  40.725212  40.724346    16.2728    16.2720    31.9582    31.9581    23.3479    23.3479     8.6029     8.1223    262.712    248.034     2.7204     2.4518     0.0440     0.0739     3.1258     0.8828     0.0000 -124.90560   46.12902      99.76         24  0.000e+00
     139533   5813.833      3.898      3.930    16.2732    16.2728  40.725679  40.724814    16.2726    16.2722    31.9588    31.9583    23.3483    23.3480     8.6029     8.1172    262.712    247.877     2.7204     2.4505     0.0440     0.0739     3.1258     0.8828     0.0000 -124.90560   46.12902      99.76         24  0.000e+00
     139534   5813.875      3.898      3.930    16.2732    16.2726  40.725412  40.724880    16.2726    16.2720    31.9586    31.9586    23.3482    23.3483     8.6030     8.1223    262.712    248.033     2.7204     2.4518     0.0440     0.0739     3.1258     0.8828     0.0000 -124.90560   46.12902      99.76         24  0.000e+00
     139535   5813.917      3.898      3.930    16.2732    16.2727  40.725145  40.724680    16.2726    16.2721    31.9583    31.9584    23.3479    23.3481     8.6030     8.1223    262.713    248.034     2.7204     2.4518     0.0440     0.0739     3.1258     0.8828     0.0000 -124.90560   46.12902      99.76         24  0.000e+00
     139536   5813.958      3.898      3.930    16.2733    16.2728  40.725679  40.725147    16.2727    16.2722    31.9587    31.9586    23.3482    23.3483     8.5982     8.1171    262.568    247.877     2.7192     2.4505     0.0452     0.1044     3.1245     0.8828     0.0000 -124.90560   46.12902      99.76         24  0.000e+00
     139537   5814.000      3.851      3.883    16.2732    16.2726  40.725679  40.725081    16.2726    16.2720    31.9588    31.9588    23.3484    23.3484     8.5982     8.1171    262.567    247.876     2.7192     2.4505     0.0440     0.0739     3.1258     0.8828     0.0000 -124.90560   46.12902      99.76         24  0.000e+00
     139538   5814.042      3.898      3.930    16.2732    16.2727  40.725546  40.724613    16.2726    16.2721    31.9587    31.9583    23.3482    23.3480     8.5982     8.1172    262.568    247.878     2.7192     2.4505     0.0440     0.0739     3.1245     0.8828     0.0000 -124.90560   46.12902      99.76         24  0.000e+00
     139539   5814.083      3.898      3.930    16.2732    16.2728  40.724945  40.724547    16.2726    16.2722    31.9582    31.9581    23.3478    23.3479     8.5936     8.1172    262.426    247.878     2.7179     2.4505     0.0452     0.1044     3.1245     0.8828     0.0000 -124.90560   46.12902      99.76         24  0.000e+00
