WCOA/WCOA-6/CTD_Data/RB2102_CTD_127_01.ros
* Sea-Bird SBE 9 Data File:
* FileName = C:\Users\scs.user.rb\CTD\RB2102\Data\RB2102_CTD_127_01.hex
* Software Version Seasave V 7.26.7.107
* Temperature SN = 6202
* Conductivity SN = 4907
* Number of Bytes Per Scan = 41
* Number of Voltage Words = 4
* Number of Scans Averaged by the Deck Unit = 1
* NMEA Latitude = 33 15.12 N
* NMEA Longitude = 118 14.95 W
* NMEA UTC (Time) = Jul 21 2021  00:58:59
* NMEA baud rate = 4800
# nquan = 30
# nvalues = 1115                                  
# units = specified
# name 0 = scan: Scan Count
# name 1 = timeS: Time, Elapsed [seconds]
# name 2 = depSM: Depth [salt water, m]
# name 3 = prDM: Pressure, Digiquartz [db]
# name 4 = t090C: Temperature [ITS-90, deg C]
# name 5 = t190C: Temperature, 2 [ITS-90, deg C]
# name 6 = c0mS/cm: Conductivity [mS/cm]
# name 7 = c1mS/cm: Conductivity, 2 [mS/cm]
# name 8 = potemp090C: Potential Temperature [ITS-90, deg C]
# name 9 = potemp190C: Potential Temperature, 2 [ITS-90, deg C]
# name 10 = sal00: Salinity, Practical [PSU]
# name 11 = sal11: Salinity, Practical, 2 [PSU]
# name 12 = sigma-é00: Density [sigma-theta, kg/m^3]
# name 13 = sigma-é11: Density, 2 [sigma-theta, kg/m^3]
# name 14 = sbeox0Mg/L: Oxygen, SBE 43 [mg/l]
# name 15 = sbeox1Mg/L: Oxygen, SBE 43, 2 [mg/l]
# name 16 = sbox0Mm/Kg: Oxygen, SBE 43 [umol/kg]
# name 17 = sbox1Mm/Kg: Oxygen, SBE 43, 2 [umol/kg]
# name 18 = sbeox0V: Oxygen raw, SBE 43 [V]
# name 19 = sbeox1V: Oxygen raw, SBE 43, 2 [V]
# name 20 = v4: Voltage 4
# name 21 = flECO-AFL: Fluorescence, WET Labs ECO-AFL/FL [mg/m^3]
# name 22 = v3: Voltage 3
# name 23 = v6: Voltage 6
# name 24 = v7: Voltage 7
# name 25 = longitude: Longitude [deg]
# name 26 = latitude: Latitude [deg]
# name 27 = altM: Altimeter [m]
# name 28 = nbf: Bottles Fired
# name 29 = flag:  0.000e+00
# interval = seconds: 0.0416667
# start_time = Jul 21 2021 00:58:59 [NMEA time, header]
# bad_flag = -9.990e-29
*END*
[from data line 339]
      36903   1537.583     99.370    100.102    11.1246    11.1245  37.800661  37.802167    11.1124    11.1123    33.6053    33.6068    25.6694    25.6706     5.4458     5.0849    165.925    154.928     1.7534     1.5910     0.0452     0.1044     3.2357     0.0000     0.0281 -118.24922   33.25116      99.37          8  0.000e+00
      36904   1537.625     99.410    100.142    11.1244    11.1245  37.801050  37.802945    11.1122    11.1124    33.6058    33.6076    25.6698    25.6711     5.4406     5.0792    165.766    154.754     1.7521     1.5897     0.0464     0.1350     3.2369     0.0000     0.0281 -118.24922   33.25116      99.39          8  0.000e+00
      36905   1537.667     99.370    100.102    11.1247    11.1247  37.801050  37.802685    11.1126    11.1126    33.6055    33.6072    25.6695    25.6708     5.4405     5.0791    165.764    154.753     1.7521     1.5897     0.0452     0.1044     3.2381     0.0000     0.0281 -118.24922   33.25116      99.39          8  0.000e+00
      36906   1537.708     99.410    100.142    11.1244    11.1248  37.801374  37.803204    11.1122    11.1126    33.6061    33.6076    25.6700    25.6711     5.4406     5.0791    165.766    154.753     1.7521     1.5897     0.0452     0.1044     3.2369     0.0000     0.0281 -118.24922   33.25116      99.37          8  0.000e+00
      36907   1537.750     99.417    100.149    11.1249    11.1251  37.801114  37.803268    11.1127    11.1129    33.6054    33.6074    25.6694    25.6709     5.4406     5.0791    165.765    154.752     1.7521     1.5897     0.0452     0.1044     3.2381     0.0000     0.0281 -118.24922   33.25116      99.37          8  0.000e+00
      36908   1537.792     99.364    100.095    11.1246    11.1251  37.801374  37.803398    11.1124    11.1130    33.6060    33.6075    25.6699    25.6710     5.4405     5.0848    165.764    154.925     1.7521     1.5910     0.0452     0.1044     3.2357     0.0000     0.0281 -118.24922   33.25116      99.37          8  0.000e+00
      36909   1537.833     99.463    100.196    11.1246    11.1251  37.801374  37.803269    11.1124    11.1129    33.6060    33.6074    25.6699    25.6709     5.4406     5.0849    165.766    154.927     1.7521     1.5910     0.0452     0.1044     3.2357     0.0000     0.0281 -118.24922   33.25116      99.39          8  0.000e+00
      36910   1537.875     99.410    100.142    11.1247    11.1253  37.801179  37.803204    11.1125    11.1131    33.6056    33.6071    25.6696    25.6706     5.4406     5.0848    165.765    154.926     1.7521     1.5910     0.0452     0.1044     3.2381     0.0000     0.0281 -118.24922   33.25116      99.39          8  0.000e+00
      36911   1537.917     99.417    100.149    11.1246    11.1254  37.801568  37.803398    11.1124    11.1132    33.6062    33.6072    25.6701    25.6707     5.4406     5.0848    165.765    154.925     1.7521     1.5910     0.0452     0.1044     3.2369     0.0000     0.0281 -118.24922   33.25116      99.39          8  0.000e+00
      36912   1537.958     99.410    100.142    11.1249    11.1253  37.801763  37.803722    11.1127    11.1131    33.6061    33.6076    25.6699    25.6710     5.4458     5.0791    165.924    154.751     1.7534     1.5897     0.0452     0.1044     3.2357     0.0000     0.0281 -118.24922   33.25116      99.39          8  0.000e+00
      36913   1538.000     99.463    100.196    11.1246    11.1252  37.801828  37.803593    11.1124    11.1130    33.6064    33.6076    25.6703    25.6710     5.4459     5.0791    165.926    154.752     1.7534     1.5897     0.0452     0.1044     3.2381     0.0000     0.0281 -118.24922   33.25116      99.37          8  0.000e+00
      36914   1538.042     99.456    100.189    11.1249    11.1250  37.801439  37.803981    11.1127    11.1128    33.6057    33.6082    25.6696    25.6715     5.4458     5.0791    165.925    154.752     1.7534     1.5897     0.0452     0.1044     3.2369     0.0000     0.0281 -118.24922   33.25116      99.37          8  0.000e+00
      36915   1538.083     99.463    100.196    11.1249    11.1249  37.801698  37.803657    11.1127    11.1127    33.6060    33.6079    25.6698    25.6713     5.4458     5.0792    165.925    154.753     1.7534     1.5897     0.0452     0.1044     3.2369     0.0000     0.0281 -118.24922   33.25116      99.37          8  0.000e+00
      36916   1538.125     99.410    100.142    11.1247    11.1250  37.801698  37.803722    11.1125    11.1128    33.6062    33.6079    25.6700    25.6713     5.4458     5.0791    165.924    154.752     1.7534     1.5897     0.0452     0.1044     3.2369     0.0000     0.0281 -118.24922   33.25116      99.37          8  0.000e+00
      36917   1538.167     99.516    100.249    11.1250    11.1251  37.802022  37.804046    11.1129    11.1129    33.6061    33.6081    25.6699    25.6715     5.4458     5.0849    165.925    154.927     1.7534     1.5910     0.0452     0.1044     3.2357     0.0000     0.0281 -118.24922   33.25116      99.37          8  0.000e+00
      36918   1538.208     99.456    100.189    11.1246    11.1252  37.802087  37.803657    11.1124    11.1130    33.6067    33.6076    25.6705    25.6711     5.4458     5.0848    165.925    154.926     1.7534     1.5910     0.0452     0.1044     3.2357     0.0000     0.0281 -118.24922   33.25116      99.39          8  0.000e+00
      36919   1538.250     99.516    100.249    11.1247    11.1255  37.801633  37.804241    11.1125    11.1133    33.6060    33.6080    25.6699    25.6713     5.4459     5.0791    165.927    154.752     1.7534     1.5897     0.0452     0.1044     3.2357     0.0000     0.0293 -118.24922   33.25116      99.39          8  0.000e+00
      36920   1538.292     99.456    100.189    11.1249    11.1254  37.802152  37.804240    11.1127    11.1132    33.6064    33.6080    25.6702    25.6714     5.4458     5.0848    165.924    154.925     1.7534     1.5910     0.0452     0.1044     3.2369     0.0000     0.0281 -118.24922   33.25116      99.37          8  0.000e+00
      36921   1538.333     99.463    100.196    11.1244    11.1256  37.802217  37.803916    11.1122    11.1135    33.6069    33.6075    25.6707    25.6709     5.4458     5.0791    165.926    154.751     1.7534     1.5897     0.0452     0.1044     3.2381     0.0000     0.0293 -118.24922   33.25116      99.39          8  0.000e+00
      36922   1538.375     99.509    100.243    11.1246    11.1256  37.802347  37.803852    11.1124    11.1134    33.6069    33.6075    25.6706    25.6709     5.4459     5.0848    165.926    154.926     1.7534     1.5910     0.0452     0.1044     3.2369     0.0000     0.0293 -118.24922   33.25116      99.37          8  0.000e+00
      36923   1538.417     99.516    100.249    11.1246    11.1256  37.802736  37.803852    11.1124    11.1134    33.6073    33.6074    25.6709    25.6708     5.4459     5.0848    165.926    154.926     1.7534     1.5910     0.0452     0.1044     3.2357     0.0000     0.0293 -118.24922   33.25116      99.37          8  0.000e+00
      36924   1538.458     99.556    100.289    11.1247    11.1256  37.801958  37.803334    11.1125    11.1133    33.6064    33.6070    25.6702    25.6705     5.4511     5.0792    166.087    154.754     1.7546     1.5897     0.0452     0.1044     3.2381     0.0000     0.0281 -118.24922   33.25116      99.39          8  0.000e+00
      36925   1538.500     99.509    100.243    11.1244    11.1256  37.802282  37.803657    11.1122    11.1134    33.6070    33.6072    25.6707    25.6707     5.4459     5.0848    165.927    154.926     1.7534     1.5910     0.0452     0.1044     3.2369     0.0000     0.0281 -118.24922   33.25116      99.37          8  0.000e+00
      36926   1538.542     99.516    100.249    11.1246    11.1257  37.802152  37.803852    11.1124    11.1135    33.6067    33.6073    25.6705    25.6707     5.4511     5.0848    166.087    154.926     1.7546     1.5910     0.0452     0.1044     3.2369     0.0000     0.0293 -118.24922   33.25116      99.37          8  0.000e+00
      36927   1538.583     99.556    100.289    11.1246    11.1256  37.802412  37.803852    11.1124    11.1134    33.6070    33.6074    25.6707    25.6708     5.4511     5.0849    166.087    154.927     1.7546     1.5910     0.0452     0.1044     3.2369     0.0000     0.0293 -118.24922   33.25116      99.37          8  0.000e+00
      36928   1538.625     99.563    100.296    11.1246    11.1259  37.802412  37.803852    11.1124    11.1137    33.6070    33.6071    25.6707    25.6706     5.4564     5.0848    166.247    154.926     1.7558     1.5910     0.0452     0.1044     3.2369     0.0000     0.0293 -118.24922   33.25116      99.37          8  0.000e+00
      36929   1538.667     99.556    100.289    11.1242    11.1256  37.801958  37.803852    11.1120    11.1134    33.6068    33.6074    25.6706    25.6708     5.4512     5.0849    166.088    154.927     1.7546     1.5910     0.0452     0.1044     3.2369     0.0000     0.0281 -118.24922   33.25116      99.37          8  0.000e+00
      36930   1538.708     99.563    100.296    11.1242    11.1257  37.802217  37.803852    11.1120    11.1135    33.6071    33.6073    25.6708    25.6707     5.4564     5.0849    166.248    154.927     1.7558     1.5910     0.0452     0.1044     3.2369     0.0000     0.0281 -118.24922   33.25116      99.39          8  0.000e+00
      36931   1538.750     99.556    100.289    11.1244    11.1256  37.802476  37.803593    11.1122    11.1133    33.6072    33.6072    25.6708    25.6707     5.4512     5.0849    166.087    154.927     1.7546     1.5910     0.0452     0.1044     3.2369     0.0000     0.0281 -118.24922   33.25116      99.37          8  0.000e+00
      36932   1538.792     99.563    100.296    11.1239    11.1251  37.801245  37.801973    11.1117    11.1129    33.6064    33.6060    25.6703    25.6698     5.4512     5.0850    166.090    154.930     1.7546     1.5910     0.0452     0.1044     3.2357     0.0000     0.0281 -118.24922   33.25116      99.37          8  0.000e+00
      36933   1538.833     99.602    100.336    11.1223    11.1235  37.799754  37.801261    11.1101    11.1113    33.6064    33.6067    25.6707    25.6707     5.4515     5.0852    166.097    154.936     1.7546     1.5910     0.0440     0.0739     3.2357     0.0000     0.0293 -118.24922   33.25116      99.37          8  0.000e+00
      36934   1538.875     99.563    100.296    11.1206    11.1212  37.799689  37.800613    11.1084    11.1090    33.6079    33.6083    25.6721    25.6723     5.4516     5.0854    166.101    154.942     1.7546     1.5910     0.0440     0.0739     3.2369     0.0000     0.0293 -118.24922   33.25116      99.39          9  0.000e+00
      36935   1538.917     99.702    100.436    11.1211    11.1198  37.800014  37.800031    11.1089    11.1075    33.6077    33.6089    25.6719    25.6731     5.4569     5.0856    166.262    154.949     1.7558     1.5910     0.0440     0.0739     3.2381     0.0000     0.0293 -118.24922   33.25116      99.37          9  0.000e+00
      36936   1538.958     99.516    100.249    11.1213    11.1187  37.800143  37.799901    11.1091    11.1065    33.6077    33.6098    25.6719    25.6740     5.4515     5.0856    166.097    154.948     1.7546     1.5910     0.0440     0.0739     3.2381     0.0000     0.0293 -118.24922   33.25116      99.37          9  0.000e+00
      36937   1539.000     99.655    100.390    11.1206    11.1178  37.800079  37.799577    11.1083    11.1055    33.6083    33.6103    25.6724    25.6745     5.4569     5.0858    166.262    154.954     1.7558     1.5910     0.0440     0.0739     3.2381     0.0000     0.0293 -118.24922   33.25116      99.37          9  0.000e+00
      36938   1539.042     99.563    100.296    11.1210    11.1174  37.800402  37.799512    11.1088    11.1052    33.6083    33.6106    25.6723    25.6748     5.4568     5.0857    166.259    154.953     1.7558     1.5910     0.0440     0.0739     3.2381     0.0000     0.0293 -118.24922   33.25116      99.37          9  0.000e+00
      36939   1539.083     99.655    100.390    11.1215    11.1169  37.800662  37.799254    11.1092    11.1047    33.6080    33.6108    25.6721    25.6750     5.4568     5.0858    166.259    154.956     1.7558     1.5910     0.0440     0.0739     3.2369     0.0000     0.0293 -118.24922   33.25116      99.37          9  0.000e+00
      36940   1539.125     99.662    100.396    11.1213    11.1166  37.800014  37.799189    11.1091    11.1044    33.6075    33.6110    25.6717    25.6753     5.4568     5.0859    166.261    154.957     1.7558     1.5910     0.0440     0.0739     3.2381     0.0000     0.0293 -118.24922   33.25116      99.37          9  0.000e+00
      36941   1539.167     99.602    100.336    11.1206    11.1161  37.799236  37.799189    11.1084    11.1039    33.6074    33.6115    25.6717    25.6757     5.4569     5.0859    166.262    154.957     1.7558     1.5910     0.0440     0.0739     3.2381     0.0000     0.0293 -118.24922   33.25116      99.39          9  0.000e+00
      36942   1539.208     99.662    100.396    11.1196    11.1159  37.798134  37.799966    11.1074    11.1037    33.6072    33.6124    25.6717    25.6764     5.4623     5.0859    166.427    154.958     1.7570     1.5910     0.0440     0.0739     3.2369     0.0000     0.0293 -118.24922   33.25116      99.37          9  0.000e+00
      36943   1539.250     99.655    100.390    11.1181    11.1161  37.797291  37.799448    11.1059    11.1039    33.6077    33.6117    25.6724    25.6759     5.4572     5.0859    166.272    154.958     1.7558     1.5910     0.0440     0.0739     3.2369     0.0000     0.0281 -118.24922   33.25116      99.37          9  0.000e+00
      36944   1539.292     99.662    100.396    11.1167    11.1161  37.797097  37.799966    11.1044    11.1039    33.6089    33.6122    25.6736    25.6763     5.4626     5.0859    166.436    154.958     1.7570     1.5910     0.0440     0.0739     3.2369     0.0000     0.0293 -118.24922   33.25116      99.37          9  0.000e+00
      36945   1539.333     99.602    100.336    11.1155    11.1169  37.797356  37.800225    11.1033    11.1047    33.6102    33.6118    25.6748    25.6758     5.4627     5.0858    166.437    154.954     1.7570     1.5910     0.0440     0.0739     3.2369     0.0000     0.0281 -118.24922   33.25116      99.37          9  0.000e+00
      36946   1539.375     99.709    100.443    11.1155    11.1178  37.797746  37.800225    11.1033    11.1055    33.6105    33.6109    25.6751    25.6750     5.4575     5.0858    166.279    154.954     1.7558     1.5910     0.0440     0.0739     3.2369     0.0000     0.0293 -118.24922   33.25116      99.39          9  0.000e+00
      36947   1539.417     99.655    100.390    11.1151    11.1175  37.797292  37.799966    11.1029    11.1053    33.6105    33.6109    25.6751    25.6750     5.4575     5.0858    166.280    154.954     1.7558     1.5910     0.0440     0.0739     3.2381     0.0000     0.0281 -118.24922   33.25116      99.37          9  0.000e+00
      36948   1539.458     99.662    100.396    11.1147    11.1169  37.796579  37.799577    11.1025    11.1047    33.6101    33.6111    25.6749    25.6752     5.4576     5.0858    166.282    154.956     1.7558     1.5910     0.0440     0.0739     3.2369     0.0000     0.0281 -118.24922   33.25116      99.37          9  0.000e+00
      36949   1539.500     99.702    100.436    11.1147    11.1173  37.796709  37.799772    11.1025    11.1050    33.6102    33.6110    25.6750    25.6751     5.4576     5.0858    166.282    154.956     1.7558     1.5910     0.0440     0.0739     3.2381     0.0000     0.0281 -118.24922   33.25116      99.37          9  0.000e+00
