WCOA/WCOA-6/CTD_Data/RB2102_CTD_106_01.ros
* Sea-Bird SBE 9 Data File:
* FileName = C:\Users\scs.user.rb\CTD\RB2102\Data\RB2102_CTD_106_01.hex
* Software Version Seasave V 7.26.7.107
* Temperature SN = 6202
* Conductivity SN = 4907
* Number of Bytes Per Scan = 41
* Number of Voltage Words = 4
* Number of Scans Averaged by the Deck Unit = 1
* NMEA Latitude = 35 18.65 N
* NMEA Longitude = 121 57.72 W
* NMEA UTC (Time) = Jul 15 2021  22:10:20
* NMEA baud rate = 4800
# nquan = 30
# nvalues = 1176                                  
# units = specified
# name 0 = scan: Scan Count
# name 1 = timeS: Time, Elapsed [seconds]
# name 2 = depSM: Depth [salt water, m]
# name 3 = prDM: Pressure, Digiquartz [db]
# name 4 = t090C: Temperature [ITS-90, deg C]
# name 5 = t190C: Temperature, 2 [ITS-90, deg C]
# name 6 = c0mS/cm: Conductivity [mS/cm]
# name 7 = c1mS/cm: Conductivity, 2 [mS/cm]
# name 8 = potemp090C: Potential Temperature [ITS-90, deg C]
# name 9 = potemp190C: Potential Temperature, 2 [ITS-90, deg C]
# name 10 = sal00: Salinity, Practical [PSU]
# name 11 = sal11: Salinity, Practical, 2 [PSU]
# name 12 = sigma-é00: Density [sigma-theta, kg/m^3]
# name 13 = sigma-é11: Density, 2 [sigma-theta, kg/m^3]
# name 14 = sbeox0Mg/L: Oxygen, SBE 43 [mg/l]
# name 15 = sbeox1Mg/L: Oxygen, SBE 43, 2 [mg/l]
# name 16 = sbox0Mm/Kg: Oxygen, SBE 43 [umol/kg]
# name 17 = sbox1Mm/Kg: Oxygen, SBE 43, 2 [umol/kg]
# name 18 = sbeox0V: Oxygen raw, SBE 43 [V]
# name 19 = sbeox1V: Oxygen raw, SBE 43, 2 [V]
# name 20 = v4: Voltage 4
# name 21 = flECO-AFL: Fluorescence, WET Labs ECO-AFL/FL [mg/m^3]
# name 22 = v3: Voltage 3
# name 23 = v6: Voltage 6
# name 24 = v7: Voltage 7
# name 25 = longitude: Longitude [deg]
# name 26 = latitude: Latitude [deg]
# name 27 = altM: Altimeter [m]
# name 28 = nbf: Bottles Fired
# name 29 = flag:  0.000e+00
# interval = seconds: 0.0416667
# start_time = Jul 15 2021 22:10:20 [NMEA time, header]
# bad_flag = -9.990e-29
*END*
[from data line 1112]
     210667   8777.750      4.545      4.578    15.3957    15.3969  41.789022  41.791152    15.3950    15.3962    33.6291    33.6301    24.8286    24.8291     8.2267     8.4309    250.859    257.087     2.6068     2.5092     0.0769     0.8981     3.2137     0.0354     0.0000 -121.96512   35.30938      99.66         23  0.000e+00
     210668   8777.792      4.638      4.672    15.3957    15.3971  41.789360  41.791152    15.3950    15.3964    33.6294    33.6298    24.8288    24.8288     8.2268     8.4310    250.861    257.089     2.6068     2.5092     0.0781     0.9286     3.2137     0.0354     0.0000 -121.96512   35.30938      99.66         23  0.000e+00
     210669   8777.833      4.545      4.578    15.3956    15.3969  41.789359  41.791354    15.3949    15.3962    33.6296    33.6303    24.8290    24.8292     8.2267     8.4309    250.859    257.087     2.6068     2.5092     0.0781     0.9286     3.2149     0.0354     0.0000 -121.96512   35.30938      99.68         23  0.000e+00
     210670   8777.875      4.638      4.672    15.3957    15.3971  41.789292  41.790950    15.3950    15.3963    33.6294    33.6297    24.8288    24.8288     8.2268     8.4310    250.861    257.090     2.6068     2.5092     0.0781     0.9286     3.2137     0.0354     0.0000 -121.96512   35.30938      99.66         23  0.000e+00
     210671   8777.917      4.545      4.578    15.3957    15.3969  41.789022  41.791017    15.3950    15.3962    33.6291    33.6299    24.8286    24.8290     8.2314     8.4309    251.003    257.087     2.6081     2.5092     0.0781     0.9286     3.2149     0.0354     0.0000 -121.96512   35.30938      99.68         23  0.000e+00
     210672   8777.958      4.591      4.625    15.3957    15.3969  41.789629  41.790950    15.3950    15.3962    33.6297    33.6299    24.8290    24.8289     8.2314     8.4310    251.004    257.089     2.6081     2.5092     0.0781     0.9286     3.2137     0.0354     0.0000 -121.96512   35.30938      99.66         23  0.000e+00
     210673   8778.000      4.611      4.645    15.3956    15.3970  41.789427  41.791085    15.3949    15.3963    33.6296    33.6299    24.8290    24.8289     8.2315     8.4310    251.005    257.089     2.6081     2.5092     0.0781     0.9286     3.2137     0.0354     0.0000 -121.96512   35.30938      99.66         23  0.000e+00
     210674   8778.042      4.591      4.625    15.3956    15.3971  41.789022  41.791355    15.3949    15.3964    33.6292    33.6301    24.8287    24.8291     8.2315     8.4258    251.005    256.931     2.6081     2.5079     0.0781     0.9286     3.2137     0.0354     0.0000 -121.96512   35.30938      99.68         23  0.000e+00
     210675   8778.083      4.545      4.578    15.3956    15.3971  41.789089  41.790950    15.3949    15.3964    33.6294    33.6297    24.8288    24.8288     8.2314     8.4258    251.004    256.930     2.6081     2.5079     0.0781     0.9286     3.2137     0.0354     0.0000 -121.96512   35.30938      99.66         23  0.000e+00
     210676   8778.125      4.638      4.672    15.3956    15.3969  41.788955  41.790815    15.3948    15.3962    33.6292    33.6297    24.8287    24.8288     8.2363     8.4259    251.152    256.934     2.6093     2.5079     0.0781     0.9286     3.2137     0.0354     0.0000 -121.96512   35.30938      99.68         23  0.000e+00
     210677   8778.167      4.545      4.578    15.3956    15.3967  41.788617  41.790815    15.3949    15.3960    33.6289    33.6299    24.8285    24.8290     8.2315     8.4258    251.005    256.932     2.6081     2.5079     0.0781     0.9286     3.2149     0.0354     0.0000 -121.96512   35.30938      99.68         23  0.000e+00
     210678   8778.208      4.591      4.625    15.3950    15.3970  41.788010  41.791017    15.3943    15.3963    33.6288    33.6299    24.8285    24.8289     8.2363     8.4258    251.153    256.932     2.6093     2.5079     0.0781     0.9286     3.2125     0.0354     0.0000 -121.96512   35.30938      99.66         23  0.000e+00
     210679   8778.250      4.545      4.578    15.3947    15.3971  41.788279  41.791489    15.3940    15.3964    33.6293    33.6302    24.8290    24.8292     8.2363     8.4258    251.153    256.929     2.6093     2.5079     0.0781     0.9286     3.2137     0.0354     0.0000 -121.96512   35.30938      99.66         23  0.000e+00
     210680   8778.292      4.591      4.625    15.3944    15.3967  41.787672  41.791017    15.3937    15.3960    33.6291    33.6301    24.8289    24.8291     8.2317     8.4259    251.012    256.933     2.6081     2.5079     0.0781     0.9286     3.2149     0.0354     0.0000 -121.96512   35.30938      99.66         23  0.000e+00
     210681   8778.333      4.545      4.578    15.3945    15.3969  41.788279  41.791017    15.3938    15.3962    33.6295    33.6299    24.8292    24.8290     8.2363     8.4258    251.153    256.931     2.6093     2.5079     0.0781     0.9286     3.2137     0.0354     0.0000 -121.96512   35.30938      99.68         23  0.000e+00
     210823   8784.250      4.391      4.423    15.3950    15.3941  41.789156  41.788791    15.3944    15.3935    33.6299    33.6304    24.8294    24.8299     8.2266     8.4107    250.856    256.470     2.6068     2.5043     0.0781     0.9286     3.2125     0.0366     0.0000 -121.96512   35.30938      99.68         24  0.000e+00
     210824   8784.292      4.391      4.423    15.3954    15.3945  41.789021  41.788993    15.3947    15.3938    33.6295    33.6302    24.8290    24.8297     8.2313     8.4107    251.000    256.469     2.6081     2.5043     0.0781     0.9286     3.2137     0.0354     0.0000 -121.96512   35.30938      99.68         24  0.000e+00
     210825   8784.333      4.345      4.376    15.3954    15.3943  41.789358  41.788723    15.3947    15.3937    33.6298    33.6302    24.8292    24.8297     8.2312     8.4106    250.998    256.468     2.6081     2.5043     0.0794     0.9591     3.2137     0.0366     0.0000 -121.96512   35.30938      99.66         24  0.000e+00
     210826   8784.375      4.444      4.476    15.3954    15.3943  41.789089  41.788454    15.3947    15.3936    33.6295    33.6299    24.8290    24.8295     8.2266     8.4108    250.857    256.472     2.6068     2.5043     0.0794     0.9591     3.2137     0.0366     0.0000 -121.96512   35.30938      99.66         24  0.000e+00
     210827   8784.417      4.345      4.376    15.3957    15.3947  41.789156  41.788588    15.3951    15.3940    33.6293    33.6298    24.8288    24.8293     8.2312     8.4106    250.997    256.467     2.6081     2.5043     0.0794     0.9591     3.2137     0.0366     0.0000 -121.96512   35.30938      94.14         24  0.000e+00
     210828   8784.458      4.391      4.423    15.3956    15.3943  41.789494  41.788318    15.3949    15.3936    33.6298    33.6298    24.8291    24.8294     8.2313     8.4107    250.998    256.470     2.6081     2.5043     0.0794     0.9591     3.2125     0.0366     0.0000 -121.96512   35.30938      74.11         24  0.000e+00
     210829   8784.500      4.391      4.423    15.3955    15.3945  41.789089  41.788791    15.3948    15.3938    33.6295    33.6301    24.8289    24.8296     8.2265     8.4107    250.855    256.469     2.6068     2.5043     0.0794     0.9591     3.2137     0.0354     0.0000 -121.96512   35.30938      66.69         24  0.000e+00
     210830   8784.542      4.391      4.423    15.3956    15.3943  41.789156  41.788386    15.3949    15.3936    33.6295    33.6298    24.8289    24.8295     8.2265     8.4107    250.854    256.470     2.6068     2.5043     0.0794     0.9591     3.2112     0.0354     0.0000 -121.96512   35.30938      66.89         24  0.000e+00
     210831   8784.583      4.444      4.476    15.3956    15.3943  41.789021  41.788521    15.3949    15.3936    33.6293    33.6300    24.8288    24.8296     8.2313     8.4108    251.001    256.472     2.6081     2.5043     0.0794     0.9591     3.2125     0.0366     0.0000 -121.96512   35.30938      67.89         24  0.000e+00
     210832   8784.625      4.391      4.423    15.3952    15.3943  41.789089  41.788318    15.3945    15.3936    33.6297    33.6298    24.8292    24.8294     8.2266     8.4158    250.856    256.627     2.6068     2.5055     0.0794     0.9591     3.2125     0.0366     0.0000 -121.96512   35.30938      68.16         24  0.000e+00
     210833   8784.667      4.391      4.423    15.3952    15.3943  41.788414  41.788588    15.3945    15.3936    33.6291    33.6300    24.8287    24.8296     8.2266     8.4158    250.857    256.626     2.6068     2.5055     0.0794     0.9591     3.2125     0.0366     0.0000 -121.96512   35.30938      80.34         24  0.000e+00
     210834   8784.708      4.391      4.423    15.3950    15.3940  41.788751  41.788926    15.3944    15.3933    33.6295    33.6306    24.8291    24.8301     8.2266     8.4159    250.857    256.627     2.6068     2.5055     0.0794     0.9591     3.2137     0.0354     0.0000 -121.96512   35.30938      97.44         24  0.000e+00
     210835   8784.750      4.444      4.476    15.3950    15.3941  41.788819  41.789533    15.3944    15.3935    33.6296    33.6310    24.8291    24.8304     8.2267     8.4159    250.858    256.627     2.6068     2.5055     0.0794     0.9591     3.2137     0.0354     0.0000 -121.96512   35.30938     100.00         24  0.000e+00
     210836   8784.792      4.444      4.476    15.3950    15.3946  41.788886  41.790208    15.3944    15.3939    33.6296    33.6312    24.8292    24.8305     8.2314     8.4158    251.003    256.624     2.6081     2.5055     0.0794     0.9591     3.2149     0.0354     0.0000 -121.96512   35.30936     100.00         24  0.000e+00
     210837   8784.833      4.391      4.423    15.3954    15.3948  41.788616  41.789870    15.3947    15.3942    33.6291    33.6307    24.8287    24.8300     8.2313     8.4106    251.000    256.466     2.6081     2.5043     0.0794     0.9591     3.2137     0.0354     0.0000 -121.96512   35.30936      99.61         24  0.000e+00
     210838   8784.875      4.444      4.476    15.3950    15.3950  41.789089  41.789735    15.3944    15.3943    33.6298    33.6304    24.8293    24.8298     8.2314     8.4157    251.002    256.624     2.6081     2.5055     0.0794     0.9591     3.2137     0.0354     0.0000 -121.96512   35.30936      99.71         24  0.000e+00
     210839   8784.917      4.444      4.476    15.3952    15.3953  41.789156  41.789938    15.3945    15.3947    33.6297    33.6303    24.8292    24.8296     8.2314     8.4106    251.002    256.465     2.6081     2.5043     0.0794     0.9591     3.2137     0.0354     0.0000 -121.96512   35.30936      99.71         24  0.000e+00
     210840   8784.958      4.444      4.476    15.3951    15.3959  41.789224  41.790140    15.3945    15.3952    33.6299    33.6301    24.8293    24.8293     8.2314     8.4156    251.002    256.620     2.6081     2.5055     0.0794     0.9591     3.2137     0.0354     0.0000 -121.96512   35.30936      99.66         24  0.000e+00
     210841   8785.000      4.490      4.523    15.3954    15.3960  41.789494  41.789803    15.3947    15.3953    33.6299    33.6296    24.8293    24.8290     8.2314     8.4157    251.002    256.621     2.6081     2.5055     0.0794     0.9591     3.2137     0.0354     0.0000 -121.96512   35.30936      99.66         24  0.000e+00
     210842   8785.042      4.391      4.423    15.3959    15.3957  41.789224  41.789937    15.3952    15.3950    33.6292    33.6301    24.8287    24.8293     8.2312     8.4156    250.997    256.619     2.6081     2.5055     0.0794     0.9591     3.2125     0.0354     0.0000 -121.96512   35.30936      99.68         24  0.000e+00
     210843   8785.083      4.490      4.523    15.3956    15.3957  41.788954  41.789465    15.3949    15.3950    33.6293    33.6296    24.8287    24.8290     8.2361     8.4157    251.147    256.623     2.6093     2.5055     0.0794     0.9591     3.2137     0.0366     0.0000 -121.96512   35.30936      99.66         24  0.000e+00
     210844   8785.125      4.444      4.476    15.3959    15.3953  41.788616  41.789330    15.3952    15.3947    33.6287    33.6298    24.8282    24.8292     8.2313     8.4157    251.000    256.623     2.6081     2.5055     0.0794     0.9591     3.2137     0.0354     0.0000 -121.96512   35.30936      99.66         24  0.000e+00
     210845   8785.167      4.490      4.523    15.3952    15.3955  41.789089  41.789600    15.3945    15.3948    33.6297    33.6299    24.8291    24.8292     8.2362     8.4157    251.148    256.623     2.6093     2.5055     0.0794     0.9591     3.2137     0.0354     0.0000 -121.96512   35.30936      99.66         24  0.000e+00
     210846   8785.208      4.490      4.523    15.3954    15.3950  41.788347  41.789533    15.3947    15.3943    33.6289    33.6303    24.8285    24.8297     8.2362     8.4158    251.148    256.626     2.6093     2.5055     0.0794     0.9591     3.2137     0.0379     0.0000 -121.96512   35.30936      99.66         24  0.000e+00
     210847   8785.250      4.543      4.576    15.3954    15.3950  41.788684  41.789061    15.3947    15.3943    33.6291    33.6298    24.8287    24.8293     8.2362     8.4159    251.149    256.628     2.6093     2.5055     0.0794     0.9591     3.2125     0.0391     0.0000 -121.96512   35.30936      99.66         24  0.000e+00
     210848   8785.292      4.490      4.523    15.3950    15.3950  41.789157  41.789196    15.3944    15.3943    33.6299    33.6299    24.8293    24.8294     8.2362     8.4107    251.148    256.469     2.6093     2.5043     0.0794     0.9591     3.2125     0.0379     0.0000 -121.96512   35.30936      99.66         24  0.000e+00
     210849   8785.333      4.490      4.523    15.3952    15.3953  41.788887  41.789600    15.3945    15.3947    33.6295    33.6300    24.8290    24.8294     8.2362     8.4158    251.148    256.624     2.6093     2.5055     0.0794     0.9591     3.2149     0.0366     0.0000 -121.96512   35.30936      99.66         24  0.000e+00
     210850   8785.375      4.543      4.576    15.3952    15.3950  41.788887  41.789398    15.3945    15.3943    33.6295    33.6301    24.8290    24.8295     8.2410     8.4159    251.294    256.627     2.6105     2.5055     0.0794     0.9591     3.2137     0.0366     0.0000 -121.96512   35.30936      99.68         24  0.000e+00
     210851   8785.417      4.543      4.576    15.3953    15.3955  41.788617  41.789870    15.3946    15.3948    33.6291    33.6301    24.8287    24.8294     8.2410     8.4106    251.294    256.468     2.6105     2.5043     0.0806     0.9897     3.2149     0.0366     0.0000 -121.96512   35.30936      99.68         24  0.000e+00
     210852   8785.458      4.556      4.589    15.3952    15.3953  41.788819  41.789466    15.3945    15.3946    33.6294    33.6299    24.8289    24.8293     8.2410     8.4107    251.295    256.470     2.6105     2.5043     0.0806     0.9897     3.2137     0.0366     0.0000 -121.96512   35.30936      99.68         24  0.000e+00
     210853   8785.500      4.543      4.576    15.3952    15.3952  41.788819  41.786430    15.3945    15.3945    33.6294    33.6273    24.8289    24.8273     8.2410     8.4160    251.294    256.632     2.6105     2.5055     0.0806     0.9897     3.2137     0.0366     0.0000 -121.96512   35.30936      99.68         24  0.000e+00
     210854   8785.542      4.543      4.576    15.3952    15.3955  41.788617  41.785688    15.3945    15.3948    33.6292    33.6263    24.8288    24.8265     8.2457     8.4160    251.439    256.631     2.6117     2.5055     0.0806     0.9897     3.2137     0.0354     0.0000 -121.96512   35.30936      99.66         24  0.000e+00
     210855   8785.583      4.589      4.623    15.3950    15.3950  41.788820  41.788184    15.3943    15.3943    33.6295    33.6290    24.8291    24.8287     8.2410     8.4108    251.296    256.474     2.6105     2.5043     0.0806     0.9897     3.2137     0.0366     0.0000 -121.96512   35.30936      99.68         24  0.000e+00
