WCOA/WCOA-6/CTD_Data/RB2102_CTD_126_02.ros
* Sea-Bird SBE 9 Data File:
* FileName = C:\Users\scs.user.rb\CTD\RB2102\Data\RB2102_CTD_126_02.hex
* Software Version Seasave V 7.26.7.107
* Temperature SN = 6202
* Conductivity SN = 4907
* Number of Bytes Per Scan = 41
* Number of Voltage Words = 4
* Number of Scans Averaged by the Deck Unit = 1
* NMEA Latitude = 33 25.06 N
* NMEA Longitude = 117 54.32 W
* NMEA UTC (Time) = Jul 20 2021  20:44:49
* NMEA baud rate = 4800
# nquan = 30
# nvalues = 980                                   
# units = specified
# name 0 = scan: Scan Count
# name 1 = timeS: Time, Elapsed [seconds]
# name 2 = depSM: Depth [salt water, m]
# name 3 = prDM: Pressure, Digiquartz [db]
# name 4 = t090C: Temperature [ITS-90, deg C]
# name 5 = t190C: Temperature, 2 [ITS-90, deg C]
# name 6 = c0mS/cm: Conductivity [mS/cm]
# name 7 = c1mS/cm: Conductivity, 2 [mS/cm]
# name 8 = potemp090C: Potential Temperature [ITS-90, deg C]
# name 9 = potemp190C: Potential Temperature, 2 [ITS-90, deg C]
# name 10 = sal00: Salinity, Practical [PSU]
# name 11 = sal11: Salinity, Practical, 2 [PSU]
# name 12 = sigma-é00: Density [sigma-theta, kg/m^3]
# name 13 = sigma-é11: Density, 2 [sigma-theta, kg/m^3]
# name 14 = sbeox0Mg/L: Oxygen, SBE 43 [mg/l]
# name 15 = sbeox1Mg/L: Oxygen, SBE 43, 2 [mg/l]
# name 16 = sbox0Mm/Kg: Oxygen, SBE 43 [umol/kg]
# name 17 = sbox1Mm/Kg: Oxygen, SBE 43, 2 [umol/kg]
# name 18 = sbeox0V: Oxygen raw, SBE 43 [V]
# name 19 = sbeox1V: Oxygen raw, SBE 43, 2 [V]
# name 20 = v4: Voltage 4
# name 21 = flECO-AFL: Fluorescence, WET Labs ECO-AFL/FL [mg/m^3]
# name 22 = v3: Voltage 3
# name 23 = v6: Voltage 6
# name 24 = v7: Voltage 7
# name 25 = longitude: Longitude [deg]
# name 26 = latitude: Latitude [deg]
# name 27 = altM: Altimeter [m]
# name 28 = nbf: Bottles Fired
# name 29 = flag:  0.000e+00
# interval = seconds: 0.0416667
# start_time = Jul 20 2021 20:44:49 [NMEA time, header]
# bad_flag = -9.990e-29
*END*
[from data line 581]
      81550   3397.875     59.754     60.189    11.8087    11.8090  38.284487  38.287131    11.8011    11.8014    33.4773    33.4796    25.4438    25.4455     6.2942     5.8520    191.817    178.341     1.9792     1.7802     0.0635     0.5623     3.1160     0.0061     0.1306 -117.90566   33.41676      99.32         12  0.000e+00
      81551   3397.917     59.780     60.216    11.8086    11.8088  38.284227  38.287456    11.8010    11.8012    33.4771    33.4801    25.4437    25.4459     6.2943     5.8521    191.818    178.342     1.9792     1.7802     0.0635     0.5623     3.1172     0.0061     0.1306 -117.90566   33.41676      99.32         12  0.000e+00
      81552   3397.958     59.754     60.189    11.8087    11.8087  38.284226  38.287652    11.8011    11.8011    33.4770    33.4804    25.4436    25.4462     6.2942     5.8521    191.817    178.341     1.9792     1.7802     0.0635     0.5623     3.1160     0.0061     0.1306 -117.90566   33.41676      99.32         12  0.000e+00
      81553   3398.000     59.754     60.189    11.8088    11.8088  38.284161  38.287326    11.8012    11.8012    33.4769    33.4799    25.4435    25.4458     6.2942     5.8521    191.817    178.341     1.9792     1.7802     0.0635     0.5623     3.1172     0.0061     0.1294 -117.90566   33.41676      99.32         12  0.000e+00
      81554   3398.042     59.780     60.216    11.8087    11.8083  38.284161  38.287521    11.8011    11.8007    33.4769    33.4806    25.4435    25.4464     6.2943     5.8521    191.818    178.343     1.9792     1.7802     0.0635     0.5623     3.1172     0.0049     0.1294 -117.90566   33.41676      99.32         12  0.000e+00
      81555   3398.083     59.754     60.189    11.8088    11.8085  38.283770  38.287391    11.8012    11.8009    33.4765    33.4803    25.4432    25.4462     6.2943     5.8521    191.818    178.342     1.9792     1.7802     0.0635     0.5623     3.1172     0.0061     0.1282 -117.90566   33.41676      99.32         12  0.000e+00
      81556   3398.125     59.780     60.216    11.8089    11.8083  38.284031  38.287326    11.8013    11.8007    33.4767    33.4804    25.4433    25.4463     6.2943     5.8521    191.818    178.343     1.9792     1.7802     0.0635     0.5623     3.1160     0.0049     0.1306 -117.90566   33.41676      99.29         12  0.000e+00
      84436   3518.125     49.653     50.013    12.4417    12.4366  38.766230  38.762375    12.4352    12.4301    33.3811    33.3819    25.2491    25.2507     7.1431     6.6591    217.727    202.974     2.2051     1.9780     0.0867     1.1423     3.1148     0.0061     0.1343 -117.90568   33.41664      99.34         13  0.000e+00
      84437   3518.167     49.673     50.033    12.4413    12.4363  38.766557  38.762114    12.4348    12.4297    33.3817    33.3820    25.2497    25.2508     7.1431     6.6592    217.728    202.976     2.2051     1.9780     0.0867     1.1423     3.1148     0.0061     0.1355 -117.90568   33.41664      99.34         13  0.000e+00
      84438   3518.208     49.673     50.033    12.4420    12.4366  38.766426  38.762244    12.4354    12.4300    33.3811    33.3818    25.2490    25.2507     7.1431     6.6591    217.727    202.975     2.2051     1.9780     0.0867     1.1423     3.1148     0.0049     0.1380 -117.90568   33.41664      99.34         13  0.000e+00
      84439   3518.250     49.673     50.033    12.4423    12.4374  38.766033  38.762571    12.4358    12.4309    33.3803    33.3814    25.2484    25.2502     7.1430     6.6590    217.726    202.972     2.2051     1.9780     0.0867     1.1423     3.1148     0.0061     0.1416 -117.90568   33.41664      99.34         13  0.000e+00
      84440   3518.292     49.653     50.013    12.4423    12.4379  38.765968  38.762440    12.4358    12.4314    33.3803    33.3808    25.2483    25.2496     7.1430     6.6589    217.725    202.970     2.2051     1.9780     0.0867     1.1423     3.1136     0.0061     0.1392 -117.90568   33.41664      99.34         13  0.000e+00
      84441   3518.333     49.673     50.033    12.4417    12.4384  38.765771  38.761852    12.4352    12.4319    33.3807    33.3798    25.2488    25.2487     7.1482     6.6589    217.883    202.970     2.2063     1.9780     0.0867     1.1423     3.1136     0.0061     0.1368 -117.90568   33.41664      99.34         13  0.000e+00
      84442   3518.375     49.626     49.987    12.4413    12.4384  38.765378  38.761720    12.4348    12.4319    33.3807    33.3797    25.2488    25.2486     7.1431     6.6589    217.729    202.969     2.2051     1.9780     0.0867     1.1423     3.1148     0.0061     0.1368 -117.90568   33.41664      99.34         13  0.000e+00
      84443   3518.417     49.673     50.033    12.4412    12.4384  38.764527  38.761917    12.4347    12.4319    33.3799    33.3799    25.2483    25.2488     7.1483     6.6589    217.887    202.970     2.2063     1.9780     0.0867     1.1423     3.1136     0.0061     0.1355 -117.90568   33.41664      99.34         13  0.000e+00
      84444   3518.458     49.653     50.013    12.4415    12.4384  38.764789  38.761263    12.4350    12.4319    33.3799    33.3793    25.2482    25.2483     7.1482     6.6589    217.885    202.970     2.2063     1.9780     0.0867     1.1423     3.1136     0.0061     0.1392 -117.90568   33.41664      99.34         13  0.000e+00
      84445   3518.500     49.627     49.987    12.4418    12.4378  38.764396  38.761262    12.4352    12.4312    33.3793    33.3798    25.2477    25.2489     7.1431     6.6590    217.729    202.971     2.2051     1.9780     0.0867     1.1423     3.1148     0.0061     0.1392 -117.90568   33.41664      99.34         13  0.000e+00
      84446   3518.542     49.673     50.033    12.4415    12.4373  38.764527  38.761066    12.4350    12.4307    33.3796    33.3801    25.2480    25.2492     7.1432     6.6591    217.731    202.975     2.2051     1.9780     0.0867     1.1423     3.1136     0.0061     0.1392 -117.90568   33.41664      99.34         13  0.000e+00
      84447   3518.583     49.627     49.987    12.4413    12.4367  38.764069  38.760739    12.4348    12.4302    33.3794    33.3803    25.2478    25.2494     7.1483     6.6536    217.886    202.807     2.2063     1.9768     0.0867     1.1423     3.1136     0.0061     0.1380 -117.90568   33.41664      99.34         13  0.000e+00
      84448   3518.625     49.653     50.013    12.4413    12.4366  38.763676  38.760674    12.4348    12.4301    33.3790    33.3803    25.2475    25.2495     7.1483     6.6537    217.887    202.809     2.2063     1.9768     0.0867     1.1423     3.1136     0.0061     0.1368 -117.90568   33.41664      99.34         13  0.000e+00
      84449   3518.667     49.627     49.987    12.4411    12.4367  38.763610  38.759888    12.4346    12.4302    33.3791    33.3794    25.2477    25.2488     7.1483     6.6536    217.887    202.809     2.2063     1.9768     0.0867     1.1423     3.1136     0.0061     0.1368 -117.90568   33.41664      99.34         13  0.000e+00
      84450   3518.708     49.574     49.933    12.4410    12.4366  38.762890  38.759692    12.4345    12.4301    33.3785    33.3794    25.2472    25.2488     7.1483     6.6536    217.887    202.808     2.2063     1.9768     0.0867     1.1423     3.1136     0.0061     0.1368 -117.90568   33.41664      99.34         13  0.000e+00
      84451   3518.750     49.706     50.067    12.4407    12.4364  38.762039  38.759431    12.4341    12.4299    33.3780    33.3792    25.2469    25.2487     7.1485     6.6538    217.893    202.812     2.2063     1.9768     0.0867     1.1423     3.1148     0.0061     0.1355 -117.90568   33.41664      99.34         13  0.000e+00
      84452   3518.792     49.627     49.987    12.4398    12.4359  38.761384  38.759561    12.4333    12.4294    33.3781    33.3798    25.2471    25.2492     7.1486     6.6537    217.894    202.812     2.2063     1.9768     0.0891     1.2033     3.1136     0.0061     0.1368 -117.90568   33.41664      99.34         13  0.000e+00
      84453   3518.833     49.627     49.987    12.4398    12.4356  38.761253  38.759430    12.4333    12.4291    33.3780    33.3800    25.2471    25.2494     7.1486     6.6538    217.895    202.813     2.2063     1.9768     0.0904     1.2339     3.1136     0.0061     0.1368 -117.90568   33.41664      99.34         13  0.000e+00
      84454   3518.875     49.627     49.987    12.4395    12.4351  38.761450  38.759365    12.4330    12.4286    33.3785    33.3804    25.2475    25.2498     7.1486     6.6539    217.895    202.815     2.2063     1.9768     0.0904     1.2339     3.1136     0.0061     0.1368 -117.90568   33.41664      99.34         13  0.000e+00
      84455   3518.917     49.607     49.967    12.4404    12.4347  38.762366  38.759561    12.4338    12.4282    33.3786    33.3809    25.2474    25.2503     7.1484     6.6539    217.891    202.815     2.2063     1.9768     0.0904     1.2339     3.1136     0.0061     0.1355 -117.90568   33.41664      99.34         13  0.000e+00
      84456   3518.958     49.627     49.987    12.4412    12.4346  38.763086  38.759889    12.4347    12.4281    33.3785    33.3813    25.2472    25.2507     7.1483     6.6539    217.887    202.816     2.2063     1.9768     0.0904     1.2339     3.1136     0.0061     0.1355 -117.90568   33.41664      99.34         13  0.000e+00
      84457   3519.000     49.627     49.987    12.4418    12.4351  38.763807  38.760019    12.4352    12.4286    33.3787    33.3810    25.2472    25.2503     7.1482     6.6538    217.885    202.814     2.2063     1.9768     0.0904     1.2339     3.1136     0.0061     0.1355 -117.90568   33.41664      99.34         13  0.000e+00
      84458   3519.042     49.574     49.934    12.4420    12.4353  38.764985  38.760739    12.4355    12.4287    33.3797    33.3816    25.2479    25.2507     7.1481     6.6537    217.881    202.811     2.2063     1.9768     0.0904     1.2339     3.1148     0.0061     0.1355 -117.90568   33.41664      99.34         13  0.000e+00
      84459   3519.083     49.653     50.014    12.4430    12.4358  38.766557  38.761263    12.4365    12.4292    33.3803    33.3816    25.2482    25.2506     7.1480     6.6537    217.877    202.811     2.2063     1.9768     0.0904     1.2339     3.1136     0.0061     0.1355 -117.90568   33.41664      99.34         13  0.000e+00
      84460   3519.125     49.574     49.934    12.4447    12.4364  38.768259  38.761590    12.4382    12.4299    33.3804    33.3814    25.2480    25.2503     7.1477     6.6536    217.867    202.806     2.2063     1.9768     0.0904     1.2339     3.1148     0.0061     0.1355 -117.90568   33.41664      99.34         13  0.000e+00
      84461   3519.167     49.574     49.934    12.4464    12.4371  38.769699  38.761720    12.4399    12.4306    33.3803    33.3809    25.2475    25.2498     7.1474     6.6480    217.859    202.635     2.2063     1.9756     0.0904     1.2339     3.1148     0.0061     0.1355 -117.90568   33.41664      99.34         13  0.000e+00
      84462   3519.208     49.627     49.987    12.4471    12.4381  38.770813  38.761917    12.4406    12.4316    33.3807    33.3802    25.2477    25.2491     7.1473     6.6534    217.857    202.801     2.2063     1.9768     0.0904     1.2339     3.1148     0.0061     0.1368 -117.90568   33.41664      99.34         13  0.000e+00
      84463   3519.250     49.607     49.967    12.4478    12.4384  38.771074  38.762048    12.4413    12.4319    33.3803    33.3800    25.2473    25.2489     7.1472     6.6533    217.853    202.800     2.2063     1.9768     0.0904     1.2339     3.1148     0.0061     0.1368 -117.90568   33.41664      99.34         13  0.000e+00
      84464   3519.292     49.627     49.987    12.4478    12.4386  38.771271  38.761786    12.4413    12.4320    33.3805    33.3796    25.2475    25.2486     7.1472     6.6478    217.854    202.632     2.2063     1.9756     0.0904     1.2339     3.1136     0.0061     0.1368 -117.90568   33.41664      99.34         13  0.000e+00
      84465   3519.333     49.574     49.934    12.4485    12.4381  38.771402  38.761720    12.4419    12.4316    33.3801    33.3800    25.2470    25.2490     7.1471     6.6479    217.850    202.632     2.2063     1.9756     0.0904     1.2339     3.1136     0.0061     0.1368 -117.90568   33.41664      99.34         13  0.000e+00
      84466   3519.375     49.607     49.967    12.4490    12.4379  38.771205  38.761459    12.4424    12.4314    33.3795    33.3799    25.2464    25.2489     7.1471     6.6479    217.849    202.634     2.2063     1.9756     0.0904     1.2339     3.1136     0.0061     0.1380 -117.90568   33.41664      99.34         13  0.000e+00
      84467   3519.417     49.574     49.934    12.4491    12.4374  38.771860  38.761590    12.4426    12.4309    33.3799    33.3805    25.2468    25.2495     7.1470     6.6479    217.847    202.635     2.2063     1.9756     0.0904     1.2339     3.1136     0.0061     0.1404 -117.90568   33.41664      99.34         13  0.000e+00
      84468   3519.458     49.574     49.934    12.4495    12.4373  38.771336  38.761459    12.4430    12.4308    33.3791    33.3805    25.2461    25.2495     7.1470     6.6480    217.847    202.635     2.2063     1.9756     0.0904     1.2339     3.1136     0.0061     0.1404 -117.90568   33.41664      99.34         13  0.000e+00
      84469   3519.500     49.627     49.987    12.4491    12.4377  38.771271  38.761851    12.4426    12.4312    33.3794    33.3804    25.2463    25.2494     7.1471     6.6479    217.849    202.635     2.2063     1.9756     0.0904     1.2339     3.1136     0.0061     0.1392 -117.90568   33.41664      99.34         13  0.000e+00
      84470   3519.542     49.554     49.914    12.4494    12.4376  38.770616  38.762048    12.4429    12.4311    33.3785    33.3808    25.2456    25.2496     7.1419     6.6479    217.693    202.633     2.2051     1.9756     0.0904     1.2339     3.1148     0.0061     0.1380 -117.90568   33.41664      99.34         13  0.000e+00
      84471   3519.583     49.574     49.934    12.4495    12.4376  38.770878  38.762506    12.4430    12.4311    33.3787    33.3812    25.2457    25.2500     7.1470     6.6479    217.847    202.633     2.2063     1.9756     0.0904     1.2339     3.1136     0.0061     0.1392 -117.90568   33.41664      99.34         13  0.000e+00
      84472   3519.625     49.627     49.987    12.4491    12.4379  38.770289  38.762179    12.4426    12.4314    33.3784    33.3806    25.2456    25.2494     7.1471     6.6479    217.851    202.633     2.2063     1.9756     0.0904     1.2339     3.1136     0.0061     0.1404 -117.90568   33.41664      99.34         13  0.000e+00
      84473   3519.667     49.574     49.934    12.4483    12.4378  38.769503  38.762244    12.4418    12.4312    33.3784    33.3808    25.2458    25.2496     7.1472     6.6479    217.853    202.633     2.2063     1.9756     0.0904     1.2339     3.1136     0.0061     0.1404 -117.90568   33.41664      99.34         13  0.000e+00
      84474   3519.708     49.607     49.967    12.4478    12.4379  38.769110  38.762375    12.4413    12.4314    33.3785    33.3808    25.2459    25.2496     7.1473     6.6479    217.856    202.633     2.2063     1.9756     0.0904     1.2339     3.1136     0.0061     0.1392 -117.90568   33.41664      99.34         13  0.000e+00
      84475   3519.750     49.574     49.934    12.4469    12.4379  38.769044  38.762571    12.4404    12.4314    33.3792    33.3810    25.2466    25.2498     7.1474     6.6478    217.858    202.632     2.2063     1.9756     0.0904     1.2339     3.1136     0.0061     0.1392 -117.90568   33.41664      99.34         13  0.000e+00
