WCOA/WCOA-6/CTD_Data/RB2102_CTD_103_01.ros
* Sea-Bird SBE 9 Data File:
* FileName = C:\Users\scs.user.rb\CTD\RB2102\Data\RB2102_CTD_103_01.hex
* Software Version Seasave V 7.26.7.107
* Temperature SN = 6202
* Conductivity SN = 4907
* Number of Bytes Per Scan = 41
* Number of Voltage Words = 4
* Number of Scans Averaged by the Deck Unit = 1
* NMEA Latitude = 36 44.18 N
* NMEA Longitude = 121 58.09 W
* NMEA UTC (Time) = Jul 15 2021  03:57:10
* NMEA baud rate = 4800
# nquan = 30
# nvalues = 1148                                  
# units = specified
# name 0 = scan: Scan Count
# name 1 = timeS: Time, Elapsed [seconds]
# name 2 = depSM: Depth [salt water, m]
# name 3 = prDM: Pressure, Digiquartz [db]
# name 4 = t090C: Temperature [ITS-90, deg C]
# name 5 = t190C: Temperature, 2 [ITS-90, deg C]
# name 6 = c0mS/cm: Conductivity [mS/cm]
# name 7 = c1mS/cm: Conductivity, 2 [mS/cm]
# name 8 = potemp090C: Potential Temperature [ITS-90, deg C]
# name 9 = potemp190C: Potential Temperature, 2 [ITS-90, deg C]
# name 10 = sal00: Salinity, Practical [PSU]
# name 11 = sal11: Salinity, Practical, 2 [PSU]
# name 12 = sigma-é00: Density [sigma-theta, kg/m^3]
# name 13 = sigma-é11: Density, 2 [sigma-theta, kg/m^3]
# name 14 = sbeox0Mg/L: Oxygen, SBE 43 [mg/l]
# name 15 = sbeox1Mg/L: Oxygen, SBE 43, 2 [mg/l]
# name 16 = sbox0Mm/Kg: Oxygen, SBE 43 [umol/kg]
# name 17 = sbox1Mm/Kg: Oxygen, SBE 43, 2 [umol/kg]
# name 18 = sbeox0V: Oxygen raw, SBE 43 [V]
# name 19 = sbeox1V: Oxygen raw, SBE 43, 2 [V]
# name 20 = v4: Voltage 4
# name 21 = flECO-AFL: Fluorescence, WET Labs ECO-AFL/FL [mg/m^3]
# name 22 = v3: Voltage 3
# name 23 = v6: Voltage 6
# name 24 = v7: Voltage 7
# name 25 = longitude: Longitude [deg]
# name 26 = latitude: Latitude [deg]
# name 27 = altM: Altimeter [m]
# name 28 = nbf: Bottles Fired
# name 29 = flag:  0.000e+00
# interval = seconds: 0.0416667
# start_time = Jul 15 2021 03:57:10 [NMEA time, header]
# bad_flag = -9.990e-29
*END*
[from data line 97]
      16653    693.833    111.191    112.047    10.0517    10.0518  37.132050  37.132751    10.0389    10.0390    33.9218    33.9224    26.1034    26.1039     3.5926     3.7074    109.413    112.910     1.3028     1.2772     0.0440     0.0739     3.3053     0.1160     0.0000 -121.96830   36.73612      10.48          2  0.000e+00
      19859    827.417     99.717    100.482    10.1188    10.1200  37.180548  37.182698    10.1072    10.1085    33.9134    33.9144    26.0853    26.0859     3.6678     3.7895    111.705    115.414     1.3223     1.2967     0.0452     0.1044     3.3028     0.0659     0.0000 -121.96834   36.73600      22.12          3  0.000e+00
      19860    827.458     99.764    100.529    10.1186    10.1201  37.180677  37.182441    10.1070    10.1086    33.9137    33.9141    26.0856    26.0856     3.6678     3.7895    111.706    115.414     1.3223     1.2967     0.0452     0.1044     3.3028     0.0659     0.0000 -121.96834   36.73600      22.08          3  0.000e+00
      19861    827.500     99.770    100.536    10.1184    10.1201  37.180548  37.182441    10.1069    10.1086    33.9137    33.9141    26.0856    26.0856     3.6678     3.7896    111.706    115.415     1.3223     1.2967     0.0452     0.1044     3.3016     0.0659     0.0000 -121.96834   36.73600      22.05          3  0.000e+00
      19862    827.542     99.710    100.475    10.1184    10.1199  37.180677  37.182698    10.1069    10.1084    33.9139    33.9145    26.0857    26.0860     3.6678     3.7895    111.705    115.414     1.3223     1.2967     0.0452     0.1044     3.3028     0.0659     0.0000 -121.96834   36.73600      22.05          3  0.000e+00
      19863    827.583     99.671    100.435    10.1184    10.1201  37.180548  37.182569    10.1069    10.1086    33.9137    33.9142    26.0856    26.0857     3.6677     3.7895    111.705    115.413     1.3223     1.2967     0.0452     0.1044     3.3028     0.0659     0.0000 -121.96834   36.73600      22.05          3  0.000e+00
      19864    827.625     99.710    100.475    10.1184    10.1202  37.180677  37.182891    10.1069    10.1087    33.9139    33.9144    26.0857    26.0858     3.6678     3.7895    111.705    115.413     1.3223     1.2967     0.0452     0.1044     3.3016     0.0659     0.0000 -121.96834   36.73600      22.05          3  0.000e+00
      19865    827.667     99.770    100.536    10.1184    10.1199  37.180806  37.183084    10.1069    10.1084    33.9140    33.9149    26.0858    26.0863     3.6678     3.7895    111.706    115.414     1.3223     1.2967     0.0464     0.1350     3.3016     0.0672     0.0000 -121.96834   36.73600      22.05          3  0.000e+00
      19866    827.708     99.710    100.475    10.1188    10.1199  37.180548  37.182827    10.1072    10.1084    33.9134    33.9146    26.0853    26.0861     3.6677     3.7895    111.705    115.414     1.3223     1.2967     0.0452     0.1044     3.3016     0.0672     0.0000 -121.96834   36.73600      22.08          3  0.000e+00
      19867    827.750     99.717    100.482    10.1187    10.1202  37.180677  37.183020    10.1072    10.1087    33.9136    33.9145    26.0854    26.0859     3.6678     3.7895    111.705    115.413     1.3223     1.2967     0.0452     0.1044     3.3028     0.0659     0.0000 -121.96834   36.73600      22.08          3  0.000e+00
      19868    827.792     99.710    100.475    10.1186    10.1201  37.180612  37.183084    10.1070    10.1086    33.9136    33.9147    26.0855    26.0861     3.6678     3.7895    111.705    115.413     1.3223     1.2967     0.0452     0.1044     3.3028     0.0659     0.0000 -121.96834   36.73600      22.08          3  0.000e+00
      19869    827.833     99.717    100.482    10.1189    10.1200  37.180741  37.182891    10.1074    10.1085    33.9135    33.9146    26.0853    26.0860     3.6677     3.7895    111.705    115.414     1.3223     1.2967     0.0452     0.1044     3.3028     0.0659     0.0000 -121.96834   36.73600      22.08          3  0.000e+00
      19870    827.875     99.717    100.482    10.1186    10.1199  37.180806  37.182827    10.1070    10.1084    33.9138    33.9146    26.0857    26.0861     3.6678     3.7895    111.705    115.414     1.3223     1.2967     0.0464     0.1350     3.3016     0.0672     0.0000 -121.96834   36.73600      22.08          3  0.000e+00
      19871    827.917     99.764    100.529    10.1186    10.1196  37.180806  37.182763    10.1070    10.1080    33.9138    33.9149    26.0857    26.0863     3.6678     3.7896    111.706    115.415     1.3223     1.2967     0.0452     0.1044     3.3028     0.0659     0.0000 -121.96834   36.73600      22.08          3  0.000e+00
      19872    827.958     99.671    100.435    10.1186    10.1201  37.180805  37.182762    10.1071    10.1086    33.9139    33.9144    26.0857    26.0859     3.6677     3.7895    111.704    115.413     1.3223     1.2967     0.0452     0.1044     3.3028     0.0672     0.0000 -121.96834   36.73600      22.08          3  0.000e+00
      19873    828.000     99.710    100.475    10.1184    10.1198  37.180548  37.183213    10.1069    10.1082    33.9138    33.9152    26.0856    26.0865     3.6678     3.7895    111.706    115.414     1.3223     1.2967     0.0452     0.1044     3.3028     0.0659     0.0000 -121.96834   36.73600      22.08          3  0.000e+00
      19874    828.042     99.717    100.482    10.1186    10.1199  37.180677  37.182698    10.1070    10.1084    33.9137    33.9145    26.0856    26.0860     3.6678     3.7895    111.705    115.414     1.3223     1.2967     0.0452     0.1044     3.3028     0.0659     0.0000 -121.96834   36.73600      22.08          3  0.000e+00
      19875    828.083     99.710    100.475    10.1186    10.1201  37.180999  37.182698    10.1070    10.1086    33.9140    33.9143    26.0858    26.0858     3.6677     3.7837    111.705    115.236     1.3223     1.2955     0.0452     0.1044     3.3028     0.0659     0.0000 -121.96834   36.73600      22.08          3  0.000e+00
      19876    828.125     99.717    100.482    10.1186    10.1199  37.180870  37.182762    10.1070    10.1084    33.9139    33.9146    26.0857    26.0860     3.6678     3.7837    111.705    115.236     1.3223     1.2955     0.0452     0.1044     3.3028     0.0659     0.0000 -121.96834   36.73600      22.08          3  0.000e+00
      19877    828.167     99.764    100.529    10.1184    10.1199  37.180806  37.182763    10.1069    10.1084    33.9140    33.9146    26.0858    26.0860     3.6678     3.7837    111.706    115.237     1.3223     1.2955     0.0452     0.1044     3.3028     0.0659     0.0000 -121.96834   36.73600      22.08          3  0.000e+00
      19878    828.208     99.671    100.435    10.1186    10.1199  37.180548  37.182569    10.1071    10.1084    33.9136    33.9144    26.0855    26.0859     3.6677     3.7895    111.705    115.413     1.3223     1.2967     0.0452     0.1044     3.3028     0.0672     0.0000 -121.96834   36.73600      22.05          3  0.000e+00
      19879    828.250     99.717    100.482    10.1186    10.1201  37.180548  37.182891    10.1070    10.1086    33.9136    33.9145    26.0855    26.0859     3.6678     3.7895    111.705    115.413     1.3223     1.2967     0.0452     0.1044     3.3028     0.0672     0.0000 -121.96834   36.73600      22.05          3  0.000e+00
      19880    828.292     99.710    100.475    10.1186    10.1201  37.180484  37.182891    10.1070    10.1086    33.9135    33.9145    26.0854    26.0860     3.6678     3.7895    111.705    115.413     1.3223     1.2967     0.0452     0.1044     3.3028     0.0672     0.0000 -121.96834   36.73600      22.03          3  0.000e+00
      19881    828.333     99.717    100.482    10.1184    10.1201  37.180677  37.183020    10.1069    10.1086    33.9139    33.9147    26.0857    26.0861     3.6678     3.7895    111.706    115.413     1.3223     1.2967     0.0452     0.1044     3.3028     0.0659     0.0000 -121.96834   36.73600      22.03          3  0.000e+00
      19882    828.375     99.710    100.475    10.1186    10.1199  37.180806  37.182634    10.1070    10.1084    33.9138    33.9145    26.0857    26.0859     3.6678     3.7895    111.705    115.414     1.3223     1.2967     0.0464     0.1350     3.3028     0.0659     0.0000 -121.96834   36.73600      22.03          3  0.000e+00
      19883    828.417     99.717    100.482    10.1186    10.1199  37.180999  37.182891    10.1070    10.1084    33.9140    33.9147    26.0858    26.0861     3.6678     3.7895    111.705    115.414     1.3223     1.2967     0.0464     0.1350     3.3016     0.0659     0.0000 -121.96834   36.73600      22.03          3  0.000e+00
      19884    828.458     99.664    100.429    10.1184    10.1202  37.180870  37.182891    10.1069    10.1087    33.9141    33.9144    26.0859    26.0858     3.6677     3.7895    111.705    115.412     1.3223     1.2967     0.0464     0.1350     3.3028     0.0659     0.0000 -121.96834   36.73600      22.05          3  0.000e+00
      19885    828.500     99.717    100.482    10.1186    10.1199  37.180806  37.183020    10.1070    10.1084    33.9138    33.9148    26.0857    26.0862     3.6678     3.7895    111.705    115.414     1.3223     1.2967     0.0464     0.1350     3.3016     0.0659     0.0000 -121.96834   36.73600      22.05          3  0.000e+00
      19886    828.542     99.710    100.475    10.1186    10.1201  37.180806  37.182634    10.1070    10.1086    33.9138    33.9143    26.0857    26.0858     3.6678     3.7837    111.705    115.236     1.3223     1.2955     0.0476     0.1655     3.3016     0.0659     0.0000 -121.96834   36.73600      22.08          3  0.000e+00
      19887    828.583     99.671    100.435    10.1187    10.1199  37.180805  37.182891    10.1072    10.1084    33.9137    33.9147    26.0856    26.0861     3.6677     3.7895    111.704    115.413     1.3223     1.2967     0.0464     0.1350     3.3016     0.0659     0.0000 -121.96834   36.73600      22.08          3  0.000e+00
      19888    828.625     99.717    100.482    10.1187    10.1201  37.180806  37.182891    10.1072    10.1086    33.9137    33.9145    26.0855    26.0860     3.6677     3.7895    111.705    115.413     1.3223     1.2967     0.0464     0.1350     3.3028     0.0659     0.0000 -121.96834   36.73600      22.05          3  0.000e+00
      19889    828.667     99.710    100.475    10.1188    10.1196  37.180806  37.182827    10.1072    10.1081    33.9137    33.9149    26.0855    26.0863     3.6677     3.7895    111.705    115.414     1.3223     1.2967     0.0464     0.1350     3.3016     0.0659     0.0000 -121.96834   36.73600      22.08          3  0.000e+00
      19890    828.708     99.671    100.435    10.1187    10.1199  37.180419  37.182762    10.1072    10.1084    33.9133    33.9146    26.0853    26.0860     3.6677     3.7895    111.705    115.413     1.3223     1.2967     0.0464     0.1350     3.3016     0.0659     0.0000 -121.96834   36.73600      22.08          3  0.000e+00
      19891    828.750     99.710    100.475    10.1187    10.1198  37.180870  37.182762    10.1072    10.1082    33.9138    33.9147    26.0856    26.0861     3.6677     3.7895    111.705    115.414     1.3223     1.2967     0.0464     0.1350     3.3016     0.0659     0.0000 -121.96834   36.73600      22.08          3  0.000e+00
      19892    828.792     99.671    100.435    10.1186    10.1199  37.180870  37.182505    10.1071    10.1084    33.9139    33.9143    26.0857    26.0858     3.6677     3.7895    111.704    115.413     1.3223     1.2967     0.0464     0.1350     3.3028     0.0659     0.0000 -121.96834   36.73600      22.08          3  0.000e+00
      19893    828.833     99.710    100.475    10.1187    10.1198  37.180806  37.182441    10.1072    10.1082    33.9137    33.9144    26.0855    26.0859     3.6677     3.7895    111.705    115.414     1.3223     1.2967     0.0464     0.1350     3.3028     0.0659     0.0000 -121.96834   36.73600      22.08          3  0.000e+00
      19894    828.875     99.671    100.435    10.1187    10.1199  37.180805  37.182698    10.1072    10.1084    33.9137    33.9145    26.0856    26.0860     3.6677     3.7895    111.704    115.413     1.3223     1.2967     0.0464     0.1350     3.3028     0.0659     0.0000 -121.96834   36.73600      22.08          3  0.000e+00
      19895    828.917     99.710    100.475    10.1186    10.1199  37.180806  37.182312    10.1070    10.1084    33.9138    33.9141    26.0857    26.0857     3.6678     3.7895    111.705    115.414     1.3223     1.2967     0.0464     0.1350     3.3016     0.0672     0.0000 -121.96834   36.73600      22.08          3  0.000e+00
      19896    828.958     99.671    100.435    10.1187    10.1199  37.180999  37.182376    10.1072    10.1084    33.9139    33.9142    26.0857    26.0857     3.6677     3.7895    111.704    115.413     1.3223     1.2967     0.0464     0.1350     3.3016     0.0672     0.0000 -121.96834   36.73600      22.10          3  0.000e+00
      19897    829.000     99.710    100.475    10.1187    10.1199  37.180612  37.182698    10.1072    10.1084    33.9135    33.9145    26.0854    26.0860     3.6678     3.7895    111.705    115.414     1.3223     1.2967     0.0464     0.1350     3.3028     0.0672     0.0000 -121.96834   36.73600      22.10          3  0.000e+00
      19898    829.042     99.671    100.435    10.1188    10.1199  37.180483  37.182762    10.1072    10.1084    33.9134    33.9146    26.0853    26.0860     3.6677     3.7895    111.704    115.413     1.3223     1.2967     0.0464     0.1350     3.3016     0.0672     0.0000 -121.96834   36.73600      22.12          3  0.000e+00
      19899    829.083     99.671    100.435    10.1189    10.1196  37.180934  37.182569    10.1074    10.1081    33.9137    33.9147    26.0855    26.0861     3.6677     3.7895    111.704    115.414     1.3223     1.2967     0.0464     0.1350     3.3028     0.0659     0.0000 -121.96834   36.73600      22.12          4  0.000e+00
      19900    829.125     99.710    100.475    10.1187    10.1199  37.180870  37.182698    10.1072    10.1084    33.9138    33.9145    26.0856    26.0860     3.6677     3.7895    111.705    115.414     1.3223     1.2967     0.0464     0.1350     3.3028     0.0659     0.0000 -121.96834   36.73600      22.12          4  0.000e+00
      19901    829.167     99.717    100.482    10.1187    10.1199  37.180612  37.182569    10.1072    10.1084    33.9135    33.9144    26.0854    26.0859     3.6678     3.7895    111.705    115.414     1.3223     1.2967     0.0464     0.1350     3.3028     0.0659     0.0000 -121.96834   36.73600      22.12          4  0.000e+00
      19902    829.208     99.618    100.382    10.1189    10.1199  37.180741  37.182440    10.1074    10.1084    33.9135    33.9143    26.0854    26.0858     3.6677     3.7895    111.703    115.413     1.3223     1.2967     0.0464     0.1350     3.3016     0.0659     0.0000 -121.96834   36.73600      22.10          4  0.000e+00
      19903    829.250     99.671    100.435    10.1189    10.1196  37.180805  37.182247    10.1074    10.1081    33.9136    33.9144    26.0854    26.0859     3.6677     3.7895    111.704    115.414     1.3223     1.2967     0.0464     0.1350     3.3028     0.0659     0.0000 -121.96834   36.73600      22.10          4  0.000e+00
      19904    829.292     99.710    100.475    10.1186    10.1198  37.180548  37.182827    10.1070    10.1082    33.9136    33.9148    26.0855    26.0862     3.6678     3.7895    111.705    115.414     1.3223     1.2967     0.0464     0.1350     3.3028     0.0659     0.0000 -121.96834   36.73600      22.10          4  0.000e+00
      19905    829.333     99.717    100.482    10.1189    10.1199  37.180484  37.182634    10.1074    10.1084    33.9132    33.9144    26.0851    26.0859     3.6677     3.7895    111.705    115.414     1.3223     1.2967     0.0464     0.1350     3.3028     0.0659     0.0000 -121.96834   36.73600      22.12          4  0.000e+00
