WCOA/WCOA-6/CTD_Data/RB2102_CTD_044_01.ros
* Sea-Bird SBE 9 Data File:
* FileName = C:\Users\scs.user.rb\CTD\RB2102\Data\RB2102_CTD_044_01.hex
* Software Version Seasave V 7.26.7.107
* Temperature SN = 6202
* Conductivity SN = 4907
* Number of Bytes Per Scan = 41
* Number of Voltage Words = 4
* Number of Scans Averaged by the Deck Unit = 1
* NMEA Latitude = 45 54.98 N
* NMEA Longitude = 124 05.17 W
* NMEA UTC (Time) = Jul 03 2021  04:26:23
* NMEA baud rate = 4800
# nquan = 30
# nvalues = 1176                                  
# units = specified
# name 0 = scan: Scan Count
# name 1 = timeS: Time, Elapsed [seconds]
# name 2 = depSM: Depth [salt water, m]
# name 3 = prDM: Pressure, Digiquartz [db]
# name 4 = t090C: Temperature [ITS-90, deg C]
# name 5 = t190C: Temperature, 2 [ITS-90, deg C]
# name 6 = c0mS/cm: Conductivity [mS/cm]
# name 7 = c1mS/cm: Conductivity, 2 [mS/cm]
# name 8 = potemp090C: Potential Temperature [ITS-90, deg C]
# name 9 = potemp190C: Potential Temperature, 2 [ITS-90, deg C]
# name 10 = sal00: Salinity, Practical [PSU]
# name 11 = sal11: Salinity, Practical, 2 [PSU]
# name 12 = sigma-é00: Density [sigma-theta, kg/m^3]
# name 13 = sigma-é11: Density, 2 [sigma-theta, kg/m^3]
# name 14 = sbeox0Mg/L: Oxygen, SBE 43 [mg/l]
# name 15 = sbeox1Mg/L: Oxygen, SBE 43, 2 [mg/l]
# name 16 = sbox0Mm/Kg: Oxygen, SBE 43 [umol/kg]
# name 17 = sbox1Mm/Kg: Oxygen, SBE 43, 2 [umol/kg]
# name 18 = sbeox0V: Oxygen raw, SBE 43 [V]
# name 19 = sbeox1V: Oxygen raw, SBE 43, 2 [V]
# name 20 = v4: Voltage 4
# name 21 = flECO-AFL: Fluorescence, WET Labs ECO-AFL/FL [mg/m^3]
# name 22 = v3: Voltage 3
# name 23 = v6: Voltage 6
# name 24 = v7: Voltage 7
# name 25 = longitude: Longitude [deg]
# name 26 = latitude: Latitude [deg]
# name 27 = altM: Altimeter [m]
# name 28 = nbf: Bottles Fired
# name 29 = flag:  0.000e+00
# interval = seconds: 0.0416667
# start_time = Jul 03 2021 04:26:23 [NMEA time, header]
# bad_flag = -9.990e-29
*END*
[from data line 726]
      39237   1634.833      3.185      3.211    17.0054    17.0063  38.407505  38.408902    17.0049    17.0057    29.3981    29.3987    21.2189    21.2191     9.7597     9.7126    298.658    297.216     3.0183     2.8327     0.1429     2.5464     3.2955     1.1123     0.0000 -124.08768   45.91626      76.14         15  0.000e+00
      39238   1634.875      3.231      3.258    17.0054    17.0061  38.407440  38.408837    17.0049    17.0056    29.3980    29.3987    21.2188    21.2192     9.7598     9.7127    298.660    297.219     3.0183     2.8327     0.1416     2.5159     3.2955     1.1123     0.0000 -124.08768   45.91626      76.14         15  0.000e+00
      39239   1634.917      3.152      3.178    17.0051    17.0060  38.407114  38.408641    17.0046    17.0055    29.3981    29.3986    21.2189    21.2191     9.7597     9.7126    298.659    297.216     3.0183     2.8327     0.1429     2.5464     3.2955     1.1111     0.0000 -124.08768   45.91626      76.14         15  0.000e+00
      39240   1634.958      3.185      3.211    17.0047    17.0055  38.406788  38.408772    17.0042    17.0050    29.3980    29.3991    21.2190    21.2196     9.7551     9.7127    298.518    297.220     3.0171     2.8327     0.1429     2.5464     3.2943     1.1111     0.0000 -124.08768   45.91626      76.12         15  0.000e+00
      39241   1635.000      3.132      3.158    17.0046    17.0055  38.407440  38.408120    17.0041    17.0050    29.3987    29.3986    21.2195    21.2192     9.7551     9.7127    298.516    297.219     3.0171     2.8327     0.1429     2.5464     3.2943     1.1123     0.0000 -124.08768   45.91626      76.12         15  0.000e+00
      39242   1635.042      3.132      3.158    17.0046    17.0054  38.407897  38.407533    17.0041    17.0049    29.3991    29.3982    21.2198    21.2189     9.7503     9.7127    298.371    297.221     3.0159     2.8327     0.1429     2.5464     3.2943     1.1123     0.0000 -124.08768   45.91626      76.12         15  0.000e+00
      39243   1635.083      3.132      3.158    17.0049    17.0054  38.407505  38.407272    17.0044    17.0049    29.3985    29.3980    21.2193    21.2188     9.7550     9.7127    298.514    297.221     3.0171     2.8327     0.1429     2.5464     3.2943     1.1111     0.0000 -124.08768   45.91626      76.12         15  0.000e+00
      39244   1635.125      3.085      3.111    17.0049    17.0054  38.407375  38.407402    17.0044    17.0049    29.3984    29.3981    21.2192    21.2189     9.7503     9.7127    298.369    297.219     3.0159     2.8327     0.1429     2.5464     3.2943     1.1111     0.0000 -124.08768   45.91626      76.12         15  0.000e+00
      39245   1635.167      3.085      3.111    17.0047    17.0050  38.406070  38.407076    17.0042    17.0046    29.3974    29.3981    21.2185    21.2189     9.7504     9.7128    298.372    297.221     3.0159     2.8327     0.1416     2.5159     3.2955     1.1123     0.0000 -124.08768   45.91626      76.04         15  0.000e+00
      39322   1638.375      3.331      3.358    17.0107    17.0071  38.422250  38.408316    17.0102    17.0066    29.4068    29.3975    21.2243    21.2181     9.7631     9.6974    298.759    296.751     3.0195     2.8291     0.1392     2.4549     3.2955     1.1111     0.0000 -124.08768   45.91626      77.51         16  0.000e+00
      39323   1638.417      3.430      3.458    17.0105    17.0068  38.422185  38.406817    17.0100    17.0062    29.4068    29.3965    21.2244    21.2173     9.7632     9.6926    298.764    296.603     3.0195     2.8278     0.1392     2.4549     3.2955     1.1123     0.0000 -124.08768   45.91626      77.34         16  0.000e+00
      39324   1638.458      3.476      3.505    17.0107    17.0062  38.422381  38.405774    17.0101    17.0057    29.4068    29.3960    21.2244    21.2171     9.7632     9.6927    298.765    296.609     3.0195     2.8278     0.1380     2.4243     3.2955     1.1123     0.0000 -124.08768   45.91626      77.17         16  0.000e+00
      39325   1638.500      3.377      3.405    17.0110    17.0061  38.424534  38.405447    17.0105    17.0056    29.4085    29.3958    21.2255    21.2170     9.7630     9.6978    298.756    296.763     3.0195     2.8291     0.1380     2.4243     3.2943     1.1123     0.0000 -124.08768   45.91626      77.14         16  0.000e+00
      39326   1638.542      3.476      3.505    17.0115    17.0059  38.427471  38.406230    17.0110    17.0053    29.4106    29.3966    21.2270    21.2176     9.7582     9.6979    298.608    296.766     3.0183     2.8291     0.1392     2.4549     3.2943     1.1123     0.0000 -124.08768   45.91626      77.17         16  0.000e+00
      39327   1638.583      3.476      3.505    17.0117    17.0066  38.429494  38.409555    17.0112    17.0060    29.4121    29.3989    21.2282    21.2192     9.7580     9.6976    298.604    296.757     3.0183     2.8291     0.1404     2.4854     3.2955     1.1123     0.0000 -124.08768   45.91626      77.17         16  0.000e+00
      39328   1638.625      3.476      3.505    17.0109    17.0073  38.422577  38.416336    17.0103    17.0067    29.4069    29.4042    21.2244    21.2231     9.7538     9.6971    298.476    296.742     3.0171     2.8291     0.1404     2.4854     3.2943     1.1123     0.0000 -124.08768   45.91626      77.17         16  0.000e+00
      39329   1638.667      3.529      3.559    17.0093    17.0090  38.412791  38.423052    17.0088    17.0084    29.3996    29.4086    21.2192    21.2261     9.7546     9.6966    298.501    296.725     3.0171     2.8291     0.1404     2.4854     3.2967     1.1111     0.0000 -124.08768   45.91626      77.34         16  0.000e+00
      39330   1638.708      3.490      3.519    17.0085    17.0097  38.409855  38.425139    17.0079    17.0091    29.3978    29.4099    21.2179    21.2269     9.7501     9.7014    298.364    296.872     3.0159     2.8303     0.1404     2.4854     3.2943     1.1111     0.0000 -124.08768   45.91626      77.56         16  0.000e+00
      39331   1638.750      3.529      3.559    17.0083    17.0107  38.409724  38.425595    17.0077    17.0101    29.3978    29.4096    21.2180    21.2264     9.7502     9.7013    298.367    296.868     3.0159     2.8303     0.1404     2.4854     3.2943     1.1111     0.0000 -124.08768   45.91626      77.61         16  0.000e+00
      39332   1638.792      3.576      3.605    17.0081    17.0109  38.408159  38.425400    17.0076    17.0103    29.3966    29.4092    21.2171    21.2261     9.7503     9.7013    298.372    296.870     3.0159     2.8303     0.1404     2.4854     3.2955     1.1111     0.0000 -124.08768   45.91628      77.61         16  0.000e+00
      39333   1638.833      3.576      3.605    17.0080    17.0107  38.408485  38.417966    17.0074    17.0102    29.3970    29.4030    21.2174    21.2214     9.7456     9.7017    298.228    296.883     3.0147     2.8303     0.1392     2.4549     3.2955     1.1123     0.0000 -124.08768   45.91628      77.58         16  0.000e+00
      39334   1638.875      3.576      3.605    17.0083    17.0088  38.413770  38.408773    17.0077    17.0082    29.4012    29.3966    21.2206    21.2170     9.7453     9.7025    298.218    296.908     3.0147     2.8303     0.1404     2.4854     3.2943     1.1111     0.0000 -124.08768   45.91628      77.58         16  0.000e+00
      39335   1638.917      3.576      3.605    17.0095    17.0071  38.420229  38.404731    17.0089    17.0065    29.4058    29.3944    21.2239    21.2157     9.7448     9.7030    298.201    296.923     3.0147     2.8303     0.1404     2.4854     3.2955     1.1123     0.0000 -124.08768   45.91628      77.44         16  0.000e+00
      39336   1638.958      3.622      3.652    17.0107    17.0062  38.423817  38.404731    17.0101    17.0056    29.4080    29.3950    21.2253    21.2164     9.7398     9.7032    298.048    296.928     3.0134     2.8303     0.1404     2.4854     3.2955     1.1111     0.0000 -124.08768   45.91628      77.26         16  0.000e+00
      39337   1639.000      3.675      3.705    17.0114    17.0066  38.426819  38.406296    17.0108    17.0060    29.4100    29.3961    21.2267    21.2171     9.7396     9.7082    298.041    297.082     3.0134     2.8315     0.1404     2.4854     3.2943     1.1123     0.0000 -124.08768   45.91628      77.22         16  0.000e+00
      39338   1639.042      3.622      3.652    17.0119    17.0071  38.431125  38.410403    17.0113    17.0065    29.4134    29.3992    21.2291    21.2194     9.7393     9.7027    298.030    296.915     3.0134     2.8303     0.1404     2.4854     3.2943     1.1123     0.0000 -124.08768   45.91628      77.22         16  0.000e+00
      39339   1639.083      3.688      3.719    17.0122    17.0075  38.434584  38.416859    17.0116    17.0069    29.4160    29.4044    21.2311    21.2233     9.7391     9.7075    298.025    297.060     3.0134     2.8315     0.1404     2.4854     3.2955     1.1111     0.0000 -124.08768   45.91628      77.24         16  0.000e+00
      39340   1639.125      3.675      3.705    17.0129    17.0078  38.434323  38.417380    17.0123    17.0072    29.4153    29.4046    21.2304    21.2233     9.7390     9.7074    298.022    297.057     3.0134     2.8315     0.1404     2.4854     3.2955     1.1111     0.0000 -124.08768   45.91628      77.24         16  0.000e+00
      39341   1639.167      3.675      3.705    17.0126    17.0085  38.428646  38.419727    17.0120    17.0079    29.4107    29.4061    21.2269    21.2243     9.7347     9.7021    297.889    296.894     3.0122     2.8303     0.1404     2.4854     3.2943     1.1111     0.0000 -124.08768   45.91628      77.12         16  0.000e+00
      39342   1639.208      3.721      3.752    17.0119    17.0095  38.421534  38.424944    17.0113    17.0089    29.4052    29.4098    21.2228    21.2269     9.7399     9.7068    298.050    297.038     3.0134     2.8315     0.1404     2.4854     3.2943     1.1111     0.0000 -124.08768   45.91628      76.97         16  0.000e+00
      39343   1639.250      3.768      3.799    17.0110    17.0105  38.420033  38.426835    17.0104    17.0099    29.4045    29.4107    21.2225    21.2273     9.7401     9.7016    298.058    296.876     3.0134     2.8303     0.1404     2.4854     3.2955     1.1123     0.0000 -124.08768   45.91628      76.95         16  0.000e+00
      39344   1639.292      3.721      3.752    17.0114    17.0111  38.426232  38.429770    17.0108    17.0105    29.4095    29.4128    21.2263    21.2288     9.7397     9.7064    298.044    297.023     3.0134     2.8315     0.1404     2.4854     3.2955     1.1123     0.0000 -124.08768   45.91628      76.95         16  0.000e+00
      39345   1639.333      3.768      3.799    17.0117    17.0117  38.430996  38.432509    17.0111    17.0111    29.4133    29.4146    21.2291    21.2301     9.7395     9.7011    298.036    296.861     3.0134     2.8303     0.1404     2.4854     3.2943     1.1123     0.0000 -124.08768   45.91628      76.95         16  0.000e+00
      39346   1639.375      3.721      3.752    17.0116    17.0121  38.423557  38.433291    17.0110    17.0115    29.4071    29.4150    21.2244    21.2303     9.7398     9.7009    298.048    296.856     3.0134     2.8303     0.1404     2.4854     3.2943     1.1123     0.0000 -124.08768   45.91628      76.97         16  0.000e+00
      39347   1639.417      3.834      3.866    17.0104    17.0121  38.412204  38.433618    17.0098    17.0115    29.3983    29.4152    21.2179    21.2305     9.7407     9.7010    298.077    296.860     3.0134     2.8303     0.1404     2.4854     3.2967     1.1111     0.0000 -124.08768   45.91628      77.02         16  0.000e+00
      39348   1639.458      3.768      3.799    17.0093    17.0121  38.407377  38.431204    17.0087    17.0115    29.3950    29.4132    21.2156    21.2290     9.7410     9.7011    298.087    296.861     3.0134     2.8303     0.1404     2.4854     3.2943     1.1123     0.0000 -124.08768   45.91628      77.12         16  0.000e+00
      39349   1639.500      3.821      3.852    17.0086    17.0114  38.405681  38.423510    17.0080    17.0108    29.3940    29.4072    21.2150    21.2245     9.7460     9.7017    298.239    296.880     3.0147     2.8303     0.1404     2.4854     3.2943     1.1111     0.0000 -124.08768   45.91628      77.12         16  0.000e+00
      39350   1639.542      3.821      3.852    17.0083    17.0106  38.403985  38.416011    17.0077    17.0100    29.3928    29.4014    21.2142    21.2202     9.7461     9.7022    298.244    296.896     3.0147     2.8303     0.1404     2.4854     3.2955     1.1111     0.0000 -124.08768   45.91628      77.12         16  0.000e+00
      39351   1639.583      3.821      3.852    17.0080    17.0096  38.403136  38.416076    17.0074    17.0090    29.3923    29.4021    21.2139    21.2210     9.7462     9.6972    298.247    296.745     3.0147     2.8291     0.1404     2.4854     3.2955     1.1123     0.0000 -124.08768   45.91628      77.12         16  0.000e+00
      39352   1639.625      3.867      3.899    17.0078    17.0104  38.402484  38.423380    17.0072    17.0098    29.3919    29.4078    21.2136    21.2252     9.7510     9.6968    298.394    296.731     3.0159     2.8291     0.1416     2.5159     3.2955     1.1123     0.0000 -124.08768   45.91628      77.12         16  0.000e+00
      39353   1639.667      3.821      3.852    17.0074    17.0110  38.402810  38.427162    17.0068    17.0104    29.3924    29.4105    21.2141    21.2271     9.7510     9.6964    298.394    296.719     3.0159     2.8291     0.1441     2.5770     3.2955     1.1123     0.0000 -124.08768   45.91628      77.05         16  0.000e+00
      39354   1639.708      3.920      3.952    17.0076    17.0114  38.404768  38.427684    17.0070    17.0108    29.3939    29.4107    21.2152    21.2272     9.7510     9.6965    298.393    296.720     3.0159     2.8291     0.1453     2.6075     3.2955     1.1123     0.0000 -124.08768   45.91628      76.90         16  0.000e+00
      39355   1639.750      3.834      3.866    17.0080    17.0117  38.408877  38.430683    17.0074    17.0111    29.3972    29.4130    21.2176    21.2289     9.7554     9.6962    298.525    296.711     3.0171     2.8291     0.1453     2.6075     3.2955     1.1111     0.0000 -124.08768   45.91628      76.87         16  0.000e+00
      39356   1639.792      3.867      3.899    17.0085    17.0117  38.413053  38.429183    17.0079    17.0111    29.4004    29.4117    21.2199    21.2279     9.7551     9.6963    298.517    296.714     3.0171     2.8291     0.1453     2.6075     3.2955     1.1111     0.0000 -124.08768   45.91628      76.87         16  0.000e+00
      39357   1639.833      3.867      3.899    17.0090    17.0114  38.414097  38.422010    17.0084    17.0108    29.4009    29.4059    21.2202    21.2235     9.7597     9.6967    298.657    296.728     3.0183     2.8291     0.1453     2.6075     3.2955     1.1123     0.0000 -124.08768   45.91628      76.90         16  0.000e+00
      39358   1639.875      3.920      3.952    17.0090    17.0110  38.412270  38.415164    17.0084    17.0104    29.3993    29.4003    21.2190    21.2193     9.7599     9.6972    298.662    296.744     3.0183     2.8291     0.1453     2.6075     3.2955     1.1123     0.0000 -124.08768   45.91628      76.90         16  0.000e+00
      39359   1639.917      3.867      3.899    17.0090    17.0102  38.410182  38.411251    17.0084    17.0096    29.3976    29.3976    21.2177    21.2174     9.7646     9.6974    298.808    296.752     3.0195     2.8291     0.1453     2.6075     3.2955     1.1111     0.0000 -124.08768   45.91628      76.75         16  0.000e+00
