WCOA/WCOA-6/CTD_Data/RB2102_CTD_108_01.ros
* Sea-Bird SBE 9 Data File:
* FileName = C:\Users\scs.user.rb\CTD\RB2102\Data\RB2102_CTD_108_01.hex
* Software Version Seasave V 7.26.7.107
* Temperature SN = 6202
* Conductivity SN = 4907
* Number of Bytes Per Scan = 41
* Number of Voltage Words = 4
* Number of Scans Averaged by the Deck Unit = 1
* NMEA Latitude = 34 38.57 N
* NMEA Longitude = 123 21.84 W
* NMEA UTC (Time) = Jul 16 2021  15:18:13
* NMEA baud rate = 4800
# nquan = 30
# nvalues = 1176                                  
# units = specified
# name 0 = scan: Scan Count
# name 1 = timeS: Time, Elapsed [seconds]
# name 2 = depSM: Depth [salt water, m]
# name 3 = prDM: Pressure, Digiquartz [db]
# name 4 = t090C: Temperature [ITS-90, deg C]
# name 5 = t190C: Temperature, 2 [ITS-90, deg C]
# name 6 = c0mS/cm: Conductivity [mS/cm]
# name 7 = c1mS/cm: Conductivity, 2 [mS/cm]
# name 8 = potemp090C: Potential Temperature [ITS-90, deg C]
# name 9 = potemp190C: Potential Temperature, 2 [ITS-90, deg C]
# name 10 = sal00: Salinity, Practical [PSU]
# name 11 = sal11: Salinity, Practical, 2 [PSU]
# name 12 = sigma-é00: Density [sigma-theta, kg/m^3]
# name 13 = sigma-é11: Density, 2 [sigma-theta, kg/m^3]
# name 14 = sbeox0Mg/L: Oxygen, SBE 43 [mg/l]
# name 15 = sbeox1Mg/L: Oxygen, SBE 43, 2 [mg/l]
# name 16 = sbox0Mm/Kg: Oxygen, SBE 43 [umol/kg]
# name 17 = sbox1Mm/Kg: Oxygen, SBE 43, 2 [umol/kg]
# name 18 = sbeox0V: Oxygen raw, SBE 43 [V]
# name 19 = sbeox1V: Oxygen raw, SBE 43, 2 [V]
# name 20 = v4: Voltage 4
# name 21 = flECO-AFL: Fluorescence, WET Labs ECO-AFL/FL [mg/m^3]
# name 22 = v3: Voltage 3
# name 23 = v6: Voltage 6
# name 24 = v7: Voltage 7
# name 25 = longitude: Longitude [deg]
# name 26 = latitude: Latitude [deg]
# name 27 = altM: Altimeter [m]
# name 28 = nbf: Bottles Fired
# name 29 = flag:  0.000e+00
# interval = seconds: 0.0416667
# start_time = Jul 16 2021 15:18:13 [NMEA time, header]
# bad_flag = -9.990e-29
*END*
[from data line 629]
     289869  12077.833    149.694    150.833     9.0332     9.0486  36.116906  36.132271     9.0171     9.0324    33.8202    33.8216    26.1916    26.1902     4.7280     4.8138    143.981    146.594     1.5299     1.4786     0.0403    -0.0177     3.2137     0.0733     0.0000 -123.36834   34.64236      99.51         13  0.000e+00
     289870  12077.875    149.800    150.940     9.0311     9.0481  36.115760  36.131444     9.0149     9.0320    33.8210    33.8211    26.1925    26.1899     4.7283     4.8139    143.990    146.598     1.5299     1.4786     0.0403    -0.0177     3.2125     0.0733     0.0000 -123.36834   34.64236      99.54         13  0.000e+00
     289871  12077.917    149.694    150.833     9.0301     9.0476  36.115187  36.130998     9.0140     9.0315    33.8213    33.8212    26.1929    26.1901     4.7283     4.8139    143.990    146.598     1.5299     1.4786     0.0403    -0.0177     3.2137     0.0733     0.0000 -123.36834   34.64236      99.54         13  0.000e+00
     289872  12077.958    149.707    150.846     9.0298     9.0469  36.115888  36.129789     9.0136     9.0308    33.8224    33.8206    26.1938    26.1897     4.7283     4.8140    143.991    146.601     1.5299     1.4786     0.0403    -0.0177     3.2137     0.0733     0.0000 -123.36834   34.64236      99.54         13  0.000e+00
     289873  12078.000    149.740    150.880     9.0293     9.0461  36.115824  36.128199     9.0132     9.0300    33.8227    33.8196    26.1942    26.1891     4.7284     4.8142    143.992    146.606     1.5299     1.4786     0.0403    -0.0177     3.2125     0.0733     0.0000 -123.36834   34.64236      99.54         13  0.000e+00
     289874  12078.042    149.707    150.846     9.0291     9.0453  36.115506  36.126099     9.0130     9.0292    33.8226    33.8183    26.1941    26.1882     4.7284     4.8143    143.993    146.610     1.5299     1.4786     0.0403    -0.0177     3.2125     0.0733     0.0000 -123.36834   34.64236      99.51         13  0.000e+00
     289875  12078.083    149.654    150.793     9.0290     9.0432  36.115442  36.124254     9.0129     9.0270    33.8227    33.8184    26.1942    26.1886     4.7284     4.8145    143.992    146.616     1.5299     1.4786     0.0403    -0.0177     3.2125     0.0733     0.0000 -123.36834   34.64236      99.51         13  0.000e+00
     289876  12078.125    149.694    150.833     9.0287     9.0402  36.115442  36.122218     9.0125     9.0241    33.8230    33.8191    26.1945    26.1896     4.7284     4.8149    143.994    146.626     1.5299     1.4786     0.0403    -0.0177     3.2125     0.0733     0.0000 -123.36834   34.64236      99.54         13  0.000e+00
     294146  12256.042    124.281    125.219     9.5401     9.5401  36.416294  36.417080     9.5263     9.5263    33.6634    33.6642    25.9869    25.9876     5.0496     5.1506    153.805    156.882     1.6166     1.5617     0.0403    -0.0177     3.2125     0.1172     0.0000 -123.36828   34.64236      99.46         14  0.000e+00
     294147  12256.083    124.281    125.219     9.5401     9.5401  36.416678  36.417080     9.5263     9.5263    33.6638    33.6642    25.9872    25.9876     5.0496     5.1506    153.805    156.882     1.6166     1.5617     0.0403    -0.0177     3.2100     0.1172     0.0000 -123.36828   34.64236      99.46         14  0.000e+00
     294148  12256.125    124.235    125.172     9.5404     9.5402  36.416230  36.417271     9.5266     9.5264    33.6631    33.6643    25.9867    25.9876     5.0496     5.1506    153.804    156.880     1.6166     1.5617     0.0403    -0.0177     3.2100     0.1160     0.0000 -123.36828   34.64236      95.21         14  0.000e+00
     294149  12256.167    124.235    125.172     9.5405     9.5404  36.416294  36.417399     9.5267     9.5266    33.6630    33.6643    25.9866    25.9876     5.0441     5.1505    153.637    156.880     1.6154     1.5617     0.0403    -0.0177     3.2088     0.1160     0.0000 -123.36828   34.64236      86.79         14  0.000e+00
     294150  12256.208    124.248    125.186     9.5403     9.5405  36.416422  36.417335     9.5265     9.5267    33.6633    33.6641    25.9869    25.9874     5.0496     5.1505    153.804    156.880     1.6166     1.5617     0.0403    -0.0177     3.2100     0.1160     0.0000 -123.36828   34.64236      84.47         14  0.000e+00
     294151  12256.250    124.281    125.219     9.5408     9.5405  36.416933  36.417144     9.5270     9.5267    33.6634    33.6638    25.9868    25.9872     5.0495     5.1446    153.803    156.699     1.6166     1.5604     0.0403    -0.0177     3.2100     0.1160     0.0000 -123.36828   34.64236      84.79         14  0.000e+00
     294152  12256.292    124.182    125.119     9.5407     9.5407  36.416549  36.417527     9.5269     9.5269    33.6632    33.6641    25.9866    25.9874     5.0495     5.1445    153.802    156.696     1.6166     1.5604     0.0403    -0.0177     3.2100     0.1160     0.0000 -123.36828   34.64236      85.18         14  0.000e+00
     294153  12256.333    124.281    125.219     9.5410     9.5409  36.416422  36.417718     9.5271     9.5271    33.6627    33.6641    25.9863    25.9874     5.0495     5.1505    153.803    156.879     1.6166     1.5617     0.0403    -0.0177     3.2100     0.1160     0.0000 -123.36828   34.64236      85.27         14  0.000e+00
     294154  12256.375    124.235    125.172     9.5410     9.5407  36.416677  36.417654     9.5271     9.5269    33.6630    33.6642    25.9865    25.9875     5.0495     5.1446    153.802    156.697     1.6166     1.5604     0.0403    -0.0177     3.2112     0.1160     0.0000 -123.36828   34.64236      89.47         14  0.000e+00
     294155  12256.417    124.235    125.172     9.5411     9.5409  36.416486  36.417846     9.5273     9.5271    33.6626    33.6643    25.9862    25.9875     5.0495     5.1445    153.802    156.697     1.6166     1.5604     0.0403    -0.0177     3.2112     0.1160     0.0000 -123.36828   34.64236      98.10         14  0.000e+00
     294156  12256.458    124.235    125.172     9.5409     9.5411  36.416677  36.417782     9.5271     9.5273    33.6631    33.6640    25.9866    25.9873     5.0440     5.1445    153.636    156.696     1.6154     1.5604     0.0403    -0.0177     3.2112     0.1172     0.0000 -123.36828   34.64236     100.00         14  0.000e+00
     294157  12256.500    124.235    125.172     9.5406     9.5414  36.416486  36.418165     9.5268     9.5276    33.6631    33.6641    25.9866    25.9873     5.0441     5.1504    153.637    156.876     1.6154     1.5617     0.0403    -0.0177     3.2112     0.1160     0.0000 -123.36828   34.64236     100.00         14  0.000e+00
     294158  12256.542    124.182    125.119     9.5406     9.5415  36.416166  36.417654     9.5268     9.5277    33.6628    33.6635    25.9864    25.9868     5.0440     5.1444    153.636    156.694     1.6154     1.5604     0.0403    -0.0177     3.2112     0.1160     0.0000 -123.36828   34.64236      99.61         14  0.000e+00
     294159  12256.583    124.235    125.172     9.5405     9.5414  36.416613  36.417846     9.5267     9.5276    33.6633    33.6638    25.9868    25.9870     5.0441     5.1445    153.637    156.695     1.6154     1.5604     0.0403    -0.0177     3.2100     0.1160     0.0000 -123.36828   34.64236      99.34         14  0.000e+00
     294160  12256.625    124.135    125.072     9.5403     9.5422  36.416230  36.418292     9.5265     9.5284    33.6632    33.6636    25.9867    25.9867     5.0440     5.1443    153.636    156.691     1.6154     1.5604     0.0403    -0.0177     3.2112     0.1160     0.0000 -123.36828   34.64236      99.41         14  0.000e+00
     294161  12256.667    124.235    125.172     9.5401     9.5422  36.416294  36.418037     9.5263     9.5284    33.6634    33.6632    25.9869    25.9865     5.0441     5.1503    153.638    156.874     1.6154     1.5617     0.0403    -0.0177     3.2112     0.1160     0.0000 -123.36828   34.64236      99.46         14  0.000e+00
     294162  12256.708    124.182    125.119     9.5406     9.5424  36.416933  36.418037     9.5268     9.5286    33.6636    33.6631    25.9870    25.9863     5.0440     5.1443    153.635    156.691     1.6154     1.5604     0.0403    -0.0177     3.2112     0.1160     0.0000 -123.36828   34.64236      99.46         14  0.000e+00
     294163  12256.750    124.155    125.092     9.5405     9.5425  36.416869  36.418484     9.5267     9.5287    33.6636    33.6634    25.9870    25.9866     5.0440     5.1502    153.635    156.871     1.6154     1.5617     0.0403    -0.0177     3.2112     0.1160     0.0000 -123.36828   34.64236      99.46         14  0.000e+00
     294164  12256.792    124.135    125.072     9.5408     9.5424  36.416996  36.418675     9.5270     9.5286    33.6635    33.6638    25.9869    25.9869     5.0440     5.1502    153.634    156.871     1.6154     1.5617     0.0403    -0.0177     3.2112     0.1160     0.0000 -123.36830   34.64236      99.46         14  0.000e+00
     294165  12256.833    124.235    125.172     9.5410     9.5427  36.416869  36.418356     9.5271     9.5289    33.6632    33.6631    25.9866    25.9863     5.0440     5.1443    153.636    156.691     1.6154     1.5604     0.0403    -0.0177     3.2112     0.1160     0.0000 -123.36830   34.64236      99.46         14  0.000e+00
     294166  12256.875    124.082    125.019     9.5415     9.5427  36.416996  36.418866     9.5277     9.5289    33.6629    33.6637    25.9863    25.9867     5.0439     5.1502    153.631    156.869     1.6154     1.5617     0.0403    -0.0177     3.2112     0.1148     0.0000 -123.36830   34.64236      99.46         14  0.000e+00
     294167  12256.917    124.182    125.119     9.5415     9.5430  36.417252  36.418931     9.5277     9.5292    33.6631    33.6634    25.9865    25.9865     5.0385     5.1443    153.466    156.689     1.6142     1.5604     0.0403    -0.0177     3.2112     0.1160     0.0000 -123.36830   34.64236      99.46         14  0.000e+00
     294168  12256.958    124.082    125.019     9.5418     9.5428  36.417124  36.418547     9.5280     9.5290    33.6628    33.6632    25.9862    25.9864     5.0438     5.1502    153.630    156.869     1.6154     1.5617     0.0403    -0.0177     3.2112     0.1160     0.0000 -123.36830   34.64236      99.46         14  0.000e+00
     294169  12257.000    124.082    125.019     9.5416     9.5430  36.417315  36.418994     9.5278     9.5292    33.6631    33.6635    25.9865    25.9865     5.0439     5.1442    153.630    156.686     1.6154     1.5604     0.0403    -0.0177     3.2100     0.1160     0.0000 -123.36830   34.64236      99.49         14  0.000e+00
     294170  12257.042    124.135    125.072     9.5421     9.5431  36.417443  36.418867     9.5283     9.5293    33.6628    33.6633    25.9861    25.9864     5.0384     5.1442    153.464    156.688     1.6142     1.5604     0.0403    -0.0177     3.2112     0.1160     0.0000 -123.36830   34.64236      99.46         14  0.000e+00
     294171  12257.083    124.082    125.019     9.5421     9.5433  36.417188  36.418611     9.5284     9.5296    33.6625    33.6628    25.9859    25.9859     5.0384     5.1442    153.463    156.686     1.6142     1.5604     0.0403    -0.0177     3.2125     0.1148     0.0000 -123.36830   34.64236      99.46         14  0.000e+00
     294172  12257.125    124.036    124.972     9.5423     9.5432  36.417315  36.418802     9.5285     9.5294    33.6625    33.6632    25.9859    25.9863     5.0383     5.1442    153.462    156.685     1.6142     1.5604     0.0403    -0.0177     3.2112     0.1160     0.0000 -123.36830   34.64236      99.46         14  0.000e+00
     294173  12257.167    124.082    125.019     9.5427     9.5433  36.417443  36.418994     9.5290     9.5296    33.6622    33.6632    25.9855    25.9863     5.0383     5.1442    153.461    156.686     1.6142     1.5604     0.0403    -0.0177     3.2112     0.1160     0.0000 -123.36830   34.64236      99.46         14  0.000e+00
     294174  12257.208    124.036    124.972     9.5423     9.5433  36.417187  36.419185     9.5285     9.5296    33.6624    33.6634    25.9858    25.9864     5.0383     5.1441    153.462    156.684     1.6142     1.5604     0.0403    -0.0177     3.2100     0.1160     0.0000 -123.36830   34.64236      99.46         14  0.000e+00
     294175  12257.250    124.056    124.992     9.5426     9.5433  36.417571  36.419058     9.5288     9.5296    33.6624    33.6633    25.9858    25.9863     5.0383     5.1441    153.461    156.685     1.6142     1.5604     0.0403    -0.0177     3.2100     0.1160     0.0000 -123.36830   34.64236      99.49         14  0.000e+00
     294176  12257.292    123.989    124.925     9.5424     9.5437  36.417507  36.419441     9.5286     9.5299    33.6626    33.6634    25.9859    25.9863     5.0383     5.1500    153.460    156.863     1.6142     1.5617     0.0403    -0.0177     3.2100     0.1160     0.0000 -123.36830   34.64236      99.46         14  0.000e+00
     294177  12257.333    124.036    124.972     9.5426     9.5437  36.417443  36.419377     9.5288     9.5299    33.6623    33.6633    25.9857    25.9863     5.0383     5.1441    153.461    156.683     1.6142     1.5604     0.0403    -0.0177     3.2125     0.1148     0.0000 -123.36830   34.64236      99.46         14  0.000e+00
     294178  12257.375    123.989    124.925     9.5426     9.5438  36.417634  36.418994     9.5288     9.5300    33.6625    33.6628    25.9859    25.9859     5.0382     5.1441    153.459    156.682     1.6142     1.5604     0.0403    -0.0177     3.2100     0.1160     0.0000 -123.36830   34.64236      99.49         14  0.000e+00
     294179  12257.417    123.989    124.925     9.5431     9.5435  36.417507  36.418994     9.5293     9.5298    33.6619    33.6631    25.9853    25.9861     5.0382     5.1441    153.458    156.683     1.6142     1.5604     0.0403    -0.0177     3.2100     0.1160     0.0000 -123.36830   34.64236      99.46         14  0.000e+00
     294180  12257.458    123.936    124.871     9.5433     9.5438  36.417890  36.418930     9.5295     9.5300    33.6622    33.6628    25.9855    25.9858     5.0381     5.1440    153.456    156.681     1.6142     1.5604     0.0403    -0.0177     3.2100     0.1148     0.0000 -123.36830   34.64236      99.46         14  0.000e+00
     294181  12257.500    123.989    124.925     9.5436     9.5440  36.418081  36.418994     9.5298     9.5302    33.6621    33.6626    25.9853    25.9857     5.0381     5.1440    153.457    156.682     1.6142     1.5604     0.0403    -0.0177     3.2112     0.1160     0.0000 -123.36830   34.64236      99.46         14  0.000e+00
     294182  12257.542    123.890    124.825     9.5439     9.5437  36.418273  36.419185     9.5301     9.5299    33.6620    33.6632    25.9852    25.9862     5.0380     5.1440    153.453    156.681     1.6142     1.5604     0.0403    -0.0177     3.2100     0.1148     0.0000 -123.36830   34.64236      99.46         14  0.000e+00
     294183  12257.583    123.936    124.871     9.5444     9.5437  36.418401  36.419057     9.5306     9.5299    33.6617    33.6630    25.9849    25.9861     5.0380     5.1440    153.453    156.682     1.6142     1.5604     0.0403    -0.0177     3.2100     0.1160     0.0000 -123.36830   34.64236      99.46         14  0.000e+00
     294184  12257.625    123.890    124.825     9.5445     9.5440  36.418592  36.419440     9.5308     9.5302    33.6618    33.6631    25.9849    25.9861     5.0380     5.1440    153.452    156.679     1.6142     1.5604     0.0403    -0.0177     3.2125     0.1160     0.0000 -123.36830   34.64236      99.46         14  0.000e+00
