WCOA/WCOA-6/CTD_Data/RB2102_CTD_129_01.ros
* Sea-Bird SBE 9 Data File:
* FileName = C:\Users\scs.user.rb\CTD\RB2102\Data\RB2102_CTD_129_01.hex
* Software Version Seasave V 7.26.7.107
* Temperature SN = 6202
* Conductivity SN = 4907
* Number of Bytes Per Scan = 41
* Number of Voltage Words = 4
* Number of Scans Averaged by the Deck Unit = 1
* NMEA Latitude = 32 48.71 N
* NMEA Longitude = 119 09.07 W
* NMEA UTC (Time) = Jul 21 2021  18:32:53
* NMEA baud rate = 4800
# nquan = 30
# nvalues = 1015                                  
# units = specified
# name 0 = scan: Scan Count
# name 1 = timeS: Time, Elapsed [seconds]
# name 2 = depSM: Depth [salt water, m]
# name 3 = prDM: Pressure, Digiquartz [db]
# name 4 = t090C: Temperature [ITS-90, deg C]
# name 5 = t190C: Temperature, 2 [ITS-90, deg C]
# name 6 = c0mS/cm: Conductivity [mS/cm]
# name 7 = c1mS/cm: Conductivity, 2 [mS/cm]
# name 8 = potemp090C: Potential Temperature [ITS-90, deg C]
# name 9 = potemp190C: Potential Temperature, 2 [ITS-90, deg C]
# name 10 = sal00: Salinity, Practical [PSU]
# name 11 = sal11: Salinity, Practical, 2 [PSU]
# name 12 = sigma-é00: Density [sigma-theta, kg/m^3]
# name 13 = sigma-é11: Density, 2 [sigma-theta, kg/m^3]
# name 14 = sbeox0Mg/L: Oxygen, SBE 43 [mg/l]
# name 15 = sbeox1Mg/L: Oxygen, SBE 43, 2 [mg/l]
# name 16 = sbox0Mm/Kg: Oxygen, SBE 43 [umol/kg]
# name 17 = sbox1Mm/Kg: Oxygen, SBE 43, 2 [umol/kg]
# name 18 = sbeox0V: Oxygen raw, SBE 43 [V]
# name 19 = sbeox1V: Oxygen raw, SBE 43, 2 [V]
# name 20 = v4: Voltage 4
# name 21 = flECO-AFL: Fluorescence, WET Labs ECO-AFL/FL [mg/m^3]
# name 22 = v3: Voltage 3
# name 23 = v6: Voltage 6
# name 24 = v7: Voltage 7
# name 25 = longitude: Longitude [deg]
# name 26 = latitude: Latitude [deg]
# name 27 = altM: Altimeter [m]
# name 28 = nbf: Bottles Fired
# name 29 = flag:  0.000e+00
# interval = seconds: 0.0416667
# start_time = Jul 21 2021 18:32:53 [NMEA time, header]
# bad_flag = -9.990e-29
*END*
[from data line 871]
     110431   4601.250      9.765      9.835    18.5462    18.2223  45.004833  44.749133    18.5445    18.2206    33.7808    33.8318    24.2040    24.3233     8.1254     7.5675    247.921    230.872     2.7143     2.4127     0.0611     0.5013     3.1990     0.0000     0.0000 -119.15106   32.80998      99.76         19  0.000e+00
     110432   4601.292      9.726      9.795    18.5476    18.2431  45.005667  44.762590    18.5459    18.2414    33.7804    33.8260    24.2033    24.3138     8.1251     7.5597    247.914    230.637     2.7143     2.4115     0.0598     0.4707     3.1990     0.0000     0.0000 -119.15106   32.80998      99.76         19  0.000e+00
     110433   4601.333      9.812      9.882    18.5563    18.2595  45.010119  44.775148    18.5545    18.2579    33.7770    33.8230    24.1986    24.3074     8.1241     7.5623    247.882    230.716     2.7143     2.4127     0.0611     0.5013     3.1990     0.0000     0.0000 -119.15106   32.80998      99.76         19  0.000e+00
     110434   4601.375      9.765      9.835    18.5567    18.2891  45.005179  44.797145    18.5550    18.2874    33.7725    33.8172    24.1950    24.2957     8.1242     7.5580    247.886    230.589     2.7143     2.4127     0.0598     0.4707     3.1990     0.0000     0.0000 -119.15106   32.80998      99.76         19  0.000e+00
     110435   4601.417      9.765      9.835    18.5408    18.3226  44.988346  44.823311    18.5391    18.3210    33.7714    33.8117    24.1982    24.2832     8.1267     7.5532    247.961    230.444     2.7143     2.4127     0.0611     0.5013     3.2002     0.0000     0.0000 -119.15106   32.80998      99.76         19  0.000e+00
     110436   4601.458      9.765      9.835    18.5267    18.3494  44.982713  44.845110    18.5250    18.3477    33.7782    33.8081    24.2069    24.2738     8.1240     7.5493    247.879    230.328     2.7131     2.4127     0.0611     0.5013     3.2002     0.0000     0.0000 -119.15106   32.80998      99.76         19  0.000e+00
     110437   4601.500      9.825      9.895    18.5092    18.3712  44.964284  44.860176    18.5074    18.3695    33.7771    33.8028    24.2104    24.2644     8.1269     7.5463    247.964    230.238     2.7131     2.4127     0.0611     0.5013     3.2002     0.0000     0.0000 -119.15106   32.80998      99.76         19  0.000e+00
     110438   4601.542      9.765      9.835    18.4792    18.3869  44.941340  44.863508    18.4775    18.3852    33.7824    33.7927    24.2220    24.2527     8.1312     7.5443    248.093    230.181     2.7131     2.4127     0.0611     0.5013     3.1990     0.0000     0.0000 -119.15106   32.80998      99.76         19  0.000e+00
     110439   4601.583      9.765      9.835    18.4669    18.3942  44.934945  44.861423    18.4652    18.3925    33.7871    33.7850    24.2286    24.2450     8.1284     7.5436    248.006    230.160     2.7118     2.4127     0.0611     0.5013     3.1990     0.0000     0.0000 -119.15106   32.80998      99.76         19  0.000e+00
     110440   4601.625      9.812      9.882    18.4540    18.3954  44.936616  44.859062    18.4523    18.3937    33.7991    33.7820    24.2409    24.2424     8.1298     7.5436    248.047    230.160     2.7118     2.4127     0.0598     0.4707     3.1990     0.0000     0.0000 -119.15106   32.80998      99.73         19  0.000e+00
     110441   4601.667      9.772      9.842    18.4669    18.3922  44.957127  44.855034    18.4652    18.3906    33.8058    33.7812    24.2428    24.2426     8.1230     7.5440    247.839    230.174     2.7106     2.4127     0.0611     0.5013     3.2002     0.0000     0.0000 -119.15106   32.80998      99.76         19  0.000e+00
     110442   4601.708      9.858      9.928    18.4914    18.3862  44.978615  44.857883    18.4897    18.3845    33.8037    33.7885    24.2352    24.2497     8.1194     7.5447    247.731    230.193     2.7106     2.4127     0.0611     0.5013     3.1990     0.0000     0.0000 -119.15106   32.80998      99.73         19  0.000e+00
     110443   4601.750      9.812      9.882    18.5025    18.3935  44.982091  44.874203    18.5008    18.3918    33.7975    33.7963    24.2277    24.2538     8.1135     7.5432    247.553    230.147     2.7094     2.4127     0.0611     0.5013     3.1990     0.0000     0.0000 -119.15106   32.80998      99.76         19  0.000e+00
     110444   4601.792      9.812      9.882    18.5004    18.4064  44.976457  44.886496    18.4987    18.4047    33.7946    33.7960    24.2259    24.2504     8.1095     7.5413    247.432    230.088     2.7082     2.4127     0.0598     0.4707     3.2002     0.0000     0.0000 -119.15106   32.80998      99.76         19  0.000e+00
     110445   4601.833      9.825      9.895    18.4938    18.4158  44.956080  44.882674    18.4921    18.4141    33.7828    33.7851    24.2186    24.2397     8.1111     7.5404    247.482    230.063     2.7082     2.4127     0.0611     0.5013     3.1990     0.0000     0.0000 -119.15106   32.80998      99.76         19  0.000e+00
     110446   4601.875      9.858      9.928    18.4406    18.4132  44.881564  44.870241    18.4389    18.4115    33.7637    33.7767    24.2172    24.2340     8.1158     7.5412    247.625    230.088     2.7070     2.4127     0.0611     0.5013     3.1990     0.0000     0.0000 -119.15106   32.80998      99.76         19  0.000e+00
     110447   4601.917      9.812      9.882    18.3269    18.3964  44.758088  44.823301    18.3252    18.3947    33.7531    33.7510    24.2373    24.2184     8.1293     7.5448    248.034    230.203     2.7057     2.4127     0.0611     0.5013     3.1990     0.0000     0.0000 -119.15106   32.80998      99.76         19  0.000e+00
     110448   4601.958      9.858      9.928    18.2279    18.3221  44.660269  44.720746    18.2262    18.3204    33.7519    33.7255    24.2608    24.2174     8.1448     7.5572    248.499    230.583     2.7057     2.4127     0.0598     0.4707     3.2002     0.0000     0.0000 -119.15106   32.80998      99.76         19  0.000e+00
     110449   4602.000      9.872      9.942    18.1762    18.2339  44.614374  44.633468    18.1745    18.2322    33.7557    33.7243    24.2764    24.2382     8.1437     7.5707    248.461    230.989     2.7033     2.4127     0.0611     0.5013     3.1990     0.0000     0.0000 -119.15106   32.80998      99.76         19  0.000e+00
     110450   4602.042      9.858      9.928    18.1581    18.1787  44.586858  44.618923    18.1564    18.1770    33.7474    33.7575    24.2745    24.2772     8.1469     7.5776    248.560    231.190     2.7033     2.4127     0.0598     0.4707     3.2002     0.0000     0.0000 -119.15106   32.80998      99.76         19  0.000e+00
     110451   4602.083      9.911      9.982    18.1407    18.1636  44.568150  44.625993    18.1390    18.1619    33.7458    33.7759    24.2776    24.2950     8.1407     7.5791    248.372    231.232     2.7009     2.4127     0.0611     0.5013     3.1990     0.0000     0.0000 -119.15106   32.80998      99.76         19  0.000e+00
     110452   4602.125      9.858      9.929    18.1134    18.1327  44.558314  44.595717    18.1118    18.1310    33.7600    33.7757    24.2951    24.3025     8.1442     7.5837    248.474    231.373     2.7009     2.4127     0.0611     0.5013     3.1990     0.0000     0.0000 -119.15106   32.80998      99.73         19  0.000e+00
     110453   4602.167      9.918      9.989    18.1102    18.0915  44.561364  44.547168    18.1085    18.0898    33.7652    33.7686    24.2999    24.3071     8.1356     7.5953    248.208    231.723     2.6984     2.4139     0.0598     0.4707     3.2002     0.0000     0.0000 -119.15106   32.80998      99.73         19  0.000e+00
     110454   4602.208      9.858      9.929    18.1141    18.0589  44.570371  44.520722    18.1124    18.0572    33.7696    33.7731    24.3023    24.3186     8.1302     7.6000    248.044    231.865     2.6972     2.4139     0.0598     0.4707     3.2002     0.0000     0.0000 -119.15106   32.80998      99.73         19  0.000e+00
     110455   4602.250      9.958     10.029    18.1117    18.0484  44.569679  44.527648    18.1100    18.0467    33.7710    33.7876    24.3040    24.3323     8.1261     7.6010    247.918    231.893     2.6960     2.4139     0.0598     0.4707     3.1990     0.0000     0.0000 -119.15106   32.80998      99.73         19  0.000e+00
     110456   4602.292      9.912      9.982    18.1052    18.0484  44.560048  44.526747    18.1035    18.0467    33.7682    33.7869    24.3035    24.3317     8.1272     7.6010    247.952    231.893     2.6960     2.4139     0.0611     0.5013     3.1990     0.0000     0.0000 -119.15106   32.80998      99.73         19  0.000e+00
     110457   4602.333      9.918      9.989    18.0876    18.0353  44.545015  44.512972    18.0859    18.0336    33.7700    33.7860    24.3091    24.3343     8.1209     7.6031    247.758    231.955     2.6935     2.4139     0.0598     0.4707     3.2002     0.0000     0.0000 -119.15106   32.80998      99.73         19  0.000e+00
     110458   4602.375      9.958     10.029    18.0682    18.0258  44.528739  44.503074    18.0665    18.0241    33.7722    33.7854    24.3156    24.3361     8.1238     7.6095    247.846    232.149     2.6935     2.4151     0.0611     0.5013     3.2002     0.0000     0.0000 -119.15106   32.80998      99.73         19  0.000e+00
     110459   4602.417     10.011     10.082    18.0529    18.0155  44.513642  44.494216    18.0511    18.0138    33.7720    33.7864    24.3192    24.3394     8.1218     7.6110    247.782    232.197     2.6923     2.4151     0.0611     0.5013     3.1990     0.0000     0.0000 -119.15106   32.80998      99.73         19  0.000e+00
     110460   4602.458      9.912      9.982    18.0455    18.0063  44.503946  44.482174    18.0438    18.0047    33.7699    33.7838    24.3194    24.3396     8.1184     7.6076    247.680    232.092     2.6911     2.4139     0.0611     0.5013     3.1990     0.0000     0.0000 -119.15106   32.80998      99.73         19  0.000e+00
     110461   4602.500      9.971     10.042    18.0388    17.9962  44.496260  44.472694    18.0371    17.9945    33.7689    33.7841    24.3203    24.3423     8.1151     7.6092    247.578    232.140     2.6899     2.4139     0.0611     0.5013     3.2002     0.0000     0.0000 -119.15106   32.80998      99.73         19  0.000e+00
     110462   4602.542     10.011     10.082    18.0300    17.9882  44.487814  44.466675    18.0283    17.9865    33.7690    33.7856    24.3225    24.3454     8.1120     7.6153    247.483    232.325     2.6886     2.4151     0.0611     0.5013     3.2002     0.0000     0.0000 -119.15106   32.80998      99.73         19  0.000e+00
     110463   4602.583     10.011     10.082    18.0200    17.9814  44.479368  44.462178    18.0183    17.9797    33.7700    33.7874    24.3257    24.3484     8.1090     7.6114    247.390    232.205     2.6874     2.4139     0.0611     0.5013     3.2002     0.0000     0.0000 -119.15106   32.80998      99.73         19  0.000e+00
     110464   4602.625     10.011     10.082    18.0073    17.9759  44.473069  44.456920    18.0056    17.9742    33.7752    33.7875    24.3328    24.3499     8.1107     7.6122    247.441    232.230     2.6874     2.4139     0.0611     0.5013     3.2002     0.0000     0.0000 -119.15106   32.80998      99.73         19  0.000e+00
     110465   4602.667      9.971     10.042    18.0038    17.9707  44.476462  44.449517    18.0021    17.9690    33.7810    33.7854    24.3382    24.3496     8.1064     7.6179    247.310    232.404     2.6862     2.4151     0.0598     0.4707     3.1990     0.0000     0.0000 -119.15106   32.80998      99.73         19  0.000e+00
     110466   4602.708     10.011     10.082    18.0063    17.9623  44.484355  44.437896    18.0046    17.9606    33.7857    33.7825    24.3411    24.3494     8.1013     7.6145    247.154    232.301     2.6850     2.4139     0.0611     0.5013     3.1990     0.0000     0.0000 -119.15106   32.80998      99.73         19  0.000e+00
     110467   4602.750     10.057     10.129    18.0090    17.9522  44.489271  44.425446    18.0073    17.9505    33.7875    33.7803    24.3418    24.3502     8.0964     7.6162    247.002    232.352     2.6838     2.4139     0.0611     0.5013     3.2002     0.0000     0.0000 -119.15106   32.80998      99.73         19  0.000e+00
     110468   4602.792     10.057     10.129    18.0097    17.9443  44.489617  44.418876    18.0080    17.9426    33.7873    33.7812    24.3415    24.3528     8.0918     7.6174    246.862    232.387     2.6825     2.4139     0.0611     0.5013     3.1990     0.0000     0.0000 -119.15106   32.80998      99.73         19  0.000e+00
     110469   4602.833     10.071     10.142    18.0061    17.9412  44.484009  44.418530    18.0044    17.9395    33.7855    33.7835    24.3410    24.3553     8.0879     7.6129    246.745    232.250     2.6813     2.4127     0.0611     0.5013     3.1990     0.0000     0.0000 -119.15106   32.80998      99.73         19  0.000e+00
     110470   4602.875     10.057     10.129    18.0030    17.9402  44.476809  44.419430    18.0013    17.9384    33.7819    33.7851    24.3390    24.3568     8.0886     7.6130    246.765    232.252     2.6813     2.4127     0.0586     0.4402     3.1990     0.0000     0.0000 -119.15106   32.80998      99.73         19  0.000e+00
     110471   4602.917     10.058     10.129    17.9986    17.9402  44.467947  44.419845    17.9969    17.9384    33.7780    33.7855    24.3371    24.3571     8.0804     7.6130    246.517    232.251     2.6789     2.4127     0.0586     0.4402     3.2002     0.0000     0.0000 -119.15106   32.80998      99.73         19  0.000e+00
     110472   4602.958     10.104     10.176    17.9879    17.9405  44.455488  44.420813    17.9862    17.9388    33.7763    33.7860    24.3384    24.3574     8.0777     7.6081    246.434    232.102     2.6777     2.4115     0.0586     0.4402     3.1990     0.0000     0.0000 -119.15106   32.80998      99.73         19  0.000e+00
     110473   4603.000     10.071     10.142    17.9711    17.9414  44.441509  44.421159    17.9693    17.9396    33.7783    33.7856    24.3441    24.3569     8.0757     7.6030    246.371    231.949     2.6764     2.4103     0.0586     0.4402     3.1990     0.0000     0.0000 -119.15106   32.80998      99.73         19  0.000e+00
     110474   4603.042     10.104     10.176    17.9584    17.9421  44.432305  44.421159    17.9566    17.9403    33.7810    33.7850    24.3492    24.3563     8.0730     7.6030    246.289    231.948     2.6752     2.4103     0.0586     0.4402     3.2002     0.0000     0.0000 -119.15106   32.80998      99.73         19  0.000e+00
     110475   4603.083     10.104     10.176    17.9501    17.9414  44.428293  44.420121    17.9484    17.9396    33.7844    33.7847    24.3538    24.3562     8.0696     7.5982    246.185    231.803     2.6740     2.4090     0.0586     0.4402     3.1990     0.0000     0.0000 -119.15106   32.80998      99.73         19  0.000e+00
     110476   4603.125     10.157     10.229    17.9457    17.9402  44.427394  44.417908    17.9439    17.9384    33.7873    33.7838    24.3571    24.3558     8.0657     7.5985    246.065    231.811     2.6728     2.4090     0.0586     0.4402     3.2002     0.0000     0.0000 -119.15106   32.80998      99.71         19  0.000e+00
     113290   4720.375      3.305      3.329    18.8271    18.8266  45.299248  45.300526    18.8266    18.8260    33.7997    33.8013    24.1478    24.1491     7.8315     7.3096    238.968    223.041     2.6471     2.3712     0.0464     0.1350     3.2002     0.0000     0.0000 -119.15108   32.80988      99.71         20  0.000e+00
