WCOA/WCOA-6/CTD_Data/RB2102_CTD_120_01.ros
* Sea-Bird SBE 9 Data File:
* FileName = C:\Users\scs.user.rb\CTD\RB2102\Data\RB2102_CTD_120_01.hex
* Software Version Seasave V 7.26.7.107
* Temperature SN = 6202
* Conductivity SN = 4907
* Number of Bytes Per Scan = 41
* Number of Voltage Words = 4
* Number of Scans Averaged by the Deck Unit = 1
* NMEA Latitude = 34 16.56 N
* NMEA Longitude = 120 01.24 W
* NMEA UTC (Time) = Jul 19 2021  05:02:09
* NMEA baud rate = 4800
# nquan = 30
# nvalues = 1176                                  
# units = specified
# name 0 = scan: Scan Count
# name 1 = timeS: Time, Elapsed [seconds]
# name 2 = depSM: Depth [salt water, m]
# name 3 = prDM: Pressure, Digiquartz [db]
# name 4 = t090C: Temperature [ITS-90, deg C]
# name 5 = t190C: Temperature, 2 [ITS-90, deg C]
# name 6 = c0mS/cm: Conductivity [mS/cm]
# name 7 = c1mS/cm: Conductivity, 2 [mS/cm]
# name 8 = potemp090C: Potential Temperature [ITS-90, deg C]
# name 9 = potemp190C: Potential Temperature, 2 [ITS-90, deg C]
# name 10 = sal00: Salinity, Practical [PSU]
# name 11 = sal11: Salinity, Practical, 2 [PSU]
# name 12 = sigma-é00: Density [sigma-theta, kg/m^3]
# name 13 = sigma-é11: Density, 2 [sigma-theta, kg/m^3]
# name 14 = sbeox0Mg/L: Oxygen, SBE 43 [mg/l]
# name 15 = sbeox1Mg/L: Oxygen, SBE 43, 2 [mg/l]
# name 16 = sbox0Mm/Kg: Oxygen, SBE 43 [umol/kg]
# name 17 = sbox1Mm/Kg: Oxygen, SBE 43, 2 [umol/kg]
# name 18 = sbeox0V: Oxygen raw, SBE 43 [V]
# name 19 = sbeox1V: Oxygen raw, SBE 43, 2 [V]
# name 20 = v4: Voltage 4
# name 21 = flECO-AFL: Fluorescence, WET Labs ECO-AFL/FL [mg/m^3]
# name 22 = v3: Voltage 3
# name 23 = v6: Voltage 6
# name 24 = v7: Voltage 7
# name 25 = longitude: Longitude [deg]
# name 26 = latitude: Latitude [deg]
# name 27 = altM: Altimeter [m]
# name 28 = nbf: Bottles Fired
# name 29 = flag:  0.000e+00
# interval = seconds: 0.0416667
# start_time = Jul 19 2021 05:02:09 [NMEA time, header]
# bad_flag = -9.990e-29
*END*
[from data line 1112]
     114414   4767.208      3.540      3.565    18.0922    18.0918  44.343501  44.341939    18.0916    18.0912    33.5976    33.5966    24.1758    24.1752     8.7198     8.1604    266.065    248.995     2.8559     2.5556     0.1184     1.9359     3.2051     0.0061     0.0000 -120.02070   34.27628       3.57         23  0.000e+00
     114415   4767.250      3.487      3.512    18.0921    18.0918  44.343086  44.341870    18.0915    18.0912    33.5974    33.5966    24.1757    24.1752     8.7198     8.1603    266.065    248.994     2.8559     2.5556     0.1184     1.9359     3.2051     0.0061     0.0000 -120.02070   34.27628       5.84         23  0.000e+00
     114416   4767.292      3.487      3.512    18.0922    18.0915  44.342671  44.341386    18.0916    18.0909    33.5970    33.5965    24.1753    24.1751     8.7153     8.1604    265.928    248.996     2.8547     2.5556     0.1184     1.9359     3.2051     0.0061     0.0000 -120.02070   34.27628       6.23         23  0.000e+00
     114417   4767.333      3.540      3.565    18.0919    18.0915  44.342671  44.341663    18.0913    18.0909    33.5972    33.5967    24.1756    24.1753     8.7199     8.1604    266.068    248.997     2.8559     2.5556     0.1184     1.9359     3.2051     0.0061     0.0000 -120.02070   34.27628      41.88         23  0.000e+00
     114418   4767.375      3.507      3.532    18.0920    18.0914  44.342602  44.341455    18.0914    18.0908    33.5970    33.5966    24.1754    24.1752     8.7198     8.1604    266.066    248.997     2.8559     2.5556     0.1136     1.8138     3.2051     0.0061     0.0000 -120.02070   34.27628      92.50         23  0.000e+00
     114419   4767.417      3.487      3.512    18.0921    18.0913  44.342256  44.341386    18.0915    18.0907    33.5967    33.5966    24.1752    24.1753     8.7198     8.1604    266.066    248.996     2.8559     2.5556     0.1062     1.6307     3.2051     0.0061     0.0000 -120.02070   34.27628     100.00         23  0.000e+00
     114420   4767.458      3.487      3.512    18.0919    18.0913  44.343155  44.341386    18.0913    18.0907    33.5976    33.5966    24.1759    24.1753     8.7153     8.1604    265.928    248.996     2.8547     2.5556     0.1050     1.6002     3.2051     0.0061     0.0000 -120.02070   34.27628     100.00         23  0.000e+00
     114421   4767.500      3.487      3.512    18.0921    18.0914  44.343362  44.341662    18.0915    18.0908    33.5976    33.5968    24.1759    24.1754     8.7198     8.1604    266.064    248.996     2.8559     2.5556     0.1050     1.6002     3.2051     0.0061     0.0000 -120.02070   34.27628     100.00         23  0.000e+00
     114422   4767.542      3.487      3.512    18.0933    18.0910  44.344192  44.341455    18.0927    18.0904    33.5974    33.5969    24.1754    24.1756     8.7196     8.1604    266.059    248.998     2.8559     2.5556     0.1050     1.6002     3.2051     0.0061     0.0000 -120.02070   34.27628      99.83         23  0.000e+00
     114423   4767.583      3.487      3.512    18.0940    18.0911  44.344883  44.341386    18.0934    18.0905    33.5974    33.5967    24.1752    24.1754     8.7105     8.1604    265.781    248.997     2.8535     2.5556     0.1050     1.6002     3.2039     0.0061     0.0000 -120.02070   34.27628      62.52         23  0.000e+00
     114424   4767.625      3.440      3.465    18.0951    18.0912  44.344606  44.341662    18.0945    18.0906    33.5962    33.5969    24.1740    24.1755     8.7193     8.1603    266.050    248.995     2.8559     2.5556     0.1050     1.6002     3.2039     0.0061     0.0000 -120.02070   34.27628      10.43         23  0.000e+00
     114425   4767.667      3.487      3.512    18.0955    18.0913  44.344883  44.341801    18.0949    18.0907    33.5961    33.5970    24.1739    24.1755     8.7148     8.1604    265.913    248.996     2.8547     2.5556     0.1050     1.6002     3.2039     0.0061     0.0000 -120.02070   34.27628       0.00         23  0.000e+00
     114426   4767.708      3.440      3.465    18.0958    18.0915  44.344330  44.342008    18.0952    18.0909    33.5954    33.5970    24.1733    24.1755     8.7102     8.1603    265.774    248.994     2.8535     2.5556     0.1050     1.6002     3.2063     0.0061     0.0000 -120.02070   34.27628       0.49         23  0.000e+00
     114427   4767.750      3.487      3.512    18.0956    18.0914  44.344122  44.342146    18.0951    18.0908    33.5954    33.5972    24.1733    24.1757     8.7103     8.1604    265.776    248.995     2.8535     2.5556     0.1050     1.6002     3.2039     0.0061     0.0000 -120.02070   34.27628       2.59         23  0.000e+00
     114428   4767.792      3.440      3.465    18.0954    18.0917  44.344191  44.342353    18.0948    18.0911    33.5957    33.5971    24.1736    24.1756     8.7193     8.1651    266.050    249.140     2.8559     2.5568     0.1050     1.6002     3.2051     0.0061     0.0000 -120.02070   34.27628       3.22         23  0.000e+00
     114433   4768.000      3.440      3.465    18.0939    18.0913  44.343707  44.341386    18.0933    18.0907    33.5964    33.5966    24.1745    24.1753     8.7195     8.1652    266.056    249.143     2.8559     2.5568     0.1050     1.6002     3.2063     0.0061     0.0000 -120.02070   34.27628     100.00         24  0.000e+00
     114434   4768.042      3.487      3.512    18.0940    18.0911  44.343431  44.341386    18.0934    18.0905    33.5961    33.5967    24.1743    24.1754     8.7150     8.1653    265.920    249.145     2.8547     2.5568     0.1050     1.6002     3.2051     0.0061     0.0000 -120.02070   34.27628      99.83         24  0.000e+00
     114435   4768.083      3.440      3.465    18.0941    18.0912  44.343569  44.341662    18.0935    18.0906    33.5962    33.5969    24.1743    24.1755     8.7105     8.1652    265.781    249.143     2.8535     2.5568     0.1050     1.6002     3.2039     0.0061     0.0000 -120.02070   34.27628      58.78         24  0.000e+00
     114436   4768.125      3.487      3.512    18.0938    18.0910  44.343500  44.341179    18.0932    18.0904    33.5963    33.5967    24.1744    24.1754     8.7151     8.1653    265.921    249.146     2.8547     2.5568     0.1050     1.6002     3.2039     0.0061     0.0000 -120.02070   34.27628       8.25         24  0.000e+00
     114437   4768.167      3.440      3.465    18.0937    18.0908  44.343362  44.341247    18.0932    18.0902    33.5963    33.5969    24.1744    24.1756     8.7240     8.1653    266.194    249.145     2.8571     2.5568     0.1050     1.6002     3.2051     0.0073     0.0000 -120.02070   34.27628       0.00         24  0.000e+00
     114438   4768.208      3.440      3.465    18.0943    18.0911  44.343569  44.340764    18.0937    18.0905    33.5960    33.5963    24.1741    24.1751     8.7104     8.1701    265.780    249.293     2.8535     2.5580     0.1050     1.6002     3.2039     0.0061     0.0000 -120.02070   34.27628       0.00         24  0.000e+00
     114439   4768.250      3.440      3.465    18.0961    18.0910  44.343776  44.341178    18.0955    18.0904    33.5947    33.5967    24.1726    24.1754     8.7147     8.1701    265.911    249.293     2.8547     2.5580     0.1050     1.6002     3.2039     0.0073     0.0000 -120.02070   34.27628       1.66         24  0.000e+00
     114440   4768.292      3.440      3.465    18.0967    18.0910  44.345436  44.341386    18.0962    18.0904    33.5956    33.5969    24.1732    24.1756     8.7191     8.1701    266.043    249.293     2.8559     2.5580     0.1050     1.6002     3.2051     0.0061     0.0000 -120.02070   34.27628       2.37         24  0.000e+00
     114441   4768.333      3.440      3.465    18.0972    18.0909  44.345505  44.341109    18.0966    18.0903    33.5953    33.5967    24.1728    24.1755     8.7145     8.1701    265.904    249.293     2.8547     2.5580     0.1050     1.6002     3.2039     0.0073     0.0000 -120.02070   34.27628      39.27         24  0.000e+00
     114442   4768.375      3.487      3.512    18.0975    18.0908  44.345782  44.341248    18.0969    18.0902    33.5952    33.5969    24.1727    24.1756     8.7190     8.1702    266.041    249.295     2.8559     2.5580     0.1050     1.6002     3.2051     0.0073     0.0000 -120.02070   34.27628      92.09         24  0.000e+00
     114443   4768.417      3.440      3.465    18.0974    18.0908  44.346266  44.341109    18.0968    18.0902    33.5957    33.5968    24.1731    24.1755     8.7189     8.1701    266.039    249.293     2.8559     2.5580     0.1050     1.6002     3.2051     0.0073     0.0000 -120.02070   34.27628     100.00         24  0.000e+00
     114444   4768.458      3.440      3.465    18.0977    18.0907  44.346196  44.341040    18.0971    18.0901    33.5955    33.5968    24.1728    24.1756     8.7189     8.1702    266.039    249.294     2.8559     2.5580     0.1050     1.6002     3.2063     0.0073     0.0000 -120.02070   34.27628     100.00         24  0.000e+00
     114445   4768.500      3.487      3.512    18.0973    18.0910  44.346542  44.341248    18.0967    18.0904    33.5961    33.5968    24.1734    24.1755     8.7235     8.1750    266.178    249.442     2.8571     2.5592     0.1050     1.6002     3.2051     0.0073     0.0000 -120.02070   34.27628     100.00         24  0.000e+00
     114446   4768.542      3.407      3.432    18.0975    18.0910  44.346749  44.341247    18.0969    18.0904    33.5961    33.5968    24.1733    24.1755     8.7234     8.1749    266.174    249.440     2.8571     2.5592     0.1050     1.6002     3.2051     0.0073     0.0000 -120.02070   34.27628      99.83         24  0.000e+00
     114447   4768.583      3.487      3.512    18.0986    18.0911  44.347649  44.341317    18.0981    18.0905    33.5959    33.5967    24.1729    24.1754     8.7233     8.1750    266.172    249.442     2.8571     2.5592     0.1050     1.6002     3.2051     0.0073     0.0000 -120.02070   34.27628      99.83         24  0.000e+00
     114448   4768.625      3.440      3.465    18.0989    18.0913  44.348202  44.341662    18.0983    18.0907    33.5962    33.5969    24.1731    24.1755     8.7232     8.1749    266.168    249.439     2.8571     2.5592     0.1050     1.6002     3.2051     0.0073     0.0000 -120.02070   34.27628      99.85         24  0.000e+00
     114449   4768.667      3.440      3.465    18.0993    18.0913  44.348063  44.341800    18.0987    18.0907    33.5957    33.5970    24.1726    24.1756     8.7231     8.1749    266.167    249.439     2.8571     2.5592     0.1050     1.6002     3.2051     0.0073     0.0000 -120.02070   34.27628      99.85         24  0.000e+00
     114450   4768.708      3.440      3.465    18.0980    18.0915  44.347026  44.341800    18.0975    18.0910    33.5959    33.5968    24.1731    24.1753     8.7278     8.1749    266.310    249.438     2.8584     2.5592     0.1050     1.6002     3.2051     0.0073     0.0000 -120.02070   34.27628      99.85         24  0.000e+00
     114451   4768.750      3.440      3.465    18.0972    18.0918  44.346127  44.342008    18.0966    18.0912    33.5958    33.5967    24.1732    24.1752     8.7280     8.1748    266.315    249.437     2.8584     2.5592     0.1050     1.6002     3.2051     0.0073     0.0000 -120.02070   34.27628      99.85         24  0.000e+00
     114452   4768.792      3.440      3.465    18.0980    18.0918  44.347234  44.342146    18.0974    18.0912    33.5961    33.5968    24.1733    24.1753     8.7278     8.1748    266.310    249.437     2.8584     2.5592     0.1050     1.6002     3.2039     0.0073     0.0000 -120.02070   34.27628      99.85         24  0.000e+00
     114453   4768.833      3.440      3.465    18.0991    18.0919  44.347787  44.342146    18.0985    18.0913    33.5957    33.5968    24.1727    24.1752     8.7276     8.1748    266.306    249.436     2.8584     2.5592     0.1050     1.6002     3.2051     0.0073     0.0000 -120.02070   34.27628      64.98         24  0.000e+00
     114454   4768.875      3.440      3.465    18.0997    18.0917  44.348409  44.341524    18.0991    18.0911    33.5957    33.5964    24.1725    24.1751     8.7275     8.1749    266.302    249.438     2.8584     2.5592     0.1050     1.6002     3.2039     0.0073     0.0000 -120.02070   34.27628      16.26         24  0.000e+00
     114455   4768.917      3.394      3.418    18.1004    18.0915  44.348685  44.341385    18.0999    18.0910    33.5953    33.5964    24.1721    24.1751     8.7274     8.1748    266.298    249.437     2.8584     2.5592     0.1050     1.6002     3.2039     0.0073     0.0000 -120.02070   34.27628       4.49         24  0.000e+00
     114456   4768.958      3.440      3.465    18.1005    18.0913  44.349170  44.341109    18.0999    18.0907    33.5957    33.5964    24.1723    24.1751     8.7229     8.1749    266.161    249.440     2.8571     2.5592     0.1050     1.6002     3.2051     0.0073     0.0000 -120.02070   34.27628       6.91         24  0.000e+00
     114457   4769.000      3.394      3.418    18.0999    18.0913  44.348893  44.341040    18.0993    18.0907    33.5959    33.5963    24.1727    24.1751     8.7274     8.1749    266.299    249.439     2.8584     2.5592     0.1050     1.6002     3.2039     0.0073     0.0000 -120.02070   34.27628       9.16         24  0.000e+00
     114458   4769.042      3.394      3.418    18.0997    18.0912  44.347786  44.340694    18.0991    18.0906    33.5952    33.5961    24.1721    24.1749     8.7230     8.1749    266.165    249.439     2.8571     2.5592     0.1050     1.6002     3.2051     0.0073     0.0000 -120.02070   34.27628       9.57         24  0.000e+00
     114459   4769.083      3.394      3.418    18.0994    18.0910  44.347717  44.341455    18.0988    18.0904    33.5953    33.5970    24.1723    24.1756     8.7231     8.1749    266.166    249.439     2.8571     2.5592     0.1050     1.6002     3.2039     0.0073     0.0000 -120.02070   34.27628      42.74         24  0.000e+00
     114460   4769.125      3.407      3.432    18.0994    18.0911  44.348271  44.341178    18.0988    18.0906    33.5958    33.5966    24.1727    24.1753     8.7231     8.1798    266.165    249.588     2.8571     2.5604     0.1050     1.6002     3.2039     0.0073     0.0000 -120.02070   34.27628      92.21         24  0.000e+00
     114461   4769.167      3.394      3.418    18.0997    18.0909  44.348824  44.341178    18.0991    18.0903    33.5961    33.5968    24.1728    24.1755     8.7230     8.1749    266.163    249.440     2.8571     2.5592     0.1050     1.6002     3.2063     0.0073     0.0000 -120.02070   34.27628     100.00         24  0.000e+00
     114462   4769.208      3.341      3.365    18.1001    18.0911  44.348823  44.341316    18.0995    18.0906    33.5957    33.5967    24.1724    24.1754     8.7184     8.1797    266.023    249.585     2.8559     2.5604     0.1050     1.6002     3.2063     0.0073     0.0000 -120.02070   34.27628     100.00         24  0.000e+00
     114463   4769.250      3.394      3.418    18.1000    18.0910  44.348616  44.341385    18.0994    18.0904    33.5956    33.5969    24.1724    24.1756     8.7229     8.1749    266.162    249.439     2.8571     2.5592     0.1050     1.6002     3.2051     0.0073     0.0000 -120.02070   34.27628     100.00         24  0.000e+00
     114464   4769.292      3.341      3.365    18.0997    18.0909  44.348616  44.341385    18.0992    18.0903    33.5959    33.5970    24.1726    24.1757     8.7139     8.1797    265.887    249.586     2.8547     2.5604     0.1050     1.6002     3.2051     0.0073     0.0000 -120.02070   34.27628      99.83         24  0.000e+00
     114465   4769.333      3.341      3.365    18.0993    18.0910  44.348409  44.341385    18.0988    18.0904    33.5960    33.5969    24.1728    24.1756     8.7230     8.1797    266.163    249.586     2.8571     2.5604     0.1050     1.6002     3.2051     0.0073     0.0000 -120.02070   34.27628      99.83         24  0.000e+00
