WCOA/WCOA-6/CTD_Data/RB2102_CTD_003_01.ros
* Sea-Bird SBE 9 Data File:
* FileName = C:\Users\scs.user.rb\CTD\RB2102\Data\RB2102_CTD_003_01.hex
* Software Version Seasave V 7.26.7.107
* Temperature SN = 6202
* Conductivity SN = 4907
* Number of Bytes Per Scan = 41
* Number of Voltage Words = 4
* Number of Scans Averaged by the Deck Unit = 1
* NMEA Latitude = 51 49.79 N
* NMEA Longitude = 130 22.48 W
* NMEA UTC (Time) = Jun 25 2021  16:51:02
* NMEA baud rate = 4800
# nquan = 30
# nvalues = 784                                   
# units = specified
# name 0 = scan: Scan Count
# name 1 = timeS: Time, Elapsed [seconds]
# name 2 = depSM: Depth [salt water, m]
# name 3 = prDM: Pressure, Digiquartz [db]
# name 4 = t090C: Temperature [ITS-90, deg C]
# name 5 = t190C: Temperature, 2 [ITS-90, deg C]
# name 6 = c0mS/cm: Conductivity [mS/cm]
# name 7 = c1mS/cm: Conductivity, 2 [mS/cm]
# name 8 = potemp090C: Potential Temperature [ITS-90, deg C]
# name 9 = potemp190C: Potential Temperature, 2 [ITS-90, deg C]
# name 10 = sal00: Salinity, Practical [PSU]
# name 11 = sal11: Salinity, Practical, 2 [PSU]
# name 12 = sigma-é00: Density [sigma-theta, kg/m^3]
# name 13 = sigma-é11: Density, 2 [sigma-theta, kg/m^3]
# name 14 = sbeox0Mg/L: Oxygen, SBE 43 [mg/l]
# name 15 = sbeox1Mg/L: Oxygen, SBE 43, 2 [mg/l]
# name 16 = sbox0Mm/Kg: Oxygen, SBE 43 [umol/kg]
# name 17 = sbox1Mm/Kg: Oxygen, SBE 43, 2 [umol/kg]
# name 18 = sbeox0V: Oxygen raw, SBE 43 [V]
# name 19 = sbeox1V: Oxygen raw, SBE 43, 2 [V]
# name 20 = v4: Voltage 4
# name 21 = flECO-AFL: Fluorescence, WET Labs ECO-AFL/FL [mg/m^3]
# name 22 = v3: Voltage 3
# name 23 = v6: Voltage 6
# name 24 = v7: Voltage 7
# name 25 = longitude: Longitude [deg]
# name 26 = latitude: Latitude [deg]
# name 27 = altM: Altimeter [m]
# name 28 = nbf: Bottles Fired
# name 29 = flag:  0.000e+00
# interval = seconds: 0.0416667
# start_time = Jun 25 2021 16:51:02 [NMEA time, header]
# bad_flag = -9.990e-29
*END*
[from data line 774]
      67081   2795.000      4.039      4.075    13.4721    13.3765  37.790431  37.712245    13.4715    13.3759    31.5934    31.5998    23.6625    23.6864     9.8510     9.3633    300.733    285.838     2.8962     2.6093     0.0659     0.6234     3.2393     0.8449     1.7057 -130.37110   51.83002      64.79         16  0.000e+00
      67082   2795.042      4.039      4.075    13.4726    13.3767  37.791144  37.712828    13.4721    13.3761    31.5937    31.6002    23.6626    23.6867     9.8509     9.3578    300.729    285.670     2.8962     2.6081     0.0672     0.6539     3.2393     0.8449     1.7045 -130.37110   51.83002      64.79         16  0.000e+00
      67083   2795.083      4.086      4.122    13.4727    13.3773  37.791728  37.713540    13.4722    13.3768    31.5941    31.6003    23.6629    23.6866     9.8509     9.3578    300.730    285.667     2.8962     2.6081     0.0659     0.6234     3.2405     0.8449     1.7045 -130.37110   51.83002      64.81         16  0.000e+00
      67084   2795.125      4.086      4.122    13.4721    13.3775  37.791079  37.713475    13.4715    13.3769    31.5940    31.6001    23.6629    23.6865     9.8511     9.3577    300.734    285.667     2.8962     2.6081     0.0659     0.6234     3.2393     0.8449     1.7045 -130.37110   51.83002      64.79         16  0.000e+00
      67085   2795.167      4.039      4.075    13.4705    13.3782  37.789848  37.714381    13.4699    13.3776    31.5943    31.6004    23.6635    23.6865     9.8513     9.3575    300.742    285.660     2.8962     2.6081     0.0659     0.6234     3.2393     0.8449     1.7045 -130.37110   51.83002      64.79         16  0.000e+00
      67086   2795.208      4.086      4.122    13.4691    13.3832  37.789006  37.720206    13.4685    13.3827    31.5946    31.6017    23.6640    23.6865     9.8517     9.3565    300.751    285.628     2.8962     2.6081     0.0647     0.5928     3.2418     0.8449     1.7045 -130.37110   51.83002      64.84         16  0.000e+00
      67087   2795.250      4.086      4.122    13.4678    13.3896  37.788811  37.725966    13.4672    13.3890    31.5955    31.6017    23.6650    23.6853     9.8519     9.3551    300.758    285.588     2.8962     2.6081     0.0659     0.6234     3.2405     0.8449     1.7045 -130.37110   51.83002      64.81         16  0.000e+00
      67088   2795.292      4.086      4.122    13.4656    13.3939  37.786089  37.728814    13.4650    13.3934    31.5948    31.6008    23.6648    23.6837     9.8574     9.3543    300.926    285.563     2.8974     2.6081     0.0659     0.6234     3.2418     0.8449     1.7045 -130.37110   51.83002      64.84         16  0.000e+00
      67089   2795.333      4.086      4.122    13.4586    13.3966  37.778701  37.730497    13.4580    13.3961    31.5937    31.6001    23.6654    23.6827     9.8589     9.3538    300.972    285.547     2.8974     2.6081     0.0659     0.6234     3.2418     0.8449     1.7045 -130.37110   51.83002      64.84         16  0.000e+00
      67090   2795.375      4.086      4.122    13.4529    13.3984  37.772999  37.731921    13.4524    13.3978    31.5931    31.6000    23.6660    23.6822     9.8601     9.3534    301.009    285.536     2.8974     2.6081     0.0647     0.5928     3.2418     0.8449     1.7057 -130.37110   51.83002      64.84         16  0.000e+00
