WCOA/WCOA-6/CTD_Data/RB2102_CTD_108_01.ros
* Sea-Bird SBE 9 Data File:
* FileName = C:\Users\scs.user.rb\CTD\RB2102\Data\RB2102_CTD_108_01.hex
* Software Version Seasave V 7.26.7.107
* Temperature SN = 6202
* Conductivity SN = 4907
* Number of Bytes Per Scan = 41
* Number of Voltage Words = 4
* Number of Scans Averaged by the Deck Unit = 1
* NMEA Latitude = 34 38.57 N
* NMEA Longitude = 123 21.84 W
* NMEA UTC (Time) = Jul 16 2021  15:18:13
* NMEA baud rate = 4800
# nquan = 30
# nvalues = 1176                                  
# units = specified
# name 0 = scan: Scan Count
# name 1 = timeS: Time, Elapsed [seconds]
# name 2 = depSM: Depth [salt water, m]
# name 3 = prDM: Pressure, Digiquartz [db]
# name 4 = t090C: Temperature [ITS-90, deg C]
# name 5 = t190C: Temperature, 2 [ITS-90, deg C]
# name 6 = c0mS/cm: Conductivity [mS/cm]
# name 7 = c1mS/cm: Conductivity, 2 [mS/cm]
# name 8 = potemp090C: Potential Temperature [ITS-90, deg C]
# name 9 = potemp190C: Potential Temperature, 2 [ITS-90, deg C]
# name 10 = sal00: Salinity, Practical [PSU]
# name 11 = sal11: Salinity, Practical, 2 [PSU]
# name 12 = sigma-é00: Density [sigma-theta, kg/m^3]
# name 13 = sigma-é11: Density, 2 [sigma-theta, kg/m^3]
# name 14 = sbeox0Mg/L: Oxygen, SBE 43 [mg/l]
# name 15 = sbeox1Mg/L: Oxygen, SBE 43, 2 [mg/l]
# name 16 = sbox0Mm/Kg: Oxygen, SBE 43 [umol/kg]
# name 17 = sbox1Mm/Kg: Oxygen, SBE 43, 2 [umol/kg]
# name 18 = sbeox0V: Oxygen raw, SBE 43 [V]
# name 19 = sbeox1V: Oxygen raw, SBE 43, 2 [V]
# name 20 = v4: Voltage 4
# name 21 = flECO-AFL: Fluorescence, WET Labs ECO-AFL/FL [mg/m^3]
# name 22 = v3: Voltage 3
# name 23 = v6: Voltage 6
# name 24 = v7: Voltage 7
# name 25 = longitude: Longitude [deg]
# name 26 = latitude: Latitude [deg]
# name 27 = altM: Altimeter [m]
# name 28 = nbf: Bottles Fired
# name 29 = flag:  0.000e+00
# interval = seconds: 0.0416667
# start_time = Jul 16 2021 15:18:13 [NMEA time, header]
# bad_flag = -9.990e-29
*END*
[from data line 97]
     169281   7053.333   3447.158   3500.865     1.5585     1.5606  31.565002  31.566603     1.2909     1.2929    34.6696    34.6694    27.7600    27.7596     3.6736     3.7597    111.700    114.318     0.9206     0.9084     0.0391    -0.0482     3.2454     0.0830     0.0000 -123.36646   34.64262      99.93          2  0.000e+00
     185836   7743.125   2957.197   2999.818     1.6520     1.6540  31.453677  31.455489     1.4319     1.4340    34.6588    34.6588    27.7413    27.7411     3.3633     3.4369    102.268    104.504     0.9121     0.8999     0.0403    -0.0177     3.2442     0.0635     0.0012 -123.36664   34.64256      99.93          3  0.000e+00
     185837   7743.167   2957.086   2999.705     1.6518     1.6540  31.453979  31.455368     1.4318     1.4340    34.6594    34.6587    27.7417    27.7410     3.3633     3.4368    102.267    104.503     0.9121     0.8999     0.0403    -0.0177     3.2442     0.0623     0.0012 -123.36664   34.64256      99.93          3  0.000e+00
     185838   7743.208   2957.142   2999.761     1.6520     1.6539  31.453617  31.455248     1.4319     1.4338    34.6587    34.6587    27.7412    27.7411     3.3633     3.4369    102.267    104.504     0.9121     0.8999     0.0403    -0.0177     3.2430     0.0623     0.0012 -123.36664   34.64256      99.93          3  0.000e+00
     185839   7743.250   2957.086   2999.705     1.6520     1.6540  31.453496  31.455066     1.4319     1.4340    34.6586    34.6583    27.7411    27.7407     3.3633     3.4368    102.267    104.503     0.9121     0.8999     0.0403    -0.0177     3.2430     0.0623     0.0024 -123.36664   34.64256      99.93          3  0.000e+00
     185840   7743.292   2957.086   2999.705     1.6520     1.6540  31.453677  31.455428     1.4319     1.4340    34.6588    34.6588    27.7413    27.7411     3.3633     3.4368    102.267    104.503     0.9121     0.8999     0.0403    -0.0177     3.2430     0.0623     0.0012 -123.36664   34.64256      99.95          3  0.000e+00
     185841   7743.333   2956.976   2999.592     1.6518     1.6542  31.453797  31.454946     1.4318     1.4341    34.6592    34.6581    27.7416    27.7405     3.3729     3.4368    102.559    104.501     0.9133     0.8999     0.0403    -0.0177     3.2430     0.0623     0.0012 -123.36664   34.64256      99.93          3  0.000e+00
     185842   7743.375   2956.976   2999.592     1.6518     1.6540  31.453797  31.455126     1.4318     1.4340    34.6592    34.6584    27.7416    27.7408     3.3632     3.4262    102.265    104.179     0.9121     0.8987     0.0403    -0.0177     3.2442     0.0623     0.0012 -123.36664   34.64256      99.93          3  0.000e+00
     185843   7743.417   2956.976   2999.592     1.6520     1.6540  31.453375  31.455307     1.4319     1.4340    34.6585    34.6587    27.7410    27.7410     3.3632     3.4368    102.265    104.501     0.9121     0.8999     0.0403    -0.0177     3.2430     0.0623     0.0012 -123.36664   34.64256      99.93          3  0.000e+00
     185844   7743.458   2956.927   2999.543     1.6518     1.6540  31.453616  31.455488     1.4318     1.4340    34.6590    34.6589    27.7415    27.7412     3.3632     3.4367    102.265    104.500     0.9121     0.8999     0.0403    -0.0177     3.2430     0.0623     0.0012 -123.36664   34.64256      99.93          3  0.000e+00
     185845   7743.500   2956.872   2999.486     1.6520     1.6540  31.453797  31.455367     1.4320     1.4340    34.6591    34.6588    27.7415    27.7411     3.3632     3.4367    102.263    104.500     0.9121     0.8999     0.0403    -0.0177     3.2430     0.0623     0.0012 -123.36664   34.64256      99.95          3  0.000e+00
     185846   7743.542   2956.817   2999.430     1.6520     1.6540  31.453374  31.455066     1.4320     1.4340    34.6586    34.6584    27.7411    27.7408     3.3632     3.4367    102.263    104.499     0.9121     0.8999     0.0403    -0.0177     3.2430     0.0623     0.0012 -123.36664   34.64256      99.95          3  0.000e+00
     185847   7743.583   2956.872   2999.486     1.6518     1.6540  31.453435  31.455247     1.4318     1.4340    34.6588    34.6586    27.7413    27.7410     3.3632     3.4367    102.264    104.500     0.9121     0.8999     0.0403    -0.0177     3.2442     0.0623     0.0012 -123.36664   34.64256      99.93          3  0.000e+00
     185848   7743.625   2956.817   2999.430     1.6520     1.6537  31.453918  31.455066     1.4320     1.4337    34.6593    34.6588    27.7416    27.7411     3.3631     3.4367    102.263    104.500     0.9121     0.8999     0.0403    -0.0177     3.2430     0.0623     0.0012 -123.36664   34.64256      99.93          3  0.000e+00
     185849   7743.667   2956.761   2999.373     1.6518     1.6540  31.453616  31.455005     1.4318     1.4340    34.6591    34.6584    27.7415    27.7408     3.3631     3.4367    102.262    104.499     0.9121     0.8999     0.0403    -0.0177     3.2442     0.0623     0.0012 -123.36664   34.64256      99.93          3  0.000e+00
     185850   7743.708   2956.761   2999.373     1.6520     1.6540  31.453495  31.455186     1.4320     1.4340    34.6588    34.6586    27.7412    27.7410     3.3631     3.4367    102.262    104.498     0.9121     0.8999     0.0403    -0.0177     3.2430     0.0623     0.0024 -123.36664   34.64256      99.93          3  0.000e+00
     185851   7743.750   2956.713   2999.324     1.6516     1.6540  31.453314  31.455065     1.4317     1.4340    34.6589    34.6585    27.7414    27.7409     3.3631     3.4366    102.262    104.498     0.9121     0.8999     0.0403    -0.0177     3.2442     0.0623     0.0012 -123.36664   34.64256      99.93          3  0.000e+00
     185852   7743.792   2956.761   2999.373     1.6520     1.6540  31.453435  31.455186     1.4320     1.4340    34.6587    34.6586    27.7412    27.7410     3.3631     3.4367    102.262    104.498     0.9121     0.8999     0.0403    -0.0177     3.2430     0.0623     0.0024 -123.36666   34.64256      99.93          3  0.000e+00
     185853   7743.833   2956.658   2999.267     1.6521     1.6539  31.453495  31.455306     1.4321     1.4339    34.6586    34.6590    27.7411    27.7413     3.3727     3.4366    102.554    104.497     0.9133     0.8999     0.0403    -0.0177     3.2442     0.0623     0.0012 -123.36666   34.64256      99.93          3  0.000e+00
     185854   7743.875   2956.658   2999.267     1.6518     1.6540  31.453495  31.455065     1.4318     1.4340    34.6590    34.6585    27.7414    27.7409     3.3727     3.4366    102.555    104.497     0.9133     0.8999     0.0403    -0.0177     3.2442     0.0623     0.0024 -123.36666   34.64256      99.93          3  0.000e+00
     185855   7743.917   2956.658   2999.267     1.6518     1.6542  31.453676  31.455246     1.4318     1.4342    34.6592    34.6586    27.7416    27.7409     3.3631     3.4366    102.261    104.496     0.9121     0.8999     0.0403    -0.0177     3.2442     0.0623     0.0024 -123.36666   34.64256      99.93          3  0.000e+00
     185856   7743.958   2956.658   2999.267     1.6518     1.6539  31.453374  31.454824     1.4318     1.4339    34.6588    34.6584    27.7413    27.7408     3.3631     3.4366    102.261    104.498     0.9121     0.8999     0.0403    -0.0177     3.2430     0.0623     0.0024 -123.36666   34.64256      99.93          3  0.000e+00
     185857   7744.000   2956.603   2999.211     1.6516     1.6540  31.453434  31.454944     1.4317     1.4340    34.6591    34.6584    27.7415    27.7408     3.3631     3.4366    102.261    104.496     0.9121     0.8999     0.0403    -0.0177     3.2430     0.0623     0.0024 -123.36666   34.64256      99.93          3  0.000e+00
     185858   7744.042   2956.658   2999.267     1.6520     1.6540  31.453253  31.455186     1.4320     1.4340    34.6585    34.6587    27.7410    27.7410     3.3631     3.4366    102.261    104.497     0.9121     0.8999     0.0403    -0.0177     3.2430     0.0623     0.0024 -123.36666   34.64256      99.93          3  0.000e+00
     185859   7744.083   2956.603   2999.211     1.6516     1.6539  31.453374  31.455065     1.4317     1.4339    34.6590    34.6587    27.7415    27.7411     3.3631     3.4366    102.261    104.497     0.9121     0.8999     0.0403    -0.0177     3.2430     0.0623     0.0024 -123.36666   34.64256      99.95          3  0.000e+00
     185860   7744.125   2956.603   2999.211     1.6518     1.6540  31.453313  31.455186     1.4318     1.4340    34.6588    34.6587    27.7413    27.7410     3.3727     3.4366    102.554    104.496     0.9133     0.8999     0.0403    -0.0177     3.2430     0.0623     0.0024 -123.36666   34.64256      99.93          3  0.000e+00
     185861   7744.167   2956.603   2999.211     1.6516     1.6539  31.453253  31.455065     1.4317     1.4339    34.6589    34.6587    27.7414    27.7411     3.3727     3.4366    102.554    104.497     0.9133     0.8999     0.0403    -0.0177     3.2430     0.0623     0.0024 -123.36666   34.64256      99.93          3  0.000e+00
     185862   7744.208   2956.603   2999.211     1.6516     1.6540  31.453615  31.455005     1.4317     1.4340    34.6593    34.6585    27.7417    27.7409     3.3631     3.4366    102.261    104.496     0.9121     0.8999     0.0403    -0.0177     3.2430     0.0623     0.0024 -123.36666   34.64256      99.93          3  0.000e+00
     185863   7744.250   2956.547   2999.154     1.6518     1.6539  31.453555  31.455487     1.4318     1.4339    34.6591    34.6593    27.7415    27.7415     3.3630     3.4366    102.259    104.495     0.9121     0.8999     0.0403    -0.0177     3.2430     0.0623     0.0024 -123.36666   34.64256      99.93          3  0.000e+00
     185864   7744.292   2956.603   2999.211     1.6520     1.6539  31.453313  31.455125     1.4320     1.4339    34.6586    34.6588    27.7411    27.7411     3.3631     3.4260    102.260    104.174     0.9121     0.8987     0.0403    -0.0177     3.2442     0.0623     0.0024 -123.36666   34.64256      99.93          3  0.000e+00
     185865   7744.333   2956.547   2999.154     1.6518     1.6539  31.453253  31.455246     1.4318     1.4339    34.6587    34.6590    27.7412    27.7413     3.3630     3.4366    102.260    104.496     0.9121     0.8999     0.0403    -0.0177     3.2442     0.0623     0.0024 -123.36666   34.64256      99.93          3  0.000e+00
     185866   7744.375   2956.603   2999.211     1.6520     1.6539  31.453434  31.455065     1.4320     1.4339    34.6588    34.6587    27.7412    27.7411     3.3631     3.4366    102.260    104.497     0.9121     0.8999     0.0403    -0.0177     3.2442     0.0635     0.0024 -123.36666   34.64256      99.93          3  0.000e+00
     185867   7744.417   2956.603   2999.211     1.6518     1.6539  31.453313  31.455005     1.4318     1.4339    34.6588    34.6586    27.7413    27.7410     3.3631     3.4366    102.260    104.497     0.9121     0.8999     0.0403    -0.0177     3.2442     0.0623     0.0024 -123.36666   34.64256      99.93          3  0.000e+00
     185868   7744.458   2956.547   2999.154     1.6521     1.6540  31.453615  31.455185     1.4321     1.4340    34.6588    34.6587    27.7413    27.7411     3.3630     3.4260    102.259    104.173     0.9121     0.8987     0.0403    -0.0177     3.2442     0.0623     0.0024 -123.36666   34.64256      99.93          3  0.000e+00
     185869   7744.500   2956.603   2999.211     1.6518     1.6539  31.453555  31.455306     1.4318     1.4339    34.6591    34.6590    27.7415    27.7413     3.3727     3.4260    102.554    104.174     0.9133     0.8987     0.0403    -0.0177     3.2430     0.0623     0.0024 -123.36666   34.64256      99.93          3  0.000e+00
     185870   7744.542   2956.603   2999.211     1.6520     1.6537  31.453494  31.455246     1.4320     1.4337    34.6588    34.6591    27.7413    27.7414     3.3727     3.4260    102.554    104.175     0.9133     0.8987     0.0403    -0.0177     3.2442     0.0623     0.0024 -123.36666   34.64256      99.93          3  0.000e+00
     185871   7744.583   2956.603   2999.211     1.6520     1.6540  31.453494  31.455065     1.4320     1.4340    34.6588    34.6586    27.7413    27.7410     3.3727     3.4366    102.554    104.496     0.9133     0.8999     0.0403    -0.0177     3.2442     0.0635     0.0024 -123.36666   34.64256      99.93          3  0.000e+00
     185872   7744.625   2956.658   2999.267     1.6518     1.6539  31.453495  31.455005     1.4318     1.4339    34.6590    34.6586    27.7414    27.7410     3.3727     3.4366    102.555    104.497     0.9133     0.8999     0.0403    -0.0177     3.2430     0.0635     0.0024 -123.36666   34.64256      99.95          3  0.000e+00
     185873   7744.667   2956.603   2999.211     1.6520     1.6539  31.453494  31.455246     1.4320     1.4339    34.6588    34.6589    27.7413    27.7412     3.3631     3.4366    102.260    104.496     0.9121     0.8999     0.0403    -0.0177     3.2442     0.0623     0.0024 -123.36666   34.64256      99.93          3  0.000e+00
     185874   7744.708   2956.658   2999.267     1.6521     1.6539  31.453495  31.455065     1.4321     1.4339    34.6586    34.6587    27.7411    27.7411     3.3631     3.4366    102.260    104.497     0.9121     0.8999     0.0403    -0.0177     3.2442     0.0623     0.0012 -123.36666   34.64256      99.93          3  0.000e+00
     185875   7744.750   2956.658   2999.268     1.6520     1.6542  31.453495  31.455246     1.4320     1.4342    34.6588    34.6586    27.7413    27.7409     3.3631     3.4366    102.261    104.496     0.9121     0.8999     0.0403    -0.0177     3.2442     0.0635     0.0024 -123.36666   34.64256      99.93          3  0.000e+00
     185876   7744.792   2956.658   2999.268     1.6520     1.6539  31.453676  31.455246     1.4320     1.4339    34.6590    34.6589    27.7415    27.7412     3.3631     3.4366    102.261    104.497     0.9121     0.8999     0.0403    -0.0177     3.2430     0.0635     0.0024 -123.36664   34.64256      99.93          3  0.000e+00
     185877   7744.833   2956.713   2999.324     1.6520     1.6540  31.453797  31.454884     1.4320     1.4340    34.6592    34.6583    27.7416    27.7407     3.3631     3.4367    102.261    104.498     0.9121     0.8999     0.0403    -0.0177     3.2430     0.0635     0.0024 -123.36664   34.64256      99.95          3  0.000e+00
     185878   7744.875   2956.658   2999.268     1.6519     1.6539  31.453796  31.454945     1.4319     1.4339    34.6592    34.6585    27.7416    27.7409     3.3631     3.4366    102.261    104.498     0.9121     0.8999     0.0403    -0.0177     3.2430     0.0623     0.0024 -123.36664   34.64256      99.93          3  0.000e+00
     185879   7744.917   2956.713   2999.324     1.6516     1.6540  31.453555  31.455186     1.4317     1.4340    34.6592    34.6586    27.7416    27.7410     3.3728     3.4366    102.556    104.498     0.9133     0.8999     0.0403    -0.0177     3.2430     0.0635     0.0024 -123.36664   34.64256      99.93          3  0.000e+00
     185880   7744.958   2956.817   2999.430     1.6518     1.6540  31.453495  31.455066     1.4318     1.4340    34.6589    34.6584    27.7414    27.7408     3.3728     3.4367    102.557    104.499     0.9133     0.8999     0.0403    -0.0177     3.2442     0.0623     0.0024 -123.36664   34.64256      99.93          3  0.000e+00
     185881   7745.000   2956.762   2999.374     1.6518     1.6539  31.453676  31.455427     1.4318     1.4338    34.6591    34.6591    27.7416    27.7414     3.3728     3.4367    102.556    104.499     0.9133     0.8999     0.0391    -0.0482     3.2430     0.0611     0.0024 -123.36664   34.64256      99.93          3  0.000e+00
     185882   7745.042   2956.817   2999.430     1.6518     1.6539  31.453797  31.455367     1.4318     1.4338    34.6593    34.6590    27.7417    27.7413     3.3632     3.4367    102.263    104.499     0.9121     0.8999     0.0403    -0.0177     3.2430     0.0611     0.0024 -123.36664   34.64256      99.93          3  0.000e+00
