WCOA/WCOA-6/CTD_Data/RB2102_CTD_077_01.ros
* Sea-Bird SBE 9 Data File:
* FileName = C:\Users\scs.user.rb\CTD\RB2102\Data\RB2102_CTD_077_01.hex
* Software Version Seasave V 7.26.7.107
* Temperature SN = 6202
* Conductivity SN = 4907
* Number of Bytes Per Scan = 41
* Number of Voltage Words = 4
* Number of Scans Averaged by the Deck Unit = 1
* NMEA Latitude = 38 51.17 N
* NMEA Longitude = 123 54.36 W
* NMEA UTC (Time) = Jul 10 2021  02:11:27
* NMEA baud rate = 4800
# nquan = 30
# nvalues = 927                                   
# units = specified
# name 0 = scan: Scan Count
# name 1 = timeS: Time, Elapsed [seconds]
# name 2 = depSM: Depth [salt water, m]
# name 3 = prDM: Pressure, Digiquartz [db]
# name 4 = t090C: Temperature [ITS-90, deg C]
# name 5 = t190C: Temperature, 2 [ITS-90, deg C]
# name 6 = c0mS/cm: Conductivity [mS/cm]
# name 7 = c1mS/cm: Conductivity, 2 [mS/cm]
# name 8 = potemp090C: Potential Temperature [ITS-90, deg C]
# name 9 = potemp190C: Potential Temperature, 2 [ITS-90, deg C]
# name 10 = sal00: Salinity, Practical [PSU]
# name 11 = sal11: Salinity, Practical, 2 [PSU]
# name 12 = sigma-é00: Density [sigma-theta, kg/m^3]
# name 13 = sigma-é11: Density, 2 [sigma-theta, kg/m^3]
# name 14 = sbeox0Mg/L: Oxygen, SBE 43 [mg/l]
# name 15 = sbeox1Mg/L: Oxygen, SBE 43, 2 [mg/l]
# name 16 = sbox0Mm/Kg: Oxygen, SBE 43 [umol/kg]
# name 17 = sbox1Mm/Kg: Oxygen, SBE 43, 2 [umol/kg]
# name 18 = sbeox0V: Oxygen raw, SBE 43 [V]
# name 19 = sbeox1V: Oxygen raw, SBE 43, 2 [V]
# name 20 = v4: Voltage 4
# name 21 = flECO-AFL: Fluorescence, WET Labs ECO-AFL/FL [mg/m^3]
# name 22 = v3: Voltage 3
# name 23 = v6: Voltage 6
# name 24 = v7: Voltage 7
# name 25 = longitude: Longitude [deg]
# name 26 = latitude: Latitude [deg]
# name 27 = altM: Altimeter [m]
# name 28 = nbf: Bottles Fired
# name 29 = flag:  0.000e+00
# interval = seconds: 0.0416667
# start_time = Jul 10 2021 02:11:27 [NMEA time, header]
# bad_flag = -9.990e-29
*END*
[from data line 581]
      46093   1920.500     40.195     40.505     9.2922     9.2970  36.090140  36.100239     9.2879     9.2926    33.5981    33.6041    25.9745    25.9785     5.6944     5.8965    173.447    179.602     1.7668     1.7204     0.0440     0.0739     3.2295     0.0073     0.0000 -123.90680   38.85270      67.89         12  0.000e+00
      46094   1920.542     40.241     40.551     9.2933     9.2974  36.091731  36.101003     9.2889     9.2931    33.5987    33.6044    25.9749    25.9786     5.6997     5.8965    173.608    179.601     1.7680     1.7204     0.0440     0.0739     3.2283     0.0073     0.0000 -123.90680   38.85270      62.69         12  0.000e+00
      46095   1920.583     40.241     40.551     9.2947     9.2978  36.094913  36.102148     9.2903     9.2934    33.6007    33.6053    25.9762    25.9793     5.6994     5.8964    173.600    179.599     1.7680     1.7204     0.0440     0.0739     3.2283     0.0085     0.0000 -123.90680   38.85270      63.54         12  0.000e+00
      46096   1920.625     40.241     40.551     9.2965     9.2999  36.096759  36.104374     9.2921     9.2955    33.6009    33.6056    25.9761    25.9791     5.6992     5.8961    173.593    179.589     1.7680     1.7204     0.0427     0.0434     3.2271     0.0085     0.0000 -123.90680   38.85270      64.47         12  0.000e+00
      46097   1920.667     40.294     40.605     9.2972     9.3031  36.096313  36.107682     9.2928     9.2987    33.5998    33.6060    25.9751    25.9790     5.6992     5.8897    173.592    179.396     1.7680     1.7192     0.0427     0.0434     3.2283     0.0085     0.0000 -123.90680   38.85270      74.07         12  0.000e+00
      46098   1920.708     40.340     40.652     9.2976     9.3044  36.096186  36.109972     9.2932     9.3000    33.5992    33.6071    25.9745    25.9797     5.6992     5.8954    173.592    179.570     1.7680     1.7204     0.0427     0.0434     3.2295     0.0098     0.0000 -123.90680   38.85270      95.14         12  0.000e+00
      46099   1920.750     40.241     40.551     9.2977     9.3065  36.096822  36.112580     9.2933     9.3021    33.5999    33.6079    25.9750    25.9799     5.6991     5.8891    173.589    179.377     1.7680     1.7192     0.0427     0.0434     3.2308     0.0098     0.0000 -123.90680   38.85270     100.00         12  0.000e+00
      48885   2036.833     30.226     30.458     9.4951     9.4686  36.133691  36.117679     9.4918     9.4653    33.4575    33.4657    25.8316    25.8423     6.0601     6.2234    184.613    189.585     1.8559     1.7937     0.0452     0.1044     3.2283     0.0098     0.0000 -123.90684   38.85266      99.34         13  0.000e+00
      48886   2036.875     30.133     30.365     9.4959     9.4667  36.135919  36.117425     9.4926     9.4634    33.4591    33.4673    25.8327    25.8439     6.0545     6.2235    184.440    189.589     1.8547     1.7937     0.0452     0.1044     3.2271     0.0098     0.0000 -123.90684   38.85266      99.34         13  0.000e+00
      48887   2036.917     30.226     30.458     9.4975     9.4645  36.138594  36.117425     9.4942     9.4612    33.4603    33.4693    25.8334    25.8458     6.0489     6.2239    184.269    189.598     1.8535     1.7937     0.0452     0.1044     3.2271     0.0110     0.0000 -123.90684   38.85266      99.34         13  0.000e+00
      48888   2036.958     30.233     30.465     9.5006     9.4650  36.140823  36.116916     9.4973     9.4617    33.4597    33.4683    25.8324    25.8449     6.0485     6.2179    184.257    189.418     1.8535     1.7924     0.0452     0.1044     3.2271     0.0098     0.0000 -123.90684   38.85266      99.34         13  0.000e+00
      48889   2037.000     30.180     30.412     9.5046     9.4628  36.142032  36.116153     9.5012     9.4595    33.4573    33.4696    25.8299    25.8463     6.0480     6.2182    184.243    189.425     1.8535     1.7924     0.0452     0.1044     3.2283     0.0098     0.0000 -123.90684   38.85266      99.34         13  0.000e+00
      48890   2037.042     30.180     30.412     9.5086     9.4584  36.142987  36.114627     9.5053     9.4551    33.4545    33.4721    25.8270    25.8490     6.0421     6.2187    184.065    189.441     1.8523     1.7924     0.0452     0.1044     3.2283     0.0098     0.0000 -123.90684   38.85266      99.34         13  0.000e+00
      48891   2037.083     30.233     30.465     9.5109     9.4567  36.143687  36.113482     9.5076     9.4533    33.4530    33.4726    25.8255    25.8496     6.0419     6.2190    184.058    189.450     1.8523     1.7924     0.0452     0.1044     3.2271     0.0098     0.0000 -123.90684   38.85266      99.34         13  0.000e+00
      48892   2037.125     30.180     30.412     9.5127     9.4565  36.144833  36.113036     9.5094     9.4532    33.4525    33.4723    25.8248    25.8495     6.0416     6.2131    184.050    189.270     1.8523     1.7912     0.0452     0.1044     3.2283     0.0098     0.0000 -123.90684   38.85266      99.34         13  0.000e+00
      48893   2037.167     30.180     30.412     9.5148     9.4560  36.146107  36.112782     9.5115     9.4527    33.4519    33.4725    25.8240    25.8497     6.0413     6.2132    184.042    189.272     1.8523     1.7912     0.0452     0.1044     3.2283     0.0098     0.0000 -123.90684   38.85266      99.34         13  0.000e+00
      48894   2037.208     30.180     30.412     9.5155     9.4555  36.143750  36.112655     9.5121     9.4522    33.4489    33.4728    25.8215    25.8500     6.0360     6.2132    183.879    189.274     1.8510     1.7912     0.0440     0.0739     3.2271     0.0098     0.0000 -123.90684   38.85266      99.34         13  0.000e+00
      48895   2037.250     30.233     30.465     9.5081     9.4561  36.137574  36.114309     9.5048     9.4528    33.4493    33.4739    25.8231    25.8508     6.0370     6.2132    183.910    189.271     1.8510     1.7912     0.0440     0.0739     3.2259     0.0098     0.0000 -123.90684   38.85266      99.34         13  0.000e+00
      48896   2037.292     30.133     30.365     9.4892     9.4573  36.132482  36.116026     9.4859     9.4540    33.4618    33.4746    25.8359    25.8511     6.0337     6.2129    183.806    189.262     1.8498     1.7912     0.0440     0.0739     3.2283     0.0098     0.0000 -123.90684   38.85266      99.34         13  0.000e+00
      48897   2037.333     30.226     30.458     9.4804     9.4594  36.129172  36.117172     9.4771     9.4561    33.4666    33.4738    25.8411    25.8502     6.0348     6.2068    183.839    189.077     1.8498     1.7900     0.0440     0.0739     3.2283     0.0098     0.0000 -123.90684   38.85266      99.34         13  0.000e+00
      48898   2037.375     30.180     30.412     9.4809     9.4606  36.125733  36.116790     9.4776     9.4573    33.4626    33.4723    25.8379    25.8488     6.0348     6.2066    183.841    189.072     1.8498     1.7900     0.0440     0.0739     3.2283     0.0085     0.0000 -123.90684   38.85266      99.34         13  0.000e+00
      48899   2037.417     30.133     30.365     9.4786     9.4614  36.122231  36.116726     9.4753     9.4581    33.4611    33.4715    25.8371    25.8481     6.0298     6.2065    183.687    189.069     1.8486     1.7900     0.0440     0.0739     3.2283     0.0085     0.0000 -123.90684   38.85266      99.34         13  0.000e+00
      48900   2037.458     30.180     30.412     9.4768     9.4624  36.120003  36.116789     9.4735     9.4591    33.4605    33.4707    25.8369    25.8472     6.0301     6.2064    183.697    189.067     1.8486     1.7900     0.0440     0.0739     3.2283     0.0085     0.0000 -123.90684   38.85266      99.34         13  0.000e+00
      48901   2037.500     30.180     30.412     9.4727     9.4631  36.119239  36.116789     9.4694     9.4598    33.4635    33.4700    25.8399    25.8466     6.0305     6.2004    183.710    188.885     1.8486     1.7888     0.0440     0.0739     3.2271     0.0085     0.0000 -123.90684   38.85266      99.34         13  0.000e+00
      48902   2037.542     30.180     30.412     9.4686     9.4644  36.120131  36.116598     9.4653     9.4611    33.4682    33.4686    25.8443    25.8453     6.0309     6.2003    183.721    188.881     1.8486     1.7888     0.0440     0.0739     3.2259     0.0085     0.0000 -123.90684   38.85266      99.34         13  0.000e+00
      48903   2037.583     30.180     30.412     9.4677     9.4652  36.120641  36.116725     9.4644     9.4619    33.4697    33.4679    25.8456    25.8446     6.0256     6.2002    183.558    188.878     1.8474     1.7888     0.0440     0.0739     3.2271     0.0085     0.0000 -123.90684   38.85266      99.34         13  0.000e+00
      48904   2037.625     30.133     30.365     9.4695     9.4642  36.119558  36.117743     9.4662     9.4609    33.4669    33.4700    25.8431    25.8464     6.0308     6.2003    183.718    188.879     1.8486     1.7888     0.0440     0.0739     3.2259     0.0085     0.0000 -123.90684   38.85266      99.34         13  0.000e+00
      48905   2037.667     30.180     30.412     9.4663     9.4640  36.117521  36.119207     9.4630     9.4607    33.4677    33.4716    25.8443    25.8477     6.0259     6.2002    183.567    188.878     1.8474     1.7888     0.0440     0.0739     3.2283     0.0085     0.0000 -123.90684   38.85266      99.34         13  0.000e+00
      48906   2037.708     30.133     30.365     9.4649     9.4641  36.115484  36.121179     9.4616     9.4608    33.4670    33.4736    25.8439    25.8492     6.0261     6.1942    183.572    188.695     1.8474     1.7875     0.0440     0.0739     3.2271     0.0085     0.0000 -123.90684   38.85266      99.34         13  0.000e+00
      48907   2037.750     30.180     30.412     9.4656     9.4661  36.114975  36.123533     9.4623     9.4628    33.4658    33.4741    25.8429    25.8493     6.0260     6.1939    183.572    188.686     1.8474     1.7875     0.0440     0.0739     3.2271     0.0085     0.0000 -123.90684   38.85266      99.34         13  0.000e+00
      48908   2037.792     30.133     30.365     9.4657     9.4703  36.116630  36.124869     9.4624     9.4670    33.4674    33.4716    25.8441    25.8467     6.0205     6.1934    183.404    188.670     1.8462     1.7875     0.0440     0.0739     3.2259     0.0085     0.0000 -123.90684   38.85266      99.34         13  0.000e+00
      48909   2037.833     30.133     30.365     9.4654     9.4753  36.116439  36.125314     9.4621     9.4720    33.4675    33.4674    25.8443    25.8426     6.0206     6.1928    183.405    188.653     1.8462     1.7875     0.0440     0.0739     3.2271     0.0085     0.0000 -123.90684   38.85266      99.34         13  0.000e+00
      48910   2037.875     30.180     30.412     9.4616     9.4807  36.114657  36.124677     9.4583     9.4774    33.4691    33.4616    25.8462    25.8372     6.0210     6.1923    183.420    188.637     1.8462     1.7875     0.0440     0.0739     3.2271     0.0085     0.0000 -123.90684   38.85266      99.34         13  0.000e+00
      48911   2037.917     30.133     30.365     9.4582     9.4811  36.112620  36.124295     9.4549     9.4777    33.4703    33.4610    25.8476    25.8366     6.0214     6.1863    183.432    188.456     1.8462     1.7863     0.0440     0.0739     3.2259     0.0085     0.0000 -123.90684   38.85266      99.34         13  0.000e+00
      48912   2037.958     30.133     30.365     9.4564     9.4797  36.111156  36.123150     9.4531     9.4764    33.4705    33.4610    25.8480    25.8369     6.0163     6.1865    183.274    188.462     1.8449     1.7863     0.0440     0.0739     3.2283     0.0085     0.0000 -123.90684   38.85266      99.34         13  0.000e+00
      48913   2038.000     30.133     30.365     9.4556     9.4791  36.109819  36.124041     9.4523     9.4758    33.4698    33.4625    25.8477    25.8382     6.0164     6.1866    183.278    188.463     1.8449     1.7863     0.0440     0.0739     3.2271     0.0085     0.0000 -123.90684   38.85266      99.34         13  0.000e+00
      48914   2038.042     30.133     30.365     9.4579     9.4796  36.114339  36.125440     9.4546     9.4763    33.4724    33.4635    25.8493    25.8389     6.0160     6.1864    183.265    188.459     1.8449     1.7863     0.0440     0.0739     3.2283     0.0073     0.0000 -123.90684   38.85266      99.34         13  0.000e+00
      48915   2038.083     30.133     30.365     9.4815     9.4807  36.127070  36.126586     9.4782     9.4774    33.4634    33.4636    25.8384    25.8387     6.0131     6.1863    183.178    188.454     1.8449     1.7863     0.0440     0.0739     3.2271     0.0073     0.0000 -123.90684   38.85266      99.34         13  0.000e+00
      48916   2038.125     30.133     30.365     9.5029     9.4833  36.139421  36.130340     9.4996     9.4800    33.4561    33.4651    25.8293    25.8394     6.0104     6.1858    183.098    188.440     1.8449     1.7863     0.0440     0.0739     3.2259     0.0073     0.0000 -123.90684   38.85266      99.34         13  0.000e+00
      48917   2038.167     30.133     30.365     9.5145     9.4898  36.147317  36.137275     9.5112     9.4865    33.4535    33.4662    25.8253    25.8393     6.0089     6.1789    183.053    188.231     1.8449     1.7851     0.0440     0.0739     3.2271     0.0073     0.0000 -123.90684   38.85266      99.34         13  0.000e+00
      48918   2038.208     30.133     30.365     9.5169     9.5081  36.153049  36.143192     9.5136     9.5048    33.4571    33.4552    25.8277    25.8277     6.0084     6.1767    183.038    188.163     1.8449     1.7851     0.0440     0.0739     3.2271     0.0073     0.0000 -123.90684   38.85266      99.34         13  0.000e+00
      48919   2038.250     30.133     30.365     9.5205     9.5255  36.158080  36.144335     9.5172     9.5222    33.4589    33.4401    25.8286    25.8131     6.0024     6.1747    182.856    188.106     1.8437     1.7851     0.0440     0.0739     3.2271     0.0073     0.0000 -123.90684   38.85266      99.34         13  0.000e+00
      48920   2038.292     30.081     30.312     9.5261     9.5310  36.160500  36.143316     9.5228     9.5277    33.4562    33.4339    25.8256    25.8073     6.0071     6.1741    182.999    188.088     1.8449     1.7851     0.0452     0.1044     3.2271     0.0073     0.0000 -123.90684   38.85266      99.34         13  0.000e+00
      48921   2038.333     30.133     30.365     9.5335     9.5263  36.161327  36.141726     9.5301     9.5229    33.4502    33.4367    25.8196    25.8103     6.0010     6.1747    182.813    188.107     1.8437     1.7851     0.0452     0.1044     3.2271     0.0073     0.0000 -123.90684   38.85266      99.34         13  0.000e+00
      48922   2038.375     30.081     30.312     9.5408     9.5242  36.163683  36.141344     9.5375     9.5208    33.4458    33.4383    25.8150    25.8119     6.0001     6.1690    182.787    187.934     1.8437     1.7839     0.0452     0.1044     3.2271     0.0073     0.0000 -123.90684   38.85266      99.34         13  0.000e+00
      48923   2038.417     30.134     30.365     9.5459     9.5267  36.167569  36.141853     9.5426     9.5234    33.4450    33.4364    25.8136    25.8100     5.9995     6.1688    182.768    187.926     1.8437     1.7839     0.0452     0.1044     3.2271     0.0073     0.0000 -123.90684   38.85266      99.34         13  0.000e+00
      48924   2038.458     30.134     30.365     9.5534     9.5259  36.171135  36.142744     9.5500     9.5226    33.4417    33.4381    25.8098    25.8114     5.9985     6.1688    182.741    187.927     1.8437     1.7839     0.0452     0.1044     3.2271     0.0073     0.0000 -123.90684   38.85266      99.34         13  0.000e+00
