WCOA/WCOA-6/CTD_Data/RB2102_CTD_024_01.ros
* Sea-Bird SBE 9 Data File:
* FileName = C:\Users\scs.user.rb\CTD\RB2102\Data\RB2102_CTD_024_01.hex
* Software Version Seasave V 7.26.7.107
* Temperature SN = 6202
* Conductivity SN = 4907
* Number of Bytes Per Scan = 41
* Number of Voltage Words = 4
* Number of Scans Averaged by the Deck Unit = 1
* NMEA Latitude = 47 40.78 N
* NMEA Longitude = 125 34.80 W
* NMEA UTC (Time) = Jun 29 2021  15:53:42
* NMEA baud rate = 4800
# nquan = 30
# nvalues = 1127                                  
# units = specified
# name 0 = scan: Scan Count
# name 1 = timeS: Time, Elapsed [seconds]
# name 2 = depSM: Depth [salt water, m]
# name 3 = prDM: Pressure, Digiquartz [db]
# name 4 = t090C: Temperature [ITS-90, deg C]
# name 5 = t190C: Temperature, 2 [ITS-90, deg C]
# name 6 = c0mS/cm: Conductivity [mS/cm]
# name 7 = c1mS/cm: Conductivity, 2 [mS/cm]
# name 8 = potemp090C: Potential Temperature [ITS-90, deg C]
# name 9 = potemp190C: Potential Temperature, 2 [ITS-90, deg C]
# name 10 = sal00: Salinity, Practical [PSU]
# name 11 = sal11: Salinity, Practical, 2 [PSU]
# name 12 = sigma-é00: Density [sigma-theta, kg/m^3]
# name 13 = sigma-é11: Density, 2 [sigma-theta, kg/m^3]
# name 14 = sbeox0Mg/L: Oxygen, SBE 43 [mg/l]
# name 15 = sbeox1Mg/L: Oxygen, SBE 43, 2 [mg/l]
# name 16 = sbox0Mm/Kg: Oxygen, SBE 43 [umol/kg]
# name 17 = sbox1Mm/Kg: Oxygen, SBE 43, 2 [umol/kg]
# name 18 = sbeox0V: Oxygen raw, SBE 43 [V]
# name 19 = sbeox1V: Oxygen raw, SBE 43, 2 [V]
# name 20 = v4: Voltage 4
# name 21 = flECO-AFL: Fluorescence, WET Labs ECO-AFL/FL [mg/m^3]
# name 22 = v3: Voltage 3
# name 23 = v6: Voltage 6
# name 24 = v7: Voltage 7
# name 25 = longitude: Longitude [deg]
# name 26 = latitude: Latitude [deg]
# name 27 = altM: Altimeter [m]
# name 28 = nbf: Bottles Fired
# name 29 = flag:  0.000e+00
# interval = seconds: 0.0416667
# start_time = Jun 29 2021 15:53:42 [NMEA time, header]
# bad_flag = -9.990e-29
*END*
[from data line 581]
     101308   4221.125     99.193    100.054     7.6254     7.6114  34.098346  34.122828     7.6160     7.6020    33.0437    33.0833    25.7928    25.8260     6.7734     6.5633    206.350    199.943     1.9341     1.7888     0.0415     0.0129     3.1770     1.3675     0.0000 -125.57722   47.67986      99.32         12  0.000e+00
     101309   4221.167     99.147    100.007     7.6252     7.6118  34.099279  34.122330     7.6157     7.6023    33.0449    33.0825    25.7938    25.8253     6.7734     6.5633    206.348    199.942     1.9341     1.7888     0.0415     0.0129     3.1770     1.3675     0.0000 -125.57722   47.67986      99.32         12  0.000e+00
     101310   4221.208     99.193    100.054     7.6248     7.6121  34.100711  34.121708     7.6153     7.6026    33.0469    33.0815    25.7954    25.8245     6.7734     6.5695    206.349    200.133     1.9341     1.7900     0.0415     0.0129     3.1770     1.3675     0.0000 -125.57722   47.67986      99.32         12  0.000e+00
     101311   4221.250     99.094     99.953     7.6239     7.6119  34.102205  34.121770     7.6145     7.6025    33.0493    33.0818    25.7975    25.8247     6.7733     6.5632    206.347    199.941     1.9341     1.7888     0.0415     0.0129     3.1783     1.3675     0.0000 -125.57722   47.67986      99.32         12  0.000e+00
     101312   4221.292     99.100     99.960     7.6234     7.6118  34.103326  34.121646     7.6140     7.6023    33.0510    33.0818    25.7988    25.8247     6.7734     6.5633    206.347    199.942     1.9341     1.7888     0.0415     0.0129     3.1770     1.3675     0.0000 -125.57722   47.67986      99.32         12  0.000e+00
     101313   4221.333     99.140    100.000     7.6232     7.6118  34.103326  34.122019     7.6137     7.6023    33.0512    33.0822    25.7991    25.8250     6.7734     6.5695    206.349    200.132     1.9341     1.7900     0.0415     0.0129     3.1783     1.3675     0.0000 -125.57722   47.67986      99.32         12  0.000e+00
     101314   4221.375     99.100     99.960     7.6231     7.6116  34.103015  34.121708     7.6136     7.6021    33.0510    33.0820    25.7989    25.8249     6.7734     6.5695    206.349    200.132     1.9341     1.7900     0.0415     0.0129     3.1783     1.3675     0.0000 -125.57722   47.67986      99.32         12  0.000e+00
     101551   4231.250     98.858     99.716     7.6279     7.6207  34.089567  34.104037     7.6184     7.6113    33.0321    33.0545    25.7834    25.8019     6.7104     6.5378    204.432    199.171     1.9206     1.7839     0.0415     0.0129     3.1783     1.3663     0.0000 -125.57722   47.67984      99.32         13  0.000e+00
     101552   4231.292     98.805     99.662     7.6281     7.6209  34.089443  34.103850     7.6187     7.6114    33.0317    33.0541    25.7830    25.8017     6.7103     6.5315    204.430    198.979     1.9206     1.7827     0.0403    -0.0177     3.1783     1.3663     0.0000 -125.57722   47.67984      99.32         13  0.000e+00
     101553   4231.333     98.851     99.709     7.6282     7.6208  34.089879  34.104286     7.6187     7.6114    33.0321    33.0546    25.7833    25.8021     6.7103     6.5316    204.430    198.980     1.9206     1.7827     0.0415     0.0129     3.1783     1.3663     0.0000 -125.57722   47.67984      99.32         13  0.000e+00
     101554   4231.375     98.758     99.615     7.6278     7.6207  34.089816  34.103726     7.6184     7.6113    33.0325    33.0542    25.7837    25.8017     6.7103     6.5315    204.429    198.979     1.9206     1.7827     0.0415     0.0129     3.1770     1.3663     0.0000 -125.57722   47.67984      99.32         13  0.000e+00
     101555   4231.417     98.805     99.662     7.6279     7.6209  34.089754  34.103975     7.6185     7.6114    33.0323    33.0543    25.7835    25.8018     6.7103     6.5378    204.430    199.169     1.9206     1.7839     0.0415     0.0129     3.1770     1.3663     0.0000 -125.57722   47.67984      99.32         13  0.000e+00
     101556   4231.458     98.805     99.662     7.6279     7.6207  34.090190  34.104099     7.6184     7.6113    33.0328    33.0545    25.7839    25.8020     6.7160     6.5378    204.604    199.169     1.9219     1.7839     0.0415     0.0129     3.1770     1.3651     0.0000 -125.57722   47.67984      99.32         13  0.000e+00
     101557   4231.500     98.759     99.615     7.6276     7.6208  34.090812  34.104099     7.6182     7.6114    33.0337    33.0545    25.7847    25.8019     6.7160     6.5315    204.602    198.978     1.9219     1.7827     0.0415     0.0129     3.1783     1.3651     0.0000 -125.57722   47.67984      99.32         13  0.000e+00
     101558   4231.542     98.752     99.609     7.6277     7.6210  34.090999  34.104348     7.6182     7.6116    33.0339    33.0546    25.7848    25.8020     6.7160     6.5377    204.602    199.166     1.9219     1.7839     0.0415     0.0129     3.1783     1.3651     0.0000 -125.57722   47.67984      99.32         13  0.000e+00
     101559   4231.583     98.805     99.662     7.6278     7.6210  34.091870  34.104161     7.6184     7.6116    33.0347    33.0543    25.7854    25.8018     6.7160     6.5315    204.601    198.978     1.9219     1.7827     0.0427     0.0434     3.1770     1.3651     0.0000 -125.57722   47.67984      99.32         13  0.000e+00
     101560   4231.625     98.752     99.609     7.6275     7.6210  34.091683  34.104099     7.6180     7.6116    33.0348    33.0543    25.7855    25.8018     6.7160     6.5377    204.601    199.167     1.9219     1.7839     0.0427     0.0434     3.1783     1.3651     0.0000 -125.57722   47.67984      99.32         13  0.000e+00
     101561   4231.667     98.805     99.662     7.6274     7.6214  34.091559  34.103601     7.6179     7.6120    33.0347    33.0533    25.7855    25.8010     6.7160     6.5377    204.603    199.167     1.9219     1.7839     0.0427     0.0434     3.1783     1.3651     0.0000 -125.57722   47.67984      99.34         13  0.000e+00
     101562   4231.708     98.759     99.615     7.6275     7.6217  34.091746  34.103290     7.6180     7.6123    33.0349    33.0528    25.7856    25.8005     6.7160     6.5376    204.601    199.166     1.9219     1.7839     0.0427     0.0434     3.1783     1.3651     0.0000 -125.57722   47.67984      99.32         13  0.000e+00
     101563   4231.750     98.752     99.609     7.6274     7.6215  34.092057  34.103166     7.6179     7.6121    33.0353    33.0528    25.7859    25.8005     6.7217     6.5377    204.775    199.166     1.9231     1.7839     0.0427     0.0434     3.1770     1.3651     0.0000 -125.57722   47.67984      99.34         13  0.000e+00
     101564   4231.792     98.805     99.662     7.6271     7.6216  34.092368  34.102793     7.6177     7.6122    33.0358    33.0523    25.7864    25.8001     6.7217     6.5377    204.777    199.168     1.9231     1.7839     0.0427     0.0434     3.1783     1.3651     0.0000 -125.57722   47.67984      99.32         13  0.000e+00
     101565   4231.833     98.752     99.609     7.6275     7.6218  34.092244  34.103041     7.6181     7.6124    33.0354    33.0524    25.7860    25.8002     6.7216     6.5439    204.774    199.355     1.9231     1.7851     0.0415     0.0129     3.1783     1.3651     0.0000 -125.57722   47.67984      99.32         13  0.000e+00
     101566   4231.875     98.805     99.662     7.6273     7.6217  34.092617  34.103415     7.6179     7.6122    33.0359    33.0529    25.7864    25.8006     6.7217     6.5377    204.776    199.167     1.9231     1.7839     0.0427     0.0434     3.1770     1.3651     0.0000 -125.57722   47.67984      99.32         13  0.000e+00
     101567   4231.917     98.759     99.616     7.6271     7.6213  34.092804  34.103539     7.6177     7.6119    33.0363    33.0534    25.7868    25.8010     6.7217     6.5439    204.775    199.357     1.9231     1.7851     0.0427     0.0434     3.1758     1.3651     0.0000 -125.57722   47.67984      99.34         13  0.000e+00
     101568   4231.958     98.805     99.662     7.6269     7.6210  34.092804  34.104161     7.6174     7.6115    33.0366    33.0544    25.7870    25.8019     6.7217     6.5440    204.777    199.358     1.9231     1.7851     0.0427     0.0434     3.1770     1.3651     0.0000 -125.57722   47.67984      99.32         13  0.000e+00
     101569   4232.000     98.759     99.616     7.6267     7.6202  34.092555  34.105156     7.6172     7.6108    33.0365    33.0562    25.7870    25.8034     6.7217     6.5440    204.777    199.358     1.9231     1.7851     0.0427     0.0434     3.1770     1.3651     0.0000 -125.57722   47.67984      99.34         13  0.000e+00
     101570   4232.042     98.805     99.662     7.6267     7.6201  34.092929  34.105343     7.6173     7.6106    33.0368    33.0565    25.7872    25.8037     6.7275     6.5440    204.951    199.360     1.9243     1.7851     0.0427     0.0434     3.1770     1.3651     0.0000 -125.57722   47.67984      99.32         13  0.000e+00
     101571   4232.083     98.759     99.616     7.6268     7.6197  34.092368  34.105592     7.6174     7.6103    33.0362    33.0571    25.7867    25.8042     6.7274     6.5440    204.951    199.359     1.9243     1.7851     0.0427     0.0434     3.1770     1.3651     0.0000 -125.57722   47.67984      99.32         13  0.000e+00
     101572   4232.125     98.805     99.662     7.6265     7.6194  34.091061  34.105903     7.6171     7.6099    33.0350    33.0578    25.7858    25.8047     6.7276     6.5441    204.955    199.361     1.9243     1.7851     0.0427     0.0434     3.1770     1.3651     0.0000 -125.57722   47.67984      99.32         13  0.000e+00
     101573   4232.167     98.805     99.662     7.6270     7.6192  34.089256  34.105779     7.6176     7.6098    33.0326    33.0578    25.7838    25.8048     6.7276     6.5441    204.956    199.362     1.9243     1.7851     0.0415     0.0129     3.1770     1.3651     0.0000 -125.57722   47.67984      99.32         13  0.000e+00
     101574   4232.208     98.759     99.616     7.6278     7.6194  34.088571  34.105903     7.6184     7.6100    33.0311    33.0577    25.7826    25.8047     6.7332     6.5503    205.127    199.550     1.9255     1.7863     0.0427     0.0434     3.1770     1.3651     0.0000 -125.57722   47.67984      99.32         13  0.000e+00
     101575   4232.250     98.805     99.663     7.6280     7.6199  34.088696  34.105530     7.6186     7.6104    33.0311    33.0569    25.7825    25.8040     6.7332     6.5503    205.128    199.550     1.9255     1.7863     0.0427     0.0434     3.1770     1.3651     0.0000 -125.57722   47.67984      99.32         13  0.000e+00
     101576   4232.292     98.805     99.663     7.6283     7.6197  34.089505  34.106028     7.6188     7.6103    33.0317    33.0576    25.7830    25.8045     6.7332     6.5503    205.125    199.550     1.9255     1.7863     0.0427     0.0434     3.1770     1.3651     0.0000 -125.57722   47.67984      99.32         13  0.000e+00
     101577   4232.333     98.805     99.663     7.6283     7.6196  34.090688  34.106276     7.6189     7.6101    33.0329    33.0580    25.7839    25.8049     6.7388     6.5503    205.298    199.550     1.9267     1.7863     0.0415     0.0129     3.1770     1.3651     0.0000 -125.57722   47.67984      99.32         13  0.000e+00
     101578   4232.375     98.805     99.663     7.6279     7.6196  34.092306  34.106276     7.6185     7.6101    33.0350    33.0580    25.7856    25.8049     6.7388     6.5503    205.296    199.550     1.9267     1.7863     0.0415     0.0129     3.1770     1.3651     0.0000 -125.57722   47.67984      99.32         13  0.000e+00
     101579   4232.417     98.858     99.716     7.6271     7.6195  34.093925  34.106463     7.6177     7.6101    33.0375    33.0582    25.7877    25.8051     6.7389     6.5566    205.298    199.741     1.9267     1.7875     0.0415     0.0129     3.1770     1.3651     0.0000 -125.57722   47.67984      99.32         13  0.000e+00
     101580   4232.458     98.805     99.663     7.6265     7.6192  34.094360  34.107023     7.6171     7.6098    33.0386    33.0591    25.7886    25.8058     6.7389     6.5565    205.298    199.740     1.9267     1.7875     0.0427     0.0434     3.1770     1.3651     0.0000 -125.57722   47.67984      99.32         13  0.000e+00
     101581   4232.500     98.759     99.616     7.6265     7.6189  34.092680  34.107396     7.6171     7.6095    33.0368    33.0599    25.7872    25.8064     6.7389     6.5565    205.299    199.739     1.9267     1.7875     0.0415     0.0129     3.1770     1.3639     0.0000 -125.57722   47.67984      99.32         13  0.000e+00
     101582   4232.542     98.898     99.756     7.6270     7.6189  34.090564  34.107708     7.6176     7.6095    33.0339    33.0601    25.7849    25.8067     6.7391     6.5566    205.305    199.742     1.9267     1.7875     0.0415     0.0129     3.1770     1.3639     0.0000 -125.57722   47.67984      99.32         13  0.000e+00
     101583   4232.583     98.858     99.716     7.6273     7.6199  34.090252  34.106463     7.6179     7.6104    33.0333    33.0579    25.7844    25.8048     6.7390     6.5565    205.303    199.740     1.9267     1.7875     0.0427     0.0434     3.1770     1.3639     0.0000 -125.57722   47.67984      99.32         13  0.000e+00
     101584   4232.625     98.858     99.716     7.6275     7.6201  34.090812  34.105032     7.6180     7.6106    33.0338    33.0562    25.7848    25.8034     6.7447     6.5566    205.476    199.741     1.9280     1.7875     0.0427     0.0434     3.1770     1.3639     0.0000 -125.57722   47.67984      99.32         13  0.000e+00
     101585   4232.667     98.852     99.710     7.6274     7.6199  34.092306  34.104970     7.6179     7.6105    33.0355    33.0562    25.7861    25.8035     6.7446     6.5566    205.474    199.742     1.9280     1.7875     0.0415     0.0129     3.1770     1.3639     0.0000 -125.57722   47.67984      99.32         13  0.000e+00
     101586   4232.708     98.858     99.716     7.6270     7.6201  34.093489  34.105281     7.6176     7.6106    33.0371    33.0564    25.7874    25.8036     6.7503     6.5628    205.647    199.931     1.9292     1.7888     0.0427     0.0434     3.1770     1.3639     0.0000 -125.57722   47.67984      99.32         13  0.000e+00
     101587   4232.750     98.852     99.710     7.6267     7.6200  34.094423  34.106028     7.6173     7.6106    33.0384    33.0573    25.7885    25.8043     6.7446     6.5628    205.472    199.930     1.9280     1.7888     0.0415     0.0129     3.1783     1.3639     0.0000 -125.57722   47.67984      99.32         13  0.000e+00
     101588   4232.792     98.859     99.716     7.6265     7.6201  34.094672  34.106277     7.6171     7.6106    33.0389    33.0575    25.7889    25.8044     6.7503     6.5627    205.647    199.929     1.9292     1.7888     0.0427     0.0434     3.1770     1.3639     0.0000 -125.57720   47.67984      99.32         13  0.000e+00
     101589   4232.833     98.905     99.763     7.6262     7.6204  34.095108  34.106277     7.6168     7.6109    33.0396    33.0572    25.7895    25.8041     6.7504     6.5627    205.649    199.929     1.9292     1.7888     0.0427     0.0434     3.1770     1.3639     0.0000 -125.57720   47.67984      99.32         13  0.000e+00
     101590   4232.875     98.898     99.756     7.6262     7.6206  34.095294  34.106028     7.6167     7.6112    33.0398    33.0567    25.7897    25.8037     6.7504     6.5627    205.648    199.929     1.9292     1.7888     0.0427     0.0434     3.1770     1.3639     0.0000 -125.57720   47.67984      99.32         13  0.000e+00
