WCOA/WCOA-6/CTD_Data/RB2102_CTD_092_01.ros
* Sea-Bird SBE 9 Data File:
* FileName = C:\Users\scs.user.rb\CTD\RB2102\Data\RB2102_CTD_092_01.hex
* Software Version Seasave V 7.26.7.107
* Temperature SN = 6202
* Conductivity SN = 4907
* Number of Bytes Per Scan = 41
* Number of Voltage Words = 4
* Number of Scans Averaged by the Deck Unit = 1
* NMEA Latitude = 37 46.34 N
* NMEA Longitude = 122 37.98 W
* NMEA UTC (Time) = Jul 12 2021  23:53:04
* NMEA baud rate = 4800
# nquan = 30
# nvalues = 259                                   
# units = specified
# name 0 = scan: Scan Count
# name 1 = timeS: Time, Elapsed [seconds]
# name 2 = depSM: Depth [salt water, m]
# name 3 = prDM: Pressure, Digiquartz [db]
# name 4 = t090C: Temperature [ITS-90, deg C]
# name 5 = t190C: Temperature, 2 [ITS-90, deg C]
# name 6 = c0mS/cm: Conductivity [mS/cm]
# name 7 = c1mS/cm: Conductivity, 2 [mS/cm]
# name 8 = potemp090C: Potential Temperature [ITS-90, deg C]
# name 9 = potemp190C: Potential Temperature, 2 [ITS-90, deg C]
# name 10 = sal00: Salinity, Practical [PSU]
# name 11 = sal11: Salinity, Practical, 2 [PSU]
# name 12 = sigma-é00: Density [sigma-theta, kg/m^3]
# name 13 = sigma-é11: Density, 2 [sigma-theta, kg/m^3]
# name 14 = sbeox0Mg/L: Oxygen, SBE 43 [mg/l]
# name 15 = sbeox1Mg/L: Oxygen, SBE 43, 2 [mg/l]
# name 16 = sbox0Mm/Kg: Oxygen, SBE 43 [umol/kg]
# name 17 = sbox1Mm/Kg: Oxygen, SBE 43, 2 [umol/kg]
# name 18 = sbeox0V: Oxygen raw, SBE 43 [V]
# name 19 = sbeox1V: Oxygen raw, SBE 43, 2 [V]
# name 20 = v4: Voltage 4
# name 21 = flECO-AFL: Fluorescence, WET Labs ECO-AFL/FL [mg/m^3]
# name 22 = v3: Voltage 3
# name 23 = v6: Voltage 6
# name 24 = v7: Voltage 7
# name 25 = longitude: Longitude [deg]
# name 26 = latitude: Latitude [deg]
# name 27 = altM: Altimeter [m]
# name 28 = nbf: Bottles Fired
# name 29 = flag:  0.000e+00
# interval = seconds: 0.0416667
# start_time = Jul 12 2021 23:53:04 [NMEA time, header]
# bad_flag = -9.990e-29
*END*
[from data line 194]
      17881    745.000      3.693      3.721    12.7149    12.7769  39.355967  39.367268    12.7144    12.7764    33.7215    33.6769    25.4588    25.4121     7.7257     8.0191    235.439    244.389     2.3712     2.3065     0.1783     3.4317     3.3565     0.4396     0.3883 -122.63314   37.77208      14.29          5  0.000e+00
      17882    745.042      3.693      3.721    12.7166    12.7957  39.355308  39.370294    12.7161    12.7952    33.7194    33.6630    25.4569    25.3977     7.7406     8.0164    235.892    244.311     2.3748     2.3065     0.1795     3.4622     3.3578     0.4396     0.3883 -122.63314   37.77208      14.29          5  0.000e+00
      17883    745.083      3.646      3.674    12.7164    12.8108  39.355967  39.368449    12.7159    12.8103    33.7202    33.6478    25.4575    25.3829     7.7455     8.0198    236.042    244.419     2.3761     2.3077     0.1795     3.4622     3.3578     0.4396     0.3883 -122.63314   37.77208      14.29          5  0.000e+00
      17884    745.125      3.759      3.787    12.7345    12.8315  39.370525  39.372792    12.7340    12.8310    33.7179    33.6334    25.4522    25.3676     7.7528     8.0170    236.264    244.336     2.3785     2.3077     0.1795     3.4622     3.3578     0.4396     0.3883 -122.63314   37.77208      14.29          5  0.000e+00
      17885    745.167      3.693      3.721    12.7609    12.8371  39.391543  39.375491    12.7604    12.8366    33.7143    33.6310    25.4442    25.3647     7.7585     8.0269    236.441    244.638     2.3810     2.3101     0.1795     3.4622     3.3565     0.4396     0.3871 -122.63314   37.77208      14.24          5  0.000e+00
      17886    745.208      3.693      3.721    12.7864    12.8402  39.404721  39.366272    12.7859    12.8397    33.7042    33.6195    25.4313    25.3552     7.7598     8.0269    236.482    244.642     2.3822     2.3101     0.1795     3.4622     3.3578     0.4396     0.3871 -122.63314   37.77208      14.24          5  0.000e+00
      17887    745.250      3.693      3.721    12.8050    12.8296  39.409069  39.360545    12.8045    12.8291    33.6916    33.6235    25.4180    25.3604     7.7673     8.0340    236.714    244.858     2.3846     2.3114     0.1795     3.4622     3.3578     0.4396     0.3871 -122.63314   37.77208      14.21          5  0.000e+00
      17888    745.292      3.693      3.721    12.8149    12.8187  39.406233  39.367460    12.8144    12.8182    33.6802    33.6398    25.4072    25.3752     7.7712     8.0352    236.837    244.889     2.3858     2.3114     0.1795     3.4622     3.3578     0.4396     0.3858 -122.63314   37.77208      14.21          5  0.000e+00
      17889    745.333      3.739      3.767    12.8069    12.8128  39.398984  39.377470    12.8064    12.8123    33.6804    33.6546    25.4089    25.3877     7.7826     8.0409    237.182    245.062     2.3883     2.3126     0.1807     3.4927     3.3565     0.4396     0.3858 -122.63314   37.77208      14.21          5  0.000e+00
      17890    745.375      3.693      3.721    12.7970    12.8086  39.390418  39.384122    12.7965    12.8081    33.6810    33.6647    25.4113    25.3964     7.7891     8.0411    237.382    245.066     2.3895     2.3126     0.1795     3.4622     3.3565     0.4396     0.3858 -122.63314   37.77208      14.21          5  0.000e+00
      17891    745.417      3.693      3.721    12.7854    12.8098  39.385279  39.386230    12.7849    12.8093    33.6865    33.6656    25.4179    25.3969     7.8008     8.0409    237.736    245.058     2.3919     2.3126     0.1795     3.4622     3.3578     0.4396     0.3858 -122.63314   37.77208      14.19          5  0.000e+00
      17892    745.458      3.739      3.767    12.7874    12.8261  39.385213  39.385438    12.7869    12.8256    33.6846    33.6503    25.4160    25.3818     7.8056     8.0442    237.882    245.163     2.3932     2.3138     0.1795     3.4622     3.3590     0.4396     0.3846 -122.63314   37.77208      14.16          5  0.000e+00
      17893    745.500      3.693      3.721    12.7969    12.8371  39.389231  39.379179    12.7964    12.8366    33.6800    33.6346    25.4106    25.3675     7.8092     8.0430    237.993    245.129     2.3944     2.3138     0.1795     3.4622     3.3578     0.4396     0.3858 -122.63314   37.77208      14.14          5  0.000e+00
      17894    745.542      3.660      3.687    12.7934    12.8212  39.395558  39.371081    12.7929    12.8207    33.6892    33.6411    25.4184    25.3756     7.8143     8.0455    238.147    245.203     2.3956     2.3138     0.1795     3.4622     3.3578     0.4396     0.3858 -122.63314   37.77208      14.14          5  0.000e+00
      17895    745.583      3.739      3.767    12.7995    12.8002  39.405774  39.364368    12.7990    12.7997    33.6934    33.6533    25.4204    25.3892     7.8181     8.0487    238.264    245.298     2.3968     2.3138     0.1795     3.4622     3.3578     0.4396     0.3846 -122.63314   37.77208      14.14          5  0.000e+00
      17896    745.625      3.693      3.721    12.8127    12.7854  39.417637  39.358970    12.8122    12.7849    33.6930    33.6614    25.4175    25.3984     7.8209     8.0509    238.349    245.362     2.3980     2.3138     0.1795     3.4622     3.3590     0.4396     0.3858 -122.63314   37.77208      14.14          5  0.000e+00
      17897    745.667      3.693      3.721    12.8362    12.7779  39.424226  39.355942    12.8357    12.7774    33.6783    33.6652    25.4015    25.4028     7.8227     8.0521    238.407    245.397     2.3993     2.3138     0.1795     3.4622     3.3590     0.4396     0.3846 -122.63314   37.77208      14.11          6  0.000e+00
      17898    745.708      3.693      3.721    12.8493    12.7685  39.424423  39.352191    12.8489    12.7680    33.6668    33.6700    25.3900    25.4084     7.8261     8.0535    238.512    245.439     2.4005     2.3138     0.1795     3.4622     3.3590     0.4396     0.3846 -122.63314   37.77208      14.07          6  0.000e+00
      17899    745.750      3.693      3.721    12.8584    12.7444  39.421982  39.342187    12.8579    12.7439    33.6564    33.6820    25.3802    25.4224     7.8301     8.0572    238.636    245.550     2.4017     2.3138     0.1795     3.4622     3.3578     0.4396     0.3846 -122.63314   37.77208      14.07          6  0.000e+00
      17900    745.792      3.693      3.721    12.8440    12.7237  39.419017  39.329682    12.8435    12.7232    33.6664    33.6886    25.3907    25.4315     7.8370     8.0606    238.844    245.651     2.4029     2.3138     0.1795     3.4622     3.3590     0.4408     0.3858 -122.63314   37.77208      14.07          6  0.000e+00
      17901    745.833      3.646      3.674    12.8339    12.7143  39.416118  39.320403    12.8334    12.7139    33.6727    33.6881    25.3976    25.4330     7.8383     8.0568    238.884    245.535     2.4029     2.3126     0.1795     3.4622     3.3590     0.4408     0.3858 -122.63314   37.77208      14.09          6  0.000e+00
      17902    745.875      3.693      3.721    12.8332    12.7071  39.415723  39.305794    12.8327    12.7066    33.6729    33.6805    25.3979    25.4286     7.8435     8.0586    239.040    245.589     2.4042     2.3126     0.1795     3.4622     3.3590     0.4408     0.3858 -122.63314   37.77208      14.07          6  0.000e+00
      17903    745.917      3.693      3.721    12.8345    12.6891  39.419151  39.285003    12.8340    12.6886    33.6750    33.6768    25.3993    25.4292     7.8481     8.0620    239.182    245.694     2.4054     2.3126     0.1795     3.4622     3.3590     0.4408     0.3858 -122.63314   37.77208      14.07          6  0.000e+00
      17904    745.958      3.660      3.687    12.8382    12.6778  39.422380  39.275333    12.8377    12.6773    33.6748    33.6777    25.3984    25.4321     7.8475     8.0585    239.163    245.586     2.4054     2.3114     0.1795     3.4622     3.3578     0.4408     0.3858 -122.63314   37.77208      14.07          6  0.000e+00
      17905    746.000      3.646      3.674    12.8397    12.6681  39.422775  39.271585    12.8392    12.6676    33.6738    33.6827    25.3974    25.4379     7.8523     8.0545    239.309    245.464     2.4066     2.3101     0.1807     3.4927     3.3578     0.4408     0.3858 -122.63314   37.77208      14.07          6  0.000e+00
      17906    746.042      3.646      3.674    12.8343    12.6537  39.420864  39.258299    12.8338    12.6532    33.6768    33.6829    25.4007    25.4408     7.8530     8.0517    239.331    245.376     2.4066     2.3089     0.1807     3.4927     3.3578     0.4420     0.3858 -122.63314   37.77208      14.07          6  0.000e+00
      17907    746.083      3.646      3.674    12.8343    12.6395  39.417700  39.241793    12.8338    12.6390    33.6738    33.6798    25.3984    25.4412     7.8532     8.0489    239.336    245.293     2.4066     2.3077     0.1807     3.4927     3.3578     0.4420     0.3858 -122.63314   37.77208      14.07          6  0.000e+00
      17908    746.125      3.693      3.721    12.8280    12.6283  39.411900  39.230286    12.8275    12.6278    33.6738    33.6788    25.3997    25.4426     7.8543     8.0456    239.369    245.191     2.4066     2.3065     0.1807     3.4927     3.3578     0.4420     0.3871 -122.63314   37.77208      14.07          6  0.000e+00
      17909    746.167      3.646      3.674    12.8198    12.6089  39.406166  39.217467    12.8194    12.6084    33.6757    33.6839    25.4027    25.4503     7.8605     8.0433    239.558    245.120     2.4078     2.3053     0.1807     3.4927     3.3578     0.4420     0.3871 -122.63314   37.77208      14.07          6  0.000e+00
      17910    746.208      3.646      3.674    12.8115    12.5960  39.401949  39.212669    12.8110    12.5956    33.6791    33.6909    25.4070    25.4582     7.8617     8.0344    239.595    244.845     2.4078     2.3028     0.1807     3.4927     3.3578     0.4408     0.3871 -122.63314   37.77208      14.07          6  0.000e+00
      17911    746.250      3.646      3.674    12.8047    12.6012  39.397666  39.217731    12.8042    12.6007    33.6811    33.6911    25.4099    25.4574     7.8628     8.0280    239.626    244.651     2.4078     2.3016     0.1807     3.4927     3.3578     0.4420     0.3871 -122.63314   37.77208      14.07          6  0.000e+00
      17912    746.292      3.646      3.674    12.8009    12.5969  39.394503  39.218586    12.8004    12.5964    33.6815    33.6958    25.4109    25.4619     7.8634     8.0231    239.645    244.500     2.4078     2.3004     0.1807     3.4927     3.3578     0.4420     0.3871 -122.63314   37.77208      14.07          6  0.000e+00
      17913    746.333      3.646      3.674    12.8047    12.5910  39.394305  39.221809    12.8042    12.5905    33.6779    33.7042    25.4074    25.4695     7.8629     8.0128    239.632    244.185     2.4078     2.2979     0.1807     3.4927     3.3565     0.4408     0.3883 -122.63314   37.77208      14.07          6  0.000e+00
      17914    746.375      3.660      3.687    12.8165    12.5784  39.402278  39.222008    12.8160    12.5779    33.6750    33.7156    25.4028    25.4809     7.8611     8.0036    239.577    243.902     2.4078     2.2955     0.1807     3.4927     3.3578     0.4420     0.3883 -122.63314   37.77208      14.04          6  0.000e+00
      17915    746.417      3.593      3.620    12.8299    12.5638  39.410252  39.213002    12.8294    12.5634    33.6707    33.7201    25.3968    25.4871     7.8540     8.0005    239.362    243.805     2.4066     2.2943     0.1807     3.4927     3.3578     0.4420     0.3883 -122.63314   37.77208      14.04          6  0.000e+00
      17916    746.458      3.646      3.674    12.8293    12.5550  39.410713  39.197094    12.8289    12.5545    33.6716    33.7127    25.3976    25.4832     7.8491     7.9916    239.213    243.534     2.4054     2.2918     0.1807     3.4927     3.3565     0.4420     0.3895 -122.63314   37.77208      14.02          6  0.000e+00
      17917    746.500      3.646      3.674    12.8250    12.5618  39.406891  39.191704    12.8245    12.5613    33.6718    33.7014    25.3987    25.4731     7.8498     7.9745    239.234    243.018     2.4054     2.2882     0.1807     3.4927     3.3578     0.4420     0.3883 -122.63314   37.77208      14.02          6  0.000e+00
      17918    746.542      3.646      3.674    12.8390    12.5881  39.407416  39.209449    12.8385    12.5876    33.6598    33.6949    25.3866    25.4629     7.8431     7.9593    239.031    242.555     2.4042     2.2857     0.1807     3.4927     3.3578     0.4420     0.3895 -122.63314   37.77208      14.02          6  0.000e+00
      17919    746.583      3.646      3.674    12.8365    12.5998  39.405571  39.213721    12.8360    12.5994    33.6603    33.6885    25.3875    25.4557     7.8385     7.9575    238.891    242.503     2.4029     2.2857     0.1807     3.4927     3.3565     0.4420     0.3895 -122.63314   37.77208      14.02          6  0.000e+00
      17920    746.625      3.646      3.674    12.8258    12.5764  39.402211  39.201233    12.8254    12.5759    33.6666    33.6975    25.3945    25.4672     7.8400     7.9449    238.934    242.115     2.4029     2.2821     0.1807     3.4927     3.3578     0.4420     0.3895 -122.63314   37.77208      13.99          6  0.000e+00
      17921    746.667      3.593      3.620    12.8312    12.5769  39.407351  39.208464    12.8307    12.5764    33.6667    33.7040    25.3935    25.4722     7.8290     7.9335    238.601    241.767     2.4005     2.2796     0.1807     3.4927     3.3578     0.4420     0.3895 -122.63314   37.77208      13.99          6  0.000e+00
      17922    746.708      3.646      3.674    12.8599    12.5951  39.423498  39.234959    12.8594    12.5946    33.6565    33.7131    25.3800    25.4757     7.8198     7.9190    238.323    241.323     2.3993     2.2772     0.1807     3.4927     3.3578     0.4420     0.3895 -122.63314   37.77208      13.97          6  0.000e+00
      17923    746.750      3.646      3.674    12.8679    12.6182  39.434969  39.255870    12.8674    12.6177    33.6603    33.7124    25.3813    25.4707     7.8133     7.9040    238.124    240.869     2.3980     2.2747     0.1807     3.4927     3.3578     0.4408     0.3895 -122.63314   37.77208      13.97          6  0.000e+00
      17924    746.792      3.646      3.674    12.8625    12.6256  39.436618  39.253107    12.8620    12.6252    33.6666    33.7031    25.3873    25.4619     7.8039     7.8922    237.836    240.512     2.3956     2.2723     0.1807     3.4927     3.3565     0.4420     0.3895 -122.63314   37.77208      13.97          6  0.000e+00
      17925    746.833      3.660      3.687    12.8655    12.6266  39.451981  39.250147    12.8650    12.6261    33.6786    33.6994    25.3959    25.4589     7.7978     7.8814    237.649    240.182     2.3944     2.2698     0.1807     3.4927     3.3578     0.4420     0.3895 -122.63314   37.77208      13.97          6  0.000e+00
      17926    746.875      3.646      3.674    12.8864    12.6693  39.472555  39.294217    12.8860    12.6688    33.6795    33.7034    25.3925    25.4537     7.7843     7.8628    237.238    239.616     2.3919     2.2674     0.1807     3.4927     3.3565     0.4408     0.3883 -122.63314   37.77208      13.97          6  0.000e+00
      17927    746.917      3.646      3.674    12.8852    12.7786  39.469851  39.387287    12.8847    12.7781    33.6781    33.6945    25.3917    25.4254     7.7746     7.8386    236.943    238.886     2.3895     2.2662     0.1807     3.4927     3.3565     0.4408     0.3883 -122.63314   37.77208      13.94          6  0.000e+00
