WCOA/WCOA-6/CTD_Data/RB2102_CTD_121_01.ros
* Sea-Bird SBE 9 Data File:
* FileName = C:\Users\scs.user.rb\CTD\RB2102\Data\RB2102_CTD_121_01.hex
* Software Version Seasave V 7.26.7.107
* Temperature SN = 6202
* Conductivity SN = 4907
* Number of Bytes Per Scan = 41
* Number of Voltage Words = 4
* Number of Scans Averaged by the Deck Unit = 1
* NMEA Latitude = 34 04.68 N
* NMEA Longitude = 119 33.43 W
* NMEA UTC (Time) = Jul 19 2021  11:18:40
* NMEA baud rate = 4800
# nquan = 30
# nvalues = 980                                   
# units = specified
# name 0 = scan: Scan Count
# name 1 = timeS: Time, Elapsed [seconds]
# name 2 = depSM: Depth [salt water, m]
# name 3 = prDM: Pressure, Digiquartz [db]
# name 4 = t090C: Temperature [ITS-90, deg C]
# name 5 = t190C: Temperature, 2 [ITS-90, deg C]
# name 6 = c0mS/cm: Conductivity [mS/cm]
# name 7 = c1mS/cm: Conductivity, 2 [mS/cm]
# name 8 = potemp090C: Potential Temperature [ITS-90, deg C]
# name 9 = potemp190C: Potential Temperature, 2 [ITS-90, deg C]
# name 10 = sal00: Salinity, Practical [PSU]
# name 11 = sal11: Salinity, Practical, 2 [PSU]
# name 12 = sigma-é00: Density [sigma-theta, kg/m^3]
# name 13 = sigma-é11: Density, 2 [sigma-theta, kg/m^3]
# name 14 = sbeox0Mg/L: Oxygen, SBE 43 [mg/l]
# name 15 = sbeox1Mg/L: Oxygen, SBE 43, 2 [mg/l]
# name 16 = sbox0Mm/Kg: Oxygen, SBE 43 [umol/kg]
# name 17 = sbox1Mm/Kg: Oxygen, SBE 43, 2 [umol/kg]
# name 18 = sbeox0V: Oxygen raw, SBE 43 [V]
# name 19 = sbeox1V: Oxygen raw, SBE 43, 2 [V]
# name 20 = v4: Voltage 4
# name 21 = flECO-AFL: Fluorescence, WET Labs ECO-AFL/FL [mg/m^3]
# name 22 = v3: Voltage 3
# name 23 = v6: Voltage 6
# name 24 = v7: Voltage 7
# name 25 = longitude: Longitude [deg]
# name 26 = latitude: Latitude [deg]
# name 27 = altM: Altimeter [m]
# name 28 = nbf: Bottles Fired
# name 29 = flag:  0.000e+00
# interval = seconds: 0.0416667
# start_time = Jul 19 2021 11:18:40 [NMEA time, header]
# bad_flag = -9.990e-29
*END*
[from data line 581]
      31317   1304.833     30.313     30.533    17.0517    16.9328  43.258826  43.150506    17.0468    16.9279    33.5184    33.5235    24.3664    24.3982     8.6915     8.0523    265.152    245.644     2.7924     2.4737     0.1343     2.3328     3.2637     0.0000     0.0794 -119.55756   34.07744      58.78         12  0.000e+00
      31318   1304.875     30.313     30.533    17.0537    16.9325  43.257388  43.143876    17.0487    16.9276    33.5155    33.5180    24.3637    24.3941     8.6867     8.0526    265.006    245.655     2.7912     2.4737     0.1343     2.3328     3.2625     0.0000     0.0806 -119.55756   34.07744      58.78         12  0.000e+00
      31319   1304.917     30.313     30.533    17.0562    16.9305  43.255129  43.138341    17.0512    16.9255    33.5115    33.5149    24.3600    24.3922     8.6865     8.0531    265.001    245.670     2.7912     2.4737     0.1429     2.5464     3.2625     0.0000     0.0806 -119.55756   34.07744      58.78         12  0.000e+00
      31320   1304.958     30.366     30.587    17.0584    16.9289  43.254513  43.133489    17.0534    16.9239    33.5091    33.5120    24.3577    24.3903     8.6863     8.0585    264.996    245.837     2.7912     2.4750     0.1502     2.7296     3.2637     0.0000     0.0794 -119.55756   34.07744      58.78         12  0.000e+00
      31321   1305.000     30.267     30.486    17.0593    16.9291  43.255607  43.129252    17.0543    16.9241    33.5094    33.5082    24.3576    24.3874     8.6860     8.0586    264.987    245.839     2.7912     2.4750     0.1514     2.7601     3.2625     0.0000     0.0794 -119.55756   34.07744      58.75         12  0.000e+00
      31322   1305.042     30.366     30.587    17.0615    16.9294  43.255334  43.123785    17.0565    16.9244    33.5073    33.5031    24.3555    24.3834     8.6859     8.0589    264.983    245.849     2.7912     2.4750     0.1514     2.7601     3.2625     0.0000     0.0806 -119.55756   34.07744      58.75         12  0.000e+00
      31323   1305.083     30.313     30.533    17.0678    16.9260  43.250747  43.119549    17.0629    16.9210    33.4981    33.5023    24.3469    24.3836     8.6852     8.0594    264.966    245.866     2.7912     2.4750     0.1502     2.7296     3.2637     0.0000     0.0806 -119.55756   34.07744      58.75         12  0.000e+00
      33851   1410.417     20.098     20.244    18.2701    18.2904  44.467259  44.488198    18.2666    18.2869    33.5505    33.5515    24.0967    24.0925     9.0249     8.4135    275.396    256.740     2.9414     2.6227     0.1136     1.8138     3.2601     0.0000     0.0195 -119.55756   34.07744      68.91         13  0.000e+00
      33852   1410.458     20.098     20.244    18.2690    18.2902  44.467467  44.488751    18.2655    18.2867    33.5515    33.5522    24.0978    24.0931     9.0250     8.4135    275.400    256.740     2.9414     2.6227     0.1136     1.8138     3.2613     0.0000     0.0171 -119.55756   34.07744      68.94         13  0.000e+00
      33853   1410.500     20.145     20.290    18.2684    18.2909  44.467190  44.489097    18.2649    18.2874    33.5518    33.5519    24.0982    24.0927     9.0252     8.4134    275.404    256.738     2.9414     2.6227     0.1136     1.8138     3.2589     0.0000     0.0159 -119.55756   34.07744      68.94         13  0.000e+00
      33854   1410.542     20.145     20.290    18.2679    18.2920  44.466221  44.490343    18.2644    18.2885    33.5514    33.5521    24.0980    24.0926     9.0253     8.4132    275.407    256.732     2.9414     2.6227     0.1136     1.8138     3.2613     0.0000     0.0171 -119.55756   34.07744      68.94         13  0.000e+00
      33855   1410.583     20.145     20.290    18.2670    18.2941  44.465667  44.491796    18.2635    18.2907    33.5516    33.5515    24.0984    24.0916     9.0254     8.4129    275.411    256.722     2.9414     2.6227     0.1136     1.8138     3.2601     0.0000     0.0183 -119.55756   34.07744      68.94         13  0.000e+00
      33856   1410.625     20.098     20.244    18.2656    18.2961  44.464767  44.493388    18.2621    18.2926    33.5521    33.5512    24.0991    24.0909     9.0211     8.4125    275.280    256.711     2.9402     2.6227     0.1136     1.8138     3.2601     0.0000     0.0195 -119.55756   34.07744      68.94         13  0.000e+00
      33857   1410.667     20.145     20.290    18.2641    18.2972  44.463245  44.494357    18.2606    18.2937    33.5520    33.5511    24.0994    24.0906     9.0214     8.4172    275.289    256.855     2.9402     2.6239     0.1136     1.8138     3.2613     0.0000     0.0183 -119.55756   34.07744      68.94         13  0.000e+00
      33858   1410.708     20.145     20.290    18.2632    18.2978  44.462899  44.495326    18.2597    18.2944    33.5524    33.5515    24.0999    24.0907     9.0215     8.4171    275.293    256.851     2.9402     2.6239     0.1136     1.8138     3.2601     0.0000     0.0171 -119.55756   34.07744      68.94         13  0.000e+00
      33859   1410.750     20.145     20.290    18.2624    18.2981  44.462345  44.495395    18.2589    18.2946    33.5526    33.5513    24.1003    24.0905     9.0217     8.4171    275.297    256.850     2.9402     2.6239     0.1197     1.9665     3.2601     0.0000     0.0171 -119.55756   34.07744      68.91         13  0.000e+00
      33860   1410.792     20.098     20.244    18.2624    18.2982  44.461306  44.495326    18.2589    18.2947    33.5518    33.5512    24.0996    24.0903     9.0217     8.4170    275.297    256.848     2.9402     2.6239     0.1233     2.0580     3.2613     0.0000     0.0183 -119.55756   34.07742      68.86         13  0.000e+00
      33861   1410.833     20.145     20.290    18.2621    18.2972  44.461307  44.494080    18.2587    18.2937    33.5520    33.5509    24.0998    24.0904     9.0173     8.4173    275.162    256.855     2.9389     2.6239     0.1245     2.0886     3.2601     0.0000     0.0171 -119.55756   34.07742      68.86         13  0.000e+00
      33862   1410.875     20.145     20.290    18.2627    18.2966  44.461653  44.493457    18.2592    18.2932    33.5518    33.5509    24.0996    24.0905     9.0172     8.4174    275.160    256.858     2.9389     2.6239     0.1233     2.0580     3.2601     0.0000     0.0147 -119.55756   34.07742      68.86         13  0.000e+00
      33863   1410.917     20.145     20.290    18.2631    18.2969  44.462345  44.493388    18.2596    18.2934    33.5521    33.5506    24.0997    24.0902     9.0126     8.4173    275.020    256.858     2.9377     2.6239     0.1233     2.0580     3.2589     0.0000     0.0147 -119.55756   34.07742      68.86         13  0.000e+00
      33864   1410.958     20.145     20.290    18.2637    18.2971  44.463660  44.494218    18.2603    18.2937    33.5526    33.5511    24.0999    24.0905     9.0080     8.4173    274.879    256.855     2.9365     2.6239     0.1233     2.0580     3.2589     0.0000     0.0134 -119.55756   34.07742      68.84         13  0.000e+00
      33865   1411.000     20.098     20.244    18.2651    18.2974  44.463452  44.494980    18.2617    18.2940    33.5513    33.5515    24.0986    24.0908     9.0078     8.4171    274.872    256.852     2.9365     2.6239     0.1233     2.0580     3.2589     0.0000     0.0147 -119.55756   34.07742      68.86         13  0.000e+00
      33866   1411.042     20.198     20.344    18.2663    18.2971  44.463591  44.494980    18.2628    18.2937    33.5505    33.5517    24.0977    24.0910     9.0032     8.4221    274.734    257.004     2.9353     2.6252     0.1233     2.0580     3.2613     0.0000     0.0159 -119.55756   34.07742      68.86         13  0.000e+00
      33867   1411.083     20.145     20.290    18.2656    18.2969  44.463106  44.494634    18.2622    18.2934    33.5506    33.5516    24.0979    24.0910     9.0033     8.4221    274.735    257.004     2.9353     2.6252     0.1233     2.0580     3.2601     0.0000     0.0183 -119.55756   34.07742      68.89         13  0.000e+00
      33868   1411.125     20.145     20.290    18.2646    18.2968  44.462899  44.494426    18.2611    18.2933    33.5513    33.5515    24.0987    24.0910     9.0034     8.4221    274.740    257.004     2.9353     2.6252     0.1233     2.0580     3.2601     0.0000     0.0171 -119.55756   34.07742      68.89         13  0.000e+00
      33869   1411.167     20.145     20.290    18.2643    18.2964  44.463176  44.493942    18.2608    18.2930    33.5518    33.5514    24.0992    24.0910     8.9989     8.4222    274.603    257.006     2.9341     2.6252     0.1233     2.0580     3.2601     0.0000     0.0171 -119.55756   34.07742      68.89         13  0.000e+00
      33870   1411.208     20.145     20.290    18.2647    18.2966  44.463314  44.493457    18.2612    18.2931    33.5515    33.5509    24.0989    24.0906     8.9989     8.4222    274.602    257.007     2.9341     2.6252     0.1233     2.0580     3.2601     0.0000     0.0159 -119.55756   34.07742      68.89         13  0.000e+00
      33871   1411.250     20.145     20.290    18.2656    18.2964  44.463798  44.494219    18.2622    18.2930    33.5512    33.5517    24.0984    24.0912     8.9987     8.4222    274.597    257.006     2.9341     2.6252     0.1233     2.0580     3.2601     0.0000     0.0159 -119.55756   34.07742      68.89         13  0.000e+00
      33872   1411.292     20.145     20.290    18.2668    18.2966  44.464629  44.494980    18.2633    18.2931    33.5509    33.5522    24.0979    24.0915     8.9941     8.4222    274.455    257.004     2.9328     2.6252     0.1233     2.0580     3.2601     0.0000     0.0171 -119.55756   34.07742      68.89         13  0.000e+00
      33873   1411.333     20.145     20.290    18.2682    18.2968  44.464836  44.494980    18.2647    18.2933    33.5500    33.5520    24.0968    24.0913     8.9939     8.4270    274.449    257.151     2.9328     2.6264     0.1233     2.0580     3.2601     0.0000     0.0147 -119.55756   34.07742      68.89         13  0.000e+00
      33874   1411.375     20.145     20.290    18.2691    18.2976  44.464490  44.495464    18.2656    18.2941    33.5489    33.5518    24.0958    24.0910     8.9938     8.4269    274.447    257.148     2.9328     2.6264     0.1245     2.0886     3.2613     0.0000     0.0147 -119.55756   34.07742      68.86         13  0.000e+00
      33875   1411.417     20.145     20.290    18.2695    18.2977  44.465044  44.495603    18.2660    18.2942    33.5491    33.5518    24.0958    24.0910     8.9937     8.4268    274.444    257.147     2.9328     2.6264     0.1233     2.0580     3.2613     0.0000     0.0159 -119.55756   34.07742      68.89         13  0.000e+00
      33876   1411.458     20.145     20.290    18.2689    18.2979  44.465736  44.495395    18.2654    18.2944    33.5502    33.5514    24.0968    24.0906     8.9893     8.4268    274.309    257.147     2.9316     2.6264     0.1233     2.0580     3.2613     0.0000     0.0159 -119.55756   34.07742      68.89         13  0.000e+00
      33877   1411.500     20.198     20.344    18.2679    18.2978  44.465321  44.495880    18.2644    18.2944    33.5506    33.5519    24.0974    24.0910     8.9895     8.4269    274.315    257.148     2.9316     2.6264     0.1233     2.0580     3.2613     0.0000     0.0171 -119.55756   34.07742      68.89         13  0.000e+00
      33878   1411.542     20.145     20.290    18.2673    18.2976  44.465183  44.495949    18.2639    18.2941    33.5510    33.5522    24.0978    24.0913     8.9895     8.4268    274.315    257.147     2.9316     2.6264     0.1233     2.0580     3.2613     0.0000     0.0171 -119.55756   34.07742      68.89         13  0.000e+00
      33879   1411.583     20.145     20.290    18.2669    18.2982  44.465737  44.496295    18.2635    18.2947    33.5518    33.5520    24.0985    24.0910     8.9895     8.4267    274.316    257.144     2.9316     2.6264     0.1233     2.0580     3.2613     0.0000     0.0159 -119.55756   34.07742      68.89         13  0.000e+00
      33880   1411.625     20.198     20.344    18.2667    18.2985  44.465045  44.496433    18.2632    18.2950    33.5514    33.5519    24.0983    24.0908     8.9941     8.4268    274.457    257.145     2.9328     2.6264     0.1233     2.0580     3.2589     0.0000     0.0147 -119.55756   34.07742      68.86         13  0.000e+00
      33881   1411.667     20.145     20.290    18.2663    18.2984  44.465114  44.496433    18.2629    18.2949    33.5517    33.5520    24.0986    24.0909     8.9941     8.4316    274.456    257.291     2.9328     2.6276     0.1245     2.0886     3.2601     0.0000     0.0183 -119.55756   34.07742      68.89         13  0.000e+00
      33882   1411.708     20.145     20.290    18.2660    18.2985  44.465460  44.496641    18.2625    18.2950    33.5523    33.5521    24.0992    24.0910     8.9941     8.4315    274.457    257.291     2.9328     2.6276     0.1233     2.0580     3.2601     0.0000     0.0159 -119.55756   34.07742      68.86         13  0.000e+00
      33883   1411.750     20.145     20.290    18.2663    18.2989  44.465529  44.496779    18.2628    18.2954    33.5521    33.5518    24.0990    24.0907     8.9941     8.4315    274.455    257.289     2.9328     2.6276     0.1233     2.0580     3.2601     0.0000     0.0122 -119.55756   34.07742      68.89         13  0.000e+00
      33884   1411.792     20.145     20.290    18.2679    18.2985  44.466706  44.496226    18.2644    18.2951    33.5518    33.5516    24.0983    24.0906     8.9938     8.4315    274.448    257.291     2.9328     2.6276     0.1245     2.0886     3.2601     0.0000     0.0073 -119.55756   34.07742      68.86         13  0.000e+00
      33885   1411.833     20.198     20.344    18.2694    18.2981  44.466775  44.495949    18.2659    18.2946    33.5506    33.5518    24.0970    24.0908     8.9937     8.4317    274.444    257.295     2.9328     2.6276     0.1209     1.9970     3.2613     0.0000     0.0098 -119.55756   34.07742      68.89         13  0.000e+00
      33886   1411.875     20.098     20.244    18.2698    18.2975  44.466913  44.495464    18.2663    18.2940    33.5504    33.5519    24.0968    24.0910     8.9935     8.4317    274.439    257.295     2.9328     2.6276     0.1184     1.9359     3.2601     0.0000     0.0134 -119.55756   34.07742      68.86         13  0.000e+00
      33887   1411.917     20.198     20.344    18.2684    18.2978  44.466775  44.495880    18.2649    18.2943    33.5514    33.5520    24.0979    24.0911     8.9938     8.4317    274.448    257.296     2.9328     2.6276     0.1172     1.9054     3.2613     0.0000     0.0110 -119.55756   34.07742      68.86         13  0.000e+00
      33888   1411.958     20.145     20.290    18.2678    18.2994  44.467260  44.496087    18.2643    18.2959    33.5523    33.5508    24.0987    24.0898     8.9938     8.4314    274.447    257.288     2.9328     2.6276     0.1172     1.9054     3.2601     0.0000     0.0049 -119.55756   34.07742      68.86         13  0.000e+00
      33889   1412.000     20.145     20.290    18.2679    18.3012  44.466844  44.497333    18.2644    18.2977    33.5519    33.5504    24.0984    24.0890     8.9938     8.4312    274.447    257.280     2.9328     2.6276     0.1172     1.9054     3.2601     0.0000     0.0024 -119.55756   34.07742      68.89         13  0.000e+00
      33890   1412.042     20.145     20.290    18.2680    18.3015  44.466429  44.497333    18.2646    18.2980    33.5514    33.5502    24.0980    24.0888     8.9938     8.4311    274.448    257.279     2.9328     2.6276     0.1172     1.9054     3.2601     0.0000     0.0024 -119.55756   34.07742      68.91         13  0.000e+00
