WCOA/WCOA-6/CTD_Data/RB2102_CTD_081_01.ros
* Sea-Bird SBE 9 Data File:
* FileName = C:\Users\scs.user.rb\CTD\RB2102\Data\RB2102_CTD_081_01.hex
* Software Version Seasave V 7.26.7.107
* Temperature SN = 6202
* Conductivity SN = 4907
* Number of Bytes Per Scan = 41
* Number of Voltage Words = 4
* Number of Scans Averaged by the Deck Unit = 1
* NMEA Latitude = 37 53.53 N
* NMEA Longitude = 122 59.74 W
* NMEA UTC (Time) = Jul 11 2021  01:30:45
* NMEA baud rate = 4800
# nquan = 30
# nvalues = 668                                   
# units = specified
# name 0 = scan: Scan Count
# name 1 = timeS: Time, Elapsed [seconds]
# name 2 = depSM: Depth [salt water, m]
# name 3 = prDM: Pressure, Digiquartz [db]
# name 4 = t090C: Temperature [ITS-90, deg C]
# name 5 = t190C: Temperature, 2 [ITS-90, deg C]
# name 6 = c0mS/cm: Conductivity [mS/cm]
# name 7 = c1mS/cm: Conductivity, 2 [mS/cm]
# name 8 = potemp090C: Potential Temperature [ITS-90, deg C]
# name 9 = potemp190C: Potential Temperature, 2 [ITS-90, deg C]
# name 10 = sal00: Salinity, Practical [PSU]
# name 11 = sal11: Salinity, Practical, 2 [PSU]
# name 12 = sigma-é00: Density [sigma-theta, kg/m^3]
# name 13 = sigma-é11: Density, 2 [sigma-theta, kg/m^3]
# name 14 = sbeox0Mg/L: Oxygen, SBE 43 [mg/l]
# name 15 = sbeox1Mg/L: Oxygen, SBE 43, 2 [mg/l]
# name 16 = sbox0Mm/Kg: Oxygen, SBE 43 [umol/kg]
# name 17 = sbox1Mm/Kg: Oxygen, SBE 43, 2 [umol/kg]
# name 18 = sbeox0V: Oxygen raw, SBE 43 [V]
# name 19 = sbeox1V: Oxygen raw, SBE 43, 2 [V]
# name 20 = v4: Voltage 4
# name 21 = flECO-AFL: Fluorescence, WET Labs ECO-AFL/FL [mg/m^3]
# name 22 = v3: Voltage 3
# name 23 = v6: Voltage 6
# name 24 = v7: Voltage 7
# name 25 = longitude: Longitude [deg]
# name 26 = latitude: Latitude [deg]
# name 27 = altM: Altimeter [m]
# name 28 = nbf: Bottles Fired
# name 29 = flag:  0.000e+00
# interval = seconds: 0.0416667
# start_time = Jul 11 2021 01:30:45 [NMEA time, header]
# bad_flag = -9.990e-29
*END*
[from data line 97]
      12547    522.750     69.355     69.889     9.3274     9.3284  36.464621  36.466396     9.3198     9.3208    33.9393    33.9401    26.2363    26.2367     2.8012     2.9281     85.301     89.166     1.1160     1.1074     0.0427     0.0434     3.3419     0.0476     0.0440 -122.99592   37.89208       7.37          2  0.000e+00
      16353    681.333     49.599     49.979     9.3429     9.3439  36.465061  36.466069     9.3374     9.3385    33.9342    33.9342    26.2294    26.2293     2.9775     3.0910     90.669     94.126     1.1575     1.1429     0.0427     0.0434     3.3333     0.0501     0.0488 -122.99592   37.89212      27.72          3  0.000e+00
      16354    681.375     49.612     49.992     9.3428     9.3439  36.464741  36.466197     9.3374     9.3385    33.9339    33.9344    26.2292    26.2294     2.9775     3.0910     90.670     94.126     1.1575     1.1429     0.0440     0.0739     3.3321     0.0501     0.0488 -122.99592   37.89212      27.72          3  0.000e+00
      16355    681.417     49.566     49.945     9.3427     9.3439  36.464677  36.466325     9.3373     9.3385    33.9339    33.9345    26.2292    26.2295     2.9775     3.0969     90.669     94.305     1.1575     1.1441     0.0427     0.0434     3.3321     0.0488     0.0488 -122.99592   37.89212      27.72          3  0.000e+00
      16356    681.458     49.612     49.992     9.3431     9.3437  36.464422  36.466517     9.3377     9.3383    33.9332    33.9348    26.2286    26.2298     2.9775     3.0969     90.669     94.306     1.1575     1.1441     0.0427     0.0434     3.3321     0.0488     0.0488 -122.99592   37.89212      27.72          3  0.000e+00
      16357    681.500     49.566     49.945     9.3425     9.3437  36.464805  36.466389     9.3371     9.3383    33.9342    33.9347    26.2295    26.2297     2.9775     3.0969     90.669     94.306     1.1575     1.1441     0.0427     0.0434     3.3321     0.0501     0.0488 -122.99592   37.89212      27.72          3  0.000e+00
      16358    681.542     49.599     49.979     9.3430     9.3439  36.464486  36.466772     9.3375     9.3385    33.9335    33.9350    26.2289    26.2299     2.9775     3.0969     90.669     94.306     1.1575     1.1441     0.0440     0.0739     3.3321     0.0501     0.0488 -122.99592   37.89212      27.72          3  0.000e+00
      16359    681.583     49.566     49.945     9.3428     9.3439  36.464805  36.466197     9.3374     9.3385    33.9340    33.9344    26.2292    26.2294     2.9775     3.0910     90.669     94.126     1.1575     1.1429     0.0427     0.0434     3.3321     0.0501     0.0488 -122.99592   37.89212      27.69          3  0.000e+00
      16360    681.625     49.612     49.992     9.3430     9.3436  36.464997  36.466006     9.3376     9.3381    33.9339    33.9345    26.2292    26.2295     2.9829     3.0910     90.834     94.127     1.1587     1.1429     0.0427     0.0434     3.3321     0.0501     0.0488 -122.99592   37.89212      27.69          3  0.000e+00
      16361    681.667     49.566     49.945     9.3426     9.3439  36.464997  36.466452     9.3372     9.3385    33.9343    33.9346    26.2296    26.2296     2.9775     3.0910     90.669     94.126     1.1575     1.1429     0.0427     0.0434     3.3321     0.0501     0.0488 -122.99592   37.89212      27.69          3  0.000e+00
      16362    681.708     49.566     49.945     9.3429     9.3440  36.464677  36.466644     9.3374     9.3386    33.9338    33.9347    26.2291    26.2296     2.9775     3.0969     90.669     94.305     1.1575     1.1441     0.0427     0.0434     3.3321     0.0501     0.0488 -122.99592   37.89212      27.69          3  0.000e+00
      16363    681.750     49.599     49.979     9.3426     9.3439  36.464613  36.466133     9.3372     9.3385    33.9339    33.9343    26.2292    26.2293     2.9775     3.0969     90.670     94.306     1.1575     1.1441     0.0440     0.0739     3.3321     0.0501     0.0488 -122.99592   37.89212      27.69          3  0.000e+00
      16364    681.792     49.566     49.945     9.3427     9.3436  36.464869  36.466453     9.3373     9.3381    33.9341    33.9349    26.2294    26.2299     2.9775     3.0969     90.669     94.306     1.1575     1.1441     0.0427     0.0434     3.3321     0.0501     0.0488 -122.99592   37.89212      27.69          3  0.000e+00
      16365    681.833     49.566     49.945     9.3430     9.3439  36.464486  36.466644     9.3375     9.3385    33.9335    33.9348    26.2289    26.2298     2.9775     3.0910     90.669     94.125     1.1575     1.1429     0.0427     0.0434     3.3321     0.0501     0.0488 -122.99592   37.89212      27.72          3  0.000e+00
      16366    681.875     49.566     49.945     9.3427     9.3436  36.464549  36.466133     9.3373     9.3381    33.9338    33.9346    26.2291    26.2296     2.9775     3.0910     90.669     94.126     1.1575     1.1429     0.0427     0.0434     3.3321     0.0501     0.0488 -122.99592   37.89212      27.69          3  0.000e+00
      16367    681.917     49.599     49.979     9.3428     9.3437  36.464677  36.466197     9.3374     9.3383    33.9338    33.9345    26.2291    26.2295     2.9775     3.0969     90.670     94.306     1.1575     1.1441     0.0427     0.0434     3.3321     0.0501     0.0488 -122.99592   37.89212      27.72          3  0.000e+00
      16368    681.958     49.566     49.945     9.3426     9.3437  36.464869  36.466516     9.3372     9.3383    33.9342    33.9349    26.2295    26.2298     2.9775     3.0969     90.669     94.306     1.1575     1.1441     0.0427     0.0434     3.3333     0.0501     0.0488 -122.99592   37.89212      27.72          3  0.000e+00
      16369    682.000     49.566     49.945     9.3425     9.3439  36.464486  36.466644     9.3371     9.3385    33.9339    33.9348    26.2292    26.2298     2.9775     3.0969     90.670     94.305     1.1575     1.1441     0.0427     0.0434     3.3333     0.0501     0.0488 -122.99592   37.89212      27.69          3  0.000e+00
      16370    682.042     49.520     49.898     9.3426     9.3436  36.464549  36.466644     9.3372     9.3381    33.9339    33.9352    26.2292    26.2301     2.9775     3.0910     90.669     94.125     1.1575     1.1429     0.0427     0.0434     3.3333     0.0501     0.0488 -122.99592   37.89212      27.67          3  0.000e+00
      16371    682.083     49.566     49.945     9.3425     9.3437  36.464677  36.466644     9.3371     9.3383    33.9341    33.9350    26.2294    26.2299     2.9775     3.0969     90.670     94.306     1.1575     1.1441     0.0427     0.0434     3.3321     0.0501     0.0488 -122.99592   37.89212      27.67          3  0.000e+00
      16372    682.125     49.546     49.925     9.3426     9.3439  36.465125  36.466644     9.3372     9.3385    33.9345    33.9348    26.2297    26.2298     2.9775     3.0969     90.669     94.305     1.1575     1.1441     0.0427     0.0434     3.3333     0.0501     0.0501 -122.99592   37.89212      27.67          3  0.000e+00
      16373    682.167     49.566     49.945     9.3427     9.3437  36.464997  36.466389     9.3373     9.3383    33.9342    33.9347    26.2295    26.2297     2.9829     3.0910     90.834     94.126     1.1587     1.1429     0.0440     0.0739     3.3309     0.0501     0.0488 -122.99592   37.89212      27.67          3  0.000e+00
      16374    682.208     49.566     49.945     9.3426     9.3437  36.464933  36.466325     9.3372     9.3383    33.9343    33.9347    26.2295    26.2297     2.9775     3.0910     90.669     94.126     1.1575     1.1429     0.0440     0.0739     3.3321     0.0501     0.0488 -122.99592   37.89212      27.67          3  0.000e+00
      16375    682.250     49.520     49.898     9.3427     9.3437  36.464997  36.466516     9.3373     9.3383    33.9343    33.9349    26.2295    26.2298     2.9775     3.0969     90.669     94.305     1.1575     1.1441     0.0427     0.0434     3.3321     0.0501     0.0488 -122.99592   37.89212      27.69          3  0.000e+00
      16376    682.292     49.520     49.898     9.3428     9.3436  36.464997  36.466388     9.3374     9.3381    33.9342    33.9349    26.2294    26.2299     2.9774     3.0910     90.668     94.126     1.1575     1.1429     0.0427     0.0434     3.3333     0.0501     0.0488 -122.99592   37.89212      27.69          3  0.000e+00
      16377    682.333     49.546     49.925     9.3426     9.3436  36.464997  36.466325     9.3372     9.3381    33.9343    33.9348    26.2296    26.2298     2.9775     3.0910     90.669     94.126     1.1575     1.1429     0.0427     0.0434     3.3333     0.0501     0.0488 -122.99592   37.89212      27.69          3  0.000e+00
      16378    682.375     49.520     49.898     9.3425     9.3437  36.464997  36.466516     9.3371     9.3383    33.9344    33.9349    26.2297    26.2298     2.9775     3.0910     90.669     94.125     1.1575     1.1429     0.0427     0.0434     3.3333     0.0501     0.0488 -122.99592   37.89212      27.69          3  0.000e+00
      16379    682.417     49.520     49.898     9.3428     9.3437  36.464485  36.466388     9.3374     9.3383    33.9336    33.9348    26.2290    26.2297     2.9775     3.0910     90.669     94.125     1.1575     1.1429     0.0427     0.0434     3.3309     0.0501     0.0488 -122.99592   37.89212      27.69          3  0.000e+00
      16380    682.458     49.520     49.898     9.3427     9.3437  36.464805  36.466325     9.3373     9.3383    33.9341    33.9347    26.2293    26.2297     2.9775     3.0851     90.669     93.945     1.1575     1.1416     0.0427     0.0434     3.3333     0.0488     0.0488 -122.99592   37.89212      27.69          3  0.000e+00
      16381    682.500     49.520     49.898     9.3428     9.3437  36.464997  36.466516     9.3374     9.3383    33.9342    33.9349    26.2294    26.2298     2.9774     3.0969     90.668     94.305     1.1575     1.1441     0.0427     0.0434     3.3321     0.0501     0.0488 -122.99592   37.89212      27.69          3  0.000e+00
      16382    682.542     49.500     49.878     9.3429     9.3437  36.464741  36.466133     9.3374     9.3383    33.9339    33.9345    26.2292    26.2295     2.9774     3.0910     90.668     94.125     1.1575     1.1429     0.0427     0.0434     3.3321     0.0513     0.0501 -122.99592   37.89212      27.69          3  0.000e+00
      16383    682.583     49.520     49.898     9.3428     9.3434  36.464677  36.466197     9.3374     9.3380    33.9338    33.9348    26.2292    26.2298     2.9775     3.0910     90.669     94.126     1.1575     1.1429     0.0427     0.0434     3.3321     0.0501     0.0488 -122.99592   37.89212      27.72          3  0.000e+00
      16384    682.625     49.520     49.898     9.3427     9.3437  36.465061  36.466516     9.3373     9.3383    33.9343    33.9349    26.2296    26.2298     2.9720     3.0969     90.503     94.305     1.1563     1.1441     0.0427     0.0434     3.3333     0.0501     0.0488 -122.99592   37.89212      27.72          3  0.000e+00
      16385    682.667     49.520     49.898     9.3428     9.3437  36.465061  36.466388     9.3374     9.3383    33.9342    33.9348    26.2295    26.2297     2.9774     3.0910     90.668     94.125     1.1575     1.1429     0.0427     0.0434     3.3333     0.0488     0.0488 -122.99592   37.89212      27.72          3  0.000e+00
      16386    682.708     49.467     49.845     9.3429     9.3436  36.464996  36.466324     9.3374     9.3381    33.9342    33.9349    26.2294    26.2298     2.9774     3.0910     90.668     94.125     1.1575     1.1429     0.0427     0.0434     3.3333     0.0501     0.0488 -122.99592   37.89212      27.69          3  0.000e+00
      16387    682.750     49.500     49.878     9.3431     9.3437  36.464741  36.466069     9.3377     9.3383    33.9336    33.9344    26.2289    26.2295     2.9774     3.0910     90.668     94.125     1.1575     1.1429     0.0427     0.0434     3.3321     0.0501     0.0488 -122.99592   37.89212      27.74          3  0.000e+00
      16388    682.792     49.467     49.845     9.3430     9.3434  36.464677  36.466005     9.3375     9.3380    33.9337    33.9347    26.2291    26.2297     2.9774     3.0910     90.668     94.125     1.1575     1.1429     0.0427     0.0434     3.3333     0.0501     0.0488 -122.99592   37.89212      27.74          3  0.000e+00
      16389    682.833     49.520     49.898     9.3429     9.3436  36.464677  36.466197     9.3374     9.3381    33.9338    33.9347    26.2291    26.2297     2.9720     3.0969     90.503     94.305     1.1563     1.1441     0.0427     0.0434     3.3333     0.0501     0.0488 -122.99592   37.89212      27.77          3  0.000e+00
      16390    682.875     49.520     49.898     9.3430     9.3432  36.464677  36.466325     9.3375     9.3378    33.9337    33.9351    26.2290    26.2301     2.9774     3.0910     90.668     94.126     1.1575     1.1429     0.0427     0.0434     3.3333     0.0488     0.0488 -122.99592   37.89212      27.77          3  0.000e+00
      16391    682.917     49.420     49.798     9.3429     9.3436  36.464868  36.466324     9.3374     9.3381    33.9340    33.9349    26.2293    26.2299     2.9774     3.0909     90.667     94.124     1.1575     1.1429     0.0427     0.0434     3.3309     0.0488     0.0476 -122.99592   37.89212      27.74          3  0.000e+00
      16392    682.958     49.546     49.925     9.3431     9.3434  36.465188  36.466069     9.3377     9.3379    33.9341    33.9347    26.2293    26.2298     2.9774     3.0910     90.668     94.126     1.1575     1.1429     0.0427     0.0434     3.3309     0.0488     0.0488 -122.99592   37.89212      27.74          3  0.000e+00
      16393    683.000     49.466     49.845     9.3429     9.3434  36.465060  36.466005     9.3374     9.3380    33.9342    33.9347    26.2294    26.2297     2.9774     3.0910     90.668     94.125     1.1575     1.1429     0.0427     0.0434     3.3333     0.0488     0.0488 -122.99592   37.89212      27.74          3  0.000e+00
      16394    683.042     49.466     49.845     9.3431     9.3434  36.465188  36.466005     9.3377     9.3380    33.9341    33.9347    26.2293    26.2297     2.9774     3.0910     90.667     94.125     1.1575     1.1429     0.0427     0.0434     3.3309     0.0488     0.0476 -122.99592   37.89212      27.74          3  0.000e+00
      16395    683.083     49.466     49.845     9.3430     9.3436  36.464996  36.466197     9.3376     9.3381    33.9340    33.9347    26.2292    26.2297     2.9774     3.0969     90.667     94.305     1.1575     1.1441     0.0427     0.0434     3.3321     0.0488     0.0488 -122.99592   37.89212      27.72          3  0.000e+00
      16396    683.125     49.453     49.832     9.3430     9.3434  36.464932  36.466516     9.3375     9.3380    33.9340    33.9352    26.2293    26.2302     2.9774     3.0910     90.667     94.125     1.1575     1.1429     0.0415     0.0129     3.3321     0.0501     0.0488 -122.99592   37.89212      27.74          3  0.000e+00
      16397    683.167     49.466     49.845     9.3433     9.3437  36.464741  36.466133     9.3379     9.3383    33.9335    33.9345    26.2288    26.2296     2.9774     3.0910     90.667     94.125     1.1575     1.1429     0.0415     0.0129     3.3321     0.0501     0.0488 -122.99592   37.89212      27.74          3  0.000e+00
      16398    683.208     49.520     49.898     9.3429     9.3436  36.464869  36.466197     9.3374     9.3381    33.9340    33.9347    26.2293    26.2297     2.9774     3.0910     90.668     94.126     1.1575     1.1429     0.0415     0.0129     3.3321     0.0501     0.0488 -122.99592   37.89212      27.72          3  0.000e+00
      16399    683.250     49.420     49.798     9.3430     9.3437  36.464996  36.466324     9.3375     9.3383    33.9341    33.9347    26.2293    26.2297     2.9774     3.0968     90.667     94.304     1.1575     1.1441     0.0415     0.0129     3.3321     0.0513     0.0501 -122.99592   37.89212      27.74          3  0.000e+00
