WCOA/WCOA-6/CTD_Data/RB2102_CTD_127_01.ros
* Sea-Bird SBE 9 Data File:
* FileName = C:\Users\scs.user.rb\CTD\RB2102\Data\RB2102_CTD_127_01.hex
* Software Version Seasave V 7.26.7.107
* Temperature SN = 6202
* Conductivity SN = 4907
* Number of Bytes Per Scan = 41
* Number of Voltage Words = 4
* Number of Scans Averaged by the Deck Unit = 1
* NMEA Latitude = 33 15.12 N
* NMEA Longitude = 118 14.95 W
* NMEA UTC (Time) = Jul 21 2021  00:58:59
* NMEA baud rate = 4800
# nquan = 30
# nvalues = 1115                                  
# units = specified
# name 0 = scan: Scan Count
# name 1 = timeS: Time, Elapsed [seconds]
# name 2 = depSM: Depth [salt water, m]
# name 3 = prDM: Pressure, Digiquartz [db]
# name 4 = t090C: Temperature [ITS-90, deg C]
# name 5 = t190C: Temperature, 2 [ITS-90, deg C]
# name 6 = c0mS/cm: Conductivity [mS/cm]
# name 7 = c1mS/cm: Conductivity, 2 [mS/cm]
# name 8 = potemp090C: Potential Temperature [ITS-90, deg C]
# name 9 = potemp190C: Potential Temperature, 2 [ITS-90, deg C]
# name 10 = sal00: Salinity, Practical [PSU]
# name 11 = sal11: Salinity, Practical, 2 [PSU]
# name 12 = sigma-é00: Density [sigma-theta, kg/m^3]
# name 13 = sigma-é11: Density, 2 [sigma-theta, kg/m^3]
# name 14 = sbeox0Mg/L: Oxygen, SBE 43 [mg/l]
# name 15 = sbeox1Mg/L: Oxygen, SBE 43, 2 [mg/l]
# name 16 = sbox0Mm/Kg: Oxygen, SBE 43 [umol/kg]
# name 17 = sbox1Mm/Kg: Oxygen, SBE 43, 2 [umol/kg]
# name 18 = sbeox0V: Oxygen raw, SBE 43 [V]
# name 19 = sbeox1V: Oxygen raw, SBE 43, 2 [V]
# name 20 = v4: Voltage 4
# name 21 = flECO-AFL: Fluorescence, WET Labs ECO-AFL/FL [mg/m^3]
# name 22 = v3: Voltage 3
# name 23 = v6: Voltage 6
# name 24 = v7: Voltage 7
# name 25 = longitude: Longitude [deg]
# name 26 = latitude: Latitude [deg]
# name 27 = altM: Altimeter [m]
# name 28 = nbf: Bottles Fired
# name 29 = flag:  0.000e+00
# interval = seconds: 0.0416667
# start_time = Jul 21 2021 00:58:59 [NMEA time, header]
# bad_flag = -9.990e-29
*END*
[from data line 49]
      20553    856.333    315.439    317.930     8.0835     8.0793  35.681419  35.678902     8.0512     8.0471    34.1967    34.1981    26.6353    26.6370     1.6688     1.5945     50.798     48.535     0.8400     0.8132     0.0403    -0.0177     3.2576     0.0000     0.0000 -118.24924   33.25154      12.01          2  0.000e+00
      20554    856.375    315.486    317.977     8.0835     8.0795  35.681356  35.679029     8.0512     8.0473    34.1966    34.1980    26.6352    26.6369     1.6688     1.5945     50.798     48.535     0.8400     0.8132     0.0403    -0.0177     3.2564     0.0000     0.0000 -118.24924   33.25154      11.89          2  0.000e+00
      20555    856.417    315.453    317.944     8.0835     8.0800  35.681482  35.679092     8.0512     8.0478    34.1968    34.1976    26.6354    26.6365     1.6688     1.5945     50.798     48.535     0.8400     0.8132     0.0403    -0.0177     3.2576     0.0000     0.0000 -118.24924   33.25154      11.82          2  0.000e+00
      20556    856.458    315.486    317.977     8.0836     8.0805  35.681546  35.679282     8.0514     8.0483    34.1967    34.1973    26.6353    26.6362     1.6688     1.5944     50.798     48.534     0.8400     0.8132     0.0403    -0.0177     3.2576     0.0000     0.0000 -118.24924   33.25154      11.82          2  0.000e+00
      20557    856.500    315.439    317.930     8.0838     8.0808  35.681545  35.679155     8.0515     8.0486    34.1965    34.1969    26.6351    26.6359     1.6688     1.5944     50.797     48.534     0.8400     0.8132     0.0403    -0.0177     3.2589     0.0000     0.0000 -118.24924   33.25154      11.82          2  0.000e+00
      20558    856.542    315.486    317.977     8.0839     8.0808  35.681736  35.679852     8.0517     8.0486    34.1966    34.1976    26.6351    26.6364     1.6688     1.5881     50.797     48.342     0.8400     0.8120     0.0403    -0.0177     3.2589     0.0000     0.0000 -118.24924   33.25154      11.82          2  0.000e+00
      20559    856.583    315.486    317.977     8.0841     8.0811  35.682306  35.679979     8.0519     8.0489    34.1970    34.1974    26.6354    26.6362     1.6688     1.5944     50.797     48.533     0.8400     0.8132     0.0403    -0.0177     3.2576     0.0000     0.0000 -118.24924   33.25154      11.82          2  0.000e+00
      20560    856.625    315.439    317.930     8.0839     8.0813  35.682686  35.680042     8.0517     8.0490    34.1976    34.1974    26.6359    26.6362     1.6688     1.5944     50.797     48.533     0.8400     0.8132     0.0403    -0.0177     3.2576     0.0000     0.0000 -118.24924   33.25154      11.89          2  0.000e+00
      20561    856.667    315.453    317.944     8.0841     8.0815  35.682813  35.679852     8.0519     8.0492    34.1975    34.1970    26.6359    26.6358     1.6688     1.5944     50.797     48.533     0.8400     0.8132     0.0403    -0.0177     3.2576     0.0000     0.0000 -118.24924   33.25154      11.92          2  0.000e+00
      20562    856.708    315.439    317.930     8.0839     8.0818  35.682306  35.679915     8.0517     8.0496    34.1972    34.1967    26.6356    26.6356     1.6688     1.5944     50.797     48.533     0.8400     0.8132     0.0403    -0.0177     3.2576     0.0000     0.0000 -118.24924   33.25154      11.92          2  0.000e+00
      20563    856.750    315.439    317.930     8.0836     8.0816  35.681419  35.679788     8.0514     8.0494    34.1966    34.1968    26.6352    26.6356     1.6688     1.5881     50.797     48.341     0.8400     0.8120     0.0403    -0.0177     3.2589     0.0000     0.0000 -118.24924   33.25154      11.92          2  0.000e+00
      20564    856.792    315.439    317.930     8.0837     8.0816  35.680722  35.679978     8.0514     8.0494    34.1958    34.1970    26.6346    26.6358     1.6688     1.5944     50.798     48.533     0.8400     0.8132     0.0403    -0.0177     3.2576     0.0000     0.0000 -118.24924   33.25154      11.92          2  0.000e+00
      20565    856.833    315.486    317.977     8.0833     8.0815  35.680088  35.680232     8.0510     8.0492    34.1954    34.1974    26.6344    26.6361     1.6688     1.5944     50.799     48.533     0.8400     0.8132     0.0403    -0.0177     3.2576     0.0000     0.0000 -118.24924   33.25154      11.92          2  0.000e+00
      20566    856.875    315.406    317.897     8.0828     8.0816  35.679264  35.680358     8.0506     8.0494    34.1951    34.1974    26.6341    26.6361     1.6688     1.5944     50.799     48.532     0.8400     0.8132     0.0415     0.0129     3.2564     0.0000     0.0000 -118.24924   33.25154      11.87          2  0.000e+00
      20567    856.917    315.486    317.977     8.0817     8.0818  35.678758  35.680802     8.0494     8.0495    34.1956    34.1977    26.6347    26.6363     1.6689     1.5881     50.800     48.341     0.8400     0.8120     0.0403    -0.0177     3.2576     0.0000     0.0000 -118.24924   33.25154      11.82          2  0.000e+00
      20568    856.958    315.393    317.883     8.0812     8.0820  35.678694  35.680738     8.0490     8.0498    34.1960    34.1974    26.6351    26.6361     1.6689     1.5881     50.800     48.340     0.8400     0.8120     0.0403    -0.0177     3.2576     0.0000     0.0000 -118.24924   33.25154      11.82          2  0.000e+00
      20569    857.000    315.439    317.930     8.0810     8.0819  35.678884  35.680928     8.0488     8.0497    34.1964    34.1977    26.6354    26.6363     1.6689     1.5881     50.801     48.341     0.8400     0.8120     0.0403    -0.0177     3.2576     0.0000     0.0000 -118.24924   33.25154      11.84          2  0.000e+00
      20570    857.042    315.439    317.930     8.0809     8.0818  35.679011  35.680928     8.0486     8.0495    34.1967    34.1978    26.6357    26.6365     1.6689     1.5881     50.801     48.341     0.8400     0.8120     0.0403    -0.0177     3.2576     0.0000     0.0000 -118.24924   33.25154      11.84          2  0.000e+00
      20571    857.083    315.453    317.944     8.0812     8.0819  35.679011  35.680991     8.0490     8.0497    34.1963    34.1977    26.6354    26.6363     1.6689     1.5881     50.801     48.341     0.8400     0.8120     0.0403    -0.0177     3.2576     0.0000     0.0000 -118.24924   33.25154      11.84          2  0.000e+00
      20572    857.125    315.439    317.930     8.0812     8.0819  35.679201  35.681498     8.0490     8.0497    34.1965    34.1983    26.6355    26.6368     1.6689     1.5881     50.800     48.340     0.8400     0.8120     0.0403    -0.0177     3.2576     0.0000     0.0000 -118.24924   33.25154      11.89          2  0.000e+00
      20573    857.167    315.439    317.930     8.0812     8.0824  35.679328  35.681118     8.0490     8.0502    34.1967    34.1974    26.6356    26.6360     1.6689     1.5944     50.800     48.532     0.8400     0.8132     0.0403    -0.0177     3.2576     0.0000     0.0000 -118.24924   33.25154      11.92          2  0.000e+00
      20574    857.208    315.393    317.883     8.0812     8.0823  35.679074  35.681245     8.0490     8.0500    34.1964    34.1977    26.6354    26.6363     1.6689     1.5881     50.800     48.340     0.8400     0.8120     0.0403    -0.0177     3.2576     0.0000     0.0000 -118.24924   33.25154      11.92          2  0.000e+00
      20575    857.250    315.439    317.930     8.0812     8.0821  35.679011  35.681118     8.0490     8.0499    34.1963    34.1977    26.6354    26.6363     1.6689     1.5881     50.800     48.340     0.8400     0.8120     0.0403    -0.0177     3.2589     0.0000     0.0000 -118.24924   33.25154      11.92          2  0.000e+00
      20576    857.292    315.393    317.883     8.0812     8.0826  35.679201  35.680928     8.0490     8.0504    34.1966    34.1970    26.6355    26.6357     1.6689     1.5943     50.800     48.531     0.8400     0.8132     0.0403    -0.0177     3.2576     0.0000     0.0000 -118.24924   33.25154      11.92          2  0.000e+00
      20577    857.333    315.453    317.944     8.0813     8.0826  35.679328  35.680991     8.0491     8.0504    34.1965    34.1971    26.6355    26.6357     1.6689     1.5881     50.800     48.340     0.8400     0.8120     0.0403    -0.0177     3.2589     0.0000     0.0000 -118.24924   33.25154      11.92          2  0.000e+00
      20578    857.375    315.393    317.883     8.0815     8.0824  35.679074  35.681055     8.0493     8.0502    34.1961    34.1974    26.6351    26.6360     1.6689     1.5943     50.800     48.531     0.8400     0.8132     0.0403    -0.0177     3.2576     0.0000     0.0000 -118.24924   33.25154      11.94          2  0.000e+00
      20579    857.417    315.439    317.930     8.0812     8.0821  35.679265  35.681181     8.0490     8.0498    34.1966    34.1978    26.6356    26.6364     1.6631     1.5944     50.625     48.532     0.8388     0.8132     0.0403    -0.0177     3.2576     0.0000     0.0000 -118.24924   33.25154      11.97          2  0.000e+00
      20580    857.458    315.393    317.883     8.0812     8.0819  35.679328  35.680611     8.0490     8.0497    34.1967    34.1973    26.6356    26.6360     1.6689     1.5881     50.800     48.340     0.8400     0.8120     0.0403    -0.0177     3.2576     0.0000     0.0000 -118.24924   33.25154      11.99          2  0.000e+00
      20581    857.500    315.439    317.930     8.0813     8.0817  35.679328  35.680548     8.0491     8.0494    34.1965    34.1975    26.6355    26.6362     1.6631     1.5881     50.625     48.341     0.8388     0.8120     0.0403    -0.0177     3.2576     0.0000     0.0000 -118.24924   33.25154      11.97          2  0.000e+00
      20582    857.542    315.406    317.897     8.0812     8.0815  35.679328  35.680675     8.0490     8.0492    34.1967    34.1979    26.6356    26.6365     1.6631     1.5881     50.624     48.341     0.8388     0.8120     0.0403    -0.0177     3.2589     0.0000     0.0000 -118.24924   33.25154      11.99          2  0.000e+00
      20583    857.583    315.439    317.930     8.0812     8.0818  35.678821  35.680928     8.0490     8.0495    34.1961    34.1978    26.6352    26.6365     1.6631     1.5881     50.625     48.341     0.8388     0.8120     0.0403    -0.0177     3.2589     0.0000     0.0000 -118.24924   33.25154      11.97          2  0.000e+00
      20584    857.625    315.393    317.883     8.0811     8.0816  35.678884  35.680928     8.0488     8.0494    34.1964    34.1980    26.6354    26.6366     1.6689     1.5944     50.800     48.532     0.8400     0.8132     0.0403    -0.0177     3.2576     0.0000     0.0000 -118.24924   33.25154      12.01          2  0.000e+00
      20585    857.667    315.393    317.883     8.0807     8.0819  35.678758  35.680991     8.0485     8.0497    34.1966    34.1977    26.6356    26.6364     1.6689     1.5944     50.801     48.532     0.8400     0.8132     0.0403    -0.0177     3.2576     0.0000     0.0000 -118.24924   33.25154      12.04          2  0.000e+00
      20586    857.708    315.393    317.883     8.0805     8.0819  35.678884  35.681245     8.0483     8.0497    34.1969    34.1980    26.6359    26.6366     1.6689     1.5881     50.801     48.340     0.8400     0.8120     0.0403    -0.0177     3.2576     0.0000     0.0000 -118.24924   33.25154      12.04          2  0.000e+00
      20587    857.750    315.453    317.944     8.0809     8.0818  35.679011  35.680802     8.0486     8.0496    34.1966    34.1977    26.6357    26.6363     1.6631     1.5944     50.625     48.532     0.8388     0.8132     0.0403    -0.0177     3.2564     0.0000     0.0000 -118.24924   33.25154      12.01          2  0.000e+00
      20588    857.792    315.393    317.883     8.0810     8.0819  35.679011  35.680675     8.0488     8.0497    34.1965    34.1974    26.6355    26.6361     1.6689     1.5881     50.800     48.340     0.8400     0.8120     0.0403    -0.0177     3.2589     0.0000     0.0000 -118.24924   33.25154      12.01          2  0.000e+00
      20589    857.833    315.439    317.930     8.0810     8.0818  35.679201  35.680928     8.0488     8.0495    34.1967    34.1978    26.6357    26.6365     1.6631     1.5944     50.625     48.532     0.8388     0.8132     0.0403    -0.0177     3.2564     0.0000     0.0000 -118.24924   33.25154      12.01          2  0.000e+00
      20590    857.875    315.393    317.883     8.0812     8.0818  35.679074  35.680675     8.0490     8.0495    34.1964    34.1976    26.6354    26.6363     1.6631     1.5881     50.624     48.341     0.8388     0.8120     0.0403    -0.0177     3.2589     0.0000     0.0000 -118.24924   33.25154      11.97          2  0.000e+00
      20591    857.917    315.393    317.883     8.0811     8.0818  35.678821  35.680928     8.0488     8.0495    34.1963    34.1979    26.6353    26.6365     1.6631     1.5944     50.625     48.532     0.8388     0.8132     0.0403    -0.0177     3.2564     0.0000     0.0000 -118.24924   33.25154      11.92          2  0.000e+00
      20592    857.958    315.453    317.944     8.0809     8.0823  35.678694  35.681245     8.0486     8.0500    34.1963    34.1977    26.6354    26.6362     1.6631     1.5881     50.625     48.340     0.8388     0.8120     0.0403    -0.0177     3.2576     0.0000     0.0000 -118.24924   33.25154      11.92          3  0.000e+00
      20593    858.000    315.340    317.830     8.0809     8.0823  35.679138  35.680991     8.0486     8.0500    34.1968    34.1974    26.6358    26.6361     1.6631     1.5880     50.624     48.340     0.8388     0.8120     0.0403    -0.0177     3.2576     0.0000     0.0000 -118.24924   33.25154      11.92          3  0.000e+00
      20594    858.042    315.539    318.031     8.0807     8.0821  35.679075  35.681245     8.0484     8.0499    34.1969    34.1978    26.6359    26.6363     1.6632     1.5881     50.626     48.341     0.8388     0.8120     0.0403    -0.0177     3.2576     0.0000     0.0000 -118.24924   33.25154      11.92          3  0.000e+00
      20595    858.083    315.340    317.830     8.0810     8.0826  35.678504  35.681244     8.0488     8.0504    34.1960    34.1974    26.6351    26.6360     1.6631     1.5880     50.625     48.339     0.8388     0.8120     0.0403    -0.0177     3.2576     0.0000     0.0000 -118.24924   33.25154      11.94          3  0.000e+00
      20596    858.125    315.340    317.830     8.0809     8.0826  35.678124  35.681308     8.0486     8.0504    34.1958    34.1975    26.6350    26.6360     1.6631     1.5880     50.625     48.339     0.8388     0.8120     0.0403    -0.0177     3.2576     0.0000     0.0000 -118.24924   33.25154      11.99          3  0.000e+00
      20597    858.167    315.439    317.930     8.0807     8.0826  35.678251  35.681815     8.0485     8.0504    34.1960    34.1980    26.6352    26.6364     1.6689     1.5880     50.801     48.340     0.8400     0.8120     0.0403    -0.0177     3.2576     0.0000     0.0000 -118.24924   33.25154      12.01          3  0.000e+00
      20598    858.208    315.406    317.897     8.0806     8.0829  35.677871  35.681878     8.0484     8.0507    34.1957    34.1978    26.6350    26.6362     1.6689     1.5880     50.801     48.339     0.8400     0.8120     0.0403    -0.0177     3.2576     0.0000     0.0000 -118.24924   33.25154      12.01          3  0.000e+00
      20599    858.250    315.393    317.883     8.0797     8.0831  35.677237  35.681941     8.0475     8.0509    34.1959    34.1976    26.6352    26.6361     1.6632     1.5880     50.626     48.339     0.8388     0.8120     0.0403    -0.0177     3.2564     0.0000     0.0000 -118.24924   33.25154      12.01          3  0.000e+00
