WCOA/WCOA-6/CTD_Data/RB2102_CTD_103_01.ros
* Sea-Bird SBE 9 Data File:
* FileName = C:\Users\scs.user.rb\CTD\RB2102\Data\RB2102_CTD_103_01.hex
* Software Version Seasave V 7.26.7.107
* Temperature SN = 6202
* Conductivity SN = 4907
* Number of Bytes Per Scan = 41
* Number of Voltage Words = 4
* Number of Scans Averaged by the Deck Unit = 1
* NMEA Latitude = 36 44.18 N
* NMEA Longitude = 121 58.09 W
* NMEA UTC (Time) = Jul 15 2021  03:57:10
* NMEA baud rate = 4800
# nquan = 30
# nvalues = 1148                                  
# units = specified
# name 0 = scan: Scan Count
# name 1 = timeS: Time, Elapsed [seconds]
# name 2 = depSM: Depth [salt water, m]
# name 3 = prDM: Pressure, Digiquartz [db]
# name 4 = t090C: Temperature [ITS-90, deg C]
# name 5 = t190C: Temperature, 2 [ITS-90, deg C]
# name 6 = c0mS/cm: Conductivity [mS/cm]
# name 7 = c1mS/cm: Conductivity, 2 [mS/cm]
# name 8 = potemp090C: Potential Temperature [ITS-90, deg C]
# name 9 = potemp190C: Potential Temperature, 2 [ITS-90, deg C]
# name 10 = sal00: Salinity, Practical [PSU]
# name 11 = sal11: Salinity, Practical, 2 [PSU]
# name 12 = sigma-é00: Density [sigma-theta, kg/m^3]
# name 13 = sigma-é11: Density, 2 [sigma-theta, kg/m^3]
# name 14 = sbeox0Mg/L: Oxygen, SBE 43 [mg/l]
# name 15 = sbeox1Mg/L: Oxygen, SBE 43, 2 [mg/l]
# name 16 = sbox0Mm/Kg: Oxygen, SBE 43 [umol/kg]
# name 17 = sbox1Mm/Kg: Oxygen, SBE 43, 2 [umol/kg]
# name 18 = sbeox0V: Oxygen raw, SBE 43 [V]
# name 19 = sbeox1V: Oxygen raw, SBE 43, 2 [V]
# name 20 = v4: Voltage 4
# name 21 = flECO-AFL: Fluorescence, WET Labs ECO-AFL/FL [mg/m^3]
# name 22 = v3: Voltage 3
# name 23 = v6: Voltage 6
# name 24 = v7: Voltage 7
# name 25 = longitude: Longitude [deg]
# name 26 = latitude: Latitude [deg]
# name 27 = altM: Altimeter [m]
# name 28 = nbf: Bottles Fired
# name 29 = flag:  0.000e+00
# interval = seconds: 0.0416667
# start_time = Jul 15 2021 03:57:10 [NMEA time, header]
# bad_flag = -9.990e-29
*END*
[from data line 436]
      32029   1334.500     49.673     50.048    10.5394    10.5469  37.511347  37.520654    10.5335    10.5410    33.8778    33.8801    25.9841    25.9846     4.2702     4.4118    130.065    134.378     1.4750     1.4420     0.0549     0.3486     3.2930     0.0537     0.0000 -121.96838   36.73600      72.70         10  0.000e+00
      32030   1334.542     49.627     50.001    10.5395    10.5464  37.511218  37.520783    10.5337    10.5405    33.8775    33.8808    25.9839    25.9852     4.2701     4.4118    130.064    134.378     1.4750     1.4420     0.0549     0.3486     3.2918     0.0525     0.0000 -121.96838   36.73600      72.70         10  0.000e+00
      32031   1334.583     49.627     50.001    10.5397    10.5467  37.510895  37.520847    10.5338    10.5408    33.8771    33.8805    25.9835    25.9849     4.2701     4.4060    130.064    134.202     1.4750     1.4408     0.0549     0.3486     3.2918     0.0501     0.0000 -121.96838   36.73600      72.70         10  0.000e+00
      32032   1334.625     49.574     49.948    10.5390    10.5469  37.510313  37.520912    10.5332    10.5410    33.8771    33.8805    25.9836    25.9849     4.2702     4.4060    130.065    134.201     1.4750     1.4408     0.0549     0.3486     3.2918     0.0488     0.0000 -121.96838   36.73600      72.70         10  0.000e+00
      32033   1334.667     49.607     49.981    10.5384    10.5467  37.510054  37.521105    10.5325    10.5408    33.8774    33.8808    25.9840    25.9852     4.2702     4.4117    130.067    134.376     1.4750     1.4420     0.0549     0.3486     3.2918     0.0488     0.0000 -121.96838   36.73600      72.67         10  0.000e+00
      32034   1334.708     49.627     50.001    10.5382    10.5480  37.509667  37.521170    10.5323    10.5421    33.8772    33.8796    25.9838    25.9840     4.2703     4.4116    130.068    134.374     1.4750     1.4420     0.0549     0.3486     3.2918     0.0501     0.0000 -121.96838   36.73600      72.72         10  0.000e+00
      32035   1334.750     49.574     49.948    10.5379    10.5485  37.509537  37.520976    10.5320    10.5426    33.8774    33.8790    25.9841    25.9835     4.2703     4.4116    130.068    134.372     1.4750     1.4420     0.0549     0.3486     3.2918     0.0501     0.0000 -121.96838   36.73600      72.75         10  0.000e+00
      32036   1334.792     49.527     49.901    10.5382    10.5482  37.509279  37.520588    10.5324    10.5423    33.8768    33.8789    25.9835    25.9835     4.2702     4.4116    130.067    134.372     1.4750     1.4420     0.0549     0.3486     3.2918     0.0488     0.0000 -121.96838   36.73600      72.77         10  0.000e+00
      32037   1334.833     49.627     50.001    10.5377    10.5475  37.508827  37.520524    10.5318    10.5416    33.8768    33.8795    25.9836    25.9840     4.2703     4.4117    130.070    134.376     1.4750     1.4420     0.0549     0.3486     3.2918     0.0488     0.0000 -121.96838   36.73600      72.77         10  0.000e+00
      32038   1334.875     49.507     49.881    10.5377    10.5479  37.509085  37.521299    10.5319    10.5420    33.8771    33.8800    25.9838    25.9843     4.2703     4.4116    130.068    134.372     1.4750     1.4420     0.0562     0.3792     3.2918     0.0488     0.0000 -121.96838   36.73600      72.75         10  0.000e+00
      32039   1334.917     49.527     49.901    10.5374    10.5479  37.508632  37.521493    10.5315    10.5420    33.8769    33.8801    25.9838    25.9844     4.2703     4.4116    130.069    134.372     1.4750     1.4420     0.0549     0.3486     3.2918     0.0476     0.0000 -121.96838   36.73600      72.75         10  0.000e+00
      32040   1334.958     49.574     49.948    10.5370    10.5483  37.508697  37.520718    10.5312    10.5425    33.8773    33.8789    25.9841    25.9834     4.2704     4.4116    130.071    134.373     1.4750     1.4420     0.0562     0.3792     3.2918     0.0488     0.0000 -121.96838   36.73600      72.77         10  0.000e+00
      32041   1335.000     49.474     49.848    10.5372    10.5481  37.508503  37.520588    10.5314    10.5422    33.8770    33.8791    25.9839    25.9836     4.2756     4.4116    130.230    134.372     1.4762     1.4420     0.0562     0.3792     3.2918     0.0488     0.0000 -121.96838   36.73600      72.82         10  0.000e+00
      32042   1335.042     49.561     49.935    10.5372    10.5480  37.509020  37.520072    10.5314    10.5421    33.8775    33.8786    25.9842    25.9832     4.2703     4.4116    130.070    134.374     1.4750     1.4420     0.0549     0.3486     3.2918     0.0476     0.0000 -121.96838   36.73600      72.82         10  0.000e+00
      32043   1335.083     49.527     49.901    10.5369    10.5482  37.509667  37.519619    10.5310    10.5423    33.8784    33.8780    25.9850    25.9827     4.2703     4.4116    130.069    134.373     1.4750     1.4420     0.0549     0.3486     3.2918     0.0476     0.0000 -121.96838   36.73600      72.80         10  0.000e+00
      32044   1335.125     49.474     49.848    10.5379    10.5487  37.510571  37.519877    10.5320    10.5428    33.8785    33.8778    25.9849    25.9825     4.2702     4.4115    130.066    134.371     1.4750     1.4420     0.0549     0.3486     3.2918     0.0476     0.0000 -121.96838   36.73600      72.82         10  0.000e+00
      32045   1335.167     49.574     49.948    10.5392    10.5490  37.511735  37.519878    10.5333    10.5431    33.8784    33.8774    25.9846    25.9821     4.2701     4.4116    130.064    134.372     1.4750     1.4420     0.0562     0.3792     3.2918     0.0476     0.0000 -121.96838   36.73600      72.82         10  0.000e+00
      32046   1335.208     49.474     49.848    10.5413    10.5492  37.512639  37.519877    10.5354    10.5433    33.8774    33.8773    25.9834    25.9820     4.2752     4.4115    130.217    134.370     1.4762     1.4420     0.0562     0.3792     3.2918     0.0476     0.0000 -121.96838   36.73600      72.82         10  0.000e+00
      32047   1335.250     49.461     49.834    10.5425    10.5493  37.513026  37.520200    10.5366    10.5435    33.8767    33.8775    25.9827    25.9821     4.2751     4.4115    130.215    134.369     1.4762     1.4420     0.0562     0.3792     3.2918     0.0476     0.0000 -121.96838   36.73600      72.84         10  0.000e+00
      32048   1335.292     49.527     49.901    10.5430    10.5492  37.513156  37.520201    10.5371    10.5433    33.8763    33.8776    25.9823    25.9822     4.2698     4.4115    130.054    134.370     1.4750     1.4420     0.0574     0.4097     3.2906     0.0476     0.0000 -121.96838   36.73600      72.84         10  0.000e+00
      32049   1335.333     49.474     49.848    10.5433    10.5492  37.513349  37.520394    10.5374    10.5433    33.8762    33.8779    25.9822    25.9824     4.2750     4.4115    130.213    134.369     1.4762     1.4420     0.0562     0.3792     3.2918     0.0476     0.0000 -121.96838   36.73600      72.84         10  0.000e+00
      32050   1335.375     49.474     49.848    10.5433    10.5502  37.513414  37.520717    10.5374    10.5443    33.8763    33.8773    25.9822    25.9818     4.2697     4.4114    130.052    134.367     1.4750     1.4420     0.0562     0.3792     3.2918     0.0476     0.0000 -121.96838   36.73600      72.84         10  0.000e+00
      32051   1335.417     49.507     49.881    10.5430    10.5507  37.512962  37.520652    10.5371    10.5448    33.8761    33.8767    25.9822    25.9813     4.2645     4.4114    129.893    134.366     1.4737     1.4420     0.0574     0.4097     3.2906     0.0464     0.0000 -121.96838   36.73600      72.84         10  0.000e+00
      32052   1335.458     49.474     49.848    10.5426    10.5507  37.512574  37.521040    10.5368    10.5448    33.8761    33.8771    25.9822    25.9816     4.2698     4.4113    130.054    134.365     1.4750     1.4420     0.0562     0.3792     3.2930     0.0464     0.0000 -121.96838   36.73600      72.87         10  0.000e+00
      32053   1335.500     49.474     49.848    10.5422    10.5505  37.511928  37.521169    10.5363    10.5446    33.8759    33.8774    25.9821    25.9819     4.2699     4.4114    130.056    134.366     1.4750     1.4420     0.0562     0.3792     3.2918     0.0464     0.0000 -121.96838   36.73600      72.87         10  0.000e+00
      32054   1335.542     49.474     49.848    10.5418    10.5500  37.511540  37.520975    10.5359    10.5441    33.8758    33.8777    25.9821    25.9822     4.2699     4.4114    130.057    134.367     1.4750     1.4420     0.0562     0.3792     3.2930     0.0464     0.0000 -121.96838   36.73600      72.89         10  0.000e+00
      32055   1335.583     49.474     49.848    10.5413    10.5497  37.511217  37.520588    10.5354    10.5438    33.8759    33.8776    25.9823    25.9821     4.2699     4.4114    130.058    134.368     1.4750     1.4420     0.0562     0.3792     3.2906     0.0464     0.0000 -121.96838   36.73600      72.87         10  0.000e+00
      32056   1335.625     49.461     49.834    10.5412    10.5500  37.511152  37.520717    10.5353    10.5441    33.8760    33.8774    25.9824    25.9820     4.2699     4.4114    130.058    134.367     1.4750     1.4420     0.0562     0.3792     3.2906     0.0464     0.0000 -121.96838   36.73600      72.87         10  0.000e+00
      32057   1335.667     49.474     49.848    10.5408    10.5504  37.511540  37.521169    10.5350    10.5445    33.8767    33.8775    25.9830    25.9820     4.2647     4.4114    129.898    134.366     1.4737     1.4420     0.0562     0.3792     3.2918     0.0476     0.0000 -121.96838   36.73600      72.87         10  0.000e+00
      32058   1335.708     49.474     49.848    10.5410    10.5508  37.511734  37.521686    10.5351    10.5449    33.8768    33.8776    25.9830    25.9820     4.2699     4.4113    130.058    134.364     1.4750     1.4420     0.0562     0.3792     3.2906     0.0476     0.0000 -121.96838   36.73600      72.89         10  0.000e+00
      32059   1335.750     49.474     49.848    10.5417    10.5510  37.512316  37.521815    10.5358    10.5451    33.8767    33.8776    25.9829    25.9819     4.2646     4.4113    129.896    134.364     1.4737     1.4420     0.0562     0.3792     3.2930     0.0464     0.0000 -121.96838   36.73600      72.89         10  0.000e+00
      32060   1335.792     49.474     49.848    10.5420    10.5515  37.512962  37.522138    10.5361    10.5456    33.8771    33.8774    25.9831    25.9817     4.2698     4.4112    130.055    134.362     1.4750     1.4420     0.0562     0.3792     3.2918     0.0476     0.0000 -121.96836   36.73600      72.89         10  0.000e+00
      32061   1335.833     49.507     49.881    10.5425    10.5516  37.513544  37.521880    10.5366    10.5458    33.8772    33.8770    25.9831    25.9814     4.2645     4.4113    129.893    134.363     1.4737     1.4420     0.0574     0.4097     3.2906     0.0488     0.0000 -121.96836   36.73600      72.89         10  0.000e+00
      32062   1335.875     49.474     49.848    10.5425    10.5520  37.513285  37.522009    10.5366    10.5461    33.8769    33.8768    25.9829    25.9812     4.2645     4.4055    129.893    134.187     1.4737     1.4408     0.0574     0.4097     3.2906     0.0488     0.0000 -121.96836   36.73600      72.89         10  0.000e+00
      32063   1335.917     49.474     49.848    10.5430    10.5521  37.513350  37.522202    10.5371    10.5463    33.8765    33.8769    25.9825    25.9812     4.2645     4.4055    129.892    134.186     1.4737     1.4408     0.0562     0.3792     3.2918     0.0476     0.0000 -121.96836   36.73600      72.89         10  0.000e+00
      32064   1335.958     49.474     49.848    10.5431    10.5521  37.513414  37.522461    10.5373    10.5463    33.8765    33.8772    25.9824    25.9814     4.2645     4.4112    129.892    134.361     1.4737     1.4420     0.0574     0.4097     3.2918     0.0476     0.0000 -121.96836   36.73600      72.87         10  0.000e+00
      32065   1336.000     49.507     49.881    10.5433    10.5523  37.513673  37.522203    10.5374    10.5465    33.8765    33.8767    25.9824    25.9810     4.2645     4.4112    129.892    134.361     1.4737     1.4420     0.0562     0.3792     3.2918     0.0464     0.0000 -121.96836   36.73600      72.87         10  0.000e+00
      32066   1336.042     49.474     49.848    10.5434    10.5523  37.513802  37.522719    10.5376    10.5465    33.8766    33.8773    25.9824    25.9814     4.2644     4.4112    129.891    134.360     1.4737     1.4420     0.0562     0.3792     3.2918     0.0464     0.0000 -121.96836   36.73600      72.87         10  0.000e+00
      32067   1336.083     49.527     49.901    10.5433    10.5523  37.513996  37.522849    10.5374    10.5465    33.8769    33.8774    25.9827    25.9815     4.2645     4.4112    129.892    134.361     1.4737     1.4420     0.0574     0.4097     3.2906     0.0464     0.0000 -121.96836   36.73600      72.84         10  0.000e+00
      32068   1336.125     49.527     49.901    10.5433    10.5526  37.513544  37.522267    10.5374    10.5468    33.8764    33.8765    25.9823    25.9808     4.2698     4.4112    130.053    134.361     1.4750     1.4420     0.0574     0.4097     3.2906     0.0464     0.0000 -121.96836   36.73600      72.87         10  0.000e+00
      32069   1336.167     49.474     49.848    10.5431    10.5526  37.513220  37.522977    10.5373    10.5468    33.8763    33.8772    25.9823    25.9813     4.2645     4.4111    129.892    134.359     1.4737     1.4420     0.0562     0.3792     3.2918     0.0452     0.0000 -121.96836   36.73600      72.87         10  0.000e+00
      32070   1336.208     49.561     49.935    10.5428    10.5526  37.513156  37.522913    10.5369    10.5468    33.8765    33.8771    25.9825    25.9813     4.2698     4.4054    130.055    134.186     1.4750     1.4408     0.0562     0.3792     3.2918     0.0452     0.0000 -121.96836   36.73600      72.87         10  0.000e+00
      32071   1336.250     49.474     49.848    10.5423    10.5530  37.512639  37.523300    10.5364    10.5471    33.8764    33.8772    25.9825    25.9813     4.2645     4.4054    129.894    134.183     1.4737     1.4408     0.0574     0.4097     3.2918     0.0452     0.0000 -121.96836   36.73600      72.87         10  0.000e+00
      32072   1336.292     49.527     49.901    10.5426    10.5530  37.512897  37.523817    10.5368    10.5471    33.8764    33.8777    25.9824    25.9817     4.2698     4.4054    130.055    134.184     1.4750     1.4408     0.0574     0.4097     3.2918     0.0452     0.0000 -121.96836   36.73600      72.87         10  0.000e+00
      32073   1336.333     49.527     49.901    10.5428    10.5543  37.513608  37.525109    10.5369    10.5484    33.8769    33.8778    25.9828    25.9815     4.2645     4.4110    129.893    134.354     1.4737     1.4420     0.0574     0.4097     3.2918     0.0452     0.0000 -121.96836   36.73600      72.87         10  0.000e+00
      34954   1456.375     39.964     40.265    10.9989    10.9955  37.902032  37.899845    10.9941    10.9906    33.8473    33.8483    25.8790    25.8804     5.2289     5.3547    159.284    163.114     1.7106     1.6557     0.0672     0.6539     3.2894     0.0293     0.0000 -121.96838   36.73600      82.44         11  0.000e+00
      34955   1456.417     39.964     40.265    10.9995    10.9955  37.902162  37.899910    10.9946    10.9906    33.8469    33.8484    25.8786    25.8804     5.2341     5.3490    159.441    162.941     1.7118     1.6545     0.0672     0.6539     3.2869     0.0293     0.0000 -121.96838   36.73600      82.44         11  0.000e+00
