WCOA/WCOA-6/CTD_Data/RB2102_CTD_075_01.ros
* Sea-Bird SBE 9 Data File:
* FileName = C:\Users\scs.user.rb\CTD\RB2102\Data\RB2102_CTD_075_01.hex
* Software Version Seasave V 7.26.7.107
* Temperature SN = 6202
* Conductivity SN = 4907
* Number of Bytes Per Scan = 41
* Number of Voltage Words = 4
* Number of Scans Averaged by the Deck Unit = 1
* NMEA Latitude = 40 12.19 N
* NMEA Longitude = 124 29.26 W
* NMEA UTC (Time) = Jul 09 2021  14:04:43
* NMEA baud rate = 4800
# nquan = 30
# nvalues = 863                                   
# units = specified
# name 0 = scan: Scan Count
# name 1 = timeS: Time, Elapsed [seconds]
# name 2 = depSM: Depth [salt water, m]
# name 3 = prDM: Pressure, Digiquartz [db]
# name 4 = t090C: Temperature [ITS-90, deg C]
# name 5 = t190C: Temperature, 2 [ITS-90, deg C]
# name 6 = c0mS/cm: Conductivity [mS/cm]
# name 7 = c1mS/cm: Conductivity, 2 [mS/cm]
# name 8 = potemp090C: Potential Temperature [ITS-90, deg C]
# name 9 = potemp190C: Potential Temperature, 2 [ITS-90, deg C]
# name 10 = sal00: Salinity, Practical [PSU]
# name 11 = sal11: Salinity, Practical, 2 [PSU]
# name 12 = sigma-é00: Density [sigma-theta, kg/m^3]
# name 13 = sigma-é11: Density, 2 [sigma-theta, kg/m^3]
# name 14 = sbeox0Mg/L: Oxygen, SBE 43 [mg/l]
# name 15 = sbeox1Mg/L: Oxygen, SBE 43, 2 [mg/l]
# name 16 = sbox0Mm/Kg: Oxygen, SBE 43 [umol/kg]
# name 17 = sbox1Mm/Kg: Oxygen, SBE 43, 2 [umol/kg]
# name 18 = sbeox0V: Oxygen raw, SBE 43 [V]
# name 19 = sbeox1V: Oxygen raw, SBE 43, 2 [V]
# name 20 = v4: Voltage 4
# name 21 = flECO-AFL: Fluorescence, WET Labs ECO-AFL/FL [mg/m^3]
# name 22 = v3: Voltage 3
# name 23 = v6: Voltage 6
# name 24 = v7: Voltage 7
# name 25 = longitude: Longitude [deg]
# name 26 = latitude: Latitude [deg]
# name 27 = altM: Altimeter [m]
# name 28 = nbf: Bottles Fired
# name 29 = flag:  0.000e+00
# interval = seconds: 0.0416667
# start_time = Jul 09 2021 14:04:43 [NMEA time, header]
# bad_flag = -9.990e-29
*END*
[from data line 146]
      40557   1689.833    198.968    200.606     8.2746     8.2755  35.655907  35.656826     8.2542     8.2550    34.0392    34.0394    26.4812    26.4812     2.7309     2.8183     83.140     85.800     1.0757     1.0611     0.0427     0.0434     3.2271     0.0012     0.0000 -124.49226   40.20260      99.78          3  0.000e+00
      47004   1958.458    149.027    150.235     8.4540     8.4544  35.781673  35.782632     8.4386     8.4389    34.0228    34.0235    26.4404    26.4409     3.1279     3.2524     95.231     99.021     1.1685     1.1538     0.0440     0.0739     3.2247     0.0024     0.0000 -124.49254   40.20258      99.73          4  0.000e+00
      47005   1958.500    148.920    150.128     8.4537     8.4545  35.781038  35.782695     8.4383     8.4390    34.0225    34.0235    26.4402    26.4409     3.1279     3.2524     95.230     99.020     1.1685     1.1538     0.0440     0.0739     3.2222     0.0024     0.0000 -124.49254   40.20258      99.73          4  0.000e+00
      47006   1958.542    149.027    150.235     8.4534     8.4544  35.780594  35.782569     8.4380     8.4389    34.0223    34.0235    26.4401    26.4408     3.1280     3.2524     95.232     99.021     1.1685     1.1538     0.0440     0.0739     3.2234     0.0012     0.0000 -124.49254   40.20258      99.73          4  0.000e+00
      47007   1958.583    149.027    150.235     8.4531     8.4544  35.781038  35.782505     8.4377     8.4389    34.0231    34.0234    26.4407    26.4408     3.1280     3.2524     95.232     99.021     1.1685     1.1538     0.0452     0.1044     3.2222     0.0012     0.0000 -124.49254   40.20258      99.73          4  0.000e+00
      47008   1958.625    148.967    150.174     8.4528     8.4544  35.781419  35.782695     8.4373     8.4389    34.0238    34.0236    26.4414    26.4410     3.1280     3.2524     95.232     99.020     1.1685     1.1538     0.0440     0.0739     3.2247     0.0012     0.0000 -124.49254   40.20258      99.73          4  0.000e+00
      47009   1958.667    149.073    150.281     8.4529     8.4543  35.781292  35.782823     8.4375     8.4388    34.0235    34.0238    26.4411    26.4412     3.1280     3.2524     95.233     99.022     1.1685     1.1538     0.0440     0.0739     3.2222     0.0012     0.0000 -124.49254   40.20258      99.73          4  0.000e+00
      47010   1958.708    149.020    150.228     8.4529     8.4544  35.781419  35.782569     8.4375     8.4389    34.0237    34.0235    26.4412    26.4408     3.1280     3.2524     95.232     99.021     1.1685     1.1538     0.0440     0.0739     3.2234     0.0012     0.0000 -124.49254   40.20258      99.73          4  0.000e+00
      47011   1958.750    149.027    150.235     8.4531     8.4543  35.781229  35.782506     8.4377     8.4388    34.0233    34.0235    26.4409    26.4409     3.1280     3.2524     95.232     99.022     1.1685     1.1538     0.0440     0.0739     3.2222     0.0012     0.0000 -124.49254   40.20258      99.73          4  0.000e+00
      47012   1958.792    149.073    150.281     8.4531     8.4539  35.780975  35.782696     8.4377     8.4385    34.0230    34.0240    26.4407    26.4414     3.1280     3.2525     95.233     99.023     1.1685     1.1538     0.0452     0.1044     3.2222     0.0012     0.0000 -124.49254   40.20258      99.73          4  0.000e+00
      47013   1958.833    149.066    150.275     8.4529     8.4543  35.781356  35.782569     8.4375     8.4388    34.0236    34.0236    26.4412    26.4410     3.1280     3.2524     95.233     99.022     1.1685     1.1538     0.0440     0.0739     3.2222     0.0012     0.0000 -124.49254   40.20258      99.73          4  0.000e+00
      47014   1958.875    149.073    150.282     8.4531     8.4543  35.781482  35.782506     8.4377     8.4389    34.0235    34.0234    26.4411    26.4408     3.1280     3.2524     95.233     99.022     1.1685     1.1538     0.0440     0.0739     3.2222     0.0012     0.0000 -124.49254   40.20258      99.73          4  0.000e+00
      47015   1958.917    149.027    150.235     8.4531     8.4541  35.781292  35.782506     8.4377     8.4386    34.0233    34.0237    26.4409    26.4411     3.1280     3.2524     95.232     99.022     1.1685     1.1538     0.0440     0.0739     3.2247     0.0012     0.0000 -124.49254   40.20258      99.73          4  0.000e+00
      47016   1958.958    149.113    150.322     8.4531     8.4543  35.781419  35.782506     8.4377     8.4388    34.0234    34.0235    26.4410    26.4409     3.1280     3.2525     95.233     99.023     1.1685     1.1538     0.0440     0.0739     3.2222     0.0012     0.0000 -124.49254   40.20258      99.76          4  0.000e+00
      47017   1959.000    149.073    150.282     8.4528     8.4541  35.780975  35.782506     8.4373     8.4386    34.0233    34.0237    26.4410    26.4411     3.1280     3.2525     95.234     99.023     1.1685     1.1538     0.0440     0.0739     3.2222     0.0012     0.0000 -124.49254   40.20258      99.73          4  0.000e+00
      47018   1959.042    149.113    150.322     8.4528     8.4539  35.781102  35.782506     8.4373     8.4385    34.0234    34.0238    26.4411    26.4412     3.1280     3.2525     95.234     99.023     1.1685     1.1538     0.0440     0.0739     3.2247     0.0012     0.0000 -124.49254   40.20258      99.73          4  0.000e+00
      47019   1959.083    149.126    150.335     8.4528     8.4541  35.781229  35.782506     8.4373     8.4386    34.0235    34.0237    26.4412    26.4411     3.1280     3.2525     95.234     99.023     1.1685     1.1538     0.0440     0.0739     3.2247     0.0012     0.0000 -124.49254   40.20258      99.73          4  0.000e+00
      47020   1959.125    149.073    150.282     8.4531     8.4543  35.781609  35.782506     8.4377     8.4388    34.0237    34.0235    26.4412    26.4409     3.1280     3.2524     95.233     99.022     1.1685     1.1538     0.0440     0.0739     3.2222     0.0012     0.0000 -124.49254   40.20258      99.73          4  0.000e+00
      47021   1959.167    149.113    150.322     8.4533     8.4539  35.781356  35.782252     8.4378     8.4385    34.0232    34.0235    26.4408    26.4410     3.1280     3.2525     95.233     99.023     1.1685     1.1538     0.0440     0.0739     3.2222     0.0012     0.0000 -124.49254   40.20258      99.73          4  0.000e+00
      47022   1959.208    149.073    150.282     8.4534     8.4537  35.781419  35.782189     8.4380     8.4383    34.0231    34.0237    26.4407    26.4411     3.1280     3.2525     95.232     99.023     1.1685     1.1538     0.0440     0.0739     3.2234     0.0012     0.0000 -124.49254   40.20258      99.73          4  0.000e+00
      47023   1959.250    149.166    150.375     8.4534     8.4538  35.781483  35.782189     8.4379     8.4384    34.0232    34.0235    26.4408    26.4410     3.1280     3.2525     95.233     99.024     1.1685     1.1538     0.0440     0.0739     3.2234     0.0012     0.0000 -124.49254   40.20258      99.73          4  0.000e+00
      47024   1959.292    149.126    150.335     8.4534     8.4536  35.781483  35.782189     8.4380     8.4381    34.0232    34.0238    26.4408    26.4412     3.1336     3.2525     95.403     99.024     1.1697     1.1538     0.0440     0.0739     3.2234     0.0012     0.0000 -124.49254   40.20258      99.73          4  0.000e+00
      47025   1959.333    149.073    150.282     8.4536     8.4536  35.781736  35.782189     8.4381     8.4381    34.0233    34.0238    26.4409    26.4412     3.1280     3.2525     95.232     99.024     1.1685     1.1538     0.0440     0.0739     3.2234     0.0012     0.0000 -124.49254   40.20258      99.73          4  0.000e+00
      47026   1959.375    149.166    150.375     8.4533     8.4534  35.781546  35.781936     8.4378     8.4380    34.0234    34.0236    26.4410    26.4411     3.1336     3.2525     95.404     99.025     1.1697     1.1538     0.0440     0.0739     3.2234     0.0024     0.0000 -124.49254   40.20258      99.73          4  0.000e+00
      47027   1959.417    149.126    150.335     8.4536     8.4534  35.781483  35.782062     8.4381     8.4380    34.0230    34.0238    26.4406    26.4412     3.1336     3.2525     95.403     99.025     1.1697     1.1538     0.0440     0.0739     3.2234     0.0012     0.0000 -124.49254   40.20258      99.73          4  0.000e+00
      47028   1959.458    149.126    150.335     8.4536     8.4534  35.781736  35.782189     8.4381     8.4380    34.0233    34.0239    26.4409    26.4414     3.1280     3.2525     95.232     99.025     1.1685     1.1538     0.0440     0.0739     3.2234     0.0012     0.0000 -124.49254   40.20258      99.73          4  0.000e+00
      47029   1959.500    149.113    150.322     8.4536     8.4533  35.781800  35.781682     8.4381     8.4378    34.0234    34.0236    26.4409    26.4411     3.1280     3.2525     95.232     99.025     1.1685     1.1538     0.0452     0.1044     3.2234     0.0012     0.0000 -124.49254   40.20258      99.73          4  0.000e+00
      47030   1959.542    149.126    150.335     8.4536     8.4534  35.781356  35.781745     8.4381     8.4380    34.0229    34.0234    26.4405    26.4410     3.1280     3.2525     95.233     99.025     1.1685     1.1538     0.0440     0.0739     3.2234     0.0012     0.0000 -124.49254   40.20258      99.73          4  0.000e+00
      47031   1959.583    149.166    150.375     8.4538     8.4533  35.781419  35.782062     8.4383     8.4378    34.0228    34.0239    26.4404    26.4414     3.1336     3.2526     95.403     99.025     1.1697     1.1538     0.0440     0.0739     3.2234     0.0012     0.0000 -124.49254   40.20258      99.73          4  0.000e+00
      47032   1959.625    149.126    150.335     8.4536     8.4535  35.781483  35.781935     8.4381     8.4380    34.0230    34.0236    26.4406    26.4411     3.1336     3.2525     95.403     99.025     1.1697     1.1538     0.0440     0.0739     3.2234     0.0012     0.0000 -124.49254   40.20258      99.73          4  0.000e+00
      47033   1959.667    149.126    150.335     8.4536     8.4534  35.781736  35.781872     8.4381     8.4380    34.0233    34.0236    26.4409    26.4411     3.1336     3.2525     95.403     99.025     1.1697     1.1538     0.0440     0.0739     3.2234     0.0012     0.0000 -124.49254   40.20258      99.73          4  0.000e+00
      47034   1959.708    149.166    150.375     8.4534     8.4533  35.782054  35.781872     8.4379     8.4378    34.0238    34.0237    26.4413    26.4412     3.1336     3.2526     95.404     99.026     1.1697     1.1538     0.0440     0.0739     3.2234     0.0012     0.0000 -124.49254   40.20258      99.73          4  0.000e+00
      47035   1959.750    149.173    150.382     8.4538     8.4534  35.781610  35.781619     8.4383     8.4380    34.0230    34.0233    26.4406    26.4409     3.1336     3.2526     95.403     99.026     1.1697     1.1538     0.0440     0.0739     3.2234     0.0012     0.0000 -124.49254   40.20258      99.73          4  0.000e+00
      47036   1959.792    149.126    150.335     8.4536     8.4537  35.781292  35.781999     8.4381     8.4383    34.0228    34.0234    26.4405    26.4409     3.1336     3.2464     95.403     98.838     1.1697     1.1526     0.0440     0.0739     3.2234     0.0024     0.0000 -124.49254   40.20258      99.73          4  0.000e+00
      47037   1959.833    149.113    150.322     8.4537     8.4536  35.781419  35.782189     8.4383     8.4381    34.0228    34.0238    26.4405    26.4412     3.1280     3.2525     95.232     99.024     1.1685     1.1538     0.0440     0.0739     3.2234     0.0024     0.0000 -124.49254   40.20258      99.73          4  0.000e+00
      47038   1959.875    149.173    150.382     8.4539     8.4539  35.781736  35.781936     8.4384     8.4385    34.0230    34.0232    26.4405    26.4407     3.1280     3.2525     95.233     99.025     1.1685     1.1538     0.0440     0.0739     3.2234     0.0024     0.0000 -124.49254   40.20258      99.73          4  0.000e+00
      47039   1959.917    149.113    150.322     8.4540     8.4536  35.781609  35.782062     8.4386     8.4381    34.0227    34.0237    26.4403    26.4411     3.1279     3.2525     95.232     99.024     1.1685     1.1538     0.0440     0.0739     3.2234     0.0012     0.0000 -124.49254   40.20258      99.73          4  0.000e+00
      47040   1959.958    149.126    150.335     8.4542     8.4537  35.782434  35.782189     8.4388     8.4383    34.0234    34.0236    26.4408    26.4411     3.1335     3.2525     95.401     99.024     1.1697     1.1538     0.0440     0.0739     3.2234     0.0024     0.0000 -124.49254   40.20258      99.73          4  0.000e+00
      47041   1960.000    149.126    150.335     8.4540     8.4537  35.782307  35.782189     8.4386     8.4382    34.0235    34.0237    26.4409    26.4411     3.1335     3.2525     95.402     99.024     1.1697     1.1538     0.0440     0.0739     3.2234     0.0012     0.0000 -124.49254   40.20258      99.73          4  0.000e+00
      47042   1960.042    149.166    150.375     8.4544     8.4541  35.782371  35.782189     8.4389     8.4386    34.0232    34.0233    26.4406    26.4408     3.1335     3.2525     95.402     99.024     1.1697     1.1538     0.0440     0.0739     3.2222     0.0012     0.0000 -124.49254   40.20258      99.73          4  0.000e+00
      47043   1960.083    149.173    150.382     8.4544     8.4539  35.782180  35.782379     8.4389     8.4385    34.0230    34.0236    26.4405    26.4411     3.1335     3.2525     95.402     99.024     1.1697     1.1538     0.0440     0.0739     3.2234     0.0012     0.0000 -124.49254   40.20258      99.73          4  0.000e+00
      47044   1960.125    149.126    150.335     8.4546     8.4537  35.782117  35.782506     8.4391     8.4383    34.0228    34.0240    26.4403    26.4414     3.1335     3.2525     95.401     99.024     1.1697     1.1538     0.0440     0.0739     3.2234     0.0024     0.0000 -124.49254   40.20258      99.73          4  0.000e+00
      47045   1960.167    149.113    150.322     8.4546     8.4539  35.782371  35.782506     8.4391     8.4385    34.0230    34.0238    26.4405    26.4412     3.1335     3.2525     95.401     99.023     1.1697     1.1538     0.0440     0.0739     3.2234     0.0024     0.0000 -124.49254   40.20258      99.73          4  0.000e+00
      47046   1960.208    149.173    150.382     8.4546     8.4537  35.782434  35.781999     8.4391     8.4383    34.0231    34.0234    26.4405    26.4409     3.1335     3.2525     95.402     99.025     1.1697     1.1538     0.0440     0.0739     3.2222     0.0024     0.0000 -124.49254   40.20258      99.73          4  0.000e+00
      47047   1960.250    149.113    150.322     8.4542     8.4537  35.781990  35.782316     8.4388     8.4383    34.0230    34.0238    26.4405    26.4412     3.1279     3.2525     95.231     99.024     1.1685     1.1538     0.0440     0.0739     3.2234     0.0012     0.0000 -124.49254   40.20258      99.73          4  0.000e+00
      47048   1960.292    149.126    150.335     8.4544     8.4539  35.781863  35.782252     8.4389     8.4385    34.0227    34.0235    26.4402    26.4410     3.1279     3.2525     95.231     99.024     1.1685     1.1538     0.0440     0.0739     3.2234     0.0012     0.0000 -124.49254   40.20258      99.73          4  0.000e+00
      47049   1960.333    149.126    150.335     8.4544     8.4537  35.781546  35.782189     8.4389     8.4383    34.0223    34.0236    26.4400    26.4411     3.1279     3.2525     95.231     99.024     1.1685     1.1538     0.0440     0.0739     3.2234     0.0012     0.0000 -124.49254   40.20258      99.73          4  0.000e+00
