WCOA/WCOA-6/CTD_Data/RB2102_CTD_049_01.ros
* Sea-Bird SBE 9 Data File:
* FileName = C:\Users\scs.user.rb\CTD\RB2102\Data\RB2102_CTD_049_01.hex
* Software Version Seasave V 7.26.7.107
* Temperature SN = 6202
* Conductivity SN = 4907
* Number of Bytes Per Scan = 41
* Number of Voltage Words = 4
* Number of Scans Averaged by the Deck Unit = 1
* NMEA Latitude = 44 39.16 N
* NMEA Longitude = 124 39.14 W
* NMEA UTC (Time) = Jul 04 2021  03:19:21
* NMEA baud rate = 4800
# nquan = 30
# nvalues = 882                                   
# units = specified
# name 0 = scan: Scan Count
# name 1 = timeS: Time, Elapsed [seconds]
# name 2 = depSM: Depth [salt water, m]
# name 3 = prDM: Pressure, Digiquartz [db]
# name 4 = t090C: Temperature [ITS-90, deg C]
# name 5 = t190C: Temperature, 2 [ITS-90, deg C]
# name 6 = c0mS/cm: Conductivity [mS/cm]
# name 7 = c1mS/cm: Conductivity, 2 [mS/cm]
# name 8 = potemp090C: Potential Temperature [ITS-90, deg C]
# name 9 = potemp190C: Potential Temperature, 2 [ITS-90, deg C]
# name 10 = sal00: Salinity, Practical [PSU]
# name 11 = sal11: Salinity, Practical, 2 [PSU]
# name 12 = sigma-é00: Density [sigma-theta, kg/m^3]
# name 13 = sigma-é11: Density, 2 [sigma-theta, kg/m^3]
# name 14 = sbeox0Mg/L: Oxygen, SBE 43 [mg/l]
# name 15 = sbeox1Mg/L: Oxygen, SBE 43, 2 [mg/l]
# name 16 = sbox0Mm/Kg: Oxygen, SBE 43 [umol/kg]
# name 17 = sbox1Mm/Kg: Oxygen, SBE 43, 2 [umol/kg]
# name 18 = sbeox0V: Oxygen raw, SBE 43 [V]
# name 19 = sbeox1V: Oxygen raw, SBE 43, 2 [V]
# name 20 = v4: Voltage 4
# name 21 = flECO-AFL: Fluorescence, WET Labs ECO-AFL/FL [mg/m^3]
# name 22 = v3: Voltage 3
# name 23 = v6: Voltage 6
# name 24 = v7: Voltage 7
# name 25 = longitude: Longitude [deg]
# name 26 = latitude: Latitude [deg]
# name 27 = altM: Altimeter [m]
# name 28 = nbf: Bottles Fired
# name 29 = flag:  0.000e+00
# interval = seconds: 0.0416667
# start_time = Jul 04 2021 03:19:21 [NMEA time, header]
# bad_flag = -9.990e-29
*END*
[from data line 242]
      41056   1710.625    124.660    125.714     7.3483     7.3471  34.685200  34.684733     7.3365     7.3353    33.9335    33.9341    26.5319    26.5326     2.5554     2.6709     77.793     81.309     1.0305     1.0244     0.0403    -0.0177     3.3443     0.0000     0.0000 -124.65354   44.65284      99.80          5  0.000e+00
      41057   1710.667    124.660    125.714     7.3482     7.3473  34.685200  34.684858     7.3364     7.3355    33.9336    33.9341    26.5320    26.5326     2.5554     2.6709     77.793     81.308     1.0305     1.0244     0.0403    -0.0177     3.3431     0.0000     0.0000 -124.65354   44.65284      99.80          5  0.000e+00
      41058   1710.708    124.614    125.668     7.3486     7.3475  34.685325  34.684732     7.3367     7.3357    33.9334    33.9338    26.5318    26.5323     2.5554     2.6708     77.792     81.307     1.0305     1.0244     0.0403    -0.0177     3.3431     0.0000     0.0000 -124.65354   44.65284      99.80          5  0.000e+00
      46336   1930.625     99.451    100.286     7.4821     7.4727  34.752492  34.750848     7.4726     7.4632    33.8879    33.8954    26.4769    26.4841     2.6194     2.7416     79.746     83.465     1.0476     1.0415     0.0403    -0.0177     3.3407     0.0000     0.0000 -124.65356   44.65286      99.80          6  0.000e+00
      46337   1930.667     99.458    100.293     7.4823     7.4726  34.752555  34.750284     7.4728     7.4631    33.8878    33.8949    26.4768    26.4837     2.6194     2.7416     79.746     83.466     1.0476     1.0415     0.0403    -0.0177     3.3407     0.0000     0.0000 -124.65356   44.65286      99.80          6  0.000e+00
      46338   1930.708     99.358    100.193     7.4826     7.4728  34.752366  34.750096     7.4731     7.4633    33.8873    33.8945    26.4763    26.4834     2.6194     2.7416     79.745     83.465     1.0476     1.0415     0.0403    -0.0177     3.3407     0.0000     0.0000 -124.65356   44.65286      99.10          6  0.000e+00
      46339   1930.750     99.411    100.246     7.4825     7.4724  34.752492  34.751036     7.4729     7.4629    33.8876    33.8958    26.4766    26.4845     2.6194     2.7416     79.745     83.465     1.0476     1.0415     0.0403    -0.0177     3.3407     0.0000     0.0000 -124.65356   44.65286      96.63          6  0.000e+00
      46340   1930.792     99.451    100.286     7.4825     7.4724  34.752555  34.750848     7.4729     7.4629    33.8877    33.8956    26.4766    26.4843     2.6251     2.7416     79.919     83.466     1.0488     1.0415     0.0403    -0.0177     3.3407     0.0000     0.0000 -124.65356   44.65286      95.07          6  0.000e+00
      46341   1930.833     99.411    100.246     7.4825     7.4724  34.752617  34.750723     7.4729     7.4629    33.8878    33.8956    26.4767    26.4842     2.6194     2.7416     79.745     83.466     1.0476     1.0415     0.0403    -0.0177     3.3407     0.0000     0.0000 -124.65356   44.65286      94.95          6  0.000e+00
      46342   1930.875     99.405    100.239     7.4823     7.4726  34.752555  34.750535     7.4728     7.4631    33.8878    33.8952    26.4768    26.4839     2.6194     2.7416     79.746     83.465     1.0476     1.0415     0.0403    -0.0177     3.3407     0.0000     0.0000 -124.65356   44.65286      95.09          6  0.000e+00
      46343   1930.917     99.411    100.246     7.4826     7.4728  34.752555  34.750660     7.4731     7.4633    33.8875    33.8951    26.4765    26.4838     2.6194     2.7416     79.745     83.465     1.0476     1.0415     0.0403    -0.0177     3.3419     0.0000     0.0000 -124.65356   44.65286      95.19          6  0.000e+00
      46344   1930.958     99.412    100.246     7.4823     7.4728  34.752366  34.750911     7.4728     7.4633    33.8876    33.8954    26.4766    26.4841     2.6194     2.7416     79.746     83.465     1.0476     1.0415     0.0403    -0.0177     3.3419     0.0000     0.0000 -124.65356   44.65286      95.43          6  0.000e+00
      46345   1931.000     99.451    100.286     7.4825     7.4729  34.752492  34.750786     7.4730     7.4634    33.8876    33.8951    26.4765    26.4838     2.6194     2.7416     79.746     83.465     1.0476     1.0415     0.0403    -0.0177     3.3407     0.0000     0.0000 -124.65356   44.65286      98.53          6  0.000e+00
      46346   1931.042     99.412    100.246     7.4825     7.4728  34.752743  34.750723     7.4729     7.4633    33.8879    33.8952    26.4768    26.4839     2.6194     2.7416     79.745     83.465     1.0476     1.0415     0.0403    -0.0177     3.3407     0.0000     0.0000 -124.65356   44.65286     100.00          6  0.000e+00
      46347   1931.083     99.405    100.240     7.4825     7.4731  34.752617  34.750723     7.4729     7.4636    33.8878    33.8949    26.4767    26.4836     2.6194     2.7353     79.745     83.275     1.0476     1.0403     0.0403    -0.0177     3.3407     0.0000     0.0000 -124.65356   44.65286     100.00          6  0.000e+00
      46348   1931.125     99.412    100.246     7.4826     7.4733  34.752366  34.750911     7.4731     7.4637    33.8873    33.8949    26.4763    26.4836     2.6194     2.7353     79.745     83.275     1.0476     1.0403     0.0403    -0.0177     3.3407     0.0000     0.0000 -124.65356   44.65286      99.98          6  0.000e+00
      46349   1931.167     99.451    100.286     7.4826     7.4733  34.752492  34.750786     7.4731     7.4637    33.8874    33.8948    26.4764    26.4835     2.6194     2.7353     79.746     83.275     1.0476     1.0403     0.0403    -0.0177     3.3419     0.0000     0.0000 -124.65356   44.65286      99.76          6  0.000e+00
      46350   1931.208     99.412    100.246     7.4826     7.4732  34.752053  34.750723     7.4731     7.4636    33.8870    33.8948    26.4760    26.4835     2.6194     2.7353     79.745     83.275     1.0476     1.0403     0.0403    -0.0177     3.3419     0.0000     0.0000 -124.65356   44.65286      99.76          6  0.000e+00
      46351   1931.250     99.405    100.240     7.4829     7.4733  34.752492  34.750723     7.4734     7.4637    33.8872    33.8947    26.4762    26.4835     2.6194     2.7415     79.745     83.464     1.0476     1.0415     0.0403    -0.0177     3.3407     0.0000     0.0000 -124.65356   44.65286      99.78          6  0.000e+00
      46352   1931.292     99.458    100.293     7.4828     7.4731  34.752555  34.750723     7.4733     7.4635    33.8874    33.8949    26.4763    26.4836     2.6194     2.7354     79.745     83.276     1.0476     1.0403     0.0403    -0.0177     3.3407     0.0000     0.0000 -124.65356   44.65286      99.80          6  0.000e+00
      46353   1931.333     99.359    100.193     7.4829     7.4733  34.752554  34.750723     7.4734     7.4637    33.8873    33.8947    26.4762    26.4835     2.6193     2.7415     79.744     83.464     1.0476     1.0415     0.0403    -0.0177     3.3419     0.0000     0.0000 -124.65356   44.65286      99.78          6  0.000e+00
      46354   1931.375     99.451    100.287     7.4829     7.4729  34.752617  34.750723     7.4734     7.4634    33.8873    33.8951    26.4763    26.4838     2.6251     2.7354     79.919     83.276     1.0488     1.0403     0.0403    -0.0177     3.3407     0.0000     0.0000 -124.65356   44.65286      99.80          6  0.000e+00
      46355   1931.417     99.412    100.246     7.4829     7.4731  34.752805  34.750723     7.4734     7.4636    33.8875    33.8949    26.4764    26.4836     2.6251     2.7416     79.918     83.465     1.0488     1.0415     0.0403    -0.0177     3.3419     0.0000     0.0000 -124.65356   44.65286      99.80          6  0.000e+00
      46356   1931.458     99.405    100.240     7.4832     7.4733  34.752366  34.751162     7.4736     7.4637    33.8868    33.8952    26.4758    26.4838     2.6251     2.7353     79.918     83.274     1.0488     1.0403     0.0403    -0.0177     3.3419     0.0000     0.0000 -124.65356   44.65286      99.80          6  0.000e+00
      46357   1931.500     99.458    100.293     7.4835     7.4741  34.752555  34.751350     7.4739     7.4646    33.8867    33.8946    26.4757    26.4832     2.6194     2.7415     79.745     83.463     1.0476     1.0415     0.0403    -0.0177     3.3407     0.0000     0.0000 -124.65356   44.65286      99.80          6  0.000e+00
      46358   1931.542     99.405    100.240     7.4835     7.4743  34.752805  34.751349     7.4739     7.4648    33.8870    33.8944    26.4760    26.4830     2.6193     2.7353     79.744     83.273     1.0476     1.0403     0.0403    -0.0177     3.3419     0.0000     0.0000 -124.65356   44.65286      99.80          6  0.000e+00
      46359   1931.583     99.412    100.247     7.4835     7.4750  34.752617  34.751788     7.4739     7.4655    33.8868    33.8941    26.4758    26.4827     2.6193     2.7414     79.744     83.461     1.0476     1.0415     0.0403    -0.0177     3.3407     0.0000     0.0000 -124.65356   44.65286      99.80          6  0.000e+00
      46360   1931.625     99.452    100.287     7.4836     7.4750  34.752555  34.751475     7.4741     7.4655    33.8866    33.8938    26.4756    26.4825     2.6193     2.7352     79.744     83.272     1.0476     1.0403     0.0403    -0.0177     3.3419     0.0000     0.0000 -124.65356   44.65286      99.80          6  0.000e+00
      46361   1931.667     99.412    100.247     7.4836     7.4750  34.752868  34.751788     7.4741     7.4655    33.8869    33.8941    26.4759    26.4827     2.6193     2.7414     79.744     83.461     1.0476     1.0415     0.0403    -0.0177     3.3407     0.0000     0.0000 -124.65356   44.65286      99.80          6  0.000e+00
      46362   1931.708     99.452    100.287     7.4836     7.4753  34.752868  34.751475     7.4741     7.4658    33.8869    33.8935    26.4759    26.4822     2.6193     2.7352     79.744     83.272     1.0476     1.0403     0.0403    -0.0177     3.3419     0.0000     0.0000 -124.65356   44.65286      99.80          6  0.000e+00
      46363   1931.750     99.412    100.247     7.4835     7.4760  34.752868  34.751788     7.4739     7.4664    33.8871    33.8932    26.4760    26.4819     2.6193     2.7414     79.744     83.460     1.0476     1.0415     0.0403    -0.0177     3.3419     0.0000     0.0000 -124.65356   44.65286      99.80          6  0.000e+00
      46364   1931.792     99.412    100.247     7.4836     7.4768  34.752931  34.752164     7.4741     7.4673    33.8870    33.8928    26.4759    26.4814     2.6193     2.7413     79.744     83.458     1.0476     1.0415     0.0403    -0.0177     3.3431     0.0000     0.0000 -124.65356   44.65286      99.80          6  0.000e+00
      46365   1931.833     99.359    100.193     7.4835     7.4776  34.752868  34.752289     7.4739     7.4681    33.8871    33.8921    26.4760    26.4808     2.6193     2.7413     79.743     83.456     1.0476     1.0415     0.0403    -0.0177     3.3407     0.0000     0.0000 -124.65356   44.65286      99.80          6  0.000e+00
      46366   1931.875     99.511    100.347     7.4836     7.4786  34.752618  34.752289     7.4741     7.4691    33.8866    33.8911    26.4756    26.4799     2.6194     2.7351     79.745     83.267     1.0476     1.0403     0.0403    -0.0177     3.3419     0.0000     0.0000 -124.65356   44.65286      99.78          6  0.000e+00
      46367   1931.917     99.405    100.240     7.4833     7.4792  34.752868  34.752289     7.4737     7.4697    33.8873    33.8906    26.4762    26.4794     2.6136     2.7350     79.570     83.265     1.0464     1.0403     0.0403    -0.0177     3.3419     0.0000     0.0000 -124.65356   44.65286      99.78          6  0.000e+00
      46368   1931.958     99.458    100.294     7.4836     7.4797  34.752868  34.752477     7.4741     7.4702    33.8869    33.8903    26.4758    26.4791     2.6193     2.7350     79.744     83.264     1.0476     1.0403     0.0403    -0.0177     3.3407     0.0000     0.0000 -124.65356   44.65286      99.78          6  0.000e+00
      46369   1932.000     99.452    100.287     7.4833     7.4800  34.752617  34.752602     7.4737     7.4705    33.8870    33.8901    26.4760    26.4789     2.6194     2.7412     79.745     83.453     1.0476     1.0415     0.0403    -0.0177     3.3419     0.0000     0.0000 -124.65356   44.65286      99.78          6  0.000e+00
      46370   1932.042     99.412    100.247     7.4835     7.4805  34.752868  34.752602     7.4739     7.4710    33.8871    33.8896    26.4760    26.4784     2.6193     2.7411     79.744     83.452     1.0476     1.0415     0.0403    -0.0177     3.3419     0.0000     0.0000 -124.65356   44.65286      99.80          6  0.000e+00
      46371   1932.083     99.452    100.287     7.4836     7.4807  34.752868  34.752352     7.4741     7.4712    33.8869    33.8892    26.4759    26.4781     2.6136     2.7349     79.570     83.263     1.0464     1.0403     0.0403    -0.0177     3.3419     0.0000     0.0000 -124.65356   44.65286      99.78          6  0.000e+00
      46372   1932.125     99.412    100.247     7.4836     7.4809  34.752868  34.752477     7.4741     7.4713    33.8869    33.8892    26.4759    26.4780     2.6136     2.7411     79.570     83.452     1.0464     1.0415     0.0403    -0.0177     3.3407     0.0000     0.0000 -124.65356   44.65286      99.80          6  0.000e+00
      46373   1932.167     99.458    100.294     7.4839     7.4812  34.752931  34.752790     7.4744     7.4716    33.8867    33.8892    26.4756    26.4780     2.6193     2.7411     79.744     83.452     1.0476     1.0415     0.0403    -0.0177     3.3419     0.0000     0.0000 -124.65356   44.65286      99.78          6  0.000e+00
      46374   1932.208     99.452    100.287     7.4841     7.4815  34.753370  34.752665     7.4745     7.4720    33.8870    33.8887    26.4759    26.4776     2.6193     2.7411     79.743     83.451     1.0476     1.0415     0.0403    -0.0177     3.3407     0.0000     0.0000 -124.65356   44.65286      99.80          6  0.000e+00
      46375   1932.250     99.459    100.294     7.4844     7.4820  34.753244  34.752602     7.4749     7.4725    33.8865    33.8882    26.4754    26.4771     2.6193     2.7411     79.743     83.451     1.0476     1.0415     0.0403    -0.0177     3.3419     0.0000     0.0000 -124.65356   44.65286      99.80          6  0.000e+00
      46376   1932.292     99.452    100.287     7.4845     7.4822  34.753182  34.753041     7.4750     7.4726    33.8863    33.8885    26.4753    26.4773     2.6193     2.7348     79.743     83.260     1.0476     1.0403     0.0403    -0.0177     3.3407     0.0000     0.0000 -124.65356   44.65286      99.80          6  0.000e+00
      46377   1932.333     99.459    100.294     7.4849     7.4823  34.753244  34.752727     7.4753     7.4728    33.8861    33.8880    26.4750    26.4769     2.6193     2.7348     79.742     83.260     1.0476     1.0403     0.0403    -0.0177     3.3419     0.0000     0.0000 -124.65356   44.65286      99.78          6  0.000e+00
      46378   1932.375     99.452    100.287     7.4849     7.4825  34.753182  34.753041     7.4754     7.4729    33.8860    33.8882    26.4750    26.4770     2.6136     2.7410     79.569     83.449     1.0464     1.0415     0.0403    -0.0177     3.3419     0.0000     0.0000 -124.65356   44.65286      99.78          6  0.000e+00
      46379   1932.417     99.459    100.294     7.4851     7.4827  34.753182  34.752978     7.4755     7.4731    33.8858    33.8880    26.4748    26.4768     2.6136     2.7410     79.568     83.449     1.0464     1.0415     0.0403    -0.0177     3.3407     0.0000     0.0000 -124.65356   44.65286      99.80          6  0.000e+00
      46380   1932.458     99.452    100.287     7.4847     7.4828  34.753495  34.753103     7.4752     7.4733    33.8865    33.8879    26.4754    26.4768     2.6136     2.7410     79.569     83.449     1.0464     1.0415     0.0403    -0.0177     3.3407     0.0000     0.0000 -124.65356   44.65286      99.80          6  0.000e+00
