WCOA/WCOA-6/CTD_Data/RB2102_CTD_064_01.ros
* Sea-Bird SBE 9 Data File:
* FileName = C:\Users\scs.user.rb\CTD\RB2102\Data\RB2102_CTD_064_01.hex
* Software Version Seasave V 7.26.7.107
* Temperature SN = 6202
* Conductivity SN = 4907
* Number of Bytes Per Scan = 41
* Number of Voltage Words = 4
* Number of Scans Averaged by the Deck Unit = 1
* NMEA Latitude = 41 56.84 N
* NMEA Longitude = 124 33.70 W
* NMEA UTC (Time) = Jul 06 2021  21:01:47
* NMEA baud rate = 4800
# nquan = 30
# nvalues = 931                                   
# units = specified
# name 0 = scan: Scan Count
# name 1 = timeS: Time, Elapsed [seconds]
# name 2 = depSM: Depth [salt water, m]
# name 3 = prDM: Pressure, Digiquartz [db]
# name 4 = t090C: Temperature [ITS-90, deg C]
# name 5 = t190C: Temperature, 2 [ITS-90, deg C]
# name 6 = c0mS/cm: Conductivity [mS/cm]
# name 7 = c1mS/cm: Conductivity, 2 [mS/cm]
# name 8 = potemp090C: Potential Temperature [ITS-90, deg C]
# name 9 = potemp190C: Potential Temperature, 2 [ITS-90, deg C]
# name 10 = sal00: Salinity, Practical [PSU]
# name 11 = sal11: Salinity, Practical, 2 [PSU]
# name 12 = sigma-é00: Density [sigma-theta, kg/m^3]
# name 13 = sigma-é11: Density, 2 [sigma-theta, kg/m^3]
# name 14 = sbeox0Mg/L: Oxygen, SBE 43 [mg/l]
# name 15 = sbeox1Mg/L: Oxygen, SBE 43, 2 [mg/l]
# name 16 = sbox0Mm/Kg: Oxygen, SBE 43 [umol/kg]
# name 17 = sbox1Mm/Kg: Oxygen, SBE 43, 2 [umol/kg]
# name 18 = sbeox0V: Oxygen raw, SBE 43 [V]
# name 19 = sbeox1V: Oxygen raw, SBE 43, 2 [V]
# name 20 = v4: Voltage 4
# name 21 = flECO-AFL: Fluorescence, WET Labs ECO-AFL/FL [mg/m^3]
# name 22 = v3: Voltage 3
# name 23 = v6: Voltage 6
# name 24 = v7: Voltage 7
# name 25 = longitude: Longitude [deg]
# name 26 = latitude: Latitude [deg]
# name 27 = altM: Altimeter [m]
# name 28 = nbf: Bottles Fired
# name 29 = flag:  0.000e+00
# interval = seconds: 0.0416667
# start_time = Jul 06 2021 21:01:47 [NMEA time, header]
# bad_flag = -9.990e-29
*END*
[from data line 49]
      19137    797.333    168.229    169.627     7.7932     7.7933  35.192455  35.193129     7.7766     7.7766    34.0261    34.0267    26.5418    26.5423     2.5294     2.6420     77.000     80.428     1.0281     1.0220     0.0403    -0.0177     3.1563     0.0159     0.0000 -124.56180   41.94668       9.65          2  0.000e+00
      19138    797.375    168.129    169.527     7.7932     7.7934  35.192391  35.193066     7.7766     7.7768    34.0261    34.0266    26.5417    26.5421     2.5293     2.6357     76.999     80.237     1.0281     1.0208     0.0403    -0.0177     3.1563     0.0159     0.0000 -124.56180   41.94668       9.67          2  0.000e+00
      19139    797.417    168.175    169.574     7.7929     7.7934  35.192581  35.193066     7.7763     7.7768    34.0266    34.0266    26.5422    26.5421     2.5294     2.6357     77.000     80.238     1.0281     1.0208     0.0403    -0.0177     3.1563     0.0159     0.0000 -124.56180   41.94668       9.67          2  0.000e+00
      19140    797.458    168.229    169.627     7.7934     7.7936  35.192455  35.193255     7.7768     7.7769    34.0259    34.0266    26.5416    26.5421     2.5293     2.6420     77.000     80.427     1.0281     1.0220     0.0403    -0.0177     3.1538     0.0159     0.0000 -124.56180   41.94668       9.65          2  0.000e+00
      19141    797.500    168.083    169.480     7.7931     7.7936  35.192202  35.193569     7.7765     7.7769    34.0260    34.0270    26.5417    26.5424     2.5293     2.6419     76.999     80.426     1.0281     1.0220     0.0403    -0.0177     3.1538     0.0159     0.0000 -124.56180   41.94668       9.65          2  0.000e+00
      19142    797.542    168.129    169.527     7.7932     7.7936  35.192328  35.193444     7.7766     7.7769    34.0260    34.0268    26.5417    26.5423     2.5293     2.6419     76.999     80.426     1.0281     1.0220     0.0403    -0.0177     3.1551     0.0159     0.0000 -124.56180   41.94668       9.72          2  0.000e+00
      19143    797.583    168.122    169.520     7.7932     7.7937  35.192580  35.193570     7.7766     7.7771    34.0263    34.0268    26.5419    26.5422     2.5350     2.6419     77.172     80.426     1.0293     1.0220     0.0403    -0.0177     3.1551     0.0159     0.0000 -124.56180   41.94668       9.79          2  0.000e+00
      19144    797.625    168.083    169.480     7.7932     7.7939  35.192454  35.193443     7.7766     7.7773    34.0261    34.0265    26.5418    26.5420     2.5293     2.6419     76.998     80.425     1.0281     1.0220     0.0403    -0.0177     3.1551     0.0159     0.0000 -124.56180   41.94668       9.79          2  0.000e+00
      19145    797.667    168.129    169.527     7.7931     7.7937  35.192391  35.193570     7.7764     7.7771    34.0262    34.0268    26.5419    26.5422     2.5293     2.6357     76.999     80.236     1.0281     1.0208     0.0403    -0.0177     3.1551     0.0159     0.0000 -124.56180   41.94668       9.79          2  0.000e+00
      19146    797.708    168.083    169.480     7.7934     7.7940  35.192391  35.193443     7.7768     7.7774    34.0259    34.0264    26.5416    26.5419     2.5293     2.6357     76.998     80.236     1.0281     1.0208     0.0403    -0.0177     3.1551     0.0159     0.0000 -124.56180   41.94668       9.79          2  0.000e+00
      19147    797.750    168.083    169.480     7.7931     7.7940  35.192202  35.193821     7.7765     7.7774    34.0260    34.0268    26.5417    26.5422     2.5293     2.6419     76.999     80.425     1.0281     1.0220     0.0403    -0.0177     3.1551     0.0159     0.0000 -124.56180   41.94668       9.77          2  0.000e+00
      19148    797.792    168.083    169.480     7.7934     7.7939  35.192076  35.194010     7.7768     7.7773    34.0256    34.0271    26.5413    26.5425     2.5293     2.6356     76.998     80.235     1.0281     1.0208     0.0403    -0.0177     3.1551     0.0159     0.0000 -124.56180   41.94668       9.84          2  0.000e+00
      19149    797.833    168.029    169.426     7.7934     7.7940  35.192265  35.193506     7.7768     7.7774    34.0258    34.0265    26.5415    26.5420     2.5293     2.6419     76.998     80.425     1.0281     1.0220     0.0403    -0.0177     3.1551     0.0159     0.0000 -124.56180   41.94668       9.87          2  0.000e+00
      19150    797.875    168.083    169.480     7.7934     7.7942  35.192580  35.193569     7.7768     7.7776    34.0261    34.0263    26.5417    26.5418     2.5293     2.6356     76.998     80.235     1.0281     1.0208     0.0403    -0.0177     3.1551     0.0159     0.0000 -124.56180   41.94668       9.89          2  0.000e+00
      19151    797.917    168.083    169.480     7.7935     7.7941  35.192706  35.193695     7.7769     7.7775    34.0261    34.0266    26.5417    26.5421     2.5293     2.6419     76.998     80.425     1.0281     1.0220     0.0403    -0.0177     3.1551     0.0159     0.0000 -124.56180   41.94668       9.89          2  0.000e+00
      19152    797.958    168.029    169.426     7.7934     7.7939  35.192706  35.193695     7.7768     7.7773    34.0263    34.0268    26.5419    26.5422     2.5293     2.6419     76.997     80.425     1.0281     1.0220     0.0403    -0.0177     3.1551     0.0159     0.0000 -124.56180   41.94668       9.89          2  0.000e+00
      19153    798.000    168.029    169.426     7.7935     7.7939  35.192328  35.193695     7.7769     7.7773    34.0257    34.0268    26.5414    26.5422     2.5293     2.6419     76.997     80.425     1.0281     1.0220     0.0403    -0.0177     3.1551     0.0159     0.0000 -124.56180   41.94668       9.89          2  0.000e+00
      19154    798.042    168.029    169.426     7.7932     7.7942  35.192328  35.193884     7.7766     7.7776    34.0260    34.0267    26.5417    26.5421     2.5293     2.6418     76.998     80.424     1.0281     1.0220     0.0403    -0.0177     3.1551     0.0159     0.0000 -124.56180   41.94668       9.91          2  0.000e+00
      19155    798.083    168.029    169.426     7.7932     7.7944  35.192832  35.193506     7.7766     7.7778    34.0266    34.0262    26.5421    26.5417     2.5293     2.6418     76.997     80.424     1.0281     1.0220     0.0403    -0.0177     3.1563     0.0159     0.0000 -124.56180   41.94668       9.94          2  0.000e+00
      19156    798.125    168.029    169.426     7.7931     7.7940  35.192517  35.193821     7.7765     7.7774    34.0264    34.0268    26.5420    26.5422     2.5293     2.6418     76.998     80.424     1.0281     1.0220     0.0403    -0.0177     3.1563     0.0159     0.0000 -124.56180   41.94668       9.94          2  0.000e+00
      19157    798.167    168.029    169.426     7.7931     7.7942  35.192391  35.193758     7.7765     7.7776    34.0262    34.0266    26.5419    26.5420     2.5293     2.6418     76.998     80.424     1.0281     1.0220     0.0403    -0.0177     3.1563     0.0159     0.0000 -124.56180   41.94668       9.94          2  0.000e+00
      19158    798.208    168.029    169.426     7.7931     7.7941  35.192139  35.193443     7.7765     7.7775    34.0260    34.0264    26.5417    26.5419     2.5293     2.6419     76.998     80.424     1.0281     1.0220     0.0403    -0.0177     3.1551     0.0147     0.0000 -124.56180   41.94668       9.94          2  0.000e+00
      19159    798.250    168.083    169.480     7.7927     7.7940  35.192139  35.193569     7.7761     7.7774    34.0263    34.0265    26.5420    26.5420     2.5293     2.6356     76.999     80.236     1.0281     1.0208     0.0403    -0.0177     3.1563     0.0147     0.0000 -124.56180   41.94668       9.94          2  0.000e+00
      19160    798.292    168.029    169.426     7.7927     7.7944  35.191635  35.193884     7.7761     7.7778    34.0258    34.0266    26.5416    26.5420     2.5293     2.6356     76.999     80.234     1.0281     1.0208     0.0403    -0.0177     3.1563     0.0147     0.0000 -124.56180   41.94668       9.94          2  0.000e+00
      19161    798.333    168.029    169.426     7.7926     7.7942  35.191887  35.194010     7.7760     7.7776    34.0262    34.0268    26.5419    26.5422     2.5293     2.6418     76.999     80.424     1.0281     1.0220     0.0403    -0.0177     3.1563     0.0147     0.0000 -124.56180   41.94668       9.94          2  0.000e+00
      19162    798.375    168.029    169.426     7.7925     7.7944  35.192265  35.193758     7.7759     7.7778    34.0266    34.0264    26.5423    26.5419     2.5293     2.6418     76.999     80.424     1.0281     1.0220     0.0403    -0.0177     3.1563     0.0147     0.0000 -124.56180   41.94668       9.94          2  0.000e+00
      19163    798.417    168.029    169.426     7.7925     7.7944  35.191635  35.193884     7.7759     7.7778    34.0259    34.0266    26.5417    26.5420     2.5293     2.6356     76.999     80.234     1.0281     1.0208     0.0403    -0.0177     3.1551     0.0147     0.0000 -124.56180   41.94668       9.94          2  0.000e+00
      19164    798.458    168.029    169.426     7.7924     7.7942  35.191761  35.194388     7.7758     7.7776    34.0262    34.0273    26.5420    26.5425     2.5293     2.6418     76.999     80.424     1.0281     1.0220     0.0403    -0.0177     3.1563     0.0147     0.0000 -124.56180   41.94668       9.94          2  0.000e+00
      19165    798.500    168.083    169.480     7.7925     7.7942  35.192013  35.193632     7.7759     7.7776    34.0263    34.0264    26.5420    26.5419     2.5293     2.6419     76.999     80.425     1.0281     1.0220     0.0403    -0.0177     3.1551     0.0159     0.0000 -124.56180   41.94668       9.94          2  0.000e+00
      19166    798.542    168.029    169.426     7.7923     7.7942  35.191572  35.193821     7.7757     7.7776    34.0261    34.0266    26.5419    26.5420     2.5236     2.6418     76.826     80.424     1.0269     1.0220     0.0403    -0.0177     3.1563     0.0147     0.0000 -124.56180   41.94668       9.96          2  0.000e+00
      19167    798.583    168.083    169.480     7.7924     7.7942  35.191635  35.193758     7.7758     7.7776    34.0260    34.0265    26.5418    26.5420     2.5237     2.6356     76.826     80.235     1.0269     1.0208     0.0403    -0.0177     3.1563     0.0147     0.0000 -124.56180   41.94668       9.99          2  0.000e+00
      19168    798.625    168.029    169.426     7.7921     7.7940  35.191509  35.193695     7.7755     7.7774    34.0262    34.0267    26.5420    26.5421     2.5294     2.6419     77.000     80.424     1.0281     1.0220     0.0403    -0.0177     3.1551     0.0147     0.0000 -124.56180   41.94668       9.99          2  0.000e+00
      19169    798.667    168.083    169.480     7.7921     7.7940  35.191635  35.194073     7.7755     7.7774    34.0264    34.0271    26.5421    26.5424     2.5237     2.6356     76.827     80.235     1.0269     1.0208     0.0403    -0.0177     3.1563     0.0147     0.0000 -124.56180   41.94668       9.99          2  0.000e+00
      19170    798.708    168.129    169.527     7.7921     7.7940  35.191572  35.193821     7.7755     7.7774    34.0263    34.0268    26.5421    26.5422     2.5237     2.6419     76.827     80.425     1.0269     1.0220     0.0403    -0.0177     3.1551     0.0147     0.0000 -124.56180   41.94668       9.99          2  0.000e+00
      19171    798.750    168.029    169.426     7.7921     7.7942  35.191698  35.193884     7.7755     7.7776    34.0265    34.0267    26.5422    26.5421     2.5236     2.6418     76.826     80.424     1.0269     1.0220     0.0403    -0.0177     3.1551     0.0147     0.0000 -124.56180   41.94668       9.99          2  0.000e+00
      19172    798.792    168.122    169.520     7.7923     7.7942  35.191509  35.193758     7.7756     7.7776    34.0260    34.0265    26.5419    26.5420     2.5237     2.6419     76.827     80.425     1.0269     1.0220     0.0403    -0.0177     3.1563     0.0159     0.0000 -124.56180   41.94668       9.96          2  0.000e+00
      19173    798.833    168.129    169.527     7.7921     7.7939  35.191446  35.193695     7.7755     7.7773    34.0261    34.0268    26.5420    26.5422     2.5237     2.6419     76.827     80.426     1.0269     1.0220     0.0403    -0.0177     3.1551     0.0147     0.0000 -124.56180   41.94668       9.96          2  0.000e+00
      19174    798.875    168.129    169.527     7.7921     7.7940  35.191635  35.193695     7.7755     7.7774    34.0263    34.0266    26.5421    26.5421     2.5237     2.6419     76.827     80.425     1.0269     1.0220     0.0403    -0.0177     3.1551     0.0147     0.0000 -124.56180   41.94668       9.94          2  0.000e+00
      19175    798.917    168.083    169.480     7.7924     7.7937  35.191950  35.193443     7.7758     7.7771    34.0264    34.0267    26.5421    26.5421     2.5236     2.6419     76.826     80.426     1.0269     1.0220     0.0403    -0.0177     3.1551     0.0159     0.0000 -124.56180   41.94668       9.94          2  0.000e+00
      19176    798.958    168.129    169.527     7.7921     7.7934  35.191446  35.193129     7.7755     7.7768    34.0261    34.0266    26.5420    26.5422     2.5237     2.6419     76.827     80.427     1.0269     1.0220     0.0403    -0.0177     3.1563     0.0147     0.0000 -124.56180   41.94668       9.96          2  0.000e+00
      19177    799.000    168.175    169.574     7.7923     7.7937  35.191383  35.193507     7.7756     7.7771    34.0259    34.0267    26.5417    26.5422     2.5237     2.6419     76.827     80.426     1.0269     1.0220     0.0403    -0.0177     3.1538     0.0159     0.0000 -124.56180   41.94668       9.94          2  0.000e+00
      19178    799.042    168.175    169.574     7.7916     7.7936  35.190942  35.193444     7.7750     7.7769    34.0260    34.0268    26.5420    26.5423     2.5237     2.6357     76.829     80.237     1.0269     1.0208     0.0403    -0.0177     3.1551     0.0147     0.0000 -124.56180   41.94668       9.91          2  0.000e+00
      19179    799.083    168.175    169.574     7.7916     7.7937  35.191257  35.193381     7.7750     7.7771    34.0264    34.0266    26.5422    26.5421     2.5294     2.6419     77.002     80.427     1.0281     1.0220     0.0403    -0.0177     3.1551     0.0159     0.0000 -124.56180   41.94668       9.87          2  0.000e+00
      19180    799.125    168.129    169.527     7.7913     7.7933  35.190942  35.193129     7.7747     7.7767    34.0264    34.0268    26.5423    26.5423     2.5294     2.6357     77.002     80.237     1.0281     1.0208     0.0403    -0.0177     3.1551     0.0147     0.0000 -124.56180   41.94668       9.87          2  0.000e+00
      19181    799.167    168.229    169.627     7.7913     7.7936  35.191005  35.193066     7.7747     7.7769    34.0264    34.0264    26.5423    26.5419     2.5295     2.6420     77.003     80.428     1.0281     1.0220     0.0403    -0.0177     3.1563     0.0147     0.0000 -124.56180   41.94668       9.87          2  0.000e+00
      19182    799.208    168.175    169.574     7.7914     7.7931  35.190753  35.193255     7.7748     7.7765    34.0260    34.0271    26.5420    26.5426     2.5237     2.6420     76.829     80.428     1.0269     1.0220     0.0403    -0.0177     3.1551     0.0147     0.0000 -124.56180   41.94668       9.87          2  0.000e+00
      19183    799.250    168.229    169.627     7.7911     7.7934  35.190753  35.193381     7.7745     7.7768    34.0263    34.0269    26.5422    26.5423     2.5295     2.6420     77.003     80.428     1.0281     1.0220     0.0403    -0.0177     3.1551     0.0147     0.0000 -124.56180   41.94668       9.89          2  0.000e+00
