WCOA/WCOA-6/CTD_Data/RB2102_CTD_073_01.ros
* Sea-Bird SBE 9 Data File:
* FileName = C:\Users\scs.user.rb\CTD\RB2102\Data\RB2102_CTD_073_01.hex
* Software Version Seasave V 7.26.7.107
* Temperature SN = 6202
* Conductivity SN = 4907
* Number of Bytes Per Scan = 41
* Number of Voltage Words = 4
* Number of Scans Averaged by the Deck Unit = 1
* NMEA Latitude = 40 14.72 N
* NMEA Longitude = 124 23.09 W
* NMEA UTC (Time) = Jul 09 2021  10:08:27
* NMEA baud rate = 4800
# nquan = 30
# nvalues = 588                                   
# units = specified
# name 0 = scan: Scan Count
# name 1 = timeS: Time, Elapsed [seconds]
# name 2 = depSM: Depth [salt water, m]
# name 3 = prDM: Pressure, Digiquartz [db]
# name 4 = t090C: Temperature [ITS-90, deg C]
# name 5 = t190C: Temperature, 2 [ITS-90, deg C]
# name 6 = c0mS/cm: Conductivity [mS/cm]
# name 7 = c1mS/cm: Conductivity, 2 [mS/cm]
# name 8 = potemp090C: Potential Temperature [ITS-90, deg C]
# name 9 = potemp190C: Potential Temperature, 2 [ITS-90, deg C]
# name 10 = sal00: Salinity, Practical [PSU]
# name 11 = sal11: Salinity, Practical, 2 [PSU]
# name 12 = sigma-é00: Density [sigma-theta, kg/m^3]
# name 13 = sigma-é11: Density, 2 [sigma-theta, kg/m^3]
# name 14 = sbeox0Mg/L: Oxygen, SBE 43 [mg/l]
# name 15 = sbeox1Mg/L: Oxygen, SBE 43, 2 [mg/l]
# name 16 = sbox0Mm/Kg: Oxygen, SBE 43 [umol/kg]
# name 17 = sbox1Mm/Kg: Oxygen, SBE 43, 2 [umol/kg]
# name 18 = sbeox0V: Oxygen raw, SBE 43 [V]
# name 19 = sbeox1V: Oxygen raw, SBE 43, 2 [V]
# name 20 = v4: Voltage 4
# name 21 = flECO-AFL: Fluorescence, WET Labs ECO-AFL/FL [mg/m^3]
# name 22 = v3: Voltage 3
# name 23 = v6: Voltage 6
# name 24 = v7: Voltage 7
# name 25 = longitude: Longitude [deg]
# name 26 = latitude: Latitude [deg]
# name 27 = altM: Altimeter [m]
# name 28 = nbf: Bottles Fired
# name 29 = flag:  0.000e+00
# interval = seconds: 0.0416667
# start_time = Jul 09 2021 10:08:27 [NMEA time, header]
# bad_flag = -9.990e-29
*END*
[from data line 532]
      29790   1241.208      5.118      5.158     9.0486     9.0630  36.219600  36.231471     9.0481     9.0625    33.9800    33.9786    26.3117    26.3084     4.6128     4.8251    140.456    146.922     1.5250     1.5006     0.0464     0.1350     3.2283     0.3126     0.1026 -124.38596   40.24520      55.16         11  0.000e+00
      29791   1241.250      5.171      5.211     9.0480     9.0617  36.219218  36.230325     9.0475     9.0611    33.9801    33.9787    26.3120    26.3087     4.6129     4.8253    140.459    146.927     1.5250     1.5006     0.0476     0.1655     3.2283     0.3126     0.1026 -124.38596   40.24520      55.16         11  0.000e+00
      29792   1241.292      5.118      5.158     9.0484     9.0609  36.220110  36.229879     9.0479     9.0603    33.9807    33.9790    26.3123    26.3090     4.6182     4.8194    140.621    146.749     1.5263     1.4994     0.0464     0.1350     3.2283     0.3126     0.1026 -124.38596   40.24520      55.07         11  0.000e+00
      29793   1241.333      5.118      5.158     9.0494     9.0605  36.221129  36.229561     9.0489     9.0600    33.9808    33.9790    26.3123    26.3091     4.6181     4.8195    140.618    146.750     1.5263     1.4994     0.0464     0.1350     3.2271     0.3126     0.1026 -124.38596   40.24520      54.97         11  0.000e+00
      29794   1241.375      5.072      5.111     9.0507     9.0601  36.222085  36.229688     9.0501     9.0595    33.9806    33.9796    26.3119    26.3096     4.6180     4.8195    140.613    146.750     1.5263     1.4994     0.0476     0.1655     3.2271     0.3114     0.1026 -124.38596   40.24520      54.95         11  0.000e+00
      29795   1241.417      5.118      5.158     9.0517     9.0599  36.222595  36.229561     9.0511     9.0594    33.9802    33.9796    26.3114    26.3096     4.6179     4.8195    140.611    146.752     1.5263     1.4994     0.0464     0.1350     3.2271     0.3101     0.1026 -124.38596   40.24520      54.95         11  0.000e+00
      29796   1241.458      5.072      5.111     9.0523     9.0592  36.222914  36.228541     9.0517     9.0587    33.9800    33.9792    26.3111    26.3095     4.6124     4.8196    140.444    146.754     1.5250     1.4994     0.0476     0.1655     3.2271     0.3101     0.1013 -124.38596   40.24520      54.97         11  0.000e+00
      29816   1242.292      4.972      5.011     9.0684     9.0540  36.237191  36.224337     9.0679     9.0535    33.9795    33.9799    26.3082    26.3108     4.5889     4.8083    139.730    146.410     1.5201     1.4969     0.0476     0.1655     3.2271     0.3101     0.1087 -124.38598   40.24520      54.90         12  0.000e+00
      29817   1242.333      4.972      5.011     9.0727     9.0540  36.241079  36.224529     9.0721     9.0535    33.9795    33.9801    26.3075    26.3110     4.5885     4.8083    139.716    146.409     1.5201     1.4969     0.0488     0.1960     3.2271     0.3089     0.1099 -124.38598   40.24520      54.65         12  0.000e+00
      29818   1242.375      5.039      5.078     9.0778     9.0543  36.244713  36.224656     9.0773     9.0538    33.9783    33.9799    26.3058    26.3107     4.5880     4.8083    139.702    146.410     1.5201     1.4969     0.0476     0.1655     3.2271     0.3089     0.1099 -124.38598   40.24520      54.58         12  0.000e+00
      29819   1242.417      4.972      5.011     9.0811     9.0545  36.247135  36.224847     9.0805     9.0539    33.9778    33.9799    26.3049    26.3108     4.5876     4.8083    139.690    146.408     1.5201     1.4969     0.0476     0.1655     3.2259     0.3089     0.1111 -124.38598   40.24520      54.60         12  0.000e+00
      29820   1242.458      4.926      4.964     9.0830     9.0558  36.247708  36.226375     9.0824     9.0552    33.9766    33.9803    26.3036    26.3109     4.5874     4.8081    139.685    146.402     1.5201     1.4969     0.0476     0.1655     3.2283     0.3089     0.1111 -124.38598   40.24520      54.63         12  0.000e+00
      29821   1242.500      4.972      5.011     9.0832     9.0596  36.247772  36.229560     9.0827     9.0591    33.9764    33.9800    26.3034    26.3100     4.5874     4.8077    139.685    146.390     1.5201     1.4969     0.0476     0.1655     3.2271     0.3077     0.1123 -124.38598   40.24520      54.63         12  0.000e+00
      29822   1242.542      4.972      5.011     9.0830     9.0637  36.247262  36.232363     9.0825     9.0631    33.9761    33.9790    26.3032    26.3086     4.5875     4.8072    139.686    146.376     1.5201     1.4969     0.0488     0.1960     3.2271     0.3077     0.1123 -124.38598   40.24520      54.77         12  0.000e+00
      29823   1242.583      4.972      5.011     9.0839     9.0650  36.248792  36.233191     9.0834     9.0645    33.9768    33.9785    26.3036    26.3080     4.5873     4.8071    139.682    146.372     1.5201     1.4969     0.0488     0.1960     3.2259     0.3089     0.1123 -124.38598   40.24520      54.97         12  0.000e+00
      29824   1242.625      4.972      5.011     9.0848     9.0656  36.248856  36.234019     9.0843     9.0651    33.9760    33.9788    26.3029    26.3081     4.5818     4.8070    139.515    146.370     1.5189     1.4969     0.0488     0.1960     3.2271     0.3101     0.1123 -124.38598   40.24520      55.02         12  0.000e+00
      29825   1242.667      4.972      5.011     9.0848     9.0714  36.248983  36.238350     9.0843     9.0709    33.9761    33.9779    26.3030    26.3065     4.5818     4.8063    139.515    146.350     1.5189     1.4969     0.0476     0.1655     3.2271     0.3101     0.1136 -124.38598   40.24520      55.02         12  0.000e+00
      29826   1242.708      4.973      5.011     9.0846     9.0768  36.248537  36.242809     9.0841     9.0763    33.9758    33.9774    26.3028    26.3052     4.5819     4.8057    139.516    146.332     1.5189     1.4969     0.0476     0.1655     3.2259     0.3089     0.1136 -124.38598   40.24520      55.02         12  0.000e+00
      29827   1242.750      4.973      5.011     9.0840     9.0809  36.248155  36.245612     9.0834     9.0803    33.9761    33.9764    26.3030    26.3038     4.5819     4.8053    139.518    146.319     1.5189     1.4969     0.0476     0.1655     3.2283     0.3101     0.1136 -124.38598   40.24520      55.02         12  0.000e+00
      29828   1242.792      4.973      5.011     9.0836     9.0820  36.247772  36.246377     9.0831     9.0815    33.9760    33.9761    26.3031    26.3034     4.5820     4.8052    139.519    146.315     1.5189     1.4969     0.0488     0.1960     3.2259     0.3101     0.1136 -124.38598   40.24520      54.90         12  0.000e+00
      29829   1242.833      4.939      4.978     9.0833     9.0820  36.247772  36.245994     9.0828     9.0815    33.9763    33.9757    26.3033    26.3031     4.5820     4.8052    139.519    146.315     1.5189     1.4969     0.0476     0.1655     3.2271     0.3089     0.1136 -124.38598   40.24520      54.73         12  0.000e+00
      29830   1242.875      4.973      5.011     9.0829     9.0823  36.247453  36.246058     9.0823     9.0818    33.9764    33.9754    26.3035    26.3028     4.5766     4.8051    139.356    146.315     1.5177     1.4969     0.0488     0.1960     3.2283     0.3089     0.1111 -124.38598   40.24520      54.68         12  0.000e+00
      29831   1242.917      4.973      5.011     9.0825     9.0827  36.247007  36.246377     9.0820     9.0821    33.9763    33.9755    26.3034    26.3028     4.5767     4.7992    139.357    146.133     1.5177     1.4957     0.0488     0.1960     3.2259     0.3089     0.1099 -124.38598   40.24520      54.68         12  0.000e+00
      29832   1242.958      4.973      5.011     9.0819     9.0829  36.246497  36.246950     9.0814     9.0823    33.9763    33.9759    26.3036    26.3031     4.5767     4.8051    139.359    146.312     1.5177     1.4969     0.0476     0.1655     3.2283     0.3077     0.1111 -124.38598   40.24520      54.70         12  0.000e+00
      29833   1243.000      4.973      5.011     9.0814     9.0827  36.246115  36.246631     9.0809     9.0821    33.9764    33.9757    26.3037    26.3030     4.5768     4.7992    139.361    146.133     1.5177     1.4957     0.0476     0.1655     3.2259     0.3089     0.1111 -124.38598   40.24520      54.70         12  0.000e+00
      29834   1243.042      4.973      5.011     9.0807     9.0823  36.245668  36.246886     9.0802     9.0818    33.9766    33.9763    26.3040    26.3035     4.5768     4.7992    139.363    146.134     1.5177     1.4957     0.0464     0.1350     3.2283     0.3114     0.1111 -124.38598   40.24520      54.65         12  0.000e+00
      29835   1243.083      4.973      5.011     9.0803     9.0825  36.244967  36.246886     9.0797     9.0820    33.9763    33.9761    26.3038    26.3033     4.5769     4.7992    139.364    146.133     1.5177     1.4957     0.0464     0.1350     3.2259     0.3114     0.1111 -124.38598   40.24520      54.58         12  0.000e+00
      29836   1243.125      4.973      5.011     9.0798     9.0822  36.245095  36.246823     9.0792     9.0817    33.9769    33.9764    26.3044    26.3036     4.5769     4.8051    139.365    146.314     1.5177     1.4969     0.0464     0.1350     3.2259     0.3114     0.1111 -124.38598   40.24520      54.55         12  0.000e+00
      29837   1243.167      4.973      5.011     9.0795     9.0819  36.244840  36.246568     9.0790     9.0813    33.9769    33.9764    26.3044    26.3037     4.5770     4.7993    139.366    146.135     1.5177     1.4957     0.0476     0.1655     3.2259     0.3114     0.1111 -124.38598   40.24520      54.55         12  0.000e+00
      29838   1243.208      4.973      5.011     9.0796     9.0810  36.245350  36.245740     9.0791     9.0805    33.9773    33.9764    26.3047    26.3038     4.5769     4.8053    139.365    146.318     1.5177     1.4969     0.0464     0.1350     3.2259     0.3101     0.1099 -124.38598   40.24520      54.55         12  0.000e+00
      29839   1243.250      4.926      4.965     9.0794     9.0804  36.244712  36.245548     9.0789     9.0798    33.9769    33.9768    26.3044    26.3042     4.5769     4.7994    139.366    146.139     1.5177     1.4957     0.0464     0.1350     3.2259     0.3101     0.1087 -124.38598   40.24520      54.55         12  0.000e+00
      29840   1243.292      5.039      5.078     9.0794     9.0802  36.244776  36.245039     9.0789     9.0797    33.9768    33.9764    26.3044    26.3039     4.5824     4.7995    139.533    146.142     1.5189     1.4957     0.0464     0.1350     3.2271     0.3089     0.1087 -124.38598   40.24520      54.53         12  0.000e+00
      29841   1243.333      4.973      5.011     9.0794     9.0807  36.244776  36.245103     9.0789     9.0802    33.9769    33.9760    26.3044    26.3035     4.5770     4.7994    139.366    146.140     1.5177     1.4957     0.0464     0.1350     3.2259     0.3089     0.1087 -124.38598   40.24520      54.46         12  0.000e+00
      29842   1243.375      5.026      5.065     9.0794     9.0810  36.244585  36.245421     9.0789     9.0805    33.9767    33.9760    26.3043    26.3035     4.5770     4.7994    139.368    146.140     1.5177     1.4957     0.0464     0.1350     3.2271     0.3089     0.1087 -124.38598   40.24520      54.46         12  0.000e+00
      29843   1243.417      4.973      5.011     9.0798     9.0806  36.244967  36.245294     9.0792     9.0800    33.9768    33.9764    26.3043    26.3038     4.5769     4.7994    139.365    146.140     1.5177     1.4957     0.0464     0.1350     3.2271     0.3101     0.1099 -124.38598   40.24520      54.46         12  0.000e+00
      29844   1243.458      4.973      5.011     9.0799     9.0809  36.245413  36.245230     9.0794     9.0803    33.9771    33.9760    26.3045    26.3035     4.5769     4.7994    139.365    146.139     1.5177     1.4957     0.0476     0.1655     3.2271     0.3138     0.1136 -124.38598   40.24520      54.46         12  0.000e+00
      29845   1243.500      5.026      5.065     9.0804     9.0807  36.246434  36.245612     9.0798     9.0802    33.9777    33.9765    26.3049    26.3039     4.5769     4.7994    139.364    146.140     1.5177     1.4957     0.0464     0.1350     3.2271     0.3150     0.1148 -124.38598   40.24520      54.46         12  0.000e+00
      29846   1243.542      4.973      5.011     9.0809     9.0812  36.246115  36.246568     9.0804     9.0807    33.9769    33.9771    26.3041    26.3043     4.5768     4.7993    139.362    146.137     1.5177     1.4957     0.0464     0.1350     3.2271     0.3150     0.1160 -124.38598   40.24520      54.53         12  0.000e+00
      29847   1243.583      4.973      5.011     9.0813     9.0817  36.246752  36.247014     9.0808     9.0811    33.9771    33.9771    26.3043    26.3042     4.5713     4.7993    139.195    146.135     1.5165     1.4957     0.0464     0.1350     3.2271     0.3150     0.1160 -124.38598   40.24520      54.65         12  0.000e+00
      29848   1243.625      5.026      5.065     9.0816     9.0815  36.247071  36.246887     9.0810     9.0810    33.9772    33.9770    26.3043    26.3042     4.5768     4.7993    139.360    146.137     1.5177     1.4957     0.0464     0.1350     3.2271     0.3162     0.1160 -124.38598   40.24520      54.68         12  0.000e+00
      29849   1243.667      4.973      5.011     9.0819     9.0818  36.247135  36.247014     9.0814     9.0813    33.9770    33.9769    26.3041    26.3041     4.5713     4.7993    139.193    146.135     1.5165     1.4957     0.0464     0.1350     3.2271     0.3150     0.1160 -124.38598   40.24520      54.68         12  0.000e+00
      29850   1243.708      4.986      5.025     9.0823     9.0827  36.247581  36.247332     9.0818     9.0821    33.9770    33.9765    26.3041    26.3036     4.5712     4.7992    139.192    146.133     1.5165     1.4957     0.0464     0.1350     3.2271     0.3150     0.1160 -124.38598   40.24520      54.68         12  0.000e+00
      29851   1243.750      5.026      5.065     9.0829     9.0833  36.247772  36.247906     9.0823     9.0828    33.9767    33.9764    26.3037    26.3034     4.5712     4.7991    139.191    146.131     1.5165     1.4957     0.0464     0.1350     3.2271     0.3162     0.1160 -124.38598   40.24520      54.68         12  0.000e+00
      29852   1243.792      5.026      5.065     9.0830     9.0843  36.247709  36.248288     9.0825     9.0837    33.9765    33.9759    26.3035    26.3029     4.5712     4.7990    139.191    146.128     1.5165     1.4957     0.0464     0.1350     3.2271     0.3162     0.1160 -124.38598   40.24520      54.70         12  0.000e+00
      29853   1243.833      5.026      5.065     9.0831     9.0845  36.248282  36.248415     9.0826     9.0840    33.9770    33.9758    26.3039    26.3028     4.5712     4.7990    139.190    146.128     1.5165     1.4957     0.0464     0.1350     3.2271     0.3162     0.1160 -124.38598   40.24520      54.73         12  0.000e+00
      29854   1243.875      4.973      5.011     9.0845     9.0846  36.249047  36.248415     9.0840     9.0841    33.9765    33.9757    26.3033    26.3027     4.5710     4.7990    139.185    146.126     1.5165     1.4957     0.0464     0.1350     3.2271     0.3150     0.1160 -124.38598   40.24520      54.73         12  0.000e+00
      29855   1243.917      5.026      5.065     9.0855     9.0843  36.250067  36.248607     9.0849     9.0838    33.9766    33.9762    26.3032    26.3031     4.5709     4.7990    139.183    146.128     1.5165     1.4957     0.0464     0.1350     3.2271     0.3150     0.1160 -124.38598   40.24520      54.73         12  0.000e+00
      29856   1243.958      5.026      5.065     9.0867     9.0845  36.251725  36.248479     9.0862     9.0839    33.9771    33.9759    26.3035    26.3029     4.5708     4.7931    139.179    145.948     1.5165     1.4945     0.0464     0.1350     3.2271     0.3150     0.1160 -124.38598   40.24520      54.73         12  0.000e+00
