WCOA/WCOA-6/CTD_Data/RB2102_CTD_058_01.ros
* Sea-Bird SBE 9 Data File:
* FileName = C:\Users\scs.user.rb\CTD\RB2102\Data\RB2102_CTD_058_01.hex
* Software Version Seasave V 7.26.7.107
* Temperature SN = 6202
* Conductivity SN = 4907
* Number of Bytes Per Scan = 41
* Number of Voltage Words = 4
* Number of Scans Averaged by the Deck Unit = 1
* NMEA Latitude = 44 00.00 N
* NMEA Longitude = 124 12.11 W
* NMEA UTC (Time) = Jul 05 2021  13:15:54
* NMEA baud rate = 4800
# nquan = 30
# nvalues = 490                                   
# units = specified
# name 0 = scan: Scan Count
# name 1 = timeS: Time, Elapsed [seconds]
# name 2 = depSM: Depth [salt water, m]
# name 3 = prDM: Pressure, Digiquartz [db]
# name 4 = t090C: Temperature [ITS-90, deg C]
# name 5 = t190C: Temperature, 2 [ITS-90, deg C]
# name 6 = c0mS/cm: Conductivity [mS/cm]
# name 7 = c1mS/cm: Conductivity, 2 [mS/cm]
# name 8 = potemp090C: Potential Temperature [ITS-90, deg C]
# name 9 = potemp190C: Potential Temperature, 2 [ITS-90, deg C]
# name 10 = sal00: Salinity, Practical [PSU]
# name 11 = sal11: Salinity, Practical, 2 [PSU]
# name 12 = sigma-é00: Density [sigma-theta, kg/m^3]
# name 13 = sigma-é11: Density, 2 [sigma-theta, kg/m^3]
# name 14 = sbeox0Mg/L: Oxygen, SBE 43 [mg/l]
# name 15 = sbeox1Mg/L: Oxygen, SBE 43, 2 [mg/l]
# name 16 = sbox0Mm/Kg: Oxygen, SBE 43 [umol/kg]
# name 17 = sbox1Mm/Kg: Oxygen, SBE 43, 2 [umol/kg]
# name 18 = sbeox0V: Oxygen raw, SBE 43 [V]
# name 19 = sbeox1V: Oxygen raw, SBE 43, 2 [V]
# name 20 = v4: Voltage 4
# name 21 = flECO-AFL: Fluorescence, WET Labs ECO-AFL/FL [mg/m^3]
# name 22 = v3: Voltage 3
# name 23 = v6: Voltage 6
# name 24 = v7: Voltage 7
# name 25 = longitude: Longitude [deg]
# name 26 = latitude: Latitude [deg]
# name 27 = altM: Altimeter [m]
# name 28 = nbf: Bottles Fired
# name 29 = flag:  0.000e+00
# interval = seconds: 0.0416667
# start_time = Jul 05 2021 13:15:54 [NMEA time, header]
# bad_flag = -9.990e-29
*END*
[from data line 194]
      24028   1001.125     20.337     20.503     7.9010     7.9019  34.853142  34.853744     7.8990     7.8999    33.6285    33.6282    26.2115    26.2112     2.9685     3.0925     90.398     94.172     1.1343     1.1221     0.0488     0.1960     3.2698     0.0989     0.0940 -124.20262   43.99998      34.82          4  0.000e+00
      24029   1001.167     20.344     20.509     7.9010     7.9021  34.853080  34.853681     7.8990     7.9001    33.6284    33.6279    26.2115    26.2109     2.9685     3.0986     90.398     94.358     1.1343     1.1233     0.0488     0.1960     3.2698     0.0989     0.0940 -124.20262   43.99998      34.82          4  0.000e+00
      24106   1004.375     20.337     20.503     7.9034     7.9027  34.854398  34.855061     7.9014     7.9008    33.6274    33.6288    26.2104    26.2116     2.9628     3.0985     90.223     94.356     1.1331     1.1233     0.0488     0.1960     3.2686     0.1001     0.0965 -124.20262   43.99998      35.16          5  0.000e+00
      24107   1004.417     20.291     20.456     7.9036     7.9027  34.854837  34.854559     7.9016     7.9007    33.6278    33.6284    26.2106    26.2112     2.9683     3.0985     90.392     94.356     1.1343     1.1233     0.0476     0.1655     3.2698     0.0989     0.0965 -124.20262   43.99998      35.19          5  0.000e+00
      24108   1004.458     20.337     20.503     7.9034     7.9028  34.854523  34.854559     7.9014     7.9008    33.6276    33.6282    26.2105    26.2111     2.9683     3.0985     90.393     94.356     1.1343     1.1233     0.0476     0.1655     3.2698     0.1001     0.0965 -124.20262   43.99998      35.16          5  0.000e+00
      24109   1004.500     20.344     20.509     7.9034     7.9027  34.854837  34.854434     7.9014     7.9007    33.6279    33.6282    26.2107    26.2111     2.9683     3.0985     90.393     94.357     1.1343     1.1233     0.0488     0.1960     3.2686     0.1001     0.0965 -124.20262   43.99998      35.16          5  0.000e+00
      24110   1004.542     20.291     20.456     7.9034     7.9025  34.854523  34.854998     7.9014     7.9005    33.6276    33.6290    26.2105    26.2118     2.9683     3.0985     90.392     94.356     1.1343     1.1233     0.0488     0.1960     3.2686     0.0989     0.0965 -124.20262   43.99998      35.16          5  0.000e+00
      24111   1004.583     20.344     20.509     7.9032     7.9024  34.854147  34.854559     7.9013     7.9004    33.6273    33.6286    26.2103    26.2114     2.9684     3.0985     90.394     94.357     1.1343     1.1233     0.0476     0.1655     3.2686     0.1001     0.0965 -124.20262   43.99998      35.16          5  0.000e+00
      24112   1004.625     20.337     20.503     7.9036     7.9023  34.854523  34.854559     7.9016     7.9003    33.6274    33.6287    26.2103    26.2115     2.9683     3.0985     90.393     94.357     1.1343     1.1233     0.0488     0.1960     3.2686     0.1001     0.0965 -124.20262   43.99998      35.16          5  0.000e+00
      24113   1004.667     20.291     20.456     7.9037     7.9023  34.854460  34.854371     7.9017     7.9003    33.6273    33.6285    26.2102    26.2114     2.9683     3.0985     90.392     94.357     1.1343     1.1233     0.0488     0.1960     3.2686     0.1001     0.0965 -124.20262   43.99998      35.16          5  0.000e+00
      24114   1004.708     20.337     20.503     7.9036     7.9023  34.854837  34.854810     7.9016     7.9003    33.6278    33.6290    26.2106    26.2117     2.9683     3.0985     90.392     94.357     1.1343     1.1233     0.0476     0.1655     3.2698     0.1001     0.0965 -124.20262   43.99998      35.16          5  0.000e+00
      24115   1004.750     20.291     20.456     7.9036     7.9019  34.854272  34.854935     7.9016     7.8999    33.6272    33.6295    26.2102    26.2122     2.9683     3.0985     90.392     94.357     1.1343     1.1233     0.0476     0.1655     3.2698     0.1001     0.0965 -124.20262   43.99998      35.16          5  0.000e+00
      24116   1004.792     20.337     20.503     7.9036     7.9020  34.854272  34.854747     7.9016     7.9000    33.6272    33.6292    26.2101    26.2120     2.9627     3.0985     90.222     94.358     1.1331     1.1233     0.0476     0.1655     3.2698     0.1001     0.0965 -124.20262   43.99998      35.16          5  0.000e+00
      24117   1004.833     20.291     20.456     7.9036     7.9021  34.854398  34.854873     7.9016     7.9001    33.6273    33.6292    26.2103    26.2120     2.9683     3.0985     90.392     94.357     1.1343     1.1233     0.0488     0.1960     3.2686     0.0989     0.0965 -124.20262   43.99998      35.16          5  0.000e+00
      24118   1004.875     20.337     20.503     7.9036     7.9025  34.854398  34.854936     7.9016     7.9005    33.6273    33.6290    26.2102    26.2117     2.9683     3.0985     90.393     94.357     1.1343     1.1233     0.0488     0.1960     3.2698     0.0989     0.0965 -124.20262   43.99998      35.16          5  0.000e+00
      24119   1004.917     20.291     20.456     7.9036     7.9024  34.854398  34.854684     7.9016     7.9004    33.6273    33.6288    26.2103    26.2116     2.9627     3.0985     90.222     94.356     1.1331     1.1233     0.0476     0.1655     3.2698     0.1001     0.0965 -124.20262   43.99998      35.16          5  0.000e+00
      24120   1004.958     20.291     20.456     7.9037     7.9023  34.854586  34.854873     7.9017     7.9003    33.6274    33.6290    26.2103    26.2118     2.9683     3.0985     90.392     94.356     1.1343     1.1233     0.0488     0.1960     3.2698     0.0989     0.0977 -124.20262   43.99998      35.19          5  0.000e+00
      24121   1005.000     20.344     20.509     7.9036     7.9016  34.854461  34.854434     7.9016     7.8997    33.6274    33.6292    26.2103    26.2120     2.9627     3.0986     90.222     94.358     1.1331     1.1233     0.0476     0.1655     3.2698     0.0989     0.0965 -124.20262   43.99998      35.16          5  0.000e+00
      24122   1005.042     20.291     20.456     7.9036     7.9015  34.854586  34.854120     7.9016     7.8995    33.6275    33.6290    26.2104    26.2119     2.9683     3.0986     90.392     94.358     1.1343     1.1233     0.0476     0.1655     3.2686     0.0989     0.0977 -124.20262   43.99998      35.16          5  0.000e+00
      24123   1005.083     20.291     20.456     7.9034     7.9012  34.854711  34.854496     7.9014     7.8992    33.6278    33.6297    26.2107    26.2125     2.9683     3.0986     90.392     94.359     1.1343     1.1233     0.0488     0.1960     3.2686     0.0989     0.0965 -124.20262   43.99998      35.16          5  0.000e+00
      24124   1005.125     20.337     20.503     7.9036     7.9010  34.854460  34.854434     7.9016     7.8990    33.6274    33.6298    26.2103    26.2126     2.9627     3.0986     90.222     94.360     1.1331     1.1233     0.0488     0.1960     3.2698     0.0989     0.0965 -124.20262   43.99998      35.16          5  0.000e+00
      24125   1005.167     20.291     20.456     7.9036     7.9004  34.854398  34.853618     7.9016     7.8984    33.6273    33.6296    26.2103    26.2125     2.9683     3.0986     90.392     94.361     1.1343     1.1233     0.0476     0.1655     3.2686     0.0989     0.0977 -124.20262   43.99998      35.16          5  0.000e+00
      24126   1005.208     20.291     20.456     7.9036     7.9004  34.854398  34.853681     7.9016     7.8984    33.6273    33.6297    26.2103    26.2126     2.9683     3.0986     90.392     94.361     1.1343     1.1233     0.0488     0.1960     3.2686     0.0989     0.0965 -124.20262   43.99998      35.16          5  0.000e+00
      24127   1005.250     20.344     20.509     7.9034     7.9002  34.854398  34.853430     7.9014     7.8982    33.6274    33.6295    26.2104    26.2125     2.9684     3.0987     90.393     94.362     1.1343     1.1233     0.0476     0.1655     3.2686     0.0989     0.0965 -124.20262   43.99998      35.16          5  0.000e+00
      24128   1005.292     20.291     20.456     7.9036     7.9005  34.854398  34.853681     7.9016     7.8985    33.6273    33.6295    26.2103    26.2124     2.9627     3.0986     90.222     94.360     1.1331     1.1233     0.0488     0.1960     3.2698     0.0989     0.0965 -124.20262   43.99998      35.16          5  0.000e+00
      24129   1005.333     20.291     20.456     7.9036     7.9002  34.854398  34.853430     7.9016     7.8982    33.6273    33.6295    26.2103    26.2125     2.9627     3.0987     90.222     94.361     1.1331     1.1233     0.0501     0.2265     3.2686     0.0989     0.0965 -124.20262   43.99998      35.16          5  0.000e+00
      24130   1005.375     20.291     20.456     7.9037     7.9002  34.854398  34.853681     7.9017     7.8982    33.6272    33.6298    26.2101    26.2127     2.9627     3.0987     90.222     94.361     1.1331     1.1233     0.0501     0.2265     3.2686     0.0989     0.0965 -124.20262   43.99998      35.19          5  0.000e+00
      24131   1005.417     20.291     20.456     7.9036     7.9005  34.854398  34.853681     7.9016     7.8985    33.6273    33.6295    26.2103    26.2124     2.9627     3.0986     90.222     94.360     1.1331     1.1233     0.0488     0.1960     3.2686     0.0989     0.0965 -124.20262   43.99998      35.19          5  0.000e+00
      24132   1005.458     20.291     20.456     7.9034     7.9007  34.854586  34.853744     7.9014     7.8987    33.6277    33.6294    26.2105    26.2123     2.9627     3.0986     90.222     94.360     1.1331     1.1233     0.0488     0.1960     3.2686     0.0989     0.0965 -124.20262   43.99998      35.16          5  0.000e+00
      24133   1005.500     20.291     20.456     7.9034     7.9006  34.854209  34.853430     7.9014     7.8987    33.6273    33.6291    26.2102    26.2121     2.9627     3.0986     90.222     94.360     1.1331     1.1233     0.0501     0.2265     3.2686     0.1001     0.0965 -124.20262   43.99998      35.19          5  0.000e+00
      24134   1005.542     20.291     20.456     7.9036     7.9008  34.854523  34.853430     7.9016     7.8988    33.6275    33.6289    26.2104    26.2119     2.9627     3.0986     90.222     94.360     1.1331     1.1233     0.0488     0.1960     3.2698     0.0989     0.0965 -124.20262   43.99998      35.16          5  0.000e+00
      24135   1005.583     20.344     20.509     7.9036     7.9007  34.854209  34.853367     7.9016     7.8987    33.6271    33.6290    26.2101    26.2120     2.9628     3.0987     90.223     94.361     1.1331     1.1233     0.0488     0.1960     3.2698     0.0989     0.0965 -124.20262   43.99998      35.19          5  0.000e+00
      24136   1005.625     20.291     20.456     7.9036     7.9008  34.854272  34.853932     7.9016     7.8988    33.6272    33.6295    26.2102    26.2123     2.9627     3.0986     90.222     94.360     1.1331     1.1233     0.0501     0.2265     3.2686     0.0989     0.0965 -124.20262   43.99998      35.21          5  0.000e+00
      24137   1005.667     20.337     20.503     7.9036     7.9006  34.854147  34.853744     7.9016     7.8986    33.6270    33.6294    26.2100    26.2123     2.9627     3.0986     90.222     94.361     1.1331     1.1233     0.0488     0.1960     3.2698     0.1001     0.0965 -124.20262   43.99998      35.24          5  0.000e+00
      24138   1005.708     20.244     20.409     7.9036     7.9007  34.854083  34.853492     7.9016     7.8987    33.6270    33.6292    26.2100    26.2121     2.9627     3.0986     90.221     94.360     1.1331     1.1233     0.0501     0.2265     3.2674     0.0989     0.0965 -124.20262   43.99998      35.24          5  0.000e+00
      24139   1005.750     20.291     20.456     7.9037     7.9007  34.854084  34.853618     7.9017     7.8987    33.6269    33.6293    26.2099    26.2122     2.9683     3.0986     90.392     94.360     1.1343     1.1233     0.0488     0.1960     3.2686     0.1001     0.0965 -124.20262   43.99998      35.24          5  0.000e+00
      24140   1005.792     20.344     20.509     7.9037     7.9008  34.854523  34.853493     7.9017     7.8988    33.6273    33.6290    26.2102    26.2120     2.9683     3.0986     90.393     94.361     1.1343     1.1233     0.0488     0.1960     3.2686     0.1001     0.0965 -124.20262   43.99998      35.24          5  0.000e+00
      24141   1005.833     20.291     20.456     7.9034     7.9007  34.854209  34.853367     7.9014     7.8987    33.6273    33.6290    26.2102    26.2120     2.9683     3.0986     90.393     94.360     1.1343     1.1233     0.0488     0.1960     3.2686     0.1001     0.0965 -124.20262   43.99998      35.21          5  0.000e+00
      24142   1005.875     20.291     20.456     7.9034     7.9005  34.854460  34.853932     7.9014     7.8985    33.6275    33.6298    26.2104    26.2126     2.9683     3.0986     90.392     94.360     1.1343     1.1233     0.0488     0.1960     3.2698     0.0989     0.0965 -124.20262   43.99998      35.14          5  0.000e+00
      24143   1005.917     20.291     20.456     7.9036     7.9002  34.854460  34.853555     7.9016     7.8982    33.6274    33.6297    26.2103    26.2126     2.9683     3.0987     90.392     94.361     1.1343     1.1233     0.0488     0.1960     3.2698     0.0989     0.0965 -124.20262   43.99998      35.12          5  0.000e+00
      24144   1005.958     20.291     20.456     7.9036     7.9000  34.854586  34.853681     7.9016     7.8980    33.6275    33.6300    26.2104    26.2129     2.9683     3.0987     90.392     94.361     1.1343     1.1233     0.0488     0.1960     3.2686     0.0989     0.0965 -124.20262   43.99998      35.12          5  0.000e+00
      24145   1006.000     20.291     20.456     7.9037     7.9005  34.854900  34.853681     7.9017     7.8985    33.6277    33.6295    26.2106    26.2124     2.9683     3.0986     90.392     94.360     1.1343     1.1233     0.0488     0.1960     3.2686     0.0989     0.0965 -124.20262   43.99998      35.12          5  0.000e+00
      24146   1006.042     20.344     20.509     7.9036     7.9016  34.854523  34.853995     7.9016     7.8996    33.6274    33.6288    26.2103    26.2117     2.9683     3.0986     90.393     94.359     1.1343     1.1233     0.0488     0.1960     3.2698     0.0989     0.0965 -124.20262   43.99998      35.12          5  0.000e+00
      24147   1006.083     20.291     20.456     7.9037     7.9016  34.854398  34.854245     7.9017     7.8997    33.6272    33.6290    26.2101    26.2119     2.9683     3.0986     90.392     94.358     1.1343     1.1233     0.0501     0.2265     3.2686     0.0977     0.0965 -124.20262   43.99998      35.12          5  0.000e+00
      24148   1006.125     20.291     20.456     7.9032     7.9016  34.854146  34.853932     7.9013     7.8997    33.6274    33.6287    26.2103    26.2116     2.9683     3.0986     90.393     94.358     1.1343     1.1233     0.0488     0.1960     3.2686     0.0977     0.0965 -124.20262   43.99998      35.14          5  0.000e+00
      24149   1006.167     20.337     20.503     7.9034     7.9023  34.854272  34.854183     7.9014     7.9003    33.6273    33.6283    26.2103    26.2112     2.9684     3.0985     90.393     94.357     1.1343     1.1233     0.0501     0.2265     3.2686     0.0989     0.0965 -124.20262   43.99998      35.14          5  0.000e+00
      24150   1006.208     20.291     20.456     7.9032     7.9021  34.854586  34.854120     7.9013     7.9001    33.6278    33.6284    26.2107    26.2113     2.9683     3.0985     90.393     94.357     1.1343     1.1233     0.0488     0.1960     3.2686     0.0977     0.0965 -124.20262   43.99998      35.12          5  0.000e+00
