WCOA/WCOA-6/CTD_Data/RB2102_CTD_026_01.ros
* Sea-Bird SBE 9 Data File:
* FileName = C:\Users\scs.user.rb\CTD\RB2102\Data\RB2102_CTD_026_01.hex
* Software Version Seasave V 7.26.7.107
* Temperature SN = 6202
* Conductivity SN = 4907
* Number of Bytes Per Scan = 41
* Number of Voltage Words = 4
* Number of Scans Averaged by the Deck Unit = 1
* NMEA Latitude = 46 07.79 N
* NMEA Longitude = 124 54.65 W
* NMEA UTC (Time) = Jun 30 2021  09:37:12
* NMEA baud rate = 4800
# nquan = 30
# nvalues = 1176                                  
# units = specified
# name 0 = scan: Scan Count
# name 1 = timeS: Time, Elapsed [seconds]
# name 2 = depSM: Depth [salt water, m]
# name 3 = prDM: Pressure, Digiquartz [db]
# name 4 = t090C: Temperature [ITS-90, deg C]
# name 5 = t190C: Temperature, 2 [ITS-90, deg C]
# name 6 = c0mS/cm: Conductivity [mS/cm]
# name 7 = c1mS/cm: Conductivity, 2 [mS/cm]
# name 8 = potemp090C: Potential Temperature [ITS-90, deg C]
# name 9 = potemp190C: Potential Temperature, 2 [ITS-90, deg C]
# name 10 = sal00: Salinity, Practical [PSU]
# name 11 = sal11: Salinity, Practical, 2 [PSU]
# name 12 = sigma-é00: Density [sigma-theta, kg/m^3]
# name 13 = sigma-é11: Density, 2 [sigma-theta, kg/m^3]
# name 14 = sbeox0Mg/L: Oxygen, SBE 43 [mg/l]
# name 15 = sbeox1Mg/L: Oxygen, SBE 43, 2 [mg/l]
# name 16 = sbox0Mm/Kg: Oxygen, SBE 43 [umol/kg]
# name 17 = sbox1Mm/Kg: Oxygen, SBE 43, 2 [umol/kg]
# name 18 = sbeox0V: Oxygen raw, SBE 43 [V]
# name 19 = sbeox1V: Oxygen raw, SBE 43, 2 [V]
# name 20 = v4: Voltage 4
# name 21 = flECO-AFL: Fluorescence, WET Labs ECO-AFL/FL [mg/m^3]
# name 22 = v3: Voltage 3
# name 23 = v6: Voltage 6
# name 24 = v7: Voltage 7
# name 25 = longitude: Longitude [deg]
# name 26 = latitude: Latitude [deg]
# name 27 = altM: Altimeter [m]
# name 28 = nbf: Bottles Fired
# name 29 = flag:  0.000e+00
# interval = seconds: 0.0416667
# start_time = Jun 30 2021 09:37:12 [NMEA time, header]
# bad_flag = -9.990e-29
*END*
[from data line 97]
      53177   2215.667   1286.796   1301.520     3.0425     3.0432  31.844822  31.844492     2.9507     2.9514    34.4798    34.4786    27.4743    27.4733     0.7094     0.7209     21.576     21.927     0.6032     0.6117     0.0403    -0.0177     3.1136     1.8010     0.0000 -124.90860   46.12964      11.67          2  0.000e+00
      62581   2607.500    988.559    999.151     3.8310     3.8311  32.316950  32.316106     3.7569     3.7570    34.3696    34.3684    27.3094    27.3085     0.3456     0.3484     10.513     10.597     0.5470     0.5592     0.0415     0.0129     3.1111     1.8388     0.0000 -124.90830   46.12960     100.00          3  0.000e+00
      62582   2607.542    988.606    999.199     3.8308     3.8310  32.316828  32.315985     3.7567     3.7569    34.3696    34.3684    27.3094    27.3084     0.3456     0.3484     10.514     10.597     0.5470     0.5592     0.0415     0.0129     3.1111     1.8388     0.0000 -124.90830   46.12960     100.00          3  0.000e+00
      62583   2607.583    988.512    999.104     3.8310     3.8310  32.316645  32.315436     3.7569     3.7569    34.3692    34.3678    27.3091    27.3080     0.3456     0.3484     10.513     10.597     0.5470     0.5592     0.0415     0.0129     3.1111     1.8388     0.0000 -124.90830   46.12960     100.00          3  0.000e+00
      62584   2607.625    988.606    999.199     3.8310     3.8312  32.316768  32.315741     3.7569     3.7571    34.3693    34.3679    27.3092    27.3081     0.3456     0.3484     10.513     10.597     0.5470     0.5592     0.0415     0.0129     3.1111     1.8388     0.0000 -124.90830   46.12960     100.00          3  0.000e+00
      62585   2607.667    988.506    999.097     3.8310     3.8308  32.316889  32.315375     3.7569     3.7567    34.3695    34.3679    27.3094    27.3081     0.3386     0.3484     10.300     10.597     0.5458     0.5592     0.0415     0.0129     3.1111     1.8400     0.0000 -124.90830   46.12960     100.00          3  0.000e+00
      62586   2607.708    988.506    999.097     3.8308     3.8312  32.316828  32.315497     3.7568     3.7571    34.3696    34.3677    27.3094    27.3079     0.3386     0.3484     10.300     10.597     0.5458     0.5592     0.0415     0.0129     3.1111     1.8388     0.0000 -124.90830   46.12960     100.00          3  0.000e+00
      62587   2607.750    988.506    999.097     3.8308     3.8309  32.316157  32.315802     3.7568     3.7569    34.3688    34.3683    27.3088    27.3084     0.3456     0.3484     10.513     10.597     0.5470     0.5592     0.0415     0.0129     3.1111     1.8400     0.0000 -124.90830   46.12960     100.00          3  0.000e+00
      62588   2607.792    988.459    999.050     3.8310     3.8308  32.316645  32.315680     3.7569     3.7567    34.3693    34.3683    27.3092    27.3084     0.3456     0.3484     10.513     10.597     0.5470     0.5592     0.0415     0.0129     3.1111     1.8388     0.0000 -124.90830   46.12960     100.00          3  0.000e+00
      62589   2607.833    988.459    999.050     3.8308     3.8312  32.316828  32.315619     3.7568     3.7571    34.3696    34.3679    27.3095    27.3080     0.3456     0.3484     10.513     10.597     0.5470     0.5592     0.0415     0.0129     3.1111     1.8388     0.0000 -124.90830   46.12960     100.00          3  0.000e+00
      62590   2607.875    988.459    999.050     3.8308     3.8310  32.316828  32.315801     3.7568     3.7569    34.3696    34.3682    27.3095    27.3083     0.3456     0.3484     10.513     10.597     0.5470     0.5592     0.0415     0.0129     3.1111     1.8388     0.0000 -124.90830   46.12960     100.00          3  0.000e+00
      62591   2607.917    988.405    998.995     3.8310     3.8310  32.316645  32.315801     3.7569     3.7570    34.3693    34.3683    27.3092    27.3083     0.3456     0.3560     10.513     10.830     0.5470     0.5604     0.0415     0.0129     3.1123     1.8388     0.0000 -124.90830   46.12960     100.00          3  0.000e+00
      62592   2607.958    988.459    999.050     3.8308     3.8308  32.317011  32.315436     3.7567     3.7567    34.3699    34.3680    27.3097    27.3082     0.3456     0.3560     10.513     10.830     0.5470     0.5604     0.0415     0.0129     3.1111     1.8388     0.0000 -124.90830   46.12960     100.00          3  0.000e+00
      62593   2608.000    988.405    998.995     3.8310     3.8308  32.316462  32.315497     3.7569     3.7568    34.3691    34.3681    27.3090    27.3082     0.3386     0.3560     10.300     10.830     0.5458     0.5604     0.0415     0.0129     3.1111     1.8388     0.0000 -124.90830   46.12960     100.00          3  0.000e+00
      62594   2608.042    988.405    998.995     3.8310     3.8306  32.316462  32.315619     3.7569     3.7566    34.3691    34.3684    27.3090    27.3085     0.3456     0.3560     10.513     10.830     0.5470     0.5604     0.0415     0.0129     3.1123     1.8388     0.0000 -124.90830   46.12960     100.00          3  0.000e+00
      62595   2608.083    988.405    998.995     3.8310     3.8312  32.316767  32.315192     3.7569     3.7571    34.3694    34.3674    27.3093    27.3076     0.3456     0.3560     10.513     10.830     0.5470     0.5604     0.0415     0.0129     3.1099     1.8400     0.0000 -124.90830   46.12960     100.00          3  0.000e+00
      62596   2608.125    988.412    999.002     3.8311     3.8308  32.316889  32.315619     3.7571     3.7568    34.3694    34.3683    27.3093    27.3084     0.3386     0.3484     10.300     10.597     0.5458     0.5592     0.0415     0.0129     3.1111     1.8388     0.0000 -124.90830   46.12960     100.00          3  0.000e+00
      62597   2608.167    988.358    998.948     3.8311     3.8311  32.316584  32.315618     3.7571     3.7571    34.3691    34.3680    27.3090    27.3081     0.3386     0.3483     10.300     10.597     0.5458     0.5592     0.0415     0.0129     3.1123     1.8400     0.0000 -124.90830   46.12960     100.00          3  0.000e+00
      62598   2608.208    988.405    998.996     3.8310     3.8312  32.316340  32.315801     3.7569     3.7571    34.3689    34.3681    27.3089    27.3082     0.3386     0.3484     10.300     10.597     0.5458     0.5592     0.0415     0.0129     3.1111     1.8388     0.0000 -124.90830   46.12960     100.00          3  0.000e+00
      62599   2608.250    988.405    998.996     3.8308     3.8310  32.316706  32.315679     3.7568     3.7570    34.3695    34.3681    27.3094    27.3082     0.3386     0.3560     10.300     10.830     0.5458     0.5604     0.0415     0.0129     3.1111     1.8388     0.0000 -124.90830   46.12960     100.00          3  0.000e+00
      62600   2608.292    988.405    998.996     3.8308     3.8308  32.316584  32.315619     3.7568     3.7568    34.3694    34.3683    27.3093    27.3084     0.3386     0.3484     10.300     10.597     0.5458     0.5592     0.0415     0.0129     3.1099     1.8388     0.0000 -124.90830   46.12960     100.00          3  0.000e+00
      62601   2608.333    988.405    998.996     3.8310     3.8310  32.316523  32.315497     3.7569     3.7570    34.3691    34.3679    27.3091    27.3081     0.3386     0.3484     10.300     10.597     0.5458     0.5592     0.0415     0.0129     3.1099     1.8388     0.0000 -124.90830   46.12960     100.00          3  0.000e+00
      62602   2608.375    988.459    999.050     3.8308     3.8308  32.316584  32.315802     3.7568     3.7567    34.3694    34.3684    27.3092    27.3085     0.3386     0.3484     10.300     10.597     0.5458     0.5592     0.0415     0.0129     3.1123     1.8400     0.0000 -124.90830   46.12960     100.00          3  0.000e+00
      62603   2608.417    988.359    998.948     3.8307     3.8308  32.316340  32.315923     3.7566     3.7568    34.3693    34.3686    27.3092    27.3087     0.3386     0.3560     10.300     10.830     0.5458     0.5604     0.0415     0.0129     3.1123     1.8388     0.0000 -124.90830   46.12960     100.00          3  0.000e+00
      62604   2608.458    988.459    999.050     3.8308     3.8308  32.316645  32.315436     3.7568     3.7567    34.3694    34.3680    27.3093    27.3082     0.3456     0.3484     10.513     10.597     0.5470     0.5592     0.0415     0.0129     3.1111     1.8388     0.0000 -124.90830   46.12960     100.00          3  0.000e+00
      62605   2608.500    988.406    998.996     3.8306     3.8305  32.316645  32.315131     3.7566     3.7564    34.3697    34.3680    27.3095    27.3082     0.3456     0.3484     10.513     10.597     0.5470     0.5592     0.0415     0.0129     3.1111     1.8388     0.0000 -124.90830   46.12960     100.00          3  0.000e+00
      62606   2608.542    988.506    999.098     3.8310     3.8303  32.316340  32.315253     3.7569     3.7563    34.3689    34.3682    27.3088    27.3084     0.3456     0.3484     10.513     10.597     0.5470     0.5592     0.0415     0.0129     3.1111     1.8388     0.0000 -124.90830   46.12960     100.00          3  0.000e+00
      62607   2608.583    988.459    999.050     3.8307     3.8304  32.316462  32.315436     3.7566     3.7564    34.3694    34.3684    27.3093    27.3085     0.3456     0.3484     10.513     10.597     0.5470     0.5592     0.0415     0.0129     3.1111     1.8400     0.0000 -124.90830   46.12960     100.00          3  0.000e+00
      62608   2608.625    988.459    999.050     3.8308     3.8303  32.316279  32.315131     3.7568     3.7563    34.3690    34.3681    27.3089    27.3083     0.3456     0.3484     10.513     10.597     0.5470     0.5592     0.0415     0.0129     3.1111     1.8400     0.0000 -124.90830   46.12960     100.00          3  0.000e+00
      62609   2608.667    988.459    999.050     3.8305     3.8305  32.316218  32.315436     3.7565     3.7564    34.3692    34.3683    27.3092    27.3085     0.3456     0.3484     10.513     10.597     0.5470     0.5592     0.0415     0.0129     3.1111     1.8400     0.0000 -124.90830   46.12960     100.00          3  0.000e+00
      62610   2608.708    988.507    999.098     3.8305     3.8305  32.316462  32.315619     3.7565     3.7564    34.3695    34.3685    27.3094    27.3086     0.3456     0.3484     10.513     10.597     0.5470     0.5592     0.0415     0.0129     3.1111     1.8400     0.0000 -124.90830   46.12960     100.00          3  0.000e+00
      62611   2608.750    988.560    999.153     3.8305     3.8306  32.316523  32.315619     3.7565     3.7566    34.3695    34.3683    27.3094    27.3084     0.3386     0.3484     10.300     10.597     0.5458     0.5592     0.0415     0.0129     3.1111     1.8400     0.0000 -124.90830   46.12960     100.00          3  0.000e+00
      62612   2608.792    988.560    999.153     3.8307     3.8303  32.316523  32.315497     3.7566     3.7563    34.3694    34.3685    27.3093    27.3086     0.3456     0.3560     10.513     10.831     0.5470     0.5604     0.0415     0.0129     3.1111     1.8400     0.0000 -124.90830   46.12960     100.00          3  0.000e+00
      62613   2608.833    988.507    999.098     3.8307     3.8308  32.316767  32.315802     3.7566     3.7567    34.3697    34.3684    27.3095    27.3085     0.3456     0.3560     10.513     10.830     0.5470     0.5604     0.0415     0.0129     3.1111     1.8400     0.0000 -124.90830   46.12960     100.00          3  0.000e+00
      62614   2608.875    988.607    999.200     3.8307     3.8306  32.316889  32.315924     3.7566     3.7566    34.3698    34.3687    27.3096    27.3087     0.3386     0.3484     10.300     10.597     0.5458     0.5592     0.0415     0.0129     3.1111     1.8400     0.0000 -124.90830   46.12960     100.00          3  0.000e+00
      62615   2608.917    988.661    999.255     3.8307     3.8308  32.316585  32.315924     3.7566     3.7567    34.3694    34.3685    27.3093    27.3085     0.3456     0.3560     10.514     10.831     0.5470     0.5604     0.0415     0.0129     3.1111     1.8400     0.0000 -124.90830   46.12960     100.00          3  0.000e+00
      62616   2608.958    988.560    999.153     3.8307     3.8306  32.316523  32.315680     3.7566     3.7566    34.3694    34.3684    27.3093    27.3085     0.3456     0.3484     10.513     10.597     0.5470     0.5592     0.0415     0.0129     3.1111     1.8400     0.0000 -124.90830   46.12960     100.00          3  0.000e+00
      62617   2609.000    988.661    999.255     3.8306     3.8308  32.316585  32.315619     3.7565     3.7567    34.3695    34.3681    27.3093    27.3083     0.3386     0.3560     10.300     10.831     0.5458     0.5604     0.0415     0.0129     3.1111     1.8400     0.0000 -124.90830   46.12960     100.00          3  0.000e+00
      62618   2609.042    988.708    999.302     3.8308     3.8308  32.316585  32.315741     3.7567     3.7567    34.3692    34.3682    27.3091    27.3084     0.3456     0.3560     10.514     10.831     0.5470     0.5604     0.0415     0.0129     3.1099     1.8400     0.0000 -124.90830   46.12960     100.00          3  0.000e+00
      62619   2609.083    988.708    999.302     3.8307     3.8306  32.316524  32.315863     3.7566     3.7566    34.3693    34.3685    27.3092    27.3086     0.3386     0.3484     10.300     10.597     0.5458     0.5592     0.0403    -0.0177     3.1099     1.8400     0.0000 -124.90830   46.12960     100.00          3  0.000e+00
      62620   2609.125    988.708    999.303     3.8308     3.8306  32.316524  32.315924     3.7567     3.7566    34.3692    34.3686    27.3091    27.3087     0.3386     0.3484     10.300     10.597     0.5458     0.5592     0.0415     0.0129     3.1111     1.8400     0.0000 -124.90830   46.12960     100.00          3  0.000e+00
      62621   2609.167    988.762    999.357     3.8305     3.8306  32.316341  32.315924     3.7564     3.7566    34.3692    34.3686    27.3092    27.3087     0.3386     0.3484     10.301     10.597     0.5458     0.5592     0.0415     0.0129     3.1111     1.8400     0.0000 -124.90830   46.12960     100.00          3  0.000e+00
      62622   2609.208    988.769    999.364     3.8305     3.8308  32.316036  32.315924     3.7564     3.7567    34.3689    34.3684    27.3089    27.3085     0.3456     0.3484     10.514     10.597     0.5470     0.5592     0.0415     0.0129     3.1099     1.8400     0.0000 -124.90830   46.12960     100.00          3  0.000e+00
      62623   2609.250    988.809    999.405     3.8305     3.8309  32.316341  32.315803     3.7564     3.7569    34.3692    34.3681    27.3091    27.3082     0.3386     0.3560     10.301     10.831     0.5458     0.5604     0.0403    -0.0177     3.1099     1.8400     0.0000 -124.90830   46.12960     100.00          3  0.000e+00
      62624   2609.292    988.863    999.459     3.8303     3.8312  32.316524  32.316107     3.7562     3.7571    34.3696    34.3682    27.3095    27.3083     0.3386     0.3484     10.301     10.597     0.5458     0.5592     0.0403    -0.0177     3.1123     1.8400     0.0000 -124.90830   46.12960     100.00          3  0.000e+00
      62625   2609.333    988.863    999.459     3.8305     3.8308  32.316585  32.316412     3.7564     3.7567    34.3695    34.3690    27.3094    27.3089     0.3386     0.3560     10.301     10.831     0.5458     0.5604     0.0403    -0.0177     3.1099     1.8400     0.0000 -124.90830   46.12960     100.00          3  0.000e+00
      62626   2609.375    988.964    999.561     3.8305     3.8306  32.316769  32.315803     3.7564     3.7566    34.3696    34.3683    27.3095    27.3085     0.3386     0.3484     10.301     10.598     0.5458     0.5592     0.0403    -0.0177     3.1123     1.8400     0.0000 -124.90830   46.12960     100.00          3  0.000e+00
      62627   2609.417    988.964    999.561     3.8305     3.8306  32.316403  32.315620     3.7564     3.7566    34.3692    34.3681    27.3091    27.3083     0.3386     0.3561     10.301     10.831     0.5458     0.5604     0.0403    -0.0177     3.1099     1.8400     0.0000 -124.90830   46.12960     100.00          3  0.000e+00
