WCOA/WCOA-6/CTD_Data/RB2102_CTD_129_01.ros
* Sea-Bird SBE 9 Data File:
* FileName = C:\Users\scs.user.rb\CTD\RB2102\Data\RB2102_CTD_129_01.hex
* Software Version Seasave V 7.26.7.107
* Temperature SN = 6202
* Conductivity SN = 4907
* Number of Bytes Per Scan = 41
* Number of Voltage Words = 4
* Number of Scans Averaged by the Deck Unit = 1
* NMEA Latitude = 32 48.71 N
* NMEA Longitude = 119 09.07 W
* NMEA UTC (Time) = Jul 21 2021  18:32:53
* NMEA baud rate = 4800
# nquan = 30
# nvalues = 1015                                  
# units = specified
# name 0 = scan: Scan Count
# name 1 = timeS: Time, Elapsed [seconds]
# name 2 = depSM: Depth [salt water, m]
# name 3 = prDM: Pressure, Digiquartz [db]
# name 4 = t090C: Temperature [ITS-90, deg C]
# name 5 = t190C: Temperature, 2 [ITS-90, deg C]
# name 6 = c0mS/cm: Conductivity [mS/cm]
# name 7 = c1mS/cm: Conductivity, 2 [mS/cm]
# name 8 = potemp090C: Potential Temperature [ITS-90, deg C]
# name 9 = potemp190C: Potential Temperature, 2 [ITS-90, deg C]
# name 10 = sal00: Salinity, Practical [PSU]
# name 11 = sal11: Salinity, Practical, 2 [PSU]
# name 12 = sigma-é00: Density [sigma-theta, kg/m^3]
# name 13 = sigma-é11: Density, 2 [sigma-theta, kg/m^3]
# name 14 = sbeox0Mg/L: Oxygen, SBE 43 [mg/l]
# name 15 = sbeox1Mg/L: Oxygen, SBE 43, 2 [mg/l]
# name 16 = sbox0Mm/Kg: Oxygen, SBE 43 [umol/kg]
# name 17 = sbox1Mm/Kg: Oxygen, SBE 43, 2 [umol/kg]
# name 18 = sbeox0V: Oxygen raw, SBE 43 [V]
# name 19 = sbeox1V: Oxygen raw, SBE 43, 2 [V]
# name 20 = v4: Voltage 4
# name 21 = flECO-AFL: Fluorescence, WET Labs ECO-AFL/FL [mg/m^3]
# name 22 = v3: Voltage 3
# name 23 = v6: Voltage 6
# name 24 = v7: Voltage 7
# name 25 = longitude: Longitude [deg]
# name 26 = latitude: Latitude [deg]
# name 27 = altM: Altimeter [m]
# name 28 = nbf: Bottles Fired
# name 29 = flag:  0.000e+00
# interval = seconds: 0.0416667
# start_time = Jul 21 2021 18:32:53 [NMEA time, header]
# bad_flag = -9.990e-29
*END*
[from data line 484]
      86269   3594.500     99.292    100.020     9.5438     9.5322  36.699352  36.692589     9.5327     9.5211    33.9628    33.9668    26.2199    26.2249     3.2807     3.0665     99.903     93.381     1.2247     1.1368     0.0415     0.0129     3.2515     0.0000     0.0000 -119.15110   32.81034      99.71         11  0.000e+00
      86270   3594.542     99.339    100.067     9.5439     9.5342  36.699609  36.693741     9.5329     9.5231    33.9629    33.9661    26.2199    26.2241     3.2807     3.0664     99.903     93.377     1.2247     1.1368     0.0415     0.0129     3.2540     0.0000     0.0000 -119.15110   32.81034      99.71         11  0.000e+00
      86271   3594.583     99.286    100.013     9.5438     9.5351  36.699929  36.693997     9.5327     9.5241    33.9634    33.9654    26.2204    26.2234     3.2807     3.0663     99.903     93.375     1.2247     1.1368     0.0415     0.0129     3.2515     0.0000     0.0000 -119.15110   32.81034      99.71         11  0.000e+00
      86272   3594.625     99.246     99.973     9.5441     9.5364  36.699865  36.695149     9.5330     9.5254    33.9630    33.9654    26.2201    26.2232     3.2806     3.0662     99.902     93.372     1.2247     1.1368     0.0415     0.0129     3.2540     0.0000     0.0000 -119.15110   32.81034      99.71         11  0.000e+00
      86273   3594.667     99.286    100.013     9.5443     9.5374  36.699993  36.696302     9.5332     9.5264    33.9630    33.9656    26.2200    26.2232     3.2806     3.0661     99.902     93.370     1.2247     1.1368     0.0415     0.0129     3.2527     0.0000     0.0000 -119.15110   32.81034      99.71         11  0.000e+00
      86274   3594.708     99.246     99.973     9.5444     9.5386  36.700506  36.697006     9.5333     9.5275    33.9634    33.9653    26.2203    26.2227     3.2806     3.0660     99.901     93.367     1.2247     1.1368     0.0415     0.0129     3.2515     0.0000     0.0000 -119.15110   32.81034      99.71         11  0.000e+00
      86275   3594.750     99.239     99.967     9.5450     9.5396  36.701467  36.697710     9.5340     9.5285    33.9638    33.9651    26.2205    26.2224     3.2805     3.0660     99.899     93.365     1.2247     1.1368     0.0415     0.0129     3.2540     0.0000     0.0000 -119.15110   32.81034      99.71         11  0.000e+00
      86276   3594.792     99.246     99.973     9.5457     9.5402  36.701659  36.697902     9.5346     9.5292    33.9634    33.9647    26.2200    26.2220     3.2805     3.0659     99.898     93.364     1.2247     1.1368     0.0415     0.0129     3.2515     0.0000     0.0000 -119.15110   32.81034      99.71         11  0.000e+00
      86277   3594.833     99.140     99.866     9.5465     9.5409  36.702427  36.698606     9.5355     9.5299    33.9634    33.9648    26.2200    26.2219     3.2804     3.0658     99.894     93.361     1.2247     1.1368     0.0415     0.0129     3.2527     0.0000     0.0000 -119.15110   32.81034      99.71         11  0.000e+00
      86278   3594.875     99.246     99.973     9.5470     9.5415  36.702491  36.699054     9.5360     9.5305    33.9630    33.9646    26.2195    26.2217     3.2804     3.0658     99.895     93.361     1.2247     1.1368     0.0415     0.0129     3.2527     0.0000     0.0000 -119.15110   32.81034      99.71         11  0.000e+00
      86279   3594.917     99.193     99.920     9.5477     9.5415  36.703068  36.698926     9.5366     9.5305    33.9630    33.9645    26.2194    26.2216     3.2803     3.0658     99.893     93.360     1.2247     1.1368     0.0415     0.0129     3.2540     0.0000     0.0000 -119.15110   32.81034      99.71         11  0.000e+00
      86280   3594.958     99.147     99.873     9.5482     9.5417  36.703516  36.698862     9.5371     9.5307    33.9630    33.9643    26.2193    26.2214     3.2748     3.0658     99.726     93.359     1.2234     1.1368     0.0415     0.0129     3.2515     0.0000     0.0000 -119.15110   32.81034      99.71         11  0.000e+00
      86281   3595.000     99.147     99.873     9.5486     9.5414  36.704093  36.698862     9.5376     9.5303    33.9631    33.9646    26.2194    26.2217     3.2802     3.0658     99.890     93.360     1.2247     1.1368     0.0415     0.0129     3.2515     0.0000     0.0000 -119.15110   32.81034      99.71         11  0.000e+00
      86282   3595.042     99.140     99.867     9.5491     9.5419  36.704093  36.699054     9.5381     9.5308    33.9626    33.9644    26.2189    26.2215     3.2802     3.0658     99.889     93.359     1.2247     1.1368     0.0415     0.0129     3.2540     0.0000     0.0000 -119.15110   32.81034      99.71         11  0.000e+00
      86283   3595.083     99.147     99.873     9.5493     9.5424  36.704221  36.699374     9.5382     9.5313    33.9626    33.9642    26.2189    26.2212     3.2802     3.0658     99.889     93.358     1.2247     1.1368     0.0415     0.0129     3.2515     0.0000     0.0000 -119.15110   32.81034      99.71         11  0.000e+00
      86284   3595.125     99.094     99.820     9.5493     9.5428  36.704733  36.699694     9.5382     9.5318    33.9632    33.9641    26.2193    26.2211     3.2802     3.0657     99.888     93.356     1.2247     1.1368     0.0415     0.0129     3.2527     0.0000     0.0000 -119.15110   32.81034      99.71         11  0.000e+00
      86285   3595.167     99.047     99.773     9.5495     9.5434  36.704733  36.699822     9.5384     9.5324    33.9630    33.9637    26.2192    26.2207     3.2801     3.0656     99.887     93.355     1.2247     1.1368     0.0415     0.0129     3.2540     0.0000     0.0000 -119.15110   32.81034      99.71         11  0.000e+00
      86286   3595.208     99.140     99.867     9.5504     9.5435  36.705118  36.700014     9.5394     9.5324    33.9625    33.9638    26.2186    26.2208     3.2801     3.0657     99.886     93.356     1.2247     1.1368     0.0415     0.0129     3.2527     0.0000     0.0000 -119.15110   32.81034      99.71         11  0.000e+00
      86287   3595.250     99.001     99.726     9.5511     9.5432  36.705950  36.699374     9.5400     9.5321    33.9628    33.9635    26.2187    26.2206     3.2800     3.0656     99.883     93.355     1.2247     1.1368     0.0415     0.0129     3.2540     0.0000     0.0000 -119.15110   32.81034      99.71         11  0.000e+00
      86288   3595.292     99.094     99.820     9.5517     9.5428  36.705822  36.699374     9.5407     9.5318    33.9620    33.9638    26.2180    26.2208     3.2800     3.0657     99.883     93.357     1.2247     1.1368     0.0415     0.0129     3.2540     0.0000     0.0000 -119.15110   32.81034      99.71         11  0.000e+00
      86289   3595.333     99.001     99.726     9.5518     9.5424  36.706270  36.699246     9.5407     9.5313    33.9625    33.9641    26.2184    26.2212     3.2854     3.0657    100.047     93.356     1.2259     1.1368     0.0415     0.0129     3.2515     0.0000     0.0000 -119.15110   32.81034      99.71         11  0.000e+00
      86290   3595.375     99.001     99.726     9.5527     9.5420  36.706527  36.698605     9.5417     9.5310    33.9618    33.9638    26.2177    26.2210     3.2799     3.0657     99.880     93.357     1.2247     1.1368     0.0415     0.0129     3.2540     0.0000     0.0000 -119.15110   32.81034      99.71         11  0.000e+00
      86291   3595.417     99.041     99.767     9.5535     9.5417  36.707296  36.698285     9.5425     9.5307    33.9619    33.9637    26.2176    26.2210     3.2799     3.0658     99.878     93.359     1.2247     1.1368     0.0415     0.0129     3.2527     0.0000     0.0000 -119.15110   32.81034      99.71         11  0.000e+00
      86292   3595.458     98.948     99.673     9.5542     9.5420  36.707872  36.699181     9.5432     9.5310    33.9618    33.9644    26.2175    26.2215     3.2798     3.0657     99.875     93.356     1.2247     1.1368     0.0415     0.0129     3.2540     0.0000     0.0000 -119.15110   32.81034      99.71         11  0.000e+00
      86293   3595.500     98.948     99.673     9.5548     9.5437  36.708384  36.699950     9.5438     9.5327    33.9618    33.9636    26.2173    26.2206     3.2797     3.0656     99.874     93.353     1.2247     1.1368     0.0415     0.0129     3.2540     0.0000     0.0000 -119.15110   32.81034      99.71         11  0.000e+00
      86294   3595.542     98.948     99.673     9.5550     9.5458  36.708705  36.701550     9.5439     9.5348    33.9620    33.9633    26.2174    26.2199     3.2797     3.0654     99.874     93.349     1.2247     1.1368     0.0415     0.0129     3.2540     0.0000     0.0000 -119.15110   32.81034      99.71         11  0.000e+00
      86295   3595.583     98.948     99.673     9.5548     9.5463  36.708449  36.702062     9.5438     9.5353    33.9618    33.9633    26.2173    26.2199     3.2797     3.0654     99.874     93.348     1.2247     1.1368     0.0415     0.0129     3.2540     0.0000     0.0000 -119.15110   32.81034      99.71         11  0.000e+00
      86296   3595.625     98.902     99.626     9.5550     9.5468  36.708448  36.702830     9.5440     9.5358    33.9617    33.9637    26.2172    26.2201     3.2851     3.0653    100.038     93.346     1.2259     1.1368     0.0415     0.0129     3.2527     0.0000     0.0000 -119.15110   32.81034      99.71         11  0.000e+00
      86297   3595.667     98.895     99.620     9.5547     9.5481  36.708256  36.703535     9.5437     9.5371    33.9618    33.9632    26.2173    26.2195     3.2851     3.0653    100.039     93.343     1.2259     1.1368     0.0415     0.0129     3.2540     0.0000     0.0000 -119.15110   32.81034      99.71         11  0.000e+00
      86298   3595.708     98.902     99.626     9.5551     9.5492  36.708641  36.703919     9.5441     9.5382    33.9618    33.9625    26.2173    26.2188     3.2797     3.0652     99.873     93.341     1.2247     1.1368     0.0415     0.0129     3.2527     0.0000     0.0000 -119.15110   32.81034      99.71         11  0.000e+00
      86299   3595.750     98.902     99.627     9.5552     9.5503  36.708897  36.703790     9.5441     9.5392    33.9620    33.9614    26.2174    26.2178     3.2797     3.0651     99.873     93.340     1.2247     1.1368     0.0415     0.0129     3.2540     0.0000     0.0000 -119.15110   32.81034      99.71         11  0.000e+00
      86300   3595.792     98.796     99.520     9.5552     9.5503  36.709089  36.703470     9.5441     9.5392    33.9622    33.9611    26.2176    26.2175     3.2796     3.0651     99.871     93.338     1.2247     1.1368     0.0415     0.0129     3.2527     0.0000     0.0000 -119.15110   32.81034      99.71         11  0.000e+00
      86301   3595.833     98.855     99.580     9.5553     9.5491  36.709153  36.703150     9.5443     9.5381    33.9622    33.9619    26.2175    26.2183     3.2796     3.0652     99.872     93.341     1.2247     1.1368     0.0415     0.0129     3.2527     0.0000     0.0000 -119.15110   32.81034      99.71         11  0.000e+00
      86302   3595.875     98.796     99.520     9.5555     9.5473  36.709473  36.702766     9.5445     9.5363    33.9623    33.9632    26.2176    26.2197     3.2796     3.0653     99.870     93.344     1.2247     1.1368     0.0415     0.0129     3.2527     0.0000     0.0000 -119.15110   32.81034      99.68         11  0.000e+00
      86303   3595.917     98.802     99.526     9.5555     9.5470  36.709473  36.702446     9.5445     9.5360    33.9623    33.9631    26.2176    26.2196     3.2796     3.0653     99.870     93.344     1.2247     1.1368     0.0415     0.0129     3.2527     0.0000     0.0000 -119.15110   32.81034      99.71         11  0.000e+00
      86304   3595.958     98.796     99.520     9.5553     9.5473  36.709665  36.702638     9.5443     9.5363    33.9627    33.9631    26.2180    26.2196     3.2796     3.0653     99.870     93.344     1.2247     1.1368     0.0415     0.0129     3.2540     0.0000     0.0000 -119.15110   32.81034      99.71         11  0.000e+00
      86305   3596.000     98.802     99.526     9.5553     9.5478  36.709025  36.702766     9.5443     9.5368    33.9620    33.9627    26.2174    26.2192     3.2796     3.0652     99.871     93.343     1.2247     1.1368     0.0415     0.0129     3.2527     0.0000     0.0000 -119.15110   32.81034      99.71         11  0.000e+00
      86306   3596.042     98.749     99.473     9.5553     9.5484  36.709409  36.702958     9.5443     9.5374    33.9624    33.9623    26.2177    26.2188     3.2796     3.0652     99.870     93.341     1.2247     1.1368     0.0415     0.0129     3.2527     0.0000     0.0000 -119.15110   32.81034      99.71         11  0.000e+00
      86307   3596.083     98.756     99.480     9.5559     9.5496  36.709729  36.703790     9.5449     9.5385    33.9622    33.9621    26.2174    26.2184     3.2795     3.0651     99.869     93.339     1.2247     1.1368     0.0415     0.0129     3.2540     0.0000     0.0000 -119.15110   32.81034      99.71         11  0.000e+00
      86308   3596.125     98.756     99.480     9.5568     9.5504  36.710242  36.704046     9.5458     9.5394    33.9619    33.9616    26.2171    26.2179     3.2795     3.0651     99.867     93.337     1.2247     1.1368     0.0415     0.0129     3.2540     0.0000     0.0000 -119.15110   32.81034      99.68         11  0.000e+00
      86309   3596.167     98.703     99.426     9.5568     9.5504  36.710242  36.704494     9.5458     9.5394    33.9619    33.9621    26.2171    26.2183     3.2795     3.0650     99.866     93.336     1.2247     1.1368     0.0427     0.0434     3.2527     0.0000     0.0000 -119.15110   32.81034      99.71         11  0.000e+00
      90025   3751.000     78.743     79.316    10.1304    10.1323  37.142997  37.145106    10.1213    10.1232    33.8739    33.8743    26.0521    26.0520     3.8770     3.6279    118.082    110.495     1.3724     1.2650     0.0513     0.2571     3.2503     0.0000     0.0000 -119.15110   32.81028      99.61         12  0.000e+00
      90026   3751.042     78.796     79.370    10.1304    10.1321  37.142997  37.145299    10.1213    10.1230    33.8739    33.8746    26.0520    26.0523     3.8824     3.6279    118.246    110.496     1.3736     1.2650     0.0501     0.2265     3.2491     0.0000     0.0000 -119.15110   32.81028      99.61         12  0.000e+00
      90027   3751.083     78.697     79.270    10.1305    10.1323  37.142739  37.145363    10.1214    10.1232    33.8736    33.8745    26.0518    26.0523     3.8770     3.6279    118.082    110.494     1.3724     1.2650     0.0501     0.2265     3.2503     0.0000     0.0000 -119.15110   32.81028      99.61         12  0.000e+00
      90028   3751.125     78.697     79.270    10.1305    10.1321  37.143125  37.145363    10.1214    10.1230    33.8739    33.8747    26.0521    26.0524     3.8823     3.6279    118.244    110.495     1.3736     1.2650     0.0501     0.2265     3.2491     0.0000     0.0000 -119.15110   32.81028      98.90         12  0.000e+00
      90029   3751.167     78.743     79.317    10.1305    10.1321  37.143318  37.145621    10.1214    10.1230    33.8741    33.8749    26.0522    26.0526     3.8823     3.6279    118.244    110.495     1.3736     1.2650     0.0501     0.2265     3.2479     0.0000     0.0000 -119.15110   32.81028      87.37         12  0.000e+00
      90030   3751.208     78.743     79.317    10.1305    10.1319  37.143318  37.145170    10.1214    10.1228    33.8741    33.8746    26.0522    26.0524     3.8823     3.6279    118.245    110.496     1.3736     1.2650     0.0501     0.2265     3.2491     0.0000     0.0000 -119.15110   32.81028      79.76         12  0.000e+00
