WCOA/WCOA-6/CTD_Data/RB2102_CTD_029_01.ros
* Sea-Bird SBE 9 Data File:
* FileName = C:\Users\scs.user.rb\CTD\RB2102\Data\RB2102_CTD_029_01.hex
* Software Version Seasave V 7.26.7.107
* Temperature SN = 6202
* Conductivity SN = 4907
* Number of Bytes Per Scan = 41
* Number of Voltage Words = 4
* Number of Scans Averaged by the Deck Unit = 1
* NMEA Latitude = 46 11.59 N
* NMEA Longitude = 123 54.83 W
* NMEA UTC (Time) = Jun 30 2021  22:10:19
* NMEA baud rate = 4800
# nquan = 30
# nvalues = 539                                   
# units = specified
# name 0 = scan: Scan Count
# name 1 = timeS: Time, Elapsed [seconds]
# name 2 = depSM: Depth [salt water, m]
# name 3 = prDM: Pressure, Digiquartz [db]
# name 4 = t090C: Temperature [ITS-90, deg C]
# name 5 = t190C: Temperature, 2 [ITS-90, deg C]
# name 6 = c0mS/cm: Conductivity [mS/cm]
# name 7 = c1mS/cm: Conductivity, 2 [mS/cm]
# name 8 = potemp090C: Potential Temperature [ITS-90, deg C]
# name 9 = potemp190C: Potential Temperature, 2 [ITS-90, deg C]
# name 10 = sal00: Salinity, Practical [PSU]
# name 11 = sal11: Salinity, Practical, 2 [PSU]
# name 12 = sigma-é00: Density [sigma-theta, kg/m^3]
# name 13 = sigma-é11: Density, 2 [sigma-theta, kg/m^3]
# name 14 = sbeox0Mg/L: Oxygen, SBE 43 [mg/l]
# name 15 = sbeox1Mg/L: Oxygen, SBE 43, 2 [mg/l]
# name 16 = sbox0Mm/Kg: Oxygen, SBE 43 [umol/kg]
# name 17 = sbox1Mm/Kg: Oxygen, SBE 43, 2 [umol/kg]
# name 18 = sbeox0V: Oxygen raw, SBE 43 [V]
# name 19 = sbeox1V: Oxygen raw, SBE 43, 2 [V]
# name 20 = v4: Voltage 4
# name 21 = flECO-AFL: Fluorescence, WET Labs ECO-AFL/FL [mg/m^3]
# name 22 = v3: Voltage 3
# name 23 = v6: Voltage 6
# name 24 = v7: Voltage 7
# name 25 = longitude: Longitude [deg]
# name 26 = latitude: Latitude [deg]
# name 27 = altM: Altimeter [m]
# name 28 = nbf: Bottles Fired
# name 29 = flag:  0.000e+00
# interval = seconds: 0.0416667
# start_time = Jun 30 2021 22:10:19 [NMEA time, header]
# bad_flag = -9.990e-29
*END*
[from data line 532]
      20660    860.792      2.799      2.822    20.8418    20.8193   4.895303   5.014830    20.8413    20.8188     2.8745     2.9509     0.2129     0.2757     8.6720     8.2317    270.947    257.173     2.5580     2.3284     0.1001     1.4781     3.2100     0.7509     0.0000 -123.91344   46.19288      12.48         11  0.000e+00
      20661    860.833      2.852      2.875    20.8409    20.8184   4.902206   5.012335    20.8405    20.8180     2.8789     2.9494     0.2164     0.2747     8.6720     8.2320    270.945    257.182     2.5580     2.3284     0.1001     1.4781     3.2100     0.7497     0.0000 -123.91344   46.19288      12.48         11  0.000e+00
      20662    860.875      2.799      2.822    20.8381    20.8170   4.912870   5.016494    20.8377    20.8165     2.8858     2.9521     0.2222     0.2771     8.6721     8.2320    270.946    257.183     2.5580     2.3284     0.1001     1.4781     3.2100     0.7497     0.0000 -123.91344   46.19288      12.45         11  0.000e+00
      20663    860.917      2.852      2.875    20.8360    20.8158   4.923937   5.023148    20.8356    20.8153     2.8928     2.9563     0.2280     0.2806     8.6772     8.2266    271.106    257.012     2.5592     2.3272     0.1001     1.4781     3.2100     0.7509     0.0000 -123.91344   46.19288      12.48         11  0.000e+00
      20664    860.958      2.812      2.835    20.8336    20.8156   4.935116   5.027453    20.8331    20.8152     2.9000     2.9590     0.2339     0.2827     8.6773     8.2264    271.104    257.006     2.5592     2.3272     0.1001     1.4781     3.2100     0.7509     0.0000 -123.91344   46.19288      12.48         11  0.000e+00
      20665    861.000      2.851      2.875    20.8310    20.8175   4.946625   5.020002    20.8305    20.8171     2.9074     2.9542     0.2401     0.2786     8.6774     8.2264    271.106    257.006     2.5592     2.3272     0.1001     1.4781     3.2100     0.7509     0.0000 -123.91344   46.19288      12.48         11  0.000e+00
      20666    861.042      2.799      2.822    20.8291    20.8181   4.951295   5.008395    20.8286    20.8176     2.9104     2.9469     0.2428     0.2729     8.6775     8.2211    271.109    256.842     2.5592     2.3260     0.1001     1.4781     3.2112     0.7497     0.0000 -123.91344   46.19288      12.48         11  0.000e+00
