WCOA/WCOA-6/CTD_Data/RB2102_CTD_011_01.ros
* Sea-Bird SBE 9 Data File:
* FileName = C:\Users\scs.user.rb\CTD\RB2102\Data\RB2102_CTD_011_01.hex
* Software Version Seasave V 7.26.7.107
* Temperature SN = 6202
* Conductivity SN = 4907
* Number of Bytes Per Scan = 41
* Number of Voltage Words = 4
* Number of Scans Averaged by the Deck Unit = 1
* NMEA Latitude = 48 39.44 N
* NMEA Longitude = 125 46.92 W
* NMEA UTC (Time) = Jun 27 2021  23:13:02
* NMEA baud rate = 4800
# nquan = 30
# nvalues = 441                                   
# units = specified
# name 0 = scan: Scan Count
# name 1 = timeS: Time, Elapsed [seconds]
# name 2 = depSM: Depth [salt water, m]
# name 3 = prDM: Pressure, Digiquartz [db]
# name 4 = t090C: Temperature [ITS-90, deg C]
# name 5 = t190C: Temperature, 2 [ITS-90, deg C]
# name 6 = c0mS/cm: Conductivity [mS/cm]
# name 7 = c1mS/cm: Conductivity, 2 [mS/cm]
# name 8 = potemp090C: Potential Temperature [ITS-90, deg C]
# name 9 = potemp190C: Potential Temperature, 2 [ITS-90, deg C]
# name 10 = sal00: Salinity, Practical [PSU]
# name 11 = sal11: Salinity, Practical, 2 [PSU]
# name 12 = sigma-é00: Density [sigma-theta, kg/m^3]
# name 13 = sigma-é11: Density, 2 [sigma-theta, kg/m^3]
# name 14 = sbeox0Mg/L: Oxygen, SBE 43 [mg/l]
# name 15 = sbeox1Mg/L: Oxygen, SBE 43, 2 [mg/l]
# name 16 = sbox0Mm/Kg: Oxygen, SBE 43 [umol/kg]
# name 17 = sbox1Mm/Kg: Oxygen, SBE 43, 2 [umol/kg]
# name 18 = sbeox0V: Oxygen raw, SBE 43 [V]
# name 19 = sbeox1V: Oxygen raw, SBE 43, 2 [V]
# name 20 = v4: Voltage 4
# name 21 = flECO-AFL: Fluorescence, WET Labs ECO-AFL/FL [mg/m^3]
# name 22 = v3: Voltage 3
# name 23 = v6: Voltage 6
# name 24 = v7: Voltage 7
# name 25 = longitude: Longitude [deg]
# name 26 = latitude: Latitude [deg]
# name 27 = altM: Altimeter [m]
# name 28 = nbf: Bottles Fired
# name 29 = flag:  0.000e+00
# interval = seconds: 0.0416667
# start_time = Jun 27 2021 23:13:02 [NMEA time, header]
# bad_flag = -9.990e-29
*END*
[from data line 146]
      16704    695.958     39.612     39.954     8.4699     8.4978  34.621832  34.628604     8.4658     8.4938    32.8347    32.8158    25.5048    25.4857     4.5982     4.5629    140.122    139.048     1.4957     1.4225     0.0440     0.0739     3.1770     1.5299     0.0000 -125.78206   48.65772      27.18          3  0.000e+00
      19041    793.333     29.838     30.094     8.7214     8.7213  34.380819  34.380889     8.7183     8.7183    32.3543    32.3545    25.0902    25.0904     4.9563     4.8902    151.095    149.080     1.5788     1.4921     0.0464     0.1350     3.1746     1.4982     0.0000 -125.78202   48.65768      37.53          4  0.000e+00
      19042    793.375     29.639     29.894     8.7214     8.7211  34.381318  34.381138     8.7183     8.7181    32.3550    32.3550    25.0908    25.0908     4.9561     4.8901    151.091    149.076     1.5788     1.4921     0.0464     0.1350     3.1746     1.4982     0.0000 -125.78202   48.65768      37.56          4  0.000e+00
      19043    793.417     29.785     30.041     8.7211     8.7210  34.381693  34.380951     8.7180     8.7179    32.3556    32.3549    25.0913    25.0907     4.9563     4.8902    151.094    149.080     1.5788     1.4921     0.0464     0.1350     3.1758     1.4982     0.0000 -125.78202   48.65768      37.56          4  0.000e+00
      19044    793.458     29.884     30.141     8.7214     8.7211  34.381819  34.380889     8.7183     8.7181    32.3554    32.3546    25.0910    25.0905     4.9563     4.8902    151.095    149.081     1.5788     1.4921     0.0464     0.1350     3.1758     1.4982     0.0000 -125.78202   48.65768      37.51          4  0.000e+00
      19045    793.500     29.792     30.048     8.7212     8.7211  34.381631  34.381138     8.7182     8.7181    32.3554    32.3549    25.0911    25.0907     4.9562     4.8902    151.094    149.079     1.5788     1.4921     0.0452     0.1044     3.1758     1.4982     0.0000 -125.78202   48.65768      37.41          4  0.000e+00
      19046    793.542     29.831     30.088     8.7211     8.7215  34.381506  34.380951     8.7180     8.7184    32.3554    32.3544    25.0911    25.0903     4.9618     4.8902    151.264    149.080     1.5800     1.4921     0.0464     0.1350     3.1758     1.4982     0.0000 -125.78202   48.65768      37.41          4  0.000e+00
      19047    793.583     29.785     30.041     8.7212     8.7213  34.381506  34.380889     8.7182     8.7183    32.3553    32.3545    25.0910    25.0904     4.9618     4.8902    151.263    149.079     1.5800     1.4921     0.0464     0.1350     3.1746     1.4982     0.0000 -125.78202   48.65768      37.39          4  0.000e+00
      19048    793.625     29.831     30.088     8.7212     8.7213  34.381506  34.380889     8.7182     8.7183    32.3552    32.3545    25.0910    25.0904     4.9618     4.8902    151.264    149.080     1.5800     1.4921     0.0464     0.1350     3.1758     1.4982     0.0000 -125.78202   48.65768      37.41          4  0.000e+00
      19049    793.667     29.792     30.048     8.7211     8.7211  34.381756  34.381138     8.7180     8.7181    32.3556    32.3549    25.0913    25.0907     4.9618     4.8902    151.263    149.079     1.5800     1.4921     0.0452     0.1044     3.1758     1.4982     0.0000 -125.78202   48.65768      37.41          4  0.000e+00
      19050    793.708     29.884     30.141     8.7212     8.7211  34.381569  34.380702     8.7182     8.7181    32.3553    32.3544    25.0910    25.0904     4.9618     4.8902    151.265    149.082     1.5800     1.4921     0.0464     0.1350     3.1746     1.4982     0.0000 -125.78202   48.65768      37.39          4  0.000e+00
      19051    793.750     29.831     30.088     8.7211     8.7211  34.381693  34.380577     8.7180     8.7181    32.3556    32.3543    25.0912    25.0903     4.9618     4.8902    151.264    149.081     1.5800     1.4921     0.0464     0.1350     3.1758     1.4982     0.0000 -125.78202   48.65768      37.36          4  0.000e+00
      19052    793.792     29.831     30.088     8.7211     8.7213  34.381818  34.381076     8.7180     8.7183    32.3557    32.3547    25.0913    25.0905     4.9618     4.8902    151.264    149.080     1.5800     1.4921     0.0464     0.1350     3.1758     1.4982     0.0000 -125.78202   48.65768      37.34          4  0.000e+00
      19053    793.833     29.831     30.088     8.7210     8.7208  34.381319  34.381450     8.7180     8.7178    32.3552    32.3555    25.0910    25.0913     4.9618     4.8902    151.264    149.081     1.5800     1.4921     0.0464     0.1350     3.1758     1.4982     0.0000 -125.78202   48.65768      37.36          4  0.000e+00
      19054    793.875     29.838     30.094     8.7212     8.7210  34.381631  34.381263     8.7182     8.7179    32.3554    32.3552    25.0911    25.0910     4.9618     4.8902    151.264    149.081     1.5800     1.4921     0.0464     0.1350     3.1758     1.4969     0.0000 -125.78202   48.65768      37.34          4  0.000e+00
      19055    793.917     29.884     30.141     8.7211     8.7208  34.381631  34.381638     8.7180     8.7177    32.3555    32.3557    25.0912    25.0914     4.9619     4.8902    151.265    149.082     1.5800     1.4921     0.0464     0.1350     3.1746     1.4969     0.0000 -125.78202   48.65768      37.34          4  0.000e+00
      19056    793.958     29.831     30.088     8.7212     8.7205  34.381256  34.382075     8.7182     8.7174    32.3550    32.3565    25.0908    25.0921     4.9618     4.8902    151.264    149.081     1.5800     1.4921     0.0464     0.1350     3.1758     1.4969     0.0000 -125.78202   48.65768      37.34          4  0.000e+00
      19057    794.000     29.884     30.141     8.7212     8.7207  34.381381  34.381638     8.7182     8.7177    32.3551    32.3558    25.0908    25.0915     4.9674     4.8902    151.434    149.082     1.5812     1.4921     0.0464     0.1350     3.1746     1.4969     0.0000 -125.78202   48.65768      37.29          4  0.000e+00
      19058    794.042     29.838     30.094     8.7210     8.7205  34.381506  34.381950     8.7180     8.7174    32.3554    32.3564    25.0911    25.0920     4.9674     4.8902    151.433    149.081     1.5812     1.4921     0.0464     0.1350     3.1758     1.4969     0.0000 -125.78202   48.65768      37.26          4  0.000e+00
      19059    794.083     29.884     30.141     8.7211     8.7207  34.381319  34.381638     8.7180     8.7176    32.3551    32.3558    25.0909    25.0915     4.9674     4.8903    151.434    149.082     1.5812     1.4921     0.0464     0.1350     3.1758     1.4969     0.0000 -125.78202   48.65768      37.29          4  0.000e+00
      19060    794.125     29.884     30.141     8.7211     8.7207  34.380944  34.381763     8.7180     8.7176    32.3548    32.3560    25.0906    25.0916     4.9674     4.8903    151.435    149.082     1.5812     1.4921     0.0464     0.1350     3.1746     1.4969     0.0000 -125.78202   48.65768      37.26          4  0.000e+00
      19061    794.167     29.831     30.088     8.7209     8.7207  34.381069  34.381575     8.7178     8.7176    32.3551    32.3558    25.0909    25.0915     4.9674     4.8902    151.434    149.081     1.5812     1.4921     0.0464     0.1350     3.1758     1.4969     0.0000 -125.78202   48.65768      37.26          4  0.000e+00
      19062    794.208     29.884     30.141     8.7207     8.7208  34.381381  34.381263     8.7177     8.7177    32.3555    32.3553    25.0913    25.0911     4.9674     4.8903    151.435    149.082     1.5812     1.4921     0.0464     0.1350     3.1758     1.4969     0.0000 -125.78202   48.65768      37.34          4  0.000e+00
      19063    794.250     29.831     30.088     8.7211     8.7208  34.381319  34.381450     8.7180     8.7178    32.3552    32.3555    25.0909    25.0913     4.9618     4.8902    151.264    149.081     1.5800     1.4921     0.0464     0.1350     3.1770     1.4969     0.0000 -125.78202   48.65768      37.41          4  0.000e+00
      19064    794.292     29.884     30.141     8.7207     8.7207  34.380944  34.381263     8.7176     8.7176    32.3551    32.3555    25.0909    25.0912     4.9619     4.8903    151.267    149.082     1.5800     1.4921     0.0464     0.1350     3.1746     1.4969     0.0000 -125.78202   48.65768      37.44          4  0.000e+00
      19065    794.333     29.831     30.088     8.7211     8.7207  34.381319  34.381201     8.7180     8.7176    32.3552    32.3554    25.0909    25.0912     4.9618     4.8902    151.264    149.081     1.5800     1.4921     0.0452     0.1044     3.1770     1.4969     0.0000 -125.78202   48.65768      37.44          4  0.000e+00
      19066    794.375     29.884     30.141     8.7207     8.7207  34.381506  34.381887     8.7176     8.7176    32.3557    32.3561    25.0914    25.0917     4.9619     4.8902    151.266    149.082     1.5800     1.4921     0.0464     0.1350     3.1758     1.4969     0.0000 -125.78202   48.65768      37.44          4  0.000e+00
      19067    794.417     29.838     30.094     8.7207     8.7208  34.381506  34.382137     8.7177     8.7178    32.3557    32.3563    25.0914    25.0918     4.9619     4.8902    151.265    149.080     1.5800     1.4921     0.0452     0.1044     3.1758     1.4969     0.0000 -125.78202   48.65768      37.44          4  0.000e+00
      19068    794.458     29.884     30.141     8.7209     8.7208  34.381506  34.381887     8.7178     8.7177    32.3555    32.3560    25.0912    25.0916     4.9619     4.8902    151.265    149.081     1.5800     1.4921     0.0464     0.1350     3.1770     1.4969     0.0000 -125.78202   48.65768      37.36          4  0.000e+00
      19069    794.500     29.884     30.141     8.7206     8.7205  34.381257  34.381825     8.7175     8.7174    32.3555    32.3562    25.0913    25.0918     4.9619     4.8903    151.267    149.082     1.5800     1.4921     0.0464     0.1350     3.1746     1.4969     0.0000 -125.78202   48.65768      37.29          4  0.000e+00
      19070    794.542     29.785     30.041     8.7209     8.7205  34.380507  34.382074     8.7178     8.7174    32.3545    32.3565    25.0904    25.0921     4.9618     4.8902    151.265    149.080     1.5800     1.4921     0.0452     0.1044     3.1770     1.4969     0.0000 -125.78202   48.65768      37.26          4  0.000e+00
      19071    794.583     29.884     30.141     8.7211     8.7205  34.380007  34.382137     8.7180     8.7174    32.3538    32.3565    25.0898    25.0921     4.9619     4.8903    151.267    149.082     1.5800     1.4921     0.0464     0.1350     3.1758     1.4969     0.0000 -125.78202   48.65768      37.26          4  0.000e+00
      19072    794.625     29.831     30.088     8.7215     8.7203  34.380132  34.381887     8.7185     8.7173    32.3535    32.3564    25.0896    25.0920     4.9618     4.8902    151.264    149.081     1.5800     1.4921     0.0464     0.1350     3.1758     1.4969     0.0000 -125.78202   48.65768      37.29          4  0.000e+00
      19073    794.667     29.884     30.141     8.7215     8.7207  34.379508  34.381825     8.7185     8.7176    32.3528    32.3560    25.0890    25.0917     4.9619     4.8902    151.266    149.082     1.5800     1.4921     0.0464     0.1350     3.1746     1.4969     0.0000 -125.78202   48.65768      37.26          4  0.000e+00
      19074    794.708     29.785     30.041     8.7215     8.7203  34.379820  34.382074     8.7185     8.7173    32.3532    32.3567    25.0893    25.0922     4.9618     4.8902    151.264    149.080     1.5800     1.4921     0.0464     0.1350     3.1746     1.4969     0.0000 -125.78202   48.65768      37.29          4  0.000e+00
      19075    794.750     29.884     30.141     8.7219     8.7203  34.379695  34.381638     8.7188     8.7173    32.3527    32.3562    25.0889    25.0918     4.9619     4.8903    151.265    149.083     1.5800     1.4921     0.0464     0.1350     3.1758     1.4969     0.0000 -125.78202   48.65768      37.29          4  0.000e+00
      19076    794.792     29.785     30.041     8.7217     8.7203  34.380070  34.381513     8.7187     8.7173    32.3533    32.3561    25.0894    25.0917     4.9618     4.8902    151.263    149.081     1.5800     1.4921     0.0452     0.1044     3.1758     1.4969     0.0000 -125.78202   48.65768      37.29          4  0.000e+00
      19077    794.833     29.831     30.088     8.7219     8.7205  34.379820  34.381700     8.7188     8.7174    32.3529    32.3561    25.0890    25.0918     4.9618     4.8902    151.264    149.081     1.5800     1.4921     0.0464     0.1350     3.1758     1.4969     0.0000 -125.78202   48.65768      37.29          4  0.000e+00
      19078    794.875     29.831     30.088     8.7217     8.7205  34.379633  34.381638     8.7187     8.7174    32.3528    32.3560    25.0890    25.0917     4.9618     4.8902    151.264    149.081     1.5800     1.4921     0.0464     0.1350     3.1758     1.4969     0.0000 -125.78202   48.65768      37.29          4  0.000e+00
      19079    794.917     29.785     30.041     8.7219     8.7207  34.379133  34.381513     8.7188     8.7176    32.3522    32.3558    25.0885    25.0915     4.9618     4.8902    151.264    149.080     1.5800     1.4921     0.0464     0.1350     3.1758     1.4969     0.0000 -125.78202   48.65768      37.29          4  0.000e+00
      19080    794.958     29.838     30.094     8.7220     8.7207  34.379195  34.381700     8.7189     8.7176    32.3521    32.3559    25.0884    25.0916     4.9618     4.8902    151.264    149.081     1.5800     1.4921     0.0452     0.1044     3.1758     1.4969     0.0000 -125.78202   48.65768      37.31          4  0.000e+00
      19081    795.000     29.785     30.041     8.7219     8.7205  34.379320  34.381388     8.7188     8.7174    32.3524    32.3558    25.0886    25.0915     4.9618     4.8902    151.264    149.081     1.5800     1.4921     0.0464     0.1350     3.1758     1.4969     0.0000 -125.78202   48.65768      37.31          4  0.000e+00
      19082    795.042     29.785     30.041     8.7222     8.7208  34.379070  34.381201     8.7191     8.7178    32.3518    32.3553    25.0881    25.0911     4.9673     4.8902    151.432    149.080     1.5812     1.4921     0.0464     0.1350     3.1758     1.4969     0.0000 -125.78202   48.65768      37.34          4  0.000e+00
      19083    795.083     29.831     30.088     8.7220     8.7207  34.378758  34.380951     8.7189     8.7176    32.3516    32.3552    25.0880    25.0910     4.9618     4.8902    151.265    149.082     1.5800     1.4921     0.0464     0.1350     3.1758     1.4969     0.0000 -125.78202   48.65768      37.31          4  0.000e+00
      19084    795.125     29.739     29.994     8.7221     8.7211  34.379195  34.380888     8.7190     8.7181    32.3521    32.3547    25.0884    25.0906     4.9618     4.8901    151.262    149.079     1.5800     1.4921     0.0464     0.1350     3.1746     1.4969     0.0000 -125.78202   48.65768      37.31          4  0.000e+00
      19085    795.167     29.785     30.041     8.7220     8.7211  34.379070  34.380701     8.7190     8.7181    32.3520    32.3545    25.0883    25.0904     4.9618     4.8902    151.263    149.080     1.5800     1.4921     0.0464     0.1350     3.1758     1.4969     0.0000 -125.78202   48.65768      37.34          4  0.000e+00
      19086    795.208     29.732     29.988     8.7221     8.7215  34.378508  34.379890     8.7190     8.7184    32.3514    32.3534    25.0878    25.0895     4.9618     4.8901    151.263    149.079     1.5800     1.4921     0.0464     0.1350     3.1758     1.4969     0.0000 -125.78202   48.65768      37.31          4  0.000e+00
