WCOA/WCOA-6/CTD_Data/RB2102_CTD_010_01.ros
* Sea-Bird SBE 9 Data File:
* FileName = C:\Users\scs.user.rb\CTD\RB2102\Data\RB2102_CTD_010_01.hex
* Software Version Seasave V 7.26.7.107
* Temperature SN = 6202
* Conductivity SN = 4907
* Number of Bytes Per Scan = 41
* Number of Voltage Words = 4
* Number of Scans Averaged by the Deck Unit = 1
* NMEA Latitude = 48 32.21 N
* NMEA Longitude = 125 59.79 W
* NMEA UTC (Time) = Jun 27 2021  21:22:15
* NMEA baud rate = 4800
# nquan = 30
# nvalues = 637                                   
# units = specified
# name 0 = scan: Scan Count
# name 1 = timeS: Time, Elapsed [seconds]
# name 2 = depSM: Depth [salt water, m]
# name 3 = prDM: Pressure, Digiquartz [db]
# name 4 = t090C: Temperature [ITS-90, deg C]
# name 5 = t190C: Temperature, 2 [ITS-90, deg C]
# name 6 = c0mS/cm: Conductivity [mS/cm]
# name 7 = c1mS/cm: Conductivity, 2 [mS/cm]
# name 8 = potemp090C: Potential Temperature [ITS-90, deg C]
# name 9 = potemp190C: Potential Temperature, 2 [ITS-90, deg C]
# name 10 = sal00: Salinity, Practical [PSU]
# name 11 = sal11: Salinity, Practical, 2 [PSU]
# name 12 = sigma-é00: Density [sigma-theta, kg/m^3]
# name 13 = sigma-é11: Density, 2 [sigma-theta, kg/m^3]
# name 14 = sbeox0Mg/L: Oxygen, SBE 43 [mg/l]
# name 15 = sbeox1Mg/L: Oxygen, SBE 43, 2 [mg/l]
# name 16 = sbox0Mm/Kg: Oxygen, SBE 43 [umol/kg]
# name 17 = sbox1Mm/Kg: Oxygen, SBE 43, 2 [umol/kg]
# name 18 = sbeox0V: Oxygen raw, SBE 43 [V]
# name 19 = sbeox1V: Oxygen raw, SBE 43, 2 [V]
# name 20 = v4: Voltage 4
# name 21 = flECO-AFL: Fluorescence, WET Labs ECO-AFL/FL [mg/m^3]
# name 22 = v3: Voltage 3
# name 23 = v6: Voltage 6
# name 24 = v7: Voltage 7
# name 25 = longitude: Longitude [deg]
# name 26 = latitude: Latitude [deg]
# name 27 = altM: Altimeter [m]
# name 28 = nbf: Bottles Fired
# name 29 = flag:  0.000e+00
# interval = seconds: 0.0416667
# start_time = Jun 27 2021 21:22:15 [NMEA time, header]
# bad_flag = -9.990e-29
*END*
[from data line 436]
      40300   1679.125     20.405     20.580    11.0065    10.9923  36.028024  36.015851    11.0041    10.9899    31.9919    31.9923    24.4333    24.4360     8.9780     8.8084    273.873    268.701     2.5690     2.3810     0.0659     0.6234     3.1197     1.0464     2.1392 -125.99638   48.53652      99.63          9  0.000e+00
      40301   1679.167     20.359     20.533    11.0077    10.9897  36.027451  36.014644    11.0053    10.9873    31.9903    31.9934    24.4318    24.4374     8.9778     8.8088    273.868    268.714     2.5690     2.3810     0.0659     0.6234     3.1197     1.0464     2.1392 -125.99638   48.53652      99.63          9  0.000e+00
      40302   1679.208     20.405     20.580    11.0101    10.9874  36.027960  36.013246    11.0077    10.9849    31.9887    31.9940    24.4301    24.4383     8.9774     8.8093    273.858    268.729     2.5690     2.3810     0.0659     0.6234     3.1197     1.0476     2.1392 -125.99638   48.53652      99.63          9  0.000e+00
      40303   1679.250     20.405     20.580    11.0128    10.9869  36.030122  36.013564    11.0103    10.9845    31.9885    31.9947    24.4295    24.4389     8.9769     8.8094    273.842    268.730     2.5690     2.3810     0.0672     0.6539     3.1184     1.0464     2.1392 -125.99638   48.53652      99.63          9  0.000e+00
      40304   1679.292     20.405     20.580    11.0153    10.9867  36.031712  36.013056    11.0128    10.9843    31.9879    31.9944    24.4286    24.4387     8.9764     8.8095    273.828    268.732     2.5690     2.3810     0.0659     0.6234     3.1172     1.0476     2.1392 -125.99638   48.53652      99.63          9  0.000e+00
      42458   1769.042     14.801     14.928    12.8886    12.9190  37.547457  37.574965    12.8866    12.9171    31.8486    31.8490    23.9747    23.9691     9.6029     9.4517    293.069    288.456     2.8071     2.6081     0.1050     1.6002     3.1160     1.0110     1.9170 -125.99642   48.53644      99.80         10  0.000e+00
      42459   1769.083     14.808     14.934    12.8899    12.9237  37.548944  37.577872    12.8879    12.9218    31.8490    31.8477    23.9747    23.9672     9.6026     9.4508    293.061    288.429     2.8071     2.6081     0.1038     1.5696     3.1172     1.0098     1.9219 -125.99642   48.53644      99.83         10  0.000e+00
      42460   1769.125     14.801     14.928    12.8919    12.9264  37.551594  37.579100    12.8900    12.9244    31.8497    31.8467    23.9749    23.9659     9.6022     9.4558    293.046    288.581     2.8071     2.6093     0.1050     1.6002     3.1160     1.0110     1.9231 -125.99642   48.53644      97.09         10  0.000e+00
      42461   1769.167     14.907     15.035    12.8955    12.9272  37.554827  37.579876    12.8936    12.9253    31.8497    31.8466    23.9742    23.9657     9.6066     9.4612    293.182    288.747     2.8083     2.6105     0.1038     1.5696     3.1160     1.0110     1.9219 -125.99642   48.53644      88.45         10  0.000e+00
      42462   1769.208     14.801     14.928    12.8990    12.9277  37.556637  37.580457    12.8971    12.9258    31.8485    31.8468    23.9726    23.9657     9.6058     9.4610    293.159    288.740     2.8083     2.6105     0.1038     1.5696     3.1148     1.0098     1.9219 -125.99642   48.53644      85.37         10  0.000e+00
      42463   1769.250     14.801     14.928    12.9010    12.9286  37.557994  37.580974    12.8990    12.9266    31.8481    31.8466    23.9719    23.9654     9.6105     9.4663    293.301    288.902     2.8095     2.6117     0.1050     1.6002     3.1148     1.0110     1.9219 -125.99642   48.53644      85.49         10  0.000e+00
      42464   1769.292     14.861     14.988    12.9027    12.9292  37.559676  37.580910    12.9007    12.9273    31.8483    31.8460    23.9717    23.9648     9.6153     9.4663    293.447    288.901     2.8107     2.6117     0.1038     1.5696     3.1160     1.0110     1.9219 -125.99642   48.53644      85.93         10  0.000e+00
      42465   1769.333     14.801     14.928    12.9049    12.9276  37.562003  37.579359    12.9029    12.9256    31.8487    31.8459    23.9716    23.9651     9.6147     9.4720    293.431    289.077     2.8107     2.6129     0.1038     1.5696     3.1148     1.0110     1.9219 -125.99642   48.53644      86.03         10  0.000e+00
      42466   1769.375     14.801     14.928    12.9060    12.9269  37.563361  37.579294    12.9041    12.9249    31.8490    31.8464    23.9716    23.9656     9.6195     9.4721    293.577    289.081     2.8120     2.6129     0.1026     1.5391     3.1148     1.0110     1.9219 -125.99642   48.53644      88.45         10  0.000e+00
      42467   1769.417     14.762     14.888    12.9067    12.9283  37.563361  37.581814    12.9047    12.9263    31.8485    31.8477    23.9711    23.9663     9.6244     9.4772    293.727    289.235     2.8132     2.6142     0.0989     1.4475     3.1160     1.0110     1.9219 -125.99642   48.53644      97.22         10  0.000e+00
      42468   1769.458     14.854     14.981    12.9070    12.9292  37.563037  37.583172    12.9051    12.9273    31.8478    31.8481    23.9705    23.9664     9.6245     9.4771    293.729    289.231     2.8132     2.6142     0.0989     1.4475     3.1172     1.0098     1.9219 -125.99642   48.53644     100.00         10  0.000e+00
      42469   1769.500     14.762     14.888    12.9065    12.9296  37.562714  37.582784    12.9046    12.9276    31.8480    31.8475    23.9707    23.9659     9.6245     9.4769    293.729    289.227     2.8132     2.6142     0.0989     1.4475     3.1160     1.0110     1.9219 -125.99642   48.53644     100.00         10  0.000e+00
      42470   1769.542     14.801     14.928    12.9054    12.9292  37.562650  37.582719    12.9034    12.9273    31.8488    31.8477    23.9716    23.9661     9.6298     9.4825    293.889    289.398     2.8144     2.6154     0.0989     1.4475     3.1172     1.0110     1.9219 -125.99642   48.53644      99.78         10  0.000e+00
      42471   1769.583     14.801     14.928    12.9045    12.9301  37.562132  37.583560    12.9025    12.9281    31.8491    31.8478    23.9720    23.9660     9.6350     9.4824    294.049    289.392     2.8156     2.6154     0.0989     1.4475     3.1160     1.0110     1.9219 -125.99642   48.53644      99.83         10  0.000e+00
      42472   1769.625     14.808     14.934    12.9046    12.9309  37.562779  37.584464    12.9026    12.9290    31.8497    31.8479    23.9724    23.9659     9.6400     9.4877    294.201    289.554     2.8168     2.6166     0.0977     1.4170     3.1160     1.0098     1.9219 -125.99642   48.53644      83.71         10  0.000e+00
      42473   1769.667     14.801     14.928    12.9052    12.9313  37.563490  37.584852    12.9032    12.9293    31.8498    31.8480    23.9724    23.9659     9.6449     9.4931    294.351    289.719     2.8181     2.6178     0.0977     1.4170     3.1160     1.0110     1.9219 -125.99642   48.53644      21.61         10  0.000e+00
      42474   1769.708     14.755     14.881    12.9056    12.9308  37.563619  37.583559    12.9036    12.9288    31.8496    31.8472    23.9722    23.9654     9.6448     9.4932    294.347    289.722     2.8181     2.6178     0.0989     1.4475     3.1160     1.0110     1.9219 -125.99642   48.53644       0.00         10  0.000e+00
      42475   1769.750     14.808     14.934    12.9019    12.9286  37.560063  37.581427    12.8999    12.9266    31.8493    31.8470    23.9727    23.9657     9.6456     9.4992    294.373    289.906     2.8181     2.6190     0.0989     1.4475     3.1148     1.0110     1.9219 -125.99642   48.53644       0.00         10  0.000e+00
      42476   1769.792     14.755     14.881    12.8974    12.9259  37.555990  37.578066    12.8954    12.9240    31.8493    31.8461    23.9735    23.9655     9.6515     9.4997    294.553    289.923     2.8193     2.6190     0.0989     1.4475     3.1160     1.0110     1.9219 -125.99642   48.53644       0.68         10  0.000e+00
      42477   1769.833     14.808     14.934    12.8910    12.9229  37.552241  37.574189    12.8891    12.9209    31.8511    31.8450    23.9761    23.9652     9.6579     9.5005    294.746    289.946     2.8205     2.6190     0.0977     1.4170     3.1172     1.0110     1.9219 -125.99642   48.53644       1.73         10  0.000e+00
      42478   1769.875     14.801     14.928    12.8872    12.9210  37.548879  37.572508    12.8853    12.9191    31.8511    31.8450    23.9769    23.9656     9.6586     9.5119    294.769    290.293     2.8205     2.6215     0.0977     1.4170     3.1160     1.0110     1.9219 -125.99642   48.53644      19.41         10  0.000e+00
      42479   1769.917     14.801     14.928    12.8859    12.9192  37.546099  37.571539    12.8839    12.9172    31.8496    31.8456    23.9760    23.9664     9.6641     9.5122    294.935    290.303     2.8217     2.6215     0.0977     1.4170     3.1160     1.0098     1.9219 -125.99642   48.53644      81.15         10  0.000e+00
      42480   1769.958     14.762     14.888    12.8872    12.9173  37.545711  37.570958    12.8852    12.9154    31.8482    31.8466    23.9746    23.9676     9.6689     9.5180    295.082    290.479     2.8230     2.6227     0.0989     1.4475     3.1160     1.0098     1.9219 -125.99642   48.53644     100.00         10  0.000e+00
      42481   1770.000     14.801     14.928    12.8903    12.9167  37.549267  37.571927    12.8883    12.9147    31.8489    31.8481    23.9746    23.9688     9.6683     9.5181    295.063    290.482     2.8230     2.6227     0.0989     1.4475     3.1172     1.0110     1.9219 -125.99642   48.53644     100.00         10  0.000e+00
      42482   1770.042     14.755     14.881    12.8939    12.9185  37.554116  37.573930    12.8919    12.9166    31.8505    31.8484    23.9751    23.9687     9.6724     9.5231    295.190    290.635     2.8242     2.6239     0.0989     1.4475     3.1172     1.0098     1.9133 -125.99642   48.53644     100.00         10  0.000e+00
      42483   1770.083     14.808     14.935    12.8966    12.9209  37.558060  37.575805    12.8946    12.9189    31.8519    31.8482    23.9757    23.9681     9.6769     9.5227    295.326    290.622     2.8254     2.6239     0.0989     1.4475     3.1160     1.0098     1.9023 -125.99642   48.53644      99.71         10  0.000e+00
      42484   1770.125     14.801     14.928    12.8984    12.9222  37.560452  37.576257    12.8964    12.9203    31.8527    31.8475    23.9759    23.9673     9.6764     9.5279    295.313    290.782     2.8254     2.6252     0.0989     1.4475     3.1172     1.0110     1.8987 -125.99642   48.53644      99.83         10  0.000e+00
      42485   1770.167     14.762     14.888    12.9010    12.9225  37.561939  37.576451    12.8991    12.9206    31.8519    31.8474    23.9748    23.9672     9.6810     9.5333    295.451    290.946     2.8266     2.6264     0.0989     1.4475     3.1160     1.0110     1.8999 -125.99642   48.53644      99.83         10  0.000e+00
      42486   1770.208     14.801     14.928    12.9049    12.9224  37.564848  37.576580    12.9029    12.9204    31.8513    31.8477    23.9736    23.9674     9.6853     9.5333    295.583    290.948     2.8278     2.6264     0.0989     1.4475     3.1172     1.0110     1.8999 -125.99642   48.53644      99.83         10  0.000e+00
      42487   1770.250     14.801     14.928    12.9098    12.9220  37.569633  37.577032    12.9079    12.9200    31.8517    31.8484    23.9729    23.9681     9.6842     9.5389    295.551    291.116     2.8278     2.6276     0.0989     1.4475     3.1160     1.0110     1.8999 -125.99642   48.53644      99.83         10  0.000e+00
      42488   1770.292     14.808     14.935    12.9154    12.9227  37.572348  37.577485    12.9134    12.9208    31.8496    31.8482    23.9702    23.9678     9.6933     9.5442    295.830    291.280     2.8303     2.6288     0.0989     1.4475     3.1160     1.0110     1.8999 -125.99642   48.53644      99.83         10  0.000e+00
      42489   1770.333     14.801     14.928    12.9214    12.9241  37.574611  37.579941    12.9195    12.9221    31.8466    31.8494    23.9668    23.9685     9.6922     9.5439    295.798    291.268     2.8303     2.6288     0.0989     1.4475     3.1172     1.0110     1.8999 -125.99642   48.53644      99.83         10  0.000e+00
      42490   1770.375     14.755     14.881    12.9256    12.9261  37.575904  37.582332    12.9236    12.9241    31.8444    31.8500    23.9642    23.9685     9.6965     9.5488    295.929    291.420     2.8315     2.6300     0.0989     1.4475     3.1160     1.0098     1.8999 -125.99642   48.53644      99.83         10  0.000e+00
      42491   1770.417     14.861     14.988    12.9271    12.9286  37.576680  37.584465    12.9251    12.9266    31.8438    31.8499    23.9635    23.9679     9.7014     9.5539    296.078    291.575     2.8327     2.6313     0.0989     1.4475     3.1160     1.0110     1.8999 -125.99642   48.53644      99.83         10  0.000e+00
      42492   1770.458     14.755     14.881    12.9262    12.9301  37.576292  37.584917    12.9243    12.9281    31.8442    31.8491    23.9640    23.9670     9.7014     9.5535    296.079    291.563     2.8327     2.6313     0.0977     1.4170     3.1160     1.0098     1.8999 -125.99642   48.53644      99.83         10  0.000e+00
      42493   1770.500     14.808     14.935    12.9244    12.9306  37.575904  37.584982    12.9225    12.9286    31.8453    31.8487    23.9652    23.9666     9.7069     9.5590    296.244    291.730     2.8339     2.6325     0.0940     1.3254     3.1160     1.0098     1.8999 -125.99642   48.53644      99.83         10  0.000e+00
      42494   1770.542     14.854     14.981    12.9231    12.9323  37.574611  37.586145    12.9211    12.9303    31.8452    31.8484    23.9654    23.9660     9.7122     9.5642    296.408    291.889     2.8352     2.6337     0.0940     1.3254     3.1160     1.0110     1.8999 -125.99642   48.53644      99.83         10  0.000e+00
      42495   1770.583     14.801     14.928    12.9206    12.9335  37.572218  37.586662    12.9186    12.9315    31.8451    31.8479    23.9657    23.9654     9.7178     9.5639    296.577    291.880     2.8364     2.6337     0.0928     1.2949     3.1160     1.0098     1.8999 -125.99642   48.53644      99.83         10  0.000e+00
      42496   1770.625     14.808     14.935    12.9199    12.9344  37.572671  37.587049    12.9179    12.9325    31.8461    31.8474    23.9667    23.9649     9.7179     9.5692    296.579    292.042     2.8364     2.6349     0.0940     1.3254     3.1160     1.0110     1.8999 -125.99642   48.53644      99.83         10  0.000e+00
      42497   1770.667     14.801     14.928    12.9210    12.9356  37.574611  37.589312    12.9190    12.9337    31.8470    31.8485    23.9672    23.9655     9.7226     9.5689    296.724    292.032     2.8376     2.6349     0.0940     1.3254     3.1172     1.0098     1.8999 -125.99642   48.53644      99.85         10  0.000e+00
      42498   1770.708     14.808     14.935    12.9231    12.9371  37.576680  37.590152    12.9211    12.9352    31.8472    31.8480    23.9669    23.9648     9.7272     9.5740    296.865    292.191     2.8388     2.6361     0.0940     1.3254     3.1172     1.0110     1.8999 -125.99642   48.53644      99.83         10  0.000e+00
      42499   1770.750     14.801     14.928    12.9239    12.9376  37.576939  37.589311    12.9220    12.9357    31.8467    31.8468    23.9664    23.9638     9.7321     9.5795    297.015    292.357     2.8400     2.6374     0.0940     1.3254     3.1160     1.0110     1.8999 -125.99642   48.53644      99.83         10  0.000e+00
