WCOA/WCOA-6/CTD_Data/RB2102_CTD_011_01.ros
* Sea-Bird SBE 9 Data File:
* FileName = C:\Users\scs.user.rb\CTD\RB2102\Data\RB2102_CTD_011_01.hex
* Software Version Seasave V 7.26.7.107
* Temperature SN = 6202
* Conductivity SN = 4907
* Number of Bytes Per Scan = 41
* Number of Voltage Words = 4
* Number of Scans Averaged by the Deck Unit = 1
* NMEA Latitude = 48 39.44 N
* NMEA Longitude = 125 46.92 W
* NMEA UTC (Time) = Jun 27 2021  23:13:02
* NMEA baud rate = 4800
# nquan = 30
# nvalues = 441                                   
# units = specified
# name 0 = scan: Scan Count
# name 1 = timeS: Time, Elapsed [seconds]
# name 2 = depSM: Depth [salt water, m]
# name 3 = prDM: Pressure, Digiquartz [db]
# name 4 = t090C: Temperature [ITS-90, deg C]
# name 5 = t190C: Temperature, 2 [ITS-90, deg C]
# name 6 = c0mS/cm: Conductivity [mS/cm]
# name 7 = c1mS/cm: Conductivity, 2 [mS/cm]
# name 8 = potemp090C: Potential Temperature [ITS-90, deg C]
# name 9 = potemp190C: Potential Temperature, 2 [ITS-90, deg C]
# name 10 = sal00: Salinity, Practical [PSU]
# name 11 = sal11: Salinity, Practical, 2 [PSU]
# name 12 = sigma-é00: Density [sigma-theta, kg/m^3]
# name 13 = sigma-é11: Density, 2 [sigma-theta, kg/m^3]
# name 14 = sbeox0Mg/L: Oxygen, SBE 43 [mg/l]
# name 15 = sbeox1Mg/L: Oxygen, SBE 43, 2 [mg/l]
# name 16 = sbox0Mm/Kg: Oxygen, SBE 43 [umol/kg]
# name 17 = sbox1Mm/Kg: Oxygen, SBE 43, 2 [umol/kg]
# name 18 = sbeox0V: Oxygen raw, SBE 43 [V]
# name 19 = sbeox1V: Oxygen raw, SBE 43, 2 [V]
# name 20 = v4: Voltage 4
# name 21 = flECO-AFL: Fluorescence, WET Labs ECO-AFL/FL [mg/m^3]
# name 22 = v3: Voltage 3
# name 23 = v6: Voltage 6
# name 24 = v7: Voltage 7
# name 25 = longitude: Longitude [deg]
# name 26 = latitude: Latitude [deg]
# name 27 = altM: Altimeter [m]
# name 28 = nbf: Bottles Fired
# name 29 = flag:  0.000e+00
# interval = seconds: 0.0416667
# start_time = Jun 27 2021 23:13:02 [NMEA time, header]
# bad_flag = -9.990e-29
*END*
[from data line 242]
      21245    885.167     20.052     20.224     9.7698     9.7700  35.167780  35.168157     9.7676     9.7678    32.2220    32.2222    24.8216    24.8217     6.8459     6.7324    208.756    205.295     2.0330     1.8999     0.0549     0.3486     3.1697     1.5067     0.0000 -125.78200   48.65764      47.40          5  0.000e+00
      21246    885.208     20.059     20.231     9.7696     9.7699  35.167528  35.168031     9.7674     9.7677    32.2219    32.2221    24.8215    24.8216     6.8460     6.7324    208.757    205.295     2.0330     1.8999     0.0549     0.3486     3.1697     1.5067     0.0000 -125.78200   48.65764      47.40          5  0.000e+00
      21247    885.250     20.052     20.224     9.7699     9.7703  35.167654  35.167149     9.7677     9.7681    32.2217    32.2208    24.8214    24.8206     6.8459     6.7324    208.756    205.295     2.0330     1.8999     0.0549     0.3486     3.1709     1.5067     0.0000 -125.78200   48.65764      47.40          5  0.000e+00
      23746    989.375     14.978     15.106    10.1387    10.1394  35.411566  35.412654    10.1370    10.1377    32.1423    32.1428    24.6986    24.6989     7.1358     7.0227    217.621    214.171     2.1123     1.9731     0.0598     0.4707     3.1685     1.5043     0.0000 -125.78196   48.65760      52.53          6  0.000e+00
      23747    989.417     14.971     15.100    10.1416    10.1410  35.413019  35.413032    10.1399    10.1393    32.1413    32.1418    24.6973    24.6978     7.1354     7.0224    217.609    214.165     2.1123     1.9731     0.0598     0.4707     3.1685     1.5043     0.0000 -125.78196   48.65760      52.53          6  0.000e+00
      23748    989.458     14.971     15.100    10.1450    10.1426  35.415924  35.413663    10.1433    10.1409    32.1411    32.1410    24.6966    24.6969     7.1348     7.0222    217.592    214.158     2.1123     1.9731     0.0598     0.4707     3.1697     1.5043     0.0000 -125.78196   48.65760      52.60          6  0.000e+00
      23749    989.500     14.978     15.106    10.1468    10.1426  35.418515  35.413853    10.1451    10.1409    32.1422    32.1412    24.6971    24.6970     7.1345     7.0222    217.582    214.157     2.1123     1.9731     0.0598     0.4707     3.1697     1.5043     0.0000 -125.78196   48.65760      52.65          6  0.000e+00
      23750    989.542     14.925     15.053    10.1479    10.1430  35.419715  35.414295    10.1462    10.1413    32.1424    32.1413    24.6971    24.6971     7.1342     7.0221    217.574    214.154     2.1123     1.9731     0.0598     0.4707     3.1685     1.5043     0.0000 -125.78196   48.65760      52.65          6  0.000e+00
      23751    989.583     14.978     15.106    10.1491    10.1433  35.420347  35.414926    10.1474    10.1416    32.1420    32.1416    24.6966    24.6973     7.1341     7.0221    217.571    214.153     2.1123     1.9731     0.0598     0.4707     3.1685     1.5043     0.0000 -125.78196   48.65760      52.63          6  0.000e+00
      23752    989.625     15.018     15.146    10.1576    10.1440  35.422557  35.415810    10.1559    10.1423    32.1366    32.1419    24.6910    24.6974     7.1330     7.0161    217.538    213.973     2.1123     1.9719     0.0598     0.4707     3.1697     1.5043     0.0000 -125.78196   48.65760      52.65          6  0.000e+00
      23753    989.667     14.925     15.053    10.1652    10.1440  35.424957  35.416252    10.1636    10.1423    32.1323    32.1424    24.6864    24.6978     7.1319     7.0160    217.505    213.969     2.1123     1.9719     0.0598     0.4707     3.1685     1.5043     0.0000 -125.78196   48.65760      52.65          6  0.000e+00
      23754    989.708     14.932     15.060    10.1648    10.1443  35.425020  35.417325    10.1632    10.1426    32.1327    32.1432    24.6868    24.6983     7.1319     7.0218    217.506    214.145     2.1123     1.9731     0.0611     0.5013     3.1685     1.5043     0.0000 -125.78196   48.65760      52.70          6  0.000e+00
      23755    989.750     14.971     15.100    10.1630    10.1456  35.425589  35.417830    10.1613    10.1439    32.1350    32.1425    24.6888    24.6976     7.1322     7.0216    217.513    214.140     2.1123     1.9731     0.0598     0.4707     3.1697     1.5055     0.0000 -125.78196   48.65760      52.72          6  0.000e+00
      23756    989.792     14.932     15.060    10.1639    10.1474  35.426284  35.418398    10.1622    10.1457    32.1349    32.1415    24.6886    24.6965     7.1320     7.0155    217.508    213.953     2.1123     1.9719     0.0598     0.4707     3.1685     1.5043     0.0000 -125.78196   48.65760      52.72          6  0.000e+00
      23757    989.833     14.971     15.100    10.1638    10.1486  35.425779  35.418587    10.1621    10.1469    32.1344    32.1407    24.6882    24.6956     7.1321     7.0154    217.510    213.950     2.1123     1.9719     0.0598     0.4707     3.1697     1.5043     0.0000 -125.78196   48.65760      52.70          6  0.000e+00
      23758    989.875     14.971     15.100    10.1607    10.1505  35.425084  35.419282    10.1590    10.1488    32.1364    32.1396    24.6903    24.6945     7.1271     7.0151    217.359    213.942     2.1111     1.9719     0.0598     0.4707     3.1697     1.5043     0.0000 -125.78196   48.65760      52.72          6  0.000e+00
      23759    989.917     14.879     15.006    10.1571    10.1514  35.424136  35.419976    10.1554    10.1497    32.1387    32.1396    24.6927    24.6944     7.1329     7.0149    217.534    213.935     2.1123     1.9719     0.0598     0.4707     3.1685     1.5043     0.0000 -125.78196   48.65760      52.72          6  0.000e+00
      23760    989.958     14.971     15.100    10.1539    10.1527  35.422305  35.420860    10.1522    10.1510    32.1397    32.1393    24.6940    24.6939     7.1334     7.0148    217.551    213.931     2.1123     1.9719     0.0598     0.4707     3.1697     1.5043     0.0000 -125.78196   48.65760      52.77          6  0.000e+00
      23761    990.000     14.932     15.060    10.1514    10.1552  35.420978  35.422059    10.1497    10.1535    32.1406    32.1383    24.6951    24.6927     7.1338     7.0144    217.560    213.919     2.1123     1.9719     0.0598     0.4707     3.1697     1.5043     0.0000 -125.78196   48.65760      52.77          6  0.000e+00
      23762    990.042     14.925     15.053    10.1494    10.1542  35.420346  35.421870    10.1477    10.1525    32.1417    32.1390    24.6963    24.6934     7.1340     7.0145    217.568    213.923     2.1123     1.9719     0.0598     0.4707     3.1685     1.5043     0.0000 -125.78196   48.65760      52.77          6  0.000e+00
      23763    990.083     14.971     15.100    10.1488    10.1525  35.419020  35.421491    10.1471    10.1508    32.1410    32.1401    24.6958    24.6945     7.1342     7.0148    217.574    213.931     2.1123     1.9719     0.0598     0.4707     3.1685     1.5043     0.0000 -125.78196   48.65760      52.77          6  0.000e+00
      23764    990.125     14.879     15.006    10.1473    10.1525  35.418072  35.423322    10.1456    10.1508    32.1413    32.1420    24.6964    24.6960     7.1343     7.0146    217.578    213.926     2.1123     1.9719     0.0598     0.4707     3.1685     1.5043     0.0000 -125.78196   48.65760      52.77          6  0.000e+00
      23765    990.167     14.971     15.100    10.1466    10.1573  35.416998  35.427489    10.1449    10.1556    32.1408    32.1419    24.6961    24.6951     7.1346     7.0197    217.585    214.082     2.1123     1.9731     0.0611     0.5013     3.1685     1.5043     0.0000 -125.78196   48.65760      52.77          6  0.000e+00
      23766    990.208     14.932     15.060    10.1462    10.1652  35.416366  35.432161    10.1445    10.1635    32.1406    32.1396    24.6960    24.6921     7.1346     7.0185    217.586    214.045     2.1123     1.9731     0.0611     0.5013     3.1685     1.5043     0.0000 -125.78196   48.65760      52.72          6  0.000e+00
      23767    990.250     14.971     15.100    10.1450    10.1705  35.416114  35.435254    10.1433    10.1688    32.1414    32.1380    24.6968    24.6899     7.1348     7.0177    217.592    214.022     2.1123     1.9731     0.0611     0.5013     3.1685     1.5043     0.0000 -125.78196   48.65760      52.72          6  0.000e+00
      23768    990.292     14.925     15.053    10.1445    10.1731  35.416683  35.436580    10.1428    10.1715    32.1424    32.1370    24.6977    24.6887     7.1348     7.0173    217.591    214.009     2.1123     1.9731     0.0611     0.5013     3.1685     1.5043     0.0000 -125.78196   48.65760      52.72          6  0.000e+00
      23769    990.333     14.932     15.060    10.1447    10.1773  35.417693  35.438221    10.1430    10.1756    32.1432    32.1350    24.6983    24.6865     7.1347     7.0167    217.589    213.991     2.1123     1.9731     0.0611     0.5013     3.1685     1.5043     0.0000 -125.78196   48.65760      52.72          6  0.000e+00
      23770    990.375     14.971     15.100    10.1443    10.1801  35.418452  35.439421    10.1426    10.1784    32.1443    32.1337    24.6992    24.6850     7.1348     7.0163    217.590    213.980     2.1123     1.9731     0.0611     0.5013     3.1673     1.5043     0.0000 -125.78196   48.65760      52.70          6  0.000e+00
      23771    990.417     14.932     15.060    10.1455    10.1827  35.419210  35.441063    10.1438    10.1810    32.1440    32.1331    24.6988    24.6840     7.1346     7.0158    217.584    213.967     2.1123     1.9731     0.0611     0.5013     3.1697     1.5043     0.0000 -125.78196   48.65760      52.70          6  0.000e+00
      23772    990.458     14.971     15.100    10.1469    10.1855  35.419083  35.440810    10.1452    10.1838    32.1426    32.1303    24.6974    24.6814     7.1344     7.0155    217.580    213.958     2.1123     1.9731     0.0611     0.5013     3.1697     1.5043     0.0000 -125.78196   48.65760      52.63          6  0.000e+00
      23773    990.500     14.971     15.100    10.1440    10.1881  35.418578  35.440809    10.1423    10.1864    32.1447    32.1280    24.6996    24.6792     7.1402     7.0152    217.755    213.948     2.1136     1.9731     0.0611     0.5013     3.1697     1.5043     0.0000 -125.78196   48.65760      52.60          6  0.000e+00
      23774    990.542     14.932     15.060    10.1426    10.1862  35.418831  35.440683    10.1409    10.1845    32.1463    32.1296    24.7010    24.6807     7.1403     7.0154    217.758    213.955     2.1136     1.9731     0.0611     0.5013     3.1697     1.5043     0.0000 -125.78196   48.65760      52.60          6  0.000e+00
      23775    990.583     14.925     15.053    10.1450    10.1828  35.419399  35.440368    10.1433    10.1811    32.1447    32.1323    24.6994    24.6834     7.1400     7.0217    217.749    214.145     2.1136     1.9744     0.0611     0.5013     3.1697     1.5043     0.0000 -125.78196   48.65760      52.60          6  0.000e+00
      23776    990.625     14.978     15.106    10.1471    10.1797  35.419020  35.438600    10.1454    10.1780    32.1424    32.1332    24.6972    24.6846     7.1398     7.0222    217.743    214.161     2.1136     1.9744     0.0611     0.5013     3.1673     1.5043     0.0000 -125.78196   48.65760      52.60          6  0.000e+00
      23777    990.667     14.971     15.100    10.1461    10.1758  35.416998  35.435696    10.1444    10.1741    32.1413    32.1338    24.6965    24.6857     7.1453     7.0228    217.913    214.179     2.1148     1.9744     0.0611     0.5013     3.1685     1.5043     0.0000 -125.78196   48.65760      52.60          6  0.000e+00
      23778    990.708     14.971     15.100    10.1424    10.1735  35.414156  35.433991    10.1407    10.1718    32.1417    32.1341    24.6975    24.6864     7.1459     7.0232    217.931    214.191     2.1148     1.9744     0.0611     0.5013     3.1697     1.5043     0.0000 -125.78196   48.65760      52.60          6  0.000e+00
      23779    990.750     14.978     15.106    10.1380    10.1708  35.410176  35.432034    10.1363    10.1691    32.1416    32.1345    24.6981    24.6871     7.1467     7.0295    217.953    214.381     2.1148     1.9756     0.0611     0.5013     3.1685     1.5043     0.0000 -125.78196   48.65760      52.60          6  0.000e+00
      23780    990.792     14.971     15.100    10.1333    10.1660  35.407460  35.429382    10.1317    10.1643    32.1430    32.1361    24.7000    24.6891     7.1473     7.0302    217.974    214.403     2.1148     1.9756     0.0611     0.5013     3.1685     1.5043     0.0000 -125.78196   48.65760      52.60          6  0.000e+00
      23781    990.833     14.978     15.106    10.1313    10.1601  35.407081  35.425342    10.1296    10.1584    32.1444    32.1372    24.7014    24.6911     7.1530     7.0311    218.145    214.431     2.1160     1.9756     0.0611     0.5013     3.1685     1.5055     0.0000 -125.78196   48.65760      52.60          6  0.000e+00
      23782    990.875     15.018     15.146    10.1320    10.1537  35.408155  35.421870    10.1303    10.1520    32.1448    32.1394    24.7016    24.6938     7.1529     7.0380    218.142    214.639     2.1160     1.9768     0.0611     0.5013     3.1697     1.5055     0.0000 -125.78196   48.65760      52.63          6  0.000e+00
      23783    990.917     15.018     15.146    10.1312    10.1483  35.408156  35.417767    10.1295    10.1466    32.1456    32.1401    24.7023    24.6952     7.1583     7.0388    218.308    214.666     2.1172     1.9768     0.0611     0.5013     3.1685     1.5055     0.0000 -125.78196   48.65760      52.60          6  0.000e+00
      23784    990.958     14.978     15.106    10.1271    10.1372  35.406008  35.410003    10.1254    10.1355    32.1471    32.1421    24.7042    24.6986     7.1589     7.0406    218.325    214.717     2.1172     1.9768     0.0611     0.5013     3.1697     1.5055     0.0000 -125.78196   48.65760      52.58          6  0.000e+00
      23785    991.000     15.018     15.146    10.1235    10.1267  35.402976  35.401482    10.1218    10.1250    32.1472    32.1429    24.7049    24.7010     7.1595     7.0423    218.344    214.771     2.1172     1.9768     0.0611     0.5013     3.1685     1.5055     0.0000 -125.78196   48.65760      52.58          6  0.000e+00
      23786    991.042     14.978     15.106    10.1205    10.1181  35.401460  35.396306    10.1188    10.1164    32.1483    32.1452    24.7062    24.7043     7.1653     7.0494    218.519    214.987     2.1184     1.9780     0.0611     0.5013     3.1697     1.5055     0.0000 -125.78196   48.65760      52.55          6  0.000e+00
      23787    991.083     15.071     15.200    10.1191    10.1133  35.400703  35.394792    10.1174    10.1116    32.1488    32.1479    24.7069    24.7072     7.1656     7.0502    218.528    215.010     2.1184     1.9780     0.0611     0.5013     3.1685     1.5055     0.0000 -125.78196   48.65760      52.55          6  0.000e+00
      23788    991.125     15.018     15.146    10.1194    10.1108  35.401334  35.394856    10.1177    10.1091    32.1492    32.1502    24.7071    24.7094     7.1708     7.0505    218.688    215.017     2.1197     1.9780     0.0611     0.5013     3.1685     1.5055     0.0000 -125.78196   48.65760      52.55          6  0.000e+00
      23789    991.167     15.024     15.153    10.1207    10.1095  35.401966  35.395171    10.1190    10.1079    32.1486    32.1517    24.7065    24.7107     7.1706     7.0506    218.683    215.022     2.1197     1.9780     0.0611     0.5013     3.1685     1.5055     0.0000 -125.78196   48.65760      52.55          6  0.000e+00
      23790    991.208     15.018     15.146    10.1215    10.1076  35.402155  35.395487    10.1198    10.1059    32.1481    32.1538    24.7059    24.7127     7.1705     7.0567    218.679    215.207     2.1197     1.9792     0.0611     0.5013     3.1685     1.5055     0.0000 -125.78196   48.65760      52.55          6  0.000e+00
