WCOA/WCOA-6/CTD_Data/RB2102_CTD_132_02.ros
* Sea-Bird SBE 9 Data File:
* FileName = C:\Users\scs.user.rb\CTD\RB2102\Data\RB2102_CTD_132_02.hex
* Software Version Seasave V 7.26.7.107
* Temperature SN = 6224
* Conductivity SN = 4722
* Number of Bytes Per Scan = 41
* Number of Voltage Words = 4
* Number of Scans Averaged by the Deck Unit = 1
* NMEA Latitude = 32 05.04 N
* NMEA Longitude = 120 38.29 W
* NMEA UTC (Time) = Jul 22 2021  22:53:36
* NMEA baud rate = 4800
# nquan = 30
# nvalues = 1176                                  
# units = specified
# name 0 = scan: Scan Count
# name 1 = timeS: Time, Elapsed [seconds]
# name 2 = depSM: Depth [salt water, m]
# name 3 = prDM: Pressure, Digiquartz [db]
# name 4 = t090C: Temperature [ITS-90, deg C]
# name 5 = t190C: Temperature, 2 [ITS-90, deg C]
# name 6 = c0mS/cm: Conductivity [mS/cm]
# name 7 = c1mS/cm: Conductivity, 2 [mS/cm]
# name 8 = potemp090C: Potential Temperature [ITS-90, deg C]
# name 9 = potemp190C: Potential Temperature, 2 [ITS-90, deg C]
# name 10 = sal00: Salinity, Practical [PSU]
# name 11 = sal11: Salinity, Practical, 2 [PSU]
# name 12 = sigma-é00: Density [sigma-theta, kg/m^3]
# name 13 = sigma-é11: Density, 2 [sigma-theta, kg/m^3]
# name 14 = sbeox0Mg/L: Oxygen, SBE 43 [mg/l]
# name 15 = sbeox1Mg/L: Oxygen, SBE 43, 2 [mg/l]
# name 16 = sbox0Mm/Kg: Oxygen, SBE 43 [umol/kg]
# name 17 = sbox1Mm/Kg: Oxygen, SBE 43, 2 [umol/kg]
# name 18 = sbeox0V: Oxygen raw, SBE 43 [V]
# name 19 = sbeox1V: Oxygen raw, SBE 43, 2 [V]
# name 20 = v4: Voltage 4
# name 21 = flECO-AFL: Fluorescence, WET Labs ECO-AFL/FL [mg/m^3]
# name 22 = v3: Voltage 3
# name 23 = v6: Voltage 6
# name 24 = v7: Voltage 7
# name 25 = longitude: Longitude [deg]
# name 26 = latitude: Latitude [deg]
# name 27 = altM: Altimeter [m]
# name 28 = nbf: Bottles Fired
# name 29 = flag:  0.000e+00
# interval = seconds: 0.0416667
# start_time = Jul 22 2021 22:53:36 [NMEA time, header]
# bad_flag = -9.990e-29
*END*
[from data line 581]
     237166   9881.875    199.497    200.996     8.3885     8.3892  35.810775  35.842639     8.3679     8.3685    34.0931    34.1262    26.5063    26.5322     2.3601     2.0812     71.848     63.356     1.0379     0.8852     0.0391    -0.0482     0.0000     0.0000     0.0000 -120.63808   32.08388      99.88         12  0.000e+00
     237167   9881.917    199.482    200.980     8.3884     8.3894  35.810954  35.843349     8.3677     8.3687    34.0935    34.1268    26.5066    26.5326     2.3601     2.0811     71.848     63.355     1.0379     0.8852     0.0391    -0.0482     0.0000     0.0000     0.0000 -120.63808   32.08388      99.88         12  0.000e+00
     237168   9881.958    199.497    200.996     8.3879     8.3896  35.811073  35.842757     8.3672     8.3690    34.0941    34.1259    26.5072    26.5319     2.3601     2.0811     71.849     63.355     1.0379     0.8852     0.0403    -0.0177     0.0000     0.0000     0.0000 -120.63808   32.08388      99.88         12  0.000e+00
     237169   9882.000    199.482    200.980     8.3881     8.3895  35.811073  35.842816     8.3674     8.3689    34.0939    34.1261    26.5070    26.5320     2.3601     2.0811     71.849     63.355     1.0379     0.8852     0.0403    -0.0177     0.0000     0.0000     0.0000 -120.63808   32.08388      99.90         12  0.000e+00
     237170   9882.042    199.557    201.057     8.3877     8.3896  35.810537  35.843172     8.3671     8.3690    34.0936    34.1263    26.5068    26.5322     2.3601     2.0811     71.850     63.356     1.0379     0.8852     0.0391    -0.0482     0.0000     0.0000     0.0000 -120.63808   32.08388      99.90         12  0.000e+00
     237171   9882.083    199.482    200.980     8.3881     8.3895  35.810418  35.843290     8.3674     8.3689    34.0932    34.1266    26.5065    26.5324     2.3601     2.0811     71.849     63.355     1.0379     0.8852     0.0391    -0.0482     0.0000     0.0000     0.0000 -120.63808   32.08388      99.88         12  0.000e+00
     237172   9882.125    199.557    201.057     8.3881     8.3895  35.810597  35.843113     8.3674     8.3688    34.0934    34.1264    26.5066    26.5323     2.3601     2.0811     71.850     63.356     1.0379     0.8852     0.0391    -0.0482     0.0000     0.0000     0.0000 -120.63808   32.08388      99.88         12  0.000e+00
     240045  10001.833    145.860    146.936     9.1126     9.1154  36.324382  36.359791     9.0968     9.0995    33.9625    33.9967    26.2903    26.3166     3.5744     3.1799    108.839     96.825     1.3114     1.1294     0.0391    -0.0482     0.0000     0.0000     0.0000 -120.63818   32.08380      99.73         13  0.000e+00
     240046  10001.875    145.898    146.975     9.1134     9.1158  36.325220  36.360029     9.0975     9.1000    33.9626    33.9965    26.2903    26.3164     3.5743     3.1799    108.837     96.825     1.3114     1.1294     0.0391    -0.0482     0.0000     0.0000     0.0000 -120.63818   32.08380      99.73         13  0.000e+00
     240047  10001.917    145.898    146.975     9.1132     9.1162  36.326597  36.360386     9.0974     9.1003    33.9642    33.9966    26.2915    26.3164     3.5743     3.1799    108.836     96.824     1.3114     1.1294     0.0391    -0.0482     0.0000     0.0000     0.0000 -120.63818   32.08380      99.73         13  0.000e+00
     240048  10001.958    145.860    146.937     9.1132     9.1162  36.325400  36.360445     9.0973     9.1003    33.9630    33.9966    26.2906    26.3165     3.5800     3.1798    109.009     96.823     1.3126     1.1294     0.0391    -0.0482     0.0000     0.0000     0.0000 -120.63818   32.08380      99.73         13  0.000e+00
     240049  10002.000    145.951    147.028     9.1144     9.1167  36.324502  36.360624     9.0985     9.1008    33.9609    33.9963    26.2888    26.3161     3.5799     3.1798    109.009     96.823     1.3126     1.1294     0.0391    -0.0482     0.0000     0.0000     0.0000 -120.63818   32.08380      99.73         13  0.000e+00
     240050  10002.042    145.845    146.921     9.1163     9.1165  36.326537  36.360743     9.1005     9.1007    33.9612    33.9966    26.2887    26.3164     3.5797     3.1798    109.002     96.822     1.3126     1.1294     0.0391    -0.0482     0.0000     0.0000     0.0000 -120.63818   32.08380      99.76         13  0.000e+00
     240051  10002.083    145.860    146.937     9.1179     9.1162  36.327315  36.360505     9.1021     9.1003    33.9605    33.9967    26.2879    26.3165     3.5796     3.1798    108.999     96.823     1.3126     1.1294     0.0391    -0.0482     0.0000     0.0000     0.0000 -120.63818   32.08380      99.73         13  0.000e+00
     240052  10002.125    145.845    146.921     9.1188     9.1165  36.325280  36.360207     9.1029     9.1007    33.9576    33.9960    26.2854    26.3159     3.5739     3.1798    108.827     96.823     1.3114     1.1294     0.0391    -0.0482     0.0000     0.0000     0.0000 -120.63818   32.08380      99.76         13  0.000e+00
     240053  10002.167    145.898    146.975     9.1189     9.1168  36.326118  36.360564     9.1031     9.1010    33.9583    33.9961    26.2860    26.3159     3.5739     3.1798    108.827     96.823     1.3114     1.1294     0.0391    -0.0482     0.0000     0.0000     0.0000 -120.63818   32.08380      99.76         13  0.000e+00
     240054  10002.208    145.860    146.937     9.1196     9.1172  36.328811  36.360743     9.1037     9.1013    33.9605    33.9960    26.2876    26.3158     3.5738     3.1798    108.823     96.821     1.3114     1.1294     0.0391    -0.0482     0.0000     0.0000     0.0000 -120.63818   32.08380      99.76         13  0.000e+00
     240055  10002.250    145.845    146.921     9.1196     9.1180  36.328931  36.360743     9.1037     9.1022    33.9606    33.9952    26.2877    26.3150     3.5738     3.1797    108.822     96.820     1.3114     1.1294     0.0391    -0.0482     0.0000     0.0000     0.0000 -120.63818   32.08380      99.73         13  0.000e+00
     240056  10002.292    145.845    146.921     9.1194     9.1181  36.327135  36.361457     9.1036     9.1023    33.9589    33.9958    26.2864    26.3155     3.5739     3.1797    108.824     96.819     1.3114     1.1294     0.0403    -0.0177     0.0000     0.0000     0.0000 -120.63818   32.08380      99.73         13  0.000e+00
     240057  10002.333    145.807    146.883     9.1196     9.1190  36.328811  36.361754     9.1038     9.1031    33.9605    33.9954    26.2876    26.3150     3.5738     3.1796    108.822     96.817     1.3114     1.1294     0.0391    -0.0482     0.0000     0.0000     0.0000 -120.63818   32.08380      99.73         13  0.000e+00
     240058  10002.375    145.845    146.921     9.1198     9.1196  36.330008  36.362230     9.1039     9.1038    33.9615    33.9952    26.2884    26.3148     3.5738     3.1796    108.821     96.816     1.3114     1.1294     0.0391    -0.0482     0.0000     0.0000     0.0000 -120.63818   32.08380      99.73         13  0.000e+00
     240059  10002.417    145.845    146.921     9.1198     9.1191  36.328632  36.362409     9.1039     9.1033    33.9601    33.9958    26.2873    26.3154     3.5795     3.1739    108.995     96.642     1.3126     1.1282     0.0391    -0.0482     0.0000     0.0000     0.0000 -120.63818   32.08380      99.73         13  0.000e+00
     240060  10002.458    145.746    146.822     9.1201     9.1196  36.328452  36.362646     9.1042     9.1038    33.9597    33.9957    26.2869    26.3152     3.5737     3.1738    108.820     96.640     1.3114     1.1282     0.0391    -0.0482     0.0000     0.0000     0.0000 -120.63818   32.08380      99.73         13  0.000e+00
     240061  10002.500    145.784    146.860     9.1201     9.1208  36.330008  36.363420     9.1042     9.1049    33.9613    33.9954    26.2881    26.3147     3.5737     3.1738    108.820     96.638     1.3114     1.1282     0.0403    -0.0177     0.0000     0.0000     0.0000 -120.63818   32.08380      99.73         13  0.000e+00
     240062  10002.542    145.807    146.883     9.1202     9.1224  36.329948  36.363895     9.1044     9.1066    33.9610    33.9943    26.2879    26.3136     3.5737     3.1737    108.820     96.636     1.3114     1.1282     0.0391    -0.0482     0.0000     0.0000     0.0000 -120.63818   32.08380      99.73         13  0.000e+00
     240063  10002.583    145.784    146.860     9.1201     9.1225  36.328093  36.364193     9.1042     9.1067    33.9593    33.9945    26.2866    26.3137     3.5738     3.1794    108.821     96.809     1.3114     1.1294     0.0391    -0.0482     0.0000     0.0000     0.0000 -120.63818   32.08380      99.73         13  0.000e+00
     240064  10002.625    145.784    146.860     9.1201     9.1229  36.329529  36.364074     9.1042     9.1071    33.9608    33.9940    26.2878    26.3133     3.5737     3.1794    108.820     96.809     1.3114     1.1294     0.0391    -0.0482     0.0000     0.0000     0.0000 -120.63818   32.08380      99.76         13  0.000e+00
     240065  10002.667    145.693    146.769     9.1207     9.1229  36.330427  36.363717     9.1049     9.1071    33.9612    33.9937    26.2880    26.3131     3.5736     3.1736    108.817     96.634     1.3114     1.1282     0.0391    -0.0482     0.0000     0.0000     0.0000 -120.63818   32.08380      99.73         13  0.000e+00
     240066  10002.708    145.784    146.860     9.1222     9.1227  36.328691  36.363895     9.1064     9.1069    33.9579    33.9940    26.2851    26.3133     3.5736     3.1736    108.817     96.635     1.3114     1.1282     0.0391    -0.0482     0.0000     0.0000     0.0000 -120.63818   32.08380      99.73         13  0.000e+00
     240067  10002.750    145.671    146.746     9.1248     9.1232  36.328451  36.364252     9.1090     9.1074    33.9552    33.9939    26.2826    26.3132     3.5678     3.1736    108.639     96.632     1.3101     1.1282     0.0391    -0.0482     0.0000     0.0000     0.0000 -120.63818   32.08380      99.73         13  0.000e+00
     240068  10002.792    145.693    146.769     9.1266     9.1232  36.331264  36.364787     9.1108     9.1074    33.9564    33.9945    26.2833    26.3136     3.5676     3.1736    108.633     96.632     1.3101     1.1282     0.0403    -0.0177     0.0000     0.0000     0.0000 -120.63818   32.08380      99.76         13  0.000e+00
     240069  10002.833    145.784    146.860     9.1280     9.1236  36.331264  36.364966     9.1122     9.1077    33.9550    33.9943    26.2819    26.3135     3.5675     3.1736    108.632     96.633     1.3101     1.1282     0.0391    -0.0482     0.0000     0.0000     0.0000 -120.63818   32.08380      99.73         13  0.000e+00
     240070  10002.875    145.671    146.746     9.1294     9.1236  36.329947  36.365144     9.1136     9.1077    33.9524    33.9946    26.2797    26.3136     3.5731     3.1735    108.801     96.631     1.3114     1.1282     0.0403    -0.0177     0.0000     0.0000     0.0000 -120.63818   32.08380      99.73         13  0.000e+00
     240071  10002.917    145.641    146.716     9.1303     9.1241  36.332461  36.364787     9.1145     9.1082    33.9541    33.9937    26.2809    26.3129     3.5730     3.1735    108.797     96.630     1.3114     1.1282     0.0391    -0.0482     0.0000     0.0000     0.0000 -120.63818   32.08380      99.76         13  0.000e+00
     240072  10002.958    145.671    146.746     9.1313     9.1244  36.334376  36.365085     9.1155     9.1086    33.9552    33.9937    26.2816    26.3128     3.5672     3.1735    108.622     96.630     1.3101     1.1282     0.0391    -0.0482     0.0000     0.0000     0.0000 -120.63818   32.08380      99.73         13  0.000e+00
     240073  10003.000    145.618    146.693     9.1320     9.1252  36.332879  36.365561     9.1162     9.1094    33.9530    33.9934    26.2798    26.3125     3.5672     3.1734    108.621     96.628     1.3101     1.1282     0.0391    -0.0482     0.0000     0.0000     0.0000 -120.63818   32.08380      99.73         13  0.000e+00
     240074  10003.042    145.641    146.716     9.1321     9.1257  36.333837  36.365858     9.1163     9.1098    33.9538    33.9933    26.2804    26.3123     3.5672     3.1734    108.621     96.627     1.3101     1.1282     0.0391    -0.0482     0.0000     0.0000     0.0000 -120.63818   32.08380      99.76         13  0.000e+00
     240075  10003.083    145.671    146.746     9.1324     9.1258  36.336052  36.365918     9.1165     9.1099    33.9559    33.9933    26.2820    26.3123     3.5671     3.1734    108.619     96.627     1.3101     1.1282     0.0391    -0.0482     0.0000     0.0000     0.0000 -120.63818   32.08380      99.76         13  0.000e+00
     240076  10003.125    145.618    146.693     9.1323     9.1264  36.335274  36.365917     9.1165     9.1105    33.9552    33.9927    26.2814    26.3118     3.5671     3.1733    108.619     96.626     1.3101     1.1282     0.0391    -0.0482     0.0000     0.0000     0.0000 -120.63818   32.08380      99.76         13  0.000e+00
     240077  10003.167    145.580    146.655     9.1321     9.1262  36.334735  36.365917     9.1163     9.1104    33.9548    33.9929    26.2811    26.3119     3.5671     3.1733    108.619     96.625     1.3101     1.1282     0.0391    -0.0482     0.0000     0.0000     0.0000 -120.63818   32.08380      99.73         13  0.000e+00
     240078  10003.208    145.565    146.639     9.1323     9.1265  36.336651  36.365917     9.1165     9.1107    33.9567    33.9926    26.2826    26.3116     3.5670     3.1733    108.617     96.625     1.3101     1.1282     0.0391    -0.0482     0.0000     0.0000     0.0000 -120.63818   32.08380      99.73         13  0.000e+00
     240079  10003.250    145.565    146.639     9.1323     9.1267  36.336950  36.366155     9.1165     9.1109    33.9570    33.9927    26.2828    26.3117     3.5670     3.1733    108.617     96.624     1.3101     1.1282     0.0391    -0.0482     0.0000     0.0000     0.0000 -120.63818   32.08380      99.73         13  0.000e+00
     240080  10003.292    145.527    146.601     9.1321     9.1268  36.335214  36.366750     9.1163     9.1110    33.9554    33.9932    26.2816    26.3120     3.5671     3.1675    108.618     96.449     1.3101     1.1270     0.0403    -0.0177     0.0000     0.0000     0.0000 -120.63818   32.08380      99.76         13  0.000e+00
     240081  10003.333    145.565    146.639     9.1323     9.1271  36.336651  36.366929     9.1165     9.1113    33.9567    33.9931    26.2826    26.3119     3.5614     3.1675    108.445     96.448     1.3089     1.1270     0.0391    -0.0482     0.0000     0.0000     0.0000 -120.63818   32.08380      99.73         13  0.000e+00
     240082  10003.375    145.504    146.578     9.1333     9.1281  36.337309  36.367107     9.1175     9.1123    33.9564    33.9923    26.2822    26.3111     3.5669     3.1674    108.614     96.446     1.3101     1.1270     0.0391    -0.0482     0.0000     0.0000     0.0000 -120.63818   32.08380      99.73         13  0.000e+00
     240083  10003.417    145.527    146.601     9.1336     9.1290  36.335453  36.367226     9.1178     9.1132    33.9542    33.9916    26.2804    26.3105     3.5670     3.1674    108.615     96.445     1.3101     1.1270     0.0391    -0.0482     0.0000     0.0000     0.0000 -120.63818   32.08380      99.73         13  0.000e+00
     240084  10003.458    145.452    146.525     9.1340     9.1291  36.336411  36.367702     9.1182     9.1133    33.9548    33.9920    26.2808    26.3108     3.5612     3.1673    108.440     96.443     1.3089     1.1270     0.0403    -0.0177     0.0000     0.0000     0.0000 -120.63818   32.08380      99.76         13  0.000e+00
