WCOA/WCOA-6/CTD_Data/RB2102_CTD_001_01.ros
* Sea-Bird SBE 9 Data File:
* FileName = C:\Users\scs.user.rb\CTD\RB2102\Data\RB2102_CTD_001_01.hex
* Software Version Seasave V 7.26.7.107
* Temperature SN = 6202
* Conductivity SN = 4907
* Number of Bytes Per Scan = 41
* Number of Voltage Words = 4
* Number of Scans Averaged by the Deck Unit = 1
* NMEA Latitude = 51 27.53 N
* NMEA Longitude = 130 50.74 W
* NMEA UTC (Time) = Jun 25 2021  02:03:15
* NMEA baud rate = 4800
# nquan = 30
# nvalues = 1078                                  
# units = specified
# name 0 = scan: Scan Count
# name 1 = timeS: Time, Elapsed [seconds]
# name 2 = depSM: Depth [salt water, m]
# name 3 = prDM: Pressure, Digiquartz [db]
# name 4 = t090C: Temperature [ITS-90, deg C]
# name 5 = t190C: Temperature, 2 [ITS-90, deg C]
# name 6 = c0mS/cm: Conductivity [mS/cm]
# name 7 = c1mS/cm: Conductivity, 2 [mS/cm]
# name 8 = potemp090C: Potential Temperature [ITS-90, deg C]
# name 9 = potemp190C: Potential Temperature, 2 [ITS-90, deg C]
# name 10 = sal00: Salinity, Practical [PSU]
# name 11 = sal11: Salinity, Practical, 2 [PSU]
# name 12 = sigma-é00: Density [sigma-theta, kg/m^3]
# name 13 = sigma-é11: Density, 2 [sigma-theta, kg/m^3]
# name 14 = sbeox0Mg/L: Oxygen, SBE 43 [mg/l]
# name 15 = sbeox1Mg/L: Oxygen, SBE 43, 2 [mg/l]
# name 16 = sbox0Mm/Kg: Oxygen, SBE 43 [umol/kg]
# name 17 = sbox1Mm/Kg: Oxygen, SBE 43, 2 [umol/kg]
# name 18 = sbeox0V: Oxygen raw, SBE 43 [V]
# name 19 = sbeox1V: Oxygen raw, SBE 43, 2 [V]
# name 20 = v4: Voltage 4
# name 21 = flECO-AFL: Fluorescence, WET Labs ECO-AFL/FL [mg/m^3]
# name 22 = v3: Voltage 3
# name 23 = v6: Voltage 6
# name 24 = v7: Voltage 7
# name 25 = longitude: Longitude [deg]
# name 26 = latitude: Latitude [deg]
# name 27 = altM: Altimeter [m]
# name 28 = nbf: Bottles Fired
# name 29 = flag:  0.000e+00
# interval = seconds: 0.0416667
# start_time = Jun 25 2021 02:03:15 [NMEA time, header]
# bad_flag = -9.990e-29
*END*
[from data line 774]
     128112   5337.958     30.898     31.172    10.3564    10.3632  35.545438  35.551997    10.3529    10.3597    32.0774    32.0780    24.6118    24.6111     9.9250     9.7378    302.709    297.000     2.7534     2.5470     0.1026     1.5391     3.4054     0.9621     0.0000 -130.84660   51.45620      99.78         16  0.000e+00
     128113   5338.000     30.898     31.172    10.3574    10.3637  35.546450  35.552186    10.3539    10.3602    32.0775    32.0777    24.6117    24.6108     9.9301     9.7319    302.865    296.820     2.7546     2.5458     0.1026     1.5391     3.4054     0.9621     0.0000 -130.84660   51.45620      99.78         16  0.000e+00
     128114   5338.042     30.898     31.172    10.3589    10.3644  35.547905  35.552882    10.3553    10.3608    32.0777    32.0778    24.6116    24.6108     9.9297     9.7375    302.855    296.992     2.7546     2.5470     0.1026     1.5391     3.4054     0.9621     0.0000 -130.84660   51.45620      99.78         16  0.000e+00
     128115   5338.083     30.858     31.131    10.3601    10.3660  35.549297  35.553640    10.3566    10.3624    32.0780    32.0772    24.6116    24.6100     9.9240     9.7371    302.681    296.981     2.7534     2.5470     0.1038     1.5696     3.4054     0.9621     0.0000 -130.84660   51.45620      99.78         16  0.000e+00
     128116   5338.125     30.898     31.172    10.3612    10.3667  35.549424  35.554020    10.3577    10.3631    32.0772    32.0770    24.6108    24.6097     9.9293     9.7370    302.840    296.978     2.7546     2.5470     0.1026     1.5391     3.4054     0.9621     0.0000 -130.84660   51.45620      99.78         16  0.000e+00
     128117   5338.167     30.852     31.125    10.3613    10.3669  35.549044  35.554778    10.3578    10.3634    32.0767    32.0775    24.6104    24.6101     9.9292     9.7369    302.839    296.974     2.7546     2.5470     0.1038     1.5696     3.4042     0.9621     0.0000 -130.84660   51.45620      99.78         16  0.000e+00
     128118   5338.208     30.858     31.131    10.3612    10.3672  35.548981  35.555727    10.3577    10.3636    32.0767    32.0782    24.6105    24.6106     9.9239     9.7368    302.677    296.971     2.7534     2.5470     0.1026     1.5391     3.4054     0.9621     0.0000 -130.84660   51.45620      99.78         16  0.000e+00
     128119   5338.250     30.898     31.172    10.3613    10.3681  35.550626  35.556928    10.3578    10.3646    32.0783    32.0786    24.6116    24.6107     9.9292     9.7366    302.837    296.965     2.7546     2.5470     0.1038     1.5696     3.4042     0.9621     0.0000 -130.84660   51.45620      99.78         16  0.000e+00
     128120   5338.292     30.852     31.125    10.3647    10.3695  35.554548  35.557939    10.3611    10.3659    32.0793    32.0784    24.6119    24.6104     9.9229     9.7362    302.647    296.954     2.7534     2.5470     0.1038     1.5696     3.4042     0.9621     0.0000 -130.84660   51.45620      99.76         16  0.000e+00
     128121   5338.333     30.852     31.125    10.3699    10.3705  35.559420  35.558635    10.3663    10.3670    32.0796    32.0782    24.6112    24.6100     9.9217     9.7360    302.611    296.947     2.7534     2.5470     0.1038     1.5696     3.4054     0.9621     0.0000 -130.84660   51.45620      99.80         16  0.000e+00
     131762   5490.042     20.407     20.587    11.7385    11.7020  36.641358  36.607004    11.7360    11.6995    31.9583    31.9564    24.2762    24.2814     9.7991     9.6313    298.968    293.847     2.7961     2.5897     0.0733     0.8065     3.4017     0.9304     0.0000 -130.84662   51.45618      99.83         17  0.000e+00
     131763   5490.083     20.506     20.687    11.7408    11.7011  36.643215  36.606173    11.7383    11.6985    31.9580    31.9563    24.2756    24.2815     9.7987     9.6316    298.957    293.857     2.7961     2.5897     0.0733     0.8065     3.4017     0.9304     0.0000 -130.84662   51.45618      99.80         17  0.000e+00
     131764   5490.125     20.367     20.547    11.7432    11.6985  36.645328  36.605213    11.7407    11.6960    31.9581    31.9577    24.2752    24.2830     9.8032     9.6319    299.094    293.866     2.7973     2.5897     0.0733     0.8065     3.4017     0.9304     0.0000 -130.84662   51.45618      99.80         17  0.000e+00
     131765   5490.167     20.407     20.587    11.7458    11.6962  36.646928  36.605022    11.7433    11.6937    31.9574    31.9594    24.2742    24.2848     9.8027     9.6380    299.080    294.051     2.7973     2.5910     0.0733     0.8065     3.4017     0.9304     0.0000 -130.84662   51.45618      99.80         17  0.000e+00
     131766   5490.208     20.413     20.593    11.7471    11.6955  36.647056  36.605470    11.7446    11.6930    31.9564    31.9605    24.2732    24.2858     9.8025     9.6381    299.074    294.054     2.7973     2.5910     0.0733     0.8065     3.4005     0.9304     0.0000 -130.84662   51.45618      99.80         17  0.000e+00
     131767   5490.250     20.407     20.587    11.7470    11.6986  36.646864  36.607836    11.7444    11.6960    31.9563    31.9601    24.2732    24.2849     9.8026     9.6374    299.075    294.034     2.7973     2.5910     0.0733     0.8065     3.4029     0.9304     0.0000 -130.84662   51.45618      99.80         17  0.000e+00
     131768   5490.292     20.367     20.547    11.7470    11.7049  36.646672  36.610969    11.7444    11.7023    31.9562    31.9578    24.2730    24.2820     9.8025     9.6305    299.074    293.823     2.7973     2.5897     0.0733     0.8065     3.4017     0.9304     0.0000 -130.84662   51.45618      99.80         17  0.000e+00
     131769   5490.333     20.407     20.587    11.7483    11.7082  36.647312  36.612312    11.7458    11.7057    31.9556    31.9562    24.2724    24.2801     9.8075     9.6299    299.226    293.806     2.7985     2.5897     0.0733     0.8065     3.4017     0.9304     0.0000 -130.84662   51.45618      99.80         17  0.000e+00
     131770   5490.375     20.314     20.493    11.7487    11.7127  36.647376  36.612184    11.7461    11.7101    31.9554    31.9522    24.2722    24.2762     9.8073     9.6291    299.220    293.781     2.7985     2.5897     0.0733     0.8065     3.4017     0.9304     0.0000 -130.84662   51.45618      99.80         17  0.000e+00
     131771   5490.417     20.407     20.587    11.7473    11.7150  36.646224  36.611864    11.7447    11.7125    31.9555    31.9499    24.2724    24.2740     9.8077     9.6288    299.233    293.773     2.7985     2.5897     0.0733     0.8065     3.4029     0.9304     0.0000 -130.84662   51.45618      99.83         17  0.000e+00
     131772   5490.458     20.314     20.493    11.7461    11.7112  36.645711  36.611032    11.7436    11.7087    31.9560    31.9524    24.2731    24.2766     9.8078     9.6350    299.236    293.962     2.7985     2.5910     0.0733     0.8065     3.4017     0.9304     0.0000 -130.84662   51.45618      99.83         17  0.000e+00
     131773   5490.500     20.360     20.540    11.7456    11.7068  36.645840  36.610585    11.7431    11.7043    31.9565    31.9557    24.2736    24.2800     9.8080     9.6358    299.239    293.986     2.7985     2.5910     0.0733     0.8065     3.4005     0.9304     0.0000 -130.84662   51.45618      99.80         17  0.000e+00
     131774   5490.542     20.360     20.540    11.7461    11.7039  36.646928  36.610522    11.7436    11.7013    31.9572    31.9582    24.2740    24.2825     9.8078     9.6363    299.235    294.001     2.7985     2.5910     0.0733     0.8065     3.4029     0.9304     0.0000 -130.84662   51.45618      99.83         17  0.000e+00
     131775   5490.583     20.314     20.493    11.7470    11.7047  36.647312  36.610713    11.7445    11.7021    31.9568    31.9577    24.2735    24.2819     9.8076     9.6361    299.228    293.995     2.7985     2.5910     0.0733     0.8065     3.4029     0.9304     0.0000 -130.84662   51.45618      99.80         17  0.000e+00
     131776   5490.625     20.307     20.487    11.7486    11.7045  36.648657  36.611033    11.7461    11.7020    31.9567    31.9581    24.2732    24.2823     9.8072     9.6361    299.218    293.994     2.7985     2.5910     0.0733     0.8065     3.4017     0.9304     0.0000 -130.84662   51.45618      99.83         17  0.000e+00
     131777   5490.667     20.314     20.493    11.7518    11.7029  36.651154  36.612121    11.7492    11.7003    31.9564    31.9606    24.2723    24.2845     9.8118     9.6364    299.356    294.001     2.7998     2.5910     0.0733     0.8065     3.4017     0.9304     0.0000 -130.84662   51.45618      99.83         17  0.000e+00
     131778   5490.708     20.307     20.487    11.7543    11.7034  36.652498  36.613656    11.7517    11.7008    31.9556    31.9617    24.2712    24.2853     9.8113     9.6362    299.341    293.995     2.7998     2.5910     0.0733     0.8065     3.4017     0.9304     0.0000 -130.84662   51.45618      99.83         17  0.000e+00
     131779   5490.750     20.314     20.493    11.7551    11.7092  36.653267  36.614807    11.7525    11.7067    31.9556    31.9578    24.2711    24.2812     9.8111     9.6408    299.336    294.136     2.7998     2.5922     0.0733     0.8065     3.4029     0.9304     0.0000 -130.84662   51.45618      99.83         17  0.000e+00
     131780   5490.792     20.261     20.440    11.7547    11.7104  36.653651  36.614295    11.7522    11.7078    31.9563    31.9563    24.2717    24.2798     9.8111     9.6349    299.335    293.958     2.7998     2.5910     0.0733     0.8065     3.4017     0.9292     0.0000 -130.84662   51.45618      99.83         17  0.000e+00
     131781   5490.833     20.314     20.493    11.7544    11.7067  36.653971  36.612120    11.7519    11.7042    31.9569    31.9573    24.2722    24.2813     9.8112     9.6413    299.338    294.154     2.7998     2.5922     0.0733     0.8065     3.4017     0.9292     0.0000 -130.84662   51.45618      99.80         17  0.000e+00
     131782   5490.875     20.261     20.440    11.7561    11.7032  36.655828  36.610713    11.7536    11.7007    31.9573    31.9590    24.2722    24.2832     9.8159     9.6363    299.482    294.000     2.8010     2.5910     0.0733     0.8065     3.4029     0.9304     0.0000 -130.84662   51.45618      99.83         17  0.000e+00
     131783   5490.917     20.314     20.493    11.7604    11.6996  36.659734  36.614168    11.7578    11.6970    31.9573    31.9654    24.2715    24.2889     9.8150     9.6424    299.456    294.185     2.8010     2.5922     0.0733     0.8065     3.4017     0.9292     0.0000 -130.84662   51.45618      99.83         17  0.000e+00
     131784   5490.958     20.261     20.440    11.7648    11.7032  36.664281  36.620693    11.7623    11.7007    31.9579    31.9687    24.2712    24.2907     9.8140     9.6414    299.424    294.152     2.8010     2.5922     0.0733     0.8065     3.4017     0.9292     0.0000 -130.84662   51.45618      99.80         17  0.000e+00
     131785   5491.000     20.261     20.440    11.7692    11.7088  36.667162  36.625170    11.7666    11.7063    31.9570    31.9682    24.2696    24.2893     9.8131     9.6402    299.397    294.115     2.8010     2.5922     0.0733     0.8065     3.4017     0.9292     0.0000 -130.84662   51.45618      99.80         17  0.000e+00
     131786   5491.042     20.268     20.447    11.7731    11.7142  36.668187  36.626513    11.7706    11.7117    31.9546    31.9648    24.2670    24.2857     9.8176     9.6392    299.535    294.086     2.8022     2.5922     0.0842     1.0812     3.4005     0.9292     0.0000 -130.84662   51.45618      99.83         17  0.000e+00
     131787   5491.083     20.261     20.440    11.7749    11.7196  36.668827  36.627856    11.7723    11.7171    31.9537    31.9615    24.2660    24.2822     9.8172     9.6382    299.525    294.057     2.8022     2.5922     0.0916     1.2644     3.4017     0.9292     0.0000 -130.84662   51.45618      99.80         17  0.000e+00
     131788   5491.125     20.268     20.447    11.7753    11.7225  36.669019  36.630223    11.7728    11.7200    31.9535    31.9613    24.2658    24.2815     9.8172     9.6432    299.523    294.210     2.8022     2.5934     0.0940     1.3254     3.4017     0.9292     0.0000 -130.84662   51.45618      99.83         17  0.000e+00
     131789   5491.167     20.261     20.440    11.7779    11.7200  36.669467  36.631887    11.7754    11.7175    31.9517    31.9650    24.2639    24.2848     9.8115     9.6379    299.351    294.047     2.8010     2.5922     0.0928     1.2949     3.4017     0.9292     0.0000 -130.84662   51.45618      99.83         17  0.000e+00
     131790   5491.208     20.268     20.447    11.7829    11.7195  36.669851  36.631247    11.7804    11.7170    31.9478    31.9649    24.2600    24.2848     9.8107     9.6436    299.327    294.223     2.8010     2.5934     0.0928     1.2949     3.4017     0.9292     0.0000 -130.84662   51.45618      99.80         17  0.000e+00
     131791   5491.250     20.215     20.393    11.7837    11.7208  36.671195  36.629647    11.7812    11.7183    31.9484    31.9622    24.2603    24.2825     9.8156     9.6378    299.477    294.045     2.8022     2.5922     0.0928     1.2949     3.4029     0.9292     0.0000 -130.84662   51.45618      99.83         17  0.000e+00
     131792   5491.292     20.215     20.393    11.7844    11.7248  36.673053  36.629007    11.7818    11.7223    31.9496    31.9582    24.2611    24.2787     9.8154     9.6428    299.470    294.199     2.8022     2.5934     0.0928     1.2949     3.4017     0.9292     0.0000 -130.84662   51.45618      99.80         17  0.000e+00
     131793   5491.333     20.261     20.440    11.7862    11.7304  36.676256  36.630862    11.7837    11.7279    31.9512    31.9551    24.2620    24.2752     9.8150     9.6418    299.456    294.170     2.8022     2.5934     0.0928     1.2949     3.4017     0.9292     0.0000 -130.84662   51.45618      99.80         17  0.000e+00
     131794   5491.375     20.215     20.393    11.7895    11.7362  36.679522  36.633420    11.7870    11.7337    31.9515    31.9526    24.2617    24.2723     9.8142     9.6406    299.433    294.135     2.8022     2.5934     0.0928     1.2949     3.4017     0.9304     0.0000 -130.84662   51.45618      99.83         17  0.000e+00
     131795   5491.417     20.261     20.440    11.7927    11.7404  36.683237  36.636299    11.7902    11.7379    31.9523    31.9518    24.2617    24.2708     9.8135     9.6398    299.412    294.110     2.8022     2.5934     0.0928     1.2949     3.4017     0.9292     0.0000 -130.84662   51.45618      99.80         17  0.000e+00
     131796   5491.458     20.215     20.393    11.7946    11.7415  36.688426  36.639434    11.7921    11.7390    31.9558    31.9539    24.2640    24.2723     9.8128     9.6394    299.390    294.096     2.8022     2.5934     0.0928     1.2949     3.4017     0.9292     0.0000 -130.84662   51.45618      99.80         17  0.000e+00
     131797   5491.500     20.215     20.393    11.8048    11.7428  36.698291  36.643401    11.8022    11.7402    31.9566    31.9567    24.2628    24.2742     9.8106     9.6389    299.322    294.082     2.8022     2.5934     0.0928     1.2949     3.4017     0.9292     0.0000 -130.84662   51.45618      99.80         17  0.000e+00
     131798   5491.542     20.261     20.440    11.8174    11.7444  36.707195  36.650120    11.8148    11.7419    31.9544    31.9618    24.2587    24.2779     9.8081     9.6327    299.247    293.891     2.8022     2.5922     0.0928     1.2949     3.4029     0.9292     0.0000 -130.84662   51.45618      99.83         17  0.000e+00
