WCOA/WCOA-6/CTD_Data/RB2102_CTD_107_01.ros
* Sea-Bird SBE 9 Data File:
* FileName = C:\Users\scs.user.rb\CTD\RB2102\Data\RB2102_CTD_107_01.hex
* Software Version Seasave V 7.26.7.107
* Temperature SN = 6202
* Conductivity SN = 4907
* Number of Bytes Per Scan = 41
* Number of Voltage Words = 4
* Number of Scans Averaged by the Deck Unit = 1
* NMEA Latitude = 34 58.57 N
* NMEA Longitude = 122 39.86 W
* NMEA UTC (Time) = Jul 16 2021  04:28:16
* NMEA baud rate = 4800
# nquan = 30
# nvalues = 1176                                  
# units = specified
# name 0 = scan: Scan Count
# name 1 = timeS: Time, Elapsed [seconds]
# name 2 = depSM: Depth [salt water, m]
# name 3 = prDM: Pressure, Digiquartz [db]
# name 4 = t090C: Temperature [ITS-90, deg C]
# name 5 = t190C: Temperature, 2 [ITS-90, deg C]
# name 6 = c0mS/cm: Conductivity [mS/cm]
# name 7 = c1mS/cm: Conductivity, 2 [mS/cm]
# name 8 = potemp090C: Potential Temperature [ITS-90, deg C]
# name 9 = potemp190C: Potential Temperature, 2 [ITS-90, deg C]
# name 10 = sal00: Salinity, Practical [PSU]
# name 11 = sal11: Salinity, Practical, 2 [PSU]
# name 12 = sigma-é00: Density [sigma-theta, kg/m^3]
# name 13 = sigma-é11: Density, 2 [sigma-theta, kg/m^3]
# name 14 = sbeox0Mg/L: Oxygen, SBE 43 [mg/l]
# name 15 = sbeox1Mg/L: Oxygen, SBE 43, 2 [mg/l]
# name 16 = sbox0Mm/Kg: Oxygen, SBE 43 [umol/kg]
# name 17 = sbox1Mm/Kg: Oxygen, SBE 43, 2 [umol/kg]
# name 18 = sbeox0V: Oxygen raw, SBE 43 [V]
# name 19 = sbeox1V: Oxygen raw, SBE 43, 2 [V]
# name 20 = v4: Voltage 4
# name 21 = flECO-AFL: Fluorescence, WET Labs ECO-AFL/FL [mg/m^3]
# name 22 = v3: Voltage 3
# name 23 = v6: Voltage 6
# name 24 = v7: Voltage 7
# name 25 = longitude: Longitude [deg]
# name 26 = latitude: Latitude [deg]
# name 27 = altM: Altimeter [m]
# name 28 = nbf: Bottles Fired
# name 29 = flag:  0.000e+00
# interval = seconds: 0.0416667
# start_time = Jul 16 2021 04:28:16 [NMEA time, header]
# bad_flag = -9.990e-29
*END*
[from data line 774]
     286298  11929.042     30.523     30.747    14.9313    14.9337  41.418167  41.428079    14.9267    14.9291    33.6832    33.6901    24.9727    24.9776     8.2234     8.3570    250.724    254.797     2.5800     2.4664     0.0769     0.8981     3.1966     0.0708     0.0256 -122.66752   34.97456      99.66         16  0.000e+00
     286299  11929.083     30.476     30.700    14.9315    14.9335  41.413123  41.427945    14.9269    14.9289    33.6785    33.6902    24.9690    24.9777     8.2284     8.3570    250.876    254.797     2.5812     2.4664     0.0769     0.8981     3.1966     0.0708     0.0244 -122.66752   34.97456      99.63         16  0.000e+00
     286300  11929.125     30.523     30.747    14.9316    14.9336  41.421462  41.428079    14.9271    14.9291    33.6859    33.6902    24.9747    24.9776     8.2232     8.3622    250.718    254.956     2.5800     2.4676     0.0769     0.8981     3.1954     0.0708     0.0244 -122.66752   34.97456      99.63         16  0.000e+00
     286301  11929.167     30.523     30.747    14.9316    14.9337  41.424489  41.428214    14.9271    14.9291    33.6886    33.6902    24.9768    24.9777     8.2279     8.3622    250.859    254.955     2.5812     2.4676     0.0769     0.8981     3.1954     0.0708     0.0232 -122.66752   34.97456      99.66         16  0.000e+00
     286302  11929.208     30.476     30.700    14.9313    14.9333  41.424489  41.427407    14.9268    14.9287    33.6889    33.6899    24.9771    24.9775     8.2231     8.3623    250.713    254.957     2.5800     2.4676     0.0769     0.8981     3.1966     0.0696     0.0244 -122.66752   34.97456      99.63         16  0.000e+00
     286303  11929.250     30.569     30.794    14.9311    14.9328  41.424287  41.426870    14.9266    14.9282    33.6889    33.6898    24.9771    24.9775     8.2232     8.3573    250.717    254.804     2.5800     2.4664     0.0769     0.8981     3.1966     0.0708     0.0232 -122.66752   34.97456      99.63         16  0.000e+00
     286304  11929.292     30.523     30.747    14.9311    14.9323  41.424220  41.427609    14.9266    14.9277    33.6888    33.6909    24.9771    24.9785     8.2280     8.3573    250.862    254.803     2.5812     2.4664     0.0769     0.8981     3.1966     0.0696     0.0232 -122.66752   34.97456      99.66         16  0.000e+00
     286305  11929.333     30.523     30.747    14.9308    14.9320  41.424085  41.427878    14.9262    14.9274    33.6890    33.6914    24.9773    24.9789     8.2280     8.3573    250.863    254.804     2.5812     2.4664     0.0769     0.8981     3.1954     0.0696     0.0232 -122.66752   34.97456      99.66         16  0.000e+00
     286306  11929.375     30.523     30.747    14.9308    14.9319  41.424153  41.428348    14.9262    14.9273    33.6890    33.6919    24.9774    24.9793     8.2232     8.3573    250.717    254.803     2.5800     2.4664     0.0769     0.8981     3.1966     0.0696     0.0232 -122.66752   34.97456      99.63         16  0.000e+00
     286307  11929.417     30.523     30.747    14.9305    14.9325  41.424085  41.428281    14.9259    14.9279    33.6893    33.6913    24.9776    24.9787     8.2233     8.3572    250.718    254.801     2.5800     2.4664     0.0781     0.9286     3.1966     0.0696     0.0232 -122.66752   34.97456      99.63         16  0.000e+00
     286350  11931.208     30.330     30.553    14.9358    14.9227  41.428725  41.407848    14.9313    14.9181    33.6889    33.6813    24.9762    24.9732     8.2126     8.3489    250.393    254.548     2.5775     2.4640     0.0830     1.0507     3.1966     0.0684     0.0232 -122.66752   34.97456      99.63         17  0.000e+00
     286351  11931.250     30.277     30.500    14.9362    14.9182  41.429397  41.405698    14.9317    14.9136    33.6892    33.6833    24.9763    24.9757     8.2077     8.3547    250.243    254.726     2.5763     2.4652     0.0830     1.0507     3.1954     0.0684     0.0232 -122.66752   34.97456      99.63         17  0.000e+00
     286352  11931.292     30.476     30.700    14.9364    14.9139  41.429196  41.406439    14.9318    14.9093    33.6888    33.6876    24.9760    24.9799     8.2079     8.3503    250.249    254.589     2.5763     2.4640     0.0830     1.0507     3.1966     0.0696     0.0256 -122.66752   34.97456      99.63         17  0.000e+00
     286353  11931.333     30.277     30.500    14.9365    14.9117  41.428926  41.407849    14.9320    14.9072    33.6885    33.6908    24.9757    24.9829     8.2124     8.3503    250.388    254.589     2.5775     2.4640     0.0830     1.0507     3.1954     0.0708     0.0269 -122.66752   34.97456      99.63         17  0.000e+00
     286354  11931.375     30.330     30.553    14.9364    14.9100  41.427648  41.406640    14.9318    14.9055    33.6875    33.6912    24.9749    24.9835     8.2126     8.3558    250.393    254.758     2.5775     2.4652     0.0830     1.0507     3.1966     0.0696     0.0244 -122.66752   34.97456      99.63         17  0.000e+00
     286355  11931.417     30.330     30.553    14.9358    14.9083  41.426572  41.404691    14.9313    14.9038    33.6870    33.6909    24.9746    24.9836     8.2127     8.3509    250.396    254.609     2.5775     2.4640     0.0830     1.0507     3.1954     0.0696     0.0244 -122.66752   34.97456      99.63         17  0.000e+00
     286356  11931.458     30.277     30.500    14.9344    14.9065  41.426572  41.403482    14.9298    14.9019    33.6883    33.6914    24.9760    24.9844     8.2128     8.3512    250.400    254.616     2.5775     2.4640     0.0830     1.0507     3.1966     0.0708     0.0244 -122.66752   34.97456      99.63         17  0.000e+00
     286357  11931.500     30.277     30.500    14.9330    14.9047  41.426909  41.403213    14.9285    14.9002    33.6897    33.6927    24.9774    24.9858     8.2130     8.3514    250.404    254.624     2.5775     2.4640     0.0830     1.0507     3.1966     0.0708     0.0281 -122.66752   34.97456      99.63         17  0.000e+00
     286358  11931.542     30.330     30.553    14.9323    14.9039  41.427044  41.403482    14.9278    14.8994    33.6904    33.6936    24.9781    24.9867     8.2131     8.3516    250.408    254.628     2.5775     2.4640     0.0830     1.0507     3.1954     0.0720     0.0293 -122.66752   34.97456      99.63         17  0.000e+00
     286359  11931.583     30.277     30.500    14.9323    14.9043  41.427783  41.404087    14.9278    14.8997    33.6911    33.6938    24.9786    24.9868     8.2130     8.3514    250.405    254.624     2.5775     2.4640     0.0830     1.0507     3.1966     0.0720     0.0293 -122.66752   34.97456      99.63         17  0.000e+00
     286360  11931.625     30.277     30.500    14.9328    14.9051  41.428658  41.405095    14.9283    14.9005    33.6915    33.6941    24.9788    24.9868     8.2129     8.3565    250.402    254.778     2.5775     2.4652     0.0818     1.0202     3.1966     0.0720     0.0269 -122.66752   34.97456      99.63         17  0.000e+00
     286361  11931.667     30.231     30.453    14.9330    14.9061  41.428456  41.405363    14.9285    14.9016    33.6912    33.6934    24.9785    24.9860     8.2128     8.3511    250.400    254.613     2.5775     2.4640     0.0818     1.0202     3.1954     0.0708     0.0256 -122.66752   34.97456      99.63         17  0.000e+00
     286362  11931.708     30.277     30.500    14.9333    14.9063  41.428187  41.405901    14.9288    14.9017    33.6906    33.6938    24.9780    24.9863     8.2129     8.3563    250.401    254.772     2.5775     2.4652     0.0818     1.0202     3.1954     0.0708     0.0244 -122.66752   34.97456      99.63         17  0.000e+00
     286363  11931.750     30.277     30.500    14.9335    14.9064  41.428657  41.407716    14.9290    14.9019    33.6909    33.6953    24.9782    24.9874     8.2128     8.3562    250.400    254.768     2.5775     2.4652     0.0818     1.0202     3.1954     0.0708     0.0244 -122.66752   34.97456      99.63         17  0.000e+00
     286364  11931.792     30.277     30.500    14.9337    14.9070  41.428254  41.410068    14.9292    14.9025    33.6903    33.6969    24.9777    24.9886     8.2080     8.3560    250.253    254.762     2.5763     2.4652     0.0818     1.0202     3.1966     0.0696     0.0244 -122.66752   34.97456      99.63         17  0.000e+00
     286365  11931.833     30.231     30.453    14.9337    14.9083  41.427850  41.413159    14.9292    14.9038    33.6900    33.6986    24.9775    24.9896     8.2128     8.3504    250.399    254.592     2.5775     2.4640     0.0818     1.0202     3.1954     0.0696     0.0244 -122.66752   34.97456      99.63         17  0.000e+00
     286366  11931.875     30.231     30.453    14.9335    14.9098  41.427985  41.415243    14.9290    14.9053    33.6903    33.6992    24.9777    24.9897     8.2080     8.3553    250.253    254.742     2.5763     2.4652     0.0818     1.0202     3.1954     0.0696     0.0244 -122.66752   34.97456      99.63         17  0.000e+00
     286367  11931.917     30.231     30.453    14.9337    14.9117  41.428052  41.417326    14.9292    14.9072    33.6902    33.6995    24.9776    24.9895     8.2080     8.3550    250.252    254.731     2.5763     2.4652     0.0818     1.0202     3.1954     0.0696     0.0244 -122.66752   34.97456      99.63         17  0.000e+00
     286368  11931.958     30.231     30.453    14.9339    14.9137  41.428388  41.419477    14.9293    14.9092    33.6904    33.6997    24.9777    24.9892     8.2079     8.3494    250.251    254.561     2.5763     2.4640     0.0818     1.0202     3.1954     0.0696     0.0232 -122.66752   34.97456      99.63         17  0.000e+00
     286369  11932.000     30.231     30.453    14.9340    14.9160  41.428657  41.420216    14.9295    14.9114    33.6905    33.6984    24.9777    24.9878     8.2127     8.3491    250.396    254.551     2.5775     2.4640     0.0818     1.0202     3.1954     0.0696     0.0244 -122.66752   34.97456      99.63         17  0.000e+00
     286370  11932.042     30.231     30.453    14.9342    14.9186  41.428792  41.420888    14.9297    14.9141    33.6904    33.6967    24.9777    24.9859     8.2127     8.3487    250.395    254.540     2.5775     2.4640     0.0818     1.0202     3.1954     0.0696     0.0244 -122.66752   34.97456      99.63         17  0.000e+00
     286371  11932.083     30.178     30.400    14.9345    14.9204  41.428724  41.421291    14.9300    14.9158    33.6901    33.6956    24.9774    24.9847     8.2078     8.3484    250.247    254.531     2.5763     2.4640     0.0818     1.0202     3.1954     0.0696     0.0244 -122.66752   34.97456      99.63         17  0.000e+00
     286372  11932.125     30.231     30.453    14.9347    14.9217  41.429061  41.421694    14.9302    14.9172    33.6902    33.6948    24.9774    24.9837     8.2078     8.3482    250.247    254.527     2.5763     2.4640     0.0818     1.0202     3.1954     0.0696     0.0232 -122.66752   34.97456      99.63         17  0.000e+00
     286373  11932.167     30.178     30.400    14.9348    14.9229  41.429598  41.421492    14.9303    14.9184    33.6906    33.6936    24.9777    24.9826     8.2125     8.3480    250.390    254.521     2.5775     2.4640     0.0818     1.0202     3.1954     0.0684     0.0232 -122.66752   34.97456      99.63         17  0.000e+00
     286374  11932.208     30.178     30.400    14.9348    14.9241  41.430944  41.421693    14.9303    14.9196    33.6919    33.6927    24.9786    24.9816     8.2029     8.3479    250.096    254.516     2.5751     2.4640     0.0818     1.0202     3.1966     0.0696     0.0232 -122.66752   34.97456      99.63         17  0.000e+00
     286375  11932.250     30.231     30.453    14.9355    14.9251  41.431885  41.421290    14.9310    14.9205    33.6921    33.6915    24.9787    24.9805     8.2076     8.3478    250.240    254.515     2.5763     2.4640     0.0818     1.0202     3.1954     0.0684     0.0232 -122.66752   34.97456      99.63         17  0.000e+00
     286376  11932.292     30.178     30.400    14.9360    14.9254  41.432759  41.420819    14.9315    14.9209    33.6925    33.6908    24.9789    24.9798     8.2074     8.3477    250.235    254.512     2.5763     2.4640     0.0818     1.0202     3.1954     0.0684     0.0232 -122.66752   34.97456      99.63         17  0.000e+00
     286377  11932.333     30.132     30.353    14.9369    14.9257  41.433634  41.420416    14.9324    14.9212    33.6926    33.6902    24.9787    24.9793     8.2024     8.3476    250.083    254.510     2.5751     2.4640     0.0818     1.0202     3.1954     0.0684     0.0244 -122.66752   34.97456      99.63         17  0.000e+00
     286378  11932.375     30.178     30.400    14.9379    14.9253  41.434844  41.420349    14.9334    14.9208    33.6928    33.6905    24.9787    24.9797     8.2023     8.3478    250.079    254.513     2.5751     2.4640     0.0818     1.0202     3.1978     0.0696     0.0232 -122.66752   34.97456      99.63         17  0.000e+00
     286379  11932.417     30.178     30.400    14.9384    14.9249  41.435517  41.419542    14.9339    14.9204    33.6929    33.6901    24.9787    24.9794     8.2022     8.3478    250.076    254.516     2.5751     2.4640     0.0818     1.0202     3.1966     0.0684     0.0232 -122.66752   34.97456      99.63         17  0.000e+00
     286380  11932.458     30.178     30.400    14.9391    14.9251  41.435853  41.418736    14.9346    14.9206    33.6927    33.6892    24.9783    24.9787     8.2021     8.3479    250.073    254.517     2.5751     2.4640     0.0818     1.0202     3.1954     0.0684     0.0232 -122.66752   34.97456      99.63         17  0.000e+00
     286381  11932.500     30.132     30.353    14.9399    14.9248  41.435449  41.417996    14.9354    14.9203    33.6916    33.6888    24.9773    24.9784     8.1972     8.3479    249.923    254.518     2.5739     2.4640     0.0818     1.0202     3.1966     0.0684     0.0232 -122.66752   34.97456      99.63         17  0.000e+00
     286382  11932.542     30.178     30.400    14.9406    14.9247  41.435315  41.417862    14.9361    14.9202    33.6908    33.6887    24.9766    24.9784     8.1971     8.3480    249.922    254.520     2.5739     2.4640     0.0818     1.0202     3.1966     0.0684     0.0232 -122.66752   34.97456      99.63         17  0.000e+00
     286383  11932.583     30.132     30.353    14.9414    14.9248  41.435180  41.417593    14.9369    14.9203    33.6900    33.6884    24.9758    24.9782     8.1970     8.3479    249.918    254.518     2.5739     2.4640     0.0818     1.0202     3.1954     0.0684     0.0232 -122.66752   34.97456      99.63         17  0.000e+00
     286384  11932.625     30.178     30.400    14.9417    14.9245  41.435247  41.417526    14.9372    14.9200    33.6898    33.6886    24.9756    24.9783     8.1970     8.3480    249.918    254.521     2.5739     2.4640     0.0818     1.0202     3.1966     0.0696     0.0244 -122.66752   34.97456      99.63         17  0.000e+00
     286385  11932.667     30.132     30.353    14.9418    14.9248  41.434911  41.417727    14.9373    14.9203    33.6895    33.6885    24.9753    24.9783     8.1970     8.3479    249.917    254.518     2.5739     2.4640     0.0830     1.0507     3.1954     0.0696     0.0256 -122.66752   34.97456      99.63         17  0.000e+00
     286386  11932.708     30.178     30.400    14.9419    14.9254  41.434642  41.418668    14.9374    14.9209    33.6891    33.6888    24.9750    24.9783     8.1970     8.3478    249.918    254.516     2.5739     2.4640     0.0879     1.1728     3.1966     0.0696     0.0244 -122.66752   34.97456      99.63         17  0.000e+00
