WCOA/WCOA-6/CTD_Data/RB2102_CTD_094_01.ros
* Sea-Bird SBE 9 Data File:
* FileName = C:\Users\scs.user.rb\CTD\RB2102\Data\RB2102_CTD_094_01.hex
* Software Version Seasave V 7.26.7.107
* Temperature SN = 6202
* Conductivity SN = 4907
* Number of Bytes Per Scan = 41
* Number of Voltage Words = 4
* Number of Scans Averaged by the Deck Unit = 1
* NMEA Latitude = 37 39.45 N
* NMEA Longitude = 122 59.79 W
* NMEA UTC (Time) = Jul 13 2021  03:32:26
* NMEA baud rate = 4800
# nquan = 30
# nvalues = 1122                                  
# units = specified
# name 0 = scan: Scan Count
# name 1 = timeS: Time, Elapsed [seconds]
# name 2 = depSM: Depth [salt water, m]
# name 3 = prDM: Pressure, Digiquartz [db]
# name 4 = t090C: Temperature [ITS-90, deg C]
# name 5 = t190C: Temperature, 2 [ITS-90, deg C]
# name 6 = c0mS/cm: Conductivity [mS/cm]
# name 7 = c1mS/cm: Conductivity, 2 [mS/cm]
# name 8 = potemp090C: Potential Temperature [ITS-90, deg C]
# name 9 = potemp190C: Potential Temperature, 2 [ITS-90, deg C]
# name 10 = sal00: Salinity, Practical [PSU]
# name 11 = sal11: Salinity, Practical, 2 [PSU]
# name 12 = sigma-é00: Density [sigma-theta, kg/m^3]
# name 13 = sigma-é11: Density, 2 [sigma-theta, kg/m^3]
# name 14 = sbeox0Mg/L: Oxygen, SBE 43 [mg/l]
# name 15 = sbeox1Mg/L: Oxygen, SBE 43, 2 [mg/l]
# name 16 = sbox0Mm/Kg: Oxygen, SBE 43 [umol/kg]
# name 17 = sbox1Mm/Kg: Oxygen, SBE 43, 2 [umol/kg]
# name 18 = sbeox0V: Oxygen raw, SBE 43 [V]
# name 19 = sbeox1V: Oxygen raw, SBE 43, 2 [V]
# name 20 = v4: Voltage 4
# name 21 = flECO-AFL: Fluorescence, WET Labs ECO-AFL/FL [mg/m^3]
# name 22 = v3: Voltage 3
# name 23 = v6: Voltage 6
# name 24 = v7: Voltage 7
# name 25 = longitude: Longitude [deg]
# name 26 = latitude: Latitude [deg]
# name 27 = altM: Altimeter [m]
# name 28 = nbf: Bottles Fired
# name 29 = flag:  0.000e+00
# interval = seconds: 0.0416667
# start_time = Jul 13 2021 03:32:26 [NMEA time, header]
# bad_flag = -9.990e-29
*END*
[from data line 97]
      17362    723.375     79.769     80.383     9.4669     9.4658  36.620198  36.620145     9.4580     9.4570    33.9630    33.9639    26.2323    26.2332     2.6978     2.8215     82.153     85.918     1.0940     1.0867     0.0476     0.1655     3.3846     0.1184     0.0623 -122.99652   37.65758       8.40          2  0.000e+00
      17388    724.458     80.113     80.731     9.4732     9.4675  36.626025  36.621490     9.4643     9.4586    33.9628    33.9636    26.2311    26.2327     2.6976     2.8215     82.145     85.919     1.0940     1.0867     0.0464     0.1350     3.3846     0.1172     0.0623 -122.99652   37.65758       8.01          3  0.000e+00
      17389    724.500     80.113     80.731     9.4729     9.4670  36.625192  36.621362     9.4640     9.4582    33.9623    33.9639    26.2308    26.2330     2.6976     2.8215     82.146     85.919     1.0940     1.0867     0.0452     0.1044     3.3846     0.1160     0.0611 -122.99652   37.65758       8.01          3  0.000e+00
      17390    724.542     80.113     80.731     9.4721     9.4673  36.625064  36.621106     9.4632     9.4584    33.9629    33.9633    26.2314    26.2325     2.6976     2.8215     82.147     85.919     1.0940     1.0867     0.0464     0.1350     3.3846     0.1172     0.0611 -122.99652   37.65758       8.01          3  0.000e+00
      17391    724.583     80.166     80.784     9.4722     9.4675  36.625705  36.621042     9.4634     9.4586    33.9634    33.9631    26.2317    26.2323     2.6976     2.8215     82.147     85.919     1.0940     1.0867     0.0452     0.1044     3.3846     0.1184     0.0623 -122.99652   37.65758       8.01          3  0.000e+00
      17392    724.625     80.166     80.784     9.4731     9.4672  36.626281  36.621746     9.4642     9.4583    33.9632    33.9640    26.2315    26.2331     2.6976     2.8215     82.146     85.919     1.0940     1.0867     0.0464     0.1350     3.3846     0.1172     0.0611 -122.99652   37.65758       8.01          3  0.000e+00
      17393    724.667     80.166     80.784     9.4732     9.4676  36.625513  36.621746     9.4643     9.4588    33.9623    33.9636    26.2307    26.2327     2.6976     2.8215     82.146     85.919     1.0940     1.0867     0.0464     0.1350     3.3834     0.1148     0.0598 -122.99652   37.65758       7.96          3  0.000e+00
      17394    724.708     80.166     80.784     9.4734     9.4672  36.625641  36.621426     9.4645     9.4583    33.9622    33.9637    26.2307    26.2328     2.6976     2.8215     82.146     85.919     1.0940     1.0867     0.0452     0.1044     3.3846     0.1148     0.0598 -122.99652   37.65758       7.94          3  0.000e+00
      17395    724.750     80.166     80.784     9.4732     9.4673  36.625577  36.621106     9.4643     9.4584    33.9623    33.9633    26.2308    26.2325     2.6976     2.8215     82.146     85.920     1.0940     1.0867     0.0452     0.1044     3.3846     0.1148     0.0611 -122.99652   37.65758       7.94          3  0.000e+00
      17396    724.792     80.113     80.731     9.4729     9.4667  36.625705  36.621042     9.4640     9.4578    33.9628    33.9639    26.2312    26.2330     2.6976     2.8215     82.146     85.920     1.0940     1.0867     0.0452     0.1044     3.3858     0.1184     0.0635 -122.99652   37.65758       7.94          3  0.000e+00
      17397    724.833     80.259     80.878     9.4731     9.4662  36.625577  36.620531     9.4642     9.4574    33.9624    33.9637    26.2309    26.2330     2.6976     2.8216     82.147     85.923     1.0940     1.0867     0.0464     0.1350     3.3846     0.1197     0.0647 -122.99652   37.65758       7.94          3  0.000e+00
      17398    724.875     80.213     80.831     9.4732     9.4652  36.625705  36.620147     9.4643     9.4563    33.9624    33.9643    26.2309    26.2336     2.6976     2.8217     82.146     85.924     1.0940     1.0867     0.0464     0.1350     3.3846     0.1197     0.0647 -122.99652   37.65758       7.94          3  0.000e+00
      17399    724.917     80.213     80.831     9.4732     9.4644  36.625577  36.619060     9.4643     9.4555    33.9623    33.9640    26.2308    26.2335     2.6976     2.8217     82.146     85.926     1.0940     1.0867     0.0464     0.1350     3.3846     0.1197     0.0635 -122.99652   37.65758       7.89          3  0.000e+00
      17400    724.958     80.213     80.831     9.4737     9.4642  36.625961  36.618740     9.4648     9.4554    33.9622    33.9638    26.2306    26.2334     2.6976     2.8217     82.146     85.926     1.0940     1.0867     0.0452     0.1044     3.3846     0.1184     0.0635 -122.99652   37.65758       7.89          3  0.000e+00
      17401    725.000     80.199     80.817     9.4731     9.4640  36.625449  36.619251     9.4642     9.4552    33.9623    33.9645    26.2308    26.2339     2.6976     2.8217     82.147     85.926     1.0940     1.0867     0.0464     0.1350     3.3846     0.1197     0.0635 -122.99652   37.65758       7.86          3  0.000e+00
      17402    725.042     80.213     80.831     9.4719     9.4644  36.624681  36.619124     9.4630     9.4555    33.9626    33.9640    26.2312    26.2335     2.6977     2.8217     82.149     85.926     1.0940     1.0867     0.0464     0.1350     3.3846     0.1184     0.0635 -122.99652   37.65758       7.89          3  0.000e+00
      17403    725.083     80.213     80.831     9.4710     9.4644  36.624297  36.619315     9.4621     9.4555    33.9631    33.9642    26.2318    26.2337     2.6977     2.8217     82.150     85.926     1.0940     1.0867     0.0452     0.1044     3.3834     0.1172     0.0623 -122.99652   37.65758       7.86          3  0.000e+00
      17404    725.125     80.259     80.878     9.4710     9.4644  36.624169  36.619635     9.4621     9.4555    33.9630    33.9645    26.2316    26.2339     2.6977     2.8217     82.151     85.926     1.0940     1.0867     0.0464     0.1350     3.3846     0.1172     0.0623 -122.99652   37.65758       7.86          3  0.000e+00
      17405    725.167     80.213     80.831     9.4721     9.4646  36.624937  36.619187     9.4632     9.4557    33.9627    33.9639    26.2313    26.2334     2.6977     2.8217     82.148     85.925     1.0940     1.0867     0.0476     0.1655     3.3846     0.1160     0.0611 -122.99652   37.65758       7.84          3  0.000e+00
      17406    725.208     80.259     80.878     9.4731     9.4644  36.625385  36.620019     9.4642     9.4555    33.9622    33.9649    26.2307    26.2342     2.6976     2.8217     82.147     85.926     1.0940     1.0867     0.0464     0.1350     3.3846     0.1148     0.0611 -122.99652   37.65758       7.84          3  0.000e+00
      17407    725.250     80.213     80.831     9.4737     9.4651  36.625769  36.620083     9.4648     9.4562    33.9620    33.9643    26.2304    26.2337     2.6976     2.8217     82.146     85.924     1.0940     1.0867     0.0476     0.1655     3.3846     0.1148     0.0611 -122.99652   37.65758       7.84          3  0.000e+00
      17408    725.292     80.259     80.878     9.4742     9.4654  36.626473  36.620275     9.4653     9.4565    33.9623    33.9643    26.2306    26.2336     2.6976     2.8217     82.145     85.924     1.0940     1.0867     0.0476     0.1655     3.3846     0.1148     0.0611 -122.99652   37.65758       7.84          3  0.000e+00
      17409    725.333     80.259     80.878     9.4742     9.4665  36.626793  36.620595     9.4653     9.4576    33.9626    33.9635    26.2308    26.2328     2.6976     2.8216     82.145     85.922     1.0940     1.0867     0.0464     0.1350     3.3846     0.1148     0.0611 -122.99652   37.65758       7.84          3  0.000e+00
      17410    725.375     80.259     80.878     9.4742     9.4674  36.626729  36.620723     9.4653     9.4585    33.9626    33.9628    26.2308    26.2321     2.6976     2.8216     82.145     85.921     1.0940     1.0867     0.0476     0.1655     3.3846     0.1123     0.0586 -122.99652   37.65758       7.84          3  0.000e+00
      17411    725.417     80.213     80.831     9.4740     9.4678  36.626537  36.620722     9.4651     9.4589    33.9625    33.9624    26.2308    26.2317     2.6975     2.8215     82.145     85.920     1.0940     1.0867     0.0464     0.1350     3.3846     0.1123     0.0586 -122.99652   37.65758       7.81          3  0.000e+00
      17412    725.458     80.259     80.878     9.4742     9.4677  36.627434  36.620723     9.4653     9.4588    33.9633    33.9625    26.2314    26.2318     2.6975     2.8215     82.145     85.920     1.0940     1.0867     0.0464     0.1350     3.3846     0.1123     0.0586 -122.99652   37.65758       7.79          3  0.000e+00
      17413    725.500     80.259     80.878     9.4747     9.4675  36.627561  36.620467     9.4658     9.4586    33.9629    33.9625    26.2310    26.2318     2.6975     2.8216     82.144     85.921     1.0940     1.0867     0.0476     0.1655     3.3834     0.1111     0.0586 -122.99652   37.65758       7.79          3  0.000e+00
      17414    725.542     80.213     80.831     9.4747     9.4673  36.627177  36.620403     9.4658     9.4584    33.9626    33.9625    26.2307    26.2319     2.6975     2.8215     82.144     85.921     1.0940     1.0867     0.0464     0.1350     3.3846     0.1123     0.0586 -122.99652   37.65758       7.79          3  0.000e+00
      17415    725.583     80.259     80.878     9.4747     9.4669  36.627177  36.620403     9.4658     9.4580    33.9625    33.9629    26.2307    26.2323     2.6975     2.8216     82.144     85.922     1.0940     1.0867     0.0476     0.1655     3.3834     0.1123     0.0586 -122.99652   37.65758       7.79          3  0.000e+00
      17416    725.625     80.259     80.878     9.4747     9.4665  36.626857  36.620403     9.4658     9.4576    33.9622    33.9633    26.2304    26.2326     2.6975     2.8216     82.144     85.922     1.0940     1.0867     0.0476     0.1655     3.3846     0.1123     0.0586 -122.99652   37.65758       7.79          3  0.000e+00
      17417    725.667     80.213     80.831     9.4750     9.4661  36.626793  36.620147     9.4661     9.4573    33.9619    33.9634    26.2301    26.2328     2.6975     2.8216     82.143     85.922     1.0940     1.0867     0.0476     0.1655     3.3834     0.1111     0.0586 -122.99652   37.65758       7.77          3  0.000e+00
      17418    725.708     80.259     80.878     9.4747     9.4661  36.626281  36.620083     9.4658     9.4572    33.9616    33.9634    26.2300    26.2328     2.6975     2.8216     82.145     85.923     1.0940     1.0867     0.0464     0.1350     3.3846     0.1099     0.0574 -122.99652   37.65758       7.77          3  0.000e+00
      17419    725.750     80.213     80.831     9.4745     9.4661  36.626153  36.620083     9.4656     9.4573    33.9617    33.9633    26.2301    26.2327     2.6975     2.8216     82.144     85.922     1.0940     1.0867     0.0476     0.1655     3.3834     0.1099     0.0574 -122.99652   37.65758       7.74          3  0.000e+00
      17420    725.792     80.259     80.878     9.4735     9.4659  36.626089  36.619827     9.4646     9.4570    33.9625    33.9633    26.2309    26.2327     2.6976     2.8216     82.146     85.923     1.0940     1.0867     0.0464     0.1350     3.3846     0.1136     0.0586 -122.99652   37.65758       7.77          3  0.000e+00
      17421    725.833     80.213     80.831     9.4726     9.4657  36.625705  36.619763     9.4637     9.4568    33.9631    33.9634    26.2314    26.2329     2.6976     2.8216     82.147     85.923     1.0940     1.0867     0.0476     0.1655     3.3834     0.1123     0.0586 -122.99652   37.65758       7.77          3  0.000e+00
      17422    725.875     80.213     80.831     9.4717     9.4655  36.625449  36.619763     9.4628     9.4566    33.9636    33.9636    26.2320    26.2330     2.6977     2.8216     82.148     85.924     1.0940     1.0867     0.0464     0.1350     3.3846     0.1123     0.0586 -122.99652   37.65758       7.77          3  0.000e+00
      17423    725.917     80.213     80.831     9.4716     9.4654  36.625257  36.620211     9.4627     9.4565    33.9635    33.9642    26.2320    26.2335     2.6977     2.8216     82.149     85.923     1.0940     1.0867     0.0476     0.1655     3.3834     0.1111     0.0574 -122.99652   37.65758       7.77          3  0.000e+00
      17424    725.958     80.252     80.871     9.4715     9.4657  36.624425  36.620595     9.4627     9.4568    33.9627    33.9643    26.2313    26.2335     2.6977     2.8216     82.150     85.923     1.0940     1.0867     0.0464     0.1350     3.3846     0.1099     0.0574 -122.99652   37.65758       7.79          3  0.000e+00
      17425    726.000     80.166     80.784     9.4713     9.4664  36.624233  36.620914     9.4624     9.4575    33.9628    33.9640    26.2314    26.2332     2.6977     2.8216     82.149     85.921     1.0940     1.0867     0.0464     0.1350     3.3846     0.1099     0.0574 -122.99652   37.65758       7.79          3  0.000e+00
      17426    726.042     80.213     80.831     9.4706     9.4671  36.623721  36.621490     9.4617     9.4582    33.9629    33.9638    26.2316    26.2329     2.6978     2.8215     82.151     85.920     1.0940     1.0867     0.0464     0.1350     3.3834     0.1099     0.0574 -122.99652   37.65758       7.79          3  0.000e+00
      17427    726.083     80.166     80.784     9.4704     9.4681  36.623336  36.622130     9.4616     9.4592    33.9626    33.9636    26.2315    26.2326     2.6978     2.8215     82.151     85.918     1.0940     1.0867     0.0476     0.1655     3.3834     0.1099     0.0574 -122.99652   37.65758       7.79          3  0.000e+00
      17428    726.125     80.166     80.784     9.4701     9.4682  36.623464  36.622322     9.4612     9.4593    33.9631    33.9637    26.2319    26.2327     2.6978     2.8214     82.151     85.917     1.0940     1.0867     0.0464     0.1350     3.3834     0.1148     0.0611 -122.99652   37.65758       7.77          3  0.000e+00
      17429    726.167     80.166     80.784     9.4698     9.4681  36.623336  36.622322     9.4609     9.4592    33.9632    33.9638    26.2320    26.2327     2.6978     2.8214     82.152     85.918     1.0940     1.0867     0.0476     0.1655     3.3834     0.1184     0.0635 -122.99652   37.65758       7.79          3  0.000e+00
      17430    726.208     80.166     80.784     9.4699     9.4682  36.623464  36.622322     9.4611     9.4593    33.9632    33.9637    26.2320    26.2327     2.6978     2.8214     82.152     85.917     1.0940     1.0867     0.0476     0.1655     3.3834     0.1184     0.0623 -122.99652   37.65758       7.81          3  0.000e+00
      17431    726.250     80.166     80.784     9.4699     9.4684  36.623336  36.622514     9.4611     9.4596    33.9631    33.9637    26.2319    26.2326     2.6978     2.8214     82.152     85.917     1.0940     1.0867     0.0464     0.1350     3.3834     0.1172     0.0611 -122.99652   37.65758       7.81          3  0.000e+00
      17432    726.292     80.113     80.731     9.4696     9.4686  36.623208  36.622641     9.4607     9.4598    33.9633    33.9637    26.2321    26.2326     2.6978     2.8214     82.152     85.916     1.0940     1.0867     0.0452     0.1044     3.3858     0.1160     0.0611 -122.99652   37.65758       7.81          3  0.000e+00
      17433    726.333     80.113     80.731     9.4692     9.4687  36.622760  36.622833     9.4603     9.4598    33.9633    33.9638    26.2322    26.2327     2.7032     2.8155     82.318     85.736     1.0952     1.0855     0.0464     0.1350     3.3834     0.1148     0.0611 -122.99652   37.65758       7.81          3  0.000e+00
      17434    726.375     80.113     80.731     9.4686     9.4688  36.622312  36.622705     9.4598     9.4599    33.9633    33.9636    26.2323    26.2325     2.7033     2.8214     82.319     85.916     1.0952     1.0867     0.0464     0.1350     3.3846     0.1123     0.0586 -122.99652   37.65758       7.81          3  0.000e+00
