WCOA/WCOA-6/CTD_Data/RB2102_CTD_057_01.ros
* Sea-Bird SBE 9 Data File:
* FileName = C:\Users\scs.user.rb\CTD\RB2102\Data\RB2102_CTD_057_01.hex
* Software Version Seasave V 7.26.7.107
* Temperature SN = 6202
* Conductivity SN = 4907
* Number of Bytes Per Scan = 41
* Number of Voltage Words = 4
* Number of Scans Averaged by the Deck Unit = 1
* NMEA Latitude = 43 59.97 N
* NMEA Longitude = 124 23.56 W
* NMEA UTC (Time) = Jul 05 2021  11:20:20
* NMEA baud rate = 4800
# nquan = 30
# nvalues = 686                                   
# units = specified
# name 0 = scan: Scan Count
# name 1 = timeS: Time, Elapsed [seconds]
# name 2 = depSM: Depth [salt water, m]
# name 3 = prDM: Pressure, Digiquartz [db]
# name 4 = t090C: Temperature [ITS-90, deg C]
# name 5 = t190C: Temperature, 2 [ITS-90, deg C]
# name 6 = c0mS/cm: Conductivity [mS/cm]
# name 7 = c1mS/cm: Conductivity, 2 [mS/cm]
# name 8 = potemp090C: Potential Temperature [ITS-90, deg C]
# name 9 = potemp190C: Potential Temperature, 2 [ITS-90, deg C]
# name 10 = sal00: Salinity, Practical [PSU]
# name 11 = sal11: Salinity, Practical, 2 [PSU]
# name 12 = sigma-é00: Density [sigma-theta, kg/m^3]
# name 13 = sigma-é11: Density, 2 [sigma-theta, kg/m^3]
# name 14 = sbeox0Mg/L: Oxygen, SBE 43 [mg/l]
# name 15 = sbeox1Mg/L: Oxygen, SBE 43, 2 [mg/l]
# name 16 = sbox0Mm/Kg: Oxygen, SBE 43 [umol/kg]
# name 17 = sbox1Mm/Kg: Oxygen, SBE 43, 2 [umol/kg]
# name 18 = sbeox0V: Oxygen raw, SBE 43 [V]
# name 19 = sbeox1V: Oxygen raw, SBE 43, 2 [V]
# name 20 = v4: Voltage 4
# name 21 = flECO-AFL: Fluorescence, WET Labs ECO-AFL/FL [mg/m^3]
# name 22 = v3: Voltage 3
# name 23 = v6: Voltage 6
# name 24 = v7: Voltage 7
# name 25 = longitude: Longitude [deg]
# name 26 = latitude: Latitude [deg]
# name 27 = altM: Altimeter [m]
# name 28 = nbf: Bottles Fired
# name 29 = flag:  0.000e+00
# interval = seconds: 0.0416667
# start_time = Jul 05 2021 11:20:20 [NMEA time, header]
# bad_flag = -9.990e-29
*END*
[from data line 581]
      58421   2434.167      3.734      3.764    12.3560    12.3739  37.838481  37.841517    12.3555    12.3734    32.5856    32.5729    24.6475    24.6343     8.1462     9.2078    248.449    280.828     2.4444     2.5409     0.2405     4.9884     3.2332     0.0000     0.0195 -124.39418   43.99932      99.51         12  0.000e+00
      58422   2434.208      3.734      3.764    12.3564    12.3753  37.838351  37.843331    12.3559    12.3748    32.5851    32.5735    24.6471    24.6345     8.1411     9.2074    248.293    280.819     2.4432     2.5409     0.2405     4.9884     3.2332     0.0000     0.0195 -124.39418   43.99932      99.54         12  0.000e+00
      58423   2434.250      3.734      3.764    12.3563    12.3770  37.838870  37.844303    12.3559    12.3765    32.5857    32.5730    24.6475    24.6337     8.1360     9.2071    248.137    280.809     2.4420     2.5409     0.2405     4.9884     3.2332     0.0000     0.0195 -124.39418   43.99932      99.54         12  0.000e+00
      58424   2434.292      3.734      3.764    12.3562    12.3781  37.838740  37.845276    12.3557    12.3776    32.5857    32.5729    24.6475    24.6335     8.1360     9.2069    248.138    280.802     2.4420     2.5409     0.2405     4.9884     3.2344     0.0000     0.0195 -124.39418   43.99932      99.51         12  0.000e+00
      58425   2434.333      3.780      3.811    12.3565    12.3786  37.838935  37.845276    12.3560    12.3781    32.5856    32.5724    24.6474    24.6330     8.1309     9.2069    247.983    280.801     2.4408     2.5409     0.2418     5.0190     3.2320     0.0000     0.0183 -124.39418   43.99932      99.51         12  0.000e+00
      58426   2434.375      3.780      3.811    12.3566    12.3789  37.839064  37.845470    12.3561    12.3784    32.5856    32.5724    24.6474    24.6329     8.1309     9.2068    247.983    280.800     2.4408     2.5409     0.2393     4.9579     3.2332     0.0000     0.0171 -124.39418   43.99932      99.54         12  0.000e+00
      58427   2434.417      3.846      3.878    12.3567    12.3789  37.839000  37.845276    12.3562    12.3784    32.5855    32.5721    24.6473    24.6327     8.1310     9.2014    247.984    280.634     2.4408     2.5397     0.2308     4.7442     3.2332     0.0000     0.0171 -124.39418   43.99932      99.51         12  0.000e+00
      58446   2435.208      4.025      4.058    12.3577    12.3798  37.841789  37.845860    12.3571    12.3792    32.5872    32.5719    24.6484    24.6324     8.1411     9.2014    248.292    280.636     2.4432     2.5397     0.2295     4.7137     3.2320     0.0000     0.0171 -124.39418   43.99930      99.51         13  0.000e+00
      58447   2435.250      4.072      4.105    12.3577    12.3798  37.841724  37.846378    12.3572    12.3792    32.5871    32.5724    24.6483    24.6328     8.1360     9.2014    248.138    280.636     2.4420     2.5397     0.2295     4.7137     3.2320     0.0000     0.0171 -124.39418   43.99930      99.51         13  0.000e+00
      58448   2435.292      4.091      4.125    12.3575    12.3799  37.842438  37.846249    12.3570    12.3794    32.5879    32.5721    24.6491    24.6325     8.1411     9.2014    248.293    280.637     2.4432     2.5397     0.2295     4.7137     3.2332     0.0000     0.0171 -124.39418   43.99930      99.54         13  0.000e+00
      58449   2435.333      4.072      4.105    12.3577    12.3799  37.842438  37.846184    12.3572    12.3794    32.5878    32.5720    24.6489    24.6325     8.1411     9.2014    248.292    280.636     2.4432     2.5397     0.2295     4.7137     3.2320     0.0000     0.0171 -124.39418   43.99930      99.51         13  0.000e+00
      58450   2435.375      4.072      4.105    12.3575    12.3801  37.842114  37.846378    12.3570    12.3796    32.5876    32.5721    24.6488    24.6325     8.1462     9.2014    248.448    280.635     2.4444     2.5397     0.2295     4.7137     3.2320     0.0000     0.0171 -124.39418   43.99930      99.51         13  0.000e+00
      58451   2435.417      4.072      4.105    12.3578    12.3803  37.842243  37.846508    12.3573    12.3797    32.5875    32.5721    24.6486    24.6324     8.1461     9.2014    248.447    280.634     2.4444     2.5397     0.2295     4.7137     3.2320     0.0000     0.0171 -124.39418   43.99930      99.51         13  0.000e+00
      58452   2435.458      4.072      4.105    12.3577    12.3804  37.842568  37.846702    12.3572    12.3799    32.5879    32.5721    24.6490    24.6324     8.1512     9.2068    248.602    280.801     2.4457     2.5409     0.2295     4.7137     3.2332     0.0000     0.0171 -124.39418   43.99930      99.54         13  0.000e+00
      58453   2435.500      4.072      4.105    12.3577    12.3803  37.842697  37.846573    12.3571    12.3797    32.5880    32.5721    24.6491    24.6325     8.1512     9.2069    248.601    280.802     2.4457     2.5409     0.2320     4.7748     3.2320     0.0000     0.0171 -124.39418   43.99930      99.51         13  0.000e+00
      58454   2435.542      4.072      4.105    12.3579    12.3801  37.842957  37.846054    12.3574    12.3796    32.5881    32.5718    24.6491    24.6322     8.1512     9.2069    248.600    280.804     2.4457     2.5409     0.2332     4.8053     3.2320     0.0000     0.0171 -124.39418   43.99930      99.51         13  0.000e+00
      58455   2435.583      4.072      4.105    12.3578    12.3798  37.842762  37.845860    12.3573    12.3792    32.5880    32.5719    24.6490    24.6324     8.1563     9.2070    248.756    280.806     2.4469     2.5409     0.2332     4.8053     3.2320     0.0000     0.0171 -124.39418   43.99930      99.51         13  0.000e+00
      58456   2435.625      4.072      4.105    12.3581    12.3801  37.842957  37.846054    12.3575    12.3796    32.5879    32.5718    24.6490    24.6322     8.1562     9.2069    248.755    280.804     2.4469     2.5409     0.2332     4.8053     3.2320     0.0000     0.0171 -124.39418   43.99930      99.54         13  0.000e+00
      58457   2435.667      4.072      4.105    12.3578    12.3799  37.843475  37.845925    12.3573    12.3794    32.5886    32.5718    24.6495    24.6323     8.1613     9.2070    248.909    280.805     2.4481     2.5409     0.2320     4.7748     3.2320     0.0000     0.0171 -124.39418   43.99930      99.54         13  0.000e+00
      58458   2435.708      4.092      4.125    12.3580    12.3801  37.843476  37.846054    12.3575    12.3796    32.5885    32.5718    24.6494    24.6322     8.1562     9.2070    248.754    280.805     2.4469     2.5409     0.2320     4.7748     3.2332     0.0000     0.0183 -124.39418   43.99930      99.54         13  0.000e+00
      58459   2435.750      4.025      4.058    12.3579    12.3799  37.843151  37.846184    12.3574    12.3794    32.5883    32.5720    24.6493    24.6325     8.1562     9.2069    248.753    280.803     2.4469     2.5409     0.2320     4.7748     3.2332     0.0000     0.0183 -124.39418   43.99930      99.54         13  0.000e+00
      58460   2435.792      4.072      4.105    12.3580    12.3801  37.843281  37.845925    12.3575    12.3796    32.5883    32.5717    24.6492    24.6321     8.1562     9.2069    248.754    280.804     2.4469     2.5409     0.2320     4.7748     3.2332     0.0000     0.0183 -124.39418   43.99932      99.51         13  0.000e+00
      58461   2435.833      4.025      4.058    12.3581    12.3798  37.843605  37.846119    12.3575    12.3792    32.5886    32.5721    24.6494    24.6326     8.1612     9.2069    248.907    280.804     2.4481     2.5409     0.2320     4.7748     3.2332     0.0000     0.0183 -124.39418   43.99932      99.51         13  0.000e+00
      58462   2435.875      4.072      4.105    12.3580    12.3798  37.843411  37.845925    12.3575    12.3792    32.5884    32.5719    24.6493    24.6324     8.1613     9.2125    248.909    280.974     2.4481     2.5421     0.2320     4.7748     3.2332     0.0000     0.0183 -124.39418   43.99932      99.51         13  0.000e+00
      58463   2435.917      4.072      4.105    12.3582    12.3796  37.843151  37.845601    12.3577    12.3791    32.5880    32.5718    24.6490    24.6323     8.1613     9.2126    248.909    280.975     2.4481     2.5421     0.2320     4.7748     3.2320     0.0000     0.0183 -124.39418   43.99932      99.51         13  0.000e+00
      58464   2435.958      4.025      4.058    12.3582    12.3796  37.843475  37.845730    12.3576    12.3791    32.5884    32.5719    24.6493    24.6324     8.1612     9.2125    248.907    280.973     2.4481     2.5421     0.2320     4.7748     3.2332     0.0000     0.0195 -124.39418   43.99932      99.54         13  0.000e+00
      58465   2436.000      4.025      4.058    12.3582    12.3798  37.843929  37.845860    12.3577    12.3792    32.5888    32.5719    24.6496    24.6324     8.1612     9.2125    248.906    280.972     2.4481     2.5421     0.2320     4.7748     3.2332     0.0000     0.0195 -124.39418   43.99932      99.54         13  0.000e+00
      58466   2436.042      4.025      4.058    12.3583    12.3796  37.843800  37.845341    12.3578    12.3791    32.5885    32.5716    24.6494    24.6321     8.1612     9.2125    248.906    280.974     2.4481     2.5421     0.2332     4.8053     3.2332     0.0000     0.0195 -124.39418   43.99932      99.51         13  0.000e+00
      58467   2436.083      4.025      4.058    12.3580    12.3793  37.843929  37.845406    12.3575    12.3788    32.5889    32.5719    24.6497    24.6325     8.1612     9.2126    248.907    280.975     2.4481     2.5421     0.2320     4.7748     3.2332     0.0000     0.0195 -124.39418   43.99932      99.51         13  0.000e+00
      58468   2436.125      3.992      4.025    12.3582    12.3795  37.844253  37.845795    12.3577    12.3789    32.5891    32.5721    24.6498    24.6326     8.1612     9.2125    248.904    280.973     2.4481     2.5421     0.2332     4.8053     3.2332     0.0000     0.0195 -124.39418   43.99932      99.54         13  0.000e+00
      58469   2436.167      4.026      4.058    12.3583    12.3793  37.843605  37.845860    12.3578    12.3788    32.5884    32.5723    24.6492    24.6328     8.1612     9.2125    248.906    280.975     2.4481     2.5421     0.2332     4.8053     3.2320     0.0000     0.0195 -124.39418   43.99932      99.51         13  0.000e+00
      58470   2436.208      4.026      4.058    12.3582    12.3793  37.843864  37.845601    12.3577    12.3788    32.5887    32.5721    24.6495    24.6326     8.1561     9.2181    248.751    281.143     2.4469     2.5433     0.2320     4.7748     3.2332     0.0000     0.0195 -124.39418   43.99932      99.54         13  0.000e+00
      58471   2436.250      3.979      4.011    12.3583    12.3793  37.844253  37.845536    12.3578    12.3788    32.5890    32.5720    24.6497    24.6326     8.1560     9.2180    248.748    281.142     2.4469     2.5433     0.2320     4.7748     3.2332     0.0000     0.0195 -124.39418   43.99932      99.54         13  0.000e+00
      58472   2436.292      3.979      4.011    12.3586    12.3789  37.844124  37.845276    12.3580    12.3784    32.5887    32.5721    24.6494    24.6327     8.1560     9.2181    248.748    281.144     2.4469     2.5433     0.2332     4.8053     3.2332     0.0000     0.0195 -124.39418   43.99932      99.54         13  0.000e+00
      58473   2436.333      4.026      4.058    12.3585    12.3788  37.844254  37.845212    12.3580    12.3783    32.5888    32.5721    24.6495    24.6327     8.1561     9.2182    248.749    281.146     2.4469     2.5433     0.2320     4.7748     3.2320     0.0000     0.0195 -124.39418   43.99932      99.51         13  0.000e+00
      58474   2436.375      3.926      3.958    12.3586    12.3789  37.843799  37.844628    12.3580    12.3784    32.5884    32.5715    24.6492    24.6322     8.1509     9.2181    248.592    281.143     2.4457     2.5433     0.2332     4.8053     3.2320     0.0000     0.0195 -124.39418   43.99932      99.54         13  0.000e+00
      58475   2436.417      4.026      4.058    12.3585    12.3789  37.844189  37.844823    12.3580    12.3784    32.5888    32.5716    24.6495    24.6323     8.1561     9.2182    248.749    281.146     2.4469     2.5433     0.2332     4.8053     3.2320     0.0000     0.0195 -124.39418   43.99932      99.51         13  0.000e+00
      58476   2436.458      3.979      4.011    12.3587    12.3788  37.844578  37.844823    12.3582    12.3783    32.5890    32.5718    24.6497    24.6325     8.1509     9.2181    248.591    281.145     2.4457     2.5433     0.2332     4.8053     3.2320     0.0000     0.0195 -124.39418   43.99932      99.54         13  0.000e+00
      58477   2436.500      3.926      3.958    12.3586    12.3782  37.844448  37.844304    12.3580    12.3777    32.5890    32.5718    24.6497    24.6326     8.1458     9.2182    248.436    281.147     2.4444     2.5433     0.2320     4.7748     3.2332     0.0000     0.0195 -124.39418   43.99932      99.51         13  0.000e+00
      58478   2436.542      3.993      4.025    12.3587    12.3778  37.844578  37.844175    12.3582    12.3772    32.5890    32.5720    24.6496    24.6329     8.1458     9.2183    248.437    281.152     2.4444     2.5433     0.2332     4.8053     3.2332     0.0000     0.0195 -124.39418   43.99932      99.51         13  0.000e+00
      58479   2436.583      3.979      4.012    12.3587    12.3774  37.843929  37.844175    12.3582    12.3769    32.5883    32.5723    24.6491    24.6331     8.1458     9.2184    248.437    281.153     2.4444     2.5433     0.2357     4.8663     3.2332     0.0000     0.0195 -124.39418   43.99932      99.51         13  0.000e+00
      58480   2436.625      3.979      4.012    12.3587    12.3773  37.844448  37.844175    12.3582    12.3767    32.5889    32.5725    24.6496    24.6333     8.1458     9.2184    248.437    281.154     2.4444     2.5433     0.2381     4.9274     3.2320     0.0000     0.0195 -124.39418   43.99932      99.51         13  0.000e+00
      58481   2436.667      3.979      4.012    12.3590    12.3773  37.844188  37.844369    12.3585    12.3767    32.5883    32.5727    24.6491    24.6334     8.1407     9.2184    248.281    281.153     2.4432     2.5433     0.2393     4.9579     3.2320     0.0000     0.0195 -124.39418   43.99932      99.51         13  0.000e+00
      58482   2436.708      3.926      3.958    12.3585    12.3774  37.844513  37.844563    12.3580    12.3769    32.5891    32.5727    24.6498    24.6335     8.1407     9.2183    248.281    281.150     2.4432     2.5433     0.2381     4.9274     3.2332     0.0000     0.0195 -124.39418   43.99932      99.51         13  0.000e+00
      58483   2436.750      3.979      4.012    12.3588    12.3778  37.844188  37.844499    12.3583    12.3772    32.5885    32.5724    24.6492    24.6331     8.1407     9.2183    248.282    281.151     2.4432     2.5433     0.2381     4.9274     3.2332     0.0000     0.0195 -124.39418   43.99932      99.51         13  0.000e+00
      58484   2436.792      3.979      4.012    12.3589    12.3778  37.844253  37.844499    12.3583    12.3772    32.5885    32.5724    24.6493    24.6331     8.1407     9.2183    248.281    281.151     2.4432     2.5433     0.2381     4.9274     3.2320     0.0000     0.0195 -124.39418   43.99930      86.94         13  0.000e+00
      58485   2436.833      3.979      4.012    12.3588    12.3781  37.844383  37.844499    12.3583    12.3776    32.5887    32.5720    24.6494    24.6328     8.1407     9.2183    248.281    281.149     2.4432     2.5433     0.2381     4.9274     3.2308     0.0000     0.0195 -124.39418   43.99930      40.51         13  0.000e+00
