WCOA/WCOA-6/CTD_Data/RB2102_CTD_011_01.ros
* Sea-Bird SBE 9 Data File:
* FileName = C:\Users\scs.user.rb\CTD\RB2102\Data\RB2102_CTD_011_01.hex
* Software Version Seasave V 7.26.7.107
* Temperature SN = 6202
* Conductivity SN = 4907
* Number of Bytes Per Scan = 41
* Number of Voltage Words = 4
* Number of Scans Averaged by the Deck Unit = 1
* NMEA Latitude = 48 39.44 N
* NMEA Longitude = 125 46.92 W
* NMEA UTC (Time) = Jun 27 2021  23:13:02
* NMEA baud rate = 4800
# nquan = 30
# nvalues = 441                                   
# units = specified
# name 0 = scan: Scan Count
# name 1 = timeS: Time, Elapsed [seconds]
# name 2 = depSM: Depth [salt water, m]
# name 3 = prDM: Pressure, Digiquartz [db]
# name 4 = t090C: Temperature [ITS-90, deg C]
# name 5 = t190C: Temperature, 2 [ITS-90, deg C]
# name 6 = c0mS/cm: Conductivity [mS/cm]
# name 7 = c1mS/cm: Conductivity, 2 [mS/cm]
# name 8 = potemp090C: Potential Temperature [ITS-90, deg C]
# name 9 = potemp190C: Potential Temperature, 2 [ITS-90, deg C]
# name 10 = sal00: Salinity, Practical [PSU]
# name 11 = sal11: Salinity, Practical, 2 [PSU]
# name 12 = sigma-é00: Density [sigma-theta, kg/m^3]
# name 13 = sigma-é11: Density, 2 [sigma-theta, kg/m^3]
# name 14 = sbeox0Mg/L: Oxygen, SBE 43 [mg/l]
# name 15 = sbeox1Mg/L: Oxygen, SBE 43, 2 [mg/l]
# name 16 = sbox0Mm/Kg: Oxygen, SBE 43 [umol/kg]
# name 17 = sbox1Mm/Kg: Oxygen, SBE 43, 2 [umol/kg]
# name 18 = sbeox0V: Oxygen raw, SBE 43 [V]
# name 19 = sbeox1V: Oxygen raw, SBE 43, 2 [V]
# name 20 = v4: Voltage 4
# name 21 = flECO-AFL: Fluorescence, WET Labs ECO-AFL/FL [mg/m^3]
# name 22 = v3: Voltage 3
# name 23 = v6: Voltage 6
# name 24 = v7: Voltage 7
# name 25 = longitude: Longitude [deg]
# name 26 = latitude: Latitude [deg]
# name 27 = altM: Altimeter [m]
# name 28 = nbf: Bottles Fired
# name 29 = flag:  0.000e+00
# interval = seconds: 0.0416667
# start_time = Jun 27 2021 23:13:02 [NMEA time, header]
# bad_flag = -9.990e-29
*END*
[from data line 49]
      13472    561.292     56.688     57.179     8.3356     8.3333  34.576077  34.574377     8.3299     8.3276    32.9038    32.9042    25.5793    25.5799     4.2519     4.1985    129.559    127.934     1.4151     1.3443     0.0452     0.1044     3.1807     1.5067     0.0000 -125.78206   48.65772      10.11          2  0.000e+00
      13473    561.333     56.715     57.206     8.3355     8.3333  34.575701  34.574502     8.3298     8.3276    32.9036    32.9043    25.5791    25.5800     4.2519     4.2047    129.560    128.120     1.4151     1.3455     0.0452     0.1044     3.1807     1.5067     0.0000 -125.78206   48.65772      10.11          2  0.000e+00
      13474    561.375     56.668     57.159     8.3355     8.3335  34.576327  34.574564     8.3298     8.3278    32.9042    32.9042    25.5796    25.5799     4.2519     4.2046    129.559    128.119     1.4151     1.3455     0.0452     0.1044     3.1807     1.5067     0.0000 -125.78206   48.65772      10.11          2  0.000e+00
      13475    561.417     56.642     57.133     8.3358     8.3333  34.576264  34.574064     8.3301     8.3276    32.9039    32.9039    25.5793    25.5797     4.2518     4.2046    129.558    128.119     1.4151     1.3455     0.0452     0.1044     3.1807     1.5067     0.0000 -125.78206   48.65772      10.11          2  0.000e+00
      13476    561.458     56.668     57.159     8.3356     8.3335  34.575952  34.574314     8.3299     8.3278    32.9037    32.9039    25.5792    25.5797     4.2519     4.2046    129.559    128.119     1.4151     1.3455     0.0452     0.1044     3.1807     1.5067     0.0000 -125.78206   48.65772      10.11          2  0.000e+00
      13477    561.500     56.642     57.133     8.3358     8.3335  34.575889  34.575127     8.3301     8.3278    32.9035    32.9048    25.5790    25.5804     4.2518     4.2046    129.558    128.118     1.4151     1.3455     0.0452     0.1044     3.1795     1.5067     0.0000 -125.78206   48.65772      10.13          2  0.000e+00
      13478    561.542     56.715     57.206     8.3356     8.3335  34.576140  34.574690     8.3299     8.3278    32.9039    32.9043    25.5793    25.5800     4.2519     4.2046    129.559    128.119     1.4151     1.3455     0.0452     0.1044     3.1807     1.5067     0.0000 -125.78206   48.65772      10.16          2  0.000e+00
      13479    561.583     56.668     57.159     8.3356     8.3335  34.575952  34.574126     8.3299     8.3278    32.9037    32.9038    25.5792    25.5796     4.2519     4.2046    129.559    128.119     1.4151     1.3455     0.0452     0.1044     3.1819     1.5067     0.0000 -125.78206   48.65772      10.16          2  0.000e+00
      13480    561.625     56.642     57.133     8.3356     8.3335  34.576327  34.574377     8.3299     8.3278    32.9041    32.9040    25.5795    25.5797     4.2518     4.2046    129.558    128.118     1.4151     1.3455     0.0452     0.1044     3.1819     1.5067     0.0000 -125.78206   48.65772      10.16          2  0.000e+00
      13481    561.667     56.668     57.159     8.3358     8.3335  34.576014  34.574689     8.3301     8.3278    32.9036    32.9043    25.5791    25.5800     4.2519     4.2046    129.558    128.119     1.4151     1.3455     0.0452     0.1044     3.1819     1.5067     0.0000 -125.78206   48.65772      10.16          2  0.000e+00
      13482    561.708     56.642     57.133     8.3358     8.3336  34.575701  34.575002     8.3301     8.3279    32.9033    32.9046    25.5788    25.5802     4.2518     4.2046    129.558    128.118     1.4151     1.3455     0.0452     0.1044     3.1795     1.5067     0.0000 -125.78206   48.65772      10.16          2  0.000e+00
      13483    561.750     56.668     57.159     8.3353     8.3338  34.575576  34.574689     8.3296     8.3281    32.9036    32.9041    25.5792    25.5797     4.2575     4.1985    129.730    127.932     1.4164     1.3443     0.0452     0.1044     3.1807     1.5067     0.0000 -125.78206   48.65772      10.11          2  0.000e+00
      13484    561.792     56.642     57.133     8.3348     8.3340  34.575576  34.574502     8.3291     8.3283    32.9041    32.9037    25.5796    25.5794     4.2575     4.2046    129.731    128.117     1.4164     1.3455     0.0464     0.1350     3.1807     1.5067     0.0000 -125.78206   48.65772      10.11          2  0.000e+00
      13485    561.833     56.668     57.159     8.3345     8.3338  34.574888  34.574689     8.3288     8.3281    32.9036    32.9041    25.5793    25.5797     4.2520     4.2046    129.562    128.118     1.4151     1.3455     0.0464     0.1350     3.1807     1.5067     0.0000 -125.78206   48.65772      10.09          2  0.000e+00
      13486    561.875     56.668     57.159     8.3340     8.3340  34.575138  34.575190     8.3283     8.3283    32.9043    32.9044    25.5799    25.5800     4.2576     4.2046    129.733    128.117     1.4164     1.3455     0.0464     0.1350     3.1795     1.5067     0.0000 -125.78206   48.65772      10.09          2  0.000e+00
      13487    561.917     56.688     57.179     8.3340     8.3340  34.575076  34.575127     8.3283     8.3283    32.9043    32.9043    25.5799    25.5799     4.2576     4.2046    129.734    128.117     1.4164     1.3455     0.0464     0.1350     3.1795     1.5067     0.0000 -125.78206   48.65772      10.11          2  0.000e+00
      13488    561.958     56.615     57.106     8.3337     8.3337  34.575201  34.574689     8.3280     8.3280    32.9047    32.9042    25.5803    25.5799     4.2576     4.2046    129.733    128.117     1.4164     1.3455     0.0464     0.1350     3.1795     1.5067     0.0000 -125.78206   48.65772      10.11          2  0.000e+00
      13489    562.000     56.688     57.179     8.3335     8.3338  34.575076  34.574502     8.3278     8.3281    32.9048    32.9039    25.5803    25.5796     4.2577     4.2046    129.735    128.118     1.4164     1.3455     0.0464     0.1350     3.1795     1.5067     0.0000 -125.78206   48.65772      10.09          2  0.000e+00
      13490    562.042     56.615     57.106     8.3337     8.3340  34.574762  34.574689     8.3280     8.3283    32.9043    32.9039    25.5799    25.5796     4.2576     4.2045    129.734    128.117     1.4164     1.3455     0.0464     0.1350     3.1795     1.5067     0.0000 -125.78206   48.65772      10.09          2  0.000e+00
      13491    562.083     56.688     57.179     8.3337     8.3338  34.574700  34.575002     8.3280     8.3281    32.9042    32.9044    25.5798    25.5800     4.2577     4.2046    129.735    128.118     1.4164     1.3455     0.0464     0.1350     3.1807     1.5067     0.0000 -125.78206   48.65772      10.09          2  0.000e+00
      13492    562.125     56.668     57.159     8.3338     8.3338  34.574888  34.575065     8.3281     8.3281    32.9043    32.9045    25.5799    25.5801     4.2576     4.2046    129.734    128.117     1.4164     1.3455     0.0464     0.1350     3.1795     1.5067     0.0000 -125.78206   48.65772      10.09          2  0.000e+00
      13493    562.167     56.668     57.159     8.3335     8.3337  34.574763  34.574689     8.3278     8.3280    32.9044    32.9042    25.5801    25.5799     4.2577     4.2046    129.735    128.118     1.4164     1.3455     0.0464     0.1350     3.1807     1.5067     0.0000 -125.78206   48.65772      10.09          2  0.000e+00
      13494    562.208     56.642     57.132     8.3337     8.3338  34.574450  34.574502     8.3280     8.3281    32.9039    32.9039    25.5797    25.5796     4.2576     4.2046    129.734    128.118     1.4164     1.3455     0.0464     0.1350     3.1807     1.5067     0.0000 -125.78206   48.65772      10.09          2  0.000e+00
      13495    562.250     56.668     57.159     8.3335     8.3336  34.574575  34.574877     8.3278     8.3279    32.9042    32.9044    25.5799    25.5801     4.2577     4.2046    129.735    128.118     1.4164     1.3455     0.0464     0.1350     3.1807     1.5067     0.0000 -125.78206   48.65772      10.09          2  0.000e+00
      13496    562.292     56.688     57.179     8.3334     8.3338  34.574262  34.575252     8.3277     8.3281    32.9040    32.9047    25.5798    25.5802     4.2577     4.2046    129.736    128.118     1.4164     1.3455     0.0464     0.1350     3.1795     1.5067     0.0000 -125.78206   48.65772      10.09          2  0.000e+00
      13497    562.333     56.668     57.159     8.3337     8.3340  34.574512  34.574814     8.3280     8.3283    32.9040    32.9040    25.5797    25.5797     4.2576     4.2046    129.735    128.117     1.4164     1.3455     0.0464     0.1350     3.1795     1.5067     0.0000 -125.78206   48.65772      10.09          2  0.000e+00
      13498    562.375     56.642     57.132     8.3334     8.3340  34.573949  34.574502     8.3277     8.3283    32.9037    32.9037    25.5795    25.5794     4.2577     4.2046    129.736    128.117     1.4164     1.3455     0.0464     0.1350     3.1807     1.5067     0.0000 -125.78206   48.65772      10.09          2  0.000e+00
      13499    562.417     56.668     57.159     8.3332     8.3338  34.573949  34.574689     8.3275     8.3281    32.9039    32.9041    25.5797    25.5797     4.2577     4.2046    129.736    128.118     1.4164     1.3455     0.0464     0.1350     3.1807     1.5067     0.0000 -125.78206   48.65772      10.09          2  0.000e+00
      13500    562.458     56.668     57.159     8.3332     8.3340  34.574512  34.575002     8.3275     8.3283    32.9045    32.9042    25.5802    25.5798     4.2577     4.2046    129.736    128.117     1.4164     1.3455     0.0464     0.1350     3.1795     1.5067     0.0000 -125.78206   48.65772      10.09          2  0.000e+00
      13501    562.500     56.688     57.179     8.3332     8.3340  34.574450  34.575065     8.3275     8.3283    32.9044    32.9043    25.5801    25.5799     4.2577     4.2046    129.736    128.117     1.4164     1.3455     0.0464     0.1350     3.1807     1.5067     0.0000 -125.78206   48.65772      10.09          2  0.000e+00
      13502    562.542     56.668     57.159     8.3332     8.3343  34.574137  34.574939     8.3275     8.3286    32.9041    32.9039    25.5798    25.5795     4.2577     4.2045    129.736    128.117     1.4164     1.3455     0.0464     0.1350     3.1807     1.5067     0.0000 -125.78206   48.65772      10.11          2  0.000e+00
      13503    562.583     56.642     57.132     8.3334     8.3343  34.573824  34.574814     8.3277     8.3286    32.9036    32.9037    25.5794    25.5794     4.2577     4.2045    129.736    128.116     1.4164     1.3455     0.0464     0.1350     3.1807     1.5067     0.0000 -125.78206   48.65772      10.09          2  0.000e+00
      13504    562.625     56.714     57.206     8.3332     8.3341  34.573761  34.575002     8.3275     8.3284    32.9037    32.9041    25.5795    25.5797     4.2577     4.2046    129.737    128.118     1.4164     1.3455     0.0464     0.1350     3.1807     1.5067     0.0000 -125.78206   48.65772      10.11          2  0.000e+00
      13505    562.667     56.641     57.132     8.3332     8.3343  34.574012  34.575252     8.3275     8.3286    32.9040    32.9042    25.5797    25.5798     4.2577     4.2045    129.736    128.116     1.4164     1.3455     0.0464     0.1350     3.1795     1.5067     0.0000 -125.78206   48.65772      10.09          2  0.000e+00
      13506    562.708     56.714     57.206     8.3329     8.3343  34.574074  34.575002     8.3272     8.3286    32.9042    32.9039    25.5800    25.5795     4.2577     4.2046    129.738    128.117     1.4164     1.3455     0.0464     0.1350     3.1807     1.5067     0.0000 -125.78206   48.65772      10.11          2  0.000e+00
      13507    562.750     56.668     57.159     8.3332     8.3343  34.574074  34.574814     8.3275     8.3286    32.9040    32.9037    25.5798    25.5794     4.2577     4.2045    129.736    128.117     1.4164     1.3455     0.0464     0.1350     3.1807     1.5067     0.0000 -125.78206   48.65772      10.16          2  0.000e+00
      13508    562.792     56.688     57.179     8.3332     8.3343  34.574074  34.575002     8.3275     8.3286    32.9040    32.9039    25.5798    25.5795     4.2577     4.2045    129.737    128.117     1.4164     1.3455     0.0464     0.1350     3.1807     1.5067     0.0000 -125.78206   48.65772      10.18          2  0.000e+00
      13509    562.833     56.615     57.105     8.3335     8.3341  34.574074  34.575252     8.3278     8.3285    32.9037    32.9044    25.5795    25.5799     4.2521     4.2045    129.564    128.116     1.4151     1.3455     0.0452     0.1044     3.1807     1.5067     0.0000 -125.78206   48.65772      10.18          2  0.000e+00
      13510    562.875     56.741     57.232     8.3335     8.3341  34.574513  34.575127     8.3278     8.3284    32.9041    32.9042    25.5798    25.5798     4.2521     4.2046    129.566    128.118     1.4151     1.3455     0.0452     0.1044     3.1795     1.5079     0.0000 -125.78206   48.65772      10.18          2  0.000e+00
      13511    562.917     56.668     57.159     8.3335     8.3338  34.574450  34.574939     8.3278     8.3281    32.9041    32.9043    25.5798    25.5799     4.2521     4.2046    129.565    128.118     1.4151     1.3455     0.0452     0.1044     3.1795     1.5079     0.0000 -125.78206   48.65772      10.18          2  0.000e+00
      13512    562.958     56.688     57.179     8.3337     8.3341  34.574137  34.574814     8.3280     8.3284    32.9036    32.9039    25.5794    25.5795     4.2521     4.2046    129.565    128.117     1.4151     1.3455     0.0452     0.1044     3.1795     1.5079     0.0000 -125.78206   48.65772      10.16          2  0.000e+00
      13513    563.000     56.668     57.159     8.3335     8.3338  34.574262  34.574814     8.3278     8.3281    32.9039    32.9042    25.5797    25.5798     4.2521     4.2046    129.565    128.118     1.4151     1.3455     0.0452     0.1044     3.1807     1.5079     0.0000 -125.78206   48.65772      10.11          2  0.000e+00
      13514    563.042     56.668     57.159     8.3335     8.3340  34.574137  34.574814     8.3278     8.3283    32.9038    32.9040    25.5796    25.5797     4.2521     4.2046    129.565    128.117     1.4151     1.3455     0.0452     0.1044     3.1795     1.5079     0.0000 -125.78206   48.65772      10.06          2  0.000e+00
      13515    563.083     56.688     57.179     8.3335     8.3340  34.574262  34.574814     8.3278     8.3283    32.9039    32.9040    25.5796    25.5797     4.2521     4.2046    129.565    128.118     1.4151     1.3455     0.0452     0.1044     3.1807     1.5079     0.0000 -125.78206   48.65772      10.06          2  0.000e+00
      13516    563.125     56.714     57.205     8.3335     8.3338  34.574575  34.574877     8.3278     8.3281    32.9042    32.9042    25.5799    25.5799     4.2521     4.2046    129.565    128.118     1.4151     1.3455     0.0452     0.1044     3.1807     1.5079     0.0000 -125.78206   48.65772      10.06          2  0.000e+00
      13517    563.167     56.688     57.179     8.3337     8.3338  34.573949  34.575002     8.3280     8.3281    32.9034    32.9044    25.5792    25.5800     4.2521     4.2046    129.565    128.118     1.4151     1.3455     0.0452     0.1044     3.1807     1.5079     0.0000 -125.78206   48.65772      10.06          2  0.000e+00
      13518    563.208     56.668     57.159     8.3335     8.3338  34.574199  34.574877     8.3278     8.3281    32.9038    32.9043    25.5796    25.5799     4.2521     4.2046    129.565    128.118     1.4151     1.3455     0.0452     0.1044     3.1795     1.5079     0.0000 -125.78206   48.65772      10.06          2  0.000e+00
