WCOA/WCOA-6/CTD_Data/RB2102_CTD_075_01.ros
* Sea-Bird SBE 9 Data File:
* FileName = C:\Users\scs.user.rb\CTD\RB2102\Data\RB2102_CTD_075_01.hex
* Software Version Seasave V 7.26.7.107
* Temperature SN = 6202
* Conductivity SN = 4907
* Number of Bytes Per Scan = 41
* Number of Voltage Words = 4
* Number of Scans Averaged by the Deck Unit = 1
* NMEA Latitude = 40 12.19 N
* NMEA Longitude = 124 29.26 W
* NMEA UTC (Time) = Jul 09 2021  14:04:43
* NMEA baud rate = 4800
# nquan = 30
# nvalues = 863                                   
# units = specified
# name 0 = scan: Scan Count
# name 1 = timeS: Time, Elapsed [seconds]
# name 2 = depSM: Depth [salt water, m]
# name 3 = prDM: Pressure, Digiquartz [db]
# name 4 = t090C: Temperature [ITS-90, deg C]
# name 5 = t190C: Temperature, 2 [ITS-90, deg C]
# name 6 = c0mS/cm: Conductivity [mS/cm]
# name 7 = c1mS/cm: Conductivity, 2 [mS/cm]
# name 8 = potemp090C: Potential Temperature [ITS-90, deg C]
# name 9 = potemp190C: Potential Temperature, 2 [ITS-90, deg C]
# name 10 = sal00: Salinity, Practical [PSU]
# name 11 = sal11: Salinity, Practical, 2 [PSU]
# name 12 = sigma-é00: Density [sigma-theta, kg/m^3]
# name 13 = sigma-é11: Density, 2 [sigma-theta, kg/m^3]
# name 14 = sbeox0Mg/L: Oxygen, SBE 43 [mg/l]
# name 15 = sbeox1Mg/L: Oxygen, SBE 43, 2 [mg/l]
# name 16 = sbox0Mm/Kg: Oxygen, SBE 43 [umol/kg]
# name 17 = sbox1Mm/Kg: Oxygen, SBE 43, 2 [umol/kg]
# name 18 = sbeox0V: Oxygen raw, SBE 43 [V]
# name 19 = sbeox1V: Oxygen raw, SBE 43, 2 [V]
# name 20 = v4: Voltage 4
# name 21 = flECO-AFL: Fluorescence, WET Labs ECO-AFL/FL [mg/m^3]
# name 22 = v3: Voltage 3
# name 23 = v6: Voltage 6
# name 24 = v7: Voltage 7
# name 25 = longitude: Longitude [deg]
# name 26 = latitude: Latitude [deg]
# name 27 = altM: Altimeter [m]
# name 28 = nbf: Bottles Fired
# name 29 = flag:  0.000e+00
# interval = seconds: 0.0416667
# start_time = Jul 09 2021 14:04:43 [NMEA time, header]
# bad_flag = -9.990e-29
*END*
[from data line 97]
      32961   1373.333    310.568    313.209     7.2538     7.2615  34.867755  34.874119     7.2240     7.2317    34.1346    34.1339    26.7060    26.7044     1.4140     1.4860     43.039     45.230     0.7802     0.7863     0.0415     0.0129     3.2283     0.0073     0.0000 -124.49168   40.20266      11.60          2  0.000e+00
      40509   1687.833    199.015    200.653     8.2748     8.2753  35.655970  35.656573     8.2543     8.2548    34.0391    34.0393    26.4811    26.4812     2.7309     2.8245     83.141     85.989     1.0757     1.0623     0.0427     0.0434     3.2259     0.0024     0.0000 -124.49226   40.20260      99.78          3  0.000e+00
      40510   1687.875    199.095    200.733     8.2748     8.2753  35.655781  35.656573     8.2543     8.2549    34.0389    34.0392    26.4810    26.4811     2.7309     2.8245     83.142     85.990     1.0757     1.0623     0.0427     0.0434     3.2259     0.0012     0.0000 -124.49226   40.20260      99.78          3  0.000e+00
      40511   1687.917    199.068    200.706     8.2748     8.2753  35.656161  35.656383     8.2543     8.2548    34.0393    34.0390    26.4813    26.4810     2.7366     2.8245     83.314     85.990     1.0769     1.0623     0.0427     0.0434     3.2247     0.0024     0.0000 -124.49226   40.20260      99.78          3  0.000e+00
      40512   1687.958    199.015    200.653     8.2748     8.2755  35.655844  35.656510     8.2543     8.2550    34.0390    34.0390    26.4810    26.4810     2.7309     2.8245     83.141     85.989     1.0757     1.0623     0.0427     0.0434     3.2247     0.0012     0.0000 -124.49226   40.20260      99.78          3  0.000e+00
      40513   1688.000    199.168    200.807     8.2746     8.2753  35.655907  35.656574     8.2542     8.2548    34.0391    34.0392    26.4812    26.4811     2.7310     2.8245     83.143     85.991     1.0757     1.0623     0.0427     0.0434     3.2247     0.0012     0.0000 -124.49226   40.20260      99.78          3  0.000e+00
      40514   1688.042    199.068    200.706     8.2746     8.2755  35.656034  35.656637     8.2542     8.2550    34.0393    34.0391    26.4813    26.4811     2.7309     2.8245     83.141     85.989     1.0757     1.0623     0.0427     0.0434     3.2259     0.0012     0.0000 -124.49226   40.20260      99.78          3  0.000e+00
      40515   1688.083    199.114    200.753     8.2746     8.2753  35.655781  35.656827     8.2542     8.2548    34.0390    34.0395    26.4811    26.4814     2.7310     2.8245     83.142     85.990     1.0757     1.0623     0.0427     0.0434     3.2259     0.0012     0.0000 -124.49226   40.20260      99.78          3  0.000e+00
      40516   1688.125    199.095    200.733     8.2746     8.2755  35.655717  35.656700     8.2542     8.2550    34.0389    34.0392    26.4810    26.4811     2.7310     2.8183     83.142     85.801     1.0757     1.0611     0.0427     0.0434     3.2259     0.0012     0.0000 -124.49226   40.20260      99.78          3  0.000e+00
      40517   1688.167    199.168    200.807     8.2746     8.2751  35.655717  35.657080     8.2542     8.2546    34.0389    34.0399    26.4810    26.4817     2.7310     2.8183     83.143     85.802     1.0757     1.0611     0.0427     0.0434     3.2259     0.0012     0.0000 -124.49226   40.20260      99.78          3  0.000e+00
      40518   1688.208    199.168    200.807     8.2746     8.2756  35.656161  35.656320     8.2542     8.2552    34.0394    34.0385    26.4814    26.4806     2.7366     2.8183     83.315     85.802     1.0769     1.0611     0.0427     0.0434     3.2259     0.0024     0.0000 -124.49226   40.20260      99.80          3  0.000e+00
      40519   1688.250    199.114    200.753     8.2746     8.2753  35.655844  35.656447     8.2542     8.2548    34.0390    34.0391    26.4811    26.4811     2.7310     2.8183     83.142     85.802     1.0757     1.0611     0.0427     0.0434     3.2247     0.0024     0.0000 -124.49226   40.20260      99.78          3  0.000e+00
      40520   1688.292    199.168    200.807     8.2746     8.2755  35.655907  35.657017     8.2542     8.2550    34.0391    34.0395    26.4812    26.4813     2.7310     2.8183     83.143     85.802     1.0757     1.0611     0.0427     0.0434     3.2259     0.0012     0.0000 -124.49226   40.20260      99.78          3  0.000e+00
      40521   1688.333    199.168    200.807     8.2746     8.2754  35.655781  35.657017     8.2542     8.2550    34.0390    34.0395    26.4811    26.4814     2.7310     2.8183     83.143     85.802     1.0757     1.0611     0.0427     0.0434     3.2259     0.0012     0.0000 -124.49226   40.20260      99.78          3  0.000e+00
      40522   1688.375    199.214    200.854     8.2746     8.2755  35.655908  35.656637     8.2542     8.2550    34.0391    34.0390    26.4811    26.4810     2.7367     2.8184     83.315     85.803     1.0769     1.0611     0.0427     0.0434     3.2259     0.0024     0.0000 -124.49226   40.20260      99.78          3  0.000e+00
      40523   1688.417    199.141    200.780     8.2748     8.2754  35.656034  35.656890     8.2543     8.2550    34.0391    34.0394    26.4812    26.4813     2.7366     2.8183     83.314     85.802     1.0769     1.0611     0.0427     0.0434     3.2247     0.0024     0.0000 -124.49226   40.20260      99.78          3  0.000e+00
      40524   1688.458    199.214    200.854     8.2748     8.2760  35.656034  35.657144     8.2543     8.2555    34.0391    34.0391    26.4811    26.4809     2.7310     2.8121     83.143     85.614     1.0757     1.0598     0.0427     0.0434     3.2247     0.0024     0.0000 -124.49226   40.20260      99.78          3  0.000e+00
      40525   1688.500    199.168    200.807     8.2746     8.2761  35.655781  35.657207     8.2542     8.2556    34.0390    34.0391    26.4811    26.4809     2.7310     2.8121     83.143     85.613     1.0757     1.0598     0.0427     0.0434     3.2259     0.0024     0.0000 -124.49226   40.20260      99.78          3  0.000e+00
      40526   1688.542    199.214    200.854     8.2744     8.2761  35.655908  35.657270     8.2540     8.2557    34.0393    34.0391    26.4813    26.4809     2.7310     2.8121     83.143     85.613     1.0757     1.0598     0.0427     0.0434     3.2259     0.0024     0.0000 -124.49226   40.20260      99.78          3  0.000e+00
      40527   1688.583    199.214    200.854     8.2746     8.2761  35.655781  35.657207     8.2542     8.2556    34.0389    34.0391    26.4810    26.4809     2.7310     2.8121     83.143     85.613     1.0757     1.0598     0.0427     0.0434     3.2247     0.0024     0.0000 -124.49226   40.20260      99.80          3  0.000e+00
      40528   1688.625    199.214    200.854     8.2746     8.2763  35.655908  35.657017     8.2542     8.2558    34.0391    34.0386    26.4811    26.4805     2.7310     2.8121     83.143     85.613     1.0757     1.0598     0.0427     0.0434     3.2259     0.0024     0.0000 -124.49226   40.20260      99.78          3  0.000e+00
      40529   1688.667    199.194    200.833     8.2746     8.2759  35.656034  35.657144     8.2542     8.2554    34.0392    34.0392    26.4813    26.4810     2.7310     2.8121     83.143     85.614     1.0757     1.0598     0.0427     0.0434     3.2259     0.0024     0.0000 -124.49226   40.20260      99.80          3  0.000e+00
      40530   1688.708    199.214    200.854     8.2745     8.2760  35.656034  35.657017     8.2540     8.2555    34.0393    34.0389    26.4814    26.4808     2.7310     2.8121     83.143     85.614     1.0757     1.0598     0.0427     0.0434     3.2259     0.0012     0.0000 -124.49226   40.20260      99.78          3  0.000e+00
      40531   1688.750    199.214    200.854     8.2748     8.2760  35.655781  35.656890     8.2543     8.2555    34.0388    34.0388    26.4809    26.4807     2.7310     2.8183     83.143     85.802     1.0757     1.0611     0.0427     0.0434     3.2247     0.0012     0.0000 -124.49226   40.20260      99.78          3  0.000e+00
      40532   1688.792    199.214    200.854     8.2746     8.2757  35.656161  35.657080     8.2542     8.2553    34.0393    34.0392    26.4814    26.4811     2.7310     2.8122     83.143     85.614     1.0757     1.0598     0.0427     0.0434     3.2271     0.0012     0.0000 -124.49226   40.20260      99.78          3  0.000e+00
      40533   1688.833    199.168    200.807     8.2748     8.2760  35.656098  35.656827     8.2543     8.2555    34.0392    34.0388    26.4812    26.4807     2.7310     2.8121     83.142     85.613     1.0757     1.0598     0.0427     0.0434     3.2247     0.0012     0.0000 -124.49226   40.20260      99.78          3  0.000e+00
      40534   1688.875    199.267    200.907     8.2744     8.2757  35.655781  35.657080     8.2540     8.2553    34.0391    34.0392    26.4812    26.4811     2.7310     2.8122     83.144     85.615     1.0757     1.0598     0.0427     0.0434     3.2247     0.0012     0.0000 -124.49226   40.20260      99.78          3  0.000e+00
      40535   1688.917    199.168    200.807     8.2748     8.2760  35.655907  35.657017     8.2543     8.2555    34.0390    34.0390    26.4810    26.4809     2.7310     2.8121     83.142     85.613     1.0757     1.0598     0.0427     0.0434     3.2247     0.0012     0.0000 -124.49226   40.20260      99.80          3  0.000e+00
      40536   1688.958    199.194    200.833     8.2745     8.2757  35.656224  35.657144     8.2540     8.2553    34.0396    34.0393    26.4815    26.4812     2.7367     2.8121     83.315     85.614     1.0769     1.0598     0.0427     0.0434     3.2247     0.0012     0.0000 -124.49226   40.20260      99.78          3  0.000e+00
      40537   1689.000    199.214    200.854     8.2746     8.2758  35.656098  35.656827     8.2542     8.2553    34.0393    34.0389    26.4813    26.4809     2.7310     2.8122     83.143     85.614     1.0757     1.0598     0.0427     0.0434     3.2259     0.0012     0.0000 -124.49226   40.20260      99.78          3  0.000e+00
      40538   1689.042    199.214    200.854     8.2748     8.2754  35.656034  35.656827     8.2543     8.2549    34.0391    34.0393    26.4811    26.4812     2.7366     2.8122     83.315     85.615     1.0769     1.0598     0.0427     0.0434     3.2259     0.0012     0.0000 -124.49226   40.20260      99.78          3  0.000e+00
      40539   1689.083    199.168    200.807     8.2748     8.2758  35.655781  35.656637     8.2543     8.2553    34.0388    34.0387    26.4809    26.4807     2.7310     2.8121     83.142     85.614     1.0757     1.0598     0.0427     0.0434     3.2259     0.0012     0.0000 -124.49226   40.20260      99.78          3  0.000e+00
      40540   1689.125    199.168    200.807     8.2749     8.2754  35.656161  35.656637     8.2545     8.2550    34.0391    34.0391    26.4811    26.4811     2.7310     2.8122     83.142     85.614     1.0757     1.0598     0.0427     0.0434     3.2247     0.0012     0.0000 -124.49226   40.20260      99.80          3  0.000e+00
      40541   1689.167    199.168    200.807     8.2746     8.2756  35.656098  35.656574     8.2542     8.2552    34.0393    34.0388    26.4813    26.4808     2.7310     2.8183     83.142     85.802     1.0757     1.0611     0.0427     0.0434     3.2247     0.0012     0.0000 -124.49226   40.20260      99.78          3  0.000e+00
      40542   1689.208    199.168    200.807     8.2748     8.2756  35.656034  35.656637     8.2543     8.2551    34.0391    34.0389    26.4811    26.4809     2.7310     2.8122     83.142     85.614     1.0757     1.0598     0.0427     0.0434     3.2247     0.0012     0.0000 -124.49226   40.20260      99.78          3  0.000e+00
      40543   1689.250    199.141    200.780     8.2746     8.2755  35.655781  35.656827     8.2542     8.2550    34.0390    34.0393    26.4811    26.4812     2.7310     2.8121     83.142     85.614     1.0757     1.0598     0.0427     0.0434     3.2247     0.0012     0.0000 -124.49226   40.20260      99.78          3  0.000e+00
      40544   1689.292    199.114    200.753     8.2748     8.2756  35.656161  35.656890     8.2543     8.2551    34.0392    34.0392    26.4813    26.4811     2.7309     2.8121     83.142     85.613     1.0757     1.0598     0.0427     0.0434     3.2247     0.0012     0.0000 -124.49226   40.20260      99.78          3  0.000e+00
      40545   1689.333    199.168    200.807     8.2748     8.2756  35.656351  35.656954     8.2543     8.2552    34.0394    34.0392    26.4814    26.4811     2.7310     2.8121     83.142     85.614     1.0757     1.0598     0.0427     0.0434     3.2271     0.0012     0.0000 -124.49226   40.20260      99.78          3  0.000e+00
      40546   1689.375    199.114    200.753     8.2749     8.2757  35.656097  35.656890     8.2545     8.2553    34.0390    34.0391    26.4811    26.4810     2.7309     2.8183     83.141     85.801     1.0757     1.0611     0.0427     0.0434     3.2271     0.0012     0.0000 -124.49226   40.20260      99.78          3  0.000e+00
      40547   1689.417    199.114    200.753     8.2750     8.2758  35.656224  35.656953     8.2545     8.2553    34.0391    34.0391    26.4811    26.4810     2.7309     2.8183     83.141     85.801     1.0757     1.0611     0.0427     0.0434     3.2259     0.0012     0.0000 -124.49226   40.20260      99.78          3  0.000e+00
      40548   1689.458    199.068    200.706     8.2748     8.2756  35.655844  35.655687     8.2543     8.2552    34.0389    34.0380    26.4810    26.4801     2.7309     2.8183     83.141     85.801     1.0757     1.0611     0.0427     0.0434     3.2259     0.0012     0.0000 -124.49226   40.20260      99.78          3  0.000e+00
      40549   1689.500    199.095    200.733     8.2749     8.2755  35.655907  35.656067     8.2545     8.2550    34.0389    34.0385    26.4809    26.4806     2.7309     2.8183     83.141     85.802     1.0757     1.0611     0.0427     0.0434     3.2259     0.0012     0.0000 -124.49226   40.20260      99.78          3  0.000e+00
      40550   1689.542    199.068    200.706     8.2748     8.2757  35.656224  35.656510     8.2543     8.2553    34.0393    34.0387    26.4813    26.4807     2.7309     2.8183     83.141     85.801     1.0757     1.0611     0.0427     0.0434     3.2247     0.0012     0.0000 -124.49226   40.20260      99.78          3  0.000e+00
      40551   1689.583    199.068    200.706     8.2746     8.2756  35.656351  35.657016     8.2542     8.2552    34.0396    34.0393    26.4816    26.4812     2.7366     2.8183     83.314     85.801     1.0769     1.0611     0.0427     0.0434     3.2247     0.0012     0.0000 -124.49226   40.20260      99.80          3  0.000e+00
      40552   1689.625    199.015    200.653     8.2748     8.2757  35.655844  35.656826     8.2544     8.2553    34.0389    34.0391    26.4810    26.4810     2.7309     2.8183     83.141     85.800     1.0757     1.0611     0.0427     0.0434     3.2247     0.0012     0.0000 -124.49226   40.20260      99.80          3  0.000e+00
      40553   1689.667    199.015    200.653     8.2746     8.2755  35.656034  35.656826     8.2542     8.2550    34.0393    34.0393    26.4813    26.4812     2.7309     2.8183     83.141     85.800     1.0757     1.0611     0.0427     0.0434     3.2259     0.0024     0.0000 -124.49226   40.20260      99.78          3  0.000e+00
      40554   1689.708    199.015    200.653     8.2748     8.2756  35.656034  35.656700     8.2543     8.2552    34.0392    34.0391    26.4812    26.4810     2.7309     2.8183     83.141     85.800     1.0757     1.0611     0.0427     0.0434     3.2247     0.0024     0.0000 -124.49226   40.20260      99.80          3  0.000e+00
      40555   1689.750    199.015    200.653     8.2746     8.2756  35.655780  35.656573     8.2542     8.2552    34.0390    34.0389    26.4811    26.4808     2.7366     2.8183     83.313     85.800     1.0769     1.0611     0.0427     0.0434     3.2259     0.0024     0.0000 -124.49226   40.20260      99.80          3  0.000e+00
