WCOA/WCOA-6/CTD_Data/RB2102_CTD_006_01.cnv
* Sea-Bird SBE 9 Data File:
* FileName = C:\Users\scs.user.rb\CTD\RB2102\Data\RB2102_CTD_006_01.hex
* Software Version Seasave V 7.26.7.107
* Temperature SN = 6202
* Conductivity SN = 4907
* Number of Bytes Per Scan = 41
* Number of Voltage Words = 4
* Number of Scans Averaged by the Deck Unit = 1
* NMEA Latitude = 52 01.06 N
* NMEA Longitude = 129 58.22 W
* NMEA UTC (Time) = Jun 26 2021  04:00:57
* NMEA baud rate = 4800
# nquan = 6
# nvalues = 58609                                 
# units = specified
# name 0 = prDM: Pressure, Digiquartz [db]
# name 1 = depSM: Depth [salt water, m]
# name 2 = t090C: Temperature [ITS-90, deg C]
# name 3 = sal00: Salinity, Practical [PSU]
# name 4 = c0S/m: Conductivity [S/m]
# name 5 = flag:  0.000e+00
# span 0 =      0.614,    121.312                 
# span 1 =      0.608,    120.214                 
# span 2 =     6.6431,    14.9953                 
# span 3 =     0.0000,    33.2906                 
# span 4 =  -0.000047,   3.794307                 
# span 5 = 0.0000e+00, 0.0000e+00                 
# interval = seconds: 0.0416667
# start_time = Jun 26 2021 04:00:58 [System UTC, first data scan.]
# bad_flag = -9.990e-29
*END*
[from data line 15284]
     89.845     89.040     6.9068    32.9990   3.342087  0.000e+00
     89.946     89.139     6.9064    32.9994   3.342087  0.000e+00
     89.946     89.139     6.9062    32.9994   3.342075  0.000e+00
     89.999     89.192     6.9059    32.9999   3.342093  0.000e+00
     89.999     89.192     6.9051    33.0006   3.342081  0.000e+00
     90.046     89.238     6.9046    33.0007   3.342050  0.000e+00
     90.046     89.238     6.9044    33.0015   3.342118  0.000e+00
     90.146     89.338     6.9044    33.0014   3.342112  0.000e+00
     90.146     89.338     6.9043    33.0012   3.342081  0.000e+00
     90.193     89.384     6.9043    33.0013   3.342093  0.000e+00
     90.193     89.384     6.9041    33.0014   3.342081  0.000e+00
     90.246     89.437     6.9038    33.0019   3.342106  0.000e+00
     90.293     89.483     6.9036    33.0018   3.342081  0.000e+00
     90.293     89.483     6.9035    33.0023   3.342118  0.000e+00
     90.340     89.530     6.9030    33.0030   3.342137  0.000e+00
     90.393     89.583     6.9019    33.0043   3.342155  0.000e+00
     90.393     89.582     6.9010    33.0051   3.342149  0.000e+00
     90.440     89.629     6.9001    33.0057   3.342137  0.000e+00
     90.494     89.682     6.8991    33.0068   3.342155  0.000e+00
     90.540     89.728     6.8985    33.0078   3.342186  0.000e+00
     90.540     89.728     6.8974    33.0091   3.342205  0.000e+00
     90.587     89.775     6.8954    33.0105   3.342174  0.000e+00
     90.594     89.781     6.8939    33.0122   3.342186  0.000e+00
     90.641     89.827     6.8927    33.0133   3.342193  0.000e+00
     90.741     89.927     6.8918    33.0144   3.342211  0.000e+00
     90.687     89.874     6.8913    33.0152   3.342236  0.000e+00
     90.741     89.927     6.8906    33.0156   3.342224  0.000e+00
     90.834     90.019     6.8900    33.0162   3.342224  0.000e+00
     90.834     90.019     6.8885    33.0181   3.342267  0.000e+00
     90.834     90.019     6.8885    33.0180   3.342261  0.000e+00
     90.935     90.119     6.8890    33.0173   3.342242  0.000e+00
     90.935     90.119     6.8894    33.0168   3.342224  0.000e+00
     90.935     90.119     6.8887    33.0179   3.342267  0.000e+00
     91.035     90.218     6.8877    33.0187   3.342261  0.000e+00
     91.082     90.264     6.8872    33.0193   3.342273  0.000e+00
     91.082     90.264     6.8871    33.0196   3.342292  0.000e+00
     91.135     90.317     6.8864    33.0202   3.342285  0.000e+00
     91.135     90.317     6.8863    33.0203   3.342285  0.000e+00
     91.182     90.364     6.8860    33.0208   3.342304  0.000e+00
     91.282     90.463     6.8855    33.0209   3.342279  0.000e+00
     91.282     90.463     6.8850    33.0211   3.342255  0.000e+00
     91.329     90.509     6.8845    33.0216   3.342255  0.000e+00
     91.329     90.509     6.8842    33.0220   3.342273  0.000e+00
     91.429     90.609     6.8839    33.0225   3.342286  0.000e+00
     91.429     90.609     6.8836    33.0234   3.342341  0.000e+00
     91.476     90.655     6.8839    33.0228   3.342323  0.000e+00
     91.476     90.655     6.8837    33.0227   3.342292  0.000e+00
     91.576     90.754     6.8837    33.0223   3.342261  0.000e+00
     91.576     90.754     6.8836    33.0226   3.342273  0.000e+00
     91.630     90.807     6.8832    33.0229   3.342273  0.000e+00
     91.630     90.807     6.8829    33.0229   3.342255  0.000e+00
     91.676     90.854     6.8825    33.0228   3.342205  0.000e+00
     91.676     90.854     6.8825    33.0237   3.342286  0.000e+00
     91.723     90.900     6.8821    33.0240   3.342280  0.000e+00
     91.777     90.953     6.8821    33.0237   3.342255  0.000e+00
     91.777     90.953     6.8820    33.0238   3.342255  0.000e+00
     91.823     90.999     6.8823    33.0237   3.342273  0.000e+00
     91.823     90.999     6.8823    33.0238   3.342286  0.000e+00
     91.877     91.052     6.8821    33.0240   3.342292  0.000e+00
     91.877     91.052     6.8821    33.0237   3.342261  0.000e+00
     91.924     91.099     6.8815    33.0242   3.342255  0.000e+00
     91.970     91.145     6.8815    33.0242   3.342255  0.000e+00
     91.924     91.099     6.8812    33.0247   3.342273  0.000e+00
     92.024     91.198     6.8808    33.0250   3.342273  0.000e+00
     92.024     91.198     6.8813    33.0246   3.342280  0.000e+00
     92.124     91.297     6.8815    33.0242   3.342261  0.000e+00
     92.024     91.198     6.8816    33.0242   3.342273  0.000e+00
     92.171     91.344     6.8818    33.0241   3.342286  0.000e+00
     92.171     91.344     6.8815    33.0247   3.342317  0.000e+00
     92.218     91.390     6.8815    33.0247   3.342317  0.000e+00
     92.218     91.390     6.8812    33.0248   3.342292  0.000e+00
     92.218     91.390     6.8812    33.0244   3.342261  0.000e+00
     92.318     91.489     6.8812    33.0247   3.342286  0.000e+00
     92.318     91.489     6.8808    33.0247   3.342261  0.000e+00
     92.371     91.542     6.8812    33.0248   3.342298  0.000e+00
     92.371     91.542     6.8810    33.0246   3.342267  0.000e+00
     92.418     91.589     6.8810    33.0244   3.342255  0.000e+00
     92.418     91.589     6.8812    33.0246   3.342286  0.000e+00
     92.465     91.635     6.8813    33.0242   3.342261  0.000e+00
     92.418     91.589     6.8815    33.0242   3.342274  0.000e+00
     92.518     91.688     6.8812    33.0248   3.342304  0.000e+00
     92.518     91.688     6.8810    33.0248   3.342292  0.000e+00
     92.565     91.734     6.8810    33.0245   3.342274  0.000e+00
     92.565     91.734     6.8808    33.0251   3.342305  0.000e+00
     92.565     91.734     6.8808    33.0244   3.342243  0.000e+00
     92.618     91.787     6.8807    33.0245   3.342243  0.000e+00
     92.612     91.781     6.8805    33.0250   3.342267  0.000e+00
     92.665     91.834     6.8805    33.0253   3.342305  0.000e+00
     92.665     91.833     6.8805    33.0255   3.342317  0.000e+00
     92.712     91.880     6.8802    33.0257   3.342317  0.000e+00
     92.712     91.880     6.8802    33.0257   3.342317  0.000e+00
     92.765     91.933     6.8802    33.0255   3.342298  0.000e+00
     92.765     91.933     6.8800    33.0258   3.342311  0.000e+00
     92.765     91.933     6.8800    33.0256   3.342292  0.000e+00
     92.812     91.979     6.8800    33.0255   3.342286  0.000e+00
     92.812     91.979     6.8802    33.0255   3.342305  0.000e+00
     92.859     92.025     6.8800    33.0256   3.342298  0.000e+00
     92.812     91.979     6.8797    33.0261   3.342311  0.000e+00
     92.859     92.025     6.8794    33.0264   3.342317  0.000e+00
     92.859     92.025     6.8795    33.0263   3.342317  0.000e+00
     92.912     92.078     6.8794    33.0261   3.342292  0.000e+00
     92.912     92.078     6.8795    33.0260   3.342292  0.000e+00
     92.959     92.125     6.8794    33.0263   3.342311  0.000e+00
     92.912     92.078     6.8792    33.0266   3.342317  0.000e+00
     92.959     92.125     6.8792    33.0265   3.342317  0.000e+00
     92.959     92.125     6.8792    33.0263   3.342298  0.000e+00
     93.013     92.178     6.8792    33.0262   3.342286  0.000e+00
     92.959     92.125     6.8794    33.0258   3.342261  0.000e+00
     93.013     92.178     6.8791    33.0260   3.342255  0.000e+00
     93.013     92.178     6.8791    33.0268   3.342323  0.000e+00
     93.013     92.178     6.8789    33.0268   3.342311  0.000e+00
     93.059     92.224     6.8791    33.0266   3.342311  0.000e+00
     93.059     92.224     6.8789    33.0263   3.342268  0.000e+00
     93.059     92.224     6.8789    33.0269   3.342323  0.000e+00
     93.106     92.270     6.8786    33.0269   3.342299  0.000e+00
     93.059     92.224     6.8789    33.0265   3.342292  0.000e+00
     93.059     92.224     6.8788    33.0266   3.342286  0.000e+00
     93.160     92.323     6.8788    33.0266   3.342286  0.000e+00
     93.106     92.270     6.8789    33.0264   3.342286  0.000e+00
     93.160     92.323     6.8788    33.0266   3.342292  0.000e+00
     93.106     92.270     6.8789    33.0264   3.342286  0.000e+00
     93.160     92.323     6.8788    33.0268   3.342305  0.000e+00
     93.106     92.270     6.8791    33.0264   3.342292  0.000e+00
     93.160     92.323     6.8791    33.0260   3.342261  0.000e+00
     93.160     92.323     6.8792    33.0259   3.342268  0.000e+00
     93.206     92.370     6.8792    33.0260   3.342280  0.000e+00
     93.206     92.370     6.8789    33.0261   3.342262  0.000e+00
     93.159     92.323     6.8791    33.0261   3.342274  0.000e+00
     93.206     92.370     6.8789    33.0261   3.342262  0.000e+00
     93.206     92.370     6.8786    33.0265   3.342268  0.000e+00
     93.260     92.422     6.8784    33.0265   3.342255  0.000e+00
     93.206     92.369     6.8784    33.0267   3.342274  0.000e+00
     93.260     92.422     6.8781    33.0272   3.342286  0.000e+00
     93.260     92.422     6.8776    33.0277   3.342292  0.000e+00
     93.260     92.422     6.8773    33.0279   3.342286  0.000e+00
     93.260     92.422     6.8770    33.0282   3.342286  0.000e+00
     93.306     92.469     6.8768    33.0286   3.342305  0.000e+00
     93.260     92.422     6.8770    33.0288   3.342336  0.000e+00
     93.353     92.515     6.8768    33.0286   3.342311  0.000e+00
     93.306     92.469     6.8767    33.0288   3.342311  0.000e+00
     93.306     92.469     6.8768    33.0287   3.342317  0.000e+00
     93.353     92.515     6.8768    33.0284   3.342292  0.000e+00
     93.353     92.515     6.8768    33.0281   3.342262  0.000e+00
     93.353     92.515     6.8767    33.0288   3.342311  0.000e+00
     93.353     92.515     6.8768    33.0287   3.342317  0.000e+00
     93.407     92.568     6.8768    33.0284   3.342292  0.000e+00
     93.407     92.568     6.8768    33.0283   3.342286  0.000e+00
     93.407     92.568     6.8767    33.0285   3.342286  0.000e+00
     93.407     92.568     6.8765    33.0285   3.342274  0.000e+00
     93.453     92.614     6.8762    33.0294   3.342330  0.000e+00
     93.407     92.568     6.8760    33.0297   3.342348  0.000e+00
     93.507     92.667     6.8760    33.0299   3.342367  0.000e+00
     93.453     92.614     6.8756    33.0309   3.342410  0.000e+00
     93.554     92.714     6.8749    33.0307   3.342342  0.000e+00
     93.507     92.667     6.8747    33.0306   3.342317  0.000e+00
     93.507     92.667     6.8744    33.0311   3.342336  0.000e+00
     93.554     92.714     6.8733    33.0325   3.342367  0.000e+00
     93.554     92.714     6.8730    33.0328   3.342361  0.000e+00
     93.600     92.760     6.8725    33.0328   3.342323  0.000e+00
     93.600     92.760     6.8725    33.0329   3.342336  0.000e+00
     93.600     92.760     6.8720    33.0343   3.342416  0.000e+00
     93.654     92.813     6.8712    33.0353   3.342441  0.000e+00
     93.654     92.813     6.8706    33.0367   3.342515  0.000e+00
     93.654     92.813     6.8706    33.0362   3.342466  0.000e+00
     93.701     92.859     6.8706    33.0359   3.342441  0.000e+00
     93.701     92.859     6.8704    33.0358   3.342416  0.000e+00
     93.754     92.912     6.8694    33.0374   3.342484  0.000e+00
     93.747     92.906     6.8689    33.0373   3.342435  0.000e+00
     93.754     92.912     6.8689    33.0373   3.342429  0.000e+00
     93.754     92.912     6.8688    33.0373   3.342416  0.000e+00
     93.801     92.959     6.8691    33.0373   3.342453  0.000e+00
     93.801     92.959     6.8687    33.0381   3.342478  0.000e+00
     93.848     93.005     6.8674    33.0392   3.342472  0.000e+00
     93.848     93.005     6.8662    33.0407   3.342509  0.000e+00
     93.901     93.058     6.8656    33.0412   3.342503  0.000e+00
     93.901     93.058     6.8656    33.0410   3.342484  0.000e+00
     93.901     93.058     6.8656    33.0406   3.342447  0.000e+00
     93.948     93.104     6.8643    33.0427   3.342528  0.000e+00
     93.948     93.104     6.8614    33.0463   3.342602  0.000e+00
     93.948     93.104     6.8587    33.0502   3.342713  0.000e+00
     94.048     93.204     6.8566    33.0523   3.342725  0.000e+00
     94.001     93.157     6.8555    33.0532   3.342713  0.000e+00
     94.048     93.204     6.8547    33.0544   3.342750  0.000e+00
     94.095     93.250     6.8542    33.0546   3.342725  0.000e+00
     94.095     93.250     6.8542    33.0545   3.342719  0.000e+00
     94.148     93.303     6.8542    33.0539   3.342670  0.000e+00
     94.148     93.303     6.8540    33.0541   3.342670  0.000e+00
     94.148     93.303     6.8537    33.0547   3.342701  0.000e+00
     94.249     93.402     6.8537    33.0545   3.342688  0.000e+00
     94.195     93.349     6.8531    33.0554   3.342713  0.000e+00
     94.242     93.396     6.8531    33.0554   3.342713  0.000e+00
     94.249     93.402     6.8525    33.0557   3.342688  0.000e+00
     94.295     93.449     6.8524    33.0564   3.342744  0.000e+00
     94.342     93.495     6.8523    33.0566   3.342756  0.000e+00
     94.342     93.495     6.8526    33.0559   3.342719  0.000e+00
     94.342     93.495     6.8523    33.0562   3.342713  0.000e+00
     94.395     93.548     6.8519    33.0569   3.342750  0.000e+00
     94.395     93.548     6.8518    33.0572   3.342769  0.000e+00
     94.442     93.594     6.8512    33.0581   3.342800  0.000e+00
     94.489     93.641     6.8507    33.0583   3.342775  0.000e+00
     94.496     93.647     6.8502    33.0587   3.342769  0.000e+00
     94.496     93.647     6.8502    33.0585   3.342750  0.000e+00
     94.543     93.693     6.8502    33.0582   3.342726  0.000e+00
     94.543     93.693     6.8503    33.0587   3.342781  0.000e+00
     94.589     93.740     6.8505    33.0584   3.342775  0.000e+00
     94.643     93.793     6.8505    33.0579   3.342726  0.000e+00
     94.643     93.793     6.8499    33.0573   3.342621  0.000e+00
     94.643     93.793     6.8486    33.0605   3.342800  0.000e+00
     94.736     93.885     6.8473    33.0627   3.342886  0.000e+00
     94.690     93.839     6.8463    33.0634   3.342868  0.000e+00
     94.790     93.938     6.8460    33.0638   3.342880  0.000e+00
     94.736     93.885     6.8458    33.0639   3.342874  0.000e+00
     94.790     93.938     6.8457    33.0639   3.342862  0.000e+00
     94.837     93.985     6.8455    33.0645   3.342905  0.000e+00
     94.883     94.031     6.8454    33.0646   3.342899  0.000e+00
     94.836     93.985     6.8449    33.0651   3.342899  0.000e+00
     94.937     94.084     6.8446    33.0650   3.342868  0.000e+00
     94.890     94.038     6.8445    33.0652   3.342880  0.000e+00
     94.984     94.130     6.8443    33.0655   3.342893  0.000e+00
     95.037     94.183     6.8438    33.0660   3.342893  0.000e+00
     94.984     94.130     6.8430    33.0674   3.342948  0.000e+00
     95.037     94.183     6.8420    33.0686   3.342979  0.000e+00
     95.084     94.230     6.8414    33.0690   3.342961  0.000e+00
     95.084     94.230     6.8412    33.0696   3.342998  0.000e+00
     95.137     94.283     6.8409    33.0696   3.342979  0.000e+00
     95.137     94.283     6.8404    33.0698   3.342954  0.000e+00
     95.184     94.329     6.8402    33.0702   3.342973  0.000e+00
     95.184     94.329     6.8398    33.0707   3.342985  0.000e+00
     95.231     94.375     6.8396    33.0710   3.342991  0.000e+00
     95.284     94.428     6.8394    33.0713   3.343010  0.000e+00
     95.284     94.428     6.8394    33.0711   3.342992  0.000e+00
     95.331     94.475     6.8391    33.0715   3.343004  0.000e+00
     95.331     94.475     6.8391    33.0711   3.342967  0.000e+00
     95.384     94.528     6.8391    33.0713   3.342985  0.000e+00
     95.431     94.574     6.8389    33.0715   3.342985  0.000e+00
     95.378     94.521     6.8391    33.0715   3.343004  0.000e+00
     95.478     94.620     6.8387    33.0720   3.343016  0.000e+00
     95.478     94.620     6.8383    33.0724   3.343016  0.000e+00
