WCOA/WCOA-6/CTD_Data/RB2102_CTD_078_01.ros
* Sea-Bird SBE 9 Data File:
* FileName = C:\Users\scs.user.rb\CTD\RB2102\Data\RB2102_CTD_078_01.hex
* Software Version Seasave V 7.26.7.107
* Temperature SN = 6202
* Conductivity SN = 4907
* Number of Bytes Per Scan = 41
* Number of Voltage Words = 4
* Number of Scans Averaged by the Deck Unit = 1
* NMEA Latitude = 38 53.67 N
* NMEA Longitude = 123 47.46 W
* NMEA UTC (Time) = Jul 10 2021  04:16:55
* NMEA baud rate = 4800
# nquan = 30
# nvalues = 1171                                  
# units = specified
# name 0 = scan: Scan Count
# name 1 = timeS: Time, Elapsed [seconds]
# name 2 = depSM: Depth [salt water, m]
# name 3 = prDM: Pressure, Digiquartz [db]
# name 4 = t090C: Temperature [ITS-90, deg C]
# name 5 = t190C: Temperature, 2 [ITS-90, deg C]
# name 6 = c0mS/cm: Conductivity [mS/cm]
# name 7 = c1mS/cm: Conductivity, 2 [mS/cm]
# name 8 = potemp090C: Potential Temperature [ITS-90, deg C]
# name 9 = potemp190C: Potential Temperature, 2 [ITS-90, deg C]
# name 10 = sal00: Salinity, Practical [PSU]
# name 11 = sal11: Salinity, Practical, 2 [PSU]
# name 12 = sigma-é00: Density [sigma-theta, kg/m^3]
# name 13 = sigma-é11: Density, 2 [sigma-theta, kg/m^3]
# name 14 = sbeox0Mg/L: Oxygen, SBE 43 [mg/l]
# name 15 = sbeox1Mg/L: Oxygen, SBE 43, 2 [mg/l]
# name 16 = sbox0Mm/Kg: Oxygen, SBE 43 [umol/kg]
# name 17 = sbox1Mm/Kg: Oxygen, SBE 43, 2 [umol/kg]
# name 18 = sbeox0V: Oxygen raw, SBE 43 [V]
# name 19 = sbeox1V: Oxygen raw, SBE 43, 2 [V]
# name 20 = v4: Voltage 4
# name 21 = flECO-AFL: Fluorescence, WET Labs ECO-AFL/FL [mg/m^3]
# name 22 = v3: Voltage 3
# name 23 = v6: Voltage 6
# name 24 = v7: Voltage 7
# name 25 = longitude: Longitude [deg]
# name 26 = latitude: Latitude [deg]
# name 27 = altM: Altimeter [m]
# name 28 = nbf: Bottles Fired
# name 29 = flag:  0.000e+00
# interval = seconds: 0.0416667
# start_time = Jul 10 2021 04:16:55 [NMEA time, header]
# bad_flag = -9.990e-29
*END*
[from data line 726]
      36132   1505.458     30.463     30.697    10.3837    10.3815  37.359605  37.358871    10.3801    10.3779    33.8784    33.8797    26.0112    26.0126     7.4121     7.6667    225.759    233.512     2.2002     2.1319     0.2100     4.2253     3.3199     0.0061     0.0000 -123.79122   38.89454      70.82         15  0.000e+00
      36133   1505.500     30.470     30.704    10.3835    10.3810  37.359476  37.359000    10.3799    10.3774    33.8785    33.8803    26.0113    26.0132     7.4121     7.6610    225.760    233.339     2.2002     2.1306     0.2100     4.2253     3.3199     0.0061     0.0000 -123.79122   38.89454      70.74         15  0.000e+00
      36134   1505.542     30.417     30.651    10.3842    10.3810  37.359799  37.359516    10.3806    10.3774    33.8782    33.8809    26.0109    26.0136     7.4120     7.6609    225.755    233.337     2.2002     2.1306     0.2100     4.2253     3.3211     0.0061     0.0000 -123.79122   38.89454      70.70         15  0.000e+00
      36135   1505.583     30.417     30.651    10.3834    10.3805  37.359347  37.359902    10.3798    10.3769    33.8785    33.8817    26.0113    26.0143     7.4068     7.6610    225.598    233.338     2.1990     2.1306     0.2100     4.2253     3.3223     0.0061     0.0000 -123.79122   38.89454      70.67         15  0.000e+00
      36136   1505.625     30.417     30.651    10.3827    10.3806  37.358444  37.360031    10.3791    10.3771    33.8782    33.8817    26.0112    26.0143     7.4122     7.6609    225.763    233.337     2.2002     2.1306     0.2100     4.2253     3.3223     0.0061     0.0000 -123.79122   38.89454      70.67         15  0.000e+00
      36137   1505.667     30.417     30.651    10.3816    10.3811  37.357476  37.360225    10.3781    10.3776    33.8782    33.8814    26.0114    26.0140     7.4071     7.6609    225.607    233.335     2.1990     2.1306     0.2100     4.2253     3.3223     0.0061     0.0000 -123.79122   38.89454      70.70         15  0.000e+00
      36138   1505.708     30.417     30.651    10.3809    10.3813  37.357218  37.360547    10.3773    10.3778    33.8787    33.8816    26.0119    26.0141     7.4072     7.6608    225.610    233.334     2.1990     2.1306     0.2100     4.2253     3.3199     0.0061     0.0000 -123.79122   38.89454      70.67         15  0.000e+00
      36139   1505.750     30.370     30.604    10.3807    10.3822  37.357734  37.360934    10.3772    10.3786    33.8793    33.8812    26.0124    26.0137     7.4072     7.6606    225.608    233.328     2.1990     2.1306     0.2100     4.2253     3.3223     0.0061     0.0000 -123.79122   38.89454      70.74         15  0.000e+00
      36140   1505.792     30.370     30.604    10.3807    10.3827  37.357863  37.361063    10.3772    10.3791    33.8795    33.8809    26.0125    26.0133     7.4072     7.6606    225.608    233.326     2.1990     2.1306     0.2100     4.2253     3.3223     0.0061     0.0000 -123.79122   38.89454      70.79         15  0.000e+00
      39087   1628.583     20.258     20.413    10.5484    10.5479  37.520741  37.521387    10.5460    10.5455    33.8920    33.8932    25.9930    25.9940     7.9419     8.1581    241.900    248.485     2.3321     2.2454     0.2747     5.8431     3.3175     0.0073     0.0000 -123.79120   38.89458      81.68         16  0.000e+00
      39088   1628.625     20.503     20.660    10.5486    10.5479  37.520418  37.521646    10.5462    10.5454    33.8914    33.8933    25.9925    25.9941     7.9421     8.1584    241.907    248.493     2.3321     2.2454     0.2747     5.8431     3.3175     0.0073     0.0000 -123.79120   38.89458      81.66         16  0.000e+00
      39089   1628.667     20.205     20.360    10.5487    10.5479  37.520740  37.522226    10.5463    10.5455    33.8918    33.8940    25.9928    25.9947     7.9418     8.1580    241.897    248.482     2.3321     2.2454     0.2747     5.8431     3.3175     0.0061     0.0000 -123.79120   38.89458      81.66         16  0.000e+00
      39090   1628.708     20.410     20.567    10.5495    10.5481  37.520935  37.522679    10.5471    10.5456    33.8911    33.8942    25.9921    25.9948     7.9419     8.1582    241.900    248.487     2.3321     2.2454     0.2747     5.8431     3.3175     0.0061     0.0000 -123.79120   38.89458      81.66         16  0.000e+00
      39091   1628.750     20.357     20.514    10.5499    10.5482  37.520935  37.522485    10.5475    10.5458    33.8908    33.8939    25.9918    25.9945     7.9418     8.1524    241.897    248.311     2.3321     2.2442     0.2747     5.8431     3.3175     0.0061     0.0000 -123.79120   38.89458      81.54         16  0.000e+00
      39092   1628.792     20.357     20.514    10.5499    10.5485  37.521452  37.522873    10.5475    10.5461    33.8913    33.8940    25.9922    25.9945     7.9470     8.1523    242.056    248.309     2.3333     2.2442     0.2747     5.8431     3.3187     0.0061     0.0000 -123.79120   38.89458      81.34         16  0.000e+00
      39093   1628.833     20.404     20.560    10.5500    10.5489  37.521387  37.522614    10.5476    10.5465    33.8911    33.8934    25.9920    25.9940     7.9418     8.1523    241.897    248.310     2.3321     2.2442     0.2747     5.8431     3.3175     0.0061     0.0000 -123.79120   38.89458      81.29         16  0.000e+00
      39094   1628.875     20.410     20.567    10.5498    10.5490  37.521000  37.522679    10.5474    10.5466    33.8909    33.8933    25.9919    25.9939     7.9471     8.1523    242.059    248.309     2.3333     2.2442     0.2747     5.8431     3.3187     0.0061     0.0000 -123.79120   38.89458      81.29         16  0.000e+00
      39095   1628.917     20.357     20.514    10.5502    10.5493  37.521710  37.522743    10.5478    10.5469    33.8913    33.8931    25.9921    25.9937     7.9470     8.1522    242.054    248.306     2.3333     2.2442     0.2747     5.8431     3.3187     0.0061     0.0000 -123.79120   38.89458      81.29         16  0.000e+00
      39096   1628.958     20.357     20.514    10.5502    10.5497  37.521969  37.522743    10.5478    10.5473    33.8916    33.8928    25.9923    25.9934     7.9469     8.1522    242.054    248.305     2.3333     2.2442     0.2747     5.8431     3.3187     0.0061     0.0000 -123.79120   38.89458      81.32         16  0.000e+00
      39097   1629.000     20.450     20.607    10.5504    10.5497  37.521711  37.522485    10.5479    10.5472    33.8911    33.8925    25.9919    25.9932     7.9470     8.1523    242.057    248.308     2.3333     2.2442     0.2747     5.8431     3.3175     0.0061     0.0000 -123.79120   38.89458      81.37         16  0.000e+00
      39098   1629.042     20.404     20.560    10.5507    10.5498  37.521581  37.522614    10.5483    10.5474    33.8907    33.8925    25.9916    25.9931     7.9417     8.1522    241.894    248.306     2.3321     2.2442     0.2747     5.8431     3.3175     0.0061     0.0000 -123.79120   38.89458      81.44         16  0.000e+00
      39099   1629.083     20.410     20.567    10.5507    10.5498  37.521387  37.522550    10.5483    10.5474    33.8905    33.8924    25.9914    25.9931     7.9470     8.1465    242.055    248.132     2.3333     2.2430     0.2759     5.8737     3.3175     0.0061     0.0000 -123.79120   38.89458      81.44         16  0.000e+00
      39100   1629.125     20.450     20.607    10.5505    10.5504  37.521517  37.522679    10.5481    10.5479    33.8908    33.8921    25.9917    25.9927     7.9470     8.1465    242.057    248.131     2.3333     2.2430     0.2735     5.8126     3.3175     0.0061     0.0000 -123.79120   38.89458      81.47         16  0.000e+00
      39101   1629.167     20.410     20.567    10.5507    10.5504  37.521840  37.522743    10.5483    10.5479    33.8909    33.8921    25.9917    25.9928     7.9469     8.1464    242.054    248.129     2.3333     2.2430     0.2650     5.5989     3.3175     0.0061     0.0000 -123.79120   38.89458      81.44         16  0.000e+00
      39102   1629.208     20.450     20.607    10.5512    10.5504  37.522422  37.523067    10.5488    10.5479    33.8910    33.8925    25.9918    25.9930     7.9416     8.1464    241.892    248.130     2.3321     2.2430     0.2625     5.5379     3.3175     0.0061     0.0000 -123.79120   38.89458      81.44         16  0.000e+00
      39103   1629.250     20.457     20.614    10.5513    10.5504  37.521840  37.522808    10.5489    10.5479    33.8903    33.8922    25.9912    25.9928     7.9417     8.1465    241.893    248.131     2.3321     2.2430     0.2625     5.5379     3.3187     0.0061     0.0000 -123.79120   38.89458      81.37         16  0.000e+00
      39104   1629.292     20.404     20.560    10.5494    10.5505  37.520612  37.522743    10.5470    10.5481    33.8909    33.8920    25.9920    25.9926     7.9419     8.1464    241.901    248.129     2.3321     2.2430     0.2625     5.5379     3.3187     0.0061     0.0000 -123.79120   38.89458      81.29         16  0.000e+00
      39105   1629.333     20.457     20.614    10.5476    10.5504  37.519513  37.522744    10.5451    10.5479    33.8915    33.8921    25.9927    25.9928     7.9423     8.1465    241.911    248.131     2.3321     2.2430     0.2625     5.5379     3.3187     0.0061     0.0000 -123.79120   38.89458      81.27         16  0.000e+00
      39106   1629.375     20.503     20.660    10.5462    10.5505  37.519320  37.522485    10.5438    10.5481    33.8925    33.8917    25.9938    25.9924     7.9425     8.1465    241.918    248.132     2.3321     2.2430     0.2625     5.5379     3.3187     0.0061     0.0000 -123.79120   38.89458      81.27         16  0.000e+00
      39107   1629.417     20.457     20.614    10.5457    10.5505  37.518997  37.522421    10.5433    10.5481    33.8926    33.8917    25.9940    25.9924     7.9425     8.1465    241.919    248.131     2.3321     2.2430     0.2625     5.5379     3.3187     0.0061     0.0000 -123.79120   38.89458      81.29         16  0.000e+00
      39108   1629.458     20.450     20.607    10.5452    10.5502  37.518738  37.521968    10.5427    10.5477    33.8929    33.8915    25.9943    25.9923     7.9426     8.1408    241.922    247.959     2.3321     2.2418     0.2625     5.5379     3.3187     0.0061     0.0000 -123.79120   38.89458      81.29         16  0.000e+00
      39109   1629.500     20.457     20.614    10.5447    10.5504  37.518673  37.522227    10.5423    10.5479    33.8932    33.8916    25.9946    25.9923     7.9427     8.1465    241.923    248.132     2.3321     2.2430     0.2625     5.5379     3.3175     0.0061     0.0000 -123.79120   38.89458      81.25         16  0.000e+00
      39110   1629.542     20.450     20.607    10.5444    10.5502  37.518673  37.522098    10.5420    10.5477    33.8935    33.8917    25.9949    25.9924     7.9427     8.1465    241.924    248.133     2.3321     2.2430     0.2625     5.5379     3.3187     0.0061     0.0000 -123.79120   38.89458      81.22         16  0.000e+00
      39111   1629.583     20.503     20.660    10.5443    10.5498  37.518609  37.522098    10.5419    10.5474    33.8936    33.8919    25.9949    25.9927     7.9428     8.1466    241.927    248.136     2.3321     2.2430     0.2625     5.5379     3.3175     0.0061     0.0000 -123.79120   38.89458      81.22         16  0.000e+00
      39112   1629.625     20.450     20.607    10.5444    10.5498  37.518415  37.522356    10.5420    10.5474    33.8933    33.8922    25.9947    25.9929     7.9427     8.1465    241.925    248.133     2.3321     2.2430     0.2625     5.5379     3.3187     0.0061     0.0000 -123.79120   38.89458      81.22         16  0.000e+00
      39113   1629.667     20.503     20.660    10.5447    10.5498  37.518544  37.522421    10.5423    10.5474    33.8931    33.8923    25.9945    25.9929     7.9427     8.1466    241.925    248.135     2.3321     2.2430     0.2625     5.5379     3.3175     0.0061     0.0000 -123.79120   38.89458      81.22         16  0.000e+00
      39114   1629.708     20.503     20.660    10.5452    10.5497  37.518674  37.522227    10.5427    10.5472    33.8928    33.8922    25.9942    25.9930     7.9427     8.1466    241.923    248.136     2.3321     2.2430     0.2625     5.5379     3.3175     0.0061     0.0000 -123.79120   38.89458      81.22         16  0.000e+00
      39115   1629.750     20.457     20.614    10.5456    10.5497  37.518609  37.522033    10.5432    10.5472    33.8924    33.8921    25.9938    25.9928     7.9426     8.1466    241.920    248.135     2.3321     2.2430     0.2625     5.5379     3.3187     0.0061     0.0000 -123.79120   38.89458      81.20         16  0.000e+00
      39116   1629.792     20.450     20.607    10.5466    10.5497  37.519578  37.522550    10.5441    10.5472    33.8925    33.8926    25.9937    25.9932     7.9424     8.1466    241.915    248.134     2.3321     2.2430     0.2625     5.5379     3.3175     0.0061     0.0000 -123.79120   38.89458      81.17         16  0.000e+00
      39117   1629.833     20.503     20.660    10.5474    10.5495  37.520160  37.522033    10.5449    10.5471    33.8923    33.8922    25.9934    25.9929     7.9423     8.1409    241.912    247.963     2.3321     2.2418     0.2637     5.5684     3.3175     0.0061     0.0000 -123.79120   38.89458      81.15         16  0.000e+00
      39118   1629.875     20.503     20.660    10.5482    10.5497  37.521065  37.521969    10.5458    10.5472    33.8924    33.8920    25.9934    25.9928     7.9422     8.1466    241.908    248.137     2.3321     2.2430     0.2637     5.5684     3.3175     0.0061     0.0000 -123.79120   38.89458      81.17         16  0.000e+00
      39119   1629.917     20.503     20.660    10.5494    10.5495  37.521000  37.522033    10.5469    10.5471    33.8913    33.8922    25.9923    25.9929     7.9420     8.1467    241.903    248.137     2.3321     2.2430     0.2625     5.5379     3.3187     0.0061     0.0000 -123.79120   38.89458      81.17         16  0.000e+00
      39120   1629.958     20.457     20.614    10.5501    10.5495  37.521387  37.522098    10.5477    10.5471    33.8910    33.8922    25.9919    25.9930     7.9418     8.1466    241.898    248.135     2.3321     2.2430     0.2625     5.5379     3.3175     0.0061     0.0000 -123.79120   38.89458      81.15         16  0.000e+00
      39121   1630.000     20.450     20.607    10.5502    10.5495  37.521387  37.522356    10.5478    10.5471    33.8909    33.8925    25.9918    25.9932     7.9418     8.1466    241.898    248.135     2.3321     2.2430     0.2625     5.5379     3.3187     0.0061     0.0000 -123.79120   38.89458      81.12         16  0.000e+00
      39122   1630.042     20.503     20.660    10.5499    10.5497  37.521323  37.522615    10.5474    10.5472    33.8911    33.8926    25.9921    25.9933     7.9419     8.1466    241.901    248.135     2.3321     2.2430     0.2625     5.5379     3.3175     0.0061     0.0000 -123.79120   38.89458      81.05         16  0.000e+00
      39123   1630.083     20.503     20.660    10.5500    10.5493  37.521000  37.522033    10.5476    10.5469    33.8907    33.8923    25.9917    25.9931     7.9419     8.1467    241.901    248.138     2.3321     2.2430     0.2625     5.5379     3.3175     0.0061     0.0000 -123.79120   38.89458      81.03         16  0.000e+00
      39124   1630.125     20.457     20.614    10.5500    10.5497  37.521129  37.522485    10.5476    10.5472    33.8908    33.8925    25.9918    25.9932     7.9419     8.1466    241.899    248.134     2.3321     2.2430     0.2625     5.5379     3.3175     0.0061     0.0000 -123.79120   38.89458      81.03         16  0.000e+00
