WCOA/WCOA-6/CTD_Data/RB2102_CTD_101_01.ros
* Sea-Bird SBE 9 Data File:
* FileName = C:\Users\scs.user.rb\CTD\RB2102\Data\RB2102_CTD_101_01.hex
* Software Version Seasave V 7.26.7.107
* Temperature SN = 6202
* Conductivity SN = 4907
* Number of Bytes Per Scan = 41
* Number of Voltage Words = 4
* Number of Scans Averaged by the Deck Unit = 1
* NMEA Latitude = 36 48.54 N
* NMEA Longitude = 121 49.06 W
* NMEA UTC (Time) = Jul 15 2021  00:38:24
* NMEA baud rate = 4800
# nquan = 30
# nvalues = 606                                   
# units = specified
# name 0 = scan: Scan Count
# name 1 = timeS: Time, Elapsed [seconds]
# name 2 = depSM: Depth [salt water, m]
# name 3 = prDM: Pressure, Digiquartz [db]
# name 4 = t090C: Temperature [ITS-90, deg C]
# name 5 = t190C: Temperature, 2 [ITS-90, deg C]
# name 6 = c0mS/cm: Conductivity [mS/cm]
# name 7 = c1mS/cm: Conductivity, 2 [mS/cm]
# name 8 = potemp090C: Potential Temperature [ITS-90, deg C]
# name 9 = potemp190C: Potential Temperature, 2 [ITS-90, deg C]
# name 10 = sal00: Salinity, Practical [PSU]
# name 11 = sal11: Salinity, Practical, 2 [PSU]
# name 12 = sigma-é00: Density [sigma-theta, kg/m^3]
# name 13 = sigma-é11: Density, 2 [sigma-theta, kg/m^3]
# name 14 = sbeox0Mg/L: Oxygen, SBE 43 [mg/l]
# name 15 = sbeox1Mg/L: Oxygen, SBE 43, 2 [mg/l]
# name 16 = sbox0Mm/Kg: Oxygen, SBE 43 [umol/kg]
# name 17 = sbox1Mm/Kg: Oxygen, SBE 43, 2 [umol/kg]
# name 18 = sbeox0V: Oxygen raw, SBE 43 [V]
# name 19 = sbeox1V: Oxygen raw, SBE 43, 2 [V]
# name 20 = v4: Voltage 4
# name 21 = flECO-AFL: Fluorescence, WET Labs ECO-AFL/FL [mg/m^3]
# name 22 = v3: Voltage 3
# name 23 = v6: Voltage 6
# name 24 = v7: Voltage 7
# name 25 = longitude: Longitude [deg]
# name 26 = latitude: Latitude [deg]
# name 27 = altM: Altimeter [m]
# name 28 = nbf: Bottles Fired
# name 29 = flag:  0.000e+00
# interval = seconds: 0.0416667
# start_time = Jul 15 2021 00:38:24 [NMEA time, header]
# bad_flag = -9.990e-29
*END*
[from data line 581]
      23619    984.083      3.458      3.483    14.9139    14.8691  41.561339  41.503700    14.9134    14.8686    33.8391    33.8256    25.0958    25.0951     9.1556     9.2663    279.112    282.487     2.8266     2.6862     0.1551     2.8517     3.2161     0.4750     0.2344 -121.81780   36.80858      33.99         13  0.000e+00
      23620    984.125      3.458      3.483    14.9165    14.8852  41.561406  41.510963    14.9159    14.8847    33.8370    33.8182    25.0936    25.0860     9.1552     9.2636    279.101    282.406     2.8266     2.6862     0.1551     2.8517     3.2149     0.4762     0.2357 -121.81780   36.80858      33.99         13  0.000e+00
      23621    984.167      3.411      3.437    14.9181    14.8927  41.560260  41.516546    14.9176    14.8922    33.8345    33.8168    25.0914    25.0832     9.1550     9.2621    279.095    282.362     2.8266     2.6862     0.1551     2.8517     3.2161     0.4762     0.2357 -121.81780   36.80858      33.99         13  0.000e+00
      23622    984.208      3.458      3.483    14.9180    14.8988  41.556826  41.522668    14.9175    14.8983    33.8315    33.8170    25.0891    25.0821     9.1553     9.2609    279.103    282.327     2.8266     2.6862     0.1551     2.8517     3.2149     0.4774     0.2369 -121.81780   36.80858      33.99         13  0.000e+00
      23623    984.250      3.458      3.483    14.9170    14.9016  41.555412  41.527916    14.9164    14.9011    33.8311    33.8194    25.0890    25.0833     9.1603     9.2602    279.256    282.305     2.8278     2.6862     0.1551     2.8517     3.2161     0.4786     0.2369 -121.81780   36.80858      33.94         13  0.000e+00
      23624    984.292      3.411      3.437    14.9178    14.9069  41.555277  41.534106    14.9173    14.9064    33.8302    33.8204    25.0881    25.0829     9.1553     9.2591    279.105    282.270     2.8266     2.6862     0.1551     2.8517     3.2149     0.4786     0.2369 -121.81780   36.80858      33.92         13  0.000e+00
      23625    984.333      3.411      3.437    14.9170    14.9113  41.555142  41.539219    14.9165    14.9108    33.8309    33.8213    25.0888    25.0826     9.1554     9.2582    279.109    282.242     2.8266     2.6862     0.1551     2.8517     3.2149     0.4786     0.2369 -121.81780   36.80858      33.92         13  0.000e+00
      23626    984.375      3.411      3.437    14.9158    14.9146  41.557904  41.543661    14.9153    14.9141    33.8344    33.8225    25.0917    25.0829     9.1554     9.2575    279.108    282.221     2.8266     2.6862     0.1551     2.8517     3.2149     0.4811     0.2381 -121.81780   36.80858      33.92         13  0.000e+00
      23627    984.417      3.411      3.437    14.9162    14.9156  41.562618  41.545612    14.9156    14.9151    33.8384    33.8234    25.0947    25.0833     9.1599     9.2520    279.245    282.055     2.8278     2.6850     0.1551     2.8517     3.2149     0.4811     0.2381 -121.81780   36.80858      33.92         13  0.000e+00
      23628    984.458      3.424      3.450    14.9180    14.9144  41.563560  41.545276    14.9175    14.9139    33.8376    33.8241    25.0938    25.0841     9.1597     9.2522    279.236    282.061     2.8278     2.6850     0.1551     2.8517     3.2149     0.4811     0.2381 -121.81780   36.80858      33.92         13  0.000e+00
      23629    984.500      3.411      3.437    14.9190    14.9130  41.561809  41.546353    14.9185    14.9125    33.8352    33.8263    25.0917    25.0861     9.1596     9.2524    279.235    282.065     2.8278     2.6850     0.1563     2.8822     3.2161     0.4811     0.2381 -121.81780   36.80858      33.94         13  0.000e+00
      23630    984.542      3.365      3.390    14.9190    14.9166  41.559654  41.550592    14.9185    14.9161    33.8332    33.8271    25.0902    25.0859     9.1596     9.2516    279.237    282.040     2.8278     2.6850     0.1600     2.9738     3.2149     0.4799     0.2369 -121.81780   36.80858      33.97         13  0.000e+00
      23631    984.583      3.411      3.437    14.9187    14.9209  41.558913  41.555707    14.9181    14.9204    33.8328    33.8280    25.0899    25.0857     9.1598     9.2507    279.241    282.015     2.8278     2.6850     0.1612     3.0043     3.2149     0.4774     0.2369 -121.81780   36.80858      33.94         13  0.000e+00
      23632    984.625      3.411      3.437    14.9193    14.9236  41.559654  41.559004    14.9188    14.9231    33.8329    33.8286    25.0899    25.0856     9.1597     9.2501    279.237    281.997     2.8278     2.6850     0.1612     3.0043     3.2149     0.4750     0.2357 -121.81780   36.80858      33.97         13  0.000e+00
      23633    984.667      3.365      3.390    14.9198    14.9261  41.560664  41.559946    14.9193    14.9256    33.8334    33.8273    25.0901    25.0841     9.1595     9.2497    279.232    281.983     2.8278     2.6850     0.1612     3.0043     3.2149     0.4737     0.2357 -121.81780   36.80858      33.94         13  0.000e+00
      23634    984.708      3.411      3.437    14.9195    14.9266  41.560934  41.557994    14.9190    14.9261    33.8339    33.8251    25.0906    25.0822     9.1596     9.2497    279.234    281.986     2.8278     2.6850     0.1612     3.0043     3.2149     0.4725     0.2344 -121.81780   36.80858      33.94         13  0.000e+00
      23635    984.750      3.365      3.390    14.9201    14.9251  41.561203  41.556177    14.9196    14.9245    33.8336    33.8248    25.0902    25.0824     9.1594     9.2500    279.230    281.994     2.8278     2.6850     0.1612     3.0043     3.2161     0.4713     0.2344 -121.81780   36.80858      33.97         13  0.000e+00
      23636    984.792      3.411      3.437    14.9219    14.9277  41.561068  41.558735    14.9214    14.9272    33.8320    33.8248    25.0886    25.0818     9.1592     9.2496    279.225    281.980     2.8278     2.6850     0.1612     3.0043     3.2161     0.4701     0.2332 -121.81780   36.80856      33.94         13  0.000e+00
      23637    984.833      3.312      3.337    14.9219    14.9288  41.560596  41.563782    14.9214    14.9284    33.8316    33.8284    25.0883    25.0843     9.1591     9.2490    279.222    281.963     2.8278     2.6850     0.1612     3.0043     3.2149     0.4689     0.2320 -121.81780   36.80856      33.94         13  0.000e+00
      23638    984.875      3.411      3.437    14.9209    14.9313  41.560597  41.568090    14.9204    14.9308    33.8324    33.8302    25.0892    25.0852     9.1594     9.2485    279.229    281.948     2.8278     2.6850     0.1612     3.0043     3.2161     0.4676     0.2320 -121.81780   36.80856      33.94         13  0.000e+00
      23639    984.917      3.365      3.390    14.9200    14.9329  41.559856  41.570917    14.9195    14.9324    33.8325    33.8314    25.0894    25.0857     9.1595     9.2481    279.232    281.934     2.8278     2.6850     0.1612     3.0043     3.2161     0.4664     0.2320 -121.81780   36.80856      33.97         13  0.000e+00
      23640    984.958      3.378      3.403    14.9185    14.9333  41.559183  41.572129    14.9180    14.9328    33.8332    33.8321    25.0903    25.0862     9.1645     9.2480    279.386    281.931     2.8291     2.6850     0.1612     3.0043     3.2149     0.4652     0.2320 -121.81780   36.80856      33.97         13  0.000e+00
      23641    985.000      3.312      3.337    14.9160    14.9312  41.559721  41.571725    14.9155    14.9307    33.8359    33.8336    25.0929    25.0878     9.1648     9.2482    279.392    281.938     2.8291     2.6850     0.1612     3.0043     3.2149     0.4652     0.2320 -121.81780   36.80856      34.02         13  0.000e+00
      23642    985.042      3.365      3.390    14.9146    14.9313  41.559654  41.570783    14.9141    14.9308    33.8370    33.8327    25.0940    25.0871     9.1650     9.2483    279.400    281.942     2.8291     2.6850     0.1612     3.0043     3.2149     0.4652     0.2320 -121.81780   36.80856      34.04         13  0.000e+00
      23643    985.083      3.365      3.390    14.9143    14.9310  41.559250  41.570244    14.9138    14.9305    33.8369    33.8324    25.0941    25.0869     9.1651     9.2484    279.402    281.944     2.8291     2.6850     0.1612     3.0043     3.2149     0.4652     0.2320 -121.81780   36.80856      34.04         13  0.000e+00
