WCOA/WCOA-6/CTD_Data/RB2102_CTD_053_01.ros
* Sea-Bird SBE 9 Data File:
* FileName = C:\Users\scs.user.rb\CTD\RB2102\Data\RB2102_CTD_053_01.hex
* Software Version Seasave V 7.26.7.107
* Temperature SN = 6202
* Conductivity SN = 4907
* Number of Bytes Per Scan = 41
* Number of Voltage Words = 4
* Number of Scans Averaged by the Deck Unit = 1
* NMEA Latitude = 43 59.92 N
* NMEA Longitude = 125 06.17 W
* NMEA UTC (Time) = Jul 04 2021  20:40:30
* NMEA baud rate = 4800
# nquan = 30
# nvalues = 1127                                  
# units = specified
# name 0 = scan: Scan Count
# name 1 = timeS: Time, Elapsed [seconds]
# name 2 = depSM: Depth [salt water, m]
# name 3 = prDM: Pressure, Digiquartz [db]
# name 4 = t090C: Temperature [ITS-90, deg C]
# name 5 = t190C: Temperature, 2 [ITS-90, deg C]
# name 6 = c0mS/cm: Conductivity [mS/cm]
# name 7 = c1mS/cm: Conductivity, 2 [mS/cm]
# name 8 = potemp090C: Potential Temperature [ITS-90, deg C]
# name 9 = potemp190C: Potential Temperature, 2 [ITS-90, deg C]
# name 10 = sal00: Salinity, Practical [PSU]
# name 11 = sal11: Salinity, Practical, 2 [PSU]
# name 12 = sigma-é00: Density [sigma-theta, kg/m^3]
# name 13 = sigma-é11: Density, 2 [sigma-theta, kg/m^3]
# name 14 = sbeox0Mg/L: Oxygen, SBE 43 [mg/l]
# name 15 = sbeox1Mg/L: Oxygen, SBE 43, 2 [mg/l]
# name 16 = sbox0Mm/Kg: Oxygen, SBE 43 [umol/kg]
# name 17 = sbox1Mm/Kg: Oxygen, SBE 43, 2 [umol/kg]
# name 18 = sbeox0V: Oxygen raw, SBE 43 [V]
# name 19 = sbeox1V: Oxygen raw, SBE 43, 2 [V]
# name 20 = v4: Voltage 4
# name 21 = flECO-AFL: Fluorescence, WET Labs ECO-AFL/FL [mg/m^3]
# name 22 = v3: Voltage 3
# name 23 = v6: Voltage 6
# name 24 = v7: Voltage 7
# name 25 = longitude: Longitude [deg]
# name 26 = latitude: Latitude [deg]
# name 27 = altM: Altimeter [m]
# name 28 = nbf: Bottles Fired
# name 29 = flag:  0.000e+00
# interval = seconds: 0.0416667
# start_time = Jul 04 2021 20:40:30 [NMEA time, header]
# bad_flag = -9.990e-29
*END*
[from data line 726]
     123433   5143.000     50.466     50.880     8.7471     8.7396  34.667625  34.663916     8.7419     8.7344    32.6210    32.6241    25.2955    25.2990     7.5302     7.7274    229.516    235.525     2.1453     2.0647     0.0501     0.2265     3.2796     0.0000     0.0000 -125.10750   43.99878      96.61         15  0.000e+00
     123434   5143.042     50.466     50.880     8.7472     8.7416  34.668001  34.664541     8.7420     8.7364    32.6213    32.6229    25.2957    25.2978     7.5302     7.7271    229.515    235.516     2.1453     2.0647     0.0501     0.2265     3.2796     0.0000     0.0000 -125.10750   43.99878     100.00         15  0.000e+00
     123435   5143.083     50.519     50.934     8.7473     8.7437  34.668126  34.664792     8.7421     8.7385    32.6214    32.6212    25.2957    25.2962     7.5302     7.7268    229.516    235.508     2.1453     2.0647     0.0501     0.2265     3.2808     0.0000     0.0000 -125.10750   43.99878     100.00         15  0.000e+00
     123436   5143.125     50.466     50.880     8.7476     8.7437  34.667687  34.664979     8.7424     8.7385    32.6207    32.6214    25.2951    25.2963     7.5301     7.7267    229.514    235.506     2.1453     2.0647     0.0501     0.2265     3.2808     0.0000     0.0000 -125.10750   43.99878      99.44         15  0.000e+00
     123437   5143.167     50.452     50.867     8.7474     8.7428  34.668189  34.665293     8.7422     8.7376    32.6213    32.6226    25.2957    25.2973     7.5301     7.7268    229.514    235.509     2.1453     2.0647     0.0501     0.2265     3.2808     0.0000     0.0000 -125.10750   43.99878      99.32         15  0.000e+00
     123438   5143.208     50.466     50.880     8.7478     8.7413  34.668001  34.664917     8.7426     8.7361    32.6208    32.6236    25.2952    25.2984     7.5301     7.7271    229.513    235.516     2.1453     2.0647     0.0513     0.2571     3.2784     0.0000     0.0000 -125.10750   43.99878      99.32         15  0.000e+00
     123439   5143.250     50.466     50.880     8.7476     8.7398  34.667813  34.664792     8.7424     8.7346    32.6208    32.6249    25.2952    25.2996     7.5357     7.7273    229.683    235.523     2.1465     2.0647     0.0501     0.2265     3.2796     0.0000     0.0000 -125.10750   43.99878      99.32         15  0.000e+00
     123440   5143.292     50.466     50.880     8.7479     8.7390  34.667374  34.664542     8.7427     8.7338    32.6201    32.6253    25.2946    25.3001     7.5356     7.7274    229.683    235.527     2.1465     2.0647     0.0501     0.2265     3.2796     0.0000     0.0000 -125.10750   43.99878      99.32         15  0.000e+00
     123441   5143.333     50.466     50.880     8.7466     8.7388  34.666936  34.664229     8.7414     8.7336    32.6208    32.6251    25.2953    25.3000     7.5358     7.7335    229.688    235.712     2.1465     2.0659     0.0513     0.2571     3.2796     0.0000     0.0000 -125.10750   43.99878      99.32         15  0.000e+00
     126534   5272.208     39.900     40.227     8.7945     8.7955  34.499143  34.491190     8.7904     8.7914    32.4064    32.3973    25.1201    25.1127     8.2198     8.5085    250.577    259.381     2.2991     2.2247     0.0574     0.4097     3.2772     0.0000     0.0000 -125.10756   43.99880      99.39         16  0.000e+00
     126535   5272.250     39.960     40.287     8.7949     8.7949  34.499456  34.491752     8.7907     8.7908    32.4064    32.3984    25.1200    25.1137     8.2198     8.5026    250.577    259.200     2.2991     2.2234     0.0562     0.3792     3.2772     0.0000     0.0000 -125.10756   43.99880      99.39         16  0.000e+00
     126536   5272.292     39.900     40.227     8.7953     8.7951  34.499581  34.491815     8.7912     8.7909    32.4062    32.3983    25.1197    25.1136     8.2252     8.5085    250.742    259.381     2.3004     2.2247     0.0562     0.3792     3.2759     0.0000     0.0000 -125.10756   43.99880      99.39         16  0.000e+00
     126537   5272.333     39.900     40.227     8.7960     8.7952  34.499768  34.492627     8.7919     8.7910    32.4058    32.3991    25.1193    25.1142     8.2195     8.5085    250.570    259.379     2.2991     2.2247     0.0562     0.3792     3.2772     0.0000     0.0000 -125.10756   43.99880      99.39         16  0.000e+00
     126538   5272.375     39.854     40.180     8.7963     8.7952  34.499393  34.492252     8.7922     8.7911    32.4051    32.3986    25.1187    25.1138     8.2195     8.5024    250.568    259.194     2.2991     2.2234     0.0562     0.3792     3.2784     0.0000     0.0000 -125.10756   43.99880      99.39         16  0.000e+00
     126539   5272.417     39.999     40.327     8.7962     8.7954  34.499456  34.492252     8.7920     8.7913    32.4052    32.3984    25.1189    25.1136     8.2196     8.5146    250.573    259.567     2.2991     2.2259     0.0562     0.3792     3.2772     0.0000     0.0000 -125.10756   43.99880      99.39         16  0.000e+00
     126540   5272.458     39.900     40.227     8.7966     8.7946  34.499581  34.492315     8.7925     8.7905    32.4050    32.3993    25.1186    25.1144     8.2250     8.5086    250.736    259.383     2.3004     2.2247     0.0562     0.3792     3.2784     0.0000     0.0000 -125.10756   43.99880      99.39         16  0.000e+00
     126541   5272.500     39.946     40.274     8.7971     8.7940  34.499581  34.492565     8.7930     8.7899    32.4045    32.4000    25.1181    25.1151     8.2250     8.5027    250.736    259.202     2.3004     2.2234     0.0562     0.3792     3.2772     0.0000     0.0000 -125.10756   43.99880      99.39         16  0.000e+00
     126542   5272.542     39.900     40.227     8.7973     8.7946  34.499331  34.493314     8.7932     8.7905    32.4041    32.4003    25.1178    25.1152     8.2249     8.5085    250.734    259.381     2.3004     2.2247     0.0562     0.3792     3.2784     0.0000     0.0000 -125.10756   43.99880      99.39         16  0.000e+00
     126543   5272.583     39.900     40.227     8.7975     8.7941  34.499268  34.493814     8.7933     8.7900    32.4039    32.4013    25.1176    25.1161     8.2249     8.5086    250.733    259.382     2.3004     2.2247     0.0574     0.4097     3.2772     0.0000     0.0000 -125.10756   43.99880      99.39         16  0.000e+00
     126544   5272.625     39.946     40.274     8.7979     8.7937  34.499018  34.493814     8.7938     8.7896    32.4032    32.4016    25.1170    25.1164     8.2249     8.5027    250.733    259.201     2.3004     2.2234     0.0562     0.3792     3.2784     0.0000     0.0000 -125.10756   43.99880      99.39         16  0.000e+00
     126545   5272.667     39.900     40.227     8.7978     8.7943  34.498955  34.493627     8.7937     8.7901    32.4033    32.4009    25.1171    25.1158     8.2249     8.5086    250.733    259.382     2.3004     2.2247     0.0562     0.3792     3.2784     0.0000     0.0000 -125.10756   43.99880      99.39         16  0.000e+00
     126546   5272.708     39.900     40.227     8.7979     8.7952  34.498705  34.494002     8.7938     8.7911    32.4029    32.4004    25.1167    25.1152     8.2248     8.5144    250.732    259.560     2.3004     2.2259     0.0562     0.3792     3.2759     0.0000     0.0000 -125.10756   43.99880      99.39         16  0.000e+00
     126547   5272.750     39.947     40.274     8.7978     8.7962  34.498643  34.493877     8.7937     8.7921    32.4029    32.3994    25.1168    25.1143     8.2249     8.5022    250.735    259.190     2.3004     2.2234     0.0562     0.3792     3.2772     0.0000     0.0000 -125.10756   43.99880      99.39         16  0.000e+00
     126548   5272.792     39.900     40.227     8.7975     8.7963  34.498643  34.493189     8.7933     8.7922    32.4032    32.3986    25.1171    25.1136     8.2249     8.5022    250.735    259.189     2.3004     2.2234     0.0562     0.3792     3.2772     0.0000     0.0000 -125.10756   43.99880      99.39         16  0.000e+00
     126549   5272.833     39.947     40.274     8.7970     8.7964  34.499331  34.493377     8.7928     8.7923    32.4044    32.3987    25.1181    25.1137     8.2250     8.5143    250.737    259.558     2.3004     2.2259     0.0562     0.3792     3.2784     0.0000     0.0000 -125.10756   43.99880      99.39         16  0.000e+00
     126550   5272.875     39.900     40.227     8.7965     8.7964  34.498830  34.493564     8.7924     8.7923    32.4043    32.3989    25.1181    25.1139     8.2250     8.5082    250.738    259.372     2.3004     2.2247     0.0562     0.3792     3.2772     0.0000     0.0000 -125.10756   43.99880      99.39         16  0.000e+00
     126551   5272.917     39.900     40.227     8.7963     8.7965  34.498830  34.494001     8.7922     8.7924    32.4045    32.3993    25.1183    25.1142     8.2251     8.5082    250.739    259.371     2.3004     2.2247     0.0562     0.3792     3.2772     0.0000     0.0000 -125.10756   43.99880      99.39         16  0.000e+00
     126552   5272.958     39.914     40.240     8.7965     8.7964  34.498455  34.493939     8.7924     8.7923    32.4039    32.3993    25.1178    25.1142     8.2251     8.5143    250.739    259.556     2.3004     2.2259     0.0562     0.3792     3.2784     0.0000     0.0000 -125.10756   43.99880      99.39         16  0.000e+00
     126553   5273.000     39.947     40.274     8.7963     8.7964  34.498330  34.494501     8.7922     8.7923    32.4040    32.3999    25.1178    25.1146     8.2252     8.5082    250.742    259.372     2.3004     2.2247     0.0562     0.3792     3.2784     0.0000     0.0000 -125.10756   43.99880      99.39         16  0.000e+00
     126554   5273.042     39.900     40.227     8.7963     8.7965  34.498080  34.494939     8.7922     8.7924    32.4037    32.4003    25.1176    25.1149     8.2251     8.5021    250.740    259.185     2.3004     2.2234     0.0574     0.4097     3.2772     0.0000     0.0000 -125.10756   43.99880      99.39         16  0.000e+00
     126555   5273.083     39.900     40.227     8.7962     8.7967  34.498205  34.495126     8.7920     8.7926    32.4040    32.4003    25.1179    25.1149     8.2251     8.5141    250.741    259.551     2.3004     2.2259     0.0586     0.4402     3.2772     0.0000     0.0000 -125.10756   43.99880      99.39         16  0.000e+00
     126556   5273.125     39.900     40.227     8.7963     8.7970  34.498080  34.496001     8.7922     8.7929    32.4037    32.4009    25.1176    25.1153     8.2251     8.5080    250.740    259.364     2.3004     2.2247     0.0586     0.4402     3.2784     0.0000     0.0000 -125.10756   43.99880      99.39         16  0.000e+00
     126557   5273.167     39.900     40.227     8.7963     8.7975  34.498205  34.496376     8.7922     8.7934    32.4039    32.4008    25.1177    25.1152     8.2251     8.5019    250.740    259.177     2.3004     2.2234     0.0574     0.4097     3.2784     0.0000     0.0000 -125.10756   43.99880      99.39         16  0.000e+00
     126558   5273.208     39.900     40.227     8.7963     8.7976  34.498330  34.496563     8.7922     8.7935    32.4040    32.4009    25.1179    25.1153     8.2306     8.5139    250.909    259.545     2.3016     2.2259     0.0586     0.4402     3.2772     0.0000     0.0000 -125.10756   43.99880      99.39         16  0.000e+00
     126559   5273.250     39.854     40.180     8.7963     8.7977  34.498518  34.496251     8.7922     8.7936    32.4042    32.4006    25.1180    25.1150     8.2306     8.5078    250.907    259.359     2.3016     2.2247     0.0586     0.4402     3.2772     0.0000     0.0000 -125.10756   43.99880      99.39         16  0.000e+00
     126560   5273.292     39.900     40.227     8.7960     8.7978  34.498830  34.495563     8.7919     8.7937    32.4048    32.3997    25.1185    25.1143     8.2251     8.5018    250.740    259.177     2.3004     2.2234     0.0574     0.4097     3.2784     0.0000     0.0000 -125.10756   43.99880      99.39         16  0.000e+00
     126561   5273.333     39.854     40.180     8.7960     8.7984  34.499143  34.494876     8.7919     8.7943    32.4051    32.3985    25.1188    25.1132     8.2306     8.5138    250.907    259.543     2.3016     2.2259     0.0586     0.4402     3.2784     0.0000     0.0000 -125.10756   43.99880      99.39         16  0.000e+00
     126562   5273.375     39.854     40.181     8.7955     8.7984  34.499456  34.494376     8.7914     8.7943    32.4059    32.3980    25.1195    25.1128     8.2306     8.5078    250.908    259.360     2.3016     2.2247     0.0586     0.4402     3.2772     0.0000     0.0000 -125.10756   43.99880      99.39         16  0.000e+00
     126563   5273.417     39.854     40.181     8.7958     8.7987  34.499956  34.494126     8.7917     8.7946    32.4061    32.3974    25.1196    25.1124     8.2306     8.5017    250.906    259.175     2.3016     2.2234     0.0586     0.4402     3.2772     0.0000     0.0000 -125.10756   43.99880      99.39         16  0.000e+00
     126564   5273.458     39.854     40.181     8.7955     8.7987  34.499893  34.493501     8.7914     8.7946    32.4064    32.3968    25.1198    25.1118     8.2306     8.5139    250.908    259.544     2.3016     2.2259     0.0586     0.4402     3.2772     0.0000     0.0000 -125.10756   43.99880      99.39         16  0.000e+00
     126565   5273.500     39.901     40.227     8.7956     8.7981  34.500769  34.493501     8.7915     8.7940    32.4071    32.3973    25.1204    25.1123     8.2306     8.5080    250.907    259.364     2.3016     2.2247     0.0586     0.4402     3.2759     0.0000     0.0000 -125.10756   43.99880      99.39         16  0.000e+00
     126566   5273.542     39.801     40.127     8.7958     8.7974  34.501081  34.492626     8.7917     8.7933    32.4073    32.3971    25.1205    25.1123     8.2304     8.5020    250.902    259.182     2.3016     2.2234     0.0574     0.4097     3.2784     0.0000     0.0000 -125.10756   43.99880      99.39         16  0.000e+00
     126567   5273.583     39.801     40.127     8.7960     8.7965  34.501081  34.491877     8.7919     8.7924    32.4072    32.3971    25.1204    25.1124     8.2304     8.5022    250.902    259.187     2.3016     2.2234     0.0586     0.4402     3.2759     0.0000     0.0000 -125.10756   43.99880      99.39         16  0.000e+00
     126568   5273.625     39.854     40.181     8.7963     8.7960  34.501269  34.491439     8.7922     8.7919    32.4071    32.3971    25.1203    25.1125     8.2304     8.5144    250.902    259.560     2.3016     2.2259     0.0586     0.4402     3.2772     0.0000     0.0000 -125.10756   43.99880      99.39         16  0.000e+00
     126569   5273.667     39.815     40.141     8.7960     8.7956  34.501144  34.490752     8.7919     8.7915    32.4073    32.3968    25.1205    25.1123     8.2360     8.5084    251.071    259.378     2.3028     2.2247     0.0574     0.4097     3.2784     0.0000     0.0000 -125.10756   43.99880      99.39         16  0.000e+00
     126570   5273.708     39.755     40.081     8.7963     8.7952  34.500831  34.490439     8.7922     8.7912    32.4067    32.3968    25.1199    25.1124     8.2303     8.5024    250.899    259.194     2.3016     2.2234     0.0586     0.4402     3.2759     0.0000     0.0000 -125.10756   43.99880      99.39         16  0.000e+00
     126571   5273.750     39.801     40.127     8.7962     8.7947  34.500268  34.490502     8.7921     8.7906    32.4062    32.3973    25.1196    25.1129     8.2360     8.5025    251.071    259.198     2.3028     2.2234     0.0586     0.4402     3.2772     0.0000     0.0000 -125.10756   43.99880      99.39         16  0.000e+00
