WCOA/WCOA-6/CTD_Data/RB2102_CTD_040_01.ros
* Sea-Bird SBE 9 Data File:
* FileName = C:\Users\scs.user.rb\CTD\RB2102\Data\RB2102_CTD_040_01.hex
* Software Version Seasave V 7.26.7.107
* Temperature SN = 6202
* Conductivity SN = 4907
* Number of Bytes Per Scan = 41
* Number of Voltage Words = 4
* Number of Scans Averaged by the Deck Unit = 1
* NMEA Latitude = 47 06.83 N
* NMEA Longitude = 124 49.37 W
* NMEA UTC (Time) = Jul 02 2021  15:15:02
* NMEA baud rate = 4800
# nquan = 30
# nvalues = 784                                   
# units = specified
# name 0 = scan: Scan Count
# name 1 = timeS: Time, Elapsed [seconds]
# name 2 = depSM: Depth [salt water, m]
# name 3 = prDM: Pressure, Digiquartz [db]
# name 4 = t090C: Temperature [ITS-90, deg C]
# name 5 = t190C: Temperature, 2 [ITS-90, deg C]
# name 6 = c0mS/cm: Conductivity [mS/cm]
# name 7 = c1mS/cm: Conductivity, 2 [mS/cm]
# name 8 = potemp090C: Potential Temperature [ITS-90, deg C]
# name 9 = potemp190C: Potential Temperature, 2 [ITS-90, deg C]
# name 10 = sal00: Salinity, Practical [PSU]
# name 11 = sal11: Salinity, Practical, 2 [PSU]
# name 12 = sigma-é00: Density [sigma-theta, kg/m^3]
# name 13 = sigma-é11: Density, 2 [sigma-theta, kg/m^3]
# name 14 = sbeox0Mg/L: Oxygen, SBE 43 [mg/l]
# name 15 = sbeox1Mg/L: Oxygen, SBE 43, 2 [mg/l]
# name 16 = sbox0Mm/Kg: Oxygen, SBE 43 [umol/kg]
# name 17 = sbox1Mm/Kg: Oxygen, SBE 43, 2 [umol/kg]
# name 18 = sbeox0V: Oxygen raw, SBE 43 [V]
# name 19 = sbeox1V: Oxygen raw, SBE 43, 2 [V]
# name 20 = v4: Voltage 4
# name 21 = flECO-AFL: Fluorescence, WET Labs ECO-AFL/FL [mg/m^3]
# name 22 = v3: Voltage 3
# name 23 = v6: Voltage 6
# name 24 = v7: Voltage 7
# name 25 = longitude: Longitude [deg]
# name 26 = latitude: Latitude [deg]
# name 27 = altM: Altimeter [m]
# name 28 = nbf: Bottles Fired
# name 29 = flag:  0.000e+00
# interval = seconds: 0.0416667
# start_time = Jul 02 2021 15:15:02 [NMEA time, header]
# bad_flag = -9.990e-29
*END*
[from data line 774]
      55276   2303.125      3.749      3.781    15.7558    15.7553  40.122883  40.122290    15.7552    15.7547    31.8444    31.8443    23.3761    23.3761     9.2404     9.4319    282.171    288.018     2.8596     2.7399     0.0696     0.7149     3.2650     0.8608     0.0000 -124.82414   47.11324      99.85         16  0.000e+00
      55277   2303.167      3.749      3.781    15.7557    15.7552  40.122485  40.122224    15.7552    15.7546    31.8441    31.8443    23.3759    23.3761     9.2357     9.4319    282.027    288.019     2.8584     2.7399     0.0696     0.7149     3.2637     0.8608     0.0000 -124.82414   47.11324      99.85         16  0.000e+00
      55278   2303.208      3.796      3.828    15.7557    15.7553  40.122817  40.122158    15.7552    15.7547    31.8444    31.8441    23.3761    23.3760     9.2357     9.4320    282.028    288.020     2.8584     2.7399     0.0684     0.6844     3.2650     0.8596     0.0000 -124.82414   47.11324      99.85         16  0.000e+00
      55279   2303.250      3.697      3.728    15.7557    15.7554  40.122551  40.122158    15.7552    15.7548    31.8442    31.8441    23.3759    23.3760     9.2356     9.4318    282.025    288.016     2.8584     2.7399     0.0696     0.7149     3.2637     0.8596     0.0000 -124.82414   47.11324      99.85         16  0.000e+00
      55280   2303.292      3.849      3.881    15.7557    15.7550  40.122684  40.121694    15.7551    15.7544    31.8443    31.8440    23.3761    23.3760     9.2358     9.4321    282.030    288.025     2.8584     2.7399     0.0696     0.7149     3.2637     0.8596     0.0000 -124.82414   47.11324      99.85         16  0.000e+00
      55281   2303.333      3.796      3.828    15.7554    15.7551  40.122219  40.121959    15.7548    15.7545    31.8441    31.8442    23.3760    23.3761     9.2358     9.4320    282.030    288.022     2.8584     2.7399     0.0684     0.6844     3.2650     0.8596     0.0000 -124.82414   47.11324      99.85         16  0.000e+00
      55282   2303.375      3.849      3.881    15.7556    15.7551  40.122485  40.121893    15.7550    15.7545    31.8442    31.8441    23.3760    23.3760     9.2358     9.4321    282.031    288.024     2.8584     2.7399     0.0684     0.6844     3.2650     0.8596     0.0000 -124.82414   47.11324      99.85         16  0.000e+00
      55283   2303.417      3.796      3.828    15.7555    15.7550  40.123016  40.122025    15.7549    15.7544    31.8448    31.8443    23.3764    23.3762     9.2358     9.4320    282.029    288.022     2.8584     2.7399     0.0684     0.6844     3.2650     0.8596     0.0000 -124.82414   47.11324      99.85         16  0.000e+00
      55284   2303.458      3.862      3.894    15.7557    15.7551  40.122884  40.122357    15.7551    15.7545    31.8444    31.8445    23.3761    23.3763     9.2358     9.4321    282.030    288.024     2.8584     2.7399     0.0696     0.7149     3.2637     0.8596     0.0000 -124.82414   47.11324      99.85         16  0.000e+00
      55285   2303.500      3.796      3.828    15.7557    15.7548  40.122485  40.122291    15.7552    15.7542    31.8441    31.8447    23.3759    23.3765     9.2405     9.4269    282.174    287.865     2.8596     2.7387     0.0684     0.6844     3.2650     0.8596     0.0000 -124.82414   47.11324      99.85         16  0.000e+00
