WCOA/WCOA-6/CTD_Data/RB2102_CTD_023_01.ros
* Sea-Bird SBE 9 Data File:
* FileName = C:\Users\scs.user.rb\CTD\RB2102\Data\RB2102_CTD_023_01.hex
* Software Version Seasave V 7.26.7.107
* Temperature SN = 6202
* Conductivity SN = 4907
* Number of Bytes Per Scan = 41
* Number of Voltage Words = 4
* Number of Scans Averaged by the Deck Unit = 1
* NMEA Latitude = 47 56.73 N
* NMEA Longitude = 124 44.79 W
* NMEA UTC (Time) = Jun 29 2021  11:35:40
* NMEA baud rate = 4800
# nquan = 30
# nvalues = 588                                   
# units = specified
# name 0 = scan: Scan Count
# name 1 = timeS: Time, Elapsed [seconds]
# name 2 = depSM: Depth [salt water, m]
# name 3 = prDM: Pressure, Digiquartz [db]
# name 4 = t090C: Temperature [ITS-90, deg C]
# name 5 = t190C: Temperature, 2 [ITS-90, deg C]
# name 6 = c0mS/cm: Conductivity [mS/cm]
# name 7 = c1mS/cm: Conductivity, 2 [mS/cm]
# name 8 = potemp090C: Potential Temperature [ITS-90, deg C]
# name 9 = potemp190C: Potential Temperature, 2 [ITS-90, deg C]
# name 10 = sal00: Salinity, Practical [PSU]
# name 11 = sal11: Salinity, Practical, 2 [PSU]
# name 12 = sigma-é00: Density [sigma-theta, kg/m^3]
# name 13 = sigma-é11: Density, 2 [sigma-theta, kg/m^3]
# name 14 = sbeox0Mg/L: Oxygen, SBE 43 [mg/l]
# name 15 = sbeox1Mg/L: Oxygen, SBE 43, 2 [mg/l]
# name 16 = sbox0Mm/Kg: Oxygen, SBE 43 [umol/kg]
# name 17 = sbox1Mm/Kg: Oxygen, SBE 43, 2 [umol/kg]
# name 18 = sbeox0V: Oxygen raw, SBE 43 [V]
# name 19 = sbeox1V: Oxygen raw, SBE 43, 2 [V]
# name 20 = v4: Voltage 4
# name 21 = flECO-AFL: Fluorescence, WET Labs ECO-AFL/FL [mg/m^3]
# name 22 = v3: Voltage 3
# name 23 = v6: Voltage 6
# name 24 = v7: Voltage 7
# name 25 = longitude: Longitude [deg]
# name 26 = latitude: Latitude [deg]
# name 27 = altM: Altimeter [m]
# name 28 = nbf: Bottles Fired
# name 29 = flag:  0.000e+00
# interval = seconds: 0.0416667
# start_time = Jun 29 2021 11:35:40 [NMEA time, header]
# bad_flag = -9.990e-29
*END*
[from data line 532]
      30579   1274.083      3.375      3.404    16.3753    16.3762  40.943979  40.943594    16.3747    16.3756    32.0679    32.0669    23.4089    23.4079    14.2071    13.3276    433.823    406.968     4.1856     3.7094     0.2466     5.1411     3.2369     1.7485     0.0000 -124.74608   47.94572      32.53         11  0.000e+00
      30580   1274.125      3.322      3.350    16.3751    16.3757  40.944314  40.943594    16.3745    16.3751    32.0684    32.0673    23.4093    23.4084    14.2023    13.3276    433.677    406.968     4.1844     3.7094     0.2479     5.1716     3.2369     1.7485     0.0000 -124.74608   47.94572      32.48         11  0.000e+00
      30581   1274.167      3.375      3.404    16.3754    16.3758  40.943845  40.943528    16.3749    16.3753    32.0677    32.0671    23.4087    23.4082    14.2024    13.3277    433.680    406.970     4.1844     3.7094     0.2540     5.3242     3.2369     1.7485     0.0000 -124.74608   47.94572      32.48         11  0.000e+00
      30582   1274.208      3.322      3.350    16.3751    16.3760  40.944247  40.943527    16.3745    16.3755    32.0683    32.0669    23.4093    23.4080    14.2024    13.3276    433.678    406.966     4.1844     3.7094     0.2564     5.3853     3.2369     1.7485     0.0000 -124.74608   47.94572      32.45         11  0.000e+00
      30583   1274.250      3.375      3.404    16.3751    16.3757  40.944448  40.943059    16.3745    16.3751    32.0685    32.0668    23.4094    23.4080    14.2024    13.3278    433.680    406.972     4.1844     3.7094     0.2564     5.3853     3.2369     1.7485     0.0000 -124.74608   47.94572      32.48         11  0.000e+00
      30584   1274.292      3.322      3.350    16.3752    16.3757  40.944113  40.943728    16.3747    16.3751    32.0681    32.0674    23.4091    23.4084    14.2023    13.3276    433.677    406.968     4.1844     3.7094     0.2564     5.3853     3.2369     1.7485     0.0000 -124.74608   47.94572      32.48         11  0.000e+00
      30585   1274.333      3.375      3.404    16.3753    16.3757  40.944046  40.943661    16.3747    16.3751    32.0680    32.0673    23.4090    23.4084    14.2024    13.3277    433.680    406.971     4.1844     3.7094     0.2552     5.3547     3.2369     1.7485     0.0000 -124.74608   47.94572      32.50         11  0.000e+00
      30616   1275.625      3.713      3.744    16.3696    16.3714  40.942107  40.941924    16.3690    16.3708    32.0707    32.0691    23.4124    23.4107    14.1669    13.3039    432.593    406.244     4.1746     3.7033     0.2552     5.3547     3.2381     1.7497     0.0000 -124.74608   47.94572      32.82         12  0.000e+00
      30617   1275.667      3.666      3.698    16.3700    16.3712  40.943111  40.941656    16.3694    16.3706    32.0713    32.0691    23.4127    23.4107    14.1619    13.3039    432.442    406.243     4.1734     3.7033     0.2540     5.3242     3.2381     1.7497     0.0000 -124.74608   47.94572      32.80         12  0.000e+00
      30618   1275.708      3.713      3.744    16.3717    16.3714  40.944182  40.941522    16.3711    16.3708    32.0708    32.0688    23.4120    23.4105    14.1616    13.3040    432.431    406.245     4.1734     3.7033     0.2540     5.3242     3.2369     1.7497     0.0000 -124.74608   47.94572      32.80         12  0.000e+00
      30619   1275.750      3.666      3.698    16.3728    16.3717  40.944918  40.941723    16.3723    16.3712    32.0706    32.0687    23.4116    23.4103    14.1612    13.3038    432.420    406.240     4.1734     3.7033     0.2552     5.3547     3.2369     1.7497     0.0000 -124.74608   47.94572      32.80         12  0.000e+00
      30620   1275.792      3.766      3.798    16.3737    16.3714  40.944851  40.941255    16.3732    16.3708    32.0698    32.0685    23.4107    23.4103    14.1612    13.3041    432.420    406.248     4.1734     3.7033     0.2540     5.3242     3.2381     1.7497     0.0000 -124.74608   47.94572      32.80         12  0.000e+00
      30621   1275.833      3.733      3.764    16.3730    16.3716  40.943981  40.941322    16.3724    16.3710    32.0696    32.0684    23.4107    23.4102    14.1613    13.3040    432.425    406.245     4.1734     3.7033     0.2552     5.3547     3.2381     1.7497     0.0000 -124.74608   47.94572      32.82         12  0.000e+00
      30622   1275.875      3.667      3.698    16.3719    16.3714  40.943445  40.941723    16.3713    16.3708    32.0701    32.0689    23.4114    23.4106    14.1615    13.3039    432.429    406.242     4.1734     3.7033     0.2552     5.3547     3.2381     1.7497     0.0000 -124.74608   47.94572      33.09         12  0.000e+00
      30623   1275.917      3.713      3.744    16.3706    16.3714  40.942776  40.941589    16.3700    16.3708    32.0705    32.0688    23.4120    23.4105    14.1572    13.3040    432.298    406.244     4.1722     3.7033     0.2540     5.3242     3.2381     1.7497     0.0000 -124.74608   47.94572      33.26         12  0.000e+00
      30624   1275.958      3.713      3.744    16.3703    16.3716  40.942642  40.941522    16.3698    16.3710    32.0706    32.0686    23.4121    23.4103    14.1573    13.2989    432.300    406.088     4.1722     3.7021     0.2540     5.3242     3.2381     1.7497     0.0000 -124.74608   47.94572      33.28         12  0.000e+00
      30625   1276.000      3.667      3.698    16.3703    16.3719  40.942642  40.941924    16.3698    16.3713    32.0706    32.0687    23.4121    23.4103    14.1572    13.3038    432.298    406.238     4.1722     3.7033     0.2540     5.3242     3.2381     1.7497     0.0000 -124.74608   47.94572      33.28         12  0.000e+00
      30626   1276.042      3.713      3.744    16.3705    16.3719  40.942642  40.942459    16.3699    16.3713    32.0705    32.0692    23.4120    23.4107    14.1573    13.3038    432.299    406.239     4.1722     3.7033     0.2552     5.3547     3.2369     1.7497     0.0000 -124.74608   47.94572      33.26         12  0.000e+00
      30627   1276.083      3.667      3.698    16.3702    16.3719  40.942375  40.941991    16.3696    16.3713    32.0705    32.0688    23.4121    23.4104    14.1573    13.3038    432.299    406.238     4.1722     3.7033     0.2540     5.3242     3.2381     1.7497     0.0000 -124.74608   47.94572      33.28         12  0.000e+00
      30628   1276.125      3.713      3.744    16.3695    16.3717  40.941705  40.941589    16.3689    16.3712    32.0704    32.0685    23.4122    23.4102    14.1575    13.2988    432.308    406.087     4.1722     3.7021     0.2552     5.3547     3.2381     1.7497     0.0000 -124.74608   47.94572      33.50         12  0.000e+00
      30629   1276.167      3.713      3.744    16.3691    16.3716  40.941304  40.941723    16.3685    16.3710    32.0704    32.0688    23.4123    23.4105    14.1576    13.2988    432.311    406.088     4.1722     3.7021     0.2540     5.3242     3.2369     1.7497     0.0000 -124.74608   47.94572      33.60         12  0.000e+00
      30630   1276.208      3.680      3.711    16.3695    16.3719  40.941504  40.941790    16.3689    16.3713    32.0703    32.0686    23.4121    23.4102    14.1575    13.2987    432.306    406.084     4.1722     3.7021     0.2540     5.3242     3.2357     1.7497     0.0000 -124.74608   47.94572      33.60         12  0.000e+00
      30631   1276.250      3.667      3.698    16.3697    16.3719  40.941839  40.941790    16.3691    16.3713    32.0704    32.0686    23.4122    23.4102    14.1621    13.2987    432.447    406.083     4.1734     3.7021     0.2540     5.3242     3.2369     1.7497     0.0000 -124.74608   47.94572      33.60         12  0.000e+00
      30632   1276.292      3.667      3.698    16.3700    16.3717  40.941973  40.941857    16.3694    16.3712    32.0703    32.0688    23.4120    23.4104    14.1573    13.2987    432.301    406.084     4.1722     3.7021     0.2540     5.3242     3.2381     1.7497     0.0000 -124.74608   47.94572      33.60         12  0.000e+00
      30633   1276.333      3.667      3.698    16.3700    16.3712  40.942441  40.941589    16.3694    16.3707    32.0707    32.0690    23.4123    23.4107    14.1620    13.2988    432.444    406.088     4.1734     3.7021     0.2503     5.2326     3.2381     1.7497     0.0000 -124.74608   47.94572      33.55         12  0.000e+00
      30634   1276.375      3.667      3.698    16.3702    16.3712  40.942441  40.941522    16.3696    16.3706    32.0706    32.0689    23.4121    23.4107    14.1619    13.2989    432.442    406.088     4.1734     3.7021     0.2466     5.1411     3.2381     1.7497     0.0000 -124.74608   47.94572      33.33         12  0.000e+00
      30635   1276.417      3.667      3.698    16.3698    16.3712  40.941772  40.940920    16.3693    16.3707    32.0702    32.0684    23.4120    23.4102    14.1621    13.2989    432.446    406.090     4.1734     3.7021     0.2454     5.1105     3.2381     1.7497     0.0000 -124.74608   47.94572      33.26         12  0.000e+00
      30636   1276.458      3.620      3.651    16.3694    16.3716  40.942107  40.940987    16.3689    16.3710    32.0709    32.0682    23.4126    23.4100    14.1620    13.2937    432.445    405.930     4.1734     3.7009     0.2454     5.1105     3.2369     1.7497     0.0000 -124.74608   47.94572      33.26         12  0.000e+00
      30637   1276.500      3.667      3.698    16.3700    16.3709  40.942040  40.941121    16.3694    16.3703    32.0703    32.0688    23.4120    23.4106    14.1667    13.2939    432.588    405.936     4.1746     3.7009     0.2454     5.1105     3.2369     1.7497     0.0000 -124.74608   47.94572      33.28         12  0.000e+00
      30638   1276.542      3.634      3.664    16.3703    16.3707  40.942508  40.941388    16.3698    16.3702    32.0705    32.0692    23.4120    23.4110    14.1665    13.2938    432.583    405.935     4.1746     3.7009     0.2454     5.1105     3.2369     1.7497     0.0000 -124.74608   47.94572      33.26         12  0.000e+00
      30639   1276.583      3.567      3.598    16.3711    16.3707  40.942909  40.940920    16.3706    16.3702    32.0702    32.0688    23.4117    23.4107    14.1662    13.2938    432.573    405.933     4.1746     3.7009     0.2454     5.1105     3.2381     1.7497     0.0000 -124.74608   47.94572      33.31         12  0.000e+00
      30640   1276.625      3.620      3.651    16.3717    16.3703  40.943043  40.940987    16.3711    16.3698    32.0699    32.0692    23.4113    23.4110    14.1615    13.2939    432.429    405.937     4.1734     3.7009     0.2454     5.1105     3.2369     1.7497     0.0000 -124.74608   47.94572      33.36         12  0.000e+00
      30641   1276.667      3.620      3.651    16.3719    16.3706  40.942240  40.941388    16.3713    16.3700    32.0690    32.0693    23.4106    23.4111    14.1662    13.2938    432.573    405.935     4.1746     3.7009     0.2454     5.1105     3.2381     1.7497     0.0000 -124.74608   47.94572      33.41         12  0.000e+00
      30642   1276.708      3.567      3.598    16.3722    16.3711  40.941437  40.941522    16.3716    16.3705    32.0681    32.0691    23.4098    23.4108    14.1661    13.2936    432.570    405.929     4.1746     3.7009     0.2454     5.1105     3.2357     1.7485     0.0000 -124.74608   47.94572      33.38         12  0.000e+00
      30643   1276.750      3.567      3.598    16.3725    16.3717  40.940968  40.941723    16.3719    16.3712    32.0674    32.0687    23.4092    23.4104    14.1661    13.2935    432.570    405.924     4.1746     3.7009     0.2454     5.1105     3.2381     1.7497     0.0000 -124.74608   47.94572      33.41         12  0.000e+00
      30644   1276.792      3.620      3.651    16.3722    16.3721  40.942709  40.941054    16.3716    16.3715    32.0692    32.0678    23.4106    23.4096    14.1661    13.2986    432.570    406.082     4.1746     3.7021     0.2454     5.1105     3.2369     1.7497     0.0000 -124.74608   47.94572      33.38         12  0.000e+00
      30645   1276.833      3.521      3.551    16.3724    16.3722  40.943578  40.940384    16.3718    16.3717    32.0698    32.0672    23.4111    23.4090    14.1658    13.2985    432.561    406.077     4.1746     3.7021     0.2454     5.1105     3.2369     1.7497     0.0000 -124.74608   47.94572      33.38         12  0.000e+00
      30646   1276.875      3.521      3.551    16.3723    16.3722  40.942909  40.940920    16.3718    16.3717    32.0693    32.0676    23.4107    23.4094    14.1659    13.2984    432.563    406.076     4.1746     3.7021     0.2454     5.1105     3.2369     1.7485     0.0000 -124.74608   47.94572      33.41         12  0.000e+00
      30647   1276.917      3.534      3.564    16.3724    16.3724  40.942641  40.941120    16.3718    16.3719    32.0690    32.0677    23.4104    23.4094    14.1659    13.2933    432.564    405.920     4.1746     3.7009     0.2454     5.1105     3.2381     1.7497     0.0000 -124.74608   47.94572      33.41         12  0.000e+00
      30648   1276.958      3.521      3.551    16.3722    16.3724  40.942641  40.941655    16.3717    16.3719    32.0692    32.0681    23.4106    23.4097    14.1659    13.2933    432.565    405.918     4.1746     3.7009     0.2454     5.1105     3.2369     1.7485     0.0000 -124.74608   47.94572      33.41         12  0.000e+00
      30649   1277.000      3.475      3.504    16.3724    16.3726  40.942909  40.940785    16.3718    16.3720    32.0693    32.0672    23.4106    23.4090    14.1705    13.2932    432.704    405.917     4.1758     3.7009     0.2454     5.1105     3.2381     1.7497     0.0000 -124.74608   47.94572      33.41         12  0.000e+00
      30650   1277.042      3.521      3.551    16.3723    16.3728  40.942708  40.940317    16.3718    16.3722    32.0691    32.0667    23.4105    23.4086    14.1706    13.2933    432.707    405.919     4.1758     3.7009     0.2454     5.1105     3.2381     1.7497     0.0000 -124.74608   47.94572      33.41         12  0.000e+00
      30651   1277.083      3.475      3.504    16.3724    16.3725  40.942641  40.940919    16.3718    16.3720    32.0690    32.0674    23.4105    23.4092    14.1705    13.2932    432.704    405.917     4.1758     3.7009     0.2466     5.1411     3.2369     1.7497     0.0000 -124.74608   47.94572      33.33         12  0.000e+00
      30652   1277.125      3.475      3.504    16.3724    16.3726  40.942641  40.941923    16.3718    16.3720    32.0690    32.0682    23.4105    23.4098    14.1705    13.2982    432.704    406.069     4.1758     3.7021     0.2454     5.1105     3.2381     1.7497     0.0000 -124.74608   47.94572      33.14         12  0.000e+00
      30653   1277.167      3.422      3.451    16.3725    16.3726  40.942641  40.941923    16.3720    16.3720    32.0690    32.0683    23.4104    23.4098    14.1704    13.2981    432.701    406.066     4.1758     3.7021     0.2454     5.1105     3.2369     1.7485     0.0000 -124.74608   47.94572      33.04         12  0.000e+00
      30654   1277.208      3.475      3.504    16.3722    16.3724  40.942909  40.939983    16.3717    16.3719    32.0694    32.0667    23.4108    23.4086    14.1705    13.2933    432.705    405.920     4.1758     3.7009     0.2454     5.1105     3.2369     1.7497     0.0000 -124.74608   47.94572      33.06         12  0.000e+00
      30655   1277.250      3.422      3.451    16.3724    16.3728  40.942775  40.938778    16.3718    16.3722    32.0692    32.0654    23.4106    23.4076    14.1751    13.2932    432.844    405.918     4.1770     3.7009     0.2466     5.1411     3.2369     1.7497     0.0000 -124.74608   47.94572      33.06         12  0.000e+00
      30656   1277.292      3.389      3.418    16.3725    16.3726  40.942641  40.940785    16.3720    16.3721    32.0690    32.0673    23.4104    23.4091    14.1703    13.2931    432.699    405.912     4.1758     3.7009     0.2466     5.1411     3.2357     1.7485     0.0000 -124.74608   47.94572      33.06         12  0.000e+00
