WCOA/WCOA-6/CTD_Data/RB2102_CTD_121_01.ros
* Sea-Bird SBE 9 Data File:
* FileName = C:\Users\scs.user.rb\CTD\RB2102\Data\RB2102_CTD_121_01.hex
* Software Version Seasave V 7.26.7.107
* Temperature SN = 6202
* Conductivity SN = 4907
* Number of Bytes Per Scan = 41
* Number of Voltage Words = 4
* Number of Scans Averaged by the Deck Unit = 1
* NMEA Latitude = 34 04.68 N
* NMEA Longitude = 119 33.43 W
* NMEA UTC (Time) = Jul 19 2021  11:18:40
* NMEA baud rate = 4800
# nquan = 30
# nvalues = 980                                   
# units = specified
# name 0 = scan: Scan Count
# name 1 = timeS: Time, Elapsed [seconds]
# name 2 = depSM: Depth [salt water, m]
# name 3 = prDM: Pressure, Digiquartz [db]
# name 4 = t090C: Temperature [ITS-90, deg C]
# name 5 = t190C: Temperature, 2 [ITS-90, deg C]
# name 6 = c0mS/cm: Conductivity [mS/cm]
# name 7 = c1mS/cm: Conductivity, 2 [mS/cm]
# name 8 = potemp090C: Potential Temperature [ITS-90, deg C]
# name 9 = potemp190C: Potential Temperature, 2 [ITS-90, deg C]
# name 10 = sal00: Salinity, Practical [PSU]
# name 11 = sal11: Salinity, Practical, 2 [PSU]
# name 12 = sigma-é00: Density [sigma-theta, kg/m^3]
# name 13 = sigma-é11: Density, 2 [sigma-theta, kg/m^3]
# name 14 = sbeox0Mg/L: Oxygen, SBE 43 [mg/l]
# name 15 = sbeox1Mg/L: Oxygen, SBE 43, 2 [mg/l]
# name 16 = sbox0Mm/Kg: Oxygen, SBE 43 [umol/kg]
# name 17 = sbox1Mm/Kg: Oxygen, SBE 43, 2 [umol/kg]
# name 18 = sbeox0V: Oxygen raw, SBE 43 [V]
# name 19 = sbeox1V: Oxygen raw, SBE 43, 2 [V]
# name 20 = v4: Voltage 4
# name 21 = flECO-AFL: Fluorescence, WET Labs ECO-AFL/FL [mg/m^3]
# name 22 = v3: Voltage 3
# name 23 = v6: Voltage 6
# name 24 = v7: Voltage 7
# name 25 = longitude: Longitude [deg]
# name 26 = latitude: Latitude [deg]
# name 27 = altM: Altimeter [m]
# name 28 = nbf: Bottles Fired
# name 29 = flag:  0.000e+00
# interval = seconds: 0.0416667
# start_time = Jul 19 2021 11:18:40 [NMEA time, header]
# bad_flag = -9.990e-29
*END*
[from data line 871]
      41303   1720.917      3.291      3.315    19.5890    19.5890  45.791353  45.793338    19.5884    19.5884    33.5900    33.5916    23.7934    23.7947     8.3376     7.9352    254.499    242.216     2.8168     2.5592     0.0769     0.8981     3.2503     0.0281     0.0269 -119.55758   34.07738      85.64         18  0.000e+00
      41304   1720.958      3.291      3.315    19.5887    19.5888  45.790862  45.793058    19.5881    19.5882    33.5898    33.5915    23.7934    23.7947     8.3377     7.9353    254.501    242.217     2.8168     2.5592     0.0769     0.8981     3.2515     0.0269     0.0269 -119.55758   34.07738      85.64         18  0.000e+00
      41305   1721.000      3.344      3.369    19.5889    19.5890  45.791143  45.793338    19.5883    19.5884    33.5899    33.5916    23.7934    23.7947     8.3421     7.9306    254.635    242.073     2.8181     2.5580     0.0769     0.8981     3.2503     0.0281     0.0281 -119.55758   34.07738      85.67         18  0.000e+00
      41306   1721.042      3.245      3.268    19.5890    19.5892  45.791352  45.792567    19.5884    19.5886    33.5900    33.5908    23.7934    23.7941     8.3376     7.9305    254.498    242.071     2.8168     2.5580     0.0769     0.8981     3.2515     0.0281     0.0269 -119.55758   34.07738      85.71         18  0.000e+00
      41307   1721.083      3.358      3.382    19.5889    19.5890  45.791353  45.792988    19.5883    19.5884    33.5900    33.5913    23.7935    23.7945     8.3421     7.9306    254.635    242.074     2.8181     2.5580     0.0769     0.8981     3.2503     0.0281     0.0281 -119.55758   34.07738      85.74         18  0.000e+00
      41308   1721.125      3.245      3.268    19.5889    19.5890  45.791142  45.793408    19.5883    19.5884    33.5899    33.5917    23.7934    23.7947     8.3376     7.9352    254.498    242.214     2.8168     2.5592     0.0769     0.8981     3.2503     0.0281     0.0293 -119.55758   34.07738      85.71         18  0.000e+00
      41309   1721.167      3.291      3.315    19.5889    19.5890  45.791282  45.792848    19.5883    19.5884    33.5900    33.5912    23.7935    23.7944     8.3376     7.9305    254.500    242.073     2.8168     2.5580     0.0769     0.8981     3.2515     0.0293     0.0293 -119.55758   34.07738      85.74         18  0.000e+00
      41310   1721.208      3.344      3.369    19.5889    19.5891  45.791353  45.793128    19.5883    19.5885    33.5900    33.5913    23.7935    23.7944     8.3421     7.9306    254.635    242.073     2.8181     2.5580     0.0769     0.8981     3.2515     0.0281     0.0293 -119.55758   34.07738      85.74         18  0.000e+00
      41311   1721.250      3.291      3.315    19.5892    19.5890  45.791633  45.792848    19.5886    19.5884    33.5900    33.5912    23.7934    23.7944     8.3376     7.9305    254.498    242.073     2.8168     2.5580     0.0769     0.8981     3.2515     0.0281     0.0293 -119.55758   34.07738      85.74         18  0.000e+00
      41312   1721.292      3.291      3.315    19.5889    19.5891  45.791212  45.792707    19.5883    19.5886    33.5899    33.5910    23.7934    23.7942     8.3376     7.9352    254.500    242.216     2.8168     2.5592     0.0769     0.8981     3.2515     0.0281     0.0293 -119.55758   34.07738      85.76         18  0.000e+00
      41313   1721.333      3.291      3.315    19.5889    19.5890  45.791282  45.793408    19.5883    19.5884    33.5900    33.5916    23.7935    23.7947     8.3376     7.9305    254.500    242.072     2.8168     2.5580     0.0769     0.8981     3.2503     0.0293     0.0293 -119.55758   34.07738      85.76         18  0.000e+00
      41316   1721.458      3.344      3.369    19.5887    19.5890  45.791002  45.793198    19.5881    19.5884    33.5899    33.5915    23.7935    23.7946     8.3334     7.9353    254.369    242.218     2.8156     2.5592     0.0769     0.8981     3.2515     0.0281     0.0305 -119.55758   34.07738      85.76         19  0.000e+00
      41317   1721.500      3.245      3.268    19.5886    19.5892  45.790652  45.793057    19.5880    19.5886    33.5897    33.5912    23.7934    23.7944     8.3333     7.9352    254.367    242.214     2.8156     2.5592     0.0769     0.8981     3.2503     0.0281     0.0305 -119.55758   34.07738      85.71         19  0.000e+00
      41318   1721.542      3.344      3.369    19.5885    19.5891  45.791143  45.792778    19.5879    19.5885    33.5902    33.5910    23.7937    23.7942     8.3334     7.9353    254.369    242.218     2.8156     2.5592     0.0769     0.8981     3.2503     0.0281     0.0281 -119.55758   34.07738      85.62         19  0.000e+00
      41319   1721.583      3.291      3.315    19.5887    19.5890  45.791072  45.793128    19.5881    19.5884    33.5900    33.5914    23.7936    23.7945     8.3289     7.9352    254.234    242.216     2.8144     2.5592     0.0769     0.8981     3.2503     0.0281     0.0305 -119.55758   34.07738      85.59         19  0.000e+00
      41320   1721.625      3.245      3.268    19.5886    19.5892  45.791002  45.793057    19.5880    19.5886    33.5900    33.5912    23.7936    23.7944     8.3289     7.9352    254.233    242.214     2.8144     2.5592     0.0794     0.9591     3.2515     0.0281     0.0317 -119.55758   34.07738      85.59         19  0.000e+00
      41321   1721.667      3.344      3.369    19.5887    19.5891  45.790792  45.793618    19.5881    19.5885    33.5898    33.5917    23.7934    23.7947     8.3246     7.9400    254.103    242.360     2.8132     2.5604     0.0806     0.9897     3.2515     0.0281     0.0317 -119.55758   34.07738      85.59         19  0.000e+00
      41322   1721.708      3.291      3.315    19.5886    19.5894  45.790932  45.793408    19.5880    19.5888    33.5900    33.5914    23.7935    23.7944     8.3202     7.9352    253.968    242.214     2.8120     2.5592     0.0806     0.9897     3.2515     0.0281     0.0330 -119.55758   34.07738      85.59         19  0.000e+00
      41323   1721.750      3.258      3.282    19.5887    19.5891  45.791002  45.793058    19.5881    19.5886    33.5900    33.5913    23.7935    23.7944     8.3202     7.9352    253.966    242.215     2.8120     2.5592     0.0806     0.9897     3.2503     0.0281     0.0317 -119.55758   34.07738      85.59         19  0.000e+00
      41324   1721.792      3.291      3.315    19.5888    19.5894  45.791002  45.792777    19.5882    19.5888    33.5899    33.5908    23.7935    23.7940     8.3202     7.9399    253.967    242.359     2.8120     2.5604     0.0806     0.9897     3.2503     0.0281     0.0317 -119.55758   34.07738      85.59         19  0.000e+00
      41325   1721.833      3.291      3.315    19.5889    19.5892  45.790792  45.792848    19.5883    19.5886    33.5896    33.5911    23.7932    23.7942     8.3158     7.9399    253.834    242.360     2.8107     2.5604     0.0806     0.9897     3.2503     0.0281     0.0293 -119.55758   34.07738      85.59         19  0.000e+00
      41326   1721.875      3.291      3.315    19.5887    19.5891  45.790582  45.793548    19.5881    19.5886    33.5896    33.5917    23.7933    23.7947     8.3159     7.9399    253.835    242.359     2.8107     2.5604     0.0806     0.9897     3.2515     0.0281     0.0281 -119.55758   34.07738      85.59         19  0.000e+00
      41327   1721.917      3.291      3.315    19.5886    19.5894  45.791142  45.793198    19.5880    19.5888    33.5901    33.5912    23.7937    23.7943     8.3158     7.9399    253.834    242.359     2.8107     2.5604     0.0806     0.9897     3.2515     0.0281     0.0293 -119.55758   34.07738      85.59         19  0.000e+00
      41328   1721.958      3.291      3.315    19.5885    19.5892  45.791072  45.793478    19.5879    19.5886    33.5901    33.5916    23.7937    23.7946     8.3159     7.9399    253.834    242.359     2.8107     2.5604     0.0806     0.9897     3.2515     0.0281     0.0305 -119.55758   34.07738      85.59         19  0.000e+00
      41329   1722.000      3.291      3.315    19.5886    19.5893  45.790792  45.793198    19.5880    19.5887    33.5898    33.5912    23.7935    23.7943     8.3115     7.9446    253.701    242.503     2.8095     2.5617     0.0806     0.9897     3.2503     0.0281     0.0317 -119.55758   34.07738      85.59         19  0.000e+00
      41330   1722.042      3.291      3.315    19.5885    19.5890  45.790932  45.793338    19.5879    19.5884    33.5900    33.5916    23.7936    23.7947     8.3115     7.9447    253.701    242.504     2.8095     2.5617     0.0806     0.9897     3.2503     0.0281     0.0330 -119.55758   34.07738      85.62         19  0.000e+00
      41331   1722.083      3.258      3.282    19.5887    19.5895  45.791002  45.793057    19.5881    19.5889    33.5900    33.5910    23.7935    23.7941     8.3114     7.9446    253.700    242.501     2.8095     2.5617     0.0806     0.9897     3.2515     0.0281     0.0342 -119.55758   34.07738      85.62         19  0.000e+00
      41332   1722.125      3.245      3.268    19.5884    19.5892  45.791212  45.793338    19.5878    19.5886    33.5904    33.5915    23.7939    23.7945     8.3114     7.9446    253.700    242.502     2.8095     2.5617     0.0806     0.9897     3.2515     0.0281     0.0342 -119.55758   34.07738      85.62         19  0.000e+00
      41333   1722.167      3.291      3.315    19.5885    19.5894  45.790862  45.793128    19.5879    19.5888    33.5900    33.5911    23.7936    23.7942     8.3115     7.9446    253.701    242.503     2.8095     2.5617     0.0806     0.9897     3.2515     0.0281     0.0317 -119.55758   34.07738      85.62         19  0.000e+00
      41334   1722.208      3.291      3.315    19.5884    19.5891  45.790932  45.793478    19.5878    19.5886    33.5901    33.5916    23.7937    23.7947     8.3115     7.9493    253.702    242.647     2.8095     2.5629     0.0806     0.9897     3.2503     0.0281     0.0305 -119.55758   34.07738      85.62         19  0.000e+00
      41335   1722.250      3.245      3.268    19.5885    19.5892  45.790652  45.792917    19.5879    19.5886    33.5898    33.5911    23.7935    23.7943     8.3115     7.9493    253.700    242.646     2.8095     2.5629     0.0806     0.9897     3.2527     0.0281     0.0305 -119.55758   34.07738      85.62         19  0.000e+00
      41336   1722.292      3.245      3.268    19.5882    19.5892  45.790862  45.793268    19.5876    19.5886    33.5903    33.5914    23.7939    23.7945     8.3115     7.9493    253.701    242.646     2.8095     2.5629     0.0806     0.9897     3.2503     0.0281     0.0305 -119.55758   34.07738      85.59         19  0.000e+00
      41337   1722.333      3.291      3.315    19.5882    19.5893  45.791002  45.793058    19.5876    19.5887    33.5903    33.5911    23.7939    23.7943     8.3115     7.9493    253.702    242.647     2.8095     2.5629     0.0806     0.9897     3.2515     0.0281     0.0305 -119.55758   34.07738      85.62         19  0.000e+00
      41338   1722.375      3.291      3.315    19.5885    19.5894  45.791283  45.792988    19.5879    19.5888    33.5903    33.5910    23.7938    23.7941     8.3115     7.9493    253.701    242.647     2.8095     2.5629     0.0806     0.9897     3.2515     0.0281     0.0317 -119.55758   34.07738      85.62         19  0.000e+00
      41339   1722.417      3.258      3.282    19.5884    19.5894  45.791072  45.792777    19.5878    19.5888    33.5902    33.5908    23.7938    23.7940     8.3158     7.9493    253.834    242.646     2.8107     2.5629     0.0806     0.9897     3.2515     0.0281     0.0317 -119.55758   34.07738      85.62         19  0.000e+00
      41340   1722.458      3.245      3.268    19.5884    19.5893  45.791002  45.793268    19.5878    19.5887    33.5902    33.5913    23.7938    23.7944     8.3202     7.9493    253.967    242.645     2.8120     2.5629     0.0806     0.9897     3.2503     0.0269     0.0317 -119.55758   34.07738      85.59         19  0.000e+00
      41341   1722.500      3.291      3.315    19.5885    19.5892  45.790792  45.793058    19.5879    19.5886    33.5899    33.5912    23.7935    23.7944     8.3202     7.9494    253.968    242.647     2.8120     2.5629     0.0806     0.9897     3.2515     0.0281     0.0317 -119.55758   34.07738      85.62         19  0.000e+00
      41342   1722.542      3.245      3.268    19.5886    19.5893  45.790582  45.792987    19.5880    19.5887    33.5897    33.5911    23.7933    23.7942     8.3202     7.9493    253.967    242.645     2.8120     2.5629     0.0806     0.9897     3.2515     0.0269     0.0305 -119.55758   34.07738      85.64         19  0.000e+00
      41343   1722.583      3.245      3.268    19.5887    19.5894  45.790862  45.793057    19.5881    19.5888    33.5899    33.5911    23.7934    23.7942     8.3202     7.9493    253.966    242.645     2.8120     2.5629     0.0806     0.9897     3.2515     0.0281     0.0305 -119.55758   34.07738      85.64         19  0.000e+00
      41344   1722.625      3.291      3.315    19.5884    19.5894  45.791002  45.793478    19.5878    19.5888    33.5902    33.5914    23.7938    23.7945     8.3202     7.9540    253.968    242.790     2.8120     2.5641     0.0794     0.9591     3.2515     0.0281     0.0305 -119.55758   34.07738      85.64         19  0.000e+00
      41345   1722.667      3.199      3.222    19.5887    19.5891  45.790792  45.793197    19.5881    19.5886    33.5898    33.5914    23.7934    23.7945     8.3245     7.9493    254.098    242.644     2.8132     2.5629     0.0806     0.9897     3.2503     0.0281     0.0317 -119.55758   34.07738      85.64         19  0.000e+00
      41346   1722.708      3.245      3.268    19.5885    19.5892  45.790582  45.793338    19.5879    19.5886    33.5897    33.5915    23.7934    23.7945     8.3246     7.9493    254.100    242.645     2.8132     2.5629     0.0794     0.9591     3.2503     0.0281     0.0317 -119.55758   34.07738      85.64         19  0.000e+00
      41347   1722.750      3.344      3.369    19.5888    19.5894  45.790862  45.793268    19.5881    19.5888    33.5898    33.5912    23.7934    23.7943     8.3290     7.9494    254.236    242.648     2.8144     2.5629     0.0781     0.9286     3.2515     0.0281     0.0317 -119.55758   34.07738      85.67         19  0.000e+00
      41348   1722.792      3.159      3.182    19.5887    19.5891  45.791562  45.793057    19.5881    19.5886    33.5905    33.5913    23.7939    23.7944     8.3288     7.9492    254.229    242.643     2.8144     2.5629     0.0781     0.9286     3.2515     0.0281     0.0317 -119.55758   34.07738      85.69         19  0.000e+00
      41349   1722.833      3.245      3.268    19.5886    19.5894  45.790932  45.793057    19.5880    19.5888    33.5900    33.5911    23.7936    23.7942     8.3333     7.9493    254.366    242.645     2.8156     2.5629     0.0781     0.9286     3.2503     0.0269     0.0317 -119.55758   34.07738      85.71         19  0.000e+00
      41350   1722.875      3.291      3.315    19.5885    19.5894  45.790582  45.793198    19.5879    19.5888    33.5897    33.5912    23.7934    23.7943     8.3333     7.9493    254.369    242.646     2.8156     2.5629     0.0781     0.9286     3.2515     0.0269     0.0317 -119.55758   34.07738      85.71         19  0.000e+00
      41351   1722.917      3.199      3.222    19.5885    19.5893  45.790862  45.793057    19.5879    19.5887    33.5900    33.5912    23.7936    23.7943     8.3376     7.9492    254.499    242.644     2.8168     2.5629     0.0781     0.9286     3.2503     0.0269     0.0317 -119.55758   34.07738      85.71         19  0.000e+00
