WCOA/WCOA-6/CTD_Data/RB2102_CTD_072_01.ros
* Sea-Bird SBE 9 Data File:
* FileName = C:\Users\scs.user.rb\CTD\RB2102\Data\RB2102_CTD_072_01.hex
* Software Version Seasave V 7.26.7.107
* Temperature SN = 6202
* Conductivity SN = 4907
* Number of Bytes Per Scan = 41
* Number of Voltage Words = 4
* Number of Scans Averaged by the Deck Unit = 1
* NMEA Latitude = 40 14.03 N
* NMEA Longitude = 124 24.68 W
* NMEA UTC (Time) = Jul 09 2021  08:27:12
* NMEA baud rate = 4800
# nquan = 30
# nvalues = 784                                   
# units = specified
# name 0 = scan: Scan Count
# name 1 = timeS: Time, Elapsed [seconds]
# name 2 = depSM: Depth [salt water, m]
# name 3 = prDM: Pressure, Digiquartz [db]
# name 4 = t090C: Temperature [ITS-90, deg C]
# name 5 = t190C: Temperature, 2 [ITS-90, deg C]
# name 6 = c0mS/cm: Conductivity [mS/cm]
# name 7 = c1mS/cm: Conductivity, 2 [mS/cm]
# name 8 = potemp090C: Potential Temperature [ITS-90, deg C]
# name 9 = potemp190C: Potential Temperature, 2 [ITS-90, deg C]
# name 10 = sal00: Salinity, Practical [PSU]
# name 11 = sal11: Salinity, Practical, 2 [PSU]
# name 12 = sigma-é00: Density [sigma-theta, kg/m^3]
# name 13 = sigma-é11: Density, 2 [sigma-theta, kg/m^3]
# name 14 = sbeox0Mg/L: Oxygen, SBE 43 [mg/l]
# name 15 = sbeox1Mg/L: Oxygen, SBE 43, 2 [mg/l]
# name 16 = sbox0Mm/Kg: Oxygen, SBE 43 [umol/kg]
# name 17 = sbox1Mm/Kg: Oxygen, SBE 43, 2 [umol/kg]
# name 18 = sbeox0V: Oxygen raw, SBE 43 [V]
# name 19 = sbeox1V: Oxygen raw, SBE 43, 2 [V]
# name 20 = v4: Voltage 4
# name 21 = flECO-AFL: Fluorescence, WET Labs ECO-AFL/FL [mg/m^3]
# name 22 = v3: Voltage 3
# name 23 = v6: Voltage 6
# name 24 = v7: Voltage 7
# name 25 = longitude: Longitude [deg]
# name 26 = latitude: Latitude [deg]
# name 27 = altM: Altimeter [m]
# name 28 = nbf: Bottles Fired
# name 29 = flag:  0.000e+00
# interval = seconds: 0.0416667
# start_time = Jul 09 2021 08:27:12 [NMEA time, header]
# bad_flag = -9.990e-29
*END*
[from data line 97]
      16593    691.333     85.820     86.503     8.3567     8.3639  35.683448  35.688464     8.3479     8.3551    34.0428    34.0411    26.4699    26.4675     2.7696     2.8928     84.318     88.070     1.0940     1.0855     0.0415     0.0129     3.3211     0.0611     0.0000 -124.41224   40.23378      11.43          2  0.000e+00
      16675    694.750     86.357     87.044     8.3591     8.3620  35.690674  35.688149     8.3503     8.3531    34.0479    34.0424    26.4735    26.4688     2.7751     2.9052     84.486     88.449     1.0952     1.0879     0.0440     0.0739     3.3199     0.0611     0.0000 -124.41226   40.23378      10.89          3  0.000e+00
      16676    694.792     86.410     87.097     8.3596     8.3700  35.689977  35.693341     8.3507     8.3611    34.0467    34.0402    26.4725    26.4658     2.7751     2.9047     84.486     88.434     1.0952     1.0879     0.0427     0.0434     3.3199     0.0611     0.0000 -124.41226   40.23378      10.89          3  0.000e+00
      16677    694.833     86.410     87.097     8.3603     8.3747  35.689407  35.696697     8.3514     8.3658    34.0454    34.0392    26.4714    26.4643     2.7751     2.9044     84.486     88.424     1.0952     1.0879     0.0427     0.0434     3.3211     0.0611     0.0000 -124.41226   40.23378      10.89          3  0.000e+00
      16678    694.875     86.357     87.044     8.3601     8.3762  35.688773  35.697520     8.3513     8.3674    34.0449    34.0386    26.4710    26.4636     2.7751     2.9043     84.486     88.421     1.0952     1.0879     0.0440     0.0739     3.3187     0.0611     0.0000 -124.41226   40.23378      10.89          3  0.000e+00
      16679    694.917     86.363     87.051     8.3604     8.3765  35.688899  35.697584     8.3516     8.3676    34.0447    34.0384    26.4708    26.4635     2.7751     2.9043     84.485     88.420     1.0952     1.0879     0.0427     0.0434     3.3211     0.0611     0.0000 -124.41226   40.23378      10.89          3  0.000e+00
      16680    694.958     86.456     87.144     8.3617     8.3763  35.689977  35.697837     8.3528     8.3674    34.0446    34.0388    26.4705    26.4638     2.7806     2.9043     84.653     88.422     1.0965     1.0879     0.0415     0.0129     3.3199     0.0611     0.0000 -124.41226   40.23378      10.82          3  0.000e+00
      16681    695.000     86.410     87.097     8.3637     8.3753  35.691687  35.696191     8.3548     8.3665    34.0445    34.0380    26.4702    26.4633     2.7749     2.9044     84.479     88.424     1.0952     1.0879     0.0415     0.0129     3.3211     0.0611     0.0000 -124.41226   40.23378      10.82          3  0.000e+00
      16682    695.042     86.410     87.097     8.3665     8.3717  35.693145  35.692581     8.3576     8.3629    34.0434    34.0377    26.4689    26.4636     2.7747     2.9047     84.475     88.432     1.0952     1.0879     0.0415     0.0129     3.3199     0.0611     0.0000 -124.41226   40.23378      10.79          3  0.000e+00
      16683    695.083     86.456     87.144     8.3687     8.3682  35.694159  35.690682     8.3598     8.3593    34.0423    34.0391    26.4677    26.4653     2.7746     2.9049     84.471     88.439     1.0952     1.0879     0.0415     0.0129     3.3199     0.0611     0.0000 -124.41226   40.23378      10.82          3  0.000e+00
      16684    695.125     86.410     87.097     8.3708     8.3664  35.695109  35.690999     8.3619     8.3575    34.0413    34.0412    26.4666    26.4671     2.7745     2.9050     84.467     88.441     1.0952     1.0879     0.0415     0.0129     3.3199     0.0611     0.0000 -124.41226   40.23378      10.82          3  0.000e+00
      16685    695.167     86.410     87.097     8.3726     8.3669  35.696059  35.693405     8.3637     8.3580    34.0406    34.0433    26.4657    26.4687     2.7743     2.9049     84.464     88.439     1.0952     1.0879     0.0415     0.0129     3.3211     0.0611     0.0000 -124.41226   40.23378      10.79          3  0.000e+00
      16686    695.208     86.456     87.144     8.3734     8.3700  35.696503  35.696508     8.3645     8.3611    34.0402    34.0435    26.4654    26.4685     2.7799     2.9047     84.633     88.432     1.0965     1.0879     0.0415     0.0129     3.3199     0.0598     0.0000 -124.41226   40.23378      10.77          3  0.000e+00
      16687    695.250     86.463     87.151     8.3737     8.3729  35.695869  35.697521     8.3648     8.3640    34.0393    34.0418    26.4645    26.4667     2.7799     2.9106     84.633     88.612     1.0965     1.0891     0.0415     0.0129     3.3187     0.0611     0.0000 -124.41226   40.23378      10.74          3  0.000e+00
      16688    695.292     86.410     87.097     8.3737     8.3724  35.696122  35.695684     8.3648     8.3635    34.0395    34.0403    26.4648    26.4656     2.7799     2.9046     84.632     88.429     1.0965     1.0879     0.0415     0.0129     3.3211     0.0611     0.0000 -124.41226   40.23378      10.77          3  0.000e+00
      16689    695.333     86.410     87.097     8.3736     8.3716  35.696313  35.694861     8.3647     8.3627    34.0399    34.0402    26.4650    26.4656     2.7799     2.9046     84.632     88.430     1.0965     1.0879     0.0415     0.0129     3.3199     0.0611     0.0000 -124.41226   40.23378      10.77          3  0.000e+00
      16690    695.375     86.456     87.144     8.3747     8.3721  35.697010  35.695938     8.3658     8.3632    34.0395    34.0409    26.4646    26.4660     2.7798     2.9046     84.631     88.429     1.0965     1.0879     0.0415     0.0129     3.3211     0.0598     0.0000 -124.41226   40.23378      10.77          3  0.000e+00
      16691    695.417     86.410     87.097     8.3750     8.3739  35.697707  35.697014     8.3661     8.3650    34.0400    34.0403    26.4649    26.4653     2.7798     2.9105     84.629     88.610     1.0965     1.0891     0.0415     0.0129     3.3211     0.0598     0.0000 -124.41226   40.23378      10.77          3  0.000e+00
      16692    695.458     86.410     87.097     8.3749     8.3750  35.697136  35.698027     8.3660     8.3661    34.0395    34.0403    26.4645    26.4652     2.7798     2.9105     84.630     88.608     1.0965     1.0891     0.0415     0.0129     3.3199     0.0598     0.0000 -124.41226   40.23378      10.74          3  0.000e+00
      16693    695.500     86.456     87.144     8.3745     8.3753  35.696439  35.698281     8.3657     8.3665    34.0390    34.0402    26.4642    26.4650     2.7798     2.9104     84.631     88.608     1.0965     1.0891     0.0415     0.0129     3.3199     0.0611     0.0000 -124.41226   40.23378      10.72          3  0.000e+00
      16694    695.542     86.410     87.097     8.3740     8.3752  35.695996  35.697267     8.3652     8.3663    34.0391    34.0394    26.4644    26.4644     2.7798     2.9105     84.632     88.608     1.0965     1.0891     0.0415     0.0129     3.3199     0.0598     0.0000 -124.41226   40.23378      10.72          3  0.000e+00
      16695    695.583     86.463     87.151     8.3734     8.3752  35.695742  35.697457     8.3645     8.3663    34.0394    34.0395    26.4647    26.4645     2.7799     2.9105     84.633     88.609     1.0965     1.0891     0.0415     0.0129     3.3199     0.0611     0.0000 -124.41226   40.23378      10.74          3  0.000e+00
      16696    695.625     86.410     87.097     8.3732     8.3756  35.695679  35.697647     8.3644     8.3667    34.0395    34.0393    26.4648    26.4643     2.7799     2.9044     84.633     88.422     1.0965     1.0879     0.0415     0.0129     3.3211     0.0611     0.0000 -124.41226   40.23378      10.72          3  0.000e+00
      16697    695.667     86.456     87.144     8.3736     8.3760  35.696630  35.697584     8.3647     8.3671    34.0402    34.0389    26.4653    26.4639     2.7743     2.9104     84.463     88.607     1.0952     1.0891     0.0415     0.0129     3.3199     0.0611     0.0000 -124.41226   40.23378      10.72          3  0.000e+00
      16698    695.708     86.410     87.097     8.3747     8.3765  35.697643  35.697837     8.3658     8.3676    34.0402    34.0387    26.4651    26.4637     2.7798     2.9104     84.630     88.606     1.0965     1.0891     0.0415     0.0129     3.3199     0.0611     0.0000 -124.41226   40.23378      10.74          3  0.000e+00
      16699    695.750     86.410     87.097     8.3757     8.3765  35.698340  35.697457     8.3668     8.3676    34.0400    34.0383    26.4648    26.4633     2.7797     2.9104     84.628     88.606     1.0965     1.0891     0.0427     0.0434     3.3199     0.0611     0.0000 -124.41226   40.23378      10.74          3  0.000e+00
      16700    695.792     86.410     87.097     8.3752     8.3760  35.697580  35.697267     8.3663     8.3671    34.0396    34.0386    26.4646    26.4637     2.7798     2.9104     84.629     88.607     1.0965     1.0891     0.0415     0.0129     3.3199     0.0611     0.0000 -124.41226   40.23378      10.74          3  0.000e+00
      16701    695.833     86.410     87.097     8.3744     8.3763  35.696313  35.697774     8.3655     8.3674    34.0391    34.0388    26.4643    26.4638     2.7798     2.9104     84.631     88.606     1.0965     1.0891     0.0415     0.0129     3.3199     0.0611     0.0000 -124.41226   40.23378      10.74          3  0.000e+00
      16702    695.875     86.357     87.044     8.3729     8.3771  35.695425  35.698660     8.3640     8.3682    34.0396    34.0390    26.4649    26.4638     2.7743     2.9103     84.464     88.604     1.0952     1.0891     0.0415     0.0129     3.3199     0.0598     0.0000 -124.41226   40.23378      10.74          3  0.000e+00
      16703    695.917     86.357     87.044     8.3724     8.3779  35.695552  35.698850     8.3636     8.3690    34.0402    34.0384    26.4655    26.4633     2.7743     2.9103     84.464     88.602     1.0952     1.0891     0.0415     0.0129     3.3199     0.0598     0.0000 -124.41226   40.23378      10.74          3  0.000e+00
      16704    695.958     86.417     87.104     8.3728     8.3796  35.695425  35.699357     8.3639     8.3707    34.0397    34.0373    26.4650    26.4621     2.7744     2.9102     84.464     88.600     1.0952     1.0891     0.0415     0.0129     3.3211     0.0598     0.0000 -124.41226   40.23378      10.74          3  0.000e+00
      16705    696.000     86.357     87.044     8.3726     8.3805  35.695552  35.700686     8.3637     8.3716    34.0401    34.0378    26.4653    26.4624     2.7743     2.9101     84.464     88.597     1.0952     1.0891     0.0415     0.0129     3.3211     0.0611     0.0000 -124.41226   40.23378      10.74          3  0.000e+00
      16706    696.042     86.357     87.044     8.3745     8.3817  35.697770  35.701320     8.3657     8.3728    34.0405    34.0374    26.4654    26.4619     2.7742     2.9100     84.460     88.595     1.0952     1.0891     0.0427     0.0434     3.3187     0.0611     0.0000 -124.41226   40.23378      10.74          3  0.000e+00
      16707    696.083     86.357     87.044     8.3758     8.3823  35.698974  35.701826     8.3669     8.3735    34.0406    34.0373    26.4652    26.4617     2.7741     2.9100     84.457     88.593     1.0952     1.0891     0.0427     0.0434     3.3211     0.0611     0.0000 -124.41226   40.23378      10.74          3  0.000e+00
      16708    696.125     86.357     87.044     8.3766     8.3838  35.699164  35.702776     8.3678     8.3749    34.0399    34.0369    26.4646    26.4611     2.7741     2.9099     84.456     88.590     1.0952     1.0891     0.0427     0.0434     3.3211     0.0611     0.0000 -124.41226   40.23378      10.74          3  0.000e+00
      16709    696.167     86.310     86.997     8.3771     8.3845  35.699354  35.703726     8.3682     8.3756    34.0397    34.0372    26.4644    26.4613     2.7740     2.9098     84.455     88.588     1.0952     1.0891     0.0427     0.0434     3.3211     0.0611     0.0000 -124.41226   40.23378      10.74          3  0.000e+00
      16710    696.208     86.357     87.044     8.3773     8.3849  35.698910  35.703979     8.3684     8.3761    34.0390    34.0370    26.4638    26.4611     2.7740     2.9098     84.455     88.588     1.0952     1.0891     0.0427     0.0434     3.3211     0.0611     0.0000 -124.41226   40.23378      10.77          3  0.000e+00
      16711    696.250     86.264     86.950     8.3774     8.3856  35.698783  35.703726     8.3686     8.3767    34.0388    34.0362    26.4636    26.4603     2.7684     2.9036     84.284     88.401     1.0940     1.0879     0.0427     0.0434     3.3211     0.0598     0.0000 -124.41226   40.23378      10.77          3  0.000e+00
      16712    696.292     86.317     87.004     8.3778     8.3849  35.699291  35.703853     8.3689     8.3761    34.0390    34.0369    26.4637    26.4610     2.7684     2.9037     84.284     88.403     1.0940     1.0879     0.0440     0.0739     3.3187     0.0598     0.0000 -124.41226   40.23378      10.77          3  0.000e+00
      16713    696.333     86.310     86.997     8.3779     8.3846  35.699227  35.703473     8.3690     8.3757    34.0388    34.0368    26.4635    26.4610     2.7684     2.9098     84.284     88.588     1.0940     1.0891     0.0427     0.0434     3.3187     0.0611     0.0000 -124.41226   40.23378      10.77          3  0.000e+00
      16714    696.375     86.310     86.997     8.3778     8.3841  35.698910  35.703346     8.3689     8.3753    34.0386    34.0372    26.4634    26.4613     2.7740     2.9037     84.454     88.404     1.0952     1.0879     0.0427     0.0434     3.3199     0.0611     0.0000 -124.41226   40.23378      10.77          3  0.000e+00
      16715    696.417     86.264     86.950     8.3770     8.3830  35.698593  35.702586     8.3681     8.3741    34.0391    34.0375    26.4639    26.4617     2.7685     2.9038     84.285     88.406     1.0940     1.0879     0.0427     0.0434     3.3199     0.0611     0.0000 -124.41226   40.23378      10.79          3  0.000e+00
      16716    696.458     86.211     86.897     8.3770     8.3822  35.698973  35.702839     8.3681     8.3733    34.0395    34.0386    26.4642    26.4627     2.7684     2.9038     84.284     88.406     1.0940     1.0879     0.0427     0.0434     3.3199     0.0611     0.0000 -124.41226   40.23378      10.84          3  0.000e+00
      16717    696.500     86.264     86.950     8.3779     8.3822  35.700051  35.702966     8.3690     8.3733    34.0397    34.0387    26.4642    26.4628     2.7740     2.9099     84.452     88.592     1.0952     1.0891     0.0427     0.0434     3.3199     0.0611     0.0000 -124.41226   40.23378      10.84          3  0.000e+00
      16718    696.542     86.211     86.897     8.3790     8.3823  35.700621  35.702776     8.3702     8.3734    34.0393    34.0384    26.4637    26.4626     2.7739     2.9038     84.450     88.406     1.0952     1.0879     0.0427     0.0434     3.3199     0.0598     0.0000 -124.41226   40.23378      10.84          3  0.000e+00
      16719    696.583     86.264     86.950     8.3795     8.3825  35.700938  35.702206     8.3707     8.3737    34.0391    34.0375    26.4635    26.4618     2.7683     2.9038     84.280     88.407     1.0940     1.0879     0.0427     0.0434     3.3199     0.0611     0.0000 -124.41226   40.23378      10.84          3  0.000e+00
      16720    696.625     86.211     86.897     8.3795     8.3825  35.700557  35.702016     8.3707     8.3737    34.0387    34.0374    26.4632    26.4617     2.7739     2.9038     84.449     88.406     1.0952     1.0879     0.0440     0.0739     3.3199     0.0611     0.0000 -124.41226   40.23378      10.84          3  0.000e+00
      16721    696.667     86.171     86.857     8.3794     8.3828  35.700621  35.702522     8.3706     8.3739    34.0389    34.0376    26.4634    26.4619     2.7738     2.9038     84.449     88.405     1.0952     1.0879     0.0427     0.0434     3.3199     0.0611     0.0000 -124.41226   40.23378      10.87          3  0.000e+00
