WCOA/WCOA-6/CTD_Data/RB2102_CTD_008_01.ros
* Sea-Bird SBE 9 Data File:
* FileName = C:\Users\scs.user.rb\CTD\RB2102\Data\RB2102_CTD_008_01.hex
* Software Version Seasave V 7.26.7.107
* Temperature SN = 6202
* Conductivity SN = 4907
* Number of Bytes Per Scan = 41
* Number of Voltage Words = 4
* Number of Scans Averaged by the Deck Unit = 1
* NMEA Latitude = 48 21.34 N
* NMEA Longitude = 126 18.44 W
* NMEA UTC (Time) = Jun 27 2021  16:05:06
* NMEA baud rate = 4800
# nquan = 30
# nvalues = 1029                                  
# units = specified
# name 0 = scan: Scan Count
# name 1 = timeS: Time, Elapsed [seconds]
# name 2 = depSM: Depth [salt water, m]
# name 3 = prDM: Pressure, Digiquartz [db]
# name 4 = t090C: Temperature [ITS-90, deg C]
# name 5 = t190C: Temperature, 2 [ITS-90, deg C]
# name 6 = c0mS/cm: Conductivity [mS/cm]
# name 7 = c1mS/cm: Conductivity, 2 [mS/cm]
# name 8 = potemp090C: Potential Temperature [ITS-90, deg C]
# name 9 = potemp190C: Potential Temperature, 2 [ITS-90, deg C]
# name 10 = sal00: Salinity, Practical [PSU]
# name 11 = sal11: Salinity, Practical, 2 [PSU]
# name 12 = sigma-é00: Density [sigma-theta, kg/m^3]
# name 13 = sigma-é11: Density, 2 [sigma-theta, kg/m^3]
# name 14 = sbeox0Mg/L: Oxygen, SBE 43 [mg/l]
# name 15 = sbeox1Mg/L: Oxygen, SBE 43, 2 [mg/l]
# name 16 = sbox0Mm/Kg: Oxygen, SBE 43 [umol/kg]
# name 17 = sbox1Mm/Kg: Oxygen, SBE 43, 2 [umol/kg]
# name 18 = sbeox0V: Oxygen raw, SBE 43 [V]
# name 19 = sbeox1V: Oxygen raw, SBE 43, 2 [V]
# name 20 = v4: Voltage 4
# name 21 = flECO-AFL: Fluorescence, WET Labs ECO-AFL/FL [mg/m^3]
# name 22 = v3: Voltage 3
# name 23 = v6: Voltage 6
# name 24 = v7: Voltage 7
# name 25 = longitude: Longitude [deg]
# name 26 = latitude: Latitude [deg]
# name 27 = altM: Altimeter [m]
# name 28 = nbf: Bottles Fired
# name 29 = flag:  0.000e+00
# interval = seconds: 0.0416667
# start_time = Jun 27 2021 16:05:06 [NMEA time, header]
# bad_flag = -9.990e-29
*END*
[from data line 629]
     116596   4858.125     80.103     80.799     7.7672     7.7658  33.802267  33.800723     7.7595     7.7582    32.6014    32.6010    25.4250    25.4249     7.9610     8.0407    242.615    245.045     2.1929     2.0830     0.0440     0.0739     3.1074     1.2320     2.4200 -126.30674   48.35594      99.32         13  0.000e+00
     116597   4858.167     80.050     80.746     7.7672     7.7660  33.802204  33.800599     7.7595     7.7583    32.6013    32.6008    25.4249    25.4246     7.9609     8.0406    242.613    245.043     2.1929     2.0830     0.0427     0.0434     3.1062     1.2320     2.4212 -126.30674   48.35594      99.34         13  0.000e+00
     116598   4858.208     80.103     80.799     7.7672     7.7660  33.802205  33.800909     7.7595     7.7583    32.6013    32.6011    25.4249    25.4249     7.9610     8.0407    242.615    245.044     2.1929     2.0830     0.0427     0.0434     3.1062     1.2320     2.4200 -126.30674   48.35594      99.34         13  0.000e+00
     116599   4858.250     80.050     80.746     7.7672     7.7658  33.802204  33.800785     7.7595     7.7582    32.6013    32.6011    25.4249    25.4249     7.9666     8.0406    242.787    245.043     2.1941     2.0830     0.0427     0.0434     3.1074     1.2320     2.4212 -126.30674   48.35594      99.34         13  0.000e+00
     116600   4858.292     80.103     80.799     7.7669     7.7655  33.802391  33.800909     7.7592     7.7578    32.6018    32.6015    25.4254    25.4253     7.9667     8.0407    242.790    245.046     2.1941     2.0830     0.0440     0.0739     3.1062     1.2320     2.4212 -126.30674   48.35594      99.34         13  0.000e+00
     116601   4858.333     80.090     80.786     7.7664     7.7654  33.802515  33.801157     7.7587     7.7577    32.6024    32.6019    25.4259    25.4256     7.9610     8.0407    242.617    245.046     2.1929     2.0830     0.0427     0.0434     3.1074     1.2320     2.4200 -126.30674   48.35594      99.34         13  0.000e+00
     116602   4858.375     80.050     80.746     7.7664     7.7653  33.802701  33.801033     7.7587     7.7576    32.6026    32.6019    25.4260    25.4256     7.9610     8.0407    242.616    245.045     2.1929     2.0830     0.0427     0.0434     3.1062     1.2320     2.4200 -126.30674   48.35594      99.34         13  0.000e+00
     116603   4858.417     80.103     80.799     7.7662     7.7655  33.803011  33.801219     7.7585     7.7578    32.6031    32.6019    25.4265    25.4256     7.9611     8.0407    242.618    245.045     2.1929     2.0830     0.0440     0.0739     3.1062     1.2320     2.4200 -126.30674   48.35594      99.34         13  0.000e+00
     120074   5003.042     59.832     60.349     7.9497     7.9447  33.679427  33.677670     7.9439     7.9389    32.3101    32.3129    25.1700    25.1729     9.3318     9.4028    284.462    286.626     2.4969     2.3602     0.0513     0.2571     3.1050     1.1038     2.4444 -126.30678   48.35594      99.56         14  0.000e+00
     120075   5003.083     59.759     60.276     7.9500     7.9447  33.679489  33.677484     7.9442     7.9389    32.3100    32.3127    25.1698    25.1727     9.3316     9.4089    284.457    286.812     2.4969     2.3614     0.0513     0.2571     3.1050     1.1038     2.4444 -126.30678   48.35594      99.56         14  0.000e+00
     120076   5003.125     59.687     60.202     7.9500     7.9448  33.679674  33.677546     7.9442     7.9391    32.3102    32.3127    25.1700    25.1726     9.3258     9.4026    284.281    286.620     2.4957     2.3602     0.0513     0.2571     3.1062     1.1038     2.4444 -126.30678   48.35594      99.56         14  0.000e+00
     120077   5003.167     59.806     60.323     7.9502     7.9445  33.679799  33.677422     7.9444     7.9387    32.3101    32.3128    25.1699    25.1728     9.3430     9.4028    284.803    286.627     2.4994     2.3602     0.0525     0.2876     3.1050     1.1038     2.4444 -126.30678   48.35594      99.54         14  0.000e+00
     120078   5003.208     59.733     60.249     7.9502     7.9445  33.679798  33.677051     7.9444     7.9387    32.3101    32.3124    25.1699    25.1725     9.3372     9.4027    284.627    286.625     2.4982     2.3602     0.0513     0.2571     3.1062     1.1038     2.4444 -126.30678   48.35594      99.56         14  0.000e+00
     120079   5003.250     59.806     60.323     7.9504     7.9445  33.679798  33.677422     7.9447     7.9387    32.3098    32.3128    25.1696    25.1728     9.3316     9.4090    284.456    286.815     2.4969     2.3614     0.0525     0.2876     3.1050     1.1038     2.4444 -126.30678   48.35594      99.54         14  0.000e+00
     120080   5003.292     59.733     60.249     7.9505     7.9445  33.679984  33.677236     7.9447     7.9387    32.3100    32.3126    25.1698    25.1727     9.3315     9.4089    284.453    286.813     2.4969     2.3614     0.0525     0.2876     3.1050     1.1038     2.4444 -126.30678   48.35594      99.54         14  0.000e+00
     120081   5003.333     59.733     60.249     7.9505     7.9443  33.680542  33.677484     7.9447     7.9385    32.3106    32.3131    25.1702    25.1730     9.3314     9.4089    284.451    286.813     2.4969     2.3614     0.0513     0.2571     3.1062     1.1038     2.4444 -126.30678   48.35594      99.56         14  0.000e+00
     120082   5003.375     59.806     60.323     7.9504     7.9445  33.679984  33.677237     7.9447     7.9387    32.3100    32.3126    25.1698    25.1726     9.3316     9.4090    284.456    286.816     2.4969     2.3614     0.0513     0.2571     3.1062     1.1038     2.4444 -126.30678   48.35594      99.56         14  0.000e+00
     120083   5003.417     59.733     60.249     7.9503     7.9443  33.680046  33.677484     7.9445     7.9385    32.3103    32.3131    25.1700    25.1730     9.3315     9.4027    284.453    286.625     2.4969     2.3602     0.0513     0.2571     3.1062     1.1038     2.4444 -126.30678   48.35594      99.56         14  0.000e+00
     120084   5003.458     59.806     60.323     7.9506     7.9445  33.680108  33.677422     7.9449     7.9387    32.3100    32.3128    25.1697    25.1728     9.3429     9.4090    284.800    286.815     2.4994     2.3614     0.0513     0.2571     3.1062     1.1038     2.4444 -126.30678   48.35594      99.56         14  0.000e+00
     120085   5003.500     59.780     60.296     7.9504     7.9447  33.680108  33.677546     7.9447     7.9389    32.3102    32.3128    25.1699    25.1728     9.3315     9.4089    284.454    286.813     2.4969     2.3614     0.0513     0.2571     3.1062     1.1038     2.4444 -126.30678   48.35594      99.56         14  0.000e+00
     120086   5003.542     59.760     60.276     7.9503     7.9447  33.680542  33.677608     7.9445     7.9389    32.3108    32.3129    25.1704    25.1728     9.3315     9.4089    284.453    286.812     2.4969     2.3614     0.0513     0.2571     3.1050     1.1038     2.4444 -126.30678   48.35594      99.54         14  0.000e+00
     120087   5003.583     59.780     60.296     7.9505     7.9450  33.680232  33.677608     7.9447     7.9392    32.3103    32.3126    25.1700    25.1725     9.3315     9.4089    284.454    286.811     2.4969     2.3614     0.0513     0.2571     3.1062     1.1038     2.4444 -126.30678   48.35594      99.56         14  0.000e+00
     120088   5003.625     59.780     60.296     7.9506     7.9451  33.680294  33.677608     7.9448     7.9394    32.3102    32.3124    25.1699    25.1724     9.3315     9.4088    284.453    286.810     2.4969     2.3614     0.0525     0.2876     3.1062     1.1026     2.4444 -126.30678   48.35594      99.56         14  0.000e+00
     120089   5003.667     59.760     60.276     7.9506     7.9455  33.680418  33.677422     7.9449     7.9397    32.3103    32.3119    25.1700    25.1720     9.3314     9.4088    284.452    286.808     2.4969     2.3614     0.0513     0.2571     3.1062     1.1038     2.4444 -126.30678   48.35594      99.56         14  0.000e+00
     120090   5003.708     59.780     60.296     7.9508     7.9457  33.680418  33.677732     7.9450     7.9399    32.3102    32.3121    25.1698    25.1721     9.3314     9.4087    284.452    286.807     2.4969     2.3614     0.0513     0.2571     3.1074     1.1038     2.4444 -126.30678   48.35594      99.54         14  0.000e+00
     120091   5003.750     59.760     60.276     7.9510     7.9457  33.680604  33.677732     7.9452     7.9399    32.3102    32.3121    25.1699    25.1721     9.3314     9.4087    284.450    286.807     2.4969     2.3614     0.0513     0.2571     3.1062     1.1038     2.4444 -126.30678   48.35594      99.54         14  0.000e+00
     120092   5003.792     59.833     60.350     7.9508     7.9457  33.680542  33.677608     7.9450     7.9399    32.3103    32.3119    25.1699    25.1719     9.3202     9.4088    284.108    286.810     2.4945     2.3614     0.0513     0.2571     3.1062     1.1026     2.4444 -126.30678   48.35594      99.56         14  0.000e+00
     120093   5003.833     59.806     60.323     7.9510     7.9453  33.680418  33.677794     7.9452     7.9395    32.3100    32.3124    25.1697    25.1724     9.3201     9.4088    284.107    286.810     2.4945     2.3614     0.0513     0.2571     3.1062     1.1026     2.4444 -126.30678   48.35594      99.54         14  0.000e+00
     120094   5003.875     59.733     60.250     7.9510     7.9451  33.680418  33.677732     7.9452     7.9394    32.3100    32.3126    25.1697    25.1725     9.3257     9.4088    284.277    286.808     2.4957     2.3614     0.0525     0.2876     3.1062     1.1026     2.4444 -126.30678   48.35594      99.56         14  0.000e+00
     120095   5003.917     59.780     60.296     7.9509     7.9452  33.679922  33.677608     7.9451     7.9394    32.3095    32.3124    25.1693    25.1724     9.3201     9.4088    284.107    286.810     2.4945     2.3614     0.0525     0.2876     3.1050     1.1026     2.4444 -126.30678   48.35594      99.54         14  0.000e+00
     120096   5003.958     59.806     60.323     7.9510     7.9451  33.680666  33.677237     7.9452     7.9394    32.3103    32.3120    25.1699    25.1721     9.3201     9.4089    284.106    286.812     2.4945     2.3614     0.0525     0.2876     3.1062     1.1026     2.4444 -126.30678   48.35594      99.54         14  0.000e+00
     120097   5004.000     59.833     60.350     7.9511     7.9450  33.680542  33.677670     7.9453     7.9392    32.3100    32.3126    25.1697    25.1726     9.3201     9.4151    284.107    287.002     2.4945     2.3626     0.0537     0.3181     3.1062     1.1026     2.4444 -126.30678   48.35594      99.56         14  0.000e+00
     120098   5004.042     59.806     60.323     7.9508     7.9448  33.680418  33.677298     7.9450     7.9391    32.3102    32.3123    25.1699    25.1724     9.3201     9.4089    284.108    286.814     2.4945     2.3614     0.0525     0.2876     3.1062     1.1026     2.4444 -126.30678   48.35594      99.54         14  0.000e+00
     120099   5004.083     59.780     60.296     7.9508     7.9450  33.680604  33.677236     7.9450     7.9392    32.3104    32.3122    25.1700    25.1722     9.3201     9.4089    284.106    286.812     2.4945     2.3614     0.0525     0.2876     3.1062     1.1026     2.4444 -126.30678   48.35594      99.56         14  0.000e+00
     120100   5004.125     59.806     60.323     7.9508     7.9450  33.680728  33.677298     7.9450     7.9392    32.3105    32.3122    25.1701    25.1723     9.3144     9.4151    283.934    287.001     2.4933     2.3626     0.0537     0.3181     3.1062     1.1026     2.4444 -126.30678   48.35594      99.54         14  0.000e+00
     120101   5004.167     59.833     60.350     7.9503     7.9448  33.680728  33.677051     7.9445     7.9391    32.3109    32.3121    25.1705    25.1722     9.3146     9.4152    283.937    287.004     2.4933     2.3626     0.0525     0.2876     3.1050     1.1026     2.4444 -126.30678   48.35594      99.56         14  0.000e+00
     120102   5004.208     59.780     60.296     7.9500     7.9440  33.680542  33.677175     7.9442     7.9382    32.3111    32.3130    25.1707    25.1731     9.3146     9.4091    283.937    286.817     2.4933     2.3614     0.0537     0.3181     3.1062     1.1026     2.4444 -126.30678   48.35594      99.56         14  0.000e+00
     120103   5004.250     59.806     60.323     7.9500     7.9432  33.680666  33.676927     7.9442     7.9374    32.3112    32.3135    25.1708    25.1735     9.3089     9.4093    283.765    286.823     2.4921     2.3614     0.0537     0.3181     3.1062     1.1026     2.4444 -126.30678   48.35594      99.56         14  0.000e+00
     120104   5004.292     59.833     60.350     7.9498     7.9424  33.680232  33.676061     7.9441     7.9366    32.3108    32.3133    25.1705    25.1735     9.3090     9.4157    283.768    287.019     2.4921     2.3626     0.0537     0.3181     3.1050     1.1026     2.4444 -126.30678   48.35594      99.54         14  0.000e+00
     120105   5004.333     59.806     60.323     7.9498     7.9421  33.680542  33.676061     7.9440     7.9363    32.3112    32.3136    25.1708    25.1738     9.3090     9.4157    283.766    287.019     2.4921     2.3626     0.0537     0.3181     3.1050     1.1026     2.4444 -126.30678   48.35594      99.54         14  0.000e+00
     120106   5004.375     59.833     60.350     7.9497     7.9417  33.680480  33.675875     7.9439     7.9360    32.3112    32.3137    25.1708    25.1739     9.3033     9.4158    283.595    287.022     2.4908     2.3626     0.0537     0.3181     3.1062     1.1026     2.4444 -126.30678   48.35594      99.56         14  0.000e+00
     120107   5004.417     59.833     60.350     7.9498     7.9415  33.680170  33.675628     7.9441     7.9358    32.3108    32.3136    25.1705    25.1739     9.3033     9.4159    283.595    287.024     2.4908     2.3626     0.0525     0.2876     3.1062     1.1026     2.4444 -126.30678   48.35594      99.56         14  0.000e+00
     120108   5004.458     59.853     60.370     7.9496     7.9414  33.680108  33.675256     7.9439     7.9356    32.3109    32.3133    25.1706    25.1737     9.3034     9.4159    283.597    287.026     2.4908     2.3626     0.0525     0.2876     3.1062     1.1026     2.4444 -126.30678   48.35594      99.54         14  0.000e+00
     120109   5004.500     59.780     60.297     7.9495     7.9413  33.679860  33.675194     7.9437     7.9355    32.3108    32.3134    25.1705    25.1738     9.3034     9.4159    283.596    287.024     2.4908     2.3626     0.0525     0.2876     3.1062     1.1026     2.4444 -126.30678   48.35594      99.54         14  0.000e+00
     120110   5004.542     59.853     60.370     7.9494     7.9409  33.679799  33.675194     7.9436     7.9351    32.3108    32.3137    25.1705    25.1740     9.2978     9.4222    283.426    287.218     2.4896     2.3639     0.0537     0.3181     3.1050     1.1026     2.4444 -126.30678   48.35594      99.54         14  0.000e+00
     120111   5004.583     59.833     60.350     7.9491     7.9413  33.680047  33.675194     7.9433     7.9355    32.3113    32.3134    25.1710    25.1737     9.2978     9.4221    283.426    287.215     2.4896     2.3639     0.0537     0.3181     3.1050     1.1026     2.4444 -126.30678   48.35594      99.54         14  0.000e+00
     120112   5004.625     59.853     60.370     7.9492     7.9413  33.680109  33.675194     7.9434     7.9355    32.3113    32.3134    25.1710    25.1737     9.2978     9.4221    283.427    287.216     2.4896     2.3639     0.0525     0.2876     3.1062     1.1026     2.4432 -126.30678   48.35594      99.54         14  0.000e+00
