WCOA/WCOA-6/CTD_Data/RB2102_CTD_006_01.cnv
* Sea-Bird SBE 9 Data File:
* FileName = C:\Users\scs.user.rb\CTD\RB2102\Data\RB2102_CTD_006_01.hex
* Software Version Seasave V 7.26.7.107
* Temperature SN = 6202
* Conductivity SN = 4907
* Number of Bytes Per Scan = 41
* Number of Voltage Words = 4
* Number of Scans Averaged by the Deck Unit = 1
* NMEA Latitude = 52 01.06 N
* NMEA Longitude = 129 58.22 W
* NMEA UTC (Time) = Jun 26 2021  04:00:57
* NMEA baud rate = 4800
# nquan = 6
# nvalues = 58609                                 
# units = specified
# name 0 = prDM: Pressure, Digiquartz [db]
# name 1 = depSM: Depth [salt water, m]
# name 2 = t090C: Temperature [ITS-90, deg C]
# name 3 = sal00: Salinity, Practical [PSU]
# name 4 = c0S/m: Conductivity [S/m]
# name 5 = flag:  0.000e+00
# span 0 =      0.614,    121.312                 
# span 1 =      0.608,    120.214                 
# span 2 =     6.6431,    14.9953                 
# span 3 =     0.0000,    33.2906                 
# span 4 =  -0.000047,   3.794307                 
# span 5 = 0.0000e+00, 0.0000e+00                 
# interval = seconds: 0.0416667
# start_time = Jun 26 2021 04:00:58 [System UTC, first data scan.]
# bad_flag = -9.990e-29
*END*
[from data line 16717]
    113.109    112.088     6.6953    33.2341   3.345934  0.000e+00
    113.129    112.108     6.6950    33.2340   3.345903  0.000e+00
    113.162    112.141     6.6942    33.2352   3.345934  0.000e+00
    113.162    112.141     6.6941    33.2353   3.345934  0.000e+00
    113.162    112.141     6.6943    33.2352   3.345946  0.000e+00
    113.129    112.108     6.6942    33.2354   3.345952  0.000e+00
    113.263    112.240     6.6936    33.2357   3.345934  0.000e+00
    113.162    112.141     6.6935    33.2360   3.345946  0.000e+00
    113.209    112.187     6.6936    33.2360   3.345958  0.000e+00
    113.209    112.187     6.6932    33.2360   3.345927  0.000e+00
    113.276    112.254     6.6930    33.2361   3.345921  0.000e+00
    113.263    112.240     6.6931    33.2363   3.345946  0.000e+00
    113.263    112.240     6.6930    33.2367   3.345977  0.000e+00
    113.309    112.287     6.6935    33.2359   3.345940  0.000e+00
    113.263    112.240     6.6938    33.2354   3.345927  0.000e+00
    113.323    112.300     6.6937    33.2359   3.345965  0.000e+00
    113.309    112.287     6.6942    33.2351   3.345940  0.000e+00
    113.356    112.333     6.6945    33.2347   3.345928  0.000e+00
    113.356    112.333     6.6946    33.2350   3.345965  0.000e+00
    113.376    112.353     6.6945    33.2348   3.345940  0.000e+00
    113.410    112.386     6.6940    33.2349   3.345903  0.000e+00
    113.410    112.386     6.6936    33.2357   3.345940  0.000e+00
    113.410    112.386     6.6930    33.2361   3.345928  0.000e+00
    113.410    112.386     6.6915    33.2367   3.345853  0.000e+00
    113.423    112.399     6.6899    33.2392   3.345928  0.000e+00
    113.456    112.432     6.6886    33.2399   3.345884  0.000e+00
    113.456    112.432     6.6876    33.2402   3.345816  0.000e+00
    113.456    112.432     6.6864    33.2419   3.345872  0.000e+00
    113.470    112.446     6.6858    33.2425   3.345872  0.000e+00
    113.503    112.479     6.6856    33.2426   3.345866  0.000e+00
    113.456    112.432     6.6855    33.2427   3.345866  0.000e+00
    113.503    112.479     6.6850    33.2434   3.345884  0.000e+00
    113.503    112.479     6.6849    33.2431   3.345847  0.000e+00
    113.523    112.499     6.6847    33.2436   3.345878  0.000e+00
    113.557    112.532     6.6850    33.2429   3.345847  0.000e+00
    113.503    112.479     6.6850    33.2428   3.345835  0.000e+00
    113.557    112.532     6.6853    33.2427   3.345854  0.000e+00
    113.557    112.532     6.6851    33.2425   3.345816  0.000e+00
    113.570    112.545     6.6853    33.2423   3.345823  0.000e+00
    113.557    112.532     6.6851    33.2429   3.345854  0.000e+00
    113.557    112.532     6.6845    33.2433   3.345841  0.000e+00
    113.657    112.631     6.6839    33.2443   3.345878  0.000e+00
    113.623    112.598     6.6838    33.2443   3.345872  0.000e+00
    113.557    112.532     6.6834    33.2447   3.345866  0.000e+00
    113.603    112.578     6.6834    33.2451   3.345903  0.000e+00
    113.657    112.631     6.6834    33.2448   3.345878  0.000e+00
    113.657    112.631     6.6832    33.2450   3.345884  0.000e+00
    113.623    112.598     6.6834    33.2450   3.345897  0.000e+00
    113.657    112.631     6.6832    33.2449   3.345872  0.000e+00
    113.603    112.578     6.6832    33.2450   3.345884  0.000e+00
    113.704    112.677     6.6834    33.2447   3.345872  0.000e+00
    113.603    112.578     6.6832    33.2448   3.345866  0.000e+00
    113.670    112.644     6.6832    33.2448   3.345866  0.000e+00
    113.657    112.631     6.6832    33.2450   3.345884  0.000e+00
    113.657    112.631     6.6831    33.2450   3.345872  0.000e+00
    113.657    112.631     6.6836    33.2447   3.345884  0.000e+00
    113.657    112.631     6.6843    33.2438   3.345872  0.000e+00
    113.670    112.644     6.6840    33.2444   3.345903  0.000e+00
    113.657    112.631     6.6842    33.2440   3.345878  0.000e+00
    113.657    112.631     6.6843    33.2435   3.345841  0.000e+00
    113.657    112.631     6.6844    33.2438   3.345878  0.000e+00
    113.717    112.691     6.6843    33.2435   3.345847  0.000e+00
    113.603    112.578     6.6842    33.2440   3.345878  0.000e+00
    113.704    112.677     6.6845    33.2433   3.345847  0.000e+00
    113.657    112.631     6.6842    33.2442   3.345897  0.000e+00
    113.704    112.677     6.6842    33.2440   3.345878  0.000e+00
    113.670    112.644     6.6840    33.2440   3.345866  0.000e+00
    113.704    112.677     6.6842    33.2441   3.345884  0.000e+00
    113.657    112.631     6.6845    33.2434   3.345847  0.000e+00
    113.704    112.677     6.6845    33.2437   3.345878  0.000e+00
    113.657    112.631     6.6845    33.2434   3.345847  0.000e+00
    113.717    112.691     6.6844    33.2438   3.345878  0.000e+00
    113.657    112.631     6.6840    33.2444   3.345897  0.000e+00
    113.704    112.677     6.6839    33.2439   3.345847  0.000e+00
    113.704    112.677     6.6837    33.2447   3.345897  0.000e+00
    113.657    112.631     6.6836    33.2446   3.345878  0.000e+00
    113.670    112.644     6.6836    33.2445   3.345866  0.000e+00
    113.704    112.677     6.6836    33.2442   3.345841  0.000e+00
    113.657    112.631     6.6840    33.2439   3.345854  0.000e+00
    113.657    112.631     6.6842    33.2440   3.345884  0.000e+00
    113.717    112.691     6.6847    33.2439   3.345915  0.000e+00
    113.603    112.578     6.6855    33.2428   3.345878  0.000e+00
    113.704    112.677     6.6858    33.2428   3.345909  0.000e+00
    113.657    112.631     6.6864    33.2423   3.345922  0.000e+00
    113.657    112.631     6.6871    33.2415   3.345903  0.000e+00
    113.717    112.691     6.6874    33.2413   3.345915  0.000e+00
    113.657    112.631     6.6876    33.2413   3.345928  0.000e+00
    113.657    112.631     6.6877    33.2410   3.345921  0.000e+00
    113.704    112.677     6.6879    33.2409   3.345922  0.000e+00
    113.603    112.578     6.6876    33.2415   3.345946  0.000e+00
    113.717    112.691     6.6874    33.2414   3.345928  0.000e+00
    113.704    112.677     6.6877    33.2409   3.345903  0.000e+00
    113.657    112.631     6.6876    33.2414   3.345940  0.000e+00
    113.657    112.631     6.6871    33.2420   3.345952  0.000e+00
    113.657    112.631     6.6869    33.2422   3.345952  0.000e+00
    113.670    112.644     6.6864    33.2427   3.345959  0.000e+00
    113.704    112.677     6.6862    33.2432   3.345977  0.000e+00
    113.657    112.631     6.6861    33.2431   3.345965  0.000e+00
    113.657    112.631     6.6863    33.2433   3.345996  0.000e+00
    113.670    112.644     6.6871    33.2427   3.346014  0.000e+00
    113.603    112.578     6.6877    33.2416   3.345965  0.000e+00
    113.657    112.631     6.6884    33.2411   3.345977  0.000e+00
    113.657    112.631     6.6883    33.2412   3.345989  0.000e+00
    113.657    112.631     6.6887    33.2411   3.346008  0.000e+00
    113.623    112.598     6.6892    33.2412   3.346057  0.000e+00
    113.657    112.631     6.6898    33.2402   3.346027  0.000e+00
    113.657    112.631     6.6901    33.2399   3.346033  0.000e+00
    113.603    112.578     6.6902    33.2400   3.346045  0.000e+00
    113.657    112.631     6.6903    33.2401   3.346064  0.000e+00
    113.670    112.644     6.6905    33.2401   3.346076  0.000e+00
    113.603    112.578     6.6907    33.2396   3.346051  0.000e+00
    113.657    112.631     6.6908    33.2394   3.346045  0.000e+00
    113.603    112.578     6.6909    33.2394   3.346045  0.000e+00
    113.703    112.677     6.6914    33.2388   3.346045  0.000e+00
    113.623    112.598     6.6918    33.2385   3.346045  0.000e+00
    113.603    112.578     6.6922    33.2381   3.346045  0.000e+00
    113.657    112.631     6.6923    33.2385   3.346088  0.000e+00
    113.603    112.578     6.6925    33.2380   3.346057  0.000e+00
    113.670    112.644     6.6924    33.2379   3.346045  0.000e+00
    113.556    112.531     6.6925    33.2378   3.346045  0.000e+00
    113.603    112.578     6.6923    33.2380   3.346045  0.000e+00
    113.603    112.578     6.6925    33.2378   3.346045  0.000e+00
    113.603    112.578     6.6934    33.2372   3.346064  0.000e+00
    113.623    112.598     6.6936    33.2368   3.346051  0.000e+00
    113.603    112.578     6.6937    33.2369   3.346064  0.000e+00
    113.556    112.531     6.6936    33.2371   3.346076  0.000e+00
    113.603    112.578     6.6940    33.2367   3.346076  0.000e+00
    113.556    112.531     6.6935    33.2372   3.346076  0.000e+00
    113.623    112.598     6.6936    33.2371   3.346076  0.000e+00
    113.556    112.531     6.6937    33.2370   3.346076  0.000e+00
    113.603    112.578     6.6935    33.2372   3.346076  0.000e+00
    113.556    112.531     6.6934    33.2375   3.346094  0.000e+00
    113.603    112.578     6.6930    33.2380   3.346107  0.000e+00
    113.570    112.545     6.6935    33.2370   3.346057  0.000e+00
    113.603    112.578     6.6934    33.2372   3.346064  0.000e+00
    113.556    112.531     6.6930    33.2385   3.346144  0.000e+00
    113.556    112.531     6.6929    33.2386   3.346144  0.000e+00
    113.570    112.545     6.6930    33.2381   3.346113  0.000e+00
    113.556    112.531     6.6933    33.2380   3.346125  0.000e+00
    113.603    112.578     6.6930    33.2381   3.346113  0.000e+00
    113.503    112.478     6.6930    33.2378   3.346082  0.000e+00
    113.556    112.531     6.6924    33.2385   3.346094  0.000e+00
    113.523    112.498     6.6919    33.2388   3.346082  0.000e+00
    113.556    112.531     6.6930    33.2377   3.346076  0.000e+00
    113.503    112.478     6.6942    33.2371   3.346119  0.000e+00
    113.556    112.531     6.6950    33.2361   3.346113  0.000e+00
    113.503    112.478     6.6948    33.2365   3.346125  0.000e+00
    113.523    112.498     6.6948    33.2366   3.346138  0.000e+00
    113.503    112.478     6.6944    33.2368   3.346113  0.000e+00
    113.556    112.531     6.6940    33.2370   3.346107  0.000e+00
    113.503    112.478     6.6933    33.2378   3.346107  0.000e+00
    113.523    112.498     6.6919    33.2386   3.346057  0.000e+00
    113.503    112.478     6.6910    33.2391   3.346020  0.000e+00
    113.503    112.478     6.6904    33.2400   3.346057  0.000e+00
    113.503    112.478     6.6901    33.2402   3.346051  0.000e+00
    113.556    112.531     6.6914    33.2389   3.346045  0.000e+00
    113.523    112.498     6.6927    33.2378   3.346064  0.000e+00
    113.503    112.478     6.6938    33.2369   3.346076  0.000e+00
    113.556    112.531     6.6936    33.2371   3.346076  0.000e+00
    113.503    112.478     6.6930    33.2377   3.346076  0.000e+00
    113.556    112.531     6.6922    33.2385   3.346076  0.000e+00
    113.469    112.445     6.6914    33.2393   3.346076  0.000e+00
    113.556    112.531     6.6911    33.2390   3.346026  0.000e+00
    113.503    112.478     6.6912    33.2393   3.346057  0.000e+00
    113.556    112.531     6.6916    33.2391   3.346076  0.000e+00
    113.523    112.498     6.6919    33.2388   3.346076  0.000e+00
    113.503    112.478     6.6918    33.2389   3.346076  0.000e+00
    113.503    112.478     6.6916    33.2391   3.346076  0.000e+00
    113.556    112.531     6.6918    33.2386   3.346051  0.000e+00
    113.503    112.478     6.6916    33.2388   3.346045  0.000e+00
    113.569    112.544     6.6914    33.2393   3.346088  0.000e+00
    113.503    112.478     6.6918    33.2384   3.346033  0.000e+00
    113.556    112.531     6.6921    33.2384   3.346057  0.000e+00
    113.556    112.531     6.6923    33.2386   3.346094  0.000e+00
    113.556    112.531     6.6923    33.2382   3.346057  0.000e+00
    113.623    112.597     6.6921    33.2384   3.346064  0.000e+00
    113.556    112.531     6.6920    33.2389   3.346094  0.000e+00
    113.603    112.577     6.6919    33.2385   3.346057  0.000e+00
    113.603    112.577     6.6914    33.2389   3.346045  0.000e+00
    113.623    112.597     6.6914    33.2386   3.346020  0.000e+00
    113.603    112.577     6.6910    33.2392   3.346033  0.000e+00
    113.656    112.630     6.6900    33.2400   3.346020  0.000e+00
    113.603    112.577     6.6897    33.2402   3.346014  0.000e+00
    113.656    112.630     6.6905    33.2394   3.346014  0.000e+00
    113.670    112.644     6.6901    33.2398   3.346014  0.000e+00
    113.656    112.630     6.6894    33.2403   3.345996  0.000e+00
    113.703    112.677     6.6890    33.2410   3.346027  0.000e+00
    113.656    112.630     6.6887    33.2410   3.346002  0.000e+00
    113.703    112.677     6.6882    33.2413   3.345989  0.000e+00
    113.716    112.690     6.6877    33.2420   3.346008  0.000e+00
    113.703    112.677     6.6873    33.2423   3.345996  0.000e+00
    113.750    112.723     6.6863    33.2429   3.345965  0.000e+00
    113.750    112.723     6.6853    33.2435   3.345934  0.000e+00
    113.750    112.723     6.6850    33.2441   3.345965  0.000e+00
    113.770    112.743     6.6845    33.2448   3.345983  0.000e+00
    113.803    112.776     6.6840    33.2448   3.345940  0.000e+00
    113.803    112.776     6.6839    33.2452   3.345965  0.000e+00
    113.803    112.776     6.6842    33.2449   3.345965  0.000e+00
    113.850    112.822     6.6840    33.2450   3.345959  0.000e+00
    113.870    112.842     6.6845    33.2441   3.345928  0.000e+00
    113.850    112.822     6.6843    33.2445   3.345946  0.000e+00
    113.903    112.875     6.6834    33.2453   3.345934  0.000e+00
    113.903    112.875     6.6829    33.2464   3.345990  0.000e+00
    113.917    112.889     6.6831    33.2460   3.345971  0.000e+00
    113.903    112.875     6.6836    33.2454   3.345959  0.000e+00
    113.950    112.922     6.6842    33.2450   3.345977  0.000e+00
    113.997    112.968     6.6842    33.2447   3.345959  0.000e+00
    113.950    112.922     6.6839    33.2450   3.345953  0.000e+00
    114.017    112.988     6.6832    33.2457   3.345959  0.000e+00
    113.997    112.968     6.6831    33.2455   3.345928  0.000e+00
    114.050    113.021     6.6827    33.2457   3.345922  0.000e+00
    114.050    113.021     6.6829    33.2456   3.345928  0.000e+00
    114.050    113.021     6.6823    33.2462   3.345922  0.000e+00
    114.064    113.034     6.6824    33.2460   3.345922  0.000e+00
    114.097    113.067     6.6821    33.2464   3.345928  0.000e+00
    114.097    113.067     6.6823    33.2464   3.345946  0.000e+00
    114.151    113.120     6.6824    33.2461   3.345934  0.000e+00
    114.151    113.120     6.6827    33.2459   3.345946  0.000e+00
    114.211    113.180     6.6832    33.2456   3.345959  0.000e+00
    114.151    113.120     6.6840    33.2450   3.345977  0.000e+00
    114.244    113.213     6.6839    33.2450   3.345965  0.000e+00
    114.244    113.213     6.6842    33.2443   3.345934  0.000e+00
    114.244    113.213     6.6842    33.2445   3.345946  0.000e+00
    114.264    113.233     6.6842    33.2443   3.345934  0.000e+00
    114.244    113.213     6.6843    33.2441   3.345928  0.000e+00
    114.344    113.312     6.6842    33.2441   3.345922  0.000e+00
    114.298    113.266     6.6837    33.2449   3.345946  0.000e+00
    114.298    113.266     6.6831    33.2457   3.345959  0.000e+00
    114.398    113.365     6.6826    33.2457   3.345928  0.000e+00
    114.311    113.279     6.6825    33.2459   3.345922  0.000e+00
    114.398    113.365     6.6823    33.2461   3.345928  0.000e+00
    114.398    113.365     6.6820    33.2466   3.345947  0.000e+00
    114.398    113.365     6.6813    33.2476   3.345977  0.000e+00
    114.445    113.411     6.6807    33.2484   3.346002  0.000e+00
    114.458    113.425     6.6803    33.2489   3.346015  0.000e+00
    114.445    113.411     6.6799    33.2493   3.346015  0.000e+00
    114.491    113.458     6.6801    33.2487   3.345971  0.000e+00
    114.491    113.458     6.6799    33.2487   3.345959  0.000e+00
