WCOA/WCOA-6/CTD_Data/RB2102_CTD_108_01.ros
* Sea-Bird SBE 9 Data File:
* FileName = C:\Users\scs.user.rb\CTD\RB2102\Data\RB2102_CTD_108_01.hex
* Software Version Seasave V 7.26.7.107
* Temperature SN = 6202
* Conductivity SN = 4907
* Number of Bytes Per Scan = 41
* Number of Voltage Words = 4
* Number of Scans Averaged by the Deck Unit = 1
* NMEA Latitude = 34 38.57 N
* NMEA Longitude = 123 21.84 W
* NMEA UTC (Time) = Jul 16 2021  15:18:13
* NMEA baud rate = 4800
# nquan = 30
# nvalues = 1176                                  
# units = specified
# name 0 = scan: Scan Count
# name 1 = timeS: Time, Elapsed [seconds]
# name 2 = depSM: Depth [salt water, m]
# name 3 = prDM: Pressure, Digiquartz [db]
# name 4 = t090C: Temperature [ITS-90, deg C]
# name 5 = t190C: Temperature, 2 [ITS-90, deg C]
# name 6 = c0mS/cm: Conductivity [mS/cm]
# name 7 = c1mS/cm: Conductivity, 2 [mS/cm]
# name 8 = potemp090C: Potential Temperature [ITS-90, deg C]
# name 9 = potemp190C: Potential Temperature, 2 [ITS-90, deg C]
# name 10 = sal00: Salinity, Practical [PSU]
# name 11 = sal11: Salinity, Practical, 2 [PSU]
# name 12 = sigma-é00: Density [sigma-theta, kg/m^3]
# name 13 = sigma-é11: Density, 2 [sigma-theta, kg/m^3]
# name 14 = sbeox0Mg/L: Oxygen, SBE 43 [mg/l]
# name 15 = sbeox1Mg/L: Oxygen, SBE 43, 2 [mg/l]
# name 16 = sbox0Mm/Kg: Oxygen, SBE 43 [umol/kg]
# name 17 = sbox1Mm/Kg: Oxygen, SBE 43, 2 [umol/kg]
# name 18 = sbeox0V: Oxygen raw, SBE 43 [V]
# name 19 = sbeox1V: Oxygen raw, SBE 43, 2 [V]
# name 20 = v4: Voltage 4
# name 21 = flECO-AFL: Fluorescence, WET Labs ECO-AFL/FL [mg/m^3]
# name 22 = v3: Voltage 3
# name 23 = v6: Voltage 6
# name 24 = v7: Voltage 7
# name 25 = longitude: Longitude [deg]
# name 26 = latitude: Latitude [deg]
# name 27 = altM: Altimeter [m]
# name 28 = nbf: Bottles Fired
# name 29 = flag:  0.000e+00
# interval = seconds: 0.0416667
# start_time = Jul 16 2021 15:18:13 [NMEA time, header]
# bad_flag = -9.990e-29
*END*
[from data line 726]
     298824  12450.958     99.248     99.991    10.5795    10.5815  37.145655  37.146347    10.5678    10.5697    33.4514    33.4503    25.6458    25.6446     6.5606     6.6715    199.895    203.273     1.9927     1.9109     0.0403    -0.0177     3.2088     0.1221     0.0000 -123.36832   34.64236      99.32         15  0.000e+00
     298825  12451.000     99.348    100.092    10.5813    10.5813  37.147394  37.146412    10.5696    10.5696    33.4514    33.4505    25.6455    25.6447     6.5551     6.6774    199.728    203.453     1.9915     1.9121     0.0415     0.0129     3.2063     0.1221     0.0000 -123.36832   34.64236      99.32         15  0.000e+00
     298826  12451.042     99.248     99.991    10.5845    10.5813  37.150097  37.146412    10.5727    10.5695    33.4513    33.4506    25.6449    25.6448     6.5599     6.6715    199.874    203.274     1.9927     1.9109     0.0415     0.0129     3.2088     0.1221     0.0000 -123.36832   34.64236      99.32         15  0.000e+00
     298827  12451.083     99.348    100.092    10.5892    10.5815  37.152865  37.145897    10.5775    10.5697    33.4497    33.4498    25.6428    25.6442     6.5593     6.6716    199.857    203.277     1.9927     1.9109     0.0415     0.0129     3.2063     0.1221     0.0000 -123.36832   34.64236      99.32         15  0.000e+00
     298828  12451.125     99.295    100.038    10.5922    10.5815  37.154217  37.146219    10.5804    10.5697    33.4483    33.4502    25.6412    25.6445     6.5589     6.6715    199.844    203.275     1.9927     1.9109     0.0415     0.0129     3.2063     0.1221     0.0000 -123.36832   34.64236      99.32         15  0.000e+00
     298829  12451.167     99.248     99.991    10.5918    10.5815  37.153701  37.146669    10.5801    10.5697    33.4482    33.4506    25.6411    25.6449     6.5536     6.6715    199.683    203.273     1.9915     1.9109     0.0415     0.0129     3.2063     0.1221     0.0000 -123.36832   34.64236      99.32         15  0.000e+00
     298830  12451.208     99.348    100.091    10.5900    10.5813  37.152543  37.146219    10.5783    10.5695    33.4486    33.4503    25.6418    25.6446     6.5539     6.6716    199.693    203.277     1.9915     1.9109     0.0415     0.0129     3.2076     0.1221     0.0000 -123.36832   34.64236      99.32         15  0.000e+00
     298831  12451.250     99.295    100.038    10.5884    10.5815  37.150676  37.146605    10.5766    10.5697    33.4483    33.4506    25.6418    25.6448     6.5542     6.6715    199.699    203.274     1.9915     1.9109     0.0415     0.0129     3.2063     0.1221     0.0000 -123.36832   34.64236      99.32         15  0.000e+00
     298832  12451.292     99.295    100.038    10.5873    10.5815  37.150225  37.146734    10.5755    10.5697    33.4489    33.4507    25.6425    25.6449     6.5543     6.6715    199.704    203.274     1.9915     1.9109     0.0415     0.0129     3.2063     0.1221     0.0000 -123.36832   34.64236      99.32         15  0.000e+00
     302841  12618.333     79.617     80.209    11.3281    11.3322  37.624528  37.628018    11.3183    11.3224    33.2553    33.2550    25.3600    25.3590     7.4834     7.6046    228.077    231.769     2.2357     2.1380     0.0440     0.0739     3.2039     0.1282     0.0000 -123.36844   34.64234      99.37         16  0.000e+00
     302842  12618.375     79.630     80.222    11.3285    11.3319  37.624851  37.627501    11.3186    11.3221    33.2553    33.2548    25.3599    25.3589     7.4834     7.6047    228.075    231.772     2.2357     2.1380     0.0440     0.0739     3.2039     0.1282     0.0000 -123.36844   34.64234      99.37         16  0.000e+00
     302843  12618.417     79.683     80.276    11.3286    11.3318  37.624722  37.627566    11.3188    11.3219    33.2550    33.2550    25.3596    25.3591     7.4834     7.6047    228.077    231.774     2.2357     2.1380     0.0440     0.0739     3.2039     0.1282     0.0000 -123.36844   34.64234      99.37         16  0.000e+00
     302844  12618.458     79.683     80.276    11.3286    11.3318  37.624852  37.627889    11.3188    11.3220    33.2551    33.2553    25.3597    25.3593     7.4834     7.6047    228.076    231.773     2.2357     2.1380     0.0440     0.0739     3.2039     0.1282     0.0000 -123.36844   34.64234      99.37         16  0.000e+00
     302845  12618.500     79.630     80.222    11.3283    11.3318  37.624722  37.627759    11.3185    11.3219    33.2553    33.2552    25.3599    25.3592     7.4834     7.5990    228.076    231.599     2.2357     2.1368     0.0440     0.0739     3.2039     0.1282     0.0000 -123.36844   34.64234      99.37         16  0.000e+00
     302846  12618.542     79.630     80.222    11.3285    11.3318  37.624657  37.627889    11.3186    11.3219    33.2551    33.2553    25.3597    25.3593     7.4834     7.6047    228.076    231.772     2.2357     2.1380     0.0440     0.0739     3.2039     0.1282     0.0000 -123.36844   34.64234      99.37         16  0.000e+00
     302847  12618.583     79.670     80.262    11.3283    11.3318  37.624658  37.628212    11.3185    11.3219    33.2552    33.2556    25.3599    25.3596     7.4835     7.6047    228.077    231.772     2.2357     2.1380     0.0440     0.0739     3.2039     0.1282     0.0000 -123.36844   34.64234      99.37         16  0.000e+00
     302848  12618.625     79.683     80.276    11.3281    11.3318  37.624399  37.628083    11.3183    11.3219    33.2551    33.2555    25.3598    25.3595     7.4835     7.5990    228.079    231.600     2.2357     2.1368     0.0440     0.0739     3.2039     0.1282     0.0000 -123.36844   34.64234      99.34         16  0.000e+00
     302849  12618.667     79.630     80.222    11.3283    11.3320  37.623557  37.628535    11.3185    11.3221    33.2542    33.2558    25.3591    25.3596     7.4782     7.5989    227.919    231.597     2.2344     2.1368     0.0440     0.0739     3.2039     0.1282     0.0000 -123.36844   34.64234      99.34         16  0.000e+00
     302850  12618.708     79.630     80.222    11.3278    11.3321  37.624075  37.628923    11.3180    11.3223    33.2551    33.2560    25.3599    25.3598     7.4783     7.6046    227.920    231.769     2.2344     2.1380     0.0440     0.0739     3.2039     0.1282     0.0000 -123.36844   34.64234      99.37         16  0.000e+00
     302851  12618.750     79.630     80.222    11.3279    11.3324  37.624010  37.629247    11.3181    11.3226    33.2549    33.2561    25.3597    25.3598     7.4783     7.5988    227.919    231.594     2.2344     2.1368     0.0440     0.0739     3.2039     0.1282     0.0000 -123.36844   34.64234      99.37         16  0.000e+00
     302852  12618.792     79.630     80.222    11.3280    11.3331  37.623687  37.629376    11.3182    11.3233    33.2546    33.2556    25.3594    25.3593     7.4783     7.6044    227.920    231.764     2.2344     2.1380     0.0440     0.0739     3.2039     0.1282     0.0000 -123.36844   34.64234      99.37         16  0.000e+00
     302853  12618.833     79.670     80.262    11.3283    11.3336  37.623816  37.629570    11.3185    11.3238    33.2544    33.2553    25.3592    25.3590     7.4783     7.5987    227.920    231.590     2.2344     2.1368     0.0452     0.1044     3.2039     0.1282     0.0000 -123.36844   34.64234      99.37         16  0.000e+00
     302854  12618.875     79.630     80.222    11.3283    11.3338  37.624463  37.629440    11.3185    11.3240    33.2551    33.2550    25.3597    25.3587     7.4730     7.5986    227.758    231.588     2.2332     2.1368     0.0464     0.1350     3.2039     0.1270     0.0000 -123.36844   34.64234      99.37         16  0.000e+00
     302855  12618.917     79.584     80.175    11.3281    11.3341  37.624398  37.629376    11.3183    11.3243    33.2552    33.2547    25.3599    25.3584     7.4730     7.6042    227.757    231.759     2.2332     2.1380     0.0464     0.1350     3.2039     0.1282     0.0000 -123.36844   34.64234      99.37         16  0.000e+00
     302856  12618.958     79.630     80.222    11.3283    11.3344  37.624334  37.630087    11.3185    11.3246    33.2549    33.2551    25.3596    25.3586     7.4730     7.5985    227.758    231.585     2.2332     2.1368     0.0452     0.1044     3.2039     0.1282     0.0000 -123.36844   34.64234      99.34         16  0.000e+00
     302857  12619.000     79.584     80.175    11.3288    11.3347  37.624334  37.630346    11.3190    11.3249    33.2545    33.2551    25.3592    25.3586     7.4729     7.5984    227.755    231.582     2.2332     2.1368     0.0452     0.1044     3.2039     0.1282     0.0000 -123.36844   34.64234      99.34         16  0.000e+00
     302858  12619.042     79.584     80.175    11.3290    11.3354  37.625045  37.630539    11.3191    11.3256    33.2551    33.2546    25.3596    25.3581     7.4728     7.5983    227.753    231.579     2.2332     2.1368     0.0452     0.1044     3.2039     0.1282     0.0000 -123.36844   34.64234      99.34         16  0.000e+00
     302859  12619.083     79.617     80.209    11.3291    11.3357  37.625045  37.630669    11.3193    11.3259    33.2549    33.2545    25.3595    25.3579     7.4728     7.5983    227.754    231.578     2.2332     2.1368     0.0452     0.1044     3.2039     0.1270     0.0000 -123.36844   34.64234      99.34         16  0.000e+00
     302860  12619.125     79.530     80.122    11.3298    11.3361  37.625627  37.630863    11.3200    11.3262    33.2549    33.2544    25.3594    25.3578     7.4726     7.5982    227.748    231.574     2.2332     2.1368     0.0452     0.1044     3.2039     0.1270     0.0000 -123.36844   34.64234      99.37         16  0.000e+00
     302861  12619.167     79.584     80.175    11.3308    11.3364  37.626663  37.630992    11.3209    11.3266    33.2550    33.2542    25.3593    25.3576     7.4673     7.5982    227.585    231.574     2.2320     2.1368     0.0452     0.1044     3.2039     0.1270     0.0000 -123.36844   34.64234      99.34         16  0.000e+00
     302862  12619.208     79.530     80.122    11.3329    11.3366  37.627698  37.630992    11.3231    11.3267    33.2541    33.2541    25.3582    25.3575     7.4722     7.5981    227.734    231.572     2.2332     2.1368     0.0452     0.1044     3.2039     0.1282     0.0000 -123.36844   34.64234      99.34         16  0.000e+00
     302863  12619.250     79.530     80.122    11.3356    11.3366  37.628927  37.630992    11.3257    11.3268    33.2530    33.2540    25.3568    25.3574     7.4666     7.5981    227.563    231.572     2.2320     2.1368     0.0452     0.1044     3.2039     0.1294     0.0000 -123.36844   34.64234      99.34         16  0.000e+00
     302864  12619.292     79.530     80.122    11.3373    11.3371  37.629444  37.631250    11.3274    11.3272    33.2519    33.2539    25.3557    25.3572     7.4663     7.5980    227.556    231.570     2.2320     2.1368     0.0452     0.1044     3.2039     0.1294     0.0000 -123.36844   34.64234      99.34         16  0.000e+00
     302865  12619.333     79.517     80.109    11.3383    11.3372  37.630350  37.631832    11.3285    11.3274    33.2519    33.2543    25.3554    25.3575     7.4661     7.5980    227.551    231.568     2.2320     2.1368     0.0452     0.1044     3.2039     0.1294     0.0000 -123.36844   34.64234      99.37         16  0.000e+00
     302866  12619.375     79.484     80.075    11.3393    11.3376  37.630609  37.632026    11.3295    11.3277    33.2513    33.2542    25.3548    25.3574     7.4660     7.5979    227.546    231.565     2.2320     2.1368     0.0452     0.1044     3.2039     0.1294     0.0000 -123.36844   34.64234      99.37         16  0.000e+00
     302867  12619.417     79.484     80.075    11.3399    11.3377  37.631320  37.631509    11.3301    11.3279    33.2514    33.2536    25.3548    25.3569     7.4659     7.5979    227.543    231.565     2.2320     2.1368     0.0452     0.1044     3.2039     0.1294     0.0000 -123.36844   34.64234      99.34         16  0.000e+00
     302868  12619.458     79.438     80.028    11.3407    11.3384  37.632032  37.631832    11.3308    11.3286    33.2515    33.2533    25.3547    25.3565     7.4657     7.5977    227.537    231.561     2.2320     2.1368     0.0452     0.1044     3.2039     0.1294     0.0000 -123.36844   34.64234      99.37         16  0.000e+00
     302869  12619.500     79.438     80.028    11.3413    11.3384  37.632226  37.632026    11.3315    11.3286    33.2511    33.2535    25.3543    25.3567     7.4656     7.5977    227.535    231.561     2.2320     2.1368     0.0452     0.1044     3.2039     0.1294     0.0000 -123.36844   34.64234      99.34         16  0.000e+00
     302870  12619.542     79.471     80.062    11.3416    11.3382  37.631967  37.630991    11.3318    11.3284    33.2505    33.2526    25.3538    25.3560     7.4656     7.5921    227.535    231.391     2.2320     2.1355     0.0452     0.1044     3.2039     0.1306     0.0000 -123.36844   34.64234      99.34         16  0.000e+00
     302871  12619.583     79.438     80.028    11.3417    11.3379  37.632679  37.631121    11.3319    11.3281    33.2511    33.2530    25.3543    25.3564     7.4708     7.5978    227.692    231.564     2.2332     2.1368     0.0452     0.1044     3.2039     0.1306     0.0000 -123.36844   34.64234      99.37         16  0.000e+00
     302872  12619.625     79.385     79.975    11.3418    11.3376  37.632679  37.631056    11.3320    11.3278    33.2511    33.2533    25.3542    25.3567     7.4707     7.5978    227.690    231.564     2.2332     2.1368     0.0452     0.1044     3.2039     0.1306     0.0000 -123.36844   34.64234      99.34         16  0.000e+00
     302873  12619.667     79.385     79.975    11.3421    11.3369  37.632614  37.630991    11.3323    11.3271    33.2507    33.2538    25.3539    25.3572     7.4654     7.5922    227.530    231.393     2.2320     2.1355     0.0452     0.1044     3.2039     0.1306     0.0000 -123.36844   34.64234      99.34         16  0.000e+00
     302874  12619.708     79.338     79.928    11.3422    11.3369  37.632614  37.630991    11.3324    11.3271    33.2507    33.2538    25.3538    25.3572     7.4654     7.5979    227.528    231.565     2.2320     2.1368     0.0452     0.1044     3.2039     0.1294     0.0000 -123.36844   34.64234      99.37         16  0.000e+00
     302875  12619.750     79.385     79.975    11.3421    11.3367  37.632808  37.630733    11.3323    11.3269    33.2509    33.2537    25.3540    25.3572     7.4654     7.5980    227.529    231.567     2.2320     2.1368     0.0452     0.1044     3.2039     0.1306     0.0000 -123.36844   34.64234      99.34         16  0.000e+00
     302876  12619.792     79.371     79.962    11.3423    11.3369  37.632679  37.631638    11.3325    11.3271    33.2507    33.2545    25.3538    25.3577     7.4654     7.5922    227.529    231.392     2.2320     2.1355     0.0452     0.1044     3.2039     0.1294     0.0000 -123.36846   34.64232      99.37         16  0.000e+00
     302877  12619.833     79.292     79.881    11.3426    11.3371  37.632808  37.631508    11.3328    11.3273    33.2505    33.2543    25.3536    25.3575     7.4653     7.5978    227.525    231.562     2.2320     2.1368     0.0452     0.1044     3.2039     0.1306     0.0000 -123.36846   34.64232      99.37         16  0.000e+00
     302878  12619.875     79.292     79.881    11.3427    11.3374  37.633131  37.631314    11.3329    11.3276    33.2508    33.2537    25.3538    25.3570     7.4653     7.5921    227.524    231.388     2.2320     2.1355     0.0452     0.1044     3.2027     0.1294     0.0000 -123.36846   34.64232      99.34         16  0.000e+00
