WCOA/WCOA-6/CTD_Data/RB2102_CTD_003_01.ros
* Sea-Bird SBE 9 Data File:
* FileName = C:\Users\scs.user.rb\CTD\RB2102\Data\RB2102_CTD_003_01.hex
* Software Version Seasave V 7.26.7.107
* Temperature SN = 6202
* Conductivity SN = 4907
* Number of Bytes Per Scan = 41
* Number of Voltage Words = 4
* Number of Scans Averaged by the Deck Unit = 1
* NMEA Latitude = 51 49.79 N
* NMEA Longitude = 130 22.48 W
* NMEA UTC (Time) = Jun 25 2021  16:51:02
* NMEA baud rate = 4800
# nquan = 30
# nvalues = 784                                   
# units = specified
# name 0 = scan: Scan Count
# name 1 = timeS: Time, Elapsed [seconds]
# name 2 = depSM: Depth [salt water, m]
# name 3 = prDM: Pressure, Digiquartz [db]
# name 4 = t090C: Temperature [ITS-90, deg C]
# name 5 = t190C: Temperature, 2 [ITS-90, deg C]
# name 6 = c0mS/cm: Conductivity [mS/cm]
# name 7 = c1mS/cm: Conductivity, 2 [mS/cm]
# name 8 = potemp090C: Potential Temperature [ITS-90, deg C]
# name 9 = potemp190C: Potential Temperature, 2 [ITS-90, deg C]
# name 10 = sal00: Salinity, Practical [PSU]
# name 11 = sal11: Salinity, Practical, 2 [PSU]
# name 12 = sigma-é00: Density [sigma-theta, kg/m^3]
# name 13 = sigma-é11: Density, 2 [sigma-theta, kg/m^3]
# name 14 = sbeox0Mg/L: Oxygen, SBE 43 [mg/l]
# name 15 = sbeox1Mg/L: Oxygen, SBE 43, 2 [mg/l]
# name 16 = sbox0Mm/Kg: Oxygen, SBE 43 [umol/kg]
# name 17 = sbox1Mm/Kg: Oxygen, SBE 43, 2 [umol/kg]
# name 18 = sbeox0V: Oxygen raw, SBE 43 [V]
# name 19 = sbeox1V: Oxygen raw, SBE 43, 2 [V]
# name 20 = v4: Voltage 4
# name 21 = flECO-AFL: Fluorescence, WET Labs ECO-AFL/FL [mg/m^3]
# name 22 = v3: Voltage 3
# name 23 = v6: Voltage 6
# name 24 = v7: Voltage 7
# name 25 = longitude: Longitude [deg]
# name 26 = latitude: Latitude [deg]
# name 27 = altM: Altimeter [m]
# name 28 = nbf: Bottles Fired
# name 29 = flag:  0.000e+00
# interval = seconds: 0.0416667
# start_time = Jun 25 2021 16:51:02 [NMEA time, header]
# bad_flag = -9.990e-29
*END*
[from data line 291]
      38430   1601.208     98.716     99.610     6.6717     6.6712  33.445454  33.445980     6.6629     6.6625    33.2483    33.2493    26.0839    26.0848     5.2064     5.1384    158.567    156.494     1.5751     1.4872     0.0415     0.0129     3.2466     1.4994     2.4872 -130.37302   51.82998      64.93          6  0.000e+00
      38431   1601.250     98.716     99.610     6.6710     6.6710  33.445701  33.446166     6.6623     6.6623    33.2492    33.2497    26.0847    26.0851     5.2065     5.1384    158.568    156.494     1.5751     1.4872     0.0403    -0.0177     3.2454     1.4994     2.4872 -130.37302   51.82998      64.91          6  0.000e+00
      38432   1601.292     98.816     99.711     6.6708     6.6710  33.445640  33.446351     6.6620     6.6623    33.2493    33.2499    26.0849    26.0853     5.2066     5.1384    158.571    156.496     1.5751     1.4872     0.0415     0.0129     3.2454     1.4994     2.4872 -130.37302   51.82998      64.91          6  0.000e+00
      42645   1776.833     80.293     81.017     6.8876     6.8919  33.407011  33.405838     6.8804     6.8847    33.0065    33.0011    25.8647    25.8598     5.8655     5.7648    178.677    175.612     1.7204     1.6142     0.0415     0.0129     3.2442     1.4530     2.3394 -130.37276   51.82998      64.88          7  0.000e+00
      42646   1776.875     80.392     81.117     6.8872     6.8913  33.407011  33.405530     6.8800     6.8841    33.0069    33.0013    25.8650    25.8600     5.8656     5.7650    178.680    175.617     1.7204     1.6142     0.0415     0.0129     3.2442     1.4530     2.3394 -130.37276   51.82998      64.88          7  0.000e+00
      42647   1776.917     80.293     81.017     6.8872     6.8910  33.407072  33.405961     6.8800     6.8838    33.0069    33.0021    25.8650    25.8608     5.8655     5.7649    178.678    175.615     1.7204     1.6142     0.0415     0.0129     3.2442     1.4542     2.3382 -130.37276   51.82998      64.88          7  0.000e+00
      42648   1776.958     80.340     81.064     6.8871     6.8903  33.407134  33.406147     6.8799     6.8831    33.0071    33.0030    25.8652    25.8615     5.8655     5.7650    178.679    175.618     1.7204     1.6142     0.0415     0.0129     3.2454     1.4530     2.3382 -130.37276   51.82998      64.91          7  0.000e+00
      42649   1777.000     80.340     81.064     6.8870     6.8897  33.407134  33.406332     6.8798     6.8824    33.0073    33.0038    25.8653    25.8622     5.8656     5.7651    178.679    175.620     1.7204     1.6142     0.0415     0.0129     3.2454     1.4530     2.3382 -130.37276   51.82998      64.91          7  0.000e+00
      42650   1777.042     80.293     81.017     6.8868     6.8892  33.407505  33.406393     6.8796     6.8820    33.0079    33.0043    25.8658    25.8627     5.8655     5.7651    178.678    175.620     1.7204     1.6142     0.0415     0.0129     3.2442     1.4530     2.3382 -130.37276   51.82998      64.88          7  0.000e+00
      42651   1777.083     80.340     81.064     6.8870     6.8889  33.407258  33.406640     6.8798     6.8817    33.0074    33.0049    25.8654    25.8632     5.8655     5.7652    178.679    175.622     1.7204     1.6142     0.0403    -0.0177     3.2454     1.4530     2.3394 -130.37276   51.82998      64.91          7  0.000e+00
      42652   1777.125     80.340     81.064     6.8868     6.8885  33.407258  33.406764     6.8796     6.8813    33.0076    33.0053    25.8656    25.8636     5.8656     5.7652    178.680    175.623     1.7204     1.6142     0.0415     0.0129     3.2454     1.4530     2.3382 -130.37276   51.82998      64.91          7  0.000e+00
      42653   1777.167     80.280     81.003     6.8870     6.8885  33.407566  33.406455     6.8798     6.8813    33.0078    33.0051    25.8657    25.8634     5.8655     5.7652    178.677    175.622     1.7204     1.6142     0.0415     0.0129     3.2454     1.4530     2.3382 -130.37276   51.82998      64.91          7  0.000e+00
      42654   1777.208     80.340     81.064     6.8872     6.8892  33.407258  33.406887     6.8800     6.8820    33.0071    33.0048    25.8652    25.8631     5.8597     5.7651    178.501    175.620     1.7192     1.6142     0.0415     0.0129     3.2442     1.4530     2.3394 -130.37276   51.82998      64.88          7  0.000e+00
      42655   1777.250     80.293     81.017     6.8871     6.8892  33.407319  33.406825     6.8799     6.8820    33.0073    33.0048    25.8654    25.8631     5.8655     5.7651    178.678    175.619     1.7204     1.6142     0.0415     0.0129     3.2454     1.4530     2.3394 -130.37276   51.82998      64.91          7  0.000e+00
      42656   1777.292     80.340     81.064     6.8874     6.8887  33.407443  33.406949     6.8802     6.8815    33.0071    33.0054    25.8652    25.8636     5.8597     5.7652    178.501    175.622     1.7192     1.6142     0.0415     0.0129     3.2442     1.4530     2.3382 -130.37276   51.82998      64.88          7  0.000e+00
      42657   1777.333     80.340     81.064     6.8870     6.8882  33.407320  33.407011     6.8798     6.8810    33.0075    33.0059    25.8655    25.8641     5.8655     5.7652    178.679    175.623     1.7204     1.6142     0.0415     0.0129     3.2454     1.4530     2.3382 -130.37276   51.82998      64.91          7  0.000e+00
      42658   1777.375     80.293     81.017     6.8872     6.8882  33.407381  33.407011     6.8800     6.8810    33.0073    33.0059    25.8653    25.8641     5.8655     5.7588    178.677    175.429     1.7204     1.6129     0.0415     0.0129     3.2454     1.4530     2.3382 -130.37276   51.82998      64.91          7  0.000e+00
      42659   1777.417     80.340     81.064     6.8870     6.8878  33.407443  33.407258     6.8798     6.8806    33.0076    33.0066    25.8656    25.8647     5.8655     5.7653    178.679    175.624     1.7204     1.6142     0.0415     0.0129     3.2442     1.4530     2.3382 -130.37276   51.82998      64.88          7  0.000e+00
      42660   1777.458     80.293     81.017     6.8870     6.8878  33.407628  33.407381     6.8798     6.8806    33.0078    33.0068    25.8658    25.8648     5.8655     5.7652    178.678    175.623     1.7204     1.6142     0.0403    -0.0177     3.2454     1.4530     2.3382 -130.37276   51.82998      64.91          7  0.000e+00
      42661   1777.500     80.340     81.064     6.8870     6.8878  33.407505  33.407566     6.8798     6.8806    33.0077    33.0070    25.8656    25.8650     5.8655     5.7589    178.679    175.431     1.7204     1.6129     0.0415     0.0129     3.2454     1.4530     2.3175 -130.37276   51.82998      64.91          7  0.000e+00
      42662   1777.542     80.294     81.017     6.8868     6.8874  33.407196  33.407443     6.8796     6.8802    33.0075    33.0072    25.8656    25.8652     5.8655     5.7653    178.679    175.624     1.7204     1.6142     0.0403    -0.0177     3.2454     1.4530     2.3040 -130.37276   51.82998      64.91          7  0.000e+00
      42663   1777.583     80.247     80.970     6.8864     6.8874  33.407011  33.407381     6.8792     6.8802    33.0077    33.0071    25.8657    25.8652     5.8597     5.7652    178.502    175.623     1.7192     1.6142     0.0403    -0.0177     3.2454     1.4530     2.3016 -130.37276   51.82998      64.91          7  0.000e+00
      42664   1777.625     80.393     81.117     6.8870     6.8875  33.407505  33.406826     6.8798     6.8803    33.0076    33.0064    25.8656    25.8645     5.8598     5.7653    178.503    175.627     1.7192     1.6142     0.0415     0.0129     3.2454     1.4530     2.3028 -130.37276   51.82998      64.91          7  0.000e+00
      42665   1777.667     80.294     81.017     6.8871     6.8874  33.407690  33.407443     6.8799     6.8802    33.0078    33.0072    25.8657    25.8652     5.8597     5.7589    178.500    175.431     1.7192     1.6129     0.0403    -0.0177     3.2454     1.4530     2.3040 -130.37276   51.82998      64.91          7  0.000e+00
      42666   1777.708     80.340     81.064     6.8864     6.8873  33.407505  33.407690     6.8792     6.8801    33.0082    33.0076    25.8661    25.8655     5.8598     5.7653    178.504    175.625     1.7192     1.6142     0.0403    -0.0177     3.2454     1.4530     2.3040 -130.37276   51.82998      64.91          7  0.000e+00
      42667   1777.750     80.340     81.064     6.8863     6.8874  33.407814  33.407690     6.8791     6.8802    33.0086    33.0074    25.8665    25.8654     5.8656     5.7653    178.681    175.625     1.7204     1.6142     0.0403    -0.0177     3.2454     1.4530     2.3040 -130.37276   51.82998      64.91          7  0.000e+00
      42668   1777.792     80.294     81.017     6.8868     6.8874  33.407566  33.407628     6.8796     6.8802    33.0079    33.0074    25.8659    25.8654     5.8655     5.7652    178.678    175.624     1.7204     1.6142     0.0415     0.0129     3.2454     1.4530     2.3040 -130.37276   51.82998      64.91          7  0.000e+00
      42669   1777.833     80.340     81.064     6.8864     6.8873  33.407814  33.407628     6.8792     6.8801    33.0085    33.0074    25.8664    25.8654     5.8656     5.7590    178.680    175.432     1.7204     1.6129     0.0415     0.0129     3.2442     1.4530     2.3040 -130.37276   51.82998      64.88          7  0.000e+00
      42670   1777.875     80.294     81.017     6.8861     6.8874  33.407752  33.407690     6.8789     6.8802    33.0087    33.0074    25.8666    25.8654     5.8598     5.7652    178.503    175.624     1.7192     1.6142     0.0415     0.0129     3.2454     1.4530     2.3040 -130.37276   51.82998      64.91          7  0.000e+00
      42671   1777.917     80.340     81.064     6.8860     6.8873  33.407875  33.407875     6.8788     6.8801    33.0090    33.0078    25.8669    25.8657     5.8656     5.7653    178.682    175.625     1.7204     1.6142     0.0415     0.0129     3.2442     1.4542     2.3040 -130.37276   51.82998      64.88          7  0.000e+00
      42672   1777.958     80.334     81.057     6.8857     6.8871  33.407999  33.407505     6.8785     6.8799    33.0094    33.0075    25.8672    25.8655     5.8656     5.7653    178.682    175.626     1.7204     1.6142     0.0415     0.0129     3.2442     1.4530     2.3040 -130.37276   51.82998      64.88          7  0.000e+00
      42673   1778.000     80.340     81.064     6.8855     6.8869  33.407752  33.407566     6.8783     6.8797    33.0094    33.0078    25.8672    25.8657     5.8657     5.7653    178.683    175.627     1.7204     1.6142     0.0415     0.0129     3.2454     1.4530     2.3040 -130.37276   51.82998      64.91          7  0.000e+00
      42674   1778.042     80.340     81.064     6.8855     6.8870  33.407876  33.407875     6.8783     6.8798    33.0095    33.0080    25.8673    25.8659     5.8657     5.7653    178.683    175.626     1.7204     1.6142     0.0415     0.0129     3.2442     1.4530     2.3040 -130.37276   51.82998      64.88          7  0.000e+00
      42675   1778.083     80.340     81.064     6.8855     6.8871  33.407690  33.407690     6.8783     6.8799    33.0093    33.0077    25.8671    25.8657     5.8657     5.7653    178.683    175.626     1.7204     1.6142     0.0415     0.0129     3.2442     1.4530     2.3040 -130.37276   51.82998      64.88          7  0.000e+00
      42676   1778.125     80.340     81.064     6.8855     6.8869  33.407628  33.407813     6.8783     6.8797    33.0092    33.0080    25.8671    25.8659     5.8657     5.7653    178.683    175.626     1.7204     1.6142     0.0415     0.0129     3.2442     1.4530     2.3040 -130.37276   51.82998      64.88          7  0.000e+00
      42677   1778.167     80.393     81.118     6.8853     6.8868  33.407876  33.407752     6.8781     6.8796    33.0096    33.0081    25.8674    25.8660     5.8657     5.7654    178.685    175.628     1.7204     1.6142     0.0415     0.0129     3.2442     1.4530     2.3040 -130.37276   51.82998      64.88          7  0.000e+00
      42678   1778.208     80.294     81.018     6.8853     6.8866  33.407752  33.407690     6.8781     6.8794    33.0095    33.0082    25.8673    25.8661     5.8657     5.7653    178.683    175.627     1.7204     1.6142     0.0415     0.0129     3.2442     1.4530     2.3040 -130.37276   51.82998      64.88          7  0.000e+00
      42679   1778.250     80.393     81.118     6.8852     6.8865  33.407690  33.407628     6.8780     6.8793    33.0095    33.0082    25.8674    25.8661     5.8658     5.7654    178.685    175.629     1.7204     1.6142     0.0403    -0.0177     3.2442     1.4530     2.3040 -130.37276   51.82998      64.88          7  0.000e+00
      42680   1778.292     80.340     81.064     6.8853     6.8868  33.407690  33.408060     6.8781     6.8796    33.0094    33.0084    25.8672    25.8663     5.8657     5.7590    178.684    175.433     1.7204     1.6129     0.0415     0.0129     3.2454     1.4530     2.3040 -130.37276   51.82998      64.91          7  0.000e+00
      42681   1778.333     80.393     81.118     6.8852     6.8868  33.407876  33.407813     6.8780     6.8796    33.0097    33.0081    25.8675    25.8660     5.8658     5.7654    178.685    175.628     1.7204     1.6142     0.0415     0.0129     3.2442     1.4530     2.3040 -130.37276   51.82998      64.88          7  0.000e+00
      42682   1778.375     80.393     81.118     6.8852     6.8869  33.407937  33.407381     6.8780     6.8797    33.0098    33.0075    25.8676    25.8655     5.8657     5.7654    178.685    175.628     1.7204     1.6142     0.0415     0.0129     3.2454     1.4530     2.3040 -130.37276   51.82998      64.91          7  0.000e+00
      42683   1778.417     80.340     81.064     6.8845     6.8869  33.407752  33.407566     6.8773     6.8797    33.0103    33.0078    25.8680    25.8657     5.8658     5.7653    178.686    175.627     1.7204     1.6142     0.0415     0.0129     3.2442     1.4530     2.3040 -130.37276   51.82998      64.88          7  0.000e+00
      42684   1778.458     80.393     81.118     6.8849     6.8870  33.407876  33.407690     6.8776     6.8798    33.0101    33.0078    25.8678    25.8657     5.8658     5.7654    178.686    175.627     1.7204     1.6142     0.0415     0.0129     3.2442     1.4530     2.3040 -130.37276   51.82998      64.88          7  0.000e+00
      42685   1778.500     80.393     81.118     6.8847     6.8868  33.407999  33.407875     6.8775     6.8796    33.0103    33.0082    25.8680    25.8661     5.8658     5.7654    178.686    175.628     1.7204     1.6142     0.0415     0.0129     3.2442     1.4530     2.3004 -130.37276   51.82998      64.88          7  0.000e+00
      42686   1778.542     80.394     81.118     6.8848     6.8861  33.407938  33.407937     6.8776     6.8789    33.0102    33.0089    25.8679    25.8668     5.8658     5.7655    178.686    175.630     1.7204     1.6142     0.0415     0.0129     3.2454     1.4530     2.2991 -130.37276   51.82998      64.91          7  0.000e+00
      42687   1778.583     80.394     81.118     6.8850     6.8858  33.407938  33.407937     6.8778     6.8786    33.0100    33.0092    25.8677    25.8670     5.8658     5.7591    178.686    175.438     1.7204     1.6129     0.0403    -0.0177     3.2454     1.4530     2.2979 -130.37276   51.82998      64.91          7  0.000e+00
      42688   1778.625     80.394     81.118     6.8849     6.8858  33.407752  33.407937     6.8776     6.8786    33.0099    33.0092    25.8677    25.8670     5.8716     5.7655    178.863    175.631     1.7216     1.6142     0.0415     0.0129     3.2454     1.4530     2.2991 -130.37276   51.82998      64.91          7  0.000e+00
