WCOA/WCOA-6/CTD_Data/RB2102_CTD_118_01.ros
* Sea-Bird SBE 9 Data File:
* FileName = C:\Users\scs.user.rb\CTD\RB2102\Data\RB2102_CTD_118_01.hex
* Software Version Seasave V 7.26.7.107
* Temperature SN = 6202
* Conductivity SN = 4907
* Number of Bytes Per Scan = 41
* Number of Voltage Words = 4
* Number of Scans Averaged by the Deck Unit = 1
* NMEA Latitude = 34 22.91 N
* NMEA Longitude = 120 17.02 W
* NMEA UTC (Time) = Jul 19 2021  00:40:08
* NMEA baud rate = 4800
# nquan = 30
# nvalues = 931                                   
# units = specified
# name 0 = scan: Scan Count
# name 1 = timeS: Time, Elapsed [seconds]
# name 2 = depSM: Depth [salt water, m]
# name 3 = prDM: Pressure, Digiquartz [db]
# name 4 = t090C: Temperature [ITS-90, deg C]
# name 5 = t190C: Temperature, 2 [ITS-90, deg C]
# name 6 = c0mS/cm: Conductivity [mS/cm]
# name 7 = c1mS/cm: Conductivity, 2 [mS/cm]
# name 8 = potemp090C: Potential Temperature [ITS-90, deg C]
# name 9 = potemp190C: Potential Temperature, 2 [ITS-90, deg C]
# name 10 = sal00: Salinity, Practical [PSU]
# name 11 = sal11: Salinity, Practical, 2 [PSU]
# name 12 = sigma-é00: Density [sigma-theta, kg/m^3]
# name 13 = sigma-é11: Density, 2 [sigma-theta, kg/m^3]
# name 14 = sbeox0Mg/L: Oxygen, SBE 43 [mg/l]
# name 15 = sbeox1Mg/L: Oxygen, SBE 43, 2 [mg/l]
# name 16 = sbox0Mm/Kg: Oxygen, SBE 43 [umol/kg]
# name 17 = sbox1Mm/Kg: Oxygen, SBE 43, 2 [umol/kg]
# name 18 = sbeox0V: Oxygen raw, SBE 43 [V]
# name 19 = sbeox1V: Oxygen raw, SBE 43, 2 [V]
# name 20 = v4: Voltage 4
# name 21 = flECO-AFL: Fluorescence, WET Labs ECO-AFL/FL [mg/m^3]
# name 22 = v3: Voltage 3
# name 23 = v6: Voltage 6
# name 24 = v7: Voltage 7
# name 25 = longitude: Longitude [deg]
# name 26 = latitude: Latitude [deg]
# name 27 = altM: Altimeter [m]
# name 28 = nbf: Bottles Fired
# name 29 = flag:  0.000e+00
# interval = seconds: 0.0416667
# start_time = Jul 19 2021 00:40:08 [NMEA time, header]
# bad_flag = -9.990e-29
*END*
[from data line 484]
      38587   1607.750     99.361    100.102    10.3858    10.3886  37.310504  37.312573    10.3741    10.3769    33.7960    33.7955    25.9479    25.9471     4.3572     4.0642    132.721    123.797     1.4847     1.3590     0.0452     0.1044     3.1795     0.0256     0.0000 -120.28364   34.38102      99.54         10  0.000e+00
      38588   1607.792     99.367    100.109    10.3858    10.3881  37.310311  37.312444    10.3741    10.3764    33.7958    33.7958    25.9478    25.9474     4.3519     4.0643    132.559    123.798     1.4835     1.3590     0.0452     0.1044     3.1783     0.0256     0.0000 -120.28364   34.38102      99.54         10  0.000e+00
      38589   1607.833     99.361    100.102    10.3860    10.3877  37.310504  37.312379    10.3743    10.3761    33.7958    33.7961    25.9478    25.9477     4.3519     4.0643    132.558    123.798     1.4835     1.3590     0.0452     0.1044     3.1783     0.0256     0.0000 -120.28364   34.38102      99.54         10  0.000e+00
      38590   1607.875     99.367    100.109    10.3862    10.3875  37.310375  37.312573    10.3746    10.3758    33.7955    33.7965    25.9475    25.9481     4.3519     4.0643    132.558    123.799     1.4835     1.3590     0.0452     0.1044     3.1770     0.0256     0.0000 -120.28364   34.38102      99.54         10  0.000e+00
      38591   1607.917     99.314    100.055    10.3863    10.3874  37.310762  37.312444    10.3747    10.3757    33.7958    33.7965    25.9477    25.9481     4.3571     4.0643    132.719    123.798     1.4847     1.3590     0.0452     0.1044     3.1770     0.0256     0.0000 -120.28364   34.38102      99.54         10  0.000e+00
      38592   1607.958     99.367    100.109    10.3863    10.3876  37.310633  37.312573    10.3746    10.3759    33.7956    33.7964    25.9476    25.9480     4.3518     4.0643    132.557    123.799     1.4835     1.3590     0.0452     0.1044     3.1783     0.0256     0.0000 -120.28364   34.38102      99.54         10  0.000e+00
      41009   1708.667     79.312     79.900    10.7448    10.7443  37.583389  37.584189    10.7353    10.7347    33.7465    33.7478    25.8464    25.8475     4.6396     4.3315    141.335    131.949     1.5604     1.4249     0.0476     0.1655     3.1770     0.0281     0.0000 -120.28366   34.38104      99.49         11  0.000e+00
      41010   1708.708     79.259     79.846    10.7449    10.7444  37.583453  37.583866    10.7354    10.7349    33.7466    33.7474    25.8465    25.8471     4.6395     4.3314    141.334    131.948     1.5604     1.4249     0.0476     0.1655     3.1758     0.0269     0.0000 -120.28366   34.38104      99.49         11  0.000e+00
      41011   1708.750     79.259     79.846    10.7448    10.7444  37.583842  37.584125    10.7353    10.7349    33.7470    33.7476    25.8468    25.8474     4.6395     4.3314    141.334    131.948     1.5604     1.4249     0.0476     0.1655     3.1770     0.0281     0.0000 -120.28366   34.38104      99.49         11  0.000e+00
      41012   1708.792     79.312     79.900    10.7447    10.7446  37.583454  37.584060    10.7352    10.7351    33.7467    33.7474    25.8466    25.8472     4.6396     4.3314    141.336    131.949     1.5604     1.4249     0.0476     0.1655     3.1770     0.0281     0.0000 -120.28366   34.38106      99.49         11  0.000e+00
      41013   1708.833     79.358     79.947    10.7446    10.7449  37.583519  37.584448    10.7351    10.7354    33.7468    33.7474    25.8467    25.8471     4.6396     4.3314    141.337    131.948     1.5604     1.4249     0.0476     0.1655     3.1770     0.0281     0.0000 -120.28366   34.38106      99.49         11  0.000e+00
      41014   1708.875     79.312     79.900    10.7447    10.7446  37.583648  37.584189    10.7352    10.7351    33.7469    33.7475    25.8467    25.8473     4.6396     4.3314    141.335    131.949     1.5604     1.4249     0.0476     0.1655     3.1770     0.0281     0.0000 -120.28366   34.38106      99.49         11  0.000e+00
      41015   1708.917     79.358     79.947    10.7445    10.7443  37.583389  37.583931    10.7349    10.7347    33.7468    33.7476    25.8467    25.8473     4.6396     4.3315    141.337    131.950     1.5604     1.4249     0.0476     0.1655     3.1770     0.0281     0.0000 -120.28366   34.38106      99.49         11  0.000e+00
      41016   1708.958     79.259     79.847    10.7447    10.7434  37.583518  37.583543    10.7352    10.7339    33.7468    33.7480    25.8466    25.8478     4.6343     4.3315    141.174    131.951     1.5592     1.4249     0.0488     0.1960     3.1758     0.0281     0.0000 -120.28366   34.38106      99.49         11  0.000e+00
      41017   1709.000     79.358     79.947    10.7448    10.7431  37.583842  37.583285    10.7353    10.7336    33.7470    33.7480    25.8468    25.8479     4.6396     4.3316    141.336    131.953     1.5604     1.4249     0.0476     0.1655     3.1770     0.0281     0.0000 -120.28366   34.38106      99.49         11  0.000e+00
      41018   1709.042     79.312     79.900    10.7449    10.7428  37.583195  37.583091    10.7354    10.7333    33.7462    33.7481    25.8462    25.8480     4.6396     4.3316    141.335    131.953     1.5604     1.4249     0.0476     0.1655     3.1758     0.0281     0.0000 -120.28366   34.38106      99.49         11  0.000e+00
      41019   1709.083     79.359     79.947    10.7452    10.7426  37.583454  37.583479    10.7357    10.7331    33.7462    33.7486    25.8461    25.8485     4.6343     4.3316    141.175    131.954     1.5592     1.4249     0.0476     0.1655     3.1758     0.0281     0.0000 -120.28366   34.38106      99.49         11  0.000e+00
      41020   1709.125     79.312     79.900    10.7441    10.7425  37.582872  37.583414    10.7346    10.7330    33.7466    33.7487    25.8466    25.8485     4.6344     4.3316    141.177    131.954     1.5592     1.4249     0.0476     0.1655     3.1770     0.0281     0.0000 -120.28366   34.38106      99.49         11  0.000e+00
      41021   1709.167     79.312     79.900    10.7434    10.7421  37.582354  37.583285    10.7339    10.7326    33.7468    33.7489    25.8469    25.8488     4.6344     4.3316    141.179    131.955     1.5592     1.4249     0.0476     0.1655     3.1758     0.0281     0.0000 -120.28366   34.38106      99.49         11  0.000e+00
      41022   1709.208     79.359     79.947    10.7431    10.7423  37.580802  37.583091    10.7336    10.7328    33.7455    33.7485    25.8459    25.8484     4.6345     4.3317    141.182    131.955     1.5592     1.4249     0.0476     0.1655     3.1758     0.0281     0.0000 -120.28366   34.38106      99.49         11  0.000e+00
      41023   1709.250     79.359     79.947    10.7435    10.7420  37.578733  37.583220    10.7340    10.7325    33.7430    33.7490    25.8439    25.8488     4.6346     4.3317    141.183    131.956     1.5592     1.4249     0.0476     0.1655     3.1770     0.0281     0.0000 -120.28366   34.38106      99.49         11  0.000e+00
      41024   1709.292     79.312     79.900    10.7414    10.7420  37.576016  37.583349    10.7319    10.7325    33.7423    33.7491    25.8438    25.8489     4.6348     4.3316    141.190    131.955     1.5592     1.4249     0.0476     0.1655     3.1770     0.0281     0.0000 -120.28366   34.38106      99.49         11  0.000e+00
      41025   1709.333     79.359     79.947    10.7379    10.7421  37.573107  37.583285    10.7284    10.7326    33.7426    33.7489    25.8445    25.8488     4.6351     4.3317    141.201    131.956     1.5592     1.4249     0.0476     0.1655     3.1758     0.0281     0.0000 -120.28366   34.38106      99.49         11  0.000e+00
      41026   1709.375     79.312     79.900    10.7387    10.7421  37.571102  37.583091    10.7292    10.7326    33.7399    33.7487    25.8423    25.8486     4.6351     4.3316    141.201    131.955     1.5592     1.4249     0.0476     0.1655     3.1770     0.0281     0.0000 -120.28366   34.38106      99.49         11  0.000e+00
      41027   1709.417     79.405     79.994    10.7399    10.7426  37.570714  37.582962    10.7304    10.7331    33.7383    33.7481    25.8409    25.8480     4.6351     4.3317    141.200    131.956     1.5592     1.4249     0.0476     0.1655     3.1770     0.0281     0.0000 -120.28366   34.38106      99.49         11  0.000e+00
      41028   1709.458     79.313     79.901    10.7387    10.7424  37.571942  37.582768    10.7292    10.7329    33.7407    33.7481    25.8430    25.8481     4.6351     4.3316    141.200    131.955     1.5592     1.4249     0.0476     0.1655     3.1770     0.0281     0.0000 -120.28366   34.38106      99.49         11  0.000e+00
      41029   1709.500     79.359     79.947    10.7365    10.7423  37.573107  37.582768    10.7269    10.7328    33.7439    33.7482    25.8459    25.8482     4.6353     4.3317    141.204    131.956     1.5592     1.4249     0.0476     0.1655     3.1758     0.0281     0.0000 -120.28366   34.38106      99.49         11  0.000e+00
      41030   1709.542     79.359     79.947    10.7360    10.7423  37.573560  37.583156    10.7265    10.7328    33.7448    33.7486    25.8467    25.8485     4.6353     4.3317    141.205    131.955     1.5592     1.4249     0.0476     0.1655     3.1758     0.0281     0.0000 -120.28366   34.38106      99.49         11  0.000e+00
      41031   1709.583     79.359     79.947    10.7338    10.7423  37.572913  37.582897    10.7243    10.7328    33.7462    33.7483    25.8481    25.8483     4.6355     4.3317    141.210    131.956     1.5592     1.4249     0.0488     0.1960     3.1758     0.0281     0.0000 -120.28366   34.38106      99.49         11  0.000e+00
      41032   1709.625     79.359     79.947    10.7323    10.7424  37.571426  37.583156    10.7228    10.7329    33.7460    33.7485    25.8482    25.8484     4.6356     4.3316    141.215    131.955     1.5592     1.4249     0.0476     0.1655     3.1758     0.0281     0.0000 -120.28366   34.38106      99.49         11  0.000e+00
      41033   1709.667     79.359     79.947    10.7287    10.7428  37.567870  37.583091    10.7192    10.7333    33.7458    33.7481    25.8487    25.8480     4.6360     4.3316    141.227    131.954     1.5592     1.4249     0.0476     0.1655     3.1770     0.0281     0.0000 -120.28366   34.38106      99.49         11  0.000e+00
      41034   1709.708     79.313     79.901    10.7197    10.7426  37.563797  37.582962    10.7102    10.7331    33.7501    33.7481    25.8537    25.8481     4.6368     4.3316    141.250    131.954     1.5592     1.4249     0.0476     0.1655     3.1770     0.0281     0.0000 -120.28366   34.38106      99.49         11  0.000e+00
      41035   1709.750     79.406     79.994    10.7122    10.7426  37.560565  37.583027    10.7027    10.7331    33.7537    33.7482    25.8578    25.8481     4.6375     4.3317    141.271    131.956     1.5592     1.4249     0.0476     0.1655     3.1770     0.0281     0.0000 -120.28366   34.38106      99.49         11  0.000e+00
      41036   1709.792     79.313     79.901    10.7084    10.7428  37.558560  37.583220    10.6990    10.7333    33.7553    33.7482    25.8596    25.8481     4.6378     4.3316    141.280    131.953     1.5592     1.4249     0.0488     0.1960     3.1770     0.0281     0.0000 -120.28366   34.38104      99.49         11  0.000e+00
      41037   1709.833     79.359     79.948    10.7073    10.7424  37.556879  37.582897    10.6978    10.7329    33.7546    33.7482    25.8593    25.8482     4.6327     4.3317    141.124    131.955     1.5580     1.4249     0.0476     0.1655     3.1783     0.0281     0.0000 -120.28366   34.38104      99.49         11  0.000e+00
      41038   1709.875     79.359     79.948    10.7073    10.7423  37.556233  37.582380    10.6978    10.7328    33.7540    33.7478    25.8588    25.8479     4.6327     4.3317    141.125    131.956     1.5580     1.4249     0.0476     0.1655     3.1758     0.0281     0.0000 -120.28366   34.38104      99.49         11  0.000e+00
      41039   1709.917     79.359     79.948    10.7053    10.7418  37.555910  37.582639    10.6958    10.7323    33.7555    33.7485    25.8603    25.8485     4.6329     4.3317    141.130    131.957     1.5580     1.4249     0.0476     0.1655     3.1770     0.0281     0.0000 -120.28366   34.38104      99.49         11  0.000e+00
      41040   1709.958     79.359     79.948    10.7040    10.7415  37.555393  37.582380    10.6945    10.7319    33.7562    33.7486    25.8611    25.8486     4.6330     4.3317    141.133    131.958     1.5580     1.4249     0.0476     0.1655     3.1758     0.0281     0.0000 -120.28366   34.38104      99.49         11  0.000e+00
      41041   1710.000     79.359     79.948    10.7035    10.7410  37.555199  37.582380    10.6940    10.7314    33.7564    33.7491    25.8614    25.8491     4.6330     4.3318    141.134    131.959     1.5580     1.4249     0.0476     0.1655     3.1770     0.0281     0.0000 -120.28366   34.38104      99.49         11  0.000e+00
      41042   1710.042     79.359     79.948    10.7022    10.7411  37.554940  37.582251    10.6927    10.7316    33.7574    33.7488    25.8624    25.8488     4.6384     4.3318    141.299    131.959     1.5592     1.4249     0.0476     0.1655     3.1770     0.0281     0.0000 -120.28366   34.38104      99.49         11  0.000e+00
      41043   1710.083     79.406     79.995    10.7029    10.7411  37.554100  37.582057    10.6934    10.7316    33.7559    33.7485    25.8611    25.8486     4.6384     4.3318    141.299    131.960     1.5592     1.4249     0.0476     0.1655     3.1758     0.0281     0.0000 -120.28366   34.38104      99.49         11  0.000e+00
      41044   1710.125     79.313     79.901    10.7048    10.7413  37.554358  37.582186    10.6953    10.7318    33.7544    33.7486    25.8596    25.8487     4.6329     4.3317    141.132    131.958     1.5580     1.4249     0.0476     0.1655     3.1770     0.0281     0.0000 -120.28366   34.38104      99.49         11  0.000e+00
      41045   1710.167     79.360     79.948    10.7058    10.7411  37.555974  37.582057    10.6963    10.7316    33.7551    33.7486    25.8599    25.8487     4.6381     4.3318    141.289    131.959     1.5592     1.4249     0.0476     0.1655     3.1758     0.0281     0.0000 -120.28366   34.38104      99.49         11  0.000e+00
      41046   1710.208     79.313     79.901    10.7051    10.7416  37.557720  37.582186    10.6957    10.7321    33.7575    33.7483    25.8619    25.8484     4.6328     4.3317    141.127    131.957     1.5580     1.4249     0.0476     0.1655     3.1758     0.0281     0.0000 -120.28366   34.38104      99.49         11  0.000e+00
      41047   1710.250     79.360     79.948    10.7070    10.7418  37.558755  37.582057    10.6975    10.7323    33.7568    33.7480    25.8611    25.8481     4.6327     4.3317    141.123    131.957     1.5580     1.4249     0.0488     0.1960     3.1758     0.0281     0.0000 -120.28366   34.38104      99.49         11  0.000e+00
      41048   1710.292     79.360     79.948    10.7098    10.7415  37.559853  37.581669    10.7003    10.7319    33.7553    33.7479    25.8594    25.8481     4.6377     4.3375    141.277    132.133     1.5592     1.4261     0.0476     0.1655     3.1770     0.0281     0.0000 -120.28366   34.38104      99.49         11  0.000e+00
      41049   1710.333     79.360     79.948    10.7134    10.7408  37.562892  37.581217    10.7039    10.7313    33.7550    33.7481    25.8586    25.8483     4.6373     4.3318    141.266    131.960     1.5592     1.4249     0.0476     0.1655     3.1758     0.0281     0.0000 -120.28366   34.38104      99.49         11  0.000e+00
