WCOA/WCOA-6/CTD_Data/RB2102_CTD_126_02.ros
* Sea-Bird SBE 9 Data File:
* FileName = C:\Users\scs.user.rb\CTD\RB2102\Data\RB2102_CTD_126_02.hex
* Software Version Seasave V 7.26.7.107
* Temperature SN = 6202
* Conductivity SN = 4907
* Number of Bytes Per Scan = 41
* Number of Voltage Words = 4
* Number of Scans Averaged by the Deck Unit = 1
* NMEA Latitude = 33 25.06 N
* NMEA Longitude = 117 54.32 W
* NMEA UTC (Time) = Jul 20 2021  20:44:49
* NMEA baud rate = 4800
# nquan = 30
# nvalues = 980                                   
# units = specified
# name 0 = scan: Scan Count
# name 1 = timeS: Time, Elapsed [seconds]
# name 2 = depSM: Depth [salt water, m]
# name 3 = prDM: Pressure, Digiquartz [db]
# name 4 = t090C: Temperature [ITS-90, deg C]
# name 5 = t190C: Temperature, 2 [ITS-90, deg C]
# name 6 = c0mS/cm: Conductivity [mS/cm]
# name 7 = c1mS/cm: Conductivity, 2 [mS/cm]
# name 8 = potemp090C: Potential Temperature [ITS-90, deg C]
# name 9 = potemp190C: Potential Temperature, 2 [ITS-90, deg C]
# name 10 = sal00: Salinity, Practical [PSU]
# name 11 = sal11: Salinity, Practical, 2 [PSU]
# name 12 = sigma-é00: Density [sigma-theta, kg/m^3]
# name 13 = sigma-é11: Density, 2 [sigma-theta, kg/m^3]
# name 14 = sbeox0Mg/L: Oxygen, SBE 43 [mg/l]
# name 15 = sbeox1Mg/L: Oxygen, SBE 43, 2 [mg/l]
# name 16 = sbox0Mm/Kg: Oxygen, SBE 43 [umol/kg]
# name 17 = sbox1Mm/Kg: Oxygen, SBE 43, 2 [umol/kg]
# name 18 = sbeox0V: Oxygen raw, SBE 43 [V]
# name 19 = sbeox1V: Oxygen raw, SBE 43, 2 [V]
# name 20 = v4: Voltage 4
# name 21 = flECO-AFL: Fluorescence, WET Labs ECO-AFL/FL [mg/m^3]
# name 22 = v3: Voltage 3
# name 23 = v6: Voltage 6
# name 24 = v7: Voltage 7
# name 25 = longitude: Longitude [deg]
# name 26 = latitude: Latitude [deg]
# name 27 = altM: Altimeter [m]
# name 28 = nbf: Bottles Fired
# name 29 = flag:  0.000e+00
# interval = seconds: 0.0416667
# start_time = Jul 20 2021 20:44:49 [NMEA time, header]
# bad_flag = -9.990e-29
*END*
[from data line 532]
      77252   3218.792     79.577     80.161    10.3502    10.3510  37.242617  37.244148    10.3409    10.3417    33.7694    33.7702    25.9330    25.9335     4.8082     4.4812    146.460    136.498     1.5897     1.4481     0.0440     0.0739     3.1209     0.0073     0.1233 -117.90562   33.41690      99.49         11  0.000e+00
      77253   3218.833     79.577     80.161    10.3498    10.3508  37.242488  37.244148    10.3405    10.3415    33.7696    33.7704    25.9332    25.9336     4.8082     4.4812    146.461    136.499     1.5897     1.4481     0.0440     0.0739     3.1221     0.0073     0.1221 -117.90562   33.41690      99.46         11  0.000e+00
      77254   3218.875     79.577     80.161    10.3502    10.3509  37.242617  37.244148    10.3409    10.3415    33.7694    33.7703    25.9330    25.9336     4.8082     4.4812    146.460    136.499     1.5897     1.4481     0.0440     0.0739     3.1209     0.0073     0.1233 -117.90562   33.41690      99.49         11  0.000e+00
      77255   3218.917     79.577     80.161    10.3500    10.3509  37.242488  37.244341    10.3407    10.3415    33.7694    33.7705    25.9330    25.9337     4.8082     4.4812    146.461    136.498     1.5897     1.4481     0.0440     0.0739     3.1209     0.0073     0.1221 -117.90562   33.41690      99.46         11  0.000e+00
      77256   3218.958     79.577     80.161    10.3500    10.3508  37.242165  37.244470    10.3407    10.3415    33.7691    33.7707    25.9328    25.9339     4.8082     4.4812    146.461    136.498     1.5897     1.4481     0.0440     0.0739     3.1209     0.0073     0.1221 -117.90562   33.41690      99.46         11  0.000e+00
      77257   3219.000     79.624     80.208    10.3502    10.3510  37.242101  37.244470    10.3409    10.3417    33.7689    33.7705    25.9325    25.9337     4.8082     4.4812    146.462    136.499     1.5897     1.4481     0.0452     0.1044     3.1209     0.0073     0.1233 -117.90562   33.41690      99.46         11  0.000e+00
      77258   3219.042     79.578     80.161    10.3497    10.3507  37.242294  37.244213    10.3404    10.3414    33.7695    33.7706    25.9332    25.9338     4.8082     4.4812    146.462    136.499     1.5897     1.4481     0.0440     0.0739     3.1209     0.0073     0.1221 -117.90562   33.41690      99.46         11  0.000e+00
      81508   3396.125     59.686     60.120    11.8083    11.8102  38.284682  38.285632    11.8007    11.8026    33.4779    33.4771    25.4444    25.4434     6.2942     5.8631    191.816    178.679     1.9792     1.7827     0.0635     0.5623     3.1172     0.0061     0.1306 -117.90566   33.41676      99.32         12  0.000e+00
      81509   3396.167     59.606     60.040    11.8082    11.8099  38.284812  38.285893    11.8007    11.8023    33.4781    33.4777    25.4445    25.4439     6.2941     5.8631    191.814    178.678     1.9792     1.7827     0.0635     0.5623     3.1160     0.0061     0.1306 -117.90566   33.41676      99.32         12  0.000e+00
      81510   3396.208     59.732     60.167    11.8085    11.8099  38.284617  38.286023    11.8009    11.8023    33.4777    33.4777    25.4441    25.4439     6.2994     5.8632    191.974    178.681     1.9805     1.7827     0.0623     0.5318     3.1172     0.0061     0.1306 -117.90566   33.41676      99.32         12  0.000e+00
      81511   3396.250     59.752     60.187    11.8087    11.8099  38.284552  38.286023    11.8011    11.8023    33.4773    33.4777    25.4438    25.4439     6.2994     5.8632    191.974    178.681     1.9805     1.7827     0.0635     0.5623     3.1160     0.0061     0.1331 -117.90566   33.41676      99.32         12  0.000e+00
      81512   3396.292     59.686     60.121    11.8086    11.8102  38.284813  38.284916    11.8010    11.8026    33.4777    33.4764    25.4442    25.4428     6.2993     5.8632    191.972    178.680     1.9805     1.7827     0.0635     0.5623     3.1160     0.0061     0.1343 -117.90566   33.41676      99.32         12  0.000e+00
      81513   3396.333     59.706     60.141    11.8083    11.8099  38.285334  38.285112    11.8007    11.8023    33.4785    33.4769    25.4448    25.4433     6.2994     5.8576    191.973    178.511     1.9805     1.7814     0.0635     0.5623     3.1172     0.0061     0.1331 -117.90566   33.41676      99.32         12  0.000e+00
      81514   3396.375     59.686     60.121    11.8084    11.8100  38.284813  38.285828    11.8008    11.8024    33.4779    33.4775    25.4443    25.4437     6.2993     5.8575    191.973    178.509     1.9805     1.7814     0.0635     0.5623     3.1172     0.0061     0.1319 -117.90566   33.41676      99.32         12  0.000e+00
      81515   3396.417     59.752     60.187    11.8088    11.8100  38.284552  38.286219    11.8012    11.8024    33.4773    33.4778    25.4438    25.4440     6.2994     5.8632    191.974    178.681     1.9805     1.7827     0.0635     0.5623     3.1172     0.0061     0.1319 -117.90566   33.41676      99.32         12  0.000e+00
      81516   3396.458     59.686     60.121    11.8091    11.8104  38.283966  38.286023    11.8015    11.8028    33.4765    33.4773    25.4431    25.4435     6.2993     5.8575    191.972    178.508     1.9805     1.7814     0.0635     0.5623     3.1160     0.0061     0.1319 -117.90566   33.41676      99.32         12  0.000e+00
      81517   3396.500     59.706     60.141    11.8091    11.8104  38.283900  38.285958    11.8015    11.8028    33.4764    33.4773    25.4430    25.4435     6.2993     5.8575    191.972    178.508     1.9805     1.7814     0.0635     0.5623     3.1172     0.0061     0.1319 -117.90566   33.41676      99.32         12  0.000e+00
      81518   3396.542     59.733     60.168    11.8091    11.8102  38.284096  38.285437    11.8015    11.8026    33.4766    33.4769    25.4432    25.4432     6.2993     5.8576    191.973    178.510     1.9805     1.7814     0.0635     0.5623     3.1172     0.0061     0.1319 -117.90566   33.41676      99.32         12  0.000e+00
      81519   3396.583     59.706     60.141    11.8094    11.8102  38.284161  38.285828    11.8018    11.8026    33.4764    33.4773    25.4430    25.4435     6.2993     5.8575    191.971    178.509     1.9805     1.7814     0.0635     0.5623     3.1160     0.0061     0.1319 -117.90566   33.41676      99.32         12  0.000e+00
      81520   3396.625     59.733     60.168    11.8096    11.8098  38.283901  38.286219    11.8020    11.8022    33.4759    33.4780    25.4426    25.4442     6.2993     5.8576    191.971    178.510     1.9805     1.7814     0.0635     0.5623     3.1160     0.0061     0.1306 -117.90566   33.41676      99.32         12  0.000e+00
      81521   3396.667     59.806     60.241    11.8096    11.8100  38.284161  38.286284    11.8020    11.8024    33.4762    33.4779    25.4428    25.4440     6.2993     5.8576    191.973    178.511     1.9805     1.7814     0.0635     0.5623     3.1160     0.0061     0.1306 -117.90566   33.41676      99.32         12  0.000e+00
      81522   3396.708     59.686     60.121    11.8094    11.8099  38.283900  38.286088    11.8019    11.8023    33.4761    33.4778    25.4427    25.4440     6.2993     5.8575    191.971    178.509     1.9805     1.7814     0.0635     0.5623     3.1160     0.0061     0.1306 -117.90566   33.41676      99.32         12  0.000e+00
      81523   3396.750     59.753     60.188    11.8096    11.8099  38.283835  38.286219    11.8020    11.8023    33.4759    33.4779    25.4426    25.4441     6.2993     5.8576    191.972    178.510     1.9805     1.7814     0.0635     0.5623     3.1172     0.0061     0.1306 -117.90566   33.41676      99.32         12  0.000e+00
      81524   3396.792     59.753     60.188    11.8093    11.8097  38.283901  38.286284    11.8017    11.8021    33.4762    33.4782    25.4429    25.4443     6.2942     5.8576    191.816    178.511     1.9792     1.7814     0.0635     0.5623     3.1160     0.0061     0.1306 -117.90566   33.41676      99.32         12  0.000e+00
      81525   3396.833     59.686     60.121    11.8093    11.8099  38.283835  38.285828    11.8017    11.8023    33.4762    33.4776    25.4428    25.4438     6.2941     5.8576    191.815    178.509     1.9792     1.7814     0.0635     0.5623     3.1160     0.0061     0.1294 -117.90566   33.41676      99.32         12  0.000e+00
      81526   3396.875     59.806     60.241    11.8093    11.8099  38.284031  38.285893    11.8017    11.8023    33.4763    33.4776    25.4430    25.4438     6.2942     5.8576    191.817    178.512     1.9792     1.7814     0.0623     0.5318     3.1172     0.0061     0.1294 -117.90566   33.41676      99.32         12  0.000e+00
      81527   3396.917     59.733     60.168    11.8090    11.8100  38.284226  38.286023    11.8014    11.8024    33.4768    33.4776    25.4434    25.4438     6.2942     5.8576    191.816    178.510     1.9792     1.7814     0.0635     0.5623     3.1160     0.0061     0.1294 -117.90566   33.41676      99.32         12  0.000e+00
      81528   3396.958     59.753     60.188    11.8091    11.8099  38.284161  38.285958    11.8015    11.8023    33.4766    33.4777    25.4432    25.4439     6.2942     5.8520    191.816    178.340     1.9792     1.7802     0.0635     0.5623     3.1172     0.0061     0.1294 -117.90566   33.41676      99.32         12  0.000e+00
      81529   3397.000     59.733     60.168    11.8091    11.8099  38.284161  38.285958    11.8015    11.8023    33.4766    33.4777    25.4432    25.4439     6.2942     5.8576    191.816    178.510     1.9792     1.7814     0.0635     0.5623     3.1160     0.0061     0.1294 -117.90566   33.41676      99.32         12  0.000e+00
      81530   3397.042     59.753     60.188    11.8091    11.8102  38.283966  38.286023    11.8015    11.8026    33.4764    33.4775    25.4431    25.4437     6.2942     5.8576    191.817    178.510     1.9792     1.7814     0.0635     0.5623     3.1160     0.0061     0.1294 -117.90566   33.41676      99.32         12  0.000e+00
      81531   3397.083     59.733     60.168    11.8091    11.8100  38.284096  38.286219    11.8015    11.8024    33.4766    33.4778    25.4432    25.4440     6.2942     5.8576    191.816    178.509     1.9792     1.7814     0.0635     0.5623     3.1172     0.0061     0.1282 -117.90566   33.41676      99.32         12  0.000e+00
      81532   3397.125     59.753     60.188    11.8091    11.8101  38.283901  38.286089    11.8015    11.8025    33.4763    33.4776    25.4430    25.4438     6.2942     5.8520    191.816    178.339     1.9792     1.7802     0.0635     0.5623     3.1172     0.0061     0.1282 -117.90566   33.41676      99.32         12  0.000e+00
      81533   3397.167     59.779     60.215    11.8091    11.8100  38.284422  38.285958    11.8015    11.8024    33.4769    33.4775    25.4434    25.4438     6.2942     5.8576    191.817    178.511     1.9792     1.7814     0.0635     0.5623     3.1160     0.0061     0.1282 -117.90566   33.41676      99.32         12  0.000e+00
      81534   3397.208     59.753     60.188    11.8093    11.8100  38.284226  38.286219    11.8017    11.8024    33.4765    33.4778    25.4431    25.4440     6.2942     5.8520    191.816    178.339     1.9792     1.7802     0.0635     0.5623     3.1172     0.0061     0.1282 -117.90566   33.41676      99.32         12  0.000e+00
      81535   3397.250     59.733     60.168    11.8091    11.8100  38.284161  38.286544    11.8015    11.8024    33.4766    33.4781    25.4432    25.4442     6.2942     5.8520    191.816    178.338     1.9792     1.7802     0.0635     0.5623     3.1160     0.0061     0.1294 -117.90566   33.41676      99.32         12  0.000e+00
      81536   3397.292     59.806     60.242    11.8091    11.8097  38.283966  38.286414    11.8015    11.8021    33.4764    33.4783    25.4430    25.4444     6.2943     5.8520    191.818    178.341     1.9792     1.7802     0.0635     0.5623     3.1160     0.0061     0.1294 -117.90566   33.41676      99.32         12  0.000e+00
      81537   3397.333     59.780     60.215    11.8093    11.8099  38.283836  38.286545    11.8017    11.8023    33.4761    33.4782    25.4428    25.4443     6.2942     5.8520    191.817    178.340     1.9792     1.7802     0.0635     0.5623     3.1172     0.0061     0.1282 -117.90566   33.41676      99.32         12  0.000e+00
      81538   3397.375     59.707     60.142    11.8093    11.8099  38.284031  38.286154    11.8017    11.8023    33.4764    33.4779    25.4430    25.4441     6.2942     5.8520    191.815    178.339     1.9792     1.7802     0.0635     0.5623     3.1160     0.0061     0.1294 -117.90566   33.41676      99.32         12  0.000e+00
      81539   3397.417     59.833     60.268    11.8093    11.8099  38.283966  38.286480    11.8017    11.8023    33.4763    33.4782    25.4429    25.4443     6.2943     5.8520    191.818    178.341     1.9792     1.7802     0.0623     0.5318     3.1172     0.0061     0.1294 -117.90566   33.41676      99.32         12  0.000e+00
      81540   3397.458     59.707     60.142    11.8091    11.8097  38.284096  38.286154    11.8015    11.8021    33.4766    33.4780    25.4432    25.4442     6.2942     5.8520    191.815    178.339     1.9792     1.7802     0.0635     0.5623     3.1160     0.0061     0.1294 -117.90566   33.41676      99.32         12  0.000e+00
      81541   3397.500     59.780     60.215    11.8093    11.8099  38.283901  38.286219    11.8017    11.8023    33.4762    33.4779    25.4429    25.4441     6.2994     5.8520    191.974    178.340     1.9805     1.7802     0.0635     0.5623     3.1160     0.0061     0.1294 -117.90566   33.41676      99.32         12  0.000e+00
      81542   3397.542     59.806     60.242    11.8093    11.8099  38.284161  38.286089    11.8017    11.8023    33.4765    33.4778    25.4431    25.4440     6.2994     5.8520    191.974    178.341     1.9805     1.7802     0.0635     0.5623     3.1160     0.0061     0.1294 -117.90566   33.41676      99.32         12  0.000e+00
      81543   3397.583     59.733     60.168    11.8093    11.8097  38.284161  38.286219    11.8017    11.8021    33.4765    33.4781    25.4431    25.4443     6.2993     5.8520    191.972    178.340     1.9805     1.7802     0.0635     0.5623     3.1160     0.0061     0.1294 -117.90566   33.41676      99.32         12  0.000e+00
      81544   3397.625     59.806     60.242    11.8093    11.8097  38.283901  38.286349    11.8017    11.8021    33.4762    33.4782    25.4429    25.4443     6.2994     5.8520    191.974    178.341     1.9805     1.7802     0.0635     0.5623     3.1160     0.0061     0.1294 -117.90566   33.41676      99.32         12  0.000e+00
      81545   3397.667     59.733     60.169    11.8093    11.8098  38.284031  38.286023    11.8017    11.8022    33.4764    33.4778    25.4430    25.4440     6.2993     5.8520    191.972    178.340     1.9805     1.7802     0.0635     0.5623     3.1160     0.0061     0.1294 -117.90566   33.41676      99.32         12  0.000e+00
      81546   3397.708     59.753     60.189    11.8093    11.8097  38.283770  38.286219    11.8017    11.8021    33.4761    33.4781    25.4428    25.4442     6.2942     5.8520    191.816    178.340     1.9792     1.7802     0.0635     0.5623     3.1160     0.0061     0.1294 -117.90566   33.41676      99.32         12  0.000e+00
      81547   3397.750     59.780     60.215    11.8093    11.8097  38.284031  38.286545    11.8017    11.8021    33.4763    33.4784    25.4430    25.4445     6.2942     5.8520    191.817    178.340     1.9792     1.7802     0.0635     0.5623     3.1160     0.0061     0.1306 -117.90566   33.41676      99.32         12  0.000e+00
      81548   3397.792     59.807     60.242    11.8091    11.8097  38.284161  38.286675    11.8015    11.8021    33.4766    33.4785    25.4432    25.4446     6.2942     5.8520    191.817    178.341     1.9792     1.7802     0.0623     0.5318     3.1172     0.0061     0.1319 -117.90566   33.41676      99.32         12  0.000e+00
