WCOA/WCOA-6/CTD_Data/RB2102_CTD_064_01.ros
* Sea-Bird SBE 9 Data File:
* FileName = C:\Users\scs.user.rb\CTD\RB2102\Data\RB2102_CTD_064_01.hex
* Software Version Seasave V 7.26.7.107
* Temperature SN = 6202
* Conductivity SN = 4907
* Number of Bytes Per Scan = 41
* Number of Voltage Words = 4
* Number of Scans Averaged by the Deck Unit = 1
* NMEA Latitude = 41 56.84 N
* NMEA Longitude = 124 33.70 W
* NMEA UTC (Time) = Jul 06 2021  21:01:47
* NMEA baud rate = 4800
# nquan = 30
# nvalues = 931                                   
# units = specified
# name 0 = scan: Scan Count
# name 1 = timeS: Time, Elapsed [seconds]
# name 2 = depSM: Depth [salt water, m]
# name 3 = prDM: Pressure, Digiquartz [db]
# name 4 = t090C: Temperature [ITS-90, deg C]
# name 5 = t190C: Temperature, 2 [ITS-90, deg C]
# name 6 = c0mS/cm: Conductivity [mS/cm]
# name 7 = c1mS/cm: Conductivity, 2 [mS/cm]
# name 8 = potemp090C: Potential Temperature [ITS-90, deg C]
# name 9 = potemp190C: Potential Temperature, 2 [ITS-90, deg C]
# name 10 = sal00: Salinity, Practical [PSU]
# name 11 = sal11: Salinity, Practical, 2 [PSU]
# name 12 = sigma-é00: Density [sigma-theta, kg/m^3]
# name 13 = sigma-é11: Density, 2 [sigma-theta, kg/m^3]
# name 14 = sbeox0Mg/L: Oxygen, SBE 43 [mg/l]
# name 15 = sbeox1Mg/L: Oxygen, SBE 43, 2 [mg/l]
# name 16 = sbox0Mm/Kg: Oxygen, SBE 43 [umol/kg]
# name 17 = sbox1Mm/Kg: Oxygen, SBE 43, 2 [umol/kg]
# name 18 = sbeox0V: Oxygen raw, SBE 43 [V]
# name 19 = sbeox1V: Oxygen raw, SBE 43, 2 [V]
# name 20 = v4: Voltage 4
# name 21 = flECO-AFL: Fluorescence, WET Labs ECO-AFL/FL [mg/m^3]
# name 22 = v3: Voltage 3
# name 23 = v6: Voltage 6
# name 24 = v7: Voltage 7
# name 25 = longitude: Longitude [deg]
# name 26 = latitude: Latitude [deg]
# name 27 = altM: Altimeter [m]
# name 28 = nbf: Bottles Fired
# name 29 = flag:  0.000e+00
# interval = seconds: 0.0416667
# start_time = Jul 06 2021 21:01:47 [NMEA time, header]
# bad_flag = -9.990e-29
*END*
[from data line 726]
      52229   2176.167      9.833      9.911    11.3198    11.3113  37.656958  37.648463    11.3186    11.3101    33.3248    33.3242    25.4140    25.4150     9.4447     9.6889    287.835    295.278     2.7143     2.6044     0.3565     7.8883     3.1526     0.0403     0.0110 -124.56230   41.94562      99.76         15  0.000e+00
      52230   2176.208      9.886      9.964    11.3201    11.3135  37.657088  37.649821    11.3188    11.3123    33.3248    33.3235    25.4139    25.4141     9.4395     9.6885    287.678    295.267     2.7131     2.6044     0.3578     7.9188     3.1514     0.0403     0.0110 -124.56230   41.94562      99.76         15  0.000e+00
      52231   2176.250      9.833      9.911    11.3202    11.3152  37.657282  37.650985    11.3190    11.3140    33.3248    33.3232    25.4139    25.4135     9.4394     9.6881    287.675    295.255     2.7131     2.6044     0.3565     7.8883     3.1526     0.0403     0.0110 -124.56230   41.94562      99.76         15  0.000e+00
      52232   2176.292      9.846      9.924    11.3209    11.3168  37.657929  37.651761    11.3197    11.3156    33.3249    33.3225    25.4138    25.4127     9.4393     9.6878    287.672    295.246     2.7131     2.6044     0.3565     7.8883     3.1526     0.0403     0.0110 -124.56230   41.94562      99.76         15  0.000e+00
      52233   2176.333      9.833      9.911    11.3212    11.3168  37.658188  37.652343    11.3200    11.3156    33.3248    33.3230    25.4137    25.4131     9.4392     9.6878    287.669    295.244     2.7131     2.6044     0.3578     7.9188     3.1514     0.0403     0.0110 -124.56230   41.94562      99.76         15  0.000e+00
      52234   2176.375      9.833      9.911    11.3214    11.3165  37.657929  37.652732    11.3201    11.3153    33.3244    33.3237    25.4134    25.4137     9.4392     9.6878    287.669    295.245     2.7131     2.6044     0.3565     7.8883     3.1514     0.0403     0.0110 -124.56230   41.94562      99.76         15  0.000e+00
      52235   2176.417      9.787      9.864    11.3214    11.3161  37.658058  37.653184    11.3202    11.3149    33.3246    33.3245    25.4135    25.4144     9.4391     9.6878    287.667    295.244     2.7131     2.6044     0.3492     7.7052     3.1526     0.0403     0.0098 -124.56230   41.94562      99.76         15  0.000e+00
      52236   2176.458      9.787      9.864    11.3210    11.3165  37.657929  37.653508    11.3198    11.3153    33.3247    33.3245    25.4137    25.4143     9.4392     9.6877    287.668    295.241     2.7131     2.6044     0.3468     7.6441     3.1526     0.0391     0.0098 -124.56230   41.94562      99.76         15  0.000e+00
      52237   2176.500      9.800      9.878    11.3204    11.3168  37.658058  37.653572    11.3192    11.3156    33.3255    33.3243    25.4144    25.4141     9.4393     9.6877    287.672    295.240     2.7131     2.6044     0.3468     7.6441     3.1526     0.0403     0.0110 -124.56230   41.94562      99.76         15  0.000e+00
      54400   2266.625      3.590      3.619    11.3725    11.3730  37.704192  37.704787    11.3721    11.3725    33.3265    33.3267    25.4056    25.4056     9.4623     9.6786    288.373    294.966     2.7228     2.6068     0.2540     5.3242     3.1526     0.0562     0.0269 -124.56232   41.94556      99.76         16  0.000e+00
      54401   2266.667      3.564      3.592    11.3724    11.3730  37.704322  37.704787    11.3720    11.3726    33.3267    33.3267    25.4057    25.4056     9.4622     9.6785    288.372    294.965     2.7228     2.6068     0.2540     5.3242     3.1526     0.0562     0.0269 -124.56232   41.94556      99.76         16  0.000e+00
      54402   2266.708      3.590      3.619    11.3727    11.3728  37.704257  37.704917    11.3723    11.3724    33.3263    33.3269    25.4054    25.4059     9.4571     9.6786    288.215    294.966     2.7216     2.6068     0.2540     5.3242     3.1514     0.0549     0.0269 -124.56232   41.94556      99.78         16  0.000e+00
      54403   2266.750      3.590      3.619    11.3726    11.3728  37.704063  37.704787    11.3722    11.3724    33.3263    33.3268    25.4054    25.4058     9.4571     9.6730    288.216    294.795     2.7216     2.6056     0.2527     5.2937     3.1526     0.0549     0.0269 -124.56232   41.94556      99.78         16  0.000e+00
      54404   2266.792      3.590      3.619    11.3727    11.3728  37.704451  37.704917    11.3723    11.3724    33.3265    33.3269    25.4056    25.4059     9.4570     9.6786    288.214    294.966     2.7216     2.6068     0.2540     5.3242     3.1514     0.0549     0.0269 -124.56232   41.94556      99.76         16  0.000e+00
      54405   2266.833      3.544      3.572    11.3726    11.3730  37.704387  37.705046    11.3722    11.3726    33.3266    33.3269    25.4056    25.4058     9.4570     9.6785    288.213    294.963     2.7216     2.6068     0.2540     5.3242     3.1514     0.0549     0.0269 -124.56232   41.94556      99.76         16  0.000e+00
      54406   2266.875      3.590      3.619    11.3729    11.3731  37.704063  37.704787    11.3724    11.3727    33.3260    33.3265    25.4051    25.4055     9.4570     9.6785    288.215    294.965     2.7216     2.6068     0.2540     5.3242     3.1526     0.0549     0.0269 -124.56232   41.94556      99.78         16  0.000e+00
      54407   2266.917      3.544      3.572    11.3726    11.3727  37.704192  37.704916    11.3722    11.3722    33.3264    33.3271    25.4055    25.4060     9.4570     9.6786    288.214    294.965     2.7216     2.6068     0.2540     5.3242     3.1526     0.0549     0.0269 -124.56232   41.94556      99.76         16  0.000e+00
      54408   2266.958      3.544      3.572    11.3727    11.3730  37.698752  37.704787    11.3723    11.3726    33.3209    33.3267    25.4012    25.4056     9.4522     9.6729    288.067    294.793     2.7204     2.6056     0.2418     5.0190     3.1526     0.0549     0.0269 -124.56232   41.94556      99.76         16  0.000e+00
      54409   2267.000      3.544      3.572    11.3724    11.3730  37.697975  37.704463    11.3720    11.3725    33.3205    33.3264    25.4009    25.4054     9.4522     9.6785    288.070    294.965     2.7204     2.6068     0.2271     4.6527     3.1514     0.0549     0.0269 -124.56232   41.94556      99.76         16  0.000e+00
      54410   2267.042      3.544      3.572    11.3722    11.3730  37.702832  37.704593    11.3718    11.3726    33.3254    33.3265    25.4048    25.4055     9.4520     9.6785    288.061    294.964     2.7204     2.6068     0.2222     4.5306     3.1526     0.0549     0.0269 -124.56232   41.94556      99.76         16  0.000e+00
      54411   2267.083      3.498      3.525    11.3722    11.3728  37.703998  37.704916    11.3718    11.3724    33.3266    33.3270    25.4057    25.4059     9.4519     9.6785    288.057    294.963     2.7204     2.6068     0.2234     4.5611     3.1526     0.0549     0.0269 -124.56232   41.94556      99.76         16  0.000e+00
      54412   2267.125      3.544      3.572    11.3722    11.3733  37.703739  37.705046    11.3718    11.3728    33.3263    33.3267    25.4055    25.4056     9.4519     9.6784    288.059    294.962     2.7204     2.6068     0.2247     4.5916     3.1526     0.0549     0.0269 -124.56232   41.94556      99.76         16  0.000e+00
      54413   2267.167      3.498      3.525    11.3721    11.3730  37.703674  37.704787    11.3717    11.3726    33.3264    33.3267    25.4055    25.4056     9.4519     9.6784    288.058    294.962     2.7204     2.6068     0.2247     4.5916     3.1526     0.0549     0.0269 -124.56232   41.94556      99.76         16  0.000e+00
      54414   2267.208      3.445      3.472    11.3719    11.3732  37.703415  37.705240    11.3715    11.3728    33.3263    33.3270    25.4055    25.4058     9.4519     9.6783    288.057    294.958     2.7204     2.6068     0.2247     4.5916     3.1514     0.0549     0.0256 -124.56232   41.94556      99.76         16  0.000e+00
      54415   2267.250      3.498      3.525    11.3721    11.3734  37.703545  37.705110    11.3717    11.3730    33.3263    33.3266    25.4054    25.4055     9.4519     9.6784    288.058    294.959     2.7204     2.6068     0.2247     4.5916     3.1514     0.0549     0.0256 -124.56232   41.94556      99.76         16  0.000e+00
      54416   2267.292      3.498      3.525    11.3719    11.3735  37.703868  37.705563    11.3715    11.3731    33.3267    33.3270    25.4059    25.4058     9.4519     9.6783    288.058    294.958     2.7204     2.6068     0.2247     4.5916     3.1514     0.0549     0.0256 -124.56232   41.94556      99.76         16  0.000e+00
      54417   2267.333      3.445      3.472    11.3718    11.3735  37.703739  37.705434    11.3714    11.3731    33.3267    33.3269    25.4058    25.4057     9.4519     9.6783    288.057    294.956     2.7204     2.6068     0.2247     4.5916     3.1526     0.0537     0.0256 -124.56232   41.94556      99.76         16  0.000e+00
      54418   2267.375      3.412      3.439    11.3721    11.3736  37.703674  37.705369    11.3717    11.3732    33.3264    33.3267    25.4056    25.4055     9.4466     9.6838    287.897    295.126     2.7192     2.6081     0.2247     4.5916     3.1514     0.0549     0.0256 -124.56232   41.94556      99.76         16  0.000e+00
      54419   2267.417      3.398      3.425    11.3722    11.3737  37.703868  37.705628    11.3718    11.3733    33.3265    33.3269    25.4056    25.4057     9.4414     9.6838    287.738    295.124     2.7179     2.6081     0.2247     4.5916     3.1514     0.0537     0.0256 -124.56232   41.94556      99.76         16  0.000e+00
      54420   2267.458      3.398      3.425    11.3719    11.3738  37.703674  37.705757    11.3715    11.3733    33.3266    33.3270    25.4057    25.4057     9.4466     9.6838    287.897    295.124     2.7192     2.6081     0.2247     4.5916     3.1514     0.0537     0.0256 -124.56232   41.94556      99.76         16  0.000e+00
      54421   2267.500      3.398      3.425    11.3718    11.3740  37.703415  37.705951    11.3713    11.3736    33.3265    33.3270    25.4057    25.4057     9.4467     9.6837    287.899    295.122     2.7192     2.6081     0.2247     4.5916     3.1514     0.0537     0.0256 -124.56232   41.94556      99.76         16  0.000e+00
      54422   2267.542      3.352      3.379    11.3716    11.3740  37.703350  37.706081    11.3712    11.3736    33.3266    33.3271    25.4058    25.4058     9.4466     9.6836    287.898    295.120     2.7192     2.6081     0.2234     4.5611     3.1526     0.0537     0.0256 -124.56232   41.94556      99.76         16  0.000e+00
      54423   2267.583      3.352      3.379    11.3715    11.3743  37.703350  37.705822    11.3711    11.3739    33.3266    33.3266    25.4059    25.4053     9.4415     9.6836    287.741    295.119     2.7179     2.6081     0.2247     4.5916     3.1514     0.0537     0.0256 -124.56232   41.94556      99.76         16  0.000e+00
      54424   2267.625      3.352      3.379    11.3714    11.3743  37.702767  37.705757    11.3710    11.3739    33.3262    33.3265    25.4055    25.4052     9.4415     9.6836    287.742    295.119     2.7179     2.6081     0.2247     4.5916     3.1526     0.0537     0.0256 -124.56232   41.94556      99.78         16  0.000e+00
      54425   2267.667      3.299      3.325    11.3714    11.3742  37.702119  37.705951    11.3710    11.3738    33.3255    33.3268    25.4050    25.4055     9.4415     9.6836    287.741    295.118     2.7179     2.6081     0.2247     4.5916     3.1514     0.0537     0.0256 -124.56232   41.94556      99.76         16  0.000e+00
      54426   2267.708      3.299      3.325    11.3714    11.3743  37.702702  37.705757    11.3710    11.3739    33.3261    33.3266    25.4055    25.4053     9.4415     9.6835    287.740    295.118     2.7179     2.6081     0.2247     4.5916     3.1514     0.0537     0.0256 -124.56232   41.94556      99.76         16  0.000e+00
      54427   2267.750      3.299      3.325    11.3718    11.3743  37.703220  37.706210    11.3713    11.3739    33.3263    33.3270    25.4056    25.4056     9.4414     9.6891    287.738    295.288     2.7179     2.6093     0.2247     4.5916     3.1514     0.0537     0.0256 -124.56232   41.94556      99.76         16  0.000e+00
      54428   2267.792      3.253      3.279    11.3718    11.3747  37.703026  37.705886    11.3714    11.3743    33.3262    33.3264    25.4054    25.4051     9.4414     9.6834    287.737    295.114     2.7179     2.6081     0.2247     4.5916     3.1514     0.0537     0.0244 -124.56232   41.94556      99.76         16  0.000e+00
      54429   2267.833      3.299      3.325    11.3717    11.3744  37.703155  37.706469    11.3713    11.3740    33.3263    33.3271    25.4056    25.4057     9.4414     9.6891    287.738    295.286     2.7179     2.6093     0.2247     4.5916     3.1526     0.0537     0.0244 -124.56232   41.94556      99.76         16  0.000e+00
      54430   2267.875      3.253      3.279    11.3718    11.3750  37.703026  37.706468    11.3714    11.3746    33.3262    33.3266    25.4054    25.4052     9.4465     9.6889    287.894    295.282     2.7192     2.6093     0.2234     4.5611     3.1526     0.0537     0.0256 -124.56232   41.94556      99.76         16  0.000e+00
      54431   2267.917      3.200      3.225    11.3718    11.3743  37.703220  37.706598    11.3714    11.3739    33.3264    33.3274    25.4056    25.4059     9.4413     9.6890    287.734    295.283     2.7179     2.6093     0.2247     4.5916     3.1526     0.0537     0.0256 -124.56232   41.94556      99.78         16  0.000e+00
      54432   2267.958      3.253      3.279    11.3719    11.3748  37.703349  37.706468    11.3715    11.3744    33.3263    33.3268    25.4055    25.4054     9.4413     9.6890    287.735    295.283     2.7179     2.6093     0.2247     4.5916     3.1526     0.0537     0.0256 -124.56232   41.94556      99.76         16  0.000e+00
      54433   2268.000      3.200      3.225    11.3716    11.3748  37.703284  37.706598    11.3712    11.3744    33.3266    33.3270    25.4058    25.4055     9.4465     9.6833    287.892    295.109     2.7192     2.6081     0.2247     4.5916     3.1514     0.0537     0.0256 -124.56232   41.94556      99.76         16  0.000e+00
      54434   2268.042      3.200      3.225    11.3717    11.3751  37.703284  37.706468    11.3713    11.3747    33.3265    33.3266    25.4057    25.4052     9.4465     9.6832    287.892    295.108     2.7192     2.6081     0.2259     4.6221     3.1526     0.0537     0.0244 -124.56232   41.94556      99.78         16  0.000e+00
      54435   2268.083      3.200      3.225    11.3719    11.3748  37.703543  37.706598    11.3715    11.3744    33.3265    33.3270    25.4057    25.4055     9.4464     9.6889    287.890    295.281     2.7192     2.6093     0.2295     4.7137     3.1514     0.0537     0.0256 -124.56232   41.94556      99.76         16  0.000e+00
      54436   2268.125      3.173      3.199    11.3719    11.3750  37.703414  37.706727    11.3715    11.3746    33.3264    33.3269    25.4056    25.4054     9.4412     9.6832    287.732    295.107     2.7179     2.6081     0.2308     4.7442     3.1514     0.0537     0.0256 -124.56232   41.94556      99.76         16  0.000e+00
      54437   2268.167      3.200      3.225    11.3718    11.3751  37.703349  37.706921    11.3714    11.3747    33.3265    33.3270    25.4057    25.4055     9.4413     9.6832    287.734    295.107     2.7179     2.6081     0.2308     4.7442     3.1526     0.0537     0.0256 -124.56232   41.94556      99.76         16  0.000e+00
