WCOA/WCOA-6/CTD_Data/RB2102_CTD_131_01.ros
* Sea-Bird SBE 9 Data File:
* FileName = C:\Users\scs.user.rb\CTD\RB2102\Data\RB2102_CTD_131_01.hex
* Software Version Seasave V 7.26.7.107
* Temperature SN = 6202
* Conductivity SN = 4907
* Number of Bytes Per Scan = 41
* Number of Voltage Words = 4
* Number of Scans Averaged by the Deck Unit = 1
* NMEA Latitude = 32 25.08 N
* NMEA Longitude = 119 57.54 W
* NMEA UTC (Time) = Jul 22 2021  09:38:14
* NMEA baud rate = 4800
# nquan = 30
# nvalues = 1176                                  
# units = specified
# name 0 = scan: Scan Count
# name 1 = timeS: Time, Elapsed [seconds]
# name 2 = depSM: Depth [salt water, m]
# name 3 = prDM: Pressure, Digiquartz [db]
# name 4 = t090C: Temperature [ITS-90, deg C]
# name 5 = t190C: Temperature, 2 [ITS-90, deg C]
# name 6 = c0mS/cm: Conductivity [mS/cm]
# name 7 = c1mS/cm: Conductivity, 2 [mS/cm]
# name 8 = potemp090C: Potential Temperature [ITS-90, deg C]
# name 9 = potemp190C: Potential Temperature, 2 [ITS-90, deg C]
# name 10 = sal00: Salinity, Practical [PSU]
# name 11 = sal11: Salinity, Practical, 2 [PSU]
# name 12 = sigma-é00: Density [sigma-theta, kg/m^3]
# name 13 = sigma-é11: Density, 2 [sigma-theta, kg/m^3]
# name 14 = sbeox0Mg/L: Oxygen, SBE 43 [mg/l]
# name 15 = sbeox1Mg/L: Oxygen, SBE 43, 2 [mg/l]
# name 16 = sbox0Mm/Kg: Oxygen, SBE 43 [umol/kg]
# name 17 = sbox1Mm/Kg: Oxygen, SBE 43, 2 [umol/kg]
# name 18 = sbeox0V: Oxygen raw, SBE 43 [V]
# name 19 = sbeox1V: Oxygen raw, SBE 43, 2 [V]
# name 20 = v4: Voltage 4
# name 21 = flECO-AFL: Fluorescence, WET Labs ECO-AFL/FL [mg/m^3]
# name 22 = v3: Voltage 3
# name 23 = v6: Voltage 6
# name 24 = v7: Voltage 7
# name 25 = longitude: Longitude [deg]
# name 26 = latitude: Latitude [deg]
# name 27 = altM: Altimeter [m]
# name 28 = nbf: Bottles Fired
# name 29 = flag:  0.000e+00
# interval = seconds: 0.0416667
# start_time = Jul 22 2021 09:38:14 [NMEA time, header]
# bad_flag = -9.990e-29
*END*
[from data line 194]
      45808   1908.625    744.766    751.377     4.8789     4.8809  33.159656  33.162619     4.8185     4.8204    34.3945    34.3958    27.2159    27.2167     0.3320     0.3349     10.102     10.189     0.5482     0.5604     0.0403    -0.0177     3.2259     0.0000     0.0000 -119.95906   32.41800     100.00          4  0.000e+00
      45809   1908.667    744.766    751.377     4.8789     4.8813  33.159656  33.162496     4.8185     4.8209    34.3945    34.3952    27.2159    27.2162     0.3320     0.3349     10.102     10.189     0.5482     0.5604     0.0403    -0.0177     3.2259     0.0000     0.0000 -119.95906   32.41800     100.00          4  0.000e+00
      54701   2279.167    497.771    501.889     6.2621     6.2624  34.196916  34.197995     6.2174     6.2177    34.2899    34.2908    26.9637    26.9644     0.4155     0.4005     12.643     12.187     0.5690     0.5763     0.0403    -0.0177     3.2234     0.0000     0.0391 -119.95922   32.41792     100.00          5  0.000e+00
      54702   2279.208    497.670    501.787     6.2621     6.2623  34.196666  34.198244     6.2174     6.2176    34.2896    34.2912    26.9636    26.9648     0.4093     0.4005     12.455     12.187     0.5678     0.5763     0.0403    -0.0177     3.2234     0.0000     0.0391 -119.95922   32.41792     100.00          5  0.000e+00
      54703   2279.250    497.771    501.889     6.2624     6.2628  34.196791  34.198493     6.2177     6.2181    34.2894    34.2909    26.9633    26.9645     0.4093     0.4005     12.455     12.187     0.5678     0.5763     0.0403    -0.0177     3.2234     0.0000     0.0391 -119.95922   32.41792     100.00          5  0.000e+00
      54704   2279.292    497.717    501.835     6.2621     6.2623  34.196915  34.198368     6.2174     6.2176    34.2899    34.2913    26.9638    26.9649     0.4155     0.4005     12.643     12.187     0.5690     0.5763     0.0403    -0.0177     3.2234     0.0000     0.0391 -119.95922   32.41792     100.00          5  0.000e+00
      54705   2279.333    497.724    501.841     6.2619     6.2624  34.196978  34.198306     6.2173     6.2177    34.2901    34.2912    26.9639    26.9647     0.4155     0.4005     12.643     12.187     0.5690     0.5763     0.0403    -0.0177     3.2234     0.0000     0.0391 -119.95922   32.41792     100.00          5  0.000e+00
      54706   2279.375    497.717    501.835     6.2621     6.2624  34.196666  34.198119     6.2175     6.2177    34.2896    34.2909    26.9635    26.9645     0.4155     0.4005     12.643     12.187     0.5690     0.5763     0.0403    -0.0177     3.2222     0.0000     0.0403 -119.95922   32.41792     100.00          5  0.000e+00
      54707   2279.417    497.717    501.835     6.2619     6.2624  34.196791  34.197746     6.2173     6.2177    34.2899    34.2905    26.9638    26.9642     0.4155     0.4005     12.643     12.187     0.5690     0.5763     0.0403    -0.0177     3.2222     0.0000     0.0391 -119.95922   32.41792     100.00          5  0.000e+00
      54708   2279.458    497.717    501.835     6.2619     6.2623  34.196666  34.198119     6.2173     6.2176    34.2898    34.2910    26.9637    26.9646     0.4155     0.4005     12.643     12.187     0.5690     0.5763     0.0403    -0.0177     3.2234     0.0000     0.0403 -119.95922   32.41792     100.00          5  0.000e+00
      54709   2279.500    497.724    501.842     6.2618     6.2627  34.196666  34.198057     6.2171     6.2180    34.2900    34.2906    26.9638    26.9642     0.4155     0.4005     12.643     12.187     0.5690     0.5763     0.0403    -0.0177     3.2222     0.0000     0.0403 -119.95922   32.41792     100.00          5  0.000e+00
      54710   2279.542    497.671    501.788     6.2618     6.2626  34.196604  34.197995     6.2171     6.2179    34.2899    34.2906    26.9638    26.9642     0.4093     0.4005     12.455     12.187     0.5678     0.5763     0.0403    -0.0177     3.2222     0.0000     0.0403 -119.95922   32.41792     100.00          5  0.000e+00
      54711   2279.583    497.717    501.835     6.2618     6.2626  34.196355  34.197995     6.2171     6.2179    34.2896    34.2906    26.9636    26.9642     0.4093     0.4005     12.455     12.187     0.5678     0.5763     0.0403    -0.0177     3.2222     0.0000     0.0403 -119.95922   32.41792     100.00          5  0.000e+00
      54712   2279.625    497.671    501.788     6.2618     6.2627  34.196292  34.198244     6.2171     6.2180    34.2896    34.2908    26.9635    26.9644     0.4093     0.4005     12.455     12.187     0.5678     0.5763     0.0403    -0.0177     3.2234     0.0000     0.0403 -119.95922   32.41792     100.00          5  0.000e+00
      54713   2279.667    497.717    501.835     6.2616     6.2624  34.196604  34.198306     6.2169     6.2177    34.2900    34.2911    26.9639    26.9647     0.4155     0.4005     12.643     12.187     0.5690     0.5763     0.0403    -0.0177     3.2222     0.0000     0.0391 -119.95922   32.41792     100.00          5  0.000e+00
      54714   2279.708    497.677    501.795     6.2616     6.2628  34.196354  34.198493     6.2169     6.2181    34.2898    34.2910    26.9637    26.9645     0.4093     0.4005     12.455     12.187     0.5678     0.5763     0.0403    -0.0177     3.2222     0.0000     0.0391 -119.95922   32.41792     100.00          5  0.000e+00
      54715   2279.750    497.671    501.788     6.2618     6.2626  34.196292  34.198119     6.2171     6.2179    34.2896    34.2907    26.9635    26.9643     0.4093     0.4005     12.455     12.187     0.5678     0.5763     0.0403    -0.0177     3.2234     0.0000     0.0403 -119.95922   32.41792     100.00          5  0.000e+00
      54716   2279.792    497.671    501.788     6.2615     6.2629  34.196292  34.197995     6.2168     6.2182    34.2899    34.2903    26.9638    26.9640     0.4093     0.4005     12.455     12.187     0.5678     0.5763     0.0403    -0.0177     3.2234     0.0000     0.0403 -119.95922   32.41792     100.00          5  0.000e+00
      54717   2279.833    497.617    501.734     6.2615     6.2626  34.196354  34.198243     6.2168     6.2180    34.2900    34.2909    26.9639    26.9645     0.4093     0.4005     12.455     12.187     0.5678     0.5763     0.0403    -0.0177     3.2234     0.0000     0.0403 -119.95922   32.41792     100.00          5  0.000e+00
      54718   2279.875    497.671    501.788     6.2611     6.2626  34.196292  34.198057     6.2164     6.2179    34.2902    34.2907    26.9641    26.9643     0.4093     0.4005     12.455     12.187     0.5678     0.5763     0.0403    -0.0177     3.2222     0.0000     0.0403 -119.95922   32.41792     100.00          5  0.000e+00
      54719   2279.917    497.624    501.741     6.2615     6.2627  34.196043  34.198430     6.2168     6.2180    34.2896    34.2910    26.9636    26.9646     0.4093     0.4005     12.455     12.187     0.5678     0.5763     0.0403    -0.0177     3.2222     0.0000     0.0403 -119.95922   32.41792     100.00          5  0.000e+00
      54720   2279.958    497.617    501.734     6.2613     6.2628  34.195482  34.198368     6.2166     6.2181    34.2892    34.2909    26.9633    26.9644     0.4093     0.4005     12.455     12.187     0.5678     0.5763     0.0403    -0.0177     3.2222     0.0000     0.0403 -119.95922   32.41792     100.00          5  0.000e+00
      54721   2280.000    497.617    501.734     6.2611     6.2629  34.195793  34.198119     6.2165     6.2182    34.2897    34.2905    26.9637    26.9641     0.4093     0.4072     12.455     12.392     0.5678     0.5775     0.0403    -0.0177     3.2222     0.0000     0.0391 -119.95922   32.41792     100.00          5  0.000e+00
      54722   2280.042    497.617    501.734     6.2608     6.2628  34.196043  34.197994     6.2162     6.2181    34.2902    34.2905    26.9642    26.9641     0.4093     0.4005     12.455     12.187     0.5678     0.5763     0.0403    -0.0177     3.2234     0.0000     0.0403 -119.95922   32.41792     100.00          5  0.000e+00
      54723   2280.083    497.571    501.687     6.2610     6.2627  34.195980  34.197994     6.2163     6.2180    34.2900    34.2906    26.9640    26.9642     0.4093     0.4005     12.455     12.187     0.5678     0.5763     0.0415     0.0129     3.2222     0.0000     0.0403 -119.95922   32.41792     100.00          5  0.000e+00
      54724   2280.125    497.577    501.694     6.2608     6.2628  34.195980  34.197994     6.2162     6.2181    34.2902    34.2905    26.9641    26.9641     0.4093     0.4005     12.455     12.187     0.5678     0.5763     0.0403    -0.0177     3.2222     0.0000     0.0403 -119.95922   32.41792     100.00          5  0.000e+00
      54725   2280.167    497.571    501.687     6.2611     6.2628  34.195980  34.198181     6.2165     6.2181    34.2899    34.2907    26.9639    26.9643     0.4155     0.4005     12.643     12.187     0.5690     0.5763     0.0403    -0.0177     3.2234     0.0000     0.0403 -119.95922   32.41792     100.00          5  0.000e+00
      54726   2280.208    497.524    501.640     6.2608     6.2628  34.195793  34.197870     6.2162     6.2181    34.2900    34.2904    26.9640    26.9640     0.4093     0.4005     12.455     12.187     0.5678     0.5763     0.0403    -0.0177     3.2234     0.0000     0.0403 -119.95922   32.41792     100.00          5  0.000e+00
      54727   2280.250    497.571    501.687     6.2608     6.2627  34.195669  34.198368     6.2162     6.2180    34.2898    34.2910    26.9639    26.9645     0.4093     0.4005     12.455     12.187     0.5678     0.5763     0.0403    -0.0177     3.2234     0.0000     0.0403 -119.95922   32.41792     100.00          5  0.000e+00
      54728   2280.292    497.524    501.640     6.2606     6.2628  34.195856  34.198119     6.2160     6.2181    34.2903    34.2906    26.9642    26.9643     0.4093     0.4005     12.455     12.187     0.5678     0.5763     0.0403    -0.0177     3.2222     0.0000     0.0403 -119.95922   32.41792     100.00          5  0.000e+00
      54729   2280.333    497.477    501.593     6.2606     6.2628  34.195731  34.197745     6.2160     6.2181    34.2902    34.2903    26.9641    26.9639     0.4093     0.4005     12.455     12.187     0.5678     0.5763     0.0403    -0.0177     3.2222     0.0000     0.0403 -119.95922   32.41792     100.00          5  0.000e+00
      54730   2280.375    497.471    501.586     6.2606     6.2627  34.195481  34.197869     6.2160     6.2180    34.2899    34.2905    26.9639    26.9641     0.4093     0.4005     12.455     12.187     0.5678     0.5763     0.0403    -0.0177     3.2234     0.0000     0.0403 -119.95922   32.41792     100.00          5  0.000e+00
      54731   2280.417    497.471    501.586     6.2605     6.2626  34.195357  34.198243     6.2158     6.2180    34.2899    34.2910    26.9639    26.9645     0.4093     0.4005     12.455     12.187     0.5678     0.5763     0.0403    -0.0177     3.2222     0.0000     0.0403 -119.95922   32.41792     100.00          5  0.000e+00
      54732   2280.458    497.471    501.586     6.2603     6.2626  34.195544  34.198056     6.2157     6.2180    34.2902    34.2908    26.9642    26.9644     0.4093     0.4005     12.455     12.187     0.5678     0.5763     0.0403    -0.0177     3.2222     0.0000     0.0403 -119.95922   32.41792     100.00          5  0.000e+00
      54733   2280.500    497.471    501.586     6.2603     6.2629  34.195419  34.198181     6.2157     6.2183    34.2901    34.2906    26.9641    26.9642     0.4093     0.4005     12.455     12.187     0.5678     0.5763     0.0403    -0.0177     3.2222     0.0000     0.0403 -119.95922   32.41792     100.00          5  0.000e+00
      54734   2280.542    497.377    501.492     6.2603     6.2625  34.195419  34.198056     6.2157     6.2179    34.2901    34.2909    26.9642    26.9645     0.4093     0.4005     12.455     12.187     0.5678     0.5763     0.0403    -0.0177     3.2234     0.0000     0.0403 -119.95922   32.41792     100.00          5  0.000e+00
      54735   2280.583    497.424    501.539     6.2602     6.2628  34.195107  34.197994     6.2155     6.2181    34.2900    34.2906    26.9641    26.9642     0.4093     0.4005     12.455     12.187     0.5678     0.5763     0.0403    -0.0177     3.2222     0.0000     0.0403 -119.95922   32.41792     100.00          5  0.000e+00
      54736   2280.625    497.371    501.485     6.2600     6.2628  34.194796  34.197994     6.2154     6.2181    34.2898    34.2906    26.9639    26.9642     0.4093     0.4005     12.455     12.187     0.5678     0.5763     0.0403    -0.0177     3.2234     0.0000     0.0403 -119.95922   32.41792     100.00          5  0.000e+00
      54737   2280.667    497.424    501.539     6.2599     6.2625  34.195170  34.198243     6.2152     6.2179    34.2903    34.2911    26.9644    26.9646     0.4093     0.4005     12.455     12.187     0.5678     0.5763     0.0403    -0.0177     3.2234     0.0000     0.0403 -119.95922   32.41792     100.00          5  0.000e+00
      54738   2280.708    497.371    501.485     6.2597     6.2628  34.194858  34.198305     6.2151     6.2181    34.2902    34.2909    26.9643    26.9645     0.4093     0.4005     12.455     12.187     0.5678     0.5763     0.0403    -0.0177     3.2234     0.0000     0.0403 -119.95922   32.41792     100.00          5  0.000e+00
      54739   2280.750    497.324    501.438     6.2599     6.2626  34.194609  34.197807     6.2152     6.2180    34.2898    34.2905    26.9639    26.9642     0.4093     0.4005     12.455     12.187     0.5678     0.5763     0.0403    -0.0177     3.2234     0.0000     0.0403 -119.95922   32.41792     100.00          5  0.000e+00
      54740   2280.792    497.324    501.438     6.2595     6.2628  34.194671  34.197931     6.2149     6.2181    34.2902    34.2905    26.9643    26.9642     0.4093     0.4005     12.455     12.187     0.5678     0.5763     0.0403    -0.0177     3.2222     0.0000     0.0403 -119.95922   32.41792     100.00          5  0.000e+00
      54741   2280.833    497.271    501.384     6.2597     6.2629  34.194484  34.198242     6.2150     6.2182    34.2898    34.2908    26.9640    26.9644     0.4093     0.4005     12.455     12.187     0.5678     0.5763     0.0403    -0.0177     3.2234     0.0000     0.0403 -119.95922   32.41792     100.00          5  0.000e+00
      54742   2280.875    497.271    501.384     6.2594     6.2628  34.194608  34.198056     6.2147     6.2181    34.2903    34.2907    26.9644    26.9643     0.4093     0.4005     12.455     12.187     0.5678     0.5763     0.0403    -0.0177     3.2234     0.0000     0.0403 -119.95922   32.41792     100.00          5  0.000e+00
      54743   2280.917    497.271    501.384     6.2592     6.2624  34.195045  34.198180     6.2146     6.2178    34.2909    34.2912    26.9649    26.9647     0.4093     0.4005     12.455     12.187     0.5678     0.5763     0.0403    -0.0177     3.2222     0.0000     0.0403 -119.95922   32.41792     100.00          5  0.000e+00
      54744   2280.958    497.278    501.391     6.2592     6.2626  34.194795  34.198056     6.2146     6.2180    34.2907    34.2908    26.9647    26.9644     0.4093     0.4005     12.455     12.187     0.5678     0.5763     0.0403    -0.0177     3.2222     0.0000     0.0403 -119.95922   32.41792     100.00          5  0.000e+00
      54745   2281.000    497.224    501.337     6.2592     6.2625  34.194733  34.197806     6.2146     6.2179    34.2906    34.2907    26.9647    26.9643     0.4093     0.4005     12.455     12.187     0.5678     0.5763     0.0403    -0.0177     3.2234     0.0000     0.0403 -119.95922   32.41792     100.00          5  0.000e+00
