WCOA/WCOA-6/CTD_Data/RB2102_CTD_091_01.ros
* Sea-Bird SBE 9 Data File:
* FileName = C:\Users\scs.user.rb\CTD\RB2102\Data\RB2102_CTD_091_01.hex
* Software Version Seasave V 7.26.7.107
* Temperature SN = 6202
* Conductivity SN = 4907
* Number of Bytes Per Scan = 41
* Number of Voltage Words = 4
* Number of Scans Averaged by the Deck Unit = 1
* NMEA Latitude = 37 47.57 N
* NMEA Longitude = 122 33.73 W
* NMEA UTC (Time) = Jul 12 2021  22:35:58
* NMEA baud rate = 4800
# nquan = 30
# nvalues = 463                                   
# units = specified
# name 0 = scan: Scan Count
# name 1 = timeS: Time, Elapsed [seconds]
# name 2 = depSM: Depth [salt water, m]
# name 3 = prDM: Pressure, Digiquartz [db]
# name 4 = t090C: Temperature [ITS-90, deg C]
# name 5 = t190C: Temperature, 2 [ITS-90, deg C]
# name 6 = c0mS/cm: Conductivity [mS/cm]
# name 7 = c1mS/cm: Conductivity, 2 [mS/cm]
# name 8 = potemp090C: Potential Temperature [ITS-90, deg C]
# name 9 = potemp190C: Potential Temperature, 2 [ITS-90, deg C]
# name 10 = sal00: Salinity, Practical [PSU]
# name 11 = sal11: Salinity, Practical, 2 [PSU]
# name 12 = sigma-é00: Density [sigma-theta, kg/m^3]
# name 13 = sigma-é11: Density, 2 [sigma-theta, kg/m^3]
# name 14 = sbeox0Mg/L: Oxygen, SBE 43 [mg/l]
# name 15 = sbeox1Mg/L: Oxygen, SBE 43, 2 [mg/l]
# name 16 = sbox0Mm/Kg: Oxygen, SBE 43 [umol/kg]
# name 17 = sbox1Mm/Kg: Oxygen, SBE 43, 2 [umol/kg]
# name 18 = sbeox0V: Oxygen raw, SBE 43 [V]
# name 19 = sbeox1V: Oxygen raw, SBE 43, 2 [V]
# name 20 = v4: Voltage 4
# name 21 = flECO-AFL: Fluorescence, WET Labs ECO-AFL/FL [mg/m^3]
# name 22 = v3: Voltage 3
# name 23 = v6: Voltage 6
# name 24 = v7: Voltage 7
# name 25 = longitude: Longitude [deg]
# name 26 = latitude: Latitude [deg]
# name 27 = altM: Altimeter [m]
# name 28 = nbf: Bottles Fired
# name 29 = flag:  0.000e+00
# interval = seconds: 0.0416667
# start_time = Jul 12 2021 22:35:58 [NMEA time, header]
# bad_flag = -9.990e-29
*END*
[from data line 97]
      12807    533.583      9.684      9.757    14.5631    14.5668  40.655953  40.659395    14.5617    14.5654    33.3139    33.3139    24.7663    24.7655     6.9927     7.2208    213.245    220.199     2.2540     2.1868     0.1514     2.7601     3.3370     0.1685     0.1758 -122.56220   37.79250      13.92          3  0.000e+00
      12808    533.625      9.637      9.710    14.5618    14.5666  40.655085  40.659128    14.5603    14.5652    33.3143    33.3138    24.7669    24.7655     6.9977     7.2260    213.396    220.359     2.2552     2.1880     0.1514     2.7601     3.3370     0.1685     0.1758 -122.56220   37.79250      13.92          3  0.000e+00
      12809    533.667      9.697      9.770    14.5599    14.5660  40.654619  40.659062    14.5585    14.5646    33.3154    33.3143    24.7682    24.7660     6.9931     7.2261    213.257    220.363     2.2540     2.1880     0.1502     2.7296     3.3382     0.1685     0.1770 -122.56220   37.79250      13.92          3  0.000e+00
      12810    533.708      9.684      9.757    14.5609    14.5655  40.655420  40.658662    14.5595    14.5640    33.3152    33.3143    24.7679    24.7662     6.9978     7.2210    213.400    220.205     2.2552     2.1868     0.1514     2.7601     3.3394     0.1685     0.1758 -122.56220   37.79250      13.92          3  0.000e+00
      12811    533.750      9.684      9.757    14.5612    14.5649  40.655286  40.658128    14.5598    14.5635    33.3149    33.3143    24.7675    24.7663     6.9978     7.2211    213.399    220.207     2.2552     2.1868     0.1502     2.7296     3.3382     0.1685     0.1758 -122.56220   37.79250      13.99          3  0.000e+00
      12812    533.792      9.684      9.757    14.5609    14.5646  40.655286  40.657995    14.5595    14.5632    33.3151    33.3145    24.7678    24.7665     6.9978     7.2263    213.400    220.369     2.2552     2.1880     0.1514     2.7601     3.3382     0.1673     0.1758 -122.56220   37.79250      14.02          3  0.000e+00
      12813    533.833      9.644      9.717    14.5606    14.5632  40.654952  40.657394    14.5592    14.5618    33.3151    33.3151    24.7678    24.7672     6.9978     7.2265    213.400    220.373     2.2552     2.1880     0.1514     2.7601     3.3382     0.1685     0.1758 -122.56220   37.79250      14.02          3  0.000e+00
      12814    533.875      9.684      9.757    14.5609    14.5629  40.655219  40.657261    14.5595    14.5615    33.3151    33.3153    24.7678    24.7674     6.9930     7.2266    213.253    220.375     2.2540     2.1880     0.1514     2.7601     3.3382     0.1685     0.1770 -122.56220   37.79250      14.02          3  0.000e+00
      12815    533.917      9.637      9.710    14.5613    14.5629  40.655152  40.657261    14.5599    14.5615    33.3147    33.3153    24.7674    24.7675     6.9929     7.2265    213.250    220.374     2.2540     2.1880     0.1502     2.7296     3.3394     0.1685     0.1758 -122.56220   37.79250      14.02          3  0.000e+00
      12816    533.958      9.684      9.757    14.5619    14.5634  40.655553  40.657461    14.5605    14.5620    33.3145    33.3150    24.7671    24.7671     6.9977     7.2265    213.396    220.373     2.2552     2.1880     0.1514     2.7601     3.3370     0.1685     0.1770 -122.56220   37.79250      14.02          3  0.000e+00
      12817    534.000      9.697      9.770    14.5621    14.5641  40.655486  40.657861    14.5607    14.5626    33.3143    33.3148    24.7669    24.7668     6.9977     7.2264    213.396    220.371     2.2552     2.1880     0.1514     2.7601     3.3370     0.1685     0.1770 -122.56220   37.79250      13.99          3  0.000e+00
      12818    534.042      9.637      9.710    14.5629    14.5644  40.655886  40.658195    14.5615    14.5630    33.3140    33.3148    24.7665    24.7668     6.9976     7.2263    213.392    220.368     2.2552     2.1880     0.1502     2.7296     3.3394     0.1685     0.1758 -122.56220   37.79250      13.99          3  0.000e+00
      12819    534.083      9.684      9.757    14.5641    14.5653  40.656420  40.658729    14.5627    14.5639    33.3134    33.3146    24.7658    24.7664     6.9974     7.2262    213.388    220.365     2.2552     2.1880     0.1502     2.7296     3.3382     0.1685     0.1758 -122.56220   37.79250      13.99          3  0.000e+00
      12820    534.125      9.637      9.710    14.5655    14.5659  40.656954  40.659262    14.5641    14.5645    33.3128    33.3145    24.7650    24.7662     6.9972     7.2261    213.382    220.361     2.2552     2.1880     0.1514     2.7601     3.3370     0.1685     0.1770 -122.56220   37.79250      13.99          3  0.000e+00
      12821    534.167      9.644      9.717    14.5673    14.5668  40.657755  40.659595    14.5659    14.5654    33.3119    33.3141    24.7640    24.7657     6.9970     7.2260    213.376    220.358     2.2552     2.1880     0.1502     2.7296     3.3370     0.1685     0.1770 -122.56220   37.79250      13.99          3  0.000e+00
      12822    534.208      9.684      9.757    14.5678    14.5673  40.658089  40.659929    14.5664    14.5659    33.3118    33.3139    24.7637    24.7655     6.9970     7.2259    213.375    220.357     2.2552     2.1880     0.1514     2.7601     3.3394     0.1685     0.1770 -122.56220   37.79250      13.99          3  0.000e+00
      12823    534.250      9.637      9.710    14.5685    14.5675  40.658355  40.659795    14.5671    14.5661    33.3115    33.3136    24.7633    24.7652     6.9969     7.2259    213.371    220.355     2.2552     2.1880     0.1514     2.7601     3.3370     0.1685     0.1770 -122.56220   37.79250      13.94          3  0.000e+00
      12824    534.292      9.637      9.710    14.5673    14.5675  40.657554  40.659929    14.5659    14.5661    33.3118    33.3138    24.7638    24.7653     6.9970     7.2259    213.376    220.355     2.2552     2.1880     0.1514     2.7601     3.3394     0.1697     0.1770 -122.56220   37.79250      13.92          3  0.000e+00
      12825    534.333      9.644      9.717    14.5653    14.5682  40.657087  40.659795    14.5639    14.5668    33.3131    33.3130    24.7652    24.7646     6.9973     7.2258    213.383    220.353     2.2552     2.1880     0.1514     2.7601     3.3394     0.1697     0.1770 -122.56220   37.79250      13.92          3  0.000e+00
      12826    534.375      9.637      9.710    14.5640    14.5678  40.655886  40.659729    14.5626    14.5664    33.3131    33.3133    24.7655    24.7649     6.9974     7.2259    213.388    220.354     2.2552     2.1880     0.1514     2.7601     3.3394     0.1697     0.1770 -122.56220   37.79250      13.92          3  0.000e+00
      12827    534.417      9.684      9.757    14.5624    14.5675  40.655887  40.659195    14.5610    14.5661    33.3144    33.3131    24.7669    24.7648     6.9976     7.2312    213.394    220.517     2.2552     2.1893     0.1514     2.7601     3.3382     0.1697     0.1770 -122.56220   37.79250      13.89          3  0.000e+00
      12828    534.458      9.637      9.710    14.5621    14.5673  40.655886  40.659395    14.5607    14.5659    33.3147    33.3134    24.7672    24.7651     6.9976     7.2312    213.394    220.516     2.2552     2.1893     0.1514     2.7601     3.3394     0.1697     0.1770 -122.56220   37.79250      13.92          3  0.000e+00
      12829    534.500      9.644      9.717    14.5629    14.5666  40.655953  40.659128    14.5615    14.5652    33.3141    33.3138    24.7665    24.7655     6.9976     7.2313    213.392    220.519     2.2552     2.1893     0.1514     2.7601     3.3394     0.1697     0.1770 -122.56220   37.79250      13.97          3  0.000e+00
      12830    534.542      9.637      9.710    14.5646    14.5666  40.656687  40.659062    14.5632    14.5652    33.3133    33.3137    24.7656    24.7655     6.9973     7.2313    213.385    220.519     2.2552     2.1893     0.1526     2.7906     3.3370     0.1697     0.1770 -122.56220   37.79250      13.99          4  0.000e+00
      12831    534.583      9.637      9.710    14.5678    14.5666  40.659156  40.659262    14.5664    14.5652    33.3128    33.3139    24.7645    24.7656     7.0017     7.2312    213.520    220.518     2.2564     2.1893     0.1514     2.7601     3.3382     0.1697     0.1770 -122.56220   37.79250      14.02          4  0.000e+00
      12832    534.625      9.637      9.710    14.5712    14.5680  40.660825  40.659862    14.5698    14.5666    33.3114    33.3133    24.7627    24.7649     7.0013     7.2311    213.507    220.513     2.2564     2.1893     0.1514     2.7601     3.3382     0.1697     0.1770 -122.56220   37.79250      14.02          4  0.000e+00
      12833    534.667      9.644      9.717    14.5749    14.5681  40.662026  40.659795    14.5734    14.5667    33.3094    33.3131    24.7604    24.7647     7.0009     7.2311    213.494    220.513     2.2564     2.1893     0.1514     2.7601     3.3382     0.1697     0.1770 -122.56220   37.79250      14.02          4  0.000e+00
      12834    534.708      9.637      9.710    14.5769    14.5683  40.662760  40.659729    14.5755    14.5669    33.3083    33.3129    24.7591    24.7645     7.0006     7.2363    213.487    220.672     2.2564     2.1905     0.1514     2.7601     3.3382     0.1697     0.1770 -122.56220   37.79250      13.99          4  0.000e+00
      12835    534.750      9.637      9.710    14.5774    14.5681  40.662493  40.659462    14.5760    14.5667    33.3076    33.3128    24.7584    24.7644     7.0006     7.2311    213.485    220.513     2.2564     2.1893     0.1514     2.7601     3.3382     0.1697     0.1770 -122.56220   37.79250      13.85          4  0.000e+00
      12836    534.792      9.637      9.710    14.5775    14.5685  40.662559  40.659395    14.5761    14.5671    33.3075    33.3124    24.7584    24.7641     7.0006     7.2310    213.485    220.512     2.2564     2.1893     0.1514     2.7601     3.3382     0.1697     0.1770 -122.56220   37.79250      13.70          4  0.000e+00
      12837    534.833      9.598      9.670    14.5776    14.5688  40.662292  40.660396    14.5762    14.5674    33.3072    33.3131    24.7581    24.7645     7.0005     7.2309    213.484    220.508     2.2564     2.1893     0.1514     2.7601     3.3382     0.1697     0.1770 -122.56220   37.79250      13.68          4  0.000e+00
      12838    534.875      9.637      9.710    14.5775    14.5694  40.662559  40.660129    14.5761    14.5679    33.3075    33.3124    24.7584    24.7638     7.0006     7.2309    213.485    220.508     2.2564     2.1893     0.1514     2.7601     3.3382     0.1697     0.1770 -122.56220   37.79250      13.70          4  0.000e+00
      12839    534.917      9.637      9.710    14.5775    14.5694  40.662559  40.660329    14.5761    14.5679    33.3075    33.3125    24.7584    24.7640     7.0006     7.2361    213.485    220.667     2.2564     2.1905     0.1514     2.7601     3.3382     0.1697     0.1770 -122.56220   37.79250      13.70          4  0.000e+00
      12840    534.958      9.637      9.710    14.5761    14.5694  40.662359  40.660462    14.5746    14.5679    33.3086    33.3127    24.7595    24.7641     7.0007     7.2361    213.490    220.667     2.2564     2.1905     0.1514     2.7601     3.3382     0.1697     0.1770 -122.56220   37.79250      13.70          4  0.000e+00
      12841    535.000      9.644      9.717    14.5732    14.5697  40.661158  40.660662    14.5718    14.5682    33.3100    33.3126    24.7612    24.7639     6.9963     7.2361    213.353    220.666     2.2552     2.1905     0.1526     2.7906     3.3382     0.1697     0.1770 -122.56220   37.79250      13.75          4  0.000e+00
      12842    535.042      9.637      9.710    14.5703    14.5712  40.659623  40.660996    14.5689    14.5698    33.3110    33.3115    24.7626    24.7628     7.0014     7.2359    213.511    220.660     2.2564     2.1905     0.1514     2.7601     3.3382     0.1697     0.1770 -122.56220   37.79250      13.75          4  0.000e+00
      12843    535.083      9.584      9.657    14.5682    14.5719  40.659023  40.661329    14.5668    14.5705    33.3124    33.3113    24.7641    24.7625     7.0017     7.2357    213.517    220.656     2.2564     2.1905     0.1526     2.7906     3.3382     0.1697     0.1783 -122.56220   37.79250      13.77          4  0.000e+00
      12844    535.125      9.637      9.710    14.5675    14.5720  40.658355  40.661463    14.5661    14.5706    33.3123    33.3113    24.7642    24.7624     7.0018     7.2358    213.522    220.657     2.2564     2.1905     0.1514     2.7601     3.3382     0.1697     0.1770 -122.56220   37.79250      13.77          4  0.000e+00
      12845    535.167      9.644      9.717    14.5663    14.5717  40.657888  40.661196    14.5649    14.5703    33.3129    33.3113    24.7649    24.7625     6.9971     7.2358    213.379    220.658     2.2552     2.1905     0.1514     2.7601     3.3382     0.1697     0.1770 -122.56220   37.79250      13.75          4  0.000e+00
      12846    535.208      9.637      9.710    14.5650    14.5717  40.656620  40.661663    14.5635    14.5703    33.3129    33.3117    24.7652    24.7629     7.0021     7.2358    213.532    220.658     2.2564     2.1905     0.1514     2.7601     3.3382     0.1697     0.1783 -122.56220   37.79250      13.75          4  0.000e+00
      12847    535.250      9.637      9.710    14.5641    14.5724  40.656821  40.661930    14.5627    14.5710    33.3138    33.3114    24.7661    24.7624     7.0022     7.2357    213.534    220.655     2.2564     2.1905     0.1514     2.7601     3.3394     0.1697     0.1770 -122.56220   37.79250      13.72          4  0.000e+00
      12848    535.292      9.584      9.657    14.5629    14.5736  40.656420  40.662396    14.5615    14.5722    33.3145    33.3108    24.7669    24.7618     6.9975     7.2355    213.390    220.649     2.2552     2.1905     0.1514     2.7601     3.3382     0.1697     0.1770 -122.56220   37.79250      13.70          4  0.000e+00
      12849    535.333      9.644      9.717    14.5624    14.5746  40.656621  40.662530    14.5610    14.5731    33.3151    33.3101    24.7674    24.7610     6.9976     7.2354    213.392    220.647     2.2552     2.1905     0.1514     2.7601     3.3382     0.1697     0.1770 -122.56220   37.79250      13.70          4  0.000e+00
      12850    535.375      9.637      9.710    14.5623    14.5751  40.656354  40.662797    14.5609    14.5737    33.3150    33.3099    24.7674    24.7607     6.9976     7.2353    213.393    220.645     2.2552     2.1905     0.1514     2.7601     3.3382     0.1697     0.1783 -122.56220   37.79250      13.70          4  0.000e+00
      12851    535.417      9.637      9.710    14.5633    14.5754  40.656620  40.662930    14.5619    14.5740    33.3143    33.3097    24.7667    24.7605     6.9975     7.2353    213.390    220.643     2.2552     2.1905     0.1502     2.7296     3.3382     0.1697     0.1783 -122.56220   37.79250      13.70          4  0.000e+00
      12852    535.458      9.637      9.710    14.5643    14.5752  40.657154  40.662930    14.5629    14.5738    33.3140    33.3099    24.7662    24.7607     6.9974     7.2353    213.386    220.644     2.2552     2.1905     0.1490     2.6991     3.3382     0.1697     0.1783 -122.56220   37.79250      13.70          4  0.000e+00
      12853    535.500      9.644      9.717    14.5644    14.5749  40.657355  40.663130    14.5630    14.5735    33.3140    33.3103    24.7662    24.7611     6.9973     7.2354    213.385    220.645     2.2552     2.1905     0.1490     2.6991     3.3382     0.1697     0.1783 -122.56220   37.79250      13.75          4  0.000e+00
      12854    535.542      9.637      9.710    14.5651    14.5754  40.657822  40.662997    14.5637    14.5740    33.3139    33.3098    24.7659    24.7605     6.9972     7.2353    213.382    220.643     2.2552     2.1905     0.1490     2.6991     3.3382     0.1697     0.1783 -122.56220   37.79250      13.80          4  0.000e+00
