WCOA/WCOA-6/CTD_Data/RB2102_CTD_044_01.ros
* Sea-Bird SBE 9 Data File:
* FileName = C:\Users\scs.user.rb\CTD\RB2102\Data\RB2102_CTD_044_01.hex
* Software Version Seasave V 7.26.7.107
* Temperature SN = 6202
* Conductivity SN = 4907
* Number of Bytes Per Scan = 41
* Number of Voltage Words = 4
* Number of Scans Averaged by the Deck Unit = 1
* NMEA Latitude = 45 54.98 N
* NMEA Longitude = 124 05.17 W
* NMEA UTC (Time) = Jul 03 2021  04:26:23
* NMEA baud rate = 4800
# nquan = 30
# nvalues = 1176                                  
# units = specified
# name 0 = scan: Scan Count
# name 1 = timeS: Time, Elapsed [seconds]
# name 2 = depSM: Depth [salt water, m]
# name 3 = prDM: Pressure, Digiquartz [db]
# name 4 = t090C: Temperature [ITS-90, deg C]
# name 5 = t190C: Temperature, 2 [ITS-90, deg C]
# name 6 = c0mS/cm: Conductivity [mS/cm]
# name 7 = c1mS/cm: Conductivity, 2 [mS/cm]
# name 8 = potemp090C: Potential Temperature [ITS-90, deg C]
# name 9 = potemp190C: Potential Temperature, 2 [ITS-90, deg C]
# name 10 = sal00: Salinity, Practical [PSU]
# name 11 = sal11: Salinity, Practical, 2 [PSU]
# name 12 = sigma-é00: Density [sigma-theta, kg/m^3]
# name 13 = sigma-é11: Density, 2 [sigma-theta, kg/m^3]
# name 14 = sbeox0Mg/L: Oxygen, SBE 43 [mg/l]
# name 15 = sbeox1Mg/L: Oxygen, SBE 43, 2 [mg/l]
# name 16 = sbox0Mm/Kg: Oxygen, SBE 43 [umol/kg]
# name 17 = sbox1Mm/Kg: Oxygen, SBE 43, 2 [umol/kg]
# name 18 = sbeox0V: Oxygen raw, SBE 43 [V]
# name 19 = sbeox1V: Oxygen raw, SBE 43, 2 [V]
# name 20 = v4: Voltage 4
# name 21 = flECO-AFL: Fluorescence, WET Labs ECO-AFL/FL [mg/m^3]
# name 22 = v3: Voltage 3
# name 23 = v6: Voltage 6
# name 24 = v7: Voltage 7
# name 25 = longitude: Longitude [deg]
# name 26 = latitude: Latitude [deg]
# name 27 = altM: Altimeter [m]
# name 28 = nbf: Bottles Fired
# name 29 = flag:  0.000e+00
# interval = seconds: 0.0416667
# start_time = Jul 03 2021 04:26:23 [NMEA time, header]
# bad_flag = -9.990e-29
*END*
[from data line 532]
      32416   1350.625     20.533     20.704    10.8811    10.8080  36.776087  36.740701    10.8787    10.8056    32.8435    32.8739    25.1179    25.1544     7.0801     7.2864    215.834    222.115     2.1331     2.0586     0.3956     8.8651     3.3199     1.2882     0.0000 -124.08752   45.91630      58.93         11  0.000e+00
      32417   1350.667     20.527     20.698    10.8801    10.8110  36.776985  36.742302    10.8777    10.8086    32.8452    32.8728    25.1195    25.1531     7.0801     7.2859    215.835    222.101     2.1331     2.0586     0.3956     8.8651     3.3175     1.2894     0.0000 -124.08752   45.91630      58.97         11  0.000e+00
      32418   1350.708     20.580     20.751    10.8794    10.8136  36.780128  36.743263    10.8770    10.8111    32.8490    32.8714    25.1225    25.1515     7.0749     7.2856    215.674    222.092     2.1319     2.0586     0.3956     8.8651     3.3175     1.2882     0.0000 -124.08752   45.91630      59.00         11  0.000e+00
      32419   1350.750     20.527     20.698    10.8788    10.8147  36.785001  36.743134    10.8763    10.8122    32.8544    32.8703    25.1269    25.1505     7.0747     7.2797    215.668    221.912     2.1319     2.0574     0.3956     8.8651     3.3199     1.2882     0.0000 -124.08752   45.91630      59.00         11  0.000e+00
      32420   1350.792     20.534     20.704    10.8783    10.8134  36.788080  36.740956    10.8758    10.8110    32.8579    32.8693    25.1297    25.1499     7.0799     7.2799    215.825    221.920     2.1331     2.0574     0.3956     8.8651     3.3175     1.2894     0.0000 -124.08752   45.91630      59.00         11  0.000e+00
      32421   1350.833     20.527     20.698    10.8768    10.8112  36.790581  36.739291    10.8744    10.8088    32.8617    32.8696    25.1329    25.1506     7.0747     7.2746    215.666    221.756     2.1319     2.0562     0.3956     8.8651     3.3199     1.2857     0.0000 -124.08752   45.91630      59.00         11  0.000e+00
      32422   1350.875     20.534     20.705    10.8814    10.8097  36.794364  36.738587    10.8790    10.8072    32.8613    32.8703    25.1318    25.1513     7.0740     7.2748    215.645    221.763     2.1319     2.0562     0.3956     8.8651     3.3187     1.2845     0.0000 -124.08752   45.91630      59.00         11  0.000e+00
      35718   1488.208     10.661     10.749    11.3825    11.6339  36.639830  36.713603    11.3812    11.6326    32.2695    32.1228    24.5822    24.4228     8.5173     8.7397    259.784    266.610     2.4847     2.3980     0.1526     2.7906     3.3126     1.1526     0.0000 -124.08780   45.91626      69.13         12  0.000e+00
      35719   1488.250     10.760     10.849    11.4082    11.5826  36.633808  36.708423    11.4069    11.5812    32.2411    32.1623    24.5555    24.4628     8.5089     8.7536    259.534    267.022     2.4835     2.3993     0.1526     2.7906     3.3138     1.1526     0.0000 -124.08780   45.91626      69.16         12  0.000e+00
      35720   1488.292     10.668     10.756    11.3993    11.5453  36.618380  36.713037    11.3980    11.5440    32.2338    32.1991    24.5515    24.4982     8.5109     8.7533    259.595    267.004     2.4835     2.3980     0.1526     2.7906     3.3138     1.1526     0.0000 -124.08780   45.91626      69.13         12  0.000e+00
      35721   1488.333     10.707     10.796    11.3800    11.5168  36.606477  36.705421    11.3787    11.5155    32.2390    32.2165    24.5590    24.5168     8.5091     8.7638    259.538    267.318     2.4823     2.3993     0.1526     2.7906     3.3138     1.1526     0.0000 -124.08780   45.91626      69.16         12  0.000e+00
      35722   1488.375     10.615     10.703    11.3659    11.4900  36.600078  36.686856    11.3646    11.4887    32.2451    32.2218    24.5663    24.5258     8.5113     8.7688    259.605    267.469     2.4823     2.3993     0.1526     2.7906     3.3138     1.1526     0.0000 -124.08780   45.91626      69.16         12  0.000e+00
      35723   1488.417     10.767     10.856    11.3558    11.4682  36.600207  36.675145    11.3545    11.4668    32.2540    32.2293    24.5749    24.5355     8.5077     8.7730    259.492    267.593     2.4811     2.3993     0.1526     2.7906     3.3138     1.1526     0.0000 -124.08780   45.91626      69.16         12  0.000e+00
      35724   1488.458     10.661     10.749    11.3442    11.4577  36.593936  36.669833    11.3429    11.4564    32.2580    32.2332    24.5802    24.5405     8.5095     8.7747    259.547    267.646     2.4811     2.3993     0.1526     2.7906     3.3126     1.1526     0.0000 -124.08780   45.91626      69.18         12  0.000e+00
      35725   1488.500     10.807     10.896    11.3351    11.4491  36.593618  36.661962    11.3337    11.4478    32.2656    32.2330    24.5877    24.5418     8.5110     8.7766    259.590    267.704     2.4811     2.3993     0.1526     2.7906     3.3126     1.1526     0.0000 -124.08780   45.91626      69.21         12  0.000e+00
      35726   1488.542     10.707     10.796    11.3295    11.4347  36.596946  36.651659    11.3282    11.4334    32.2738    32.2355    24.5951    24.5464     8.5115     8.7793    259.603    267.784     2.4811     2.3993     0.1526     2.7906     3.3138     1.1526     0.0000 -124.08780   45.91626      69.21         12  0.000e+00
      35727   1488.583     10.767     10.856    11.3225    11.4199  36.594387  36.640015    11.3212    11.4186    32.2774    32.2370    24.5991    24.5502     8.5075     8.7879    259.480    268.046     2.4799     2.4005     0.1526     2.7906     3.3126     1.1526     0.0000 -124.08780   45.91626      69.21         12  0.000e+00
      35728   1488.625     10.707     10.796    11.3156    11.4026  36.590356  36.628244    11.3143    11.4012    32.2795    32.2406    24.6019    24.5562     8.5034     8.7855    259.354    267.971     2.4786     2.3993     0.1526     2.7906     3.3138     1.1526     0.0000 -124.08780   45.91626      69.21         12  0.000e+00
      35729   1488.667     10.807     10.896    11.3105    11.3866  36.588885  36.621720    11.3092    11.3853    32.2824    32.2481    24.6052    24.5649     8.5043     8.7884    259.381    268.058     2.4786     2.3993     0.1526     2.7906     3.3138     1.1526     0.0000 -124.08780   45.91626      69.16         12  0.000e+00
      35730   1488.708     10.767     10.856    11.3071    11.3748  36.584278  36.620762    11.3058    11.3735    32.2809    32.2575    24.6046    24.5743     8.5050     8.7959    259.402    268.284     2.4786     2.4005     0.1526     2.7906     3.3126     1.1526     0.0000 -124.08780   45.91626      69.11         12  0.000e+00
      35731   1488.750     10.853     10.943    11.3062    11.3672  36.555295  36.618908    11.3049    11.3659    32.2532    32.2623    24.5832    24.5794     8.5015     8.7973    259.302    268.324     2.4774     2.4005     0.1526     2.7906     3.3126     1.1526     0.0000 -124.08780   45.91626      69.11         12  0.000e+00
      35732   1488.792     10.760     10.850    11.3028    11.3639  36.537832  36.619036    11.3015    11.3626    32.2391    32.2654    24.5729    24.5824     8.4976     8.7977    259.185    268.336     2.4762     2.4005     0.1526     2.7906     3.3126     1.1526     0.0000 -124.08778   45.91626      69.11         12  0.000e+00
      35733   1488.833     10.807     10.896    11.2993    11.3655  36.543653  36.622874    11.2980    11.3642    32.2478    32.2677    24.5803    24.5839     8.4926     8.7973    259.031    268.323     2.4750     2.4005     0.1526     2.7906     3.3126     1.1526     0.0000 -124.08778   45.91626      69.11         12  0.000e+00
      35734   1488.875     10.813     10.903    11.2970    11.3710  36.526513  36.628184    11.2957    11.3697    32.2330    32.2681    24.5692    24.5832     8.4939     8.7962    259.072    268.288     2.4750     2.4005     0.1526     2.7906     3.3138     1.1514     0.0000 -124.08778   45.91626      69.11         12  0.000e+00
      35735   1488.917     10.807     10.896    11.2957    11.3777  36.543334  36.633430    11.2944    11.3764    32.2507    32.2674    24.5832    24.5814     8.4879     8.7948    258.888    268.249     2.4737     2.4005     0.1526     2.7906     3.3114     1.1514     0.0000 -124.08778   45.91626      69.21         12  0.000e+00
      35736   1488.958     10.853     10.943    11.2941    11.3827  36.548068  36.632597    11.2928    11.3814    32.2567    32.2622    24.5881    24.5765     8.4880     8.7942    258.887    268.229     2.4737     2.4005     0.1526     2.7906     3.3126     1.1514     0.0000 -124.08778   45.91626      69.28         12  0.000e+00
      35737   1489.000     10.813     10.903    11.2935    11.3830  36.543014  36.619674    11.2922    11.3817    32.2523    32.2493    24.5848    24.5664     8.4831     8.7948    258.738    268.251     2.4725     2.4005     0.1526     2.7906     3.3114     1.1514     0.0000 -124.08778   45.91626      69.28         12  0.000e+00
      35738   1489.042     10.853     10.943    11.2969    11.3690  36.552097  36.605986    11.2955    11.3677    32.2583    32.2481    24.5888    24.5680     8.4822     8.7921    258.710    268.167     2.4725     2.3993     0.1526     2.7906     3.3126     1.1514     0.0000 -124.08778   45.91626      69.28         12  0.000e+00
      35739   1489.083     10.853     10.943    11.3003    11.3518  36.491282  36.598889    11.2990    11.3505    32.1956    32.2562    24.5395    24.5773     8.4797     8.7951    258.646    268.258     2.4713     2.3993     0.1502     2.7296     3.3138     1.1514     0.0000 -124.08778   45.91626      69.28         12  0.000e+00
      35740   1489.125     10.906     10.997    11.3039    11.3376  36.514874  36.595821    11.3026    11.3362    32.2155    32.2655    24.5543    24.5872     8.4780     8.7975    258.590    268.329     2.4713     2.3993     0.1490     2.6991     3.3126     1.1514     0.0000 -124.08778   45.91626      69.28         12  0.000e+00
      35741   1489.167     10.866     10.957    11.3071    11.3303  36.567002  36.594798    11.3058    11.3289    32.2639    32.2710    24.5914    24.5927     8.4747     8.7987    258.482    268.362     2.4713     2.3993     0.1490     2.6991     3.3126     1.1526     0.0000 -124.08778   45.91626      69.08         12  0.000e+00
      35742   1489.208     10.853     10.943    11.3102    11.3249  36.579031  36.592240    11.3089    11.3236    32.2730    32.2731    24.5979    24.5953     8.4684     8.7996    258.289    268.390     2.4701     2.3993     0.1490     2.6991     3.3126     1.1514     0.0000 -124.08778   45.91626      68.94         12  0.000e+00
      35743   1489.250     10.906     10.997    11.3123    11.3190  36.582422  36.590195    11.3110    11.3177    32.2745    32.2763    24.5987    24.5989     8.4680     8.7950    258.276    268.250     2.4701     2.3980     0.1477     2.6685     3.3138     1.1514     0.0000 -124.08778   45.91626      68.94         12  0.000e+00
      35744   1489.292     10.913     11.003    11.3205    11.3140  36.604052  36.589300    11.3192    11.3127    32.2885    32.2798    24.6081    24.6025     8.4657     8.7959    258.204    268.274     2.4701     2.3980     0.1490     2.6991     3.3138     1.1514     0.0000 -124.08778   45.91626      68.94         12  0.000e+00
      35745   1489.333     10.906     10.997    11.3541    11.3102  36.634135  36.587702    11.3528    11.3088    32.2886    32.2816    24.6022    24.6045     8.4542     8.7965    257.854    268.294     2.4689     2.3980     0.1490     2.6991     3.3138     1.1514     0.0000 -124.08778   45.91626      68.96         12  0.000e+00
      35746   1489.375     10.906     10.997    11.3787    11.3067  36.639703  36.585272    11.3774    11.3053    32.2726    32.2822    24.5853    24.6057     8.4505     8.7972    257.744    268.314     2.4689     2.3980     0.1490     2.6991     3.3126     1.1514     0.0000 -124.08778   45.91626      68.94         12  0.000e+00
      35747   1489.417     10.913     11.003    11.3932    11.3035  36.638485  36.582203    11.3919    11.3022    32.2588    32.2820    24.5719    24.6061     8.4485     8.7922    257.687    268.161     2.4689     2.3968     0.1490     2.6991     3.3126     1.1514     0.0000 -124.08778   45.91626      68.99         12  0.000e+00
      35748   1489.458     10.953     11.043    11.4053    11.3009  36.646551  36.579454    11.4039    11.2996    32.2561    32.2816    24.5677    24.6062     8.4412     8.7871    257.467    268.007     2.4676     2.3956     0.1490     2.6991     3.3126     1.1526     0.0000 -124.08778   45.91626      69.01         12  0.000e+00
      35749   1489.500     10.906     10.997    11.4105    11.2989  36.655067  36.577088    11.4092    11.2976    32.2598    32.2810    24.5697    24.6061     8.4400     8.7875    257.428    268.018     2.4676     2.3956     0.1477     2.6685     3.3138     1.1514     0.0000 -124.08778   45.91626      69.01         12  0.000e+00
      35750   1489.542     10.953     11.043    11.4104    11.2971  36.650201  36.575106    11.4090    11.2957    32.2552    32.2806    24.5661    24.6062     8.4403     8.7879    257.439    268.032     2.4676     2.3956     0.1490     2.6991     3.3126     1.1514     0.0000 -124.08778   45.91626      69.01         12  0.000e+00
      35751   1489.583     10.966     11.057    11.4024    11.2949  36.647128  36.573060    11.4011    11.2936    32.2591    32.2805    24.5706    24.6065     8.4416     8.7827    257.477    267.873     2.4676     2.3944     0.1490     2.6991     3.3126     1.1514     0.0000 -124.08778   45.91626      69.01         12  0.000e+00
      35752   1489.625     10.953     11.043    11.4346    11.2934  36.682990  36.570439    11.4332    11.2921    32.2661    32.2793    24.5702    24.6058     8.4352     8.7774    257.283    267.711     2.4676     2.3932     0.1490     2.6991     3.3126     1.1514     0.0000 -124.08778   45.91626      69.01         12  0.000e+00
      35753   1489.667     10.953     11.043    11.4969    11.2929  36.733988  36.570247    11.4955    11.2916    32.2617    32.2795    24.5555    24.6061     8.4239     8.7775    256.940    267.714     2.4676     2.3932     0.1490     2.6991     3.3126     1.1526     0.0000 -124.08778   45.91626      68.91         12  0.000e+00
      35754   1489.708     10.966     11.057    11.5515    11.2931  36.763791  36.571909    11.5502    11.2917    32.2431    32.2810    24.5312    24.6072     8.4095     8.7774    256.509    267.710     2.4664     2.3932     0.1490     2.6991     3.3126     1.1514     0.0000 -124.08778   45.91626      68.84         12  0.000e+00
      35755   1489.750     10.953     11.044    11.5886    11.2942  36.775520  36.572613    11.5872    11.2928    32.2223    32.2807    24.5084    24.6068     8.4037     8.7772    256.338    267.704     2.4664     2.3932     0.1490     2.6991     3.3126     1.1526     0.0000 -124.08778   45.91626      68.84         12  0.000e+00
      35756   1489.792     11.006     11.097    11.6112    11.2953  36.779878  36.573444    11.6098    11.2939    32.2069    32.2806    24.4923    24.6065     8.4004     8.7714    256.241    267.526     2.4664     2.3919     0.1490     2.6991     3.3126     1.1514     0.0000 -124.08778   45.91628      68.84         12  0.000e+00
      35757   1489.833     11.006     11.097    11.6242    11.2969  36.783403  36.574659    11.6229    11.2956    32.1990    32.2803    24.4837    24.6060     8.3933     8.7710    256.025    267.516     2.4652     2.3919     0.1490     2.6991     3.3126     1.1526     0.0000 -124.08778   45.91628      68.84         12  0.000e+00
      35758   1489.875     11.012     11.104    11.6326    11.2987  36.785262  36.575682    11.6313    11.2974    32.1935    32.2797    24.4780    24.6052     8.3920     8.7707    255.988    267.507     2.4652     2.3919     0.1490     2.6991     3.3126     1.1526     0.0000 -124.08778   45.91628      68.84         12  0.000e+00
