WCOA/WCOA-6/CTD_Data/RB2102_CTD_002_01.ros
* Sea-Bird SBE 9 Data File:
* FileName = C:\Users\scs.user.rb\CTD\RB2102\Data\RB2102_CTD_002_01.hex
* Software Version Seasave V 7.26.7.107
* Temperature SN = 6202
* Conductivity SN = 4907
* Number of Bytes Per Scan = 41
* Number of Voltage Words = 4
* Number of Scans Averaged by the Deck Unit = 1
* NMEA Latitude = 51 42.56 N
* NMEA Longitude = 130 38.01 W
* NMEA UTC (Time) = Jun 25 2021  13:13:35
* NMEA baud rate = 4800
# nquan = 30
# nvalues = 1176                                  
# units = specified
# name 0 = scan: Scan Count
# name 1 = timeS: Time, Elapsed [seconds]
# name 2 = depSM: Depth [salt water, m]
# name 3 = prDM: Pressure, Digiquartz [db]
# name 4 = t090C: Temperature [ITS-90, deg C]
# name 5 = t190C: Temperature, 2 [ITS-90, deg C]
# name 6 = c0mS/cm: Conductivity [mS/cm]
# name 7 = c1mS/cm: Conductivity, 2 [mS/cm]
# name 8 = potemp090C: Potential Temperature [ITS-90, deg C]
# name 9 = potemp190C: Potential Temperature, 2 [ITS-90, deg C]
# name 10 = sal00: Salinity, Practical [PSU]
# name 11 = sal11: Salinity, Practical, 2 [PSU]
# name 12 = sigma-é00: Density [sigma-theta, kg/m^3]
# name 13 = sigma-é11: Density, 2 [sigma-theta, kg/m^3]
# name 14 = sbeox0Mg/L: Oxygen, SBE 43 [mg/l]
# name 15 = sbeox1Mg/L: Oxygen, SBE 43, 2 [mg/l]
# name 16 = sbox0Mm/Kg: Oxygen, SBE 43 [umol/kg]
# name 17 = sbox1Mm/Kg: Oxygen, SBE 43, 2 [umol/kg]
# name 18 = sbeox0V: Oxygen raw, SBE 43 [V]
# name 19 = sbeox1V: Oxygen raw, SBE 43, 2 [V]
# name 20 = v4: Voltage 4
# name 21 = flECO-AFL: Fluorescence, WET Labs ECO-AFL/FL [mg/m^3]
# name 22 = v3: Voltage 3
# name 23 = v6: Voltage 6
# name 24 = v7: Voltage 7
# name 25 = longitude: Longitude [deg]
# name 26 = latitude: Latitude [deg]
# name 27 = altM: Altimeter [m]
# name 28 = nbf: Bottles Fired
# name 29 = flag:  0.000e+00
# interval = seconds: 0.0416667
# start_time = Jun 25 2021 13:13:35 [NMEA time, header]
# bad_flag = -9.990e-29
*END*
[from data line 1064]
     154491   6437.083      3.654      3.686     9.8671     9.8757  35.070486  35.077095     9.8667     9.8753    32.0435    32.0425    24.6661    24.6639     9.0336     8.6630    275.507    264.206     2.5336     2.3065     0.0794     0.9591     3.2186     1.0476     1.5360 -130.64436   51.71592      64.37         22  0.000e+00
     154492   6437.125      3.706      3.739     9.8650     9.8755  35.069417  35.077095     9.8646     9.8751    32.0443    32.0427    24.6670    24.6641     9.0394     8.6689    275.685    264.387     2.5348     2.3077     0.0806     0.9897     3.2186     1.0476     1.5372 -130.64436   51.71592      64.37         22  0.000e+00
     154493   6437.167      3.706      3.739     9.8644     9.8758  35.069039  35.077409     9.8640     9.8754    32.0444    32.0428    24.6672    24.6641     9.0395     8.6630    275.688    264.206     2.5348     2.3065     0.0806     0.9897     3.2186     1.0476     1.5360 -130.64436   51.71592      64.37         22  0.000e+00
     154494   6437.208      3.706      3.739     9.8649     9.8763  35.069606  35.078227     9.8644     9.8759    32.0446    32.0431    24.6673    24.6643     9.0394     8.6629    275.685    264.203     2.5348     2.3065     0.0794     0.9591     3.2198     1.0476     1.5360 -130.64436   51.71592      64.40         22  0.000e+00
     154495   6437.250      3.706      3.739     9.8655     9.8766  35.069920  35.077975     9.8651     9.8762    32.0443    32.0426    24.6670    24.6638     9.0393     8.6628    275.681    264.202     2.5348     2.3065     0.0806     0.9897     3.2198     1.0476     1.5360 -130.64436   51.71592      64.40         22  0.000e+00
     154496   6437.292      3.706      3.739     9.8666     9.8766  35.071053  35.078290     9.8662     9.8762    32.0445    32.0429    24.6669    24.6641     9.0390     8.6628    275.674    264.201     2.5348     2.3065     0.0806     0.9897     3.2173     1.0476     1.5372 -130.64436   51.71592      64.35         22  0.000e+00
     154497   6437.333      3.706      3.739     9.8671     9.8770  35.071430  35.078478     9.8667     9.8766    32.0444    32.0428    24.6668    24.6639     9.0389     8.6628    275.671    264.199     2.5348     2.3065     0.0806     0.9897     3.2173     1.0464     1.5360 -130.64436   51.71592      64.35         22  0.000e+00
     154498   6437.375      3.706      3.739     9.8676     9.8770  35.071682  35.078227     9.8672     9.8766    32.0442    32.0426    24.6666    24.6637     9.0442     8.6686    275.833    264.378     2.5360     2.3077     0.0794     0.9591     3.2173     1.0464     1.5360 -130.64436   51.71592      64.35         22  0.000e+00
     154499   6437.417      3.753      3.786     9.8686     9.8766  35.072500  35.077661     9.8682     9.8762    32.0442    32.0423    24.6664    24.6636     9.0387     8.6629    275.664    264.204     2.5348     2.3065     0.0806     0.9897     3.2198     1.0476     1.5360 -130.64436   51.71592      64.40         22  0.000e+00
     154500   6437.458      3.706      3.739     9.8695     9.8761  35.072941  35.077535     9.8691     9.8757    32.0439    32.0426    24.6660    24.6639     9.0439     8.6630    275.822    264.205     2.5360     2.3065     0.0794     0.9591     3.2186     1.0476     1.5372 -130.64436   51.71592      64.37         22  0.000e+00
     154501   6437.500      3.753      3.786     9.8697     9.8757  35.072500  35.077661     9.8693     9.8753    32.0431    32.0431    24.6654    24.6644     9.0439     8.6631    275.823    264.208     2.5360     2.3065     0.0794     0.9591     3.2198     1.0476     1.5360 -130.64436   51.71592      64.40         22  0.000e+00
     154502   6437.542      3.706      3.739     9.8698     9.8757  35.072878  35.077346     9.8694     9.8753    32.0435    32.0428    24.6657    24.6642     9.0438     8.6630    275.821    264.207     2.5360     2.3065     0.0806     0.9897     3.2173     1.0476     1.5360 -130.64436   51.71592      64.35         22  0.000e+00
     154503   6437.583      3.753      3.786     9.8703     9.8760  35.073696  35.077409     9.8698     9.8756    32.0439    32.0426    24.6659    24.6639     9.0438     8.6630    275.819    264.207     2.5360     2.3065     0.0806     0.9897     3.2198     1.0464     1.5372 -130.64436   51.71592      64.40         22  0.000e+00
     154504   6437.625      3.706      3.739     9.8711     9.8761  35.074451  35.077535     9.8707     9.8757    32.0440    32.0426    24.6658    24.6639     9.0489     8.6630    275.976    264.205     2.5372     2.3065     0.0806     0.9897     3.2173     1.0476     1.5360 -130.64436   51.71592      64.35         22  0.000e+00
     154742   6447.542      3.508      3.539     9.8970     9.9003  35.092765  35.095648     9.8966     9.8999    32.0396    32.0396    24.6582    24.6576     9.0382     8.6755    275.651    264.589     2.5360     2.3101     0.0806     0.9897     3.2161     1.0427     1.5348 -130.64434   51.71594      64.32         23  0.000e+00
     154743   6447.583      3.462      3.493     9.8970     9.8994  35.092576  35.095081     9.8966     9.8991    32.0394    32.0398    24.6580    24.6579     9.0382     8.6756    275.649    264.592     2.5360     2.3101     0.0806     0.9897     3.2161     1.0427     1.5348 -130.64434   51.71594      64.32         23  0.000e+00
     154744   6447.625      3.508      3.539     9.8963     9.8993  35.092198  35.095459     9.8959     9.8990    32.0396    32.0402    24.6583    24.6583     9.0383     8.6698    275.655    264.415     2.5360     2.3089     0.0794     0.9591     3.2186     1.0427     1.5348 -130.64434   51.71594      64.37         23  0.000e+00
     154745   6447.667      3.462      3.493     9.8962     9.8993  35.092387  35.095648     9.8958     9.8990    32.0400    32.0404    24.6586    24.6584     9.0383     8.6697    275.653    264.413     2.5360     2.3089     0.0806     0.9897     3.2186     1.0427     1.5348 -130.64434   51.71594      64.37         23  0.000e+00
     154746   6447.708      3.462      3.493     9.8962     9.8990  35.092702  35.095144     9.8958     9.8986    32.0403    32.0402    24.6588    24.6583     9.0383     8.6698    275.653    264.415     2.5360     2.3089     0.0806     0.9897     3.2186     1.0427     1.5348 -130.64434   51.71594      64.37         23  0.000e+00
     154747   6447.750      3.462      3.493     9.8965     9.8984  35.092765  35.094641     9.8961     9.8980    32.0401    32.0403    24.6586    24.6585     9.0436     8.6699    275.815    264.419     2.5372     2.3089     0.0806     0.9897     3.2173     1.0427     1.5348 -130.64434   51.71594      64.35         23  0.000e+00
     154748   6447.792      3.508      3.539     9.8968     9.8975  35.093017  35.093698     9.8964     9.8971    32.0400    32.0401    24.6585    24.6584     9.0436     8.6702    275.815    264.427     2.5372     2.3089     0.0806     0.9897     3.2173     1.0427     1.5348 -130.64434   51.71594      64.35         23  0.000e+00
     154749   6447.833      3.508      3.539     9.8967     9.8961  35.093080  35.092503     9.8963     9.8957    32.0402    32.0402    24.6587    24.6587     9.0436     8.6763    275.816    264.615     2.5372     2.3101     0.0806     0.9897     3.2173     1.0427     1.5348 -130.64434   51.71594      64.35         23  0.000e+00
     154750   6447.875      3.508      3.539     9.8967     9.8942  35.092891  35.091245     9.8963     9.8939    32.0400    32.0405    24.6585    24.6593     9.0436     8.6767    275.816    264.625     2.5372     2.3101     0.0806     0.9897     3.2173     1.0427     1.5348 -130.64434   51.71594      64.35         23  0.000e+00
     154751   6447.917      3.508      3.539     9.8963     9.8934  35.092513  35.090993     9.8959     9.8930    32.0399    32.0410    24.6585    24.6598     9.0437     8.6768    275.818    264.630     2.5372     2.3101     0.0806     0.9897     3.2173     1.0427     1.5348 -130.64434   51.71594      64.35         23  0.000e+00
     154752   6447.958      3.508      3.539     9.8958     9.8941  35.092261  35.091622     9.8954     9.8937    32.0401    32.0410    24.6587    24.6598     9.0438     8.6767    275.821    264.625     2.5372     2.3101     0.0806     0.9897     3.2173     1.0427     1.5348 -130.64434   51.71594      64.35         23  0.000e+00
     154753   6448.000      3.555      3.586     9.8965     9.8946  35.092828  35.092314     9.8961     9.8942    32.0401    32.0413    24.6586    24.6599     9.0491     8.6766    275.983    264.623     2.5385     2.3101     0.0806     0.9897     3.2173     1.0427     1.5348 -130.64434   51.71594      64.35         23  0.000e+00
     154754   6448.042      3.462      3.493     9.8973     9.8942  35.093772  35.091559     9.8969     9.8939    32.0404    32.0408    24.6587    24.6596     9.0434     8.6766    275.810    264.623     2.5372     2.3101     0.0806     0.9897     3.2173     1.0427     1.5348 -130.64434   51.71594      64.35         23  0.000e+00
     154755   6448.083      3.555      3.586     9.8980     9.8913  35.094024  35.088666     9.8976     9.8909    32.0400    32.0405    24.6583    24.6598     9.0488     8.6774    275.974    264.645     2.5385     2.3101     0.0806     0.9897     3.2173     1.0427     1.5348 -130.64434   51.71594      64.35         23  0.000e+00
     154756   6448.125      3.555      3.586     9.8978     9.8878  35.093835  35.085773     9.8974     9.8874    32.0399    32.0406    24.6583    24.6605     9.0488     8.6781    275.975    264.667     2.5385     2.3101     0.0806     0.9897     3.2173     1.0427     1.5336 -130.64434   51.71594      64.35         23  0.000e+00
     154757   6448.167      3.508      3.539     9.8980     9.8845  35.094150  35.084075     9.8976     9.8841    32.0401    32.0418    24.6584    24.6619     9.0487     8.6786    275.972    264.684     2.5385     2.3101     0.0806     0.9897     3.2173     1.0427     1.5336 -130.64434   51.71594      64.35         23  0.000e+00
     154758   6448.208      3.555      3.586     9.8984     9.8824  35.095031  35.082566     9.8980     9.8820    32.0406    32.0422    24.6587    24.6626     9.0487     8.6791    275.970    264.698     2.5385     2.3101     0.0806     0.9897     3.2173     1.0427     1.5336 -130.64434   51.71594      64.35         23  0.000e+00
     154759   6448.250      3.608      3.639     9.9003     9.8814  35.095975  35.082188     9.8999     9.8810    32.0399    32.0427    24.6579    24.6631     9.0484     8.6793    275.961    264.705     2.5385     2.3101     0.0806     0.9897     3.2173     1.0427     1.5336 -130.64434   51.71594      64.35         23  0.000e+00
     154760   6448.292      3.555      3.586     9.9014     9.8816  35.096668  35.082880     9.9010     9.8812    32.0396    32.0433    24.6574    24.6635     9.0535     8.6792    276.117    264.701     2.5397     2.3101     0.0806     0.9897     3.2173     1.0427     1.5336 -130.64434   51.71594      64.35         23  0.000e+00
     154761   6448.333      3.608      3.639     9.9014     9.8817  35.096353  35.082629     9.9010     9.8814    32.0393    32.0428    24.6572    24.6632     9.0536     8.6793    276.120    264.703     2.5397     2.3101     0.0806     0.9897     3.2173     1.0427     1.5336 -130.64434   51.71594      64.35         23  0.000e+00
     154762   6448.375      3.555      3.586     9.8999     9.8801  35.094275  35.081056     9.8995     9.8797    32.0385    32.0427    24.6568    24.6634     9.0539     8.6737    276.129    264.532     2.5397     2.3089     0.0806     0.9897     3.2173     1.0427     1.5348 -130.64434   51.71594      64.35         23  0.000e+00
     154763   6448.417      3.654      3.686     9.8965     9.8776  35.091129  35.079170     9.8961     9.8772    32.0383    32.0430    24.6572    24.6639     9.0547     8.6802    276.154    264.730     2.5397     2.3101     0.0806     0.9897     3.2173     1.0427     1.5336 -130.64434   51.71594      64.35         23  0.000e+00
     154764   6448.458      3.608      3.639     9.8932     9.8766  35.089114  35.079170     9.8928     9.8762    32.0392    32.0438    24.6585    24.6648     9.0553     8.6803    276.171    264.733     2.5397     2.3101     0.0806     0.9897     3.2173     1.0427     1.5336 -130.64434   51.71594      64.35         23  0.000e+00
     154765   6448.500      3.608      3.639     9.8902     9.8778  35.086345  35.080491     9.8898     9.8774    32.0391    32.0441    24.6589    24.6648     9.0613     8.6800    276.355    264.725     2.5409     2.3101     0.0806     0.9897     3.2173     1.0427     1.5348 -130.64434   51.71594      64.35         23  0.000e+00
     154766   6448.542      3.654      3.686     9.8865     9.8781  35.083891  35.080554     9.8860     9.8777    32.0399    32.0439    24.6601    24.6646     9.0621     8.6800    276.378    264.725     2.5409     2.3101     0.0794     0.9591     3.2173     1.0427     1.5336 -130.64434   51.71594      64.35         23  0.000e+00
     154767   6448.583      3.654      3.686     9.8830     9.8766  35.081436  35.079359     9.8826     9.8762    32.0405    32.0440    24.6612    24.6649     9.0628     8.6744    276.399    264.555     2.5409     2.3089     0.0806     0.9897     3.2173     1.0427     1.5336 -130.64434   51.71594      64.35         23  0.000e+00
     154768   6448.625      3.707      3.739     9.8799     9.8755  35.079926  35.078353     9.8795     9.8751    32.0417    32.0440    24.6626    24.6651     9.0634     8.6806    276.418    264.743     2.5409     2.3101     0.0794     0.9591     3.2186     1.0427     1.5336 -130.64434   51.71594      64.37         23  0.000e+00
     154769   6448.667      3.707      3.739     9.8776     9.8746  35.078164  35.077912     9.8772     9.8742    32.0419    32.0443    24.6631    24.6655     9.0692     8.6749    276.596    264.569     2.5421     2.3089     0.0806     0.9897     3.2173     1.0427     1.5336 -130.64434   51.71594      64.35         23  0.000e+00
     154770   6448.708      3.674      3.706     9.8757     9.8760  35.077031  35.080114     9.8752     9.8756    32.0425    32.0454    24.6639    24.6661     9.0696     8.6745    276.606    264.557     2.5421     2.3089     0.0794     0.9591     3.2173     1.0427     1.5336 -130.64434   51.71594      64.35         23  0.000e+00
     154771   6448.750      3.753      3.786     9.8742     9.8814  35.076780  35.083761     9.8738     9.8810    32.0435    32.0442    24.6650    24.6643     9.0699     8.6677    276.616    264.349     2.5421     2.3077     0.0794     0.9591     3.2173     1.0427     1.5336 -130.64434   51.71594      64.35         23  0.000e+00
     154772   6448.792      3.707      3.739     9.8735     9.8812  35.076339  35.082566     9.8731     9.8808    32.0437    32.0432    24.6652    24.6635     9.0700     8.6736    276.619    264.530     2.5421     2.3089     0.0806     0.9897     3.2161     1.0427     1.5336 -130.64434   51.71594      64.32         23  0.000e+00
     154773   6448.833      3.753      3.786     9.8734     9.8790  35.076402  35.080176     9.8729     9.8785    32.0439    32.0427    24.6654    24.6636     9.0755     8.6741    276.785    264.546     2.5433     2.3089     0.0806     0.9897     3.2173     1.0427     1.5336 -130.64434   51.71594      64.35         23  0.000e+00
     154774   6448.875      3.753      3.786     9.8730     9.8786  35.075332  35.079673     9.8726     9.8782    32.0431    32.0426    24.6648    24.6635     9.0756     8.6742    276.789    264.549     2.5433     2.3089     0.0806     0.9897     3.2173     1.0427     1.5336 -130.64434   51.71594      64.35         23  0.000e+00
