WCOA/WCOA-6/CTD_Data/RB2102_CTD_037_01.ros
* Sea-Bird SBE 9 Data File:
* FileName = C:\Users\scs.user.rb\CTD\RB2102\Data\RB2102_CTD_037_01.hex
* Software Version Seasave V 7.26.7.107
* Temperature SN = 6202
* Conductivity SN = 4907
* Number of Bytes Per Scan = 41
* Number of Voltage Words = 4
* Number of Scans Averaged by the Deck Unit = 1
* NMEA Latitude = 47 06.97 N
* NMEA Longitude = 125 11.76 W
* NMEA UTC (Time) = Jul 02 2021  04:50:36
* NMEA baud rate = 4800
# nquan = 30
# nvalues = 1176                                  
# units = specified
# name 0 = scan: Scan Count
# name 1 = timeS: Time, Elapsed [seconds]
# name 2 = depSM: Depth [salt water, m]
# name 3 = prDM: Pressure, Digiquartz [db]
# name 4 = t090C: Temperature [ITS-90, deg C]
# name 5 = t190C: Temperature, 2 [ITS-90, deg C]
# name 6 = c0mS/cm: Conductivity [mS/cm]
# name 7 = c1mS/cm: Conductivity, 2 [mS/cm]
# name 8 = potemp090C: Potential Temperature [ITS-90, deg C]
# name 9 = potemp190C: Potential Temperature, 2 [ITS-90, deg C]
# name 10 = sal00: Salinity, Practical [PSU]
# name 11 = sal11: Salinity, Practical, 2 [PSU]
# name 12 = sigma-é00: Density [sigma-theta, kg/m^3]
# name 13 = sigma-é11: Density, 2 [sigma-theta, kg/m^3]
# name 14 = sbeox0Mg/L: Oxygen, SBE 43 [mg/l]
# name 15 = sbeox1Mg/L: Oxygen, SBE 43, 2 [mg/l]
# name 16 = sbox0Mm/Kg: Oxygen, SBE 43 [umol/kg]
# name 17 = sbox1Mm/Kg: Oxygen, SBE 43, 2 [umol/kg]
# name 18 = sbeox0V: Oxygen raw, SBE 43 [V]
# name 19 = sbeox1V: Oxygen raw, SBE 43, 2 [V]
# name 20 = v4: Voltage 4
# name 21 = flECO-AFL: Fluorescence, WET Labs ECO-AFL/FL [mg/m^3]
# name 22 = v3: Voltage 3
# name 23 = v6: Voltage 6
# name 24 = v7: Voltage 7
# name 25 = longitude: Longitude [deg]
# name 26 = latitude: Latitude [deg]
# name 27 = altM: Altimeter [m]
# name 28 = nbf: Bottles Fired
# name 29 = flag:  0.000e+00
# interval = seconds: 0.0416667
# start_time = Jul 02 2021 04:50:36 [NMEA time, header]
# bad_flag = -9.990e-29
*END*
[from data line 291]
     103967   4331.917    496.229    500.994     5.3992     5.3995  33.238961  33.239586     5.3581     5.3584    34.0801    34.0805    26.9042    26.9045     1.1707     1.2115     35.625     36.869     0.7131     0.7179     0.0415     0.0129     3.2466     1.8400     0.0000 -125.19686   47.11600     100.00          6  0.000e+00
     103968   4331.958    496.229    500.994     5.3994     5.3995  33.239023  33.238908     5.3583     5.3584    34.0799    34.0797    26.9041    26.9039     1.1643     1.2115     35.433     36.869     0.7118     0.7179     0.0403    -0.0177     3.2466     1.8400     0.0000 -125.19686   47.11600     100.00          6  0.000e+00
     103969   4332.000    496.229    500.994     5.3992     5.3993  33.238961  33.239278     5.3581     5.3582    34.0801    34.0803    26.9042    26.9044     1.1643     1.2115     35.433     36.869     0.7118     0.7179     0.0403    -0.0177     3.2479     1.8413     0.0000 -125.19686   47.11600     100.00          6  0.000e+00
     109652   4568.792    396.488    400.197     5.7830     5.7843  33.492372  33.494407     5.7493     5.7506    34.0306    34.0316    26.8178    26.8184     1.6326     1.6770     49.687     51.038     0.8095     0.8071     0.0415     0.0129     3.2466     1.8022     0.0000 -125.19678   47.11604      99.95          7  0.000e+00
     109653   4568.833    396.468    400.177     5.7830     5.7847  33.492495  33.494345     5.7493     5.7510    34.0308    34.0312    26.8180    26.8181     1.6326     1.6837     49.686     51.243     0.8095     0.8083     0.0403    -0.0177     3.2454     1.8022     0.0000 -125.19678   47.11604      99.95          7  0.000e+00
     109654   4568.875    396.468    400.177     5.7832     5.7848  33.492619  33.494345     5.7495     5.7511    34.0308    34.0311    26.8179    26.8179     1.6388     1.6837     49.874     51.243     0.8107     0.8083     0.0415     0.0129     3.2454     1.8034     0.0000 -125.19678   47.11604      99.95          7  0.000e+00
     109655   4568.917    396.488    400.197     5.7829     5.7848  33.492990  33.494778     5.7492     5.7511    34.0315    34.0315    26.8185    26.8183     1.6388     1.6837     49.874     51.243     0.8107     0.8083     0.0403    -0.0177     3.2454     1.8022     0.0000 -125.19678   47.11604      99.95          7  0.000e+00
     109656   4568.958    396.468    400.177     5.7833     5.7847  33.492990  33.494469     5.7496     5.7510    34.0310    34.0313    26.8181    26.8182     1.6326     1.6837     49.686     51.243     0.8095     0.8083     0.0403    -0.0177     3.2454     1.8022     0.0000 -125.19678   47.11604      99.95          7  0.000e+00
     109657   4569.000    396.568    400.278     5.7832     5.7848  33.492743  33.494531     5.7495     5.7511    34.0308    34.0312    26.8180    26.8181     1.6388     1.6770     49.875     51.038     0.8107     0.8071     0.0403    -0.0177     3.2454     1.8022     0.0000 -125.19678   47.11604      99.95          7  0.000e+00
     109658   4569.042    396.488    400.197     5.7832     5.7850  33.492743  33.494839     5.7495     5.7513    34.0309    34.0315    26.8180    26.8182     1.6326     1.6837     49.686     51.243     0.8095     0.8083     0.0415     0.0129     3.2454     1.8022     0.0000 -125.19678   47.11604      99.95          7  0.000e+00
     109659   4569.083    396.521    400.231     5.7833     5.7851  33.492681  33.494222     5.7496     5.7514    34.0307    34.0306    26.8178    26.8175     1.6326     1.6837     49.686     51.243     0.8095     0.8083     0.0403    -0.0177     3.2454     1.8022     0.0000 -125.19678   47.11604      99.95          7  0.000e+00
     109660   4569.125    396.568    400.278     5.7832     5.7850  33.492743  33.494037     5.7495     5.7513    34.0308    34.0305    26.8180    26.8175     1.6326     1.6770     49.687     51.038     0.8095     0.8071     0.0403    -0.0177     3.2466     1.8022     0.0000 -125.19678   47.11604      99.95          7  0.000e+00
     109661   4569.167    396.521    400.231     5.7834     5.7847  33.492681  33.493295     5.7497     5.7510    34.0306    34.0300    26.8178    26.8171     1.6326     1.6838     49.686     51.244     0.8095     0.8083     0.0403    -0.0177     3.2454     1.8022     0.0000 -125.19678   47.11604      99.95          7  0.000e+00
     109662   4569.208    396.541    400.251     5.7832     5.7843  33.492434  33.493295     5.7495     5.7506    34.0305    34.0303    26.8177    26.8174     1.6326     1.6838     49.687     51.245     0.8095     0.8083     0.0415     0.0129     3.2454     1.8022     0.0000 -125.19678   47.11604      99.95          7  0.000e+00
     109663   4569.250    396.568    400.278     5.7832     5.7843  33.492496  33.493419     5.7495     5.7506    34.0306    34.0305    26.8178    26.8175     1.6326     1.6838     49.687     51.245     0.8095     0.8083     0.0403    -0.0177     3.2466     1.8022     0.0000 -125.19678   47.11604      99.95          7  0.000e+00
     109664   4569.292    396.614    400.325     5.7834     5.7840  33.492867  33.493419     5.7497     5.7503    34.0308    34.0307    26.8179    26.8178     1.6388     1.6771     49.875     51.040     0.8107     0.8071     0.0403    -0.0177     3.2454     1.8022     0.0000 -125.19678   47.11604      99.95          7  0.000e+00
     109665   4569.333    396.541    400.251     5.7835     5.7842  33.493176  33.493604     5.7498     5.7505    34.0311    34.0308    26.8181    26.8178     1.6326     1.6838     49.686     51.245     0.8095     0.8083     0.0403    -0.0177     3.2466     1.8022     0.0000 -125.19678   47.11604      99.95          7  0.000e+00
     109666   4569.375    396.568    400.278     5.7833     5.7840  33.492743  33.492616     5.7496     5.7503    34.0307    34.0298    26.8178    26.8171     1.6326     1.6771     49.687     51.040     0.8095     0.8071     0.0415     0.0129     3.2454     1.8022     0.0000 -125.19678   47.11604      99.95          7  0.000e+00
     109667   4569.417    396.614    400.325     5.7832     5.7834  33.492620  33.491998     5.7495     5.7497    34.0307    34.0298    26.8179    26.8171     1.6326     1.6838     49.687     51.247     0.8095     0.8083     0.0403    -0.0177     3.2466     1.8022     0.0000 -125.19678   47.11604      99.95          7  0.000e+00
     109668   4569.458    396.641    400.352     5.7833     5.7831  33.492743  33.491690     5.7496     5.7493    34.0307    34.0298    26.8178    26.8171     1.6326     1.6839     49.687     51.247     0.8095     0.8083     0.0415     0.0129     3.2454     1.8022     0.0000 -125.19678   47.11604      99.95          7  0.000e+00
     109669   4569.500    396.568    400.278     5.7830     5.7826  33.492434  33.490886     5.7493     5.7488    34.0307    34.0294    26.8179    26.8169     1.6326     1.6839     49.687     51.248     0.8095     0.8083     0.0403    -0.0177     3.2442     1.8022     0.0000 -125.19678   47.11604      99.95          7  0.000e+00
     109670   4569.542    396.668    400.379     5.7834     5.7823  33.492558  33.491134     5.7497     5.7485    34.0304    34.0299    26.8176    26.8174     1.6326     1.6772     49.687     51.043     0.8095     0.8071     0.0403    -0.0177     3.2466     1.8022     0.0000 -125.19678   47.11604      99.95          7  0.000e+00
     109671   4569.583    396.641    400.352     5.7830     5.7821  33.492991  33.491504     5.7493     5.7484    34.0313    34.0305    26.8184    26.8178     1.6388     1.6771     49.875     51.043     0.8107     0.8071     0.0415     0.0129     3.2454     1.8034     0.0000 -125.19678   47.11604      99.95          7  0.000e+00
     109672   4569.625    396.614    400.326     5.7832     5.7818  33.492743  33.491381     5.7495     5.7481    34.0308    34.0307    26.8180    26.8181     1.6326     1.6772     49.687     51.043     0.8095     0.8071     0.0403    -0.0177     3.2454     1.8034     0.0000 -125.19678   47.11604      99.95          7  0.000e+00
     109673   4569.667    396.614    400.326     5.7832     5.7816  33.492990  33.491504     5.7495     5.7479    34.0311    34.0310    26.8182    26.8183     1.6326     1.6839     49.687     51.248     0.8095     0.8083     0.0403    -0.0177     3.2454     1.8034     0.0000 -125.19678   47.11604      99.95          7  0.000e+00
     109674   4569.708    396.688    400.400     5.7830     5.7816  33.492991  33.491628     5.7493     5.7479    34.0313    34.0311    26.8183    26.8184     1.6326     1.6839     49.688     51.249     0.8095     0.8083     0.0403    -0.0177     3.2454     1.8034     0.0000 -125.19678   47.11604      99.95          7  0.000e+00
     109675   4569.750    396.615    400.326     5.7833     5.7813  33.492990  33.491134     5.7496     5.7476    34.0310    34.0309    26.8181    26.8183     1.6326     1.6839     49.687     51.249     0.8095     0.8083     0.0403    -0.0177     3.2454     1.8034     0.0000 -125.19678   47.11604      99.95          7  0.000e+00
     109676   4569.792    396.668    400.379     5.7832     5.7810  33.493052  33.491196     5.7495     5.7473    34.0311    34.0313    26.8182    26.8186     1.6326     1.6772     49.687     51.044     0.8095     0.8071     0.0403    -0.0177     3.2454     1.8034     0.0000 -125.19678   47.11604      99.95          7  0.000e+00
     109677   4569.833    396.668    400.379     5.7832     5.7808  33.492991  33.490825     5.7495     5.7471    34.0311    34.0310    26.8182    26.8184     1.6326     1.6772     49.687     51.044     0.8095     0.8071     0.0403    -0.0177     3.2454     1.8034     0.0000 -125.19678   47.11604      99.95          7  0.000e+00
     109678   4569.875    396.688    400.400     5.7832     5.7808  33.492805  33.490887     5.7495     5.7471    34.0309    34.0311    26.8180    26.8184     1.6326     1.6772     49.688     51.045     0.8095     0.8071     0.0403    -0.0177     3.2454     1.8034     0.0000 -125.19678   47.11604      99.95          7  0.000e+00
     109679   4569.917    396.668    400.379     5.7832     5.7806  33.492929  33.491011     5.7495     5.7469    34.0310    34.0314    26.8181    26.8187     1.6326     1.6772     49.687     51.045     0.8095     0.8071     0.0415     0.0129     3.2454     1.8034     0.0000 -125.19678   47.11604      99.95          7  0.000e+00
     109680   4569.958    396.668    400.379     5.7832     5.7810  33.492991  33.491196     5.7495     5.7473    34.0311    34.0313    26.8182    26.8186     1.6326     1.6839     49.687     51.250     0.8095     0.8083     0.0403    -0.0177     3.2442     1.8034     0.0000 -125.19678   47.11604      99.95          7  0.000e+00
     109681   4570.000    396.688    400.400     5.7832     5.7810  33.493052  33.490825     5.7495     5.7473    34.0311    34.0308    26.8182    26.8183     1.6264     1.6772     49.500     51.044     0.8083     0.8071     0.0403    -0.0177     3.2454     1.8034     0.0000 -125.19678   47.11604      99.95          7  0.000e+00
     109682   4570.042    396.715    400.427     5.7832     5.7808  33.492991  33.490887     5.7495     5.7471    34.0311    34.0311    26.8181    26.8184     1.6326     1.6840     49.688     51.250     0.8095     0.8083     0.0403    -0.0177     3.2454     1.8034     0.0000 -125.19678   47.11604      99.95          7  0.000e+00
     109683   4570.083    396.668    400.380     5.7832     5.7808  33.493052  33.491010     5.7495     5.7471    34.0311    34.0312    26.8182    26.8186     1.6264     1.6772     49.499     51.044     0.8083     0.8071     0.0415     0.0129     3.2454     1.8034     0.0000 -125.19678   47.11604      99.95          7  0.000e+00
     109684   4570.125    396.688    400.400     5.7833     5.7808  33.492558  33.491196     5.7496     5.7471    34.0304    34.0314    26.8176    26.8187     1.6326     1.6840     49.688     51.250     0.8095     0.8083     0.0403    -0.0177     3.2442     1.8034     0.0000 -125.19678   47.11604      99.95          7  0.000e+00
     109685   4570.167    396.715    400.427     5.7835     5.7808  33.492805  33.491505     5.7498     5.7471    34.0305    34.0317    26.8177    26.8190     1.6326     1.6840     49.687     51.250     0.8095     0.8083     0.0403    -0.0177     3.2454     1.8034     0.0000 -125.19678   47.11604      99.95          7  0.000e+00
     109686   4570.208    396.668    400.380     5.7836     5.7808  33.493052  33.491381     5.7499     5.7471    34.0307    34.0316    26.8178    26.8189     1.6264     1.6839     49.499     51.250     0.8083     0.8083     0.0403    -0.0177     3.2466     1.8034     0.0000 -125.19678   47.11604      99.95          7  0.000e+00
     109687   4570.250    396.735    400.447     5.7833     5.7808  33.492991  33.491752     5.7496     5.7471    34.0309    34.0320    26.8180    26.8192     1.6326     1.6840     49.688     51.250     0.8095     0.8083     0.0403    -0.0177     3.2454     1.8034     0.0000 -125.19678   47.11604      99.95          7  0.000e+00
     109688   4570.292    396.668    400.380     5.7837     5.7810  33.492620  33.492122     5.7500     5.7473    34.0302    34.0323    26.8174    26.8194     1.6326     1.6839     49.687     51.249     0.8095     0.8083     0.0403    -0.0177     3.2466     1.8034     0.0000 -125.19678   47.11604      99.95          7  0.000e+00
     109689   4570.333    396.715    400.427     5.7836     5.7808  33.492620  33.491999     5.7499     5.7471    34.0302    34.0323    26.8174    26.8194     1.6326     1.6772     49.687     51.044     0.8095     0.8071     0.0403    -0.0177     3.2454     1.8034     0.0000 -125.19678   47.11604      99.95          7  0.000e+00
     109690   4570.375    396.688    400.400     5.7833     5.7810  33.492682  33.492122     5.7496     5.7473    34.0306    34.0323    26.8177    26.8194     1.6326     1.6772     49.688     51.044     0.8095     0.8071     0.0403    -0.0177     3.2454     1.8034     0.0000 -125.19678   47.11604      99.95          7  0.000e+00
     109691   4570.417    396.715    400.427     5.7837     5.7810  33.492991  33.492246     5.7500     5.7473    34.0306    34.0324    26.8177    26.8195     1.6326     1.6839     49.687     51.249     0.8095     0.8083     0.0403    -0.0177     3.2454     1.8034     0.0000 -125.19678   47.11604      99.95          7  0.000e+00
     109692   4570.458    396.715    400.427     5.7836     5.7813  33.492743  33.492431     5.7499     5.7476    34.0303    34.0323    26.8175    26.8194     1.6326     1.6772     49.687     51.044     0.8095     0.8071     0.0403    -0.0177     3.2454     1.8034     0.0000 -125.19678   47.11604      99.95          7  0.000e+00
     109693   4570.500    396.668    400.380     5.7833     5.7811  33.492743  33.492308     5.7496     5.7474    34.0306    34.0324    26.8178    26.8194     1.6326     1.6772     49.687     51.043     0.8095     0.8071     0.0403    -0.0177     3.2454     1.8034     0.0000 -125.19678   47.11604      99.95          7  0.000e+00
     109694   4570.542    396.688    400.400     5.7835     5.7813  33.492929  33.491999     5.7498     5.7476    34.0307    34.0319    26.8178    26.8190     1.6326     1.6839     49.687     51.249     0.8095     0.8083     0.0403    -0.0177     3.2454     1.8022     0.0000 -125.19678   47.11604      99.95          7  0.000e+00
     109695   4570.583    396.715    400.427     5.7835     5.7815  33.492991  33.492122     5.7498     5.7478    34.0308    34.0318    26.8179    26.8189     1.6326     1.6772     49.687     51.044     0.8095     0.8071     0.0403    -0.0177     3.2454     1.8022     0.0000 -125.19678   47.11604      99.95          7  0.000e+00
