WCOA/WCOA-6/CTD_Data/RB2102_CTD_054_01.ros
* Sea-Bird SBE 9 Data File:
* FileName = C:\Users\scs.user.rb\CTD\RB2102\Data\RB2102_CTD_054_01.hex
* Software Version Seasave V 7.26.7.107
* Temperature SN = 6202
* Conductivity SN = 4907
* Number of Bytes Per Scan = 41
* Number of Voltage Words = 4
* Number of Scans Averaged by the Deck Unit = 1
* NMEA Latitude = 44 00.00 N
* NMEA Longitude = 125 00.02 W
* NMEA UTC (Time) = Jul 05 2021  00:33:50
* NMEA baud rate = 4800
# nquan = 30
# nvalues = 1078                                  
# units = specified
# name 0 = scan: Scan Count
# name 1 = timeS: Time, Elapsed [seconds]
# name 2 = depSM: Depth [salt water, m]
# name 3 = prDM: Pressure, Digiquartz [db]
# name 4 = t090C: Temperature [ITS-90, deg C]
# name 5 = t190C: Temperature, 2 [ITS-90, deg C]
# name 6 = c0mS/cm: Conductivity [mS/cm]
# name 7 = c1mS/cm: Conductivity, 2 [mS/cm]
# name 8 = potemp090C: Potential Temperature [ITS-90, deg C]
# name 9 = potemp190C: Potential Temperature, 2 [ITS-90, deg C]
# name 10 = sal00: Salinity, Practical [PSU]
# name 11 = sal11: Salinity, Practical, 2 [PSU]
# name 12 = sigma-é00: Density [sigma-theta, kg/m^3]
# name 13 = sigma-é11: Density, 2 [sigma-theta, kg/m^3]
# name 14 = sbeox0Mg/L: Oxygen, SBE 43 [mg/l]
# name 15 = sbeox1Mg/L: Oxygen, SBE 43, 2 [mg/l]
# name 16 = sbox0Mm/Kg: Oxygen, SBE 43 [umol/kg]
# name 17 = sbox1Mm/Kg: Oxygen, SBE 43, 2 [umol/kg]
# name 18 = sbeox0V: Oxygen raw, SBE 43 [V]
# name 19 = sbeox1V: Oxygen raw, SBE 43, 2 [V]
# name 20 = v4: Voltage 4
# name 21 = flECO-AFL: Fluorescence, WET Labs ECO-AFL/FL [mg/m^3]
# name 22 = v3: Voltage 3
# name 23 = v6: Voltage 6
# name 24 = v7: Voltage 7
# name 25 = longitude: Longitude [deg]
# name 26 = latitude: Latitude [deg]
# name 27 = altM: Altimeter [m]
# name 28 = nbf: Bottles Fired
# name 29 = flag:  0.000e+00
# interval = seconds: 0.0416667
# start_time = Jul 05 2021 00:33:50 [NMEA time, header]
# bad_flag = -9.990e-29
*END*
[from data line 1016]
     117962   4915.042      4.716      4.754    14.8148    14.8217  39.019507  39.023100    14.8141    14.8211    31.6190    31.6166    23.4064    23.4030     9.4912     9.7463    289.822    297.610     2.8742     2.7656     0.1856     3.6148     3.1673     0.0549     0.0000 -125.00184   44.00018      99.85         21  0.000e+00
     117963   4915.083      4.762      4.800    14.8173    14.8211  39.020886  39.022707    14.8166    14.8204    31.6181    31.6167    23.4052    23.4033     9.4909     9.7465    289.810    297.616     2.8742     2.7656     0.1856     3.6148     3.1673     0.0549     0.0000 -125.00184   44.00018      99.85         21  0.000e+00
     117964   4915.125      4.716      4.754    14.8187    14.8211  39.021608  39.022641    14.8180    14.8204    31.6177    31.6167    23.4046    23.4033     9.4954     9.7411    289.950    297.454     2.8755     2.7643     0.1893     3.7064     3.1673     0.0549     0.0000 -125.00184   44.00018      99.85         21  0.000e+00
     117965   4915.167      4.716      4.754    14.8187    14.8209  39.021345  39.022641    14.8180    14.8202    31.6175    31.6168    23.4044    23.4035     9.4954     9.7412    289.950    297.454     2.8755     2.7643     0.1929     3.7980     3.1673     0.0562     0.0000 -125.00184   44.00018      99.85         21  0.000e+00
     117966   4915.208      4.762      4.801    14.8188    14.8207  39.021608  39.022641    14.8181    14.8200    31.6176    31.6170    23.4044    23.4036     9.4954     9.7413    289.951    297.457     2.8755     2.7643     0.1929     3.7980     3.1673     0.0562     0.0000 -125.00184   44.00018      99.85         21  0.000e+00
     117967   4915.250      4.762      4.801    14.8190    14.8216  39.021608  39.023100    14.8183    14.8209    31.6174    31.6167    23.4043    23.4032     9.4954     9.7411    289.950    297.452     2.8755     2.7643     0.1929     3.7980     3.1661     0.0562     0.0000 -125.00184   44.00018      99.85         21  0.000e+00
     117968   4915.292      4.663      4.700    14.8195    14.8214  39.021936  39.023034    14.8188    14.8207    31.6173    31.6168    23.4041    23.4033     9.4952     9.7410    289.944    297.449     2.8755     2.7643     0.1929     3.7980     3.1673     0.0562     0.0000 -125.00184   44.00018      99.85         21  0.000e+00
     117969   4915.333      4.716      4.754    14.8197    14.8217  39.022199  39.023428    14.8190    14.8211    31.6174    31.6169    23.4041    23.4033     9.4952     9.7410    289.944    297.449     2.8755     2.7643     0.1917     3.7674     3.1673     0.0562     0.0000 -125.00184   44.00018      99.85         21  0.000e+00
     117970   4915.375      4.663      4.701    14.8199    14.8221  39.022395  39.023362    14.8192    14.8214    31.6175    31.6165    23.4042    23.4030     9.4951     9.7409    289.941    297.445     2.8755     2.7643     0.1917     3.7674     3.1673     0.0562     0.0000 -125.00184   44.00018      99.85         21  0.000e+00
     117971   4915.417      4.716      4.754    14.8197    14.8221  39.021476  39.023691    14.8190    14.8214    31.6168    31.6168    23.4036    23.4032     9.5001     9.7409    290.094    297.447     2.8767     2.7643     0.1917     3.7674     3.1673     0.0549     0.0000 -125.00184   44.00018      99.85         21  0.000e+00
     117972   4915.458      4.683      4.721    14.8190    14.8219  39.021345  39.023887    14.8183    14.8212    31.6172    31.6171    23.4041    23.4035     9.5002     9.7409    290.096    297.446     2.8767     2.7643     0.1917     3.7674     3.1673     0.0549     0.0000 -125.00184   44.00018      99.85         21  0.000e+00
     117973   4915.500      4.663      4.701    14.8188    14.8216  39.021017  39.023166    14.8182    14.8209    31.6171    31.6168    23.4040    23.4033     9.5002     9.7410    290.096    297.448     2.8767     2.7643     0.1917     3.7674     3.1685     0.0549     0.0000 -125.00184   44.00018      99.85         21  0.000e+00
     117974   4915.542      4.663      4.701    14.8182    14.8209  39.020492  39.022378    14.8175    14.8202    31.6171    31.6166    23.4043    23.4033     9.5003     9.7464    290.100    297.614     2.8767     2.7656     0.1929     3.7980     3.1673     0.0537     0.0000 -125.00184   44.00018      99.85         21  0.000e+00
     118042   4918.375      3.883      3.915    14.8089    14.8117  39.014319  39.017062    14.8084    14.8112    31.6193    31.6196    23.4079    23.4074     9.5156     9.7419    290.566    297.476     2.8803     2.7643     0.1856     3.6148     3.1673     0.0635     0.0000 -125.00184   44.00018      99.85         22  0.000e+00
     118043   4918.417      3.936      3.968    14.8085    14.8131  39.014450  39.017980    14.8080    14.8125    31.6198    31.6192    23.4083    23.4069     9.5206     9.7417    290.718    297.470     2.8816     2.7643     0.1832     3.5538     3.1673     0.0647     0.0000 -125.00184   44.00018      99.85         22  0.000e+00
     118044   4918.458      3.982      4.015    14.8084    14.8131  39.013859  39.017849    14.8078    14.8125    31.6193    31.6191    23.4080    23.4068     9.5207     9.7418    290.721    297.472     2.8816     2.7643     0.1819     3.5232     3.1673     0.0635     0.0000 -125.00184   44.00018      99.85         22  0.000e+00
     118045   4918.500      3.936      3.968    14.8084    14.8121  39.014122  39.016537    14.8078    14.8115    31.6196    31.6188    23.4082    23.4068     9.5206     9.7419    290.719    297.477     2.8816     2.7643     0.1819     3.5232     3.1673     0.0635     0.0000 -125.00184   44.00018      99.85         22  0.000e+00
     118046   4918.542      4.035      4.068    14.8080    14.8111  39.014122  39.016144    14.8074    14.8105    31.6198    31.6192    23.4085    23.4073     9.5208     9.7422    290.724    297.486     2.8816     2.7643     0.1819     3.5232     3.1661     0.0635     0.0000 -125.00184   44.00018      82.95         22  0.000e+00
     118047   4918.583      4.049      4.081    14.8081    14.8109  39.014254  39.016341    14.8075    14.8103    31.6199    31.6195    23.4085    23.4076     9.5208     9.7423    290.724    297.487     2.8816     2.7643     0.1819     3.5232     3.1661     0.0647     0.0000 -125.00184   44.00018      59.02         22  0.000e+00
     118048   4918.625      4.035      4.068    14.8084    14.8113  39.014319  39.016669    14.8078    14.8107    31.6197    31.6195    23.4083    23.4075     9.5208     9.7422    290.723    297.484     2.8816     2.7643     0.1819     3.5232     3.1673     0.0635     0.0000 -125.00184   44.00018      53.19         22  0.000e+00
     118049   4918.667      4.128      4.162    14.8088    14.8113  39.015304  39.016276    14.8082    14.8107    31.6203    31.6191    23.4086    23.4072     9.5208     9.7371    290.723    297.328     2.8816     2.7631     0.1819     3.5232     3.1673     0.0647     0.0000 -125.00184   44.00018      54.38         22  0.000e+00
     118050   4918.708      4.082      4.115    14.8094    14.8109  39.015435  39.016144    14.8088    14.8103    31.6199    31.6193    23.4082    23.4074     9.5206     9.7371    290.718    297.328     2.8816     2.7631     0.1819     3.5232     3.1673     0.0659     0.0000 -125.00184   44.00018      55.48         22  0.000e+00
     118051   4918.750      4.181      4.215    14.8096    14.8109  39.014582  39.015882    14.8090    14.8103    31.6190    31.6190    23.4075    23.4072     9.5207     9.7425    290.722    297.493     2.8816     2.7643     0.1819     3.5232     3.1673     0.0647     0.0000 -125.00184   44.00018      58.75         22  0.000e+00
     118052   4918.792      4.181      4.215    14.8091    14.8106  39.014582  39.016013    14.8085    14.8100    31.6193    31.6194    23.4078    23.4076     9.5208     9.7373    290.724    297.334     2.8816     2.7631     0.1819     3.5232     3.1661     0.0635     0.0000 -125.00184   44.00018      87.13         22  0.000e+00
     118053   4918.833      4.181      4.215    14.8089    14.8106  39.014648  39.015620    14.8083    14.8100    31.6195    31.6191    23.4080    23.4073     9.5208     9.7373    290.725    297.334     2.8816     2.7631     0.1819     3.5232     3.1685     0.0635     0.0000 -125.00184   44.00018     100.00         22  0.000e+00
     118054   4918.875      4.227      4.262    14.8087    14.8104  39.014451  39.015686    14.8081    14.8098    31.6195    31.6193    23.4081    23.4075     9.5209     9.7374    290.728    297.337     2.8816     2.7631     0.1832     3.5538     3.1673     0.0635     0.0000 -125.00184   44.00018     100.00         22  0.000e+00
     118055   4918.917      4.227      4.262    14.8084    14.8106  39.014320  39.016014    14.8078    14.8099    31.6196    31.6194    23.4082    23.4076     9.5210     9.7373    290.730    297.335     2.8816     2.7631     0.1819     3.5232     3.1685     0.0635     0.0000 -125.00184   44.00018     100.00         22  0.000e+00
     118056   4918.958      4.274      4.308    14.8079    14.8106  39.013532  39.015883    14.8073    14.8099    31.6193    31.6193    23.4081    23.4075     9.5212     9.7374    290.735    297.337     2.8816     2.7631     0.1819     3.5232     3.1673     0.0623     0.0000 -125.00184   44.00018      99.85         22  0.000e+00
     118057   4919.000      4.274      4.308    14.8072    14.8107  39.013533  39.015817    14.8066    14.8101    31.6199    31.6191    23.4087    23.4073     9.5213     9.7374    290.738    297.337     2.8816     2.7631     0.1819     3.5232     3.1673     0.0623     0.0000 -125.00184   44.00018      99.83         22  0.000e+00
     118058   4919.042      4.327      4.362    14.8069    14.8111  39.013401  39.016801    14.8063    14.8104    31.6200    31.6197    23.4088    23.4077     9.5214     9.7373    290.742    297.335     2.8816     2.7631     0.1819     3.5232     3.1673     0.0598     0.0000 -125.00184   44.00018      99.85         22  0.000e+00
     118059   4919.083      4.327      4.362    14.8067    14.8124  39.013533  39.017392    14.8061    14.8118    31.6203    31.6191    23.4091    23.4070     9.5214     9.7371    290.742    297.328     2.8816     2.7631     0.1819     3.5232     3.1685     0.0586     0.0000 -125.00184   44.00018      99.88         22  0.000e+00
     118060   4919.125      4.340      4.375    14.8072    14.8133  39.013598  39.018507    14.8065    14.8126    31.6199    31.6194    23.4087    23.4070     9.5213     9.7369    290.740    297.322     2.8816     2.7631     0.1819     3.5232     3.1673     0.0586     0.0000 -125.00184   44.00018      99.85         22  0.000e+00
     118061   4919.167      4.373      4.409    14.8076    14.8136  39.014124  39.018573    14.8069    14.8130    31.6201    31.6192    23.4088    23.4068     9.5213     9.7369    290.739    297.322     2.8816     2.7631     0.1819     3.5232     3.1673     0.0586     0.0000 -125.00184   44.00018      99.85         22  0.000e+00
     118062   4919.208      4.373      4.409    14.8076    14.8135  39.013795  39.018245    14.8069    14.8128    31.6198    31.6190    23.4085    23.4067     9.5213     9.7369    290.740    297.323     2.8816     2.7631     0.1819     3.5232     3.1685     0.0586     0.0000 -125.00184   44.00018      99.85         22  0.000e+00
     118063   4919.250      4.373      4.409    14.8070    14.8133  39.013073  39.017917    14.8064    14.8126    31.6196    31.6189    23.4085    23.4066     9.5214     9.7422    290.743    297.486     2.8816     2.7643     0.1832     3.5538     3.1673     0.0586     0.0000 -125.00184   44.00018      99.85         22  0.000e+00
     118064   4919.292      4.373      4.409    14.8065    14.8131  39.012942  39.018048    14.8059    14.8125    31.6199    31.6191    23.4088    23.4068     9.5215     9.7370    290.746    297.325     2.8816     2.7631     0.1819     3.5232     3.1685     0.0586     0.0000 -125.00184   44.00018      99.85         22  0.000e+00
     118065   4919.333      4.426      4.462    14.8065    14.8131  39.013402  39.017917    14.8059    14.8125    31.6202    31.6190    23.4091    23.4067     9.5216     9.7423    290.747    297.488     2.8816     2.7643     0.1819     3.5232     3.1673     0.0586     0.0000 -125.00184   44.00018      99.85         22  0.000e+00
     118066   4919.375      4.373      4.409    14.8068    14.8131  39.013402  39.017588    14.8062    14.8125    31.6200    31.6187    23.4089    23.4065     9.5214     9.7370    290.743    297.326     2.8816     2.7631     0.1819     3.5232     3.1673     0.0586     0.0000 -125.00184   44.00018      99.88         22  0.000e+00
     118067   4919.417      4.426      4.462    14.8076    14.8129  39.013730  39.017523    14.8069    14.8123    31.6197    31.6188    23.4085    23.4066     9.5214     9.7424    290.742    297.490     2.8816     2.7643     0.1819     3.5232     3.1673     0.0586     0.0000 -125.00184   44.00018      99.85         22  0.000e+00
     118068   4919.458      4.373      4.409    14.8080    14.8136  39.014255  39.018245    14.8074    14.8130    31.6198    31.6189    23.4085    23.4066     9.5212     9.7421    290.737    297.483     2.8816     2.7643     0.1819     3.5232     3.1673     0.0586     0.0000 -125.00184   44.00018      99.85         22  0.000e+00
     118069   4919.500      4.426      4.462    14.8086    14.8151  39.015043  39.019491    14.8079    14.8145    31.6201    31.6188    23.4085    23.4061     9.5163     9.7419    290.587    297.476     2.8803     2.7643     0.1844     3.5843     3.1673     0.0586     0.0000 -125.00184   44.00018      99.85         22  0.000e+00
     118070   4919.542      4.426      4.462    14.8099    14.8173  39.015305  39.020869    14.8093    14.8167    31.6192    31.6182    23.4076    23.4053     9.5210     9.7415    290.729    297.463     2.8816     2.7643     0.1856     3.6148     3.1673     0.0586     0.0000 -125.00184   44.00018      99.88         22  0.000e+00
     118071   4919.583      4.426      4.462    14.8105    14.8197  39.015765  39.021984    14.8099    14.8191    31.6191    31.6173    23.4074    23.4040     9.5160     9.7410    290.577    297.450     2.8803     2.7643     0.1844     3.5843     3.1673     0.0586     0.0000 -125.00184   44.00018      99.85         22  0.000e+00
     118072   4919.625      4.373      4.409    14.8111    14.8211  39.016290  39.022771    14.8105    14.8204    31.6192    31.6170    23.4073    23.4035     9.5158     9.7407    290.572    297.440     2.8803     2.7643     0.1844     3.5843     3.1673     0.0586     0.0000 -125.00184   44.00018      99.88         22  0.000e+00
     118073   4919.667      4.440      4.476    14.8116    14.8217  39.016815  39.023165    14.8110    14.8211    31.6192    31.6167    23.4072    23.4032     9.5158     9.7407    290.571    297.439     2.8803     2.7643     0.1844     3.5843     3.1673     0.0586     0.0000 -125.00184   44.00018      99.85         22  0.000e+00
     118074   4919.708      4.373      4.409    14.8119    14.8223  39.016552  39.023493    14.8113    14.8216    31.6188    31.6166    23.4068    23.4030     9.5157     9.7405    290.568    297.433     2.8803     2.7643     0.1844     3.5843     3.1673     0.0586     0.0000 -125.00184   44.00018      99.85         22  0.000e+00
     118075   4919.750      4.373      4.409    14.8118    14.8228  39.016618  39.024608    14.8111    14.8221    31.6189    31.6172    23.4070    23.4033     9.5108     9.7403    290.420    297.429     2.8791     2.7643     0.1844     3.5843     3.1661     0.0586     0.0000 -125.00184   44.00018      98.56         22  0.000e+00
