WCOA/WCOA-6/CTD_Data/RB2102_CTD_101_01.ros
* Sea-Bird SBE 9 Data File:
* FileName = C:\Users\scs.user.rb\CTD\RB2102\Data\RB2102_CTD_101_01.hex
* Software Version Seasave V 7.26.7.107
* Temperature SN = 6202
* Conductivity SN = 4907
* Number of Bytes Per Scan = 41
* Number of Voltage Words = 4
* Number of Scans Averaged by the Deck Unit = 1
* NMEA Latitude = 36 48.54 N
* NMEA Longitude = 121 49.06 W
* NMEA UTC (Time) = Jul 15 2021  00:38:24
* NMEA baud rate = 4800
# nquan = 30
# nvalues = 606                                   
# units = specified
# name 0 = scan: Scan Count
# name 1 = timeS: Time, Elapsed [seconds]
# name 2 = depSM: Depth [salt water, m]
# name 3 = prDM: Pressure, Digiquartz [db]
# name 4 = t090C: Temperature [ITS-90, deg C]
# name 5 = t190C: Temperature, 2 [ITS-90, deg C]
# name 6 = c0mS/cm: Conductivity [mS/cm]
# name 7 = c1mS/cm: Conductivity, 2 [mS/cm]
# name 8 = potemp090C: Potential Temperature [ITS-90, deg C]
# name 9 = potemp190C: Potential Temperature, 2 [ITS-90, deg C]
# name 10 = sal00: Salinity, Practical [PSU]
# name 11 = sal11: Salinity, Practical, 2 [PSU]
# name 12 = sigma-é00: Density [sigma-theta, kg/m^3]
# name 13 = sigma-é11: Density, 2 [sigma-theta, kg/m^3]
# name 14 = sbeox0Mg/L: Oxygen, SBE 43 [mg/l]
# name 15 = sbeox1Mg/L: Oxygen, SBE 43, 2 [mg/l]
# name 16 = sbox0Mm/Kg: Oxygen, SBE 43 [umol/kg]
# name 17 = sbox1Mm/Kg: Oxygen, SBE 43, 2 [umol/kg]
# name 18 = sbeox0V: Oxygen raw, SBE 43 [V]
# name 19 = sbeox1V: Oxygen raw, SBE 43, 2 [V]
# name 20 = v4: Voltage 4
# name 21 = flECO-AFL: Fluorescence, WET Labs ECO-AFL/FL [mg/m^3]
# name 22 = v3: Voltage 3
# name 23 = v6: Voltage 6
# name 24 = v7: Voltage 7
# name 25 = longitude: Longitude [deg]
# name 26 = latitude: Latitude [deg]
# name 27 = altM: Altimeter [m]
# name 28 = nbf: Bottles Fired
# name 29 = flag:  0.000e+00
# interval = seconds: 0.0416667
# start_time = Jul 15 2021 00:38:24 [NMEA time, header]
# bad_flag = -9.990e-29
*END*
[from data line 436]
      21997    916.500      4.729      4.764    14.8299    14.4463  41.471220  41.182039    14.8292    14.4456    33.8295    33.8996    25.1066    25.2429     9.1063     9.0655    277.605    276.326     2.8095     2.6203     0.1600     2.9738     3.2161     0.2357     0.0781 -121.81778   36.80862      32.67         10  0.000e+00
      21998    916.542      4.881      4.918    14.8311    14.4524  41.470009  41.184185    14.8304    14.4516    33.8273    33.8962    25.1047    25.2390     9.1111     9.0699    277.754    276.461     2.8107     2.6215     0.1600     2.9738     3.2186     0.2357     0.0781 -121.81778   36.80862      32.75         10  0.000e+00
      21999    916.583      4.782      4.818    14.8318    14.4634  41.469672  41.181500    14.8311    14.4627    33.8264    33.8840    25.1039    25.2273     9.1109     9.0736    277.748    276.575     2.8107     2.6227     0.1600     2.9738     3.2161     0.2357     0.0781 -121.81778   36.80862      32.77         10  0.000e+00
      22000    916.625      4.795      4.831    14.8350    14.4551  41.472363  41.170437    14.8343    14.4544    33.8261    33.8812    25.1030    25.2269     9.1104     9.0858    277.732    276.950     2.8107     2.6252     0.1600     2.9738     3.2173     0.2357     0.0781 -121.81778   36.80862      32.77         10  0.000e+00
      22001    916.667      4.782      4.818    14.8434    14.4659  41.478351  41.164737    14.8427    14.4652    33.8243    33.8665    25.0997    25.2132     9.1089     9.0898    277.688    277.073     2.8107     2.6264     0.1600     2.9738     3.2173     0.2357     0.0781 -121.81778   36.80862      32.77         10  0.000e+00
      22002    916.708      4.729      4.764    14.8494    14.4761  41.482454  41.164534    14.8487    14.4754    33.8228    33.8574    25.0973    25.2040     9.1078     9.0934    277.655    277.187     2.8107     2.6276     0.1600     2.9738     3.2161     0.2357     0.0781 -121.81778   36.80862      32.75         10  0.000e+00
      22003    916.750      4.828      4.864    14.8503    14.4561  41.482253  41.160179    14.8496    14.4554    33.8219    33.8709    25.0963    25.2187     9.1078     9.1019    277.655    277.443     2.8107     2.6288     0.1600     2.9738     3.2173     0.2357     0.0781 -121.81778   36.80862      32.75         10  0.000e+00
      22004    916.792      4.729      4.764    14.8493    14.4383  41.481041  41.154885    14.8486    14.4377    33.8217    33.8816    25.0964    25.2307     9.1079     9.1099    277.658    277.683     2.8107     2.6300     0.1600     2.9738     3.2186     0.2357     0.0781 -121.81778   36.80862      32.72         10  0.000e+00
      22005    916.833      4.729      4.764    14.8501    14.4395  41.481849  41.153477    14.8494    14.4388    33.8217    33.8792    25.0962    25.2287     9.1078     9.1151    277.653    277.840     2.8107     2.6313     0.1600     2.9738     3.2173     0.2344     0.0781 -121.81778   36.80862      32.72         10  0.000e+00
      22006    916.875      4.782      4.818    14.8515    14.4387  41.483598  41.160852    14.8508    14.4380    33.8221    33.8867    25.0962    25.2346     9.1075     9.1201    277.647    277.992     2.8107     2.6325     0.1600     2.9738     3.2173     0.2344     0.0781 -121.81778   36.80862      32.72         10  0.000e+00
      22007    916.917      4.729      4.764    14.8522    14.4595  41.484002  41.168827    14.8514    14.4588    33.8219    33.8758    25.0959    25.2218     9.1121     9.1218    277.787    278.047     2.8120     2.6337     0.1575     2.9127     3.2186     0.2357     0.0781 -121.81778   36.80862      32.72         10  0.000e+00
      22008    916.958      4.729      4.764    14.8501    14.4728  41.483194  41.168021    14.8494    14.4721    33.8229    33.8635    25.0972    25.2094     9.1125     9.1251    277.797    278.151     2.8120     2.6349     0.1575     2.9127     3.2173     0.2357     0.0781 -121.81778   36.80862      32.75         10  0.000e+00
      22009    917.000      4.749      4.784    14.8478    14.4725  41.481311  41.164803    14.8471    14.4718    33.8232    33.8608    25.0979    25.2074     9.1129     9.1253    277.810    278.159     2.8120     2.6349     0.1563     2.8822     3.2173     0.2357     0.0781 -121.81778   36.80862      32.75         10  0.000e+00
      22010    917.042      4.729      4.764    14.8456    14.4800  41.480234  41.167685    14.8449    14.4794    33.8242    33.8568    25.0991    25.2027     9.1132     9.1293    277.820    278.281     2.8120     2.6361     0.1575     2.9127     3.2173     0.2344     0.0781 -121.81778   36.80862      32.77         10  0.000e+00
      22011    917.083      4.729      4.764    14.8447    14.4952  41.480840  41.173784    14.8440    14.4945    33.8254    33.8492    25.1003    25.1936     9.1133     9.1320    277.822    278.365     2.8120     2.6374     0.1575     2.9127     3.2186     0.2332     0.0781 -121.81778   36.80862      32.77         10  0.000e+00
      22012    917.125      4.683      4.717    14.8457    14.5130  41.484137  41.177805    14.8450    14.5123    33.8276    33.8373    25.1017    25.1807     9.1130     9.1291    277.811    278.280     2.8120     2.6374     0.1575     2.9127     3.2186     0.2332     0.0781 -121.81778   36.80862      32.77         10  0.000e+00
      22013    917.167      4.729      4.764    14.8461    14.5252  41.487502  41.181425    14.8454    14.5245    33.8303    33.8300    25.1038    25.1724     9.1128     9.1324    277.805    278.383     2.8120     2.6386     0.1575     2.9127     3.2173     0.2332     0.0781 -121.81778   36.80862      32.77         10  0.000e+00
      22014    917.208      4.683      4.717    14.8479    14.5343  41.489117  41.184575    14.8472    14.5336    33.8302    33.8250    25.1033    25.1666     9.1124     9.1360    277.793    278.497     2.8120     2.6398     0.1575     2.9127     3.2173     0.2332     0.0781 -121.81778   36.80862      32.77         10  0.000e+00
      22015    917.250      4.729      4.764    14.8511    14.5382  41.490731  41.188129    14.8504    14.5375    33.8289    33.8248    25.1016    25.1656     9.1119     9.1353    277.780    278.475     2.8120     2.6398     0.1575     2.9127     3.2173     0.2332     0.0781 -121.81778   36.80862      32.80         10  0.000e+00
      22016    917.292      4.729      4.764    14.8540    14.5362  41.491404  41.191617    14.8533    14.5355    33.8270    33.8298    25.0995    25.1699     9.1115     9.1407    277.767    278.637     2.8120     2.6410     0.1575     2.9127     3.2173     0.2320     0.0781 -121.81778   36.80862      32.80         10  0.000e+00
      22017    917.333      4.650      4.684    14.8562    14.5313  41.492346  41.194903    14.8555    14.5306    33.8260    33.8371    25.0982    25.1766     9.1111     9.1411    277.754    278.649     2.8120     2.6410     0.1575     2.9127     3.2173     0.2320     0.0781 -121.81778   36.80862      32.80         10  0.000e+00
      22018    917.375      4.683      4.717    14.8565    14.5343  41.493423  41.199263    14.8558    14.5336    33.8267    33.8384    25.0987    25.1770     9.1110     9.1457    277.752    278.789     2.8120     2.6422     0.1575     2.9127     3.2173     0.2320     0.0781 -121.81778   36.80862      32.80         10  0.000e+00
      22019    917.417      4.683      4.717    14.8560    14.5401  41.494499  41.203554    14.8553    14.5394    33.8281    33.8373    25.0999    25.1749     9.1110     9.1447    277.752    278.757     2.8120     2.6422     0.1575     2.9127     3.2173     0.2320     0.0781 -121.81778   36.80862      32.80         10  0.000e+00
      22020    917.458      4.729      4.764    14.8566    14.5482  41.495846  41.206505    14.8559    14.5475    33.8288    33.8330    25.1003    25.1698     9.1109     9.1434    277.749    278.719     2.8120     2.6422     0.1575     2.9127     3.2161     0.2320     0.0781 -121.81778   36.80862      32.80         10  0.000e+00
      22021    917.500      4.636      4.671    14.8569    14.5616  41.494836  41.208381    14.8562    14.5609    33.8277    33.8230    25.0994    25.1593     9.1108     9.1412    277.746    278.655     2.8120     2.6422     0.1575     2.9127     3.2173     0.2320     0.0781 -121.81778   36.80862      32.80         10  0.000e+00
      22022    917.542      4.683      4.717    14.8562    14.5705  41.493624  41.208916    14.8555    14.5698    33.8271    33.8157    25.0991    25.1517     9.1110     9.1451    277.753    278.777     2.8120     2.6435     0.1575     2.9127     3.2173     0.2320     0.0781 -121.81778   36.80862      32.80         10  0.000e+00
      22023    917.583      4.683      4.717    14.8553    14.5531  41.491942  41.204291    14.8546    14.5524    33.8263    33.8266    25.0987    25.1639     9.1113     9.1479    277.759    278.859     2.8120     2.6435     0.1575     2.9127     3.2173     0.2320     0.0781 -121.81778   36.80862      32.80         10  0.000e+00
      22024    917.625      4.683      4.717    14.8535    14.5304  41.491269  41.197721    14.8528    14.5297    33.8274    33.8404    25.0999    25.1793     9.1115     9.1516    277.768    278.967     2.8120     2.6435     0.1575     2.9127     3.2173     0.2320     0.0781 -121.81778   36.80862      32.80         10  0.000e+00
      22025    917.667      4.636      4.671    14.8515    14.5230  41.492010  41.196380    14.8508    14.5223    33.8298    33.8457    25.1022    25.1850     9.1117     9.1527    277.773    279.000     2.8120     2.6435     0.1575     2.9127     3.2173     0.2320     0.0781 -121.81778   36.80862      32.80         10  0.000e+00
      22026    917.708      4.696      4.731    14.8498    14.5275  41.494097  41.201477    14.8491    14.5268    33.8331    33.8464    25.1051    25.1846     9.1119     9.1518    277.778    278.973     2.8120     2.6435     0.1575     2.9127     3.2173     0.2320     0.0781 -121.81778   36.80862      32.82         10  0.000e+00
      22027    917.750      4.636      4.671    14.8494    14.5296  41.495308  41.209861    14.8487    14.5289    33.8346    33.8523    25.1063    25.1887     9.1118     9.1510    277.775    278.948     2.8120     2.6435     0.1575     2.9127     3.2173     0.2320     0.0781 -121.81778   36.80862      32.87         10  0.000e+00
      22028    917.792      4.683      4.717    14.8503    14.5372  41.495510  41.215562    14.8496    14.5365    33.8340    33.8509    25.1057    25.1859     9.1118     9.1549    277.773    279.066     2.8120     2.6447     0.1587     2.9433     3.2173     0.2320     0.0781 -121.81778   36.80862      32.87         10  0.000e+00
      23506    979.375      3.312      3.337    14.9011    14.8850  41.554134  41.523140    14.9006    14.8845    33.8437    33.8295    25.1021    25.0947     9.1432     9.2317    278.733    281.432     2.8230     2.6789     0.1563     2.8822     3.2161     0.5128     0.2308 -121.81780   36.80858      34.16         11  0.000e+00
      23507    979.417      3.365      3.390    14.9067    14.8823  41.556894  41.521392    14.9062    14.8818    33.8414    33.8302    25.0991    25.0958     9.1424     9.2374    278.708    281.606     2.8230     2.6801     0.1563     2.8822     3.2149     0.5128     0.2295 -121.81780   36.80858      34.14         11  0.000e+00
      23508    979.458      3.266      3.290    14.9099    14.8808  41.557836  41.521324    14.9094    14.8803    33.8395    33.8316    25.0970    25.0972     9.1418     9.2324    278.690    281.451     2.8230     2.6789     0.1563     2.8822     3.2161     0.5140     0.2295 -121.81780   36.80858      34.16         11  0.000e+00
      23509    979.500      3.266      3.290    14.9124    14.8808  41.558038  41.522468    14.9119    14.8803    33.8375    33.8326    25.0949    25.0980     9.1414     9.2323    278.679    281.449     2.8230     2.6789     0.1563     2.8822     3.2161     0.5153     0.2308 -121.81780   36.80858      34.11         11  0.000e+00
      23510    979.542      3.332      3.357    14.9131    14.8789  41.556759  41.522267    14.9126    14.8784    33.8357    33.8340    25.0934    25.0995     9.1415     9.2327    278.681    281.460     2.8230     2.6789     0.1563     2.8822     3.2149     0.5153     0.2308 -121.81780   36.80858      34.11         11  0.000e+00
      23511    979.583      3.266      3.290    14.9122    14.8762  41.554940  41.522670    14.9118    14.8758    33.8348    33.8367    25.0929    25.1021     9.1416     9.2330    278.686    281.468     2.8230     2.6789     0.1563     2.8822     3.2161     0.5165     0.2308 -121.81780   36.80858      34.11         11  0.000e+00
      23512    979.625      3.266      3.290    14.9103    14.8764  41.552247  41.525765    14.9098    14.8759    33.8341    33.8394    25.0927    25.1042     9.1420     9.2328    278.698    281.462     2.8230     2.6789     0.1563     2.8822     3.2149     0.5165     0.2308 -121.81780   36.80858      34.11         11  0.000e+00
      23513    979.667      3.312      3.337    14.9069    14.8820  41.548409  41.531619    14.9064    14.8815    33.8335    33.8399    25.0931    25.1033     9.1427     9.2317    278.720    281.430     2.8230     2.6789     0.1563     2.8822     3.2149     0.5165     0.2308 -121.81780   36.80858      34.11         11  0.000e+00
      23514    979.708      3.266      3.290    14.9037    14.8889  41.544100  41.537809    14.9032    14.8884    33.8324    33.8395    25.0929    25.1015     9.1433     9.2303    278.738    281.387     2.8230     2.6789     0.1563     2.8822     3.2161     0.5165     0.2308 -121.81780   36.80858      34.11         11  0.000e+00
      23515    979.750      3.219      3.243    14.8986    14.8907  41.539724  41.542115    14.8981    14.8903    33.8328    33.8419    25.0943    25.1029     9.1442     9.2246    278.764    281.213     2.8230     2.6777     0.1563     2.8822     3.2161     0.5177     0.2308 -121.81780   36.80858      34.14         11  0.000e+00
      23516    979.792      3.266      3.290    14.8945    14.8956  41.538176  41.546153    14.8941    14.8951    33.8349    33.8413    25.0968    25.1015     9.1449     9.2237    278.785    281.187     2.8230     2.6777     0.1563     2.8822     3.2149     0.5177     0.2308 -121.81780   36.80858      34.16         11  0.000e+00
      23517    979.833      3.219      3.243    14.8927    14.9018  41.538311  41.549853    14.8922    14.9013    33.8367    33.8393    25.0985    25.0986     9.1451     9.2225    278.790    281.152     2.8230     2.6777     0.1563     2.8822     3.2149     0.5165     0.2308 -121.81780   36.80858      34.16         11  0.000e+00
      23518    979.875      3.266      3.290    14.8931    14.9043  41.540196  41.551401    14.8926    14.9038    33.8381    33.8385    25.0995    25.0975     9.1450     9.2221    278.787    281.140     2.8230     2.6777     0.1563     2.8822     3.2161     0.5165     0.2295 -121.81780   36.80858      34.16         11  0.000e+00
      23519    979.917      3.219      3.243    14.8983    14.9047  41.545178  41.551805    14.8978    14.9042    33.8381    33.8385    25.0984    25.0974     9.1440     9.2220    278.756    281.136     2.8230     2.6777     0.1563     2.8822     3.2161     0.5153     0.2295 -121.81780   36.80858      34.16         11  0.000e+00
      23520    979.958      3.219      3.243    14.9049    14.9041  41.549285  41.551603    14.9044    14.9036    33.8361    33.8389    25.0955    25.0978     9.1428     9.2221    278.723    281.139     2.8230     2.6777     0.1563     2.8822     3.2161     0.5177     0.2308 -121.81780   36.80858      34.16         11  0.000e+00
