WCOA/WCOA-6/CTD_Data/RB2102_CTD_071_01.ros
* Sea-Bird SBE 9 Data File:
* FileName = C:\Users\scs.user.rb\CTD\RB2102\Data\RB2102_CTD_071_01.hex
* Software Version Seasave V 7.26.7.107
* Temperature SN = 6202
* Conductivity SN = 4907
* Number of Bytes Per Scan = 41
* Number of Voltage Words = 4
* Number of Scans Averaged by the Deck Unit = 1
* NMEA Latitude = 40 06.02 N
* NMEA Longitude = 124 42.82 W
* NMEA UTC (Time) = Jul 07 2021  23:51:19
* NMEA baud rate = 4800
# nquan = 30
# nvalues = 1042                                  
# units = specified
# name 0 = scan: Scan Count
# name 1 = timeS: Time, Elapsed [seconds]
# name 2 = depSM: Depth [salt water, m]
# name 3 = prDM: Pressure, Digiquartz [db]
# name 4 = t090C: Temperature [ITS-90, deg C]
# name 5 = t190C: Temperature, 2 [ITS-90, deg C]
# name 6 = c0mS/cm: Conductivity [mS/cm]
# name 7 = c1mS/cm: Conductivity, 2 [mS/cm]
# name 8 = potemp090C: Potential Temperature [ITS-90, deg C]
# name 9 = potemp190C: Potential Temperature, 2 [ITS-90, deg C]
# name 10 = sal00: Salinity, Practical [PSU]
# name 11 = sal11: Salinity, Practical, 2 [PSU]
# name 12 = sigma-é00: Density [sigma-theta, kg/m^3]
# name 13 = sigma-é11: Density, 2 [sigma-theta, kg/m^3]
# name 14 = sbeox0Mg/L: Oxygen, SBE 43 [mg/l]
# name 15 = sbeox1Mg/L: Oxygen, SBE 43, 2 [mg/l]
# name 16 = sbox0Mm/Kg: Oxygen, SBE 43 [umol/kg]
# name 17 = sbox1Mm/Kg: Oxygen, SBE 43, 2 [umol/kg]
# name 18 = sbeox0V: Oxygen raw, SBE 43 [V]
# name 19 = sbeox1V: Oxygen raw, SBE 43, 2 [V]
# name 20 = v4: Voltage 4
# name 21 = flECO-AFL: Fluorescence, WET Labs ECO-AFL/FL [mg/m^3]
# name 22 = v3: Voltage 3
# name 23 = v6: Voltage 6
# name 24 = v7: Voltage 7
# name 25 = longitude: Longitude [deg]
# name 26 = latitude: Latitude [deg]
# name 27 = altM: Altimeter [m]
# name 28 = nbf: Bottles Fired
# name 29 = flag:  0.000e+00
# interval = seconds: 0.0416667
# start_time = Jul 07 2021 23:51:19 [NMEA time, header]
# bad_flag = -9.990e-29
*END*
[from data line 967]
      89527   3730.250      3.600      3.628    14.2431    14.2444  39.737160  39.739102    14.2426    14.2439    32.7473    32.7479    24.3964    24.3966     8.5507     8.8621    260.849    270.349     2.6276     2.5495     0.0659     0.6234     3.2381     0.0061     0.0049 -124.71654   40.09994      99.41         21  0.000e+00
      89528   3730.292      3.580      3.608    14.2428    14.2444  39.737093  39.739168    14.2423    14.2439    32.7474    32.7480    24.3966    24.3967     8.5507     8.8621    260.850    270.348     2.6276     2.5495     0.0672     0.6539     3.2381     0.0061     0.0049 -124.71654   40.09994      77.07         21  0.000e+00
      89529   3730.333      3.580      3.608    14.2429    14.2444  39.737226  39.739300    14.2424    14.2439    32.7475    32.7481    24.3966    24.3968     8.5507     8.8621    260.849    270.348     2.6276     2.5495     0.0672     0.6539     3.2381     0.0061     0.0049 -124.71654   40.09994      62.95         21  0.000e+00
      89530   3730.375      3.580      3.608    14.2428    14.2441  39.737093  39.738705    14.2423    14.2436    32.7474    32.7478    24.3966    24.3966     8.5507     8.8622    260.850    270.350     2.6276     2.5495     0.0672     0.6539     3.2369     0.0061     0.0049 -124.71654   40.09994      61.34         21  0.000e+00
      89531   3730.417      3.580      3.608    14.2431    14.2442  39.736697  39.739036    14.2426    14.2437    32.7468    32.7480    24.3961    24.3967     8.5507     8.8621    260.849    270.349     2.6276     2.5495     0.0672     0.6539     3.2357     0.0061     0.0049 -124.71654   40.09994      62.59         21  0.000e+00
      89532   3730.458      3.633      3.661    14.2430    14.2442  39.736631  39.738706    14.2425    14.2437    32.7468    32.7477    24.3961    24.3965     8.5508     8.8622    260.852    270.352     2.6276     2.5495     0.0672     0.6539     3.2369     0.0061     0.0049 -124.71654   40.09994      63.20         21  0.000e+00
      89533   3730.500      3.633      3.661    14.2427    14.2444  39.736895  39.738838    14.2422    14.2439    32.7473    32.7476    24.3965    24.3964     8.5508     8.8622    260.852    270.351     2.6276     2.5495     0.0672     0.6539     3.2381     0.0061     0.0049 -124.71654   40.09994      64.25         21  0.000e+00
      89534   3730.542      3.633      3.661    14.2430    14.2442  39.737226  39.738970    14.2425    14.2437    32.7474    32.7479    24.3965    24.3967     8.5556     8.8622    260.999    270.351     2.6288     2.5495     0.0659     0.6234     3.2357     0.0061     0.0049 -124.71654   40.09994      87.06         21  0.000e+00
      89535   3730.583      3.679      3.708    14.2431    14.2444  39.737557  39.738970    14.2425    14.2439    32.7476    32.7477    24.3967    24.3965     8.5508     8.8622    260.851    270.352     2.6276     2.5495     0.0672     0.6539     3.2369     0.0061     0.0049 -124.71654   40.09994     100.00         21  0.000e+00
      89536   3730.625      3.679      3.708    14.2432    14.2442  39.737689  39.738970    14.2426    14.2437    32.7476    32.7479    24.3967    24.3966     8.5556     8.8622    260.999    270.353     2.6288     2.5495     0.0672     0.6539     3.2369     0.0061     0.0049 -124.71654   40.09994     100.00         21  0.000e+00
      89537   3730.667      3.679      3.708    14.2438    14.2441  39.738152  39.738640    14.2432    14.2436    32.7476    32.7477    24.3965    24.3965     8.5555     8.8623    260.996    270.354     2.6288     2.5495     0.0672     0.6539     3.2369     0.0061     0.0049 -124.71654   40.09994     100.00         21  0.000e+00
      89538   3730.708      3.726      3.754    14.2433    14.2442  39.738350  39.738772    14.2428    14.2437    32.7481    32.7477    24.3970    24.3965     8.5556     8.8676    260.999    270.516     2.6288     2.5507     0.0672     0.6539     3.2369     0.0061     0.0049 -124.71654   40.09994      99.68         21  0.000e+00
      89539   3730.750      3.779      3.808    14.2438    14.2441  39.738351  39.738640    14.2432    14.2435    32.7477    32.7477    24.3966    24.3965     8.5556     8.8624    260.999    270.358     2.6288     2.5495     0.0672     0.6539     3.2369     0.0061     0.0049 -124.71654   40.09994      99.73         21  0.000e+00
      89540   3730.792      3.779      3.808    14.2435    14.2439  39.738152  39.738574    14.2430    14.2434    32.7477    32.7478    24.3967    24.3966     8.5557     8.8624    261.001    270.359     2.6288     2.5495     0.0672     0.6539     3.2381     0.0061     0.0049 -124.71654   40.09994      99.71         21  0.000e+00
      89541   3730.833      3.825      3.854    14.2438    14.2441  39.738814  39.738574    14.2432    14.2435    32.7481    32.7476    24.3969    24.3965     8.5605     8.8677    261.149    270.521     2.6300     2.5507     0.0672     0.6539     3.2381     0.0061     0.0049 -124.71654   40.09994      99.68         21  0.000e+00
      89542   3730.875      3.825      3.854    14.2435    14.2439  39.738814  39.738574    14.2430    14.2434    32.7483    32.7478    24.3971    24.3966     8.5606     8.8678    261.150    270.522     2.6300     2.5507     0.0672     0.6539     3.2381     0.0061     0.0049 -124.71654   40.09994      99.68         21  0.000e+00
      89543   3730.917      3.871      3.901    14.2434    14.2441  39.738748  39.738574    14.2429    14.2435    32.7483    32.7476    24.3972    24.3965     8.5606     8.8678    261.152    270.522     2.6300     2.5507     0.0672     0.6539     3.2369     0.0061     0.0049 -124.71654   40.09994      99.68         21  0.000e+00
      89544   3730.958      3.891      3.921    14.2433    14.2441  39.738417  39.738773    14.2428    14.2435    32.7481    32.7478    24.3970    24.3966     8.5607     8.8678    261.154    270.523     2.6300     2.5507     0.0672     0.6539     3.2369     0.0061     0.0049 -124.71654   40.09994      99.68         21  0.000e+00
      89545   3731.000      3.971      4.001    14.2434    14.2441  39.738880  39.739170    14.2428    14.2435    32.7484    32.7481    24.3972    24.3968     8.5607     8.8679    261.155    270.525     2.6300     2.5507     0.0672     0.6539     3.2381     0.0061     0.0049 -124.71654   40.09994      99.68         21  0.000e+00
      89546   3731.042      3.971      4.001    14.2432    14.2441  39.738550  39.739500    14.2426    14.2435    32.7483    32.7484    24.3972    24.3971     8.5657     8.8679    261.305    270.524     2.6313     2.5507     0.0672     0.6539     3.2381     0.0061     0.0049 -124.71654   40.09994      99.68         21  0.000e+00
      89547   3731.083      4.023      4.055    14.2431    14.2439  39.738352  39.739368    14.2425    14.2433    32.7482    32.7484    24.3971    24.3971     8.5657     8.8679    261.308    270.527     2.6313     2.5507     0.0672     0.6539     3.2381     0.0061     0.0049 -124.71654   40.09994      99.68         21  0.000e+00
      89548   3731.125      4.023      4.055    14.2433    14.2437  39.738352  39.739302    14.2428    14.2431    32.7480    32.7485    24.3969    24.3972     8.5657     8.8680    261.307    270.528     2.6313     2.5507     0.0659     0.6234     3.2381     0.0061     0.0049 -124.71654   40.09994      99.68         21  0.000e+00
      89549   3731.167      4.070      4.101    14.2436    14.2439  39.738616  39.739302    14.2430    14.2433    32.7480    32.7483    24.3969    24.3971     8.5706     8.8680    261.456    270.529     2.6325     2.5507     0.0672     0.6539     3.2369     0.0061     0.0049 -124.71654   40.09994      99.68         21  0.000e+00
      89550   3731.208      4.070      4.101    14.2435    14.2436  39.738220  39.739302    14.2429    14.2430    32.7477    32.7486    24.3966    24.3974     8.5706     8.8681    261.457    270.530     2.6325     2.5507     0.0708     0.7455     3.2369     0.0061     0.0049 -124.71654   40.09994      99.68         21  0.000e+00
      89551   3731.250      4.169      4.201    14.2436    14.2432  39.738286  39.738972    14.2430    14.2427    32.7476    32.7486    24.3966    24.3974     8.5707     8.8682    261.460    270.536     2.6325     2.5507     0.0733     0.8065     3.2381     0.0061     0.0049 -124.71654   40.09994      99.68         21  0.000e+00
      89552   3731.292      4.116      4.148    14.2432    14.2433  39.738617  39.739170    14.2426    14.2427    32.7483    32.7487    24.3972    24.3975     8.5707     8.8682    261.459    270.533     2.6325     2.5507     0.0745     0.8370     3.2381     0.0061     0.0049 -124.71654   40.09994      99.68         21  0.000e+00
      89553   3731.333      4.215      4.248    14.2431    14.2431  39.738749  39.739038    14.2425    14.2425    32.7485    32.7487    24.3974    24.3976     8.5708     8.8683    261.462    270.538     2.6325     2.5507     0.0745     0.8370     3.2381     0.0061     0.0049 -124.71654   40.09994      99.68         22  0.000e+00
      89554   3731.375      4.169      4.201    14.2433    14.2429  39.738947  39.739170    14.2427    14.2423    32.7485    32.7490    24.3973    24.3978     8.5707     8.8683    261.460    270.537     2.6325     2.5507     0.0745     0.8370     3.2381     0.0061     0.0049 -124.71654   40.09994      99.68         22  0.000e+00
      89555   3731.417      4.215      4.248    14.2432    14.2427  39.738815  39.739303    14.2426    14.2421    32.7484    32.7493    24.3973    24.3980     8.5708     8.8683    261.462    270.539     2.6325     2.5507     0.0745     0.8370     3.2381     0.0061     0.0049 -124.71654   40.09994      99.68         22  0.000e+00
      89556   3731.458      4.268      4.301    14.2435    14.2429  39.739212  39.739039    14.2429    14.2423    32.7485    32.7489    24.3973    24.3977     8.5757     8.8684    261.611    270.540     2.6337     2.5507     0.0745     0.8370     3.2381     0.0061     0.0049 -124.71654   40.09994      99.71         22  0.000e+00
      89557   3731.500      4.268      4.301    14.2434    14.2432  39.738617  39.739171    14.2428    14.2426    32.7480    32.7487    24.3969    24.3975     8.5708     8.8683    261.463    270.539     2.6325     2.5507     0.0745     0.8370     3.2369     0.0061     0.0049 -124.71654   40.09994      99.68         22  0.000e+00
      89558   3731.542      4.315      4.348    14.2433    14.2431  39.738617  39.739501    14.2427    14.2425    32.7481    32.7491    24.3970    24.3979     8.5758     8.8631    261.614    270.379     2.6337     2.5495     0.0745     0.8370     3.2369     0.0061     0.0049 -124.71654   40.09994      82.74         22  0.000e+00
      89559   3731.583      4.282      4.315    14.2436    14.2429  39.738419  39.739369    14.2430    14.2423    32.7477    32.7491    24.3967    24.3979     8.5757     8.8631    261.612    270.379     2.6337     2.5495     0.0745     0.8370     3.2357     0.0061     0.0049 -124.71654   40.09994      67.30         22  0.000e+00
      89560   3731.625      4.414      4.448    14.2433    14.2429  39.738353  39.739039    14.2427    14.2423    32.7478    32.7488    24.3968    24.3977     8.5759     8.8686    261.618    270.546     2.6337     2.5507     0.0745     0.8370     3.2357     0.0061     0.0049 -124.71654   40.09994      64.59         22  0.000e+00
      89561   3731.667      4.315      4.348    14.2431    14.2426  39.738353  39.738973    14.2425    14.2419    32.7481    32.7491    24.3970    24.3979     8.5758     8.8632    261.615    270.382     2.6337     2.5495     0.0745     0.8370     3.2357     0.0061     0.0049 -124.71654   40.09994      65.69         22  0.000e+00
      89562   3731.708      4.414      4.448    14.2433    14.2429  39.738618  39.738973    14.2427    14.2423    32.7481    32.7488    24.3970    24.3976     8.5808     8.8633    261.766    270.384     2.6349     2.5495     0.0733     0.8065     3.2369     0.0061     0.0049 -124.71654   40.09994      66.37         22  0.000e+00
      89563   3731.750      4.414      4.448    14.2436    14.2429  39.738750  39.739700    14.2430    14.2423    32.7480    32.7494    24.3969    24.3981     8.5807     8.8632    261.765    270.383     2.6349     2.5495     0.0745     0.8370     3.2381     0.0061     0.0049 -124.71654   40.09994      67.79         22  0.000e+00
      89564   3731.792      4.460      4.495    14.2432    14.2431  39.738221  39.739700    14.2425    14.2424    32.7478    32.7493    24.3968    24.3980     8.5760     8.8633    261.620    270.384     2.6337     2.5495     0.0745     0.8370     3.2369     0.0061     0.0049 -124.71654   40.09994      88.89         22  0.000e+00
      89565   3731.833      4.460      4.495    14.2434    14.2434  39.738287  39.739568    14.2428    14.2427    32.7477    32.7489    24.3967    24.3976     8.5759     8.8632    261.619    270.383     2.6337     2.5495     0.0745     0.8370     3.2369     0.0061     0.0049 -124.71654   40.09994     100.00         22  0.000e+00
      89566   3731.875      4.414      4.448    14.2435    14.2431  39.738618  39.739832    14.2429    14.2425    32.7479    32.7494    24.3968    24.3980     8.5759     8.8632    261.617    270.382     2.6337     2.5495     0.0745     0.8370     3.2369     0.0061     0.0049 -124.71654   40.09994     100.00         22  0.000e+00
      89567   3731.917      4.507      4.542    14.2434    14.2434  39.738750  39.739700    14.2428    14.2427    32.7481    32.7490    24.3970    24.3977     8.5760     8.8633    261.620    270.384     2.6337     2.5495     0.0745     0.8370     3.2369     0.0049     0.0049 -124.71654   40.09994     100.00         22  0.000e+00
      89568   3731.958      4.507      4.542    14.2435    14.2434  39.738949  39.739833    14.2429    14.2427    32.7482    32.7491    24.3970    24.3978     8.5759     8.8633    261.619    270.384     2.6337     2.5495     0.0745     0.8370     3.2381     0.0061     0.0049 -124.71654   40.09994      99.71         22  0.000e+00
      89569   3732.000      4.507      4.542    14.2436    14.2434  39.739544  39.739700    14.2429    14.2427    32.7487    32.7490    24.3974    24.3977     8.5759     8.8633    261.618    270.384     2.6337     2.5495     0.0745     0.8370     3.2381     0.0049     0.0049 -124.71654   40.09994      99.73         22  0.000e+00
      89570   3732.042      4.507      4.542    14.2437    14.2434  39.739213  39.739833    14.2430    14.2427    32.7483    32.7491    24.3971    24.3978     8.5759     8.8633    261.618    270.384     2.6337     2.5495     0.0745     0.8370     3.2381     0.0061     0.0049 -124.71654   40.09994      99.71         22  0.000e+00
      89571   3732.083      4.560      4.595    14.2436    14.2437  39.738817  39.739701    14.2429    14.2431    32.7480    32.7487    24.3969    24.3974     8.5760     8.8633    261.621    270.385     2.6337     2.5495     0.0745     0.8370     3.2381     0.0049     0.0049 -124.71654   40.09994      99.68         22  0.000e+00
      89572   3732.125      4.527      4.562    14.2435    14.2437  39.739213  39.739833    14.2429    14.2431    32.7484    32.7488    24.3972    24.3975     8.5759     8.8632    261.619    270.383     2.6337     2.5495     0.0745     0.8370     3.2381     0.0061     0.0049 -124.71654   40.09994      99.68         22  0.000e+00
      89573   3732.167      4.560      4.595    14.2434    14.2438  39.739147  39.739899    14.2428    14.2432    32.7484    32.7488    24.3972    24.3974     8.5711     8.8633    261.472    270.384     2.6325     2.5495     0.0745     0.8370     3.2381     0.0049     0.0049 -124.71654   40.09994      99.68         22  0.000e+00
      89574   3732.208      4.606      4.642    14.2435    14.2437  39.739081  39.739965    14.2428    14.2431    32.7483    32.7489    24.3971    24.3975     8.5760     8.8633    261.622    270.386     2.6337     2.5495     0.0745     0.8370     3.2369     0.0061     0.0049 -124.71654   40.09994      99.68         22  0.000e+00
