WCOA/WCOA-6/CTD_Data/RB2102_CTD_071_01.ros
* Sea-Bird SBE 9 Data File:
* FileName = C:\Users\scs.user.rb\CTD\RB2102\Data\RB2102_CTD_071_01.hex
* Software Version Seasave V 7.26.7.107
* Temperature SN = 6202
* Conductivity SN = 4907
* Number of Bytes Per Scan = 41
* Number of Voltage Words = 4
* Number of Scans Averaged by the Deck Unit = 1
* NMEA Latitude = 40 06.02 N
* NMEA Longitude = 124 42.82 W
* NMEA UTC (Time) = Jul 07 2021  23:51:19
* NMEA baud rate = 4800
# nquan = 30
# nvalues = 1042                                  
# units = specified
# name 0 = scan: Scan Count
# name 1 = timeS: Time, Elapsed [seconds]
# name 2 = depSM: Depth [salt water, m]
# name 3 = prDM: Pressure, Digiquartz [db]
# name 4 = t090C: Temperature [ITS-90, deg C]
# name 5 = t190C: Temperature, 2 [ITS-90, deg C]
# name 6 = c0mS/cm: Conductivity [mS/cm]
# name 7 = c1mS/cm: Conductivity, 2 [mS/cm]
# name 8 = potemp090C: Potential Temperature [ITS-90, deg C]
# name 9 = potemp190C: Potential Temperature, 2 [ITS-90, deg C]
# name 10 = sal00: Salinity, Practical [PSU]
# name 11 = sal11: Salinity, Practical, 2 [PSU]
# name 12 = sigma-é00: Density [sigma-theta, kg/m^3]
# name 13 = sigma-é11: Density, 2 [sigma-theta, kg/m^3]
# name 14 = sbeox0Mg/L: Oxygen, SBE 43 [mg/l]
# name 15 = sbeox1Mg/L: Oxygen, SBE 43, 2 [mg/l]
# name 16 = sbox0Mm/Kg: Oxygen, SBE 43 [umol/kg]
# name 17 = sbox1Mm/Kg: Oxygen, SBE 43, 2 [umol/kg]
# name 18 = sbeox0V: Oxygen raw, SBE 43 [V]
# name 19 = sbeox1V: Oxygen raw, SBE 43, 2 [V]
# name 20 = v4: Voltage 4
# name 21 = flECO-AFL: Fluorescence, WET Labs ECO-AFL/FL [mg/m^3]
# name 22 = v3: Voltage 3
# name 23 = v6: Voltage 6
# name 24 = v7: Voltage 7
# name 25 = longitude: Longitude [deg]
# name 26 = latitude: Latitude [deg]
# name 27 = altM: Altimeter [m]
# name 28 = nbf: Bottles Fired
# name 29 = flag:  0.000e+00
# interval = seconds: 0.0416667
# start_time = Jul 07 2021 23:51:19 [NMEA time, header]
# bad_flag = -9.990e-29
*END*
[from data line 774]
      81924   3413.458     29.499     29.729    13.9886    13.9888  39.577507  39.576041    13.9844    13.9846    32.8063    32.8048    24.4955    24.4943     8.5276     8.8095    260.121    268.719     2.6044     2.5201     0.1343     2.3328     3.2393     0.0000     0.0000 -124.71632   40.10000      99.68         16  0.000e+00
      81925   3413.500     29.499     29.729    13.9906    13.9891  39.578893  39.575579    13.9864    13.9849    32.8059    32.8041    24.4948    24.4937     8.5322     8.8095    260.261    268.718     2.6056     2.5201     0.1343     2.3328     3.2405     0.0000     0.0000 -124.71632   40.10000      99.66         16  0.000e+00
      81926   3413.542     29.446     29.675    13.9922    13.9889  39.579355  39.575249    13.9881    13.9848    32.8050    32.8040    24.4937    24.4936     8.5319     8.8095    260.252    268.717     2.6056     2.5201     0.1355     2.3633     3.2381     0.0000     0.0000 -124.71632   40.10000      99.66         16  0.000e+00
      81927   3413.583     29.499     29.729    13.9930    13.9886  39.580279  39.574985    13.9888    13.9844    32.8052    32.8040    24.4937    24.4937     8.5318     8.8096    260.249    268.721     2.6056     2.5201     0.1343     2.3328     3.2393     0.0000     0.0000 -124.71632   40.10000      99.63         16  0.000e+00
      81928   3413.625     29.446     29.675    13.9938    13.9884  39.580543  39.575117    13.9896    13.9842    32.8048    32.8043    24.4933    24.4940     8.5317     8.8095    260.244    268.720     2.6056     2.5201     0.1343     2.3328     3.2393     0.0000     0.0000 -124.71632   40.10000      99.66         16  0.000e+00
      81929   3413.667     29.399     29.629    13.9945    13.9882  39.580741  39.575446    13.9903    13.9841    32.8043    32.8048    24.4928    24.4944     8.5315     8.8148    260.239    268.881     2.6056     2.5214     0.1343     2.3328     3.2381     0.0000     0.0000 -124.71632   40.10000      99.68         16  0.000e+00
      81930   3413.708     29.452     29.682    13.9951    13.9884  39.581137  39.576304    13.9909    13.9842    32.8042    32.8054    24.4925    24.4948     8.5315     8.8148    260.238    268.881     2.6056     2.5214     0.1343     2.3328     3.2393     0.0000     0.0000 -124.71632   40.10000      99.66         16  0.000e+00
      81931   3413.750     29.499     29.729    13.9955    13.9884  39.581269  39.577360    13.9913    13.9842    32.8039    32.8064    24.4922    24.4956     8.5315     8.8095    260.238    268.718     2.6056     2.5201     0.1343     2.3328     3.2393     0.0000     0.0000 -124.71632   40.10000      99.66         16  0.000e+00
      81932   3413.792     29.399     29.629    13.9958    13.9894  39.580939  39.577822    13.9916    13.9853    32.8034    32.8060    24.4918    24.4951     8.5313     8.8092    260.234    268.709     2.6056     2.5201     0.1319     2.2717     3.2393     0.0000     0.0000 -124.71632   40.09998      99.66         16  0.000e+00
      81933   3413.833     29.399     29.629    13.9960    13.9896  39.581137  39.577954    13.9918    13.9854    32.8034    32.8059    24.4918    24.4950     8.5313     8.8092    260.233    268.708     2.6056     2.5201     0.1184     1.9359     3.2393     0.0000     0.0000 -124.71632   40.09998      99.66         16  0.000e+00
      84174   3507.208     19.802     19.956    14.2457    14.2370  39.750449  39.746238    14.2428    14.2341    32.7509    32.7544    24.3991    24.4036     8.5578     8.8548    261.064    270.125     2.6252     2.5433     0.0867     1.1423     3.2393     0.0049     0.0024 -124.71642   40.09996      99.68         17  0.000e+00
      84175   3507.250     19.808     19.962    14.2456    14.2373  39.750582  39.746767    14.2428    14.2345    32.7510    32.7546    24.3993    24.4037     8.5578     8.8548    261.065    270.123     2.6252     2.5433     0.0867     1.1423     3.2381     0.0049     0.0024 -124.71642   40.09996      99.68         17  0.000e+00
      84176   3507.292     19.848     20.002    14.2457    14.2377  39.750317  39.747163    14.2428    14.2348    32.7507    32.7546    24.3990    24.4037     8.5627     8.8547    261.215    270.122     2.6264     2.5433     0.0867     1.1423     3.2381     0.0049     0.0024 -124.71642   40.09996      99.68         17  0.000e+00
      84177   3507.333     19.755     19.909    14.2454    14.2387  39.750714  39.748088    14.2426    14.2358    32.7513    32.7547    24.3995    24.4035     8.5626     8.8491    261.213    269.951     2.6264     2.5421     0.0867     1.1423     3.2381     0.0049     0.0024 -124.71642   40.09996      99.68         17  0.000e+00
      84178   3507.375     19.848     20.002    14.2457    14.2395  39.750383  39.748816    14.2428    14.2367    32.7508    32.7546    24.3991    24.4033     8.5627     8.8544    261.215    270.112     2.6264     2.5433     0.0867     1.1423     3.2381     0.0061     0.0024 -124.71642   40.09996      99.68         17  0.000e+00
      84179   3507.417     19.808     19.962    14.2456    14.2405  39.750449  39.749014    14.2428    14.2377    32.7509    32.7539    24.3992    24.4026     8.5676     8.8489    261.363    269.944     2.6276     2.5421     0.0867     1.1423     3.2381     0.0061     0.0024 -124.71642   40.09996      99.68         17  0.000e+00
      84180   3507.458     19.848     20.002    14.2457    14.2409  39.750317  39.749014    14.2428    14.2380    32.7507    32.7536    24.3990    24.4023     8.5676     8.8489    261.364    269.944     2.6276     2.5421     0.0867     1.1423     3.2381     0.0049     0.0024 -124.71642   40.09996      99.66         17  0.000e+00
      84181   3507.500     19.755     19.909    14.2457    14.2417  39.750449  39.749542    14.2429    14.2389    32.7508    32.7534    24.3991    24.4019     8.5675     8.8486    261.361    269.936     2.6276     2.5421     0.0867     1.1423     3.2393     0.0049     0.0024 -124.71642   40.09996      99.68         17  0.000e+00
      84182   3507.542     19.855     20.009    14.2457    14.2419  39.751045  39.749675    14.2428    14.2390    32.7514    32.7533    24.3995    24.4018     8.5676     8.8487    261.363    269.939     2.6276     2.5421     0.0867     1.1423     3.2393     0.0049     0.0024 -124.71642   40.09996      99.68         17  0.000e+00
      84183   3507.583     19.802     19.956    14.2459    14.2426  39.750978  39.750468    14.2431    14.2398    32.7512    32.7535    24.3993    24.4018     8.5724     8.8485    261.510    269.933     2.6288     2.5421     0.0867     1.1423     3.2381     0.0049     0.0024 -124.71642   40.09996      99.68         17  0.000e+00
      84184   3507.625     19.855     20.009    14.2460    14.2434  39.751111  39.750203    14.2432    14.2405    32.7512    32.7526    24.3993    24.4009     8.5724     8.8485    261.511    269.932     2.6288     2.5421     0.0806     0.9897     3.2381     0.0061     0.0024 -124.71642   40.09996      99.68         17  0.000e+00
      84185   3507.667     19.848     20.002    14.2462    14.2441  39.750449  39.751063    14.2434    14.2412    32.7504    32.7528    24.3986    24.4009     8.5724     8.8483    261.511    269.927     2.6288     2.5421     0.0745     0.8370     3.2381     0.0061     0.0024 -124.71642   40.09996      99.68         17  0.000e+00
      84186   3507.708     19.808     19.962    14.2468    14.2451  39.750978  39.752186    14.2440    14.2422    32.7504    32.7530    24.3985    24.4009     8.5723     8.8428    261.507    269.758     2.6288     2.5409     0.0733     0.8065     3.2393     0.0049     0.0024 -124.71642   40.09996      99.68         17  0.000e+00
      84187   3507.750     19.802     19.956    14.2471    14.2461  39.751772  39.752450    14.2443    14.2432    32.7509    32.7524    24.3988    24.4002     8.5771     8.8426    261.653    269.753     2.6300     2.5409     0.0733     0.8065     3.2393     0.0049     0.0024 -124.71642   40.09996      99.68         17  0.000e+00
      84188   3507.792     19.855     20.009    14.2474    14.2468  39.751971  39.752451    14.2445    14.2439    32.7508    32.7518    24.3987    24.3996     8.5771     8.8425    261.654    269.752     2.6300     2.5409     0.0745     0.8370     3.2381     0.0049     0.0024 -124.71642   40.09996      99.68         17  0.000e+00
      84189   3507.833     19.848     20.002    14.2474    14.2474  39.751970  39.752450    14.2446    14.2446    32.7507    32.7512    24.3987    24.3990     8.5771     8.8424    261.653    269.749     2.6300     2.5409     0.0745     0.8370     3.2393     0.0061     0.0024 -124.71642   40.09996      99.68         17  0.000e+00
      84190   3507.875     19.808     19.962    14.2479    14.2480  39.751970  39.751657    14.2450    14.2452    32.7504    32.7500    24.3983    24.3979     8.5770     8.8424    261.650    269.746     2.6300     2.5409     0.0745     0.8370     3.2393     0.0049     0.0024 -124.71642   40.09996      99.68         17  0.000e+00
      84191   3507.917     19.848     20.002    14.2477    14.2483  39.751970  39.752450    14.2449    14.2454    32.7505    32.7505    24.3984    24.3983     8.5770     8.8423    261.652    269.745     2.6300     2.5409     0.0733     0.8065     3.2393     0.0049     0.0024 -124.71642   40.09996      99.68         17  0.000e+00
      84192   3507.958     19.802     19.956    14.2480    14.2488  39.751970  39.753045    14.2452    14.2459    32.7503    32.7506    24.3982    24.3983     8.5769     8.8422    261.649    269.740     2.6300     2.5409     0.0733     0.8065     3.2393     0.0049     0.0024 -124.71642   40.09996      99.68         17  0.000e+00
      84193   3508.000     19.855     20.009    14.2476    14.2491  39.751706  39.753376    14.2447    14.2463    32.7504    32.7506    24.3984    24.3982     8.5820     8.8422    261.802    269.740     2.6313     2.5409     0.0745     0.8370     3.2381     0.0049     0.0024 -124.71642   40.09996      99.68         17  0.000e+00
      84194   3508.042     19.802     19.956    14.2470    14.2493  39.751574  39.753706    14.2442    14.2465    32.7508    32.7508    24.3988    24.3983     8.5771     8.8421    261.654    269.737     2.6300     2.5409     0.0745     0.8370     3.2393     0.0049     0.0024 -124.71642   40.09996      99.68         17  0.000e+00
      84195   3508.083     19.855     20.009    14.2476    14.2495  39.752103  39.753838    14.2447    14.2466    32.7508    32.7507    24.3986    24.3982     8.5770     8.8368    261.653    269.576     2.6300     2.5397     0.0745     0.8370     3.2393     0.0049     0.0024 -124.71642   40.09996      99.68         17  0.000e+00
      84196   3508.125     19.848     20.002    14.2482    14.2496  39.752830  39.754037    14.2454    14.2468    32.7509    32.7508    24.3986    24.3982     8.5769     8.8367    261.649    269.575     2.6300     2.5397     0.0745     0.8370     3.2381     0.0049     0.0024 -124.71642   40.09996      99.68         17  0.000e+00
      84197   3508.167     19.808     19.962    14.2491    14.2496  39.753227  39.753904    14.2463    14.2468    32.7505    32.7507    24.3981    24.3981     8.5767     8.8367    261.643    269.574     2.6300     2.5397     0.0745     0.8370     3.2381     0.0061     0.0024 -124.71642   40.09996      99.68         17  0.000e+00
      84198   3508.208     19.848     20.002    14.2499    14.2496  39.753558  39.754037    14.2470    14.2468    32.7501    32.7508    24.3977    24.3982     8.5767     8.8367    261.641    269.575     2.6300     2.5397     0.0745     0.8370     3.2393     0.0049     0.0012 -124.71642   40.09996      99.68         17  0.000e+00
      84199   3508.250     19.808     19.962    14.2506    14.2497  39.753888  39.754169    14.2478    14.2469    32.7498    32.7508    24.3973    24.3983     8.5814     8.8367    261.785    269.573     2.6313     2.5397     0.0745     0.8370     3.2393     0.0049     0.0012 -124.71642   40.09996      99.68         17  0.000e+00
      84200   3508.292     19.848     20.002    14.2508    14.2500  39.754021  39.754169    14.2479    14.2471    32.7498    32.7506    24.3972    24.3980     8.5814     8.8367    261.786    269.573     2.6313     2.5397     0.0745     0.8370     3.2381     0.0049     0.0012 -124.71642   40.09996      99.68         17  0.000e+00
      84201   3508.333     19.808     19.962    14.2506    14.2503  39.753756  39.754169    14.2477    14.2475    32.7497    32.7504    24.3972    24.3978     8.5814     8.8366    261.786    269.571     2.6313     2.5397     0.0745     0.8370     3.2381     0.0049     0.0024 -124.71642   40.09996      99.68         17  0.000e+00
      84202   3508.375     19.802     19.956    14.2504    14.2501  39.753690  39.754433    14.2476    14.2473    32.7498    32.7508    24.3973    24.3981     8.5814     8.8366    261.786    269.571     2.6313     2.5397     0.0745     0.8370     3.2381     0.0061     0.0024 -124.71642   40.09996      99.68         17  0.000e+00
      84203   3508.417     19.802     19.956    14.2506    14.2503  39.753888  39.754235    14.2477    14.2475    32.7499    32.7504    24.3973    24.3978     8.5814     8.8366    261.785    269.570     2.6313     2.5397     0.0745     0.8370     3.2381     0.0049     0.0024 -124.71642   40.09996      99.68         17  0.000e+00
      84204   3508.458     19.855     20.009    14.2510    14.2503  39.754285  39.754433    14.2481    14.2474    32.7499    32.7506    24.3973    24.3979     8.5814     8.8366    261.785    269.572     2.6313     2.5397     0.0745     0.8370     3.2393     0.0049     0.0012 -124.71642   40.09996      99.68         17  0.000e+00
      84205   3508.500     19.802     19.956    14.2514    14.2503  39.754417  39.754565    14.2485    14.2475    32.7497    32.7507    24.3970    24.3980     8.5813     8.8366    261.781    269.570     2.6313     2.5397     0.0745     0.8370     3.2381     0.0049     0.0024 -124.71642   40.09996      99.68         17  0.000e+00
      84206   3508.542     19.808     19.962    14.2519    14.2506  39.754880  39.754565    14.2491    14.2478    32.7496    32.7504    24.3968    24.3977     8.5812     8.8312    261.779    269.407     2.6313     2.5385     0.0745     0.8370     3.2393     0.0049     0.0012 -124.71642   40.09996      99.71         17  0.000e+00
      84207   3508.583     19.802     19.956    14.2524    14.2506  39.755277  39.754764    14.2496    14.2478    32.7496    32.7507    24.3967    24.3979     8.5811     8.8312    261.776    269.406     2.6313     2.5385     0.0745     0.8370     3.2393     0.0049     0.0024 -124.71642   40.09996      99.68         17  0.000e+00
      84208   3508.625     19.808     19.962    14.2529    14.2506  39.755409  39.754896    14.2501    14.2478    32.7493    32.7507    24.3964    24.3980     8.5810     8.8312    261.774    269.406     2.6313     2.5385     0.0745     0.8370     3.2393     0.0049     0.0012 -124.71642   40.09996      99.68         17  0.000e+00
      84209   3508.667     19.802     19.956    14.2531    14.2510  39.755608  39.754896    14.2503    14.2482    32.7493    32.7504    24.3964    24.3977     8.5810     8.8312    261.773    269.405     2.6313     2.5385     0.0745     0.8370     3.2381     0.0049     0.0024 -124.71642   40.09996      99.68         17  0.000e+00
      84210   3508.708     19.755     19.909    14.2536    14.2510  39.755740  39.754896    14.2508    14.2482    32.7490    32.7505    24.3960    24.3977     8.5808     8.8311    261.769    269.403     2.6313     2.5385     0.0757     0.8676     3.2393     0.0049     0.0012 -124.71642   40.09996      99.68         17  0.000e+00
