WCOA/WCOA-6/CTD_Data/RB2102_CTD_079_01.ros
* Sea-Bird SBE 9 Data File:
* FileName = C:\Users\scs.user.rb\CTD\RB2102\Data\RB2102_CTD_079_01.hex
* Software Version Seasave V 7.26.7.107
* Temperature SN = 6202
* Conductivity SN = 4907
* Number of Bytes Per Scan = 41
* Number of Voltage Words = 4
* Number of Scans Averaged by the Deck Unit = 1
* NMEA Latitude = 37 44.96 N
* NMEA Longitude = 123 19.13 W
* NMEA UTC (Time) = Jul 10 2021  19:42:06
* NMEA baud rate = 4800
# nquan = 30
# nvalues = 1105                                  
# units = specified
# name 0 = scan: Scan Count
# name 1 = timeS: Time, Elapsed [seconds]
# name 2 = depSM: Depth [salt water, m]
# name 3 = prDM: Pressure, Digiquartz [db]
# name 4 = t090C: Temperature [ITS-90, deg C]
# name 5 = t190C: Temperature, 2 [ITS-90, deg C]
# name 6 = c0mS/cm: Conductivity [mS/cm]
# name 7 = c1mS/cm: Conductivity, 2 [mS/cm]
# name 8 = potemp090C: Potential Temperature [ITS-90, deg C]
# name 9 = potemp190C: Potential Temperature, 2 [ITS-90, deg C]
# name 10 = sal00: Salinity, Practical [PSU]
# name 11 = sal11: Salinity, Practical, 2 [PSU]
# name 12 = sigma-é00: Density [sigma-theta, kg/m^3]
# name 13 = sigma-é11: Density, 2 [sigma-theta, kg/m^3]
# name 14 = sbeox0Mg/L: Oxygen, SBE 43 [mg/l]
# name 15 = sbeox1Mg/L: Oxygen, SBE 43, 2 [mg/l]
# name 16 = sbox0Mm/Kg: Oxygen, SBE 43 [umol/kg]
# name 17 = sbox1Mm/Kg: Oxygen, SBE 43, 2 [umol/kg]
# name 18 = sbeox0V: Oxygen raw, SBE 43 [V]
# name 19 = sbeox1V: Oxygen raw, SBE 43, 2 [V]
# name 20 = v4: Voltage 4
# name 21 = flECO-AFL: Fluorescence, WET Labs ECO-AFL/FL [mg/m^3]
# name 22 = v3: Voltage 3
# name 23 = v6: Voltage 6
# name 24 = v7: Voltage 7
# name 25 = longitude: Longitude [deg]
# name 26 = latitude: Latitude [deg]
# name 27 = altM: Altimeter [m]
# name 28 = nbf: Bottles Fired
# name 29 = flag:  0.000e+00
# interval = seconds: 0.0416667
# start_time = Jul 10 2021 19:42:06 [NMEA time, header]
# bad_flag = -9.990e-29
*END*
[from data line 774]
     109965   4581.833     39.872     40.176    11.1486    11.1311  37.997783  37.987420    11.1437    11.1262    33.8046    33.8105    25.8189    25.8266     6.0554     6.2446    184.472    190.235     1.9084     1.8510     0.0440     0.0739     3.2259     0.0000     0.0000 -123.32014   37.74864      99.32         16  0.000e+00
     109966   4581.875     39.879     40.182    11.1501    11.1309  37.998952  37.987355    11.1452    11.1260    33.8044    33.8105    25.8184    25.8267     6.0605     6.2503    184.625    190.408     1.9096     1.8523     0.0452     0.1044     3.2247     0.0000     0.0000 -123.32014   37.74864      99.32         16  0.000e+00
     109967   4581.917     39.872     40.176    11.1518    11.1312  38.000186  37.987161    11.1469    11.1263    33.8041    33.8101    25.8179    25.8263     6.0602     6.2503    184.619    190.407     1.9096     1.8523     0.0452     0.1044     3.2247     0.0000     0.0000 -123.32014   37.74864      99.32         16  0.000e+00
     109968   4581.958     39.819     40.122    11.1542    11.1316  38.001810  37.986966    11.1493    11.1267    33.8035    33.8096    25.8170    25.8258     6.0547     6.2446    184.450    190.232     1.9084     1.8510     0.0452     0.1044     3.2259     0.0000     0.0000 -123.32014   37.74864      99.32         16  0.000e+00
     109969   4582.000     39.819     40.122    11.1562    11.1314  38.002979  37.987355    11.1513    11.1265    33.8028    33.8102    25.8161    25.8263     6.0545     6.2446    184.443    190.232     1.9084     1.8510     0.0452     0.1044     3.2271     0.0000     0.0000 -123.32014   37.74864      99.32         16  0.000e+00
     109970   4582.042     39.773     40.075    11.1577    11.1309  38.003953  37.987095    11.1528    11.1261    33.8025    33.8103    25.8155    25.8265     6.0542     6.2502    184.436    190.405     1.9084     1.8523     0.0452     0.1044     3.2259     0.0000     0.0000 -123.32014   37.74864      99.32         16  0.000e+00
     109971   4582.083     39.773     40.075    11.1580    11.1311  38.004213  37.987355    11.1531    11.1262    33.8024    33.8105    25.8154    25.8266     6.0542     6.2446    184.435    190.232     1.9084     1.8510     0.0452     0.1044     3.2259     0.0000     0.0000 -123.32014   37.74864      99.32         16  0.000e+00
     109972   4582.125     39.773     40.075    11.1584    11.1311  38.004473  37.987615    11.1535    11.1262    33.8024    33.8107    25.8153    25.8267     6.0541     6.2445    184.434    190.232     1.9084     1.8510     0.0452     0.1044     3.2247     0.0000     0.0000 -123.32014   37.74864      99.32         16  0.000e+00
     109973   4582.167     39.726     40.029    11.1587    11.1317  38.004602  37.987744    11.1538    11.1268    33.8022    33.8103    25.8152    25.8263     6.0541     6.2444    184.431    190.228     1.9084     1.8510     0.0452     0.1044     3.2259     0.0000     0.0000 -123.32014   37.74864      99.32         16  0.000e+00
     109974   4582.208     39.726     40.029    11.1595    11.1316  38.004602  37.987939    11.1546    11.1267    33.8015    33.8106    25.8144    25.8265     6.0540     6.2444    184.429    190.228     1.9084     1.8510     0.0452     0.1044     3.2259     0.0000     0.0000 -123.32014   37.74864      99.32         16  0.000e+00
     112225   4676.000     29.366     29.589    11.6762    11.6982  38.432605  38.440637    11.6725    11.6944    33.7550    33.7429    25.6835    25.6700     6.7291     6.9005    205.020    210.247     2.0867     2.0134     0.0708     0.7455     3.2222     0.0000     0.0000 -123.32016   37.74862      99.29         17  0.000e+00
     112226   4676.042     29.413     29.636    11.6800    11.6978  38.434954  38.440050    11.6763    11.6940    33.7538    33.7426    25.6819    25.6699     6.7286     6.9006    205.006    210.251     2.0867     2.0134     0.0708     0.7455     3.2222     0.0000     0.0000 -123.32016   37.74862      99.32         17  0.000e+00
     112227   4676.083     29.413     29.636    11.6889    11.6960  38.438738  38.438616    11.6852    11.6923    33.7494    33.7428    25.6768    25.6704     6.7275     6.9009    204.973    210.259     2.0867     2.0134     0.0708     0.7455     3.2222     0.0000     0.0000 -123.32016   37.74862      99.32         17  0.000e+00
     112228   4676.125     29.419     29.643    11.6983    11.6906  38.443566  38.436660    11.6946    11.6869    33.7456    33.7458    25.6721    25.6737     6.7262     6.9016    204.937    210.280     2.0867     2.0134     0.0708     0.7455     3.2222     0.0000     0.0000 -123.32016   37.74862      99.32         17  0.000e+00
     112229   4676.167     29.366     29.589    11.7048    11.6866  38.445588  38.434182    11.7011    11.6829    33.7417    33.7470    25.6678    25.6754     6.7254     6.9022    204.912    210.296     2.0867     2.0134     0.0708     0.7455     3.2234     0.0000     0.0000 -123.32016   37.74862      99.32         17  0.000e+00
     112230   4676.208     29.413     29.636    11.7059    11.6815  38.444022  38.432487    11.7022    11.6778    33.7391    33.7500    25.6656    25.6787     6.7254     6.9029    204.912    210.317     2.0867     2.0134     0.0672     0.6539     3.2222     0.0000     0.0000 -123.32016   37.74862      99.32         17  0.000e+00
     112231   4676.250     29.419     29.643    11.7000    11.6780  38.439716  38.431379    11.6962    11.6743    33.7403    33.7521    25.6677    25.6809     6.7262     6.9033    204.937    210.331     2.0867     2.0134     0.0647     0.5928     3.2234     0.0000     0.0000 -123.32016   37.74862      99.32         17  0.000e+00
     112232   4676.292     29.466     29.689    11.6945    11.6785  38.436388  38.432944    11.6908    11.6748    33.7420    33.7532    25.6700    25.6817     6.7321     6.9033    205.117    210.328     2.0879     2.0134     0.0635     0.5623     3.2234     0.0000     0.0000 -123.32016   37.74862      99.32         17  0.000e+00
     112233   4676.333     29.413     29.636    11.6901    11.6795  38.435736  38.433726    11.6864    11.6758    33.7454    33.7531    25.6735    25.6814     6.7326     6.9031    205.130    210.322     2.0879     2.0134     0.0647     0.5928     3.2222     0.0000     0.0000 -123.32016   37.74862      99.32         17  0.000e+00
     112234   4676.375     29.466     29.689    11.6868    11.6797  38.435998  38.433857    11.6831    11.6760    33.7486    33.7530    25.6766    25.6813     6.7279     6.8975    204.985    210.153     2.0867     2.0122     0.0635     0.5623     3.2234     0.0000     0.0000 -123.32016   37.74862      99.32         17  0.000e+00
     112235   4676.417     29.466     29.689    11.6859    11.6797  38.437303  38.435357    11.6822    11.6760    33.7507    33.7545    25.6783    25.6824     6.7330     6.8974    205.142    210.151     2.0879     2.0122     0.0647     0.5928     3.2222     0.0000     0.0000 -123.32016   37.74862      99.32         17  0.000e+00
     112236   4676.458     29.466     29.689    11.6869    11.6808  38.438738  38.435879    11.6832    11.6771    33.7512    33.7540    25.6785    25.6818     6.7329     6.9029    205.137    210.316     2.0879     2.0134     0.0647     0.5928     3.2234     0.0000     0.0000 -123.32016   37.74862      99.32         17  0.000e+00
     112237   4676.500     29.512     29.736    11.6871    11.6825  38.439587  38.436074    11.6834    11.6787    33.7518    33.7526    25.6790    25.6805     6.7328     6.9027    205.137    210.311     2.0879     2.0134     0.0647     0.5928     3.2222     0.0000     0.0000 -123.32016   37.74862      99.32         17  0.000e+00
     112238   4676.542     29.466     29.689    11.6876    11.6873  38.440305  38.440443    11.6839    11.6836    33.7521    33.7525    25.6791    25.6795     6.7327     6.8963    205.133    210.117     2.0879     2.0122     0.0635     0.5623     3.2234     0.0000     0.0000 -123.32016   37.74862      99.32         17  0.000e+00
     112239   4676.583     29.512     29.736    11.6879    11.7006  38.439913  38.448790    11.6842    11.6968    33.7514    33.7486    25.6785    25.6740     6.7327     6.8944    205.134    210.061     2.0879     2.0122     0.0635     0.5623     3.2234     0.0000     0.0000 -123.32016   37.74862      99.32         17  0.000e+00
     112240   4676.625     29.512     29.736    11.6861    11.7080  38.437760  38.454008    11.6824    11.7043    33.7509    33.7469    25.6785    25.6713     6.7330     6.8989    205.142    210.198     2.0879     2.0134     0.0647     0.5928     3.2222     0.0000     0.0000 -123.32016   37.74862      99.32         17  0.000e+00
     112241   4676.667     29.512     29.736    11.6828    11.7092  38.435085  38.454986    11.6790    11.7055    33.7514    33.7468    25.6795    25.6710     6.7335     6.8932    205.157    210.023     2.0879     2.0122     0.0635     0.5623     3.2234     0.0000     0.0000 -123.32016   37.74862      99.29         17  0.000e+00
     112242   4676.708     29.512     29.736    11.6783    11.7122  38.432605  38.458835    11.6746    11.7084    33.7530    33.7479    25.6815    25.6713     6.7341     6.8982    205.174    210.177     2.0879     2.0134     0.0635     0.5623     3.2234     0.0000     0.0000 -123.32016   37.74862      99.32         17  0.000e+00
     112243   4676.750     29.565     29.789    11.6759    11.7203  38.431301  38.468880    11.6721    11.7166    33.7539    33.7503    25.6827    25.6716     6.7345     6.8913    205.185    209.966     2.0879     2.0122     0.0647     0.5928     3.2234     0.0000     0.0000 -123.32016   37.74862      99.32         17  0.000e+00
     112244   4676.792     29.565     29.789    11.6742    11.7255  38.430518  38.476317    11.6705    11.7217    33.7547    33.7529    25.6836    25.6727     6.7347     6.8960    205.191    210.108     2.0879     2.0134     0.0647     0.5928     3.2222     0.0000     0.0000 -123.32016   37.74862      99.32         17  0.000e+00
     112245   4676.833     29.565     29.789    11.6739    11.7257  38.431366  38.477818    11.6701    11.7220    33.7558    33.7541    25.6846    25.6736     6.7347     6.8959    205.191    210.105     2.0879     2.0134     0.0647     0.5928     3.2222     0.0000     0.0000 -123.32016   37.74862      99.32         17  0.000e+00
     112246   4676.875     29.565     29.789    11.6755    11.7268  38.430909  38.478470    11.6718    11.7230    33.7539    33.7538    25.6827    25.6731     6.7345     6.9013    205.187    210.270     2.0879     2.0147     0.0647     0.5928     3.2222     0.0000     0.0000 -123.32016   37.74862      99.32         17  0.000e+00
     112247   4676.917     29.565     29.789    11.6759    11.7324  38.430909  38.483298    11.6721    11.7287    33.7535    33.7534    25.6824    25.6718     6.7345     6.8948    205.186    210.074     2.0879     2.0134     0.0647     0.5928     3.2222     0.0000     0.0000 -123.32016   37.74862      99.32         17  0.000e+00
     112248   4676.958     29.611     29.836    11.6798    11.7452  38.434563  38.492171    11.6761    11.7415    33.7535    33.7503    25.6816    25.6670     6.7339     6.8986    205.169    210.189     2.0879     2.0147     0.0635     0.5623     3.2234     0.0000     0.0000 -123.32016   37.74862      99.32         17  0.000e+00
     112249   4677.000     29.611     29.836    11.6853    11.7596  38.438021  38.503199    11.6815    11.7559    33.7519    33.7480    25.6794    25.6626     6.7332     6.8908    205.147    209.954     2.0879     2.0134     0.0647     0.5928     3.2222     0.0000     0.0000 -123.32016   37.74862      99.32         17  0.000e+00
     112250   4677.042     29.611     29.836    11.6875    11.7665  38.440044  38.512400    11.6838    11.7627    33.7518    33.7508    25.6789    25.6635     6.7329     6.8896    205.137    209.917     2.0879     2.0134     0.0647     0.5928     3.2234     0.0000     0.0000 -123.32016   37.74862      99.32         17  0.000e+00
     112251   4677.083     29.658     29.883    11.6908    11.7676  38.444025  38.518471    11.6870    11.7639    33.7528    33.7557    25.6791    25.6670     6.7324     6.8893    205.123    209.906     2.0879     2.0134     0.0635     0.5623     3.2234     0.0000     0.0000 -123.32016   37.74862      99.32         17  0.000e+00
     112252   4677.125     29.611     29.836    11.6955    11.7706  38.447614  38.518340    11.6918    11.7668    33.7520    33.7528    25.6776    25.6643     6.7317     6.8945    205.102    210.064     2.0879     2.0147     0.0635     0.5623     3.2234     0.0000     0.0000 -123.32016   37.74862      99.32         17  0.000e+00
     112253   4677.167     29.664     29.890    11.6995    11.7675  38.448266  38.519842    11.6957    11.7637    33.7490    33.7572    25.6745    25.6682     6.7313     6.8948    205.090    210.074     2.0879     2.0147     0.0635     0.5623     3.2234     0.0000     0.0000 -123.32016   37.74862      99.32         17  0.000e+00
     112254   4677.208     29.658     29.883    11.7010    11.7686  38.448462  38.525064    11.6972    11.7649    33.7478    33.7612    25.6733    25.6711     6.7311     6.8945    205.084    210.063     2.0879     2.0147     0.0647     0.5928     3.2234     0.0000     0.0000 -123.32016   37.74862      99.32         17  0.000e+00
     112255   4677.250     29.711     29.936    11.7015    11.7814  38.450355  38.535899    11.6977    11.7776    33.7492    33.7601    25.6743    25.6679     6.7310     6.8926    205.082    210.005     2.0879     2.0147     0.0647     0.5928     3.2222     0.0000     0.0000 -123.32016   37.74862      99.29         17  0.000e+00
     112256   4677.292     29.665     29.890    11.7054    11.8005  38.452899  38.550130    11.7017    11.7968    33.7481    33.7567    25.6727    25.6617     6.7304     6.8897    205.064    209.918     2.0879     2.0147     0.0647     0.5928     3.2234     0.0000     0.0000 -123.32016   37.74862      99.32         17  0.000e+00
     112257   4677.333     29.711     29.936    11.7084    11.8212  38.453095  38.568804    11.7047    11.8174    33.7456    33.7562    25.6702    25.6574     6.7301     6.8865    205.056    209.822     2.0879     2.0147     0.0647     0.5928     3.2234     0.0000     0.0000 -123.32016   37.74862      99.32         17  0.000e+00
     112258   4677.375     29.711     29.936    11.7109    11.8475  38.453160  38.587416    11.7072    11.8437    33.7434    33.7504    25.6680    25.6480     6.7299     6.8882    205.048    209.876     2.0879     2.0159     0.0659     0.6234     3.2234     0.0000     0.0000 -123.32016   37.74862      99.32         17  0.000e+00
     112259   4677.417     29.757     29.983    11.7084    11.8600  38.451463  38.592706    11.7047    11.8562    33.7440    33.7442    25.6689    25.6408     6.7302     6.8810    205.059    209.658     2.0879     2.0147     0.0659     0.6234     3.2222     0.0000     0.0000 -123.32016   37.74862      99.32         17  0.000e+00
     112260   4677.458     29.711     29.936    11.7056    11.8672  38.448592  38.594207    11.7019    11.8634    33.7437    33.7392    25.6693    25.6356     6.7306     6.8800    205.071    209.630     2.0879     2.0147     0.0659     0.6234     3.2222     0.0000     0.0000 -123.32016   37.74862      99.32         17  0.000e+00
     112261   4677.500     29.757     29.983    11.7021    11.8745  38.446047  38.597669    11.6984    11.8706    33.7444    33.7359    25.6704    25.6317     6.7363     6.8791    205.243    209.601     2.0891     2.0147     0.0659     0.6234     3.2222     0.0000     0.0000 -123.32016   37.74862      99.32         17  0.000e+00
