WCOA/WCOA-6/CTD_Data/RB2102_CTD_072_01.ros
* Sea-Bird SBE 9 Data File:
* FileName = C:\Users\scs.user.rb\CTD\RB2102\Data\RB2102_CTD_072_01.hex
* Software Version Seasave V 7.26.7.107
* Temperature SN = 6202
* Conductivity SN = 4907
* Number of Bytes Per Scan = 41
* Number of Voltage Words = 4
* Number of Scans Averaged by the Deck Unit = 1
* NMEA Latitude = 40 14.03 N
* NMEA Longitude = 124 24.68 W
* NMEA UTC (Time) = Jul 09 2021  08:27:12
* NMEA baud rate = 4800
# nquan = 30
# nvalues = 784                                   
# units = specified
# name 0 = scan: Scan Count
# name 1 = timeS: Time, Elapsed [seconds]
# name 2 = depSM: Depth [salt water, m]
# name 3 = prDM: Pressure, Digiquartz [db]
# name 4 = t090C: Temperature [ITS-90, deg C]
# name 5 = t190C: Temperature, 2 [ITS-90, deg C]
# name 6 = c0mS/cm: Conductivity [mS/cm]
# name 7 = c1mS/cm: Conductivity, 2 [mS/cm]
# name 8 = potemp090C: Potential Temperature [ITS-90, deg C]
# name 9 = potemp190C: Potential Temperature, 2 [ITS-90, deg C]
# name 10 = sal00: Salinity, Practical [PSU]
# name 11 = sal11: Salinity, Practical, 2 [PSU]
# name 12 = sigma-é00: Density [sigma-theta, kg/m^3]
# name 13 = sigma-é11: Density, 2 [sigma-theta, kg/m^3]
# name 14 = sbeox0Mg/L: Oxygen, SBE 43 [mg/l]
# name 15 = sbeox1Mg/L: Oxygen, SBE 43, 2 [mg/l]
# name 16 = sbox0Mm/Kg: Oxygen, SBE 43 [umol/kg]
# name 17 = sbox1Mm/Kg: Oxygen, SBE 43, 2 [umol/kg]
# name 18 = sbeox0V: Oxygen raw, SBE 43 [V]
# name 19 = sbeox1V: Oxygen raw, SBE 43, 2 [V]
# name 20 = v4: Voltage 4
# name 21 = flECO-AFL: Fluorescence, WET Labs ECO-AFL/FL [mg/m^3]
# name 22 = v3: Voltage 3
# name 23 = v6: Voltage 6
# name 24 = v7: Voltage 7
# name 25 = longitude: Longitude [deg]
# name 26 = latitude: Latitude [deg]
# name 27 = altM: Altimeter [m]
# name 28 = nbf: Bottles Fired
# name 29 = flag:  0.000e+00
# interval = seconds: 0.0416667
# start_time = Jul 09 2021 08:27:12 [NMEA time, header]
# bad_flag = -9.990e-29
*END*
[from data line 581]
      37194   1549.708     10.422     10.503     8.9984     8.9999  36.181198  36.180930     8.9973     8.9988    33.9854    33.9836    26.3241    26.3224     4.5995     4.7705    140.048    145.256     1.5201     1.4872     0.0464     0.1350     3.3028     0.0830     0.0391 -124.41344   40.23354      88.35         12  0.000e+00
      37195   1549.750     10.382     10.463     8.9983     8.9996  36.181006  36.181440     8.9972     8.9985    33.9853    33.9845    26.3240    26.3232     4.5994     4.7645    140.048    145.075     1.5201     1.4860     0.0464     0.1350     3.3028     0.0830     0.0391 -124.41344   40.23354      88.57         12  0.000e+00
      37196   1549.792     10.323     10.403     8.9983     8.9998  36.180879  36.181949     8.9972     8.9987    33.9852    33.9849    26.3239    26.3234     4.5994     4.7704    140.047    145.253     1.5201     1.4872     0.0476     0.1655     3.3016     0.0818     0.0391 -124.41344   40.23354      88.60         12  0.000e+00
      37197   1549.833     10.376     10.456     8.9982     8.9996  36.180879  36.182076     8.9971     8.9985    33.9853    33.9852    26.3240    26.3237     4.5994     4.7645    140.048    145.074     1.5201     1.4860     0.0464     0.1350     3.3028     0.0818     0.0391 -124.41344   40.23354      88.60         12  0.000e+00
      37198   1549.875     10.323     10.403     8.9980     8.9996  36.180242  36.181822     8.9969     8.9985    33.9848    33.9849    26.3237    26.3235     4.5995     4.7645    140.048    145.074     1.5201     1.4860     0.0464     0.1350     3.3028     0.0806     0.0391 -124.41344   40.23354      88.57         12  0.000e+00
      37199   1549.917     10.290     10.369     8.9977     8.9996  36.179923  36.181758     8.9966     8.9985    33.9848    33.9849    26.3237    26.3235     4.5995     4.7645    140.049    145.073     1.5201     1.4860     0.0464     0.1350     3.3016     0.0806     0.0391 -124.41344   40.23354      88.57         12  0.000e+00
      37200   1549.958     10.323     10.403     8.9977     8.9996  36.180496  36.181758     8.9966     8.9985    33.9854    33.9849    26.3241    26.3235     4.5995     4.7645    140.049    145.074     1.5201     1.4860     0.0464     0.1350     3.3016     0.0794     0.0391 -124.41344   40.23354      88.45         12  0.000e+00
      40101   1670.833      5.037      5.076     9.0162     9.0183  36.193729  36.195746     9.0156     9.0178    33.9840    33.9841    26.3201    26.3198     4.7573     4.9366    144.854    150.315     1.5568     1.5226     0.0464     0.1350     3.3004     0.0842     0.0122 -124.41366   40.23350      94.97         13  0.000e+00
      40102   1670.875      5.050      5.089     9.0161     9.0184  36.193920  36.196000     9.0155     9.0179    33.9843    33.9842    26.3203    26.3199     4.7518     4.9366    144.689    150.315     1.5556     1.5226     0.0464     0.1350     3.3004     0.0842     0.0122 -124.41366   40.23350      94.97         13  0.000e+00
      40103   1670.917      5.037      5.076     9.0164     9.0186  36.194302  36.196128     9.0158     9.0181    33.9844    33.9842    26.3204    26.3198     4.7518     4.9366    144.688    150.314     1.5556     1.5226     0.0464     0.1350     3.3004     0.0842     0.0122 -124.41366   40.23350      94.97         13  0.000e+00
      40104   1670.958      4.984      5.022     9.0165     9.0194  36.194621  36.196318     9.0160     9.0189    33.9846    33.9837    26.3205    26.3193     4.7517     4.9365    144.686    150.311     1.5556     1.5226     0.0464     0.1350     3.3016     0.0830     0.0122 -124.41366   40.23350      94.92         13  0.000e+00
      40105   1671.000      5.083      5.122     9.0171     9.0201  36.194685  36.197146     9.0165     9.0195    33.9842    33.9838    26.3200    26.3193     4.7572     4.9364    144.852    150.310     1.5568     1.5226     0.0464     0.1350     3.3004     0.0830     0.0122 -124.41366   40.23350      94.75         13  0.000e+00
      40106   1671.042      5.083      5.122     9.0177     9.0203  36.195895  36.197146     9.0171     9.0197    33.9848    33.9837    26.3205    26.3191     4.7517     4.9305    144.684    150.129     1.5556     1.5214     0.0464     0.1350     3.3004     0.0830     0.0122 -124.41366   40.23350      94.73         13  0.000e+00
      40107   1671.083      5.037      5.076     9.0188     9.0201  36.196469  36.197528     9.0183     9.0195    33.9844    33.9843    26.3199    26.3196     4.7570     4.9364    144.845    150.309     1.5568     1.5226     0.0464     0.1350     3.3004     0.0830     0.0122 -124.41366   40.23350      94.73         13  0.000e+00
      40108   1671.125      5.083      5.122     9.0201     9.0204  36.197552  36.197720     9.0195     9.0199    33.9843    33.9841    26.3196    26.3195     4.7569     4.9364    144.842    150.308     1.5568     1.5226     0.0464     0.1350     3.3004     0.0830     0.0122 -124.41366   40.23350      94.73         13  0.000e+00
      40109   1671.167      5.083      5.123     9.0215     9.0213  36.198316  36.198420     9.0209     9.0207    33.9837    33.9840    26.3190    26.3193     4.7513     4.9304    144.672    150.125     1.5556     1.5214     0.0464     0.1350     3.3004     0.0830     0.0122 -124.41366   40.23350      94.73         13  0.000e+00
      40110   1671.208      5.083      5.123     9.0219     9.0219  36.198316  36.198866     9.0213     9.0213    33.9833    33.9839    26.3186    26.3191     4.7513     4.9303    144.671    150.123     1.5556     1.5214     0.0464     0.1350     3.3016     0.0830     0.0122 -124.41366   40.23350      94.77         13  0.000e+00
      40111   1671.250      5.050      5.089     9.0210     9.0221  36.197233  36.198993     9.0204     9.0215    33.9831    33.9839    26.3186    26.3190     4.7568     4.9303    144.839    150.122     1.5568     1.5214     0.0464     0.1350     3.3004     0.0830     0.0134 -124.41366   40.23350      94.85         13  0.000e+00
      40112   1671.292      5.129      5.169     9.0200     9.0226  36.196915  36.199184     9.0194     9.0220    33.9837    33.9836    26.3192    26.3187     4.7569     4.9303    144.843    150.122     1.5568     1.5214     0.0464     0.1350     3.3016     0.0842     0.0134 -124.41366   40.23350      94.85         13  0.000e+00
      40113   1671.333      5.083      5.123     9.0199     9.0229  36.196469  36.199502     9.0194     9.0223    33.9833    33.9836    26.3189    26.3187     4.7569     4.9302    144.843    150.120     1.5568     1.5214     0.0464     0.1350     3.3004     0.0842     0.0134 -124.41366   40.23350      94.85         13  0.000e+00
      40114   1671.375      5.130      5.169     9.0193     9.0234  36.196724  36.199821     9.0188     9.0228    33.9841    33.9835    26.3196    26.3185     4.7570     4.9243    144.845    149.939     1.5568     1.5201     0.0464     0.1350     3.3016     0.0842     0.0134 -124.41366   40.23350      94.85         13  0.000e+00
      40115   1671.417      5.130      5.169     9.0194     9.0237  36.196724  36.200203     9.0189     9.0232    33.9840    33.9835    26.3195    26.3185     4.7570     4.9242    144.845    149.938     1.5568     1.5201     0.0464     0.1350     3.3004     0.0842     0.0134 -124.41366   40.23350      94.85         13  0.000e+00
      40116   1671.458      5.130      5.169     9.0195     9.0238  36.196851  36.200012     9.0190     9.0233    33.9840    33.9832    26.3196    26.3182     4.7570     4.9242    144.845    149.938     1.5568     1.5201     0.0476     0.1655     3.3004     0.0842     0.0134 -124.41366   40.23350      94.70         13  0.000e+00
      40117   1671.500      5.083      5.123     9.0197     9.0235  36.196660  36.199693     9.0191     9.0230    33.9837    33.9832    26.3193    26.3183     4.7569     4.9242    144.844    149.938     1.5568     1.5201     0.0464     0.1350     3.3004     0.0842     0.0134 -124.41366   40.23350      94.51         13  0.000e+00
      40118   1671.542      5.130      5.169     9.0196     9.0234  36.196405  36.199630     9.0191     9.0228    33.9835    33.9833    26.3191    26.3183     4.7570     4.9243    144.845    149.939     1.5568     1.5201     0.0476     0.1655     3.3016     0.0855     0.0134 -124.41366   40.23350      94.46         13  0.000e+00
      40119   1671.583      5.196      5.236     9.0187     9.0234  36.195768  36.199630     9.0181     9.0228    33.9837    33.9832    26.3194    26.3183     4.7571     4.9184    144.849    149.760     1.5568     1.5189     0.0464     0.1350     3.3016     0.0855     0.0134 -124.41366   40.23350      94.46         13  0.000e+00
      40120   1671.625      5.183      5.223     9.0185     9.0232  36.195450  36.199821     9.0179     9.0226    33.9836    33.9836    26.3194    26.3186     4.7571     4.9243    144.850    149.941     1.5568     1.5201     0.0464     0.1350     3.3016     0.0855     0.0134 -124.41366   40.23350      94.48         13  0.000e+00
      40121   1671.667      5.130      5.169     9.0182     9.0230  36.195322  36.199693     9.0176     9.0225    33.9837    33.9836    26.3195    26.3187     4.7571     4.9184    144.849    149.760     1.5568     1.5189     0.0464     0.1350     3.3016     0.0867     0.0134 -124.41366   40.23350      94.48         13  0.000e+00
      40122   1671.708      5.229      5.270     9.0181     9.0230  36.195514  36.199630     9.0176     9.0225    33.9839    33.9835    26.3197    26.3186     4.7572     4.9184    144.851    149.762     1.5568     1.5189     0.0464     0.1350     3.3016     0.0879     0.0147 -124.41366   40.23350      94.51         13  0.000e+00
      40123   1671.750      5.183      5.223     9.0178     9.0225  36.195195  36.199375     9.0173     9.0220    33.9839    33.9838    26.3197    26.3189     4.7572     4.9185    144.851    149.763     1.5568     1.5189     0.0476     0.1655     3.3004     0.0879     0.0147 -124.41366   40.23350      94.55         13  0.000e+00
      40124   1671.792      5.229      5.270     9.0175     9.0222  36.194494  36.199057     9.0170     9.0216    33.9834    33.9837    26.3194    26.3189     4.7573     4.9185    144.854    149.765     1.5568     1.5189     0.0464     0.1350     3.3016     0.0879     0.0147 -124.41366   40.23350      94.58         13  0.000e+00
      40125   1671.833      5.229      5.270     9.0172     9.0217  36.194175  36.198993     9.0166     9.0212    33.9835    33.9841    26.3195    26.3193     4.7573     4.9186    144.855    149.766     1.5568     1.5189     0.0464     0.1350     3.3016     0.0879     0.0147 -124.41366   40.23350      94.58         13  0.000e+00
      40126   1671.875      5.229      5.270     9.0169     9.0213  36.194494  36.198229     9.0163     9.0207    33.9841    33.9838    26.3200    26.3191     4.7573     4.9186    144.855    149.768     1.5568     1.5189     0.0464     0.1350     3.3004     0.0891     0.0159 -124.41366   40.23350      94.58         13  0.000e+00
      40127   1671.917      5.229      5.270     9.0173     9.0203  36.194685  36.197083     9.0168     9.0197    33.9838    33.9835    26.3197    26.3190     4.7573     4.9188    144.854    149.772     1.5568     1.5189     0.0464     0.1350     3.3004     0.0904     0.0159 -124.41366   40.23350      94.58         13  0.000e+00
      40128   1671.958      5.295      5.336     9.0169     9.0191  36.194431  36.196510     9.0163     9.0185    33.9840    33.9840    26.3199    26.3196     4.7573     4.9189    144.857    149.777     1.5568     1.5189     0.0464     0.1350     3.3016     0.0904     0.0159 -124.41366   40.23350      94.36         13  0.000e+00
      40129   1672.000      5.282      5.323     9.0158     9.0184  36.192838  36.196192     9.0152     9.0179    33.9834    33.9843    26.3196    26.3200     4.7575     4.9131    144.861    149.599     1.5568     1.5177     0.0464     0.1350     3.3016     0.0904     0.0159 -124.41366   40.23350      93.97         13  0.000e+00
      40130   1672.042      5.282      5.323     9.0147     9.0180  36.192455  36.195874     9.0142     9.0174    33.9840    33.9844    26.3202    26.3201     4.7576     4.9131    144.864    149.600     1.5568     1.5177     0.0476     0.1655     3.3016     0.0904     0.0159 -124.41366   40.23350      93.87         13  0.000e+00
      40131   1672.083      5.282      5.323     9.0151     9.0173  36.193666  36.194855     9.0145     9.0167    33.9849    33.9840    26.3209    26.3199     4.7575     4.9132    144.861    149.603     1.5568     1.5177     0.0464     0.1350     3.3016     0.0916     0.0171 -124.41366   40.23350      93.89         13  0.000e+00
      40132   1672.125      5.328      5.370     9.0164     9.0166  36.194813  36.194601     9.0158     9.0161    33.9848    33.9843    26.3207    26.3203     4.7574     4.9133    144.858    149.606     1.5568     1.5177     0.0464     0.1350     3.3016     0.0916     0.0171 -124.41366   40.23350      93.89         13  0.000e+00
      40133   1672.167      5.328      5.370     9.0185     9.0165  36.197362  36.194537     9.0179     9.0159    33.9855    33.9844    26.3208    26.3203     4.7571     4.9133    144.850    149.606     1.5568     1.5177     0.0464     0.1350     3.3016     0.0928     0.0171 -124.41366   40.23350      93.92         13  0.000e+00
      40134   1672.208      5.328      5.370     9.0218     9.0168  36.200102  36.194537     9.0212     9.0163    33.9852    33.9841    26.3201    26.3200     4.7568     4.9133    144.839    149.605     1.5568     1.5177     0.0464     0.1350     3.3004     0.0928     0.0183 -124.41366   40.23350      93.94         13  0.000e+00
      40135   1672.250      5.328      5.370     9.0240     9.0163  36.201567  36.194537     9.0234     9.0157    33.9846    33.9846    26.3193    26.3205     4.7566     4.9134    144.833    149.607     1.5568     1.5177     0.0464     0.1350     3.3004     0.0928     0.0171 -124.41366   40.23350      94.04         13  0.000e+00
      40136   1672.292      5.342      5.383     9.0254     9.0165  36.202013  36.194728     9.0248     9.0159    33.9838    33.9846    26.3184    26.3205     4.7510     4.9133    144.664    149.606     1.5556     1.5177     0.0464     0.1350     3.3004     0.0940     0.0183 -124.41366   40.23350      94.07         13  0.000e+00
      40137   1672.333      5.329      5.370     9.0267     9.0174  36.203032  36.195301     9.0262     9.0169    33.9835    33.9843    26.3180    26.3201     4.7509     4.9073    144.659    149.423     1.5556     1.5165     0.0464     0.1350     3.3016     0.0940     0.0183 -124.41366   40.23350      94.07         13  0.000e+00
      40138   1672.375      5.375      5.417     9.0273     9.0188  36.203351  36.196638     9.0267     9.0182    33.9833    33.9844    26.3177    26.3200     4.7508     4.9131    144.659    149.599     1.5556     1.5177     0.0464     0.1350     3.3004     0.0940     0.0195 -124.41366   40.23350      94.04         13  0.000e+00
      40139   1672.417      5.375      5.417     9.0277     9.0209  36.203542  36.198739     9.0271     9.0204    33.9831    33.9846    26.3175    26.3197     4.7508     4.9128    144.657    149.591     1.5556     1.5177     0.0464     0.1350     3.3004     0.0952     0.0195 -124.41366   40.23350      94.04         13  0.000e+00
      40140   1672.458      5.375      5.417     9.0278     9.0227  36.203479  36.200076     9.0272     9.0221    33.9829    33.9842    26.3174    26.3192     4.7508     4.9067    144.657    149.405     1.5556     1.5165     0.0464     0.1350     3.3016     0.0952     0.0195 -124.41366   40.23350      94.21         13  0.000e+00
