WCOA/WCOA-6/CTD_Data/RB2102_CTD_078_01.ros
* Sea-Bird SBE 9 Data File:
* FileName = C:\Users\scs.user.rb\CTD\RB2102\Data\RB2102_CTD_078_01.hex
* Software Version Seasave V 7.26.7.107
* Temperature SN = 6202
* Conductivity SN = 4907
* Number of Bytes Per Scan = 41
* Number of Voltage Words = 4
* Number of Scans Averaged by the Deck Unit = 1
* NMEA Latitude = 38 53.67 N
* NMEA Longitude = 123 47.46 W
* NMEA UTC (Time) = Jul 10 2021  04:16:55
* NMEA baud rate = 4800
# nquan = 30
# nvalues = 1171                                  
# units = specified
# name 0 = scan: Scan Count
# name 1 = timeS: Time, Elapsed [seconds]
# name 2 = depSM: Depth [salt water, m]
# name 3 = prDM: Pressure, Digiquartz [db]
# name 4 = t090C: Temperature [ITS-90, deg C]
# name 5 = t190C: Temperature, 2 [ITS-90, deg C]
# name 6 = c0mS/cm: Conductivity [mS/cm]
# name 7 = c1mS/cm: Conductivity, 2 [mS/cm]
# name 8 = potemp090C: Potential Temperature [ITS-90, deg C]
# name 9 = potemp190C: Potential Temperature, 2 [ITS-90, deg C]
# name 10 = sal00: Salinity, Practical [PSU]
# name 11 = sal11: Salinity, Practical, 2 [PSU]
# name 12 = sigma-é00: Density [sigma-theta, kg/m^3]
# name 13 = sigma-é11: Density, 2 [sigma-theta, kg/m^3]
# name 14 = sbeox0Mg/L: Oxygen, SBE 43 [mg/l]
# name 15 = sbeox1Mg/L: Oxygen, SBE 43, 2 [mg/l]
# name 16 = sbox0Mm/Kg: Oxygen, SBE 43 [umol/kg]
# name 17 = sbox1Mm/Kg: Oxygen, SBE 43, 2 [umol/kg]
# name 18 = sbeox0V: Oxygen raw, SBE 43 [V]
# name 19 = sbeox1V: Oxygen raw, SBE 43, 2 [V]
# name 20 = v4: Voltage 4
# name 21 = flECO-AFL: Fluorescence, WET Labs ECO-AFL/FL [mg/m^3]
# name 22 = v3: Voltage 3
# name 23 = v6: Voltage 6
# name 24 = v7: Voltage 7
# name 25 = longitude: Longitude [deg]
# name 26 = latitude: Latitude [deg]
# name 27 = altM: Altimeter [m]
# name 28 = nbf: Bottles Fired
# name 29 = flag:  0.000e+00
# interval = seconds: 0.0416667
# start_time = Jul 10 2021 04:16:55 [NMEA time, header]
# bad_flag = -9.990e-29
*END*
[from data line 146]
      16124    671.792     90.013     90.719     8.6986     8.6945  35.975249  35.972964     8.6892     8.6851    34.0194    34.0210    26.3991    26.4010     2.6663     2.7568     81.179     83.936     1.0757     1.0623     0.0403    -0.0177     3.3468     0.0501     0.0183 -123.79126   38.89452      10.45          3  0.000e+00
      18925    788.500     79.999     80.625     8.9296     8.9324  36.127308  36.130196     8.9211     8.9238    33.9622    33.9626    26.3180    26.3178     3.4679     3.5706    105.595    108.722     1.2576     1.2320     0.0403    -0.0177     3.3407     0.0440     0.0147 -123.79128   38.89454      20.66          4  0.000e+00
      18926    788.542     80.046     80.672     8.9293     8.9328  36.127627  36.129369     8.9207     8.9242    33.9628    33.9613    26.3185    26.3168     3.4679     3.5706    105.596    108.722     1.2576     1.2320     0.0403    -0.0177     3.3394     0.0440     0.0147 -123.79128   38.89454      20.63          4  0.000e+00
      18927    788.583     79.999     80.625     8.9278     8.9328  36.127500  36.127969     8.9193     8.9242    33.9641    33.9599    26.3197    26.3156     3.4680     3.5706    105.598    108.723     1.2576     1.2320     0.0403    -0.0177     3.3407     0.0427     0.0147 -123.79128   38.89454      20.63          4  0.000e+00
      18928    788.625     80.099     80.725     8.9275     8.9326  36.127182  36.126379     8.9190     8.9241    33.9640    33.9583    26.3197    26.3144     3.4736     3.5767    105.767    108.908     1.2589     1.2332     0.0403    -0.0177     3.3407     0.0427     0.0147 -123.79128   38.89454      20.63          4  0.000e+00
      18929    788.667     80.046     80.672     8.9276     8.9315  36.127309  36.125233     8.9191     8.9230    33.9641    33.9582    26.3197    26.3145     3.4735     3.5708    105.766    108.728     1.2589     1.2320     0.0403    -0.0177     3.3419     0.0415     0.0134 -123.79128   38.89454      20.63          4  0.000e+00
      18930    788.708     80.046     80.672     8.9283     8.9303  36.127627  36.123706     8.9198     8.9218    33.9638    33.9577    26.3194    26.3144     3.4735     3.5769    105.765    108.914     1.2589     1.2332     0.0403    -0.0177     3.3419     0.0415     0.0134 -123.79128   38.89454      20.63          4  0.000e+00
      18931    788.750     80.099     80.725     8.9286     8.9287  36.127500  36.122880     8.9201     8.9202    33.9633    33.9584    26.3190    26.3151     3.4735     3.5771    105.765    108.918     1.2589     1.2332     0.0403    -0.0177     3.3394     0.0440     0.0147 -123.79128   38.89454      20.61          4  0.000e+00
      18932    788.792     80.046     80.672     8.9288     8.9274  36.127436  36.122243     8.9203     8.9188    33.9631    33.9590    26.3188    26.3158     3.4735     3.5831    105.764    109.103     1.2589     1.2344     0.0403    -0.0177     3.3394     0.0440     0.0147 -123.79128   38.89454      20.61          4  0.000e+00
      18933    788.833     80.046     80.672     8.9289     8.9256  36.127627  36.121162     8.9204     8.9171    33.9631    33.9595    26.3188    26.3165     3.4735     3.5833    105.764    109.107     1.2589     1.2344     0.0415     0.0129     3.3394     0.0427     0.0147 -123.79128   38.89454      20.61          4  0.000e+00
      18934    788.875     80.099     80.725     8.9288     8.9243  36.127500  36.120208     8.9203     8.9157    33.9631    33.9598    26.3188    26.3169     3.4735     3.5834    105.765    109.111     1.2589     1.2344     0.0403    -0.0177     3.3407     0.0403     0.0134 -123.79128   38.89454      20.61          4  0.000e+00
      18935    788.917     80.046     80.672     8.9283     8.9230  36.127882  36.120144     8.9198     8.9144    33.9640    33.9610    26.3196    26.3181     3.4790     3.5835    105.932    109.113     1.2601     1.2344     0.0403    -0.0177     3.3407     0.0403     0.0134 -123.79128   38.89454      20.61          4  0.000e+00
      18936    788.958     80.046     80.672     8.9288     8.9217  36.128582  36.120399     8.9203     8.9131    33.9643    33.9625    26.3197    26.3195     3.4789     3.5895    105.930    109.298     1.2601     1.2357     0.0403    -0.0177     3.3419     0.0403     0.0134 -123.79128   38.89454      20.61          4  0.000e+00
      18937    789.000     80.099     80.725     8.9309     8.9206  36.129410  36.120972     8.9223     8.9120    33.9631    33.9642    26.3185    26.3209     3.4843     3.5896    106.094    109.300     1.2613     1.2357     0.0403    -0.0177     3.3407     0.0403     0.0134 -123.79128   38.89454      20.59          4  0.000e+00
      18938    789.042     80.099     80.725     8.9340     8.9200  36.131065  36.120590     8.9255     8.9115    33.9619    33.9643    26.3170    26.3211     3.4786     3.5897    105.920    109.301     1.2601     1.2357     0.0403    -0.0177     3.3407     0.0391     0.0134 -123.79128   38.89454      20.59          4  0.000e+00
      18939    789.083     80.046     80.672     8.9358     8.9195  36.131574  36.119763     8.9272     8.9110    33.9607    33.9639    26.3158    26.3209     3.4785     3.5897    105.916    109.302     1.2601     1.2357     0.0403    -0.0177     3.3407     0.0427     0.0147 -123.79128   38.89454      20.59          4  0.000e+00
      18940    789.125     80.099     80.725     8.9370     8.9189  36.132529  36.118809     8.9285     8.9104    33.9605    33.9635    26.3155    26.3207     3.4784     3.5898    105.914    109.305     1.2601     1.2357     0.0403    -0.0177     3.3407     0.0440     0.0147 -123.79128   38.89454      20.59          4  0.000e+00
      18941    789.167     80.086     80.712     8.9377     8.9186  36.132338  36.119063     8.9292     8.9100    33.9597    33.9641    26.3147    26.3212     3.4838     3.5898    106.080    109.305     1.2613     1.2357     0.0403    -0.0177     3.3407     0.0440     0.0147 -123.79128   38.89454      20.59          4  0.000e+00
      18942    789.208     80.099     80.725     8.9366     8.9181  36.131256  36.119954     8.9281     8.9095    33.9596    33.9655    26.3148    26.3224     3.4839     3.5898    106.083    109.306     1.2613     1.2357     0.0403    -0.0177     3.3407     0.0415     0.0134 -123.79128   38.89454      20.59          4  0.000e+00
      18943    789.250     80.099     80.725     8.9350     8.9177  36.130428  36.120781     8.9264     8.9092    33.9603    33.9667    26.3156    26.3233     3.4840     3.5958    106.086    109.488     1.2613     1.2369     0.0403    -0.0177     3.3407     0.0391     0.0122 -123.79128   38.89454      20.59          4  0.000e+00
      18944    789.292     80.099     80.725     8.9337     8.9182  36.129855  36.122753     8.9251     8.9097    33.9609    33.9683    26.3163    26.3245     3.4841     3.5957    106.089    109.485     1.2613     1.2369     0.0403    -0.0177     3.3407     0.0391     0.0134 -123.79128   38.89454      20.59          4  0.000e+00
      18945    789.333     80.099     80.725     8.9321     8.9195  36.129410  36.125108     8.9235     8.9110    33.9620    33.9695    26.3174    26.3253     3.4842     3.5956    106.092    109.481     1.2613     1.2369     0.0403    -0.0177     3.3407     0.0391     0.0134 -123.79128   38.89454      20.59          4  0.000e+00
      18946    789.375     80.145     80.772     8.9324     8.9210  36.129537  36.126826     8.9238     8.9125    33.9618    33.9698    26.3172    26.3253     3.4842     3.5954    106.092    109.477     1.2613     1.2369     0.0403    -0.0177     3.3407     0.0415     0.0134 -123.79128   38.89454      20.59          4  0.000e+00
      18947    789.417     80.099     80.725     8.9334     8.9227  36.129410  36.127398     8.9248     8.9141    33.9608    33.9689    26.3162    26.3243     3.4842     3.5953    106.090    109.473     1.2613     1.2369     0.0403    -0.0177     3.3407     0.0427     0.0147 -123.79128   38.89454      20.59          4  0.000e+00
      18948    789.458     80.099     80.725     8.9325     8.9241  36.129537  36.128034     8.9240     8.9156    33.9617    33.9681    26.3171    26.3235     3.4842     3.6012    106.091    109.652     1.2613     1.2381     0.0403    -0.0177     3.3407     0.0415     0.0147 -123.79128   38.89454      20.59          4  0.000e+00
      18949    789.500     80.145     80.772     8.9312     8.9256  36.129219  36.128670     8.9227     8.9170    33.9626    33.9674    26.3180    26.3227     3.4843     3.5951    106.094    109.467     1.2613     1.2369     0.0403    -0.0177     3.3407     0.0415     0.0134 -123.79128   38.89454      20.56          4  0.000e+00
      18950    789.542     80.145     80.772     8.9309     8.9271  36.129983  36.130007     8.9223     8.9185    33.9637    33.9674    26.3189    26.3224     3.4843     3.6010    106.094    109.646     1.2613     1.2381     0.0403    -0.0177     3.3407     0.0403     0.0134 -123.79128   38.89454      20.51          4  0.000e+00
      18951    789.583     80.099     80.725     8.9301     8.9284  36.129537  36.130643     8.9216     8.9199    33.9640    33.9668    26.3193    26.3217     3.4899     3.6008    106.263    109.642     1.2625     1.2381     0.0403    -0.0177     3.3407     0.0391     0.0122 -123.79128   38.89454      20.51          4  0.000e+00
      18952    789.625     80.145     80.772     8.9289     8.9293  36.128583  36.130897     8.9204     8.9208    33.9641    33.9662    26.3195    26.3211     3.4900     3.6008    106.266    109.641     1.2625     1.2381     0.0391    -0.0482     3.3407     0.0391     0.0122 -123.79128   38.89454      20.51          4  0.000e+00
      18953    789.667     80.145     80.772     8.9288     8.9306  36.128201  36.132233     8.9203     8.9221    33.9638    33.9663    26.3194    26.3210     3.4900     3.6007    106.267    109.637     1.2625     1.2381     0.0391    -0.0482     3.3407     0.0403     0.0134 -123.79128   38.89454      20.54          4  0.000e+00
      18954    789.708     80.145     80.772     8.9293     8.9315  36.128073  36.132870     8.9207     8.9229    33.9633    33.9662    26.3188    26.3208     3.4900     3.6006    106.266    109.635     1.2625     1.2381     0.0391    -0.0482     3.3394     0.0415     0.0134 -123.79128   38.89454      20.51          4  0.000e+00
      18955    789.750     80.145     80.772     8.9296     8.9324  36.129028  36.132997     8.9210     8.9238    33.9639    33.9654    26.3193    26.3201     3.4899     3.6005    106.265    109.633     1.2625     1.2381     0.0391    -0.0482     3.3407     0.0415     0.0134 -123.79128   38.89454      20.51          4  0.000e+00
      18956    789.792     80.192     80.818     8.9312     8.9331  36.130302  36.132997     8.9227     8.9245    33.9637    33.9647    26.3189    26.3194     3.4953     3.6065    106.429    109.815     1.2637     1.2393     0.0391    -0.0482     3.3407     0.0415     0.0147 -123.79128   38.89454      20.49          4  0.000e+00
      18957    789.833     80.145     80.772     8.9327     8.9333  36.131129  36.132424     8.9242     8.9247    33.9632    33.9640    26.3182    26.3188     3.4952     3.6065    106.425    109.814     1.2637     1.2393     0.0391    -0.0482     3.3407     0.0415     0.0134 -123.79128   38.89454      20.49          4  0.000e+00
      18958    789.875     80.145     80.772     8.9325     8.9334  36.131511  36.131597     8.9240     8.9249    33.9637    33.9630    26.3187    26.3180     3.4952     3.6065    106.425    109.815     1.2637     1.2393     0.0391    -0.0482     3.3394     0.0415     0.0134 -123.79128   38.89454      20.49          4  0.000e+00
      18959    789.917     80.185     80.812     8.9324     8.9330  36.131766  36.130642     8.9238     8.9245    33.9641    33.9623    26.3190    26.3175     3.4952     3.6066    106.425    109.817     1.2637     1.2393     0.0391    -0.0482     3.3407     0.0403     0.0134 -123.79128   38.89454      20.49          4  0.000e+00
      18960    789.958     80.192     80.818     8.9338     8.9326  36.131893  36.129942     8.9253     8.9241    33.9629    33.9620    26.3178    26.3173     3.4951     3.6066    106.423    109.818     1.2637     1.2393     0.0391    -0.0482     3.3394     0.0403     0.0134 -123.79128   38.89454      20.49          4  0.000e+00
      18961    790.000     80.192     80.818     8.9341     8.9321  36.132148  36.129815     8.9256     8.9235    33.9628    33.9624    26.3177    26.3177     3.4951     3.6067    106.422    109.819     1.2637     1.2393     0.0391    -0.0482     3.3419     0.0415     0.0134 -123.79128   38.89454      20.46          4  0.000e+00
      18962    790.042     80.192     80.818     8.9340     8.9313  36.131511  36.129243     8.9254     8.9227    33.9623    33.9625    26.3173    26.3179     3.4951     3.6127    106.423    110.004     1.2637     1.2405     0.0391    -0.0482     3.3407     0.0427     0.0147 -123.79128   38.89454      20.46          4  0.000e+00
      18963    790.083     80.145     80.772     8.9340     8.9307  36.131256  36.129115     8.9255     8.9222    33.9621    33.9630    26.3172    26.3184     3.4951     3.6127    106.422    110.004     1.2637     1.2405     0.0391    -0.0482     3.3394     0.0427     0.0147 -123.79128   38.89454      20.46          4  0.000e+00
      18964    790.125     80.192     80.818     8.9338     8.9303  36.131002  36.128670     8.9253     8.9217    33.9619    33.9629    26.3171    26.3184     3.4951     3.6128    106.424    110.006     1.2637     1.2405     0.0391    -0.0482     3.3419     0.0403     0.0134 -123.79128   38.89454      20.46          4  0.000e+00
      18965    790.167     80.192     80.818     8.9341     8.9298  36.131193  36.128288     8.9256     8.9213    33.9618    33.9629    26.3170    26.3185     3.5006     3.6128    106.590    110.007     1.2650     1.2405     0.0391    -0.0482     3.3419     0.0403     0.0134 -123.79128   38.89454      20.46          4  0.000e+00
      18966    790.208     80.245     80.872     8.9345     8.9292  36.131002  36.129179     8.9259     8.9206    33.9613    33.9645    26.3165    26.3198     3.5006     3.6129    106.590    110.008     1.2650     1.2405     0.0391    -0.0482     3.3394     0.0403     0.0134 -123.79128   38.89454      20.46          4  0.000e+00
      18967    790.250     80.192     80.818     8.9343     8.9289  36.131129  36.128925     8.9258     8.9203    33.9616    33.9645    26.3167    26.3199     3.4951     3.6189    106.423    110.191     1.2637     1.2418     0.0391    -0.0482     3.3394     0.0415     0.0134 -123.79128   38.89454      20.46          4  0.000e+00
      18968    790.292     80.245     80.872     8.9347     8.9290  36.130493  36.128798     8.9261     8.9205    33.9606    33.9642    26.3159    26.3196     3.5006     3.6129    106.590    110.009     1.2650     1.2405     0.0391    -0.0482     3.3394     0.0427     0.0147 -123.79128   38.89454      20.46          4  0.000e+00
      18969    790.333     80.245     80.872     8.9345     8.9290  36.131257  36.128861     8.9259     8.9205    33.9616    33.9643    26.3167    26.3197     3.5006     3.6129    106.590    110.009     1.2650     1.2405     0.0391    -0.0482     3.3407     0.0415     0.0147 -123.79128   38.89454      20.49          4  0.000e+00
      18970    790.375     80.191     80.818     8.9347     8.9290  36.131320  36.128607     8.9261     8.9205    33.9615    33.9640    26.3166    26.3195     3.5061     3.6129    106.756    110.008     1.2662     1.2405     0.0391    -0.0482     3.3407     0.0415     0.0134 -123.79128   38.89454      20.46          4  0.000e+00
