WCOA/WCOA-6/CTD_Data/RB2102_CTD_069_01.ros
* Sea-Bird SBE 9 Data File:
* FileName = C:\Users\scs.user.rb\CTD\RB2102\Data\RB2102_CTD_069_01.hex
* Software Version Seasave V 7.26.7.107
* Temperature SN = 6202
* Conductivity SN = 4907
* Number of Bytes Per Scan = 41
* Number of Voltage Words = 4
* Number of Scans Averaged by the Deck Unit = 1
* NMEA Latitude = 39 53.56 N
* NMEA Longitude = 125 12.00 W
* NMEA UTC (Time) = Jul 07 2021  16:56:21
* NMEA baud rate = 4800
# nquan = 30
# nvalues = 1176                                  
# units = specified
# name 0 = scan: Scan Count
# name 1 = timeS: Time, Elapsed [seconds]
# name 2 = depSM: Depth [salt water, m]
# name 3 = prDM: Pressure, Digiquartz [db]
# name 4 = t090C: Temperature [ITS-90, deg C]
# name 5 = t190C: Temperature, 2 [ITS-90, deg C]
# name 6 = c0mS/cm: Conductivity [mS/cm]
# name 7 = c1mS/cm: Conductivity, 2 [mS/cm]
# name 8 = potemp090C: Potential Temperature [ITS-90, deg C]
# name 9 = potemp190C: Potential Temperature, 2 [ITS-90, deg C]
# name 10 = sal00: Salinity, Practical [PSU]
# name 11 = sal11: Salinity, Practical, 2 [PSU]
# name 12 = sigma-é00: Density [sigma-theta, kg/m^3]
# name 13 = sigma-é11: Density, 2 [sigma-theta, kg/m^3]
# name 14 = sbeox0Mg/L: Oxygen, SBE 43 [mg/l]
# name 15 = sbeox1Mg/L: Oxygen, SBE 43, 2 [mg/l]
# name 16 = sbox0Mm/Kg: Oxygen, SBE 43 [umol/kg]
# name 17 = sbox1Mm/Kg: Oxygen, SBE 43, 2 [umol/kg]
# name 18 = sbeox0V: Oxygen raw, SBE 43 [V]
# name 19 = sbeox1V: Oxygen raw, SBE 43, 2 [V]
# name 20 = v4: Voltage 4
# name 21 = flECO-AFL: Fluorescence, WET Labs ECO-AFL/FL [mg/m^3]
# name 22 = v3: Voltage 3
# name 23 = v6: Voltage 6
# name 24 = v7: Voltage 7
# name 25 = longitude: Longitude [deg]
# name 26 = latitude: Latitude [deg]
# name 27 = altM: Altimeter [m]
# name 28 = nbf: Bottles Fired
# name 29 = flag:  0.000e+00
# interval = seconds: 0.0416667
# start_time = Jul 07 2021 16:56:21 [NMEA time, header]
# bad_flag = -9.990e-29
*END*
      65721   2738.333   1976.220   2000.986     1.9883     1.9904  31.313753  31.315196     1.8521     1.8541    34.6032    34.6028    27.6654    27.6648     2.1093     2.1855     64.143     66.460     0.7937     0.7937     0.0403    -0.0177     3.3407     0.0000     0.0049 -125.20118   39.89222      99.98          1  0.000e+00
      65722   2738.375   1976.220   2000.986     1.9882     1.9903  31.313873  31.315196     1.8519     1.8540    34.6035    34.6029    27.6656    27.6650     2.1009     2.1855     63.888     66.460     0.7924     0.7937     0.0403    -0.0177     3.3407     0.0000     0.0049 -125.20118   39.89222      99.95          1  0.000e+00
      65723   2738.417   1976.221   2000.986     1.9885     1.9903  31.313693  31.315015     1.8522     1.8540    34.6030    34.6027    27.6651    27.6648     2.1009     2.1855     63.888     66.460     0.7924     0.7937     0.0403    -0.0177     3.3419     0.0000     0.0037 -125.20118   39.89222      99.98          1  0.000e+00
      65724   2738.458   1976.221   2000.986     1.9885     1.9906  31.313994  31.315135     1.8522     1.8543    34.6034    34.6025    27.6654    27.6646     2.1009     2.1855     63.888     66.459     0.7924     0.7937     0.0403    -0.0177     3.3419     0.0000     0.0037 -125.20118   39.89222      97.80          1  0.000e+00
      65725   2738.500   1976.296   2001.062     1.9885     1.9904  31.313934  31.315858     1.8522     1.8541    34.6032    34.6036    27.6654    27.6655     2.1010     2.1855     63.888     66.460     0.7924     0.7937     0.0403    -0.0177     3.3407     0.0000     0.0037 -125.20118   39.89222      95.97          1  0.000e+00
      65726   2738.542   1976.323   2001.090     1.9882     1.9904  31.314295  31.315437     1.8519     1.8541    34.6040    34.6030    27.6660    27.6650     2.1010     2.1855     63.889     66.460     0.7924     0.7937     0.0403    -0.0177     3.3407     0.0000     0.0049 -125.20118   39.89222      95.68          1  0.000e+00
      65727   2738.583   1976.323   2001.090     1.9885     1.9904  31.314054  31.315437     1.8522     1.8541    34.6034    34.6030    27.6655    27.6650     2.1010     2.1855     63.888     66.460     0.7924     0.7937     0.0403    -0.0177     3.3407     0.0000     0.0037 -125.20118   39.89222      95.80          1  0.000e+00
      65728   2738.625   1976.323   2001.090     1.9885     1.9906  31.313934  31.315316     1.8522     1.8543    34.6032    34.6027    27.6653    27.6648     2.1010     2.1855     63.888     66.460     0.7924     0.7937     0.0403    -0.0177     3.3407     0.0000     0.0049 -125.20118   39.89222      95.87          1  0.000e+00
      65729   2738.667   1976.378   2001.146     1.9883     1.9904  31.313874  31.315196     1.8521     1.8541    34.6033    34.6027    27.6654    27.6648     2.1010     2.1856     63.889     66.461     0.7924     0.7937     0.0403    -0.0177     3.3419     0.0000     0.0049 -125.20118   39.89222      95.90          1  0.000e+00
      65730   2738.708   1976.378   2001.146     1.9885     1.9904  31.313874  31.315016     1.8522     1.8541    34.6031    34.6025    27.6653    27.6646     2.1010     2.1856     63.889     66.461     0.7924     0.7937     0.0403    -0.0177     3.3407     0.0000     0.0049 -125.20118   39.89222      98.14          1  0.000e+00
      65731   2738.750   1976.432   2001.201     1.9883     1.9904  31.314055  31.315136     1.8521     1.8541    34.6035    34.6026    27.6656    27.6647     2.1010     2.1856     63.890     66.462     0.7924     0.7937     0.0403    -0.0177     3.3407     0.0000     0.0049 -125.20118   39.89222      99.76          1  0.000e+00
      65732   2738.792   1976.432   2001.201     1.9885     1.9904  31.314115  31.315257     1.8522     1.8541    34.6034    34.6027    27.6655    27.6648     2.0926     2.1856     63.634     66.462     0.7912     0.7937     0.0403    -0.0177     3.3419     0.0000     0.0037 -125.20118   39.89222     100.00          1  0.000e+00
      65733   2738.833   1976.453   2001.222     1.9885     1.9903  31.313934  31.315618     1.8522     1.8540    34.6032    34.6033    27.6653    27.6653     2.1010     2.1856     63.890     66.462     0.7924     0.7937     0.0403    -0.0177     3.3419     0.0000     0.0037 -125.20118   39.89222     100.00          1  0.000e+00
      65734   2738.875   1976.432   2001.201     1.9885     1.9906  31.313874  31.315558     1.8522     1.8543    34.6031    34.6029    27.6652    27.6650     2.1010     2.1856     63.889     66.461     0.7924     0.7937     0.0403    -0.0177     3.3419     0.0000     0.0037 -125.20118   39.89222      99.95          1  0.000e+00
      65735   2738.917   1976.480   2001.250     1.9886     1.9906  31.314296  31.315317     1.8524     1.8543    34.6034    34.6026    27.6655    27.6647     2.1010     2.1856     63.889     66.462     0.7924     0.7937     0.0403    -0.0177     3.3407     0.0000     0.0037 -125.20118   39.89222      99.95          1  0.000e+00
      65736   2738.958   1976.535   2001.305     1.9888     1.9904  31.314176  31.315437     1.8525     1.8541    34.6031    34.6029    27.6652    27.6649     2.1094     2.1856     64.145     66.462     0.7937     0.7937     0.0403    -0.0177     3.3419     0.0000     0.0037 -125.20118   39.89222      99.95          1  0.000e+00
      65737   2739.000   1976.480   2001.250     1.9890     1.9903  31.314356  31.315437     1.8527     1.8540    34.6032    34.6031    27.6653    27.6651     2.1010     2.1856     63.889     66.462     0.7924     0.7937     0.0403    -0.0177     3.3407     0.0000     0.0037 -125.20118   39.89222      99.98          1  0.000e+00
      65738   2739.042   1976.480   2001.250     1.9891     1.9906  31.314175  31.315257     1.8528     1.8543    34.6028    34.6025    27.6649    27.6646     2.1010     2.1856     63.889     66.462     0.7924     0.7937     0.0403    -0.0177     3.3407     0.0000     0.0037 -125.20118   39.89222      99.98          1  0.000e+00
      65739   2739.083   1976.535   2001.306     1.9890     1.9906  31.313934  31.315257     1.8527     1.8543    34.6026    34.6025    27.6648    27.6646     2.1010     2.1856     63.890     66.462     0.7924     0.7937     0.0403    -0.0177     3.3407     0.0000     0.0037 -125.20118   39.89222      99.95          1  0.000e+00
      65740   2739.125   1976.556   2001.326     1.9886     1.9904  31.314296  31.315257     1.8524     1.8541    34.6034    34.6027    27.6655    27.6648     2.1010     2.1856     63.890     66.463     0.7924     0.7937     0.0403    -0.0177     3.3419     0.0000     0.0049 -125.20118   39.89222      99.98          1  0.000e+00
      65741   2739.167   1976.535   2001.306     1.9885     1.9907  31.313814  31.315618     1.8522     1.8544    34.6030    34.6028    27.6651    27.6648     2.1010     2.1948     63.890     66.742     0.7924     0.7949     0.0403    -0.0177     3.3407     0.0000     0.0037 -125.20118   39.89222      99.98          1  0.000e+00
      65742   2739.208   1976.590   2001.361     1.9882     1.9906  31.313995  31.315558     1.8519     1.8543    34.6035    34.6029    27.6656    27.6649     2.1011     2.1856     63.891     66.463     0.7924     0.7937     0.0403    -0.0177     3.3407     0.0000     0.0049 -125.20118   39.89222      99.98          1  0.000e+00
      65743   2739.250   1976.590   2001.361     1.9882     1.9904  31.313935  31.315678     1.8519     1.8541    34.6034    34.6032    27.6655    27.6652     2.1011     2.1856     63.891     66.463     0.7924     0.7937     0.0403    -0.0177     3.3407     0.0000     0.0037 -125.20118   39.89222      99.98          1  0.000e+00
      65744   2739.292   1976.535   2001.306     1.9883     1.9906  31.314055  31.315558     1.8521     1.8543    34.6034    34.6029    27.6655    27.6649     2.1010     2.1856     63.890     66.462     0.7924     0.7937     0.0403    -0.0177     3.3419     0.0000     0.0037 -125.20118   39.89222      99.98          1  0.000e+00
      65745   2739.333   1976.590   2001.361     1.9880     1.9904  31.313694  31.315678     1.8518     1.8541    34.6033    34.6032    27.6654    27.6652     2.1011     2.1856     63.892     66.463     0.7924     0.7937     0.0403    -0.0177     3.3407     0.0000     0.0037 -125.20118   39.89222      99.98          1  0.000e+00
      65746   2739.375   1976.590   2001.362     1.9882     1.9906  31.313573  31.315498     1.8519     1.8543    34.6030    34.6028    27.6652    27.6648     2.1011     2.1856     63.891     66.463     0.7924     0.7937     0.0403    -0.0177     3.3407     0.0000     0.0049 -125.20118   39.89222      99.98          1  0.000e+00
      65747   2739.417   1976.535   2001.306     1.9883     1.9907  31.313995  31.315257     1.8521     1.8544    34.6034    34.6024    27.6655    27.6645     2.1010     2.1948     63.891     66.742     0.7924     0.7949     0.0403    -0.0177     3.3407     0.0000     0.0037 -125.20118   39.89222      99.98          1  0.000e+00
      65748   2739.458   1976.611   2001.382     1.9882     1.9906  31.313935  31.315438     1.8519     1.8543    34.6034    34.6027    27.6655    27.6648     2.1011     2.1948     63.891     66.743     0.7924     0.7949     0.0403    -0.0177     3.3407     0.0000     0.0049 -125.20118   39.89222      99.98          1  0.000e+00
      65749   2739.500   1976.590   2001.362     1.9883     1.9907  31.314115  31.315678     1.8521     1.8544    34.6035    34.6028    27.6656    27.6649     2.1010     2.1856     63.891     66.462     0.7924     0.7937     0.0403    -0.0177     3.3407     0.0000     0.0037 -125.20118   39.89222      99.98          1  0.000e+00
      65750   2739.542   1976.590   2001.362     1.9885     1.9907  31.313935  31.315979     1.8522     1.8544    34.6031    34.6032    27.6652    27.6652     2.1010     2.1856     63.891     66.462     0.7924     0.7937     0.0403    -0.0177     3.3407     0.0000     0.0049 -125.20118   39.89222      99.98          1  0.000e+00
      65751   2739.583   1976.590   2001.362     1.9886     1.9906  31.314055  31.315438     1.8524     1.8543    34.6031    34.6027    27.6652    27.6648     2.1010     2.1856     63.891     66.463     0.7924     0.7937     0.0403    -0.0177     3.3407     0.0000     0.0037 -125.20118   39.89222      99.95          1  0.000e+00
      65752   2739.625   1976.590   2001.362     1.9886     1.9906  31.314356  31.315859     1.8524     1.8543    34.6035    34.6032    27.6655    27.6652     2.1010     2.1856     63.890     66.462     0.7924     0.7937     0.0403    -0.0177     3.3407     0.0000     0.0037 -125.20118   39.89222      99.98          1  0.000e+00
      65753   2739.667   1976.590   2001.362     1.9890     1.9907  31.314055  31.315438     1.8527     1.8544    34.6028    34.6025    27.6649    27.6646     2.1010     2.1856     63.890     66.462     0.7924     0.7937     0.0403    -0.0177     3.3407     0.0000     0.0037 -125.20118   39.89222      99.95          1  0.000e+00
      65754   2739.708   1976.536   2001.306     1.9890     1.9904  31.314296  31.315197     1.8527     1.8541    34.6031    34.6026    27.6652    27.6647     2.1010     2.1856     63.890     66.462     0.7924     0.7937     0.0403    -0.0177     3.3407     0.0000     0.0037 -125.20118   39.89222      99.98          1  0.000e+00
      65755   2739.750   1976.556   2001.327     1.9893     1.9904  31.314236  31.315016     1.8530     1.8541    34.6027    34.6024    27.6648    27.6645     2.1010     2.1856     63.889     66.463     0.7924     0.7937     0.0403    -0.0177     3.3407     0.0000     0.0037 -125.20118   39.89222      99.98          1  0.000e+00
      65756   2739.792   1976.591   2001.362     1.9891     1.9903  31.314356  31.315558     1.8528     1.8540    34.6030    34.6032    27.6651    27.6652     2.1010     2.1856     63.890     66.463     0.7924     0.7937     0.0403    -0.0177     3.3407     0.0000     0.0037 -125.20118   39.89222      99.98          1  0.000e+00
      65757   2739.833   1976.591   2001.362     1.9890     1.9903  31.314658  31.315799     1.8527     1.8540    34.6035    34.6035    27.6655    27.6654     2.1010     2.1856     63.890     66.463     0.7924     0.7937     0.0403    -0.0177     3.3407     0.0000     0.0037 -125.20118   39.89222      99.98          1  0.000e+00
      65758   2739.875   1976.536   2001.307     1.9890     1.9906  31.314537  31.315799     1.8527     1.8543    34.6034    34.6032    27.6654    27.6652     2.1010     2.1856     63.889     66.462     0.7924     0.7937     0.0403    -0.0177     3.3419     0.0000     0.0037 -125.20118   39.89222      99.95          1  0.000e+00
      65759   2739.917   1976.536   2001.307     1.9891     1.9903  31.314175  31.315558     1.8528     1.8540    34.6028    34.6032    27.6649    27.6652     2.0926     2.1856     63.634     66.462     0.7912     0.7937     0.0403    -0.0177     3.3407     0.0000     0.0037 -125.20118   39.89222      99.98          1  0.000e+00
      65760   2739.958   1976.536   2001.307     1.9891     1.9904  31.314115  31.315498     1.8528     1.8541    34.6027    34.6030    27.6649    27.6650     2.0926     2.1856     63.634     66.462     0.7912     0.7937     0.0403    -0.0177     3.3407     0.0000     0.0037 -125.20118   39.89222      99.98          1  0.000e+00
      65761   2740.000   1976.536   2001.307     1.9888     1.9903  31.314115  31.315498     1.8525     1.8540    34.6030    34.6032    27.6652    27.6651     2.1010     2.1856     63.890     66.463     0.7924     0.7937     0.0403    -0.0177     3.3419     0.0000     0.0037 -125.20118   39.89222      99.95          1  0.000e+00
      65762   2740.042   1976.482   2001.251     1.9888     1.9904  31.313934  31.315437     1.8525     1.8541    34.6028    34.6029    27.6650    27.6650     2.1010     2.1856     63.889     66.462     0.7924     0.7937     0.0403    -0.0177     3.3407     0.0000     0.0037 -125.20118   39.89222      99.98          1  0.000e+00
      65763   2740.083   1976.509   2001.279     1.9888     1.9903  31.314296  31.315257     1.8525     1.8540    34.6033    34.6029    27.6653    27.6649     2.1010     2.1856     63.890     66.462     0.7924     0.7937     0.0403    -0.0177     3.3419     0.0000     0.0037 -125.20118   39.89222      99.98          1  0.000e+00
      65764   2740.125   1976.482   2001.252     1.9890     1.9904  31.314175  31.315257     1.8527     1.8541    34.6030    34.6027    27.6651    27.6648     2.1010     2.1856     63.889     66.462     0.7924     0.7937     0.0403    -0.0177     3.3407     0.0000     0.0037 -125.20118   39.89222      99.98          1  0.000e+00
      65765   2740.167   1976.434   2001.203     1.9888     1.9904  31.314115  31.315257     1.8525     1.8541    34.6031    34.6027    27.6652    27.6648     2.0926     2.1856     63.634     66.462     0.7912     0.7937     0.0403    -0.0177     3.3407     0.0000     0.0037 -125.20118   39.89222      99.98          1  0.000e+00
      65766   2740.208   1976.482   2001.252     1.9888     1.9904  31.314356  31.315618     1.8525     1.8541    34.6033    34.6032    27.6654    27.6651     2.1010     2.1856     63.889     66.462     0.7924     0.7937     0.0403    -0.0177     3.3407     0.0000     0.0037 -125.20118   39.89222      99.98          1  0.000e+00
      65767   2740.250   1976.434   2001.203     1.9886     1.9906  31.314235  31.315558     1.8524     1.8543    34.6034    34.6029    27.6655    27.6650     2.1010     2.1856     63.889     66.461     0.7924     0.7937     0.0403    -0.0177     3.3407     0.0000     0.0037 -125.20118   39.89222      99.98          1  0.000e+00
      65768   2740.292   1976.434   2001.203     1.9890     1.9904  31.314115  31.315497     1.8527     1.8541    34.6029    34.6030    27.6650    27.6650     2.1010     2.1856     63.889     66.461     0.7924     0.7937     0.0403    -0.0177     3.3407     0.0000     0.0037 -125.20118   39.89222      99.98          1  0.000e+00
