WCOA/WCOA-6/CTD_Data/RB2102_CTD_114_01.ros
* Sea-Bird SBE 9 Data File:
* FileName = C:\Users\scs.user.rb\CTD\RB2102\Data\RB2102_CTD_114_01.hex
* Software Version Seasave V 7.26.7.107
* Temperature SN = 6202
* Conductivity SN = 4907
* Number of Bytes Per Scan = 41
* Number of Voltage Words = 4
* Number of Scans Averaged by the Deck Unit = 1
* NMEA Latitude = 34 26.88 N
* NMEA Longitude = 120 31.41 W
* NMEA UTC (Time) = Jul 18 2021  11:01:11
* NMEA baud rate = 4800
# nquan = 30
# nvalues = 927                                   
# units = specified
# name 0 = scan: Scan Count
# name 1 = timeS: Time, Elapsed [seconds]
# name 2 = depSM: Depth [salt water, m]
# name 3 = prDM: Pressure, Digiquartz [db]
# name 4 = t090C: Temperature [ITS-90, deg C]
# name 5 = t190C: Temperature, 2 [ITS-90, deg C]
# name 6 = c0mS/cm: Conductivity [mS/cm]
# name 7 = c1mS/cm: Conductivity, 2 [mS/cm]
# name 8 = potemp090C: Potential Temperature [ITS-90, deg C]
# name 9 = potemp190C: Potential Temperature, 2 [ITS-90, deg C]
# name 10 = sal00: Salinity, Practical [PSU]
# name 11 = sal11: Salinity, Practical, 2 [PSU]
# name 12 = sigma-é00: Density [sigma-theta, kg/m^3]
# name 13 = sigma-é11: Density, 2 [sigma-theta, kg/m^3]
# name 14 = sbeox0Mg/L: Oxygen, SBE 43 [mg/l]
# name 15 = sbeox1Mg/L: Oxygen, SBE 43, 2 [mg/l]
# name 16 = sbox0Mm/Kg: Oxygen, SBE 43 [umol/kg]
# name 17 = sbox1Mm/Kg: Oxygen, SBE 43, 2 [umol/kg]
# name 18 = sbeox0V: Oxygen raw, SBE 43 [V]
# name 19 = sbeox1V: Oxygen raw, SBE 43, 2 [V]
# name 20 = v4: Voltage 4
# name 21 = flECO-AFL: Fluorescence, WET Labs ECO-AFL/FL [mg/m^3]
# name 22 = v3: Voltage 3
# name 23 = v6: Voltage 6
# name 24 = v7: Voltage 7
# name 25 = longitude: Longitude [deg]
# name 26 = latitude: Latitude [deg]
# name 27 = altM: Altimeter [m]
# name 28 = nbf: Bottles Fired
# name 29 = flag:  0.000e+00
# interval = seconds: 0.0416667
# start_time = Jul 18 2021 11:01:11 [NMEA time, header]
# bad_flag = -9.990e-29
*END*
[from data line 822]
      42527   1771.917      3.435      3.460    15.3411    15.3984  41.689788  41.741913    15.3405    15.3979    33.5871    33.5850    24.8083    24.7940     8.4787     8.0673    258.548    246.008     2.6691     2.4225     0.1612     3.0043     3.2650     0.1197     0.0525 -120.52388   34.44776      74.77         17  0.000e+00
      42528   1771.958      3.481      3.506    15.3437    15.3974  41.691271  41.740834    15.3432    15.3969    33.5862    33.5848    24.8070    24.7941     8.4783     8.0675    258.538    246.014     2.6691     2.4225     0.1624     3.0348     3.2637     0.1172     0.0501 -120.52388   34.44776      74.77         17  0.000e+00
      42529   1772.000      3.435      3.460    15.3453    15.3959  41.691338  41.739958    15.3448    15.3953    33.5849    33.5854    24.8057    24.7949     8.4781     8.0729    258.530    246.176     2.6691     2.4237     0.1612     3.0043     3.2650     0.1172     0.0342 -120.52388   34.44776      74.77         17  0.000e+00
      42530   1772.042      3.448      3.473    15.3456    15.3953  41.690934  41.739688    15.3451    15.3948    33.5842    33.5856    24.8051    24.7951     8.4733     8.0730    258.385    246.179     2.6679     2.4237     0.1612     3.0043     3.2650     0.1136     0.0513 -120.52388   34.44776      74.82         17  0.000e+00
      42531   1772.083      3.435      3.460    15.3443    15.3948  41.691136  41.738677    15.3438    15.3943    33.5856    33.5851    24.8064    24.7949     8.4782     8.0679    258.534    246.026     2.6691     2.4225     0.1612     3.0043     3.2650     0.1087     0.0733 -120.52388   34.44776      74.90         17  0.000e+00
      42532   1772.125      3.481      3.506    15.3433    15.3936  41.690732  41.735373    15.3428    15.3931    33.5860    33.5831    24.8069    24.7936     8.4736     8.0734    258.395    246.193     2.6679     2.4237     0.1612     3.0043     3.2650     0.1087     0.0598 -120.52388   34.44776      74.90         17  0.000e+00
      42533   1772.167      3.435      3.460    15.3433    15.3902  41.689990  41.731733    15.3427    15.3897    33.5854    33.5828    24.8065    24.7941     8.4784     8.0739    258.540    246.210     2.6691     2.4237     0.1624     3.0348     3.2637     0.1123     0.0452 -120.52388   34.44776      74.92         17  0.000e+00
      42547   1772.750      3.481      3.506    15.3436    15.3816  41.690193  41.727217    15.3431    15.3810    33.5853    33.5861    24.8063    24.7986     8.4784     8.0804    258.540    246.407     2.6691     2.4249     0.1465     2.6380     3.2650     0.1136     0.0427 -120.52388   34.44776      74.68         18  0.000e+00
      42548   1772.792      3.335      3.360    15.3461    15.3821  41.691068  41.724924    15.3456    15.3816    33.5840    33.5837    24.8048    24.7966     8.4779     8.0803    258.524    246.404     2.6691     2.4249     0.1465     2.6380     3.2613     0.1148     0.0366 -120.52388   34.44776      74.65         18  0.000e+00
      42549   1772.833      3.534      3.560    15.3493    15.3829  41.691001  41.721082    15.3488    15.3824    33.5811    33.5794    24.8019    24.7931     8.4777     8.0806    258.519    246.413     2.6691     2.4249     0.1477     2.6685     3.2601     0.1172     0.0147 -120.52388   34.44776      74.60         18  0.000e+00
      42550   1772.875      3.382      3.406    15.3505    15.3763  41.691742  41.713936    15.3500    15.3758    33.5808    33.5787    24.8013    24.7941     8.4773     8.0816    258.509    246.444     2.6691     2.4249     0.1477     2.6685     3.2637     0.1209     0.0000 -120.52388   34.44776      74.60         18  0.000e+00
      42551   1772.917      3.402      3.426    15.3524    15.3657  41.691202  41.706725    15.3519    15.3652    33.5787    33.5813    24.7993    24.7984     8.4771     8.0833    258.503    246.494     2.6691     2.4249     0.1477     2.6685     3.2601     0.1209     0.0000 -120.52388   34.44776      74.60         18  0.000e+00
      42552   1772.958      3.481      3.506    15.3509    15.3562  41.690326  41.703087    15.3503    15.3557    33.5792    33.5861    24.8000    24.8042     8.4775     8.0848    258.513    246.538     2.6691     2.4249     0.1465     2.6380     3.2613     0.1184     0.0159 -120.52388   34.44776      74.60         18  0.000e+00
      42553   1773.000      3.382      3.406    15.3495    15.3540  41.692079  41.702885    15.3490    15.3535    33.5820    33.5879    24.8025    24.8060     8.4774     8.0850    258.512    246.543     2.6691     2.4249     0.1477     2.6685     3.2637     0.1172     0.0293 -120.52388   34.44776      74.63         18  0.000e+00
      42554   1773.042      3.481      3.506    15.3493    15.3548  41.695991  41.704233    15.3488    15.3543    33.5856    33.5883    24.8053    24.8062     8.4821     8.0849    258.654    246.541     2.6703     2.4249     0.1477     2.6685     3.2601     0.1148     0.0403 -120.52388   34.44776      74.60         18  0.000e+00
      42555   1773.083      3.435      3.460    15.3525    15.3547  41.699160  41.701941    15.3520    15.3541    33.5857    33.5864    24.8047    24.8048     8.4815     8.0850    258.636    246.544     2.6703     2.4249     0.1477     2.6685     3.2625     0.1136     0.0403 -120.52388   34.44776      74.60         18  0.000e+00
      42556   1773.125      3.435      3.460    15.3547    15.3472  41.699901  41.694124    15.3542    15.3467    33.5845    33.5858    24.8033    24.8059     8.4812     8.0812    258.627    246.427     2.6703     2.4237     0.1465     2.6380     3.2650     0.1148     0.0330 -120.52388   34.44776      74.60         18  0.000e+00
      42557   1773.167      3.435      3.460    15.3537    15.3385  41.700441  41.688531    15.3532    15.3380    33.5859    33.5882    24.8045    24.8097     8.4813     8.0825    258.630    246.468     2.6703     2.4237     0.1465     2.6380     3.2637     0.1148     0.0403 -120.52388   34.44776      74.60         18  0.000e+00
      42558   1773.208      3.382      3.406    15.3541    15.3344  41.701654  41.686645    15.3535    15.3339    33.5867    33.5900    24.8051    24.8120     8.4812     8.0831    258.625    246.484     2.6703     2.4237     0.1465     2.6380     3.2650     0.1148     0.0415 -120.52388   34.44776      74.60         18  0.000e+00
      42559   1773.250      3.435      3.460    15.3546    15.3348  41.702868  41.687723    15.3540    15.3343    33.5873    33.5906    24.8055    24.8124     8.4763     8.0830    258.478    246.483     2.6691     2.4237     0.1477     2.6685     3.2637     0.1148     0.0354 -120.52388   34.44776      74.58         18  0.000e+00
      42560   1773.292      3.481      3.506    15.3556    15.3370  41.705027  41.689475    15.3551    15.3365    33.5884    33.5903    24.8061    24.8116     8.4809     8.0827    258.617    246.473     2.6703     2.4237     0.1465     2.6380     3.2625     0.1172     0.0256 -120.52388   34.44776      74.58         18  0.000e+00
      42561   1773.333      3.382      3.406    15.3561    15.3385  41.707319  41.689475    15.3556    15.3380    33.5901    33.5891    24.8072    24.8103     8.4806     8.0876    258.608    246.621     2.6703     2.4249     0.1477     2.6685     3.2650     0.1160     0.0391 -120.52388   34.44776      74.55         18  0.000e+00
      42562   1773.375      3.448      3.473    15.3571    15.3387  41.708870  41.688936    15.3566    15.3382    33.5906    33.5884    24.8074    24.8098     8.4805     8.0825    258.604    246.467     2.6703     2.4237     0.1465     2.6380     3.2650     0.1148     0.0488 -120.52388   34.44776      74.55         18  0.000e+00
      42563   1773.417      3.435      3.460    15.3579    15.3397  41.709814  41.689205    15.3574    15.3392    33.5907    33.5878    24.8073    24.8091     8.4803     8.0823    258.599    246.462     2.6703     2.4237     0.1429     2.5464     3.2637     0.1123     0.0562 -120.52388   34.44776      74.55         18  0.000e+00
      42564   1773.458      3.435      3.460    15.3574    15.3424  41.710489  41.691159    15.3569    15.3419    33.5917    33.5872    24.8082    24.8081     8.4804     8.0819    258.600    246.449     2.6703     2.4237     0.1404     2.4854     3.2650     0.1111     0.0574 -120.52388   34.44776      74.55         18  0.000e+00
      42565   1773.500      3.382      3.406    15.3596    15.3438  41.711365  41.693046    15.3591    15.3433    33.5907    33.5878    24.8069    24.8082     8.4800     8.0816    258.589    246.439     2.6703     2.4237     0.1416     2.5159     3.2637     0.1111     0.0574 -120.52388   34.44776      74.55         18  0.000e+00
      42566   1773.542      3.435      3.460    15.3618    15.3452  41.712242  41.693585    15.3613    15.3446    33.5896    33.5870    24.8056    24.8073     8.4797     8.0814    258.581    246.435     2.6703     2.4237     0.1404     2.4854     3.2637     0.1099     0.0586 -120.52388   34.44776      74.53         18  0.000e+00
      42567   1773.583      3.435      3.460    15.3628    15.3455  41.713051  41.693046    15.3623    15.3450    33.5894    33.5863    24.8053    24.8067     8.4843     8.0814    258.721    246.435     2.6716     2.4237     0.1404     2.4854     3.2650     0.1087     0.0635 -120.52388   34.44776      74.53         18  0.000e+00
      42568   1773.625      3.382      3.406    15.3654    15.3433  41.713725  41.690957    15.3649    15.3428    33.5879    33.5863    24.8035    24.8072     8.4839     8.0817    258.709    246.445     2.6716     2.4237     0.1404     2.4854     3.2637     0.1074     0.0623 -120.52388   34.44776      74.53         18  0.000e+00
      42569   1773.667      3.435      3.460    15.3662    15.3404  41.713927  41.689272    15.3657    15.3399    33.5873    33.5872    24.8029    24.8085     8.4838     8.0822    258.707    246.459     2.6716     2.4237     0.1404     2.4854     3.2637     0.1087     0.0611 -120.52388   34.44776      74.53         18  0.000e+00
      42570   1773.708      3.382      3.406    15.3659    15.3394  41.714197  41.687251    15.3654    15.3389    33.5878    33.5863    24.8034    24.8080     8.4838     8.0824    258.706    246.465     2.6716     2.4237     0.1404     2.4854     3.2650     0.1087     0.0611 -120.52388   34.44776      74.53         18  0.000e+00
      42571   1773.750      3.382      3.406    15.3679    15.3383  41.714534  41.684622    15.3674    15.3378    33.5864    33.5848    24.8019    24.8071     8.4835     8.0827    258.698    246.472     2.6716     2.4237     0.1416     2.5159     3.2637     0.1087     0.0623 -120.52388   34.44776      74.53         18  0.000e+00
      42572   1773.792      3.435      3.460    15.3686    15.3363  41.713860  41.682264    15.3680    15.3358    33.5852    33.5844    24.8008    24.8073     8.4788     8.0831    258.554    246.485     2.6703     2.4237     0.1416     2.5159     3.2637     0.1074     0.0659 -120.52388   34.44776      74.53         18  0.000e+00
      42573   1773.833      3.349      3.373    15.3657    15.3339  41.712780  41.680377    15.3652    15.3334    33.5868    33.5848    24.8026    24.8081     8.4791     8.0834    258.563    246.494     2.6703     2.4237     0.1404     2.4854     3.2637     0.1074     0.0647 -120.52388   34.44776      74.58         18  0.000e+00
      42574   1773.875      3.336      3.360    15.3644    15.3314  41.711701  41.680715    15.3638    15.3309    33.5869    33.5872    24.8030    24.8105     8.4793     8.0837    258.569    246.503     2.6703     2.4237     0.1416     2.5159     3.2650     0.1074     0.0635 -120.52388   34.44776      74.58         18  0.000e+00
      42575   1773.917      3.382      3.406    15.3656    15.3311  41.711297  41.683949    15.3651    15.3305    33.5855    33.5905    24.8017    24.8131     8.4792     8.0836    258.567    246.501     2.6703     2.4237     0.1416     2.5159     3.2637     0.1074     0.0672 -120.52388   34.44776      74.58         18  0.000e+00
      42576   1773.958      3.336      3.360    15.3667    15.3332  41.710824  41.689273    15.3662    15.3327    33.5841    33.5934    24.8003    24.8148     8.4791     8.0831    258.562    246.483     2.6703     2.4237     0.1404     2.4854     3.2637     0.1062     0.0708 -120.52388   34.44776      74.58         18  0.000e+00
      42577   1774.000      3.382      3.407    15.3662    15.3377  41.709880  41.696349    15.3657    15.3371    33.5837    33.5960    24.8001    24.8159     8.4745     8.0822    258.423    246.457     2.6691     2.4237     0.1416     2.5159     3.2637     0.1062     0.0720 -120.52388   34.44776      74.58         18  0.000e+00
      42578   1774.042      3.336      3.360    15.3644    15.3441  41.709880  41.703021    15.3638    15.3436    33.5853    33.5965    24.8018    24.8148     8.4747     8.0810    258.428    246.421     2.6691     2.4237     0.1404     2.4854     3.2650     0.1050     0.0745 -120.52388   34.44776      74.53         18  0.000e+00
      42579   1774.083      3.336      3.360    15.3630    15.3520  41.711297  41.709288    15.3625    15.3515    33.5877    33.5954    24.8039    24.8122     8.4748     8.0798    258.430    246.383     2.6691     2.4237     0.1404     2.4854     3.2650     0.1087     0.0635 -120.52388   34.44776      74.48         18  0.000e+00
      42580   1774.125      3.336      3.360    15.3644    15.3613  41.713388  41.714545    15.3638    15.3608    33.5885    33.5922    24.8042    24.8077     8.4698     8.0783    258.278    246.340     2.6679     2.4237     0.1404     2.4854     3.2650     0.1099     0.0623 -120.52388   34.44776      74.46         18  0.000e+00
      42581   1774.167      3.289      3.313    15.3669    15.3673  41.714736  41.717106    15.3664    15.3668    33.5875    33.5893    24.8029    24.8042     8.4693     8.0774    258.265    246.313     2.6679     2.4237     0.1416     2.5159     3.2650     0.1099     0.0635 -120.52388   34.44776      74.46         18  0.000e+00
      42582   1774.208      3.289      3.313    15.3696    15.3718  41.715882  41.718521    15.3691    15.3713    33.5863    33.5867    24.8013    24.8012     8.4689     8.0767    258.253    246.294     2.6679     2.4237     0.1416     2.5159     3.2637     0.1123     0.0562 -120.52388   34.44776      74.46         18  0.000e+00
      42583   1774.250      3.336      3.360    15.3723    15.3747  41.717433  41.718925    15.3718    15.3742    33.5853    33.5846    24.8000    24.7989     8.4686     8.0764    258.242    246.284     2.6679     2.4237     0.1404     2.4854     3.2637     0.1136     0.0537 -120.52388   34.44776      74.46         18  0.000e+00
      42584   1774.292      3.256      3.280    15.3746    15.3776  41.718849  41.719531    15.3741    15.3771    33.5846    33.5827    24.7989    24.7968     8.4681     8.0759    258.229    246.270     2.6679     2.4237     0.1416     2.5159     3.2650     0.1172     0.0488 -120.52388   34.44776      74.53         18  0.000e+00
      42585   1774.333      3.289      3.313    15.3761    15.3797  41.719321  41.717374    15.3756    15.3792    33.5838    33.5790    24.7980    24.7935     8.4632     8.0707    258.079    246.110     2.6667     2.4225     0.1416     2.5159     3.2650     0.1160     0.0525 -120.52388   34.44776      74.60         18  0.000e+00
      42586   1774.375      3.289      3.313    15.3763    15.3781  41.718781  41.714071    15.3758    15.3776    33.5831    33.5773    24.7974    24.7926     8.4632     8.0761    258.079    246.277     2.6667     2.4237     0.1416     2.5159     3.2637     0.1111     0.0647 -120.52388   34.44776      74.63         18  0.000e+00
      42587   1774.417      3.236      3.260    15.3765    15.3734  41.718646  41.712453    15.3760    15.3729    33.5828    33.5799    24.7972    24.7956     8.4631     8.0716    258.077    246.139     2.6667     2.4225     0.1404     2.4854     3.2650     0.1074     0.0708 -120.52388   34.44776      74.63         18  0.000e+00
