WCOA/WCOA-6/CTD_Data/RB2102_CTD_094_01.ros
* Sea-Bird SBE 9 Data File:
* FileName = C:\Users\scs.user.rb\CTD\RB2102\Data\RB2102_CTD_094_01.hex
* Software Version Seasave V 7.26.7.107
* Temperature SN = 6202
* Conductivity SN = 4907
* Number of Bytes Per Scan = 41
* Number of Voltage Words = 4
* Number of Scans Averaged by the Deck Unit = 1
* NMEA Latitude = 37 39.45 N
* NMEA Longitude = 122 59.79 W
* NMEA UTC (Time) = Jul 13 2021  03:32:26
* NMEA baud rate = 4800
# nquan = 30
# nvalues = 1122                                  
# units = specified
# name 0 = scan: Scan Count
# name 1 = timeS: Time, Elapsed [seconds]
# name 2 = depSM: Depth [salt water, m]
# name 3 = prDM: Pressure, Digiquartz [db]
# name 4 = t090C: Temperature [ITS-90, deg C]
# name 5 = t190C: Temperature, 2 [ITS-90, deg C]
# name 6 = c0mS/cm: Conductivity [mS/cm]
# name 7 = c1mS/cm: Conductivity, 2 [mS/cm]
# name 8 = potemp090C: Potential Temperature [ITS-90, deg C]
# name 9 = potemp190C: Potential Temperature, 2 [ITS-90, deg C]
# name 10 = sal00: Salinity, Practical [PSU]
# name 11 = sal11: Salinity, Practical, 2 [PSU]
# name 12 = sigma-é00: Density [sigma-theta, kg/m^3]
# name 13 = sigma-é11: Density, 2 [sigma-theta, kg/m^3]
# name 14 = sbeox0Mg/L: Oxygen, SBE 43 [mg/l]
# name 15 = sbeox1Mg/L: Oxygen, SBE 43, 2 [mg/l]
# name 16 = sbox0Mm/Kg: Oxygen, SBE 43 [umol/kg]
# name 17 = sbox1Mm/Kg: Oxygen, SBE 43, 2 [umol/kg]
# name 18 = sbeox0V: Oxygen raw, SBE 43 [V]
# name 19 = sbeox1V: Oxygen raw, SBE 43, 2 [V]
# name 20 = v4: Voltage 4
# name 21 = flECO-AFL: Fluorescence, WET Labs ECO-AFL/FL [mg/m^3]
# name 22 = v3: Voltage 3
# name 23 = v6: Voltage 6
# name 24 = v7: Voltage 7
# name 25 = longitude: Longitude [deg]
# name 26 = latitude: Latitude [deg]
# name 27 = altM: Altimeter [m]
# name 28 = nbf: Bottles Fired
# name 29 = flag:  0.000e+00
# interval = seconds: 0.0416667
# start_time = Jul 13 2021 03:32:26 [NMEA time, header]
# bad_flag = -9.990e-29
*END*
[from data line 581]
      30259   1260.750     40.005     40.309     9.7217     9.7220  36.820166  36.821711     9.7173     9.7175    33.9460    33.9474    26.1763    26.1773     3.3717     3.5033    102.678    106.687     1.2540     1.2357     0.0537     0.3181     3.3663     0.0769     0.0891 -122.99664   37.65744      48.67         12  0.000e+00
      30260   1260.792     40.005     40.309     9.7216     9.7220  36.820295  36.821839     9.7171     9.7175    33.9463    33.9475    26.1766    26.1774     3.3770     3.5033    102.842    106.687     1.2552     1.2357     0.0525     0.2876     3.3663     0.0769     0.0891 -122.99664   37.65744      48.69         12  0.000e+00
      30261   1260.833     40.005     40.309     9.7216     9.7223  36.820166  36.821518     9.7171     9.7178    33.9461    33.9469    26.1765    26.1769     3.3770     3.5033    102.842    106.687     1.2552     1.2357     0.0537     0.3181     3.3651     0.0757     0.0879 -122.99664   37.65744      48.69         12  0.000e+00
      30262   1260.875     40.005     40.309     9.7216     9.7220  36.820295  36.822031     9.7171     9.7175    33.9463    33.9477    26.1766    26.1776     3.3717     3.5033    102.679    106.687     1.2540     1.2357     0.0525     0.2876     3.3675     0.0757     0.0879 -122.99664   37.65744      48.69         12  0.000e+00
      30263   1260.917     40.005     40.309     9.7216     9.7223  36.820423  36.822159     9.7171     9.7178    33.9464    33.9475    26.1767    26.1774     3.3717     3.5091    102.679    106.864     1.2540     1.2369     0.0537     0.3181     3.3663     0.0769     0.0891 -122.99664   37.65744      48.69         12  0.000e+00
      30264   1260.958     40.005     40.309     9.7215     9.7221  36.820423  36.821711     9.7170     9.7176    33.9465    33.9472    26.1767    26.1772     3.3770     3.5091    102.842    106.865     1.2552     1.2369     0.0537     0.3181     3.3651     0.0794     0.0928 -122.99664   37.65744      48.69         12  0.000e+00
      30265   1261.000     39.959     40.263     9.7216     9.7223  36.820423  36.822031     9.7171     9.7178    33.9464    33.9474    26.1767    26.1773     3.3717     3.5033    102.678    106.686     1.2540     1.2357     0.0525     0.2876     3.3675     0.0781     0.0904 -122.99664   37.65744      48.69         12  0.000e+00
      33355   1389.750     30.030     30.258     9.8719     9.8673  36.937011  36.933987     9.8685     9.8639    33.9287    33.9300    26.1375    26.1393     3.6767     3.8129    111.971    116.121     1.3272     1.3040     0.0513     0.2571     3.3639     0.0879     0.1050 -122.99664   37.65746      58.63         13  0.000e+00
      33356   1389.792     30.130     30.358     9.8719     9.8678  36.937333  36.934180     9.8685     9.8644    33.9290    33.9296    26.1378    26.1390     3.6767     3.8188    111.972    116.298     1.3272     1.3053     0.0513     0.2571     3.3651     0.0879     0.1050 -122.99664   37.65746      58.63         13  0.000e+00
      33357   1389.833     29.984     30.211     9.8724     9.8681  36.936754  36.933987     9.8690     9.8647    33.9280    33.9292    26.1369    26.1386     3.6766     3.8187    111.970    116.296     1.3272     1.3053     0.0513     0.2571     3.3651     0.0879     0.1062 -122.99664   37.65746      58.63         13  0.000e+00
      33358   1389.875     30.037     30.265     9.8725     9.8684  36.937011  36.933923     9.8691     9.8650    33.9281    33.9288    26.1370    26.1382     3.6766     3.8187    111.970    116.296     1.3272     1.3053     0.0513     0.2571     3.3651     0.0867     0.1038 -122.99664   37.65746      58.63         13  0.000e+00
      33359   1389.917     30.083     30.312     9.8727     9.8682  36.936818  36.934180     9.8693     9.8648    33.9277    33.9292    26.1367    26.1386     3.6767     3.8129    111.971    116.120     1.3272     1.3040     0.0513     0.2571     3.3651     0.0867     0.1050 -122.99664   37.65746      58.63         13  0.000e+00
      33360   1389.958     30.083     30.312     9.8730     9.8682  36.936818  36.934308     9.8696     9.8648    33.9274    33.9294    26.1363    26.1387     3.6766     3.8187    111.970    116.297     1.3272     1.3053     0.0513     0.2571     3.3651     0.0879     0.1050 -122.99664   37.65746      58.63         13  0.000e+00
      33361   1390.000     30.030     30.258     9.8732     9.8679  36.936626  36.934308     9.8698     9.8645    33.9271    33.9297    26.1361    26.1390     3.6766     3.8187    111.969    116.297     1.3272     1.3053     0.0513     0.2571     3.3639     0.0891     0.1074 -122.99664   37.65746      58.63         13  0.000e+00
      33362   1390.042     30.083     30.312     9.8734     9.8681  36.936690  36.934501     9.8700     9.8647    33.9270    33.9297    26.1360    26.1390     3.6820     3.8187    112.132    116.297     1.3284     1.3053     0.0501     0.2265     3.3639     0.0904     0.1087 -122.99664   37.65746      58.63         13  0.000e+00
      33363   1390.083     30.030     30.258     9.8732     9.8684  36.936561  36.934629     9.8698     9.8650    33.9270    33.9295    26.1360    26.1388     3.6766     3.8129    111.969    116.118     1.3272     1.3040     0.0501     0.2265     3.3651     0.0904     0.1087 -122.99664   37.65746      58.63         13  0.000e+00
      33364   1390.125     30.084     30.312     9.8732     9.8687  36.936754  36.934629     9.8698     9.8653    33.9272    33.9292    26.1362    26.1385     3.6820     3.8129    112.132    116.118     1.3284     1.3040     0.0501     0.2265     3.3651     0.0891     0.1074 -122.99664   37.65746      58.66         13  0.000e+00
      33365   1390.167     30.084     30.312     9.8732     9.8689  36.936369  36.934629     9.8698     9.8655    33.9268    33.9291    26.1359    26.1383     3.6820     3.8187    112.133    116.295     1.3284     1.3053     0.0501     0.2265     3.3651     0.0891     0.1074 -122.99664   37.65746      58.63         13  0.000e+00
      33366   1390.208     30.084     30.312     9.8732     9.8692  36.936369  36.935079     9.8698     9.8658    33.9268    33.9292    26.1359    26.1384     3.6820     3.8186    112.133    116.294     1.3284     1.3053     0.0501     0.2265     3.3651     0.0891     0.1062 -122.99664   37.65746      58.66         13  0.000e+00
      33367   1390.250     30.031     30.258     9.8729     9.8692  36.936240  36.935271     9.8695     9.8658    33.9270    33.9294    26.1361    26.1386     3.6766     3.8186    111.970    116.293     1.3272     1.3053     0.0501     0.2265     3.3639     0.0879     0.1062 -122.99664   37.65746      58.66         13  0.000e+00
      33368   1390.292     30.084     30.312     9.8724     9.8691  36.936433  36.934758     9.8689     9.8657    33.9276    33.9290    26.1367    26.1383     3.6820     3.8186    112.134    116.295     1.3284     1.3053     0.0513     0.2571     3.3639     0.0879     0.1062 -122.99664   37.65746      58.68         13  0.000e+00
      33369   1390.333     30.084     30.312     9.8721     9.8696  36.936433  36.935079     9.8687     9.8662    33.9279    33.9289    26.1369    26.1381     3.6820     3.8186    112.135    116.293     1.3284     1.3053     0.0501     0.2265     3.3651     0.0879     0.1062 -122.99664   37.65746      58.66         13  0.000e+00
      33370   1390.375     30.031     30.258     9.8715     9.8694  36.936048  36.934757     9.8681     9.8660    33.9280    33.9287    26.1371    26.1380     3.6821     3.8186    112.135    116.293     1.3284     1.3053     0.0513     0.2571     3.3639     0.0879     0.1050 -122.99664   37.65746      58.66         13  0.000e+00
      33371   1390.417     30.130     30.358     9.8711     9.8696  36.936112  36.934822     9.8677     9.8662    33.9285    33.9286    26.1375    26.1379     3.6821     3.8128    112.137    116.117     1.3284     1.3040     0.0513     0.2571     3.3639     0.0879     0.1050 -122.99664   37.65746      58.66         13  0.000e+00
      33372   1390.458     30.031     30.258     9.8712     9.8694  36.936240  36.935143     9.8678     9.8660    33.9285    33.9291    26.1376    26.1383     3.6821     3.8186    112.136    116.293     1.3284     1.3053     0.0501     0.2265     3.3639     0.0867     0.1038 -122.99664   37.65746      58.68         13  0.000e+00
      33373   1390.500     30.084     30.312     9.8713     9.8694  36.935855  36.935271     9.8678     9.8660    33.9281    33.9292    26.1372    26.1384     3.6821     3.8186    112.137    116.294     1.3284     1.3053     0.0501     0.2265     3.3651     0.0855     0.1026 -122.99664   37.65746      58.68         13  0.000e+00
      33374   1390.542     30.084     30.312     9.8711     9.8692  36.936112  36.935464     9.8677     9.8658    33.9285    33.9296    26.1376    26.1387     3.6821     3.8186    112.137    116.294     1.3284     1.3053     0.0513     0.2571     3.3639     0.0855     0.1026 -122.99664   37.65746      58.68         13  0.000e+00
      33375   1390.583     30.084     30.312     9.8711     9.8696  36.936433  36.935335     9.8677     9.8662    33.9288    33.9291    26.1378    26.1383     3.6821     3.8186    112.136    116.293     1.3284     1.3053     0.0501     0.2265     3.3639     0.0867     0.1038 -122.99664   37.65746      58.68         13  0.000e+00
      33376   1390.625     30.084     30.312     9.8713     9.8696  36.936690  36.935271     9.8678     9.8662    33.9289    33.9291    26.1379    26.1382     3.6821     3.8186    112.136    116.293     1.3284     1.3053     0.0513     0.2571     3.3639     0.0867     0.1038 -122.99664   37.65746      58.68         13  0.000e+00
      33377   1390.667     30.084     30.312     9.8715     9.8696  36.936112  36.935271     9.8681     9.8662    33.9281    33.9291    26.1371    26.1382     3.6821     3.8186    112.136    116.293     1.3284     1.3053     0.0513     0.2571     3.3639     0.0842     0.1013 -122.99664   37.65746      58.68         13  0.000e+00
      33378   1390.708     30.084     30.312     9.8717     9.8699  36.935919  36.935464     9.8683     9.8665    33.9277    33.9290    26.1368    26.1381     3.6821     3.8186    112.136    116.292     1.3284     1.3053     0.0501     0.2265     3.3639     0.0855     0.1026 -122.99664   37.65746      58.68         13  0.000e+00
      33379   1390.750     30.084     30.312     9.8720     9.8702  36.936112  36.935592     9.8686     9.8668    33.9276    33.9288    26.1367    26.1379     3.6821     3.8127    112.135    116.115     1.3284     1.3040     0.0501     0.2265     3.3651     0.0867     0.1050 -122.99664   37.65746      58.68         13  0.000e+00
      33380   1390.792     30.037     30.265     9.8717     9.8702  36.936369  36.936105     9.8683     9.8668    33.9282    33.9293    26.1372    26.1383     3.6820     3.8185    112.135    116.291     1.3284     1.3053     0.0513     0.2571     3.3639     0.0867     0.1026 -122.99664   37.65746      58.68         13  0.000e+00
      33381   1390.833     30.130     30.359     9.8717     9.8706  36.936241  36.935721     9.8683     9.8671    33.9280    33.9286    26.1371    26.1377     3.6821     3.8185    112.136    116.292     1.3284     1.3053     0.0501     0.2265     3.3639     0.0867     0.1038 -122.99664   37.65746      58.68         13  0.000e+00
      33382   1390.875     30.031     30.258     9.8719     9.8704  36.936690  36.936298     9.8685     9.8670    33.9284    33.9294    26.1373    26.1384     3.6820     3.8185    112.134    116.290     1.3284     1.3053     0.0501     0.2265     3.3651     0.0867     0.1026 -122.99664   37.65746      58.68         13  0.000e+00
      33383   1390.917     30.084     30.312     9.8717     9.8706  36.937011  36.935785     9.8683     9.8671    33.9288    33.9287    26.1377    26.1378     3.6821     3.8185    112.135    116.291     1.3284     1.3053     0.0513     0.2571     3.3639     0.0855     0.1026 -122.99664   37.65746      58.68         13  0.000e+00
      33384   1390.958     30.130     30.359     9.8715     9.8704  36.936433  36.935785     9.8681     9.8670    33.9284    33.9288    26.1374    26.1379     3.6821     3.8186    112.136    116.292     1.3284     1.3053     0.0501     0.2265     3.3639     0.0855     0.1013 -122.99664   37.65746      58.73         13  0.000e+00
      33385   1391.000     30.084     30.312     9.8716     9.8706  36.936241  36.936106     9.8682     9.8671    33.9282    33.9290    26.1372    26.1380     3.6821     3.8185    112.136    116.291     1.3284     1.3053     0.0501     0.2265     3.3651     0.0855     0.1013 -122.99664   37.65746      58.75         13  0.000e+00
      33386   1391.042     30.031     30.259     9.8717     9.8706  36.937075  36.936041     9.8683     9.8672    33.9289    33.9290    26.1378    26.1380     3.6820     3.8127    112.134    116.113     1.3284     1.3040     0.0501     0.2265     3.3651     0.0855     0.1026 -122.99664   37.65746      58.75         13  0.000e+00
      33387   1391.083     30.084     30.312     9.8721     9.8706  36.937011  36.936619     9.8687     9.8671    33.9285    33.9295    26.1374    26.1384     3.6820     3.8185    112.134    116.290     1.3284     1.3053     0.0525     0.2876     3.3651     0.0855     0.1026 -122.99664   37.65746      58.75         13  0.000e+00
      33388   1391.125     30.084     30.312     9.8720     9.8707  36.936883  36.936362     9.8686     9.8673    33.9284    33.9291    26.1373    26.1381     3.6820     3.8185    112.134    116.290     1.3284     1.3053     0.0537     0.3181     3.3639     0.0855     0.1026 -122.99664   37.65746      58.75         13  0.000e+00
      33389   1391.167     30.084     30.312     9.8724     9.8707  36.937332  36.936234     9.8689     9.8673    33.9286    33.9290    26.1374    26.1380     3.6820     3.8185    112.133    116.290     1.3284     1.3053     0.0549     0.3486     3.3639     0.0855     0.1013 -122.99664   37.65746      58.75         13  0.000e+00
      33390   1391.208     30.084     30.312     9.8724     9.8707  36.936947  36.936234     9.8690     9.8673    33.9281    33.9290    26.1370    26.1380     3.6820     3.8185    112.134    116.290     1.3284     1.3053     0.0549     0.3486     3.3639     0.0842     0.1013 -122.99664   37.65746      58.73         13  0.000e+00
      33391   1391.250     30.084     30.312     9.8725     9.8706  36.936819  36.935977     9.8691     9.8671    33.9279    33.9289    26.1368    26.1379     3.6820     3.8127    112.134    116.114     1.3284     1.3040     0.0537     0.3181     3.3639     0.0842     0.1013 -122.99664   37.65746      58.71         13  0.000e+00
      33392   1391.292     30.084     30.312     9.8729     9.8707  36.936883  36.936619     9.8694     9.8673    33.9276    33.9294    26.1366    26.1383     3.6820     3.8185    112.133    116.290     1.3284     1.3053     0.0537     0.3181     3.3639     0.0855     0.1013 -122.99664   37.65746      58.71         13  0.000e+00
      33393   1391.333     30.031     30.259     9.8729     9.8707  36.937011  36.936876     9.8695     9.8673    33.9278    33.9297    26.1367    26.1385     3.6820     3.8185    112.132    116.289     1.3284     1.3053     0.0537     0.3181     3.3639     0.0830     0.1001 -122.99664   37.65746      58.71         13  0.000e+00
      33394   1391.375     30.084     30.312     9.8732     9.8710  36.937140  36.936619     9.8698     9.8676    33.9276    33.9291    26.1365    26.1380     3.6820     3.8185    112.132    116.289     1.3284     1.3053     0.0537     0.3181     3.3651     0.0842     0.1001 -122.99664   37.65746      58.71         13  0.000e+00
