WCOA/WCOA-6/CTD_Data/RB2102_CTD_054_01.ros
* Sea-Bird SBE 9 Data File:
* FileName = C:\Users\scs.user.rb\CTD\RB2102\Data\RB2102_CTD_054_01.hex
* Software Version Seasave V 7.26.7.107
* Temperature SN = 6202
* Conductivity SN = 4907
* Number of Bytes Per Scan = 41
* Number of Voltage Words = 4
* Number of Scans Averaged by the Deck Unit = 1
* NMEA Latitude = 44 00.00 N
* NMEA Longitude = 125 00.02 W
* NMEA UTC (Time) = Jul 05 2021  00:33:50
* NMEA baud rate = 4800
# nquan = 30
# nvalues = 1078                                  
# units = specified
# name 0 = scan: Scan Count
# name 1 = timeS: Time, Elapsed [seconds]
# name 2 = depSM: Depth [salt water, m]
# name 3 = prDM: Pressure, Digiquartz [db]
# name 4 = t090C: Temperature [ITS-90, deg C]
# name 5 = t190C: Temperature, 2 [ITS-90, deg C]
# name 6 = c0mS/cm: Conductivity [mS/cm]
# name 7 = c1mS/cm: Conductivity, 2 [mS/cm]
# name 8 = potemp090C: Potential Temperature [ITS-90, deg C]
# name 9 = potemp190C: Potential Temperature, 2 [ITS-90, deg C]
# name 10 = sal00: Salinity, Practical [PSU]
# name 11 = sal11: Salinity, Practical, 2 [PSU]
# name 12 = sigma-é00: Density [sigma-theta, kg/m^3]
# name 13 = sigma-é11: Density, 2 [sigma-theta, kg/m^3]
# name 14 = sbeox0Mg/L: Oxygen, SBE 43 [mg/l]
# name 15 = sbeox1Mg/L: Oxygen, SBE 43, 2 [mg/l]
# name 16 = sbox0Mm/Kg: Oxygen, SBE 43 [umol/kg]
# name 17 = sbox1Mm/Kg: Oxygen, SBE 43, 2 [umol/kg]
# name 18 = sbeox0V: Oxygen raw, SBE 43 [V]
# name 19 = sbeox1V: Oxygen raw, SBE 43, 2 [V]
# name 20 = v4: Voltage 4
# name 21 = flECO-AFL: Fluorescence, WET Labs ECO-AFL/FL [mg/m^3]
# name 22 = v3: Voltage 3
# name 23 = v6: Voltage 6
# name 24 = v7: Voltage 7
# name 25 = longitude: Longitude [deg]
# name 26 = latitude: Latitude [deg]
# name 27 = altM: Altimeter [m]
# name 28 = nbf: Bottles Fired
# name 29 = flag:  0.000e+00
# interval = seconds: 0.0416667
# start_time = Jul 05 2021 00:33:50 [NMEA time, header]
# bad_flag = -9.990e-29
*END*
      40777   1699.000    923.545    933.110     4.0336     4.0345  32.456051  32.456802     3.9635     3.9643    34.3563    34.3563    27.2778    27.2778     0.2924     0.3283      8.896      9.988     0.5385     0.5568     0.0427     0.0434     3.1990     0.4261     0.1490 -125.00070   44.00004       9.82          1  0.000e+00
      40778   1699.042    923.545    933.110     4.0339     4.0338  32.455807  32.456619     3.9637     3.9636    34.3557    34.3568    27.2774    27.2782     0.2924     0.3283      8.896      9.988     0.5385     0.5568     0.0415     0.0129     3.1990     0.4274     0.1490 -125.00070   44.00004       9.82          1  0.000e+00
      40779   1699.083    923.592    933.157     4.0336     4.0334  32.456173  32.456558     3.9635     3.9632    34.3564    34.3571    27.2779    27.2785     0.2855     0.3283      8.686      9.988     0.5372     0.5568     0.0427     0.0434     3.1978     0.4274     0.1490 -125.00070   44.00004       9.82          1  0.000e+00
      40780   1699.125    923.545    933.110     4.0335     4.0323  32.455929  32.456069     3.9634     3.9622    34.3562    34.3576    27.2778    27.2790     0.2924     0.3359      8.896     10.219     0.5385     0.5580     0.0427     0.0434     3.1990     0.4274     0.1490 -125.00070   44.00004       9.82          1  0.000e+00
      40781   1699.167    923.592    933.158     4.0333     4.0322  32.456173  32.455764     3.9632     3.9621    34.3567    34.3574    27.2782    27.2788     0.2924     0.3283      8.897      9.989     0.5385     0.5568     0.0427     0.0434     3.1990     0.4286     0.1490 -125.00070   44.00004       9.82          1  0.000e+00
      40782   1699.208    923.545    933.110     4.0332     4.0317  32.456051  32.455398     3.9631     3.9616    34.3567    34.3575    27.2782    27.2790     0.2924     0.3284      8.896      9.989     0.5385     0.5568     0.0427     0.0434     3.2002     0.4274     0.1490 -125.00070   44.00004       9.79          1  0.000e+00
      40783   1699.250    923.545    933.110     4.0332     4.0315  32.456051  32.455337     3.9631     3.9614    34.3567    34.3577    27.2782    27.2792     0.2924     0.3284      8.896      9.989     0.5385     0.5568     0.0427     0.0434     3.2002     0.4274     0.1490 -125.00070   44.00004       9.79          1  0.000e+00
      40784   1699.292    923.645    933.212     4.0331     4.0309  32.455990  32.454910     3.9630     3.9608    34.3567    34.3577    27.2782    27.2792     0.2925     0.3284      8.897      9.989     0.5385     0.5568     0.0427     0.0434     3.1990     0.4274     0.1490 -125.00070   44.00004       9.79          1  0.000e+00
      40785   1699.333    923.545    933.110     4.0331     4.0308  32.456173  32.454788     3.9629     3.9607    34.3570    34.3577    27.2785    27.2793     0.2924     0.3284      8.896      9.989     0.5385     0.5568     0.0427     0.0434     3.1990     0.4274     0.1490 -125.00070   44.00004       9.79          1  0.000e+00
      40786   1699.375    923.592    933.158     4.0330     4.0308  32.455685  32.454788     3.9628     3.9606    34.3565    34.3577    27.2781    27.2793     0.2925     0.3284      8.897      9.989     0.5385     0.5568     0.0427     0.0434     3.1990     0.4274     0.1490 -125.00070   44.00004       9.79          1  0.000e+00
      40787   1699.417    923.592    933.158     4.0329     4.0308  32.455868  32.454605     3.9628     3.9606    34.3568    34.3575    27.2783    27.2791     0.2925     0.3284      8.897      9.989     0.5385     0.5568     0.0415     0.0129     3.2002     0.4274     0.1490 -125.00070   44.00004       9.79          1  0.000e+00
      40788   1699.458    923.592    933.158     4.0330     4.0307  32.455807  32.454910     3.9628     3.9605    34.3566    34.3580    27.2782    27.2795     0.2925     0.3284      8.897      9.989     0.5385     0.5568     0.0427     0.0434     3.2002     0.4274     0.1490 -125.00070   44.00004       9.79          1  0.000e+00
      40789   1699.500    923.645    933.212     4.0331     4.0306  32.455563  32.455032     3.9629     3.9604    34.3562    34.3582    27.2779    27.2797     0.2925     0.3284      8.897      9.989     0.5385     0.5568     0.0415     0.0129     3.2002     0.4274     0.1490 -125.00070   44.00004       9.79          1  0.000e+00
      40790   1699.542    923.592    933.158     4.0329     4.0307  32.454769  32.455032     3.9628     3.9605    34.3555    34.3581    27.2773    27.2796     0.2925     0.3284      8.897      9.989     0.5385     0.5568     0.0427     0.0434     3.1990     0.4274     0.1490 -125.00070   44.00004       9.79          1  0.000e+00
      40791   1699.583    923.592    933.158     4.0319     4.0306  32.454341  32.454849     3.9617     3.9604    34.3561    34.3580    27.2779    27.2795     0.2856     0.3284      8.687      9.989     0.5372     0.5568     0.0415     0.0129     3.2002     0.4274     0.1490 -125.00070   44.00004       9.79          1  0.000e+00
      40792   1699.625    923.646    933.212     4.0315     4.0305  32.454219  32.454605     3.9614     3.9604    34.3563    34.3578    27.2780    27.2793     0.2925     0.3284      8.897      9.989     0.5385     0.5568     0.0415     0.0129     3.1978     0.4274     0.1490 -125.00070   44.00004       9.79          1  0.000e+00
      40793   1699.667    923.646    933.212     4.0316     4.0311  32.454219  32.455093     3.9614     3.9609    34.3562    34.3578    27.2780    27.2793     0.2925     0.3284      8.897      9.989     0.5385     0.5568     0.0415     0.0129     3.2002     0.4274     0.1490 -125.00070   44.00004       9.79          1  0.000e+00
      40794   1699.708    923.646    933.212     4.0312     4.0313  32.454525  32.455765     3.9610     3.9612    34.3570    34.3583    27.2787    27.2797     0.2925     0.3284      8.897      9.989     0.5385     0.5568     0.0415     0.0129     3.2002     0.4274     0.1490 -125.00070   44.00004       9.72          1  0.000e+00
      40795   1699.750    923.646    933.212     4.0308     4.0322  32.454097  32.456375     3.9606     3.9620    34.3569    34.3581    27.2786    27.2794     0.2925     0.3284      8.897      9.989     0.5385     0.5568     0.0403    -0.0177     3.1990     0.4274     0.1490 -125.00070   44.00004       9.72          1  0.000e+00
      40796   1699.792    923.646    933.212     4.0306     4.0328  32.454342  32.456558     3.9604     3.9627    34.3574    34.3577    27.2790    27.2790     0.2925     0.3283      8.897      9.988     0.5385     0.5568     0.0415     0.0129     3.2002     0.4274     0.1490 -125.00070   44.00004       9.72          1  0.000e+00
      40797   1699.833    923.693    933.260     4.0312     4.0332  32.454769  32.456802     3.9610     3.9631    34.3572    34.3575    27.2789    27.2789     0.2925     0.3283      8.897      9.988     0.5385     0.5568     0.0415     0.0129     3.2002     0.4274     0.1477 -125.00070   44.00004       9.72          1  0.000e+00
      40798   1699.875    923.646    933.212     4.0316     4.0335  32.454830  32.456802     3.9614     3.9633    34.3569    34.3573    27.2786    27.2787     0.2856     0.3359      8.687     10.219     0.5372     0.5580     0.0415     0.0129     3.2002     0.4261     0.1477 -125.00070   44.00004       9.72          1  0.000e+00
      40799   1699.917    923.693    933.260     4.0318     4.0337  32.455258  32.456802     3.9617     3.9635    34.3571    34.3570    27.2787    27.2784     0.2925     0.3359      8.897     10.219     0.5385     0.5580     0.0415     0.0129     3.1990     0.4261     0.1490 -125.00070   44.00004       9.69          1  0.000e+00
      40800   1699.958    923.693    933.260     4.0320     4.0338  32.455013  32.456985     3.9619     3.9636    34.3566    34.3572    27.2783    27.2785     0.2925     0.3283      8.897      9.988     0.5385     0.5568     0.0415     0.0129     3.1990     0.4261     0.1490 -125.00070   44.00004       9.65          1  0.000e+00
      40801   1700.000    923.693    933.260     4.0328     4.0340  32.455258  32.456863     3.9626     3.9639    34.3562    34.3567    27.2778    27.2782     0.2925     0.3283      8.897      9.988     0.5385     0.5568     0.0403    -0.0177     3.2002     0.4261     0.1490 -125.00070   44.00004       9.65          1  0.000e+00
      40802   1700.042    923.646    933.212     4.0335     4.0339  32.455807  32.456863     3.9633     3.9638    34.3561    34.3569    27.2777    27.2783     0.2925     0.3283      8.897      9.988     0.5385     0.5568     0.0415     0.0129     3.1990     0.4261     0.1477 -125.00070   44.00004       9.65          1  0.000e+00
      40803   1700.083    923.693    933.260     4.0337     4.0342  32.456296  32.456619     3.9636     3.9640    34.3564    34.3563    27.2779    27.2778     0.2855     0.3283      8.686      9.988     0.5372     0.5568     0.0415     0.0129     3.1990     0.4261     0.1477 -125.00070   44.00004       9.65          1  0.000e+00
      40804   1700.125    923.746    933.314     4.0340     4.0339  32.456052  32.456924     3.9639     3.9638    34.3558    34.3569    27.2774    27.2783     0.2925     0.3359      8.897     10.219     0.5385     0.5580     0.0415     0.0129     3.1990     0.4261     0.1477 -125.00070   44.00004       9.65          1  0.000e+00
      40805   1700.167    923.693    933.260     4.0336     4.0342  32.456296  32.456863     3.9635     3.9640    34.3565    34.3566    27.2780    27.2780     0.2925     0.3283      8.897      9.988     0.5385     0.5568     0.0415     0.0129     3.1990     0.4261     0.1477 -125.00070   44.00004       9.65          1  0.000e+00
      40806   1700.208    923.693    933.260     4.0337     4.0343  32.456052  32.456985     3.9636     3.9641    34.3561    34.3566    27.2777    27.2781     0.2925     0.3283      8.897      9.988     0.5385     0.5568     0.0415     0.0129     3.1978     0.4261     0.1477 -125.00070   44.00004       9.65          1  0.000e+00
      40807   1700.250    923.746    933.314     4.0339     4.0343  32.455807  32.456741     3.9638     3.9641    34.3556    34.3563    27.2773    27.2778     0.2925     0.3283      8.897      9.988     0.5385     0.5568     0.0415     0.0129     3.1990     0.4261     0.1477 -125.00070   44.00004       9.67          1  0.000e+00
      40808   1700.292    923.693    933.260     4.0337     4.0346  32.456235  32.456741     3.9636     3.9645    34.3563    34.3560    27.2779    27.2775     0.2855     0.3283      8.686      9.988     0.5372     0.5568     0.0415     0.0129     3.2002     0.4261     0.1477 -125.00070   44.00004       9.67          1  0.000e+00
      40809   1700.333    923.746    933.314     4.0336     4.0344  32.456052  32.457229     3.9635     3.9643    34.3562    34.3567    27.2778    27.2781     0.2925     0.3283      8.897      9.988     0.5385     0.5568     0.0415     0.0129     3.1990     0.4261     0.1477 -125.00070   44.00004       9.67          1  0.000e+00
      40810   1700.375    923.746    933.314     4.0337     4.0345  32.456662  32.457412     3.9636     3.9643    34.3568    34.3569    27.2782    27.2782     0.2925     0.3283      8.897      9.988     0.5385     0.5568     0.0415     0.0129     3.1978     0.4261     0.1477 -125.00070   44.00004       9.67          1  0.000e+00
      40811   1700.417    923.693    933.260     4.0342     4.0343  32.456723  32.457168     3.9640     3.9641    34.3564    34.3568    27.2779    27.2782     0.2924     0.3283      8.896      9.988     0.5385     0.5568     0.0415     0.0129     3.1990     0.4261     0.1477 -125.00070   44.00004       9.65          1  0.000e+00
      40812   1700.458    923.693    933.260     4.0341     4.0343  32.456601  32.457107     3.9639     3.9642    34.3564    34.3567    27.2779    27.2781     0.2855     0.3283      8.686      9.988     0.5372     0.5568     0.0415     0.0129     3.1990     0.4261     0.1477 -125.00070   44.00004       9.65          1  0.000e+00
      40813   1700.500    923.793    933.362     4.0345     4.0341  32.457029  32.456741     3.9643     3.9639    34.3564    34.3565    27.2779    27.2780     0.2855     0.3283      8.686      9.988     0.5372     0.5568     0.0403    -0.0177     3.2002     0.4261     0.1477 -125.00070   44.00004       9.65          1  0.000e+00
      40814   1700.542    923.693    933.260     4.0346     4.0342  32.456784  32.456741     3.9644     3.9640    34.3561    34.3564    27.2776    27.2779     0.2855     0.3283      8.686      9.988     0.5372     0.5568     0.0415     0.0129     3.2002     0.4261     0.1477 -125.00070   44.00004       9.65          1  0.000e+00
      40815   1700.583    923.693    933.260     4.0346     4.0339  32.457029  32.456985     3.9645     3.9638    34.3563    34.3570    27.2778    27.2784     0.2924     0.3359      8.896     10.218     0.5385     0.5580     0.0415     0.0129     3.1990     0.4249     0.1477 -125.00070   44.00004       9.65          1  0.000e+00
      40816   1700.625    923.746    933.314     4.0346     4.0340  32.457395  32.457107     3.9644     3.9639    34.3568    34.3570    27.2781    27.2784     0.2924     0.3283      8.896      9.988     0.5385     0.5568     0.0415     0.0129     3.1990     0.4261     0.1477 -125.00070   44.00004       9.65          1  0.000e+00
      40817   1700.667    923.693    933.260     4.0348     4.0339  32.457090  32.456863     3.9647     3.9638    34.3562    34.3569    27.2776    27.2783     0.2924     0.3283      8.896      9.988     0.5385     0.5568     0.0415     0.0129     3.1990     0.4261     0.1477 -125.00070   44.00004       9.65          1  0.000e+00
      40818   1700.708    923.693    933.260     4.0351     4.0340  32.457334  32.456863     3.9650     3.9639    34.3562    34.3567    27.2776    27.2782     0.2924     0.3283      8.896      9.988     0.5385     0.5568     0.0403    -0.0177     3.1990     0.4261     0.1477 -125.00070   44.00004       9.65          1  0.000e+00
      40819   1700.750    923.747    933.314     4.0352     4.0339  32.457762  32.457290     3.9650     3.9638    34.3566    34.3573    27.2779    27.2786     0.2924     0.3283      8.896      9.988     0.5385     0.5568     0.0403    -0.0177     3.2002     0.4261     0.1477 -125.00070   44.00004       9.65          1  0.000e+00
      40820   1700.792    923.693    933.260     4.0356     4.0339  32.457578  32.457168     3.9654     3.9638    34.3560    34.3572    27.2774    27.2786     0.2924     0.3283      8.896      9.988     0.5385     0.5568     0.0415     0.0129     3.2002     0.4261     0.1477 -125.00072   44.00004       9.65          1  0.000e+00
      40821   1700.833    923.693    933.260     4.0357     4.0342  32.457884  32.457107     3.9655     3.9640    34.3562    34.3569    27.2776    27.2783     0.2924     0.3359      8.896     10.218     0.5385     0.5580     0.0415     0.0129     3.1990     0.4249     0.1477 -125.00072   44.00004       9.65          1  0.000e+00
      40822   1700.875    923.693    933.260     4.0359     4.0341  32.457884  32.457107     3.9658     3.9639    34.3560    34.3570    27.2774    27.2784     0.2924     0.3359      8.896     10.218     0.5385     0.5580     0.0415     0.0129     3.1990     0.4249     0.1477 -125.00072   44.00004       9.65          1  0.000e+00
      40823   1700.917    923.693    933.260     4.0362     4.0343  32.458006  32.457107     3.9661     3.9642    34.3558    34.3567    27.2772    27.2781     0.2924     0.3283      8.896      9.988     0.5385     0.5568     0.0415     0.0129     3.1990     0.4261     0.1477 -125.00072   44.00004       9.65          1  0.000e+00
      40824   1700.958    923.646    933.212     4.0365     4.0344  32.458250  32.457107     3.9663     3.9643    34.3559    34.3566    27.2772    27.2780     0.2855     0.3283      8.686      9.988     0.5372     0.5568     0.0415     0.0129     3.1990     0.4261     0.1477 -125.00072   44.00004       9.62          1  0.000e+00
