WCOA/WCOA-6/CTD_Data/RB2102_CTD_065_01.ros
* Sea-Bird SBE 9 Data File:
* FileName = C:\Users\scs.user.rb\CTD\RB2102\Data\RB2102_CTD_065_01.hex
* Software Version Seasave V 7.26.7.107
* Temperature SN = 6202
* Conductivity SN = 4907
* Number of Bytes Per Scan = 41
* Number of Voltage Words = 4
* Number of Scans Averaged by the Deck Unit = 1
* NMEA Latitude = 41 58.52 N
* NMEA Longitude = 124 24.95 W
* NMEA UTC (Time) = Jul 06 2021  22:51:55
* NMEA baud rate = 4800
# nquan = 30
# nvalues = 637                                   
# units = specified
# name 0 = scan: Scan Count
# name 1 = timeS: Time, Elapsed [seconds]
# name 2 = depSM: Depth [salt water, m]
# name 3 = prDM: Pressure, Digiquartz [db]
# name 4 = t090C: Temperature [ITS-90, deg C]
# name 5 = t190C: Temperature, 2 [ITS-90, deg C]
# name 6 = c0mS/cm: Conductivity [mS/cm]
# name 7 = c1mS/cm: Conductivity, 2 [mS/cm]
# name 8 = potemp090C: Potential Temperature [ITS-90, deg C]
# name 9 = potemp190C: Potential Temperature, 2 [ITS-90, deg C]
# name 10 = sal00: Salinity, Practical [PSU]
# name 11 = sal11: Salinity, Practical, 2 [PSU]
# name 12 = sigma-é00: Density [sigma-theta, kg/m^3]
# name 13 = sigma-é11: Density, 2 [sigma-theta, kg/m^3]
# name 14 = sbeox0Mg/L: Oxygen, SBE 43 [mg/l]
# name 15 = sbeox1Mg/L: Oxygen, SBE 43, 2 [mg/l]
# name 16 = sbox0Mm/Kg: Oxygen, SBE 43 [umol/kg]
# name 17 = sbox1Mm/Kg: Oxygen, SBE 43, 2 [umol/kg]
# name 18 = sbeox0V: Oxygen raw, SBE 43 [V]
# name 19 = sbeox1V: Oxygen raw, SBE 43, 2 [V]
# name 20 = v4: Voltage 4
# name 21 = flECO-AFL: Fluorescence, WET Labs ECO-AFL/FL [mg/m^3]
# name 22 = v3: Voltage 3
# name 23 = v6: Voltage 6
# name 24 = v7: Voltage 7
# name 25 = longitude: Longitude [deg]
# name 26 = latitude: Latitude [deg]
# name 27 = altM: Altimeter [m]
# name 28 = nbf: Bottles Fired
# name 29 = flag:  0.000e+00
# interval = seconds: 0.0416667
# start_time = Jul 06 2021 22:51:55 [NMEA time, header]
# bad_flag = -9.990e-29
*END*
[from data line 436]
      31522   1313.375     14.714     14.831     9.3656     9.3694  36.140657  36.140863     9.3640     9.3677    33.5931    33.5898    25.9584    25.9552     5.7852     5.9441    176.217    181.056     1.7937     1.7363     0.2198     4.4695     3.2759     0.0049     0.0000 -124.41604   41.97522      69.96          9  0.000e+00
      31523   1313.417     14.760     14.877     9.3664     9.3695  36.140403  36.140736     9.3648     9.3679    33.5920    33.5895    25.9574    25.9549     5.7852     5.9382    176.216    180.878     1.7937     1.7350     0.2198     4.4695     3.2747     0.0049     0.0000 -124.41604   41.97522      69.96          9  0.000e+00
      31524   1313.458     14.720     14.837     9.3661     9.3698  36.140020  36.140736     9.3645     9.3682    33.5920    33.5892    25.9574    25.9546     5.7852     5.9441    176.217    181.055     1.7937     1.7363     0.2198     4.4695     3.2747     0.0049     0.0000 -124.41604   41.97522      69.96          9  0.000e+00
      31525   1313.500     14.661     14.777     9.3652     9.3703  36.140466  36.140736     9.3636     9.3687    33.5933    33.5888    25.9586    25.9542     5.7852     5.9440    176.217    181.052     1.7937     1.7363     0.2210     4.5000     3.2735     0.0049     0.0000 -124.41604   41.97522      69.99          9  0.000e+00
      31526   1313.542     14.760     14.877     9.3640     9.3708  36.140658  36.140227     9.3624     9.3692    33.5946    33.5877    25.9598    25.9533     5.7854     5.9440    176.223    181.054     1.7937     1.7363     0.2198     4.4695     3.2759     0.0049     0.0000 -124.41604   41.97522      69.99          9  0.000e+00
      33689   1403.667      9.725      9.802    10.6395    10.0751  37.153954  36.643883    10.6383    10.0740    33.4443    33.4495    25.6280    25.7289     8.0742     8.2211    246.017    250.469     2.3639     2.2369     0.3053     6.6063     3.2662     0.0256     0.0012 -124.41602   41.97524      74.33         10  0.000e+00
      33690   1403.708      9.738      9.815    10.6313    10.0717  37.150801  36.653802    10.6301    10.0706    33.4487    33.4627    25.6328    25.7397     8.0860     8.2211    246.375    250.466     2.3663     2.2369     0.3150     6.8505     3.2662     0.0256     0.0012 -124.41602   41.97524      74.36         10  0.000e+00
      33691   1403.750      9.725      9.802    10.6332    10.0804  37.152281  36.671082    10.6321    10.0793    33.4484    33.4722    25.6322    25.7457     8.0961     8.2247    246.684    250.574     2.3687     2.2381     0.3211     7.0031     3.2662     0.0256     0.0012 -124.41602   41.97524      74.33         10  0.000e+00
      33692   1403.792      9.679      9.755    10.6281    10.1039  37.154149  36.683049    10.6270    10.1028    33.4549    33.4626    25.6382    25.7342     8.1019     8.2206    246.859    250.451     2.3700     2.2381     0.3223     7.0336     3.2662     0.0256     0.0012 -124.41602   41.97524      74.29         10  0.000e+00
      33693   1403.833      9.679      9.755    10.6265    10.1157  37.158205  36.685480    10.6254    10.1145    33.4605    33.4542    25.6428    25.7257     8.1124     8.2187    247.178    250.397     2.3724     2.2381     0.3211     7.0031     3.2662     0.0244     0.0012 -124.41602   41.97524      74.29         10  0.000e+00
      33694   1403.875      9.639      9.715    10.6291    10.1128  37.154921  36.682984    10.6280    10.1117    33.4548    33.4543    25.6380    25.7263     8.1227     8.2250    247.493    250.589     2.3748     2.2393     0.3211     7.0031     3.2662     0.0256     0.0012 -124.41602   41.97524      74.29         10  0.000e+00
      33695   1403.917      9.725      9.802    10.6290    10.1081  37.142882  36.681704    10.6278    10.1070    33.4428    33.4574    25.6286    25.7295     8.1339     8.2259    247.837    250.614     2.3773     2.2393     0.3211     7.0031     3.2662     0.0256     0.0012 -124.41602   41.97524      74.29         10  0.000e+00
      33696   1403.958      9.679      9.755    10.6250    10.1066  37.133742  36.683497    10.6239    10.1055    33.4373    33.4606    25.6251    25.7322     8.1454     8.2317    248.188    250.792     2.3797     2.2405     0.3211     7.0031     3.2662     0.0256     0.0012 -124.41602   41.97524      74.29         10  0.000e+00
      33697   1404.000      9.679      9.755    10.6160    10.1105  37.124989  36.686889    10.6149    10.1094    33.4368    33.4604    25.6262    25.7314     8.1576     8.2368    248.559    250.945     2.3822     2.2418     0.3211     7.0031     3.2662     0.0256     0.0012 -124.41602   41.97524      74.31         10  0.000e+00
      33698   1404.042      9.632      9.709    10.6048    10.1142  37.103624  36.689898    10.6037    10.1131    33.4257    33.4601    25.6195    25.7306     8.1707     8.2360    248.960    250.923     2.3846     2.2418     0.3211     7.0031     3.2662     0.0256     0.0012 -124.41602   41.97524      74.36         10  0.000e+00
      33699   1404.083      9.639      9.715    10.5830    10.1148  37.072872  36.694059    10.5818    10.1137    33.4149    33.4637    25.6149    25.7333     8.1805     8.2415    249.261    251.089     2.3858     2.2430     0.3211     7.0031     3.2662     0.0256     0.0012 -124.41602   41.97524      74.38         10  0.000e+00
      33700   1404.125      9.679      9.755    10.5631    10.1193  37.050234  36.699053    10.5620    10.1182    33.4103    33.4647    25.6148    25.7333     8.2003     8.2464    249.861    251.239     2.3895     2.2442     0.3211     7.0031     3.2662     0.0256     0.0012 -124.41602   41.97524      74.38         10  0.000e+00
      33701   1404.167      9.679      9.755    10.5464    10.1310  37.032038  36.701869    10.5453    10.1299    33.4074    33.4567    25.6154    25.7251     8.2088     8.2445    250.120    251.184     2.3907     2.2442     0.3211     7.0031     3.2662     0.0256     0.0012 -124.41602   41.97524      74.38         10  0.000e+00
      33702   1404.208      9.579      9.655    10.5303    10.1364  37.010437  36.701355    10.5292    10.1353    33.4005    33.4512    25.6128    25.7199     8.2225     8.2495    250.540    251.335     2.3932     2.2454     0.3211     7.0031     3.2662     0.0256     0.0012 -124.41602   41.97524      74.36         10  0.000e+00
      33703   1404.250      9.639      9.715    10.4968    10.1288  36.992957  36.698859    10.4956    10.1277    33.4137    33.4557    25.6289    25.7246     8.2387     8.2566    251.028    251.550     2.3956     2.2466     0.3211     7.0031     3.2674     0.0256     0.0012 -124.41602   41.97524      74.38         10  0.000e+00
      33704   1404.292      9.679      9.755    10.4713    10.1193  36.983641  36.696172    10.4702    10.1182    33.4277    33.4618    25.6442    25.7310     8.2532     8.2639    251.468    251.773     2.3980     2.2479     0.3211     7.0031     3.2662     0.0256     0.0012 -124.41602   41.97524      74.46         10  0.000e+00
      33705   1404.333      9.632      9.709    10.4584    10.1120  36.986278  36.692779    10.4573    10.1109    33.4422    33.4650    25.6577    25.7347     8.2654     8.2709    251.835    251.984     2.4005     2.2491     0.3211     7.0031     3.2662     0.0256     0.0012 -124.41602   41.97524      74.48         10  0.000e+00
      33706   1404.375      9.579      9.655    10.4624    10.1102  37.004017  36.689258    10.4613    10.1091    33.4564    33.4632    25.6681    25.7336     8.2691     8.2713    251.946    251.997     2.4017     2.2491     0.3199     6.9726     3.2662     0.0256     0.0012 -124.41602   41.97524      74.48         10  0.000e+00
      33707   1404.417      9.632      9.709    10.4755    10.1079  37.027931  36.686633    10.4744    10.1068    33.4684    33.4626    25.6752    25.7336     8.2766     8.2776    252.173    252.190     2.4042     2.2503     0.3211     7.0031     3.2662     0.0256     0.0012 -124.41602   41.97524      74.48         10  0.000e+00
      33708   1404.458      9.639      9.715    10.4813    10.1045  37.043105  36.691243    10.4802    10.1034    33.4783    33.4705    25.6819    25.7403     8.2803     8.2837    252.283    252.372     2.4054     2.2515     0.3211     7.0031     3.2662     0.0256     0.0012 -124.41602   41.97524      74.48         10  0.000e+00
      33709   1404.500      9.632      9.709    10.4874    10.1007  37.054295  36.693933    10.4863    10.0996    33.4840    33.4767    25.6853    25.7458     8.2894     8.2899    252.559    252.559     2.4078     2.2527     0.3211     7.0031     3.2662     0.0256     0.0012 -124.41602   41.97524      74.46         10  0.000e+00
      33710   1404.542      9.632      9.709    10.4940    10.0956  37.067544  36.688363    10.4929    10.0945    33.4912    33.4758    25.6898    25.7459     8.2983     8.2967    252.830    252.768     2.4103     2.2540     0.3211     7.0031     3.2662     0.0256     0.0012 -124.41602   41.97524      74.38         10  0.000e+00
      33711   1404.583      9.632      9.709    10.5052    10.0897  37.073718  36.687404    10.5041    10.0886    33.4871    33.4802    25.6847    25.7504     8.3017     8.2976    252.935    252.795     2.4115     2.2540     0.3211     7.0031     3.2662     0.0256     0.0012 -124.41602   41.97524      74.36         10  0.000e+00
      33712   1404.625      9.639      9.715    10.5069    10.1168  37.071145  36.709682    10.5058    10.1157    33.4830    33.4778    25.6812    25.7439     8.3121     8.2982    253.254    252.815     2.4139     2.2552     0.3211     7.0031     3.2662     0.0256     0.0012 -124.41602   41.97524      74.36         10  0.000e+00
      33713   1404.667      9.632      9.709    10.5013    10.1731  37.064842  36.748425    10.5002    10.1720    33.4818    33.4649    25.6812    25.7243     8.3185     8.2936    253.448    252.680     2.4151     2.2564     0.3211     7.0031     3.2662     0.0256     0.0012 -124.41602   41.97524      74.38         10  0.000e+00
      33714   1404.708      9.579      9.655    10.4940    10.2147  37.058989  36.785135    10.4929    10.2136    33.4826    33.4637    25.6831    25.7163     8.3303     8.2913    253.807    252.610     2.4176     2.2576     0.3211     7.0031     3.2662     0.0256     0.0012 -124.41602   41.97524      74.36         10  0.000e+00
      33715   1404.750      9.632      9.709    10.4881    10.2497  37.051208  36.816667    10.4870    10.2486    33.4802    33.4633    25.6823    25.7100     8.3369     8.2845    254.007    252.405     2.4188     2.2576     0.3211     7.0031     3.2662     0.0256     0.0024 -124.41602   41.97524      74.38         10  0.000e+00
      33716   1404.792      9.632      9.709    10.4850    10.2765  37.044391  36.842311    10.4838    10.2754    33.4763    33.4645    25.6797    25.7064     8.3482     8.2850    254.353    252.421     2.4212     2.2589     0.3761     8.3767     3.2662     0.0256     0.0024 -124.41602   41.97524      74.46         10  0.000e+00
      33717   1404.833      9.639      9.715    10.4880    10.2875  37.045613  36.858600    10.4868    10.2864    33.4747    33.4709    25.6780    25.7095     8.3530     8.2825    254.500    252.345     2.4225     2.2589     0.4237     9.5672     3.2662     0.0256     0.0012 -124.41602   41.97524      74.48         10  0.000e+00
      33718   1404.875      9.679      9.755    10.4944    10.3209  37.058282  36.877711    10.4933    10.3198    33.4815    33.4594    25.6822    25.6948     8.3567     8.2824    254.612    252.345     2.4237     2.2601     0.4335     9.8114     3.2662     0.0256     0.0012 -124.41602   41.97524      74.48         10  0.000e+00
      33719   1404.917      9.632      9.709    10.5138    10.3934  37.077898  36.918511    10.5127    10.3923    33.4834    33.4337    25.6803    25.6624     8.3582     8.2696    254.658    251.963     2.4249     2.2601     0.4310     9.7503     3.2650     0.0256     0.0024 -124.41602   41.97524      74.48         10  0.000e+00
      33720   1404.958      9.632      9.709    10.5332    10.4640  37.093208  36.971145    10.5321    10.4629    33.4809    33.4218    25.6750    25.6409     8.3599     8.2623    254.712    251.745     2.4261     2.2613     0.4286     9.6893     3.2650     0.0256     0.0012 -124.41602   41.97524      74.46         10  0.000e+00
      33721   1405.000      9.639      9.715    10.5451    10.4972  37.096167  37.006402    10.5440    10.4961    33.4730    33.4268    25.6668    25.6390     8.3634     8.2613    254.819    251.716     2.4274     2.2625     0.4286     9.6893     3.2674     0.0256     0.0012 -124.41602   41.97524      74.51         10  0.000e+00
      33722   1405.042      9.679      9.755    10.5484    10.5080  37.092949  37.019507    10.5472    10.5068    33.4668    33.4301    25.6613    25.6397     8.3684     8.2591    254.974    251.649     2.4286     2.2625     0.4286     9.6893     3.2674     0.0256     0.0024 -124.41602   41.97524      74.55         10  0.000e+00
      33723   1405.083      9.679      9.755    10.5495    10.5207  37.088445  37.024903    10.5484    10.5196    33.4612    33.4238    25.6568    25.6326     8.3790     8.2570    255.298    251.585     2.4310     2.2625     0.4286     9.6893     3.2662     0.0256     0.0024 -124.41602   41.97524      74.58         10  0.000e+00
      33724   1405.125      9.632      9.709    10.5489    10.5227  37.082269  37.029464    10.5477    10.5216    33.4556    33.4266    25.6525    25.6344     8.3847     8.2564    255.471    251.567     2.4322     2.2625     0.4286     9.6893     3.2674     0.0256     0.0024 -124.41602   41.97524      74.58         10  0.000e+00
      33725   1405.167      9.679      9.755    10.5461    10.5132  37.074871  37.032743    10.5449    10.5121    33.4507    33.4385    25.6492    25.6454     8.3908     8.2634    255.658    251.777     2.4335     2.2637     0.4286     9.6893     3.2650     0.0256     0.0024 -124.41602   41.97524      74.58         10  0.000e+00
      33726   1405.208      9.692      9.769    10.5399    10.5028  37.068504  37.032294    10.5387    10.5017    33.4500    33.4476    25.6498    25.6543     8.3972     8.2649    255.855    251.822     2.4347     2.2637     0.4286     9.6893     3.2674     0.0256     0.0024 -124.41602   41.97524      74.58         10  0.000e+00
      33727   1405.250      9.679      9.755    10.5326    10.4965  37.066575  37.027026    10.5315    10.4954    33.4547    33.4481    25.6547    25.6558     8.4089     8.2661    256.208    251.858     2.4371     2.2637     0.4286     9.6893     3.2674     0.0256     0.0024 -124.41602   41.97524      74.58         10  0.000e+00
      33728   1405.292      9.679      9.755    10.5279    10.4888  37.071142  37.022658    10.5268    10.4877    33.4637    33.4508    25.6625    25.6592     8.4146     8.2675    256.379    251.898     2.4383     2.2637     0.4286     9.6893     3.2674     0.0269     0.0012 -124.41602   41.97524      74.53         10  0.000e+00
      33729   1405.333      9.725      9.802    10.5380    10.4855  37.080341  37.021823    10.5369    10.4844    33.4636    33.4530    25.6606    25.6615     8.4180     8.2738    256.483    252.090     2.4396     2.2650     0.4286     9.6893     3.2674     0.0256     0.0012 -124.41602   41.97524      74.53         10  0.000e+00
      33730   1405.375      9.725      9.802    10.5469    10.4875  37.089475  37.022530    10.5457    10.4863    33.4646    33.4519    25.6599    25.6603     8.4215     8.2734    256.591    252.080     2.4408     2.2650     0.4286     9.6893     3.2662     0.0256     0.0024 -124.41602   41.97524      74.51         10  0.000e+00
