WCOA/WCOA-6/CTD_Data/RB2102_CTD_076_01.ros
* Sea-Bird SBE 9 Data File:
* FileName = C:\Users\scs.user.rb\CTD\RB2102\Data\RB2102_CTD_076_01.hex
* Software Version Seasave V 7.26.7.107
* Temperature SN = 6202
* Conductivity SN = 4907
* Number of Bytes Per Scan = 41
* Number of Voltage Words = 4
* Number of Scans Averaged by the Deck Unit = 1
* NMEA Latitude = 38 46.70 N
* NMEA Longitude = 124 05.55 W
* NMEA UTC (Time) = Jul 09 2021  22:50:59
* NMEA baud rate = 4800
# nquan = 30
# nvalues = 1153                                  
# units = specified
# name 0 = scan: Scan Count
# name 1 = timeS: Time, Elapsed [seconds]
# name 2 = depSM: Depth [salt water, m]
# name 3 = prDM: Pressure, Digiquartz [db]
# name 4 = t090C: Temperature [ITS-90, deg C]
# name 5 = t190C: Temperature, 2 [ITS-90, deg C]
# name 6 = c0mS/cm: Conductivity [mS/cm]
# name 7 = c1mS/cm: Conductivity, 2 [mS/cm]
# name 8 = potemp090C: Potential Temperature [ITS-90, deg C]
# name 9 = potemp190C: Potential Temperature, 2 [ITS-90, deg C]
# name 10 = sal00: Salinity, Practical [PSU]
# name 11 = sal11: Salinity, Practical, 2 [PSU]
# name 12 = sigma-é00: Density [sigma-theta, kg/m^3]
# name 13 = sigma-é11: Density, 2 [sigma-theta, kg/m^3]
# name 14 = sbeox0Mg/L: Oxygen, SBE 43 [mg/l]
# name 15 = sbeox1Mg/L: Oxygen, SBE 43, 2 [mg/l]
# name 16 = sbox0Mm/Kg: Oxygen, SBE 43 [umol/kg]
# name 17 = sbox1Mm/Kg: Oxygen, SBE 43, 2 [umol/kg]
# name 18 = sbeox0V: Oxygen raw, SBE 43 [V]
# name 19 = sbeox1V: Oxygen raw, SBE 43, 2 [V]
# name 20 = v4: Voltage 4
# name 21 = flECO-AFL: Fluorescence, WET Labs ECO-AFL/FL [mg/m^3]
# name 22 = v3: Voltage 3
# name 23 = v6: Voltage 6
# name 24 = v7: Voltage 7
# name 25 = longitude: Longitude [deg]
# name 26 = latitude: Latitude [deg]
# name 27 = altM: Altimeter [m]
# name 28 = nbf: Bottles Fired
# name 29 = flag:  0.000e+00
# interval = seconds: 0.0416667
# start_time = Jul 09 2021 22:50:59 [NMEA time, header]
# bad_flag = -9.990e-29
*END*
[from data line 291]
     122098   5087.375    494.951    499.320     6.4294     6.4241  34.278756  34.271735     6.3844     6.3791    34.2147    34.2122    26.8827    26.8814     0.6843     0.7146     20.824     21.747     0.6227     0.6337     0.0403    -0.0177     3.2357     0.0501     0.0000 -124.09012   38.77930     100.00          7  0.000e+00
     122099   5087.417    494.851    499.219     6.4300     6.4249  34.279130  34.272795     6.3850     6.3799    34.2146    34.2126    26.8825    26.8816     0.6843     0.7146     20.824     21.746     0.6227     0.6337     0.0403    -0.0177     3.2357     0.0488     0.0000 -124.09012   38.77930     100.00          7  0.000e+00
     122100   5087.458    494.951    499.320     6.4307     6.4252  34.279131  34.273543     6.3857     6.3802    34.2138    34.2131    26.8819    26.8820     0.6843     0.7146     20.824     21.746     0.6227     0.6337     0.0403    -0.0177     3.2344     0.0488     0.0000 -124.09012   38.77930     100.00          7  0.000e+00
     122101   5087.500    494.798    499.165     6.4308     6.4252  34.279442  34.273480     6.3858     6.3802    34.2141    34.2131    26.8821    26.8820     0.6843     0.7146     20.823     21.746     0.6227     0.6337     0.0403    -0.0177     3.2357     0.0501     0.0000 -124.09012   38.77930     100.00          7  0.000e+00
     122102   5087.542    494.851    499.219     6.4315     6.4255  34.279442  34.273605     6.3864     6.3805    34.2135    34.2129    26.8815    26.8818     0.6842     0.7146     20.823     21.746     0.6227     0.6337     0.0403    -0.0177     3.2357     0.0513     0.0000 -124.09012   38.77930     100.00          7  0.000e+00
     122103   5087.583    494.798    499.165     6.4315     6.4265  34.279629  34.273916     6.3864     6.3815    34.2137    34.2123    26.8816    26.8812     0.6842     0.7145     20.823     21.745     0.6227     0.6337     0.0403    -0.0177     3.2357     0.0513     0.0000 -124.09012   38.77930     100.00          7  0.000e+00
     122104   5087.625    494.751    499.118     6.4316     6.4265  34.279816  34.274477     6.3866     6.3815    34.2138    34.2129    26.8817    26.8817     0.6842     0.7145     20.823     21.745     0.6227     0.6337     0.0403    -0.0177     3.2357     0.0501     0.0000 -124.09012   38.77930     100.00          7  0.000e+00
     122105   5087.667    494.752    499.118     6.4315     6.4267  34.280003  34.274664     6.3864     6.3817    34.2141    34.2130    26.8820    26.8817     0.6842     0.7145     20.823     21.745     0.6227     0.6337     0.0403    -0.0177     3.2369     0.0488     0.0000 -124.09012   38.77930     100.00          7  0.000e+00
     122106   5087.708    494.698    499.064     6.4315     6.4273  34.279691  34.275349     6.3865     6.3823    34.2138    34.2131    26.8817    26.8817     0.6842     0.7212     20.823     21.949     0.6227     0.6349     0.0403    -0.0177     3.2357     0.0488     0.0000 -124.09012   38.77930     100.00          7  0.000e+00
     122107   5087.750    494.698    499.064     6.4313     6.4283  34.279442  34.276035     6.3863     6.3833    34.2137    34.2129    26.8816    26.8814     0.6842     0.7145     20.823     21.744     0.6227     0.6337     0.0403    -0.0177     3.2357     0.0488     0.0000 -124.09012   38.77930     100.00          7  0.000e+00
     122108   5087.792    494.652    499.017     6.4312     6.4288  34.279753  34.276409     6.3862     6.3838    34.2142    34.2129    26.8821    26.8813     0.6842     0.7145     20.823     21.743     0.6227     0.6337     0.0403    -0.0177     3.2357     0.0488     0.0000 -124.09012   38.77930     100.00          7  0.000e+00
     122109   5087.833    494.652    499.017     6.4312     6.4296  34.279504  34.277157     6.3862     6.3846    34.2139    34.2129    26.8819    26.8812     0.6842     0.7145     20.823     21.743     0.6227     0.6337     0.0403    -0.0177     3.2357     0.0488     0.0000 -124.09012   38.77930     100.00          7  0.000e+00
     122110   5087.875    494.652    499.017     6.4312     6.4303  34.279753  34.277593     6.3862     6.3853    34.2142    34.2126    26.8821    26.8809     0.6842     0.7145     20.823     21.743     0.6227     0.6337     0.0403    -0.0177     3.2357     0.0488     0.0000 -124.09012   38.77930     100.00          7  0.000e+00
     122111   5087.917    494.512    498.876     6.4313     6.4305  34.279753  34.277717     6.3863     6.3856    34.2141    34.2126    26.8820    26.8809     0.6842     0.7144     20.822     21.742     0.6227     0.6337     0.0403    -0.0177     3.2344     0.0488     0.0000 -124.09012   38.77930     100.00          7  0.000e+00
     122112   5087.958    494.605    498.970     6.4312     6.4304  34.279816  34.277468     6.3862     6.3854    34.2143    34.2125    26.8821    26.8808     0.6842     0.7144     20.823     21.742     0.6227     0.6337     0.0403    -0.0177     3.2344     0.0488     0.0000 -124.09012   38.77930     100.00          7  0.000e+00
     122113   5088.000    494.505    498.869     6.4315     6.4302  34.280252  34.277842     6.3865     6.3853    34.2145    34.2131    26.8823    26.8813     0.6842     0.7144     20.822     21.742     0.6227     0.6337     0.0403    -0.0177     3.2357     0.0488     0.0000 -124.09012   38.77930     100.00          7  0.000e+00
     122114   5088.042    494.552    498.916     6.4315     6.4307  34.280190  34.278465     6.3865     6.3857    34.2144    34.2133    26.8822    26.8814     0.6842     0.7144     20.822     21.742     0.6227     0.6337     0.0403    -0.0177     3.2344     0.0501     0.0000 -124.09012   38.77930     100.00          7  0.000e+00
     122115   5088.083    494.452    498.815     6.4313     6.4314  34.280065  34.279088     6.3863     6.3864    34.2145    34.2133    26.8823    26.8814     0.6842     0.7144     20.822     21.741     0.6227     0.6337     0.0403    -0.0177     3.2344     0.0488     0.0000 -124.09012   38.77930     100.00          7  0.000e+00
     122116   5088.125    494.452    498.815     6.4316     6.4320  34.280252  34.279462     6.3866     6.3870    34.2144    34.2131    26.8822    26.8811     0.6842     0.7144     20.822     21.741     0.6227     0.6337     0.0403    -0.0177     3.2344     0.0488     0.0000 -124.09012   38.77930     100.00          7  0.000e+00
     122117   5088.167    494.505    498.869     6.4321     6.4326  34.280688  34.280023     6.3871     6.3876    34.2143    34.2131    26.8821    26.8811     0.6842     0.7144     20.822     21.741     0.6227     0.6337     0.0403    -0.0177     3.2369     0.0488     0.0000 -124.09012   38.77930     100.00          7  0.000e+00
     122118   5088.208    494.352    498.714     6.4323     6.4328  34.280688  34.280210     6.3873     6.3878    34.2143    34.2132    26.8820    26.8811     0.6842     0.7144     20.821     21.740     0.6227     0.6337     0.0403    -0.0177     3.2344     0.0488     0.0000 -124.09012   38.77930     100.00          7  0.000e+00
     122119   5088.250    494.405    498.768     6.4323     6.4331  34.280938  34.280397     6.3873     6.3881    34.2145    34.2131    26.8822    26.8809     0.6842     0.7144     20.821     21.740     0.6227     0.6337     0.0403    -0.0177     3.2344     0.0488     0.0000 -124.09012   38.77930     100.00          7  0.000e+00
     122120   5088.292    494.405    498.768     6.4323     6.4330  34.280751  34.280709     6.3873     6.3880    34.2143    34.2136    26.8820    26.8813     0.6842     0.7144     20.822     21.740     0.6227     0.6337     0.0403    -0.0177     3.2357     0.0488     0.0000 -124.09012   38.77930     100.00          7  0.000e+00
     122121   5088.333    494.352    498.714     6.4319     6.4329  34.280750  34.280833     6.3870     6.3880    34.2147    34.2138    26.8823    26.8815     0.6780     0.7144     20.634     21.740     0.6215     0.6337     0.0403    -0.0177     3.2369     0.0476     0.0000 -124.09012   38.77930     100.00          7  0.000e+00
     122122   5088.375    494.352    498.714     6.4321     6.4325  34.280688  34.281020     6.3871     6.3875    34.2145    34.2144    26.8822    26.8821     0.6842     0.7144     20.821     21.740     0.6227     0.6337     0.0403    -0.0177     3.2357     0.0476     0.0000 -124.09012   38.77930     100.00          7  0.000e+00
     122123   5088.417    494.305    498.667     6.4319     6.4330  34.280501  34.280895     6.3870     6.3880    34.2144    34.2138    26.8821    26.8815     0.6842     0.7144     20.821     21.740     0.6227     0.6337     0.0403    -0.0177     3.2357     0.0476     0.0000 -124.09012   38.77930     100.00          7  0.000e+00
     122124   5088.458    494.252    498.613     6.4319     6.4331  34.280875  34.281456     6.3870     6.3881    34.2149    34.2144    26.8825    26.8820     0.6842     0.7144     20.821     21.740     0.6227     0.6337     0.0403    -0.0177     3.2357     0.0476     0.0000 -124.09012   38.77930     100.00          7  0.000e+00
     122125   5088.500    494.352    498.714     6.4319     6.4333  34.280813  34.281207     6.3870     6.3883    34.2147    34.2138    26.8824    26.8815     0.6842     0.7144     20.821     21.740     0.6227     0.6337     0.0403    -0.0177     3.2357     0.0476     0.0000 -124.09012   38.77930     100.00          7  0.000e+00
     122126   5088.542    494.205    498.566     6.4321     6.4326  34.280438  34.280895     6.3871     6.3877    34.2142    34.2142    26.8820    26.8819     0.6842     0.7144     20.821     21.740     0.6227     0.6337     0.0403    -0.0177     3.2344     0.0476     0.0000 -124.09012   38.77930     100.00          7  0.000e+00
     122127   5088.583    494.305    498.667     6.4319     6.4322  34.280376  34.281020     6.3870     6.3872    34.2143    34.2148    26.8820    26.8824     0.6842     0.7144     20.821     21.740     0.6227     0.6337     0.0403    -0.0177     3.2357     0.0464     0.0000 -124.09012   38.77930     100.00          7  0.000e+00
     122128   5088.625    494.252    498.613     6.4318     6.4321  34.280189  34.281082     6.3868     6.3871    34.2142    34.2149    26.8820    26.8825     0.6842     0.7144     20.821     21.740     0.6227     0.6337     0.0403    -0.0177     3.2357     0.0452     0.0000 -124.09012   38.77930     100.00          7  0.000e+00
     122129   5088.667    494.205    498.566     6.4316     6.4322  34.280313  34.281456     6.3866     6.3872    34.2146    34.2153    26.8823    26.8828     0.6842     0.7144     20.821     21.740     0.6227     0.6337     0.0403    -0.0177     3.2357     0.0464     0.0000 -124.09012   38.77930     100.00          7  0.000e+00
     122130   5088.708    494.159    498.519     6.4313     6.4324  34.280188  34.281456     6.3864     6.3874    34.2148    34.2151    26.8825    26.8827     0.6842     0.7211     20.821     21.944     0.6227     0.6349     0.0403    -0.0177     3.2344     0.0476     0.0000 -124.09012   38.77930     100.00          7  0.000e+00
     122131   5088.750    494.205    498.566     6.4313     6.4327  34.279814  34.281830     6.3864     6.3878    34.2143    34.2151    26.8822    26.8826     0.6780     0.7144     20.634     21.740     0.6215     0.6337     0.0403    -0.0177     3.2357     0.0476     0.0000 -124.09012   38.77930     100.00          7  0.000e+00
     122132   5088.792    494.212    498.573     6.4312     6.4333  34.280064  34.282017     6.3862     6.3883    34.2147    34.2148    26.8825    26.8823     0.6842     0.7143     20.822     21.739     0.6227     0.6337     0.0403    -0.0177     3.2369     0.0464     0.0000 -124.09012   38.77930     100.00          7  0.000e+00
     122133   5088.833    494.159    498.519     6.4307     6.4340  34.279627  34.282453     6.3857     6.3890    34.2148    34.2146    26.8826    26.8821     0.6780     0.7143     20.635     21.739     0.6215     0.6337     0.0403    -0.0177     3.2357     0.0476     0.0000 -124.09012   38.77930     100.00          7  0.000e+00
     122134   5088.875    494.159    498.519     6.4305     6.4338  34.279253  34.282827     6.3855     6.3888    34.2145    34.2152    26.8824    26.8826     0.6842     0.7143     20.822     21.739     0.6227     0.6337     0.0403    -0.0177     3.2344     0.0464     0.0000 -124.09012   38.77930     100.00          7  0.000e+00
     122135   5088.917    494.159    498.519     6.4308     6.4344  34.278878  34.282702     6.3859     6.3894    34.2138    34.2145    26.8818    26.8819     0.6780     0.7143     20.635     21.739     0.6215     0.6337     0.0403    -0.0177     3.2344     0.0476     0.0000 -124.09012   38.77930     100.00          7  0.000e+00
     122136   5088.958    494.159    498.519     6.4307     6.4340  34.278878  34.282391     6.3857     6.3890    34.2139    34.2146    26.8819    26.8820     0.6781     0.7143     20.635     21.739     0.6215     0.6337     0.0403    -0.0177     3.2357     0.0476     0.0000 -124.09012   38.77930     100.00          7  0.000e+00
     122137   5089.000    494.106    498.465     6.4305     6.4341  34.278192  34.282515     6.3855     6.3892    34.2134    34.2146    26.8815    26.8820     0.6842     0.7210     20.822     21.943     0.6227     0.6349     0.0403    -0.0177     3.2357     0.0476     0.0000 -124.09012   38.77930     100.00          7  0.000e+00
     122138   5089.042    494.159    498.519     6.4299     6.4339  34.277943  34.282391     6.3849     6.3889    34.2137    34.2147    26.8819    26.8821     0.6842     0.7143     20.822     21.739     0.6227     0.6337     0.0403    -0.0177     3.2357     0.0476     0.0000 -124.09012   38.77930     100.00          7  0.000e+00
     122139   5089.083    494.159    498.519     6.4291     6.4336  34.277943  34.282079     6.3841     6.3887    34.2145    34.2146    26.8826    26.8820     0.6842     0.7143     20.822     21.739     0.6227     0.6337     0.0403    -0.0177     3.2357     0.0476     0.0000 -124.09012   38.77930     100.00          7  0.000e+00
     122140   5089.125    494.059    498.418     6.4289     6.4335  34.278192  34.282016     6.3840     6.3885    34.2150    34.2147    26.8830    26.8822     0.6842     0.7143     20.822     21.739     0.6227     0.6337     0.0403    -0.0177     3.2357     0.0476     0.0000 -124.09012   38.77930     100.00          7  0.000e+00
     122141   5089.167    494.106    498.465     6.4286     6.4331  34.277319  34.282017     6.3837     6.3882    34.2143    34.2150    26.8825    26.8825     0.6842     0.7143     20.823     21.739     0.6227     0.6337     0.0403    -0.0177     3.2357     0.0476     0.0000 -124.09012   38.77930     100.00          7  0.000e+00
     122142   5089.208    494.159    498.519     6.4283     6.4336  34.277007  34.282204     6.3833     6.3886    34.2143    34.2147    26.8825    26.8822     0.6842     0.7143     20.823     21.739     0.6227     0.6337     0.0403    -0.0177     3.2357     0.0476     0.0000 -124.09012   38.77930     100.00          7  0.000e+00
     127314   5304.708    396.459    399.863     6.9781     6.9789  34.688533  34.690005     6.9407     6.9414    34.1693    34.1701    26.7725    26.7731     1.0799     1.1273     32.867     34.310     0.7070     0.7143     0.0403    -0.0177     3.2332     0.0403     0.0000 -124.09012   38.77932     100.00          8  0.000e+00
     127315   5304.750    396.513    399.916     6.9784     6.9788  34.688909  34.690005     6.9410     6.9414    34.1694    34.1702    26.7725    26.7731     1.0799     1.1273     32.867     34.310     0.7070     0.7143     0.0403    -0.0177     3.2332     0.0403     0.0000 -124.09012   38.77932     100.00          8  0.000e+00
