WCOA/WCOA-6/CTD_Data/RB2102_CTD_008_01.ros
* Sea-Bird SBE 9 Data File:
* FileName = C:\Users\scs.user.rb\CTD\RB2102\Data\RB2102_CTD_008_01.hex
* Software Version Seasave V 7.26.7.107
* Temperature SN = 6202
* Conductivity SN = 4907
* Number of Bytes Per Scan = 41
* Number of Voltage Words = 4
* Number of Scans Averaged by the Deck Unit = 1
* NMEA Latitude = 48 21.34 N
* NMEA Longitude = 126 18.44 W
* NMEA UTC (Time) = Jun 27 2021  16:05:06
* NMEA baud rate = 4800
# nquan = 30
# nvalues = 1029                                  
# units = specified
# name 0 = scan: Scan Count
# name 1 = timeS: Time, Elapsed [seconds]
# name 2 = depSM: Depth [salt water, m]
# name 3 = prDM: Pressure, Digiquartz [db]
# name 4 = t090C: Temperature [ITS-90, deg C]
# name 5 = t190C: Temperature, 2 [ITS-90, deg C]
# name 6 = c0mS/cm: Conductivity [mS/cm]
# name 7 = c1mS/cm: Conductivity, 2 [mS/cm]
# name 8 = potemp090C: Potential Temperature [ITS-90, deg C]
# name 9 = potemp190C: Potential Temperature, 2 [ITS-90, deg C]
# name 10 = sal00: Salinity, Practical [PSU]
# name 11 = sal11: Salinity, Practical, 2 [PSU]
# name 12 = sigma-é00: Density [sigma-theta, kg/m^3]
# name 13 = sigma-é11: Density, 2 [sigma-theta, kg/m^3]
# name 14 = sbeox0Mg/L: Oxygen, SBE 43 [mg/l]
# name 15 = sbeox1Mg/L: Oxygen, SBE 43, 2 [mg/l]
# name 16 = sbox0Mm/Kg: Oxygen, SBE 43 [umol/kg]
# name 17 = sbox1Mm/Kg: Oxygen, SBE 43, 2 [umol/kg]
# name 18 = sbeox0V: Oxygen raw, SBE 43 [V]
# name 19 = sbeox1V: Oxygen raw, SBE 43, 2 [V]
# name 20 = v4: Voltage 4
# name 21 = flECO-AFL: Fluorescence, WET Labs ECO-AFL/FL [mg/m^3]
# name 22 = v3: Voltage 3
# name 23 = v6: Voltage 6
# name 24 = v7: Voltage 7
# name 25 = longitude: Longitude [deg]
# name 26 = latitude: Latitude [deg]
# name 27 = altM: Altimeter [m]
# name 28 = nbf: Bottles Fired
# name 29 = flag:  0.000e+00
# interval = seconds: 0.0416667
# start_time = Jun 27 2021 16:05:06 [NMEA time, header]
# bad_flag = -9.990e-29
*END*
[from data line 822]
     129455   5393.917     29.886     30.142     9.3861     9.2965  34.678010  34.635241     9.3829     9.2933    32.0606    32.0971    24.7574    24.8000    10.7223    11.0607    326.981    337.288     2.8816     2.7668     0.7998    18.9689     3.1026     0.9096     2.4444 -126.30664   48.35602      99.85         17  0.000e+00
     129456   5393.958     29.932     30.189     9.3917     9.3083  34.679639  34.639621     9.3885     9.3051    32.0572    32.0909    24.7538    24.7933    10.7212    11.0581    326.948    337.209     2.8816     2.7668     0.8010    18.9994     3.1026     0.9096     2.4444 -126.30664   48.35602      99.85         17  0.000e+00
     129457   5394.000     29.932     30.189     9.3981     9.3132  34.681456  34.640496     9.3949     9.3100    32.0534    32.0874    24.7498    24.7898    10.7199    11.0570    326.909    337.178     2.8816     2.7668     0.7998    18.9689     3.1038     0.9096     2.4444 -126.30664   48.35602      99.88         17  0.000e+00
     129458   5394.042     29.932     30.189     9.4029     9.3104  34.684776  34.636053     9.3997     9.3072    32.0525    32.0854    24.7483    24.7886    10.7187    11.0579    326.875    337.206     2.8816     2.7668     0.8010    18.9994     3.1026     0.9096     2.4444 -126.30664   48.35602      99.85         17  0.000e+00
     129459   5394.083     29.932     30.189     9.4022     9.3048  34.688223  34.632674     9.3990     9.3016    32.0567    32.0869    24.7517    24.7907    10.7186    11.0593    326.871    337.247     2.8816     2.7668     0.7998    18.9689     3.1026     0.9096     2.4444 -126.30664   48.35602      99.85         17  0.000e+00
     129460   5394.125     29.932     30.189     9.3979     9.3031  34.691545  34.632799     9.3947     9.2999    32.0639    32.0886    24.7580    24.7923    10.7246    11.0656    327.052    337.439     2.8828     2.7680     0.7998    18.9689     3.1026     0.9096     2.4444 -126.30664   48.35602      99.85         17  0.000e+00
     129461   5394.167     29.932     30.189     9.3948     9.2950  34.694303  34.629796     9.3916     9.2918    32.0695    32.0928    24.7629    24.7968    10.7250    11.0675    327.063    337.494     2.8828     2.7680     0.7998    18.9689     3.1026     0.9096     2.4444 -126.30664   48.35602      99.85         17  0.000e+00
     129462   5394.208     29.985     30.242     9.3951     9.2840  34.695995  34.623790     9.3919     9.2808    32.0710    32.0964    24.7640    24.8014    10.7249    11.0642    327.060    337.395     2.8828     2.7668     0.7998    18.9689     3.1038     0.9096     2.4444 -126.30664   48.35602      99.88         17  0.000e+00
     129463   5394.250     29.932     30.189     9.3982     9.2706  34.695807  34.616596     9.3950     9.2674    32.0680    32.1011    24.7612    24.8072    10.7243    11.0674    327.040    337.490     2.8828     2.7668     0.7998    18.9689     3.1026     0.9096     2.4444 -126.30664   48.35602      99.85         17  0.000e+00
     129464   5394.292     29.979     30.235     9.4043     9.2594  34.694741  34.609401     9.4011     9.2562    32.0615    32.1037    24.7551    24.8110    10.7233    11.0703    327.012    337.576     2.8828     2.7668     0.8010    18.9994     3.1038     0.9109     2.4444 -126.30664   48.35602      99.88         17  0.000e+00
     129465   5394.333     29.985     30.242     9.4113     9.2537  34.695304  34.603896     9.4081     9.2505    32.0558    32.1032    24.7495    24.8115    10.7219    11.0719    326.973    337.624     2.8828     2.7668     0.7961    18.8773     3.1026     0.9096     2.4444 -126.30664   48.35602      99.85         17  0.000e+00
     132065   5502.667     19.790     19.960    13.3976    13.4260  38.024589  38.051284    13.3949    13.4233    31.8673    31.8685    23.8894    23.8847     9.1642     9.3398    279.704    285.065     2.7241     2.6056     0.0586     0.4402     3.1013     0.8767     2.4444 -126.30662   48.35600      99.76         18  0.000e+00
     132066   5502.708     19.744     19.913    13.3971    13.4262  38.024589  38.051543    13.3944    13.4235    31.8678    31.8686    23.8899    23.8847     9.1642     9.3452    279.704    285.227     2.7241     2.6068     0.0586     0.4402     3.1026     0.8779     2.4444 -126.30662   48.35600      99.76         18  0.000e+00
     132067   5502.750     19.790     19.960    13.3973    13.4258  38.024069  38.051219    13.3946    13.4231    31.8671    31.8686    23.8893    23.8848     9.1643     9.3453    279.706    285.231     2.7241     2.6068     0.0598     0.4707     3.1013     0.8779     2.4444 -126.30662   48.35600      99.76         18  0.000e+00
     132068   5502.792     19.790     19.960    13.3975    13.4256  38.023679  38.051024    13.3948    13.4229    31.8666    31.8686    23.8889    23.8849     9.1693     9.3399    279.859    285.067     2.7253     2.6056     0.0586     0.4402     3.1013     0.8779     2.4444 -126.30662   48.35600      99.76         18  0.000e+00
     132069   5502.833     19.737     19.906    13.3978    13.4253  38.023809  38.051219    13.3951    13.4226    31.8665    31.8690    23.8887    23.8852     9.1642     9.3399    279.703    285.066     2.7241     2.6056     0.0586     0.4402     3.1026     0.8779     2.4444 -126.30662   48.35600      99.76         18  0.000e+00
     132070   5502.875     19.790     19.960    13.3988    13.4252  38.023939  38.051154    13.3961    13.4225    31.8657    31.8691    23.8879    23.8853     9.1641     9.3400    279.700    285.069     2.7241     2.6056     0.0586     0.4402     3.1013     0.8779     2.4444 -126.30662   48.35600      99.76         18  0.000e+00
     132071   5502.917     19.790     19.960    13.3993    13.4255  38.023939  38.051479    13.3966    13.4228    31.8653    31.8691    23.8875    23.8853     9.1690     9.3399    279.851    285.067     2.7253     2.6056     0.0586     0.4402     3.1013     0.8779     2.4444 -126.30662   48.35600      99.76         18  0.000e+00
     132072   5502.958     19.737     19.906    13.4001    13.4252  38.024134  38.051868    13.3974    13.4225    31.8648    31.8698    23.8870    23.8858     9.1638     9.3399    279.692    285.066     2.7241     2.6056     0.0586     0.4402     3.1013     0.8779     2.4444 -126.30662   48.35600      99.76         18  0.000e+00
     132073   5503.000     19.790     19.960    13.4006    13.4249  38.024459  38.052063    13.3979    13.4222    31.8647    31.8702    23.8868    23.8862     9.1638     9.3400    279.691    285.068     2.7241     2.6056     0.0586     0.4402     3.1026     0.8779     2.4444 -126.30662   48.35600      99.76         18  0.000e+00
     132074   5503.042     19.790     19.960    13.4015    13.4253  38.025108  38.052258    13.3988    13.4226    31.8646    31.8700    23.8865    23.8859     9.1636     9.3399    279.687    285.066     2.7241     2.6056     0.0586     0.4402     3.1013     0.8779     2.4444 -126.30662   48.35600      99.76         18  0.000e+00
     132075   5503.083     19.790     19.960    13.4028    13.4250  38.025498  38.051804    13.4001    13.4223    31.8638    31.8698    23.8857    23.8859     9.1634     9.3345    279.680    284.903     2.7241     2.6044     0.0586     0.4402     3.1026     0.8779     2.4444 -126.30662   48.35600      99.78         18  0.000e+00
     132076   5503.125     19.790     19.960    13.4042    13.4246  38.025628  38.051219    13.4015    13.4219    31.8628    31.8696    23.8846    23.8858     9.1632     9.3400    279.674    285.071     2.7241     2.6056     0.0598     0.4707     3.1001     0.8767     2.4444 -126.30662   48.35600      99.76         18  0.000e+00
     132077   5503.167     19.790     19.960    13.4053    13.4228  38.026602  38.050505    13.4026    13.4201    31.8628    31.8705    23.8844    23.8868     9.1630     9.3404    279.668    285.081     2.7241     2.6056     0.0586     0.4402     3.1026     0.8779     2.4432 -126.30662   48.35600      99.76         18  0.000e+00
     132078   5503.208     19.790     19.960    13.4070    13.4223  38.027447  38.050375    13.4043    13.4196    31.8622    31.8708    23.8836    23.8872     9.1677     9.3405    279.812    285.083     2.7253     2.6056     0.0598     0.4707     3.1013     0.8779     2.4444 -126.30662   48.35600      99.76         18  0.000e+00
     132079   5503.250     19.790     19.960    13.4082    13.4231  38.028097  38.049920    13.4055    13.4203    31.8618    31.8697    23.8831    23.8862     9.1675     9.3404    279.806    285.081     2.7253     2.6056     0.0586     0.4402     3.1026     0.8779     2.4444 -126.30662   48.35600      99.76         18  0.000e+00
     132080   5503.292     19.790     19.960    13.4088    13.4231  38.029006  38.050440    13.4061    13.4204    31.8621    31.8701    23.8831    23.8865     9.1673     9.3403    279.801    285.080     2.7253     2.6056     0.0598     0.4707     3.1013     0.8779     2.4444 -126.30662   48.35600      99.76         18  0.000e+00
     132081   5503.333     19.790     19.960    13.4098    13.4231  38.029981  38.050440    13.4071    13.4204    31.8621    31.8701    23.8830    23.8865     9.1671     9.3349    279.795    284.914     2.7253     2.6044     0.0586     0.4402     3.1026     0.8779     2.4444 -126.30662   48.35600      99.76         18  0.000e+00
     132082   5503.375     19.790     19.960    13.4106    13.4230  38.031021  38.050375    13.4079    13.4203    31.8625    31.8702    23.8831    23.8866     9.1670     9.3404    279.790    285.080     2.7253     2.6056     0.0586     0.4402     3.1026     0.8779     2.4444 -126.30662   48.35600      99.76         18  0.000e+00
     132083   5503.417     19.790     19.960    13.4112    13.4228  38.031475  38.050375    13.4085    13.4201    31.8624    31.8703    23.8829    23.8868     9.1669     9.3404    279.787    285.081     2.7253     2.6056     0.0586     0.4402     3.1013     0.8779     2.4444 -126.30662   48.35600      99.76         18  0.000e+00
     132084   5503.458     19.744     19.913    13.4115    13.4220  38.032385  38.050180    13.4088    13.4193    31.8630    31.8708    23.8833    23.8873     9.1717     9.3405    279.935    285.083     2.7265     2.6056     0.0586     0.4402     3.1026     0.8779     2.4444 -126.30662   48.35600      99.76         18  0.000e+00
     132085   5503.500     19.790     19.960    13.4121    13.4216  38.033360  38.049985    13.4094    13.4189    31.8634    31.8709    23.8835    23.8874     9.1716     9.3406    279.932    285.087     2.7265     2.6056     0.0586     0.4402     3.1013     0.8779     2.4444 -126.30662   48.35600      99.76         18  0.000e+00
     132086   5503.542     19.790     19.960    13.4128    13.4215  38.033815  38.049985    13.4101    13.4188    31.8632    31.8711    23.8832    23.8876     9.1665     9.3406    279.775    285.088     2.7253     2.6056     0.0586     0.4402     3.1026     0.8779     2.4444 -126.30662   48.35600      99.76         18  0.000e+00
     132087   5503.583     19.837     20.006    13.4137    13.4215  38.033945  38.049791    13.4110    13.4188    31.8626    31.8709    23.8826    23.8874     9.1714     9.3407    279.926    285.090     2.7265     2.6056     0.0586     0.4402     3.1013     0.8779     2.4444 -126.30662   48.35600      99.76         18  0.000e+00
     132088   5503.625     19.790     19.960    13.4143    13.4215  38.034464  38.049401    13.4116    13.4188    31.8626    31.8705    23.8824    23.8872     9.1713     9.3406    279.921    285.089     2.7265     2.6056     0.0586     0.4402     3.1026     0.8779     2.4444 -126.30662   48.35600      99.76         18  0.000e+00
     132089   5503.667     19.790     19.960    13.4148    13.4212  38.035114  38.049336    13.4121    13.4185    31.8628    31.8707    23.8825    23.8874     9.1661     9.3461    279.765    285.256     2.7253     2.6068     0.0586     0.4402     3.1026     0.8779     2.4444 -126.30662   48.35600      99.76         18  0.000e+00
     132090   5503.708     19.790     19.960    13.4153    13.4213  38.036024  38.049141    13.4126    13.4186    31.8632    31.8705    23.8827    23.8871     9.1660     9.3407    279.761    285.090     2.7253     2.6056     0.0574     0.4097     3.1026     0.8779     2.4444 -126.30662   48.35600      99.76         18  0.000e+00
     132091   5503.750     19.790     19.960    13.4157    13.4213  38.035764  38.048751    13.4130    13.4186    31.8626    31.8701    23.8822    23.8868     9.1660     9.3407    279.760    285.091     2.7253     2.6056     0.0586     0.4402     3.1026     0.8779     2.4444 -126.30662   48.35600      99.76         18  0.000e+00
     132092   5503.792     19.790     19.960    13.4154    13.4216  38.036349  38.048686    13.4127    13.4189    31.8635    31.8697    23.8829    23.8865     9.1660     9.3407    279.760    285.090     2.7253     2.6056     0.0586     0.4402     3.1026     0.8779     2.4444 -126.30662   48.35600      99.76         18  0.000e+00
     132093   5503.833     19.790     19.960    13.4153    13.4215  38.037129  38.048686    13.4126    13.4188    31.8642    31.8699    23.8835    23.8867     9.1660     9.3407    279.759    285.090     2.7253     2.6056     0.0586     0.4402     3.1026     0.8779     2.4444 -126.30662   48.35600      99.76         18  0.000e+00
     132094   5503.875     19.790     19.960    13.4155    13.4215  38.037518  38.048946    13.4128    13.4188    31.8644    31.8701    23.8836    23.8868     9.1709     9.3461    279.910    285.255     2.7265     2.6068     0.0574     0.4097     3.1013     0.8779     2.4444 -126.30662   48.35600      99.76         18  0.000e+00
     132095   5503.917     19.790     19.960    13.4160    13.4219  38.037388  38.049206    13.4133    13.4192    31.8639    31.8700    23.8831    23.8866     9.1659     9.3460    279.755    285.253     2.7253     2.6068     0.0586     0.4402     3.1026     0.8779     2.4444 -126.30662   48.35600      99.76         18  0.000e+00
     132096   5503.958     19.790     19.960    13.4161    13.4223  38.037323  38.049401    13.4134    13.4196    31.8637    31.8698    23.8830    23.8865     9.1658     9.3459    279.755    285.251     2.7253     2.6068     0.0586     0.4402     3.1026     0.8779     2.4444 -126.30662   48.35600      99.76         18  0.000e+00
     132097   5504.000     19.790     19.960    13.4164    13.4228  38.038233  38.050635    13.4137    13.4201    31.8644    31.8706    23.8834    23.8869     9.1658     9.3512    279.752    285.412     2.7253     2.6081     0.0586     0.4402     3.1013     0.8779     2.4444 -126.30662   48.35600      99.76         18  0.000e+00
     132098   5504.042     19.791     19.960    13.4163    13.4235  38.038363  38.050764    13.4136    13.4208    31.8646    31.8701    23.8836    23.8864     9.1658     9.3457    279.752    285.243     2.7253     2.6068     0.0574     0.4097     3.1026     0.8779     2.4444 -126.30662   48.35600      99.76         18  0.000e+00
     132099   5504.083     19.791     19.960    13.4164    13.4238  38.038493  38.050699    13.4137    13.4211    31.8646    31.8698    23.8836    23.8861     9.1657     9.3456    279.752    285.242     2.7253     2.6068     0.0574     0.4097     3.1013     0.8767     2.4444 -126.30662   48.35600      99.76         18  0.000e+00
     132100   5504.125     19.791     19.960    13.4165    13.4222  38.038818  38.049920    13.4138    13.4195    31.8648    31.8704    23.8837    23.8869     9.1657     9.3514    279.751    285.416     2.7253     2.6081     0.0586     0.4402     3.1001     0.8779     2.4444 -126.30662   48.35600      99.76         18  0.000e+00
     132101   5504.167     19.791     19.960    13.4168    13.4216  38.038948  38.049401    13.4141    13.4189    31.8647    31.8704    23.8836    23.8870     9.1657     9.3460    279.749    285.254     2.7253     2.6068     0.0586     0.4402     3.1013     0.8779     2.4444 -126.30662   48.35600      99.76         18  0.000e+00
