WCOA/WCOA-6/CTD_Data/RB2102_CTD_092_01.ros
* Sea-Bird SBE 9 Data File:
* FileName = C:\Users\scs.user.rb\CTD\RB2102\Data\RB2102_CTD_092_01.hex
* Software Version Seasave V 7.26.7.107
* Temperature SN = 6202
* Conductivity SN = 4907
* Number of Bytes Per Scan = 41
* Number of Voltage Words = 4
* Number of Scans Averaged by the Deck Unit = 1
* NMEA Latitude = 37 46.34 N
* NMEA Longitude = 122 37.98 W
* NMEA UTC (Time) = Jul 12 2021  23:53:04
* NMEA baud rate = 4800
# nquan = 30
# nvalues = 259                                   
# units = specified
# name 0 = scan: Scan Count
# name 1 = timeS: Time, Elapsed [seconds]
# name 2 = depSM: Depth [salt water, m]
# name 3 = prDM: Pressure, Digiquartz [db]
# name 4 = t090C: Temperature [ITS-90, deg C]
# name 5 = t190C: Temperature, 2 [ITS-90, deg C]
# name 6 = c0mS/cm: Conductivity [mS/cm]
# name 7 = c1mS/cm: Conductivity, 2 [mS/cm]
# name 8 = potemp090C: Potential Temperature [ITS-90, deg C]
# name 9 = potemp190C: Potential Temperature, 2 [ITS-90, deg C]
# name 10 = sal00: Salinity, Practical [PSU]
# name 11 = sal11: Salinity, Practical, 2 [PSU]
# name 12 = sigma-é00: Density [sigma-theta, kg/m^3]
# name 13 = sigma-é11: Density, 2 [sigma-theta, kg/m^3]
# name 14 = sbeox0Mg/L: Oxygen, SBE 43 [mg/l]
# name 15 = sbeox1Mg/L: Oxygen, SBE 43, 2 [mg/l]
# name 16 = sbox0Mm/Kg: Oxygen, SBE 43 [umol/kg]
# name 17 = sbox1Mm/Kg: Oxygen, SBE 43, 2 [umol/kg]
# name 18 = sbeox0V: Oxygen raw, SBE 43 [V]
# name 19 = sbeox1V: Oxygen raw, SBE 43, 2 [V]
# name 20 = v4: Voltage 4
# name 21 = flECO-AFL: Fluorescence, WET Labs ECO-AFL/FL [mg/m^3]
# name 22 = v3: Voltage 3
# name 23 = v6: Voltage 6
# name 24 = v7: Voltage 7
# name 25 = longitude: Longitude [deg]
# name 26 = latitude: Latitude [deg]
# name 27 = altM: Altimeter [m]
# name 28 = nbf: Bottles Fired
# name 29 = flag:  0.000e+00
# interval = seconds: 0.0416667
# start_time = Jul 12 2021 23:53:04 [NMEA time, header]
# bad_flag = -9.990e-29
*END*
[from data line 49]
      11741    489.167     12.732     12.828    11.1196    11.2397  37.991191  38.085507    11.1181    11.2381    33.8367    33.8198    25.8485    25.8136     4.9224     5.0483    149.950    153.790     1.6459     1.5995     0.1282     2.1801     3.3761     0.1795     0.1819 -122.63308   37.77226       5.35          2  0.000e+00
      11742    489.208     12.726     12.822    11.1188    11.2426  37.988138  38.087651    11.1172    11.2411    33.8345    33.8192    25.8468    25.8126     4.9225     5.0479    149.955    153.780     1.6459     1.5995     0.1282     2.1801     3.3773     0.1795     0.1807 -122.63308   37.77226       5.35          2  0.000e+00
      11743    489.250     12.726     12.822    11.1119    11.2449  37.983398  38.089015    11.1103    11.2433    33.8361    33.8185    25.8494    25.8116     4.9232     5.0477    149.976    153.773     1.6459     1.5995     0.1282     2.1801     3.3761     0.1795     0.1807 -122.63308   37.77226       5.32          2  0.000e+00
      11744    489.292     12.732     12.828    11.1043    11.2455  37.970799  38.090445    11.1028    11.2439    33.8306    33.8194    25.8464    25.8122     4.9242     5.0476    150.007    153.770     1.6459     1.5995     0.1282     2.1801     3.3773     0.1807     0.1819 -122.63308   37.77226       5.35          2  0.000e+00
      11745    489.333     12.726     12.822    11.0810    11.2471  37.947036  38.094149    11.0794    11.2456    33.8285    33.8215    25.8490    25.8135     4.9268     5.0473    150.086    153.762     1.6459     1.5995     0.1282     2.1801     3.3748     0.1807     0.1819 -122.63308   37.77226       5.32          2  0.000e+00
      11746    489.375     12.726     12.822    11.0586    11.2524  37.928147  38.099217    11.0570    11.2508    33.8304    33.8217    25.8545    25.8127     4.9292     5.0467    150.158    153.743     1.6459     1.5995     0.1282     2.1801     3.3773     0.1807     0.1819 -122.63308   37.77226       5.32          2  0.000e+00
      11747    489.417     12.732     12.828    11.0461    11.2572  37.930615  38.101556    11.0446    11.2557    33.8443    33.8195    25.8675    25.8102     4.9302     5.0462    150.185    153.729     1.6459     1.5995     0.1282     2.1801     3.3773     0.1807     0.1819 -122.63308   37.77226       5.32          2  0.000e+00
      11748    489.458     12.772     12.868    11.0606    11.2587  37.959570  38.101361    11.0590    11.2572    33.8597    33.8180    25.8770    25.8087     4.9281     5.0517    150.121    153.897     1.6459     1.6007     0.1282     2.1801     3.3761     0.1807     0.1819 -122.63308   37.77226       5.30          2  0.000e+00
      11749    489.500     12.726     12.822    11.1005    11.2576  37.991713  38.100711    11.0990    11.2560    33.8548    33.8184    25.8660    25.8093     4.9291     5.0518    150.151    153.900     1.6471     1.6007     0.1282     2.1801     3.3761     0.1807     0.1807 -122.63308   37.77226       5.30          2  0.000e+00
      11750    489.542     12.772     12.868    11.1294    11.2574  38.011004  38.098762    11.1278    11.2558    33.8474    33.8166    25.8550    25.8079     4.9262     5.0463    150.065    153.732     1.6471     1.5995     0.1282     2.1801     3.3761     0.1795     0.1807 -122.63308   37.77226       5.30          2  0.000e+00
      11751    489.583     12.785     12.882    11.1563    11.2511  38.027634  38.089924    11.1548    11.2495    33.8391    33.8137    25.8437    25.8067     4.9235     5.0584    149.985    154.101     1.6471     1.6020     0.1294     2.2107     3.3761     0.1783     0.1795 -122.63308   37.77226       5.30          2  0.000e+00
      11752    489.625     12.726     12.822    11.1656    11.2234  38.026333  38.068031    11.1640    11.2219    33.8293    33.8174    25.8344    25.8147     4.9227     5.0558    149.964    154.021     1.6471     1.6007     0.1294     2.2107     3.3761     0.1795     0.1807 -122.63308   37.77226       5.30          2  0.000e+00
      11753    489.667     12.772     12.868    11.1565    11.2113  38.013924  38.051857    11.1550    11.2097    33.8253    33.8126    25.8329    25.8131     4.9187     5.0574    149.841    154.070     1.6459     1.6007     0.1294     2.2107     3.3761     0.1795     0.1807 -122.63308   37.77226       5.27          2  0.000e+00
      11754    489.708     12.785     12.882    11.1448    11.2064  38.002426  38.043283    11.1433    11.2048    33.8246    33.8086    25.8345    25.8109     4.9252     5.0638    150.038    154.264     1.6471     1.6020     0.1294     2.2107     3.3761     0.1783     0.1807 -122.63308   37.77226       5.25          2  0.000e+00
      11755    489.750     12.772     12.868    11.1333    11.1933  37.992749  38.034322    11.1317    11.1917    33.8257    33.8117    25.8374    25.8157     4.9212     5.0652    149.917    154.306     1.6459     1.6020     0.1294     2.2107     3.3761     0.1783     0.1795 -122.63308   37.77226       5.25          2  0.000e+00
      11756    489.792     12.772     12.868    11.1280    11.1758  37.987423  38.026466    11.1264    11.1742    33.8252    33.8200    25.8380    25.8253     4.9218     5.0613    149.935    154.187     1.6459     1.6007     0.1294     2.2107     3.3761     0.1783     0.1795 -122.63308   37.77226       5.25          2  0.000e+00
      11757    489.833     12.732     12.828    11.1203    11.1685  37.983397  38.027376    11.1187    11.1669    33.8284    33.8277    25.8418    25.8326     4.9225     5.0676    149.956    154.376     1.6459     1.6020     0.1294     2.2107     3.3761     0.1795     0.1807 -122.63308   37.77226       5.25          2  0.000e+00
      11758    489.875     12.772     12.868    11.1226    11.1661  37.987424  38.031273    11.1210    11.1646    33.8303    33.8336    25.8429    25.8377     4.9223     5.0677    149.948    154.378     1.6459     1.6020     0.1294     2.2107     3.3773     0.1795     0.1807 -122.63308   37.77226       5.25          2  0.000e+00
      11759    489.917     12.772     12.868    11.1302    11.1616  37.993593  38.025494    11.1286    11.1601    33.8294    33.8321    25.8409    25.8373     4.9215     5.0683    149.923    154.396     1.6459     1.6020     0.1294     2.2107     3.3773     0.1807     0.1807 -122.63308   37.77226       5.20          2  0.000e+00
      11760    489.958     12.832     12.928    11.1318    11.1481  37.993853  38.010691    11.1303    11.1465    33.8281    33.8298    25.8395    25.8379     4.9214     5.0756    149.920    154.619     1.6459     1.6032     0.1294     2.2107     3.3773     0.1807     0.1807 -122.63308   37.77226       5.20          2  0.000e+00
      11761    490.000     12.772     12.868    11.1297    11.1344  37.995412  37.997123    11.1281    11.1328    33.8316    33.8290    25.8427    25.8398     4.9163     5.0772    149.765    154.667     1.6447     1.6032     0.1294     2.2107     3.3761     0.1795     0.1807 -122.63308   37.77226       5.20          2  0.000e+00
      11762    490.042     12.772     12.868    11.1386    11.1230  38.002362  37.989399    11.1370    11.1214    33.8304    33.8318    25.8401    25.8440     4.9153     5.0784    149.737    154.705     1.6447     1.6032     0.1294     2.2107     3.3748     0.1795     0.1807 -122.63308   37.77226       5.20          2  0.000e+00
      11763    490.083     12.785     12.882    11.1479    11.1171  38.012951  37.986544    11.1464    11.1155    33.8322    33.8344    25.8398    25.8471     4.9143     5.0790    149.704    154.723     1.6447     1.6032     0.1294     2.2107     3.3761     0.1795     0.1807 -122.63308   37.77226       5.18          2  0.000e+00
      11764    490.125     12.825     12.922    11.1590    11.1175  38.032638  37.987907    11.1574    11.1160    33.8416    33.8354    25.8451    25.8478     4.9128     5.0790    149.659    154.721     1.6447     1.6032     0.1294     2.2107     3.3761     0.1783     0.1795 -122.63308   37.77226       5.20          2  0.000e+00
      11765    490.167     12.772     12.868    11.1834    11.1209  38.049792  37.991152    11.1818    11.1193    33.8361    33.8355    25.8365    25.8473     4.9051     5.0786    149.425    154.708     1.6435     1.6032     0.1294     2.2107     3.3748     0.1783     0.1795 -122.63308   37.77226       5.13          2  0.000e+00
      11766    490.208     12.785     12.882    11.1924    11.1235  38.053041  37.993164    11.1908    11.1219    33.8310    33.8351    25.8309    25.8465     4.9043     5.0783    149.401    154.700     1.6435     1.6032     0.1294     2.2107     3.3773     0.1795     0.1795 -122.63308   37.77226       5.13          2  0.000e+00
      11767    490.250     12.772     12.868    11.1951    11.1235  38.050896  37.992385    11.1935    11.1220    33.8265    33.8343    25.8268    25.8459     4.9041     5.0839    149.397    154.872     1.6435     1.6044     0.1294     2.2107     3.3773     0.1795     0.1795 -122.63308   37.77226       5.13          2  0.000e+00
      11768    490.292     12.825     12.922    11.1949    11.1222  38.049466  37.988880    11.1934    11.1207    33.8252    33.8320    25.8259    25.8443     4.9042     5.0842    149.400    154.880     1.6435     1.6044     0.1294     2.2107     3.3761     0.1783     0.1795 -122.63308   37.77226       5.10          2  0.000e+00
      11769    490.333     12.785     12.882    11.1878    11.1159  38.046217  37.982260    11.1863    11.1143    33.8285    33.8313    25.8297    25.8449     4.9048     5.0849    149.419    154.903     1.6435     1.6044     0.1294     2.2107     3.3761     0.1783     0.1795 -122.63308   37.77226       5.13          2  0.000e+00
      11770    490.375     12.825     12.922    11.1790    11.1041  38.038679  37.968242    11.1774    11.1026    33.8292    33.8282    25.8319    25.8446     4.9006     5.0864    149.291    154.949     1.6422     1.6044     0.1294     2.2107     3.3773     0.1783     0.1783 -122.63308   37.77226       5.13          2  0.000e+00
      11771    490.417     12.825     12.922    11.1605    11.0746  38.024710  37.950140    11.1589    11.0731    33.8323    33.8374    25.8377    25.8571     4.9025     5.0953    149.348    155.215     1.6422     1.6056     0.1294     2.2107     3.3761     0.1783     0.1783 -122.63308   37.77226       5.08          2  0.000e+00
      11772    490.458     12.785     12.882    11.1503    11.0525  38.013275  37.938269    11.1487    11.0509    33.8304    33.8460    25.8380    25.8677     4.9037     5.0976    149.383    155.284     1.6422     1.6056     0.1294     2.2107     3.3773     0.1783     0.1783 -122.63308   37.77226       5.05          2  0.000e+00
      11773    490.500     12.825     12.922    11.1387    11.0425  38.000738  37.932886    11.1372    11.0410    33.8286    33.8498    25.8387    25.8725     4.9050     5.0986    149.423    155.316     1.6422     1.6056     0.1294     2.2107     3.3773     0.1783     0.1783 -122.63308   37.77226       5.08          2  0.000e+00
      11774    490.542     12.772     12.868    11.1282    11.0391  37.991385  37.930680    11.1266    11.0375    33.8290    33.8508    25.8409    25.8739     4.9061     5.1046    149.457    155.498     1.6422     1.6068     0.1294     2.2107     3.3773     0.1783     0.1783 -122.63308   37.77226       5.08          2  0.000e+00
      11775    490.583     12.785     12.882    11.1229    11.0397  37.989957  37.929966    11.1214    11.0382    33.8324    33.8495    25.8445    25.8728     4.9014     5.1046    149.312    155.498     1.6410     1.6068     0.1294     2.2107     3.3773     0.1783     0.1783 -122.63308   37.77226       5.08          2  0.000e+00
      11776    490.625     12.825     12.922    11.1252    11.0406  37.993854  37.930096    11.1237    11.0390    33.8342    33.8488    25.8455    25.8721     4.9011     5.1045    149.304    155.496     1.6410     1.6068     0.1294     2.2107     3.3748     0.1783     0.1783 -122.63308   37.77226       5.05          2  0.000e+00
      11777    490.667     12.825     12.922    11.1262    11.0453  37.996322  37.931004    11.1246    11.0437    33.8357    33.8454    25.8465    25.8686     4.9010     5.1041    149.299    155.483     1.6410     1.6068     0.1380     2.4243     3.3761     0.1783     0.1783 -122.63308   37.77226       5.01          2  0.000e+00
      11778    490.708     12.772     12.868    11.1241    11.0488  37.993529  37.931198    11.1225    11.0473    33.8349    33.8423    25.8463    25.8656     4.9012     5.1094    149.306    155.645     1.6410     1.6081     0.1441     2.5770     3.3761     0.1783     0.1795 -122.63308   37.77226       5.01          2  0.000e+00
      11779    490.750     12.832     12.928    11.1252    11.0490  37.989892  37.931198    11.1237    11.0475    33.8302    33.8421    25.8424    25.8654     4.9013     5.1094    149.308    155.646     1.6410     1.6081     0.1453     2.6075     3.3761     0.1783     0.1795 -122.63308   37.77226       4.98          2  0.000e+00
      11780    490.792     12.825     12.922    11.1308    11.0512  37.989891  37.932236    11.1293    11.0496    33.8251    33.8412    25.8374    25.8643     4.9008     5.1092    149.295    155.639     1.6410     1.6081     0.1441     2.5770     3.3761     0.1783     0.1783 -122.63308   37.77226       5.01          2  0.000e+00
      11781    490.833     12.772     12.868    11.1348    11.0568  37.991579  37.933532    11.1332    11.0553    33.8231    33.8373    25.8351    25.8602     4.9004     5.1086    149.283    155.622     1.6410     1.6081     0.1441     2.5770     3.3761     0.1783     0.1795 -122.63308   37.77226       5.01          2  0.000e+00
      11782    490.875     12.785     12.882    11.1348    11.0575  37.991579  37.934116    11.1332    11.0559    33.8231    33.8373    25.8351    25.8601     4.9004     5.1142    149.283    155.792     1.6410     1.6093     0.1441     2.5770     3.3761     0.1795     0.1807 -122.63308   37.77226       5.01          2  0.000e+00
      11783    490.917     12.825     12.922    11.1328    11.0550  37.992944  37.932949    11.1312    11.0534    33.8263    33.8384    25.8380    25.8614     4.8954     5.1145    149.129    155.800     1.6398     1.6093     0.1441     2.5770     3.3761     0.1795     0.1807 -122.63308   37.77226       4.96          2  0.000e+00
      11784    490.958     12.772     12.868    11.1313    11.0515  37.994178  37.931781    11.1298    11.0499    33.8289    33.8405    25.8403    25.8636     4.8954     5.1091    149.130    155.638     1.6398     1.6081     0.1441     2.5770     3.3761     0.1783     0.1795 -122.63308   37.77226       4.93          2  0.000e+00
      11785    491.000     12.832     12.928    11.1257    11.0482  37.993659  37.929836    11.1242    11.0466    33.8335    33.8415    25.8449    25.8651     4.8959     5.1152    149.145    155.821     1.6398     1.6093     0.1441     2.5770     3.3761     0.1783     0.1795 -122.63308   37.77226       4.93          2  0.000e+00
      11786    491.042     12.825     12.922    11.1170    11.0497  37.988594  37.929706    11.1154    11.0481    33.8365    33.8401    25.8488    25.8636     4.8968     5.1151    149.170    155.818     1.6398     1.6093     0.1441     2.5770     3.3773     0.1783     0.1795 -122.63308   37.77226       4.93          2  0.000e+00
      11787    491.083     12.772     12.868    11.1100    11.0524  37.977747  37.931392    11.1084    11.0508    33.8322    33.8393    25.8467    25.8626     4.8924     5.1147    149.039    155.808     1.6386     1.6093     0.1441     2.5770     3.3761     0.1783     0.1795 -122.63308   37.77226       4.93          2  0.000e+00
