WCOA/WCOA-6/CTD_Data/RB2102_CTD_050_01.ros
* Sea-Bird SBE 9 Data File:
* FileName = C:\Users\scs.user.rb\CTD\RB2102\Data\RB2102_CTD_050_01.hex
* Software Version Seasave V 7.26.7.107
* Temperature SN = 6202
* Conductivity SN = 4907
* Number of Bytes Per Scan = 41
* Number of Voltage Words = 4
* Number of Scans Averaged by the Deck Unit = 1
* NMEA Latitude = 44 39.10 N
* NMEA Longitude = 124 17.75 W
* NMEA UTC (Time) = Jul 04 2021  09:34:07
* NMEA baud rate = 4800
# nquan = 30
# nvalues = 882                                   
# units = specified
# name 0 = scan: Scan Count
# name 1 = timeS: Time, Elapsed [seconds]
# name 2 = depSM: Depth [salt water, m]
# name 3 = prDM: Pressure, Digiquartz [db]
# name 4 = t090C: Temperature [ITS-90, deg C]
# name 5 = t190C: Temperature, 2 [ITS-90, deg C]
# name 6 = c0mS/cm: Conductivity [mS/cm]
# name 7 = c1mS/cm: Conductivity, 2 [mS/cm]
# name 8 = potemp090C: Potential Temperature [ITS-90, deg C]
# name 9 = potemp190C: Potential Temperature, 2 [ITS-90, deg C]
# name 10 = sal00: Salinity, Practical [PSU]
# name 11 = sal11: Salinity, Practical, 2 [PSU]
# name 12 = sigma-é00: Density [sigma-theta, kg/m^3]
# name 13 = sigma-é11: Density, 2 [sigma-theta, kg/m^3]
# name 14 = sbeox0Mg/L: Oxygen, SBE 43 [mg/l]
# name 15 = sbeox1Mg/L: Oxygen, SBE 43, 2 [mg/l]
# name 16 = sbox0Mm/Kg: Oxygen, SBE 43 [umol/kg]
# name 17 = sbox1Mm/Kg: Oxygen, SBE 43, 2 [umol/kg]
# name 18 = sbeox0V: Oxygen raw, SBE 43 [V]
# name 19 = sbeox1V: Oxygen raw, SBE 43, 2 [V]
# name 20 = v4: Voltage 4
# name 21 = flECO-AFL: Fluorescence, WET Labs ECO-AFL/FL [mg/m^3]
# name 22 = v3: Voltage 3
# name 23 = v6: Voltage 6
# name 24 = v7: Voltage 7
# name 25 = longitude: Longitude [deg]
# name 26 = latitude: Latitude [deg]
# name 27 = altM: Altimeter [m]
# name 28 = nbf: Bottles Fired
# name 29 = flag:  0.000e+00
# interval = seconds: 0.0416667
# start_time = Jul 04 2021 09:34:07 [NMEA time, header]
# bad_flag = -9.990e-29
*END*
[from data line 581]
      36656   1527.292     15.218     15.343     9.6275    10.0581  35.956130  36.384980     9.6258    10.0563    33.1589    33.1999    25.5764    25.5370     7.0223     6.7218    213.976    204.828     2.0781     1.9170     0.4505    10.2387     3.3358     0.0000     0.0000 -124.29774   44.65182      67.40         12  0.000e+00
      36657   1527.333     15.258     15.383     9.5930    10.0845  35.930652  36.424612     9.5913    10.0828    33.1646    33.2157    25.5865    25.5450     7.0438     6.7285    214.630    205.032     2.0818     1.9194     0.4505    10.2387     3.3358     0.0000     0.0000 -124.29774   44.65182      67.37         12  0.000e+00
      36658   1527.375     15.264     15.389     9.5686    10.1092  35.909562  36.438080     9.5669    10.1075    33.1655    33.2067    25.5912    25.5338     7.0639     6.7366    215.242    205.280     2.0855     1.9219     0.4505    10.2387     3.3358     0.0000     0.0000 -124.29774   44.65182      67.37         12  0.000e+00
      36659   1527.417     15.258     15.383     9.5404    10.1298  35.911408  36.433417     9.5387    10.1281    33.1935    33.1831    25.6177    25.5119     7.0834     6.7459    215.831    205.569     2.0891     1.9243     0.4505    10.2387     3.3358     0.0000     0.0000 -124.29774   44.65182      67.37         12  0.000e+00
      36660   1527.458     15.258     15.383     9.5779    10.1481  35.950797  36.428563     9.5762    10.1463    33.1992    33.1615    25.6160    25.4919     7.0932     6.7555    216.129    205.866     2.0928     1.9267     0.4505    10.2387     3.3358     0.0000     0.0000 -124.29774   44.65182      67.37         12  0.000e+00
      36661   1527.500     15.264     15.389     9.6239    10.1639  35.959245  36.417390     9.6222    10.1622    33.1654    33.1357    25.5821    25.4691     7.0980     6.7715    216.283    206.357     2.0952     1.9304     0.4505    10.2387     3.3358     0.0000     0.0000 -124.29774   44.65182      67.35         12  0.000e+00
      36662   1527.542     15.258     15.383     9.6399    10.1687  35.950854  36.384968     9.6382    10.1669    33.1420    33.0985    25.5612    25.4393     7.1072     6.7840    216.569    206.742     2.0977     1.9328     0.4505    10.2387     3.3358     0.0000     0.0000 -124.29774   44.65182      67.35         12  0.000e+00
      36708   1529.458     15.695     15.823    10.1960     9.9298  36.396739  36.236375    10.1942     9.9281    33.0853    33.1664    25.4244    25.5324     6.7171     7.1287    204.707    217.229     2.0281     1.9976     0.4005     8.9872     3.3358     0.0000     0.0000 -124.29774   44.65182      66.91         13  0.000e+00
      36709   1529.500     15.695     15.823    10.1910     9.9063  36.393355  36.219943    10.1892     9.9045    33.0864    33.1713    25.4261    25.5402     6.7018     7.1267    204.242    217.165     2.0244     1.9963     0.4005     8.9872     3.3346     0.0000     0.0000 -124.29774   44.65182      66.91         13  0.000e+00
      36710   1529.542     15.655     15.783    10.1471     9.8924  36.359010  36.213512    10.1453     9.8907    33.0917    33.1775    25.4377    25.5473     6.6923     7.1170    203.949    216.869     2.0208     1.9939     0.4005     8.9872     3.3358     0.0000     0.0000 -124.29774   44.65182      66.89         13  0.000e+00
      36711   1529.583     15.794     15.923    10.1102     9.8852  36.333037  36.216698    10.1084     9.8834    33.0991    33.1874    25.4497    25.5562     6.6817     7.1121    203.624    216.717     2.0171     1.9927     0.4005     8.9872     3.3346     0.0000     0.0000 -124.29774   44.65182      66.89         13  0.000e+00
      36712   1529.625     15.701     15.830    10.0879     9.8946  36.337890  36.245426    10.0861     9.8928    33.1245    33.2081    25.4732    25.5708     6.6679     7.0978    203.200    216.279     2.0134     1.9902     0.4005     8.9872     3.3346     0.0000     0.0000 -124.29774   44.65182      66.89         13  0.000e+00
      36713   1529.667     15.695     15.823    10.1041     9.9201  36.368272  36.287484    10.1023     9.9183    33.1405    33.2274    25.4830    25.5816     6.6541     7.0868    202.777    215.941     2.0110     1.9890     0.4005     8.9872     3.3346     0.0000     0.0000 -124.29774   44.65182      66.89         13  0.000e+00
      36714   1529.708     15.748     15.877    10.1295     9.9568  36.390106  36.294556    10.1277     9.9550    33.1393    33.2008    25.4778    25.5547     6.6344     7.0702    202.177    215.442     2.0073     1.9866     0.4005     8.9872     3.3358     0.0000     0.0000 -124.29774   44.65182      66.89         13  0.000e+00
      36715   1529.750     15.701     15.830    10.1545     9.9796  36.394572  36.279255    10.1527     9.9778    33.1210    33.1643    25.4593    25.5224     6.6154     7.0564    201.601    215.027     2.0037     1.9841     0.4005     8.9872     3.3358     0.0000     0.0000 -124.29774   44.65182      66.89         13  0.000e+00
      36716   1529.792     15.794     15.923    10.1543     9.9868  36.396233  36.305390    10.1525     9.9850    33.1228    33.1842    25.4607    25.5368     6.5994     7.0485    201.115    214.785     2.0000     1.9829     0.4005     8.9872     3.3370     0.0000     0.0000 -124.29774   44.65182      66.81         13  0.000e+00
      36717   1529.833     15.701     15.830    10.1724    10.0044  36.408301  36.375098    10.1706    10.0026    33.1185    33.2390    25.4543    25.5766     6.5862     7.0314    200.712    214.255     1.9976     1.9805     0.4005     8.9872     3.3370     0.0000     0.0000 -124.29774   44.65182      66.72         13  0.000e+00
      36718   1529.875     15.794     15.923    10.1760    10.0512  36.395337  36.433173    10.1742    10.0494    33.1020    33.2549    25.4408    25.5811     6.5704     7.0114    200.235    213.643     1.9939     1.9780     0.4005     8.9872     3.3358     0.0000     0.0000 -124.29774   44.65182      66.69         13  0.000e+00
      36719   1529.917     15.748     15.877    10.1673    10.1021  36.349816  36.460815    10.1655    10.1003    33.0640    33.2361    25.4126    25.5579     6.5573     6.9921    199.841    213.061     1.9902     1.9756     0.4005     8.9872     3.3370     0.0000     0.0000 -124.29774   44.65182      66.69         13  0.000e+00
      36720   1529.958     15.754     15.883    10.1668    10.1417  36.334243  36.466239    10.1650    10.1399    33.0487    33.2053    25.4008    25.5272     6.5474     6.9754    199.541    212.557     1.9878     1.9731     0.4005     8.9872     3.3370     0.0000     0.0000 -124.29774   44.65182      66.69         13  0.000e+00
      36721   1530.000     15.748     15.877    10.0920    10.1721  36.291057  36.469109    10.0902    10.1703    33.0732    33.1803    25.4325    25.5025     6.5415     6.9599    199.355    212.090     1.9841     1.9707     0.4005     8.9872     3.3358     0.0000     0.0000 -124.29774   44.65182      66.69         13  0.000e+00
      36722   1530.042     15.794     15.923     9.9452    10.2058  36.174097  36.499640     9.9434    10.2040    33.0889    33.1803    25.4693    25.4969     6.5521     6.9428    199.672    211.571     1.9817     1.9683     0.4005     8.9872     3.3370     0.0000     0.0000 -124.29774   44.65182      66.67         13  0.000e+00
      36723   1530.083     15.754     15.883     9.8239    10.2571  36.095593  36.546861     9.8221    10.2553    33.1203    33.1810    25.5140    25.4887     6.5583     6.9228    199.850    210.962     1.9792     1.9658     0.4005     8.9872     3.3358     0.0000     0.0000 -124.29774   44.65182      66.62         13  0.000e+00
      36724   1530.125     15.794     15.923     9.7289    10.3054  36.032165  36.567504     9.7272    10.3036    33.1429    33.1577    25.5473    25.4623     6.5555     6.9044    199.759    210.408     1.9756     1.9634     0.4005     8.9872     3.3358     0.0000     0.0000 -124.29774   44.65182      66.62         13  0.000e+00
      36725   1530.167     15.754     15.883     9.6634    10.3367  35.932996  36.559061     9.6616    10.3349    33.1018    33.1206    25.5260    25.4281     6.5563     6.8894    199.788    209.957     1.9731     1.9609     0.4005     8.9872     3.3370     0.0000     0.0000 -124.29774   44.65182      66.62         13  0.000e+00
      36726   1530.208     15.794     15.923     9.5485    10.3571  35.836417  36.543014     9.5468    10.3553    33.1087    33.0859    25.5501    25.3975     6.5626     6.8761    199.976    209.558     1.9707     1.9585     0.4017     9.0177     3.3358     0.0000     0.0000 -124.29774   44.65182      66.62         13  0.000e+00
      36727   1530.250     15.794     15.923     9.4523    10.3438  35.767459  36.523394     9.4505    10.3419    33.1267    33.0783    25.5798    25.3938     6.5657     6.8670    200.062    209.283     1.9683     1.9560     0.4017     9.0177     3.3358     0.0000     0.0000 -124.29774   44.65182      66.62         13  0.000e+00
      36728   1530.292     15.801     15.930     9.3973    10.3059  35.714395  36.509787     9.3956    10.3041    33.1229    33.0990    25.5856    25.4165     6.5633     6.8665    199.990    209.261     1.9658     1.9548     0.4017     9.0177     3.3370     0.0000     0.0000 -124.29774   44.65182      66.67         13  0.000e+00
      36729   1530.333     15.794     15.923     9.3381    10.2791  35.680242  36.504679     9.3364    10.2773    33.1425    33.1183    25.6105    25.4361     6.5607     6.8526    199.904    208.835     1.9634     1.9512     0.4017     9.0177     3.3370     0.0000     0.0000 -124.29774   44.65182      66.72         13  0.000e+00
      36730   1530.375     15.801     15.930     9.2850    10.2699  35.648889  36.503594     9.2833    10.2681    33.1594    33.1257    25.6322    25.4434     6.5572     6.8422    199.793    208.517     1.9609     1.9487     0.4017     9.0177     3.3370     0.0000     0.0000 -124.29774   44.65182      66.72         13  0.000e+00
      36731   1530.417     15.794     15.923     9.2349    10.2739  35.611150  36.508066     9.2333    10.2720    33.1669    33.1266    25.6460    25.4434     6.5536     6.8300    199.682    208.144     1.9585     1.9463     0.4017     9.0177     3.3370     0.0000     0.0000 -124.29774   44.65182      66.72         13  0.000e+00
      36732   1530.458     15.794     15.923     9.1776    10.2846  35.580771  36.496500     9.1759    10.2828    33.1887    33.1051    25.6722    25.4248     6.5560     6.8234    199.749    207.947     1.9573     1.9451     0.4017     9.0177     3.3370     0.0000     0.0000 -124.29774   44.65182      66.72         13  0.000e+00
      36733   1530.500     15.801     15.930     9.1189    10.2765  35.557172  36.456771     9.1172    10.2747    33.2190    33.0724    25.7052    25.4007     6.5528     6.8146    199.645    207.683     1.9548     1.9426     0.4017     9.0177     3.3370     0.0000     0.0000 -124.29774   44.65182      66.72         13  0.000e+00
      36734   1530.542     15.794     15.923     9.0660    10.2555  35.538513  36.406466     9.0643    10.2537    33.2490    33.0407    25.7370    25.3796     6.5541     6.8077    199.680    207.479     1.9536     1.9402     0.4017     9.0177     3.3370     0.0000     0.0000 -124.29774   44.65182      66.59         13  0.000e+00
      36735   1530.583     15.801     15.930     9.0366    10.2281  35.527256  36.334885     9.0349    10.2263    33.2647    32.9934    25.7540    25.3473     6.5470     6.8026    199.461    207.330     1.9512     1.9377     0.4017     9.0177     3.3370     0.0000     0.0000 -124.29774   44.65182      66.45         13  0.000e+00
      36736   1530.625     15.794     15.923     9.0180    10.1489  35.519035  36.244186     9.0163    10.1471    33.2736    32.9738    25.7638    25.3454     6.5440     6.8046    199.368    207.391     1.9499     1.9353     0.4017     9.0177     3.3370     0.0000     0.0000 -124.29774   44.65182      66.42         13  0.000e+00
      36737   1530.667     15.847     15.977     9.0007    10.0434  35.515685  36.226552     8.9991    10.0416    33.2862    33.0522    25.7764    25.4243     6.5407     6.8124    199.264    207.613     1.9487     1.9341     0.4017     9.0177     3.3358     0.0000     0.0000 -124.29774   44.65182      66.42         13  0.000e+00
      36738   1530.708     15.801     15.930     8.9916     9.9735  35.517520  36.232293     8.9900     9.9718    33.2967    33.1221    25.7860    25.4905     6.5362     6.8090    199.124    207.495     1.9475     1.9316     0.4029     9.0483     3.3370     0.0000     0.0000 -124.29774   44.65182      66.42         13  0.000e+00
      36739   1530.750     15.794     15.923     8.9889     9.9242  35.516698  36.216693     8.9872     9.9224    33.2984    33.1515    25.7879    25.5217     6.5310     6.8099    198.967    207.515     1.9463     1.9304     0.4017     9.0177     3.3382     0.0000     0.0000 -124.29774   44.65182      66.42         13  0.000e+00
      36740   1530.792     15.801     15.930     8.9908     9.8682  35.509740  36.180274     8.9891     9.8665    33.2894    33.1659    25.7805    25.5422     6.5257     6.8067    198.805    207.413     1.9451     1.9280     0.4017     9.0177     3.3370     0.0000     0.0000 -124.29774   44.65182      66.42         13  0.000e+00
      36741   1530.833     15.847     15.977     8.9892     9.7990  35.502531  36.164812     8.9875     9.7972    33.2833    33.2139    25.7760    25.5912     6.5208     6.8100    198.656    207.505     1.9438     1.9267     0.4017     9.0177     3.3370     0.0000     0.0000 -124.29774   44.65182      66.45         13  0.000e+00
      36742   1530.875     15.794     15.923     8.9800     9.7510  35.503101  36.162144     8.9784     9.7492    33.2925    33.2555    25.7846    25.6316     6.5162     6.8101    198.517    207.499     1.9426     1.9255     0.4017     9.0177     3.3370     0.0000     0.0000 -124.29774   44.65182      66.42         13  0.000e+00
      36743   1530.917     15.801     15.930     8.9976     9.7200  35.519227  36.163739     8.9959     9.7182    33.2929    33.2858    25.7822    25.6604     6.5136     6.8079    198.436    207.428     1.9426     1.9243     0.4017     9.0177     3.3370     0.0000     0.0000 -124.29774   44.65182      66.45         13  0.000e+00
      36744   1530.958     15.847     15.977     9.0317     9.7002  35.545982  36.183669     9.0300     9.6984    33.2888    33.3245    25.7736    25.6939     6.5031     6.7978    198.120    207.112     1.9414     1.9219     0.4017     9.0177     3.3382     0.0000     0.0000 -124.29774   44.65182      66.45         13  0.000e+00
      36745   1531.000     15.801     15.930     9.0652     9.7020  35.578695  36.230988     9.0635     9.7002    33.2915    33.3714    25.7704    25.7302     6.4925     6.7954    197.795    207.033     1.9402     1.9219     0.4017     9.0177     3.3370     0.0000     0.0000 -124.29774   44.65182      66.42         13  0.000e+00
      36746   1531.042     15.847     15.977     9.1082     9.7411  35.622626  36.284319     9.1065     9.7394    33.2969    33.3896    25.7679    25.7380     6.4858     6.7766    197.591    206.458     1.9402     1.9194     0.4017     9.0177     3.3382     0.0000     0.0000 -124.29774   44.65182      66.37         13  0.000e+00
      36747   1531.083     15.794     15.924     9.1564     9.8049  35.672533  36.321926     9.1547     9.8032    33.3037    33.3689    25.7656    25.7113     6.4727     6.7613    197.194    205.998     1.9389     1.9182     0.4017     9.0177     3.3370     0.0000     0.0000 -124.29774   44.65182      66.28         13  0.000e+00
