WCOA/WCOA-6/CTD_Data/RB2102_CTD_095_01.ros
* Sea-Bird SBE 9 Data File:
* FileName = C:\Users\scs.user.rb\CTD\RB2102\Data\RB2102_CTD_095_01.hex
* Software Version Seasave V 7.26.7.107
* Temperature SN = 6202
* Conductivity SN = 4907
* Number of Bytes Per Scan = 41
* Number of Voltage Words = 4
* Number of Scans Averaged by the Deck Unit = 1
* NMEA Latitude = 35 54.63 N
* NMEA Longitude = 123 55.74 W
* NMEA UTC (Time) = Jul 13 2021  18:06:41
* NMEA baud rate = 4800
# nquan = 30
# nvalues = 1176                                  
# units = specified
# name 0 = scan: Scan Count
# name 1 = timeS: Time, Elapsed [seconds]
# name 2 = depSM: Depth [salt water, m]
# name 3 = prDM: Pressure, Digiquartz [db]
# name 4 = t090C: Temperature [ITS-90, deg C]
# name 5 = t190C: Temperature, 2 [ITS-90, deg C]
# name 6 = c0mS/cm: Conductivity [mS/cm]
# name 7 = c1mS/cm: Conductivity, 2 [mS/cm]
# name 8 = potemp090C: Potential Temperature [ITS-90, deg C]
# name 9 = potemp190C: Potential Temperature, 2 [ITS-90, deg C]
# name 10 = sal00: Salinity, Practical [PSU]
# name 11 = sal11: Salinity, Practical, 2 [PSU]
# name 12 = sigma-é00: Density [sigma-theta, kg/m^3]
# name 13 = sigma-é11: Density, 2 [sigma-theta, kg/m^3]
# name 14 = sbeox0Mg/L: Oxygen, SBE 43 [mg/l]
# name 15 = sbeox1Mg/L: Oxygen, SBE 43, 2 [mg/l]
# name 16 = sbox0Mm/Kg: Oxygen, SBE 43 [umol/kg]
# name 17 = sbox1Mm/Kg: Oxygen, SBE 43, 2 [umol/kg]
# name 18 = sbeox0V: Oxygen raw, SBE 43 [V]
# name 19 = sbeox1V: Oxygen raw, SBE 43, 2 [V]
# name 20 = v4: Voltage 4
# name 21 = flECO-AFL: Fluorescence, WET Labs ECO-AFL/FL [mg/m^3]
# name 22 = v3: Voltage 3
# name 23 = v6: Voltage 6
# name 24 = v7: Voltage 7
# name 25 = longitude: Longitude [deg]
# name 26 = latitude: Latitude [deg]
# name 27 = altM: Altimeter [m]
# name 28 = nbf: Bottles Fired
# name 29 = flag:  0.000e+00
# interval = seconds: 0.0416667
# start_time = Jul 13 2021 18:06:41 [NMEA time, header]
# bad_flag = -9.990e-29
*END*
[from data line 387]
     229195   9549.750    742.748    749.562     4.5140     4.5151  32.799319  32.800838     4.4559     4.4570    34.3535    34.3541    27.2236    27.2240     0.2686     0.2872      8.172      8.738     0.5360     0.5519     0.0403    -0.0177     3.2869     0.0220     0.0000 -123.93068   35.90966     100.00          8  0.000e+00
     229196   9549.792    742.795    749.610     4.5141     4.5151  32.799197  32.801022     4.4560     4.4570    34.3532    34.3543    27.2233    27.2241     0.2620     0.2872      7.969      8.738     0.5348     0.5519     0.0403    -0.0177     3.2857     0.0220     0.0000 -123.93068   35.90966     100.00          8  0.000e+00
     229197   9549.833    742.694    749.508     4.5141     4.5151  32.799074  32.801144     4.4560     4.4570    34.3531    34.3545    27.2232    27.2243     0.2620     0.2872      7.969      8.738     0.5348     0.5519     0.0403    -0.0177     3.2869     0.0220     0.0000 -123.93068   35.90966     100.00          8  0.000e+00
     229198   9549.875    742.748    749.562     4.5140     4.5149  32.799135  32.800899     4.4559     4.4568    34.3533    34.3544    27.2234    27.2242     0.2620     0.2872      7.969      8.738     0.5348     0.5519     0.0403    -0.0177     3.2869     0.0220     0.0000 -123.93068   35.90966     100.00          8  0.000e+00
     229199   9549.917    742.748    749.562     4.5141     4.5151  32.799319  32.800838     4.4560     4.4570    34.3533    34.3541    27.2234    27.2240     0.2620     0.2872      7.969      8.738     0.5348     0.5519     0.0403    -0.0177     3.2857     0.0208     0.0000 -123.93068   35.90966     100.00          8  0.000e+00
     238399   9933.250    496.436    500.691     5.7584     5.7588  33.677679  33.678647     5.7158     5.7162    34.2148    34.2155    26.9676    26.9681     0.5335     0.5564     16.234     16.930     0.5910     0.6032     0.0391    -0.0482     3.2821     0.0317     0.0000 -123.93080   35.90962     100.00          9  0.000e+00
     238400   9933.292    496.389    500.644     5.7585     5.7588  33.677802  33.678895     5.7159     5.7162    34.2149    34.2158    26.9677    26.9683     0.5335     0.5564     16.234     16.930     0.5910     0.6032     0.0403    -0.0177     3.2821     0.0305     0.0000 -123.93080   35.90962     100.00          9  0.000e+00
     238401   9933.333    496.349    500.604     5.7586     5.7585  33.677616  33.678276     5.7160     5.7159    34.2146    34.2154    26.9674    26.9681     0.5335     0.5564     16.234     16.930     0.5910     0.6032     0.0403    -0.0177     3.2833     0.0305     0.0000 -123.93080   35.90962     100.00          9  0.000e+00
     238402   9933.375    496.436    500.691     5.7582     5.7583  33.677493  33.678586     5.7156     5.7157    34.2148    34.2159    26.9676    26.9685     0.5335     0.5564     16.235     16.930     0.5910     0.6032     0.0403    -0.0177     3.2833     0.0293     0.0000 -123.93080   35.90962     100.00          9  0.000e+00
     238403   9933.417    496.436    500.691     5.7581     5.7582  33.677493  33.678214     5.7155     5.7156    34.2149    34.2156    26.9677    26.9683     0.5335     0.5564     16.235     16.930     0.5910     0.6032     0.0403    -0.0177     3.2833     0.0305     0.0000 -123.93080   35.90962     100.00          9  0.000e+00
     238404   9933.458    496.436    500.691     5.7581     5.7587  33.677245  33.678586     5.7155     5.7161    34.2146    34.2156    26.9675    26.9682     0.5335     0.5564     16.235     16.930     0.5910     0.6032     0.0403    -0.0177     3.2833     0.0317     0.0000 -123.93080   35.90962     100.00          9  0.000e+00
     238405   9933.500    496.436    500.691     5.7579     5.7587  33.677183  33.678400     5.7153     5.7161    34.2147    34.2153    26.9676    26.9680     0.5335     0.5564     16.235     16.930     0.5910     0.6032     0.0403    -0.0177     3.2821     0.0317     0.0000 -123.93080   35.90962     100.00          9  0.000e+00
     238406   9933.542    496.389    500.644     5.7579     5.7587  33.677369  33.678338     5.7154     5.7161    34.2150    34.2153    26.9678    26.9680     0.5335     0.5564     16.235     16.930     0.5910     0.6032     0.0403    -0.0177     3.2821     0.0317     0.0000 -123.93080   35.90962     100.00          9  0.000e+00
     238407   9933.583    496.490    500.745     5.7579     5.7590  33.677245  33.678648     5.7153     5.7164    34.2148    34.2153    26.9676    26.9679     0.5335     0.5564     16.235     16.930     0.5910     0.6032     0.0403    -0.0177     3.2833     0.0317     0.0000 -123.93080   35.90962     100.00          9  0.000e+00
     238408   9933.625    496.436    500.691     5.7583     5.7585  33.677864  33.678895     5.7157     5.7159    34.2151    34.2161    26.9679    26.9686     0.5335     0.5564     16.234     16.930     0.5910     0.6032     0.0403    -0.0177     3.2821     0.0317     0.0000 -123.93080   35.90962     100.00          9  0.000e+00
     238409   9933.667    496.490    500.745     5.7582     5.7588  33.677679  33.678338     5.7156     5.7162    34.2150    34.2151    26.9678    26.9678     0.5335     0.5564     16.235     16.930     0.5910     0.6032     0.0403    -0.0177     3.2821     0.0317     0.0000 -123.93080   35.90962     100.00          9  0.000e+00
     238410   9933.708    496.490    500.745     5.7584     5.7588  33.677741  33.678710     5.7158     5.7162    34.2148    34.2155    26.9676    26.9681     0.5335     0.5564     16.235     16.930     0.5910     0.6032     0.0403    -0.0177     3.2833     0.0317     0.0000 -123.93080   35.90962     100.00          9  0.000e+00
     238411   9933.750    496.436    500.691     5.7584     5.7587  33.677555  33.678586     5.7158     5.7161    34.2146    34.2156    26.9675    26.9682     0.5273     0.5564     16.044     16.930     0.5897     0.6032     0.0403    -0.0177     3.2833     0.0317     0.0000 -123.93080   35.90962     100.00          9  0.000e+00
     238412   9933.792    496.436    500.691     5.7581     5.7585  33.677493  33.678338     5.7155     5.7159    34.2149    34.2155    26.9677    26.9681     0.5273     0.5564     16.044     16.930     0.5897     0.6032     0.0403    -0.0177     3.2821     0.0317     0.0000 -123.93080   35.90962     100.00          9  0.000e+00
     238413   9933.833    496.436    500.692     5.7581     5.7585  33.677493  33.678648     5.7155     5.7159    34.2149    34.2158    26.9677    26.9684     0.5335     0.5632     16.235     17.138     0.5910     0.6044     0.0403    -0.0177     3.2821     0.0317     0.0000 -123.93080   35.90962     100.00          9  0.000e+00
     238414   9933.875    496.490    500.745     5.7579     5.7587  33.676997  33.678214     5.7153     5.7161    34.2145    34.2151    26.9674    26.9678     0.5335     0.5564     16.235     16.930     0.5910     0.6032     0.0403    -0.0177     3.2833     0.0317     0.0000 -123.93080   35.90962     100.00          9  0.000e+00
     238415   9933.917    496.436    500.692     5.7574     5.7587  33.677059  33.678214     5.7149     5.7161    34.2151    34.2151    26.9679    26.9678     0.5335     0.5564     16.235     16.930     0.5910     0.6032     0.0403    -0.0177     3.2821     0.0317     0.0000 -123.93080   35.90962     100.00          9  0.000e+00
     238416   9933.958    496.436    500.692     5.7575     5.7587  33.676687  33.678400     5.7149     5.7161    34.2146    34.2153    26.9676    26.9680     0.5273     0.5564     16.045     16.930     0.5897     0.6032     0.0403    -0.0177     3.2821     0.0317     0.0000 -123.93080   35.90962     100.00          9  0.000e+00
     238417   9934.000    496.436    500.692     5.7576     5.7583  33.676811  33.678338     5.7150     5.7157    34.2146    34.2156    26.9676    26.9683     0.5335     0.5564     16.235     16.930     0.5910     0.6032     0.0403    -0.0177     3.2833     0.0317     0.0000 -123.93080   35.90962     100.00          9  0.000e+00
     238418   9934.042    496.390    500.644     5.7574     5.7587  33.676873  33.678152     5.7149     5.7161    34.2149    34.2151    26.9678    26.9678     0.5398     0.5564     16.425     16.930     0.5922     0.6032     0.0403    -0.0177     3.2833     0.0317     0.0000 -123.93080   35.90962     100.00          9  0.000e+00
     238419   9934.083    496.436    500.692     5.7576     5.7585  33.677059  33.678028     5.7150     5.7159    34.2149    34.2151    26.9678    26.9679     0.5335     0.5564     16.235     16.930     0.5910     0.6032     0.0403    -0.0177     3.2833     0.0317     0.0000 -123.93080   35.90962     100.00          9  0.000e+00
     238420   9934.125    496.390    500.644     5.7576     5.7583  33.676687  33.678090     5.7151     5.7157    34.2145    34.2154    26.9674    26.9681     0.5335     0.5564     16.235     16.930     0.5910     0.6032     0.0403    -0.0177     3.2821     0.0305     0.0000 -123.93080   35.90962     100.00          9  0.000e+00
     238421   9934.167    496.390    500.645     5.7579     5.7582  33.676749  33.677843     5.7154     5.7156    34.2143    34.2152    26.9672    26.9680     0.5335     0.5564     16.235     16.930     0.5910     0.6032     0.0403    -0.0177     3.2821     0.0305     0.0000 -123.93080   35.90962     100.00          9  0.000e+00
     238422   9934.208    496.390    500.645     5.7579     5.7575  33.677059  33.677286     5.7154     5.7150    34.2146    34.2153    26.9675    26.9681     0.5335     0.5564     16.235     16.930     0.5910     0.6032     0.0403    -0.0177     3.2821     0.0317     0.0000 -123.93080   35.90962     100.00          9  0.000e+00
     238423   9934.250    496.390    500.645     5.7581     5.7572  33.676687  33.676976     5.7155     5.7146    34.2140    34.2153    26.9670    26.9681     0.5335     0.5564     16.235     16.931     0.5910     0.6032     0.0403    -0.0177     3.2821     0.0305     0.0000 -123.93080   35.90962     100.00          9  0.000e+00
     238424   9934.292    496.343    500.597     5.7581     5.7567  33.676749  33.676605     5.7156     5.7142    34.2141    34.2153    26.9671    26.9682     0.5335     0.5564     16.234     16.931     0.5910     0.6032     0.0403    -0.0177     3.2833     0.0305     0.0000 -123.93080   35.90962     100.00          9  0.000e+00
     238425   9934.333    496.343    500.597     5.7576     5.7569  33.676439  33.676790     5.7150     5.7143    34.2143    34.2154    26.9673    26.9682     0.5335     0.5632     16.235     17.139     0.5910     0.6044     0.0403    -0.0177     3.2821     0.0317     0.0000 -123.93080   35.90962     100.00          9  0.000e+00
     238426   9934.375    496.290    500.544     5.7572     5.7567  33.676067  33.676852     5.7146     5.7142    34.2143    34.2156    26.9674    26.9685     0.5335     0.5564     16.235     16.931     0.5910     0.6032     0.0403    -0.0177     3.2821     0.0317     0.0000 -123.93080   35.90962     100.00          9  0.000e+00
     238427   9934.417    496.343    500.597     5.7563     5.7566  33.675262  33.676852     5.7138     5.7140    34.2142    34.2158    26.9674    26.9686     0.5335     0.5564     16.235     16.931     0.5910     0.6032     0.0403    -0.0177     3.2833     0.0305     0.0000 -123.93080   35.90962     100.00          9  0.000e+00
     238428   9934.458    496.290    500.544     5.7559     5.7564  33.675076  33.676604     5.7134     5.7138    34.2144    34.2157    26.9676    26.9686     0.5335     0.5564     16.235     16.931     0.5910     0.6032     0.0403    -0.0177     3.2821     0.0281     0.0000 -123.93080   35.90962     100.00          9  0.000e+00
     238429   9934.500    496.290    500.544     5.7558     5.7566  33.674829  33.676542     5.7133     5.7140    34.2143    34.2155    26.9675    26.9684     0.5335     0.5564     16.235     16.931     0.5910     0.6032     0.0403    -0.0177     3.2833     0.0269     0.0000 -123.93080   35.90962     100.00          9  0.000e+00
     238430   9934.542    496.243    500.496     5.7558     5.7567  33.675200  33.676542     5.7133     5.7142    34.2147    34.2153    26.9678    26.9682     0.5335     0.5564     16.235     16.930     0.5910     0.6032     0.0403    -0.0177     3.2833     0.0269     0.0000 -123.93080   35.90962     100.00          9  0.000e+00
     238431   9934.583    496.203    500.456     5.7554     5.7564  33.674890  33.676542     5.7128     5.7138    34.2148    34.2157    26.9680    26.9685     0.5335     0.5632     16.235     17.139     0.5910     0.6044     0.0403    -0.0177     3.2821     0.0269     0.0000 -123.93080   35.90962     100.00          9  0.000e+00
     238432   9934.625    496.243    500.496     5.7557     5.7564  33.674952  33.676357     5.7132     5.7138    34.2145    34.2154    26.9677    26.9684     0.5335     0.5564     16.235     16.931     0.5910     0.6032     0.0403    -0.0177     3.2821     0.0269     0.0000 -123.93080   35.90962     100.00          9  0.000e+00
     238433   9934.667    496.190    500.443     5.7557     5.7564  33.674890  33.676480     5.7131     5.7138    34.2145    34.2156    26.9677    26.9685     0.5335     0.5564     16.235     16.930     0.5910     0.6032     0.0403    -0.0177     3.2821     0.0269     0.0000 -123.93080   35.90962     100.00          9  0.000e+00
     238434   9934.708    496.143    500.395     5.7552     5.7566  33.674766  33.676542     5.7127     5.7140    34.2149    34.2155    26.9681    26.9684     0.5335     0.5564     16.235     16.930     0.5910     0.6032     0.0403    -0.0177     3.2833     0.0281     0.0000 -123.93080   35.90962     100.00          9  0.000e+00
     238435   9934.750    496.143    500.395     5.7552     5.7566  33.674766  33.676542     5.7127     5.7140    34.2149    34.2155    26.9681    26.9684     0.5273     0.5564     16.045     16.930     0.5897     0.6032     0.0415     0.0129     3.2821     0.0269     0.0000 -123.93080   35.90962     100.00          9  0.000e+00
     238436   9934.792    496.143    500.395     5.7551     5.7566  33.674518  33.676728     5.7126     5.7140    34.2147    34.2157    26.9679    26.9686     0.5335     0.5564     16.235     16.930     0.5910     0.6032     0.0403    -0.0177     3.2821     0.0281     0.0000 -123.93080   35.90962     100.00          9  0.000e+00
     238437   9934.833    496.143    500.395     5.7551     5.7563  33.674209  33.676418     5.7125     5.7137    34.2144    34.2157    26.9677    26.9686     0.5335     0.5564     16.235     16.930     0.5910     0.6032     0.0403    -0.0177     3.2821     0.0281     0.0000 -123.93080   35.90962     100.00          9  0.000e+00
     238438   9934.875    496.043    500.294     5.7547     5.7561  33.674146  33.676232     5.7122     5.7136    34.2147    34.2157    26.9680    26.9686     0.5335     0.5564     16.235     16.930     0.5910     0.6032     0.0403    -0.0177     3.2833     0.0293     0.0000 -123.93080   35.90962     100.00          9  0.000e+00
     238439   9934.917    496.090    500.342     5.7546     5.7559  33.673899  33.676232     5.7120     5.7134    34.2146    34.2159    26.9679    26.9688     0.5335     0.5564     16.235     16.930     0.5910     0.6032     0.0403    -0.0177     3.2821     0.0293     0.0000 -123.93080   35.90962     100.00          9  0.000e+00
     238440   9934.958    495.990    500.241     5.7546     5.7556  33.674270  33.675737     5.7121     5.7131    34.2150    34.2157    26.9682    26.9686     0.5335     0.5632     16.235     17.138     0.5910     0.6044     0.0403    -0.0177     3.2821     0.0293     0.0000 -123.93080   35.90962     100.00          9  0.000e+00
     238441   9935.000    496.043    500.295     5.7543     5.7553  33.674023  33.675675     5.7117     5.7127    34.2150    34.2159    26.9683    26.9689     0.5335     0.5564     16.235     16.931     0.5910     0.6032     0.0403    -0.0177     3.2821     0.0293     0.0000 -123.93080   35.90962     100.00          9  0.000e+00
