WCOA/WCOA-6/CTD_Data/RB2102_CTD_087_01.ros
* Sea-Bird SBE 9 Data File:
* FileName = C:\Users\scs.user.rb\CTD\RB2102\Data\RB2102_CTD_087_01.hex
* Software Version Seasave V 7.26.7.107
* Temperature SN = 6202
* Conductivity SN = 4907
* Number of Bytes Per Scan = 41
* Number of Voltage Words = 4
* Number of Scans Averaged by the Deck Unit = 1
* NMEA Latitude = 37 50.81 N
* NMEA Longitude = 122 25.26 W
* NMEA UTC (Time) = Jul 12 2021  17:06:40
* NMEA baud rate = 4800
# nquan = 30
# nvalues = 513                                   
# units = specified
# name 0 = scan: Scan Count
# name 1 = timeS: Time, Elapsed [seconds]
# name 2 = depSM: Depth [salt water, m]
# name 3 = prDM: Pressure, Digiquartz [db]
# name 4 = t090C: Temperature [ITS-90, deg C]
# name 5 = t190C: Temperature, 2 [ITS-90, deg C]
# name 6 = c0mS/cm: Conductivity [mS/cm]
# name 7 = c1mS/cm: Conductivity, 2 [mS/cm]
# name 8 = potemp090C: Potential Temperature [ITS-90, deg C]
# name 9 = potemp190C: Potential Temperature, 2 [ITS-90, deg C]
# name 10 = sal00: Salinity, Practical [PSU]
# name 11 = sal11: Salinity, Practical, 2 [PSU]
# name 12 = sigma-é00: Density [sigma-theta, kg/m^3]
# name 13 = sigma-é11: Density, 2 [sigma-theta, kg/m^3]
# name 14 = sbeox0Mg/L: Oxygen, SBE 43 [mg/l]
# name 15 = sbeox1Mg/L: Oxygen, SBE 43, 2 [mg/l]
# name 16 = sbox0Mm/Kg: Oxygen, SBE 43 [umol/kg]
# name 17 = sbox1Mm/Kg: Oxygen, SBE 43, 2 [umol/kg]
# name 18 = sbeox0V: Oxygen raw, SBE 43 [V]
# name 19 = sbeox1V: Oxygen raw, SBE 43, 2 [V]
# name 20 = v4: Voltage 4
# name 21 = flECO-AFL: Fluorescence, WET Labs ECO-AFL/FL [mg/m^3]
# name 22 = v3: Voltage 3
# name 23 = v6: Voltage 6
# name 24 = v7: Voltage 7
# name 25 = longitude: Longitude [deg]
# name 26 = latitude: Latitude [deg]
# name 27 = altM: Altimeter [m]
# name 28 = nbf: Bottles Fired
# name 29 = flag:  0.000e+00
# interval = seconds: 0.0416667
# start_time = Jul 12 2021 17:06:40 [NMEA time, header]
# bad_flag = -9.990e-29
*END*
[from data line 242]
      22588    941.125     14.829     14.942    16.6758    16.6796  41.797934  41.802421    16.6735    16.6772    32.5652    32.5660    23.7221    23.7220     6.8997     7.1085    210.622    216.995     2.2967     2.2271     0.1404     2.4854     3.2295     0.0354     0.1062 -122.42064   37.84624      30.60          5  0.000e+00
      22589    941.167     14.869     14.982    16.6760    16.6785  41.798002  41.801409    16.6736    16.6761    32.5651    32.5660    23.7220    23.7222     6.8997     7.1087    210.623    217.001     2.2967     2.2271     0.1404     2.4854     3.2308     0.0354     0.1062 -122.42064   37.84624      30.55          5  0.000e+00
      22590    941.208     14.829     14.942    16.6764    16.6778  41.798406  41.800802    16.6740    16.6755    32.5651    32.5660    23.7220    23.7224     6.8996     7.1087    210.620    217.003     2.2967     2.2271     0.1404     2.4854     3.2308     0.0354     0.1062 -122.42064   37.84624      30.53          5  0.000e+00
      25142   1047.542      9.960     10.035    16.9984    17.0007  41.947222  41.952719    16.9968    16.9991    32.4353    32.4382    23.5475    23.5492     6.8990     7.1277    210.636    217.620     2.3077     2.2430     0.1233     2.0580     3.2283     0.1026     0.1050 -122.42068   37.84628      35.51          6  0.000e+00
      25143   1047.583      9.960     10.035    16.9979    17.0009  41.947087  41.952381    16.9963    16.9993    32.4356    32.4378    23.5479    23.5488     6.8990     7.1327    210.638    217.773     2.3077     2.2442     0.1233     2.0580     3.2271     0.1026     0.1062 -122.42068   37.84628      35.51          6  0.000e+00
      25144   1047.625      9.907      9.982    16.9974    17.0007  41.947087  41.951976    16.9958    16.9991    32.4360    32.4376    23.5483    23.5487     6.8990     7.1327    210.638    217.772     2.3077     2.2442     0.1233     2.0580     3.2271     0.1026     0.1050 -122.42068   37.84628      35.63          6  0.000e+00
      25145   1047.667      9.867      9.942    16.9958    17.0009  41.945735  41.952989    16.9942    16.9993    32.4362    32.4383    23.5488    23.5492     6.9038     7.1276    210.784    217.617     2.3089     2.2430     0.1233     2.0580     3.2271     0.1026     0.1050 -122.42068   37.84628      35.73          6  0.000e+00
      25146   1047.708     10.053     10.129    16.9950    17.0009  41.944451  41.953936    16.9934    16.9993    32.4356    32.4391    23.5486    23.5498     6.8995     7.1328    210.652    217.773     2.3077     2.2442     0.1233     2.0580     3.2271     0.1026     0.1038 -122.42068   37.84628      35.73          6  0.000e+00
      25147   1047.750      9.861      9.935    16.9942    17.0006  41.944450  41.953530    16.9926    16.9990    32.4364    32.4391    23.5493    23.5499     6.9040     7.1276    210.790    217.617     2.3089     2.2430     0.1233     2.0580     3.2271     0.1013     0.1038 -122.42068   37.84628      35.73          6  0.000e+00
      25148   1047.792      9.960     10.035    16.9943    17.0004  41.944586  41.953598    16.9927    16.9988    32.4364    32.4392    23.5493    23.5501     6.8995     7.1327    210.651    217.773     2.3077     2.2442     0.1245     2.0886     3.2259     0.1013     0.1038 -122.42068   37.84628      35.73          6  0.000e+00
      25149   1047.833      9.967     10.042    16.9938    17.0004  41.943978  41.953192    16.9922    16.9988    32.4362    32.4389    23.5493    23.5498     6.8996     7.1328    210.654    217.774     2.3077     2.2442     0.1233     2.0580     3.2259     0.1013     0.1038 -122.42068   37.84628      35.73          6  0.000e+00
      25150   1047.875      9.960     10.035    16.9929    17.0001  41.943572  41.952449    16.9913    16.9984    32.4366    32.4385    23.5498    23.5496     6.8997     7.1328    210.656    217.775     2.3077     2.2442     0.1233     2.0580     3.2271     0.1026     0.1050 -122.42068   37.84628      35.65          6  0.000e+00
      25151   1047.917      9.960     10.035    16.9928    16.9995  41.943167  41.950963    16.9912    16.9979    32.4364    32.4377    23.5496    23.5491     6.8997     7.1329    210.657    217.779     2.3077     2.2442     0.1233     2.0580     3.2283     0.1013     0.1050 -122.42068   37.84628      35.63          6  0.000e+00
      25152   1047.958      9.960     10.035    16.9931    16.9978  41.943099  41.949679    16.9915    16.9962    32.4360    32.4379    23.5493    23.5497     6.9043     7.1282    210.798    217.633     2.3089     2.2430     0.1233     2.0580     3.2259     0.1026     0.1050 -122.42068   37.84628      35.60          6  0.000e+00
      25153   1048.000      9.967     10.042    16.9928    16.9972  41.942558  41.948868    16.9912    16.9956    32.4358    32.4377    23.5492    23.5497     6.9043     7.1283    210.799    217.637     2.3089     2.2430     0.1221     2.0275     3.2271     0.1026     0.1050 -122.42068   37.84628      35.60          6  0.000e+00
      25154   1048.042      9.960     10.035    16.9924    16.9971  41.942896  41.948733    16.9908    16.9955    32.4364    32.4377    23.5498    23.5496     6.9044     7.1283    210.800    217.637     2.3089     2.2430     0.1221     2.0275     3.2271     0.1026     0.1050 -122.42068   37.84628      35.60          6  0.000e+00
      25155   1048.083      9.960     10.035    16.9929    16.9973  41.943640  41.948733    16.9913    16.9957    32.4366    32.4375    23.5498    23.5494     6.9043     7.1283    210.798    217.636     2.3089     2.2430     0.1221     2.0275     3.2283     0.1013     0.1038 -122.42068   37.84628      35.63          6  0.000e+00
      25156   1048.125      9.967     10.042    16.9936    16.9968  41.944654  41.948125    16.9920    16.9952    32.4370    32.4374    23.5499    23.5495     6.9042     7.1284    210.795    217.639     2.3089     2.2430     0.1221     2.0275     3.2271     0.1026     0.1038 -122.42068   37.84628      35.51          6  0.000e+00
      25157   1048.167      9.960     10.035    16.9945    16.9958  41.945194  41.947179    16.9929    16.9941    32.4368    32.4374    23.5495    23.5498     6.9041     7.1285    210.791    217.643     2.3089     2.2430     0.1221     2.0275     3.2283     0.1026     0.1050 -122.42068   37.84628      35.41          6  0.000e+00
      25158   1048.208      9.960     10.035    16.9953    16.9946  41.945803  41.946099    16.9937    16.9930    32.4366    32.4374    23.5492    23.5500     6.9040     7.1287    210.788    217.648     2.3089     2.2430     0.1221     2.0275     3.2271     0.1026     0.1050 -122.42068   37.84628      35.41          6  0.000e+00
      25159   1048.250     10.006     10.082    16.9957    16.9939  41.945735  41.945018    16.9940    16.9922    32.4362    32.4371    23.5489    23.5499     6.9040     7.1288    210.788    217.653     2.3089     2.2430     0.1221     2.0275     3.2271     0.1026     0.1050 -122.42068   37.84628      35.41          6  0.000e+00
      25160   1048.292      9.966     10.042    16.9959    16.9933  41.945397  41.944748    16.9943    16.9917    32.4358    32.4373    23.5484    23.5502     6.9039     7.1239    210.787    217.502     2.3089     2.2418     0.1221     2.0275     3.2283     0.1026     0.1038 -122.42068   37.84628      35.41          6  0.000e+00
      25161   1048.333      9.960     10.035    16.9957    16.9932  41.944721  41.945761    16.9940    16.9916    32.4354    32.4382    23.5482    23.5510     6.9040     7.1288    210.788    217.653     2.3089     2.2430     0.1221     2.0275     3.2259     0.1013     0.1050 -122.42068   37.84628      35.41          6  0.000e+00
      25162   1048.375     10.006     10.082    16.9957    16.9932  41.944248  41.945356    16.9940    16.9915    32.4350    32.4379    23.5479    23.5508     6.9040     7.1289    210.790    217.655     2.3089     2.2430     0.1221     2.0275     3.2283     0.1026     0.1050 -122.42068   37.84628      35.51          6  0.000e+00
      25163   1048.417      9.960     10.035    16.9953    16.9927  41.944180  41.944275    16.9937    16.9910    32.4352    32.4374    23.5481    23.5505     6.9040     7.1240    210.790    217.504     2.3089     2.2418     0.1221     2.0275     3.2259     0.1026     0.1050 -122.42068   37.84628      35.56          6  0.000e+00
      25164   1048.458      9.966     10.042    16.9948    16.9927  41.943910  41.944275    16.9932    16.9911    32.4353    32.4374    23.5484    23.5504     6.9041     7.1240    210.792    217.504     2.3089     2.2418     0.1221     2.0275     3.2259     0.1026     0.1038 -122.42068   37.84628      35.56          6  0.000e+00
      25165   1048.500      9.960     10.035    16.9941    16.9930  41.943572  41.944612    16.9925    16.9914    32.4356    32.4374    23.5487    23.5504     6.9042     7.1239    210.794    217.503     2.3089     2.2418     0.1221     2.0275     3.2271     0.1026     0.1038 -122.42068   37.84628      35.56          6  0.000e+00
      25166   1048.542     10.006     10.082    16.9939    16.9933  41.942356  41.944950    16.9922    16.9917    32.4348    32.4374    23.5482    23.5503     6.9043     7.1239    210.798    217.502     2.3089     2.2418     0.1221     2.0275     3.2271     0.1013     0.1038 -122.42068   37.84628      35.56          6  0.000e+00
      25167   1048.583     10.006     10.082    16.9926    16.9937  41.941477  41.944815    16.9910    16.9921    32.4350    32.4370    23.5486    23.5499     6.9044     7.1239    210.802    217.501     2.3089     2.2418     0.1221     2.0275     3.2271     0.1013     0.1038 -122.42068   37.84628      35.53          6  0.000e+00
      25168   1048.625      9.920      9.995    16.9911    16.9945  41.941004  41.945288    16.9894    16.9929    32.4359    32.4368    23.5497    23.5496     6.9045     7.1237    210.805    217.496     2.3089     2.2418     0.1221     2.0275     3.2271     0.1013     0.1038 -122.42068   37.84628      35.34          6  0.000e+00
      25169   1048.667     10.006     10.082    16.9911    16.9951  41.940396  41.946301    16.9894    16.9935    32.4353    32.4372    23.5493    23.5497     6.9046     7.1236    210.808    217.495     2.3089     2.2418     0.1233     2.0580     3.2271     0.1026     0.1050 -122.42068   37.84628      35.21          6  0.000e+00
      25170   1048.708     10.006     10.082    16.9916    16.9955  41.941545  41.946301    16.9900    16.9938    32.4359    32.4369    23.5496    23.5494     6.9045     7.1236    210.805    217.494     2.3089     2.2418     0.1221     2.0275     3.2271     0.1026     0.1050 -122.42068   37.84628      35.21          6  0.000e+00
      25171   1048.750      9.960     10.035    16.9921    16.9956  41.942558  41.946436    16.9905    16.9940    32.4364    32.4369    23.5498    23.5494     6.9044     7.1235    210.801    217.492     2.3089     2.2418     0.1221     2.0275     3.2271     0.1026     0.1038 -122.42068   37.84628      35.21          6  0.000e+00
      25172   1048.792      9.966     10.041    16.9924    16.9958  41.942153  41.945963    16.9908    16.9942    32.4358    32.4363    23.5493    23.5489     6.9044     7.1235    210.801    217.492     2.3089     2.2418     0.1221     2.0275     3.2259     0.1026     0.1050 -122.42068   37.84628      35.21          6  0.000e+00
      25173   1048.833     10.006     10.081    16.9922    16.9954  41.942018  41.946369    16.9905    16.9938    32.4359    32.4370    23.5494    23.5495     6.9091     7.1236    210.944    217.494     2.3101     2.2418     0.1221     2.0275     3.2271     0.1026     0.1050 -122.42068   37.84628      35.24          6  0.000e+00
      25174   1048.875      9.960     10.035    16.9926    16.9954  41.942018  41.946571    16.9910    16.9938    32.4355    32.4372    23.5490    23.5496     6.9044     7.1236    210.801    217.492     2.3089     2.2418     0.1233     2.0580     3.2271     0.1026     0.1038 -122.42068   37.84628      35.46          6  0.000e+00
      25175   1048.917      9.960     10.035    16.9928    16.9958  41.942288  41.946301    16.9912    16.9942    32.4356    32.4366    23.5491    23.5491     6.9043     7.1235    210.800    217.491     2.3089     2.2418     0.1221     2.0275     3.2259     0.1013     0.1038 -122.42068   37.84628      35.58          6  0.000e+00
      25176   1048.958     10.013     10.088    16.9929    16.9953  41.941274  41.946234    16.9913    16.9936    32.4346    32.4370    23.5482    23.5496     6.9090     7.1236    210.943    217.495     2.3101     2.2418     0.1221     2.0275     3.2271     0.1013     0.1038 -122.42068   37.84628      35.60          6  0.000e+00
      25177   1049.000      9.960     10.035    16.9931    16.9956  41.941477  41.946234    16.9915    16.9940    32.4346    32.4368    23.5482    23.5493     6.9090     7.1235    210.941    217.492     2.3101     2.2418     0.1221     2.0275     3.2271     0.1013     0.1038 -122.42068   37.84628      35.60          6  0.000e+00
      25178   1049.042     10.006     10.081    16.9928    16.9956  41.941071  41.946166    16.9912    16.9940    32.4345    32.4366    23.5482    23.5492     6.9044     7.1236    210.802    217.493     2.3089     2.2418     0.1221     2.0275     3.2271     0.1013     0.1038 -122.42068   37.84628      35.60          6  0.000e+00
      25179   1049.083      9.960     10.035    16.9929    16.9953  41.941477  41.945896    16.9913    16.9936    32.4348    32.4367    23.5484    23.5493     6.9090     7.1236    210.941    217.494     2.3101     2.2418     0.1221     2.0275     3.2271     0.1013     0.1038 -122.42068   37.84628      35.58          6  0.000e+00
      25180   1049.125      9.966     10.041    16.9930    16.9949  41.941409  41.945828    16.9914    16.9933    32.4346    32.4370    23.5483    23.5496     6.9044     7.1237    210.800    217.495     2.3089     2.2418     0.1209     1.9970     3.2271     0.1026     0.1050 -122.42068   37.84628      35.53          6  0.000e+00
      25181   1049.167     10.006     10.081    16.9929    16.9948  41.941342  41.945018    16.9913    16.9931    32.4346    32.4364    23.5483    23.5492     6.9090     7.1237    210.943    217.498     2.3101     2.2418     0.1209     1.9970     3.2271     0.1026     0.1050 -122.42068   37.84628      35.51          6  0.000e+00
      25182   1049.208     10.006     10.081    16.9929    16.9947  41.941004  41.944748    16.9913    16.9931    32.4343    32.4362    23.5481    23.5490     6.9090     7.1237    210.943    217.498     2.3101     2.2418     0.1209     1.9970     3.2271     0.1026     0.1050 -122.42068   37.84628      35.51          6  0.000e+00
      25183   1049.250      9.959     10.035    16.9933    16.9947  41.941206  41.944747    16.9917    16.9931    32.4343    32.4362    23.5479    23.5490     6.9090     7.1237    210.941    217.497     2.3101     2.2418     0.1209     1.9970     3.2271     0.1026     0.1050 -122.42068   37.84628      35.51          6  0.000e+00
      25184   1049.292      9.966     10.041    16.9933    16.9948  41.941004  41.944747    16.9917    16.9931    32.4341    32.4361    23.5478    23.5490     6.9090     7.1237    210.941    217.497     2.3101     2.2418     0.1209     1.9970     3.2283     0.1026     0.1050 -122.42068   37.84628      35.51          6  0.000e+00
      25185   1049.333      9.959     10.035    16.9933    16.9944  41.940936  41.943937    16.9917    16.9928    32.4340    32.4357    23.5477    23.5488     6.9043     7.1238    210.800    217.499     2.3089     2.2418     0.1209     1.9970     3.2259     0.1026     0.1050 -122.42068   37.84628      35.51          6  0.000e+00
      25186   1049.375      9.959     10.035    16.9933    16.9948  41.940666  41.944207    16.9917    16.9931    32.4338    32.4357    23.5476    23.5487     6.9090     7.1187    210.942    217.345     2.3101     2.2405     0.1209     1.9970     3.2283     0.1026     0.1050 -122.42068   37.84628      35.53          6  0.000e+00
