WCOA/WCOA-6/CTD_Data/RB2102_CTD_004_01.ros
* Sea-Bird SBE 9 Data File:
* FileName = C:\Users\scs.user.rb\CTD\RB2102\Data\RB2102_CTD_004_01.hex
* Software Version Seasave V 7.26.7.107
* Temperature SN = 6202
* Conductivity SN = 4907
* Number of Bytes Per Scan = 41
* Number of Voltage Words = 4
* Number of Scans Averaged by the Deck Unit = 1
* NMEA Latitude = 52 23.92 N
* NMEA Longitude = 129 03.04 W
* NMEA UTC (Time) = Jun 25 2021  22:46:00
* NMEA baud rate = 4800
# nquan = 30
# nvalues = 343                                   
# units = specified
# name 0 = scan: Scan Count
# name 1 = timeS: Time, Elapsed [seconds]
# name 2 = depSM: Depth [salt water, m]
# name 3 = prDM: Pressure, Digiquartz [db]
# name 4 = t090C: Temperature [ITS-90, deg C]
# name 5 = t190C: Temperature, 2 [ITS-90, deg C]
# name 6 = c0mS/cm: Conductivity [mS/cm]
# name 7 = c1mS/cm: Conductivity, 2 [mS/cm]
# name 8 = potemp090C: Potential Temperature [ITS-90, deg C]
# name 9 = potemp190C: Potential Temperature, 2 [ITS-90, deg C]
# name 10 = sal00: Salinity, Practical [PSU]
# name 11 = sal11: Salinity, Practical, 2 [PSU]
# name 12 = sigma-é00: Density [sigma-theta, kg/m^3]
# name 13 = sigma-é11: Density, 2 [sigma-theta, kg/m^3]
# name 14 = sbeox0Mg/L: Oxygen, SBE 43 [mg/l]
# name 15 = sbeox1Mg/L: Oxygen, SBE 43, 2 [mg/l]
# name 16 = sbox0Mm/Kg: Oxygen, SBE 43 [umol/kg]
# name 17 = sbox1Mm/Kg: Oxygen, SBE 43, 2 [umol/kg]
# name 18 = sbeox0V: Oxygen raw, SBE 43 [V]
# name 19 = sbeox1V: Oxygen raw, SBE 43, 2 [V]
# name 20 = v4: Voltage 4
# name 21 = flECO-AFL: Fluorescence, WET Labs ECO-AFL/FL [mg/m^3]
# name 22 = v3: Voltage 3
# name 23 = v6: Voltage 6
# name 24 = v7: Voltage 7
# name 25 = longitude: Longitude [deg]
# name 26 = latitude: Latitude [deg]
# name 27 = altM: Altimeter [m]
# name 28 = nbf: Bottles Fired
# name 29 = flag:  0.000e+00
# interval = seconds: 0.0416667
# start_time = Jun 25 2021 22:46:00 [NMEA time, header]
# bad_flag = -9.990e-29
*END*
[from data line 97]
      15254    635.542     34.989     35.303     9.5712     9.5599  34.644051  34.639234     9.5674     9.5561    31.8586    31.8637    24.5701    24.5759     8.7393     8.6136    266.556    262.721     2.4432     2.2735     0.0574     0.4097     3.1441     0.9890     0.0000 -129.05126   52.39854      13.53          2  0.000e+00
      18814    783.875     19.610     19.785    11.7121    11.7077  36.051667  36.049581    11.7097    11.7053    31.4098    31.4114    23.8552    23.8573    10.0147     9.8659    305.671    301.128     2.8376     2.6337     0.0989     1.4475     3.1380     1.0232     0.0000 -129.05138   52.39852      29.45          3  0.000e+00
      18815    783.917     19.650     19.825    11.7121    11.7080  36.051539  36.049963    11.7096    11.7056    31.4096    31.4115    23.8551    23.8573    10.0147     9.8658    305.673    301.128     2.8376     2.6337     0.0977     1.4170     3.1380     1.0232     0.0000 -129.05138   52.39852      29.45          3  0.000e+00
      18816    783.958     19.511     19.685    11.7114    11.7090  36.051475  36.051043    11.7090    11.7066    31.4102    31.4118    23.8556    23.8573    10.0199     9.8711    305.829    301.287     2.8388     2.6349     0.0989     1.4475     3.1368     1.0232     0.0000 -129.05138   52.39852      29.45          3  0.000e+00
      18817    784.000     19.603     19.778    11.7119    11.7099  36.051667  36.050980    11.7095    11.7074    31.4099    31.4110    23.8553    23.8565    10.0147     9.8654    305.672    301.114     2.8376     2.6337     0.0989     1.4475     3.1380     1.0232     0.0000 -129.05138   52.39852      29.45          3  0.000e+00
      18818    784.042     19.610     19.785    11.7121    11.7102  36.051539  36.051679    11.7097    11.7078    31.4096    31.4114    23.8551    23.8568    10.0147     9.8710    305.671    301.284     2.8376     2.6349     0.0989     1.4475     3.1368     1.0232     0.0000 -129.05138   52.39852      29.45          3  0.000e+00
      18819    784.083     19.603     19.778    11.7109    11.7112  36.050712  36.051870    11.7085    11.7088    31.4098    31.4107    23.8554    23.8561    10.0149     9.8708    305.678    301.278     2.8376     2.6349     0.0989     1.4475     3.1380     1.0232     0.0000 -129.05138   52.39852      29.45          3  0.000e+00
      18820    784.125     19.557     19.731    11.7101    11.7122  36.049758  36.052633    11.7077    11.7098    31.4096    31.4106    23.8554    23.8558    10.0151     9.8705    305.683    301.270     2.8376     2.6349     0.0989     1.4475     3.1368     1.0232     0.0000 -129.05138   52.39852      29.45          3  0.000e+00
      18821    784.167     19.603     19.778    11.7089    11.7140  36.049313  36.053904    11.7065    11.7116    31.4101    31.4103    23.8561    23.8553    10.0153     9.8702    305.691    301.260     2.8376     2.6349     0.0977     1.4170     3.1380     1.0232     0.0000 -129.05138   52.39852      29.45          3  0.000e+00
      18822    784.208     19.610     19.785    11.7076    11.7155  36.048740  36.054794    11.7052    11.7131    31.4107    31.4099    23.8567    23.8547    10.0156     9.8698    305.699    301.251     2.8376     2.6349     0.0977     1.4170     3.1380     1.0232     0.0000 -129.05138   52.39852      29.45          3  0.000e+00
      18823    784.250     19.603     19.778    11.7078    11.7165  36.049313  36.055366    11.7053    11.7140    31.4111    31.4096    23.8570    23.8543    10.0155     9.8640    305.697    301.072     2.8376     2.6337     0.0989     1.4475     3.1368     1.0232     0.0000 -129.05138   52.39852      29.45          3  0.000e+00
      18824    784.292     19.610     19.785    11.7094    11.7172  36.050076  36.055620    11.7070    11.7148    31.4105    31.4093    23.8562    23.8539    10.0152     9.8695    305.687    301.241     2.8376     2.6349     0.0989     1.4475     3.1380     1.0232     0.0000 -129.05138   52.39852      29.45          3  0.000e+00
      18825    784.333     19.557     19.731    11.7105    11.7176  36.050649  36.056701    11.7081    11.7152    31.4101    31.4099    23.8557    23.8543    10.0149     9.8693    305.678    301.234     2.8376     2.6349     0.0989     1.4475     3.1380     1.0232     0.0000 -129.05138   52.39852      29.45          3  0.000e+00
      18826    784.375     19.610     19.785    11.7111    11.7181  36.050840  36.056828    11.7086    11.7157    31.4098    31.4096    23.8554    23.8540    10.0149     9.8693    305.678    301.233     2.8376     2.6349     0.0989     1.4475     3.1380     1.0244     0.0000 -129.05138   52.39852      29.45          3  0.000e+00
      18827    784.417     19.650     19.825    11.7107    11.7180  36.050076  36.056193    11.7083    11.7156    31.4093    31.4091    23.8551    23.8536    10.0150     9.8694    305.682    301.237     2.8376     2.6349     0.0977     1.4170     3.1380     1.0232     0.0000 -129.05138   52.39852      29.43          3  0.000e+00
      18828    784.458     19.557     19.731    11.7106    11.7180  36.049885  36.056319    11.7081    11.7155    31.4093    31.4093    23.8551    23.8538    10.0098     9.8693    305.521    301.233     2.8364     2.6349     0.0989     1.4475     3.1368     1.0232     0.0000 -129.05138   52.39852      29.43          3  0.000e+00
      18829    784.500     19.650     19.825    11.7099    11.7180  36.049122  36.056320    11.7075    11.7156    31.4091    31.4092    23.8551    23.8537    10.0100     9.8694    305.530    301.236     2.8364     2.6349     0.0989     1.4475     3.1368     1.0232     0.0000 -129.05138   52.39852      29.43          3  0.000e+00
      18830    784.542     19.610     19.785    11.7099    11.7180  36.048931  36.056129    11.7075    11.7155    31.4089    31.4091    23.8550    23.8536    10.0100     9.8693    305.528    301.236     2.8364     2.6349     0.0989     1.4475     3.1392     1.0232     0.0000 -129.05138   52.39852      29.43          3  0.000e+00
      18831    784.583     19.610     19.785    11.7098    11.7176  36.048422  36.056129    11.7073    11.7152    31.4086    31.4094    23.8547    23.8539    10.0101     9.8694    305.530    301.237     2.8364     2.6349     0.0989     1.4475     3.1368     1.0232     0.0000 -129.05138   52.39852      29.43          3  0.000e+00
      18832    784.625     19.603     19.778    11.7096    11.7170  36.048295  36.056002    11.7072    11.7146    31.4086    31.4098    23.8547    23.8543    10.0101     9.8639    305.531    301.068     2.8364     2.6337     0.0989     1.4475     3.1380     1.0232     0.0000 -129.05138   52.39852      29.43          3  0.000e+00
      18833    784.667     19.610     19.785    11.7094    11.7173  36.048740  36.055620    11.7070    11.7149    31.4092    31.4091    23.8552    23.8538    10.0101     9.8638    305.531    301.067     2.8364     2.6337     0.0989     1.4475     3.1380     1.0232     0.0000 -129.05138   52.39852      29.40          3  0.000e+00
      18834    784.708     19.650     19.825    11.7094    11.7172  36.049631  36.055875    11.7070    11.7148    31.4100    31.4095    23.8559    23.8541    10.0101     9.8639    305.531    301.069     2.8364     2.6337     0.0977     1.4170     3.1380     1.0232     0.0000 -129.05138   52.39852      29.40          3  0.000e+00
      18835    784.750     19.610     19.785    11.7096    11.7173  36.050076  36.055811    11.7072    11.7149    31.4103    31.4093    23.8561    23.8539    10.0048     9.8638    305.369    301.067     2.8352     2.6337     0.0989     1.4475     3.1368     1.0232     0.0000 -129.05138   52.39852      29.40          3  0.000e+00
      18836    784.792     19.650     19.825    11.7099    11.7173  36.050649  36.056002    11.7075    11.7149    31.4106    31.4095    23.8562    23.8540    10.0047     9.8639    305.368    301.068     2.8352     2.6337     0.0977     1.4170     3.1380     1.0232     0.0000 -129.05136   52.39852      29.40          3  0.000e+00
      18837    784.833     19.610     19.785    11.7112    11.7177  36.051985  36.055747    11.7088    11.7153    31.4108    31.4090    23.8561    23.8536    10.0096     9.8638    305.516    301.065     2.8364     2.6337     0.0989     1.4475     3.1368     1.0232     0.0000 -129.05136   52.39852      29.45          3  0.000e+00
      18838    784.875     19.650     19.825    11.7127    11.7188  36.052430  36.056256    11.7103    11.7164    31.4099    31.4085    23.8552    23.8530    10.0042     9.8636    305.350    301.060     2.8352     2.6337     0.0989     1.4475     3.1368     1.0232     0.0000 -129.05136   52.39852      29.50          3  0.000e+00
      18839    784.917     19.610     19.785    11.7131    11.7190  36.052875  36.056637    11.7106    11.7166    31.4101    31.4087    23.8553    23.8531    10.0040     9.8635    305.346    301.057     2.8352     2.6337     0.0989     1.4475     3.1380     1.0232     0.0000 -129.05136   52.39852      29.50          3  0.000e+00
      18840    784.958     19.650     19.825    11.7131    11.7191  36.052557  36.056892    11.7106    11.7167    31.4098    31.4088    23.8550    23.8532    10.0093     9.8635    305.507    301.057     2.8364     2.6337     0.0989     1.4475     3.1368     1.0232     0.0000 -129.05136   52.39852      29.50          3  0.000e+00
      18841    785.000     19.656     19.831    11.7135    11.7191  36.052875  36.057273    11.7110    11.7167    31.4097    31.4092    23.8549    23.8535    10.0092     9.8635    305.505    301.057     2.8364     2.6337     0.0989     1.4475     3.1368     1.0232     0.0000 -129.05136   52.39852      29.50          3  0.000e+00
      18842    785.042     19.650     19.825    11.7144    11.7192  36.053257  36.057273    11.7120    11.7167    31.4093    31.4092    23.8544    23.8534    10.0038     9.8635    305.340    301.056     2.8352     2.6337     0.0989     1.4475     3.1380     1.0232     0.0000 -129.05136   52.39852      29.52          3  0.000e+00
      18843    785.083     19.656     19.831    11.7149    11.7188  36.053575  36.056892    11.7125    11.7164    31.4092    31.4091    23.8543    23.8535    10.0089     9.8636    305.496    301.059     2.8364     2.6337     0.0989     1.4475     3.1380     1.0232     0.0000 -129.05136   52.39852      29.35          3  0.000e+00
      18844    785.125     19.650     19.825    11.7150    11.7187  36.053448  36.056765    11.7126    11.7163    31.4090    31.4091    23.8540    23.8535    10.0089     9.8636    305.496    301.060     2.8364     2.6337     0.0989     1.4475     3.1368     1.0232     0.0000 -129.05136   52.39852      29.23          3  0.000e+00
      18845    785.167     19.656     19.831    11.7147    11.7185  36.053384  36.056193    11.7123    11.7160    31.4092    31.4087    23.8543    23.8532    10.0090     9.8637    305.498    301.062     2.8364     2.6337     0.0989     1.4475     3.1368     1.0232     0.0000 -129.05136   52.39852      29.21          3  0.000e+00
      18846    785.208     19.650     19.825    11.7145    11.7170  36.053575  36.055811    11.7121    11.7146    31.4095    31.4096    23.8546    23.8542    10.0090     9.8583    305.498    300.898     2.8364     2.6325     0.0989     1.4475     3.1380     1.0232     0.0000 -129.05136   52.39852      29.23          3  0.000e+00
      18847    785.250     19.656     19.831    11.7144    11.7147  36.053448  36.054731    11.7120    11.7122    31.4095    31.4105    23.8546    23.8553    10.0090     9.8587    305.499    300.912     2.8364     2.6325     0.0989     1.4475     3.1368     1.0232     0.0000 -129.05136   52.39852      29.23          3  0.000e+00
      18848    785.292     19.650     19.825    11.7139    11.7130  36.052621  36.054031    11.7114    11.7106    31.4092    31.4113    23.8544    23.8562    10.0092     9.8591    305.503    300.921     2.8364     2.6325     0.0989     1.4475     3.1380     1.0232     0.0000 -129.05136   52.39852      29.23          3  0.000e+00
      18849    785.333     19.656     19.831    11.7134    11.7120  36.051667  36.053650    11.7109    11.7096    31.4086    31.4117    23.8541    23.8567    10.0041     9.8593    305.349    300.927     2.8352     2.6325     0.1001     1.4781     3.1368     1.0232     0.0000 -129.05136   52.39852      29.33          3  0.000e+00
      18850    785.375     19.650     19.825    11.7131    11.7114  36.051476  36.053014    11.7106    11.7089    31.4087    31.4116    23.8542    23.8568    10.0094     9.8594    305.509    300.932     2.8364     2.6325     0.1001     1.4781     3.1380     1.0232     0.0000 -129.05136   52.39852      29.43          3  0.000e+00
      18851    785.417     19.656     19.831    11.7127    11.7114  36.051921  36.053142    11.7103    11.7089    31.4095    31.4118    23.8548    23.8569    10.0094     9.8594    305.510    300.932     2.8364     2.6325     0.1013     1.5086     3.1380     1.0232     0.0000 -129.05136   52.39852      29.43          3  0.000e+00
      18852    785.458     19.702     19.878    11.7129    11.7125  36.051858  36.053396    11.7104    11.7101    31.4092    31.4110    23.8546    23.8561    10.0094     9.8593    305.512    300.927     2.8364     2.6325     0.1013     1.5086     3.1380     1.0232     0.0000 -129.05136   52.39852      29.43          3  0.000e+00
      18853    785.500     19.650     19.825    11.7134    11.7143  36.051985  36.054031    11.7109    11.7119    31.4090    31.4101    23.8543    23.8550    10.0041     9.8588    305.348    300.915     2.8352     2.6325     0.1013     1.5086     3.1368     1.0232     0.0000 -129.05136   52.39852      29.43          3  0.000e+00
      18854    785.542     19.702     19.878    11.7131    11.7152  36.052112  36.054922    11.7106    11.7127    31.4093    31.4103    23.8547    23.8550    10.0042     9.8587    305.351    300.911     2.8352     2.6325     0.1013     1.5086     3.1368     1.0232     0.0000 -129.05136   52.39852      29.43          3  0.000e+00
      18855    785.583     19.650     19.825    11.7133    11.7147  36.052303  36.054794    11.7109    11.7122    31.4093    31.4106    23.8546    23.8554    10.0041     9.8587    305.348    300.911     2.8352     2.6325     0.1013     1.5086     3.1368     1.0232     0.0000 -129.05136   52.39852      29.43          3  0.000e+00
      18856    785.625     19.656     19.831    11.7131    11.7142  36.052430  36.055049    11.7106    11.7118    31.4096    31.4112    23.8549    23.8559    10.0041     9.8588    305.349    300.913     2.8352     2.6325     0.1013     1.5086     3.1392     1.0232     0.0000 -129.05136   52.39852      29.43          3  0.000e+00
      18857    785.667     19.702     19.878    11.7132    11.7142  36.052430  36.054604    11.7108    11.7117    31.4095    31.4108    23.8548    23.8556    10.0041     9.8589    305.350    300.916     2.8352     2.6325     0.1013     1.5086     3.1368     1.0232     0.0000 -129.05136   52.39852      29.43          3  0.000e+00
      18858    785.708     19.656     19.831    11.7132    11.7137  36.052621  36.054985    11.7108    11.7113    31.4097    31.4116    23.8549    23.8563    10.0093     9.8589    305.506    300.916     2.8364     2.6325     0.1013     1.5086     3.1392     1.0232     0.0000 -129.05136   52.39852      29.43          3  0.000e+00
      18859    785.750     19.702     19.878    11.7134    11.7135  36.052494  36.054667    11.7109    11.7110    31.4094    31.4114    23.8547    23.8562    10.0093     9.8590    305.508    300.920     2.8364     2.6325     0.1013     1.5086     3.1380     1.0232     0.0000 -129.05136   52.39852      29.43          3  0.000e+00
      18860    785.792     19.656     19.831    11.7132    11.7129  36.052621  36.054159    11.7108    11.7104    31.4097    31.4115    23.8549    23.8564    10.0093     9.8591    305.506    300.922     2.8364     2.6325     0.1001     1.4781     3.1380     1.0232     0.0000 -129.05138   52.39852      29.45          3  0.000e+00
