WCOA/WCOA-6/CTD_Data/RB2102_CTD_087_01.ros
* Sea-Bird SBE 9 Data File:
* FileName = C:\Users\scs.user.rb\CTD\RB2102\Data\RB2102_CTD_087_01.hex
* Software Version Seasave V 7.26.7.107
* Temperature SN = 6202
* Conductivity SN = 4907
* Number of Bytes Per Scan = 41
* Number of Voltage Words = 4
* Number of Scans Averaged by the Deck Unit = 1
* NMEA Latitude = 37 50.81 N
* NMEA Longitude = 122 25.26 W
* NMEA UTC (Time) = Jul 12 2021  17:06:40
* NMEA baud rate = 4800
# nquan = 30
# nvalues = 513                                   
# units = specified
# name 0 = scan: Scan Count
# name 1 = timeS: Time, Elapsed [seconds]
# name 2 = depSM: Depth [salt water, m]
# name 3 = prDM: Pressure, Digiquartz [db]
# name 4 = t090C: Temperature [ITS-90, deg C]
# name 5 = t190C: Temperature, 2 [ITS-90, deg C]
# name 6 = c0mS/cm: Conductivity [mS/cm]
# name 7 = c1mS/cm: Conductivity, 2 [mS/cm]
# name 8 = potemp090C: Potential Temperature [ITS-90, deg C]
# name 9 = potemp190C: Potential Temperature, 2 [ITS-90, deg C]
# name 10 = sal00: Salinity, Practical [PSU]
# name 11 = sal11: Salinity, Practical, 2 [PSU]
# name 12 = sigma-é00: Density [sigma-theta, kg/m^3]
# name 13 = sigma-é11: Density, 2 [sigma-theta, kg/m^3]
# name 14 = sbeox0Mg/L: Oxygen, SBE 43 [mg/l]
# name 15 = sbeox1Mg/L: Oxygen, SBE 43, 2 [mg/l]
# name 16 = sbox0Mm/Kg: Oxygen, SBE 43 [umol/kg]
# name 17 = sbox1Mm/Kg: Oxygen, SBE 43, 2 [umol/kg]
# name 18 = sbeox0V: Oxygen raw, SBE 43 [V]
# name 19 = sbeox1V: Oxygen raw, SBE 43, 2 [V]
# name 20 = v4: Voltage 4
# name 21 = flECO-AFL: Fluorescence, WET Labs ECO-AFL/FL [mg/m^3]
# name 22 = v3: Voltage 3
# name 23 = v6: Voltage 6
# name 24 = v7: Voltage 7
# name 25 = longitude: Longitude [deg]
# name 26 = latitude: Latitude [deg]
# name 27 = altM: Altimeter [m]
# name 28 = nbf: Bottles Fired
# name 29 = flag:  0.000e+00
# interval = seconds: 0.0416667
# start_time = Jul 12 2021 17:06:40 [NMEA time, header]
# bad_flag = -9.990e-29
*END*
[from data line 194]
      20260    844.125     20.026     20.178    16.5873    16.5898  41.801612  41.805085    16.5841    16.5866    32.6386    32.6395    23.7991    23.7992     6.9039     7.1130    210.733    217.119     2.2943     2.2247     0.1245     2.0886     3.2320     0.0305     0.1050 -122.42072   37.84626      25.08          4  0.000e+00
      20261    844.167     19.979     20.131    16.5877    16.5917  41.802287  41.805625    16.5845    16.5885    32.6388    32.6385    23.7992    23.7980     6.9037     7.1178    210.730    217.265     2.2943     2.2259     0.1245     2.0886     3.2320     0.0305     0.1062 -122.42072   37.84626      25.08          4  0.000e+00
      22542    939.208     14.830     14.942    16.6949    16.7026  41.816023  41.804239    16.6925    16.7002    32.5654    32.5490    23.7179    23.7035     6.8831     7.0907    210.118    216.457     2.2930     2.2234     0.1306     2.2412     3.2308     0.0354     0.1050 -122.42064   37.84624      30.55          5  0.000e+00
      22543    939.250     14.870     14.982    16.6944    16.7029  41.815888  41.804172    16.6920    16.7005    32.5657    32.5486    23.7182    23.7032     6.8832     7.1008    210.120    216.765     2.2930     2.2259     0.1319     2.2717     3.2295     0.0354     0.1050 -122.42064   37.84624      30.55          5  0.000e+00
      22544    939.292     14.916     15.029    16.6948    16.7031  41.814201  41.804914    16.6924    16.7007    32.5639    32.5491    23.7168    23.7035     6.8833     7.0957    210.123    216.611     2.2930     2.2247     0.1319     2.2717     3.2295     0.0354     0.1050 -122.42064   37.84624      30.55          5  0.000e+00
      22545    939.333     14.830     14.942    16.6948    16.7027  41.813255  41.805589    16.6925    16.7003    32.5631    32.5500    23.7161    23.7043     6.8832     7.0906    210.121    216.455     2.2930     2.2234     0.1319     2.2717     3.2308     0.0354     0.1050 -122.42064   37.84624      30.55          5  0.000e+00
      22546    939.375     14.870     14.982    16.6949    16.7026  41.812445  41.805994    16.6925    16.7002    32.5623    32.5505    23.7155    23.7047     6.8833     7.1008    210.123    216.763     2.2930     2.2259     0.1306     2.2412     3.2295     0.0354     0.1050 -122.42064   37.84624      30.57          5  0.000e+00
      22547    939.417     14.870     14.982    16.6944    16.7020  41.812783  41.807141    16.6920    16.6996    32.5630    32.5519    23.7162    23.7059     6.8833     7.0907    210.124    216.456     2.2930     2.2234     0.1306     2.2412     3.2295     0.0354     0.1050 -122.42064   37.84624      30.55          5  0.000e+00
      22548    939.458     14.876     14.989    16.6946    16.7013  41.813053  41.809367    16.6922    16.6989    32.5631    32.5544    23.7162    23.7080     6.8833     7.0907    210.123    216.456     2.2930     2.2234     0.1319     2.2717     3.2295     0.0354     0.1050 -122.42064   37.84624      30.55          5  0.000e+00
      22549    939.500     14.823     14.935    16.6936    16.7002  41.813255  41.810582    16.6912    16.6978    32.5641    32.5564    23.7172    23.7098     6.8834     7.0958    210.125    216.610     2.2930     2.2247     0.1319     2.2717     3.2295     0.0354     0.1050 -122.42064   37.84624      30.50          5  0.000e+00
      22550    939.542     14.876     14.989    16.6920    16.6993  41.812513  41.810515    16.6896    16.6969    32.5647    32.5570    23.7180    23.7105     6.8836     7.0909    210.132    216.461     2.2930     2.2234     0.1319     2.2717     3.2295     0.0354     0.1050 -122.42064   37.84624      30.50          5  0.000e+00
      22551    939.583     14.823     14.935    16.6903    16.6989  41.810420  41.810650    16.6879    16.6966    32.5643    32.5575    23.7181    23.7109     6.8838     7.0909    210.138    216.460     2.2930     2.2234     0.1319     2.2717     3.2295     0.0354     0.1050 -122.42064   37.84624      30.48          5  0.000e+00
      22552    939.625     14.870     14.982    16.6874    16.6986  41.808126  41.810987    16.6850    16.6962    32.5646    32.5580    23.7190    23.7114     6.8842     7.1010    210.150    216.770     2.2930     2.2259     0.1319     2.2717     3.2308     0.0354     0.1050 -122.42064   37.84624      30.50          5  0.000e+00
      22553    939.667     14.876     14.989    16.6852    16.6981  41.806776  41.811392    16.6828    16.6957    32.5652    32.5588    23.7200    23.7121     6.8892     7.0960    210.301    216.617     2.2943     2.2247     0.1319     2.2717     3.2295     0.0354     0.1050 -122.42064   37.84624      30.53          5  0.000e+00
      22554    939.708     14.823     14.935    16.6847    16.6979  41.807113  41.811324    16.6823    16.6955    32.5660    32.5589    23.7207    23.7123     6.8891     7.0910    210.300    216.463     2.2943     2.2234     0.1306     2.2412     3.2308     0.0354     0.1050 -122.42064   37.84624      30.74          5  0.000e+00
      22555    939.750     14.870     14.982    16.6854    16.6976  41.807181  41.811460    16.6830    16.6952    32.5654    32.5592    23.7201    23.7126     6.8891     7.0910    210.300    216.465     2.2943     2.2234     0.1306     2.2412     3.2308     0.0354     0.1050 -122.42064   37.84624      30.87          5  0.000e+00
      22556    939.792     14.830     14.942    16.6866    16.6976  41.807451  41.810920    16.6842    16.6952    32.5647    32.5588    23.7193    23.7123     6.8890     7.0961    210.295    216.618     2.2943     2.2247     0.1319     2.2717     3.2308     0.0354     0.1062 -122.42064   37.84624      30.87          5  0.000e+00
      22557    939.833     14.869     14.982    16.6867    16.6977  41.807383  41.810987    16.6843    16.6953    32.5645    32.5587    23.7191    23.7122     6.8890     7.0961    210.295    216.619     2.2943     2.2247     0.1306     2.2412     3.2308     0.0354     0.1050 -122.42064   37.84624      30.84          5  0.000e+00
      22558    939.875     14.830     14.942    16.6864    16.6976  41.807991  41.810582    16.6840    16.6952    32.5653    32.5585    23.7198    23.7120     6.8936     7.0910    210.437    216.465     2.2955     2.2234     0.1319     2.2717     3.2295     0.0354     0.1050 -122.42064   37.84624      30.84          5  0.000e+00
      22559    939.917     14.869     14.982    16.6861    16.6974  41.808261  41.810650    16.6837    16.6950    32.5658    32.5587    23.7203    23.7122     6.8937     7.0911    210.438    216.467     2.2955     2.2234     0.1319     2.2717     3.2295     0.0354     0.1050 -122.42064   37.84624      30.74          5  0.000e+00
      22560    939.958     14.823     14.935    16.6842    16.6971  41.806168  41.810515    16.6818    16.6947    32.5655    32.5588    23.7205    23.7124     6.8939     7.0911    210.445    216.467     2.2955     2.2234     0.1319     2.2717     3.2308     0.0354     0.1050 -122.42064   37.84624      30.65          5  0.000e+00
      22561    940.000     14.876     14.989    16.6823    16.6972  41.804076  41.810920    16.6799    16.6948    32.5652    32.5591    23.7207    23.7125     6.8942     7.1012    210.455    216.774     2.2955     2.2259     0.1343     2.3328     3.2308     0.0354     0.1050 -122.42064   37.84624      30.62          5  0.000e+00
      22562    940.042     14.823     14.935    16.6804    16.6962  41.802456  41.810852    16.6781    16.6938    32.5654    32.5599    23.7212    23.7134     6.8991     7.0962    210.603    216.623     2.2967     2.2247     0.1355     2.3633     3.2295     0.0354     0.1062 -122.42064   37.84624      30.65          5  0.000e+00
      22563    940.083     14.869     14.982    16.6793    16.6957  41.801984  41.810785    16.6769    16.6933    32.5659    32.5602    23.7219    23.7138     6.8992     7.0913    210.608    216.472     2.2967     2.2234     0.1355     2.3633     3.2295     0.0354     0.1050 -122.42064   37.84624      30.65          5  0.000e+00
      22564    940.125     14.830     14.942    16.6784    16.6952  41.800971  41.810920    16.6760    16.6928    32.5657    32.5608    23.7220    23.7143     6.8993     7.0913    210.611    216.472     2.2967     2.2234     0.1343     2.3328     3.2295     0.0342     0.1050 -122.42064   37.84624      30.65          5  0.000e+00
      22565    940.167     14.823     14.935    16.6775    16.6947  41.800431  41.811055    16.6752    16.6923    32.5660    32.5613    23.7224    23.7148     6.8994     7.1014    210.614    216.781     2.2967     2.2259     0.1343     2.3328     3.2295     0.0354     0.1050 -122.42064   37.84624      30.55          5  0.000e+00
      22566    940.208     14.830     14.942    16.6774    16.6945  41.800499  41.811392    16.6750    16.6921    32.5662    32.5617    23.7226    23.7152     6.8994     7.0964    210.614    216.628     2.2967     2.2247     0.1355     2.3633     3.2308     0.0354     0.1050 -122.42064   37.84624      30.48          5  0.000e+00
      22567    940.250     14.869     14.982    16.6770    16.6934  41.799824  41.811730    16.6747    16.6910    32.5658    32.5629    23.7224    23.7163     6.8995     7.0965    210.617    216.632     2.2967     2.2247     0.1343     2.3328     3.2308     0.0354     0.1062 -122.42064   37.84624      30.48          5  0.000e+00
      22568    940.292     14.823     14.935    16.6775    16.6931  41.800431  41.811865    16.6752    16.6907    32.5660    32.5633    23.7224    23.7167     6.8994     7.1016    210.614    216.785     2.2967     2.2259     0.1355     2.3633     3.2283     0.0354     0.1062 -122.42064   37.84624      30.48          5  0.000e+00
      22569    940.333     14.830     14.942    16.6779    16.6926  41.801646  41.812067    16.6755    16.6902    32.5667    32.5638    23.7229    23.7173     6.8994     7.0915    210.611    216.479     2.2967     2.2234     0.1343     2.3328     3.2308     0.0354     0.1062 -122.42064   37.84624      30.48          5  0.000e+00
      22570    940.375     14.869     14.982    16.6784    16.6918  41.801241  41.811933    16.6760    16.6894    32.5659    32.5644    23.7222    23.7179     6.8994     7.1017    210.612    216.791     2.2967     2.2259     0.1343     2.3328     3.2308     0.0354     0.1062 -122.42064   37.84624      30.48          5  0.000e+00
      22571    940.417     14.823     14.935    16.6787    16.6920  41.801309  41.811595    16.6764    16.6896    32.5658    32.5640    23.7219    23.7175     6.8993     7.0967    210.609    216.635     2.2967     2.2247     0.1343     2.3328     3.2295     0.0354     0.1062 -122.42064   37.84624      30.50          5  0.000e+00
      22572    940.458     14.830     14.942    16.6784    16.6921  41.801106  41.811528    16.6760    16.6897    32.5658    32.5638    23.7221    23.7173     6.8993     7.1017    210.611    216.789     2.2967     2.2259     0.1355     2.3633     3.2295     0.0354     0.1062 -122.42064   37.84624      30.53          5  0.000e+00
      22573    940.500     14.869     14.982    16.6782    16.6915  41.800094  41.810718    16.6759    16.6892    32.5651    32.5635    23.7215    23.7173     6.8994     7.0968    210.614    216.639     2.2967     2.2247     0.1343     2.3328     3.2308     0.0354     0.1062 -122.42064   37.84624      30.53          5  0.000e+00
      22574    940.542     14.777     14.888    16.6779    16.6905  41.799621  41.809436    16.6755    16.6882    32.5650    32.5633    23.7215    23.7173     6.8994     7.1019    210.613    216.795     2.2967     2.2259     0.1355     2.3633     3.2295     0.0354     0.1062 -122.42064   37.84624      30.53          5  0.000e+00
      22575    940.583     14.869     14.982    16.6777    16.6900  41.800161  41.808762    16.6753    16.6876    32.5656    32.5630    23.7220    23.7172     6.8995     7.1021    210.615    216.800     2.2967     2.2259     0.1355     2.3633     3.2295     0.0354     0.1062 -122.42064   37.84624      30.53          5  0.000e+00
      22576    940.625     14.823     14.935    16.6775    16.6890  41.800971  41.808087    16.6752    16.6866    32.5664    32.5633    23.7227    23.7177     6.8994     7.1022    210.613    216.803     2.2967     2.2259     0.1343     2.3328     3.2295     0.0354     0.1062 -122.42064   37.84624      30.53          5  0.000e+00
      22577    940.667     14.830     14.942    16.6774    16.6872  41.800836  41.806805    16.6750    16.6848    32.5664    32.5636    23.7228    23.7184     6.8994     7.1024    210.614    216.811     2.2967     2.2259     0.1343     2.3328     3.2295     0.0354     0.1062 -122.42064   37.84624      30.65          5  0.000e+00
      22578    940.708     14.823     14.935    16.6770    16.6864  41.800094  41.806738    16.6747    16.6840    32.5661    32.5642    23.7226    23.7190     6.8995     7.1025    210.616    216.813     2.2967     2.2259     0.1343     2.3328     3.2295     0.0354     0.1062 -122.42064   37.84624      30.79          5  0.000e+00
      22579    940.750     14.869     14.982    16.6769    16.6864  41.799824  41.806266    16.6745    16.6840    32.5660    32.5638    23.7225    23.7187     6.8996     7.1026    210.618    216.815     2.2967     2.2259     0.1355     2.3633     3.2295     0.0354     0.1062 -122.42064   37.84624      30.84          5  0.000e+00
      22580    940.792     14.830     14.942    16.6769    16.6856  41.799621  41.806131    16.6745    16.6832    32.5658    32.5644    23.7224    23.7193     6.8949     7.1026    210.475    216.817     2.2955     2.2259     0.1355     2.3633     3.2283     0.0354     0.1062 -122.42064   37.84624      30.82          5  0.000e+00
      22581    940.833     14.770     14.882    16.6767    16.6845  41.799351  41.805321    16.6743    16.6822    32.5657    32.5646    23.7224    23.7197     6.8995     7.1077    210.616    216.974     2.2967     2.2271     0.1343     2.3328     3.2308     0.0354     0.1062 -122.42064   37.84624      30.82          5  0.000e+00
      22582    940.875     14.830     14.942    16.6765    16.6834  41.798879  41.804782    16.6742    16.6810    32.5654    32.5650    23.7222    23.7203     6.8949     7.1079    210.477    216.980     2.2955     2.2271     0.1355     2.3633     3.2283     0.0354     0.1062 -122.42064   37.84624      30.82          5  0.000e+00
      22583    940.917     14.869     14.982    16.6758    16.6823  41.797192  41.804715    16.6735    16.6799    32.5645    32.5658    23.7216    23.7212     6.8951     7.1081    210.482    216.984     2.2955     2.2271     0.1355     2.3633     3.2308     0.0354     0.1062 -122.42064   37.84624      30.74          5  0.000e+00
      22584    940.958     14.823     14.935    16.6748    16.6823  41.795302  41.804242    16.6724    16.6799    32.5637    32.5654    23.7213    23.7208     6.8952     7.1081    210.486    216.984     2.2955     2.2271     0.1355     2.3633     3.2308     0.0354     0.1062 -122.42064   37.84624      30.62          5  0.000e+00
      22585    941.000     14.830     14.942    16.6745    16.6818  41.794627  41.804242    16.6721    16.6794    32.5634    32.5658    23.7211    23.7213     6.8953     7.1081    210.488    216.985     2.2955     2.2271     0.1343     2.3328     3.2295     0.0354     0.1074 -122.42064   37.84624      30.60          5  0.000e+00
      22586    941.042     14.823     14.935    16.6745    16.6811  41.794964  41.803500    16.6721    16.6787    32.5637    32.5658    23.7213    23.7214     6.8953     7.1082    210.488    216.989     2.2955     2.2271     0.1355     2.3633     3.2283     0.0354     0.1062 -122.42064   37.84624      30.60          5  0.000e+00
