WCOA/WCOA-6/CTD_Data/RB2102_CTD_115_01.ros
* Sea-Bird SBE 9 Data File:
* FileName = C:\Users\scs.user.rb\CTD\RB2102\Data\RB2102_CTD_115_01.hex
* Software Version Seasave V 7.26.7.107
* Temperature SN = 6202
* Conductivity SN = 4907
* Number of Bytes Per Scan = 41
* Number of Voltage Words = 4
* Number of Scans Averaged by the Deck Unit = 1
* NMEA Latitude = 34 22.52 N
* NMEA Longitude = 120 39.75 W
* NMEA UTC (Time) = Jul 18 2021  12:38:36
* NMEA baud rate = 4800
# nquan = 30
# nvalues = 882                                   
# units = specified
# name 0 = scan: Scan Count
# name 1 = timeS: Time, Elapsed [seconds]
# name 2 = depSM: Depth [salt water, m]
# name 3 = prDM: Pressure, Digiquartz [db]
# name 4 = t090C: Temperature [ITS-90, deg C]
# name 5 = t190C: Temperature, 2 [ITS-90, deg C]
# name 6 = c0mS/cm: Conductivity [mS/cm]
# name 7 = c1mS/cm: Conductivity, 2 [mS/cm]
# name 8 = potemp090C: Potential Temperature [ITS-90, deg C]
# name 9 = potemp190C: Potential Temperature, 2 [ITS-90, deg C]
# name 10 = sal00: Salinity, Practical [PSU]
# name 11 = sal11: Salinity, Practical, 2 [PSU]
# name 12 = sigma-é00: Density [sigma-theta, kg/m^3]
# name 13 = sigma-é11: Density, 2 [sigma-theta, kg/m^3]
# name 14 = sbeox0Mg/L: Oxygen, SBE 43 [mg/l]
# name 15 = sbeox1Mg/L: Oxygen, SBE 43, 2 [mg/l]
# name 16 = sbox0Mm/Kg: Oxygen, SBE 43 [umol/kg]
# name 17 = sbox1Mm/Kg: Oxygen, SBE 43, 2 [umol/kg]
# name 18 = sbeox0V: Oxygen raw, SBE 43 [V]
# name 19 = sbeox1V: Oxygen raw, SBE 43, 2 [V]
# name 20 = v4: Voltage 4
# name 21 = flECO-AFL: Fluorescence, WET Labs ECO-AFL/FL [mg/m^3]
# name 22 = v3: Voltage 3
# name 23 = v6: Voltage 6
# name 24 = v7: Voltage 7
# name 25 = longitude: Longitude [deg]
# name 26 = latitude: Latitude [deg]
# name 27 = altM: Altimeter [m]
# name 28 = nbf: Bottles Fired
# name 29 = flag:  0.000e+00
# interval = seconds: 0.0416667
# start_time = Jul 18 2021 12:38:36 [NMEA time, header]
# bad_flag = -9.990e-29
*END*
[from data line 581]
      67367   2806.917     49.892     50.259    11.4779    11.4851  38.154268  38.160890    11.4717    11.4789    33.6536    33.6535    25.6417    25.6403     5.4713     5.2234    166.705    159.153     1.7778     1.6374     0.0659     0.6234     3.1917     0.0000     0.0000 -120.66322   34.37526      99.37         12  0.000e+00
      67368   2806.958     49.892     50.259    11.4777    11.4847  38.153683  38.160760    11.4715    11.4785    33.6532    33.6537    25.6414    25.6406     5.4713     5.2234    166.706    159.154     1.7778     1.6374     0.0659     0.6234     3.1917     0.0000     0.0000 -120.66322   34.37526      99.37         12  0.000e+00
      67369   2807.000     49.919     50.285    11.4775    11.4843  38.153358  38.160760    11.4712    11.4780    33.6530    33.6542    25.6414    25.6410     5.4714     5.2235    166.708    159.156     1.7778     1.6374     0.0659     0.6234     3.1917     0.0000     0.0000 -120.66322   34.37526      99.37         12  0.000e+00
      67370   2807.042     49.839     50.205    11.4777    11.4843  38.153227  38.160499    11.4715    11.4780    33.6527    33.6539    25.6411    25.6408     5.4713     5.2235    166.706    159.155     1.7778     1.6374     0.0659     0.6234     3.1917     0.0000     0.0000 -120.66322   34.37526      99.37         12  0.000e+00
      67371   2807.083     49.892     50.259    11.4774    11.4843  38.153227  38.160825    11.4712    11.4781    33.6530    33.6542    25.6414    25.6410     5.4714     5.2235    166.708    159.155     1.7778     1.6374     0.0659     0.6234     3.1917     0.0000     0.0000 -120.66322   34.37526      99.37         12  0.000e+00
      67372   2807.125     49.839     50.205    11.4770    11.4843  38.152902  38.160304    11.4708    11.4780    33.6530    33.6537    25.6414    25.6407     5.4714     5.2235    166.708    159.155     1.7778     1.6374     0.0659     0.6234     3.1917     0.0000     0.0000 -120.66322   34.37526      99.37         12  0.000e+00
      67373   2807.167     49.892     50.259    11.4769    11.4844  38.152577  38.159849    11.4707    11.4782    33.6528    33.6531    25.6413    25.6401     5.4714     5.2235    166.710    159.156     1.7778     1.6374     0.0659     0.6234     3.1917     0.0000     0.0000 -120.66322   34.37526      99.37         12  0.000e+00
      69868   2911.125     39.697     39.987    11.5611    11.5586  38.206484  38.201562    11.5561    11.5537    33.6337    33.6310    25.6107    25.6091     5.4961     5.2479    167.468    159.903     1.7875     1.6459     0.0586     0.4402     3.1917     0.0000     0.0000 -120.66326   34.37526      99.37         13  0.000e+00
      69869   2911.167     39.743     40.034    11.5609    11.5582  38.206159  38.201562    11.5559    11.5532    33.6334    33.6314    25.6106    25.6095     5.4962     5.2423    167.470    159.734     1.7875     1.6447     0.0586     0.4402     3.1917     0.0000     0.0000 -120.66326   34.37526      99.37         13  0.000e+00
      69870   2911.208     39.743     40.034    11.5611    11.5578  38.206159  38.200976    11.5561    11.5528    33.6333    33.6312    25.6104    25.6094     5.5013     5.2424    167.627    159.736     1.7888     1.6447     0.0586     0.4402     3.1905     0.0000     0.0000 -120.66326   34.37526      99.37         13  0.000e+00
      69871   2911.250     39.644     39.934    11.5609    11.5575  38.206614  38.200846    11.5559    11.5525    33.6339    33.6314    25.6109    25.6096     5.5013     5.2480    167.624    159.906     1.7888     1.6459     0.0586     0.4402     3.1929     0.0000     0.0000 -120.66326   34.37526      99.37         13  0.000e+00
      69872   2911.292     39.743     40.034    11.5612    11.5568  38.206549  38.200521    11.5562    11.5518    33.6335    33.6317    25.6106    25.6099     5.5013     5.2481    167.626    159.910     1.7888     1.6459     0.0586     0.4402     3.1917     0.0000     0.0000 -120.66326   34.37526      99.37         13  0.000e+00
      69873   2911.333     39.743     40.034    11.5611    11.5563  38.206679  38.200456    11.5561    11.5513    33.6338    33.6320    25.6108    25.6103     5.5013     5.2425    167.626    159.740     1.7888     1.6447     0.0586     0.4402     3.1905     0.0000     0.0000 -120.66326   34.37526      99.37         13  0.000e+00
      69874   2911.375     39.704     39.994    11.5611    11.5563  38.206354  38.200261    11.5561    11.5513    33.6335    33.6319    25.6106    25.6102     5.5013     5.2425    167.625    159.740     1.7888     1.6447     0.0598     0.4707     3.1905     0.0000     0.0000 -120.66326   34.37526      99.37         13  0.000e+00
      69875   2911.417     39.743     40.034    11.5608    11.5560  38.206354  38.200196    11.5558    11.5510    33.6337    33.6321    25.6108    25.6104     5.5014     5.2426    167.627    159.741     1.7888     1.6447     0.0598     0.4707     3.1929     0.0000     0.0000 -120.66326   34.37526      99.37         13  0.000e+00
      69876   2911.458     39.790     40.081    11.5604    11.5560  38.206224  38.200651    11.5554    11.5510    33.6339    33.6325    25.6110    25.6107     5.5014     5.2426    167.629    159.742     1.7888     1.6447     0.0586     0.4402     3.1917     0.0000     0.0000 -120.66326   34.37526      99.37         13  0.000e+00
      69877   2911.500     39.743     40.034    11.5602    11.5565  38.206094  38.201367    11.5553    11.5515    33.6340    33.6328    25.6111    25.6109     5.5014     5.2425    167.629    159.739     1.7888     1.6447     0.0598     0.4707     3.1893     0.0000     0.0000 -120.66326   34.37526      99.37         13  0.000e+00
      69878   2911.542     39.790     40.081    11.5604    11.5570  38.205638  38.202017    11.5554    11.5520    33.6333    33.6329    25.6106    25.6109     5.5015     5.2424    167.630    159.738     1.7888     1.6447     0.0611     0.5013     3.1917     0.0000     0.0000 -120.66326   34.37526      99.37         13  0.000e+00
      69879   2911.583     39.743     40.034    11.5594    11.5577  38.203945  38.202212    11.5545    11.5527    33.6326    33.6325    25.6102    25.6105     5.5016     5.2423    167.633    159.735     1.7888     1.6447     0.0611     0.5013     3.1905     0.0000     0.0000 -120.66326   34.37526      99.37         13  0.000e+00
      69880   2911.625     39.790     40.081    11.5584    11.5577  38.202253  38.201432    11.5534    11.5527    33.6319    33.6317    25.6098    25.6098     5.5017     5.2480    167.639    159.908     1.7888     1.6459     0.0598     0.4707     3.1917     0.0000     0.0000 -120.66326   34.37526      99.37         13  0.000e+00
      69881   2911.667     39.843     40.134    11.5576    11.5573  38.201277  38.200391    11.5526    11.5523    33.6316    33.6310    25.6097    25.6094     5.5019     5.2481    167.643    159.911     1.7888     1.6459     0.0611     0.5013     3.1905     0.0000     0.0000 -120.66326   34.37526      99.37         13  0.000e+00
      69882   2911.708     39.743     40.034    11.5571    11.5565  38.200625  38.199415    11.5521    11.5515    33.6315    33.6309    25.6097    25.6094     5.5019     5.2425    167.643    159.741     1.7888     1.6447     0.0611     0.5013     3.1905     0.0000     0.0000 -120.66326   34.37526      99.37         13  0.000e+00
      69883   2911.750     39.790     40.081    11.5569    11.5557  38.200886  38.198895    11.5520    11.5507    33.6318    33.6311    25.6101    25.6097     5.5019     5.2427    167.644    159.745     1.7888     1.6447     0.0598     0.4707     3.1929     0.0000     0.0000 -120.66326   34.37526      99.37         13  0.000e+00
      69884   2911.792     39.843     40.134    11.5574    11.5555  38.201082  38.197854    11.5524    11.5505    33.6316    33.6302    25.6098    25.6090     5.5019     5.2428    167.644    159.747     1.7888     1.6447     0.0611     0.5013     3.1917     0.0000     0.0000 -120.66326   34.37526      99.37         13  0.000e+00
      69885   2911.833     39.790     40.081    11.5573    11.5548  38.201537  38.197269    11.5523    11.5498    33.6322    33.6302    25.6102    25.6092     5.5019     5.2428    167.643    159.749     1.7888     1.6447     0.0611     0.5013     3.1905     0.0000     0.0000 -120.66326   34.37526      99.37         13  0.000e+00
      69886   2911.875     39.843     40.134    11.5571    11.5543  38.200756  38.197659    11.5521    11.5493    33.6315    33.6311    25.6098    25.6099     5.5020     5.2429    167.645    159.751     1.7888     1.6447     0.0611     0.5013     3.1929     0.0000     0.0000 -120.66326   34.37526      99.37         13  0.000e+00
      69887   2911.917     39.843     40.134    11.5565    11.5543  38.200626  38.198570    11.5515    11.5493    33.6320    33.6320    25.6103    25.6106     5.5072     5.2484    167.804    159.921     1.7900     1.6459     0.0598     0.4707     3.1905     0.0000     0.0000 -120.66326   34.37526      99.37         13  0.000e+00
      69888   2911.958     39.843     40.134    11.5561    11.5552  38.200300  38.199611    11.5511    11.5502    33.6320    33.6322    25.6103    25.6107     5.5072     5.2427    167.805    159.746     1.7900     1.6447     0.0598     0.4707     3.1917     0.0000     0.0000 -120.66326   34.37526      99.37         13  0.000e+00
      69889   2912.000     39.889     40.181    11.5560    11.5558  38.200301  38.199611    11.5510    11.5508    33.6321    33.6316    25.6105    25.6101     5.5073     5.2427    167.807    159.746     1.7900     1.6447     0.0598     0.4707     3.1905     0.0000     0.0000 -120.66326   34.37526      99.37         13  0.000e+00
      69890   2912.042     39.843     40.134    11.5561    11.5560  38.200951  38.198244    11.5511    11.5510    33.6326    33.6301    25.6108    25.6089     5.5020     5.2427    167.647    159.746     1.7888     1.6447     0.0611     0.5013     3.1917     0.0000     0.0000 -120.66326   34.37526      99.37         13  0.000e+00
      69891   2912.083     39.843     40.134    11.5565    11.5557  38.201147  38.197073    11.5515    11.5507    33.6325    33.6293    25.6107    25.6083     5.5020     5.2484    167.646    159.919     1.7888     1.6459     0.0598     0.4707     3.1929     0.0000     0.0000 -120.66326   34.37526      99.37         13  0.000e+00
      69892   2912.125     39.889     40.181    11.5568    11.5555  38.201342  38.196098    11.5518    11.5505    33.6324    33.6284    25.6105    25.6077     5.5072     5.2485    167.804    159.921     1.7900     1.6459     0.0598     0.4707     3.1905     0.0000     0.0000 -120.66326   34.37526      99.37         13  0.000e+00
      69893   2912.167     39.843     40.134    11.5574    11.5548  38.201733  38.195838    11.5524    11.5498    33.6322    33.6288    25.6102    25.6081     5.5019     5.2429    167.643    159.751     1.7888     1.6447     0.0598     0.4707     3.1893     0.0000     0.0000 -120.66326   34.37526      99.37         13  0.000e+00
      69894   2912.208     39.942     40.234    11.5573    11.5548  38.201993  38.195838    11.5523    11.5498    33.6326    33.6288    25.6106    25.6081     5.5020     5.2486    167.646    159.924     1.7888     1.6459     0.0611     0.5013     3.1880     0.0000     0.0000 -120.66326   34.37526      99.37         13  0.000e+00
      69895   2912.250     39.889     40.181    11.5578    11.5547  38.202123  38.196033    11.5528    11.5497    33.6322    33.6291    25.6102    25.6084     5.5019     5.2429    167.643    159.753     1.7888     1.6447     0.0598     0.4707     3.1905     0.0000     0.0000 -120.66326   34.37526      99.37         13  0.000e+00
      69896   2912.292     39.889     40.181    11.5579    11.5543  38.202058  38.195903    11.5529    11.5493    33.6321    33.6293    25.6100    25.6086     5.5019     5.2430    167.643    159.754     1.7888     1.6447     0.0598     0.4707     3.1905     0.0000     0.0000 -120.66326   34.37526      99.37         13  0.000e+00
      69897   2912.333     39.942     40.234    11.5578    11.5545  38.202123  38.195838    11.5528    11.5495    33.6322    33.6291    25.6102    25.6084     5.5019     5.2486    167.644    159.925     1.7888     1.6459     0.0598     0.4707     3.1880     0.0000     0.0000 -120.66326   34.37526      99.37         13  0.000e+00
      69898   2912.375     39.889     40.181    11.5578    11.5545  38.201798  38.195057    11.5528    11.5495    33.6319    33.6283    25.6100    25.6078     5.5019     5.2486    167.643    159.925     1.7888     1.6459     0.0611     0.5013     3.1893     0.0000     0.0000 -120.66326   34.37526      99.37         13  0.000e+00
      69899   2912.417     39.942     40.234    11.5576    11.5540  38.202058  38.194081    11.5526    11.5490    33.6323    33.6278    25.6103    25.6075     5.5019     5.2431    167.645    159.758     1.7888     1.6447     0.0598     0.4707     3.1893     0.0000     0.0000 -120.66326   34.37526      99.37         13  0.000e+00
      69900   2912.458     39.942     40.234    11.5574    11.5537  38.201798  38.193301    11.5524    11.5487    33.6322    33.6273    25.6103    25.6071     5.5020     5.2487    167.645    159.930     1.7888     1.6459     0.0598     0.4707     3.1905     0.0000     0.0000 -120.66326   34.37526      99.37         13  0.000e+00
      69901   2912.500     39.942     40.234    11.5569    11.5533  38.201277  38.193366    11.5519    11.5483    33.6322    33.6277    25.6103    25.6075     5.5020     5.2488    167.647    159.931     1.7888     1.6459     0.0611     0.5013     3.1893     0.0000     0.0000 -120.66326   34.37526      99.37         13  0.000e+00
      69902   2912.542     39.942     40.234    11.5571    11.5532  38.202058  38.193496    11.5521    11.5482    33.6328    33.6280    25.6107    25.6077     5.5020     5.2432    167.646    159.760     1.7888     1.6447     0.0598     0.4707     3.1905     0.0000     0.0000 -120.66326   34.37526      99.37         13  0.000e+00
      69903   2912.583     39.942     40.234    11.5568    11.5532  38.201993  38.193496    11.5518    11.5482    33.6330    33.6280    25.6110    25.6077     5.5020     5.2432    167.647    159.760     1.7888     1.6447     0.0574     0.4097     3.1893     0.0000     0.0000 -120.66326   34.37526      99.37         13  0.000e+00
      69904   2912.625     39.989     40.281    11.5568    11.5532  38.201277  38.193236    11.5518    11.5482    33.6323    33.6277    25.6105    25.6075     5.5021     5.2432    167.649    159.762     1.7888     1.6447     0.0549     0.3486     3.1905     0.0000     0.0000 -120.66326   34.37526      99.37         13  0.000e+00
      69905   2912.667     39.942     40.234    11.5566    11.5530  38.200887  38.192911    11.5516    11.5480    33.6321    33.6276    25.6103    25.6075     5.5021     5.2488    167.648    159.932     1.7888     1.6459     0.0537     0.3181     3.1893     0.0000     0.0000 -120.66326   34.37526      99.37         13  0.000e+00
      69906   2912.708     39.989     40.281    11.5561    11.5530  38.201017  38.193041    11.5511    11.5480    33.6326    33.6277    25.6108    25.6075     5.4970     5.2488    167.493    159.933     1.7875     1.6459     0.0537     0.3181     3.1893     0.0000     0.0000 -120.66326   34.37526      99.37         13  0.000e+00
      69907   2912.750     39.989     40.281    11.5560    11.5528  38.201082  38.192911    11.5510    11.5478    33.6328    33.6277    25.6110    25.6076     5.5022     5.2433    167.651    159.763     1.7888     1.6447     0.0537     0.3181     3.1905     0.0000     0.0000 -120.66326   34.37526      99.37         13  0.000e+00
