WCOA/WCOA-6/CTD_Data/RB2102_CTD_106_01.ros
* Sea-Bird SBE 9 Data File:
* FileName = C:\Users\scs.user.rb\CTD\RB2102\Data\RB2102_CTD_106_01.hex
* Software Version Seasave V 7.26.7.107
* Temperature SN = 6202
* Conductivity SN = 4907
* Number of Bytes Per Scan = 41
* Number of Voltage Words = 4
* Number of Scans Averaged by the Deck Unit = 1
* NMEA Latitude = 35 18.65 N
* NMEA Longitude = 121 57.72 W
* NMEA UTC (Time) = Jul 15 2021  22:10:20
* NMEA baud rate = 4800
# nquan = 30
# nvalues = 1176                                  
# units = specified
# name 0 = scan: Scan Count
# name 1 = timeS: Time, Elapsed [seconds]
# name 2 = depSM: Depth [salt water, m]
# name 3 = prDM: Pressure, Digiquartz [db]
# name 4 = t090C: Temperature [ITS-90, deg C]
# name 5 = t190C: Temperature, 2 [ITS-90, deg C]
# name 6 = c0mS/cm: Conductivity [mS/cm]
# name 7 = c1mS/cm: Conductivity, 2 [mS/cm]
# name 8 = potemp090C: Potential Temperature [ITS-90, deg C]
# name 9 = potemp190C: Potential Temperature, 2 [ITS-90, deg C]
# name 10 = sal00: Salinity, Practical [PSU]
# name 11 = sal11: Salinity, Practical, 2 [PSU]
# name 12 = sigma-é00: Density [sigma-theta, kg/m^3]
# name 13 = sigma-é11: Density, 2 [sigma-theta, kg/m^3]
# name 14 = sbeox0Mg/L: Oxygen, SBE 43 [mg/l]
# name 15 = sbeox1Mg/L: Oxygen, SBE 43, 2 [mg/l]
# name 16 = sbox0Mm/Kg: Oxygen, SBE 43 [umol/kg]
# name 17 = sbox1Mm/Kg: Oxygen, SBE 43, 2 [umol/kg]
# name 18 = sbeox0V: Oxygen raw, SBE 43 [V]
# name 19 = sbeox1V: Oxygen raw, SBE 43, 2 [V]
# name 20 = v4: Voltage 4
# name 21 = flECO-AFL: Fluorescence, WET Labs ECO-AFL/FL [mg/m^3]
# name 22 = v3: Voltage 3
# name 23 = v6: Voltage 6
# name 24 = v7: Voltage 7
# name 25 = longitude: Longitude [deg]
# name 26 = latitude: Latitude [deg]
# name 27 = altM: Altimeter [m]
# name 28 = nbf: Bottles Fired
# name 29 = flag:  0.000e+00
# interval = seconds: 0.0416667
# start_time = Jul 15 2021 22:10:20 [NMEA time, header]
# bad_flag = -9.990e-29
*END*
[from data line 871]
     198604   8275.125     39.602     39.895    12.7794    12.7833  39.328232  39.333036    12.7741    12.7779    33.6224    33.6235    25.3703    25.3704     6.5944     6.7256    200.978    204.978     2.0891     2.0085     0.0586     0.4402     3.2271     0.0342     0.0586 -121.96480   35.30950      99.32         18  0.000e+00
     198605   8275.167     39.556     39.849    12.7796    12.7838  39.328232  39.333365    12.7743    12.7784    33.6222    33.6234    25.3701    25.3702     6.5943     6.7255    200.976    204.975     2.0891     2.0085     0.0586     0.4402     3.2283     0.0342     0.0598 -121.96480   35.30950      99.32         18  0.000e+00
     198606   8275.208     39.556     39.849    12.7794    12.7838  39.328495  39.333299    12.7741    12.7784    33.6226    33.6233    25.3705    25.3702     6.5943     6.7255    200.976    204.975     2.0891     2.0085     0.0586     0.4402     3.2283     0.0342     0.0598 -121.96480   35.30950      99.32         18  0.000e+00
     198607   8275.250     39.503     39.795    12.7801    12.7841  39.329088  39.333233    12.7748    12.7788    33.6226    33.6230    25.3703    25.3699     6.5942     6.7254    200.972    204.973     2.0891     2.0085     0.0586     0.4402     3.2283     0.0342     0.0611 -121.96480   35.30950      99.32         18  0.000e+00
     198608   8275.292     39.503     39.795    12.7801    12.7841  39.329285  39.333694    12.7748    12.7788    33.6228    33.6234    25.3705    25.3702     6.5891     6.7254    200.819    204.972     2.0879     2.0085     0.0586     0.4402     3.2295     0.0342     0.0611 -121.96480   35.30950      99.29         18  0.000e+00
     198609   8275.333     39.503     39.795    12.7804    12.7844  39.329285  39.333628    12.7751    12.7791    33.6225    33.6231    25.3702    25.3699     6.5891     6.7254    200.818    204.971     2.0879     2.0085     0.0586     0.4402     3.2271     0.0342     0.0611 -121.96480   35.30950      99.32         18  0.000e+00
     198610   8275.375     39.563     39.855    12.7806    12.7844  39.329812  39.333760    12.7752    12.7791    33.6229    33.6232    25.3704    25.3699     6.5891     6.7254    200.818    204.972     2.0879     2.0085     0.0586     0.4402     3.2283     0.0354     0.0611 -121.96480   35.30950      99.32         18  0.000e+00
     198611   8275.417     39.457     39.748    12.7809    12.7848  39.329680  39.333365    12.7756    12.7795    33.6225    33.6225    25.3701    25.3694     6.5890     6.7253    200.814    204.969     2.0879     2.0085     0.0586     0.4402     3.2283     0.0354     0.0611 -121.96480   35.30950      99.32         18  0.000e+00
     198612   8275.458     39.457     39.748    12.7807    12.7844  39.329614  39.333694    12.7754    12.7791    33.6226    33.6232    25.3702    25.3699     6.5890     6.7253    200.815    204.970     2.0879     2.0085     0.0574     0.4097     3.2283     0.0354     0.0611 -121.96480   35.30950      99.32         18  0.000e+00
     198613   8275.500     39.503     39.795    12.7809    12.7846  39.329615  39.333892    12.7756    12.7793    33.6224    33.6232    25.3700    25.3699     6.5890     6.7253    200.816    204.970     2.0879     2.0085     0.0586     0.4402     3.2271     0.0354     0.0623 -121.96480   35.30950      99.32         18  0.000e+00
     198614   8275.542     39.457     39.748    12.7807    12.7844  39.329614  39.333891    12.7754    12.7791    33.6226    33.6234    25.3702    25.3701     6.5890     6.7253    200.815    204.969     2.0879     2.0085     0.0586     0.4402     3.2271     0.0354     0.0623 -121.96480   35.30950      99.32         18  0.000e+00
     201012   8375.458     29.363     29.579    13.6328    13.6962  40.104339  40.163674    13.6287    13.6920    33.6042    33.6039    25.1851    25.1719     7.2819     7.4169    221.972    226.092     2.2906     2.1990     0.0720     0.7760     3.2259     0.0293     0.0586 -121.96490   35.30948      99.39         19  0.000e+00
     201013   8375.500     29.363     29.579    13.6333    13.7016  40.105135  40.168055    13.6292    13.6974    33.6045    33.6033    25.1852    25.1703     7.2818     7.4161    221.970    226.066     2.2906     2.1990     0.0720     0.7760     3.2259     0.0293     0.0586 -121.96490   35.30948      99.39         19  0.000e+00
     201014   8375.542     29.263     29.479    13.6335    13.7080  40.107126  40.170709    13.6294    13.7039    33.6062    33.6002    25.1865    25.1666     7.2767     7.4151    221.813    226.037     2.2894     2.1990     0.0720     0.7760     3.2259     0.0293     0.0586 -121.96490   35.30948      99.39         19  0.000e+00
     201015   8375.583     29.263     29.479    13.6343    13.7135  40.108786  40.174027    13.6302    13.7094    33.6071    33.5984    25.1870    25.1641     7.2765     7.4143    221.808    226.013     2.2894     2.1990     0.0720     0.7760     3.2259     0.0293     0.0586 -121.96490   35.30948      99.39         19  0.000e+00
     201016   8375.625     29.310     29.526    13.6351    13.7175  40.110777  40.177878    13.6310    13.7134    33.6082    33.5985    25.1877    25.1633     7.2764     7.4137    221.804    225.994     2.2894     2.1990     0.0720     0.7760     3.2247     0.0293     0.0586 -121.96490   35.30948      99.39         19  0.000e+00
     201017   8375.667     29.316     29.532    13.6365    13.7209  40.111507  40.185380    13.6323    13.7168    33.6077    33.6025    25.1870    25.1657     7.2762     7.4130    221.799    225.971     2.2894     2.1990     0.0720     0.7760     3.2259     0.0293     0.0586 -121.96490   35.30948      99.39         19  0.000e+00
     201018   8375.708     29.263     29.479    13.6376    13.7252  40.111374  40.191222    13.6335    13.7211    33.6066    33.6042    25.1859    25.1662     7.2810     7.4175    221.944    226.109     2.2906     2.2002     0.0708     0.7455     3.2259     0.0293     0.0586 -121.96490   35.30948      99.39         19  0.000e+00
     201019   8375.750     29.217     29.432    13.6388    13.7285  40.111706  40.194807    13.6347    13.7244    33.6058    33.6047    25.1851    25.1658     7.2808     7.4169    221.938    226.091     2.2906     2.2002     0.0720     0.7760     3.2247     0.0293     0.0586 -121.96490   35.30948      99.39         19  0.000e+00
     201020   8375.792     29.316     29.532    13.6398    13.7314  40.111441  40.196667    13.6357    13.7272    33.6047    33.6039    25.1840    25.1646     7.2808     7.4165    221.938    226.081     2.2906     2.2002     0.0720     0.7760     3.2247     0.0293     0.0586 -121.96490   35.30948      99.39         19  0.000e+00
     201021   8375.833     29.217     29.432    13.6401    13.7315  40.111042  40.195670    13.6360    13.7274    33.6041    33.6028    25.1835    25.1638     7.2757     7.4165    221.784    226.079     2.2894     2.2002     0.0720     0.7760     3.2259     0.0293     0.0574 -121.96490   35.30948      99.39         19  0.000e+00
     201022   8375.875     29.217     29.432    13.6403    13.7310  40.111175  40.191819    13.6362    13.7269    33.6040    33.5997    25.1834    25.1615     7.2757     7.4167    221.784    226.086     2.2894     2.2002     0.0720     0.7760     3.2259     0.0293     0.0574 -121.96490   35.30948      99.39         19  0.000e+00
     201023   8375.917     29.263     29.479    13.6405    13.7288  40.111507  40.188035    13.6364    13.7247    33.6041    33.5981    25.1834    25.1607     7.2757     7.4172    221.784    226.101     2.2894     2.2002     0.0720     0.7760     3.2247     0.0293     0.0586 -121.96490   35.30948      99.39         19  0.000e+00
     201024   8375.958     29.217     29.432    13.6400    13.7273  40.111573  40.186441    13.6359    13.7232    33.6047    33.5979    25.1840    25.1609     7.2757     7.4174    221.784    226.107     2.2894     2.2002     0.0720     0.7760     3.2234     0.0293     0.0586 -121.96490   35.30948      99.39         19  0.000e+00
     201025   8376.000     29.217     29.432    13.6400    13.7272  40.111573  40.185113    13.6359    13.7230    33.6047    33.5968    25.1840    25.1600     7.2757     7.4175    221.784    226.110     2.2894     2.2002     0.0720     0.7760     3.2247     0.0293     0.0586 -121.96490   35.30948      99.39         19  0.000e+00
     201026   8376.042     29.217     29.432    13.6398    13.7287  40.111374  40.184781    13.6357    13.7246    33.6047    33.5952    25.1840    25.1585     7.2758     7.4173    221.785    226.105     2.2894     2.2002     0.0720     0.7760     3.2247     0.0293     0.0574 -121.96490   35.30948      99.39         19  0.000e+00
     201027   8376.083     29.217     29.432    13.6397    13.7290  40.111307  40.185578    13.6356    13.7249    33.6047    33.5956    25.1841    25.1588     7.2708     7.4172    221.635    226.102     2.2882     2.2002     0.0720     0.7760     3.2247     0.0293     0.0586 -121.96490   35.30948      99.39         19  0.000e+00
     201028   8376.125     29.217     29.432    13.6398    13.7287  40.111307  40.186640    13.6357    13.7246    33.6046    33.5969    25.1839    25.1598     7.2708     7.4172    221.635    226.102     2.2882     2.2002     0.0720     0.7760     3.2247     0.0293     0.0574 -121.96490   35.30948      99.39         19  0.000e+00
     201029   8376.167     29.217     29.432    13.6397    13.7282  40.111507  40.185843    13.6356    13.7240    33.6049    33.5966    25.1842    25.1597     7.2708     7.4173    221.635    226.105     2.2882     2.2002     0.0720     0.7760     3.2259     0.0293     0.0574 -121.96490   35.30948      99.39         19  0.000e+00
     201030   8376.208     29.217     29.432    13.6391    13.7272  40.111108  40.181262    13.6350    13.7230    33.6050    33.5932    25.1844    25.1573     7.2709     7.4176    221.637    226.115     2.2882     2.2002     0.0720     0.7760     3.2247     0.0293     0.0574 -121.96490   35.30948      99.39         19  0.000e+00
     201031   8376.250     29.217     29.432    13.6391    13.7233  40.110179  40.170441    13.6350    13.7192    33.6041    33.5865    25.1837    25.1529     7.2709     7.4186    221.639    226.145     2.2882     2.2002     0.0720     0.7760     3.2247     0.0293     0.0574 -121.96490   35.30948      99.39         19  0.000e+00
     201032   8376.292     29.164     29.379    13.6380    13.7161  40.109117  40.161347    13.6339    13.7119    33.6042    33.5844    25.1840    25.1527     7.2711     7.4198    221.642    226.182     2.2882     2.2002     0.0708     0.7455     3.2247     0.0293     0.0574 -121.96490   35.30948      99.39         19  0.000e+00
     201033   8376.333     29.217     29.432    13.6372    13.7083  40.109648  40.158826    13.6331    13.7042    33.6054    33.5889    25.1851    25.1578     7.2712     7.4209    221.646    226.215     2.2882     2.2002     0.0720     0.7760     3.2234     0.0293     0.0574 -121.96490   35.30948      99.39         19  0.000e+00
     201034   8376.375     29.263     29.479    13.6363    13.7029  40.110578  40.160486    13.6322    13.6988    33.6070    33.5951    25.1865    25.1637     7.2713     7.4215    221.649    226.232     2.2882     2.2002     0.0720     0.7760     3.2247     0.0293     0.0574 -121.96490   35.30948      99.39         19  0.000e+00
     201035   8376.417     29.164     29.379    13.6359    13.6999  40.111175  40.165731    13.6318    13.6958    33.6079    33.6027    25.1873    25.1702     7.2712     7.4216    221.646    226.232     2.2882     2.2002     0.0708     0.7455     3.2247     0.0293     0.0574 -121.96490   35.30948      99.39         19  0.000e+00
     201036   8376.458     29.217     29.432    13.6361    13.7022  40.114163  40.178344    13.6320    13.6981    33.6105    33.6124    25.1893    25.1772     7.2662     7.4261    221.492    226.370     2.2869     2.2015     0.0708     0.7455     3.2247     0.0293     0.0574 -121.96490   35.30948      99.39         19  0.000e+00
     201037   8376.500     29.217     29.432    13.6381    13.7125  40.118544  40.191423    13.6340    13.7084    33.6128    33.6156    25.1907    25.1775     7.2707     7.4243    221.630    226.315     2.2882     2.2015     0.0708     0.7455     3.2247     0.0293     0.0574 -121.96490   35.30948      99.39         19  0.000e+00
     201038   8376.542     29.217     29.432    13.6412    13.7231  40.122461  40.203972    13.6371    13.7190    33.6138    33.6180    25.1908    25.1772     7.2653     7.4225    221.464    226.259     2.2869     2.2015     0.0708     0.7455     3.2247     0.0293     0.0574 -121.96490   35.30948      99.39         19  0.000e+00
     201039   8376.583     29.217     29.432    13.6457    13.7330  40.125315  40.220707    13.6416    13.7289    33.6126    33.6249    25.1889    25.1805     7.2646     7.4205    221.445    226.199     2.2869     2.2015     0.0708     0.7455     3.2247     0.0293     0.0574 -121.96490   35.30948      99.39         19  0.000e+00
     201040   8376.625     29.217     29.432    13.6502    13.7447  40.126443  40.228079    13.6461    13.7405    33.6097    33.6216    25.1857    25.1756     7.2641     7.4188    221.429    226.148     2.2869     2.2015     0.0708     0.7455     3.2247     0.0293     0.0574 -121.96490   35.30948      99.39         19  0.000e+00
     201041   8376.667     29.217     29.432    13.6528    13.7521  40.129032  40.220572    13.6487    13.7479    33.6097    33.6080    25.1852    25.1636     7.2637     7.4182    221.417    226.133     2.2869     2.2015     0.0708     0.7455     3.2247     0.0293     0.0586 -121.96490   35.30948      99.39         19  0.000e+00
     201042   8376.708     29.263     29.479    13.6557    13.7529  40.134676  40.208883    13.6515    13.7488    33.6125    33.5964    25.1868    25.1544     7.2681     7.4187    221.551    226.148     2.2882     2.2015     0.0708     0.7455     3.2247     0.0293     0.0574 -121.96490   35.30948      99.39         19  0.000e+00
     201043   8376.750     29.217     29.432    13.6592    13.7486  40.141913  40.200051    13.6551    13.7444    33.6161    33.5920    25.1889    25.1519     7.2624     7.4249    221.377    226.338     2.2869     2.2027     0.0708     0.7455     3.2247     0.0293     0.0574 -121.96490   35.30948      99.39         19  0.000e+00
     201044   8376.792     29.217     29.432    13.6647    13.7452  40.150612  40.202973    13.6606    13.7411    33.6194    33.5977    25.1903    25.1570     7.2614     7.4252    221.347    226.345     2.2869     2.2027     0.0708     0.7455     3.2247     0.0293     0.0586 -121.96490   35.30948      99.39         19  0.000e+00
     201045   8376.833     29.263     29.479    13.6736    13.7457  40.157850  40.214197    13.6695    13.7415    33.6183    33.6077    25.1877    25.1647     7.2651     7.4247    221.459    226.329     2.2882     2.2027     0.0708     0.7455     3.2247     0.0293     0.0574 -121.96490   35.30948      99.39         19  0.000e+00
     201046   8376.875     29.263     29.479    13.6820    13.7499  40.161303  40.223495    13.6779    13.7457    33.6142    33.6127    25.1827    25.1676     7.2640     7.4238    221.427    226.300     2.2882     2.2027     0.0708     0.7455     3.2247     0.0293     0.0574 -121.96490   35.30948      99.39         19  0.000e+00
     201047   8376.917     29.217     29.432    13.6880    13.7570  40.162696  40.232395    13.6839    13.7528    33.6102    33.6148    25.1784    25.1678     7.2583     7.4225    221.254    226.261     2.2869     2.2027     0.0708     0.7455     3.2247     0.0293     0.0586 -121.96490   35.30948      99.39         19  0.000e+00
