WCOA/WCOA-6/CTD_Data/RB2102_CTD_077_01.ros
* Sea-Bird SBE 9 Data File:
* FileName = C:\Users\scs.user.rb\CTD\RB2102\Data\RB2102_CTD_077_01.hex
* Software Version Seasave V 7.26.7.107
* Temperature SN = 6202
* Conductivity SN = 4907
* Number of Bytes Per Scan = 41
* Number of Voltage Words = 4
* Number of Scans Averaged by the Deck Unit = 1
* NMEA Latitude = 38 51.17 N
* NMEA Longitude = 123 54.36 W
* NMEA UTC (Time) = Jul 10 2021  02:11:27
* NMEA baud rate = 4800
# nquan = 30
# nvalues = 927                                   
# units = specified
# name 0 = scan: Scan Count
# name 1 = timeS: Time, Elapsed [seconds]
# name 2 = depSM: Depth [salt water, m]
# name 3 = prDM: Pressure, Digiquartz [db]
# name 4 = t090C: Temperature [ITS-90, deg C]
# name 5 = t190C: Temperature, 2 [ITS-90, deg C]
# name 6 = c0mS/cm: Conductivity [mS/cm]
# name 7 = c1mS/cm: Conductivity, 2 [mS/cm]
# name 8 = potemp090C: Potential Temperature [ITS-90, deg C]
# name 9 = potemp190C: Potential Temperature, 2 [ITS-90, deg C]
# name 10 = sal00: Salinity, Practical [PSU]
# name 11 = sal11: Salinity, Practical, 2 [PSU]
# name 12 = sigma-é00: Density [sigma-theta, kg/m^3]
# name 13 = sigma-é11: Density, 2 [sigma-theta, kg/m^3]
# name 14 = sbeox0Mg/L: Oxygen, SBE 43 [mg/l]
# name 15 = sbeox1Mg/L: Oxygen, SBE 43, 2 [mg/l]
# name 16 = sbox0Mm/Kg: Oxygen, SBE 43 [umol/kg]
# name 17 = sbox1Mm/Kg: Oxygen, SBE 43, 2 [umol/kg]
# name 18 = sbeox0V: Oxygen raw, SBE 43 [V]
# name 19 = sbeox1V: Oxygen raw, SBE 43, 2 [V]
# name 20 = v4: Voltage 4
# name 21 = flECO-AFL: Fluorescence, WET Labs ECO-AFL/FL [mg/m^3]
# name 22 = v3: Voltage 3
# name 23 = v6: Voltage 6
# name 24 = v7: Voltage 7
# name 25 = longitude: Longitude [deg]
# name 26 = latitude: Latitude [deg]
# name 27 = altM: Altimeter [m]
# name 28 = nbf: Bottles Fired
# name 29 = flag:  0.000e+00
# interval = seconds: 0.0416667
# start_time = Jul 10 2021 02:11:27 [NMEA time, header]
# bad_flag = -9.990e-29
*END*
[from data line 629]
      48926   2038.542     30.087     30.319     9.5656     9.5225  36.175593  36.144335     9.5622     9.5192    33.4349    33.4429    25.8025    25.8157     5.9917     6.1691    182.533    187.935     1.8425     1.7839     0.0452     0.1044     3.2271     0.0073     0.0000 -123.90684   38.85266      99.34         13  0.000e+00
      48927   2038.583     30.081     30.312     9.5740     9.5235  36.176102  36.145035     9.5706     9.5202    33.4276    33.4427    25.7954    25.8154     5.9908     6.1689    182.508    187.931     1.8425     1.7839     0.0452     0.1044     3.2283     0.0073     0.0000 -123.90684   38.85266      99.34         13  0.000e+00
      48928   2038.625     30.134     30.365     9.5787     9.5247  36.177248  36.146626     9.5754     9.5214    33.4244    33.4432    25.7921    25.8156     5.9903     6.1688    182.493    187.926     1.8425     1.7839     0.0452     0.1044     3.2271     0.0073     0.0000 -123.90684   38.85266      99.34         13  0.000e+00
      48929   2038.667     30.081     30.312     9.5829     9.5258  36.179031  36.146626     9.5796     9.5225    33.4223    33.4422    25.7898    25.8147     5.9898     6.1686    182.477    187.921     1.8425     1.7839     0.0452     0.1044     3.2271     0.0073     0.0000 -123.90684   38.85266      99.34         13  0.000e+00
      48930   2038.708     30.087     30.319     9.5887     9.5243  36.180114  36.145544     9.5854     9.5210    33.4180    33.4425    25.7855    25.8151     5.9891     6.1630    182.459    187.748     1.8425     1.7827     0.0452     0.1044     3.2271     0.0073     0.0000 -123.90684   38.85266      99.34         13  0.000e+00
      48931   2038.750     30.134     30.365     9.5927     9.5273  36.180241  36.144971     9.5893     9.5240    33.4144    33.4391    25.7820    25.8120     5.9888     6.1627    182.448    187.741     1.8425     1.7827     0.0452     0.1044     3.2271     0.0073     0.0000 -123.90684   38.85266      99.34         13  0.000e+00
      48932   2038.792     30.081     30.312     9.5900     9.5287  36.179986  36.144398     9.5867     9.5254    33.4167    33.4372    25.7842    25.8103     5.9890     6.1625    182.455    187.735     1.8425     1.7827     0.0452     0.1044     3.2271     0.0073     0.0000 -123.90684   38.85268      99.34         13  0.000e+00
      48933   2038.833     30.087     30.319     9.5874     9.5291  36.179986  36.143507     9.5841     9.5257    33.4191    33.4360    25.7866    25.8092     5.9893     6.1625    182.463    187.736     1.8425     1.7827     0.0452     0.1044     3.2259     0.0073     0.0000 -123.90684   38.85268      99.34         13  0.000e+00
      52085   2170.167     20.182     20.337    10.8171    10.8314  37.334741  37.348527    10.8147    10.8290    33.4578    33.4585    25.6075    25.6056     7.1879     7.4544    219.017    227.138     2.1624     2.1013     0.0720     0.7760     3.2234     0.0098     0.0000 -123.90680   38.85268      99.32         14  0.000e+00
      52086   2170.208     20.275     20.430    10.8178    10.8306  37.335838  37.347689    10.8154    10.8281    33.4582    33.4584    25.6078    25.6056     7.1879     7.4547    219.016    227.145     2.1624     2.1013     0.0708     0.7455     3.2234     0.0085     0.0000 -123.90680   38.85268      99.34         14  0.000e+00
      52087   2170.250     20.275     20.430    10.8181    10.8294  37.336548  37.345949    10.8157    10.8270    33.4587    33.4577    25.6080    25.6053     7.1878     7.4606    219.013    227.326     2.1624     2.1026     0.0708     0.7455     3.2234     0.0098     0.0000 -123.90680   38.85268      99.34         14  0.000e+00
      52088   2170.292     20.275     20.430    10.8181    10.8283  37.336870  37.344014    10.8157    10.8258    33.4590    33.4568    25.6083    25.6048     7.1878     7.4608    219.013    227.333     2.1624     2.1026     0.0708     0.7455     3.2247     0.0098     0.0000 -123.90680   38.85268      99.32         14  0.000e+00
      52089   2170.333     20.228     20.383    10.8183    10.8261  37.338354  37.342016    10.8159    10.8237    33.4603    33.4569    25.6093    25.6052     7.1929     7.4669    219.168    227.517     2.1636     2.1038     0.0708     0.7455     3.2247     0.0085     0.0000 -123.90680   38.85268      99.34         14  0.000e+00
      52090   2170.375     20.275     20.430    10.8196    10.8243  37.340354  37.341114    10.8172    10.8219    33.4611    33.4576    25.6097    25.6061     7.1927     7.4729    219.162    227.700     2.1636     2.1050     0.0708     0.7455     3.2234     0.0098     0.0000 -123.90680   38.85268      99.32         14  0.000e+00
      52091   2170.417     20.275     20.430    10.8208    10.8233  37.341450  37.340405    10.8184    10.8209    33.4611    33.4577    25.6095    25.6064     7.1977     7.4730    219.316    227.705     2.1648     2.1050     0.0708     0.7455     3.2234     0.0085     0.0000 -123.90680   38.85268      99.32         14  0.000e+00
      52092   2170.458     20.222     20.377    10.8247    10.8226  37.343966  37.339695    10.8223    10.8202    33.4601    33.4577    25.6080    25.6065     7.1971     7.4731    219.297    227.707     2.1648     2.1050     0.0708     0.7455     3.2222     0.0098     0.0000 -123.90680   38.85268      99.32         14  0.000e+00
      52093   2170.500     20.275     20.430    10.8286    10.8208  37.346094  37.339051    10.8262    10.8184    33.4586    33.4587    25.6061    25.6076     7.1966     7.4791    219.281    227.890     2.1648     2.1062     0.0708     0.7455     3.2234     0.0085     0.0000 -123.90680   38.85268      99.32         14  0.000e+00
      52094   2170.542     20.222     20.377    10.8301    10.8198  37.348029  37.339889    10.8277    10.8174    33.4592    33.4604    25.6063    25.6091     7.1963     7.4849    219.272    228.065     2.1648     2.1074     0.0708     0.7455     3.2222     0.0085     0.0000 -123.90680   38.85268      99.32         14  0.000e+00
      52095   2170.583     20.275     20.430    10.8323    10.8204  37.350868  37.342726    10.8299    10.8180    33.4600    33.4627    25.6066    25.6108     7.2012     7.4847    219.421    228.060     2.1661     2.1074     0.0708     0.7455     3.2247     0.0085     0.0000 -123.90680   38.85268      99.32         14  0.000e+00
      52096   2170.625     20.222     20.377    10.8349    10.8226  37.353771  37.345240    10.8325    10.8202    33.4605    33.4632    25.6065    25.6108     7.2007     7.4899    219.406    228.219     2.1661     2.1087     0.0708     0.7455     3.2222     0.0085     0.0000 -123.90680   38.85268      99.32         14  0.000e+00
      52097   2170.667     20.275     20.430    10.8362    10.8243  37.354932  37.346787    10.8338    10.8219    33.4605    33.4632    25.6062    25.6105     7.2005     7.4897    219.401    228.212     2.1661     2.1087     0.0708     0.7455     3.2247     0.0085     0.0000 -123.90680   38.85268      99.32         14  0.000e+00
      52098   2170.708     20.228     20.383    10.8377    10.8269  37.355190  37.348205    10.8352    10.8245    33.4594    33.4622    25.6052    25.6093     7.2055     7.4892    219.554    228.198     2.1673     2.1087     0.0708     0.7455     3.2234     0.0098     0.0000 -123.90680   38.85268      99.32         14  0.000e+00
      52099   2170.750     20.222     20.377    10.8388    10.8294  37.354416  37.349172    10.8364    10.8270    33.4576    33.4610    25.6035    25.6078     7.2106     7.4946    219.711    228.361     2.1685     2.1099     0.0708     0.7455     3.2234     0.0085     0.0000 -123.90680   38.85268      99.32         14  0.000e+00
      52100   2170.792     20.228     20.383    10.8360    10.8306  37.352868  37.351171    10.8336    10.8281    33.4586    33.4619    25.6048    25.6084     7.2111     7.4943    219.723    228.353     2.1685     2.1099     0.0708     0.7455     3.2247     0.0085     0.0000 -123.90680   38.85268      99.34         14  0.000e+00
      52101   2170.833     20.275     20.430    10.8329    10.8324  37.349578  37.353943    10.8305    10.8300    33.4581    33.4630    25.6050    25.6089     7.2169     7.4940    219.900    228.343     2.1697     2.1099     0.0708     0.7455     3.2234     0.0085     0.0000 -123.90680   38.85268      99.32         14  0.000e+00
      52102   2170.875     20.228     20.383    10.8278    10.8350  37.343578  37.355684    10.8254    10.8326    33.4568    33.4623    25.6049    25.6079     7.2177     7.4992    219.925    228.503     2.1697     2.1111     0.0708     0.7455     3.2247     0.0085     0.0000 -123.90680   38.85268      99.34         14  0.000e+00
      52103   2170.917     20.222     20.377    10.8200    10.8370  37.335967  37.357940    10.8175    10.8346    33.4564    33.4627    25.6060    25.6079     7.2190     7.4989    219.964    228.491     2.1697     2.1111     0.0708     0.7455     3.2247     0.0085     0.0000 -123.90680   38.85268      99.34         14  0.000e+00
      52104   2170.958     20.275     20.430    10.8155    10.8390  37.331645  37.360391    10.8131    10.8366    33.4562    33.4633    25.6065    25.6080     7.2250     7.5042    220.147    228.655     2.1709     2.1123     0.0708     0.7455     3.2234     0.0085     0.0000 -123.90680   38.85268      99.32         14  0.000e+00
      52105   2171.000     20.222     20.377    10.8133    10.8420  37.333452  37.361938    10.8109    10.8396    33.4600    33.4622    25.6099    25.6066     7.2251     7.5037    220.150    228.639     2.1709     2.1123     0.0708     0.7455     3.2247     0.0085     0.0000 -123.90680   38.85268      99.34         14  0.000e+00
      52106   2171.042     20.228     20.383    10.8150    10.8449  37.337258  37.363421    10.8126    10.8425    33.4622    33.4610    25.6114    25.6051     7.2248     7.5090    220.139    228.800     2.1709     2.1136     0.0708     0.7455     3.2222     0.0085     0.0000 -123.90680   38.85268      99.34         14  0.000e+00
      52107   2171.083     20.275     20.430    10.8200    10.8472  37.342741  37.364839    10.8175    10.8447    33.4631    33.4603    25.6112    25.6042     7.2292     7.5086    220.274    228.790     2.1722     2.1136     0.0708     0.7455     3.2247     0.0085     0.0000 -123.90680   38.85268      99.34         14  0.000e+00
      52108   2171.125     20.228     20.383    10.8237    10.8487  37.346804  37.365935    10.8213    10.8463    33.4638    33.4600    25.6110    25.6037     7.2338     7.5140    220.413    228.955     2.1734     2.1148     0.0708     0.7455     3.2234     0.0085     0.0000 -123.90680   38.85268      99.32         14  0.000e+00
      52109   2171.167     20.222     20.377    10.8237    10.8500  37.348804  37.366193    10.8213    10.8475    33.4658    33.4591    25.6126    25.6028     7.2337     7.5082    220.410    228.776     2.1734     2.1136     0.0708     0.7455     3.2234     0.0085     0.0000 -123.90680   38.85268      99.34         14  0.000e+00
      52110   2171.208     20.228     20.383    10.8264    10.8500  37.349643  37.365935    10.8240    10.8476    33.4642    33.4588    25.6109    25.6025     7.2333     7.5139    220.399    228.950     2.1734     2.1148     0.0708     0.7455     3.2234     0.0085     0.0000 -123.90680   38.85268      99.32         14  0.000e+00
      52111   2171.250     20.275     20.430    10.8295    10.8496  37.351385  37.365742    10.8271    10.8472    33.4630    33.4590    25.6094    25.6027     7.2381     7.5140    220.547    228.953     2.1746     2.1148     0.0708     0.7455     3.2247     0.0085     0.0000 -123.90680   38.85268      99.34         14  0.000e+00
      52112   2171.292     20.222     20.377    10.8347    10.8492  37.354545  37.365806    10.8323    10.8468    33.4615    33.4595    25.6073    25.6032     7.2425     7.5197    220.682    229.127     2.1758     2.1160     0.0720     0.7760     3.2247     0.0098     0.0000 -123.90680   38.85268      99.34         14  0.000e+00
      52113   2171.333     20.228     20.383    10.8405    10.8496  37.356674  37.365613    10.8381    10.8472    33.4583    33.4588    25.6038    25.6026     7.2418     7.5196    220.659    229.125     2.1758     2.1160     0.0720     0.7760     3.2247     0.0085     0.0000 -123.90680   38.85268      99.34         14  0.000e+00
      52114   2171.375     20.222     20.377    10.8443    10.8499  37.361577  37.366967    10.8419    10.8474    33.4597    33.4600    25.6042    25.6035     7.2463     7.5195    220.797    229.122     2.1770     2.1160     0.0720     0.7760     3.2247     0.0085     0.0000 -123.90680   38.85268      99.34         14  0.000e+00
      52115   2171.417     20.228     20.383    10.8471    10.8507  37.366997  37.368450    10.8447    10.8482    33.4626    33.4608    25.6060    25.6039     7.2457     7.5251    220.779    229.290     2.1770     2.1172     0.0720     0.7760     3.2247     0.0085     0.0000 -123.90680   38.85268      99.34         14  0.000e+00
      52116   2171.458     20.222     20.377    10.8500    10.8518  37.369320  37.368837    10.8476    10.8494    33.4622    33.4601    25.6052    25.6032     7.2505     7.5249    220.925    229.285     2.1783     2.1172     0.0720     0.7760     3.2234     0.0085     0.0000 -123.90680   38.85268      99.34         14  0.000e+00
      52117   2171.500     20.228     20.383    10.8522    10.8530  37.370159  37.368579    10.8497    10.8506    33.4611    33.4587    25.6039    25.6019     7.2502     7.5304    220.916    229.455     2.1783     2.1184     0.0720     0.7760     3.2234     0.0085     0.0000 -123.90680   38.85268      99.34         14  0.000e+00
      52118   2171.542     20.222     20.377    10.8540    10.8530  37.370352  37.368708    10.8516    10.8506    33.4596    33.4589    25.6024    25.6020     7.2500     7.5304    220.909    229.454     2.1783     2.1184     0.0720     0.7760     3.2234     0.0085     0.0000 -123.90680   38.85268      99.34         14  0.000e+00
      52119   2171.583     20.228     20.383    10.8543    10.8526  37.370094  37.367805    10.8519    10.8502    33.4591    33.4583    25.6020    25.6017     7.2552     7.5305    221.068    229.458     2.1795     2.1184     0.0720     0.7760     3.2234     0.0085     0.0000 -123.90680   38.85268      99.34         14  0.000e+00
      52120   2171.625     20.222     20.377    10.8538    10.8518  37.369707  37.366966    10.8514    10.8494    33.4591    33.4582    25.6021    25.6017     7.2553     7.5363    221.070    229.635     2.1795     2.1197     0.0720     0.7760     3.2234     0.0098     0.0000 -123.90680   38.85268      99.34         14  0.000e+00
      52121   2171.667     20.275     20.430    10.8531    10.8496  37.370417  37.365355    10.8507    10.8472    33.4604    33.4586    25.6032    25.6024     7.2606     7.5368    221.233    229.648     2.1807     2.1197     0.0720     0.7760     3.2234     0.0085     0.0000 -123.90680   38.85268      99.34         14  0.000e+00
      52122   2171.708     20.222     20.377    10.8536    10.8485  37.371126  37.363614    10.8512    10.8461    33.4607    33.4579    25.6034    25.6020     7.2605     7.5369    221.228    229.653     2.1807     2.1197     0.0720     0.7760     3.2234     0.0085     0.0000 -123.90680   38.85268      99.34         14  0.000e+00
      52123   2171.750     20.275     20.430    10.8530    10.8477  37.371772  37.362969    10.8506    10.8452    33.4619    33.4580    25.6044    25.6023     7.2606     7.5428    221.231    229.833     2.1807     2.1209     0.0720     0.7760     3.2234     0.0085     0.0000 -123.90680   38.85268      99.34         14  0.000e+00
