WCOA/WCOA-6/CTD_Data/RB2102_CTD_065_01.ros
* Sea-Bird SBE 9 Data File:
* FileName = C:\Users\scs.user.rb\CTD\RB2102\Data\RB2102_CTD_065_01.hex
* Software Version Seasave V 7.26.7.107
* Temperature SN = 6202
* Conductivity SN = 4907
* Number of Bytes Per Scan = 41
* Number of Voltage Words = 4
* Number of Scans Averaged by the Deck Unit = 1
* NMEA Latitude = 41 58.52 N
* NMEA Longitude = 124 24.95 W
* NMEA UTC (Time) = Jul 06 2021  22:51:55
* NMEA baud rate = 4800
# nquan = 30
# nvalues = 637                                   
# units = specified
# name 0 = scan: Scan Count
# name 1 = timeS: Time, Elapsed [seconds]
# name 2 = depSM: Depth [salt water, m]
# name 3 = prDM: Pressure, Digiquartz [db]
# name 4 = t090C: Temperature [ITS-90, deg C]
# name 5 = t190C: Temperature, 2 [ITS-90, deg C]
# name 6 = c0mS/cm: Conductivity [mS/cm]
# name 7 = c1mS/cm: Conductivity, 2 [mS/cm]
# name 8 = potemp090C: Potential Temperature [ITS-90, deg C]
# name 9 = potemp190C: Potential Temperature, 2 [ITS-90, deg C]
# name 10 = sal00: Salinity, Practical [PSU]
# name 11 = sal11: Salinity, Practical, 2 [PSU]
# name 12 = sigma-é00: Density [sigma-theta, kg/m^3]
# name 13 = sigma-é11: Density, 2 [sigma-theta, kg/m^3]
# name 14 = sbeox0Mg/L: Oxygen, SBE 43 [mg/l]
# name 15 = sbeox1Mg/L: Oxygen, SBE 43, 2 [mg/l]
# name 16 = sbox0Mm/Kg: Oxygen, SBE 43 [umol/kg]
# name 17 = sbox1Mm/Kg: Oxygen, SBE 43, 2 [umol/kg]
# name 18 = sbeox0V: Oxygen raw, SBE 43 [V]
# name 19 = sbeox1V: Oxygen raw, SBE 43, 2 [V]
# name 20 = v4: Voltage 4
# name 21 = flECO-AFL: Fluorescence, WET Labs ECO-AFL/FL [mg/m^3]
# name 22 = v3: Voltage 3
# name 23 = v6: Voltage 6
# name 24 = v7: Voltage 7
# name 25 = longitude: Longitude [deg]
# name 26 = latitude: Latitude [deg]
# name 27 = altM: Altimeter [m]
# name 28 = nbf: Bottles Fired
# name 29 = flag:  0.000e+00
# interval = seconds: 0.0416667
# start_time = Jul 06 2021 22:51:55 [NMEA time, header]
# bad_flag = -9.990e-29
*END*
[from data line 291]
      23520    979.958     39.429     39.744     8.5772     8.5793  35.585858  35.585371     8.5731     8.5752    33.7496    33.7470    26.2055    26.2032     4.8407     5.0315    147.410    153.223     1.5580     1.5250     0.0586     0.4402     3.2821     0.0159     0.0012 -124.41608   41.97520      44.86          6  0.000e+00
      23521    980.000     39.376     39.691     8.5774     8.5799  35.585478  35.585497     8.5733     8.5758    33.7490    33.7466    26.2051    26.2028     4.8351     5.0314    147.241    153.220     1.5568     1.5250     0.0586     0.4402     3.2821     0.0159     0.0000 -124.41608   41.97520      44.88          6  0.000e+00
      23522    980.042     39.376     39.691     8.5774     8.5803  35.585225  35.584927     8.5733     8.5762    33.7487    33.7456    26.2049    26.2020     4.8351     5.0254    147.241    153.037     1.5568     1.5238     0.0586     0.4402     3.2821     0.0159     0.0000 -124.41608   41.97520      44.93          6  0.000e+00
      26547   1106.083     29.895     30.134     8.8872     8.9151  35.853110  35.875908     8.8840     8.9120    33.7392    33.7365    26.1492    26.1426     4.8875     5.0443    148.844    153.621     1.5775     1.5372     0.0525     0.2876     3.2808     0.0049     0.0000 -124.41604   41.97522      54.36          7  0.000e+00
      26548   1106.125     30.041     30.281     8.8844     8.9140  35.850953  35.875337     8.8812     8.9108    33.7395    33.7370    26.1498    26.1432     4.8879     5.0445    148.856    153.628     1.5775     1.5372     0.0525     0.2876     3.2808     0.0049     0.0000 -124.41604   41.97522      54.36          7  0.000e+00
      26549   1106.167     29.942     30.181     8.8846     8.9133  35.848413  35.875400     8.8814     8.9102    33.7367    33.7376    26.1476    26.1438     4.8879     5.0445    148.857    153.627     1.5775     1.5372     0.0537     0.3181     3.2796     0.0049     0.0000 -124.41604   41.97522      54.36          7  0.000e+00
      26550   1106.208     29.889     30.127     8.8830     8.9127  35.847334  35.875718     8.8798     8.9095    33.7372    33.7386    26.1482    26.1447     4.8880     5.0386    148.861    153.446     1.5775     1.5360     0.0525     0.2876     3.2796     0.0049     0.0000 -124.41604   41.97522      54.36          7  0.000e+00
      26551   1106.250     29.942     30.181     8.8799     8.9132  35.847842  35.875845     8.8767     8.9100    33.7406    33.7383    26.1514    26.1444     4.8883     5.0445    148.869    153.627     1.5775     1.5372     0.0525     0.2876     3.2808     0.0049     0.0000 -124.41604   41.97522      54.38          7  0.000e+00
      26552   1106.292     29.942     30.181     8.8786     8.9143  35.847398  35.875844     8.8754     8.9112    33.7414    33.7372    26.1522    26.1433     4.8884     5.0444    148.873    153.624     1.5775     1.5372     0.0537     0.3181     3.2796     0.0049     0.0000 -124.41604   41.97522      54.41          7  0.000e+00
      26553   1106.333     29.942     30.181     8.8769     8.9148  35.847589  35.876289     8.8738     8.9116    33.7432    33.7372    26.1539    26.1432     4.8886     5.0444    148.876    153.622     1.5775     1.5372     0.0525     0.2876     3.2796     0.0049     0.0000 -124.41604   41.97522      54.43          7  0.000e+00
      26554   1106.375     29.895     30.134     8.8794     8.9148  35.847334  35.877240     8.8762     8.9116    33.7406    33.7382    26.1515    26.1440     4.8883     5.0443    148.870    153.620     1.5775     1.5372     0.0525     0.2876     3.2808     0.0049     0.0000 -124.41604   41.97522      54.43          7  0.000e+00
      26555   1106.417     29.942     30.181     8.8799     8.9143  35.847398  35.877240     8.8767     8.9112    33.7402    33.7386    26.1511    26.1444     4.8883     5.0444    148.870    153.622     1.5775     1.5372     0.0525     0.2876     3.2796     0.0049     0.0000 -124.41604   41.97522      54.43          7  0.000e+00
      26556   1106.458     29.889     30.127     8.8797     8.9155  35.847017  35.877557     8.8766     8.9123    33.7399    33.7379    26.1509    26.1437     4.8883     5.0383    148.869    153.436     1.5775     1.5360     0.0525     0.2876     3.2796     0.0049     0.0000 -124.41604   41.97522      54.41          7  0.000e+00
      26557   1106.500     29.889     30.127     8.8797     8.9177  35.845874  35.877748     8.8766     8.9146    33.7388    33.7360    26.1500    26.1418     4.8884     5.0380    148.871    153.430     1.5775     1.5360     0.0525     0.2876     3.2796     0.0049     0.0000 -124.41604   41.97522      54.38          7  0.000e+00
      26558   1106.542     29.942     30.181     8.8797     8.9192  35.844605  35.877811     8.8765     8.9161    33.7374    33.7346    26.1489    26.1405     4.8884     5.0379    148.873    153.427     1.5775     1.5360     0.0525     0.2876     3.2796     0.0049     0.0000 -124.41604   41.97522      54.38          7  0.000e+00
      26559   1106.583     29.889     30.127     8.8804     8.9208  35.843335  35.878001     8.8772     8.9177    33.7355    33.7333    26.1473    26.1392     4.8884     5.0378    148.872    153.422     1.5775     1.5360     0.0525     0.2876     3.2796     0.0049     0.0000 -124.41604   41.97522      54.36          7  0.000e+00
      26560   1106.625     29.842     30.081     8.8792     8.9217  35.841558  35.878128     8.8760     8.9185    33.7347    33.7326    26.1469    26.1386     4.8885     5.0376    148.876    153.418     1.5775     1.5360     0.0525     0.2876     3.2808     0.0049     0.0000 -124.41604   41.97522      54.36          7  0.000e+00
      26561   1106.667     29.942     30.181     8.8791     8.9210  35.839654  35.878318     8.8759     8.9179    33.7328    33.7334    26.1454    26.1393     4.8887     5.0378    148.880    153.422     1.5775     1.5360     0.0525     0.2876     3.2808     0.0049     0.0000 -124.41604   41.97522      54.36          7  0.000e+00
      26562   1106.708     29.889     30.127     8.8765     8.9197  35.838448  35.878445     8.8733     8.9165    33.7341    33.7348    26.1468    26.1406     4.8944     5.0378    149.054    153.424     1.5788     1.5360     0.0537     0.3181     3.2796     0.0049     0.0000 -124.41604   41.97522      54.36          7  0.000e+00
      26563   1106.750     29.889     30.127     8.8713     8.9195  35.837750  35.878572     8.8681     8.9163    33.7383    33.7351    26.1509    26.1409     4.8893     5.0379    148.900    153.424     1.5775     1.5360     0.0525     0.2876     3.2796     0.0049     0.0000 -124.41604   41.97522      54.38          7  0.000e+00
      26564   1106.792     29.889     30.127     8.8683     8.9190  35.837624  35.878699     8.8651     8.9159    33.7410    33.7357    26.1535    26.1414     4.8951     5.0379    149.074    153.426     1.5788     1.5360     0.0525     0.2876     3.2808     0.0049     0.0000 -124.41604   41.97522      54.43          7  0.000e+00
      26565   1106.833     29.849     30.087     8.8672     8.9192  35.837370  35.878953     8.8641     8.9161    33.7418    33.7358    26.1543    26.1415     4.8951     5.0378    149.077    153.424     1.5788     1.5360     0.0525     0.2876     3.2796     0.0049     0.0000 -124.41604   41.97522      54.43          7  0.000e+00
      26566   1106.875     29.889     30.127     8.8677     8.9195  35.836799  35.879270     8.8645     8.9163    33.7407    33.7359    26.1534    26.1414     4.8897     5.0378    148.910    153.424     1.5775     1.5360     0.0525     0.2876     3.2808     0.0049     0.0000 -124.41604   41.97522      54.43          7  0.000e+00
      26567   1106.917     29.889     30.127     8.8703     8.9195  35.835910  35.879841     8.8671     8.9163    33.7373    33.7364    26.1503    26.1419     4.8950     5.0378    149.072    153.423     1.5788     1.5360     0.0525     0.2876     3.2808     0.0049     0.0000 -124.41604   41.97522      54.43          7  0.000e+00
      26568   1106.958     29.842     30.081     8.8703     8.9189  35.835719  35.879778     8.8671     8.9157    33.7371    33.7370    26.1502    26.1424     4.8949     5.0378    149.071    153.424     1.5788     1.5360     0.0525     0.2876     3.2808     0.0049     0.0000 -124.41604   41.97522      54.43          7  0.000e+00
      26569   1107.000     29.895     30.134     8.8709     8.9186  35.836164  35.880095     8.8678     8.9154    33.7369    33.7376    26.1499    26.1430     4.8949     5.0379    149.070    153.425     1.5788     1.5360     0.0720     0.7760     3.2796     0.0049     0.0000 -124.41604   41.97522      54.43          7  0.000e+00
      26570   1107.042     29.842     30.081     8.8719     8.9184  35.835846  35.879588     8.8688     8.9152    33.7357    33.7373    26.1488    26.1427     4.8948     5.0379    149.067    153.425     1.5788     1.5360     0.0842     1.0812     3.2808     0.0049     0.0000 -124.41604   41.97522      54.43          7  0.000e+00
      26571   1107.083     29.889     30.127     8.8737     8.9173  35.836417  35.878636     8.8706     8.9141    33.7346    33.7373    26.1476    26.1430     4.8892     5.0381    148.896    153.430     1.5775     1.5360     0.0867     1.1423     3.2796     0.0049     0.0000 -124.41604   41.97522      54.43          7  0.000e+00
      26572   1107.125     29.849     30.087     8.8768     8.9149  35.837369  35.876669     8.8736     8.9118    33.7327    33.7375    26.1456    26.1434     4.8943     5.0383    149.053    153.438     1.5788     1.5360     0.0855     1.1118     3.2784     0.0049     0.0000 -124.41604   41.97522      54.43          7  0.000e+00
      26573   1107.167     29.842     30.081     8.8789     8.9112  35.838067  35.875400     8.8757     8.9081    33.7314    33.7397    26.1443    26.1458     4.8941     5.0387    149.047    153.449     1.5788     1.5360     0.0855     1.1118     3.2808     0.0049     0.0000 -124.41604   41.97522      54.41          7  0.000e+00
      26574   1107.208     29.889     30.127     8.8794     8.9102  35.837305  35.875210     8.8762     8.9071    33.7301    33.7404    26.1432    26.1465     4.8941     5.0388    149.048    153.453     1.5788     1.5360     0.0855     1.1118     3.2808     0.0049     0.0000 -124.41604   41.97522      54.43          7  0.000e+00
      26575   1107.250     29.889     30.127     8.8794     8.9105  35.837432  35.876162     8.8762     8.9074    33.7302    33.7412    26.1433    26.1470     4.8941     5.0388    149.048    153.451     1.5788     1.5360     0.0855     1.1118     3.2808     0.0049     0.0000 -124.41604   41.97522      54.43          7  0.000e+00
      26576   1107.292     29.796     30.034     8.8812     8.9138  35.837368  35.876859     8.8780     8.9107    33.7285    33.7388    26.1417    26.1446     4.8939     5.0384    149.042    153.440     1.5788     1.5360     0.0855     1.1118     3.2808     0.0049     0.0000 -124.41604   41.97522      54.43          7  0.000e+00
      26577   1107.333     29.889     30.127     8.8807     8.9155  35.837495  35.878065     8.8775     8.9123    33.7291    33.7384    26.1422    26.1441     4.8940     5.0442    149.044    153.617     1.5788     1.5372     0.0855     1.1118     3.2808     0.0049     0.0000 -124.41604   41.97522      54.43          7  0.000e+00
      26578   1107.375     29.842     30.081     8.8776     8.9169  35.837622  35.878446     8.8744     8.9138    33.7322    33.7375    26.1451    26.1431     4.8943     5.0381    149.051    153.431     1.5788     1.5360     0.0855     1.1118     3.2808     0.0049     0.0000 -124.41604   41.97522      54.43          7  0.000e+00
      26579   1107.417     29.849     30.087     8.8753     8.9174  35.837813  35.879588     8.8722     8.9142    33.7345    33.7382    26.1473    26.1436     4.8944     5.0380    149.056    153.428     1.5788     1.5360     0.0855     1.1118     3.2808     0.0049     0.0000 -124.41604   41.97522      54.43          7  0.000e+00
      26580   1107.458     29.889     30.127     8.8763     8.9184  35.837178  35.880032     8.8731     8.9152    33.7329    33.7377    26.1459    26.1431     4.8944     5.0439    149.055    153.607     1.5788     1.5372     0.0855     1.1118     3.2796     0.0049     0.0000 -124.41604   41.97522      54.43          7  0.000e+00
      26581   1107.500     29.842     30.081     8.8758     8.9190  35.836480  35.880222     8.8727     8.9159    33.7327    33.7373    26.1458    26.1427     4.8944     5.0438    149.056    153.604     1.5788     1.5372     0.0842     1.0812     3.2808     0.0049     0.0000 -124.41604   41.97522      54.41          7  0.000e+00
      26582   1107.542     29.889     30.127     8.8735     8.9196  35.835592  35.880349     8.8704     8.9164    33.7339    33.7369    26.1471    26.1423     4.8947     5.0437    149.064    153.604     1.5788     1.5372     0.0855     1.1118     3.2808     0.0049     0.0000 -124.41604   41.97522      54.38          7  0.000e+00
      26583   1107.583     29.895     30.134     8.8693     8.9204  35.835846  35.880730     8.8661     8.9172    33.7382    33.7366    26.1511    26.1419     4.8951     5.0437    149.074    153.601     1.5788     1.5372     0.0855     1.1118     3.2784     0.0049     0.0000 -124.41604   41.97522      54.38          7  0.000e+00
      26584   1107.625     29.842     30.081     8.8666     8.9210  35.837687  35.880666     8.8634     8.9179    33.7427    33.7359    26.1551    26.1412     4.8952     5.0376    149.078    153.417     1.5788     1.5360     0.0855     1.1118     3.2796     0.0049     0.0000 -124.41604   41.97522      54.38          7  0.000e+00
      26585   1107.667     29.842     30.081     8.8660     8.9220  35.839655  35.880666     8.8629     8.9188    33.7453    33.7350    26.1572    26.1404     4.8952     5.0435    149.077    153.596     1.5788     1.5372     0.0855     1.1118     3.2796     0.0049     0.0000 -124.41604   41.97522      54.38          7  0.000e+00
      26586   1107.708     29.895     30.134     8.8680     8.9226  35.840353  35.880412     8.8648     8.9195    33.7441    33.7341    26.1560    26.1396     4.8950     5.0435    149.072    153.596     1.5788     1.5372     0.0855     1.1118     3.2796     0.0049     0.0000 -124.41604   41.97522      54.38          7  0.000e+00
      26587   1107.750     29.842     30.081     8.8722     8.9230  35.841178  35.880793     8.8691     8.9198    33.7410    33.7342    26.1529    26.1396     4.8946     5.0434    149.060    153.593     1.5788     1.5372     0.0855     1.1118     3.2784     0.0049     0.0000 -124.41604   41.97522      54.36          7  0.000e+00
      26588   1107.792     29.889     30.127     8.8776     8.9238  35.840669  35.881174     8.8744     8.9206    33.7353    33.7338    26.1476    26.1391     4.8942     5.0433    149.048    153.592     1.5788     1.5372     0.0855     1.1118     3.2796     0.0049     0.0000 -124.41604   41.97522      54.33          7  0.000e+00
      26589   1107.833     29.842     30.081     8.8804     8.9233  35.839971  35.881427     8.8772     8.9202    33.7320    33.7345    26.1446    26.1398     4.8939     5.0433    149.041    153.592     1.5788     1.5372     0.0855     1.1118     3.2784     0.0049     0.0000 -124.41604   41.97522      54.33          7  0.000e+00
      26590   1107.875     29.895     30.134     8.8812     8.9217  35.839082  35.880857     8.8780     8.9185    33.7303    33.7354    26.1431    26.1408     4.8939     5.0435    149.042    153.598     1.5788     1.5372     0.0855     1.1118     3.2808     0.0049     0.0000 -124.41604   41.97522      54.33          7  0.000e+00
