WCOA/WCOA-6/CTD_Data/RB2102_CTD_094_01.ros
* Sea-Bird SBE 9 Data File:
* FileName = C:\Users\scs.user.rb\CTD\RB2102\Data\RB2102_CTD_094_01.hex
* Software Version Seasave V 7.26.7.107
* Temperature SN = 6202
* Conductivity SN = 4907
* Number of Bytes Per Scan = 41
* Number of Voltage Words = 4
* Number of Scans Averaged by the Deck Unit = 1
* NMEA Latitude = 37 39.45 N
* NMEA Longitude = 122 59.79 W
* NMEA UTC (Time) = Jul 13 2021  03:32:26
* NMEA baud rate = 4800
# nquan = 30
# nvalues = 1122                                  
# units = specified
# name 0 = scan: Scan Count
# name 1 = timeS: Time, Elapsed [seconds]
# name 2 = depSM: Depth [salt water, m]
# name 3 = prDM: Pressure, Digiquartz [db]
# name 4 = t090C: Temperature [ITS-90, deg C]
# name 5 = t190C: Temperature, 2 [ITS-90, deg C]
# name 6 = c0mS/cm: Conductivity [mS/cm]
# name 7 = c1mS/cm: Conductivity, 2 [mS/cm]
# name 8 = potemp090C: Potential Temperature [ITS-90, deg C]
# name 9 = potemp190C: Potential Temperature, 2 [ITS-90, deg C]
# name 10 = sal00: Salinity, Practical [PSU]
# name 11 = sal11: Salinity, Practical, 2 [PSU]
# name 12 = sigma-é00: Density [sigma-theta, kg/m^3]
# name 13 = sigma-é11: Density, 2 [sigma-theta, kg/m^3]
# name 14 = sbeox0Mg/L: Oxygen, SBE 43 [mg/l]
# name 15 = sbeox1Mg/L: Oxygen, SBE 43, 2 [mg/l]
# name 16 = sbox0Mm/Kg: Oxygen, SBE 43 [umol/kg]
# name 17 = sbox1Mm/Kg: Oxygen, SBE 43, 2 [umol/kg]
# name 18 = sbeox0V: Oxygen raw, SBE 43 [V]
# name 19 = sbeox1V: Oxygen raw, SBE 43, 2 [V]
# name 20 = v4: Voltage 4
# name 21 = flECO-AFL: Fluorescence, WET Labs ECO-AFL/FL [mg/m^3]
# name 22 = v3: Voltage 3
# name 23 = v6: Voltage 6
# name 24 = v7: Voltage 7
# name 25 = longitude: Longitude [deg]
# name 26 = latitude: Latitude [deg]
# name 27 = altM: Altimeter [m]
# name 28 = nbf: Bottles Fired
# name 29 = flag:  0.000e+00
# interval = seconds: 0.0416667
# start_time = Jul 13 2021 03:32:26 [NMEA time, header]
# bad_flag = -9.990e-29
*END*
[from data line 677]
      33493   1395.500     30.185     30.414     9.8719     9.8709  36.936434  36.936684     9.8685     9.8675    33.9280    33.9292    26.1370    26.1382     3.6874     3.8127    112.299    116.114     1.3297     1.3040     0.0513     0.2571     3.3639     0.0855     0.1026 -122.99664   37.65746      58.56         14  0.000e+00
      33494   1395.542     30.185     30.414     9.8721     9.8709  36.936498  36.936812     9.8687     9.8675    33.9279    33.9294    26.1369    26.1383     3.6821     3.8127    112.136    116.114     1.3284     1.3040     0.0513     0.2571     3.3639     0.0855     0.1013 -122.99664   37.65746      58.56         14  0.000e+00
      33495   1395.583     30.185     30.414     9.8717     9.8709  36.936305  36.937069     9.8683     9.8675    33.9281    33.9296    26.1371    26.1385     3.6875     3.8127    112.300    116.114     1.3297     1.3040     0.0525     0.2876     3.3639     0.0867     0.1026 -122.99664   37.65746      58.56         14  0.000e+00
      33496   1395.625     30.185     30.414     9.8717     9.8708  36.936112  36.936940     9.8683     9.8674    33.9279    33.9295    26.1369    26.1384     3.6875     3.8127    112.300    116.114     1.3297     1.3040     0.0513     0.2571     3.3639     0.0879     0.1050 -122.99664   37.65746      58.56         14  0.000e+00
      33497   1395.667     30.231     30.460     9.8713     9.8706  36.936434  36.936620     9.8678     9.8671    33.9286    33.9295    26.1376    26.1384     3.6875     3.8128    112.301    116.115     1.3297     1.3040     0.0513     0.2571     3.3639     0.0879     0.1050 -122.99664   37.65746      58.56         14  0.000e+00
      33498   1395.708     30.185     30.414     9.8707     9.8707  36.936048  36.936748     9.8673     9.8673    33.9288    33.9295    26.1378    26.1384     3.6875     3.8127    112.302    116.114     1.3297     1.3040     0.0513     0.2571     3.3639     0.0891     0.1062 -122.99664   37.65746      58.56         14  0.000e+00
      33499   1395.750     30.231     30.461     9.8708     9.8709  36.935663  36.936876     9.8673     9.8675    33.9283    33.9294    26.1374    26.1383     3.6876     3.8127    112.303    116.114     1.3297     1.3040     0.0513     0.2571     3.3651     0.0891     0.1074 -122.99664   37.65746      58.53         14  0.000e+00
      33500   1395.792     30.185     30.414     9.8707     9.8706  36.936177  36.936427     9.8673     9.8671    33.9289    33.9293    26.1379    26.1382     3.6875     3.8127    112.302    116.115     1.3297     1.3040     0.0513     0.2571     3.3639     0.0891     0.1074 -122.99664   37.65746      58.53         14  0.000e+00
      33501   1395.833     30.231     30.461     9.8708     9.8704  36.936048  36.936491     9.8673     9.8669    33.9287    33.9295    26.1377    26.1384     3.6876     3.8128    112.302    116.116     1.3297     1.3040     0.0513     0.2571     3.3639     0.0891     0.1062 -122.99664   37.65746      58.53         14  0.000e+00
      36273   1511.333     19.593     19.741    11.5764    11.4204  38.346807  38.238531    11.5739    11.4180    33.7661    33.8021    25.7104    25.7670     8.8783     8.6044    270.497    262.136     2.5958     2.3773     0.1709     3.2485     3.3529     0.0989     0.1099 -122.99664   37.65746      69.33         15  0.000e+00
      36274   1511.375     19.692     19.841    11.5807    11.4252  38.342113  38.239702    11.5782    11.4228    33.7575    33.7988    25.7029    25.7636     8.8781     8.5981    270.491    261.946     2.5958     2.3761     0.1709     3.2485     3.3529     0.0989     0.1099 -122.99664   37.65746      69.33         15  0.000e+00
      36275   1511.417     19.593     19.741    11.5836    11.4277  38.340613  38.239701    11.5812    11.4253    33.7534    33.7966    25.6992    25.7614     8.8776     8.5920    270.478    261.761     2.5958     2.3748     0.1709     3.2485     3.3529     0.0989     0.1087 -122.99664   37.65746      69.33         15  0.000e+00
      36276   1511.458     19.692     19.841    11.5871    11.4221  38.344525  38.237099    11.5846    11.4197    33.7540    33.7991    25.6990    25.7644     8.8821     8.5875    270.616    261.622     2.5971     2.3736     0.1709     3.2485     3.3529     0.0989     0.1099 -122.99664   37.65746      69.33         15  0.000e+00
      36277   1511.500     19.593     19.741    11.5874    11.4126  38.353000  38.233260    11.5850    11.4101    33.7621    33.8041    25.7052    25.7700     8.8815     8.5890    270.596    261.667     2.5971     2.3736     0.1709     3.2485     3.3529     0.0989     0.1111 -122.99664   37.65746      69.30         15  0.000e+00
      36278   1511.542     19.692     19.841    11.5870    11.4054  38.363368  38.229226    11.5845    11.4029    33.7726    33.8067    25.7135    25.7734     8.8811     8.5848    270.582    261.537     2.5971     2.3724     0.1709     3.2485     3.3529     0.1001     0.1099 -122.99664   37.65746      69.30         15  0.000e+00
      36279   1511.583     19.639     19.788    11.5902    11.4001  38.371845  38.223955    11.5878    11.3977    33.7780    33.8064    25.7171    25.7741     8.8801     8.5858    270.550    261.568     2.5971     2.3724     0.1709     3.2485     3.3529     0.1001     0.1111 -122.99664   37.65746      69.30         15  0.000e+00
      36280   1511.625     19.692     19.841    11.5937    11.3941  38.376736  38.217774    11.5913    11.3917    33.7796    33.8057    25.7176    25.7747     8.8743     8.5814    270.372    261.435     2.5958     2.3712     0.1709     3.2485     3.3541     0.1001     0.1099 -122.99664   37.65746      69.30         15  0.000e+00
      36281   1511.667     19.646     19.794    11.5980    11.3920  38.379018  38.212634    11.5955    11.3895    33.7780    33.8026    25.7156    25.7727     8.8786     8.5820    270.505    261.452     2.5971     2.3712     0.1709     3.2485     3.3541     0.1013     0.1123 -122.99664   37.65746      69.30         15  0.000e+00
      36282   1511.708     19.692     19.841    11.5996    11.3946  38.378953  38.208925    11.5972    11.3922    33.7764    33.7965    25.7141    25.7674     8.8785     8.5818    270.500    261.449     2.5971     2.3712     0.1697     3.2180     3.3541     0.1013     0.1123 -122.99664   37.65746      69.33         15  0.000e+00
      36283   1511.750     19.646     19.794    11.5977    11.3950  38.379018  38.202094    11.5952    11.3925    33.7782    33.7895    25.7158    25.7619     8.8787     8.5765    270.506    261.288     2.5971     2.3700     0.1709     3.2485     3.3529     0.1001     0.1111 -122.99664   37.65746      69.35         15  0.000e+00
      36284   1511.792     19.692     19.841    11.5973    11.3811  38.378105  38.187328    11.5948    11.3787    33.7777    33.7876    25.7155    25.7629     8.8788     8.5794    270.511    261.375     2.5971     2.3700     0.1709     3.2485     3.3529     0.1001     0.1111 -122.99664   37.65746      69.33         15  0.000e+00
      36285   1511.833     19.692     19.841    11.5983    11.3586  38.376279  38.172761    11.5958    11.3561    33.7750    33.7939    25.7132    25.7720     8.8788     8.5779    270.510    261.327     2.5971     2.3687     0.1709     3.2485     3.3541     0.1001     0.1111 -122.99664   37.65746      69.33         15  0.000e+00
      36286   1511.875     19.692     19.841    11.5995    11.3639  38.374779  38.175622    11.5971    11.3614    33.7724    33.7919    25.7110    25.7694     8.8787     8.5769    270.508    261.299     2.5971     2.3687     0.1709     3.2485     3.3529     0.1001     0.1111 -122.99664   37.65746      69.33         15  0.000e+00
      36287   1511.917     19.692     19.841    11.5983    11.3792  38.370671  38.187979    11.5958    11.3767    33.7695    33.7900    25.7089    25.7652     8.8740     8.5740    270.364    261.211     2.5958     2.3687     0.1709     3.2485     3.3541     0.0989     0.1111 -122.99664   37.65746      69.33         15  0.000e+00
      36288   1511.958     19.692     19.841    11.5892    11.3835  38.367411  38.194418    11.5868    11.3811    33.7745    33.7924    25.7146    25.7662     8.8806     8.5674    270.565    261.010     2.5971     2.3675     0.1709     3.2485     3.3541     0.1001     0.1111 -122.99664   37.65746      69.28         15  0.000e+00
      36289   1512.000     19.745     19.895    11.5870    11.3840  38.366955  38.196696    11.5845    11.3815    33.7761    33.7942    25.7162    25.7676     8.8810     8.5673    270.577    261.006     2.5971     2.3675     0.1709     3.2485     3.3541     0.1001     0.1111 -122.99664   37.65746      69.23         15  0.000e+00
      36290   1512.042     19.692     19.841    11.5853    11.3860  38.360956  38.193377    11.5828    11.3835    33.7718    33.7891    25.7132    25.7632     8.8815     8.5671    270.593    261.002     2.5971     2.3675     0.1709     3.2485     3.3529     0.0989     0.1099 -122.99664   37.65746      69.23         15  0.000e+00
      36291   1512.083     19.745     19.895    11.5632    11.3799  38.338008  38.182255    11.5608    11.3774    33.7694    33.7837    25.7153    25.7601     8.8860     8.5687    270.730    261.050     2.5971     2.3675     0.1709     3.2485     3.3529     0.1001     0.1111 -122.99664   37.65746      69.23         15  0.000e+00
      36292   1512.125     19.739     19.888    11.5249    11.3625  38.307834  38.162485    11.5224    11.3601    33.7748    33.7801    25.7266    25.7605     8.8932     8.5723    270.946    261.159     2.5971     2.3675     0.1709     3.2485     3.3529     0.1013     0.1111 -122.99664   37.65746      69.23         15  0.000e+00
      36293   1512.167     19.692     19.841    11.4951    11.3172  38.292719  38.136871    11.4926    11.3147    33.7871    33.7964    25.7417    25.7815     8.8983     8.5803    271.096    261.398     2.5971     2.3675     0.1746     3.3401     3.3529     0.1013     0.1123 -122.99664   37.65746      69.23         15  0.000e+00
      36294   1512.208     19.785     19.935    11.4841    11.2901  38.292916  38.131283    11.4817    11.2876    33.7973    33.8157    25.7516    25.8014     8.8999     8.5791    271.145    261.356     2.5971     2.3663     0.1758     3.3706     3.3541     0.1026     0.1136 -122.99664   37.65746      69.18         15  0.000e+00
      36295   1512.250     19.745     19.895    11.4987    11.2753  38.286463  38.141167    11.4962    11.2729    33.7777    33.8390    25.7337    25.8222     8.8930     8.5863    270.938    261.571     2.5958     2.3675     0.1758     3.3706     3.3529     0.1013     0.1123 -122.99664   37.65746      69.16         15  0.000e+00
      36296   1512.292     19.739     19.888    11.4986    11.2816  38.283661  38.151830    11.4961    11.2792    33.7750    33.8438    25.7317    25.8248     8.8932     8.5791    270.944    261.353     2.5958     2.3663     0.1758     3.3706     3.3529     0.1001     0.1111 -122.99664   37.65746      69.13         15  0.000e+00
      36297   1512.333     19.785     19.935    11.5029    11.3070  38.290242  38.160866    11.5004    11.3046    33.7776    33.8294    25.7328    25.8089     8.8922     8.5750    270.915    261.229     2.5958     2.3663     0.1758     3.3706     3.3541     0.0989     0.1111 -122.99664   37.65746      69.13         15  0.000e+00
      36298   1512.375     19.745     19.895    11.5053    11.3286  38.297474  38.168277    11.5028    11.3262    33.7825    33.8169    25.7362    25.7953     8.8914     8.5770    270.890    261.294     2.5958     2.3675     0.1758     3.3706     3.3541     0.1001     0.1111 -122.99664   37.65746      69.13         15  0.000e+00
      36299   1512.417     19.785     19.935    11.5081    11.3481  38.300146  38.174519    11.5056    11.3456    33.7825    33.8052    25.7357    25.7827     8.8909     8.5682    270.875    261.029     2.5958     2.3663     0.1758     3.3706     3.3529     0.1026     0.1136 -122.99664   37.65746      69.13         15  0.000e+00
      36300   1512.458     19.745     19.895    11.5050    11.3607  38.297605  38.179785    11.5025    11.3582    33.7829    33.7989    25.7366    25.7754     8.8915     8.5660    270.891    260.965     2.5958     2.3663     0.1758     3.3706     3.3529     0.1026     0.1136 -122.99664   37.65746      69.16         15  0.000e+00
      36301   1512.500     19.838     19.988    11.5043    11.3670  38.293500  38.181801    11.5018    11.3645    33.7794    33.7950    25.7340    25.7713     8.8919     8.5651    270.905    260.937     2.5958     2.3663     0.1758     3.3706     3.3541     0.1050     0.1172 -122.99664   37.65746      69.16         15  0.000e+00
      36302   1512.542     19.745     19.895    11.5162    11.3680  38.290175  38.182842    11.5137    11.3655    33.7654    33.7952    25.7209    25.7712     8.8903     8.5648    270.858    260.928     2.5958     2.3663     0.1758     3.3706     3.3529     0.1087     0.1209 -122.99664   37.65746      69.16         15  0.000e+00
      36303   1512.583     19.838     19.988    11.5172    11.3692  38.286266  38.182321    11.5147    11.3667    33.7605    33.7935    25.7169    25.7697     8.8853     8.5647    270.708    260.927     2.5946     2.3663     0.1758     3.3706     3.3529     0.1074     0.1209 -122.99664   37.65746      69.16         15  0.000e+00
      36304   1512.625     19.792     19.941    11.5073    11.3696  38.237411  38.177768    11.5048    11.3672    33.7216    33.7886    25.6885    25.7659     8.8945     8.5648    270.996    260.932     2.5958     2.3663     0.1758     3.3706     3.3516     0.1062     0.1184 -122.99664   37.65746      69.16         15  0.000e+00
      36305   1512.667     19.785     19.935    11.5091    11.3644  38.253954  38.172370    11.5066    11.3619    33.7362    33.7882    25.6996    25.7664     8.8934     8.5659    270.958    260.964     2.5958     2.3663     0.1758     3.3706     3.3529     0.1026     0.1148 -122.99664   37.65746      69.16         15  0.000e+00
      36306   1512.708     19.838     19.988    11.5136    11.3580  38.290697  38.169054    11.5111    11.3555    33.7682    33.7907    25.7235    25.7696     8.8907     8.5615    270.871    260.828     2.5958     2.3651     0.1746     3.3401     3.3553     0.1013     0.1136 -122.99664   37.65746      69.08         15  0.000e+00
      36307   1512.750     19.838     19.988    11.5029    11.3567  38.290372  38.168014    11.5004    11.3543    33.7777    33.7908    25.7329    25.7699     8.8923     8.5673    270.917    261.006     2.5958     2.3663     0.1758     3.3706     3.3541     0.1026     0.1148 -122.99664   37.65746      69.04         15  0.000e+00
      36308   1512.792     19.838     19.988    11.4824    11.3539  38.279559  38.167949    11.4800    11.3514    33.7857    33.7934    25.7429    25.7724     8.8958     8.5621    271.022    260.847     2.5958     2.3651     0.1758     3.3706     3.3529     0.1026     0.1148 -122.99664   37.65746      69.01         15  0.000e+00
      36309   1512.833     19.838     19.988    11.4802    11.3546  38.281644  38.168014    11.4777    11.3521    33.7898    33.7928    25.7465    25.7719     8.8960     8.5620    271.027    260.844     2.5958     2.3651     0.1758     3.3706     3.3541     0.1074     0.1197 -122.99664   37.65746      69.04         15  0.000e+00
      36310   1512.875     19.792     19.941    11.4848    11.3570  38.288615  38.166778    11.4823    11.3546    33.7925    33.7894    25.7477    25.7687     8.8898     8.5617    270.836    260.835     2.5946     2.3651     0.1758     3.3706     3.3541     0.1074     0.1197 -122.99664   37.65746      69.04         15  0.000e+00
      36311   1512.917     19.884     20.035    11.4949    11.3564  38.292980  38.165087    11.4924    11.3540    33.7875    33.7882    25.7420    25.7679     8.8882     8.5620    270.790    260.843     2.5946     2.3651     0.1758     3.3706     3.3529     0.1026     0.1148 -122.99664   37.65746      69.04         15  0.000e+00
