WCOA/WCOA-6/CTD_Data/RB2102_CTD_006_01.cnv
* Sea-Bird SBE 9 Data File:
* FileName = C:\Users\scs.user.rb\CTD\RB2102\Data\RB2102_CTD_006_01.hex
* Software Version Seasave V 7.26.7.107
* Temperature SN = 6202
* Conductivity SN = 4907
* Number of Bytes Per Scan = 41
* Number of Voltage Words = 4
* Number of Scans Averaged by the Deck Unit = 1
* NMEA Latitude = 52 01.06 N
* NMEA Longitude = 129 58.22 W
* NMEA UTC (Time) = Jun 26 2021  04:00:57
* NMEA baud rate = 4800
# nquan = 6
# nvalues = 58609                                 
# units = specified
# name 0 = prDM: Pressure, Digiquartz [db]
# name 1 = depSM: Depth [salt water, m]
# name 2 = t090C: Temperature [ITS-90, deg C]
# name 3 = sal00: Salinity, Practical [PSU]
# name 4 = c0S/m: Conductivity [S/m]
# name 5 = flag:  0.000e+00
# span 0 =      0.614,    121.312                 
# span 1 =      0.608,    120.214                 
# span 2 =     6.6431,    14.9953                 
# span 3 =     0.0000,    33.2906                 
# span 4 =  -0.000047,   3.794307                 
# span 5 = 0.0000e+00, 0.0000e+00                 
# interval = seconds: 0.0416667
# start_time = Jun 26 2021 04:00:58 [System UTC, first data scan.]
# bad_flag = -9.990e-29
*END*
[from data line 22687]
    108.240    107.264     6.6709    33.2592   3.345852  0.000e+00
    108.280    107.304     6.6712    33.2588   3.345840  0.000e+00
    108.227    107.251     6.6715    33.2585   3.345833  0.000e+00
    108.240    107.264     6.6717    33.2584   3.345852  0.000e+00
    108.180    107.205     6.6718    33.2577   3.345790  0.000e+00
    108.180    107.205     6.6715    33.2578   3.345772  0.000e+00
    108.193    107.218     6.6714    33.2572   3.345704  0.000e+00
    108.180    107.205     6.6712    33.2576   3.345722  0.000e+00
    108.140    107.165     6.6709    33.2586   3.345784  0.000e+00
    108.126    107.152     6.6708    33.2589   3.345803  0.000e+00
    108.126    107.152     6.6707    33.2591   3.345821  0.000e+00
    108.140    107.165     6.6705    33.2597   3.345852  0.000e+00
    108.080    107.105     6.6704    33.2599   3.345864  0.000e+00
    108.126    107.152     6.6704    33.2597   3.345840  0.000e+00
    108.093    107.119     6.6705    33.2597   3.345852  0.000e+00
    108.080    107.106     6.6704    33.2599   3.345864  0.000e+00
    108.080    107.106     6.6707    33.2596   3.345864  0.000e+00
    108.040    107.066     6.6705    33.2598   3.345864  0.000e+00
    108.080    107.106     6.6705    33.2596   3.345840  0.000e+00
    108.033    107.059     6.6708    33.2595   3.345852  0.000e+00
    108.093    107.119     6.6705    33.2595   3.345840  0.000e+00
    108.033    107.059     6.6705    33.2595   3.345833  0.000e+00
    108.080    107.106     6.6708    33.2595   3.345852  0.000e+00
    107.993    107.020     6.6707    33.2591   3.345815  0.000e+00
    108.033    107.059     6.6704    33.2595   3.345821  0.000e+00
    108.033    107.059     6.6703    33.2597   3.345833  0.000e+00
    107.993    107.020     6.6702    33.2600   3.345852  0.000e+00
    107.980    107.006     6.6702    33.2599   3.345840  0.000e+00
    107.980    107.006     6.6703    33.2598   3.345833  0.000e+00
    107.946    106.973     6.6701    33.2602   3.345852  0.000e+00
    107.980    107.006     6.6701    33.2603   3.345864  0.000e+00
    107.993    107.020     6.6698    33.2603   3.345840  0.000e+00
    107.933    106.960     6.6699    33.2604   3.345852  0.000e+00
    107.886    106.914     6.6701    33.2606   3.345883  0.000e+00
    107.946    106.973     6.6701    33.2603   3.345870  0.000e+00
    107.933    106.960     6.6702    33.2602   3.345864  0.000e+00
    107.886    106.914     6.6704    33.2601   3.345864  0.000e+00
    107.946    106.973     6.6703    33.2598   3.345840  0.000e+00
    107.933    106.960     6.6701    33.2600   3.345833  0.000e+00
    107.886    106.914     6.6701    33.2600   3.345833  0.000e+00
    107.946    106.973     6.6702    33.2600   3.345852  0.000e+00
    107.886    106.914     6.6704    33.2595   3.345815  0.000e+00
    107.886    106.914     6.6702    33.2600   3.345846  0.000e+00
    107.893    106.920     6.6702    33.2602   3.345864  0.000e+00
    107.886    106.914     6.6704    33.2597   3.345840  0.000e+00
    107.886    106.914     6.6704    33.2602   3.345877  0.000e+00
    107.846    106.874     6.6707    33.2595   3.345846  0.000e+00
    107.886    106.914     6.6704    33.2597   3.345833  0.000e+00
    107.833    106.861     6.6704    33.2599   3.345852  0.000e+00
    107.846    106.874     6.6705    33.2599   3.345864  0.000e+00
    107.886    106.914     6.6704    33.2595   3.345815  0.000e+00
    107.846    106.874     6.6704    33.2599   3.345846  0.000e+00
    107.833    106.861     6.6704    33.2595   3.345815  0.000e+00
    107.786    106.814     6.6704    33.2594   3.345802  0.000e+00
    107.846    106.874     6.6704    33.2596   3.345821  0.000e+00
    107.833    106.861     6.6707    33.2594   3.345833  0.000e+00
    107.786    106.814     6.6706    33.2595   3.345833  0.000e+00
    107.846    106.874     6.6710    33.2591   3.345833  0.000e+00
    107.786    106.814     6.6709    33.2593   3.345833  0.000e+00
    107.786    106.815     6.6711    33.2588   3.345809  0.000e+00
    107.846    106.874     6.6713    33.2587   3.345821  0.000e+00
    107.786    106.814     6.6712    33.2587   3.345809  0.000e+00
    107.786    106.814     6.6714    33.2586   3.345821  0.000e+00
    107.793    106.821     6.6713    33.2588   3.345833  0.000e+00
    107.786    106.815     6.6717    33.2582   3.345809  0.000e+00
    107.786    106.815     6.6715    33.2586   3.345821  0.000e+00
    107.793    106.821     6.6716    33.2586   3.345833  0.000e+00
    107.732    106.762     6.6717    33.2585   3.345833  0.000e+00
    107.793    106.821     6.6715    33.2584   3.345809  0.000e+00
    107.732    106.762     6.6716    33.2588   3.345846  0.000e+00
    107.733    106.762     6.6715    33.2585   3.345815  0.000e+00
    107.746    106.775     6.6717    33.2582   3.345802  0.000e+00
    107.733    106.762     6.6716    33.2588   3.345846  0.000e+00
    107.786    106.815     6.6717    33.2583   3.345815  0.000e+00
    107.746    106.775     6.6713    33.2587   3.345821  0.000e+00
    107.733    106.762     6.6717    33.2582   3.345809  0.000e+00
    107.686    106.715     6.6713    33.2585   3.345802  0.000e+00
    107.746    106.775     6.6713    33.2587   3.345821  0.000e+00
    107.733    106.762     6.6714    33.2588   3.345833  0.000e+00
    107.733    106.762     6.6710    33.2589   3.345809  0.000e+00
    107.699    106.729     6.6712    33.2589   3.345821  0.000e+00
    107.686    106.715     6.6711    33.2593   3.345852  0.000e+00
    107.699    106.729     6.6710    33.2593   3.345839  0.000e+00
    107.733    106.762     6.6710    33.2589   3.345809  0.000e+00
    107.686    106.715     6.6714    33.2590   3.345846  0.000e+00
    107.646    106.676     6.6717    33.2584   3.345815  0.000e+00
    107.733    106.762     6.6713    33.2587   3.345821  0.000e+00
    107.639    106.669     6.6717    33.2587   3.345852  0.000e+00
    107.699    106.729     6.6715    33.2588   3.345839  0.000e+00
    107.639    106.669     6.6715    33.2585   3.345809  0.000e+00
    107.686    106.715     6.6716    33.2583   3.345802  0.000e+00
    107.646    106.676     6.6717    33.2584   3.345821  0.000e+00
    107.639    106.669     6.6715    33.2588   3.345833  0.000e+00
    107.686    106.716     6.6714    33.2590   3.345852  0.000e+00
    107.646    106.676     6.6715    33.2586   3.345815  0.000e+00
    107.639    106.669     6.6715    33.2584   3.345802  0.000e+00
    107.699    106.729     6.6715    33.2584   3.345802  0.000e+00
    107.586    106.616     6.6716    33.2584   3.345802  0.000e+00
    107.639    106.669     6.6715    33.2584   3.345802  0.000e+00
    107.646    106.676     6.6715    33.2581   3.345778  0.000e+00
    107.639    106.669     6.6714    33.2584   3.345790  0.000e+00
    107.639    106.669     6.6715    33.2584   3.345802  0.000e+00
    107.599    106.629     6.6715    33.2586   3.345821  0.000e+00
    107.586    106.616     6.6716    33.2584   3.345808  0.000e+00
    107.639    106.669     6.6713    33.2586   3.345802  0.000e+00
    107.599    106.630     6.6715    33.2589   3.345846  0.000e+00
    107.586    106.616     6.6711    33.2590   3.345815  0.000e+00
    107.639    106.669     6.6709    33.2590   3.345802  0.000e+00
    107.546    106.577     6.6707    33.2597   3.345846  0.000e+00
    107.586    106.616     6.6709    33.2591   3.345815  0.000e+00
    107.599    106.630     6.6707    33.2592   3.345802  0.000e+00
    107.586    106.616     6.6710    33.2589   3.345802  0.000e+00
    107.586    106.616     6.6713    33.2584   3.345778  0.000e+00
    107.599    106.630     6.6712    33.2584   3.345771  0.000e+00
    107.586    106.616     6.6712    33.2586   3.345790  0.000e+00
    107.586    106.616     6.6716    33.2584   3.345802  0.000e+00
    107.546    106.577     6.6712    33.2587   3.345802  0.000e+00
    107.586    106.616     6.6712    33.2589   3.345821  0.000e+00
    107.586    106.616     6.6714    33.2586   3.345809  0.000e+00
    107.599    106.630     6.6715    33.2582   3.345778  0.000e+00
    107.586    106.617     6.6715    33.2583   3.345790  0.000e+00
    107.586    106.616     6.6717    33.2584   3.345821  0.000e+00
    107.546    106.577     6.6713    33.2587   3.345808  0.000e+00
    107.539    106.570     6.6715    33.2582   3.345778  0.000e+00
    107.599    106.630     6.6717    33.2579   3.345771  0.000e+00
    107.539    106.570     6.6717    33.2581   3.345790  0.000e+00
    107.586    106.617     6.6720    33.2572   3.345728  0.000e+00
    107.546    106.577     6.6722    33.2575   3.345778  0.000e+00
    107.586    106.617     6.6722    33.2572   3.345753  0.000e+00
    107.539    106.570     6.6725    33.2569   3.345740  0.000e+00
    107.600    106.630     6.6725    33.2568   3.345741  0.000e+00
    107.539    106.570     6.6728    33.2565   3.345740  0.000e+00
    107.586    106.617     6.6728    33.2562   3.345716  0.000e+00
    107.546    106.577     6.6728    33.2562   3.345710  0.000e+00
    107.586    106.617     6.6727    33.2565   3.345728  0.000e+00
    107.600    106.630     6.6728    33.2562   3.345716  0.000e+00
    107.539    106.570     6.6728    33.2562   3.345710  0.000e+00
    107.539    106.570     6.6730    33.2562   3.345728  0.000e+00
    107.600    106.630     6.6731    33.2556   3.345691  0.000e+00
    107.586    106.617     6.6733    33.2554   3.345679  0.000e+00
    107.586    106.617     6.6735    33.2552   3.345685  0.000e+00
    107.546    106.577     6.6738    33.2549   3.345679  0.000e+00
    107.540    106.570     6.6738    33.2549   3.345679  0.000e+00
    107.586    106.617     6.6739    33.2548   3.345685  0.000e+00
    107.546    106.577     6.6741    33.2546   3.345679  0.000e+00
    107.586    106.617     6.6741    33.2544   3.345660  0.000e+00
    107.540    106.570     6.6739    33.2549   3.345691  0.000e+00
    107.600    106.630     6.6739    33.2548   3.345691  0.000e+00
    107.540    106.570     6.6741    33.2546   3.345679  0.000e+00
    107.546    106.577     6.6741    33.2550   3.345722  0.000e+00
    107.586    106.617     6.6741    33.2545   3.345673  0.000e+00
    107.586    106.617     6.6742    33.2548   3.345716  0.000e+00
    107.546    106.577     6.6739    33.2547   3.345673  0.000e+00
    107.586    106.617     6.6741    33.2543   3.345654  0.000e+00
    107.540    106.571     6.6741    33.2545   3.345673  0.000e+00
    107.600    106.630     6.6741    33.2543   3.345660  0.000e+00
    107.540    106.571     6.6742    33.2542   3.345654  0.000e+00
    107.540    106.571     6.6742    33.2546   3.345691  0.000e+00
    107.546    106.577     6.6743    33.2543   3.345666  0.000e+00
    107.587    106.617     6.6744    33.2542   3.345673  0.000e+00
    107.540    106.571     6.6742    33.2545   3.345685  0.000e+00
    107.546    106.577     6.6743    33.2547   3.345703  0.000e+00
    107.540    106.571     6.6742    33.2540   3.345642  0.000e+00
    107.546    106.577     6.6744    33.2543   3.345685  0.000e+00
    107.540    106.571     6.6744    33.2543   3.345685  0.000e+00
    107.486    106.518     6.6744    33.2541   3.345660  0.000e+00
    107.547    106.577     6.6744    33.2542   3.345673  0.000e+00
    107.540    106.571     6.6744    33.2543   3.345685  0.000e+00
    107.486    106.518     6.6742    33.2543   3.345660  0.000e+00
    107.546    106.577     6.6744    33.2540   3.345654  0.000e+00
    107.486    106.518     6.6746    33.2540   3.345672  0.000e+00
    107.486    106.518     6.6744    33.2543   3.345679  0.000e+00
    107.547    106.577     6.6744    33.2541   3.345660  0.000e+00
    107.486    106.518     6.6743    33.2544   3.345672  0.000e+00
    107.453    106.485     6.6744    33.2543   3.345679  0.000e+00
    107.540    106.571     6.6742    33.2546   3.345697  0.000e+00
    107.440    106.471     6.6741    33.2537   3.345598  0.000e+00
    107.453    106.485     6.6742    33.2532   3.345561  0.000e+00
    107.486    106.518     6.6742    33.2541   3.345648  0.000e+00
    107.440    106.471     6.6744    33.2545   3.345697  0.000e+00
    107.453    106.485     6.6746    33.2540   3.345666  0.000e+00
    107.393    106.425     6.6742    33.2544   3.345672  0.000e+00
    107.393    106.425     6.6744    33.2543   3.345679  0.000e+00
    107.453    106.485     6.6744    33.2546   3.345703  0.000e+00
    107.339    106.372     6.6744    33.2542   3.345666  0.000e+00
    107.453    106.485     6.6746    33.2540   3.345672  0.000e+00
    107.393    106.425     6.6744    33.2544   3.345685  0.000e+00
    107.340    106.372     6.6744    33.2546   3.345703  0.000e+00
    107.353    106.386     6.6746    33.2543   3.345691  0.000e+00
    107.393    106.425     6.6744    33.2541   3.345660  0.000e+00
    107.340    106.372     6.6747    33.2542   3.345691  0.000e+00
    107.299    106.333     6.6744    33.2542   3.345666  0.000e+00
    107.293    106.326     6.6742    33.2543   3.345654  0.000e+00
    107.340    106.372     6.6742    33.2545   3.345672  0.000e+00
    107.253    106.286     6.6746    33.2545   3.345703  0.000e+00
    107.293    106.326     6.6742    33.2544   3.345666  0.000e+00
    107.253    106.286     6.6741    33.2545   3.345654  0.000e+00
    107.239    106.273     6.6741    33.2548   3.345691  0.000e+00
    107.239    106.273     6.6744    33.2545   3.345691  0.000e+00
    107.206    106.240     6.6746    33.2546   3.345703  0.000e+00
    107.193    106.227     6.6743    33.2551   3.345728  0.000e+00
    107.193    106.227     6.6742    33.2545   3.345672  0.000e+00
    107.153    106.187     6.6742    33.2546   3.345672  0.000e+00
    107.193    106.227     6.6739    33.2550   3.345685  0.000e+00
    107.146    106.180     6.6744    33.2544   3.345679  0.000e+00
    107.153    106.187     6.6744    33.2544   3.345679  0.000e+00
    107.092    106.127     6.6748    33.2537   3.345635  0.000e+00
    107.106    106.141     6.6746    33.2541   3.345660  0.000e+00
    107.092    106.127     6.6749    33.2538   3.345660  0.000e+00
    107.092    106.127     6.6746    33.2542   3.345672  0.000e+00
    107.052    106.088     6.6744    33.2543   3.345660  0.000e+00
    107.046    106.081     6.6746    33.2545   3.345691  0.000e+00
    106.992    106.028     6.6744    33.2547   3.345691  0.000e+00
    107.006    106.041     6.6742    33.2545   3.345660  0.000e+00
    106.992    106.028     6.6742    33.2548   3.345691  0.000e+00
    106.959    105.995     6.6743    33.2548   3.345691  0.000e+00
    106.992    106.028     6.6741    33.2549   3.345685  0.000e+00
    106.899    105.935     6.6741    33.2547   3.345660  0.000e+00
    106.905    105.942     6.6741    33.2548   3.345672  0.000e+00
    106.945    105.982     6.6741    33.2547   3.345660  0.000e+00
    106.899    105.936     6.6741    33.2548   3.345672  0.000e+00
    106.859    105.896     6.6741    33.2549   3.345678  0.000e+00
    106.899    105.936     6.6742    33.2545   3.345660  0.000e+00
    106.805    105.843     6.6742    33.2543   3.345629  0.000e+00
    106.845    105.883     6.6743    33.2548   3.345685  0.000e+00
    106.845    105.883     6.6738    33.2556   3.345709  0.000e+00
    106.805    105.843     6.6739    33.2549   3.345666  0.000e+00
    106.745    105.783     6.6743    33.2549   3.345691  0.000e+00
    106.798    105.836     6.6741    33.2548   3.345666  0.000e+00
    106.758    105.797     6.6738    33.2557   3.345716  0.000e+00
    106.745    105.783     6.6733    33.2559   3.345697  0.000e+00
    106.712    105.750     6.6728    33.2567   3.345722  0.000e+00
    106.698    105.737     6.6726    33.2568   3.345716  0.000e+00
    106.698    105.737     6.6727    33.2574   3.345777  0.000e+00
    106.658    105.697     6.6728    33.2571   3.345753  0.000e+00
    106.698    105.737     6.6726    33.2568   3.345716  0.000e+00
    106.611    105.651     6.6728    33.2568   3.345728  0.000e+00
    106.652    105.691     6.6728    33.2570   3.345740  0.000e+00
