WCOA/WCOA-6/CTD_Data/RB2102_CTD_084_01.ros
* Sea-Bird SBE 9 Data File:
* FileName = C:\Users\scs.user.rb\CTD\RB2102\Data\RB2102_CTD_084_01.hex
* Software Version Seasave V 7.26.7.107
* Temperature SN = 6202
* Conductivity SN = 4907
* Number of Bytes Per Scan = 41
* Number of Voltage Words = 4
* Number of Scans Averaged by the Deck Unit = 1
* NMEA Latitude = 37 51.68 N
* NMEA Longitude = 123 04.24 W
* NMEA UTC (Time) = Jul 11 2021  11:09:21
* NMEA baud rate = 4800
# nquan = 30
# nvalues = 1176                                  
# units = specified
# name 0 = scan: Scan Count
# name 1 = timeS: Time, Elapsed [seconds]
# name 2 = depSM: Depth [salt water, m]
# name 3 = prDM: Pressure, Digiquartz [db]
# name 4 = t090C: Temperature [ITS-90, deg C]
# name 5 = t190C: Temperature, 2 [ITS-90, deg C]
# name 6 = c0mS/cm: Conductivity [mS/cm]
# name 7 = c1mS/cm: Conductivity, 2 [mS/cm]
# name 8 = potemp090C: Potential Temperature [ITS-90, deg C]
# name 9 = potemp190C: Potential Temperature, 2 [ITS-90, deg C]
# name 10 = sal00: Salinity, Practical [PSU]
# name 11 = sal11: Salinity, Practical, 2 [PSU]
# name 12 = sigma-é00: Density [sigma-theta, kg/m^3]
# name 13 = sigma-é11: Density, 2 [sigma-theta, kg/m^3]
# name 14 = sbeox0Mg/L: Oxygen, SBE 43 [mg/l]
# name 15 = sbeox1Mg/L: Oxygen, SBE 43, 2 [mg/l]
# name 16 = sbox0Mm/Kg: Oxygen, SBE 43 [umol/kg]
# name 17 = sbox1Mm/Kg: Oxygen, SBE 43, 2 [umol/kg]
# name 18 = sbeox0V: Oxygen raw, SBE 43 [V]
# name 19 = sbeox1V: Oxygen raw, SBE 43, 2 [V]
# name 20 = v4: Voltage 4
# name 21 = flECO-AFL: Fluorescence, WET Labs ECO-AFL/FL [mg/m^3]
# name 22 = v3: Voltage 3
# name 23 = v6: Voltage 6
# name 24 = v7: Voltage 7
# name 25 = longitude: Longitude [deg]
# name 26 = latitude: Latitude [deg]
# name 27 = altM: Altimeter [m]
# name 28 = nbf: Bottles Fired
# name 29 = flag:  0.000e+00
# interval = seconds: 0.0416667
# start_time = Jul 11 2021 11:09:21 [NMEA time, header]
# bad_flag = -9.990e-29
*END*
[from data line 146]
      15188    632.792     84.899     85.556     9.4136     9.4137  36.586172  36.586462     9.4042     9.4043    33.9760    33.9762    26.2513    26.2514     3.1484     3.2885     95.871    100.137     1.1941     1.1819     0.0427     0.0434     3.3883     0.0476     0.0635 -123.07090   37.86122       6.06          3  0.000e+00
      20205    841.833     60.016     60.476     9.4457     9.4499  36.602528  36.606068     9.4390     9.4433    33.9740    33.9736    26.2440    26.2430     3.2876     3.4167    100.111    104.043     1.2283     1.2112     0.0415     0.0129     3.3797     0.0513     0.0684 -123.07088   37.86126      31.26          4  0.000e+00
      20206    841.875     59.943     60.403     9.4448     9.4494  36.601952  36.605556     9.4382     9.4428    33.9742    33.9736    26.2443    26.2431     3.2876     3.4167    100.112    104.044     1.2283     1.2112     0.0415     0.0129     3.3797     0.0513     0.0684 -123.07088   37.86126      31.26          4  0.000e+00
      20207    841.917     60.069     60.530     9.4439     9.4490  36.601761  36.604981     9.4372     9.4423    33.9748    33.9733    26.2450    26.2430     3.2877     3.4168    100.116    104.047     1.2283     1.2112     0.0415     0.0129     3.3810     0.0513     0.0684 -123.07088   37.86126      31.26          4  0.000e+00
      20208    841.958     60.095     60.556     9.4435     9.4481  36.601505  36.604278     9.4369     9.4415    33.9749    33.9734    26.2451    26.2432     3.2878     3.4169    100.117    104.049     1.2283     1.2112     0.0415     0.0129     3.3797     0.0513     0.0684 -123.07088   37.86126      31.26          4  0.000e+00
      20209    842.000     60.069     60.530     9.4432     9.4472  36.601441  36.603894     9.4366     9.4405    33.9751    33.9739    26.2453    26.2437     3.2878     3.4229    100.117    104.230     1.2283     1.2125     0.0415     0.0129     3.3797     0.0513     0.0684 -123.07088   37.86126      31.26          4  0.000e+00
      20210    842.042     60.095     60.556     9.4434     9.4461  36.601441  36.603063     9.4367     9.4395    33.9750    33.9740    26.2452    26.2440     3.2878     3.4229    100.117    104.233     1.2283     1.2125     0.0415     0.0129     3.3797     0.0513     0.0684 -123.07088   37.86126      31.18          4  0.000e+00
      20211    842.083     60.115     60.576     9.4434     9.4452  36.601697  36.602615     9.4367     9.4386    33.9752    33.9744    26.2454    26.2444     3.2824     3.4230     99.952    104.235     1.2271     1.2125     0.0415     0.0129     3.3797     0.0513     0.0684 -123.07088   37.86126      31.14          4  0.000e+00
      20212    842.125     60.141     60.603     9.4432     9.4447  36.601505  36.602743     9.4366     9.4381    33.9752    33.9750    26.2453    26.2450     3.2878     3.4231    100.118    104.237     1.2283     1.2125     0.0415     0.0129     3.3810     0.0513     0.0684 -123.07088   37.86126      31.14          4  0.000e+00
      20213    842.167     60.141     60.603     9.4434     9.4441  36.601441  36.602615     9.4367     9.4375    33.9750    33.9754    26.2452    26.2454     3.2878     3.4231    100.118    104.238     1.2283     1.2125     0.0415     0.0129     3.3810     0.0501     0.0684 -123.07088   37.86126      31.14          4  0.000e+00
      20214    842.208     60.168     60.630     9.4432     9.4440  36.601441  36.602552     9.4366     9.4374    33.9751    33.9754    26.2453    26.2454     3.2878     3.4231    100.118    104.238     1.2283     1.2125     0.0415     0.0129     3.3810     0.0513     0.0684 -123.07088   37.86126      31.14          4  0.000e+00
      20215    842.250     60.188     60.650     9.4432     9.4438  36.601441  36.601976     9.4366     9.4372    33.9751    33.9751    26.2453    26.2452     3.2878     3.4232    100.118    104.239     1.2283     1.2125     0.0415     0.0129     3.3797     0.0513     0.0684 -123.07088   37.86126      31.14          4  0.000e+00
      20216    842.292     60.214     60.676     9.4434     9.4436  36.601441  36.602104     9.4367     9.4369    33.9749    33.9754    26.2451    26.2455     3.2878     3.4173    100.119    104.060     1.2283     1.2112     0.0415     0.0129     3.3797     0.0501     0.0684 -123.07088   37.86126      31.09          4  0.000e+00
      20217    842.333     60.188     60.650     9.4432     9.4432  36.601441  36.601912     9.4366     9.4365    33.9751    33.9756    26.2453    26.2457     3.2878     3.4232    100.118    104.241     1.2283     1.2125     0.0415     0.0129     3.3797     0.0501     0.0684 -123.07088   37.86126      31.04          4  0.000e+00
      20218    842.375     60.214     60.676     9.4430     9.4432  36.601441  36.602104     9.4364     9.4366    33.9752    33.9757    26.2454    26.2458     3.2879     3.4173    100.119    104.061     1.2283     1.2112     0.0415     0.0129     3.3797     0.0513     0.0684 -123.07088   37.86126      31.04          4  0.000e+00
      20219    842.417     60.287     60.750     9.4430     9.4432  36.600930  36.602232     9.4364     9.4365    33.9747    33.9759    26.2450    26.2459     3.2933     3.4232    100.285    104.242     1.2295     1.2125     0.0415     0.0129     3.3797     0.0501     0.0684 -123.07088   37.86126      31.01          4  0.000e+00
      20220    842.458     60.261     60.723     9.4429     9.4437  36.600801  36.602424     9.4362     9.4371    33.9747    33.9756    26.2450    26.2456     3.2933     3.4173    100.285    104.061     1.2295     1.2112     0.0415     0.0129     3.3797     0.0513     0.0684 -123.07088   37.86126      31.01          4  0.000e+00
      20221    842.500     60.241     60.703     9.4430     9.4435  36.601505  36.602552     9.4364     9.4368    33.9753    33.9759    26.2455    26.2459     3.2933     3.4232    100.284    104.240     1.2295     1.2125     0.0415     0.0129     3.3797     0.0501     0.0684 -123.07088   37.86126      31.04          4  0.000e+00
      20222    842.542     60.334     60.797     9.4432     9.4437  36.601250  36.601977     9.4366     9.4371    33.9748    33.9751    26.2451    26.2452     3.2879     3.4232    100.121    104.242     1.2283     1.2125     0.0415     0.0129     3.3797     0.0513     0.0684 -123.07088   37.86126      30.99          4  0.000e+00
      20223    842.583     60.261     60.723     9.4432     9.4437  36.601569  36.602360     9.4366     9.4370    33.9752    33.9756    26.2453    26.2456     3.2933     3.4173    100.284    104.061     1.2295     1.2112     0.0415     0.0129     3.3797     0.0513     0.0684 -123.07088   37.86126      30.96          4  0.000e+00
      20224    842.625     60.334     60.797     9.4435     9.4437  36.601506  36.602296     9.4369     9.4371    33.9748    33.9754    26.2450    26.2455     3.2933     3.4232    100.285    104.241     1.2295     1.2125     0.0415     0.0129     3.3810     0.0501     0.0684 -123.07088   37.86126      30.94          4  0.000e+00
      20225    842.667     60.360     60.823     9.4435     9.4437  36.601442  36.601913     9.4369     9.4370    33.9747    33.9751    26.2449    26.2452     3.2879     3.4232    100.120    104.242     1.2283     1.2125     0.0415     0.0129     3.3797     0.0501     0.0684 -123.07088   37.86126      30.94          4  0.000e+00
      20226    842.708     60.287     60.750     9.4435     9.4439  36.601442  36.602104     9.4369     9.4372    33.9747    33.9751    26.2449    26.2451     3.2933     3.4232    100.284    104.241     1.2295     1.2125     0.0415     0.0129     3.3797     0.0513     0.0684 -123.07088   37.86126      30.96          4  0.000e+00
      20227    842.750     60.413     60.877     9.4437     9.4440  36.601698  36.602425     9.4370     9.4374    33.9748    33.9752    26.2450    26.2452     3.2933     3.4291    100.285    104.421     1.2295     1.2137     0.0415     0.0129     3.3797     0.0501     0.0684 -123.07088   37.86126      30.94          4  0.000e+00
      20228    842.792     60.334     60.797     9.4437     9.4438  36.601506  36.602552     9.4370     9.4371    33.9746    33.9756    26.2448    26.2456     3.2933     3.4232    100.284    104.241     1.2295     1.2125     0.0403    -0.0177     3.3797     0.0513     0.0684 -123.07088   37.86126      30.84          4  0.000e+00
      20229    842.833     60.413     60.877     9.4432     9.4440  36.601442  36.602552     9.4366     9.4374    33.9750    33.9753    26.2452    26.2453     3.2933     3.4232    100.286    104.242     1.2295     1.2125     0.0403    -0.0177     3.3797     0.0513     0.0684 -123.07088   37.86126      30.79          4  0.000e+00
      20230    842.875     60.387     60.850     9.4434     9.4440  36.601634  36.602297     9.4367     9.4373    33.9750    33.9751    26.2452    26.2452     3.2933     3.4232    100.286    104.242     1.2295     1.2125     0.0403    -0.0177     3.3810     0.0513     0.0684 -123.07088   37.86126      30.79          4  0.000e+00
      20231    842.917     60.413     60.877     9.4434     9.4439  36.601506  36.602936     9.4367     9.4372    33.9749    33.9759    26.2451    26.2458     3.2933     3.4232    100.286    104.242     1.2295     1.2125     0.0403    -0.0177     3.3810     0.0501     0.0684 -123.07088   37.86126      30.79          4  0.000e+00
      20232    842.958     60.387     60.850     9.4430     9.4440  36.600674  36.602424     9.4364     9.4373    33.9744    33.9753    26.2447    26.2453     3.2934     3.4232    100.287    104.241     1.2295     1.2125     0.0403    -0.0177     3.3797     0.0501     0.0684 -123.07088   37.86126      30.79          4  0.000e+00
      20233    843.000     60.460     60.924     9.4427     9.4439  36.600930  36.602233     9.4360     9.4372    33.9749    33.9751    26.2452    26.2452     3.2934     3.4233    100.288    104.243     1.2295     1.2125     0.0403    -0.0177     3.3797     0.0513     0.0684 -123.07088   37.86126      30.79          4  0.000e+00
      20234    843.042     60.433     60.897     9.4427     9.4438  36.601314  36.602233     9.4360     9.4371    33.9753    33.9752    26.2455    26.2453     3.2934     3.4233    100.287    104.243     1.2295     1.2125     0.0403    -0.0177     3.3797     0.0513     0.0684 -123.07088   37.86126      30.79          4  0.000e+00
      20235    843.083     60.433     60.897     9.4429     9.4437  36.600930  36.602233     9.4362     9.4370    33.9747    33.9753    26.2451    26.2454     3.2934     3.4233    100.287    104.243     1.2295     1.2125     0.0403    -0.0177     3.3810     0.0501     0.0684 -123.07088   37.86126      30.82          4  0.000e+00
      20236    843.125     60.460     60.924     9.4427     9.4437  36.601250  36.602233     9.4360     9.4370    33.9752    33.9753    26.2455    26.2454     3.2934     3.4292    100.288    104.423     1.2295     1.2137     0.0403    -0.0177     3.3810     0.0513     0.0684 -123.07088   37.86126      30.79          4  0.000e+00
      20237    843.167     60.433     60.897     9.4429     9.4436  36.601186  36.602233     9.4362     9.4369    33.9750    33.9754    26.2453    26.2455     3.2934     3.4233    100.287    104.243     1.2295     1.2125     0.0403    -0.0177     3.3810     0.0501     0.0684 -123.07088   37.86126      30.79          4  0.000e+00
      20238    843.208     60.460     60.924     9.4427     9.4435  36.600866  36.602169     9.4360     9.4368    33.9748    33.9754    26.2452    26.2455     3.2934     3.4233    100.288    104.244     1.2295     1.2125     0.0403    -0.0177     3.3797     0.0513     0.0684 -123.07088   37.86126      30.79          4  0.000e+00
      20239    843.250     60.486     60.950     9.4427     9.4436  36.601506  36.601657     9.4360     9.4369    33.9755    33.9748    26.2457    26.2450     3.2934     3.4233    100.288    104.244     1.2295     1.2125     0.0403    -0.0177     3.3810     0.0513     0.0684 -123.07088   37.86126      30.79          4  0.000e+00
      20240    843.292     60.460     60.924     9.4429     9.4437  36.601250  36.602297     9.4362     9.4370    33.9751    33.9754    26.2453    26.2455     3.2934     3.4292    100.288    104.423     1.2295     1.2137     0.0403    -0.0177     3.3797     0.0513     0.0684 -123.07088   37.86126      30.74          4  0.000e+00
      20241    843.333     60.486     60.950     9.4427     9.4436  36.601314  36.602297     9.4360     9.4369    33.9753    33.9755    26.2455    26.2455     3.2934     3.4233    100.288    104.244     1.2295     1.2125     0.0403    -0.0177     3.3810     0.0501     0.0684 -123.07088   37.86126      30.72          4  0.000e+00
      20242    843.375     60.506     60.970     9.4427     9.4439  36.601698  36.602233     9.4360     9.4372    33.9757    33.9751    26.2458    26.2452     3.2934     3.4292    100.288    104.423     1.2295     1.2137     0.0403    -0.0177     3.3797     0.0501     0.0684 -123.07088   37.86126      30.70          4  0.000e+00
      20243    843.417     60.486     60.950     9.4432     9.4435  36.601506  36.601657     9.4365     9.4368    33.9750    33.9749    26.2452    26.2451     3.2934     3.4233    100.287    104.244     1.2295     1.2125     0.0403    -0.0177     3.3810     0.0501     0.0684 -123.07088   37.86126      30.72          4  0.000e+00
      20244    843.458     60.506     60.970     9.4437     9.4436  36.601698  36.601721     9.4370     9.4369    33.9747    33.9749    26.2449    26.2451     3.2933     3.4233    100.287    104.244     1.2295     1.2125     0.0403    -0.0177     3.3797     0.0501     0.0684 -123.07088   37.86126      30.72          4  0.000e+00
      20245    843.500     60.486     60.950     9.4441     9.4433  36.602018  36.602105     9.4374     9.4367    33.9747    33.9755    26.2449    26.2456     3.2933     3.4233    100.286    104.244     1.2295     1.2125     0.0403    -0.0177     3.3810     0.0501     0.0684 -123.07088   37.86126      30.72          4  0.000e+00
      20246    843.542     60.532     60.997     9.4444     9.4436  36.601826  36.601913     9.4377     9.4369    33.9742    33.9751    26.2444    26.2452     3.2933     3.4292    100.286    104.424     1.2295     1.2137     0.0403    -0.0177     3.3797     0.0513     0.0684 -123.07088   37.86126      30.65          4  0.000e+00
      20247    843.583     60.460     60.924     9.4441     9.4432  36.601762  36.601593     9.4374     9.4365    33.9745    33.9752    26.2447    26.2454     3.2933     3.4233    100.285    104.245     1.2295     1.2125     0.0403    -0.0177     3.3810     0.0513     0.0684 -123.07088   37.86126      30.62          4  0.000e+00
      20248    843.625     60.486     60.950     9.4442     9.4434  36.601762  36.601721     9.4376     9.4367    33.9743    33.9751    26.2445    26.2452     3.2879     3.4233    100.121    104.244     1.2283     1.2125     0.0403    -0.0177     3.3810     0.0513     0.0684 -123.07088   37.86126      30.62          4  0.000e+00
      20249    843.667     60.506     60.970     9.4439     9.4433  36.601506  36.601849     9.4372     9.4367    33.9744    33.9752    26.2446    26.2454     3.2879     3.4233    100.122    104.245     1.2283     1.2125     0.0403    -0.0177     3.3797     0.0501     0.0684 -123.07088   37.86126      30.62          4  0.000e+00
      20250    843.708     60.532     60.997     9.4437     9.4436  36.601442  36.602105     9.4370     9.4369    33.9745    33.9753    26.2447    26.2454     3.2880     3.4233    100.122    104.244     1.2283     1.2125     0.0403    -0.0177     3.3785     0.0501     0.0684 -123.07088   37.86126      30.62          4  0.000e+00
