WCOA/WCOA-6/CTD_Data/RB2102_CTD_087_01.ros
* Sea-Bird SBE 9 Data File:
* FileName = C:\Users\scs.user.rb\CTD\RB2102\Data\RB2102_CTD_087_01.hex
* Software Version Seasave V 7.26.7.107
* Temperature SN = 6202
* Conductivity SN = 4907
* Number of Bytes Per Scan = 41
* Number of Voltage Words = 4
* Number of Scans Averaged by the Deck Unit = 1
* NMEA Latitude = 37 50.81 N
* NMEA Longitude = 122 25.26 W
* NMEA UTC (Time) = Jul 12 2021  17:06:40
* NMEA baud rate = 4800
# nquan = 30
# nvalues = 513                                   
# units = specified
# name 0 = scan: Scan Count
# name 1 = timeS: Time, Elapsed [seconds]
# name 2 = depSM: Depth [salt water, m]
# name 3 = prDM: Pressure, Digiquartz [db]
# name 4 = t090C: Temperature [ITS-90, deg C]
# name 5 = t190C: Temperature, 2 [ITS-90, deg C]
# name 6 = c0mS/cm: Conductivity [mS/cm]
# name 7 = c1mS/cm: Conductivity, 2 [mS/cm]
# name 8 = potemp090C: Potential Temperature [ITS-90, deg C]
# name 9 = potemp190C: Potential Temperature, 2 [ITS-90, deg C]
# name 10 = sal00: Salinity, Practical [PSU]
# name 11 = sal11: Salinity, Practical, 2 [PSU]
# name 12 = sigma-é00: Density [sigma-theta, kg/m^3]
# name 13 = sigma-é11: Density, 2 [sigma-theta, kg/m^3]
# name 14 = sbeox0Mg/L: Oxygen, SBE 43 [mg/l]
# name 15 = sbeox1Mg/L: Oxygen, SBE 43, 2 [mg/l]
# name 16 = sbox0Mm/Kg: Oxygen, SBE 43 [umol/kg]
# name 17 = sbox1Mm/Kg: Oxygen, SBE 43, 2 [umol/kg]
# name 18 = sbeox0V: Oxygen raw, SBE 43 [V]
# name 19 = sbeox1V: Oxygen raw, SBE 43, 2 [V]
# name 20 = v4: Voltage 4
# name 21 = flECO-AFL: Fluorescence, WET Labs ECO-AFL/FL [mg/m^3]
# name 22 = v3: Voltage 3
# name 23 = v6: Voltage 6
# name 24 = v7: Voltage 7
# name 25 = longitude: Longitude [deg]
# name 26 = latitude: Latitude [deg]
# name 27 = altM: Altimeter [m]
# name 28 = nbf: Bottles Fired
# name 29 = flag:  0.000e+00
# interval = seconds: 0.0416667
# start_time = Jul 12 2021 17:06:40 [NMEA time, header]
# bad_flag = -9.990e-29
*END*
[from data line 49]
      13423    559.250     40.031     40.336    16.5554    16.5370  41.797782  41.793906    16.5490    16.5306    32.6539    32.6655    23.8189    23.8320     6.8875     7.0819    210.229    216.160     2.2845     2.2112     0.1343     2.3328     3.2381     0.2002     0.0928 -122.42086   37.84654       5.03          2  0.000e+00
      13424    559.292     40.031     40.336    16.5544    16.5373  41.798187  41.793704    16.5480    16.5309    32.6550    32.6650    23.8200    23.8316     6.8875     7.0818    210.231    216.159     2.2845     2.2112     0.1355     2.3633     3.2393     0.2002     0.0928 -122.42086   37.84654       5.03          2  0.000e+00
      13425    559.333     40.037     40.343    16.5538    16.5374  41.798525  41.794176    16.5474    16.5311    32.6558    32.6653    23.8207    23.8318     6.8876     7.0818    210.233    216.158     2.2845     2.2112     0.1355     2.3633     3.2393     0.2002     0.0928 -122.42086   37.84654       5.01          2  0.000e+00
      13426    559.375     40.077     40.383    16.5527    16.5377  41.798255  41.794109    16.5463    16.5313    32.6564    32.6651    23.8214    23.8316     6.8878     7.0818    210.237    216.159     2.2845     2.2112     0.1355     2.3633     3.2381     0.2002     0.0928 -122.42086   37.84654       5.01          2  0.000e+00
      13427    559.417     40.031     40.336    16.5520    16.5380  41.798255  41.794378    16.5456    16.5316    32.6570    32.6651    23.8221    23.8315     6.8831     7.0817    210.095    216.156     2.2833     2.2112     0.1355     2.3633     3.2381     0.2002     0.0928 -122.42086   37.84654       5.01          2  0.000e+00
      13428    559.458     39.978     40.283    16.5520    16.5385  41.798322  41.794648    16.5456    16.5321    32.6571    32.6649    23.8222    23.8312     6.8831     7.0867    210.094    216.307     2.2833     2.2125     0.1355     2.3633     3.2381     0.1990     0.0928 -122.42086   37.84654       5.01          2  0.000e+00
      13429    559.500     40.031     40.336    16.5527    16.5392  41.798525  41.794715    16.5463    16.5328    32.6567    32.6644    23.8216    23.8307     6.8877     7.0816    210.236    216.152     2.2845     2.2112     0.1355     2.3633     3.2381     0.1990     0.0928 -122.42086   37.84654       5.01          2  0.000e+00
      13430    559.542     40.031     40.336    16.5537    16.5396  41.798525  41.794715    16.5473    16.5332    32.6559    32.6641    23.8208    23.8304     6.8876     7.0816    210.233    216.151     2.2845     2.2112     0.1355     2.3633     3.2393     0.1990     0.0928 -122.42086   37.84654       5.01          2  0.000e+00
      13431    559.583     40.031     40.336    16.5520    16.5397  41.797782  41.794985    16.5456    16.5333    32.6566    32.6642    23.8217    23.8304     6.8878     7.0815    210.239    216.150     2.2845     2.2112     0.1355     2.3633     3.2381     0.1990     0.0928 -122.42086   37.84654       5.03          2  0.000e+00
      13432    559.625     40.077     40.383    16.5506    16.5402  41.798120  41.794783    16.5442    16.5338    32.6580    32.6636    23.8231    23.8299     6.8880     7.0815    210.243    216.150     2.2845     2.2112     0.1355     2.3633     3.2381     0.1990     0.0928 -122.42086   37.84654       5.05          2  0.000e+00
      13433    559.667     39.978     40.283    16.5510    16.5404  41.798457  41.795255    16.5446    16.5340    32.6580    32.6639    23.8231    23.8300     6.8878     7.0814    210.239    216.146     2.2845     2.2112     0.1355     2.3633     3.2393     0.1990     0.0928 -122.42086   37.84654       5.05          2  0.000e+00
      13434    559.708     40.077     40.383    16.5518    16.5406  41.798323  41.795255    16.5454    16.5342    32.6572    32.6637    23.8222    23.8298     6.8878     7.0815    210.240    216.148     2.2845     2.2112     0.1355     2.3633     3.2393     0.1990     0.0928 -122.42086   37.84654       5.05          2  0.000e+00
      13435    559.750     40.031     40.336    16.5523    16.5414  41.798525  41.795660    16.5459    16.5350    32.6570    32.6634    23.8220    23.8294     6.8877     7.0813    210.237    216.143     2.2845     2.2112     0.1355     2.3633     3.2381     0.1990     0.0928 -122.42086   37.84654       5.05          2  0.000e+00
      13436    559.792     40.031     40.336    16.5537    16.5425  41.799065  41.796064    16.5473    16.5361    32.6563    32.6629    23.8211    23.8288     6.8876     7.0812    210.232    216.140     2.2845     2.2112     0.1355     2.3633     3.2393     0.1990     0.0928 -122.42086   37.84654       5.05          2  0.000e+00
      13437    559.833     40.031     40.336    16.5547    16.5428  41.798997  41.796671    16.5483    16.5364    32.6555    32.6632    23.8202    23.8289     6.8875     7.0811    210.229    216.138     2.2845     2.2112     0.1355     2.3633     3.2393     0.1990     0.0928 -122.42086   37.84654       5.01          2  0.000e+00
      13438    559.875     40.031     40.336    16.5556    16.5436  41.799807  41.796604    16.5492    16.5372    32.6554    32.6624    23.8200    23.8281     6.8920     7.0810    210.368    216.135     2.2857     2.2112     0.1368     2.3938     3.2393     0.1990     0.0928 -122.42086   37.84654       5.01          2  0.000e+00
      13439    559.917     39.978     40.283    16.5580    16.5443  41.801021  41.796738    16.5516    16.5379    32.6546    32.6620    23.8188    23.8277     6.8917     7.0809    210.358    216.131     2.2857     2.2112     0.1355     2.3633     3.2381     0.1990     0.0928 -122.42086   37.84654       5.01          2  0.000e+00
      13440    559.958     40.031     40.336    16.5598    16.5454  41.801494  41.797413    16.5534    16.5390    32.6535    32.6617    23.8176    23.8272     6.8916     7.0808    210.354    216.128     2.2857     2.2112     0.1355     2.3633     3.2381     0.2002     0.0928 -122.42086   37.84654       5.01          2  0.000e+00
      13441    560.000     40.031     40.336    16.5601    16.5462  41.802034  41.797818    16.5537    16.5398    32.6537    32.6614    23.8177    23.8267     6.8915     7.0807    210.352    216.125     2.2857     2.2112     0.1355     2.3633     3.2381     0.1990     0.0928 -122.42086   37.84654       5.01          2  0.000e+00
      13442    560.042     40.031     40.336    16.5593    16.5473  41.801291  41.798020    16.5529    16.5409    32.6537    32.6607    23.8179    23.8260     6.8916     7.0806    210.356    216.122     2.2857     2.2112     0.1355     2.3633     3.2393     0.1990     0.0928 -122.42086   37.84654       5.01          2  0.000e+00
      13443    560.083     40.031     40.336    16.5589    16.5483  41.800819  41.798290    16.5525    16.5419    32.6537    32.6601    23.8179    23.8253     6.8917     7.0855    210.358    216.272     2.2857     2.2125     0.1355     2.3633     3.2381     0.1990     0.0928 -122.42086   37.84654       5.01          2  0.000e+00
      13444    560.125     40.031     40.336    16.5594    16.5493  41.801359  41.798560    16.5530    16.5429    32.6537    32.6595    23.8178    23.8246     6.8963     7.0854    210.498    216.269     2.2869     2.2125     0.1355     2.3633     3.2381     0.1990     0.0928 -122.42086   37.84654       5.01          2  0.000e+00
      13445    560.167     40.031     40.336    16.5602    16.5483  41.801561  41.798425    16.5538    16.5419    32.6532    32.6602    23.8172    23.8254     6.8962     7.0855    210.495    216.272     2.2869     2.2125     0.1355     2.3633     3.2381     0.1990     0.0928 -122.42086   37.84654       5.01          2  0.000e+00
      13446    560.208     39.978     40.283    16.5608    16.5477  41.801966  41.798357    16.5544    16.5413    32.6531    32.6606    23.8170    23.8258     6.8961     7.0855    210.492    216.273     2.2869     2.2125     0.1355     2.3633     3.2381     0.1990     0.0928 -122.42086   37.84654       5.01          2  0.000e+00
      13447    560.250     40.077     40.383    16.5614    16.5473  41.802169  41.798560    16.5550    16.5409    32.6527    32.6611    23.8166    23.8263     6.8961     7.0857    210.492    216.277     2.2869     2.2125     0.1355     2.3633     3.2381     0.1990     0.0928 -122.42086   37.84654       4.98          2  0.000e+00
      13448    560.292     39.978     40.283    16.5631    16.5477  41.802776  41.798897    16.5567    16.5413    32.6519    32.6611    23.8156    23.8262     6.8958     7.0855    210.484    216.272     2.2869     2.2125     0.1355     2.3633     3.2393     0.1990     0.0928 -122.42086   37.84654       5.01          2  0.000e+00
      13449    560.333     40.031     40.336    16.5651    16.5486  41.803383  41.799302    16.5587    16.5422    32.6508    32.6607    23.8143    23.8257     6.9003     7.0854    210.622    216.270     2.2882     2.2125     0.1355     2.3633     3.2393     0.1990     0.0928 -122.42086   37.84654       5.08          2  0.000e+00
      13450    560.375     40.031     40.336    16.5662    16.5492  41.803923  41.799234    16.5598    16.5428    32.6504    32.6602    23.8137    23.8252     6.9002     7.0904    210.618    216.423     2.2882     2.2137     0.1355     2.3633     3.2381     0.1990     0.0928 -122.42086   37.84654       5.08          2  0.000e+00
      13451    560.417     40.031     40.336    16.5666    16.5495  41.803788  41.799369    16.5602    16.5431    32.6500    32.6601    23.8133    23.8250     6.9001     7.0904    210.617    216.422     2.2882     2.2137     0.1355     2.3633     3.2381     0.1990     0.0928 -122.42086   37.84654       5.08          2  0.000e+00
      13452    560.458     40.031     40.336    16.5662    16.5500  41.803518  41.798829    16.5598    16.5436    32.6500    32.6592    23.8134    23.8242     6.9002     7.0904    210.618    216.421     2.2882     2.2137     0.1355     2.3633     3.2393     0.1990     0.0928 -122.42086   37.84654       5.08          2  0.000e+00
      13453    560.500     39.978     40.283    16.5645    16.5497  41.802843  41.799234    16.5581    16.5433    32.6508    32.6598    23.8144    23.8247     6.9003     7.0903    210.622    216.420     2.2882     2.2137     0.1355     2.3633     3.2393     0.1990     0.0928 -122.42086   37.84654       5.08          2  0.000e+00
      13454    560.542     40.031     40.336    16.5623    16.5501  41.802304  41.799436    16.5559    16.5437    32.6522    32.6596    23.8160    23.8245     6.9006     7.0903    210.631    216.420     2.2882     2.2137     0.1355     2.3633     3.2381     0.1990     0.0940 -122.42086   37.84654       5.08          2  0.000e+00
      13455    560.583     40.031     40.336    16.5601    16.5514  41.801291  41.799639    16.5537    16.5450    32.6530    32.6587    23.8171    23.8235     6.8962     7.0902    210.496    216.415     2.2869     2.2137     0.1355     2.3633     3.2393     0.1990     0.0928 -122.42086   37.84654       5.08          2  0.000e+00
      13456    560.625     39.978     40.283    16.5566    16.5530  41.799807  41.800313    16.5502    16.5466    32.6546    32.6580    23.8192    23.8226     6.8966     7.0899    210.507    216.408     2.2869     2.2137     0.1368     2.3938     3.2381     0.1990     0.0928 -122.42086   37.84654       5.05          2  0.000e+00
      13457    560.667     40.077     40.383    16.5535    16.5543  41.799065  41.800718    16.5471    16.5478    32.6565    32.6573    23.8213    23.8218     6.9017     7.0899    210.662    216.406     2.2882     2.2137     0.1355     2.3633     3.2381     0.1990     0.0928 -122.42086   37.84654       5.05          2  0.000e+00
      13458    560.708     39.978     40.283    16.5527    16.5551  41.799402  41.800650    16.5463    16.5487    32.6575    32.6566    23.8222    23.8210     6.9017     7.0897    210.661    216.400     2.2882     2.2137     0.1355     2.3633     3.2381     0.1990     0.0928 -122.42086   37.84654       5.05          2  0.000e+00
      13459    560.750     40.031     40.336    16.5535    16.5556  41.799402  41.800515    16.5471    16.5492    32.6568    32.6561    23.8215    23.8205     6.9016     7.0897    210.660    216.400     2.2882     2.2137     0.1355     2.3633     3.2393     0.1990     0.0928 -122.42086   37.84654       5.05          2  0.000e+00
      13460    560.792     40.031     40.336    16.5538    16.5559  41.799605  41.801325    16.5474    16.5495    32.6567    32.6565    23.8214    23.8208     6.9016     7.0896    210.659    216.398     2.2882     2.2137     0.1355     2.3633     3.2393     0.1978     0.0928 -122.42086   37.84652       5.03          2  0.000e+00
      13461    560.833     39.978     40.283    16.5541    16.5564  41.799739  41.801257    16.5477    16.5500    32.6566    32.6561    23.8213    23.8204     6.9015     7.0895    210.657    216.396     2.2882     2.2137     0.1355     2.3633     3.2381     0.1978     0.0928 -122.42086   37.84652       4.98          2  0.000e+00
      13462    560.875     40.031     40.336    16.5540    16.5564  41.799605  41.801729    16.5476    16.5500    32.6566    32.6564    23.8213    23.8206     6.9016     7.0895    210.659    216.396     2.2882     2.2137     0.1355     2.3633     3.2381     0.1978     0.0928 -122.42086   37.84652       4.93          2  0.000e+00
      13463    560.917     39.978     40.283    16.5539    16.5570  41.799672  41.802134    16.5475    16.5506    32.6567    32.6564    23.8214    23.8204     6.9015     7.0894    210.658    216.392     2.2882     2.2137     0.1355     2.3633     3.2381     0.1978     0.0928 -122.42086   37.84652       4.93          2  0.000e+00
      13464    560.958     40.031     40.336    16.5546    16.5574  41.800280  41.801459    16.5482    16.5510    32.6567    32.6554    23.8212    23.8196     6.9015     7.0894    210.656    216.393     2.2882     2.2137     0.1355     2.3633     3.2393     0.1978     0.0928 -122.42086   37.84652       4.96          2  0.000e+00
      13465    561.000     40.031     40.336    16.5562    16.5575  41.800617  41.801729    16.5498    16.5511    32.6556    32.6556    23.8200    23.8197     6.9013     7.0894    210.651    216.393     2.2882     2.2137     0.1355     2.3633     3.2393     0.1978     0.0928 -122.42086   37.84652       4.96          2  0.000e+00
      13466    561.042     39.978     40.283    16.5572    16.5580  41.800212  41.801729    16.5508    16.5516    32.6545    32.6552    23.8190    23.8193     6.9012     7.0893    210.647    216.390     2.2882     2.2137     0.1355     2.3633     3.2393     0.1978     0.0928 -122.42086   37.84652       4.96          2  0.000e+00
      13467    561.083     40.031     40.336    16.5589    16.5581  41.801427  41.802404    16.5525    16.5517    32.6541    32.6557    23.8183    23.8196     6.9010     7.0893    210.642    216.390     2.2882     2.2137     0.1355     2.3633     3.2393     0.1978     0.0928 -122.42086   37.84652       5.01          2  0.000e+00
      13468    561.125     40.031     40.336    16.5618    16.5587  41.803384  41.802336    16.5554    16.5523    32.6535    32.6551    23.8172    23.8191     6.9006     7.0943    210.631    216.543     2.2882     2.2149     0.1355     2.3633     3.2393     0.1978     0.0928 -122.42086   37.84652       5.03          2  0.000e+00
      13469    561.167     39.978     40.283    16.5656    16.5592  41.804801  41.803078    16.5592    16.5528    32.6517    32.6554    23.8149    23.8192     6.9002     7.0891    210.617    216.384     2.2882     2.2137     0.1355     2.3633     3.2393     0.1978     0.0928 -122.42086   37.84652       5.03          2  0.000e+00
