WCOA/WCOA-6/CTD_Data/RB2102_CTD_049_01.ros
* Sea-Bird SBE 9 Data File:
* FileName = C:\Users\scs.user.rb\CTD\RB2102\Data\RB2102_CTD_049_01.hex
* Software Version Seasave V 7.26.7.107
* Temperature SN = 6202
* Conductivity SN = 4907
* Number of Bytes Per Scan = 41
* Number of Voltage Words = 4
* Number of Scans Averaged by the Deck Unit = 1
* NMEA Latitude = 44 39.16 N
* NMEA Longitude = 124 39.14 W
* NMEA UTC (Time) = Jul 04 2021  03:19:21
* NMEA baud rate = 4800
# nquan = 30
# nvalues = 882                                   
# units = specified
# name 0 = scan: Scan Count
# name 1 = timeS: Time, Elapsed [seconds]
# name 2 = depSM: Depth [salt water, m]
# name 3 = prDM: Pressure, Digiquartz [db]
# name 4 = t090C: Temperature [ITS-90, deg C]
# name 5 = t190C: Temperature, 2 [ITS-90, deg C]
# name 6 = c0mS/cm: Conductivity [mS/cm]
# name 7 = c1mS/cm: Conductivity, 2 [mS/cm]
# name 8 = potemp090C: Potential Temperature [ITS-90, deg C]
# name 9 = potemp190C: Potential Temperature, 2 [ITS-90, deg C]
# name 10 = sal00: Salinity, Practical [PSU]
# name 11 = sal11: Salinity, Practical, 2 [PSU]
# name 12 = sigma-é00: Density [sigma-theta, kg/m^3]
# name 13 = sigma-é11: Density, 2 [sigma-theta, kg/m^3]
# name 14 = sbeox0Mg/L: Oxygen, SBE 43 [mg/l]
# name 15 = sbeox1Mg/L: Oxygen, SBE 43, 2 [mg/l]
# name 16 = sbox0Mm/Kg: Oxygen, SBE 43 [umol/kg]
# name 17 = sbox1Mm/Kg: Oxygen, SBE 43, 2 [umol/kg]
# name 18 = sbeox0V: Oxygen raw, SBE 43 [V]
# name 19 = sbeox1V: Oxygen raw, SBE 43, 2 [V]
# name 20 = v4: Voltage 4
# name 21 = flECO-AFL: Fluorescence, WET Labs ECO-AFL/FL [mg/m^3]
# name 22 = v3: Voltage 3
# name 23 = v6: Voltage 6
# name 24 = v7: Voltage 7
# name 25 = longitude: Longitude [deg]
# name 26 = latitude: Latitude [deg]
# name 27 = altM: Altimeter [m]
# name 28 = nbf: Bottles Fired
# name 29 = flag:  0.000e+00
# interval = seconds: 0.0416667
# start_time = Jul 04 2021 03:19:21 [NMEA time, header]
# bad_flag = -9.990e-29
*END*
      23236    968.125    282.402    284.900     6.8884     6.8886  34.417280  34.418198     6.8622     6.8625    34.0160    34.0167    26.6624    26.6629     2.0561     2.1682     62.587     65.997     0.9109     0.9133     0.0415     0.0129     3.3516     0.0000     0.0000 -124.65330   44.65282      10.79          1  0.000e+00
      23237    968.167    282.349    284.847     6.8884     6.8889  34.417155  34.418073     6.8622     6.8627    34.0158    34.0164    26.6623    26.6626     2.0561     2.1682     62.586     65.997     0.9109     0.9133     0.0403    -0.0177     3.3529     0.0000     0.0000 -124.65330   44.65282      10.79          1  0.000e+00
      23238    968.208    282.349    284.847     6.8884     6.8885  34.417280  34.418010     6.8622     6.8624    34.0160    34.0166    26.6624    26.6629     2.0561     2.1682     62.586     65.997     0.9109     0.9133     0.0403    -0.0177     3.3516     0.0000     0.0000 -124.65330   44.65282      10.79          1  0.000e+00
      23239    968.250    282.349    284.847     6.8884     6.8885  34.417030  34.418197     6.8622     6.8624    34.0157    34.0169    26.6622    26.6631     2.0561     2.1617     62.586     65.800     0.9109     0.9121     0.0403    -0.0177     3.3529     0.0000     0.0000 -124.65330   44.65282      10.79          1  0.000e+00
      23240    968.292    282.448    284.947     6.8884     6.8885  34.417030  34.418073     6.8622     6.8624    34.0157    34.0167    26.6621    26.6629     2.0562     2.1682     62.587     65.998     0.9109     0.9133     0.0403    -0.0177     3.3516     0.0000     0.0000 -124.65330   44.65282      10.79          1  0.000e+00
      23241    968.333    282.302    284.800     6.8885     6.8886  34.417280  34.418197     6.8624     6.8625    34.0159    34.0168    26.6623    26.6630     2.0561     2.1682     62.586     65.997     0.9109     0.9133     0.0403    -0.0177     3.3516     0.0000     0.0000 -124.65330   44.65282      10.79          1  0.000e+00
      23242    968.375    282.448    284.947     6.8884     6.8885  34.416906  34.418510     6.8622     6.8624    34.0155    34.0171    26.6620    26.6633     2.0562     2.1617     62.587     65.801     0.9109     0.9121     0.0403    -0.0177     3.3516     0.0000     0.0000 -124.65330   44.65282      10.79          1  0.000e+00
      23243    968.417    282.402    284.900     6.8884     6.8887  34.417218  34.418135     6.8622     6.8626    34.0159    34.0166    26.6623    26.6628     2.0561     2.1617     62.587     65.801     0.9109     0.9121     0.0403    -0.0177     3.3516     0.0000     0.0000 -124.65330   44.65282      10.79          1  0.000e+00
      23244    968.458    282.349    284.847     6.8881     6.8885  34.417405  34.418197     6.8619     6.8624    34.0165    34.0169    26.6628    26.6631     2.0561     2.1682     62.586     65.997     0.9109     0.9133     0.0403    -0.0177     3.3516     0.0000     0.0000 -124.65330   44.65282      10.79          1  0.000e+00
      23245    968.500    282.448    284.947     6.8884     6.8884  34.417280  34.418073     6.8622     6.8622    34.0159    34.0168    26.6624    26.6630     2.0562     2.1682     62.587     65.998     0.9109     0.9133     0.0403    -0.0177     3.3516     0.0000     0.0000 -124.65330   44.65282      10.79          1  0.000e+00
      23246    968.542    282.448    284.947     6.8884     6.8886  34.417093  34.418011     6.8622     6.8624    34.0157    34.0165    26.6622    26.6628     2.0502     2.1682     62.407     65.998     0.9096     0.9133     0.0403    -0.0177     3.3516     0.0000     0.0000 -124.65330   44.65282      10.79          1  0.000e+00
      23247    968.583    282.435    284.934     6.8882     6.8885  34.417093  34.418198     6.8620     6.8624    34.0159    34.0168    26.6624    26.6630     2.0502     2.1682     62.407     65.998     0.9096     0.9133     0.0403    -0.0177     3.3516     0.0000     0.0000 -124.65330   44.65282      10.79          1  0.000e+00
      23248    968.625    282.448    284.947     6.8884     6.8885  34.417530  34.418073     6.8622     6.8624    34.0162    34.0167    26.6626    26.6629     2.0502     2.1682     62.407     65.998     0.9096     0.9133     0.0403    -0.0177     3.3516     0.0000     0.0000 -124.65330   44.65282      10.79          1  0.000e+00
      23249    968.667    282.448    284.947     6.8884     6.8885  34.417468  34.418011     6.8622     6.8624    34.0161    34.0166    26.6625    26.6629     2.0561     2.1682     62.587     65.998     0.9109     0.9133     0.0403    -0.0177     3.3516     0.0000     0.0000 -124.65330   44.65282      10.79          1  0.000e+00
      23250    968.708    282.495    284.994     6.8882     6.8885  34.417281  34.418385     6.8620     6.8623    34.0161    34.0170    26.6626    26.6632     2.0503     2.1682     62.407     65.998     0.9096     0.9133     0.0403    -0.0177     3.3516     0.0000     0.0000 -124.65330   44.65282      10.77          1  0.000e+00
      23251    968.750    282.495    284.994     6.8884     6.8886  34.417093  34.417886     6.8622     6.8624    34.0157    34.0163    26.6622    26.6626     2.0562     2.1618     62.587     65.802     0.9109     0.9121     0.0403    -0.0177     3.3516     0.0000     0.0000 -124.65330   44.65282      10.74          1  0.000e+00
      23252    968.792    282.495    284.994     6.8884     6.8889  34.417281  34.418136     6.8622     6.8627    34.0159    34.0164    26.6623    26.6626     2.0502     2.1682     62.407     65.998     0.9096     0.9133     0.0403    -0.0177     3.3516     0.0000     0.0000 -124.65330   44.65282      10.72          1  0.000e+00
      23253    968.833    282.548    285.048     6.8881     6.8887  34.417406  34.418261     6.8619     6.8625    34.0164    34.0166    26.6627    26.6629     2.0562     2.1682     62.588     65.999     0.9109     0.9133     0.0403    -0.0177     3.3516     0.0000     0.0000 -124.65330   44.65282      10.72          1  0.000e+00
      23254    968.875    282.495    284.994     6.8882     6.8889  34.417593  34.418260     6.8620     6.8627    34.0164    34.0165    26.6628    26.6627     2.0502     2.1682     62.407     65.998     0.9096     0.9133     0.0403    -0.0177     3.3516     0.0000     0.0000 -124.65330   44.65282      10.72          1  0.000e+00
      23255    968.917    282.595    285.095     6.8882     6.8885  34.417156  34.418261     6.8620     6.8623    34.0159    34.0168    26.6624    26.6630     2.0562     2.1683     62.588     65.999     0.9109     0.9133     0.0403    -0.0177     3.3516     0.0000     0.0000 -124.65330   44.65282      10.72          1  0.000e+00
      23256    968.958    282.548    285.048     6.8884     6.8886  34.417281  34.417824     6.8622     6.8624    34.0159    34.0163    26.6623    26.6626     2.0503     2.1682     62.408     65.999     0.9096     0.9133     0.0403    -0.0177     3.3529     0.0000     0.0000 -124.65330   44.65282      10.72          1  0.000e+00
      23257    969.000    282.595    285.095     6.8882     6.8885  34.417406  34.417886     6.8620     6.8623    34.0162    34.0164    26.6626    26.6627     2.0503     2.1683     62.408     65.999     0.9096     0.9133     0.0403    -0.0177     3.3516     0.0000     0.0000 -124.65330   44.65282      10.67          1  0.000e+00
      23258    969.042    282.648    285.148     6.8884     6.8887  34.417156  34.418198     6.8622     6.8625    34.0157    34.0165    26.6622    26.6628     2.0562     2.1683     62.589     66.000     0.9109     0.9133     0.0403    -0.0177     3.3516     0.0000     0.0000 -124.65330   44.65282      10.67          1  0.000e+00
      23259    969.083    282.595    285.095     6.8884     6.8885  34.417531  34.418073     6.8622     6.8623    34.0161    34.0166    26.6625    26.6629     2.0503     2.1683     62.408     65.999     0.9096     0.9133     0.0403    -0.0177     3.3504     0.0000     0.0000 -124.65330   44.65282      10.67          1  0.000e+00
      23260    969.125    282.648    285.148     6.8882     6.8884  34.417906  34.418198     6.8620     6.8622    34.0167    34.0169    26.6630    26.6631     2.0503     2.1683     62.408     66.000     0.9096     0.9133     0.0403    -0.0177     3.3516     0.0000     0.0000 -124.65330   44.65282      10.67          1  0.000e+00
      23261    969.167    282.694    285.195     6.8882     6.8885  34.417469  34.418261     6.8620     6.8623    34.0162    34.0168    26.6626    26.6630     2.0503     2.1683     62.409     66.000     0.9096     0.9133     0.0403    -0.0177     3.3516     0.0000     0.0000 -124.65330   44.65282      10.67          1  0.000e+00
      23262    969.208    282.648    285.148     6.8884     6.8886  34.417593  34.418074     6.8622     6.8624    34.0162    34.0165    26.6625    26.6628     2.0503     2.1683     62.408     66.000     0.9096     0.9133     0.0403    -0.0177     3.3516     0.0000     0.0000 -124.65330   44.65282      10.65          1  0.000e+00
      23263    969.250    282.741    285.242     6.8882     6.8885  34.417719  34.418386     6.8620     6.8623    34.0165    34.0169    26.6628    26.6631     2.0503     2.1683     62.409     66.000     0.9096     0.9133     0.0403    -0.0177     3.3504     0.0000     0.0000 -124.65330   44.65282      10.55          1  0.000e+00
      23264    969.292    282.741    285.242     6.8882     6.8885  34.417469  34.418386     6.8620     6.8623    34.0162    34.0169    26.6626    26.6631     2.0503     2.1683     62.409     66.000     0.9096     0.9133     0.0403    -0.0177     3.3516     0.0000     0.0000 -124.65330   44.65282      10.55          1  0.000e+00
      23265    969.333    282.734    285.236     6.8882     6.8885  34.417406  34.418074     6.8620     6.8623    34.0161    34.0165    26.6625    26.6628     2.0503     2.1683     62.409     66.001     0.9096     0.9133     0.0403    -0.0177     3.3516     0.0000     0.0000 -124.65330   44.65282      10.53          1  0.000e+00
      23266    969.375    282.794    285.296     6.8882     6.8885  34.417531  34.418386     6.8620     6.8623    34.0162    34.0168    26.6626    26.6631     2.0562     2.1683     62.590     66.001     0.9109     0.9133     0.0403    -0.0177     3.3529     0.0000     0.0000 -124.65330   44.65282      10.55          1  0.000e+00
      23267    969.417    282.794    285.296     6.8882     6.8883  34.417407  34.417887     6.8620     6.8621    34.0161    34.0165    26.6625    26.6628     2.0503     2.1683     62.410     66.002     0.9096     0.9133     0.0403    -0.0177     3.3529     0.0000     0.0000 -124.65330   44.65282      10.55          1  0.000e+00
      23268    969.458    282.840    285.343     6.8883     6.8884  34.417594  34.417700     6.8621     6.8622    34.0161    34.0162    26.6625    26.6626     2.0503     2.1683     62.410     66.002     0.9096     0.9133     0.0403    -0.0177     3.3529     0.0000     0.0000 -124.65330   44.65282      10.53          1  0.000e+00
      23269    969.500    282.840    285.343     6.8881     6.8885  34.417719  34.418074     6.8618     6.8623    34.0166    34.0165    26.6629    26.6628     2.0503     2.1683     62.410     66.002     0.9096     0.9133     0.0403    -0.0177     3.3516     0.0000     0.0000 -124.65330   44.65282      10.50          1  0.000e+00
      23270    969.542    282.840    285.343     6.8884     6.8885  34.417719  34.418262     6.8622     6.8623    34.0162    34.0167    26.6626    26.6629     2.0503     2.1683     62.410     66.001     0.9096     0.9133     0.0403    -0.0177     3.3529     0.0000     0.0000 -124.65330   44.65282      10.50          1  0.000e+00
      23271    969.583    282.894    285.397     6.8879     6.8884  34.417719  34.418511     6.8617     6.8622    34.0167    34.0171    26.6630    26.6633     2.0504     2.1683     62.411     66.002     0.9096     0.9133     0.0403    -0.0177     3.3529     0.0000     0.0000 -124.65330   44.65282      10.50          1  0.000e+00
      23272    969.625    282.940    285.444     6.8882     6.8885  34.417345  34.418387     6.8620     6.8623    34.0160    34.0168    26.6624    26.6630     2.0504     2.1684     62.411     66.002     0.9096     0.9133     0.0403    -0.0177     3.3516     0.0000     0.0000 -124.65330   44.65282      10.50          1  0.000e+00
      23273    969.667    282.894    285.397     6.8881     6.8887  34.417344  34.418324     6.8618     6.8625    34.0161    34.0165    26.6625    26.6628     2.0504     2.1683     62.411     66.002     0.9096     0.9133     0.0403    -0.0177     3.3516     0.0000     0.0000 -124.65330   44.65282      10.50          1  0.000e+00
      23274    969.708    282.940    285.444     6.8882     6.8885  34.417157  34.418512     6.8620     6.8623    34.0157    34.0169    26.6622    26.6631     2.0563     2.1684     62.591     66.002     0.9109     0.9133     0.0403    -0.0177     3.3516     0.0000     0.0000 -124.65330   44.65282      10.45          1  0.000e+00
      23275    969.750    282.993    285.497     6.8881     6.8887  34.417532  34.418387     6.8618     6.8625    34.0163    34.0166    26.6627    26.6628     2.0504     2.1684     62.411     66.002     0.9096     0.9133     0.0403    -0.0177     3.3516     0.0000     0.0000 -124.65330   44.65282      10.33          1  0.000e+00
      23276    969.792    282.993    285.497     6.8881     6.8882  34.417720  34.418325     6.8618     6.8620    34.0165    34.0170    26.6628    26.6632     2.0504     2.1619     62.411     65.806     0.9096     0.9121     0.0403    -0.0177     3.3529     0.0000     0.0000 -124.65330   44.65282      10.31          1  0.000e+00
      23277    969.833    283.040    285.544     6.8881     6.8885  34.417595  34.418512     6.8618     6.8622    34.0163    34.0169    26.6627    26.6631     2.0563     2.1684     62.592     66.003     0.9109     0.9133     0.0403    -0.0177     3.3529     0.0000     0.0000 -124.65330   44.65282      10.31          1  0.000e+00
      23278    969.875    283.040    285.544     6.8882     6.8885  34.417657  34.418137     6.8620     6.8623    34.0162    34.0165    26.6626    26.6627     2.0504     2.1684     62.412     66.003     0.9096     0.9133     0.0403    -0.0177     3.3529     0.0000     0.0000 -124.65330   44.65282      10.31          1  0.000e+00
      23279    969.917    283.040    285.544     6.8881     6.8887  34.417720  34.418637     6.8618     6.8625    34.0165    34.0168    26.6628    26.6630     2.0563     2.1684     62.592     66.003     0.9109     0.9133     0.0403    -0.0177     3.3529     0.0000     0.0000 -124.65330   44.65282      10.31          1  0.000e+00
      23280    969.958    283.140    285.645     6.8882     6.8885  34.417907  34.418450     6.8620     6.8623    34.0165    34.0167    26.6628    26.6630     2.0563     2.1619     62.593     65.807     0.9109     0.9121     0.0403    -0.0177     3.3516     0.0000     0.0000 -124.65330   44.65282      10.28          1  0.000e+00
      23281    970.000    283.086    285.591     6.8881     6.8885  34.417782  34.418512     6.8618     6.8623    34.0165    34.0168    26.6629    26.6631     2.0563     2.1619     62.592     65.807     0.9109     0.9121     0.0403    -0.0177     3.3516     0.0000     0.0000 -124.65330   44.65282      10.23          1  0.000e+00
      23282    970.042    283.140    285.645     6.8881     6.8886  34.416970  34.418824     6.8618     6.8624    34.0156    34.0171    26.6621    26.6632     2.0564     2.1684     62.593     66.004     0.9109     0.9133     0.0403    -0.0177     3.3529     0.0000     0.0000 -124.65330   44.65282      10.21          1  0.000e+00
      23283    970.083    283.140    285.645     6.8879     6.8887  34.417158  34.418450     6.8617     6.8625    34.0159    34.0166    26.6624    26.6628     2.0564     2.1684     62.593     66.004     0.9109     0.9133     0.0403    -0.0177     3.3516     0.0000     0.0000 -124.65330   44.65282      10.21          1  0.000e+00
