WCOA/WCOA-6/CTD_Data/RB2102_CTD_010_01.ros
* Sea-Bird SBE 9 Data File:
* FileName = C:\Users\scs.user.rb\CTD\RB2102\Data\RB2102_CTD_010_01.hex
* Software Version Seasave V 7.26.7.107
* Temperature SN = 6202
* Conductivity SN = 4907
* Number of Bytes Per Scan = 41
* Number of Voltage Words = 4
* Number of Scans Averaged by the Deck Unit = 1
* NMEA Latitude = 48 32.21 N
* NMEA Longitude = 125 59.79 W
* NMEA UTC (Time) = Jun 27 2021  21:22:15
* NMEA baud rate = 4800
# nquan = 30
# nvalues = 637                                   
# units = specified
# name 0 = scan: Scan Count
# name 1 = timeS: Time, Elapsed [seconds]
# name 2 = depSM: Depth [salt water, m]
# name 3 = prDM: Pressure, Digiquartz [db]
# name 4 = t090C: Temperature [ITS-90, deg C]
# name 5 = t190C: Temperature, 2 [ITS-90, deg C]
# name 6 = c0mS/cm: Conductivity [mS/cm]
# name 7 = c1mS/cm: Conductivity, 2 [mS/cm]
# name 8 = potemp090C: Potential Temperature [ITS-90, deg C]
# name 9 = potemp190C: Potential Temperature, 2 [ITS-90, deg C]
# name 10 = sal00: Salinity, Practical [PSU]
# name 11 = sal11: Salinity, Practical, 2 [PSU]
# name 12 = sigma-é00: Density [sigma-theta, kg/m^3]
# name 13 = sigma-é11: Density, 2 [sigma-theta, kg/m^3]
# name 14 = sbeox0Mg/L: Oxygen, SBE 43 [mg/l]
# name 15 = sbeox1Mg/L: Oxygen, SBE 43, 2 [mg/l]
# name 16 = sbox0Mm/Kg: Oxygen, SBE 43 [umol/kg]
# name 17 = sbox1Mm/Kg: Oxygen, SBE 43, 2 [umol/kg]
# name 18 = sbeox0V: Oxygen raw, SBE 43 [V]
# name 19 = sbeox1V: Oxygen raw, SBE 43, 2 [V]
# name 20 = v4: Voltage 4
# name 21 = flECO-AFL: Fluorescence, WET Labs ECO-AFL/FL [mg/m^3]
# name 22 = v3: Voltage 3
# name 23 = v6: Voltage 6
# name 24 = v7: Voltage 7
# name 25 = longitude: Longitude [deg]
# name 26 = latitude: Latitude [deg]
# name 27 = altM: Altimeter [m]
# name 28 = nbf: Bottles Fired
# name 29 = flag:  0.000e+00
# interval = seconds: 0.0416667
# start_time = Jun 27 2021 21:22:15 [NMEA time, header]
# bad_flag = -9.990e-29
*END*
      17948    747.792    113.652    114.652     7.1340     7.1250  34.218177  34.233194     7.1234     7.1145    33.6394    33.6645    26.3301    26.3511     2.4027     1.6093     73.160     49.001     0.9951     0.8156     0.0427     0.0434     3.1294     1.7143     2.4261 -125.99630   48.53716       9.47          1  0.000e+00
      17949    747.833    113.699    114.698     7.1338     7.1252  34.218052  34.233132     7.1233     7.1146    33.6394    33.6643    26.3301    26.3509     2.4028     1.6093     73.161     49.001     0.9951     0.8156     0.0427     0.0434     3.1282     1.7143     2.4261 -125.99630   48.53716       9.50          1  0.000e+00
      17950    747.875    113.652    114.652     7.1340     7.1252  34.218239  34.233319     7.1234     7.1147    33.6395    33.6645    26.3302    26.3511     2.4027     1.6093     73.160     49.000     0.9951     0.8156     0.0427     0.0434     3.1294     1.7143     2.4261 -125.99630   48.53716       9.52          1  0.000e+00
      17951    747.917    113.652    114.652     7.1338     7.1254  34.218301  34.233444     7.1233     7.1148    33.6397    33.6645    26.3304    26.3510     2.4027     1.6093     73.160     49.000     0.9951     0.8156     0.0427     0.0434     3.1294     1.7143     2.4261 -125.99630   48.53716       9.52          1  0.000e+00
      17952    747.958    113.619    114.618     7.1336     7.1252  34.218052  34.233194     7.1231     7.1146    33.6396    33.6644    26.3303    26.3510     2.3970     1.6093     72.985     49.000     0.9939     0.8156     0.0427     0.0434     3.1294     1.7143     2.4249 -125.99630   48.53716       9.52          1  0.000e+00
      17953    748.000    113.606    114.605     7.1338     7.1252  34.218239  34.233007     7.1233     7.1147    33.6396    33.6642    26.3303    26.3508     2.4027     1.6093     73.160     49.000     0.9951     0.8156     0.0427     0.0434     3.1282     1.7143     2.4261 -125.99630   48.53716       9.52          1  0.000e+00
      17954    748.042    113.652    114.651     7.1336     7.1254  34.218551  34.233319     7.1231     7.1148    33.6401    33.6643    26.3307    26.3509     2.3970     1.6030     72.985     48.808     0.9939     0.8144     0.0427     0.0434     3.1294     1.7143     2.4310 -125.99630   48.53716       9.52          1  0.000e+00
      17955    748.083    113.606    114.605     7.1338     7.1252  34.218114  34.233194     7.1233     7.1147    33.6395    33.6644    26.3302    26.3510     2.3970     1.6093     72.984     49.000     0.9939     0.8156     0.0427     0.0434     3.1282     1.7143     2.4371 -125.99630   48.53716       9.57          1  0.000e+00
      17956    748.125    113.652    114.651     7.1338     7.1252  34.217990  34.233319     7.1233     7.1147    33.6393    33.6645    26.3301    26.3511     2.3970     1.6093     72.985     49.000     0.9939     0.8156     0.0427     0.0434     3.1282     1.7143     2.4396 -125.99630   48.53716       9.60          1  0.000e+00
      17957    748.167    113.573    114.571     7.1338     7.1254  34.218426  34.232945     7.1233     7.1148    33.6399    33.6640    26.3305    26.3506     2.4027     1.6030     73.159     48.808     0.9951     0.8144     0.0427     0.0434     3.1294     1.7143     2.4396 -125.99630   48.53716       9.60          1  0.000e+00
      17958    748.208    113.606    114.605     7.1338     7.1257  34.218114  34.233257     7.1233     7.1152    33.6395    33.6640    26.3302    26.3506     2.4027     1.6093     73.160     49.000     0.9951     0.8156     0.0427     0.0434     3.1282     1.7143     2.4383 -125.99630   48.53716       9.60          1  0.000e+00
      17959    748.250    113.606    114.605     7.1336     7.1255  34.217990  34.233443     7.1231     7.1150    33.6396    33.6644    26.3303    26.3509     2.4027     1.6030     73.160     48.808     0.9951     0.8144     0.0427     0.0434     3.1282     1.7143     2.4383 -125.99630   48.53716       9.60          1  0.000e+00
      17960    748.292    113.606    114.605     7.1335     7.1257  34.218488  34.233443     7.1230     7.1152    33.6402    33.6642    26.3308    26.3507     2.3970     1.6030     72.984     48.808     0.9939     0.8144     0.0427     0.0434     3.1294     1.7143     2.4383 -125.99630   48.53716       9.60          1  0.000e+00
      17961    748.333    113.553    114.551     7.1336     7.1257  34.218363  34.233443     7.1231     7.1152    33.6400    33.6642    26.3306    26.3508     2.4027     1.6030     73.160     48.807     0.9951     0.8144     0.0427     0.0434     3.1282     1.7143     2.4383 -125.99630   48.53716       9.62          1  0.000e+00
      17962    748.375    113.619    114.618     7.1335     7.1260  34.217803  34.232883     7.1230     7.1155    33.6395    33.6633    26.3302    26.3500     2.4028     1.6030     73.161     48.808     0.9951     0.8144     0.0427     0.0434     3.1282     1.7155     2.4383 -125.99630   48.53716       9.62          1  0.000e+00
      17963    748.417    113.553    114.551     7.1335     7.1259  34.218176  34.233007     7.1230     7.1153    33.6399    33.6636    26.3306    26.3503     2.4027     1.6030     73.160     48.807     0.9951     0.8144     0.0427     0.0434     3.1282     1.7155     2.4383 -125.99630   48.53716       9.65          1  0.000e+00
      17964    748.458    113.553    114.551     7.1338     7.1262  34.218550  34.233132     7.1233     7.1157    33.6400    33.6634    26.3306    26.3501     2.4027     1.6030     73.159     48.807     0.9951     0.8144     0.0427     0.0434     3.1294     1.7155     2.4383 -125.99630   48.53716       9.62          1  0.000e+00
      17965    748.500    113.553    114.551     7.1336     7.1262  34.218114  34.232633     7.1231     7.1157    33.6397    33.6628    26.3304    26.3496     2.4027     1.6030     73.160     48.807     0.9951     0.8144     0.0427     0.0434     3.1294     1.7143     2.4383 -125.99630   48.53716       9.65          1  0.000e+00
      17966    748.542    113.553    114.551     7.1335     7.1263  34.218239  34.232696     7.1230     7.1158    33.6400    33.6628    26.3306    26.3496     2.4027     1.6030     73.160     48.807     0.9951     0.8144     0.0427     0.0434     3.1294     1.7143     2.4383 -125.99630   48.53716       9.62          1  0.000e+00
      17967    748.583    113.573    114.571     7.1338     7.1265  34.218301  34.233007     7.1233     7.1160    33.6397    33.6629    26.3304    26.3497     2.4027     1.6030     73.160     48.807     0.9951     0.8144     0.0427     0.0434     3.1282     1.7143     2.4383 -125.99630   48.53716       9.67          1  0.000e+00
      17968    748.625    113.606    114.605     7.1335     7.1267  34.218052  34.233568     7.1230     7.1161    33.6398    33.6634    26.3305    26.3500     2.4027     1.6029     73.160     48.807     0.9951     0.8144     0.0427     0.0434     3.1282     1.7143     2.4396 -125.99630   48.53716       9.67          1  0.000e+00
      17969    748.667    113.506    114.504     7.1335     7.1267  34.217989  34.233505     7.1230     7.1162    33.6397    33.6633    26.3304    26.3500     2.4027     1.6029     73.160     48.806     0.9951     0.8144     0.0427     0.0434     3.1294     1.7155     2.4383 -125.99630   48.53716       9.67          1  0.000e+00
      17970    748.708    113.553    114.551     7.1336     7.1267  34.218488  34.233194     7.1231     7.1162    33.6401    33.6630    26.3307    26.3497     2.4027     1.6029     73.159     48.807     0.9951     0.8144     0.0427     0.0434     3.1294     1.7143     2.4383 -125.99630   48.53716       9.67          1  0.000e+00
      17971    748.750    113.553    114.551     7.1334     7.1268  34.218363  34.233007     7.1228     7.1163    33.6403    33.6626    26.3309    26.3494     2.4085     1.6029     73.336     48.807     0.9963     0.8144     0.0427     0.0434     3.1282     1.7143     2.4396 -125.99630   48.53716       9.67          1  0.000e+00
      17972    748.792    113.573    114.571     7.1335     7.1270  34.218052  34.232820     7.1230     7.1164    33.6398    33.6623    26.3305    26.3491     2.4085     1.5966     73.336     48.615     0.9963     0.8132     0.0427     0.0434     3.1282     1.7143     2.4383 -125.99630   48.53716       9.67          1  0.000e+00
      17973    748.833    113.553    114.551     7.1338     7.1272  34.217989  34.232820     7.1233     7.1166    33.6394    33.6621    26.3301    26.3489     2.4085     1.5966     73.335     48.614     0.9963     0.8132     0.0427     0.0434     3.1282     1.7143     2.4396 -125.99630   48.53716       9.67          1  0.000e+00
      17974    748.875    113.553    114.551     7.1335     7.1273  34.218239  34.232571     7.1230     7.1168    33.6400    33.6617    26.3306    26.3486     2.4085     1.5966     73.336     48.614     0.9963     0.8132     0.0427     0.0434     3.1294     1.7143     2.4383 -125.99630   48.53716       9.69          1  0.000e+00
      17975    748.917    113.553    114.551     7.1336     7.1275  34.218301  34.232695     7.1231     7.1169    33.6399    33.6617    26.3306    26.3485     2.4085     1.5966     73.335     48.614     0.9963     0.8132     0.0427     0.0434     3.1294     1.7143     2.4383 -125.99630   48.53716       9.69          1  0.000e+00
      17976    748.958    113.553    114.551     7.1335     7.1277  34.218301  34.233007     7.1230     7.1171    33.6401    33.6618    26.3307    26.3486     2.4085     1.5966     73.336     48.614     0.9963     0.8132     0.0427     0.0434     3.1282     1.7143     2.4383 -125.99630   48.53716       9.67          1  0.000e+00
      17977    749.000    113.553    114.551     7.1336     7.1275  34.218301  34.233132     7.1231     7.1169    33.6399    33.6621    26.3306    26.3489     2.4085     1.5966     73.335     48.614     0.9963     0.8132     0.0427     0.0434     3.1282     1.7143     2.4383 -125.99630   48.53716       9.67          1  0.000e+00
      17978    749.042    113.573    114.571     7.1335     7.1278  34.218301  34.233132     7.1230     7.1173    33.6401    33.6618    26.3307    26.3486     2.4085     1.5966     73.336     48.614     0.9963     0.8132     0.0427     0.0434     3.1282     1.7143     2.4469 -125.99630   48.53716       9.69          1  0.000e+00
      17979    749.083    113.553    114.551     7.1334     7.1278  34.218052  34.233132     7.1228     7.1173    33.6399    33.6618    26.3306    26.3486     2.4085     1.5966     73.336     48.614     0.9963     0.8132     0.0427     0.0434     3.1294     1.7155     2.4567 -125.99630   48.53716       9.69          1  0.000e+00
      17980    749.125    113.606    114.605     7.1330     7.1278  34.218239  34.233007     7.1225     7.1173    33.6404    33.6617    26.3311    26.3485     2.4085     1.5966     73.337     48.614     0.9963     0.8132     0.0427     0.0434     3.1294     1.7143     2.4603 -125.99630   48.53716       9.69          1  0.000e+00
      17981    749.167    113.553    114.551     7.1338     7.1278  34.217802  34.232820     7.1233     7.1173    33.6392    33.6615    26.3300    26.3483     2.4085     1.5966     73.335     48.614     0.9963     0.8132     0.0427     0.0434     3.1294     1.7143     2.4591 -125.99630   48.53716       9.69          1  0.000e+00
      17982    749.208    113.553    114.551     7.1330     7.1277  34.217865  34.233007     7.1225     7.1171    33.6400    33.6618    26.3308    26.3486     2.4028     1.5966     73.161     48.614     0.9951     0.8132     0.0427     0.0434     3.1282     1.7143     2.4591 -125.99630   48.53716       9.69          1  0.000e+00
      17983    749.250    113.573    114.571     7.1330     7.1279  34.217802  34.232882     7.1225     7.1174    33.6400    33.6614    26.3307    26.3483     2.4085     1.5966     73.337     48.614     0.9963     0.8132     0.0427     0.0434     3.1282     1.7143     2.4591 -125.99630   48.53716       9.69          1  0.000e+00
      17984    749.292    113.606    114.605     7.1336     7.1278  34.217678  34.232820     7.1231     7.1173    33.6392    33.6615    26.3300    26.3483     2.4085     1.5966     73.336     48.614     0.9963     0.8132     0.0427     0.0434     3.1270     1.7155     2.4591 -125.99630   48.53716       9.69          1  0.000e+00
      17985    749.333    113.553    114.551     7.1340     7.1280  34.218114  34.233256     7.1234     7.1175    33.6394    33.6618    26.3301    26.3485     2.4085     1.5903     73.335     48.422     0.9963     0.8120     0.0427     0.0434     3.1294     1.7143     2.4591 -125.99630   48.53716       9.69          1  0.000e+00
      17986    749.375    113.606    114.605     7.1336     7.1278  34.218114  34.232945     7.1231     7.1173    33.6397    33.6616    26.3304    26.3484     2.4085     1.5966     73.336     48.614     0.9963     0.8132     0.0427     0.0434     3.1294     1.7143     2.4591 -125.99630   48.53716       9.67          1  0.000e+00
      17987    749.417    113.606    114.605     7.1333     7.1280  34.217491  34.233007     7.1228     7.1175    33.6393    33.6615    26.3302    26.3483     2.4085     1.5966     73.337     48.614     0.9963     0.8132     0.0427     0.0434     3.1282     1.7143     2.4591 -125.99630   48.53716       9.67          1  0.000e+00
      17988    749.458    113.573    114.571     7.1330     7.1281  34.217802  34.232882     7.1225     7.1176    33.6400    33.6612    26.3307    26.3481     2.4085     1.5903     73.337     48.422     0.9963     0.8120     0.0427     0.0434     3.1294     1.7143     2.4591 -125.99630   48.53716       9.67          1  0.000e+00
      17989    749.500    113.606    114.605     7.1327     7.1279  34.217242  34.232945     7.1222     7.1174    33.6397    33.6614    26.3305    26.3483     2.4086     1.5966     73.338     48.614     0.9963     0.8132     0.0427     0.0434     3.1294     1.7155     2.4591 -125.99630   48.53716       9.67          1  0.000e+00
      17990    749.542    113.652    114.651     7.1326     7.1281  34.217304  34.232820     7.1220     7.1176    33.6399    33.6611    26.3307    26.3480     2.4086     1.5966     73.338     48.614     0.9963     0.8132     0.0427     0.0434     3.1282     1.7143     2.4591 -125.99630   48.53716       9.67          1  0.000e+00
      17991    749.583    113.553    114.551     7.1324     7.1281  34.217615  34.232820     7.1218     7.1176    33.6404    33.6611    26.3311    26.3480     2.4086     1.5903     73.337     48.422     0.9963     0.8120     0.0427     0.0434     3.1294     1.7155     2.4591 -125.99630   48.53716       9.67          1  0.000e+00
      17992    749.625    113.652    114.651     7.1324     7.1280  34.217429  34.232820     7.1218     7.1174    33.6402    33.6612    26.3309    26.3481     2.4086     1.5966     73.338     48.614     0.9963     0.8132     0.0427     0.0434     3.1282     1.7155     2.4591 -125.99630   48.53716       9.65          1  0.000e+00
      17993    749.667    113.619    114.618     7.1327     7.1281  34.217865  34.232820     7.1221     7.1176    33.6403    33.6611    26.3310    26.3480     2.4086     1.5903     73.337     48.422     0.9963     0.8120     0.0427     0.0434     3.1282     1.7155     2.4591 -125.99630   48.53716       9.67          1  0.000e+00
      17994    749.708    113.606    114.605     7.1335     7.1283  34.217990  34.232571     7.1230     7.1177    33.6397    33.6607    26.3304    26.3477     2.4085     1.5966     73.336     48.614     0.9963     0.8132     0.0440     0.0739     3.1282     1.7155     2.4591 -125.99630   48.53716       9.67          1  0.000e+00
      17995    749.750    113.698    114.698     7.1345     7.1281  34.217740  34.232696     7.1239     7.1176    33.6384    33.6609    26.3293    26.3479     2.4085     1.5903     73.336     48.423     0.9963     0.8120     0.0427     0.0434     3.1282     1.7155     2.4591 -125.99630   48.53716       9.67          1  0.000e+00
