WCOA/WCOA-6/CTD_Data/RB2102_CTD_107_01.ros
* Sea-Bird SBE 9 Data File:
* FileName = C:\Users\scs.user.rb\CTD\RB2102\Data\RB2102_CTD_107_01.hex
* Software Version Seasave V 7.26.7.107
* Temperature SN = 6202
* Conductivity SN = 4907
* Number of Bytes Per Scan = 41
* Number of Voltage Words = 4
* Number of Scans Averaged by the Deck Unit = 1
* NMEA Latitude = 34 58.57 N
* NMEA Longitude = 122 39.86 W
* NMEA UTC (Time) = Jul 16 2021  04:28:16
* NMEA baud rate = 4800
# nquan = 30
# nvalues = 1176                                  
# units = specified
# name 0 = scan: Scan Count
# name 1 = timeS: Time, Elapsed [seconds]
# name 2 = depSM: Depth [salt water, m]
# name 3 = prDM: Pressure, Digiquartz [db]
# name 4 = t090C: Temperature [ITS-90, deg C]
# name 5 = t190C: Temperature, 2 [ITS-90, deg C]
# name 6 = c0mS/cm: Conductivity [mS/cm]
# name 7 = c1mS/cm: Conductivity, 2 [mS/cm]
# name 8 = potemp090C: Potential Temperature [ITS-90, deg C]
# name 9 = potemp190C: Potential Temperature, 2 [ITS-90, deg C]
# name 10 = sal00: Salinity, Practical [PSU]
# name 11 = sal11: Salinity, Practical, 2 [PSU]
# name 12 = sigma-é00: Density [sigma-theta, kg/m^3]
# name 13 = sigma-é11: Density, 2 [sigma-theta, kg/m^3]
# name 14 = sbeox0Mg/L: Oxygen, SBE 43 [mg/l]
# name 15 = sbeox1Mg/L: Oxygen, SBE 43, 2 [mg/l]
# name 16 = sbox0Mm/Kg: Oxygen, SBE 43 [umol/kg]
# name 17 = sbox1Mm/Kg: Oxygen, SBE 43, 2 [umol/kg]
# name 18 = sbeox0V: Oxygen raw, SBE 43 [V]
# name 19 = sbeox1V: Oxygen raw, SBE 43, 2 [V]
# name 20 = v4: Voltage 4
# name 21 = flECO-AFL: Fluorescence, WET Labs ECO-AFL/FL [mg/m^3]
# name 22 = v3: Voltage 3
# name 23 = v6: Voltage 6
# name 24 = v7: Voltage 7
# name 25 = longitude: Longitude [deg]
# name 26 = latitude: Latitude [deg]
# name 27 = altM: Altimeter [m]
# name 28 = nbf: Bottles Fired
# name 29 = flag:  0.000e+00
# interval = seconds: 0.0416667
# start_time = Jul 16 2021 04:28:16 [NMEA time, header]
# bad_flag = -9.990e-29
*END*
[from data line 194]
     221967   9248.583    991.455   1001.071     3.9674     3.9677  32.514742  32.515506     3.8920     3.8923    34.4600    34.4605    27.3677    27.3681     0.5955     0.6297     18.115     19.154     0.5910     0.6044     0.0415     0.0129     3.2332     0.0867     0.0269 -122.66656   34.97512     100.00          4  0.000e+00
     221968   9248.625    991.455   1001.071     3.9675     3.9681  32.514680  32.515751     3.8921     3.8927    34.4598    34.4604    27.3675    27.3680     0.5955     0.6297     18.115     19.154     0.5910     0.6044     0.0415     0.0129     3.2320     0.0867     0.0269 -122.66656   34.97512     100.00          4  0.000e+00
     230835   9618.083    743.642    750.405     4.7628     4.7647  33.038184  33.040194     4.7032     4.7051    34.3739    34.3743    27.2125    27.2126     0.3000     0.3215      9.126      9.781     0.5421     0.5580     0.0403    -0.0177     3.2295     0.0720     0.0342 -122.66700   34.97488     100.00          5  0.000e+00
     230836   9618.125    743.689    750.452     4.7630     4.7647  33.038369  33.039948     4.7034     4.7051    34.3739    34.3740    27.2125    27.2124     0.3066     0.3215      9.327      9.781     0.5433     0.5580     0.0403    -0.0177     3.2295     0.0733     0.0354 -122.66700   34.97488     100.00          5  0.000e+00
     230837   9618.167    743.595    750.357     4.7628     4.7649  33.038122  33.040194     4.7032     4.7052    34.3738    34.3741    27.2125    27.2125     0.3066     0.3215      9.327      9.781     0.5433     0.5580     0.0403    -0.0177     3.2308     0.0733     0.0354 -122.66700   34.97488     100.00          5  0.000e+00
     230838   9618.208    743.595    750.357     4.7630     4.7645  33.037815  33.040439     4.7034     4.7049    34.3733    34.3748    27.2121    27.2130     0.3000     0.3215      9.126      9.781     0.5421     0.5580     0.0403    -0.0177     3.2308     0.0733     0.0366 -122.66700   34.97488     100.00          5  0.000e+00
     230839   9618.250    743.642    750.405     4.7628     4.7648  33.037754  33.040255     4.7032     4.7052    34.3734    34.3742    27.2121    27.2126     0.3000     0.3215      9.126      9.781     0.5421     0.5580     0.0403    -0.0177     3.2308     0.0733     0.0379 -122.66700   34.97488     100.00          5  0.000e+00
     230840   9618.292    743.642    750.405     4.7630     4.7647  33.037754  33.040194     4.7034     4.7051    34.3732    34.3743    27.2120    27.2126     0.3000     0.3215      9.126      9.781     0.5421     0.5580     0.0403    -0.0177     3.2308     0.0733     0.0354 -122.66700   34.97488     100.00          5  0.000e+00
     230841   9618.333    743.522    750.283     4.7630     4.7645  33.038184  33.040009     4.7034     4.7049    34.3738    34.3743    27.2124    27.2127     0.3000     0.3215      9.125      9.780     0.5421     0.5580     0.0403    -0.0177     3.2295     0.0720     0.0342 -122.66700   34.97488     100.00          5  0.000e+00
     230842   9618.375    743.595    750.357     4.7628     4.7647  33.038368  33.040132     4.7032     4.7051    34.3741    34.3742    27.2127    27.2126     0.3000     0.3287      9.126     10.001     0.5421     0.5592     0.0403    -0.0177     3.2295     0.0733     0.0366 -122.66700   34.97488     100.00          5  0.000e+00
     230843   9618.417    743.542    750.303     4.7630     4.7645  33.037876  33.040193     4.7034     4.7049    34.3734    34.3745    27.2121    27.2128     0.3000     0.3215      9.125      9.780     0.5421     0.5580     0.0403    -0.0177     3.2320     0.0733     0.0366 -122.66700   34.97488     100.00          5  0.000e+00
     230844   9618.458    743.542    750.303     4.7628     4.7647  33.037753  33.039948     4.7032     4.7051    34.3734    34.3740    27.2122    27.2124     0.3000     0.3215      9.126      9.780     0.5421     0.5580     0.0403    -0.0177     3.2295     0.0733     0.0354 -122.66700   34.97488     100.00          5  0.000e+00
     230845   9618.500    743.542    750.303     4.7627     4.7647  33.037507  33.039702     4.7031     4.7050    34.3733    34.3738    27.2121    27.2122     0.3000     0.3215      9.126      9.781     0.5421     0.5580     0.0403    -0.0177     3.2295     0.0733     0.0354 -122.66700   34.97488     100.00          5  0.000e+00
     230846   9618.542    743.542    750.303     4.7627     4.7649  33.037630  33.040071     4.7031     4.7052    34.3734    34.3740    27.2122    27.2124     0.3000     0.3287      9.126     10.001     0.5421     0.5592     0.0403    -0.0177     3.2308     0.0733     0.0354 -122.66700   34.97488     100.00          5  0.000e+00
     230847   9618.583    743.495    750.256     4.7628     4.7645  33.038184  33.039702     4.7032     4.7049    34.3740    34.3740    27.2126    27.2124     0.3066     0.3215      9.327      9.780     0.5433     0.5580     0.0403    -0.0177     3.2308     0.0733     0.0354 -122.66700   34.97488     100.00          5  0.000e+00
     230848   9618.625    743.542    750.303     4.7628     4.7647  33.038122  33.040255     4.7032     4.7051    34.3739    34.3744    27.2125    27.2127     0.3066     0.3215      9.327      9.780     0.5433     0.5580     0.0403    -0.0177     3.2308     0.0733     0.0354 -122.66700   34.97488     100.00          5  0.000e+00
     230849   9618.667    743.495    750.256     4.7627     4.7645  33.037815  33.040132     4.7031     4.7049    34.3737    34.3745    27.2124    27.2128     0.3066     0.3215      9.327      9.780     0.5433     0.5580     0.0403    -0.0177     3.2308     0.0733     0.0342 -122.66700   34.97488     100.00          5  0.000e+00
     230850   9618.708    743.495    750.256     4.7629     4.7645  33.037507  33.040132     4.7033     4.7048    34.3731    34.3745    27.2119    27.2128     0.3000     0.3215      9.125      9.780     0.5421     0.5580     0.0403    -0.0177     3.2295     0.0733     0.0354 -122.66700   34.97488     100.00          5  0.000e+00
     230851   9618.750    743.495    750.256     4.7627     4.7647  33.037876  33.040193     4.7031     4.7051    34.3738    34.3743    27.2124    27.2127     0.3066     0.3215      9.327      9.780     0.5433     0.5580     0.0403    -0.0177     3.2308     0.0733     0.0366 -122.66700   34.97488     100.00          5  0.000e+00
     230852   9618.792    743.495    750.256     4.7625     4.7645  33.038061  33.039702     4.7029     4.7049    34.3741    34.3740    27.2127    27.2124     0.3000     0.3215      9.125      9.780     0.5421     0.5580     0.0403    -0.0177     3.2308     0.0733     0.0354 -122.66700   34.97488     100.00          5  0.000e+00
     230853   9618.833    743.495    750.256     4.7627     4.7645  33.038061  33.040132     4.7031     4.7049    34.3740    34.3745    27.2126    27.2128     0.3000     0.3215      9.125      9.780     0.5421     0.5580     0.0403    -0.0177     3.2295     0.0733     0.0342 -122.66700   34.97488     100.00          5  0.000e+00
     230854   9618.875    743.495    750.256     4.7628     4.7645  33.038061  33.039948     4.7032     4.7049    34.3738    34.3743    27.2125    27.2126     0.3000     0.3215      9.125      9.780     0.5421     0.5580     0.0415     0.0129     3.2295     0.0733     0.0366 -122.66700   34.97488     100.00          5  0.000e+00
     230855   9618.917    743.441    750.202     4.7627     4.7645  33.038060  33.040070     4.7031     4.7049    34.3740    34.3745    27.2126    27.2128     0.3000     0.3215      9.125      9.780     0.5421     0.5580     0.0415     0.0129     3.2308     0.0745     0.0366 -122.66700   34.97488     100.00          5  0.000e+00
     230856   9618.958    743.495    750.256     4.7625     4.7645  33.038061  33.039948     4.7029     4.7049    34.3741    34.3743    27.2127    27.2126     0.3000     0.3215      9.125      9.780     0.5421     0.5580     0.0415     0.0129     3.2295     0.0745     0.0391 -122.66700   34.97488     100.00          5  0.000e+00
     230857   9619.000    743.495    750.256     4.7625     4.7645  33.038061  33.040193     4.7029     4.7049    34.3741    34.3746    27.2127    27.2128     0.3000     0.3215      9.125      9.780     0.5421     0.5580     0.0415     0.0129     3.2320     0.0745     0.0366 -122.66700   34.97488     100.00          5  0.000e+00
     230858   9619.042    743.441    750.202     4.7625     4.7644  33.037814  33.039947     4.7029     4.7048    34.3739    34.3744    27.2125    27.2128     0.3000     0.3215      9.125      9.780     0.5421     0.5580     0.0415     0.0129     3.2320     0.0745     0.0391 -122.66700   34.97488     100.00          5  0.000e+00
     230859   9619.083    743.495    750.256     4.7625     4.7644  33.037938  33.040070     4.7029     4.7047    34.3740    34.3746    27.2126    27.2129     0.3066     0.3215      9.327      9.780     0.5433     0.5580     0.0415     0.0129     3.2308     0.0745     0.0391 -122.66700   34.97488     100.00          5  0.000e+00
     230860   9619.125    743.495    750.256     4.7625     4.7645  33.037815  33.039948     4.7029     4.7048    34.3738    34.3743    27.2125    27.2127     0.3066     0.3215      9.327      9.780     0.5433     0.5580     0.0415     0.0129     3.2308     0.0745     0.0391 -122.66700   34.97488     100.00          5  0.000e+00
     230861   9619.167    743.428    750.188     4.7625     4.7644  33.037507  33.039947     4.7029     4.7048    34.3735    34.3745    27.2122    27.2128     0.3066     0.3215      9.327      9.780     0.5433     0.5580     0.0415     0.0129     3.2308     0.0757     0.0391 -122.66700   34.97488     100.00          5  0.000e+00
     230862   9619.208    743.495    750.256     4.7625     4.7645  33.037630  33.039886     4.7029     4.7049    34.3736    34.3742    27.2123    27.2126     0.3000     0.3215      9.126      9.780     0.5421     0.5580     0.0415     0.0129     3.2308     0.0757     0.0391 -122.66700   34.97488     100.00          5  0.000e+00
     230863   9619.250    743.495    750.256     4.7625     4.7647  33.038184  33.040070     4.7029     4.7051    34.3743    34.3742    27.2128    27.2125     0.3066     0.3215      9.327      9.780     0.5433     0.5580     0.0415     0.0129     3.2308     0.0733     0.0354 -122.66700   34.97488     100.00          5  0.000e+00
     230864   9619.292    743.441    750.202     4.7625     4.7644  33.037876  33.040193     4.7029     4.7048    34.3739    34.3747    27.2126    27.2130     0.3000     0.3215      9.125      9.780     0.5421     0.5580     0.0415     0.0129     3.2308     0.0733     0.0354 -122.66700   34.97488     100.00          5  0.000e+00
     230865   9619.333    743.495    750.256     4.7625     4.7645  33.037753  33.040009     4.7029     4.7049    34.3738    34.3743    27.2124    27.2127     0.3000     0.3215      9.126      9.780     0.5421     0.5580     0.0415     0.0129     3.2295     0.0745     0.0379 -122.66700   34.97488     100.00          5  0.000e+00
     230866   9619.375    743.495    750.256     4.7625     4.7645  33.037938  33.040378     4.7029     4.7048    34.3740    34.3748    27.2126    27.2131     0.3066     0.3215      9.327      9.780     0.5433     0.5580     0.0415     0.0129     3.2308     0.0757     0.0391 -122.66700   34.97488     100.00          5  0.000e+00
     230867   9619.417    743.441    750.202     4.7625     4.7647  33.038060  33.040009     4.7029     4.7051    34.3742    34.3742    27.2127    27.2125     0.3000     0.3215      9.125      9.780     0.5421     0.5580     0.0415     0.0129     3.2308     0.0757     0.0403 -122.66700   34.97488     100.00          5  0.000e+00
     230868   9619.458    743.495    750.256     4.7627     4.7647  33.038061  33.040070     4.7031     4.7051    34.3740    34.3742    27.2126    27.2125     0.3000     0.3215      9.125      9.780     0.5421     0.5580     0.0427     0.0434     3.2295     0.0757     0.0391 -122.66700   34.97488     100.00          5  0.000e+00
     230869   9619.500    743.495    750.256     4.7627     4.7645  33.038061  33.040255     4.7031     4.7049    34.3740    34.3746    27.2126    27.2129     0.3000     0.3215      9.125      9.780     0.5421     0.5580     0.0415     0.0129     3.2295     0.0757     0.0391 -122.66700   34.97488     100.00          5  0.000e+00
     230870   9619.542    743.495    750.256     4.7628     4.7645  33.038061  33.039763     4.7032     4.7049    34.3738    34.3741    27.2125    27.2125     0.3000     0.3215      9.125      9.780     0.5421     0.5580     0.0415     0.0129     3.2295     0.0757     0.0391 -122.66700   34.97488     100.00          5  0.000e+00
     230871   9619.583    743.495    750.256     4.7628     4.7647  33.038245  33.040009     4.7032     4.7050    34.3740    34.3742    27.2126    27.2125     0.3000     0.3215      9.125      9.780     0.5421     0.5580     0.0415     0.0129     3.2295     0.0745     0.0379 -122.66700   34.97488     100.00          5  0.000e+00
     230872   9619.625    743.542    750.303     4.7628     4.7645  33.038122  33.040193     4.7032     4.7049    34.3739    34.3745    27.2125    27.2128     0.3000     0.3215      9.125      9.780     0.5421     0.5580     0.0415     0.0129     3.2308     0.0757     0.0391 -122.66700   34.97488     100.00          5  0.000e+00
     230873   9619.667    743.495    750.256     4.7627     4.7647  33.038245  33.040255     4.7031     4.7051    34.3741    34.3744    27.2127    27.2127     0.3000     0.3215      9.125      9.780     0.5421     0.5580     0.0415     0.0129     3.2308     0.0757     0.0391 -122.66700   34.97488     100.00          5  0.000e+00
     230874   9619.708    743.495    750.256     4.7630     4.7647  33.038553  33.039763     4.7034     4.7051    34.3742    34.3738    27.2128    27.2123     0.3000     0.3215      9.125      9.780     0.5421     0.5580     0.0415     0.0129     3.2308     0.0745     0.0391 -122.66700   34.97488     100.00          5  0.000e+00
     230875   9619.750    743.542    750.303     4.7630     4.7644  33.038430  33.040009     4.7034     4.7047    34.3741    34.3745    27.2126    27.2128     0.3000     0.3215      9.125      9.781     0.5421     0.5580     0.0415     0.0129     3.2295     0.0757     0.0391 -122.66700   34.97488     100.00          5  0.000e+00
     230876   9619.792    743.542    750.303     4.7628     4.7647  33.038368  33.039948     4.7032     4.7050    34.3742    34.3741    27.2127    27.2125     0.3000     0.3215      9.125      9.780     0.5421     0.5580     0.0415     0.0129     3.2295     0.0757     0.0391 -122.66700   34.97488     100.00          5  0.000e+00
     230877   9619.833    743.495    750.256     4.7628     4.7645  33.038122  33.039948     4.7032     4.7049    34.3739    34.3743    27.2125    27.2126     0.3000     0.3215      9.125      9.780     0.5421     0.5580     0.0415     0.0129     3.2308     0.0757     0.0391 -122.66700   34.97488     100.00          5  0.000e+00
     230878   9619.875    743.595    750.357     4.7630     4.7645  33.038245  33.040132     4.7034     4.7049    34.3738    34.3744    27.2124    27.2128     0.3000     0.3215      9.126      9.781     0.5421     0.5580     0.0415     0.0129     3.2295     0.0757     0.0391 -122.66700   34.97488     100.00          5  0.000e+00
     230879   9619.917    743.542    750.303     4.7631     4.7647  33.038368  33.040193     4.7035     4.7051    34.3738    34.3743    27.2124    27.2126     0.3000     0.3215      9.125      9.780     0.5421     0.5580     0.0415     0.0129     3.2308     0.0757     0.0391 -122.66700   34.97488     100.00          5  0.000e+00
