WCOA/WCOA-6/CTD_Data/RB2102_CTD_037_01.ros
* Sea-Bird SBE 9 Data File:
* FileName = C:\Users\scs.user.rb\CTD\RB2102\Data\RB2102_CTD_037_01.hex
* Software Version Seasave V 7.26.7.107
* Temperature SN = 6202
* Conductivity SN = 4907
* Number of Bytes Per Scan = 41
* Number of Voltage Words = 4
* Number of Scans Averaged by the Deck Unit = 1
* NMEA Latitude = 47 06.97 N
* NMEA Longitude = 125 11.76 W
* NMEA UTC (Time) = Jul 02 2021  04:50:36
* NMEA baud rate = 4800
# nquan = 30
# nvalues = 1176                                  
# units = specified
# name 0 = scan: Scan Count
# name 1 = timeS: Time, Elapsed [seconds]
# name 2 = depSM: Depth [salt water, m]
# name 3 = prDM: Pressure, Digiquartz [db]
# name 4 = t090C: Temperature [ITS-90, deg C]
# name 5 = t190C: Temperature, 2 [ITS-90, deg C]
# name 6 = c0mS/cm: Conductivity [mS/cm]
# name 7 = c1mS/cm: Conductivity, 2 [mS/cm]
# name 8 = potemp090C: Potential Temperature [ITS-90, deg C]
# name 9 = potemp190C: Potential Temperature, 2 [ITS-90, deg C]
# name 10 = sal00: Salinity, Practical [PSU]
# name 11 = sal11: Salinity, Practical, 2 [PSU]
# name 12 = sigma-é00: Density [sigma-theta, kg/m^3]
# name 13 = sigma-é11: Density, 2 [sigma-theta, kg/m^3]
# name 14 = sbeox0Mg/L: Oxygen, SBE 43 [mg/l]
# name 15 = sbeox1Mg/L: Oxygen, SBE 43, 2 [mg/l]
# name 16 = sbox0Mm/Kg: Oxygen, SBE 43 [umol/kg]
# name 17 = sbox1Mm/Kg: Oxygen, SBE 43, 2 [umol/kg]
# name 18 = sbeox0V: Oxygen raw, SBE 43 [V]
# name 19 = sbeox1V: Oxygen raw, SBE 43, 2 [V]
# name 20 = v4: Voltage 4
# name 21 = flECO-AFL: Fluorescence, WET Labs ECO-AFL/FL [mg/m^3]
# name 22 = v3: Voltage 3
# name 23 = v6: Voltage 6
# name 24 = v7: Voltage 7
# name 25 = longitude: Longitude [deg]
# name 26 = latitude: Latitude [deg]
# name 27 = altM: Altimeter [m]
# name 28 = nbf: Bottles Fired
# name 29 = flag:  0.000e+00
# interval = seconds: 0.0416667
# start_time = Jul 02 2021 04:50:36 [NMEA time, header]
# bad_flag = -9.990e-29
*END*
[from data line 242]
      90751   3781.250    743.182    750.767     4.5977     4.5986  32.759523  32.760216     4.5392     4.5401    34.2205    34.2204    27.1088    27.1087     0.4214     0.4398     12.821     13.382     0.5641     0.5775     0.0403    -0.0177     3.2503     1.8877     0.0000 -125.19714   47.11594     100.00          5  0.000e+00
      90752   3781.292    743.282    750.869     4.5976     4.5984  32.759953  32.760338     4.5391     4.5399    34.2210    34.2206    27.1093    27.1089     0.4214     0.4471     12.821     13.604     0.5641     0.5788     0.0403    -0.0177     3.2515     1.8889     0.0000 -125.19714   47.11594     100.00          5  0.000e+00
      90753   3781.333    743.262    750.848     4.5977     4.5983  32.760136  32.760461     4.5392     4.5398    34.2211    34.2209    27.1094    27.1091     0.4214     0.4471     12.821     13.604     0.5641     0.5788     0.0403    -0.0177     3.2503     1.8877     0.0000 -125.19714   47.11594     100.00          5  0.000e+00
     103921   4330.000    495.834    500.594     5.4001     5.4010  33.239330  33.240262     5.3590     5.3599    34.0799    34.0800    26.9039    26.9039     1.1643     1.2114     35.431     36.866     0.7118     0.7179     0.0403    -0.0177     3.2479     1.8413     0.0000 -125.19686   47.11600     100.00          6  0.000e+00
     103922   4330.042    495.781    500.540     5.3997     5.4006  33.239268  33.240323     5.3586     5.3595    34.0802    34.0804    26.9042    26.9043     1.1643     1.2114     35.430     36.866     0.7118     0.7179     0.0403    -0.0177     3.2479     1.8413     0.0000 -125.19686   47.11600     100.00          6  0.000e+00
     103923   4330.083    495.841    500.601     5.4001     5.4007  33.239268  33.240570     5.3590     5.3596    34.0798    34.0806    26.9039    26.9045     1.1643     1.2114     35.431     36.866     0.7118     0.7179     0.0403    -0.0177     3.2454     1.8413     0.0000 -125.19686   47.11600     100.00          6  0.000e+00
     103924   4330.125    495.881    500.642     5.3999     5.4010  33.239268  33.240447     5.3588     5.3599    34.0800    34.0802    26.9040    26.9041     1.1769     1.2045     35.815     36.656     0.7143     0.7167     0.0403    -0.0177     3.2479     1.8413     0.0000 -125.19686   47.11600     100.00          6  0.000e+00
     103925   4330.167    495.834    500.594     5.3997     5.4008  33.239268  33.239954     5.3586     5.3597    34.0801    34.0798    26.9042    26.9038     1.1706     1.2045     35.623     36.656     0.7131     0.7167     0.0403    -0.0177     3.2466     1.8413     0.0000 -125.19686   47.11600     100.00          6  0.000e+00
     103926   4330.208    495.834    500.594     5.4001     5.4008  33.239268  33.240508     5.3590     5.3597    34.0798    34.0805    26.9039    26.9043     1.1706     1.2045     35.623     36.656     0.7131     0.7167     0.0403    -0.0177     3.2479     1.8413     0.0000 -125.19686   47.11600     100.00          6  0.000e+00
     103927   4330.250    495.834    500.594     5.4001     5.4008  33.239083  33.240385     5.3590     5.3597    34.0796    34.0803    26.9037    26.9042     1.1706     1.2114     35.623     36.866     0.7131     0.7179     0.0403    -0.0177     3.2466     1.8413     0.0000 -125.19686   47.11600     100.00          6  0.000e+00
     103928   4330.292    495.881    500.642     5.3999     5.4008  33.239392  33.240385     5.3588     5.3597    34.0801    34.0803    26.9041    26.9042     1.1706     1.2045     35.623     36.656     0.7131     0.7167     0.0403    -0.0177     3.2479     1.8413     0.0000 -125.19686   47.11600     100.00          6  0.000e+00
     103929   4330.333    495.834    500.595     5.4001     5.4008  33.239083  33.240200     5.3590     5.3597    34.0796    34.0801    26.9037    26.9041     1.1643     1.2114     35.431     36.866     0.7118     0.7179     0.0403    -0.0177     3.2479     1.8413     0.0000 -125.19686   47.11600     100.00          6  0.000e+00
     103930   4330.375    495.834    500.595     5.3997     5.4008  33.239391  33.239892     5.3586     5.3597    34.0803    34.0798    26.9043    26.9038     1.1706     1.2114     35.623     36.866     0.7131     0.7179     0.0403    -0.0177     3.2479     1.8413     0.0000 -125.19686   47.11600     100.00          6  0.000e+00
     103931   4330.417    495.934    500.696     5.3999     5.4005  33.239145  33.239954     5.3588     5.3594    34.0798    34.0800    26.9039    26.9040     1.1706     1.2115     35.623     36.867     0.7131     0.7179     0.0403    -0.0177     3.2466     1.8413     0.0000 -125.19686   47.11600     100.00          6  0.000e+00
     103932   4330.458    495.888    500.649     5.3997     5.4006  33.239207  33.239831     5.3586     5.3595    34.0800    34.0798    26.9041    26.9038     1.1643     1.2115     35.431     36.867     0.7118     0.7179     0.0415     0.0129     3.2466     1.8413     0.0000 -125.19686   47.11600     100.00          6  0.000e+00
     103933   4330.500    495.881    500.642     5.3999     5.4003  33.239022  33.240016     5.3588     5.3592    34.0797    34.0803    26.9038    26.9043     1.1643     1.2115     35.431     36.867     0.7118     0.7179     0.0403    -0.0177     3.2466     1.8413     0.0000 -125.19686   47.11600     100.00          6  0.000e+00
     103934   4330.542    495.881    500.642     5.3997     5.4005  33.238960  33.240508     5.3586     5.3594    34.0798    34.0808    26.9039    26.9046     1.1706     1.2115     35.623     36.867     0.7131     0.7179     0.0403    -0.0177     3.2466     1.8413     0.0000 -125.19686   47.11600     100.00          6  0.000e+00
     103935   4330.583    495.934    500.696     5.3997     5.4008  33.239207  33.240447     5.3586     5.3597    34.0800    34.0804    26.9041    26.9042     1.1643     1.2115     35.431     36.867     0.7118     0.7179     0.0403    -0.0177     3.2479     1.8400     0.0000 -125.19686   47.11600     100.00          6  0.000e+00
     103936   4330.625    495.881    500.642     5.3994     5.4006  33.239268  33.240200     5.3583     5.3595    34.0804    34.0803    26.9044    26.9042     1.1643     1.2115     35.431     36.867     0.7118     0.7179     0.0403    -0.0177     3.2466     1.8413     0.0000 -125.19686   47.11600     100.00          6  0.000e+00
     103937   4330.667    495.935    500.696     5.3996     5.4006  33.238775  33.240570     5.3585     5.3595    34.0797    34.0806    26.9038    26.9045     1.1706     1.2115     35.624     36.867     0.7131     0.7179     0.0403    -0.0177     3.2479     1.8400     0.0000 -125.19686   47.11600      99.98          6  0.000e+00
     103938   4330.708    495.935    500.696     5.3994     5.4006  33.238899  33.240385     5.3583     5.3595    34.0800    34.0804    26.9041    26.9043     1.1643     1.2115     35.432     36.867     0.7118     0.7179     0.0403    -0.0177     3.2479     1.8413     0.0000 -125.19686   47.11600     100.00          6  0.000e+00
     103939   4330.750    495.935    500.696     5.3996     5.4008  33.239392  33.239954     5.3585     5.3597    34.0804    34.0798    26.9044    26.9038     1.1643     1.2115     35.431     36.867     0.7118     0.7179     0.0415     0.0129     3.2466     1.8400     0.0000 -125.19686   47.11600     100.00          6  0.000e+00
     103940   4330.792    495.981    500.743     5.3992     5.4003  33.239330  33.239831     5.3581     5.3592    34.0806    34.0801    26.9046    26.9041     1.1706     1.2046     35.624     36.657     0.7131     0.7167     0.0403    -0.0177     3.2491     1.8400     0.0000 -125.19686   47.11600     100.00          6  0.000e+00
     103941   4330.833    495.941    500.703     5.3992     5.4006  33.238837  33.239954     5.3581     5.3595    34.0801    34.0799    26.9042    26.9039     1.1643     1.2046     35.432     36.657     0.7118     0.7167     0.0403    -0.0177     3.2466     1.8400     0.0000 -125.19686   47.11600     100.00          6  0.000e+00
     103942   4330.875    495.981    500.743     5.3992     5.4003  33.238899  33.239647     5.3581     5.3592    34.0801    34.0799    26.9042    26.9039     1.1643     1.2115     35.432     36.867     0.7118     0.7179     0.0403    -0.0177     3.2479     1.8400     0.0000 -125.19686   47.11600     100.00          6  0.000e+00
     103943   4330.917    495.935    500.696     5.3992     5.4003  33.239022  33.239708     5.3581     5.3592    34.0803    34.0800    26.9044    26.9040     1.1706     1.2046     35.624     36.657     0.7131     0.7167     0.0403    -0.0177     3.2479     1.8400     0.0000 -125.19686   47.11600     100.00          6  0.000e+00
     103944   4330.958    496.035    500.797     5.3994     5.4003  33.238714  33.239831     5.3583     5.3592    34.0797    34.0801    26.9039    26.9041     1.1706     1.2115     35.624     36.868     0.7131     0.7179     0.0403    -0.0177     3.2479     1.8400     0.0000 -125.19686   47.11600     100.00          6  0.000e+00
     103945   4331.000    495.981    500.743     5.3994     5.4003  33.239084  33.239708     5.3583     5.3592    34.0801    34.0799    26.9042    26.9040     1.1706     1.2115     35.624     36.867     0.7131     0.7179     0.0403    -0.0177     3.2479     1.8400     0.0000 -125.19686   47.11600     100.00          6  0.000e+00
     103946   4331.042    496.035    500.797     5.3991     5.4001  33.238837  33.239770     5.3580     5.3590    34.0802    34.0802    26.9043    26.9042     1.1706     1.2115     35.624     36.868     0.7131     0.7179     0.0403    -0.0177     3.2466     1.8413     0.0000 -125.19686   47.11600     100.00          6  0.000e+00
     103947   4331.083    495.982    500.743     5.3994     5.4001  33.239084  33.239585     5.3583     5.3590    34.0801    34.0800    26.9042    26.9040     1.1706     1.2115     35.624     36.868     0.7131     0.7179     0.0403    -0.0177     3.2466     1.8400     0.0000 -125.19686   47.11600     100.00          6  0.000e+00
     103948   4331.125    496.035    500.797     5.3992     5.3999  33.239022  33.239955     5.3581     5.3588    34.0802    34.0806    26.9043    26.9046     1.1643     1.2115     35.432     36.868     0.7118     0.7179     0.0403    -0.0177     3.2479     1.8413     0.0000 -125.19686   47.11600      99.98          6  0.000e+00
     103949   4331.167    496.088    500.851     5.3992     5.3998  33.238776  33.239770     5.3581     5.3587    34.0799    34.0805    26.9041    26.9044     1.1706     1.2046     35.625     36.658     0.7131     0.7167     0.0403    -0.0177     3.2479     1.8413     0.0000 -125.19686   47.11600     100.00          6  0.000e+00
     103950   4331.208    496.035    500.797     5.3992     5.4000  33.239084  33.239339     5.3581     5.3589    34.0803    34.0798    26.9044    26.9039     1.1706     1.2115     35.624     36.868     0.7131     0.7179     0.0403    -0.0177     3.2479     1.8413     0.0000 -125.19686   47.11600     100.00          6  0.000e+00
     103951   4331.250    496.082    500.845     5.3992     5.3998  33.239022  33.239647     5.3581     5.3587    34.0802    34.0803    26.9043    26.9043     1.1643     1.2046     35.432     36.658     0.7118     0.7167     0.0403    -0.0177     3.2466     1.8413     0.0000 -125.19686   47.11600     100.00          6  0.000e+00
     103952   4331.292    496.035    500.798     5.3992     5.4000  33.238961  33.239708     5.3581     5.3589    34.0802    34.0803    26.9043    26.9043     1.1706     1.2115     35.624     36.868     0.7131     0.7179     0.0403    -0.0177     3.2479     1.8413     0.0000 -125.19686   47.11600      99.98          6  0.000e+00
     103953   4331.333    496.082    500.845     5.3991     5.3997  33.239022  33.239524     5.3580     5.3586    34.0804    34.0803    26.9045    26.9044     1.1643     1.2115     35.432     36.868     0.7118     0.7179     0.0403    -0.0177     3.2479     1.8413     0.0000 -125.19686   47.11600     100.00          6  0.000e+00
     103954   4331.375    496.135    500.899     5.3992     5.3998  33.238776  33.239278     5.3581     5.3587    34.0799    34.0799    26.9041    26.9040     1.1643     1.2115     35.433     36.869     0.7118     0.7179     0.0403    -0.0177     3.2466     1.8413     0.0000 -125.19686   47.11600     100.00          6  0.000e+00
     103955   4331.417    496.082    500.845     5.3991     5.3998  33.238653  33.239647     5.3580     5.3587    34.0799    34.0803    26.9041    26.9043     1.1643     1.2046     35.433     36.658     0.7118     0.7167     0.0403    -0.0177     3.2479     1.8400     0.0000 -125.19686   47.11600     100.00          6  0.000e+00
     103956   4331.458    496.135    500.899     5.3994     5.4000  33.238899  33.240201     5.3583     5.3589    34.0799    34.0807    26.9040    26.9046     1.1643     1.2115     35.432     36.868     0.7118     0.7179     0.0403    -0.0177     3.2491     1.8413     0.0000 -125.19686   47.11600     100.00          6  0.000e+00
     103957   4331.500    496.142    500.906     5.3991     5.4000  33.238776  33.239709     5.3580     5.3589    34.0801    34.0802    26.9042    26.9042     1.1643     1.2115     35.433     36.868     0.7118     0.7179     0.0403    -0.0177     3.2466     1.8400     0.0000 -125.19686   47.11600     100.00          6  0.000e+00
     103958   4331.542    496.135    500.899     5.3991     5.3998  33.239331  33.239524     5.3580     5.3587    34.0807    34.0802    26.9047    26.9042     1.1706     1.2115     35.625     36.869     0.7131     0.7179     0.0403    -0.0177     3.2466     1.8400     0.0000 -125.19686   47.11600     100.00          6  0.000e+00
     103959   4331.583    496.135    500.899     5.3992     5.4000  33.239146  33.239709     5.3581     5.3589    34.0803    34.0802    26.9044    26.9042     1.1706     1.2115     35.625     36.868     0.7131     0.7179     0.0403    -0.0177     3.2466     1.8400     0.0000 -125.19686   47.11600     100.00          6  0.000e+00
     103960   4331.625    496.135    500.899     5.3992     5.4001  33.239023  33.239955     5.3581     5.3590    34.0802    34.0803    26.9043    26.9043     1.1706     1.2115     35.625     36.868     0.7131     0.7179     0.0403    -0.0177     3.2479     1.8413     0.0000 -125.19686   47.11600     100.00          6  0.000e+00
     103961   4331.667    496.182    500.946     5.3991     5.3998  33.239208  33.239401     5.3580     5.3587    34.0805    34.0800    26.9046    26.9041     1.1707     1.2115     35.625     36.869     0.7131     0.7179     0.0403    -0.0177     3.2466     1.8400     0.0000 -125.19686   47.11600     100.00          6  0.000e+00
     103962   4331.708    496.182    500.946     5.3992     5.4000  33.238776  33.239647     5.3581     5.3589    34.0799    34.0801    26.9041    26.9042     1.1707     1.2115     35.625     36.869     0.7131     0.7179     0.0403    -0.0177     3.2466     1.8400     0.0000 -125.19686   47.11600     100.00          6  0.000e+00
     103963   4331.750    496.182    500.946     5.3991     5.4000  33.238653  33.239709     5.3580     5.3589    34.0799    34.0802    26.9041    26.9042     1.1707     1.2046     35.625     36.658     0.7131     0.7167     0.0403    -0.0177     3.2466     1.8400     0.0000 -125.19686   47.11600     100.00          6  0.000e+00
     103964   4331.792    496.182    500.946     5.3992     5.3997  33.239084  33.239339     5.3581     5.3586    34.0802    34.0801    26.9043    26.9041     1.1707     1.2046     35.625     36.659     0.7131     0.7167     0.0403    -0.0177     3.2479     1.8400     0.0000 -125.19686   47.11600     100.00          6  0.000e+00
     103965   4331.833    496.229    500.993     5.3996     5.3997  33.238838  33.239401     5.3585     5.3586    34.0796    34.0801    26.9038    26.9042     1.1707     1.2046     35.625     36.659     0.7131     0.7167     0.0403    -0.0177     3.2479     1.8413     0.0000 -125.19686   47.11600     100.00          6  0.000e+00
