WCOA/WCOA-6/CTD_Data/RB2102_CTD_081_01.ros
* Sea-Bird SBE 9 Data File:
* FileName = C:\Users\scs.user.rb\CTD\RB2102\Data\RB2102_CTD_081_01.hex
* Software Version Seasave V 7.26.7.107
* Temperature SN = 6202
* Conductivity SN = 4907
* Number of Bytes Per Scan = 41
* Number of Voltage Words = 4
* Number of Scans Averaged by the Deck Unit = 1
* NMEA Latitude = 37 53.53 N
* NMEA Longitude = 122 59.74 W
* NMEA UTC (Time) = Jul 11 2021  01:30:45
* NMEA baud rate = 4800
# nquan = 30
# nvalues = 668                                   
# units = specified
# name 0 = scan: Scan Count
# name 1 = timeS: Time, Elapsed [seconds]
# name 2 = depSM: Depth [salt water, m]
# name 3 = prDM: Pressure, Digiquartz [db]
# name 4 = t090C: Temperature [ITS-90, deg C]
# name 5 = t190C: Temperature, 2 [ITS-90, deg C]
# name 6 = c0mS/cm: Conductivity [mS/cm]
# name 7 = c1mS/cm: Conductivity, 2 [mS/cm]
# name 8 = potemp090C: Potential Temperature [ITS-90, deg C]
# name 9 = potemp190C: Potential Temperature, 2 [ITS-90, deg C]
# name 10 = sal00: Salinity, Practical [PSU]
# name 11 = sal11: Salinity, Practical, 2 [PSU]
# name 12 = sigma-é00: Density [sigma-theta, kg/m^3]
# name 13 = sigma-é11: Density, 2 [sigma-theta, kg/m^3]
# name 14 = sbeox0Mg/L: Oxygen, SBE 43 [mg/l]
# name 15 = sbeox1Mg/L: Oxygen, SBE 43, 2 [mg/l]
# name 16 = sbox0Mm/Kg: Oxygen, SBE 43 [umol/kg]
# name 17 = sbox1Mm/Kg: Oxygen, SBE 43, 2 [umol/kg]
# name 18 = sbeox0V: Oxygen raw, SBE 43 [V]
# name 19 = sbeox1V: Oxygen raw, SBE 43, 2 [V]
# name 20 = v4: Voltage 4
# name 21 = flECO-AFL: Fluorescence, WET Labs ECO-AFL/FL [mg/m^3]
# name 22 = v3: Voltage 3
# name 23 = v6: Voltage 6
# name 24 = v7: Voltage 7
# name 25 = longitude: Longitude [deg]
# name 26 = latitude: Latitude [deg]
# name 27 = altM: Altimeter [m]
# name 28 = nbf: Bottles Fired
# name 29 = flag:  0.000e+00
# interval = seconds: 0.0416667
# start_time = Jul 11 2021 01:30:45 [NMEA time, header]
# bad_flag = -9.990e-29
*END*
[from data line 387]
      25318   1054.875     19.534     19.682    11.3030    11.3890  38.163809  38.238860    11.3005    11.3865    33.8361    33.8313    25.8149    25.7955     7.3515     7.5541    223.955    230.134     2.2234     2.1477     0.1306     2.2412     3.3162     0.1343     0.0977 -122.99588   37.89210      57.75          9  0.000e+00
      25319   1054.917     19.481     19.629    11.2990    11.3943  38.161662  38.248101    11.2966    11.3919    33.8376    33.8355    25.8168    25.7978     7.3520     7.5530    223.971    230.097     2.2234     2.1477     0.1368     2.3938     3.3162     0.1343     0.0977 -122.99588   37.89210      57.78          9  0.000e+00
      25320   1054.958     19.534     19.682    11.2978    11.4124  38.160426  38.267628    11.2954    11.4100    33.8375    33.8381    25.8169    25.7965     7.3522     7.5497    223.978    229.999     2.2234     2.1477     0.1392     2.4549     3.3162     0.1343     0.0977 -122.99588   37.89210      57.80          9  0.000e+00
      25321   1055.000     19.481     19.629    11.2935    11.4410  38.155090  38.288200    11.2911    11.4386    33.8362    33.8323    25.8167    25.7867     7.3529     7.5506    224.000    230.029     2.2234     2.1490     0.1404     2.4854     3.3162     0.1343     0.0977 -122.99588   37.89210      57.80          9  0.000e+00
      25322   1055.042     19.534     19.682    11.2841    11.4592  38.147479  38.299790    11.2816    11.4568    33.8373    33.8270    25.8193    25.7793     7.3597     7.5478    224.204    229.943     2.2247     2.1490     0.1404     2.4854     3.3150     0.1355     0.0989 -122.99588   37.89210      57.80          9  0.000e+00
      25323   1055.083     19.481     19.629    11.2778    11.4671  38.142860  38.306301    11.2754    11.4647    33.8385    33.8262    25.8214    25.7772     7.3606     7.5464    224.231    229.902     2.2247     2.1490     0.1392     2.4549     3.3162     0.1355     0.0989 -122.99588   37.89210      57.80          9  0.000e+00
      25324   1055.125     19.481     19.629    11.2786    11.4740  38.143250  38.314507    11.2762    11.4715    33.8382    33.8280    25.8209    25.7773     7.3553     7.5451    224.070    229.863     2.2234     2.1490     0.1392     2.4549     3.3162     0.1343     0.0989 -122.99588   37.89210      57.80          9  0.000e+00
      25325   1055.167     19.527     19.675    11.2830    11.4862  38.147024  38.326166    11.2806    11.4838    33.8379    33.8282    25.8199    25.7752     7.3598     7.5430    224.208    229.800     2.2247     2.1490     0.1392     2.4549     3.3162     0.1331     0.0977 -122.99588   37.89210      57.80          9  0.000e+00
      25326   1055.208     19.481     19.629    11.2942    11.5011  38.152097  38.335480    11.2918    11.4987    33.8326    33.8238    25.8138    25.7691     7.3582     7.5462    224.160    229.899     2.2247     2.1502     0.1392     2.4549     3.3162     0.1355     0.0989 -122.99588   37.89210      57.80          9  0.000e+00
      25327   1055.250     19.534     19.682    11.3036    11.5078  38.156716  38.343102    11.3012    11.5054    33.8285    33.8251    25.8089    25.7689     7.3569     7.5451    224.122    229.863     2.2247     2.1502     0.1392     2.4549     3.3162     0.1392     0.1013 -122.99588   37.89210      57.80          9  0.000e+00
      25328   1055.292     19.481     19.629    11.3079    11.5191  38.159578  38.356067    11.3055    11.5167    33.8274    33.8276    25.8072    25.7687     7.3562     7.5429    224.101    229.798     2.2247     2.1502     0.1392     2.4549     3.3162     0.1404     0.1026 -122.99588   37.89210      57.80          9  0.000e+00
      25329   1055.333     19.481     19.629    11.3086    11.5337  38.161140  38.370012    11.3061    11.5312    33.8284    33.8279    25.8079    25.7663     7.3509     7.5404    223.939    229.722     2.2234     2.1502     0.1392     2.4549     3.3162     0.1404     0.1026 -122.99588   37.89210      57.80          9  0.000e+00
      25330   1055.375     19.527     19.675    11.3078    11.5417  38.160489  38.377767    11.3054    11.5392    33.8284    33.8282    25.8080    25.7651     7.3510     7.5391    223.944    229.681     2.2234     2.1502     0.1392     2.4549     3.3162     0.1392     0.1013 -122.99588   37.89210      57.80          9  0.000e+00
      25331   1055.417     19.481     19.629    11.3020    11.5495  38.158668  38.381286    11.2996    11.5471    33.8320    33.8245    25.8119    25.7607     7.3518     7.5434    223.965    229.815     2.2234     2.1514     0.1392     2.4549     3.3150     0.1368     0.1001 -122.99588   37.89210      57.83          9  0.000e+00
      25332   1055.458     19.527     19.675    11.2987    11.5598  38.160100  38.385391    11.2962    11.5573    33.8364    33.8192    25.8159    25.7547     7.3521     7.5364    223.976    229.601     2.2234     2.1502     0.1392     2.4549     3.3162     0.1380     0.1013 -122.99588   37.89210      57.85          9  0.000e+00
      25333   1055.500     19.481     19.629    11.3003    11.5654  38.161336  38.389888    11.2979    11.5630    33.8361    33.8184    25.8154    25.7531     7.3519     7.5410    223.967    229.742     2.2234     2.1514     0.1392     2.4549     3.3162     0.1380     0.1001 -122.99588   37.89210      57.88          9  0.000e+00
      25334   1055.542     19.481     19.629    11.3049    11.5689  38.164004  38.393212    11.3025    11.5665    33.8345    33.8185    25.8133    25.7525     7.3460     7.5404    223.789    229.724     2.2222     2.1514     0.1392     2.4549     3.3162     0.1404     0.1026 -122.99588   37.89210      57.88          9  0.000e+00
      25335   1055.583     19.534     19.682    11.3134    11.5728  38.170901  38.395102    11.3110    11.5703    33.8335    33.8168    25.8110    25.7504     7.3499     7.5398    223.908    229.708     2.2234     2.1514     0.1392     2.4549     3.3162     0.1404     0.1026 -122.99588   37.89210      57.88          9  0.000e+00
      25336   1055.625     19.481     19.629    11.3237    11.5758  38.176431  38.395688    11.3213    11.5733    33.8296    33.8147    25.8061    25.7482     7.3432     7.5394    223.705    229.694     2.2222     2.1514     0.1392     2.4549     3.3162     0.1392     0.1013 -122.99588   37.89210      57.88          9  0.000e+00
      25337   1055.667     19.534     19.682    11.3222    11.5774  38.175325  38.394841    11.3198    11.5750    33.8298    33.8123    25.8065    25.7461     7.3435     7.5448    223.713    229.861     2.2222     2.1526     0.1392     2.4549     3.3162     0.1441     0.1050 -122.99588   37.89210      57.88          9  0.000e+00
      25338   1055.708     19.481     19.629    11.3155    11.5761  38.169794  38.394711    11.3131    11.5736    33.8305    33.8134    25.8083    25.7472     7.3445     7.5450    223.744    229.865     2.2222     2.1526     0.1392     2.4549     3.3162     0.1453     0.1050 -122.99588   37.89210      57.90          9  0.000e+00
      25339   1055.750     19.481     19.629    11.3077    11.5744  38.164394  38.395623    11.3053    11.5719    33.8324    33.8159    25.8111    25.7494     7.3457     7.5507    223.779    230.040     2.2222     2.1538     0.1392     2.4549     3.3162     0.1465     0.1062 -122.99588   37.89210      57.90          9  0.000e+00
      25340   1055.792     19.527     19.675    11.3025    11.5738  38.163939  38.394776    11.3000    11.5713    33.8367    33.8156    25.8155    25.7493     7.3463     7.5453    223.799    229.875     2.2222     2.1526     0.1392     2.4549     3.3162     0.1465     0.1062 -122.99588   37.89208      57.90          9  0.000e+00
      25341   1055.833     19.527     19.675    11.3025    11.5734  38.165696  38.393016    11.3000    11.5710    33.8384    33.8142    25.8168    25.7483     7.3411     7.5510    223.639    230.049     2.2210     2.1538     0.1392     2.4549     3.3162     0.1490     0.1087 -122.99588   37.89208      57.88          9  0.000e+00
      25342   1055.875     19.435     19.582    11.3046    11.5708  38.166411  38.389366    11.3022    11.5683    33.8372    33.8130    25.8155    25.7479     7.3459     7.5514    223.785    230.062     2.2222     2.1538     0.1392     2.4549     3.3162     0.1514     0.1099 -122.99588   37.89208      57.90          9  0.000e+00
      25343   1055.917     19.527     19.675    11.3087    11.5654  38.170055  38.385195    11.3063    11.5630    33.8370    33.8138    25.8146    25.7495     7.3401     7.5580    223.610    230.262     2.2210     2.1551     0.1392     2.4549     3.3162     0.1502     0.1099 -122.99588   37.89208      57.88          9  0.000e+00
      25344   1055.958     19.534     19.682    11.3166    11.5603  38.177018  38.382001    11.3142    11.5578    33.8366    33.8154    25.8128    25.7516     7.3389     7.5588    223.573    230.286     2.2210     2.1551     0.1392     2.4549     3.3162     0.1514     0.1099 -122.99588   37.89208      57.90          9  0.000e+00
      25345   1056.000     19.481     19.629    11.3219    11.5557  38.182224  38.379655    11.3194    11.5532    33.8370    33.8173    25.8122    25.7540     7.3380     7.5595    223.545    230.306     2.2210     2.1551     0.1392     2.4549     3.3162     0.1514     0.1099 -122.99588   37.89208      57.88          9  0.000e+00
      25346   1056.042     19.534     19.682    11.3252    11.5510  38.184046  38.377179    11.3227    11.5485    33.8357    33.8191    25.8106    25.7563     7.3376     7.5602    223.532    230.329     2.2210     2.1551     0.1392     2.4549     3.3162     0.1538     0.1123 -122.99588   37.89208      57.88          9  0.000e+00
      25347   1056.083     19.481     19.629    11.3258    11.5475  38.185087  38.374442    11.3234    11.5451    33.8362    33.8196    25.8108    25.7573     7.3322     7.5664    223.369    230.515     2.2198     2.1563     0.1392     2.4549     3.3162     0.1514     0.1099 -122.99588   37.89208      57.88          9  0.000e+00
      25348   1056.125     19.481     19.629    11.3373    11.5438  38.195370  38.369815    11.3348    11.5414    33.8358    33.8184    25.8085    25.7571     7.3355     7.5671    223.471    230.536     2.2210     2.1563     0.1392     2.4549     3.3162     0.1490     0.1087 -122.99588   37.89208      57.88          9  0.000e+00
      25349   1056.167     19.481     19.629    11.3556    11.5402  38.220173  38.367469    11.3532    11.5377    33.8435    33.8195    25.8111    25.7585     7.3270     7.5676    223.212    230.553     2.2198     2.1563     0.1392     2.4549     3.3162     0.1477     0.1074 -122.99588   37.89208      57.97          9  0.000e+00
      25350   1056.208     19.534     19.682    11.3878    11.5422  38.249604  38.370076    11.3853    11.5397    33.8430    33.8202    25.8048    25.7587     7.3271     7.5729    223.215    230.714     2.2210     2.1575     0.1392     2.4549     3.3162     0.1465     0.1062 -122.99588   37.89208      58.02          9  0.000e+00
      25351   1056.250     19.481     19.629    11.4249    11.5438  38.274353  38.371444    11.4225    11.5414    33.8334    33.8200    25.7905    25.7583     7.3215     7.5726    223.047    230.704     2.2210     2.1575     0.1392     2.4549     3.3162     0.1441     0.1050 -122.99588   37.89208      58.05          9  0.000e+00
      25352   1056.292     19.481     19.629    11.4432    11.5425  38.289727  38.368446    11.4408    11.5401    33.8317    33.8183    25.7859    25.7572     7.3135     7.5729    222.803    230.713     2.2198     2.1575     0.1392     2.4549     3.3162     0.1465     0.1062 -122.99588   37.89208      58.02          9  0.000e+00
      25353   1056.333     19.528     19.675    11.4513    11.5395  38.297089  38.361148    11.4489    11.5371    33.8316    33.8138    25.7843    25.7543     7.3122     7.5793    222.766    230.908     2.2198     2.1587     0.1392     2.4549     3.3175     0.1490     0.1087 -122.99588   37.89208      58.02          9  0.000e+00
      25467   1061.083     20.210     20.364    11.2241    11.2508  38.087845  38.109189    11.2216    11.2483    33.8331    33.8297    25.8269    25.8195     7.5670     7.6802    230.519    233.970     2.2711     2.1697     0.1245     2.0886     3.3150     0.1563     0.1123 -122.99588   37.89208      57.24         10  0.000e+00
      25468   1061.125     20.217     20.370    11.2261    11.2496  38.090901  38.108409    11.2237    11.2471    33.8343    33.8300    25.8275    25.8199     7.5615     7.6748    230.350    233.804     2.2698     2.1685     0.1245     2.0886     3.3162     0.1563     0.1123 -122.99588   37.89208      57.26         10  0.000e+00
      25469   1061.167     20.164     20.317    11.2295    11.2495  38.091680  38.108279    11.2270    11.2470    33.8320    33.8301    25.8251    25.8200     7.5558     7.6748    230.177    233.804     2.2686     2.1685     0.1245     2.0886     3.3162     0.1563     0.1123 -122.99588   37.89208      57.24         10  0.000e+00
      25470   1061.208     20.217     20.370    11.2322    11.2501  38.092005  38.107759    11.2298    11.2476    33.8298    33.8289    25.8228    25.8190     7.5503     7.6635    230.011    233.461     2.2674     2.1661     0.1245     2.0886     3.3162     0.1551     0.1123 -122.99588   37.89208      57.22         10  0.000e+00
      25471   1061.250     20.164     20.317    11.2339    11.2503  38.086283  38.107629    11.2314    11.2478    33.8226    33.8287    25.8170    25.8187     7.5451     7.6634    229.855    233.458     2.2662     2.1661     0.1245     2.0886     3.3162     0.1551     0.1123 -122.99588   37.89208      57.19         10  0.000e+00
      25472   1061.292     20.217     20.370    11.2293    11.2504  38.078156  38.107109    11.2268    11.2479    33.8187    33.8280    25.8148    25.8182     7.5410     7.6579    229.728    233.289     2.2650     2.1648     0.1245     2.0886     3.3162     0.1551     0.1123 -122.99588   37.89208      57.19         10  0.000e+00
      25473   1061.333     20.164     20.317    11.2213    11.2485  38.074776  38.106394    11.2189    11.2460    33.8227    33.8291    25.8194    25.8194     7.5369     7.6525    229.602    233.124     2.2637     2.1636     0.1245     2.0886     3.3162     0.1538     0.1111 -122.99588   37.89208      57.22         10  0.000e+00
      25474   1061.375     20.118     20.270    11.2166    11.2440  38.075102  38.103015    11.2141    11.2415    33.8275    33.8299    25.8239    25.8208     7.5322     7.6476    229.460    232.974     2.2625     2.1624     0.1245     2.0886     3.3162     0.1526     0.1111 -122.99588   37.89208      57.22         10  0.000e+00
      25475   1061.417     20.164     20.317    11.2139    11.2379  38.075883  38.099181    11.2114    11.2354    33.8307    33.8317    25.8269    25.8234     7.5274     7.6430    229.311    232.834     2.2613     2.1612     0.1245     2.0886     3.3162     0.1526     0.1111 -122.99588   37.89208      57.19         10  0.000e+00
      25476   1061.458     20.118     20.270    11.2147    11.2329  38.076793  38.096712    11.2122    11.2304    33.8308    33.8339    25.8269    25.8259     7.5220     7.6381    229.148    232.684     2.2601     2.1600     0.1355     2.3633     3.3162     0.1502     0.1087 -122.99588   37.89208      57.19         10  0.000e+00
      25477   1061.500     20.118     20.270    11.2159    11.2296  38.079783  38.094698    11.2134    11.2271    33.8327    33.8349    25.8281    25.8273     7.5114     7.6330    228.823    232.528     2.2576     2.1587     0.1416     2.5159     3.3162     0.1477     0.1074 -122.99588   37.89208      57.19         10  0.000e+00
      25478   1061.542     20.118     20.270    11.2225    11.2269  38.088235  38.091254    11.2200    11.2244    33.8350    33.8340    25.8287    25.8271     7.5050     7.6279    228.629    232.372     2.2564     2.1575     0.1429     2.5464     3.3162     0.1490     0.1074 -122.99588   37.89208      57.19         10  0.000e+00
