WCOA/WCOA-6/CTD_Data/RB2102_CTD_024_01.ros
* Sea-Bird SBE 9 Data File:
* FileName = C:\Users\scs.user.rb\CTD\RB2102\Data\RB2102_CTD_024_01.hex
* Software Version Seasave V 7.26.7.107
* Temperature SN = 6202
* Conductivity SN = 4907
* Number of Bytes Per Scan = 41
* Number of Voltage Words = 4
* Number of Scans Averaged by the Deck Unit = 1
* NMEA Latitude = 47 40.78 N
* NMEA Longitude = 125 34.80 W
* NMEA UTC (Time) = Jun 29 2021  15:53:42
* NMEA baud rate = 4800
# nquan = 30
# nvalues = 1127                                  
# units = specified
# name 0 = scan: Scan Count
# name 1 = timeS: Time, Elapsed [seconds]
# name 2 = depSM: Depth [salt water, m]
# name 3 = prDM: Pressure, Digiquartz [db]
# name 4 = t090C: Temperature [ITS-90, deg C]
# name 5 = t190C: Temperature, 2 [ITS-90, deg C]
# name 6 = c0mS/cm: Conductivity [mS/cm]
# name 7 = c1mS/cm: Conductivity, 2 [mS/cm]
# name 8 = potemp090C: Potential Temperature [ITS-90, deg C]
# name 9 = potemp190C: Potential Temperature, 2 [ITS-90, deg C]
# name 10 = sal00: Salinity, Practical [PSU]
# name 11 = sal11: Salinity, Practical, 2 [PSU]
# name 12 = sigma-é00: Density [sigma-theta, kg/m^3]
# name 13 = sigma-é11: Density, 2 [sigma-theta, kg/m^3]
# name 14 = sbeox0Mg/L: Oxygen, SBE 43 [mg/l]
# name 15 = sbeox1Mg/L: Oxygen, SBE 43, 2 [mg/l]
# name 16 = sbox0Mm/Kg: Oxygen, SBE 43 [umol/kg]
# name 17 = sbox1Mm/Kg: Oxygen, SBE 43, 2 [umol/kg]
# name 18 = sbeox0V: Oxygen raw, SBE 43 [V]
# name 19 = sbeox1V: Oxygen raw, SBE 43, 2 [V]
# name 20 = v4: Voltage 4
# name 21 = flECO-AFL: Fluorescence, WET Labs ECO-AFL/FL [mg/m^3]
# name 22 = v3: Voltage 3
# name 23 = v6: Voltage 6
# name 24 = v7: Voltage 7
# name 25 = longitude: Longitude [deg]
# name 26 = latitude: Latitude [deg]
# name 27 = altM: Altimeter [m]
# name 28 = nbf: Bottles Fired
# name 29 = flag:  0.000e+00
# interval = seconds: 0.0416667
# start_time = Jun 29 2021 15:53:42 [NMEA time, header]
# bad_flag = -9.990e-29
*END*
[from data line 967]
     125731   5238.750     14.741     14.866    14.7764    14.5479  39.291929  39.251785    14.7743    14.5457    31.8925    32.0441    23.6255    23.7906     9.1451     8.8391    279.192    269.807     2.7863     2.5458     0.0501     0.2265     3.1661     0.8828     0.0000 -125.57660   47.67988      99.80         20  0.000e+00
     125732   5238.792     14.735     14.859    14.8077    14.5480  39.323071  39.255337    14.8056    14.5459    31.8951    32.0472    23.6209    23.7930     9.1391     8.8389    279.010    269.801     2.7863     2.5458     0.0488     0.1960     3.1685     0.8828     0.0000 -125.57660   47.67988      99.80         20  0.000e+00
     125733   5238.833     14.781     14.906    14.8429    14.5482  39.350862  39.258100    14.8407    14.5460    31.8914    32.0496    23.6106    23.7947     9.1376     8.8388    278.967    269.797     2.7875     2.5458     0.0488     0.1960     3.1661     0.8828     0.0000 -125.57660   47.67988      99.80         20  0.000e+00
     125734   5238.875     14.741     14.866    14.8699    14.5485  39.367395  39.261783    14.8677    14.5464    31.8842    32.0526    23.5993    23.7970     9.1329     8.8385    278.827    269.788     2.7875     2.5458     0.0488     0.1960     3.1661     0.8828     0.0000 -125.57660   47.67988      99.80         20  0.000e+00
     125735   5238.917     14.682     14.806    14.8890    14.5485  39.374442  39.267177    14.8869    14.5464    31.8750    32.0576    23.5881    23.8008     9.1346     8.8382    278.882    269.777     2.7888     2.5458     0.0488     0.1960     3.1685     0.8828     0.0000 -125.57660   47.67988      99.80         20  0.000e+00
     125736   5238.958     14.682     14.806    14.8939    14.5487  39.381360  39.275597    14.8917    14.5466    31.8772    32.0651    23.5888    23.8066     9.1336     8.8378    278.850    269.761     2.7888     2.5458     0.0488     0.1960     3.1685     0.8828     0.0000 -125.57660   47.67988      99.80         20  0.000e+00
     125737   5239.000     14.642     14.766    14.9106    14.5490  39.398822  39.287307    14.9084    14.5469    31.8794    32.0755    23.5869    23.8145     9.1303     8.8371    278.751    269.739     2.7888     2.5458     0.0488     0.1960     3.1661     0.8828     0.0000 -125.57660   47.67988      99.80         20  0.000e+00
     125738   5239.042     14.735     14.859    14.9292    14.5490  39.407520  39.300994    14.9270    14.5469    31.8720    32.0879    23.5772    23.8241     9.1273     8.8365    278.663    269.719     2.7888     2.5458     0.0488     0.1960     3.1673     0.8828     0.0000 -125.57660   47.67988      99.80         20  0.000e+00
     125739   5239.083     14.635     14.759    14.9399    14.5492  39.409694  39.315274    14.9378    14.5471    31.8652    32.1008    23.5697    23.8340     9.1256     8.8357    278.612    269.690     2.7888     2.5458     0.0476     0.1655     3.1685     0.8828     0.0000 -125.57660   47.67988      99.80         20  0.000e+00
     125740   5239.125     14.596     14.719    14.9531    14.5492  39.419646  39.328108    14.9509    14.5471    31.8635    32.1125    23.5656    23.8430     9.1232     8.8403    278.540    269.828     2.7888     2.5470     0.0476     0.1655     3.1685     0.8828     0.0000 -125.57660   47.67988      99.80         20  0.000e+00
     125741   5239.167     14.635     14.759    14.9887    14.5497  39.448849  39.339364    14.9865    14.5476    31.8607    32.1223    23.5558    23.8504     9.1216     8.8344    278.493    269.647     2.7900     2.5458     0.0488     0.1960     3.1661     0.8828     0.0000 -125.57660   47.67988      99.80         20  0.000e+00
     125742   5239.208     14.635     14.759    15.0365    14.5497  39.489010  39.353914    15.0344    14.5476    31.8578    32.1355    23.5434    23.8607     9.1128     8.8389    278.230    269.784     2.7900     2.5470     0.0476     0.1655     3.1673     0.8828     0.0000 -125.57660   47.67988      99.80         20  0.000e+00
     125743   5239.250     14.596     14.719    15.0647    14.5496  39.513945  39.375906    15.0626    14.5474    31.8572    32.1557    23.5369    23.8762     9.1076     8.8378    278.071    269.746     2.7900     2.5470     0.0476     0.1655     3.1673     0.8828     0.0000 -125.57660   47.67988      99.80         20  0.000e+00
     128558   5356.542      9.843      9.926    16.3658    15.9406  40.728295  40.746446    16.3642    15.9391    31.8848    32.2436    23.2708    23.6420     8.7478     8.4679    267.156    258.513     2.7595     2.5226     0.0476     0.1655     3.1697     0.8840     0.0000 -125.57646   47.67988      99.78         21  0.000e+00
     128559   5356.583      9.843      9.926    16.3677    15.9413  40.730633  40.746579    16.3662    15.9398    31.8853    32.2431    23.2707    23.6414     8.7474     8.4678    267.145    258.510     2.7595     2.5226     0.0488     0.1960     3.1685     0.8840     0.0000 -125.57646   47.67988      99.80         21  0.000e+00
     128560   5356.625      9.843      9.926    16.3702    15.9417  40.733305  40.746779    16.3686    15.9402    31.8857    32.2430    23.2704    23.6413     8.7470     8.4677    267.131    258.508     2.7595     2.5226     0.0488     0.1960     3.1685     0.8840     0.0000 -125.57646   47.67988      99.78         21  0.000e+00
     128561   5356.667      9.803      9.886    16.3741    15.9425  40.736377  40.747046    16.3725    15.9409    31.8852    32.2426    23.2692    23.6408     8.7463     8.4675    267.110    258.503     2.7595     2.5226     0.0476     0.1655     3.1697     0.8840     0.0000 -125.57646   47.67988      99.78         21  0.000e+00
     128562   5356.708      9.889      9.973    16.3771    15.9429  40.738447  40.745911    16.3756    15.9413    31.8846    32.2412    23.2680    23.6397     8.7506     8.4676    267.242    258.506     2.7607     2.5226     0.0476     0.1655     3.1697     0.8840     0.0000 -125.57646   47.67988      99.78         21  0.000e+00
     128563   5356.750      9.790      9.873    16.3790    15.9436  40.740117  40.744175    16.3774    15.9420    31.8846    32.2392    23.2676    23.6380     8.7502     8.4675    267.229    258.503     2.7607     2.5226     0.0464     0.1350     3.1697     0.8840     0.0000 -125.57646   47.67988      99.78         21  0.000e+00
     128564   5356.792      9.843      9.926    16.3797    15.9444  40.742522  40.742572    16.3781    15.9429    31.8861    32.2370    23.2686    23.6361     8.7453     8.4675    267.080    258.504     2.7595     2.5226     0.0464     0.1350     3.1697     0.8840     0.0000 -125.57646   47.67988      99.78         21  0.000e+00
     128565   5356.833      9.843      9.926    16.3794    15.9448  40.744192  40.739635    16.3778    15.9433    31.8878    32.2341    23.2700    23.6338     8.7453     8.4676    267.079    258.507     2.7595     2.5226     0.0464     0.1350     3.1697     0.8840     0.0000 -125.57646   47.67988      99.78         21  0.000e+00
     128566   5356.875      9.856      9.939    16.3800    15.9454  40.744593  40.735095    16.3785    15.9439    31.8876    32.2296    23.2697    23.6302     8.7499     8.4677    267.220    258.512     2.7607     2.5226     0.0476     0.1655     3.1685     0.8840     0.0000 -125.57646   47.67988      99.78         21  0.000e+00
     128567   5356.917      9.790      9.873    16.3804    15.9460  40.743390  40.729620    16.3788    15.9445    31.8863    32.2244    23.2686    23.6260     8.7498     8.4678    267.218    258.516     2.7607     2.5226     0.0464     0.1350     3.1685     0.8840     0.0000 -125.57646   47.67988      99.78         21  0.000e+00
     128568   5356.958      9.889      9.973    16.3804    15.9464  40.741787  40.724413    16.3788    15.9448    31.8849    32.2194    23.2675    23.6222     8.7500     8.4681    267.224    258.526     2.7607     2.5226     0.0464     0.1350     3.1685     0.8840     0.0000 -125.57646   47.67988      99.78         21  0.000e+00
     128569   5357.000      9.790      9.873    16.3749    15.9467  40.736844  40.720341    16.3734    15.9451    31.8850    32.2156    23.2688    23.6192     8.7508     8.4682    267.249    258.528     2.7607     2.5226     0.0464     0.1350     3.1685     0.8828     0.0000 -125.57646   47.67988      99.78         21  0.000e+00
     128570   5357.042      9.790      9.873    16.3648    15.9473  40.729832  40.718872    16.3633    15.9458    31.8869    32.2138    23.2726    23.6176     8.7525     8.4682    267.299    258.528     2.7607     2.5226     0.0464     0.1350     3.1697     0.8840     0.0000 -125.57646   47.67988      99.78         21  0.000e+00
     128571   5357.083      9.856      9.939    16.3561    15.9474  40.723554  40.719406    16.3545    15.9459    31.8884    32.2142    23.2757    23.6179     8.7540     8.4682    267.344    258.529     2.7607     2.5226     0.0464     0.1350     3.1697     0.8840     0.0000 -125.57646   47.67988      99.80         21  0.000e+00
     128572   5357.125      9.843      9.926    16.3522    15.9482  40.721484  40.720474    16.3506    15.9467    31.8897    32.2145    23.2776    23.6179     8.7593     8.4680    267.505    258.524     2.7619     2.5226     0.0464     0.1350     3.1697     0.8840     0.0000 -125.57646   47.67988      99.78         21  0.000e+00
     128573   5357.167      9.843      9.926    16.3546    15.9484  40.724156  40.720808    16.3530    15.9468    31.8901    32.2146    23.2774    23.6180     8.7589     8.4680    267.492    258.522     2.7619     2.5226     0.0464     0.1350     3.1697     0.8840     0.0000 -125.57646   47.67988      99.78         21  0.000e+00
     128574   5357.208      9.843      9.926    16.3592    15.9492  40.728430  40.721075    16.3576    15.9477    31.8902    32.2141    23.2764    23.6175     8.7628     8.4679    267.611    258.518     2.7631     2.5226     0.0476     0.1655     3.1685     0.8840     0.0000 -125.57646   47.67988      99.78         21  0.000e+00
     128575   5357.250      9.889      9.973    16.3629    15.9495  40.732371  40.720341    16.3614    15.9480    31.8906    32.2132    23.2759    23.6167     8.7621     8.4679    267.592    258.520     2.7631     2.5226     0.0464     0.1350     3.1685     0.8840     0.0000 -125.57646   47.67988      99.78         21  0.000e+00
     128576   5357.292      9.803      9.886    16.3639    15.9502  40.730834  40.718204    16.3623    15.9487    31.8885    32.2108    23.2741    23.6147     8.7620     8.4678    267.588    258.518     2.7631     2.5226     0.0464     0.1350     3.1709     0.8840     0.0000 -125.57646   47.67988      99.80         21  0.000e+00
     128577   5357.333      9.889      9.973    16.3624    15.9509  40.726626  40.715534    16.3608    15.9494    31.8861    32.2079    23.2725    23.6122     8.7625     8.4679    267.604    258.522     2.7631     2.5226     0.0464     0.1350     3.1685     0.8828     0.0000 -125.57646   47.67988      99.78         21  0.000e+00
     128578   5357.375      9.843      9.926    16.3590    15.9512  40.723688  40.712998    16.3575    15.9497    31.8862    32.2054    23.2733    23.6103     8.7677     8.4628    267.763    258.367     2.7643     2.5214     0.0464     0.1350     3.1697     0.8840     0.0000 -125.57646   47.67988      99.80         21  0.000e+00
     128579   5357.417      9.843      9.926    16.3559    15.9521  40.720415  40.709660    16.3544    15.9506    31.8858    32.2018    23.2738    23.6073     8.7683     8.4680    267.780    258.525     2.7643     2.5226     0.0464     0.1350     3.1697     0.8840     0.0000 -125.57646   47.67988      99.78         21  0.000e+00
     128580   5357.458      9.902      9.986    16.3523    15.9526  40.714739  40.704054    16.3508    15.9511    31.8837    32.1963    23.2730    23.6030     8.7691     8.4631    267.805    258.377     2.7643     2.5214     0.0464     0.1350     3.1685     0.8840     0.0000 -125.57646   47.67988      99.78         21  0.000e+00
     128581   5357.500      9.889      9.973    16.3459    15.9532  40.711868  40.697714    16.3443    15.9516    31.8863    32.1903    23.2764    23.5983     8.7747     8.4633    267.977    258.385     2.7656     2.5214     0.0464     0.1350     3.1697     0.8840     0.0000 -125.57646   47.67988      99.78         21  0.000e+00
     128582   5357.542      9.889      9.973    16.3434    15.9538  40.711134  40.691640    16.3418    15.9523    31.8877    32.1844    23.2781    23.5936     8.7751     8.4635    267.988    258.392     2.7656     2.5214     0.0464     0.1350     3.1685     0.8840     0.0000 -125.57646   47.67988      99.80         21  0.000e+00
     128583   5357.583      9.942     10.026    16.3419    15.9545  40.709732  40.684100    16.3403    15.9530    31.8877    32.1772    23.2784    23.5879     8.7754     8.4638    267.997    258.403     2.7656     2.5214     0.0464     0.1350     3.1685     0.8840     0.0000 -125.57646   47.67988      99.78         21  0.000e+00
     128584   5357.625      9.889      9.973    16.3392    15.9552  40.707996  40.675225    16.3377    15.9537    31.8883    32.1688    23.2794    23.5813     8.7758     8.4641    268.008    258.412     2.7656     2.5214     0.0464     0.1350     3.1697     0.8840     0.0000 -125.57646   47.67988      99.80         21  0.000e+00
     128585   5357.667      9.949     10.033    16.3383    15.9557  40.708063  40.664817    16.3367    15.9542    31.8891    32.1592    23.2803    23.5738     8.7760     8.4645    268.014    258.428     2.7656     2.5214     0.0464     0.1350     3.1685     0.8840     0.0000 -125.57646   47.67988      99.78         21  0.000e+00
     128586   5357.708      9.942     10.026    16.3380    15.9566  40.709064  40.653276    16.3365    15.9551    31.8901    32.1483    23.2812    23.5652     8.7807     8.4649    268.157    258.443     2.7668     2.5214     0.0464     0.1350     3.1697     0.8840     0.0000 -125.57646   47.67988      99.78         21  0.000e+00
     128587   5357.750      9.942     10.026    16.3400    15.9572  40.711736  40.643270    16.3384    15.9557    31.8909    32.1390    23.2813    23.5579     8.7803     8.4653    268.145    258.456     2.7668     2.5214     0.0464     0.1350     3.1697     0.8840     0.0000 -125.57646   47.67988      99.78         21  0.000e+00
     128588   5357.792      9.988     10.073    16.3418    15.9581  40.713004  40.634799    16.3402    15.9565    31.8905    32.1308    23.2806    23.5515     8.7800     8.4605    268.137    258.311     2.7668     2.5201     0.0464     0.1350     3.1697     0.8840     0.0000 -125.57644   47.67988      99.78         21  0.000e+00
     128589   5357.833      9.988     10.073    16.3419    15.9590  40.711602  40.629330    16.3403    15.9574    31.8893    32.1253    23.2796    23.5470     8.7801     8.4606    268.139    258.316     2.7668     2.5201     0.0476     0.1655     3.1709     0.8840     0.0000 -125.57644   47.67988      99.80         21  0.000e+00
     128590   5357.875      9.949     10.033    16.3407    15.9597  40.704723  40.628263    16.3391    15.9581    31.8843    32.1238    23.2760    23.5457     8.7805     8.4605    268.154    258.313     2.7668     2.5201     0.0476     0.1655     3.1697     0.8840     0.0000 -125.57644   47.67988      99.80         21  0.000e+00
     128591   5357.917     10.035     10.120    16.3341    15.9605  40.688832  40.632198    16.3325    15.9589    31.8756    32.1265    23.2708    23.5476     8.7822     8.4603    268.207    258.307     2.7668     2.5201     0.0488     0.1960     3.1697     0.8840     0.0000 -125.57644   47.67988      99.78         21  0.000e+00
     128592   5357.958      9.988     10.073    16.3142    15.9612  40.664334  40.638534    16.3126    15.9596    31.8701    32.1316    23.2712    23.5514     8.7906     8.4548    268.464    258.136     2.7680     2.5189     0.0476     0.1655     3.1697     0.8828     0.0000 -125.57644   47.67988      99.80         21  0.000e+00
