WCOA/WCOA-6/CTD_Data/RB2102_CTD_053_01.ros
* Sea-Bird SBE 9 Data File:
* FileName = C:\Users\scs.user.rb\CTD\RB2102\Data\RB2102_CTD_053_01.hex
* Software Version Seasave V 7.26.7.107
* Temperature SN = 6202
* Conductivity SN = 4907
* Number of Bytes Per Scan = 41
* Number of Voltage Words = 4
* Number of Scans Averaged by the Deck Unit = 1
* NMEA Latitude = 43 59.92 N
* NMEA Longitude = 125 06.17 W
* NMEA UTC (Time) = Jul 04 2021  20:40:30
* NMEA baud rate = 4800
# nquan = 30
# nvalues = 1127                                  
# units = specified
# name 0 = scan: Scan Count
# name 1 = timeS: Time, Elapsed [seconds]
# name 2 = depSM: Depth [salt water, m]
# name 3 = prDM: Pressure, Digiquartz [db]
# name 4 = t090C: Temperature [ITS-90, deg C]
# name 5 = t190C: Temperature, 2 [ITS-90, deg C]
# name 6 = c0mS/cm: Conductivity [mS/cm]
# name 7 = c1mS/cm: Conductivity, 2 [mS/cm]
# name 8 = potemp090C: Potential Temperature [ITS-90, deg C]
# name 9 = potemp190C: Potential Temperature, 2 [ITS-90, deg C]
# name 10 = sal00: Salinity, Practical [PSU]
# name 11 = sal11: Salinity, Practical, 2 [PSU]
# name 12 = sigma-é00: Density [sigma-theta, kg/m^3]
# name 13 = sigma-é11: Density, 2 [sigma-theta, kg/m^3]
# name 14 = sbeox0Mg/L: Oxygen, SBE 43 [mg/l]
# name 15 = sbeox1Mg/L: Oxygen, SBE 43, 2 [mg/l]
# name 16 = sbox0Mm/Kg: Oxygen, SBE 43 [umol/kg]
# name 17 = sbox1Mm/Kg: Oxygen, SBE 43, 2 [umol/kg]
# name 18 = sbeox0V: Oxygen raw, SBE 43 [V]
# name 19 = sbeox1V: Oxygen raw, SBE 43, 2 [V]
# name 20 = v4: Voltage 4
# name 21 = flECO-AFL: Fluorescence, WET Labs ECO-AFL/FL [mg/m^3]
# name 22 = v3: Voltage 3
# name 23 = v6: Voltage 6
# name 24 = v7: Voltage 7
# name 25 = longitude: Longitude [deg]
# name 26 = latitude: Latitude [deg]
# name 27 = altM: Altimeter [m]
# name 28 = nbf: Bottles Fired
# name 29 = flag:  0.000e+00
# interval = seconds: 0.0416667
# start_time = Jul 04 2021 20:40:30 [NMEA time, header]
# bad_flag = -9.990e-29
*END*
[from data line 387]
     102365   4265.167    197.928    199.626     7.4267     7.4276  34.846511  34.846992     7.4077     7.4086    33.9962    33.9959    26.5712    26.5708     2.7587     2.8475     83.980     86.682     1.0696     1.0549     0.0403    -0.0177     3.2918     0.0000     0.0000 -125.10712   43.99878      99.80          8  0.000e+00
     102366   4265.208    197.928    199.626     7.4268     7.4278  34.846071  34.847117     7.4077     7.4087    33.9957    33.9958    26.5708    26.5708     2.7587     2.8475     83.980     86.681     1.0696     1.0549     0.0403    -0.0177     3.2918     0.0000     0.0000 -125.10712   43.99878      99.80          8  0.000e+00
     102367   4265.250    197.828    199.525     7.4267     7.4276  34.845945  34.847180     7.4077     7.4086    33.9956    33.9961    26.5708    26.5710     2.7587     2.8474     83.979     86.680     1.0696     1.0549     0.0403    -0.0177     3.2918     0.0000     0.0000 -125.10712   43.99878      99.80          8  0.000e+00
     102368   4265.292    197.875    199.572     7.4265     7.4278  34.846197  34.847431     7.4075     7.4087    33.9961    33.9962    26.5712    26.5711     2.7587     2.8474     83.980     86.680     1.0696     1.0549     0.0403    -0.0177     3.2918     0.0000     0.0000 -125.10712   43.99878      99.80          8  0.000e+00
     102369   4265.333    197.902    199.599     7.4267     7.4278  34.845820  34.847493     7.4077     7.4087    33.9955    33.9963    26.5707    26.5711     2.7587     2.8474     83.980     86.681     1.0696     1.0549     0.0403    -0.0177     3.2918     0.0000     0.0000 -125.10712   43.99878      99.80          8  0.000e+00
     105830   4409.542    148.624    149.880     7.8712     7.8721  35.169883  35.170699     7.8564     7.8573    33.9354    33.9354    26.4588    26.4587     3.6849     3.7913    112.187    115.426     1.2784     1.2503     0.0403    -0.0177     3.2906     0.0000     0.0000 -125.10720   43.99876      99.68          9  0.000e+00
     105831   4409.583    148.564    149.820     7.8712     7.8724  35.169505  35.171202     7.8565     7.8576    33.9350    33.9357    26.4585    26.4589     3.6849     3.7912    112.187    115.424     1.2784     1.2503     0.0403    -0.0177     3.2894     0.0000     0.0000 -125.10720   43.99876      99.68          9  0.000e+00
     105832   4409.625    148.577    149.834     7.8710     7.8724  35.169568  35.171076     7.8563     7.8576    33.9352    33.9355    26.4587    26.4588     3.6849     3.7974    112.187    115.613     1.2784     1.2515     0.0403    -0.0177     3.2894     0.0000     0.0000 -125.10720   43.99876      99.68          9  0.000e+00
     105833   4409.667    148.577    149.834     7.8710     7.8722  35.169883  35.170762     7.8563     7.8575    33.9355    33.9353    26.4590    26.4587     3.6849     3.8037    112.187    115.802     1.2784     1.2527     0.0403    -0.0177     3.2906     0.0000     0.0000 -125.10720   43.99876      99.66          9  0.000e+00
     105834   4409.708    148.617    149.874     7.8711     7.8724  35.170009  35.170699     7.8563     7.8576    33.9356    33.9351    26.4590    26.4585     3.6849     3.7975    112.187    115.614     1.2784     1.2515     0.0403    -0.0177     3.2906     0.0000     0.0000 -125.10720   43.99876      82.12          9  0.000e+00
     105835   4409.750    148.624    149.881     7.8708     7.8724  35.169757  35.171140     7.8561     7.8576    33.9356    33.9356    26.4590    26.4588     3.6793     3.7913    112.015    115.425     1.2772     1.2503     0.0403    -0.0177     3.2894     0.0000     0.0000 -125.10720   43.99876      65.30          9  0.000e+00
     105836   4409.792    148.577    149.834     7.8711     7.8724  35.169883  35.170825     7.8563     7.8576    33.9355    33.9353    26.4589    26.4586     3.6849     3.7913    112.187    115.424     1.2784     1.2503     0.0403    -0.0177     3.2906     0.0000     0.0000 -125.10720   43.99876      62.22          9  0.000e+00
     105837   4409.833    148.617    149.874     7.8714     7.8725  35.169757  35.171140     7.8566     7.8578    33.9351    33.9354    26.4586    26.4587     3.6849     3.7974    112.187    115.613     1.2784     1.2515     0.0403    -0.0177     3.2894     0.0000     0.0000 -125.10720   43.99876      63.37          9  0.000e+00
     105838   4409.875    148.577    149.834     7.8712     7.8724  35.170135  35.170636     7.8564     7.8576    33.9357    33.9351    26.4591    26.4584     3.6849     3.7913    112.186    115.424     1.2784     1.2503     0.0403    -0.0177     3.2906     0.0000     0.0000 -125.10720   43.99876      64.13          9  0.000e+00
     105839   4409.917    148.564    149.820     7.8714     7.8725  35.170324  35.170825     7.8567     7.8578    33.9357    33.9351    26.4590    26.4584     3.6849     3.7974    112.185    115.613     1.2784     1.2515     0.0403    -0.0177     3.2894     0.0000     0.0000 -125.10720   43.99876      64.20          9  0.000e+00
     105840   4409.958    148.624    149.881     7.8714     7.8724  35.170072  35.171014     7.8566     7.8576    33.9354    33.9354    26.4588    26.4587     3.6849     3.7975    112.187    115.614     1.2784     1.2515     0.0403    -0.0177     3.2894     0.0000     0.0000 -125.10720   43.99876      79.90          9  0.000e+00
     105841   4410.000    148.524    149.780     7.8717     7.8724  35.170197  35.170573     7.8570     7.8576    33.9353    33.9350    26.4587    26.4584     3.6848     3.7974    112.184    115.612     1.2784     1.2515     0.0403    -0.0177     3.2894     0.0000     0.0000 -125.10720   43.99876      97.97          9  0.000e+00
     105842   4410.042    148.564    149.820     7.8715     7.8722  35.170324  35.170636     7.8568     7.8575    33.9356    33.9352    26.4589    26.4586     3.6849     3.7913    112.185    115.425     1.2784     1.2503     0.0403    -0.0177     3.2906     0.0000     0.0000 -125.10720   43.99876     100.00          9  0.000e+00
     105843   4410.083    148.577    149.834     7.8715     7.8722  35.169820  35.171139     7.8568     7.8575    33.9350    33.9357    26.4585    26.4590     3.6849     3.7913    112.186    115.424     1.2784     1.2503     0.0403    -0.0177     3.2918     0.0000     0.0000 -125.10720   43.99876     100.00          9  0.000e+00
     105844   4410.125    148.564    149.820     7.8717     7.8725  35.170135  35.170888     7.8570     7.8578    33.9352    33.9352    26.4586    26.4585     3.6849     3.7912    112.185    115.424     1.2784     1.2503     0.0403    -0.0177     3.2906     0.0000     0.0000 -125.10720   43.99876      99.95          9  0.000e+00
     105845   4410.167    148.577    149.834     7.8717     7.8724  35.169820  35.170699     7.8570     7.8576    33.9348    33.9351    26.4583    26.4585     3.6849     3.7975    112.186    115.613     1.2784     1.2515     0.0403    -0.0177     3.2906     0.0000     0.0000 -125.10720   43.99876      99.44          9  0.000e+00
     105846   4410.208    148.524    149.780     7.8719     7.8724  35.169882  35.170887     7.8571     7.8576    33.9347    33.9354    26.4582    26.4586     3.6791     3.7974    112.011    115.612     1.2772     1.2515     0.0403    -0.0177     3.2894     0.0000     0.0000 -125.10720   43.99876      99.56          9  0.000e+00
     105847   4410.250    148.564    149.820     7.8718     7.8725  35.170009  35.170825     7.8571     7.8578    33.9349    33.9351    26.4584    26.4584     3.6849     3.7974    112.185    115.613     1.2784     1.2515     0.0403    -0.0177     3.2918     0.0000     0.0000 -125.10720   43.99876      99.66          9  0.000e+00
     105848   4410.292    148.577    149.834     7.8719     7.8724  35.169757  35.170447     7.8571     7.8576    33.9346    33.9349    26.4581    26.4583     3.6792     3.7975    112.012    115.613     1.2772     1.2515     0.0403    -0.0177     3.2894     0.0000     0.0000 -125.10720   43.99876      99.68          9  0.000e+00
     105849   4410.333    148.524    149.780     7.8717     7.8724  35.169882  35.170824     7.8570     7.8576    33.9349    33.9353    26.4584    26.4586     3.6792     3.7974    112.012    115.612     1.2772     1.2515     0.0403    -0.0177     3.2918     0.0000     0.0000 -125.10720   43.99876      99.68          9  0.000e+00
     105850   4410.375    148.564    149.820     7.8719     7.8722  35.169756  35.170825     7.8571     7.8575    33.9346    33.9354    26.4581    26.4587     3.6849     3.7913    112.185    115.424     1.2784     1.2503     0.0403    -0.0177     3.2918     0.0000     0.0000 -125.10720   43.99876      99.68          9  0.000e+00
     105851   4410.417    148.524    149.780     7.8718     7.8725  35.169882  35.170950     7.8571     7.8578    33.9348    33.9352    26.4583    26.4585     3.6848     3.7912    112.184    115.423     1.2784     1.2503     0.0403    -0.0177     3.2906     0.0000     0.0000 -125.10720   43.99876      99.68          9  0.000e+00
     105852   4410.458    148.564    149.820     7.8718     7.8722  35.170198  35.171013     7.8571     7.8575    33.9351    33.9356    26.4585    26.4589     3.6905     3.7974    112.358    115.613     1.2796     1.2515     0.0403    -0.0177     3.2906     0.0000     0.0000 -125.10720   43.99876      99.68          9  0.000e+00
     105853   4410.500    148.524    149.780     7.8720     7.8724  35.169819  35.171013     7.8573     7.8576    33.9345    33.9355    26.4581    26.4588     3.6905     3.7974    112.357    115.612     1.2796     1.2515     0.0403    -0.0177     3.2906     0.0000     0.0000 -125.10720   43.99876      99.68          9  0.000e+00
     105854   4410.542    148.524    149.780     7.8717     7.8722  35.169693  35.170510     7.8570     7.8575    33.9347    33.9351    26.4583    26.4585     3.6848     3.7912    112.185    115.424     1.2784     1.2503     0.0403    -0.0177     3.2906     0.0000     0.0000 -125.10720   43.99876      99.66          9  0.000e+00
     105855   4410.583    148.518    149.774     7.8717     7.8724  35.169882  35.170824     7.8570     7.8576    33.9349    33.9353    26.4584    26.4586     3.6905     3.7912    112.358    115.423     1.2796     1.2503     0.0403    -0.0177     3.2906     0.0000     0.0000 -125.10720   43.99876      99.68          9  0.000e+00
     105856   4410.625    148.524    149.780     7.8714     7.8722  35.169756  35.170824     7.8566     7.8575    33.9351    33.9354    26.4586    26.4587     3.6849     3.7912    112.185    115.424     1.2784     1.2503     0.0403    -0.0177     3.2894     0.0000     0.0000 -125.10720   43.99876      99.68          9  0.000e+00
     105857   4410.667    148.524    149.780     7.8712     7.8724  35.169693  35.170950     7.8565     7.8576    33.9352    33.9354    26.4587    26.4587     3.6849     3.7912    112.186    115.423     1.2784     1.2503     0.0403    -0.0177     3.2906     0.0000     0.0000 -125.10720   43.99876      99.68          9  0.000e+00
     105858   4410.708    148.518    149.774     7.8715     7.8724  35.169882  35.171013     7.8568     7.8576    33.9351    33.9355    26.4586    26.4588     3.6849     3.7912    112.185    115.423     1.2784     1.2503     0.0403    -0.0177     3.2894     0.0000     0.0000 -125.10720   43.99876      72.14          9  0.000e+00
     105859   4410.750    148.524    149.780     7.8715     7.8724  35.169756  35.170824     7.8568     7.8576    33.9350    33.9353    26.4585    26.4586     3.6849     3.8036    112.185    115.801     1.2784     1.2527     0.0403    -0.0177     3.2894     0.0000     0.0000 -125.10720   43.99876      45.37          9  0.000e+00
     105860   4410.792    148.518    149.774     7.8715     7.8725  35.169693  35.170698     7.8568     7.8578    33.9349    33.9350    26.4584    26.4583     3.6905     3.7974    112.358    115.612     1.2796     1.2515     0.0403    -0.0177     3.2894     0.0000     0.0000 -125.10720   43.99876      40.39          9  0.000e+00
     105861   4410.833    148.478    149.734     7.8717     7.8724  35.169693  35.170887     7.8570     7.8576    33.9348    33.9354    26.4583    26.4587     3.6848     3.7912    112.184    115.423     1.2784     1.2503     0.0403    -0.0177     3.2894     0.0000     0.0000 -125.10720   43.99876      42.20          9  0.000e+00
     105862   4410.875    148.578    149.834     7.8717     7.8724  35.169883  35.171014     7.8570     7.8576    33.9349    33.9355    26.4584    26.4587     3.6849     3.7912    112.186    115.424     1.2784     1.2503     0.0403    -0.0177     3.2894     0.0000     0.0000 -125.10720   43.99876      43.39          9  0.000e+00
     105863   4410.917    148.471    149.727     7.8717     7.8725  35.170008  35.171013     7.8570     7.8578    33.9351    33.9353    26.4585    26.4586     3.6848     3.7912    112.184    115.422     1.2784     1.2503     0.0403    -0.0177     3.2882     0.0000     0.0000 -125.10720   43.99876      43.54          9  0.000e+00
     105864   4410.958    148.578    149.834     7.8718     7.8725  35.169757  35.170762     7.8571     7.8578    33.9346    33.9350    26.4582    26.4583     3.6849     3.7912    112.185    115.424     1.2784     1.2503     0.0403    -0.0177     3.2906     0.0000     0.0000 -125.10720   43.99876      70.28          9  0.000e+00
     105865   4411.000    148.478    149.734     7.8717     7.8727  35.169693  35.170950     7.8570     7.8580    33.9348    33.9351    26.4583    26.4584     3.6848     3.7974    112.184    115.611     1.2784     1.2515     0.0403    -0.0177     3.2906     0.0000     0.0000 -125.10720   43.99876      97.56          9  0.000e+00
     105866   4411.042    148.518    149.774     7.8715     7.8725  35.169693  35.171013     7.8568     7.8578    33.9349    33.9353    26.4584    26.4586     3.6849     3.7974    112.185    115.612     1.2784     1.2515     0.0403    -0.0177     3.2906     0.0000     0.0000 -125.10720   43.99876     100.00          9  0.000e+00
     105867   4411.083    148.478    149.734     7.8719     7.8727  35.169441  35.170509     7.8571     7.8580    33.9343    33.9346    26.4579    26.4580     3.6848     3.7974    112.184    115.611     1.2784     1.2515     0.0403    -0.0177     3.2906     0.0000     0.0000 -125.10720   43.99876     100.00          9  0.000e+00
     105868   4411.125    148.518    149.774     7.8715     7.8727  35.169567  35.170887     7.8568     7.8580    33.9348    33.9350    26.4583    26.4583     3.6849     3.7912    112.185    115.423     1.2784     1.2503     0.0403    -0.0177     3.2906     0.0000     0.0000 -125.10720   43.99876     100.00          9  0.000e+00
     105869   4411.167    148.478    149.734     7.8717     7.8729  35.169693  35.170761     7.8570     7.8582    33.9348    33.9347    26.4583    26.4581     3.6848     3.7974    112.184    115.611     1.2784     1.2515     0.0403    -0.0177     3.2894     0.0000     0.0000 -125.10720   43.99876      99.44          9  0.000e+00
     105870   4411.208    148.525    149.781     7.8717     7.8728  35.169693  35.170447     7.8570     7.8581    33.9347    33.9344    26.4583    26.4578     3.6848     3.7912    112.185    115.423     1.2784     1.2503     0.0403    -0.0177     3.2894     0.0000     0.0000 -125.10720   43.99876      99.49          9  0.000e+00
     105871   4411.250    148.472    149.727     7.8718     7.8725  35.169441  35.170887     7.8571     7.8578    33.9343    33.9352    26.4579    26.4585     3.6848     3.7974    112.184    115.611     1.2784     1.2515     0.0403    -0.0177     3.2894     0.0000     0.0000 -125.10720   43.99876      99.66          9  0.000e+00
     105872   4411.292    148.525    149.781     7.8717     7.8727  35.169378  35.171013     7.8570     7.8580    33.9344    33.9352    26.4580    26.4584     3.6849     3.7974    112.185    115.611     1.2784     1.2515     0.0403    -0.0177     3.2906     0.0000     0.0000 -125.10720   43.99876      99.68          9  0.000e+00
