WCOA/WCOA-6/CTD_Data/RB2102_CTD_013_01.ros
* Sea-Bird SBE 9 Data File:
* FileName = C:\Users\scs.user.rb\CTD\RB2102\Data\RB2102_CTD_013_01.hex
* Software Version Seasave V 7.26.7.107
* Temperature SN = 6202
* Conductivity SN = 4907
* Number of Bytes Per Scan = 41
* Number of Voltage Words = 4
* Number of Scans Averaged by the Deck Unit = 1
* NMEA Latitude = 48 46.85 N
* NMEA Longitude = 125 34.43 W
* NMEA UTC (Time) = Jun 28 2021  04:51:23
* NMEA baud rate = 4800
# nquan = 30
# nvalues = 686                                   
# units = specified
# name 0 = scan: Scan Count
# name 1 = timeS: Time, Elapsed [seconds]
# name 2 = depSM: Depth [salt water, m]
# name 3 = prDM: Pressure, Digiquartz [db]
# name 4 = t090C: Temperature [ITS-90, deg C]
# name 5 = t190C: Temperature, 2 [ITS-90, deg C]
# name 6 = c0mS/cm: Conductivity [mS/cm]
# name 7 = c1mS/cm: Conductivity, 2 [mS/cm]
# name 8 = potemp090C: Potential Temperature [ITS-90, deg C]
# name 9 = potemp190C: Potential Temperature, 2 [ITS-90, deg C]
# name 10 = sal00: Salinity, Practical [PSU]
# name 11 = sal11: Salinity, Practical, 2 [PSU]
# name 12 = sigma-é00: Density [sigma-theta, kg/m^3]
# name 13 = sigma-é11: Density, 2 [sigma-theta, kg/m^3]
# name 14 = sbeox0Mg/L: Oxygen, SBE 43 [mg/l]
# name 15 = sbeox1Mg/L: Oxygen, SBE 43, 2 [mg/l]
# name 16 = sbox0Mm/Kg: Oxygen, SBE 43 [umol/kg]
# name 17 = sbox1Mm/Kg: Oxygen, SBE 43, 2 [umol/kg]
# name 18 = sbeox0V: Oxygen raw, SBE 43 [V]
# name 19 = sbeox1V: Oxygen raw, SBE 43, 2 [V]
# name 20 = v4: Voltage 4
# name 21 = flECO-AFL: Fluorescence, WET Labs ECO-AFL/FL [mg/m^3]
# name 22 = v3: Voltage 3
# name 23 = v6: Voltage 6
# name 24 = v7: Voltage 7
# name 25 = longitude: Longitude [deg]
# name 26 = latitude: Latitude [deg]
# name 27 = altM: Altimeter [m]
# name 28 = nbf: Bottles Fired
# name 29 = flag:  0.000e+00
# interval = seconds: 0.0416667
# start_time = Jun 28 2021 04:51:23 [NMEA time, header]
# bad_flag = -9.990e-29
*END*
      18819    784.083    132.160    133.331     7.7236     7.7237  34.460495  34.459756     7.7108     7.7109    33.3238    33.3230    25.9995    25.9988     3.3964     3.3760    103.449    102.829     1.2125     1.1648     0.0440     0.0739     3.2747     1.6252     2.3675 -125.57454   48.78060      10.26          1  0.000e+00
      18820    784.125    132.339    133.512     7.7238     7.7234  34.460183  34.459757     7.7110     7.7106    33.3232    33.3231    25.9990    25.9989     3.3965     3.3761    103.451    102.832     1.2125     1.1648     0.0440     0.0739     3.2747     1.6252     2.3675 -125.57454   48.78060      10.28          1  0.000e+00
      18821    784.167    132.140    133.311     7.7236     7.7237  34.460057  34.459506     7.7108     7.7109    33.3234    33.3227    25.9991    25.9986     3.4021     3.3760    103.623    102.829     1.2137     1.1648     0.0440     0.0739     3.2747     1.6252     2.3675 -125.57454   48.78060      10.28          1  0.000e+00
      18822    784.208    132.207    133.378     7.7238     7.7236  34.459807  34.459631     7.7110     7.7108    33.3229    33.3229    25.9987    25.9987     3.4021     3.3761    103.624    102.830     1.2137     1.1648     0.0440     0.0739     3.2747     1.6252     2.3675 -125.57454   48.78060      10.28          1  0.000e+00
      18823    784.250    132.240    133.411     7.7236     7.7237  34.459745  34.459756     7.7108     7.7109    33.3230    33.3229    25.9988    25.9987     3.3964     3.3761    103.451    102.830     1.2125     1.1648     0.0440     0.0739     3.2759     1.6252     2.3675 -125.57454   48.78060      10.28          1  0.000e+00
      18824    784.292    132.240    133.411     7.7236     7.7233  34.459745  34.459507     7.7108     7.7105    33.3230    33.3230    25.9988    25.9988     3.4022     3.3761    103.625    102.831     1.2137     1.1648     0.0440     0.0739     3.2747     1.6252     2.3675 -125.57454   48.78060      10.28          1  0.000e+00
      18825    784.333    132.207    133.378     7.7238     7.7236  34.459495  34.459631     7.7110     7.7108    33.3226    33.3229    25.9984    25.9987     3.3964     3.3761    103.450    102.830     1.2125     1.1648     0.0440     0.0739     3.2747     1.6252     2.3675 -125.57454   48.78060      10.28          1  0.000e+00
      18826    784.375    132.286    133.458     7.7236     7.7233  34.459870  34.459507     7.7108     7.7105    33.3231    33.3230    25.9989    25.9988     3.4022     3.3761    103.625    102.832     1.2137     1.1648     0.0440     0.0739     3.2747     1.6252     2.3675 -125.57454   48.78060      10.26          1  0.000e+00
      18827    784.417    132.240    133.411     7.7236     7.7233  34.459807  34.459632     7.7108     7.7105    33.3231    33.3231    25.9988    25.9989     3.4022     3.3761    103.625    102.831     1.2137     1.1648     0.0440     0.0739     3.2747     1.6252     2.3675 -125.57454   48.78060      10.28          1  0.000e+00
      18828    784.458    132.240    133.411     7.7236     7.7236  34.459745  34.459757     7.7108     7.7108    33.3230    33.3230    25.9988    25.9988     3.4022     3.3761    103.625    102.830     1.2137     1.1648     0.0440     0.0739     3.2747     1.6252     2.3675 -125.57454   48.78060      10.28          1  0.000e+00
      18829    784.500    132.207    133.378     7.7238     7.7239  34.459932  34.459756     7.7110     7.7111    33.3230    33.3228    25.9988    25.9986     3.4021     3.3760    103.624    102.829     1.2137     1.1648     0.0440     0.0739     3.2747     1.6252     2.3675 -125.57454   48.78060      10.28          1  0.000e+00
      18830    784.542    132.339    133.512     7.7236     7.7239  34.460058  34.459944     7.7108     7.7111    33.3233    33.3229    25.9990    25.9987     3.3965     3.3823    103.452    103.021     1.2125     1.1661     0.0440     0.0739     3.2735     1.6252     2.3675 -125.57454   48.78060      10.23          1  0.000e+00
      18831    784.583    132.240    133.411     7.7236     7.7240  34.460057  34.459819     7.7108     7.7112    33.3233    33.3227    25.9991    25.9985     3.3964     3.3760    103.450    102.829     1.2125     1.1648     0.0440     0.0739     3.2759     1.6252     2.3675 -125.57454   48.78060      10.23          1  0.000e+00
      18832    784.625    132.260    133.432     7.7236     7.7240  34.460058  34.459944     7.7108     7.7112    33.3233    33.3228    25.9991    25.9986     3.3964     3.3761    103.451    102.830     1.2125     1.1648     0.0440     0.0739     3.2747     1.6252     2.3675 -125.57454   48.78060      10.23          1  0.000e+00
      18833    784.667    132.286    133.458     7.7236     7.7241  34.459808  34.459819     7.7108     7.7112    33.3230    33.3226    25.9988    25.9984     3.3965     3.3761    103.451    102.830     1.2125     1.1648     0.0440     0.0739     3.2747     1.6252     2.3675 -125.57454   48.78060      10.23          1  0.000e+00
      18834    784.708    132.240    133.411     7.7238     7.7239  34.459745  34.460194     7.7110     7.7110    33.3228    33.3232    25.9986    25.9989     3.4021     3.3760    103.624    102.829     1.2137     1.1648     0.0440     0.0739     3.2747     1.6252     2.3675 -125.57454   48.78060      10.23          1  0.000e+00
      18835    784.750    132.260    133.432     7.7235     7.7240  34.459995  34.459881     7.7106     7.7112    33.3234    33.3227    25.9991    25.9985     3.3964     3.3761    103.451    102.830     1.2125     1.1648     0.0440     0.0739     3.2747     1.6252     2.3675 -125.57454   48.78060      10.23          1  0.000e+00
      18836    784.792    132.286    133.458     7.7235     7.7237  34.459808  34.459757     7.7106     7.7109    33.3232    33.3229    25.9990    25.9987     3.4022     3.3761    103.625    102.831     1.2137     1.1648     0.0440     0.0739     3.2747     1.6252     2.3675 -125.57454   48.78062      10.21          1  0.000e+00
      18837    784.833    132.240    133.411     7.7236     7.7240  34.459745  34.459756     7.7108     7.7112    33.3230    33.3226    25.9988    25.9984     3.3964     3.3760    103.451    102.830     1.2125     1.1648     0.0440     0.0739     3.2747     1.6252     2.3675 -125.57454   48.78062      10.21          1  0.000e+00
      18838    784.875    132.339    133.512     7.7236     7.7241  34.459745  34.459944     7.7108     7.7112    33.3229    33.3227    25.9988    25.9985     3.3965     3.3761    103.452    102.831     1.2125     1.1648     0.0440     0.0739     3.2759     1.6252     2.3675 -125.57454   48.78062      10.21          1  0.000e+00
      18839    784.917    132.260    133.432     7.7236     7.7240  34.459745  34.459819     7.7108     7.7112    33.3230    33.3227    25.9988    25.9985     3.3964     3.3761    103.451    102.830     1.2125     1.1648     0.0440     0.0739     3.2747     1.6252     2.3675 -125.57454   48.78062      10.21          1  0.000e+00
      18840    784.958    132.286    133.458     7.7238     7.7239  34.459745  34.459757     7.7110     7.7110    33.3228    33.3227    25.9986    25.9986     3.4022     3.3761    103.625    102.830     1.2137     1.1648     0.0440     0.0739     3.2747     1.6252     2.3675 -125.57454   48.78062      10.21          1  0.000e+00
      18841    785.000    132.286    133.458     7.7238     7.7237  34.459933  34.459257     7.7110     7.7109    33.3230    33.3223    25.9988    25.9983     3.3964     3.3823    103.451    103.021     1.2125     1.1661     0.0440     0.0739     3.2747     1.6252     2.3675 -125.57454   48.78062      10.21          1  0.000e+00
      18842    785.042    132.260    133.432     7.7235     7.7235  34.459807  34.459319     7.7106     7.7107    33.3232    33.3226    25.9990    25.9985     3.3965     3.3761    103.451    102.831     1.2125     1.1648     0.0440     0.0739     3.2759     1.6252     2.3675 -125.57454   48.78062      10.21          1  0.000e+00
      18843    785.083    132.339    133.512     7.7236     7.7236  34.459745  34.459195     7.7108     7.7107    33.3229    33.3224    25.9988    25.9983     3.4022     3.3761    103.626    102.832     1.2137     1.1648     0.0440     0.0739     3.2747     1.6252     2.3675 -125.57454   48.78062      10.18          1  0.000e+00
      18844    785.125    132.286    133.458     7.7235     7.7235  34.459745  34.459569     7.7106     7.7107    33.3231    33.3229    25.9989    25.9987     3.4022     3.3761    103.626    102.831     1.2137     1.1648     0.0440     0.0739     3.2747     1.6252     2.3675 -125.57454   48.78062      10.18          1  0.000e+00
      18845    785.167    132.260    133.432     7.7235     7.7235  34.459933  34.459257     7.7106     7.7107    33.3233    33.3225    25.9991    25.9984     3.4022     3.3823    103.625    103.021     1.2137     1.1661     0.0440     0.0739     3.2747     1.6252     2.3675 -125.57454   48.78062      10.18          1  0.000e+00
      18846    785.208    132.286    133.458     7.7233     7.7232  34.460058  34.459569     7.7105     7.7104    33.3236    33.3231    25.9993    25.9990     3.3965     3.3824    103.451    103.022     1.2125     1.1661     0.0440     0.0739     3.2747     1.6252     2.3675 -125.57454   48.78062      10.18          1  0.000e+00
      18847    785.250    132.286    133.458     7.7236     7.7237  34.460058  34.459507     7.7108     7.7109    33.3233    33.3227    25.9990    25.9985     3.3965     3.3823    103.451    103.021     1.2125     1.1661     0.0440     0.0739     3.2747     1.6252     2.3675 -125.57454   48.78062      10.18          1  0.000e+00
      18848    785.292    132.306    133.478     7.7235     7.7233  34.459808  34.459882     7.7106     7.7105    33.3232    33.3234    25.9990    25.9991     3.4022     3.3824    103.626    103.022     1.2137     1.1661     0.0440     0.0739     3.2747     1.6252     2.3675 -125.57454   48.78062      10.21          1  0.000e+00
      18849    785.333    132.240    133.411     7.7236     7.7234  34.459557  34.459569     7.7108     7.7106    33.3228    33.3230    25.9986    25.9988     3.4022     3.3761    103.625    102.831     1.2137     1.1648     0.0440     0.0739     3.2747     1.6252     2.3675 -125.57454   48.78062      10.21          1  0.000e+00
      18850    785.375    132.286    133.458     7.7236     7.7233  34.459683  34.459444     7.7108     7.7105    33.3229    33.3229    25.9987    25.9988     3.4022     3.3761    103.625    102.832     1.2137     1.1648     0.0440     0.0739     3.2747     1.6252     2.3675 -125.57454   48.78062      10.21          1  0.000e+00
      18851    785.417    132.286    133.458     7.7235     7.7236  34.459933  34.459257     7.7106     7.7108    33.3233    33.3225    25.9991    25.9984     3.3965     3.3823    103.451    103.021     1.2125     1.1661     0.0440     0.0739     3.2747     1.6252     2.3675 -125.57454   48.78062      10.21          1  0.000e+00
      18852    785.458    132.306    133.478     7.7233     7.7235  34.459308  34.459819     7.7105     7.7107    33.3228    33.3231    25.9987    25.9989     3.3965     3.3823    103.452    103.021     1.2125     1.1661     0.0440     0.0739     3.2759     1.6252     2.3675 -125.57454   48.78062      10.21          1  0.000e+00
      18853    785.500    132.286    133.458     7.7236     7.7233  34.459558  34.459569     7.7108     7.7105    33.3228    33.3230    25.9986    25.9989     3.3965     3.3824    103.451    103.022     1.2125     1.1661     0.0440     0.0739     3.2747     1.6252     2.3675 -125.57454   48.78062      10.18          1  0.000e+00
      18854    785.542    132.286    133.458     7.7236     7.7236  34.459495  34.459632     7.7108     7.7108    33.3227    33.3229    25.9986    25.9987     3.3965     3.3823    103.451    103.021     1.2125     1.1661     0.0440     0.0739     3.2735     1.6252     2.3675 -125.57454   48.78062      10.18          1  0.000e+00
      18855    785.583    132.260    133.432     7.7235     7.7237  34.459432  34.459757     7.7106     7.7109    33.3228    33.3229    25.9987    25.9987     3.3965     3.3823    103.451    103.020     1.2125     1.1661     0.0440     0.0739     3.2735     1.6252     2.3675 -125.57454   48.78062      10.18          1  0.000e+00
      18856    785.625    132.286    133.458     7.7235     7.7235  34.459870  34.459257     7.7106     7.7107    33.3232    33.3225    25.9990    25.9984     3.3965     3.3761    103.451    102.831     1.2125     1.1648     0.0440     0.0739     3.2735     1.6252     2.3675 -125.57454   48.78062      10.18          1  0.000e+00
      18857    785.667    132.286    133.458     7.7233     7.7234  34.459808  34.459319     7.7105     7.7106    33.3233    33.3227    25.9991    25.9986     3.3965     3.3824    103.452    103.022     1.2125     1.1661     0.0440     0.0739     3.2735     1.6252     2.3675 -125.57454   48.78062      10.18          1  0.000e+00
      18858    785.708    132.260    133.432     7.7233     7.7237  34.459933  34.459632     7.7105     7.7109    33.3235    33.3228    25.9992    25.9986     3.3965     3.3823    103.451    103.020     1.2125     1.1661     0.0440     0.0739     3.2735     1.6252     2.3675 -125.57454   48.78062      10.18          1  0.000e+00
      18859    785.750    132.240    133.411     7.7235     7.7232  34.459807  34.459507     7.7106     7.7104    33.3232    33.3231    25.9990    25.9989     3.3964     3.3823    103.451    103.021     1.2125     1.1661     0.0440     0.0739     3.2759     1.6252     2.3675 -125.57454   48.78062      10.18          1  0.000e+00
      18860    785.792    132.286    133.458     7.7235     7.7235  34.459745  34.459444     7.7106     7.7107    33.3231    33.3227    25.9989    25.9986     3.3965     3.3761    103.451    102.831     1.2125     1.1648     0.0440     0.0739     3.2747     1.6252     2.3675 -125.57454   48.78060      10.21          1  0.000e+00
      18861    785.833    132.260    133.432     7.7235     7.7235  34.459933  34.459444     7.7106     7.7107    33.3233    33.3227    25.9991    25.9986     3.3964     3.3761    103.451    102.831     1.2125     1.1648     0.0427     0.0434     3.2759     1.6252     2.3675 -125.57454   48.78060      10.21          1  0.000e+00
      18862    785.875    132.240    133.411     7.7236     7.7236  34.459807  34.459632     7.7108     7.7108    33.3231    33.3229    25.9988    25.9987     3.3964     3.3823    103.450    103.020     1.2125     1.1661     0.0427     0.0434     3.2747     1.6252     2.3675 -125.57454   48.78060      10.21          1  0.000e+00
      18863    785.917    132.286    133.458     7.7233     7.7235  34.459745  34.459507     7.7105     7.7107    33.3232    33.3228    25.9990    25.9986     3.3965     3.3761    103.452    102.831     1.2125     1.1648     0.0427     0.0434     3.2747     1.6252     2.3675 -125.57454   48.78060      10.21          1  0.000e+00
      18864    785.958    132.240    133.411     7.7235     7.7235  34.459745  34.459632     7.7106     7.7107    33.3231    33.3229    25.9989    25.9988     3.3964     3.3761    103.451    102.831     1.2125     1.1648     0.0427     0.0434     3.2747     1.6252     2.3675 -125.57454   48.78060      10.21          1  0.000e+00
      18865    786.000    132.260    133.432     7.7233     7.7236  34.459745  34.459944     7.7105     7.7108    33.3233    33.3232    25.9990    25.9990     3.3965     3.3823    103.451    103.020     1.2125     1.1661     0.0427     0.0434     3.2747     1.6252     2.3675 -125.57454   48.78060      10.21          1  0.000e+00
      18866    786.042    132.240    133.411     7.7233     7.7235  34.459745  34.459319     7.7105     7.7107    33.3233    33.3226    25.9990    25.9985     3.3965     3.3823    103.451    103.021     1.2125     1.1661     0.0427     0.0434     3.2747     1.6252     2.3675 -125.57454   48.78060      10.18          1  0.000e+00
