WCOA/WCOA-6/CTD_Data/RB2102_CTD_010_01.ros
* Sea-Bird SBE 9 Data File:
* FileName = C:\Users\scs.user.rb\CTD\RB2102\Data\RB2102_CTD_010_01.hex
* Software Version Seasave V 7.26.7.107
* Temperature SN = 6202
* Conductivity SN = 4907
* Number of Bytes Per Scan = 41
* Number of Voltage Words = 4
* Number of Scans Averaged by the Deck Unit = 1
* NMEA Latitude = 48 32.21 N
* NMEA Longitude = 125 59.79 W
* NMEA UTC (Time) = Jun 27 2021  21:22:15
* NMEA baud rate = 4800
# nquan = 30
# nvalues = 637                                   
# units = specified
# name 0 = scan: Scan Count
# name 1 = timeS: Time, Elapsed [seconds]
# name 2 = depSM: Depth [salt water, m]
# name 3 = prDM: Pressure, Digiquartz [db]
# name 4 = t090C: Temperature [ITS-90, deg C]
# name 5 = t190C: Temperature, 2 [ITS-90, deg C]
# name 6 = c0mS/cm: Conductivity [mS/cm]
# name 7 = c1mS/cm: Conductivity, 2 [mS/cm]
# name 8 = potemp090C: Potential Temperature [ITS-90, deg C]
# name 9 = potemp190C: Potential Temperature, 2 [ITS-90, deg C]
# name 10 = sal00: Salinity, Practical [PSU]
# name 11 = sal11: Salinity, Practical, 2 [PSU]
# name 12 = sigma-é00: Density [sigma-theta, kg/m^3]
# name 13 = sigma-é11: Density, 2 [sigma-theta, kg/m^3]
# name 14 = sbeox0Mg/L: Oxygen, SBE 43 [mg/l]
# name 15 = sbeox1Mg/L: Oxygen, SBE 43, 2 [mg/l]
# name 16 = sbox0Mm/Kg: Oxygen, SBE 43 [umol/kg]
# name 17 = sbox1Mm/Kg: Oxygen, SBE 43, 2 [umol/kg]
# name 18 = sbeox0V: Oxygen raw, SBE 43 [V]
# name 19 = sbeox1V: Oxygen raw, SBE 43, 2 [V]
# name 20 = v4: Voltage 4
# name 21 = flECO-AFL: Fluorescence, WET Labs ECO-AFL/FL [mg/m^3]
# name 22 = v3: Voltage 3
# name 23 = v6: Voltage 6
# name 24 = v7: Voltage 7
# name 25 = longitude: Longitude [deg]
# name 26 = latitude: Latitude [deg]
# name 27 = altM: Altimeter [m]
# name 28 = nbf: Bottles Fired
# name 29 = flag:  0.000e+00
# interval = seconds: 0.0416667
# start_time = Jun 27 2021 21:22:15 [NMEA time, header]
# bad_flag = -9.990e-29
*END*
[from data line 146]
      21079    878.250     98.896     99.762     7.2797     7.2831  34.257891  34.258550     7.2704     7.2738    33.5482    33.5457    26.2380    26.2356     3.4134     3.3188    103.943    101.063     1.2125     1.1502     0.0415     0.0129     3.1258     1.6545     2.3370 -125.99630   48.53708      24.30          3  0.000e+00
      25546   1064.375     79.579     80.272     7.5100     7.5115  34.148919  34.148103     7.5025     7.5039    33.2176    33.2153    25.9455    25.9435     4.3124     4.2271    131.357    128.758     1.4090     1.3321     0.0415     0.0129     3.1233     1.5946     2.3370 -125.99634   48.53696      44.35          4  0.000e+00
      25547   1064.417     79.579     80.272     7.5089     7.5113  34.149355  34.148103     7.5014     7.5038    33.2191    33.2155    25.9468    25.9437     4.3125     4.2271    131.359    128.758     1.4090     1.3321     0.0415     0.0129     3.1245     1.5946     2.3370 -125.99634   48.53696      44.35          4  0.000e+00
      25548   1064.458     79.532     80.225     7.5086     7.5113  34.149292  34.148289     7.5011     7.5038    33.2193    33.2157    25.9471    25.9438     4.3125     4.2271    131.359    128.757     1.4090     1.3321     0.0415     0.0129     3.1233     1.5934     2.3370 -125.99634   48.53696      44.35          4  0.000e+00
      25549   1064.500     79.579     80.272     7.5081     7.5112  34.149230  34.148289     7.5005     7.5036    33.2198    33.2158    25.9475    25.9440     4.3126     4.2271    131.361    128.758     1.4090     1.3321     0.0415     0.0129     3.1245     1.5934     2.3370 -125.99634   48.53696      44.35          4  0.000e+00
      25550   1064.542     79.532     80.225     7.5084     7.5110  34.148981  34.148351     7.5009     7.5035    33.2192    33.2160    25.9470    25.9442     4.3125     4.2271    131.360    128.758     1.4090     1.3321     0.0415     0.0129     3.1245     1.5934     2.3370 -125.99634   48.53696      44.35          4  0.000e+00
      25551   1064.583     79.532     80.225     7.5091     7.5107  34.149106  34.148849     7.5015     7.5031    33.2187    33.2169    25.9465    25.9449     4.3182     4.2271    131.532    128.758     1.4103     1.3321     0.0415     0.0129     3.1233     1.5934     2.3370 -125.99634   48.53696      44.35          4  0.000e+00
      25552   1064.625     79.625     80.318     7.5091     7.5107  34.149230  34.148663     7.5015     7.5031    33.2188    33.2166    25.9466    25.9447     4.3125     4.2272    131.359    128.760     1.4090     1.3321     0.0415     0.0129     3.1245     1.5946     2.3370 -125.99634   48.53696      44.32          4  0.000e+00
      25553   1064.667     79.479     80.171     7.5097     7.5105  34.149043  34.148663     7.5022     7.5029    33.2180    33.2169    25.9459    25.9449     4.3181     4.2271    131.529    128.758     1.4103     1.3321     0.0415     0.0129     3.1233     1.5934     2.3370 -125.99634   48.53696      44.32          4  0.000e+00
      25554   1064.708     79.579     80.272     7.5099     7.5103  34.148670  34.148725     7.5023     7.5028    33.2174    33.2171    25.9454    25.9451     4.3181     4.2334    131.531    128.950     1.4103     1.3333     0.0415     0.0129     3.1233     1.5934     2.3370 -125.99634   48.53696      44.32          4  0.000e+00
      25555   1064.750     79.532     80.225     7.5102     7.5103  34.148358  34.148538     7.5027     7.5028    33.2168    33.2169    25.9449    25.9449     4.3181     4.2334    131.530    128.949     1.4103     1.3333     0.0415     0.0129     3.1233     1.5946     2.3370 -125.99634   48.53696      44.32          4  0.000e+00
      25556   1064.792     79.579     80.272     7.5097     7.5102  34.148483  34.148663     7.5022     7.5026    33.2174    33.2171    25.9454    25.9451     4.3239     4.2334    131.706    128.950     1.4115     1.3333     0.0415     0.0129     3.1233     1.5934     2.3370 -125.99634   48.53696      44.32          4  0.000e+00
      25557   1064.833     79.532     80.225     7.5100     7.5105  34.148607  34.148912     7.5025     7.5029    33.2172    33.2171    25.9452    25.9451     4.3238     4.2333    131.704    128.948     1.4115     1.3333     0.0415     0.0129     3.1233     1.5934     2.3370 -125.99634   48.53696      44.35          4  0.000e+00
      25558   1064.875     79.532     80.225     7.5102     7.5102  34.148794  34.148663     7.5027     7.5027    33.2173    33.2171    25.9452    25.9452     4.3181     4.2334    131.530    128.949     1.4103     1.3333     0.0415     0.0129     3.1233     1.5934     2.3370 -125.99634   48.53696      44.37          4  0.000e+00
      25559   1064.917     79.532     80.225     7.5108     7.5100  34.148420  34.148165     7.5033     7.5025    33.2163    33.2167    25.9444    25.9449     4.3238     4.2334    131.703    128.950     1.4115     1.3333     0.0415     0.0129     3.1233     1.5934     2.3370 -125.99634   48.53696      44.37          4  0.000e+00
      25560   1064.958     79.532     80.225     7.5108     7.5105  34.148732  34.148538     7.5033     7.5029    33.2166    33.2167    25.9446    25.9448     4.3238     4.2334    131.702    128.949     1.4115     1.3333     0.0415     0.0129     3.1245     1.5934     2.3370 -125.99634   48.53696      44.37          4  0.000e+00
      25561   1065.000     79.532     80.225     7.5107     7.5107  34.148919  34.148351     7.5032     7.5031    33.2169    33.2163    25.9449    25.9445     4.3238     4.2333    131.702    128.949     1.4115     1.3333     0.0415     0.0129     3.1233     1.5946     2.3370 -125.99634   48.53696      44.37          4  0.000e+00
      25562   1065.042     79.532     80.225     7.5107     7.5112  34.148669  34.148351     7.5032     7.5036    33.2167    33.2159    25.9447    25.9440     4.3238     4.2333    131.703    128.947     1.4115     1.3333     0.0415     0.0129     3.1245     1.5934     2.3309 -125.99634   48.53696      44.37          4  0.000e+00
      25563   1065.083     79.532     80.225     7.5105     7.5113  34.148794  34.148600     7.5030     7.5038    33.2170    33.2160    25.9450    25.9441     4.3238     4.2395    131.703    129.137     1.4115     1.3346     0.0415     0.0129     3.1233     1.5934     2.3223 -125.99634   48.53696      44.37          4  0.000e+00
      25564   1065.125     79.479     80.171     7.5102     7.5112  34.148669  34.148165     7.5027     7.5036    33.2171    33.2157    25.9452    25.9439     4.3238     4.2395    131.703    129.136     1.4115     1.3346     0.0415     0.0129     3.1233     1.5934     2.3199 -125.99634   48.53696      44.40          4  0.000e+00
      25565   1065.167     79.532     80.225     7.5100     7.5118  34.148794  34.148040     7.5025     7.5042    33.2174    33.2150    25.9454    25.9432     4.3238     4.2333    131.704    128.946     1.4115     1.3333     0.0415     0.0129     3.1245     1.5946     2.3211 -125.99634   48.53696      44.40          4  0.000e+00
      25566   1065.208     79.532     80.225     7.5100     7.5123  34.148669  34.147853     7.5025     7.5047    33.2173    33.2143    25.9453    25.9426     4.3238     4.2332    131.704    128.945     1.4115     1.3333     0.0415     0.0129     3.1233     1.5934     2.3211 -125.99634   48.53696      44.40          4  0.000e+00
      25567   1065.250     79.479     80.171     7.5099     7.5123  34.148794  34.148164     7.5024     7.5047    33.2176    33.2147    25.9456    25.9429     4.3295     4.2394    131.877    129.134     1.4127     1.3346     0.0415     0.0129     3.1245     1.5934     2.3211 -125.99634   48.53696      44.40          4  0.000e+00
      25568   1065.292     79.532     80.225     7.5099     7.5121  34.148919  34.148102     7.5024     7.5046    33.2177    33.2147    25.9456    25.9430     4.3295     4.2395    131.878    129.135     1.4127     1.3346     0.0415     0.0129     3.1245     1.5946     2.3211 -125.99634   48.53696      44.40          4  0.000e+00
      25569   1065.333     79.479     80.171     7.5096     7.5116  34.148669  34.148538     7.5020     7.5041    33.2178    33.2157    25.9457    25.9438     4.3295     4.2395    131.878    129.135     1.4127     1.3346     0.0415     0.0129     3.1245     1.5946     2.3211 -125.99634   48.53696      44.40          4  0.000e+00
      25570   1065.375     79.479     80.171     7.5093     7.5115  34.148856  34.148351     7.5017     7.5040    33.2183    33.2156    25.9462    25.9437     4.3238     4.2395    131.705    129.136     1.4115     1.3346     0.0415     0.0129     3.1233     1.5934     2.3211 -125.99634   48.53696      44.40          4  0.000e+00
      25571   1065.417     79.532     80.225     7.5092     7.5113  34.148919  34.148351     7.5017     7.5038    33.2183    33.2158    25.9462    25.9439     4.3296     4.2395    131.880    129.137     1.4127     1.3346     0.0415     0.0129     3.1245     1.5934     2.3211 -125.99634   48.53696      44.40          4  0.000e+00
      25572   1065.458     79.479     80.171     7.5089     7.5110  34.149355  34.148849     7.5014     7.5035    33.2192    33.2166    25.9469    25.9446     4.3296     4.2395    131.879    129.136     1.4127     1.3346     0.0415     0.0129     3.1245     1.5946     2.3211 -125.99634   48.53696      44.40          4  0.000e+00
      25573   1065.500     79.479     80.171     7.5088     7.5108  34.149043  34.148662     7.5012     7.5033    33.2190    33.2166    25.9468    25.9446     4.3296     4.2395    131.880    129.137     1.4127     1.3346     0.0415     0.0129     3.1245     1.5946     2.3211 -125.99634   48.53696      44.40          4  0.000e+00
      25574   1065.542     79.479     80.171     7.5083     7.5108  34.149105  34.148414     7.5007     7.5033    33.2195    33.2163    25.9473    25.9444     4.3296     4.2395    131.881    129.137     1.4127     1.3346     0.0415     0.0129     3.1233     1.5946     2.3211 -125.99634   48.53696      44.40          4  0.000e+00
      25575   1065.583     79.479     80.171     7.5087     7.5107  34.149666  34.148600     7.5011     7.5031    33.2197    33.2166    25.9474    25.9447     4.3296     4.2395    131.879    129.137     1.4127     1.3346     0.0415     0.0129     3.1233     1.5946     2.3211 -125.99634   48.53696      44.42          4  0.000e+00
      25576   1065.625     79.479     80.171     7.5081     7.5107  34.149604  34.148351     7.5006     7.5031    33.2202    33.2164    25.9479    25.9445     4.3296     4.2333    131.880    128.948     1.4127     1.3333     0.0415     0.0129     3.1233     1.5946     2.3211 -125.99634   48.53696      44.42          4  0.000e+00
      25577   1065.667     79.473     80.165     7.5089     7.5107  34.149043  34.148102     7.5014     7.5031    33.2188    33.2161    25.9467    25.9443     4.3296     4.2396    131.879    129.138     1.4127     1.3346     0.0415     0.0129     3.1245     1.5946     2.3211 -125.99634   48.53696      44.42          4  0.000e+00
      25578   1065.708     79.433     80.125     7.5088     7.5108  34.148918  34.148538     7.5012     7.5033    33.2188    33.2165    25.9467    25.9445     4.3296     4.2395    131.879    129.136     1.4127     1.3346     0.0415     0.0129     3.1233     1.5946     2.3211 -125.99634   48.53696      44.42          4  0.000e+00
      25579   1065.750     79.532     80.225     7.5089     7.5110  34.149168  34.148165     7.5014     7.5035    33.2189    33.2158    25.9467    25.9440     4.3296     4.2458    131.880    129.328     1.4127     1.3358     0.0415     0.0129     3.1233     1.5946     2.3211 -125.99634   48.53696      44.42          4  0.000e+00
      25580   1065.792     79.433     80.125     7.5092     7.5115  34.148732  34.148040     7.5017     7.5040    33.2182    33.2153    25.9461    25.9435     4.3295     4.2395    131.878    129.135     1.4127     1.3346     0.0415     0.0129     3.1233     1.5946     2.3211 -125.99634   48.53696      44.42          4  0.000e+00
      25581   1065.833     79.479     80.171     7.5093     7.5113  34.148607  34.148289     7.5017     7.5038    33.2180    33.2157    25.9459    25.9439     4.3296     4.2395    131.879    129.136     1.4127     1.3346     0.0415     0.0129     3.1245     1.5946     2.3211 -125.99634   48.53696      44.44          4  0.000e+00
      25582   1065.875     79.433     80.125     7.5096     7.5115  34.148607  34.148289     7.5020     7.5040    33.2177    33.2155    25.9457    25.9437     4.3238     4.2457    131.703    129.325     1.4115     1.3358     0.0415     0.0129     3.1233     1.5946     2.3211 -125.99634   48.53696      44.47          4  0.000e+00
      25583   1065.917     79.433     80.125     7.5097     7.5112  34.148358  34.148351     7.5022     7.5036    33.2173    33.2159    25.9454    25.9441     4.3238     4.2395    131.703    129.136     1.4115     1.3346     0.0415     0.0129     3.1245     1.5946     2.3211 -125.99634   48.53696      44.47          4  0.000e+00
      25584   1065.958     79.433     80.125     7.5100     7.5113  34.148981  34.148413     7.5025     7.5038    33.2177    33.2159    25.9456    25.9440     4.3295     4.2395    131.876    129.135     1.4127     1.3346     0.0415     0.0129     3.1245     1.5946     2.3211 -125.99634   48.53696      44.47          4  0.000e+00
      25585   1066.000     79.433     80.125     7.5096     7.5112  34.148981  34.148476     7.5020     7.5036    33.2181    33.2161    25.9460    25.9442     4.3238     4.2395    131.703    129.135     1.4115     1.3346     0.0415     0.0129     3.1245     1.5946     2.3211 -125.99634   48.53696      44.47          4  0.000e+00
      25586   1066.042     79.433     80.125     7.5091     7.5110  34.148918  34.147978     7.5016     7.5035    33.2185    33.2157    25.9464    25.9439     4.3238     4.2457    131.704    129.326     1.4115     1.3358     0.0415     0.0129     3.1245     1.5946     2.3211 -125.99634   48.53696      44.47          4  0.000e+00
      25587   1066.083     79.479     80.171     7.5088     7.5110  34.149417  34.147978     7.5013     7.5035    33.2193    33.2156    25.9471    25.9439     4.3239     4.2458    131.705    129.327     1.4115     1.3358     0.0415     0.0129     3.1233     1.5946     2.3223 -125.99634   48.53696      44.44          4  0.000e+00
      25588   1066.125     79.433     80.125     7.5088     7.5108  34.149043  34.148227     7.5012     7.5033    33.2190    33.2161    25.9468    25.9443     4.3238     4.2395    131.705    129.136     1.4115     1.3346     0.0415     0.0129     3.1245     1.5946     2.3223 -125.99634   48.53696      44.44          4  0.000e+00
      25589   1066.167     79.380     80.071     7.5081     7.5108  34.149603  34.148102     7.5006     7.5033    33.2202    33.2160    25.9479    25.9442     4.3239     4.2457    131.705    129.325     1.4115     1.3358     0.0415     0.0129     3.1233     1.5946     2.3223 -125.99634   48.53696      44.44          4  0.000e+00
      25590   1066.208     79.433     80.125     7.5071     7.5105  34.149853  34.148289     7.4996     7.5030    33.2214    33.2165    25.9489    25.9446     4.3239     4.2395    131.708    129.137     1.4115     1.3346     0.0427     0.0434     3.1245     1.5946     2.3223 -125.99634   48.53696      44.44          4  0.000e+00
      25591   1066.250     79.433     80.125     7.5067     7.5099  34.149853  34.148476     7.4991     7.5023    33.2219    33.2173    25.9494    25.9453     4.3240     4.2396    131.709    129.138     1.4115     1.3346     0.0427     0.0434     3.1245     1.5946     2.3223 -125.99634   48.53696      44.44          4  0.000e+00
