WCOA/WCOA-6/CTD_Data/RB2102_CTD_005_01.ros
* Sea-Bird SBE 9 Data File:
* FileName = C:\Users\scs.user.rb\CTD\RB2102\Data\RB2102_CTD_005_01.hex
* Software Version Seasave V 7.26.7.107
* Temperature SN = 6202
* Conductivity SN = 4907
* Number of Bytes Per Scan = 41
* Number of Voltage Words = 4
* Number of Scans Averaged by the Deck Unit = 1
* NMEA Latitude = 52 14.94 N
* NMEA Longitude = 129 24.04 W
* NMEA UTC (Time) = Jun 26 2021  00:53:52
* NMEA baud rate = 4800
# nquan = 30
# nvalues = 784                                   
# units = specified
# name 0 = scan: Scan Count
# name 1 = timeS: Time, Elapsed [seconds]
# name 2 = depSM: Depth [salt water, m]
# name 3 = prDM: Pressure, Digiquartz [db]
# name 4 = t090C: Temperature [ITS-90, deg C]
# name 5 = t190C: Temperature, 2 [ITS-90, deg C]
# name 6 = c0mS/cm: Conductivity [mS/cm]
# name 7 = c1mS/cm: Conductivity, 2 [mS/cm]
# name 8 = potemp090C: Potential Temperature [ITS-90, deg C]
# name 9 = potemp190C: Potential Temperature, 2 [ITS-90, deg C]
# name 10 = sal00: Salinity, Practical [PSU]
# name 11 = sal11: Salinity, Practical, 2 [PSU]
# name 12 = sigma-é00: Density [sigma-theta, kg/m^3]
# name 13 = sigma-é11: Density, 2 [sigma-theta, kg/m^3]
# name 14 = sbeox0Mg/L: Oxygen, SBE 43 [mg/l]
# name 15 = sbeox1Mg/L: Oxygen, SBE 43, 2 [mg/l]
# name 16 = sbox0Mm/Kg: Oxygen, SBE 43 [umol/kg]
# name 17 = sbox1Mm/Kg: Oxygen, SBE 43, 2 [umol/kg]
# name 18 = sbeox0V: Oxygen raw, SBE 43 [V]
# name 19 = sbeox1V: Oxygen raw, SBE 43, 2 [V]
# name 20 = v4: Voltage 4
# name 21 = flECO-AFL: Fluorescence, WET Labs ECO-AFL/FL [mg/m^3]
# name 22 = v3: Voltage 3
# name 23 = v6: Voltage 6
# name 24 = v7: Voltage 7
# name 25 = longitude: Longitude [deg]
# name 26 = latitude: Latitude [deg]
# name 27 = altM: Altimeter [m]
# name 28 = nbf: Bottles Fired
# name 29 = flag:  0.000e+00
# interval = seconds: 0.0416667
# start_time = Jun 26 2021 00:53:52 [NMEA time, header]
# bad_flag = -9.990e-29
*END*
[from data line 581]
      53745   2239.333     20.203     20.383    11.9515    11.9584  36.487658  36.494145    11.9489    11.9558    31.6278    31.6282    23.9807    23.9798    10.2851    10.0439    313.887    306.526     2.9170     2.6874     0.1832     3.5538     3.2564     0.8535     0.0000 -129.40280   52.24830      99.88         12  0.000e+00
      53746   2239.375     20.197     20.376    11.9512    11.9579  36.487275  36.493634    11.9486    11.9554    31.6277    31.6281    23.9807    23.9798    10.2852    10.0440    313.890    306.529     2.9170     2.6874     0.1832     3.5538     3.2564     0.8535     0.0000 -129.40280   52.24830      99.88         12  0.000e+00
      53747   2239.417     20.203     20.383    11.9506    11.9569  36.486444  36.492612    11.9481    11.9543    31.6274    31.6280    23.9806    23.9799    10.2854    10.0499    313.894    306.708     2.9170     2.6886     0.1832     3.5538     3.2564     0.8523     0.0000 -129.40280   52.24830      99.88         12  0.000e+00
      53748   2239.458     20.250     20.430    11.9498    11.9563  36.486252  36.491590    11.9473    11.9538    31.6279    31.6275    23.9811    23.9796    10.2856    10.0445    313.900    306.544     2.9170     2.6874     0.1807     3.4927     3.2564     0.8535     0.0000 -129.40280   52.24830      99.88         12  0.000e+00
      53749   2239.500     20.203     20.383    11.9487    11.9562  36.485038  36.491845    11.9461    11.9537    31.6277    31.6279    23.9811    23.9799    10.2858    10.0444    313.907    306.542     2.9170     2.6874     0.1783     3.4317     3.2564     0.8523     0.0000 -129.40280   52.24830      99.88         12  0.000e+00
      53750   2239.542     20.250     20.430    11.9472    11.9568  36.483440  36.491845    11.9446    11.9543    31.6274    31.6273    23.9812    23.9794    10.2914    10.0444    314.077    306.541     2.9182     2.6874     0.1783     3.4317     3.2576     0.8523     0.0000 -129.40280   52.24830      99.88         12  0.000e+00
      53751   2239.583     20.250     20.430    11.9455    11.9562  36.481906  36.491398    11.9430    11.9537    31.6273    31.6274    23.9814    23.9795    10.2917    10.0501    314.089    306.716     2.9182     2.6886     0.1795     3.4622     3.2564     0.8535     0.0000 -129.40280   52.24830      99.88         12  0.000e+00
      56040   2334.958     14.827     14.959    12.4123    12.4122  36.897863  36.896020    12.4104    12.4103    31.6336    31.6319    23.8993    23.8980    10.3848    10.1617    316.953    310.147     2.9670     2.7375     0.1221     2.0275     3.2564     0.8193     0.0000 -129.40284   52.24826      99.90         13  0.000e+00
      56041   2335.000     14.821     14.953    12.4122    12.4085  36.897542  36.892235    12.4103    12.4066    31.6334    31.6314    23.8991    23.8983    10.3848    10.1626    316.954    310.173     2.9670     2.7375     0.1221     2.0275     3.2564     0.8193     0.0000 -129.40284   52.24826      99.90         13  0.000e+00
      56042   2335.042     14.775     14.906    12.4099    12.4046  36.894588  36.889348    12.4080    12.4027    31.6325    31.6320    23.8988    23.8994    10.3802    10.1634    316.813    310.197     2.9658     2.7375     0.1221     2.0275     3.2564     0.8193     0.0000 -129.40284   52.24826      99.90         13  0.000e+00
      56043   2335.083     14.927     15.059    12.4072    12.4020  36.891251  36.887938    12.4053    12.4001    31.6315    31.6328    23.8986    23.9005    10.3862    10.1641    316.996    310.220     2.9670     2.7375     0.1221     2.0275     3.2564     0.8193     0.0000 -129.40284   52.24826      99.90         13  0.000e+00
      56044   2335.125     14.821     14.953    12.4043    12.4008  36.888939  36.888130    12.4023    12.3989    31.6319    31.6340    23.8994    23.9017    10.3867    10.1642    317.011    310.221     2.9670     2.7375     0.1221     2.0275     3.2564     0.8193     0.0000 -129.40284   52.24826      99.90         13  0.000e+00
      56045   2335.167     14.828     14.959    12.4021    12.4021  36.887270  36.889990    12.4002    12.4002    31.6321    31.6347    23.9000    23.9020    10.3871    10.1639    317.026    310.211     2.9670     2.7375     0.1221     2.0275     3.2552     0.8193     0.0000 -129.40284   52.24826      99.90         13  0.000e+00
      56046   2335.208     14.874     15.006    12.4006    12.4037  36.886629  36.891145    12.3987    12.4017    31.6327    31.6345    23.9008    23.9015    10.3875    10.1636    317.036    310.202     2.9670     2.7375     0.1221     2.0275     3.2552     0.8193     0.0000 -129.40284   52.24826      99.90         13  0.000e+00
      56047   2335.250     14.874     15.006    12.3994    12.4033  36.885409  36.890054    12.3975    12.4014    31.6325    31.6337    23.9008    23.9010    10.3878    10.1582    317.045    310.037     2.9670     2.7363     0.1221     2.0275     3.2552     0.8193     0.0000 -129.40284   52.24826      99.90         13  0.000e+00
      56048   2335.292     14.881     15.013    12.3978    12.4032  36.884189  36.890054    12.3959    12.4012    31.6328    31.6338    23.9013    23.9011    10.3881    10.1582    317.056    310.038     2.9670     2.7363     0.1221     2.0275     3.2564     0.8193     0.0000 -129.40284   52.24826      99.90         13  0.000e+00
      56049   2335.333     14.920     15.053    12.3968    12.4035  36.883419  36.890247    12.3948    12.4016    31.6329    31.6337    23.9016    23.9010    10.3884    10.1582    317.064    310.037     2.9670     2.7363     0.1221     2.0275     3.2564     0.8193     0.0000 -129.40284   52.24826      99.90         13  0.000e+00
      56050   2335.375     14.920     15.053    12.3960    12.4038  36.882777  36.890311    12.3940    12.4019    31.6329    31.6335    23.9018    23.9007    10.3886    10.1637    317.069    310.205     2.9670     2.7375     0.1221     2.0275     3.2564     0.8193     0.0000 -129.40284   52.24826      99.90         13  0.000e+00
      56051   2335.417     14.881     15.013    12.3954    12.4038  36.882842  36.890503    12.3935    12.4019    31.6335    31.6337    23.9023    23.9009    10.3886    10.1581    317.070    310.033     2.9670     2.7363     0.1221     2.0275     3.2564     0.8193     0.0000 -129.40284   52.24826      99.90         13  0.000e+00
      56052   2335.458     14.920     15.053    12.3954    12.4027  36.883163  36.889092    12.3935    12.4007    31.6337    31.6333    23.9025    23.9008    10.3887    10.1584    317.071    310.044     2.9670     2.7363     0.1245     2.0886     3.2564     0.8181     0.0000 -129.40284   52.24826      99.90         13  0.000e+00
      56053   2335.500     14.881     15.013    12.3951    12.4007  36.883098  36.887681    12.3932    12.3987    31.6340    31.6337    23.9028    23.9015    10.3887    10.1588    317.071    310.056     2.9670     2.7363     0.1258     2.1191     3.2564     0.8193     0.0000 -129.40284   52.24826      99.90         13  0.000e+00
      56054   2335.542     14.973     15.106    12.3951    12.3995  36.882970  36.886462    12.3932    12.3976    31.6338    31.6335    23.9026    23.9015    10.3837    10.1647    316.919    310.237     2.9658     2.7375     0.1258     2.1191     3.2576     0.8193     0.0000 -129.40284   52.24826      99.90         13  0.000e+00
      56055   2335.583     14.920     15.053    12.3948    12.3977  36.882457  36.885243    12.3929    12.3957    31.6336    31.6339    23.9026    23.9022    10.3837    10.1595    316.920    310.078     2.9658     2.7363     0.1258     2.1191     3.2564     0.8193     0.0000 -129.40284   52.24826      99.90         13  0.000e+00
      56056   2335.625     14.927     15.060    12.3946    12.3971  36.882328  36.885051    12.3927    12.3952    31.6336    31.6341    23.9026    23.9025    10.3786    10.1652    316.765    310.251     2.9646     2.7375     0.1258     2.1191     3.2552     0.8181     0.0000 -129.40284   52.24826      99.90         13  0.000e+00
      56057   2335.667     14.973     15.106    12.3946    12.3973  36.881751  36.885115    12.3927    12.3954    31.6331    31.6340    23.9022    23.9024    10.3838    10.1596    316.924    310.082     2.9658     2.7363     0.1258     2.1191     3.2576     0.8181     0.0000 -129.40284   52.24826      99.90         13  0.000e+00
      56058   2335.708     14.973     15.107    12.3945    12.3971  36.882393  36.883896    12.3925    12.3952    31.6338    31.6330    23.9028    23.9016    10.3787    10.1598    316.767    310.085     2.9646     2.7363     0.1258     2.1191     3.2552     0.8193     0.0000 -129.40284   52.24826      99.90         13  0.000e+00
      56059   2335.750     14.980     15.113    12.3945    12.3961  36.882136  36.883127    12.3925    12.3942    31.6336    31.6331    23.9026    23.9019    10.3787    10.1655    316.768    310.262     2.9646     2.7375     0.1258     2.1191     3.2552     0.8181     0.0000 -129.40284   52.24826      99.88         13  0.000e+00
      56060   2335.792     14.973     15.107    12.3940    12.3950  36.881045  36.882614    12.3921    12.3931    31.6329    31.6336    23.9022    23.9025    10.3789    10.1602    316.773    310.099     2.9646     2.7363     0.1258     2.1191     3.2564     0.8181     0.0000 -129.40284   52.24826      99.90         13  0.000e+00
      56061   2335.833     14.980     15.113    12.3925    12.3941  36.879697  36.881587    12.3906    12.3922    31.6329    31.6333    23.9024    23.9024    10.3792    10.1604    316.783    310.106     2.9646     2.7363     0.1258     2.1191     3.2552     0.8193     0.0000 -129.40284   52.24826      99.88         13  0.000e+00
      56062   2335.875     15.020     15.153    12.3911    12.3931  36.877835  36.881331    12.3892    12.3912    31.6323    31.6339    23.9022    23.9031    10.3745    10.1607    316.639    310.113     2.9634     2.7363     0.1258     2.1191     3.2552     0.8193     0.0000 -129.40284   52.24826      99.90         13  0.000e+00
      56063   2335.917     14.974     15.107    12.3900    12.3930  36.877386  36.881267    12.3880    12.3910    31.6328    31.6340    23.9028    23.9032    10.3798    10.1662    316.800    310.282     2.9646     2.7375     0.1258     2.1191     3.2576     0.8181     0.0000 -129.40284   52.24826      99.90         13  0.000e+00
      56064   2335.958     15.027     15.160    12.3893    12.3933  36.877129  36.881972    12.3873    12.3913    31.6331    31.6344    23.9032    23.9034    10.3800    10.1606    316.806    310.111     2.9646     2.7363     0.1258     2.1191     3.2552     0.8181     0.0000 -129.40284   52.24826      99.90         13  0.000e+00
      56065   2336.000     15.020     15.153    12.3892    12.3938  36.877065  36.882421    12.3872    12.3919    31.6332    31.6344    23.9033    23.9033    10.3800    10.1605    316.807    310.107     2.9646     2.7363     0.1258     2.1191     3.2564     0.8193     0.0000 -129.40284   52.24826      99.90         13  0.000e+00
      56066   2336.042     15.027     15.160    12.3885    12.3936  36.876295  36.881908    12.3865    12.3917    31.6330    31.6340    23.9033    23.9031    10.3802    10.1606    316.812    310.109     2.9646     2.7363     0.1258     2.1191     3.2564     0.8181     0.0000 -129.40284   52.24826      99.90         13  0.000e+00
      56067   2336.083     15.066     15.200    12.3880    12.3930  36.876680  36.880561    12.3861    12.3910    31.6338    31.6333    23.9040    23.9026    10.3752    10.1608    316.659    310.117     2.9634     2.7363     0.1258     2.1191     3.2564     0.8181     0.0000 -129.40284   52.24826      99.90         13  0.000e+00
      56068   2336.125     15.020     15.154    12.3883    12.3926  36.876488  36.880433    12.3864    12.3907    31.6334    31.6335    23.9036    23.9029    10.3802    10.1608    316.812    310.117     2.9646     2.7363     0.1258     2.1191     3.2564     0.8193     0.0000 -129.40284   52.24826      99.88         13  0.000e+00
      56069   2336.167     15.073     15.207    12.3883    12.3940  36.876424  36.882101    12.3864    12.3921    31.6332    31.6339    23.9035    23.9029    10.3803    10.1605    316.814    310.109     2.9646     2.7363     0.1258     2.1191     3.2564     0.8181     0.0000 -129.40284   52.24826      99.90         13  0.000e+00
      56070   2336.208     15.066     15.200    12.3890    12.3935  36.877643  36.881588    12.3871    12.3915    31.6338    31.6339    23.9038    23.9030    10.3801    10.1607    316.808    310.112     2.9646     2.7363     0.1258     2.1191     3.2552     0.8181     0.0000 -129.40284   52.24826      99.90         13  0.000e+00
      56071   2336.250     15.066     15.200    12.3906    12.3920  36.879248  36.880241    12.3887    12.3900    31.6340    31.6338    23.9036    23.9032    10.3797    10.1610    316.797    310.123     2.9646     2.7363     0.1258     2.1191     3.2564     0.8193     0.0000 -129.40284   52.24826      99.90         13  0.000e+00
      56072   2336.292     15.073     15.207    12.3913    12.3911  36.879890  36.878765    12.3894    12.3892    31.6341    31.6331    23.9035    23.9029    10.3795    10.1612    316.793    310.130     2.9646     2.7363     0.1258     2.1191     3.2564     0.8181     0.0000 -129.40284   52.24826      99.90         13  0.000e+00
      56073   2336.333     15.066     15.200    12.3911    12.3905  36.879248  36.878060    12.3892    12.3885    31.6336    31.6330    23.9032    23.9029    10.3847    10.1614    316.951    310.135     2.9658     2.7363     0.1258     2.1191     3.2552     0.8181     0.0000 -129.40284   52.24826      99.90         13  0.000e+00
      56074   2336.375     15.126     15.260    12.3908    12.3903  36.879120  36.878188    12.3889    12.3883    31.6337    31.6333    23.9034    23.9031    10.3849    10.1615    316.955    310.138     2.9658     2.7363     0.1258     2.1191     3.2564     0.8181     0.0000 -129.40284   52.24826      99.90         13  0.000e+00
      56075   2336.417     15.119     15.254    12.3906    12.3900  36.878349  36.878316    12.3887    12.3880    31.6331    31.6337    23.9030    23.9035    10.3849    10.1615    316.957    310.139     2.9658     2.7363     0.1258     2.1191     3.2564     0.8193     0.0000 -129.40284   52.24826      99.90         13  0.000e+00
      56076   2336.458     15.119     15.254    12.3898    12.3898  36.877322  36.877932    12.3879    12.3878    31.6328    31.6334    23.9029    23.9034    10.3851    10.1616    316.963    310.141     2.9658     2.7363     0.1258     2.1191     3.2564     0.8181     0.0000 -129.40284   52.24826      99.90         13  0.000e+00
      56077   2336.500     15.073     15.207    12.3883    12.3893  36.876103  36.877418    12.3864    12.3874    31.6330    31.6334    23.9033    23.9034    10.3854    10.1617    316.971    310.143     2.9658     2.7363     0.1258     2.1191     3.2552     0.8181     0.0000 -129.40284   52.24826      99.90         13  0.000e+00
      56078   2336.542     15.166     15.301    12.3870    12.3884  36.874819  36.876841    12.3851    12.3865    31.6328    31.6335    23.9034    23.9037    10.3909    10.1620    317.140    310.152     2.9670     2.7363     0.1282     2.1801     3.2552     0.8181     0.0000 -129.40284   52.24826      99.90         13  0.000e+00
      56079   2336.583     15.126     15.261    12.3858    12.3889  36.873728  36.877290    12.3839    12.3870    31.6328    31.6335    23.9036    23.9036    10.3911    10.1618    317.147    310.147     2.9670     2.7363     0.1294     2.2107     3.2564     0.8193     0.0000 -129.40284   52.24826      99.90         13  0.000e+00
