WCOA/WCOA-6/CTD_Data/RB2102_CTD_004_01.ros
* Sea-Bird SBE 9 Data File:
* FileName = C:\Users\scs.user.rb\CTD\RB2102\Data\RB2102_CTD_004_01.hex
* Software Version Seasave V 7.26.7.107
* Temperature SN = 6202
* Conductivity SN = 4907
* Number of Bytes Per Scan = 41
* Number of Voltage Words = 4
* Number of Scans Averaged by the Deck Unit = 1
* NMEA Latitude = 52 23.92 N
* NMEA Longitude = 129 03.04 W
* NMEA UTC (Time) = Jun 25 2021  22:46:00
* NMEA baud rate = 4800
# nquan = 30
# nvalues = 343                                   
# units = specified
# name 0 = scan: Scan Count
# name 1 = timeS: Time, Elapsed [seconds]
# name 2 = depSM: Depth [salt water, m]
# name 3 = prDM: Pressure, Digiquartz [db]
# name 4 = t090C: Temperature [ITS-90, deg C]
# name 5 = t190C: Temperature, 2 [ITS-90, deg C]
# name 6 = c0mS/cm: Conductivity [mS/cm]
# name 7 = c1mS/cm: Conductivity, 2 [mS/cm]
# name 8 = potemp090C: Potential Temperature [ITS-90, deg C]
# name 9 = potemp190C: Potential Temperature, 2 [ITS-90, deg C]
# name 10 = sal00: Salinity, Practical [PSU]
# name 11 = sal11: Salinity, Practical, 2 [PSU]
# name 12 = sigma-é00: Density [sigma-theta, kg/m^3]
# name 13 = sigma-é11: Density, 2 [sigma-theta, kg/m^3]
# name 14 = sbeox0Mg/L: Oxygen, SBE 43 [mg/l]
# name 15 = sbeox1Mg/L: Oxygen, SBE 43, 2 [mg/l]
# name 16 = sbox0Mm/Kg: Oxygen, SBE 43 [umol/kg]
# name 17 = sbox1Mm/Kg: Oxygen, SBE 43, 2 [umol/kg]
# name 18 = sbeox0V: Oxygen raw, SBE 43 [V]
# name 19 = sbeox1V: Oxygen raw, SBE 43, 2 [V]
# name 20 = v4: Voltage 4
# name 21 = flECO-AFL: Fluorescence, WET Labs ECO-AFL/FL [mg/m^3]
# name 22 = v3: Voltage 3
# name 23 = v6: Voltage 6
# name 24 = v7: Voltage 7
# name 25 = longitude: Longitude [deg]
# name 26 = latitude: Latitude [deg]
# name 27 = altM: Altimeter [m]
# name 28 = nbf: Bottles Fired
# name 29 = flag:  0.000e+00
# interval = seconds: 0.0416667
# start_time = Jun 25 2021 22:46:00 [NMEA time, header]
# bad_flag = -9.990e-29
*END*
[from data line 242]
      24377   1015.667      5.458      5.506    12.8939    12.8952  36.001422  36.001469    12.8932    12.8945    30.3936    30.3926    22.8476    22.8466    10.1823     9.8196    311.095    300.012     2.9280     2.6716     0.1319     2.2717     3.1429     1.0366     0.0000 -129.05150   52.39848      44.69          5  0.000e+00
      24378   1015.708      5.412      5.460    12.8941    12.8943  36.001422  36.000897    12.8934    12.8936    30.3935    30.3928    22.8475    22.8469    10.1823     9.8197    311.092    300.016     2.9280     2.6716     0.1319     2.2717     3.1416     1.0366     0.0000 -129.05150   52.39848      44.69          5  0.000e+00
      24379   1015.750      5.425      5.473    12.8951    12.8934  36.002058  36.000262    12.8944    12.8927    30.3933    30.3929    22.8471    22.8472    10.1821     9.8144    311.087    299.853     2.9280     2.6703     0.1319     2.2717     3.1429     1.0366     0.0000 -129.05150   52.39848      44.64          5  0.000e+00
      26615   1108.917      3.569      3.601    12.9196    12.9221  36.046507  36.049383    12.9191    12.9216    30.4159    30.4166    22.8599    22.8600    10.1322     9.7215    309.558    297.010     2.9182     2.6520     0.1184     1.9359     3.1429     1.0403     0.0000 -129.05156   52.39846      46.50          6  0.000e+00
      26616   1108.958      3.569      3.601    12.9195    12.9224  36.046252  36.048684    12.9190    12.9219    30.4158    30.4157    22.8599    22.8593    10.1322     9.7214    309.559    297.010     2.9182     2.6520     0.1184     1.9359     3.1441     1.0403     0.0000 -129.05156   52.39846      46.57          6  0.000e+00
      26617   1109.000      3.635      3.668    12.9194    12.9222  36.046189  36.049002    12.9189    12.9218    30.4157    30.4161    22.8598    22.8596    10.1323     9.7160    309.562    296.844     2.9182     2.6508     0.1184     1.9359     3.1429     1.0403     0.0000 -129.05156   52.39846      46.62          6  0.000e+00
      26618   1109.042      3.569      3.601    12.9199    12.9220  36.046634  36.048620    12.9195    12.9215    30.4158    30.4160    22.8597    22.8595    10.1270     9.7160    309.400    296.843     2.9170     2.6508     0.1184     1.9359     3.1429     1.0403     0.0000 -129.05156   52.39846      46.62          6  0.000e+00
      26619   1109.083      3.622      3.654    12.9206    12.9221  36.047525  36.049002    12.9201    12.9216    30.4161    30.4163    22.8598    22.8597    10.1320     9.7160    309.553    296.844     2.9182     2.6508     0.1184     1.9359     3.1429     1.0403     0.0000 -129.05156   52.39846      46.62          6  0.000e+00
      26620   1109.125      3.622      3.654    12.9216    12.9217  36.048479  36.048748    12.9211    12.9212    30.4161    30.4163    22.8597    22.8598    10.1318     9.7161    309.546    296.846     2.9182     2.6508     0.1184     1.9359     3.1429     1.0403     0.0000 -129.05156   52.39846      46.62          6  0.000e+00
      26621   1109.167      3.721      3.754    12.9221    12.9212  36.048925  36.047985    12.9216    12.9207    30.4161    30.4160    22.8596    22.8596    10.1318     9.7163    309.547    296.854     2.9182     2.6508     0.1184     1.9359     3.1429     1.0403     0.0000 -129.05156   52.39846      46.62          6  0.000e+00
      26622   1109.208      3.622      3.654    12.9223    12.9205  36.049242  36.047604    12.9218    12.9201    30.4163    30.4162    22.8597    22.8599    10.1316     9.7108    309.542    296.685     2.9182     2.6496     0.1184     1.9359     3.1429     1.0403     0.0000 -129.05156   52.39846      46.67          6  0.000e+00
      26623   1109.250      3.668      3.701    12.9226    12.9204  36.049115  36.047222    12.9221    12.9199    30.4159    30.4159    22.8594    22.8598    10.1265     9.7165    309.387    296.857     2.9170     2.6508     0.1184     1.9359     3.1429     1.0403     0.0000 -129.05156   52.39846      46.67          6  0.000e+00
      26624   1109.292      3.668      3.701    12.9231    12.9201  36.049242  36.047222    12.9226    12.9196    30.4156    30.4162    22.8590    22.8600    10.1265     9.7165    309.384    296.859     2.9170     2.6508     0.1184     1.9359     3.1429     1.0403     0.0000 -129.05156   52.39846      46.69          6  0.000e+00
      26625   1109.333      3.734      3.768    12.9226    12.9199  36.048861  36.047477    12.9221    12.9194    30.4157    30.4165    22.8592    22.8604    10.1267     9.7166    309.390    296.862     2.9170     2.6508     0.1184     1.9359     3.1441     1.0403     0.0000 -129.05156   52.39846      46.69          6  0.000e+00
      26626   1109.375      3.721      3.754    12.9224    12.9197  36.048734  36.047032    12.9219    12.9192    30.4157    30.4163    22.8592    22.8602    10.1267     9.7166    309.390    296.863     2.9170     2.6508     0.1197     1.9665     3.1429     1.0403     0.0000 -129.05156   52.39846      46.67          6  0.000e+00
      26627   1109.417      3.668      3.701    12.9223    12.9195  36.049433  36.047413    12.9218    12.9190    30.4165    30.4168    22.8599    22.8606    10.1266     9.7111    309.388    296.692     2.9170     2.6496     0.1197     1.9665     3.1441     1.0403     0.0000 -129.05156   52.39846      46.67          6  0.000e+00
      26628   1109.458      3.768      3.801    12.9233    12.9195  36.049434  36.047032    12.9228    12.9190    30.4156    30.4164    22.8590    22.8603    10.1265     9.7167    309.387    296.866     2.9170     2.6508     0.1209     1.9970     3.1429     1.0403     0.0000 -129.05156   52.39846      46.67          6  0.000e+00
      26629   1109.500      3.721      3.754    12.9236    12.9201  36.050324  36.047159    12.9231    12.9196    30.4162    30.4161    22.8594    22.8600    10.1264     9.7166    309.381    296.861     2.9170     2.6508     0.1209     1.9970     3.1441     1.0403     0.0000 -129.05156   52.39846      46.67          6  0.000e+00
      26630   1109.542      3.721      3.754    12.9239    12.9209  36.050388  36.048113    12.9234    12.9204    30.4160    30.4163    22.8592    22.8600    10.1263     9.7109    309.380    296.686     2.9170     2.6496     0.1209     1.9970     3.1441     1.0403     0.0000 -129.05156   52.39846      46.67          6  0.000e+00
      26631   1109.583      3.721      3.754    12.9239    12.9210  36.050324  36.048303    12.9234    12.9205    30.4160    30.4164    22.8591    22.8600    10.1263     9.7108    309.380    296.685     2.9170     2.6496     0.1209     1.9970     3.1441     1.0403     0.0000 -129.05156   52.39846      46.67          6  0.000e+00
      26632   1109.625      3.781      3.814    12.9237    12.9212  36.049561  36.048748    12.9233    12.9207    30.4154    30.4166    22.8587    22.8602    10.1265     9.7108    309.385    296.686     2.9170     2.6496     0.1209     1.9970     3.1441     1.0403     0.0000 -129.05156   52.39846      46.67          6  0.000e+00
      26633   1109.667      3.768      3.801    12.9234    12.9216  36.048861  36.048748    12.9229    12.9211    30.4150    30.4164    22.8585    22.8599    10.1265     9.7163    309.387    296.852     2.9170     2.6508     0.1209     1.9970     3.1441     1.0403     0.0000 -129.05156   52.39846      46.67          6  0.000e+00
      26634   1109.708      3.721      3.754    12.9231    12.9217  36.049179  36.049130    12.9226    12.9212    30.4156    30.4166    22.8590    22.8601    10.1265     9.7162    309.386    296.849     2.9170     2.6508     0.1209     1.9970     3.1429     1.0415     0.0000 -129.05156   52.39846      46.72          6  0.000e+00
      26635   1109.750      3.814      3.848    12.9231    12.9222  36.049370  36.048621    12.9226    12.9217    30.4157    30.4157    22.8591    22.8593    10.1317     9.7162    309.545    296.851     2.9182     2.6508     0.1209     1.9970     3.1429     1.0403     0.0000 -129.05156   52.39846      46.74          6  0.000e+00
      26636   1109.792      3.721      3.754    12.9231    12.9221  36.049370  36.049002    12.9226    12.9216    30.4157    30.4162    22.8591    22.8597    10.1316     9.7106    309.541    296.679     2.9182     2.6496     0.1209     1.9970     3.1441     1.0403     0.0000 -129.05156   52.39846      46.76          6  0.000e+00
      26637   1109.833      3.768      3.801    12.9231    12.9217  36.049370  36.048748    12.9226    12.9212    30.4157    30.4163    22.8591    22.8598    10.1317     9.7163    309.543    296.852     2.9182     2.6508     0.1197     1.9665     3.1429     1.0403     0.0000 -129.05156   52.39846      46.76          6  0.000e+00
      26638   1109.875      3.814      3.848    12.9229    12.9210  36.049625  36.047731    12.9224    12.9205    30.4161    30.4158    22.8594    22.8596    10.1317     9.7165    309.545    296.859     2.9182     2.6508     0.1209     1.9970     3.1429     1.0403     0.0000 -129.05156   52.39846      46.74          6  0.000e+00
      26639   1109.917      3.721      3.754    12.9230    12.9207  36.049433  36.047286    12.9225    12.9202    30.4159    30.4157    22.8593    22.8595    10.1316     9.7165    309.542    296.858     2.9182     2.6508     0.1197     1.9665     3.1429     1.0403     0.0000 -129.05156   52.39846      46.76          6  0.000e+00
      26640   1109.958      3.834      3.868    12.9226    12.9201  36.049370  36.046714    12.9221    12.9196    30.4161    30.4156    22.8595    22.8596    10.1369     9.7167    309.704    296.866     2.9194     2.6508     0.1209     1.9970     3.1441     1.0403     0.0000 -129.05156   52.39846      46.84          6  0.000e+00
      26641   1110.000      3.768      3.801    12.9228    12.9185  36.049116  36.045888    12.9223    12.9181    30.4157    30.4161    22.8592    22.8603    10.1317     9.7170    309.545    296.873     2.9182     2.6508     0.1209     1.9970     3.1416     1.0403     0.0000 -129.05156   52.39846      46.89          6  0.000e+00
      26642   1110.042      3.768      3.801    12.9227    12.9185  36.049497  36.045824    12.9222    12.9181    30.4161    30.4161    22.8595    22.8602    10.1317     9.7170    309.545    296.873     2.9182     2.6508     0.1209     1.9970     3.1441     1.0415     0.0000 -129.05156   52.39846      46.89          6  0.000e+00
      26643   1110.083      3.814      3.848    12.9228    12.9187  36.049434  36.045952    12.9223    12.9182    30.4160    30.4160    22.8594    22.8602    10.1369     9.7170    309.702    296.874     2.9194     2.6508     0.1209     1.9970     3.1429     1.0403     0.0000 -129.05156   52.39846      46.89          6  0.000e+00
      26644   1110.125      3.768      3.801    12.9228    12.9191  36.049370  36.046460    12.9223    12.9186    30.4160    30.4162    22.8594    22.8602    10.1368     9.7168    309.700    296.869     2.9194     2.6508     0.1209     1.9970     3.1416     1.0403     0.0000 -129.05156   52.39846      46.89          6  0.000e+00
      26645   1110.167      3.768      3.801    12.9227    12.9194  36.049116  36.046269    12.9222    12.9189    30.4158    30.4158    22.8592    22.8599    10.1368     9.7168    309.701    296.868     2.9194     2.6508     0.1209     1.9970     3.1441     1.0403     0.0000 -129.05156   52.39846      46.84          6  0.000e+00
      26646   1110.208      3.768      3.801    12.9228    12.9195  36.049243  36.046015    12.9223    12.9190    30.4159    30.4154    22.8593    22.8596    10.1419     9.7168    309.856    296.868     2.9206     2.6508     0.1209     1.9970     3.1429     1.0403     0.0000 -129.05156   52.39846      46.52          6  0.000e+00
      26647   1110.250      3.781      3.814    12.9226    12.9195  36.049116  36.046396    12.9221    12.9190    30.4159    30.4158    22.8593    22.8599    10.1420     9.7168    309.858    296.868     2.9206     2.6508     0.1209     1.9970     3.1429     1.0403     0.0000 -129.05156   52.39846      46.40          6  0.000e+00
      26648   1110.292      3.768      3.801    12.9226    12.9195  36.048797  36.046333    12.9221    12.9190    30.4156    30.4157    22.8591    22.8598    10.1420     9.7223    309.857    297.036     2.9206     2.6520     0.1209     1.9970     3.1429     1.0403     0.0000 -129.05156   52.39846      46.37          6  0.000e+00
      26649   1110.333      3.768      3.801    12.9226    12.9189  36.048734  36.046078    12.9221    12.9184    30.4155    30.4160    22.8591    22.8602    10.1420     9.7169    309.858    296.871     2.9206     2.6508     0.1209     1.9970     3.1429     1.0403     0.0000 -129.05156   52.39846      46.42          6  0.000e+00
      26650   1110.375      3.814      3.848    12.9226    12.9184  36.048925  36.045189    12.9221    12.9179    30.4157    30.4156    22.8592    22.8599    10.1471     9.7226    310.015    297.046     2.9219     2.6520     0.1197     1.9665     3.1429     1.0403     0.0000 -129.05156   52.39846      46.40          6  0.000e+00
      26651   1110.417      3.768      3.801    12.9229    12.9184  36.049052  36.045252    12.9224    12.9179    30.4156    30.4157    22.8590    22.8600    10.1470     9.7226    310.011    297.044     2.9219     2.6520     0.1209     1.9970     3.1429     1.0403     0.0000 -129.05156   52.39846      46.42          6  0.000e+00
      26652   1110.458      3.768      3.801    12.9228    12.9180  36.049052  36.044998    12.9223    12.9175    30.4157    30.4157    22.8591    22.8601    10.1470     9.7226    310.012    297.046     2.9219     2.6520     0.1209     1.9970     3.1429     1.0403     0.0000 -129.05156   52.39846      46.52          6  0.000e+00
      26653   1110.500      3.721      3.754    12.9231    12.9180  36.049243  36.045252    12.9226    12.9175    30.4156    30.4160    22.8590    22.8603    10.1520     9.7226    310.163    297.044     2.9231     2.6520     0.1209     1.9970     3.1429     1.0403     0.0000 -129.05156   52.39846      46.54          6  0.000e+00
      26654   1110.542      3.814      3.848    12.9231    12.9184  36.049370  36.045507    12.9226    12.9179    30.4157    30.4159    22.8591    22.8601    10.1521     9.7226    310.167    297.045     2.9231     2.6520     0.1209     1.9970     3.1429     1.0403     0.0000 -129.05156   52.39846      46.54          6  0.000e+00
      26655   1110.583      3.735      3.768    12.9231    12.9187  36.049370  36.045888    12.9226    12.9182    30.4157    30.4160    22.8591    22.8602    10.1571     9.7224    310.319    297.040     2.9243     2.6520     0.1197     1.9665     3.1429     1.0403     0.0000 -129.05156   52.39846      46.54          6  0.000e+00
      26656   1110.625      3.768      3.801    12.9230    12.9190  36.049370  36.046206    12.9225    12.9185    30.4158    30.4160    22.8592    22.8601    10.1520     9.7279    310.166    297.208     2.9231     2.6532     0.1209     1.9970     3.1441     1.0403     0.0000 -129.05156   52.39846      46.54          6  0.000e+00
      26657   1110.667      3.768      3.801    12.9229    12.9192  36.049116  36.046206    12.9224    12.9187    30.4156    30.4159    22.8591    22.8600    10.1521     9.7224    310.166    297.038     2.9231     2.6520     0.1209     1.9970     3.1441     1.0415     0.0000 -129.05156   52.39846      46.54          6  0.000e+00
      26658   1110.708      3.768      3.801    12.9230    12.9194  36.049052  36.046269    12.9225    12.9189    30.4155    30.4158    22.8590    22.8599    10.1571     9.7279    310.322    297.206     2.9243     2.6532     0.1209     1.9970     3.1429     1.0403     0.0000 -129.05156   52.39846      46.47          6  0.000e+00
      26659   1110.750      3.669      3.701    12.9226    12.9192  36.048543  36.046714    12.9221    12.9187    30.4154    30.4164    22.8589    22.8604    10.1520     9.7222    310.165    297.033     2.9231     2.6520     0.1209     1.9970     3.1429     1.0403     0.0000 -129.05156   52.39846      46.45          6  0.000e+00
