WCOA/WCOA-6/CTD_Data/RB2102_CTD_053_01.ros
* Sea-Bird SBE 9 Data File:
* FileName = C:\Users\scs.user.rb\CTD\RB2102\Data\RB2102_CTD_053_01.hex
* Software Version Seasave V 7.26.7.107
* Temperature SN = 6202
* Conductivity SN = 4907
* Number of Bytes Per Scan = 41
* Number of Voltage Words = 4
* Number of Scans Averaged by the Deck Unit = 1
* NMEA Latitude = 43 59.92 N
* NMEA Longitude = 125 06.17 W
* NMEA UTC (Time) = Jul 04 2021  20:40:30
* NMEA baud rate = 4800
# nquan = 30
# nvalues = 1127                                  
# units = specified
# name 0 = scan: Scan Count
# name 1 = timeS: Time, Elapsed [seconds]
# name 2 = depSM: Depth [salt water, m]
# name 3 = prDM: Pressure, Digiquartz [db]
# name 4 = t090C: Temperature [ITS-90, deg C]
# name 5 = t190C: Temperature, 2 [ITS-90, deg C]
# name 6 = c0mS/cm: Conductivity [mS/cm]
# name 7 = c1mS/cm: Conductivity, 2 [mS/cm]
# name 8 = potemp090C: Potential Temperature [ITS-90, deg C]
# name 9 = potemp190C: Potential Temperature, 2 [ITS-90, deg C]
# name 10 = sal00: Salinity, Practical [PSU]
# name 11 = sal11: Salinity, Practical, 2 [PSU]
# name 12 = sigma-é00: Density [sigma-theta, kg/m^3]
# name 13 = sigma-é11: Density, 2 [sigma-theta, kg/m^3]
# name 14 = sbeox0Mg/L: Oxygen, SBE 43 [mg/l]
# name 15 = sbeox1Mg/L: Oxygen, SBE 43, 2 [mg/l]
# name 16 = sbox0Mm/Kg: Oxygen, SBE 43 [umol/kg]
# name 17 = sbox1Mm/Kg: Oxygen, SBE 43, 2 [umol/kg]
# name 18 = sbeox0V: Oxygen raw, SBE 43 [V]
# name 19 = sbeox1V: Oxygen raw, SBE 43, 2 [V]
# name 20 = v4: Voltage 4
# name 21 = flECO-AFL: Fluorescence, WET Labs ECO-AFL/FL [mg/m^3]
# name 22 = v3: Voltage 3
# name 23 = v6: Voltage 6
# name 24 = v7: Voltage 7
# name 25 = longitude: Longitude [deg]
# name 26 = latitude: Latitude [deg]
# name 27 = altM: Altimeter [m]
# name 28 = nbf: Bottles Fired
# name 29 = flag:  0.000e+00
# interval = seconds: 0.0416667
# start_time = Jul 04 2021 20:40:30 [NMEA time, header]
# bad_flag = -9.990e-29
*END*
[from data line 436]
     105874   4411.375    148.525    149.781     7.8717     7.8727  35.169252  35.170636     7.8570     7.8580    33.9343    33.9348    26.4579    26.4581     3.6849     3.7912    112.185    115.423     1.2784     1.2503     0.0403    -0.0177     3.2894     0.0000     0.0000 -125.10720   43.99876      99.68          9  0.000e+00
     105875   4411.417    148.478    149.734     7.8715     7.8725  35.169378  35.170446     7.8568     7.8578    33.9346    33.9347    26.4582    26.4581     3.6848     3.7912    112.185    115.423     1.2784     1.2503     0.0403    -0.0177     3.2906     0.0000     0.0000 -125.10720   43.99876      99.68          9  0.000e+00
     105876   4411.458    148.472    149.727     7.8712     7.8724  35.169126  35.170384     7.8565     7.8576    33.9346    33.9348    26.4582    26.4582     3.6849     3.7974    112.186    115.612     1.2784     1.2515     0.0403    -0.0177     3.2906     0.0000     0.0000 -125.10720   43.99876      99.68          9  0.000e+00
     105877   4411.500    148.478    149.734     7.8714     7.8725  35.169252  35.170384     7.8566     7.8578    33.9346    33.9347    26.4582    26.4581     3.6849     3.7974    112.185    115.612     1.2784     1.2515     0.0403    -0.0177     3.2894     0.0000     0.0000 -125.10720   43.99876      99.68          9  0.000e+00
     105878   4411.542    148.478    149.734     7.8714     7.8720  35.169378  35.170132     7.8566     7.8573    33.9347    33.9349    26.4583    26.4583     3.6849     3.7974    112.185    115.613     1.2784     1.2515     0.0403    -0.0177     3.2894     0.0000     0.0000 -125.10720   43.99876      99.68          9  0.000e+00
     108943   4539.250    123.904    124.944     7.9292     7.9305  35.139365  35.139636     7.9169     7.9182    33.8583    33.8573    26.3894    26.3884     4.2473     4.3808    129.317    133.383     1.4029     1.3700     0.0391    -0.0482     3.2894     0.0000     0.0000 -125.10728   43.99876      99.61         10  0.000e+00
     108944   4539.292    123.957    124.998     7.9292     7.9303  35.139113  35.139699     7.9169     7.9180    33.8580    33.8575    26.3892    26.3887     4.2530     4.3809    129.491    133.384     1.4042     1.3700     0.0403    -0.0177     3.2894     0.0000     0.0000 -125.10728   43.99876      99.61         10  0.000e+00
     108945   4539.333    123.904    124.944     7.9294     7.9306  35.139113  35.139573     7.9171     7.9183    33.8578    33.8571    26.3890    26.3883     4.2530     4.3808    129.490    133.383     1.4042     1.3700     0.0403    -0.0177     3.2906     0.0000     0.0000 -125.10728   43.99876      99.61         10  0.000e+00
     108946   4539.375    123.957    124.998     7.9290     7.9305  35.139176  35.139699     7.9167     7.9182    33.8582    33.8573    26.3894    26.3885     4.2530     4.3809    129.491    133.384     1.4042     1.3700     0.0403    -0.0177     3.2882     0.0000     0.0000 -125.10728   43.99876      99.61         10  0.000e+00
     108947   4539.417    123.857    124.897     7.9292     7.9303  35.139365  35.139573     7.9169     7.9180    33.8583    33.8574    26.3894    26.3886     4.2529     4.3808    129.489    133.383     1.4042     1.3700     0.0403    -0.0177     3.2882     0.0000     0.0000 -125.10728   43.99876      99.61         10  0.000e+00
     108948   4539.458    123.937    124.978     7.9294     7.9303  35.139365  35.139510     7.9171     7.9179    33.8581    33.8574    26.3892    26.3885     4.2530     4.3809    129.490    133.384     1.4042     1.3700     0.0403    -0.0177     3.2894     0.0000     0.0000 -125.10728   43.99876      99.58         10  0.000e+00
     108949   4539.500    123.957    124.998     7.9292     7.9303  35.139428  35.139510     7.9169     7.9180    33.8583    33.8573    26.3894    26.3885     4.2530     4.3809    129.491    133.385     1.4042     1.3700     0.0403    -0.0177     3.2894     0.0000     0.0000 -125.10728   43.99876      99.58         10  0.000e+00
     108950   4539.542    123.858    124.897     7.9292     7.9300  35.139680  35.139447     7.9169     7.9177    33.8586    33.8576    26.3897    26.3888     4.2529     4.3747    129.489    133.196     1.4042     1.3687     0.0403    -0.0177     3.2894     0.0000     0.0000 -125.10728   43.99876      99.61         10  0.000e+00
     108951   4539.583    123.904    124.944     7.9292     7.9304  35.139680  35.139258     7.9169     7.9181    33.8586    33.8570    26.3897    26.3882     4.2530     4.3809    129.489    133.384     1.4042     1.3700     0.0403    -0.0177     3.2894     0.0000     0.0000 -125.10728   43.99876      99.61         10  0.000e+00
     108952   4539.625    123.904    124.944     7.9294     7.9303  35.139491  35.139384     7.9171     7.9180    33.8582    33.8572    26.3893    26.3884     4.2529     4.3809    129.489    133.384     1.4042     1.3700     0.0403    -0.0177     3.2882     0.0000     0.0000 -125.10728   43.99876      99.61         10  0.000e+00
     108953   4539.667    123.904    124.944     7.9294     7.9302  35.139680  35.139951     7.9171     7.9179    33.8584    33.8579    26.3895    26.3890     4.2529     4.3809    129.489    133.384     1.4042     1.3700     0.0403    -0.0177     3.2894     0.0000     0.0000 -125.10728   43.99876      99.61         10  0.000e+00
     108954   4539.708    123.904    124.944     7.9292     7.9301  35.139680  35.139573     7.9169     7.9178    33.8586    33.8576    26.3897    26.3887     4.2530     4.3809    129.489    133.384     1.4042     1.3700     0.0403    -0.0177     3.2882     0.0000     0.0000 -125.10728   43.99876      99.61         10  0.000e+00
     108955   4539.750    123.858    124.897     7.9294     7.9302  35.139491  35.139447     7.9171     7.9179    33.8582    33.8574    26.3894    26.3886     4.2529     4.3808    129.488    133.383     1.4042     1.3700     0.0403    -0.0177     3.2882     0.0000     0.0000 -125.10728   43.99876      99.61         10  0.000e+00
     108956   4539.792    123.904    124.944     7.9294     7.9300  35.139680  35.139258     7.9171     7.9177    33.8584    33.8574    26.3895    26.3886     4.2529     4.3809    129.489    133.385     1.4042     1.3700     0.0403    -0.0177     3.2882     0.0000     0.0000 -125.10728   43.99876      99.61         10  0.000e+00
     108957   4539.833    123.904    124.944     7.9292     7.9299  35.139680  35.139636     7.9169     7.9176    33.8586    33.8578    26.3897    26.3890     4.2530     4.3809    129.489    133.385     1.4042     1.3700     0.0403    -0.0177     3.2894     0.0000     0.0000 -125.10728   43.99876      99.61         10  0.000e+00
     108958   4539.875    123.904    124.944     7.9294     7.9302  35.139995  35.139762     7.9171     7.9179    33.8588    33.8577    26.3898    26.3889     4.2529     4.3809    129.489    133.384     1.4042     1.3700     0.0403    -0.0177     3.2882     0.0000     0.0000 -125.10728   43.99876      99.61         10  0.000e+00
     108959   4539.917    123.904    124.944     7.9294     7.9300  35.140121  35.139070     7.9171     7.9177    33.8589    33.8572    26.3899    26.3884     4.2529     4.3809    129.489    133.385     1.4042     1.3700     0.0403    -0.0177     3.2882     0.0000     0.0000 -125.10728   43.99876      99.61         10  0.000e+00
     108960   4539.958    123.858    124.898     7.9294     7.9299  35.140309  35.139069     7.9171     7.9176    33.8591    33.8573    26.3900    26.3885     4.2529     4.3809    129.488    133.384     1.4042     1.3700     0.0403    -0.0177     3.2882     0.0000     0.0000 -125.10728   43.99876      99.58         10  0.000e+00
     108961   4540.000    123.904    124.944     7.9294     7.9302  35.140310  35.139636     7.9171     7.9179    33.8591    33.8576    26.3900    26.3887     4.2529     4.3809    129.488    133.384     1.4042     1.3700     0.0403    -0.0177     3.2882     0.0000     0.0000 -125.10728   43.99876      99.61         10  0.000e+00
     108962   4540.042    123.858    124.898     7.9294     7.9298  35.140624  35.139258     7.9171     7.9175    33.8595    33.8576    26.3903    26.3887     4.2529     4.3809    129.487    133.384     1.4042     1.3700     0.0403    -0.0177     3.2894     0.0000     0.0000 -125.10728   43.99876      99.61         10  0.000e+00
     108963   4540.083    123.904    124.944     7.9294     7.9299  35.140751  35.139384     7.9171     7.9176    33.8596    33.8576    26.3904    26.3888     4.2529     4.3809    129.488    133.385     1.4042     1.3700     0.0403    -0.0177     3.2894     0.0000     0.0000 -125.10728   43.99876      99.61         10  0.000e+00
     108964   4540.125    123.904    124.944     7.9294     7.9302  35.140373  35.139510     7.9171     7.9179    33.8592    33.8575    26.3901    26.3886     4.2529     4.3809    129.488    133.384     1.4042     1.3700     0.0403    -0.0177     3.2894     0.0000     0.0000 -125.10728   43.99876      99.58         10  0.000e+00
     108965   4540.167    123.858    124.898     7.9292     7.9303  35.140372  35.139510     7.9169     7.9180    33.8594    33.8574    26.3903    26.3885     4.2529     4.3808    129.488    133.383     1.4042     1.3700     0.0403    -0.0177     3.2894     0.0000     0.0000 -125.10728   43.99876      99.61         10  0.000e+00
     108966   4540.208    123.904    124.944     7.9294     7.9304  35.140625  35.139447     7.9171     7.9181    33.8594    33.8572    26.3903    26.3884     4.2529     4.3808    129.488    133.384     1.4042     1.3700     0.0403    -0.0177     3.2882     0.0000     0.0000 -125.10728   43.99876      99.61         10  0.000e+00
     108967   4540.250    123.858    124.898     7.9294     7.9303  35.140624  35.139258     7.9171     7.9180    33.8595    33.8571    26.3903    26.3883     4.2529     4.3808    129.487    133.383     1.4042     1.3700     0.0403    -0.0177     3.2882     0.0000     0.0000 -125.10728   43.99876      99.61         10  0.000e+00
     108968   4540.292    123.904    124.944     7.9292     7.9302  35.140436  35.139195     7.9169     7.9179    33.8594    33.8571    26.3903    26.3884     4.2529     4.3809    129.489    133.384     1.4042     1.3700     0.0403    -0.0177     3.2894     0.0000     0.0000 -125.10728   43.99876      99.61         10  0.000e+00
     108969   4540.333    123.904    124.945     7.9292     7.9301  35.140625  35.139636     7.9169     7.9178    33.8596    33.8577    26.3905    26.3888     4.2529     4.3809    129.488    133.384     1.4042     1.3700     0.0403    -0.0177     3.2882     0.0000     0.0000 -125.10728   43.99876      99.61         10  0.000e+00
     108970   4540.375    123.811    124.851     7.9294     7.9300  35.140372  35.139762     7.9171     7.9177    33.8592    33.8580    26.3901    26.3891     4.2529     4.3808    129.487    133.383     1.4042     1.3700     0.0403    -0.0177     3.2882     0.0000     0.0000 -125.10728   43.99876      99.61         10  0.000e+00
     108971   4540.417    123.904    124.945     7.9294     7.9300  35.140625  35.139321     7.9171     7.9177    33.8594    33.8575    26.3903    26.3887     4.2586     4.3809    129.660    133.385     1.4054     1.3700     0.0403    -0.0177     3.2894     0.0000     0.0000 -125.10728   43.99876      99.61         10  0.000e+00
     108972   4540.458    123.858    124.898     7.9294     7.9301  35.140750  35.139636     7.9171     7.9178    33.8596    33.8577    26.3904    26.3888     4.2529     4.3870    129.487    133.571     1.4042     1.3712     0.0403    -0.0177     3.2894     0.0000     0.0000 -125.10728   43.99876      99.58         10  0.000e+00
     108973   4540.500    123.904    124.945     7.9294     7.9303  35.140939  35.139825     7.9171     7.9180    33.8598    33.8577    26.3906    26.3888     4.2529     4.3870    129.488    133.571     1.4042     1.3712     0.0403    -0.0177     3.2882     0.0000     0.0000 -125.10728   43.99876      99.61         10  0.000e+00
     108974   4540.542    123.904    124.945     7.9294     7.9298  35.140939  35.140014     7.9171     7.9175    33.8598    33.8583    26.3906    26.3894     4.2529     4.3871    129.488    133.572     1.4042     1.3712     0.0403    -0.0177     3.2882     0.0000     0.0000 -125.10728   43.99876      99.61         10  0.000e+00
     108975   4540.583    123.858    124.898     7.9294     7.9302  35.140561  35.139888     7.9171     7.9179    33.8594    33.8579    26.3903    26.3890     4.2529     4.3870    129.487    133.571     1.4042     1.3712     0.0403    -0.0177     3.2882     0.0000     0.0000 -125.10728   43.99876      99.61         10  0.000e+00
     108976   4540.625    123.904    124.945     7.9295     7.9303  35.140876  35.140517     7.9172     7.9180    33.8596    33.8585    26.3904    26.3894     4.2529     4.3870    129.488    133.571     1.4042     1.3712     0.0403    -0.0177     3.2882     0.0000     0.0000 -125.10728   43.99876      99.61         10  0.000e+00
     108977   4540.667    123.904    124.945     7.9295     7.9300  35.140688  35.140769     7.9172     7.9177    33.8594    33.8590    26.3902    26.3899     4.2586     4.3870    129.660    133.571     1.4054     1.3712     0.0403    -0.0177     3.2882     0.0000     0.0000 -125.10728   43.99876      99.61         10  0.000e+00
     108978   4540.708    123.858    124.898     7.9295     7.9297  35.140939  35.141398     7.9172     7.9174    33.8597    33.8600    26.3904    26.3907     4.2585     4.3870    129.659    133.570     1.4054     1.3712     0.0403    -0.0177     3.2882     0.0000     0.0000 -125.10728   43.99876      99.61         10  0.000e+00
     108979   4540.750    123.904    124.945     7.9295     7.9299  35.140814  35.141902     7.9172     7.9176    33.8595    33.8603    26.3903    26.3909     4.2529     4.3870    129.488    133.570     1.4042     1.3712     0.0403    -0.0177     3.2882     0.0000     0.0000 -125.10728   43.99876      99.61         10  0.000e+00
     108980   4540.792    123.858    124.898     7.9295     7.9300  35.140624  35.142028     7.9172     7.9177    33.8593    33.8604    26.3902    26.3909     4.2585     4.3870    129.659    133.569     1.4054     1.3712     0.0403    -0.0177     3.2882     0.0000     0.0000 -125.10728   43.99876      99.61         10  0.000e+00
     108981   4540.833    123.904    124.945     7.9295     7.9295  35.140688  35.142720     7.9172     7.9172    33.8594    33.8616    26.3902    26.3919     4.2586     4.3870    129.660    133.570     1.4054     1.3712     0.0403    -0.0177     3.2894     0.0000     0.0000 -125.10728   43.99876      99.61         10  0.000e+00
     108982   4540.875    123.904    124.945     7.9295     7.9296  35.140751  35.142909     7.9172     7.9173    33.8594    33.8616    26.3903    26.3920     4.2586     4.3870    129.660    133.570     1.4054     1.3712     0.0403    -0.0177     3.2894     0.0000     0.0000 -125.10728   43.99876      99.61         10  0.000e+00
     108983   4540.917    123.905    124.945     7.9294     7.9297  35.140499  35.143161     7.9171     7.9174    33.8593    33.8618    26.3902    26.3921     4.2586     4.3870    129.661    133.569     1.4054     1.3712     0.0403    -0.0177     3.2882     0.0000     0.0000 -125.10728   43.99876      99.61         10  0.000e+00
     108984   4540.958    123.905    124.945     7.9294     7.9295  35.140310  35.143287     7.9171     7.9172    33.8591    33.8622    26.3900    26.3924     4.2586     4.3870    129.661    133.570     1.4054     1.3712     0.0403    -0.0177     3.2894     0.0000     0.0000 -125.10728   43.99876      99.58         10  0.000e+00
