WCOA/WCOA-6/CTD_Data/RB2102_CTD_132_02.ros
* Sea-Bird SBE 9 Data File:
* FileName = C:\Users\scs.user.rb\CTD\RB2102\Data\RB2102_CTD_132_02.hex
* Software Version Seasave V 7.26.7.107
* Temperature SN = 6224
* Conductivity SN = 4722
* Number of Bytes Per Scan = 41
* Number of Voltage Words = 4
* Number of Scans Averaged by the Deck Unit = 1
* NMEA Latitude = 32 05.04 N
* NMEA Longitude = 120 38.29 W
* NMEA UTC (Time) = Jul 22 2021  22:53:36
* NMEA baud rate = 4800
# nquan = 30
# nvalues = 1176                                  
# units = specified
# name 0 = scan: Scan Count
# name 1 = timeS: Time, Elapsed [seconds]
# name 2 = depSM: Depth [salt water, m]
# name 3 = prDM: Pressure, Digiquartz [db]
# name 4 = t090C: Temperature [ITS-90, deg C]
# name 5 = t190C: Temperature, 2 [ITS-90, deg C]
# name 6 = c0mS/cm: Conductivity [mS/cm]
# name 7 = c1mS/cm: Conductivity, 2 [mS/cm]
# name 8 = potemp090C: Potential Temperature [ITS-90, deg C]
# name 9 = potemp190C: Potential Temperature, 2 [ITS-90, deg C]
# name 10 = sal00: Salinity, Practical [PSU]
# name 11 = sal11: Salinity, Practical, 2 [PSU]
# name 12 = sigma-é00: Density [sigma-theta, kg/m^3]
# name 13 = sigma-é11: Density, 2 [sigma-theta, kg/m^3]
# name 14 = sbeox0Mg/L: Oxygen, SBE 43 [mg/l]
# name 15 = sbeox1Mg/L: Oxygen, SBE 43, 2 [mg/l]
# name 16 = sbox0Mm/Kg: Oxygen, SBE 43 [umol/kg]
# name 17 = sbox1Mm/Kg: Oxygen, SBE 43, 2 [umol/kg]
# name 18 = sbeox0V: Oxygen raw, SBE 43 [V]
# name 19 = sbeox1V: Oxygen raw, SBE 43, 2 [V]
# name 20 = v4: Voltage 4
# name 21 = flECO-AFL: Fluorescence, WET Labs ECO-AFL/FL [mg/m^3]
# name 22 = v3: Voltage 3
# name 23 = v6: Voltage 6
# name 24 = v7: Voltage 7
# name 25 = longitude: Longitude [deg]
# name 26 = latitude: Latitude [deg]
# name 27 = altM: Altimeter [m]
# name 28 = nbf: Bottles Fired
# name 29 = flag:  0.000e+00
# interval = seconds: 0.0416667
# start_time = Jul 22 2021 22:53:36 [NMEA time, header]
# bad_flag = -9.990e-29
*END*
[from data line 194]
     161890   6745.375   2469.814   2501.982     1.8360     1.8370  31.387373  31.415848     1.6588     1.6596    34.6137    34.6476    27.6884    27.7156     3.3806     2.8955    102.800     88.044     0.9853     0.8291     0.0391    -0.0482     0.0000     0.0000     0.0000 -120.63830   32.08388      99.95          4  0.000e+00
     161891   6745.417   2469.884   2502.054     1.8360     1.8369  31.387713  31.415735     1.6588     1.6595    34.6140    34.6475    27.6887    27.7155     3.3807     2.8955    102.801     88.045     0.9853     0.8291     0.0391    -0.0482     0.0000     0.0000     0.0000 -120.63830   32.08388      99.95          4  0.000e+00
     176907   7371.083   1976.710   2000.111     2.1610     2.1612  31.445992  31.473143     2.0223     2.0223    34.5817    34.6148    27.6348    27.6613     2.6020     2.2251     79.127     67.663     0.9096     0.7643     0.0391    -0.0482     0.0000     0.0000     0.0000 -120.63810   32.08396      99.98          5  0.000e+00
     176908   7371.125   1976.764   2000.166     2.1609     2.1612  31.445483  31.473199     2.0222     2.0224    34.5811    34.6148    27.6343    27.6613     2.5934     2.2251     78.867     67.664     0.9084     0.7643     0.0391    -0.0482     0.0000     0.0000     0.0000 -120.63810   32.08396      99.98          5  0.000e+00
     176909   7371.167   1976.749   2000.151     2.1609     2.1612  31.445936  31.473480     2.0222     2.0224    34.5817    34.6151    27.6348    27.6615     2.6020     2.2251     79.128     67.663     0.9096     0.7643     0.0391    -0.0482     0.0000     0.0000     0.0000 -120.63810   32.08396      99.98          5  0.000e+00
     176910   7371.208   1976.764   2000.166     2.1608     2.1610  31.445483  31.473143     2.0221     2.0222    34.5813    34.6149    27.6345    27.6614     2.6107     2.2251     79.391     67.664     0.9109     0.7643     0.0391    -0.0482     0.0000     0.0000     0.0000 -120.63810   32.08396     100.00          5  0.000e+00
     176911   7371.250   1976.764   2000.167     2.1610     2.1609  31.445483  31.473424     2.0223     2.0221    34.5810    34.6154    27.6342    27.6618     2.6020     2.2338     79.128     67.929     0.9096     0.7656     0.0391    -0.0482     0.0000     0.0000     0.0000 -120.63810   32.08396      99.98          5  0.000e+00
     176912   7371.292   1976.749   2000.151     2.1610     2.1611  31.445766  31.473143     2.0223     2.0222    34.5814    34.6149    27.6345    27.6613     2.6020     2.2251     79.128     67.664     0.9096     0.7643     0.0391    -0.0482     0.0000     0.0000     0.0000 -120.63810   32.08396      99.98          5  0.000e+00
     176913   7371.333   1976.764   2000.167     2.1609     2.1609  31.445879  31.473424     2.0222     2.0221    34.5816    34.6154    27.6347    27.6618     2.6020     2.2251     79.128     67.664     0.9096     0.7643     0.0403    -0.0177     0.0000     0.0000     0.0000 -120.63810   32.08396     100.00          5  0.000e+00
     176914   7371.375   1976.764   2000.167     2.1610     2.1609  31.445879  31.473143     2.0223     2.0220    34.5815    34.6151    27.6346    27.6615     2.6020     2.2251     79.128     67.664     0.9096     0.7643     0.0391    -0.0482     0.0000     0.0000     0.0000 -120.63810   32.08396     100.00          5  0.000e+00
     176915   7371.417   1976.803   2000.206     2.1610     2.1611  31.446049  31.472805     2.0223     2.0222    34.5817    34.6144    27.6348    27.6610     2.6020     2.2251     79.128     67.665     0.9096     0.7643     0.0391    -0.0482     0.0000     0.0000     0.0000 -120.63810   32.08396     100.00          5  0.000e+00
     176916   7371.458   1976.764   2000.167     2.1608     2.1609  31.445936  31.473368     2.0221     2.0221    34.5818    34.6153    27.6349    27.6617     2.6020     2.2251     79.128     67.664     0.9096     0.7643     0.0391    -0.0482     0.0000     0.0000     0.0000 -120.63810   32.08396     100.00          5  0.000e+00
     176917   7371.500   1976.710   2000.112     2.1610     2.1609  31.445653  31.473143     2.0223     2.0220    34.5813    34.6151    27.6344    27.6616     2.6020     2.2251     79.128     67.664     0.9096     0.7643     0.0391    -0.0482     0.0000     0.0000     0.0000 -120.63810   32.08396     100.00          5  0.000e+00
     176918   7371.542   1976.710   2000.112     2.1609     2.1611  31.445143  31.473199     2.0222     2.0222    34.5808    34.6149    27.6341    27.6614     2.6106     2.2251     79.390     67.663     0.9109     0.7643     0.0391    -0.0482     0.0000     0.0000     0.0000 -120.63810   32.08396      99.98          5  0.000e+00
     176919   7371.583   1976.865   2000.269     2.1608     2.1612  31.445427  31.473087     2.0221     2.0224    34.5812    34.6146    27.6344    27.6611     2.6021     2.2251     79.130     67.665     0.9096     0.7643     0.0391    -0.0482     0.0000     0.0000     0.0000 -120.63810   32.08396     100.00          5  0.000e+00
     176920   7371.625   1976.710   2000.112     2.1610     2.1610  31.445596  31.473030     2.0223     2.0222    34.5812    34.6148    27.6344    27.6613     2.6106     2.2251     79.389     67.664     0.9109     0.7643     0.0391    -0.0482     0.0000     0.0000     0.0000 -120.63810   32.08396      99.98          5  0.000e+00
     176921   7371.667   1976.765   2000.167     2.1607     2.1612  31.444917  31.473199     2.0220     2.0224    34.5806    34.6148    27.6340    27.6613     2.6021     2.2251     79.129     67.664     0.9096     0.7643     0.0391    -0.0482     0.0000     0.0000     0.0000 -120.63810   32.08396     100.00          5  0.000e+00
     176922   7371.708   1976.749   2000.151     2.1609     2.1612  31.445766  31.473311     2.0222     2.0224    34.5815    34.6149    27.6346    27.6614     2.6020     2.2251     79.128     67.664     0.9096     0.7643     0.0391    -0.0482     0.0000     0.0000     0.0000 -120.63810   32.08396     100.00          5  0.000e+00
     176923   7371.750   1976.765   2000.167     2.1609     2.1612  31.445710  31.473312     2.0222     2.0223    34.5815    34.6149    27.6346    27.6614     2.6020     2.2251     79.128     67.664     0.9096     0.7643     0.0391    -0.0482     0.0000     0.0000     0.0000 -120.63810   32.08396      99.98          5  0.000e+00
     176924   7371.792   1976.765   2000.167     2.1610     2.1611  31.445766  31.473312     2.0223     2.0222    34.5814    34.6151    27.6345    27.6615     2.6020     2.2251     79.128     67.664     0.9096     0.7643     0.0391    -0.0482     0.0000     0.0000     0.0000 -120.63810   32.08396     100.00          5  0.000e+00
     176925   7371.833   1976.687   2000.088     2.1608     2.1615  31.445653  31.473311     2.0221     2.0227    34.5815    34.6146    27.6347    27.6611     2.6020     2.2251     79.128     67.663     0.9096     0.7643     0.0391    -0.0482     0.0000     0.0000     0.0000 -120.63810   32.08396     100.00          5  0.000e+00
     176926   7371.875   1976.711   2000.112     2.1610     2.1617  31.445596  31.473480     2.0223     2.0228    34.5812    34.6146    27.6344    27.6611     2.6020     2.2251     79.128     67.662     0.9096     0.7643     0.0391    -0.0482     0.0000     0.0000     0.0000 -120.63810   32.08396      99.98          5  0.000e+00
     176927   7371.917   1976.765   2000.167     2.1610     2.1616  31.445766  31.473368     2.0223     2.0228    34.5814    34.6145    27.6345    27.6610     2.6020     2.2251     79.128     67.663     0.9096     0.7643     0.0391    -0.0482     0.0000     0.0000     0.0000 -120.63810   32.08396     100.00          5  0.000e+00
     176928   7371.958   1976.687   2000.088     2.1613     2.1615  31.445879  31.473480     2.0226     2.0227    34.5813    34.6148    27.6344    27.6613     2.6020     2.2251     79.127     67.662     0.9096     0.7643     0.0391    -0.0482     0.0000     0.0000     0.0000 -120.63810   32.08396     100.00          5  0.000e+00
     176929   7372.000   1976.765   2000.167     2.1610     2.1618  31.445879  31.473593     2.0223     2.0230    34.5815    34.6146    27.6346    27.6611     2.6020     2.2251     79.128     67.663     0.9096     0.7643     0.0391    -0.0482     0.0000     0.0000     0.0000 -120.63810   32.08396     100.00          5  0.000e+00
     176930   7372.042   1976.711   2000.112     2.1609     2.1620  31.445879  31.473761     2.0222     2.0231    34.5817    34.6147    27.6348    27.6611     2.6020     2.2250     79.128     67.662     0.9096     0.7643     0.0403    -0.0177     0.0000     0.0000     0.0000 -120.63810   32.08396     100.00          5  0.000e+00
     176931   7372.083   1976.688   2000.089     2.1609     2.1617  31.445653  31.473649     2.0222     2.0228    34.5814    34.6149    27.6345    27.6613     2.6020     2.2250     79.128     67.662     0.9096     0.7643     0.0391    -0.0482     0.0000     0.0000     0.0000 -120.63810   32.08396      99.98          5  0.000e+00
     176932   7372.125   1976.649   2000.049     2.1612     2.1617  31.445596  31.474043     2.0225     2.0228    34.5811    34.6154    27.6342    27.6617     2.6020     2.2250     79.127     67.662     0.9096     0.7643     0.0391    -0.0482     0.0000     0.0000     0.0000 -120.63810   32.08396      99.98          5  0.000e+00
     176933   7372.167   1976.711   2000.112     2.1613     2.1620  31.445370  31.473536     2.0226     2.0231    34.5806    34.6144    27.6339    27.6609     2.6020     2.2250     79.127     67.662     0.9096     0.7643     0.0391    -0.0482     0.0000     0.0000     0.0000 -120.63810   32.08396     100.00          5  0.000e+00
     176934   7372.208   1976.688   2000.089     2.1610     2.1618  31.445709  31.473761     2.0223     2.0230    34.5813    34.6148    27.6345    27.6613     2.6020     2.2250     79.127     67.662     0.9096     0.7643     0.0391    -0.0482     0.0000     0.0000     0.0000 -120.63810   32.08396      99.98          5  0.000e+00
     176935   7372.250   1976.711   2000.112     2.1612     2.1618  31.445879  31.473424     2.0225     2.0230    34.5814    34.6144    27.6345    27.6609     2.6020     2.2251     79.127     67.662     0.9096     0.7643     0.0391    -0.0482     0.0000     0.0000     0.0000 -120.63810   32.08396     100.00          5  0.000e+00
     176936   7372.292   1976.649   2000.049     2.1613     2.1622  31.445879  31.473930     2.0226     2.0233    34.5813    34.6147    27.6344    27.6612     2.6020     2.2250     79.126     67.661     0.9096     0.7643     0.0391    -0.0482     0.0000     0.0000     0.0000 -120.63810   32.08396      99.98          5  0.000e+00
     176937   7372.333   1976.634   2000.034     2.1615     2.1620  31.445879  31.473986     2.0228     2.0232    34.5811    34.6150    27.6343    27.6614     2.6020     2.2250     79.126     67.661     0.9096     0.7643     0.0391    -0.0482     0.0000     0.0000     0.0000 -120.63810   32.08396     100.00          5  0.000e+00
     176938   7372.375   1976.711   2000.112     2.1615     2.1620  31.446502  31.473424     2.0228     2.0232    34.5818    34.6142    27.6348    27.6608     2.6020     2.2250     79.126     67.662     0.9096     0.7643     0.0391    -0.0482     0.0000     0.0000     0.0000 -120.63810   32.08396      99.98          5  0.000e+00
     176939   7372.417   1976.649   2000.050     2.1613     2.1620  31.445879  31.473761     2.0226     2.0232    34.5813    34.6147    27.6344    27.6611     2.6020     2.2337     79.126     67.926     0.9096     0.7656     0.0391    -0.0482     0.0000     0.0000     0.0000 -120.63810   32.08396     100.00          5  0.000e+00
     176940   7372.458   1976.634   2000.034     2.1615     2.1620  31.445992  31.473649     2.0228     2.0232    34.5812    34.6146    27.6344    27.6610     2.6020     2.2250     79.126     67.661     0.9096     0.7643     0.0391    -0.0482     0.0000     0.0000     0.0000 -120.63810   32.08396     100.00          5  0.000e+00
     176941   7372.500   1976.587   1999.987     2.1612     2.1618  31.446162  31.473986     2.0225     2.0230    34.5818    34.6152    27.6348    27.6615     2.6106     2.2250     79.387     67.661     0.9109     0.7643     0.0391    -0.0482     0.0000     0.0000     0.0000 -120.63810   32.08396     100.00          5  0.000e+00
     176942   7372.542   1976.649   2000.050     2.1613     2.1618  31.445936  31.473705     2.0226     2.0230    34.5814    34.6148    27.6345    27.6612     2.6106     2.2250     79.388     67.662     0.9109     0.7643     0.0391    -0.0482     0.0000     0.0000     0.0000 -120.63810   32.08396     100.00          5  0.000e+00
     176943   7372.583   1976.587   1999.987     2.1613     2.1616  31.446049  31.473592     2.0226     2.0228    34.5815    34.6149    27.6346    27.6613     2.6106     2.2163     79.387     67.397     0.9109     0.7631     0.0391    -0.0482     0.0000     0.0000     0.0000 -120.63810   32.08396      99.98          5  0.000e+00
     176944   7372.625   1976.634   2000.034     2.1615     2.1618  31.445483  31.473761     2.0228     2.0230    34.5806    34.6149    27.6339    27.6613     2.6020     2.2250     79.126     67.661     0.9096     0.7643     0.0391    -0.0482     0.0000     0.0000     0.0000 -120.63810   32.08396      99.98          5  0.000e+00
     176945   7372.667   1976.588   1999.987     2.1614     2.1618  31.445709  31.473874     2.0227     2.0230    34.5810    34.6150    27.6342    27.6614     2.6020     2.2250     79.126     67.661     0.9096     0.7643     0.0391    -0.0482     0.0000     0.0000     0.0000 -120.63810   32.08396      99.98          5  0.000e+00
     176946   7372.708   1976.588   1999.987     2.1618     2.1616  31.446275  31.473423     2.0231     2.0228    34.5812    34.6147    27.6343    27.6612     2.6105     2.2250     79.386     67.661     0.9109     0.7643     0.0391    -0.0482     0.0000     0.0000     0.0000 -120.63810   32.08396     100.00          5  0.000e+00
     176947   7372.750   1976.572   1999.971     2.1617     2.1620  31.445992  31.473761     2.0230     2.0232    34.5811    34.6147    27.6342    27.6612     2.6019     2.2250     79.125     67.661     0.9096     0.7643     0.0391    -0.0482     0.0000     0.0000     0.0000 -120.63810   32.08396      99.98          5  0.000e+00
     176948   7372.792   1976.588   1999.987     2.1617     2.1618  31.446275  31.473649     2.0230     2.0230    34.5813    34.6147    27.6344    27.6612     2.6019     2.2250     79.125     67.661     0.9096     0.7643     0.0391    -0.0482     0.0000     0.0000     0.0000 -120.63810   32.08396      99.98          5  0.000e+00
     176949   7372.833   1976.588   1999.987     2.1620     2.1620  31.445992  31.473761     2.0233     2.0232    34.5807    34.6147    27.6339    27.6612     2.6019     2.2250     79.124     67.661     0.9096     0.7643     0.0391    -0.0482     0.0000     0.0000     0.0000 -120.63810   32.08396      99.98          5  0.000e+00
     176950   7372.875   1976.510   1999.908     2.1620     2.1618  31.445652  31.473648     2.0233     2.0230    34.5804    34.6148    27.6336    27.6612     2.6019     2.2250     79.124     67.660     0.9096     0.7643     0.0391    -0.0482     0.0000     0.0000     0.0000 -120.63810   32.08396     100.00          5  0.000e+00
     176951   7372.917   1976.534   1999.932     2.1621     2.1618  31.446218  31.473761     2.0234     2.0230    34.5809    34.6149    27.6341    27.6613     2.6019     2.2250     79.124     67.660     0.9096     0.7643     0.0391    -0.0482     0.0000     0.0000     0.0000 -120.63810   32.08396     100.00          5  0.000e+00
