WCOA/WCOA-6/CTD_Data/RB2102_CTD_063_01.ros
* Sea-Bird SBE 9 Data File:
* FileName = C:\Users\scs.user.rb\CTD\RB2102\Data\RB2102_CTD_063_01.hex
* Software Version Seasave V 7.26.7.107
* Temperature SN = 6202
* Conductivity SN = 4907
* Number of Bytes Per Scan = 41
* Number of Voltage Words = 4
* Number of Scans Averaged by the Deck Unit = 1
* NMEA Latitude = 41 56.42 N
* NMEA Longitude = 124 36.30 W
* NMEA UTC (Time) = Jul 06 2021  18:52:24
* NMEA baud rate = 4800
# nquan = 30
# nvalues = 1078                                  
# units = specified
# name 0 = scan: Scan Count
# name 1 = timeS: Time, Elapsed [seconds]
# name 2 = depSM: Depth [salt water, m]
# name 3 = prDM: Pressure, Digiquartz [db]
# name 4 = t090C: Temperature [ITS-90, deg C]
# name 5 = t190C: Temperature, 2 [ITS-90, deg C]
# name 6 = c0mS/cm: Conductivity [mS/cm]
# name 7 = c1mS/cm: Conductivity, 2 [mS/cm]
# name 8 = potemp090C: Potential Temperature [ITS-90, deg C]
# name 9 = potemp190C: Potential Temperature, 2 [ITS-90, deg C]
# name 10 = sal00: Salinity, Practical [PSU]
# name 11 = sal11: Salinity, Practical, 2 [PSU]
# name 12 = sigma-é00: Density [sigma-theta, kg/m^3]
# name 13 = sigma-é11: Density, 2 [sigma-theta, kg/m^3]
# name 14 = sbeox0Mg/L: Oxygen, SBE 43 [mg/l]
# name 15 = sbeox1Mg/L: Oxygen, SBE 43, 2 [mg/l]
# name 16 = sbox0Mm/Kg: Oxygen, SBE 43 [umol/kg]
# name 17 = sbox1Mm/Kg: Oxygen, SBE 43, 2 [umol/kg]
# name 18 = sbeox0V: Oxygen raw, SBE 43 [V]
# name 19 = sbeox1V: Oxygen raw, SBE 43, 2 [V]
# name 20 = v4: Voltage 4
# name 21 = flECO-AFL: Fluorescence, WET Labs ECO-AFL/FL [mg/m^3]
# name 22 = v3: Voltage 3
# name 23 = v6: Voltage 6
# name 24 = v7: Voltage 7
# name 25 = longitude: Longitude [deg]
# name 26 = latitude: Latitude [deg]
# name 27 = altM: Altimeter [m]
# name 28 = nbf: Bottles Fired
# name 29 = flag:  0.000e+00
# interval = seconds: 0.0416667
# start_time = Jul 06 2021 18:52:24 [NMEA time, header]
# bad_flag = -9.990e-29
*END*
[from data line 967]
      84980   3540.792      3.553      3.581    11.6003    11.6070  37.885213  37.892114    11.5999    11.6065    33.2990    33.2997    25.3425    25.3419     8.9486     9.1476    272.735    278.801     2.6117     2.5018     0.0879     1.1728     3.1368     0.0000     0.0000 -124.60198   41.94160       1.22         20  0.000e+00
      84981   3540.833      3.467      3.495    11.6012    11.6100  37.885018  37.894058    11.6008    11.6096    33.2980    33.2989    25.3416    25.3407     8.9484     9.1469    272.729    278.781     2.6117     2.5018     0.0879     1.1728     3.1368     0.0000     0.0000 -124.60198   41.94160       1.20         20  0.000e+00
      84982   3540.875      3.553      3.581    11.6016    11.6117  37.885473  37.894707    11.6011    11.6113    33.2980    33.2980    25.3416    25.3397     8.9484     9.1355    272.730    278.434     2.6117     2.4994     0.0879     1.1728     3.1380     0.0000     0.0000 -124.60198   41.94160       1.20         20  0.000e+00
      84983   3540.917      3.454      3.481    11.6020    11.6122  37.885213  37.894447    11.6016    11.6118    33.2974    33.2973    25.3410    25.3391     8.9482     9.1354    272.725    278.429     2.6117     2.4994     0.0879     1.1728     3.1368     0.0000     0.0000 -124.60198   41.94160       1.20         20  0.000e+00
      84984   3540.958      3.500      3.528    11.6029    11.6112  37.886121  37.892437    11.6025    11.6108    33.2975    33.2962    25.3409    25.3384     8.9481     9.1413    272.721    278.609     2.6117     2.5006     0.0879     1.1728     3.1380     0.0000     0.0000 -124.60198   41.94160       1.20         20  0.000e+00
      84985   3541.000      3.553      3.581    11.6041    11.6079  37.886900  37.890038    11.6036    11.6075    33.2972    33.2968    25.3405    25.3394     8.9479     9.1364    272.716    278.460     2.6117     2.4994     0.0879     1.1728     3.1380     0.0000     0.0000 -124.60198   41.94160       1.20         20  0.000e+00
      84986   3541.042      3.454      3.481    11.6051    11.6049  37.888262  37.887509    11.6046    11.6044    33.2977    33.2971    25.3407    25.3403     8.9476     9.1425    272.706    278.646     2.6117     2.5006     0.0879     1.1728     3.1368     0.0000     0.0000 -124.60198   41.94160       1.20         20  0.000e+00
      84987   3541.083      3.500      3.528    11.6060    11.6029  37.888911  37.886018    11.6056    11.6024    33.2975    33.2974    25.3403    25.3409     8.9475     9.1429    272.703    278.659     2.6117     2.5006     0.0879     1.1728     3.1368     0.0000     0.0000 -124.60198   41.94160       1.20         20  0.000e+00
      84988   3541.125      3.500      3.528    11.6065    11.6010  37.889625  37.885305    11.6061    11.6006    33.2977    33.2984    25.3404    25.3420     8.9474     9.1377    272.699    278.499     2.6117     2.4994     0.0977     1.4170     3.1368     0.0000     0.0000 -124.60198   41.94160       1.20         20  0.000e+00
      84989   3541.167      3.500      3.528    11.6079    11.6004  37.891441  37.884657    11.6074    11.6000    33.2983    33.2984    25.3406    25.3420     8.9522     9.1434    272.847    278.673     2.6129     2.5006     0.1074     1.6612     3.1368     0.0000     0.0000 -124.60198   41.94160       1.17         20  0.000e+00
      84990   3541.208      3.500      3.528    11.6106    11.6000  37.892998  37.884722    11.6102    11.5996    33.2973    33.2987    25.3393    25.3424     8.9517     9.1379    272.832    278.505     2.6129     2.4994     0.1087     1.6917     3.1368     0.0000     0.0000 -124.60198   41.94160       1.20         20  0.000e+00
      84991   3541.250      3.454      3.481    11.6117    11.6000  37.893777  37.884787    11.6112    11.5996    33.2972    33.2988    25.3390    25.3425     8.9515     9.1378    272.825    278.503     2.6129     2.4994     0.1087     1.6917     3.1368     0.0000     0.0000 -124.60198   41.94160       1.20         20  0.000e+00
      84992   3541.292      3.500      3.528    11.6122    11.6004  37.893258  37.885565    11.6117    11.6000    33.2962    33.2992    25.3382    25.3427     8.9515     9.1434    272.825    278.672     2.6129     2.5006     0.1074     1.6612     3.1368     0.0000     0.0000 -124.60198   41.94160       1.22         20  0.000e+00
      85021   3542.500      3.501      3.528    11.5225    11.5523  37.815563  37.838765    11.5221    11.5519    33.3007    33.2966    25.3581    25.3495     8.9586     9.1704    273.036    279.493     2.6105     2.5043     0.0952     1.3560     3.1368     0.0000     0.0000 -124.60198   41.94160       2.10         21  0.000e+00
      85022   3542.542      3.501      3.528    11.5287    11.5425  37.820619  37.832221    11.5282    11.5421    33.3001    33.2990    25.3566    25.3532     8.9574     9.1667    273.001    279.380     2.6105     2.5031     0.0952     1.3560     3.1368     0.0000     0.0000 -124.60198   41.94160       2.12         21  0.000e+00
      85023   3542.583      3.620      3.648    11.5385    11.5317  37.829372  37.824705    11.5381    11.5312    33.2998    33.3014    25.3545    25.3570     8.9556     9.1578    272.947    279.107     2.6105     2.5006     0.0952     1.3560     3.1380     0.0000     0.0000 -124.60198   41.94160       2.12         21  0.000e+00
      85024   3542.625      3.454      3.482    11.5487    11.5229  37.838320  37.816217    11.5483    11.5225    33.2995    33.3010    25.3524    25.3583     8.9535     9.1594    272.881    279.158     2.6105     2.5006     0.0952     1.3560     3.1368     0.0000     0.0000 -124.60198   41.94160       2.12         21  0.000e+00
      85025   3542.667      3.554      3.582    11.5560    11.5188  37.846231  37.814792    11.5555    11.5183    33.3006    33.3033    25.3520    25.3608     8.9469     9.1603    272.682    279.183     2.6093     2.5006     0.0952     1.3560     3.1368     0.0000     0.0000 -124.60198   41.94160       2.12         21  0.000e+00
      85026   3542.708      3.554      3.582    11.5632    11.5156  37.853106  37.812784    11.5628    11.5152    33.3008    33.3042    25.3508    25.3621     8.9455     9.1777    272.639    279.713     2.6093     2.5043     0.0952     1.3560     3.1368     0.0000     0.0000 -124.60198   41.94160       7.52         21  0.000e+00
      85027   3542.750      3.554      3.582    11.5688    11.5131  37.855764  37.810517    11.5684    11.5127    33.2984    33.3042    25.3479    25.3626     8.9445     9.1670    272.610    279.388     2.6093     2.5018     0.0952     1.3560     3.1355     0.0000     0.0000 -124.60198   41.94160      41.00         21  0.000e+00
      85028   3542.792      3.554      3.582    11.5706    11.5145  37.856867  37.811553    11.5701    11.5140    33.2979    33.3040    25.3472    25.3622     8.9442     9.1668    272.601    279.379     2.6093     2.5018     0.0952     1.3560     3.1368     0.0000     0.0000 -124.60198   41.94160      55.87         21  0.000e+00
      85029   3542.833      3.554      3.582    11.5739    11.5213  37.859850  37.817773    11.5735    11.5208    33.2979    33.3040    25.3465    25.3609     8.9436     9.1709    272.581    279.507     2.6093     2.5031     0.0952     1.3560     3.1355     0.0000     0.0000 -124.60198   41.94160      56.31         21  0.000e+00
      85030   3542.875      3.554      3.582    11.5771    11.5319  37.862769  37.827686    11.5766    11.5314    33.2979    33.3041    25.3459    25.3591     8.9429     9.1631    272.562    279.269     2.6093     2.5018     0.0952     1.3560     3.1355     0.0000     0.0000 -124.60198   41.94160      54.60         21  0.000e+00
      85031   3542.917      3.600      3.628    11.5793    11.5433  37.864196  37.836822    11.5789    11.5429    33.2972    33.3028    25.3450    25.3559     8.9426     9.1720    272.552    279.541     2.6093     2.5043     0.0952     1.3560     3.1355     0.0000     0.0000 -124.60198   41.94160      53.99         21  0.000e+00
      85032   3542.958      3.600      3.628    11.5825    11.5522  37.867180  37.843173    11.5820    11.5517    33.2973    33.3010    25.3445    25.3530     8.9368     9.1591    272.376    279.148     2.6081     2.5018     0.0952     1.3560     3.1355     0.0000     0.0000 -124.60198   41.94160      46.57         21  0.000e+00
      85033   3543.000      3.600      3.628    11.5863    11.5595  37.871850  37.847904    11.5858    11.5590    33.2984    33.2991    25.3447    25.3501     8.9360     9.1632    272.351    279.276     2.6081     2.5031     0.0952     1.3560     3.1368     0.0000     0.0000 -124.60198   41.94160      13.19         21  0.000e+00
      85034   3543.042      3.554      3.582    11.5902    11.5623  37.875288  37.847449    11.5898    11.5618    33.2983    33.2962    25.3439    25.3473     8.9352     9.1628    272.326    279.262     2.6081     2.5031     0.0952     1.3560     3.1368     0.0000     0.0000 -124.60198   41.94160       0.00         21  0.000e+00
      85035   3543.083      3.600      3.629    11.5935    11.5613  37.877883  37.845116    11.5931    11.5608    33.2979    33.2948    25.3429    25.3464     8.9346     9.1575    272.309    279.102     2.6081     2.5018     0.0952     1.3560     3.1368     0.0000     0.0000 -124.60198   41.94160       0.00         21  0.000e+00
      85036   3543.125      3.600      3.629    11.5961    11.5596  37.878401  37.844339    11.5956    11.5592    33.2961    33.2955    25.3411    25.3473     8.9291     9.1634    272.141    279.282     2.6068     2.5031     0.0952     1.3560     3.1368     0.0000     0.0000 -124.60198   41.94160       1.20         21  0.000e+00
      85037   3543.167      3.646      3.675    11.5973    11.5523  37.877882  37.841034    11.5969    11.5519    33.2944    33.2988    25.3395    25.3512     8.9290     9.1592    272.138    279.153     2.6068     2.5018     0.0952     1.3560     3.1368     0.0000     0.0000 -124.60198   41.94160       1.78         21  0.000e+00
      85038   3543.208      3.600      3.629    11.5973    11.5488  37.878531  37.837211    11.5969    11.5484    33.2951    33.2982    25.3401    25.3514     8.9237     9.1599    271.979    279.174     2.6056     2.5018     0.0952     1.3560     3.1355     0.0000     0.0000 -124.60198   41.94160      25.23         21  0.000e+00
      85039   3543.250      3.600      3.629    11.5974    11.5470  37.879504  37.835526    11.5970    11.5466    33.2960    33.2982    25.3407    25.3517     8.9288     9.1659    272.133    279.357     2.6068     2.5031     0.0952     1.3560     3.1355     0.0000     0.0000 -124.60198   41.94160      85.01         21  0.000e+00
      85040   3543.292      3.646      3.675    11.5982    11.5513  37.880218  37.839155    11.5977    11.5509    33.2959    33.2979    25.3406    25.3507     8.9236     9.1595    271.974    279.161     2.6056     2.5018     0.0989     1.4475     3.1368     0.0000     0.0000 -124.60198   41.94160     100.00         21  0.000e+00
      85041   3543.333      3.646      3.675    11.5990    11.5611  37.881451  37.846542    11.5985    11.5607    33.2964    33.2963    25.3408    25.3476     8.9234     9.1519    271.968    278.931     2.6056     2.5006     0.1087     1.6917     3.1380     0.0000     0.0000 -124.60198   41.94160     100.00         21  0.000e+00
      85042   3543.375      3.600      3.629    11.5995    11.5658  37.881969  37.850366    11.5991    11.5653    33.2964    33.2959    25.3407    25.3465     8.9232     9.1509    271.963    278.901     2.6056     2.5006     0.1123     1.7833     3.1380     0.0000     0.0000 -124.60198   41.94160     100.00         21  0.000e+00
      85043   3543.417      3.666      3.695    11.6006    11.5661  37.882813  37.849653    11.6002    11.5657    33.2963    33.2948    25.3404    25.3456     8.9231     9.1566    271.959    279.074     2.6056     2.5018     0.1123     1.7833     3.1380     0.0000     0.0000 -124.60198   41.94160      99.61         21  0.000e+00
      85044   3543.458      3.646      3.675    11.6013    11.5634  37.883137  37.847709    11.6008    11.5630    33.2960    33.2953    25.3400    25.3465     8.9230     9.1515    271.955    278.918     2.6056     2.5006     0.1111     1.7528     3.1355     0.0000     0.0000 -124.60198   41.94160      81.73         21  0.000e+00
      85045   3543.500      3.646      3.675    11.6005    11.5601  37.881061  37.844987    11.6001    11.5597    33.2946    33.2956    25.3391    25.3473     8.9232     9.1522    271.962    278.939     2.6056     2.5006     0.1111     1.7528     3.1368     0.0000     0.0000 -124.60198   41.94160      20.42         21  0.000e+00
      85046   3543.542      3.646      3.675    11.5980    11.5567  37.878142  37.843302    11.5975    11.5562    33.2941    33.2971    25.3391    25.3491     8.9237     9.1528    271.978    278.958     2.6056     2.5006     0.1123     1.7833     3.1368     0.0000     0.0000 -124.60198   41.94160       0.00         21  0.000e+00
      85047   3543.583      3.646      3.675    11.5949    11.5590  37.874185  37.845506    11.5944    11.5585    33.2930    33.2972    25.3389    25.3487     8.9244     9.1523    271.999    278.943     2.6056     2.5006     0.1111     1.7528     3.1368     0.0000     0.0000 -124.60198   41.94160       0.00         21  0.000e+00
      85048   3543.625      3.646      3.675    11.5900    11.5654  37.868801  37.850755    11.5896    11.5650    33.2921    33.2965    25.3390    25.3470     8.9202     9.1454    271.872    278.733     2.6044     2.4994     0.1111     1.7528     3.1368     0.0000     0.0000 -124.60198   41.94160       1.07         21  0.000e+00
      85049   3543.667      3.646      3.675    11.5848    11.5736  37.864390  37.857755    11.5843    11.5731    33.2925    33.2960    25.3403    25.3452     8.9264     9.1493    272.060    278.853     2.6056     2.5006     0.1111     1.7528     3.1368     0.0000     0.0000 -124.60198   41.94160       2.17         21  0.000e+00
      85050   3543.708      3.647      3.675    11.5810    11.5787  37.862444  37.862292    11.5805    11.5782    33.2940    33.2959    25.3422    25.3441     8.9271     9.1483    272.079    278.821     2.6056     2.5006     0.1111     1.7528     3.1368     0.0000     0.0000 -124.60198   41.94160       2.34         21  0.000e+00
      85051   3543.750      3.699      3.729    11.5795    11.5804  37.862315  37.863978    11.5791    11.5800    33.2952    33.2960    25.3434    25.3438     8.9273     9.1424    272.087    278.641     2.6056     2.4994     0.1111     1.7528     3.1368     0.0000     0.0000 -124.60198   41.94160       2.34         21  0.000e+00
      85052   3543.792      3.647      3.675    11.5780    11.5814  37.860628  37.864950    11.5775    11.5810    33.2949    33.2960    25.3435    25.3437     8.9224     9.1477    271.938    278.803     2.6044     2.5006     0.1111     1.7528     3.1380     0.0000     0.0000 -124.60198   41.94162       2.32         21  0.000e+00
      85053   3543.833      3.700      3.729    11.5734    11.5826  37.854078  37.865987    11.5729    11.5821    33.2926    33.2960    25.3425    25.3435     8.9235     9.1419    271.972    278.627     2.6044     2.4994     0.1111     1.7528     3.1380     0.0000     0.0000 -124.60198   41.94162       2.32         21  0.000e+00
      85054   3543.875      3.647      3.675    11.5680    11.5827  37.849343  37.866441    11.5675    11.5823    33.2929    33.2963    25.3437    25.3437     8.9245     9.1474    272.002    278.794     2.6044     2.5006     0.1111     1.7528     3.1380     0.0000     0.0000 -124.60198   41.94162       2.32         21  0.000e+00
      85055   3543.917      3.647      3.675    11.5657    11.5826  37.850187  37.865533    11.5653    11.5821    33.2957    33.2956    25.3463    25.3432     8.9299     9.1419    272.166    278.626     2.6056     2.4994     0.1111     1.7528     3.1355     0.0000     0.0000 -124.60198   41.94162       2.32         21  0.000e+00
