WCOA/WCOA-6/CTD_Data/RB2102_CTD_013_01.ros
* Sea-Bird SBE 9 Data File:
* FileName = C:\Users\scs.user.rb\CTD\RB2102\Data\RB2102_CTD_013_01.hex
* Software Version Seasave V 7.26.7.107
* Temperature SN = 6202
* Conductivity SN = 4907
* Number of Bytes Per Scan = 41
* Number of Voltage Words = 4
* Number of Scans Averaged by the Deck Unit = 1
* NMEA Latitude = 48 46.85 N
* NMEA Longitude = 125 34.43 W
* NMEA UTC (Time) = Jun 28 2021  04:51:23
* NMEA baud rate = 4800
# nquan = 30
# nvalues = 686                                   
# units = specified
# name 0 = scan: Scan Count
# name 1 = timeS: Time, Elapsed [seconds]
# name 2 = depSM: Depth [salt water, m]
# name 3 = prDM: Pressure, Digiquartz [db]
# name 4 = t090C: Temperature [ITS-90, deg C]
# name 5 = t190C: Temperature, 2 [ITS-90, deg C]
# name 6 = c0mS/cm: Conductivity [mS/cm]
# name 7 = c1mS/cm: Conductivity, 2 [mS/cm]
# name 8 = potemp090C: Potential Temperature [ITS-90, deg C]
# name 9 = potemp190C: Potential Temperature, 2 [ITS-90, deg C]
# name 10 = sal00: Salinity, Practical [PSU]
# name 11 = sal11: Salinity, Practical, 2 [PSU]
# name 12 = sigma-é00: Density [sigma-theta, kg/m^3]
# name 13 = sigma-é11: Density, 2 [sigma-theta, kg/m^3]
# name 14 = sbeox0Mg/L: Oxygen, SBE 43 [mg/l]
# name 15 = sbeox1Mg/L: Oxygen, SBE 43, 2 [mg/l]
# name 16 = sbox0Mm/Kg: Oxygen, SBE 43 [umol/kg]
# name 17 = sbox1Mm/Kg: Oxygen, SBE 43, 2 [umol/kg]
# name 18 = sbeox0V: Oxygen raw, SBE 43 [V]
# name 19 = sbeox1V: Oxygen raw, SBE 43, 2 [V]
# name 20 = v4: Voltage 4
# name 21 = flECO-AFL: Fluorescence, WET Labs ECO-AFL/FL [mg/m^3]
# name 22 = v3: Voltage 3
# name 23 = v6: Voltage 6
# name 24 = v7: Voltage 7
# name 25 = longitude: Longitude [deg]
# name 26 = latitude: Latitude [deg]
# name 27 = altM: Altimeter [m]
# name 28 = nbf: Bottles Fired
# name 29 = flag:  0.000e+00
# interval = seconds: 0.0416667
# start_time = Jun 28 2021 04:51:23 [NMEA time, header]
# bad_flag = -9.990e-29
*END*
[from data line 49]
      18937    789.000    131.995    133.164     7.7246     7.7246  34.460182  34.460318     7.7118     7.7118    33.3226    33.3227    25.9984    25.9984     3.3963     3.3759    103.445    102.825     1.2125     1.1648     0.0440     0.0739     3.2747     1.6252     2.3675 -125.57452   48.78062      10.48          2  0.000e+00
      18938    789.042    131.961    133.131     7.7246     7.7245  34.460494  34.460318     7.7118     7.7117    33.3230    33.3229    25.9986    25.9986     3.3962     3.3759    103.444    102.824     1.2125     1.1648     0.0440     0.0739     3.2759     1.6264     2.3675 -125.57452   48.78062      10.48          2  0.000e+00
      18939    789.083    132.041    133.211     7.7247     7.7245  34.460432  34.460568     7.7119     7.7117    33.3227    33.3231    25.9984    25.9987     3.3963     3.3759    103.445    102.825     1.2125     1.1648     0.0440     0.0739     3.2735     1.6252     2.3675 -125.57452   48.78062      10.48          2  0.000e+00
      18940    789.125    131.948    133.117     7.7247     7.7246  34.460369  34.459943     7.7120     7.7118    33.3227    33.3224    25.9984    25.9981     3.4019     3.3759    103.618    102.824     1.2137     1.1648     0.0440     0.0739     3.2747     1.6264     2.3675 -125.57452   48.78062      10.50          2  0.000e+00
      18941    789.167    132.014    133.184     7.7249     7.7244  34.460557  34.459943     7.7121     7.7116    33.3227    33.3226    25.9984    25.9983     3.3962     3.3759    103.444    102.826     1.2125     1.1648     0.0440     0.0739     3.2759     1.6252     2.3675 -125.57452   48.78062      10.48          2  0.000e+00
      18942    789.208    131.995    133.164     7.7247     7.7245  34.460869  34.460068     7.7119     7.7117    33.3232    33.3226    25.9988    25.9984     3.3962     3.3759    103.444    102.825     1.2125     1.1648     0.0440     0.0739     3.2747     1.6264     2.3675 -125.57452   48.78062      10.50          2  0.000e+00
      18943    789.250    131.849    133.017     7.7247     7.7242  34.460744  34.460067     7.7120     7.7114    33.3232    33.3230    25.9988    25.9987     3.4019     3.3759    103.616    102.824     1.2137     1.1648     0.0440     0.0739     3.2747     1.6264     2.3675 -125.57452   48.78062      10.50          2  0.000e+00
      18944    789.292    132.193    133.365     7.7249     7.7243  34.460432  34.460069     7.7121     7.7114    33.3225    33.3228    25.9982    25.9985     3.3963     3.3760    103.447    102.828     1.2125     1.1648     0.0440     0.0739     3.2747     1.6264     2.3675 -125.57452   48.78062      10.48          2  0.000e+00
      18945    789.333    132.014    133.184     7.7247     7.7242  34.460557  34.459818     7.7119     7.7114    33.3229    33.3227    25.9985    25.9984     3.3962     3.3759    103.445    102.826     1.2125     1.1648     0.0440     0.0739     3.2735     1.6264     2.3663 -125.57452   48.78062      10.45          2  0.000e+00
      18946    789.375    131.995    133.164     7.7246     7.7240  34.460869  34.459756     7.7118     7.7112    33.3234    33.3227    25.9989    25.9985     3.3962     3.3759    103.445    102.826     1.2125     1.1648     0.0440     0.0739     3.2747     1.6252     2.3675 -125.57452   48.78062      10.45          2  0.000e+00
      18947    789.417    131.995    133.164     7.7247     7.7239  34.460744  34.459756     7.7119     7.7111    33.3231    33.3228    25.9987    25.9986     3.3962     3.3759    103.444    102.826     1.2125     1.1648     0.0440     0.0739     3.2735     1.6252     2.3675 -125.57452   48.78062      10.45          2  0.000e+00
      18948    789.458    132.061    133.231     7.7244     7.7240  34.460494  34.460193     7.7116     7.7112    33.3231    33.3232    25.9988    25.9989     3.4020     3.3760    103.620    102.827     1.2137     1.1648     0.0440     0.0739     3.2735     1.6264     2.3675 -125.57452   48.78062      10.45          2  0.000e+00
      18949    789.500    131.995    133.164     7.7246     7.7239  34.460619  34.459881     7.7118     7.7111    33.3231    33.3230    25.9987    25.9987     3.4020     3.3759    103.619    102.826     1.2137     1.1648     0.0440     0.0739     3.2735     1.6252     2.3675 -125.57452   48.78062      10.45          2  0.000e+00
      18950    789.542    132.041    133.211     7.7241     7.7240  34.459932  34.459943     7.7113     7.7112    33.3228    33.3229    25.9986    25.9987     3.4020     3.3760    103.621    102.827     1.2137     1.1648     0.0440     0.0739     3.2735     1.6264     2.3675 -125.57452   48.78062      10.45          2  0.000e+00
      18951    789.583    132.061    133.231     7.7238     7.7239  34.459932  34.459818     7.7110     7.7111    33.3231    33.3229    25.9988    25.9987     3.4021     3.3760    103.622    102.827     1.2137     1.1648     0.0440     0.0739     3.2747     1.6252     2.3675 -125.57452   48.78062      10.45          2  0.000e+00
      18952    789.625    131.995    133.164     7.7238     7.7239  34.459807  34.460193     7.7110     7.7111    33.3230    33.3233    25.9988    25.9990     3.4020     3.3759    103.621    102.826     1.2137     1.1648     0.0440     0.0739     3.2747     1.6264     2.3675 -125.57452   48.78062      10.45          2  0.000e+00
      18953    789.667    132.094    133.264     7.7236     7.7240  34.459744  34.459631     7.7108     7.7112    33.3231    33.3226    25.9988    25.9984     3.4021     3.3760    103.623    102.828     1.2137     1.1648     0.0440     0.0739     3.2747     1.6264     2.3675 -125.57452   48.78062      10.48          2  0.000e+00
      18954    789.708    132.041    133.211     7.7236     7.7239  34.459744  34.459631     7.7108     7.7111    33.3231    33.3227    25.9989    25.9985     3.4021     3.3697    103.622    102.637     1.2137     1.1636     0.0440     0.0739     3.2747     1.6264     2.3675 -125.57452   48.78062      10.48          2  0.000e+00
      18955    789.750    132.015    133.184     7.7236     7.7241  34.459744  34.459756     7.7108     7.7113    33.3231    33.3227    25.9989    25.9985     3.4021     3.3759    103.622    102.826     1.2137     1.1648     0.0440     0.0739     3.2747     1.6264     2.3675 -125.57452   48.78062      10.45          2  0.000e+00
      18956    789.792    132.094    133.264     7.7236     7.7240  34.459932  34.460131     7.7108     7.7112    33.3233    33.3231    25.9990    25.9988     3.4021     3.3760    103.622    102.827     1.2137     1.1648     0.0440     0.0739     3.2747     1.6264     2.3675 -125.57454   48.78062      10.45          2  0.000e+00
      18957    789.833    132.094    133.264     7.7238     7.7243  34.460057  34.459881     7.7110     7.7114    33.3232    33.3226    25.9989    25.9984     3.4021     3.3760    103.622    102.827     1.2137     1.1648     0.0440     0.0739     3.2747     1.6264     2.3675 -125.57454   48.78062      10.45          2  0.000e+00
      18958    789.875    132.061    133.231     7.7235     7.7244  34.460244  34.460131     7.7107     7.7115    33.3238    33.3228    25.9994    25.9985     3.4021     3.3759    103.622    102.826     1.2137     1.1648     0.0440     0.0739     3.2735     1.6264     2.3675 -125.57454   48.78062      10.45          2  0.000e+00
      18959    789.917    132.094    133.264     7.7236     7.7242  34.460119  34.460131     7.7108     7.7113    33.3235    33.3230    25.9992    25.9987     3.4021     3.3697    103.622    102.637     1.2137     1.1636     0.0440     0.0739     3.2735     1.6264     2.3675 -125.57454   48.78062      10.45          2  0.000e+00
      18960    789.958    132.094    133.264     7.7233     7.7243  34.460245  34.459818     7.7105     7.7114    33.3239    33.3225    25.9995    25.9983     3.4021     3.3697    103.623    102.637     1.2137     1.1636     0.0440     0.0739     3.2747     1.6252     2.3675 -125.57454   48.78062      10.45          2  0.000e+00
      18961    790.000    132.061    133.231     7.7236     7.7242  34.459869  34.460193     7.7108     7.7114    33.3232    33.3230    25.9990    25.9987     3.4021     3.3697    103.622    102.637     1.2137     1.1636     0.0440     0.0739     3.2759     1.6264     2.3675 -125.57454   48.78062      10.45          2  0.000e+00
      18962    790.042    132.094    133.264     7.7236     7.7240  34.459994  34.459881     7.7108     7.7112    33.3233    33.3228    25.9991    25.9986     3.4021     3.3760    103.622    102.827     1.2137     1.1648     0.0440     0.0739     3.2735     1.6264     2.3675 -125.57454   48.78062      10.43          2  0.000e+00
      18963    790.083    132.140    133.311     7.7238     7.7237  34.460307  34.459944     7.7110     7.7109    33.3235    33.3231    25.9991    25.9989     3.4021     3.3760    103.622    102.829     1.2137     1.1648     0.0440     0.0739     3.2735     1.6264     2.3675 -125.57454   48.78062      10.43          2  0.000e+00
      18964    790.125    132.094    133.264     7.7238     7.7240  34.460119  34.459818     7.7110     7.7112    33.3233    33.3228    25.9990    25.9985     3.4021     3.3760    103.622    102.828     1.2137     1.1648     0.0440     0.0739     3.2735     1.6264     2.3675 -125.57454   48.78062      10.40          2  0.000e+00
      18965    790.167    132.114    133.285     7.7238     7.7236  34.460245  34.459506     7.7110     7.7108    33.3234    33.3228    25.9991    25.9987     3.4021     3.3698    103.622    102.639     1.2137     1.1636     0.0440     0.0739     3.2747     1.6264     2.3675 -125.57454   48.78062      10.43          2  0.000e+00
      18966    790.208    132.094    133.264     7.7235     7.7239  34.460119  34.459881     7.7107     7.7111    33.3236    33.3230    25.9993    25.9987     3.4021     3.3698    103.623    102.638     1.2137     1.1636     0.0440     0.0739     3.2747     1.6264     2.3675 -125.57454   48.78062      10.43          2  0.000e+00
      18967    790.250    132.140    133.311     7.7238     7.7239  34.459807  34.459569     7.7110     7.7111    33.3229    33.3226    25.9987    25.9985     3.4021     3.3698    103.623    102.639     1.2137     1.1636     0.0440     0.0739     3.2747     1.6264     2.3675 -125.57454   48.78062      10.43          2  0.000e+00
      18968    790.292    132.114    133.285     7.7236     7.7239  34.460182  34.459631     7.7108     7.7111    33.3235    33.3226    25.9992    25.9985     3.4021     3.3698    103.623    102.638     1.2137     1.1636     0.0440     0.0739     3.2747     1.6252     2.3675 -125.57454   48.78062      10.40          2  0.000e+00
      18969    790.333    132.140    133.311     7.7239     7.7237  34.460370  34.459944     7.7111     7.7109    33.3234    33.3232    25.9991    25.9989     3.4021     3.3760    103.622    102.829     1.2137     1.1648     0.0440     0.0739     3.2747     1.6264     2.3675 -125.57454   48.78062      10.38          2  0.000e+00
      18970    790.375    132.140    133.311     7.7239     7.7239  34.460370  34.460068     7.7111     7.7111    33.3234    33.3231    25.9991    25.9989     3.4021     3.3760    103.622    102.828     1.2137     1.1648     0.0440     0.0739     3.2735     1.6264     2.3675 -125.57454   48.78062      10.38          2  0.000e+00
      18971    790.417    132.160    133.331     7.7238     7.7237  34.460370  34.459569     7.7110     7.7109    33.3235    33.3227    25.9992    25.9986     3.4021     3.3698    103.623    102.639     1.2137     1.1636     0.0440     0.0739     3.2747     1.6264     2.3675 -125.57454   48.78062      10.38          2  0.000e+00
      18972    790.458    132.193    133.365     7.7238     7.7239  34.460120  34.459631     7.7110     7.7111    33.3232    33.3226    25.9990    25.9985     3.4021     3.3760    103.623    102.829     1.2137     1.1648     0.0440     0.0739     3.2747     1.6252     2.3675 -125.57454   48.78062      10.38          2  0.000e+00
      18973    790.500    132.140    133.311     7.7238     7.7236  34.459807  34.459506     7.7110     7.7108    33.3229    33.3228    25.9987    25.9987     3.4078     3.3760    103.797    102.829     1.2149     1.1648     0.0440     0.0739     3.2747     1.6252     2.3675 -125.57454   48.78062      10.38          2  0.000e+00
      18974    790.542    132.140    133.311     7.7236     7.7237  34.460182  34.459631     7.7108     7.7109    33.3235    33.3229    25.9992    25.9987     3.4078     3.3698    103.797    102.639     1.2149     1.1636     0.0440     0.0739     3.2747     1.6252     2.3675 -125.57454   48.78062      10.35          2  0.000e+00
      18975    790.583    132.207    133.378     7.7238     7.7233  34.460370  34.459507     7.7110     7.7105    33.3235    33.3230    25.9992    25.9988     3.4021     3.3761    103.623    102.831     1.2137     1.1648     0.0440     0.0739     3.2747     1.6264     2.3675 -125.57454   48.78062      10.35          2  0.000e+00
      18976    790.625    132.140    133.311     7.7236     7.7232  34.460370  34.459444     7.7108     7.7104    33.3237    33.3231    25.9994    25.9989     3.4021     3.3698    103.623    102.640     1.2137     1.1636     0.0440     0.0739     3.2747     1.6264     2.3675 -125.57454   48.78062      10.35          2  0.000e+00
      18977    790.667    132.193    133.365     7.7236     7.7235  34.460120  34.459881     7.7108     7.7107    33.3234    33.3232    25.9991    25.9990     3.4078     3.3698    103.798    102.640     1.2149     1.1636     0.0440     0.0739     3.2747     1.6264     2.3675 -125.57454   48.78062      10.35          2  0.000e+00
      18978    790.708    132.207    133.378     7.7235     7.7235  34.459807  34.459569     7.7106     7.7107    33.3232    33.3229    25.9990    25.9987     3.4079     3.3698    103.798    102.640     1.2149     1.1636     0.0440     0.0739     3.2747     1.6264     2.3675 -125.57454   48.78062      10.35          2  0.000e+00
      18979    790.750    132.193    133.365     7.7236     7.7232  34.459932  34.460131     7.7108     7.7104    33.3232    33.3238    25.9990    25.9995     3.4078     3.3761    103.798    102.830     1.2149     1.1648     0.0440     0.0739     3.2747     1.6264     2.3675 -125.57454   48.78062      10.35          2  0.000e+00
      18980    790.792    132.193    133.365     7.7235     7.7233  34.460057  34.459631     7.7107     7.7105    33.3235    33.3232    25.9992    25.9990     3.4078     3.3761    103.798    102.830     1.2149     1.1648     0.0440     0.0739     3.2747     1.6264     2.3675 -125.57454   48.78062      10.33          2  0.000e+00
      18981    790.833    132.207    133.378     7.7236     7.7234  34.460057  34.459631     7.7108     7.7106    33.3233    33.3231    25.9991    25.9989     3.4021     3.3761    103.624    102.830     1.2137     1.1648     0.0440     0.0739     3.2747     1.6264     2.3675 -125.57454   48.78062      10.33          2  0.000e+00
      18982    790.875    132.240    133.412     7.7236     7.7233  34.460245  34.459507     7.7108     7.7105    33.3235    33.3230    25.9992    25.9988     3.4021     3.3761    103.624    102.831     1.2137     1.1648     0.0440     0.0739     3.2735     1.6264     2.3675 -125.57454   48.78062      10.33          2  0.000e+00
      18983    790.917    132.193    133.365     7.7236     7.7233  34.460120  34.459631     7.7108     7.7105    33.3234    33.3232    25.9991    25.9990     3.4021     3.3761    103.624    102.830     1.2137     1.1648     0.0440     0.0739     3.2747     1.6264     2.3675 -125.57454   48.78062      10.33          2  0.000e+00
