WCOA/WCOA-6/CTD_Data/RB2102_CTD_002_01.ros
* Sea-Bird SBE 9 Data File:
* FileName = C:\Users\scs.user.rb\CTD\RB2102\Data\RB2102_CTD_002_01.hex
* Software Version Seasave V 7.26.7.107
* Temperature SN = 6202
* Conductivity SN = 4907
* Number of Bytes Per Scan = 41
* Number of Voltage Words = 4
* Number of Scans Averaged by the Deck Unit = 1
* NMEA Latitude = 51 42.56 N
* NMEA Longitude = 130 38.01 W
* NMEA UTC (Time) = Jun 25 2021  13:13:35
* NMEA baud rate = 4800
# nquan = 30
# nvalues = 1176                                  
# units = specified
# name 0 = scan: Scan Count
# name 1 = timeS: Time, Elapsed [seconds]
# name 2 = depSM: Depth [salt water, m]
# name 3 = prDM: Pressure, Digiquartz [db]
# name 4 = t090C: Temperature [ITS-90, deg C]
# name 5 = t190C: Temperature, 2 [ITS-90, deg C]
# name 6 = c0mS/cm: Conductivity [mS/cm]
# name 7 = c1mS/cm: Conductivity, 2 [mS/cm]
# name 8 = potemp090C: Potential Temperature [ITS-90, deg C]
# name 9 = potemp190C: Potential Temperature, 2 [ITS-90, deg C]
# name 10 = sal00: Salinity, Practical [PSU]
# name 11 = sal11: Salinity, Practical, 2 [PSU]
# name 12 = sigma-é00: Density [sigma-theta, kg/m^3]
# name 13 = sigma-é11: Density, 2 [sigma-theta, kg/m^3]
# name 14 = sbeox0Mg/L: Oxygen, SBE 43 [mg/l]
# name 15 = sbeox1Mg/L: Oxygen, SBE 43, 2 [mg/l]
# name 16 = sbox0Mm/Kg: Oxygen, SBE 43 [umol/kg]
# name 17 = sbox1Mm/Kg: Oxygen, SBE 43, 2 [umol/kg]
# name 18 = sbeox0V: Oxygen raw, SBE 43 [V]
# name 19 = sbeox1V: Oxygen raw, SBE 43, 2 [V]
# name 20 = v4: Voltage 4
# name 21 = flECO-AFL: Fluorescence, WET Labs ECO-AFL/FL [mg/m^3]
# name 22 = v3: Voltage 3
# name 23 = v6: Voltage 6
# name 24 = v7: Voltage 7
# name 25 = longitude: Longitude [deg]
# name 26 = latitude: Latitude [deg]
# name 27 = altM: Altimeter [m]
# name 28 = nbf: Bottles Fired
# name 29 = flag:  0.000e+00
# interval = seconds: 0.0416667
# start_time = Jun 25 2021 13:13:35 [NMEA time, header]
# bad_flag = -9.990e-29
*END*
[from data line 339]
     115479   4811.583    198.966    200.815     6.0022     6.0022  33.422499  33.422919     5.9853     5.9853    33.8317    33.8322    26.6313    26.6317     3.4188     3.3634    104.066    102.380     1.1832     1.1306     0.0415     0.0129     3.2906     1.6422     2.4835 -130.64464   51.71364      65.81          7  0.000e+00
     115480   4811.625    199.019    200.869     6.0019     6.0025  33.422437  33.422858     5.9850     5.9856    33.8319    33.8318    26.6315    26.6313     3.4188     3.3634    104.067    102.380     1.1832     1.1306     0.0415     0.0129     3.2906     1.6422     2.4835 -130.64464   51.71364      65.81          7  0.000e+00
     115481   4811.667    199.065    200.915     6.0021     6.0024  33.423117  33.423105     5.9851     5.9854    33.8325    33.8322    26.6319    26.6317     3.4188     3.3634    104.067    102.381     1.1832     1.1306     0.0403    -0.0177     3.2918     1.6422     2.4835 -130.64464   51.71364      65.84          7  0.000e+00
     115482   4811.708    199.065    200.915     6.0022     6.0024  33.422869  33.423166     5.9853     5.9854    33.8321    33.8322    26.6316    26.6317     3.4188     3.3634    104.067    102.381     1.1832     1.1306     0.0403    -0.0177     3.2906     1.6422     2.4835 -130.64464   51.71364      65.81          7  0.000e+00
     119683   4986.750    147.700    149.054     6.2851     6.2833  33.368209  33.369103     6.2724     6.2706    33.5162    33.5190    26.3459    26.3483     4.3270     4.2558    131.751    129.580     1.3785     1.3065     0.0415     0.0129     3.2906     1.5653     2.3761 -130.64480   51.71402      65.81          8  0.000e+00
     119684   4986.792    147.713    149.068     6.2856     6.2838  33.367406  33.368486     6.2729     6.2711    33.5149    33.5178    26.3447    26.3473     4.3270     4.2557    131.751    129.580     1.3785     1.3065     0.0415     0.0129     3.2906     1.5653     2.3761 -130.64480   51.71402      65.81          8  0.000e+00
     119685   4986.833    147.700    149.054     6.2862     6.2849  33.367653  33.368116     6.2735     6.2721    33.5145    33.5164    26.3444    26.3460     4.3270     4.2557    131.749    129.578     1.3785     1.3065     0.0415     0.0129     3.2906     1.5653     2.3761 -130.64480   51.71402      65.81          8  0.000e+00
     119686   4986.875    147.713    149.068     6.2862     6.2851  33.367591  33.368239     6.2735     6.2724    33.5145    33.5163    26.3443    26.3459     4.3329     4.2621    131.929    129.774     1.3797     1.3077     0.0427     0.0434     3.2906     1.5653     2.3761 -130.64480   51.71402      65.81          8  0.000e+00
     119687   4986.917    147.760    149.114     6.2866     6.2857  33.366789  33.368054     6.2738     6.2730    33.5132    33.5154    26.3433    26.3452     4.3270     4.2556    131.750    129.577     1.3785     1.3065     0.0427     0.0434     3.2906     1.5653     2.3761 -130.64480   51.71402      65.81          8  0.000e+00
     119688   4986.958    147.747    149.101     6.2866     6.2859  33.367530  33.367807     6.2738     6.2732    33.5140    33.5150    26.3440    26.3448     4.3329     4.2556    131.929    129.576     1.3797     1.3065     0.0415     0.0129     3.2894     1.5653     2.3761 -130.64480   51.71402      65.79          8  0.000e+00
     119689   4987.000    147.760    149.115     6.2861     6.2861  33.367838  33.367437     6.2733     6.2733    33.5148    33.5144    26.3447    26.3443     4.3329     4.2556    131.930    129.576     1.3797     1.3065     0.0427     0.0434     3.2894     1.5653     2.3761 -130.64480   51.71402      65.79          8  0.000e+00
     119690   4987.042    147.800    149.155     6.2862     6.2853  33.367098  33.368301     6.2735     6.2726    33.5139    33.5161    26.3439    26.3457     4.3330     4.2622    131.931    129.775     1.3797     1.3077     0.0415     0.0129     3.2906     1.5653     2.3761 -130.64480   51.71402      65.81          8  0.000e+00
     119691   4987.083    147.806    149.161     6.2866     6.2846  33.366913  33.369227     6.2738     6.2719    33.5133    33.5178    26.3434    26.3472     4.3329     4.2622    131.931    129.776     1.3797     1.3077     0.0427     0.0434     3.2894     1.5653     2.3761 -130.64480   51.71402      65.79          8  0.000e+00
     119692   4987.125    147.846    149.202     6.2869     6.2838  33.366666  33.369474     6.2741     6.2711    33.5127    33.5189    26.3429    26.3481     4.3270     4.2623    131.751    129.778     1.3785     1.3077     0.0415     0.0129     3.2894     1.5653     2.3761 -130.64480   51.71402      65.79          8  0.000e+00
     119693   4987.167    147.859    149.215     6.2872     6.2833  33.366604  33.370214     6.2744     6.2706    33.5123    33.5202    26.3425    26.3492     4.3329     4.2623    131.931    129.779     1.3797     1.3077     0.0415     0.0129     3.2894     1.5653     2.3761 -130.64480   51.71402      65.79          8  0.000e+00
     119694   4987.208    147.859    149.215     6.2867     6.2832  33.367160  33.370399     6.2740     6.2704    33.5134    33.5205    26.3435    26.3495     4.3270     4.2623    131.751    129.779     1.3785     1.3077     0.0415     0.0129     3.2918     1.5653     2.3761 -130.64480   51.71402      65.84          8  0.000e+00
     119695   4987.250    147.899    149.255     6.2857     6.2829  33.368827  33.370399     6.2730     6.2701    33.5162    33.5208    26.3458    26.3498     4.3271     4.2623    131.752    129.780     1.3785     1.3077     0.0415     0.0129     3.2906     1.5653     2.3761 -130.64480   51.71402      65.81          8  0.000e+00
     119696   4987.292    147.906    149.262     6.2846     6.2827  33.369506  33.370214     6.2719     6.2699    33.5181    33.5208    26.3474    26.3498     4.3272     4.2624    131.754    129.781     1.3785     1.3077     0.0415     0.0129     3.2906     1.5653     2.3761 -130.64480   51.71402      65.81          8  0.000e+00
     119697   4987.333    147.946    149.302     6.2839     6.2832  33.369815  33.369844     6.2711     6.2704    33.5191    33.5198    26.3483    26.3490     4.3332     4.2559    131.937    129.584     1.3797     1.3065     0.0427     0.0434     3.2894     1.5653     2.3761 -130.64480   51.71402      65.79          8  0.000e+00
     119698   4987.375    148.005    149.362     6.2830     6.2838  33.370618  33.369351     6.2703     6.2711    33.5208    33.5186    26.3498    26.3479     4.3332     4.2559    131.939    129.584     1.3797     1.3065     0.0427     0.0434     3.2894     1.5653     2.3761 -130.64480   51.71402      65.79          8  0.000e+00
     119699   4987.417    147.992    149.349     6.2821     6.2840  33.371297  33.369166     6.2693     6.2713    33.5225    33.5182    26.3513    26.3476     4.3274     4.2623    131.760    129.781     1.3785     1.3077     0.0427     0.0434     3.2894     1.5653     2.3761 -130.64480   51.71402      65.79          8  0.000e+00
     119700   4987.458    148.005    149.362     6.2819     6.2833  33.371235  33.369844     6.2692     6.2706    33.5226    33.5197    26.3513    26.3488     4.3392     4.2624    132.121    129.782     1.3810     1.3077     0.0427     0.0434     3.2906     1.5653     2.3761 -130.64480   51.71402      65.81          8  0.000e+00
     119701   4987.500    148.052    149.409     6.2822     6.2827  33.370433  33.370831     6.2694     6.2699    33.5214    33.5214    26.3503    26.3503     4.3393     4.2624    132.122    129.783     1.3810     1.3077     0.0427     0.0434     3.2906     1.5653     2.3761 -130.64480   51.71402      65.81          8  0.000e+00
     119702   4987.542    148.092    149.449     6.2822     6.2822  33.370680  33.371448     6.2694     6.2694    33.5217    33.5225    26.3505    26.3512     4.3393     4.2625    132.122    129.784     1.3810     1.3077     0.0427     0.0434     3.2906     1.5653     2.3761 -130.64480   51.71402      65.81          8  0.000e+00
     119703   4987.583    148.105    149.463     6.2827     6.2819  33.370371  33.371757     6.2699     6.2691    33.5208    33.5232    26.3498    26.3518     4.3392     4.2625    132.122    129.785     1.3810     1.3077     0.0415     0.0129     3.2906     1.5653     2.3761 -130.64480   51.71402      65.81          8  0.000e+00
     119704   4987.625    148.092    149.449     6.2832     6.2808  33.370247  33.371880     6.2704     6.2680    33.5202    33.5244    26.3493    26.3529     4.3392     4.2626    132.121    129.787     1.3810     1.3077     0.0427     0.0434     3.2906     1.5653     2.3761 -130.64480   51.71402      65.81          8  0.000e+00
     119705   4987.667    148.204    149.563     6.2834     6.2803  33.370680  33.372559     6.2706     6.2675    33.5205    33.5256    26.3494    26.3539     4.3333     4.2691    131.941    129.987     1.3797     1.3089     0.0427     0.0434     3.2906     1.5653     2.3761 -130.64480   51.71402      65.81          8  0.000e+00
     119706   4987.708    148.204    149.563     6.2834     6.2798  33.370865  33.372621     6.2706     6.2670    33.5207    33.5261    26.3496    26.3544     4.3392     4.2627    132.122    129.791     1.3810     1.3077     0.0427     0.0434     3.2906     1.5653     2.3761 -130.64480   51.71402      65.81          8  0.000e+00
     119707   4987.750    148.191    149.550     6.2829     6.2793  33.371544  33.372744     6.2701     6.2665    33.5219    33.5268    26.3506    26.3549     4.3333     4.2627    131.941    129.792     1.3797     1.3077     0.0427     0.0434     3.2894     1.5653     2.3761 -130.64480   51.71402      65.79          8  0.000e+00
     119708   4987.792    148.204    149.563     6.2821     6.2792  33.372223  33.372806     6.2693     6.2664    33.5235    33.5270    26.3520    26.3551     4.3334     4.2628    131.943    129.792     1.3797     1.3077     0.0427     0.0434     3.2906     1.5653     2.3761 -130.64480   51.71402      65.81          8  0.000e+00
     119709   4987.833    148.337    149.697     6.2805     6.2790  33.372780  33.373053     6.2677     6.2662    33.5256    33.5273    26.3539    26.3554     4.3395     4.2628    132.129    129.795     1.3810     1.3077     0.0427     0.0434     3.2906     1.5653     2.3761 -130.64480   51.71402      65.81          8  0.000e+00
     119710   4987.875    148.350    149.710     6.2787     6.2792  33.373891  33.372868     6.2659     6.2664    33.5285    33.5270    26.3564    26.3551     4.3396     4.2693    132.132    129.992     1.3810     1.3089     0.0415     0.0129     3.2894     1.5653     2.3761 -130.64480   51.71402      65.79          8  0.000e+00
     119711   4987.917    148.390    149.751     6.2774     6.2793  33.373953  33.372807     6.2646     6.2665    33.5299    33.5267    26.3576    26.3549     4.3397     4.2628    132.135    129.795     1.3810     1.3077     0.0415     0.0129     3.2894     1.5653     2.3761 -130.64480   51.71402      65.79          8  0.000e+00
     119712   4987.958    148.350    149.711     6.2769     6.2790  33.374076  33.373300     6.2642     6.2662    33.5305    33.5276    26.3582    26.3556     4.3338     4.2628    131.955    129.794     1.3797     1.3077     0.0427     0.0434     3.2894     1.5653     2.3761 -130.64480   51.71402      65.79          8  0.000e+00
     119713   4988.000    148.397    149.757     6.2765     6.2780  33.374200  33.373856     6.2637     6.2652    33.5311    33.5292    26.3587    26.3570     4.3398     4.2629    132.137    129.797     1.3810     1.3077     0.0415     0.0129     3.2894     1.5653     2.3761 -130.64480   51.71402      65.79          8  0.000e+00
     119714   4988.042    148.436    149.798     6.2760     6.2768  33.374200  33.374288     6.2632     6.2640    33.5316    33.5309    26.3592    26.3585     4.3399     4.2695    132.139    129.997     1.3810     1.3089     0.0427     0.0434     3.2894     1.5653     2.3761 -130.64480   51.71402      65.79          8  0.000e+00
     119715   4988.083    148.496    149.858     6.2757     6.2758  33.374571  33.374967     6.2629     6.2630    33.5322    33.5326    26.3597    26.3600     4.3399     4.2696    132.141    130.000     1.3810     1.3089     0.0415     0.0129     3.2894     1.5653     2.3761 -130.64480   51.71402      65.79          8  0.000e+00
     119716   4988.125    148.536    149.898     6.2752     6.2753  33.374756  33.374967     6.2624     6.2625    33.5329    33.5330    26.3603    26.3604     4.3400     4.2632    132.142    129.805     1.3810     1.3077     0.0427     0.0434     3.2894     1.5653     2.3761 -130.64480   51.71402      65.79          8  0.000e+00
     119717   4988.167    148.543    149.905     6.2751     6.2751  33.374756  33.374535     6.2622     6.2623    33.5330    33.5327    26.3604    26.3602     4.3400     4.2632    132.143    129.806     1.3810     1.3077     0.0415     0.0129     3.2918     1.5653     2.3761 -130.64480   51.71402      65.84          8  0.000e+00
     119718   4988.208    148.596    149.958     6.2749     6.2755  33.375436  33.374967     6.2621     6.2627    33.5340    33.5328    26.3612    26.3602     4.3400     4.2697    132.143    130.003     1.3810     1.3089     0.0427     0.0434     3.2894     1.5653     2.3761 -130.64480   51.71402      65.79          8  0.000e+00
     119719   4988.250    148.582    149.945     6.2747     6.2753  33.375250  33.374720     6.2619     6.2625    33.5339    33.5327    26.3612    26.3602     4.3400     4.2697    132.144    130.003     1.3810     1.3089     0.0415     0.0129     3.2906     1.5653     2.3761 -130.64480   51.71402      65.81          8  0.000e+00
     119720   4988.292    148.695    150.059     6.2744     6.2750  33.374819  33.374844     6.2616     6.2622    33.5337    33.5331    26.3610    26.3605     4.3401     4.2698    132.147    130.006     1.3810     1.3089     0.0415     0.0129     3.2918     1.5653     2.3748 -130.64480   51.71402      65.84          8  0.000e+00
     119721   4988.333    148.635    149.998     6.2746     6.2748  33.375189  33.375152     6.2618     6.2620    33.5339    33.5336    26.3612    26.3609     4.3401     4.2633    132.145    129.807     1.3810     1.3077     0.0415     0.0129     3.2918     1.5641     2.3761 -130.64480   51.71402      65.84          8  0.000e+00
     119722   4988.375    148.742    150.105     6.2746     6.2748  33.375374  33.374967     6.2617     6.2620    33.5341    33.5334    26.3613    26.3608     4.3401     4.2698    132.147    130.007     1.3810     1.3089     0.0427     0.0434     3.2906     1.5641     2.3761 -130.64480   51.71402      65.81          8  0.000e+00
     119723   4988.417    148.742    150.106     6.2746     6.2751  33.375560  33.375152     6.2617     6.2623    33.5343    33.5333    26.3615    26.3606     4.3401     4.2633    132.146    129.809     1.3810     1.3077     0.0415     0.0129     3.2906     1.5641     2.3761 -130.64480   51.71402      65.81          8  0.000e+00
     119724   4988.458    148.781    150.146     6.2746     6.2748  33.375436  33.375214     6.2617     6.2620    33.5341    33.5336    26.3614    26.3609     4.3401     4.2634    132.147    129.810     1.3810     1.3077     0.0427     0.0434     3.2906     1.5641     2.3761 -130.64480   51.71402      65.81          8  0.000e+00
     119725   4988.500    148.788    150.152     6.2746     6.2748  33.374881  33.375029     6.2617     6.2620    33.5335    33.5334    26.3609    26.3608     4.3401     4.2698    132.148    130.007     1.3810     1.3089     0.0427     0.0434     3.2906     1.5641     2.3761 -130.64480   51.71402      65.81          8  0.000e+00
