WCOA/WCOA-6/CTD_Data/RB2102_CTD_010_01.ros
* Sea-Bird SBE 9 Data File:
* FileName = C:\Users\scs.user.rb\CTD\RB2102\Data\RB2102_CTD_010_01.hex
* Software Version Seasave V 7.26.7.107
* Temperature SN = 6202
* Conductivity SN = 4907
* Number of Bytes Per Scan = 41
* Number of Voltage Words = 4
* Number of Scans Averaged by the Deck Unit = 1
* NMEA Latitude = 48 32.21 N
* NMEA Longitude = 125 59.79 W
* NMEA UTC (Time) = Jun 27 2021  21:22:15
* NMEA baud rate = 4800
# nquan = 30
# nvalues = 637                                   
# units = specified
# name 0 = scan: Scan Count
# name 1 = timeS: Time, Elapsed [seconds]
# name 2 = depSM: Depth [salt water, m]
# name 3 = prDM: Pressure, Digiquartz [db]
# name 4 = t090C: Temperature [ITS-90, deg C]
# name 5 = t190C: Temperature, 2 [ITS-90, deg C]
# name 6 = c0mS/cm: Conductivity [mS/cm]
# name 7 = c1mS/cm: Conductivity, 2 [mS/cm]
# name 8 = potemp090C: Potential Temperature [ITS-90, deg C]
# name 9 = potemp190C: Potential Temperature, 2 [ITS-90, deg C]
# name 10 = sal00: Salinity, Practical [PSU]
# name 11 = sal11: Salinity, Practical, 2 [PSU]
# name 12 = sigma-é00: Density [sigma-theta, kg/m^3]
# name 13 = sigma-é11: Density, 2 [sigma-theta, kg/m^3]
# name 14 = sbeox0Mg/L: Oxygen, SBE 43 [mg/l]
# name 15 = sbeox1Mg/L: Oxygen, SBE 43, 2 [mg/l]
# name 16 = sbox0Mm/Kg: Oxygen, SBE 43 [umol/kg]
# name 17 = sbox1Mm/Kg: Oxygen, SBE 43, 2 [umol/kg]
# name 18 = sbeox0V: Oxygen raw, SBE 43 [V]
# name 19 = sbeox1V: Oxygen raw, SBE 43, 2 [V]
# name 20 = v4: Voltage 4
# name 21 = flECO-AFL: Fluorescence, WET Labs ECO-AFL/FL [mg/m^3]
# name 22 = v3: Voltage 3
# name 23 = v6: Voltage 6
# name 24 = v7: Voltage 7
# name 25 = longitude: Longitude [deg]
# name 26 = latitude: Latitude [deg]
# name 27 = altM: Altimeter [m]
# name 28 = nbf: Bottles Fired
# name 29 = flag:  0.000e+00
# interval = seconds: 0.0416667
# start_time = Jun 27 2021 21:22:15 [NMEA time, header]
# bad_flag = -9.990e-29
*END*
[from data line 387]
      37376   1557.292     30.581     30.844     9.8890    10.1920  35.200319  35.384044     9.8856    10.1885    32.1440    32.0607    24.7414    24.6263     8.5359     8.4282    260.310    257.054     2.4164     2.2650     0.0635     0.5623     3.1184     1.1087     2.2674 -125.99638   48.53662      94.53          8  0.000e+00
      37377   1557.333     30.588     30.850     9.8951    10.2064  35.200507  35.385115     9.8917    10.2029    32.1387    32.0490    24.7363    24.6148     8.5296     8.4259    260.119    256.988     2.4151     2.2650     0.0623     0.5318     3.1197     1.1087     2.2674 -125.99638   48.53662      94.53          8  0.000e+00
      37378   1557.375     30.581     30.844     9.9003    10.2135  35.201893  35.387197     9.8969    10.2101    32.1355    32.0448    24.7330    24.6103     8.5287     8.4247    260.094    256.953     2.4151     2.2650     0.0635     0.5623     3.1197     1.1074     2.2674 -125.99638   48.53662      94.53          8  0.000e+00
      37379   1557.417     30.581     30.844     9.9012    10.2119  35.203532  35.389848     9.8978    10.2085    32.1363    32.0489    24.7334    24.6138     8.5285     8.4248    260.087    256.955     2.4151     2.2650     0.0635     0.5623     3.1184     1.1087     2.2674 -125.99638   48.53662      94.48          8  0.000e+00
      37380   1557.458     30.535     30.797     9.8984    10.2088  35.204478  35.392499     9.8950    10.2053    32.1398    32.0543    24.7366    24.6186     8.5288     8.4251    260.096    256.962     2.4151     2.2650     0.0635     0.5623     3.1184     1.1074     2.2662 -125.99638   48.53662      94.43          8  0.000e+00
      40256   1677.292     20.213     20.386    10.9959    11.0099  36.018039  36.028179    10.9935    11.0075    31.9914    31.9892    24.4347    24.4305     9.0168     8.8391    275.057    269.639     2.5775     2.3883     0.0708     0.7455     3.1184     1.0476     2.1502 -125.99640   48.53652      99.63          9  0.000e+00
      40257   1677.333     20.160     20.333    10.9948    11.0100  36.017721  36.029132    10.9924    11.0076    31.9921    31.9900    24.4354    24.4312     9.0169     8.8333    275.060    269.460     2.5775     2.3871     0.0696     0.7149     3.1184     1.0476     2.1502 -125.99640   48.53652      99.63          9  0.000e+00
      40258   1677.375     20.160     20.333    10.9946    11.0102  36.017848  36.029259    10.9922    11.0078    31.9924    31.9900    24.4357    24.4311     9.0169     8.8390    275.061    269.634     2.5775     2.3883     0.0708     0.7455     3.1184     1.0476     2.1502 -125.99640   48.53652      99.63          9  0.000e+00
      40259   1677.417     20.107     20.279    10.9946    11.0102  36.017466  36.029386    10.9922    11.0078    31.9920    31.9901    24.4354    24.4312     9.0169     8.8332    275.060    269.457     2.5775     2.3871     0.0696     0.7149     3.1184     1.0476     2.1502 -125.99640   48.53652      99.63          9  0.000e+00
      40260   1677.458     20.160     20.333    10.9947    11.0096  36.017784  36.029704    10.9923    11.0072    31.9922    31.9910    24.4355    24.4320     9.0116     8.8333    274.900    269.461     2.5763     2.3871     0.0708     0.7455     3.1184     1.0476     2.1502 -125.99640   48.53652      99.63          9  0.000e+00
      40261   1677.500     20.160     20.333    10.9950    11.0121  36.017212  36.030022    10.9926    11.0097    31.9914    31.9892    24.4349    24.4301     9.0116     8.8329    274.900    269.450     2.5763     2.3871     0.0696     0.7149     3.1184     1.0476     2.1502 -125.99640   48.53652      99.63          9  0.000e+00
      40262   1677.542     20.160     20.333    10.9947    11.0152  36.017212  36.031038    10.9923    11.0128    31.9916    31.9874    24.4351    24.4282     9.0169     8.8324    275.062    269.433     2.5775     2.3871     0.0708     0.7455     3.1184     1.0476     2.1502 -125.99640   48.53652      99.63          9  0.000e+00
      40263   1677.583     20.160     20.333    10.9940    11.0180  36.016767  36.032563    10.9916    11.0156    31.9918    31.9865    24.4354    24.4270     9.0118     8.8318    274.905    269.418     2.5763     2.3871     0.0708     0.7455     3.1184     1.0476     2.1502 -125.99640   48.53652      99.63          9  0.000e+00
      40264   1677.625     20.160     20.333    10.9916    11.0205  36.014669  36.033707    10.9892    11.0181    31.9918    31.9854    24.4358    24.4258     9.0123     8.8314    274.919    269.404     2.5763     2.3871     0.0708     0.7455     3.1184     1.0476     2.1502 -125.99640   48.53652      99.63          9  0.000e+00
      40265   1677.667     20.207     20.380    10.9883    11.0223  36.011934  36.034597    10.9859    11.0199    31.9919    31.9847    24.4365    24.4249     9.0130     8.8311    274.941    269.396     2.5763     2.3871     0.0708     0.7455     3.1184     1.0476     2.1502 -125.99640   48.53652      99.63          9  0.000e+00
      40266   1677.708     20.213     20.386    10.9865    11.0226  36.010281  36.035805    10.9841    11.0202    31.9919    31.9856    24.4367    24.4255     9.0133     8.8310    274.952    269.392     2.5763     2.3871     0.0696     0.7149     3.1184     1.0476     2.1502 -125.99640   48.53652      99.63          9  0.000e+00
      40267   1677.750     20.160     20.333    10.9844    11.0216  36.010154  36.035487    10.9820    11.0192    31.9937    31.9863    24.4385    24.4262     9.0136     8.8311    274.960    269.396     2.5763     2.3871     0.0696     0.7149     3.1184     1.0476     2.1502 -125.99640   48.53652      99.63          9  0.000e+00
      40268   1677.792     20.213     20.386    10.9836    11.0207  36.010981  36.035424    10.9812    11.0183    31.9952    31.9870    24.4398    24.4269     9.0085     8.8313    274.803    269.402     2.5751     2.3871     0.0684     0.6844     3.1172     1.0476     2.1502 -125.99640   48.53652      99.63          9  0.000e+00
      40269   1677.833     20.207     20.380    10.9839    11.0208  36.010981  36.036059    10.9815    11.0184    31.9949    31.9875    24.4395    24.4273     9.0084     8.8313    274.802    269.400     2.5751     2.3871     0.0684     0.6844     3.1172     1.0476     2.1502 -125.99640   48.53652      99.63          9  0.000e+00
      40270   1677.875     20.213     20.386    10.9836    11.0223  36.010727  36.036377    10.9812    11.0199    31.9949    31.9865    24.4396    24.4263     9.0085     8.8253    274.804    269.218     2.5751     2.3858     0.0684     0.6844     3.1197     1.0476     2.1502 -125.99640   48.53652      99.63          9  0.000e+00
      40271   1677.917     20.207     20.380    10.9829    11.0240  36.009646  36.036758    10.9805    11.0216    31.9944    31.9854    24.4394    24.4251     9.0087     8.8250    274.809    269.210     2.5751     2.3858     0.0684     0.6844     3.1197     1.0476     2.1502 -125.99640   48.53652      99.63          9  0.000e+00
      40272   1677.958     20.213     20.386    10.9831    11.0247  36.009073  36.037267    10.9807    11.0222    31.9937    31.9853    24.4388    24.4249     9.0087     8.8249    274.809    269.206     2.5751     2.3858     0.0684     0.6844     3.1184     1.0476     2.1502 -125.99640   48.53652      99.63          9  0.000e+00
      40273   1678.000     20.260     20.433    10.9834    11.0250  36.008756  36.037712    10.9810    11.0226    31.9931    31.9855    24.4382    24.4250     9.0087     8.8249    274.810    269.205     2.5751     2.3858     0.0684     0.6844     3.1184     1.0476     2.1502 -125.99640   48.53652      99.63          9  0.000e+00
      40274   1678.042     20.213     20.386    10.9829    11.0253  36.008692  36.038220    10.9805    11.0229    31.9934    31.9857    24.4386    24.4251     9.0035     8.8247    274.650    269.201     2.5739     2.3858     0.0684     0.6844     3.1197     1.0476     2.1404 -125.99640   48.53652      99.63          9  0.000e+00
      40275   1678.083     20.260     20.433    10.9807    11.0255  36.007738  36.038793    10.9783    11.0231    31.9944    31.9861    24.4397    24.4254     9.0039     8.8247    274.663    269.201     2.5739     2.3858     0.0684     0.6844     3.1184     1.0476     2.1294 -125.99640   48.53652      99.63          9  0.000e+00
      40276   1678.125     20.260     20.433    10.9805    11.0260  36.007866  36.039301    10.9781    11.0236    31.9948    31.9861    24.4400    24.4254     9.0039     8.8246    274.664    269.198     2.5739     2.3858     0.0684     0.6844     3.1184     1.0476     2.1258 -125.99640   48.53652      99.63          9  0.000e+00
      40277   1678.167     20.207     20.380    10.9794    11.0263  36.009201  36.039555    10.9770    11.0239    31.9970    31.9861    24.4420    24.4253     9.0039     8.8245    274.664    269.194     2.5739     2.3858     0.0684     0.6844     3.1184     1.0476     2.1270 -125.99640   48.53652      99.63          9  0.000e+00
      40278   1678.208     20.260     20.433    10.9802    11.0268  36.012254  36.039428    10.9778    11.0244    31.9993    31.9856    24.4436    24.4248     9.0037     8.8245    274.656    269.194     2.5739     2.3858     0.0684     0.6844     3.1197     1.0476     2.1270 -125.99640   48.53652      99.63          9  0.000e+00
      40279   1678.250     20.306     20.480    10.9854    11.0271  36.016005  36.039555    10.9830    11.0247    31.9985    31.9854    24.4421    24.4246     9.0028     8.8245    274.628    269.194     2.5739     2.3858     0.0684     0.6844     3.1184     1.0476     2.1270 -125.99640   48.53652      99.63          9  0.000e+00
      40280   1678.292     20.260     20.433    10.9925    11.0278  36.019884  36.040382    10.9901    11.0254    31.9962    31.9856    24.4390    24.4246     8.9962     8.8185    274.427    269.013     2.5726     2.3846     0.0684     0.6844     3.1172     1.0476     2.1270 -125.99640   48.53652      99.63          9  0.000e+00
      40281   1678.333     20.306     20.480    10.9992    11.0279  36.023445  36.041081    10.9968    11.0255    31.9938    31.9862    24.4360    24.4250     8.9950     8.8185    274.393    269.012     2.5726     2.3846     0.0684     0.6844     3.1184     1.0476     2.1270 -125.99640   48.53652      99.63          9  0.000e+00
      40282   1678.375     20.260     20.433    11.0049    11.0281  36.025734  36.041399    11.0024    11.0257    31.9912    31.9863    24.4330    24.4251     8.9887     8.8184    274.201    269.009     2.5714     2.3846     0.0684     0.6844     3.1197     1.0476     2.1270 -125.99640   48.53652      99.63          9  0.000e+00
      40283   1678.417     20.260     20.433    11.0057    11.0257  36.025034  36.038983    11.0033    11.0232    31.9897    31.9861    24.4317    24.4254     8.9886     8.8189    274.199    269.025     2.5714     2.3846     0.0672     0.6539     3.1184     1.0476     2.1270 -125.99640   48.53652      99.63          9  0.000e+00
      40284   1678.458     20.306     20.480    11.0022    11.0212  36.021982  36.034216    10.9998    11.0188    31.9897    31.9853    24.4323    24.4255     8.9894     8.8200    274.222    269.056     2.5714     2.3846     0.0684     0.6844     3.1184     1.0476     2.1270 -125.99640   48.53652      99.63          9  0.000e+00
      40285   1678.500     20.306     20.480    10.9988    11.0144  36.019184  36.028179    10.9964    11.0120    31.9899    31.9852    24.4331    24.4267     8.9900     8.8214    274.242    269.098     2.5714     2.3846     0.0684     0.6844     3.1184     1.0476     2.1270 -125.99640   48.53652      99.63          9  0.000e+00
      40286   1678.542     20.306     20.480    10.9956    11.0089  36.016131  36.024366    10.9932    11.0065    31.9897    31.9863    24.4335    24.4284     8.9907     8.8167    274.262    268.956     2.5714     2.3834     0.0684     0.6844     3.1184     1.0476     2.1270 -125.99640   48.53652      99.63          9  0.000e+00
      40287   1678.583     20.352     20.526    10.9908    11.0051  36.013016  36.023222    10.9884    11.0027    31.9908    31.9884    24.4351    24.4308     8.9916     8.8174    274.290    268.977     2.5714     2.3834     0.0672     0.6539     3.1184     1.0476     2.1270 -125.99640   48.53652      99.63          9  0.000e+00
      40288   1678.625     20.306     20.480    10.9882    11.0044  36.011744  36.024938    10.9858    11.0020    31.9919    31.9907    24.4364    24.4327     8.9868     8.8174    274.142    268.975     2.5702     2.3834     0.0684     0.6844     3.1184     1.0476     2.1270 -125.99640   48.53652      99.63          9  0.000e+00
      40289   1678.667     20.306     20.480    10.9880    11.0059  36.012507  36.027290    10.9856    11.0035    31.9927    31.9918    24.4371    24.4333     8.9868     8.8170    274.141    268.964     2.5702     2.3834     0.0684     0.6844     3.1197     1.0464     2.1270 -125.99640   48.53652      99.63          9  0.000e+00
      40290   1678.708     20.359     20.533    10.9890    11.0053  36.013525  36.027798    10.9866    11.0028    31.9929    31.9928    24.4371    24.4342     8.9866     8.8171    274.137    268.968     2.5702     2.3834     0.0684     0.6844     3.1184     1.0476     2.1270 -125.99640   48.53652      99.63          9  0.000e+00
      40291   1678.750     20.306     20.480    10.9910    11.0051  36.014733  36.027862    10.9886    11.0027    31.9923    31.9930    24.4363    24.4344     8.9862     8.8171    274.124    268.966     2.5702     2.3834     0.0684     0.6844     3.1197     1.0464     2.1270 -125.99640   48.53652      99.63          9  0.000e+00
      40292   1678.792     20.352     20.526    10.9915    11.0051  36.015242  36.027099    10.9890    11.0027    31.9924    31.9922    24.4363    24.4338     8.9862     8.8172    274.123    268.969     2.5702     2.3834     0.0684     0.6844     3.1184     1.0476     2.1270 -125.99638   48.53652      99.63          9  0.000e+00
      40293   1678.833     20.359     20.533    10.9913    11.0031  36.015814  36.024493    10.9889    11.0007    31.9931    31.9914    24.4369    24.4335     8.9862     8.8177    274.123    268.984     2.5702     2.3834     0.0684     0.6844     3.1184     1.0476     2.1270 -125.99638   48.53652      99.63          9  0.000e+00
      40294   1678.875     20.352     20.526    10.9923    11.0001  36.016450  36.021252    10.9898    10.9977    31.9929    31.9908    24.4366    24.4335     8.9860     8.8126    274.117    268.828     2.5702     2.3822     0.0672     0.6539     3.1184     1.0476     2.1270 -125.99638   48.53652      99.63          9  0.000e+00
      40295   1678.917     20.405     20.580    10.9935    10.9981  36.018358  36.018838    10.9910    10.9957    31.9937    31.9901    24.4370    24.4334     8.9857     8.8131    274.110    268.844     2.5702     2.3822     0.0672     0.6539     3.1184     1.0476     2.1270 -125.99638   48.53652      99.63          9  0.000e+00
      40296   1678.958     20.306     20.480    10.9942    10.9968  36.021283  36.018265    10.9918    10.9944    31.9960    31.9908    24.4386    24.4341     8.9853     8.8132    274.097    268.847     2.5702     2.3822     0.0659     0.6234     3.1184     1.0476     2.1270 -125.99638   48.53652      99.63          9  0.000e+00
      40297   1679.000     20.405     20.580    10.9994    10.9960  36.024208  36.018520    10.9970    10.9936    31.9943    31.9917    24.4364    24.4349     8.9792     8.8134    273.912    268.854     2.5690     2.3822     0.0672     0.6539     3.1172     1.0476     2.1270 -125.99638   48.53652      99.63          9  0.000e+00
      40298   1679.042     20.352     20.527    11.0042    10.9955  36.025925  36.018583    11.0018    10.9931    31.9919    31.9922    24.4337    24.4354     8.9836     8.8134    274.046    268.854     2.5702     2.3822     0.0659     0.6234     3.1197     1.0464     2.1319 -125.99638   48.53652      99.63          9  0.000e+00
