WCOA/WCOA-6/CTD_Data/RB2102_CTD_115_01.ros
* Sea-Bird SBE 9 Data File:
* FileName = C:\Users\scs.user.rb\CTD\RB2102\Data\RB2102_CTD_115_01.hex
* Software Version Seasave V 7.26.7.107
* Temperature SN = 6202
* Conductivity SN = 4907
* Number of Bytes Per Scan = 41
* Number of Voltage Words = 4
* Number of Scans Averaged by the Deck Unit = 1
* NMEA Latitude = 34 22.52 N
* NMEA Longitude = 120 39.75 W
* NMEA UTC (Time) = Jul 18 2021  12:38:36
* NMEA baud rate = 4800
# nquan = 30
# nvalues = 882                                   
# units = specified
# name 0 = scan: Scan Count
# name 1 = timeS: Time, Elapsed [seconds]
# name 2 = depSM: Depth [salt water, m]
# name 3 = prDM: Pressure, Digiquartz [db]
# name 4 = t090C: Temperature [ITS-90, deg C]
# name 5 = t190C: Temperature, 2 [ITS-90, deg C]
# name 6 = c0mS/cm: Conductivity [mS/cm]
# name 7 = c1mS/cm: Conductivity, 2 [mS/cm]
# name 8 = potemp090C: Potential Temperature [ITS-90, deg C]
# name 9 = potemp190C: Potential Temperature, 2 [ITS-90, deg C]
# name 10 = sal00: Salinity, Practical [PSU]
# name 11 = sal11: Salinity, Practical, 2 [PSU]
# name 12 = sigma-é00: Density [sigma-theta, kg/m^3]
# name 13 = sigma-é11: Density, 2 [sigma-theta, kg/m^3]
# name 14 = sbeox0Mg/L: Oxygen, SBE 43 [mg/l]
# name 15 = sbeox1Mg/L: Oxygen, SBE 43, 2 [mg/l]
# name 16 = sbox0Mm/Kg: Oxygen, SBE 43 [umol/kg]
# name 17 = sbox1Mm/Kg: Oxygen, SBE 43, 2 [umol/kg]
# name 18 = sbeox0V: Oxygen raw, SBE 43 [V]
# name 19 = sbeox1V: Oxygen raw, SBE 43, 2 [V]
# name 20 = v4: Voltage 4
# name 21 = flECO-AFL: Fluorescence, WET Labs ECO-AFL/FL [mg/m^3]
# name 22 = v3: Voltage 3
# name 23 = v6: Voltage 6
# name 24 = v7: Voltage 7
# name 25 = longitude: Longitude [deg]
# name 26 = latitude: Latitude [deg]
# name 27 = altM: Altimeter [m]
# name 28 = nbf: Bottles Fired
# name 29 = flag:  0.000e+00
# interval = seconds: 0.0416667
# start_time = Jul 18 2021 12:38:36 [NMEA time, header]
# bad_flag = -9.990e-29
*END*
[from data line 484]
      60382   2515.875     79.987     80.580    10.6499    10.6438  37.513770  37.510288    10.6403    10.6343    33.7642    33.7664    25.8769    25.8796     4.4484     4.2379    135.508    129.095     1.5140     1.4029     0.0452     0.1044     3.1954     0.0000     0.0000 -120.66316   34.37528      99.54         10  0.000e+00
      60383   2515.917     79.987     80.581    10.6484    10.6441  37.514093  37.510352    10.6389    10.6346    33.7659    33.7661    25.8785    25.8794     4.4485     4.2379    135.511    129.095     1.5140     1.4029     0.0452     0.1044     3.1954     0.0000     0.0000 -120.66316   34.37528      99.51         10  0.000e+00
      60384   2515.958     79.987     80.581    10.6482    10.6448  37.513706  37.511127    10.6387    10.6352    33.7657    33.7663    25.8783    25.8794     4.4485     4.2378    135.512    129.092     1.5140     1.4029     0.0452     0.1044     3.1954     0.0000     0.0000 -120.66316   34.37528      99.51         10  0.000e+00
      60385   2516.000     80.041     80.634    10.6485    10.6448  37.513059  37.511386    10.6390    10.6353    33.7647    33.7665    25.8775    25.8795     4.4486     4.2378    135.513    129.093     1.5140     1.4029     0.0452     0.1044     3.1978     0.0000     0.0000 -120.66316   34.37528      99.51         10  0.000e+00
      60386   2516.042     79.988     80.581    10.6469    10.6456  37.511638  37.511450    10.6374    10.6361    33.7648    33.7659    25.8779    25.8789     4.4487     4.2377    135.517    129.090     1.5140     1.4029     0.0452     0.1044     3.1966     0.0000     0.0000 -120.66316   34.37528      99.51         10  0.000e+00
      60387   2516.083     80.041     80.634    10.6447    10.6468  37.510927  37.511644    10.6352    10.6372    33.7661    33.7649    25.8793    25.8780     4.4489     4.2377    135.523    129.089     1.5140     1.4029     0.0452     0.1044     3.1966     0.0000     0.0000 -120.66316   34.37528      99.51         10  0.000e+00
      64448   2685.292     60.138     60.581    11.3053    11.3000  38.009531  38.010456    11.2978    11.2926    33.6639    33.6696    25.6815    25.6869     5.2857     5.0427    161.046    153.640     1.7277     1.5922     0.0574     0.4097     3.1954     0.0000     0.0000 -120.66320   34.37528      99.39         11  0.000e+00
      64449   2685.333     60.066     60.508    11.3028    11.3005  38.010376  38.011559    11.2953    11.2931    33.6670    33.6703    25.6844    25.6873     5.2859     5.0426    161.050    153.636     1.7277     1.5922     0.0586     0.4402     3.1941     0.0000     0.0000 -120.66320   34.37528      99.39         11  0.000e+00
      64450   2685.375     60.139     60.582    11.3031    11.3009  38.013625  38.012468    11.2957    11.2934    33.6699    33.6708    25.6865    25.6876     5.2858     5.0426    161.047    153.636     1.7277     1.5922     0.0574     0.4097     3.1941     0.0000     0.0000 -120.66320   34.37528      99.39         11  0.000e+00
      64451   2685.417     60.112     60.555    11.3087    11.3020  38.017912  38.013507    11.3013    11.2946    33.6690    33.6708    25.6848    25.6874     5.2852     5.0424    161.027    153.631     1.7277     1.5922     0.0586     0.4402     3.1929     0.0000     0.0000 -120.66320   34.37528      99.39         11  0.000e+00
      64452   2685.458     60.039     60.481    11.3135    11.3038  38.020965  38.014286    11.3060    11.2964    33.6677    33.6699    25.6830    25.6864     5.2846     5.0422    161.011    153.624     1.7277     1.5922     0.0574     0.4097     3.1929     0.0000     0.0000 -120.66320   34.37528      99.39         11  0.000e+00
      64453   2685.500     60.112     60.555    11.3174    11.3057  38.022655  38.013701    11.3099    11.2983    33.6658    33.6676    25.6808    25.6843     5.2790     5.0477    160.842    153.794     1.7265     1.5934     0.0586     0.4402     3.1941     0.0000     0.0000 -120.66320   34.37528      99.39         11  0.000e+00
      64454   2685.542     60.039     60.481    11.3210    11.3068  38.023953  38.013701    11.3136    11.2994    33.6638    33.6666    25.6785    25.6833     5.2786     5.0419    160.830    153.617     1.7265     1.5922     0.0586     0.4402     3.1941     0.0000     0.0000 -120.66320   34.37528      99.39         11  0.000e+00
      64455   2685.583     60.112     60.555    11.3225    11.3075  38.024798  38.013766    11.3151    11.3001    33.6632    33.6660    25.6778    25.6827     5.2785     5.0419    160.827    153.617     1.7265     1.5922     0.0574     0.4097     3.1929     0.0000     0.0000 -120.66320   34.37528      99.39         11  0.000e+00
      64456   2685.625     60.039     60.482    11.3233    11.3072  38.025513  38.013571    11.3159    11.2997    33.6632    33.6662    25.6777    25.6829     5.2836     5.0476    160.981    153.789     1.7277     1.5934     0.0586     0.4402     3.1929     0.0000     0.0000 -120.66320   34.37528      99.39         11  0.000e+00
      64457   2685.667     60.066     60.508    11.3234    11.3068  38.026162  38.013182    11.3159    11.2994    33.6638    33.6661    25.6781    25.6829     5.2784     5.0476    160.822    153.791     1.7265     1.5934     0.0586     0.4402     3.1929     0.0000     0.0000 -120.66320   34.37528      99.39         11  0.000e+00
      64458   2685.708     60.039     60.482    11.3230    11.3068  38.026357  38.013376    11.3156    11.2994    33.6644    33.6663    25.6786    25.6830     5.2784     5.0419    160.822    153.618     1.7265     1.5922     0.0574     0.4097     3.1941     0.0000     0.0000 -120.66320   34.37528      99.39         11  0.000e+00
      64459   2685.750     60.039     60.482    11.3233    11.3067  38.026812  38.012922    11.3159    11.2992    33.6645    33.6660    25.6787    25.6829     5.2783     5.0476    160.821    153.791     1.7265     1.5934     0.0586     0.4402     3.1929     0.0000     0.0000 -120.66320   34.37528      99.39         11  0.000e+00
      64460   2685.792     60.066     60.508    11.3234    11.3063  38.027202  38.012467    11.3159    11.2989    33.6648    33.6659    25.6789    25.6828     5.2784     5.0477    160.821    153.793     1.7265     1.5934     0.0586     0.4402     3.1929     0.0000     0.0000 -120.66320   34.37528      99.39         11  0.000e+00
      64461   2685.833     60.039     60.482    11.3225    11.3062  38.028567  38.012987    11.3151    11.2988    33.6670    33.6665    25.6807    25.6833     5.2784     5.0420    160.821    153.620     1.7265     1.5922     0.0574     0.4097     3.1941     0.0000     0.0000 -120.66320   34.37528      99.39         11  0.000e+00
      64462   2685.875     59.967     60.408    11.3229    11.3065  38.029216  38.013571    11.3155    11.2991    33.6673    33.6668    25.6809    25.6835     5.2731     5.0476    160.660    153.789     1.7253     1.5934     0.0586     0.4402     3.1954     0.0000     0.0000 -120.66320   34.37528      99.39         11  0.000e+00
      64463   2685.917     60.086     60.529    11.3234    11.3065  38.029087  38.013766    11.3159    11.2991    33.6667    33.6670    25.6803    25.6836     5.2783     5.0476    160.819    153.791     1.7265     1.5934     0.0586     0.4402     3.1929     0.0000     0.0000 -120.66320   34.37528      99.39         11  0.000e+00
      64464   2685.958     59.967     60.408    11.3236    11.3064  38.029476  38.014480    11.3162    11.2990    33.6669    33.6678    25.6804    25.6843     5.2782     5.0476    160.816    153.788     1.7265     1.5934     0.0586     0.4402     3.1929     0.0000     0.0000 -120.66320   34.37528      99.39         11  0.000e+00
      64465   2686.000     60.040     60.482    11.3240    11.3078  38.029411  38.014545    11.3166    11.3004    33.6665    33.6665    25.6801    25.6830     5.2782     5.0475    160.816    153.786     1.7265     1.5934     0.0586     0.4402     3.1941     0.0000     0.0000 -120.66320   34.37528      99.41         11  0.000e+00
      64466   2686.042     60.066     60.509    11.3242    11.3090  38.029346  38.014870    11.3167    11.3016    33.6662    33.6658    25.6798    25.6822     5.2730     5.0474    160.658    153.783     1.7253     1.5934     0.0586     0.4402     3.1929     0.0000     0.0000 -120.66320   34.37528      99.39         11  0.000e+00
      64467   2686.083     59.940     60.382    11.3250    11.3098  38.029801  38.015648    11.3176    11.3024    33.6660    33.6659    25.6795    25.6821     5.2728     5.0472    160.653    153.778     1.7253     1.5934     0.0586     0.4402     3.1917     0.0000     0.0000 -120.66320   34.37528      99.39         11  0.000e+00
      64468   2686.125     60.066     60.509    11.3253    11.3110  38.029931  38.015843    11.3179    11.3035    33.6657    33.6650    25.6792    25.6812     5.2729     5.0472    160.655    153.777     1.7253     1.5934     0.0586     0.4402     3.1929     0.0000     0.0000 -120.66320   34.37528      99.39         11  0.000e+00
      64469   2686.167     59.993     60.435    11.3255    11.3118  38.029931  38.016038    11.3180    11.3044    33.6657    33.6644    25.6791    25.6806     5.2728     5.0471    160.653    153.774     1.7253     1.5934     0.0586     0.4402     3.1917     0.0000     0.0000 -120.66320   34.37528      99.39         11  0.000e+00
      64470   2686.208     60.013     60.455    11.3257    11.3117  38.029216  38.015324    11.3182    11.3042    33.6648    33.6638    25.6784    25.6803     5.2729     5.0471    160.654    153.775     1.7253     1.5934     0.0586     0.4402     3.1929     0.0000     0.0000 -120.66320   34.37528      99.39         11  0.000e+00
      64471   2686.250     59.993     60.435    11.3257    11.3105  38.028501  38.015324    11.3182    11.3031    33.6641    33.6649    25.6779    25.6813     5.2729     5.0472    160.654    153.778     1.7253     1.5934     0.0586     0.4402     3.1929     0.0000     0.0000 -120.66320   34.37528      99.39         11  0.000e+00
      64472   2686.292     59.967     60.409    11.3250    11.3098  38.027332  38.014674    11.3176    11.3024    33.6635    33.6649    25.6776    25.6814     5.2729     5.0473    160.656    153.780     1.7253     1.5934     0.0586     0.4402     3.1929     0.0000     0.0000 -120.66320   34.37528      99.39         11  0.000e+00
      64473   2686.333     60.040     60.482    11.3215    11.3087  38.025708  38.014155    11.3141    11.3012    33.6651    33.6654    25.6794    25.6820     5.2733     5.0474    160.668    153.785     1.7253     1.5934     0.0586     0.4402     3.1941     0.0000     0.0000 -120.66320   34.37528      99.39         11  0.000e+00
      64474   2686.375     59.967     60.409    11.3184    11.3082  38.025058  38.014090    11.3110    11.3007    33.6673    33.6658    25.6817    25.6824     5.2736     5.0474    160.675    153.784     1.7253     1.5934     0.0586     0.4402     3.1917     0.0000     0.0000 -120.66320   34.37528      99.39         11  0.000e+00
      64475   2686.417     60.040     60.482    11.3145    11.3090  38.024734  38.013636    11.3070    11.3016    33.6706    33.6646    25.6850    25.6813     5.2740     5.0474    160.687    153.784     1.7253     1.5934     0.0574     0.4097     3.1929     0.0000     0.0000 -120.66320   34.37528      99.39         11  0.000e+00
      64476   2686.458     59.994     60.436    11.3112    11.3095  38.025124  38.014155    11.3038    11.3021    33.6739    33.6646    25.6882    25.6813     5.2690     5.0473    160.535    153.781     1.7241     1.5934     0.0586     0.4402     3.1917     0.0000     0.0000 -120.66320   34.37528      99.39         11  0.000e+00
      64477   2686.500     60.014     60.456    11.3120    11.3098  38.024539  38.014675    11.3046    11.3024    33.6726    33.6649    25.6870    25.6814     5.2742     5.0473    160.693    153.780     1.7253     1.5934     0.0586     0.4402     3.1941     0.0000     0.0000 -120.66320   34.37528      99.39         11  0.000e+00
      64478   2686.542     59.941     60.382    11.3146    11.3098  38.024084  38.014999    11.3071    11.3024    33.6699    33.6652    25.6844    25.6816     5.2687     5.0472    160.527    153.779     1.7241     1.5934     0.0586     0.4402     3.1941     0.0000     0.0000 -120.66320   34.37528      99.39         11  0.000e+00
      64479   2686.583     60.014     60.456    11.3151    11.3105  38.023239  38.016103    11.3077    11.3031    33.6685    33.6656    25.6832    25.6819     5.2688     5.0472    160.528    153.777     1.7241     1.5934     0.0586     0.4402     3.1941     0.0000     0.0000 -120.66320   34.37528      99.39         11  0.000e+00
      64480   2686.625     59.994     60.436    11.3138    11.3120  38.022460  38.016882    11.3064    11.3046    33.6689    33.6651    25.6838    25.6812     5.2689     5.0470    160.532    153.772     1.7241     1.5934     0.0586     0.4402     3.1917     0.0000     0.0000 -120.66320   34.37528      99.41         11  0.000e+00
      64481   2686.667     60.014     60.456    11.3119    11.3122  38.021550  38.016622    11.3045    11.3047    33.6698    33.6647    25.6848    25.6808     5.2691     5.0470    160.538    153.773     1.7241     1.5934     0.0574     0.4097     3.1929     0.0000     0.0000 -120.66320   34.37528      99.39         11  0.000e+00
      64482   2686.708     59.994     60.436    11.3108    11.3113  38.021550  38.015973    11.3034    11.3039    33.6707    33.6648    25.6858    25.6810     5.2692     5.0471    160.540    153.775     1.7241     1.5934     0.0586     0.4402     3.1917     0.0000     0.0000 -120.66320   34.37528      99.39         11  0.000e+00
      64483   2686.750     60.014     60.456    11.3106    11.3105  38.022135  38.015259    11.3031    11.3031    33.6716    33.6648    25.6865    25.6812     5.2744     5.0472    160.699    153.778     1.7253     1.5934     0.0586     0.4402     3.1917     0.0000     0.0000 -120.66320   34.37528      99.39         11  0.000e+00
      64484   2686.792     59.941     60.382    11.3122    11.3092  38.023109  38.015648    11.3048    11.3017    33.6711    33.6665    25.6858    25.6828     5.2690     5.0473    160.534    153.780     1.7241     1.5934     0.0586     0.4402     3.1929     0.0000     0.0000 -120.66320   34.37528      99.39         11  0.000e+00
      64485   2686.833     60.014     60.456    11.3133    11.3087  38.023824  38.016493    11.3059    11.3012    33.6707    33.6677    25.6853    25.6838     5.2741     5.0473    160.690    153.781     1.7253     1.5934     0.0574     0.4097     3.1917     0.0000     0.0000 -120.66320   34.37528      99.41         11  0.000e+00
      64486   2686.875     60.040     60.483    11.3142    11.3087  38.023759  38.017532    11.3068    11.3012    33.6698    33.6687    25.6844    25.6846     5.2740     5.0473    160.689    153.781     1.7253     1.5934     0.0562     0.3792     3.1929     0.0000     0.0000 -120.66320   34.37528      99.39         11  0.000e+00
      64487   2686.917     59.967     60.409    11.3164    11.3095  38.024149  38.017986    11.3090    11.3021    33.6682    33.6684    25.6828    25.6842     5.2686     5.0472    160.523    153.777     1.7241     1.5934     0.0562     0.3792     3.1929     0.0000     0.0000 -120.66320   34.37528      99.39         11  0.000e+00
      64488   2686.958     59.994     60.436    11.3184    11.3100  38.024343  38.018895    11.3109    11.3026    33.6666    33.6689    25.6812    25.6845     5.2736     5.0471    160.677    153.775     1.7253     1.5934     0.0562     0.3792     3.1917     0.0000     0.0000 -120.66320   34.37528      99.39         11  0.000e+00
