WCOA/WCOA-6/CTD_Data/RB2102_CTD_021_01.ros
* Sea-Bird SBE 9 Data File:
* FileName = C:\Users\scs.user.rb\CTD\RB2102\Data\RB2102_CTD_021_01.hex
* Software Version Seasave V 7.26.7.107
* Temperature SN = 6202
* Conductivity SN = 4907
* Number of Bytes Per Scan = 41
* Number of Voltage Words = 4
* Number of Scans Averaged by the Deck Unit = 1
* NMEA Latitude = 47 57.52 N
* NMEA Longitude = 125 19.88 W
* NMEA UTC (Time) = Jun 29 2021  02:23:56
* NMEA baud rate = 4800
# nquan = 30
# nvalues = 931                                   
# units = specified
# name 0 = scan: Scan Count
# name 1 = timeS: Time, Elapsed [seconds]
# name 2 = depSM: Depth [salt water, m]
# name 3 = prDM: Pressure, Digiquartz [db]
# name 4 = t090C: Temperature [ITS-90, deg C]
# name 5 = t190C: Temperature, 2 [ITS-90, deg C]
# name 6 = c0mS/cm: Conductivity [mS/cm]
# name 7 = c1mS/cm: Conductivity, 2 [mS/cm]
# name 8 = potemp090C: Potential Temperature [ITS-90, deg C]
# name 9 = potemp190C: Potential Temperature, 2 [ITS-90, deg C]
# name 10 = sal00: Salinity, Practical [PSU]
# name 11 = sal11: Salinity, Practical, 2 [PSU]
# name 12 = sigma-é00: Density [sigma-theta, kg/m^3]
# name 13 = sigma-é11: Density, 2 [sigma-theta, kg/m^3]
# name 14 = sbeox0Mg/L: Oxygen, SBE 43 [mg/l]
# name 15 = sbeox1Mg/L: Oxygen, SBE 43, 2 [mg/l]
# name 16 = sbox0Mm/Kg: Oxygen, SBE 43 [umol/kg]
# name 17 = sbox1Mm/Kg: Oxygen, SBE 43, 2 [umol/kg]
# name 18 = sbeox0V: Oxygen raw, SBE 43 [V]
# name 19 = sbeox1V: Oxygen raw, SBE 43, 2 [V]
# name 20 = v4: Voltage 4
# name 21 = flECO-AFL: Fluorescence, WET Labs ECO-AFL/FL [mg/m^3]
# name 22 = v3: Voltage 3
# name 23 = v6: Voltage 6
# name 24 = v7: Voltage 7
# name 25 = longitude: Longitude [deg]
# name 26 = latitude: Latitude [deg]
# name 27 = altM: Altimeter [m]
# name 28 = nbf: Bottles Fired
# name 29 = flag:  0.000e+00
# interval = seconds: 0.0416667
# start_time = Jun 29 2021 02:23:56 [NMEA time, header]
# bad_flag = -9.990e-29
*END*
[from data line 194]
      46995   1958.083    297.865    300.603     5.9847     5.9857  33.616379  33.615661     5.9591     5.9601    34.0174    34.0156    26.7814    26.7798     1.9070     1.8924     58.042     57.596     0.8706     0.8523     0.0415     0.0129     3.3700     1.7509     0.0134 -125.33372   47.95970      99.90          4  0.000e+00
      46996   1958.125    297.865    300.603     5.9847     5.9858  33.616503  33.616156     5.9591     5.9602    34.0176    34.0161    26.7815    26.7801     1.9131     1.8924     58.226     57.595     0.8718     0.8523     0.0403    -0.0177     3.3700     1.7521     0.0134 -125.33372   47.95970      99.90          4  0.000e+00
      54299   2262.417    199.348    201.132     6.8256     6.8263  34.269937  34.269840     6.8073     6.8081    33.9567    33.9559    26.6231    26.6223     2.4078     2.3479     73.292     71.471     0.9878     0.9512     0.0415     0.0129     3.3663     1.7265     0.0134 -125.33382   47.96008      99.83          5  0.000e+00
      54300   2262.458    199.295    201.078     6.8255     6.8263  34.270124  34.269965     6.8073     6.8081    33.9571    33.9560    26.6234    26.6225     2.4019     2.3479     73.113     71.470     0.9866     0.9512     0.0403    -0.0177     3.3675     1.7265     0.0134 -125.33382   47.96008      99.83          5  0.000e+00
      54301   2262.500    199.295    201.078     6.8256     6.8265  34.269875  34.269715     6.8074     6.8082    33.9566    33.9556    26.6230    26.6221     2.4019     2.3479     73.113     71.470     0.9866     0.9512     0.0403    -0.0177     3.3663     1.7253     0.0134 -125.33382   47.96008      99.83          5  0.000e+00
      54302   2262.542    199.295    201.078     6.8256     6.8261  34.270124  34.269653     6.8074     6.8079    33.9569    33.9559    26.6232    26.6224     2.4019     2.3479     73.113     71.470     0.9866     0.9512     0.0403    -0.0177     3.3675     1.7265     0.0134 -125.33382   47.96008      99.83          5  0.000e+00
      54303   2262.583    199.295    201.078     6.8255     6.8263  34.269875  34.269653     6.8073     6.8081    33.9568    33.9557    26.6232    26.6222     2.4019     2.3479     73.113     71.470     0.9866     0.9512     0.0403    -0.0177     3.3663     1.7265     0.0134 -125.33382   47.96008      99.85          5  0.000e+00
      54304   2262.625    199.295    201.078     6.8255     6.8261  34.270374  34.269840     6.8073     6.8079    33.9573    33.9561    26.6236    26.6225     2.4019     2.3479     73.113     71.470     0.9866     0.9512     0.0403    -0.0177     3.3675     1.7265     0.0134 -125.33382   47.96008      99.83          5  0.000e+00
      54305   2262.667    199.295    201.078     6.8255     6.8260  34.269750  34.269715     6.8072     6.8078    33.9567    33.9561    26.6231    26.6226     2.4019     2.3479     73.113     71.471     0.9866     0.9512     0.0415     0.0129     3.3663     1.7265     0.0134 -125.33382   47.96008      99.83          5  0.000e+00
      54306   2262.708    199.248    201.032     6.8253     6.8260  34.269687  34.269653     6.8071     6.8078    33.9568    33.9561    26.6232    26.6225     2.3960     2.3479     72.934     71.470     0.9853     0.9512     0.0403    -0.0177     3.3675     1.7265     0.0134 -125.33382   47.96008      99.83          5  0.000e+00
      54307   2262.750    199.248    201.032     6.8252     6.8259  34.269438  34.269653     6.8069     6.8076    33.9566    33.9562    26.6231    26.6227     2.3960     2.3415     72.935     71.275     0.9853     0.9499     0.0403    -0.0177     3.3675     1.7265     0.0134 -125.33382   47.96008      99.83          5  0.000e+00
      54308   2262.792    199.248    201.032     6.8250     6.8260  34.269438  34.270089     6.8068     6.8078    33.9568    33.9565    26.6232    26.6229     2.3960     2.3479     72.935     71.470     0.9853     0.9512     0.0403    -0.0177     3.3663     1.7265     0.0134 -125.33382   47.96008      99.83          5  0.000e+00
      54309   2262.833    199.249    201.032     6.8247     6.8266  34.269563  34.270027     6.8064     6.8084    33.9573    33.9558    26.6237    26.6223     2.3960     2.3415     72.935     71.274     0.9853     0.9499     0.0415     0.0129     3.3663     1.7265     0.0134 -125.33382   47.96008      99.85          5  0.000e+00
      54310   2262.875    199.229    201.012     6.8248     6.8270  34.269750  34.270401     6.8066     6.8087    33.9573    33.9559    26.6237    26.6223     2.3960     2.3414     72.935     71.273     0.9853     0.9499     0.0403    -0.0177     3.3663     1.7265     0.0134 -125.33382   47.96008      99.83          5  0.000e+00
      54311   2262.917    199.202    200.985     6.8248     6.8275  34.269438  34.270338     6.8065     6.8092    33.9571    33.9554    26.6235    26.6218     2.3901     2.3414     72.756     71.272     0.9841     0.9499     0.0415     0.0129     3.3663     1.7253     0.0134 -125.33382   47.96008      99.83          5  0.000e+00
      54312   2262.958    199.202    200.985     6.8250     6.8271  34.269687  34.270276     6.8068     6.8089    33.9571    33.9557    26.6235    26.6221     2.3901     2.3414     72.756     71.273     0.9841     0.9499     0.0403    -0.0177     3.3675     1.7265     0.0134 -125.33382   47.96008      99.83          5  0.000e+00
      54313   2263.000    199.202    200.985     6.8253     6.8276  34.269999  34.270712     6.8071     6.8094    33.9571    33.9557    26.6235    26.6220     2.3901     2.3350     72.755     71.077     0.9841     0.9487     0.0403    -0.0177     3.3663     1.7253     0.0134 -125.33382   47.96008      99.83          5  0.000e+00
      54314   2263.042    199.202    200.985     6.8255     6.8278  34.269937  34.270650     6.8073     6.8095    33.9569    33.9554    26.6232    26.6218     2.3901     2.3414     72.755     71.272     0.9841     0.9499     0.0403    -0.0177     3.3663     1.7265     0.0134 -125.33382   47.96008      99.85          5  0.000e+00
      54315   2263.083    199.149    200.932     6.8255     6.8276  34.270061  34.270587     6.8073     6.8094    33.9571    33.9556    26.6234    26.6219     2.3901     2.3414     72.754     71.272     0.9841     0.9499     0.0403    -0.0177     3.3663     1.7265     0.0134 -125.33382   47.96008      99.83          5  0.000e+00
      54316   2263.125    199.149    200.932     6.8256     6.8278  34.269936  34.270774     6.8074     6.8095    33.9568    33.9556    26.6231    26.6219     2.3901     2.3414     72.754     71.271     0.9841     0.9499     0.0403    -0.0177     3.3675     1.7265     0.0134 -125.33382   47.96008      99.83          5  0.000e+00
      54317   2263.167    199.149    200.932     6.8256     6.8279  34.270311  34.270899     6.8074     6.8097    33.9572    33.9556    26.6235    26.6219     2.3842     2.3349     72.575     71.076     0.9829     0.9487     0.0403    -0.0177     3.3675     1.7265     0.0134 -125.33382   47.96008      99.83          5  0.000e+00
      54318   2263.208    199.103    200.885     6.8259     6.8281  34.270498  34.271335     6.8077     6.8099    33.9571    33.9559    26.6234    26.6221     2.3842     2.3413     72.575     71.270     0.9829     0.9499     0.0415     0.0129     3.3663     1.7265     0.0134 -125.33382   47.96008      99.83          5  0.000e+00
      54319   2263.250    199.149    200.932     6.8261     6.8281  34.270435  34.271023     6.8079     6.8099    33.9568    33.9555    26.6231    26.6218     2.3842     2.3349     72.575     71.076     0.9829     0.9487     0.0403    -0.0177     3.3675     1.7265     0.0134 -125.33382   47.96008      99.83          5  0.000e+00
      54320   2263.292    199.103    200.885     6.8263     6.8281  34.270622  34.271086     6.8080     6.8099    33.9569    33.9556    26.6232    26.6219     2.3842     2.3349     72.574     71.075     0.9829     0.9487     0.0403    -0.0177     3.3675     1.7265     0.0134 -125.33382   47.96008      99.83          5  0.000e+00
      54321   2263.333    199.050    200.831     6.8261     6.8282  34.270560  34.271397     6.8079     6.8100    33.9570    33.9559    26.6233    26.6221     2.3842     2.3349     72.574     71.074     0.9829     0.9487     0.0403    -0.0177     3.3675     1.7265     0.0134 -125.33382   47.96008      99.83          5  0.000e+00
      54322   2263.375    199.103    200.885     6.8263     6.8281  34.270435  34.271273     6.8080     6.8099    33.9567    33.9558    26.6230    26.6221     2.3783     2.3349     72.396     71.075     0.9817     0.9487     0.0403    -0.0177     3.3675     1.7265     0.0134 -125.33382   47.96008      99.83          5  0.000e+00
      54323   2263.417    199.050    200.831     6.8261     6.8279  34.270497  34.271210     6.8079     6.8097    33.9570    33.9559    26.6232    26.6222     2.3783     2.3349     72.395     71.075     0.9817     0.9487     0.0403    -0.0177     3.3663     1.7253     0.0134 -125.33382   47.96008      99.83          5  0.000e+00
      54324   2263.458    199.030    200.811     6.8258     6.8282  34.270435  34.271210     6.8076     6.8100    33.9572    33.9557    26.6235    26.6219     2.3783     2.3349     72.395     71.074     0.9817     0.9487     0.0403    -0.0177     3.3663     1.7265     0.0134 -125.33382   47.96008      99.85          5  0.000e+00
      54325   2263.500    199.050    200.832     6.8263     6.8279  34.271184  34.271210     6.8080     6.8097    33.9576    33.9559    26.6237    26.6222     2.3724     2.3349     72.216     71.075     0.9805     0.9487     0.0403    -0.0177     3.3675     1.7265     0.0134 -125.33382   47.96008      99.83          5  0.000e+00
      54326   2263.542    199.004    200.785     6.8265     6.8281  34.271121  34.271210     6.8082     6.8099    33.9573    33.9558    26.6235    26.6221     2.3724     2.3285     72.215     70.879     0.9805     0.9475     0.0403    -0.0177     3.3675     1.7253     0.0134 -125.33382   47.96008      99.83          5  0.000e+00
      54327   2263.583    199.004    200.785     6.8269     6.8281  34.271370  34.270961     6.8087     6.8099    33.9571    33.9556    26.6233    26.6218     2.3782     2.3349     72.393     71.074     0.9817     0.9487     0.0403    -0.0177     3.3675     1.7265     0.0134 -125.33382   47.96008      99.83          5  0.000e+00
      54328   2263.625    198.957    200.738     6.8271     6.8279  34.271370  34.271085     6.8089     6.8097    33.9570    33.9559    26.6231    26.6221     2.3782     2.3285     72.393     70.879     0.9817     0.9475     0.0403    -0.0177     3.3675     1.7265     0.0134 -125.33382   47.96008      99.83          5  0.000e+00
      54329   2263.667    199.004    200.785     6.8272     6.8281  34.271370  34.271210     6.8090     6.8099    33.9569    33.9558    26.6230    26.6221     2.3723     2.3285     72.214     70.879     0.9805     0.9475     0.0403    -0.0177     3.3663     1.7265     0.0134 -125.33382   47.96008      99.85          5  0.000e+00
      54330   2263.708    198.958    200.738     6.8276     6.8279  34.271433  34.271210     6.8093     6.8097    33.9566    33.9560    26.6228    26.6222     2.3723     2.3285     72.213     70.879     0.9805     0.9475     0.0403    -0.0177     3.3675     1.7265     0.0134 -125.33382   47.96008      99.83          5  0.000e+00
      54331   2263.750    198.905    200.685     6.8274     6.8282  34.271370  34.270960     6.8092     6.8100    33.9568    33.9555    26.6229    26.6217     2.3723     2.3284     72.213     70.878     0.9805     0.9475     0.0415     0.0129     3.3663     1.7265     0.0134 -125.33382   47.96008      99.85          5  0.000e+00
      54332   2263.792    198.905    200.685     6.8274     6.8282  34.271620  34.270898     6.8092     6.8100    33.9570    33.9554    26.6231    26.6217     2.3664     2.3284     72.034     70.878     0.9792     0.9475     0.0403    -0.0177     3.3663     1.7265     0.0134 -125.33382   47.96006      99.83          5  0.000e+00
      54333   2263.833    198.905    200.685     6.8276     6.8278  34.271432  34.271085     6.8094     6.8096    33.9566    33.9560    26.6228    26.6223     2.3723     2.3285     72.213     70.879     0.9805     0.9475     0.0403    -0.0177     3.3663     1.7265     0.0134 -125.33382   47.96006      99.85          5  0.000e+00
      54334   2263.875    198.905    200.685     6.8276     6.8279  34.271869  34.270960     6.8094     6.8097    33.9571    33.9557    26.6232    26.6220     2.3664     2.3285     72.034     70.878     0.9792     0.9475     0.0403    -0.0177     3.3675     1.7265     0.0134 -125.33382   47.96006      99.83          5  0.000e+00
      54335   2263.917    198.858    200.638     6.8277     6.8279  34.271682  34.271085     6.8095     6.8097    33.9568    33.9559    26.6229    26.6221     2.3664     2.3284     72.033     70.878     0.9792     0.9475     0.0403    -0.0177     3.3675     1.7265     0.0134 -125.33382   47.96006      99.83          5  0.000e+00
      54336   2263.958    198.931    200.712     6.8280     6.8279  34.271620  34.271210     6.8098     6.8097    33.9564    33.9560    26.6225    26.6222     2.3664     2.3285     72.034     70.879     0.9792     0.9475     0.0415     0.0129     3.3663     1.7265     0.0134 -125.33382   47.96006      99.85          5  0.000e+00
      54337   2264.000    198.805    200.584     6.8280     6.8281  34.271682  34.271209     6.8098     6.8099    33.9565    33.9559    26.6226    26.6221     2.3664     2.3284     72.032     70.877     0.9792     0.9475     0.0403    -0.0177     3.3675     1.7265     0.0134 -125.33382   47.96006      99.83          5  0.000e+00
      54338   2264.042    198.805    200.584     6.8278     6.8279  34.272118  34.270960     6.8096     6.8097    33.9572    33.9558    26.6231    26.6220     2.3664     2.3284     72.032     70.878     0.9792     0.9475     0.0403    -0.0177     3.3675     1.7265     0.0134 -125.33382   47.96006      99.83          5  0.000e+00
      54339   2264.083    198.805    200.584     6.8280     6.8279  34.271869  34.271085     6.8098     6.8097    33.9567    33.9559    26.6228    26.6222     2.3605     2.3220     71.854     70.682     0.9780     0.9463     0.0403    -0.0177     3.3675     1.7265     0.0134 -125.33382   47.96006      99.83          5  0.000e+00
      54340   2264.125    198.805    200.584     6.8280     6.8278  34.271619  34.270960     6.8098     6.8096    33.9564    33.9559    26.6225    26.6222     2.3605     2.3284     71.854     70.878     0.9780     0.9475     0.0415     0.0129     3.3663     1.7265     0.0134 -125.33382   47.96006      99.85          5  0.000e+00
      54341   2264.167    198.759    200.538     6.8279     6.8279  34.271681  34.271084     6.8097     6.8098    33.9567    33.9560    26.6227    26.6222     2.3605     2.3220     71.854     70.682     0.9780     0.9463     0.0403    -0.0177     3.3675     1.7265     0.0134 -125.33382   47.96006      99.83          5  0.000e+00
      54342   2264.208    198.759    200.538     6.8280     6.8281  34.271432  34.271209     6.8098     6.8099    33.9562    33.9559    26.6224    26.6222     2.3605     2.3284     71.854     70.877     0.9780     0.9475     0.0403    -0.0177     3.3675     1.7265     0.0134 -125.33382   47.96006      99.83          5  0.000e+00
      54343   2264.250    198.759    200.538     6.8280     6.8276  34.271619  34.270711     6.8098     6.8094    33.9564    33.9559    26.6226    26.6222     2.3605     2.3220     71.853     70.683     0.9780     0.9463     0.0403    -0.0177     3.3675     1.7265     0.0134 -125.33382   47.96006      99.83          5  0.000e+00
