WCOA/WCOA-6/CTD_Data/RB2102_CTD_095_01.ros
* Sea-Bird SBE 9 Data File:
* FileName = C:\Users\scs.user.rb\CTD\RB2102\Data\RB2102_CTD_095_01.hex
* Software Version Seasave V 7.26.7.107
* Temperature SN = 6202
* Conductivity SN = 4907
* Number of Bytes Per Scan = 41
* Number of Voltage Words = 4
* Number of Scans Averaged by the Deck Unit = 1
* NMEA Latitude = 35 54.63 N
* NMEA Longitude = 123 55.74 W
* NMEA UTC (Time) = Jul 13 2021  18:06:41
* NMEA baud rate = 4800
# nquan = 30
# nvalues = 1176                                  
# units = specified
# name 0 = scan: Scan Count
# name 1 = timeS: Time, Elapsed [seconds]
# name 2 = depSM: Depth [salt water, m]
# name 3 = prDM: Pressure, Digiquartz [db]
# name 4 = t090C: Temperature [ITS-90, deg C]
# name 5 = t190C: Temperature, 2 [ITS-90, deg C]
# name 6 = c0mS/cm: Conductivity [mS/cm]
# name 7 = c1mS/cm: Conductivity, 2 [mS/cm]
# name 8 = potemp090C: Potential Temperature [ITS-90, deg C]
# name 9 = potemp190C: Potential Temperature, 2 [ITS-90, deg C]
# name 10 = sal00: Salinity, Practical [PSU]
# name 11 = sal11: Salinity, Practical, 2 [PSU]
# name 12 = sigma-é00: Density [sigma-theta, kg/m^3]
# name 13 = sigma-é11: Density, 2 [sigma-theta, kg/m^3]
# name 14 = sbeox0Mg/L: Oxygen, SBE 43 [mg/l]
# name 15 = sbeox1Mg/L: Oxygen, SBE 43, 2 [mg/l]
# name 16 = sbox0Mm/Kg: Oxygen, SBE 43 [umol/kg]
# name 17 = sbox1Mm/Kg: Oxygen, SBE 43, 2 [umol/kg]
# name 18 = sbeox0V: Oxygen raw, SBE 43 [V]
# name 19 = sbeox1V: Oxygen raw, SBE 43, 2 [V]
# name 20 = v4: Voltage 4
# name 21 = flECO-AFL: Fluorescence, WET Labs ECO-AFL/FL [mg/m^3]
# name 22 = v3: Voltage 3
# name 23 = v6: Voltage 6
# name 24 = v7: Voltage 7
# name 25 = longitude: Longitude [deg]
# name 26 = latitude: Latitude [deg]
# name 27 = altM: Altimeter [m]
# name 28 = nbf: Bottles Fired
# name 29 = flag:  0.000e+00
# interval = seconds: 0.0416667
# start_time = Jul 13 2021 18:06:41 [NMEA time, header]
# bad_flag = -9.990e-29
*END*
[from data line 436]
     238443   9935.083    495.943    500.193     5.7539     5.7545  33.673341  33.674994     5.7114     5.7119    34.2147    34.2160    26.9680    26.9690     0.5335     0.5564     16.235     16.931     0.5910     0.6032     0.0403    -0.0177     3.2821     0.0293     0.0000 -123.93080   35.90962     100.00          9  0.000e+00
     238444   9935.125    495.896    500.146     5.7537     5.7542  33.672783  33.674622     5.7112     5.7117    34.2143    34.2159    26.9678    26.9690     0.5335     0.5564     16.235     16.931     0.5910     0.6032     0.0403    -0.0177     3.2833     0.0293     0.0000 -123.93080   35.90962     100.00          9  0.000e+00
     238445   9935.167    495.943    500.193     5.7534     5.7540  33.672845  33.674437     5.7109     5.7115    34.2146    34.2158    26.9681    26.9689     0.5335     0.5564     16.235     16.931     0.5910     0.6032     0.0403    -0.0177     3.2821     0.0293     0.0000 -123.93080   35.90962     100.00          9  0.000e+00
     238446   9935.208    495.843    500.092     5.7532     5.7538  33.672721  33.674003     5.7106     5.7113    34.2148    34.2156    26.9682    26.9688     0.5398     0.5564     16.426     16.931     0.5922     0.6032     0.0403    -0.0177     3.2833     0.0293     0.0000 -123.93080   35.90962     100.00          9  0.000e+00
     238447   9935.250    495.896    500.146     5.7528     5.7535  33.672412  33.673818     5.7103     5.7110    34.2148    34.2156    26.9683    26.9689     0.5335     0.5564     16.236     16.931     0.5910     0.6032     0.0403    -0.0177     3.2833     0.0293     0.0000 -123.93080   35.90962     100.00          9  0.000e+00
     243443  10143.417    397.303    400.612     6.4623     6.4630  34.199304  34.200693     6.4264     6.4271    34.1417    34.1426    26.8196    26.8202     1.0820     1.1294     32.929     34.373     0.7045     0.7118     0.0403    -0.0177     3.2796     0.0232     0.0000 -123.93078   35.90958     100.00         10  0.000e+00
     243444  10143.458    397.217    400.525     6.4624     6.4632  34.199055  34.200443     6.4265     6.4273    34.1414    34.1421    26.8193    26.8198     1.0819     1.1294     32.928     34.372     0.7045     0.7118     0.0403    -0.0177     3.2821     0.0232     0.0000 -123.93078   35.90958     100.00         10  0.000e+00
     243445  10143.500    397.250    400.558     6.4625     6.4630  34.199429  34.200817     6.4266     6.4271    34.1417    34.1427    26.8196    26.8203     1.0819     1.1294     32.928     34.372     0.7045     0.7118     0.0403    -0.0177     3.2796     0.0232     0.0000 -123.93078   35.90958     100.00         10  0.000e+00
     243446  10143.542    397.303    400.612     6.4623     6.4630  34.199678  34.200506     6.4264     6.4271    34.1422    34.1424    26.8200    26.8200     1.0820     1.1294     32.928     34.373     0.7045     0.7118     0.0403    -0.0177     3.2796     0.0244     0.0000 -123.93078   35.90958      94.26         10  0.000e+00
     243447  10143.583    397.270    400.579     6.4623     6.4632  34.199366  34.200381     6.4264     6.4273    34.1419    34.1421    26.8197    26.8198     1.0820     1.1294     32.928     34.372     0.7045     0.7118     0.0403    -0.0177     3.2796     0.0232     0.0000 -123.93078   35.90958      86.06         10  0.000e+00
     243448  10143.625    397.303    400.612     6.4623     6.4632  34.199304  34.200630     6.4264     6.4273    34.1417    34.1424    26.8196    26.8200     1.0880     1.1294     33.113     34.373     0.7057     0.7118     0.0403    -0.0177     3.2796     0.0244     0.0000 -123.93078   35.90958      84.05         10  0.000e+00
     243449  10143.667    397.316    400.626     6.4624     6.4631  34.199491  34.200693     6.4265     6.4272    34.1418    34.1425    26.8197    26.8201     1.0880     1.1294     33.113     34.373     0.7057     0.7118     0.0403    -0.0177     3.2796     0.0232     0.0000 -123.93078   35.90958      84.44         10  0.000e+00
     243450  10143.708    397.250    400.558     6.4624     6.4632  34.199429  34.200879     6.4265     6.4273    34.1418    34.1427    26.8197    26.8202     1.0819     1.1294     32.928     34.372     0.7045     0.7118     0.0403    -0.0177     3.2796     0.0232     0.0000 -123.93078   35.90958      84.81         10  0.000e+00
     243451  10143.750    397.303    400.612     6.4623     6.4633  34.199304  34.201004     6.4264     6.4274    34.1417    34.1426    26.8196    26.8202     1.0820     1.1294     32.929     34.372     0.7045     0.7118     0.0403    -0.0177     3.2796     0.0232     0.0000 -123.93078   35.90958      84.88         10  0.000e+00
     243452  10143.792    397.316    400.626     6.4624     6.4632  34.199055  34.200568     6.4265     6.4273    34.1413    34.1422    26.8193    26.8199     1.0820     1.1294     32.929     34.373     0.7045     0.7118     0.0403    -0.0177     3.2796     0.0232     0.0000 -123.93078   35.90958      90.50         10  0.000e+00
     243453  10143.833    397.303    400.612     6.4625     6.4630  34.199179  34.200817     6.4266     6.4271    34.1414    34.1427    26.8194    26.8203     1.0820     1.1294     32.928     34.373     0.7045     0.7118     0.0403    -0.0177     3.2808     0.0232     0.0000 -123.93078   35.90958      98.58         10  0.000e+00
     243454  10143.875    397.316    400.626     6.4623     6.4632  34.199616  34.200755     6.4264     6.4273    34.1421    34.1425    26.8199    26.8201     1.0820     1.1294     32.929     34.373     0.7045     0.7118     0.0403    -0.0177     3.2808     0.0232     0.0000 -123.93078   35.90958     100.00         10  0.000e+00
     243455  10143.917    397.303    400.612     6.4624     6.4632  34.199366  34.200693     6.4265     6.4273    34.1417    34.1424    26.8196    26.8200     1.0820     1.1294     32.928     34.373     0.7045     0.7118     0.0403    -0.0177     3.2796     0.0232     0.0000 -123.93078   35.90958     100.00         10  0.000e+00
     243456  10143.958    397.303    400.612     6.4623     6.4632  34.199304  34.201129     6.4264     6.4273    34.1417    34.1429    26.8196    26.8204     1.0820     1.1294     32.929     34.372     0.7045     0.7118     0.0403    -0.0177     3.2796     0.0232     0.0000 -123.93078   35.90958     100.00         10  0.000e+00
     243457  10144.000    397.316    400.626     6.4626     6.4632  34.199491  34.200631     6.4267     6.4273    34.1417    34.1423    26.8196    26.8200     1.0820     1.1294     32.928     34.373     0.7045     0.7118     0.0403    -0.0177     3.2796     0.0232     0.0000 -123.93078   35.90958      99.88         10  0.000e+00
     243458  10144.042    397.303    400.612     6.4623     6.4630  34.199429  34.200817     6.4264     6.4271    34.1419    34.1427    26.8197    26.8203     1.0820     1.1228     32.928     34.171     0.7045     0.7106     0.0403    -0.0177     3.2821     0.0232     0.0000 -123.93078   35.90958      99.95         10  0.000e+00
     243459  10144.083    397.316    400.626     6.4624     6.4630  34.199055  34.200755     6.4265     6.4271    34.1413    34.1426    26.8193    26.8202     1.0820     1.1294     32.929     34.373     0.7045     0.7118     0.0403    -0.0177     3.2796     0.0232     0.0000 -123.93078   35.90958     100.00         10  0.000e+00
     243460  10144.125    397.303    400.612     6.4624     6.4631  34.199180  34.200693     6.4265     6.4272    34.1415    34.1425    26.8194    26.8202     1.0820     1.1294     32.929     34.373     0.7045     0.7118     0.0403    -0.0177     3.2808     0.0232     0.0000 -123.93078   35.90958     100.00         10  0.000e+00
     243461  10144.167    397.303    400.612     6.4625     6.4633  34.199491  34.200880     6.4266     6.4274    34.1418    34.1425    26.8196    26.8201     1.0880     1.1294     33.113     34.372     0.7057     0.7118     0.0403    -0.0177     3.2808     0.0232     0.0000 -123.93078   35.90958     100.00         10  0.000e+00
     243462  10144.208    397.217    400.525     6.4624     6.4631  34.199242  34.200568     6.4265     6.4272    34.1416    34.1424    26.8195    26.8201     1.0880     1.1294     33.113     34.372     0.7057     0.7118     0.0403    -0.0177     3.2808     0.0232     0.0000 -123.93078   35.90958     100.00         10  0.000e+00
     243463  10144.250    397.350    400.659     6.4624     6.4632  34.199242  34.200382     6.4265     6.4273    34.1415    34.1421    26.8195    26.8198     1.0880     1.1294     33.113     34.373     0.7057     0.7118     0.0403    -0.0177     3.2808     0.0232     0.0000 -123.93078   35.90958     100.00         10  0.000e+00
     243464  10144.292    397.250    400.558     6.4625     6.4632  34.199304  34.200568     6.4266     6.4273    34.1416    34.1423    26.8195    26.8200     1.0880     1.1294     33.113     34.372     0.7057     0.7118     0.0403    -0.0177     3.2808     0.0232     0.0000 -123.93078   35.90958     100.00         10  0.000e+00
     243465  10144.333    397.270    400.579     6.4624     6.4632  34.199491  34.200444     6.4265     6.4273    34.1419    34.1421    26.8197    26.8198     1.0819     1.1294     32.928     34.372     0.7045     0.7118     0.0403    -0.0177     3.2796     0.0232     0.0000 -123.93078   35.90958     100.00         10  0.000e+00
     243466  10144.375    397.303    400.612     6.4625     6.4633  34.199366  34.200568     6.4266     6.4274    34.1416    34.1421    26.8195    26.8198     1.0820     1.1294     32.928     34.373     0.7045     0.7118     0.0403    -0.0177     3.2808     0.0232     0.0000 -123.93078   35.90958     100.00         10  0.000e+00
     243467  10144.417    397.270    400.579     6.4624     6.4632  34.199117  34.200693     6.4265     6.4273    34.1414    34.1424    26.8194    26.8200     1.0820     1.1294     32.928     34.372     0.7045     0.7118     0.0403    -0.0177     3.2808     0.0232     0.0000 -123.93078   35.90958     100.00         10  0.000e+00
     243468  10144.458    397.203    400.511     6.4623     6.4633  34.198992  34.200942     6.4264     6.4274    34.1415    34.1426    26.8194    26.8202     1.0819     1.1294     32.928     34.372     0.7045     0.7118     0.0403    -0.0177     3.2796     0.0232     0.0000 -123.93078   35.90958     100.00         10  0.000e+00
     243469  10144.500    397.250    400.558     6.4623     6.4633  34.199429  34.200506     6.4264     6.4274    34.1419    34.1421    26.8197    26.8198     1.0819     1.1228     32.928     34.171     0.7045     0.7106     0.0403    -0.0177     3.2808     0.0232     0.0000 -123.93078   35.90958     100.00         10  0.000e+00
     243470  10144.542    397.217    400.525     6.4622     6.4632  34.199366  34.200568     6.4263     6.4273    34.1420    34.1423    26.8199    26.8199     1.0819     1.1294     32.928     34.372     0.7045     0.7118     0.0403    -0.0177     3.2808     0.0232     0.0000 -123.93078   35.90958     100.00         10  0.000e+00
     243471  10144.583    397.203    400.511     6.4619     6.4633  34.198930  34.200879     6.4260     6.4274    34.1418    34.1425    26.8198    26.8201     1.0820     1.1294     32.928     34.372     0.7045     0.7118     0.0403    -0.0177     3.2821     0.0232     0.0000 -123.93078   35.90958     100.00         10  0.000e+00
     243472  10144.625    397.217    400.525     6.4615     6.4633  34.198431  34.201004     6.4256     6.4274    34.1417    34.1427    26.8197    26.8202     1.0820     1.1294     32.929     34.372     0.7045     0.7118     0.0403    -0.0177     3.2821     0.0232     0.0000 -123.93078   35.90958     100.00         10  0.000e+00
     243473  10144.667    397.150    400.458     6.4615     6.4636  34.198120  34.201004     6.4256     6.4277    34.1414    34.1425    26.8194    26.8200     1.0820     1.1294     32.929     34.372     0.7045     0.7118     0.0403    -0.0177     3.2808     0.0232     0.0000 -123.93078   35.90958     100.00         10  0.000e+00
     243474  10144.708    397.203    400.511     6.4614     6.4633  34.198494  34.200506     6.4255     6.4274    34.1418    34.1421    26.8198    26.8198     1.0820     1.1294     32.929     34.372     0.7045     0.7118     0.0403    -0.0177     3.2796     0.0232     0.0000 -123.93078   35.90958     100.00         10  0.000e+00
     243475  10144.750    397.123    400.431     6.4607     6.4632  34.198120  34.200381     6.4248     6.4273    34.1421    34.1421    26.8202    26.8198     1.0880     1.1294     33.114     34.372     0.7057     0.7118     0.0403    -0.0177     3.2808     0.0232     0.0000 -123.93078   35.90958     100.00         10  0.000e+00
     243476  10144.792    397.150    400.458     6.4607     6.4635  34.197746  34.201066     6.4248     6.4276    34.1417    34.1426    26.8198    26.8202     1.0880     1.1294     33.114     34.372     0.7057     0.7118     0.0403    -0.0177     3.2808     0.0232     0.0000 -123.93078   35.90958     100.00         10  0.000e+00
     243477  10144.833    397.123    400.431     6.4604     6.4637  34.197496  34.200879     6.4245     6.4278    34.1417    34.1422    26.8199    26.8198     1.0881     1.1294     33.114     34.371     0.7057     0.7118     0.0403    -0.0177     3.2808     0.0244     0.0000 -123.93078   35.90958     100.00         10  0.000e+00
     243478  10144.875    397.103    400.410     6.4607     6.4637  34.197870  34.201128     6.4248     6.4278    34.1419    34.1425    26.8199    26.8200     1.0880     1.1294     33.114     34.371     0.7057     0.7118     0.0403    -0.0177     3.2808     0.0232     0.0000 -123.93078   35.90958     100.00         10  0.000e+00
     243479  10144.917    397.050    400.357     6.4602     6.4635  34.197683  34.201066     6.4243     6.4276    34.1422    34.1427    26.8202    26.8202     1.0880     1.1294     33.114     34.371     0.7057     0.7118     0.0403    -0.0177     3.2808     0.0232     0.0000 -123.93078   35.90958     100.00         10  0.000e+00
     243480  10144.958    397.070    400.377     6.4604     6.4637  34.197434  34.201190     6.4245     6.4278    34.1417    34.1426    26.8199    26.8201     1.0880     1.1227     33.114     34.169     0.7057     0.7106     0.0403    -0.0177     3.2808     0.0232     0.0000 -123.93078   35.90958     100.00         10  0.000e+00
     243481  10145.000    397.050    400.357     6.4600     6.4638  34.197621  34.201066     6.4242     6.4279    34.1423    34.1423    26.8204    26.8199     1.0880     1.1294     33.114     34.371     0.7057     0.7118     0.0403    -0.0177     3.2808     0.0232     0.0000 -123.93078   35.90958     100.00         10  0.000e+00
     243482  10145.042    397.003    400.310     6.4601     6.4640  34.197496  34.200816     6.4242     6.4281    34.1421    34.1419    26.8202    26.8196     1.0820     1.1293     32.929     34.371     0.7045     0.7118     0.0403    -0.0177     3.2808     0.0232     0.0000 -123.93078   35.90958     100.00         10  0.000e+00
     243483  10145.083    397.023    400.330     6.4600     6.4637  34.197558  34.201128     6.4242     6.4278    34.1422    34.1425    26.8203    26.8201     1.0880     1.1293     33.114     34.371     0.7057     0.7118     0.0403    -0.0177     3.2796     0.0232     0.0000 -123.93078   35.90958     100.00         10  0.000e+00
     243484  10145.125    396.957    400.263     6.4599     6.4640  34.197434  34.201065     6.4241     6.4281    34.1422    34.1422    26.8203    26.8198     1.0820     1.1293     32.929     34.370     0.7045     0.7118     0.0403    -0.0177     3.2808     0.0232     0.0000 -123.93078   35.90958     100.00         10  0.000e+00
