WCOA/WCOA-6/CTD_Data/RB2102_CTD_085_01.ros
* Sea-Bird SBE 9 Data File:
* FileName = C:\Users\scs.user.rb\CTD\RB2102\Data\RB2102_CTD_085_01.hex
* Software Version Seasave V 7.26.7.107
* Temperature SN = 6202
* Conductivity SN = 4907
* Number of Bytes Per Scan = 41
* Number of Voltage Words = 4
* Number of Scans Averaged by the Deck Unit = 1
* NMEA Latitude = 37 40.03 N
* NMEA Longitude = 123 29.05 W
* NMEA UTC (Time) = Jul 11 2021  14:38:57
* NMEA baud rate = 4800
# nquan = 30
# nvalues = 1176                                  
# units = specified
# name 0 = scan: Scan Count
# name 1 = timeS: Time, Elapsed [seconds]
# name 2 = depSM: Depth [salt water, m]
# name 3 = prDM: Pressure, Digiquartz [db]
# name 4 = t090C: Temperature [ITS-90, deg C]
# name 5 = t190C: Temperature, 2 [ITS-90, deg C]
# name 6 = c0mS/cm: Conductivity [mS/cm]
# name 7 = c1mS/cm: Conductivity, 2 [mS/cm]
# name 8 = potemp090C: Potential Temperature [ITS-90, deg C]
# name 9 = potemp190C: Potential Temperature, 2 [ITS-90, deg C]
# name 10 = sal00: Salinity, Practical [PSU]
# name 11 = sal11: Salinity, Practical, 2 [PSU]
# name 12 = sigma-é00: Density [sigma-theta, kg/m^3]
# name 13 = sigma-é11: Density, 2 [sigma-theta, kg/m^3]
# name 14 = sbeox0Mg/L: Oxygen, SBE 43 [mg/l]
# name 15 = sbeox1Mg/L: Oxygen, SBE 43, 2 [mg/l]
# name 16 = sbox0Mm/Kg: Oxygen, SBE 43 [umol/kg]
# name 17 = sbox1Mm/Kg: Oxygen, SBE 43, 2 [umol/kg]
# name 18 = sbeox0V: Oxygen raw, SBE 43 [V]
# name 19 = sbeox1V: Oxygen raw, SBE 43, 2 [V]
# name 20 = v4: Voltage 4
# name 21 = flECO-AFL: Fluorescence, WET Labs ECO-AFL/FL [mg/m^3]
# name 22 = v3: Voltage 3
# name 23 = v6: Voltage 6
# name 24 = v7: Voltage 7
# name 25 = longitude: Longitude [deg]
# name 26 = latitude: Latitude [deg]
# name 27 = altM: Altimeter [m]
# name 28 = nbf: Bottles Fired
# name 29 = flag:  0.000e+00
# interval = seconds: 0.0416667
# start_time = Jul 11 2021 14:38:57 [NMEA time, header]
# bad_flag = -9.990e-29
*END*
[from data line 677]
     205032   8542.958    100.025    100.801    10.3053    10.3066  37.331672  37.333728    10.2936    10.2949    33.8921    33.8929    26.0368    26.0372     4.4910     4.6277    136.784    140.949     1.5140     1.4762     0.0415     0.0129     3.2503     0.0000     0.0000 -123.48798   37.66574      99.54         14  0.000e+00
     205033   8543.000    100.025    100.801    10.3054    10.3066  37.331736  37.333921    10.2937    10.2949    33.8920    33.8931    26.0367    26.0374     4.4910     4.6277    136.783    140.949     1.5140     1.4762     0.0415     0.0129     3.2503     0.0000     0.0000 -123.48798   37.66574      99.54         14  0.000e+00
     205034   8543.042    100.071    100.848    10.3053    10.3068  37.331866  37.334050    10.2935    10.2951    33.8922    33.8930    26.0369    26.0373     4.4910     4.6278    136.784    140.949     1.5140     1.4762     0.0415     0.0129     3.2503     0.0000     0.0000 -123.48798   37.66574      99.54         14  0.000e+00
     205035   8543.083     99.972    100.747    10.3054    10.3066  37.331736  37.334050    10.2937    10.2949    33.8920    33.8933    26.0367    26.0375     4.4909     4.6277    136.782    140.948     1.5140     1.4762     0.0415     0.0129     3.2491     0.0000     0.0000 -123.48798   37.66574      99.54         14  0.000e+00
     205036   8543.125    100.071    100.848    10.3054    10.3064  37.332188  37.333792    10.2937    10.2947    33.8924    33.8931    26.0370    26.0374     4.4910     4.6278    136.784    140.950     1.5140     1.4762     0.0415     0.0129     3.2503     0.0000     0.0000 -123.48798   37.66574      99.54         14  0.000e+00
     205037   8543.167    100.025    100.801    10.3056    10.3064  37.332381  37.333728    10.2939    10.2947    33.8925    33.8931    26.0371    26.0374     4.4909     4.6278    136.782    140.950     1.5140     1.4762     0.0415     0.0129     3.2491     0.0000     0.0000 -123.48798   37.66574      99.54         14  0.000e+00
     205038   8543.208    100.025    100.801    10.3058    10.3066  37.332252  37.334179    10.2940    10.2949    33.8922    33.8933    26.0368    26.0375     4.4909     4.6277    136.782    140.949     1.5140     1.4762     0.0415     0.0129     3.2491     0.0000     0.0000 -123.48798   37.66574      99.54         14  0.000e+00
     205039   8543.250     99.979    100.754    10.3056    10.3067  37.331865  37.334114    10.2939    10.2950    33.8920    33.8932    26.0367    26.0374     4.4909     4.6277    136.782    140.948     1.5140     1.4762     0.0415     0.0129     3.2503     0.0000     0.0000 -123.48798   37.66574      99.54         14  0.000e+00
     205040   8543.292     99.979    100.754    10.3059    10.3068  37.332446  37.334050    10.2942    10.2951    33.8922    33.8931    26.0368    26.0373     4.4909     4.6277    136.781    140.948     1.5140     1.4762     0.0415     0.0129     3.2491     0.0000     0.0000 -123.48798   37.66574      99.54         14  0.000e+00
     208397   8683.167     79.827     80.442    10.6750    10.6760  37.633409  37.635277    10.6655    10.6664    33.8609    33.8619    25.9478    25.9485     5.1613     5.3125    157.214    161.819     1.6801     1.6325     0.0415     0.0129     3.2479     0.0000     0.0000 -123.48796   37.66568      99.44         15  0.000e+00
     208398   8683.208     79.827     80.442    10.6754    10.6759  37.633539  37.635407    10.6658    10.6664    33.8607    33.8621    25.9476    25.9486     5.1613     5.3125    157.213    161.819     1.6801     1.6325     0.0415     0.0129     3.2479     0.0000     0.0000 -123.48796   37.66568      99.44         15  0.000e+00
     208399   8683.250     79.727     80.341    10.6749    10.6758  37.634121  37.635148    10.6653    10.6663    33.8618    33.8620    25.9486    25.9485     5.1612     5.3125    157.212    161.818     1.6801     1.6325     0.0415     0.0129     3.2491     0.0000     0.0000 -123.48796   37.66568      99.44         15  0.000e+00
     208400   8683.292     79.926     80.542    10.6749    10.6760  37.633539  37.635278    10.6653    10.6664    33.8612    33.8619    25.9481    25.9484     5.1614     5.3126    157.216    161.821     1.6801     1.6325     0.0415     0.0129     3.2491     0.0000     0.0000 -123.48796   37.66568      99.44         15  0.000e+00
     208401   8683.333     79.813     80.428    10.6749    10.6760  37.633539  37.635601    10.6653    10.6664    33.8612    33.8622    25.9481    25.9487     5.1613     5.3125    157.214    161.819     1.6801     1.6325     0.0415     0.0129     3.2479     0.0000     0.0000 -123.48796   37.66568      99.44         15  0.000e+00
     208402   8683.375     79.826     80.442    10.6747    10.6758  37.633409  37.635213    10.6651    10.6663    33.8612    33.8620    25.9482    25.9485     5.1613     5.3068    157.215    161.645     1.6801     1.6313     0.0415     0.0129     3.2491     0.0000     0.0000 -123.48796   37.66568      99.41         15  0.000e+00
     208403   8683.417     79.873     80.488    10.6745    10.6760  37.633539  37.635084    10.6650    10.6664    33.8615    33.8617    25.9484    25.9483     5.1614     5.3125    157.216    161.820     1.6801     1.6325     0.0415     0.0129     3.2491     0.0000     0.0000 -123.48796   37.66568      99.41         15  0.000e+00
     208404   8683.458     79.780     80.395    10.6747    10.6758  37.633409  37.635083    10.6651    10.6663    33.8613    33.8619    25.9482    25.9484     5.1613     5.3125    157.214    161.819     1.6801     1.6325     0.0415     0.0129     3.2479     0.0000     0.0000 -123.48796   37.66568      99.44         15  0.000e+00
     208405   8683.500     79.873     80.488    10.6745    10.6757  37.633345  37.635084    10.6650    10.6662    33.8613    33.8619    25.9482    25.9485     5.1614     5.3126    157.216    161.821     1.6801     1.6325     0.0415     0.0129     3.2491     0.0000     0.0000 -123.48796   37.66568      99.44         15  0.000e+00
     208406   8683.542     79.826     80.442    10.6745    10.6758  37.633539  37.635277    10.6650    10.6663    33.8615    33.8620    25.9484    25.9486     5.1614     5.3125    157.215    161.820     1.6801     1.6325     0.0415     0.0129     3.2491     0.0000     0.0000 -123.48796   37.66568      99.44         15  0.000e+00
     208407   8683.583     79.873     80.488    10.6747    10.6758  37.633150  37.635148    10.6652    10.6663    33.8609    33.8619    25.9479    25.9485     5.1614     5.3068    157.216    161.646     1.6801     1.6313     0.0415     0.0129     3.2491     0.0000     0.0000 -123.48796   37.66568      99.44         15  0.000e+00
     208408   8683.625     79.866     80.482    10.6745    10.6758  37.633215  37.635084    10.6650    10.6663    33.8612    33.8618    25.9481    25.9484     5.1614     5.3126    157.216    161.821     1.6801     1.6325     0.0415     0.0129     3.2491     0.0000     0.0000 -123.48796   37.66568      99.44         15  0.000e+00
     208409   8683.667     79.873     80.488    10.6745    10.6758  37.633086  37.635084    10.6650    10.6663    33.8610    33.8618    25.9480    25.9484     5.1614     5.3126    157.217    161.821     1.6801     1.6325     0.0415     0.0129     3.2491     0.0000     0.0000 -123.48796   37.66568      99.41         15  0.000e+00
     208410   8683.708     79.826     80.442    10.6745    10.6756  37.633021  37.635277    10.6650    10.6661    33.8610    33.8622    25.9480    25.9487     5.1614     5.3125    157.216    161.820     1.6801     1.6325     0.0415     0.0129     3.2491     0.0000     0.0000 -123.48796   37.66568      99.44         15  0.000e+00
     208411   8683.750     79.873     80.488    10.6745    10.6756  37.633215  37.635148    10.6650    10.6661    33.8612    33.8621    25.9481    25.9486     5.1614     5.3126    157.216    161.821     1.6801     1.6325     0.0415     0.0129     3.2479     0.0000     0.0000 -123.48796   37.66568      99.44         15  0.000e+00
     208412   8683.792     79.826     80.442    10.6744    10.6757  37.633086  37.635083    10.6648    10.6662    33.8612    33.8619    25.9482    25.9485     5.1614     5.3125    157.216    161.820     1.6801     1.6325     0.0415     0.0129     3.2491     0.0000     0.0000 -123.48796   37.66570      99.44         15  0.000e+00
     208413   8683.833     79.873     80.488    10.6744    10.6761  37.633215  37.635278    10.6649    10.6666    33.8613    33.8617    25.9482    25.9483     5.1614     5.3125    157.217    161.820     1.6801     1.6325     0.0415     0.0129     3.2479     0.0000     0.0000 -123.48796   37.66570      99.44         15  0.000e+00
     208414   8683.875     79.813     80.428    10.6742    10.6760  37.632827  37.635407    10.6646    10.6664    33.8611    33.8621    25.9482    25.9486     5.1614     5.3125    157.217    161.819     1.6801     1.6325     0.0415     0.0129     3.2491     0.0000     0.0000 -123.48796   37.66570      99.44         15  0.000e+00
     208415   8683.917     79.873     80.488    10.6742    10.6758  37.632698  37.635601    10.6646    10.6663    33.8610    33.8624    25.9480    25.9488     5.1614     5.3125    157.218    161.820     1.6801     1.6325     0.0415     0.0129     3.2491     0.0000     0.0000 -123.48796   37.66570      99.44         15  0.000e+00
     208416   8683.958     79.873     80.488    10.6742    10.6761  37.632892  37.635730    10.6646    10.6666    33.8612    33.8622    25.9482    25.9486     5.1614     5.3125    157.218    161.819     1.6801     1.6325     0.0415     0.0129     3.2491     0.0000     0.0000 -123.48796   37.66570      99.44         15  0.000e+00
     208417   8684.000     79.826     80.442    10.6742    10.6760  37.632762  37.635213    10.6647    10.6664    33.8610    33.8619    25.9481    25.9484     5.1614     5.3125    157.217    161.819     1.6801     1.6325     0.0415     0.0129     3.2479     0.0000     0.0000 -123.48796   37.66570      99.44         15  0.000e+00
     208418   8684.042     79.826     80.442    10.6740    10.6761  37.632892  37.635277    10.6645    10.6666    33.8613    33.8617    25.9483    25.9483     5.1614     5.3125    157.217    161.819     1.6801     1.6325     0.0415     0.0129     3.2479     0.0000     0.0000 -123.48796   37.66570      99.44         15  0.000e+00
     208419   8684.083     79.873     80.488    10.6742    10.6760  37.633021  37.635407    10.6646    10.6664    33.8613    33.8620    25.9483    25.9485     5.1562     5.3125    157.057    161.820     1.6789     1.6325     0.0415     0.0129     3.2491     0.0000     0.0000 -123.48796   37.66570      99.44         15  0.000e+00
     208420   8684.125     79.826     80.441    10.6740    10.6761  37.632762  37.635407    10.6645    10.6665    33.8612    33.8620    25.9482    25.9485     5.1614     5.3125    157.217    161.819     1.6801     1.6325     0.0415     0.0129     3.2491     0.0000     0.0000 -123.48796   37.66570      99.44         15  0.000e+00
     208421   8684.167     79.866     80.482    10.6740    10.6760  37.632698  37.635407    10.6645    10.6664    33.8611    33.8620    25.9482    25.9485     5.1615     5.3125    157.218    161.820     1.6801     1.6325     0.0427     0.0434     3.2479     0.0000     0.0000 -123.48796   37.66570      99.44         15  0.000e+00
     208422   8684.208     79.826     80.441    10.6742    10.6761  37.633150  37.635148    10.6646    10.6666    33.8614    33.8616    25.9484    25.9482     5.1614     5.3067    157.216    161.644     1.6801     1.6313     0.0415     0.0129     3.2491     0.0000     0.0000 -123.48796   37.66570      99.44         15  0.000e+00
     208423   8684.250     79.780     80.395    10.6742    10.6761  37.632827  37.635536    10.6647    10.6666    33.8611    33.8620    25.9481    25.9485     5.1561     5.3124    157.055    161.817     1.6789     1.6325     0.0415     0.0129     3.2491     0.0000     0.0000 -123.48796   37.66570      99.41         15  0.000e+00
     208424   8684.292     79.873     80.488    10.6742    10.6761  37.632892  37.635924    10.6646    10.6666    33.8612    33.8624    25.9482    25.9488     5.1562     5.3125    157.057    161.819     1.6789     1.6325     0.0415     0.0129     3.2479     0.0000     0.0000 -123.48796   37.66570      99.44         15  0.000e+00
     208425   8684.333     79.780     80.395    10.6744    10.6760  37.633215  37.635277    10.6648    10.6664    33.8614    33.8619    25.9483    25.9485     5.1561     5.3125    157.054    161.818     1.6789     1.6325     0.0415     0.0129     3.2491     0.0000     0.0000 -123.48796   37.66570      99.41         15  0.000e+00
     208426   8684.375     79.826     80.441    10.6744    10.6763  37.633086  37.635795    10.6648    10.6668    33.8612    33.8621    25.9482    25.9485     5.1614     5.3125    157.216    161.818     1.6801     1.6325     0.0415     0.0129     3.2491     0.0000     0.0000 -123.48796   37.66570      99.41         15  0.000e+00
     208427   8684.417     79.826     80.441    10.6742    10.6767  37.633021  37.635795    10.6647    10.6672    33.8613    33.8617    25.9483    25.9482     5.1614     5.3124    157.216    161.817     1.6801     1.6325     0.0415     0.0129     3.2491     0.0000     0.0000 -123.48796   37.66570      99.44         15  0.000e+00
     208428   8684.458     79.813     80.428    10.6747    10.6770  37.633409  37.635924    10.6651    10.6674    33.8612    33.8616    25.9482    25.9481     5.1613     5.3066    157.215    161.640     1.6801     1.6313     0.0415     0.0129     3.2491     0.0000     0.0000 -123.48796   37.66570      99.44         15  0.000e+00
     208429   8684.500     79.727     80.341    10.6749    10.6772  37.633409  37.635794    10.6653    10.6676    33.8611    33.8614    25.9480    25.9478     5.1613     5.3123    157.212    161.813     1.6801     1.6325     0.0415     0.0129     3.2491     0.0000     0.0000 -123.48796   37.66570      99.44         15  0.000e+00
     208430   8684.542     79.826     80.441    10.6750    10.6768  37.634056  37.635924    10.6655    10.6672    33.8616    33.8618    25.9483    25.9482     5.1613     5.3067    157.213    161.641     1.6801     1.6313     0.0415     0.0129     3.2491     0.0000     0.0000 -123.48796   37.66570      99.44         15  0.000e+00
     208431   8684.583     79.780     80.395    10.6752    10.6767  37.634056  37.635536    10.6656    10.6671    33.8614    33.8616    25.9482    25.9481     5.1613     5.3067    157.212    161.641     1.6801     1.6313     0.0415     0.0129     3.2479     0.0000     0.0000 -123.48796   37.66570      99.41         15  0.000e+00
     208432   8684.625     79.780     80.395    10.6754    10.6763  37.633991  37.635601    10.6658    10.6668    33.8612    33.8619    25.9480    25.9484     5.1560     5.3067    157.051    161.642     1.6789     1.6313     0.0415     0.0129     3.2479     0.0000     0.0000 -123.48796   37.66570      99.41         15  0.000e+00
     208433   8684.667     79.780     80.395    10.6754    10.6767  37.633991  37.635730    10.6658    10.6671    33.8612    33.8618    25.9480    25.9482     5.1560     5.3066    157.051    161.641     1.6789     1.6313     0.0415     0.0129     3.2479     0.0000     0.0000 -123.48796   37.66570      99.44         15  0.000e+00
     208434   8684.708     79.780     80.395    10.6757    10.6767  37.634185  37.635924    10.6661    10.6671    33.8611    33.8620    25.9479    25.9484     5.1559     5.3066    157.050    161.641     1.6789     1.6313     0.0415     0.0129     3.2479     0.0000     0.0000 -123.48796   37.66570      99.44         15  0.000e+00
     208435   8684.750     79.767     80.381    10.6755    10.6767  37.634315  37.635794    10.6660    10.6672    33.8614    33.8617    25.9481    25.9482     5.1559     5.3066    157.050    161.640     1.6789     1.6313     0.0415     0.0129     3.2491     0.0000     0.0000 -123.48796   37.66570      99.44         15  0.000e+00
