WCOA/WCOA-6/CTD_Data/RB2102_CTD_006_01.ros
* Sea-Bird SBE 9 Data File:
* FileName = C:\Users\scs.user.rb\CTD\RB2102\Data\RB2102_CTD_006_01.hex
* Software Version Seasave V 7.26.7.107
* Temperature SN = 6202
* Conductivity SN = 4907
* Number of Bytes Per Scan = 41
* Number of Voltage Words = 4
* Number of Scans Averaged by the Deck Unit = 1
* NMEA Latitude = 52 01.06 N
* NMEA Longitude = 129 58.22 W
* NMEA UTC (Time) = Jun 26 2021  04:00:57
* NMEA baud rate = 4800
# nquan = 30
# nvalues = 882                                   
# units = specified
# name 0 = scan: Scan Count
# name 1 = timeS: Time, Elapsed [seconds]
# name 2 = depSM: Depth [salt water, m]
# name 3 = prDM: Pressure, Digiquartz [db]
# name 4 = t090C: Temperature [ITS-90, deg C]
# name 5 = t190C: Temperature, 2 [ITS-90, deg C]
# name 6 = c0mS/cm: Conductivity [mS/cm]
# name 7 = c1mS/cm: Conductivity, 2 [mS/cm]
# name 8 = potemp090C: Potential Temperature [ITS-90, deg C]
# name 9 = potemp190C: Potential Temperature, 2 [ITS-90, deg C]
# name 10 = sal00: Salinity, Practical [PSU]
# name 11 = sal11: Salinity, Practical, 2 [PSU]
# name 12 = sigma-é00: Density [sigma-theta, kg/m^3]
# name 13 = sigma-é11: Density, 2 [sigma-theta, kg/m^3]
# name 14 = sbeox0Mg/L: Oxygen, SBE 43 [mg/l]
# name 15 = sbeox1Mg/L: Oxygen, SBE 43, 2 [mg/l]
# name 16 = sbox0Mm/Kg: Oxygen, SBE 43 [umol/kg]
# name 17 = sbox1Mm/Kg: Oxygen, SBE 43, 2 [umol/kg]
# name 18 = sbeox0V: Oxygen raw, SBE 43 [V]
# name 19 = sbeox1V: Oxygen raw, SBE 43, 2 [V]
# name 20 = v4: Voltage 4
# name 21 = flECO-AFL: Fluorescence, WET Labs ECO-AFL/FL [mg/m^3]
# name 22 = v3: Voltage 3
# name 23 = v6: Voltage 6
# name 24 = v7: Voltage 7
# name 25 = longitude: Longitude [deg]
# name 26 = latitude: Latitude [deg]
# name 27 = altM: Altimeter [m]
# name 28 = nbf: Bottles Fired
# name 29 = flag:  0.000e+00
# interval = seconds: 0.0416667
# start_time = Jun 26 2021 04:00:57 [NMEA time, header]
# bad_flag = -9.990e-29
*END*
[from data line 49]
      20237    843.167    119.088    120.175     6.6495     6.6478  33.468077  33.467351     6.6390     6.6373    33.2848    33.2856    26.1158    26.1168     4.7414     4.6803    144.400    142.539     1.4750     1.3968     0.0403    -0.0177     3.3785     1.5250     2.1111 -129.97088   52.01750      13.87          2  0.000e+00
      20238    843.208    119.088    120.175     6.6492     6.6479  33.468263  33.467166     6.6387     6.6374    33.2853    33.2853    26.1163    26.1165     4.7414     4.6803    144.401    142.539     1.4750     1.3968     0.0403    -0.0177     3.3785     1.5238     2.1111 -129.97088   52.01750      13.85          2  0.000e+00
      20239    843.250    119.134    120.221     6.6490     6.6478  33.468139  33.467537     6.6385     6.6373    33.2853    33.2858    26.1163    26.1169     4.7415     4.6739    144.402    142.344     1.4750     1.3956     0.0403    -0.0177     3.3785     1.5250     2.1111 -129.97088   52.01750      13.80          2  0.000e+00
      20240    843.292    119.134    120.221     6.6487     6.6479  33.468263  33.466981     6.6382     6.6374    33.2858    33.2851    26.1167    26.1163     4.7415     4.6739    144.403    142.345     1.4750     1.3956     0.0403    -0.0177     3.3785     1.5238     2.1111 -129.97088   52.01750      13.80          2  0.000e+00
      20241    843.333    119.088    120.175     6.6488     6.6478  33.467892  33.466981     6.6383     6.6373    33.2852    33.2852    26.1163    26.1164     4.7415     4.6803    144.402    142.539     1.4750     1.3968     0.0403    -0.0177     3.3785     1.5238     2.1111 -129.97088   52.01750      13.77          2  0.000e+00
      20242    843.375    119.187    120.275     6.6489     6.6481  33.467954  33.467105     6.6383     6.6376    33.2852    33.2850    26.1163    26.1162     4.7415     4.6803    144.404    142.540     1.4750     1.3968     0.0403    -0.0177     3.3785     1.5250     2.1111 -129.97088   52.01750      13.80          2  0.000e+00
      20243    843.417    119.187    120.275     6.6488     6.6479  33.468263  33.467105     6.6383     6.6374    33.2856    33.2852    26.1166    26.1164     4.7415     4.6804    144.403    142.540     1.4750     1.3968     0.0403    -0.0177     3.3773     1.5250     2.1123 -129.97088   52.01750      13.77          2  0.000e+00
      20244    843.458    119.187    120.275     6.6488     6.6483  33.468140  33.467537     6.6383     6.6377    33.2854    33.2853    26.1165    26.1164     4.7415     4.6803    144.404    142.539     1.4750     1.3968     0.0403    -0.0177     3.3773     1.5250     2.1111 -129.97088   52.01750      13.77          2  0.000e+00
      20245    843.500    119.234    120.322     6.6488     6.6481  33.467831  33.467660     6.6383     6.6376    33.2851    33.2856    26.1162    26.1167     4.7416     4.6803    144.405    142.540     1.4750     1.3968     0.0403    -0.0177     3.3785     1.5250     2.1111 -129.97088   52.01750      13.72          2  0.000e+00
      20246    843.542    119.234    120.322     6.6487     6.6479  33.467954  33.467661     6.6382     6.6374    33.2853    33.2858    26.1164    26.1168     4.7416     4.6804    144.405    142.541     1.4750     1.3968     0.0403    -0.0177     3.3785     1.5250     2.1123 -129.97088   52.01750      13.70          2  0.000e+00
      20247    843.583    119.234    120.322     6.6487     6.6481  33.467831  33.467475     6.6381     6.6376    33.2852    33.2854    26.1163    26.1165     4.7416     4.6740    144.405    142.346     1.4750     1.3956     0.0403    -0.0177     3.3797     1.5250     2.1111 -129.97088   52.01750      13.70          2  0.000e+00
      20248    843.625    119.287    120.375     6.6486     6.6479  33.467769  33.467167     6.6380     6.6374    33.2853    33.2852    26.1164    26.1164     4.7416     4.6804    144.407    142.542     1.4750     1.3968     0.0403    -0.0177     3.3785     1.5250     2.1111 -129.97088   52.01750      13.70          2  0.000e+00
      20249    843.667    119.254    120.342     6.6484     6.6479  33.467707  33.466858     6.6378     6.6374    33.2854    33.2849    26.1165    26.1161     4.7416     4.6804    144.407    142.542     1.4750     1.3968     0.0403    -0.0177     3.3785     1.5250     2.1111 -129.97088   52.01750      13.70          2  0.000e+00
      20250    843.708    119.287    120.375     6.6483     6.6478  33.467522  33.466981     6.6377     6.6372    33.2853    33.2851    26.1164    26.1164     4.7417     4.6804    144.408    142.543     1.4750     1.3968     0.0403    -0.0177     3.3773     1.5250     2.1111 -129.97088   52.01750      13.68          2  0.000e+00
      20251    843.750    119.333    120.422     6.6484     6.6477  33.467460  33.467105     6.6378     6.6371    33.2851    33.2854    26.1163    26.1166     4.7417     4.6805    144.408    142.544     1.4750     1.3968     0.0403    -0.0177     3.3785     1.5250     2.1123 -129.97088   52.01750      13.60          2  0.000e+00
      20252    843.792    119.333    120.422     6.6482     6.6473  33.467398  33.467290     6.6377     6.6367    33.2852    33.2859    26.1163    26.1171     4.7417     4.6741    144.409    142.350     1.4750     1.3956     0.0403    -0.0177     3.3785     1.5250     2.1111 -129.97088   52.01750      13.58          2  0.000e+00
      20253    843.833    119.333    120.422     6.6482     6.6472  33.467398  33.467599     6.6377     6.6366    33.2852    33.2864    26.1163    26.1175     4.7417     4.6805    144.409    142.545     1.4750     1.3968     0.0403    -0.0177     3.3773     1.5250     2.1111 -129.97088   52.01750      13.58          2  0.000e+00
      20254    843.875    119.379    120.469     6.6484     6.6470  33.467460  33.467414     6.6378     6.6364    33.2850    33.2863    26.1162    26.1174     4.7417     4.6805    144.409    142.546     1.4750     1.3968     0.0403    -0.0177     3.3773     1.5250     2.1111 -129.97088   52.01750      13.58          2  0.000e+00
      20255    843.917    119.379    120.469     6.6482     6.6470  33.467399  33.467599     6.6377     6.6364    33.2851    33.2865    26.1163    26.1176     4.7417     4.6741    144.410    142.351     1.4750     1.3956     0.0403    -0.0177     3.3785     1.5250     2.1111 -129.97088   52.01750      13.58          2  0.000e+00
      20256    843.958    119.432    120.522     6.6477     6.6472  33.467646  33.467229     6.6372     6.6366    33.2859    33.2860    26.1169    26.1171     4.7418     4.6742    144.412    142.352     1.4750     1.3956     0.0403    -0.0177     3.3785     1.5250     2.1111 -129.97088   52.01750      13.58          2  0.000e+00
      20257    844.000    119.432    120.522     6.6482     6.6467  33.467522  33.466673     6.6376     6.6361    33.2853    33.2858    26.1164    26.1170     4.7418     4.6806    144.411    142.549     1.4750     1.3968     0.0403    -0.0177     3.3785     1.5250     2.1111 -129.97088   52.01750      13.50          2  0.000e+00
      20258    844.042    119.432    120.522     6.6481     6.6467  33.467646  33.467167     6.6375     6.6361    33.2855    33.2864    26.1166    26.1175     4.7418     4.6742    144.411    142.353     1.4750     1.3956     0.0403    -0.0177     3.3785     1.5250     2.1111 -129.97088   52.01750      13.48          2  0.000e+00
      20259    844.083    119.479    120.569     6.6483     6.6467  33.467522  33.467414     6.6377     6.6361    33.2852    33.2866    26.1163    26.1177     4.7418     4.6806    144.411    142.549     1.4750     1.3968     0.0403    -0.0177     3.3773     1.5250     2.1087 -129.97088   52.01750      13.48          2  0.000e+00
      20260    844.125    119.479    120.569     6.6484     6.6468  33.467646  33.467414     6.6378     6.6362    33.2852    33.2865    26.1164    26.1175     4.7418     4.6806    144.411    142.549     1.4750     1.3968     0.0403    -0.0177     3.3785     1.5250     2.1062 -129.97088   52.01750      13.48          2  0.000e+00
      20261    844.167    119.479    120.569     6.6481     6.6472  33.467461  33.467414     6.6375     6.6366    33.2853    33.2861    26.1165    26.1172     4.7418     4.6742    144.412    142.353     1.4750     1.3956     0.0403    -0.0177     3.3785     1.5250     2.1062 -129.97088   52.01750      13.48          2  0.000e+00
      20262    844.208    119.578    120.669     6.6479     6.6473  33.467399  33.467106     6.6373     6.6367    33.2854    33.2856    26.1165    26.1168     4.7419     4.6807    144.414    142.550     1.4750     1.3968     0.0403    -0.0177     3.3785     1.5250     2.1062 -129.97088   52.01750      13.46          2  0.000e+00
      20263    844.250    119.525    120.616     6.6478     6.6475  33.467461  33.467291     6.6372     6.6369    33.2856    33.2857    26.1167    26.1168     4.7419     4.6806    144.414    142.548     1.4750     1.3968     0.0403    -0.0177     3.3785     1.5250     2.1062 -129.97088   52.01750      13.38          2  0.000e+00
      20264    844.292    119.578    120.669     6.6473     6.6473  33.467832  33.467415     6.6367     6.6367    33.2865    33.2859    26.1175    26.1171     4.7419     4.6742    144.415    142.354     1.4750     1.3956     0.0403    -0.0177     3.3785     1.5250     2.1062 -129.97088   52.01750      13.36          2  0.000e+00
      20265    844.333    119.578    120.669     6.6473     6.6470  33.467585  33.467168     6.6367     6.6364    33.2862    33.2860    26.1173    26.1171     4.7419     4.6807    144.416    142.550     1.4750     1.3968     0.0403    -0.0177     3.3773     1.5250     2.1062 -129.97088   52.01750      13.33          2  0.000e+00
      20266    844.375    119.578    120.669     6.6471     6.6467  33.467461  33.467291     6.6365     6.6361    33.2862    33.2864    26.1173    26.1175     4.7420     4.6807    144.416    142.551     1.4750     1.3968     0.0403    -0.0177     3.3785     1.5250     2.1062 -129.97088   52.01750      13.36          2  0.000e+00
      20267    844.417    119.625    120.716     6.6470     6.6463  33.467832  33.467168     6.6364     6.6357    33.2867    33.2866    26.1177    26.1177     4.7420     4.6808    144.417    142.553     1.4750     1.3968     0.0403    -0.0177     3.3785     1.5250     2.1062 -129.97088   52.01750      13.33          2  0.000e+00
      20268    844.458    119.678    120.770     6.6471     6.6463  33.467585  33.467539     6.6365     6.6357    33.2863    33.2870    26.1174    26.1180     4.7420     4.6808    144.418    142.554     1.4750     1.3968     0.0403    -0.0177     3.3773     1.5250     2.1062 -129.97088   52.01750      13.33          2  0.000e+00
      20269    844.500    119.625    120.716     6.6471     6.6460  33.467647  33.467724     6.6365     6.6355    33.2864    33.2875    26.1174    26.1185     4.7420     4.6744    144.417    142.358     1.4750     1.3956     0.0403    -0.0177     3.3785     1.5250     2.1062 -129.97088   52.01750      13.26          2  0.000e+00
      20270    844.542    119.678    120.770     6.6471     6.6460  33.467956  33.467909     6.6365     6.6354    33.2867    33.2877    26.1177    26.1186     4.7420     4.6808    144.418    142.554     1.4750     1.3968     0.0403    -0.0177     3.3785     1.5250     2.1062 -129.97088   52.01750      13.24          2  0.000e+00
      20271    844.583    119.678    120.770     6.6470     6.6462  33.467338  33.467477     6.6364     6.6356    33.2861    33.2871    26.1172    26.1181     4.7420     4.6808    144.419    142.554     1.4750     1.3968     0.0403    -0.0177     3.3785     1.5250     2.1062 -129.97088   52.01750      13.24          2  0.000e+00
      20272    844.625    119.724    120.817     6.6468     6.6465  33.467585  33.467353     6.6362     6.6359    33.2866    33.2866    26.1176    26.1177     4.7421     4.6808    144.420    142.554     1.4750     1.3968     0.0403    -0.0177     3.3785     1.5250     2.1062 -129.97088   52.01750      13.24          2  0.000e+00
      20273    844.667    119.744    120.837     6.6469     6.6465  33.468142  33.467601     6.6363     6.6359    33.2870    33.2868    26.1180    26.1179     4.7420     4.6744    144.419    142.359     1.4750     1.3956     0.0403    -0.0177     3.3785     1.5250     2.1062 -129.97088   52.01750      13.24          2  0.000e+00
      20274    844.708    119.770    120.863     6.6469     6.6465  33.467894  33.467477     6.6363     6.6359    33.2868    33.2867    26.1178    26.1178     4.7421     4.6808    144.420    142.555     1.4750     1.3968     0.0403    -0.0177     3.3773     1.5250     2.1062 -129.97088   52.01750      13.24          2  0.000e+00
      20275    844.750    119.770    120.863     6.6470     6.6463  33.467524  33.467168     6.6364     6.6357    33.2863    33.2865    26.1174    26.1177     4.7421     4.6809    144.420    142.556     1.4750     1.3968     0.0403    -0.0177     3.3785     1.5250     2.1062 -129.97088   52.01750      13.16          2  0.000e+00
      20276    844.792    119.770    120.863     6.6469     6.6463  33.467833  33.467292     6.6363     6.6357    33.2867    33.2867    26.1177    26.1178     4.7421     4.6809    144.420    142.556     1.4750     1.3968     0.0403    -0.0177     3.3785     1.5250     2.1062 -129.97088   52.01750      13.14          2  0.000e+00
      20277    844.833    119.823    120.917     6.6466     6.6463  33.468018  33.467601     6.6360     6.6357    33.2872    33.2870    26.1181    26.1180     4.7421     4.6809    144.422    142.556     1.4750     1.3968     0.0415     0.0129     3.3785     1.5250     2.1062 -129.97088   52.01750      13.14          2  0.000e+00
      20278    844.875    119.770    120.863     6.6468     6.6463  33.467833  33.467477     6.6362     6.6357    33.2868    33.2869    26.1178    26.1179     4.7421     4.6808    144.420    142.555     1.4750     1.3968     0.0415     0.0129     3.3785     1.5250     2.1062 -129.97088   52.01750      13.14          2  0.000e+00
      20279    844.917    119.870    120.964     6.6465     6.6468  33.467709  33.467786     6.6359     6.6362    33.2869    33.2867    26.1179    26.1177     4.7422     4.6809    144.423    142.556     1.4750     1.3968     0.0415     0.0129     3.3785     1.5250     2.1062 -129.97088   52.01750      13.14          2  0.000e+00
      20280    844.958    119.823    120.917     6.6463     6.6465  33.467709  33.467539     6.6357     6.6359    33.2871    33.2867    26.1181    26.1178     4.7422     4.6809    144.423    142.556     1.4750     1.3968     0.0415     0.0129     3.3785     1.5250     2.1062 -129.97088   52.01750      13.14          2  0.000e+00
      20281    845.000    119.923    121.017     6.6463     6.6465  33.467771  33.467601     6.6357     6.6359    33.2872    33.2867    26.1182    26.1178     4.7422     4.6809    144.425    142.558     1.4750     1.3968     0.0415     0.0129     3.3785     1.5250     2.1062 -129.97088   52.01750      13.04          2  0.000e+00
      20282    845.042    119.870    120.964     6.6463     6.6465  33.468142  33.467477     6.6357     6.6359    33.2876    33.2866    26.1185    26.1177     4.7422     4.6745    144.423    142.362     1.4750     1.3956     0.0415     0.0129     3.3785     1.5250     2.1062 -129.97088   52.01750      13.02          2  0.000e+00
      20283    845.083    119.870    120.964     6.6462     6.6460  33.468142  33.467169     6.6355     6.6354    33.2877    33.2868    26.1186    26.1179     4.7422     4.6745    144.424    142.363     1.4750     1.3956     0.0415     0.0129     3.3785     1.5250     2.1038 -129.97088   52.01750      13.02          2  0.000e+00
