WCOA/WCOA-6/CTD_Data/RB2102_CTD_079_01.ros
* Sea-Bird SBE 9 Data File:
* FileName = C:\Users\scs.user.rb\CTD\RB2102\Data\RB2102_CTD_079_01.hex
* Software Version Seasave V 7.26.7.107
* Temperature SN = 6202
* Conductivity SN = 4907
* Number of Bytes Per Scan = 41
* Number of Voltage Words = 4
* Number of Scans Averaged by the Deck Unit = 1
* NMEA Latitude = 37 44.96 N
* NMEA Longitude = 123 19.13 W
* NMEA UTC (Time) = Jul 10 2021  19:42:06
* NMEA baud rate = 4800
# nquan = 30
# nvalues = 1105                                  
# units = specified
# name 0 = scan: Scan Count
# name 1 = timeS: Time, Elapsed [seconds]
# name 2 = depSM: Depth [salt water, m]
# name 3 = prDM: Pressure, Digiquartz [db]
# name 4 = t090C: Temperature [ITS-90, deg C]
# name 5 = t190C: Temperature, 2 [ITS-90, deg C]
# name 6 = c0mS/cm: Conductivity [mS/cm]
# name 7 = c1mS/cm: Conductivity, 2 [mS/cm]
# name 8 = potemp090C: Potential Temperature [ITS-90, deg C]
# name 9 = potemp190C: Potential Temperature, 2 [ITS-90, deg C]
# name 10 = sal00: Salinity, Practical [PSU]
# name 11 = sal11: Salinity, Practical, 2 [PSU]
# name 12 = sigma-é00: Density [sigma-theta, kg/m^3]
# name 13 = sigma-é11: Density, 2 [sigma-theta, kg/m^3]
# name 14 = sbeox0Mg/L: Oxygen, SBE 43 [mg/l]
# name 15 = sbeox1Mg/L: Oxygen, SBE 43, 2 [mg/l]
# name 16 = sbox0Mm/Kg: Oxygen, SBE 43 [umol/kg]
# name 17 = sbox1Mm/Kg: Oxygen, SBE 43, 2 [umol/kg]
# name 18 = sbeox0V: Oxygen raw, SBE 43 [V]
# name 19 = sbeox1V: Oxygen raw, SBE 43, 2 [V]
# name 20 = v4: Voltage 4
# name 21 = flECO-AFL: Fluorescence, WET Labs ECO-AFL/FL [mg/m^3]
# name 22 = v3: Voltage 3
# name 23 = v6: Voltage 6
# name 24 = v7: Voltage 7
# name 25 = longitude: Longitude [deg]
# name 26 = latitude: Latitude [deg]
# name 27 = altM: Altimeter [m]
# name 28 = nbf: Bottles Fired
# name 29 = flag:  0.000e+00
# interval = seconds: 0.0416667
# start_time = Jul 10 2021 19:42:06 [NMEA time, header]
# bad_flag = -9.990e-29
*END*
[from data line 967]
     118983   4957.583      9.993     10.068    13.1296    13.1299  39.793426  39.794610    13.1282    13.1286    33.7648    33.7656    25.4105    25.4110     9.4789     9.7318    288.879    296.587     2.8181     2.7082     0.1331     2.3022     3.2137     0.0024     0.0000 -123.32026   37.74852      99.83         20  0.000e+00
     118984   4957.625      9.993     10.068    13.1295    13.1300  39.793360  39.794941    13.1281    13.1287    33.7649    33.7659    25.4106    25.4112     9.4789     9.7318    288.880    296.586     2.8181     2.7082     0.1343     2.3328     3.2137     0.0024     0.0000 -123.32026   37.74852      99.83         20  0.000e+00
     118985   4957.667      9.946     10.021    13.1298    13.1302  39.793161  39.794478    13.1284    13.1289    33.7644    33.7653    25.4101    25.4107     9.4788     9.7317    288.877    296.584     2.8181     2.7082     0.1368     2.3938     3.2137     0.0024     0.0000 -123.32026   37.74852      99.83         20  0.000e+00
     118986   4957.708      9.993     10.068    13.1294    13.1301  39.792765  39.794610    13.1280    13.1287    33.7643    33.7655    25.4102    25.4109     9.4790     9.7318    288.881    296.586     2.8181     2.7082     0.1368     2.3938     3.2137     0.0024     0.0000 -123.32026   37.74852      99.85         20  0.000e+00
     118987   4957.750      9.953     10.028    13.1295    13.1300  39.792632  39.794742    13.1281    13.1287    33.7642    33.7657    25.4100    25.4111     9.4789     9.7318    288.880    296.585     2.8181     2.7082     0.1380     2.4243     3.2137     0.0024     0.0000 -123.32026   37.74852      99.83         20  0.000e+00
     118988   4957.792      9.993     10.068    13.1294    13.1302  39.792500  39.794742    13.1280    13.1289    33.7641    33.7655    25.4100    25.4109     9.4740     9.7318    288.731    296.585     2.8168     2.7082     0.1368     2.3938     3.2149     0.0024     0.0000 -123.32026   37.74852      99.83         20  0.000e+00
     118989   4957.833      9.946     10.021    13.1294    13.1302  39.792831  39.794742    13.1281    13.1289    33.7644    33.7655    25.4102    25.4109     9.4739     9.7317    288.728    296.584     2.8168     2.7082     0.1368     2.3938     3.2125     0.0024     0.0000 -123.32026   37.74852      99.83         20  0.000e+00
     118990   4957.875      9.993     10.068    13.1292    13.1302  39.792831  39.794412    13.1278    13.1289    33.7646    33.7652    25.4104    25.4106     9.4740     9.7318    288.731    296.586     2.8168     2.7082     0.1368     2.3938     3.2149     0.0024     0.0000 -123.32026   37.74852      99.83         20  0.000e+00
     118991   4957.917      9.946     10.021    13.1293    13.1304  39.792897  39.794610    13.1279    13.1290    33.7646    33.7653    25.4104    25.4107     9.4789     9.7317    288.880    296.583     2.8181     2.7082     0.1380     2.4243     3.2125     0.0024     0.0000 -123.32026   37.74852      99.83         20  0.000e+00
     118992   4957.958      9.953     10.028    13.1293    13.1304  39.792831  39.794742    13.1279    13.1291    33.7645    33.7653    25.4103    25.4107     9.4740     9.7317    288.729    296.583     2.8168     2.7082     0.1368     2.3938     3.2149     0.0024     0.0000 -123.32026   37.74852      99.83         20  0.000e+00
     118993   4958.000      9.946     10.021    13.1295    13.1302  39.792897  39.794941    13.1281    13.1289    33.7644    33.7657    25.4102    25.4110     9.4789     9.7317    288.879    296.583     2.8181     2.7082     0.1368     2.3938     3.2137     0.0024     0.0000 -123.32026   37.74852      99.83         20  0.000e+00
     118994   4958.042      9.993     10.068    13.1294    13.1302  39.793228  39.794809    13.1280    13.1289    33.7648    33.7655    25.4105    25.4109     9.4789     9.7318    288.880    296.585     2.8181     2.7082     0.1368     2.3938     3.2149     0.0024     0.0000 -123.32026   37.74852      99.83         20  0.000e+00
     118995   4958.083      9.946     10.021    13.1296    13.1304  39.793162  39.794742    13.1282    13.1290    33.7646    33.7654    25.4103    25.4108     9.4789     9.7317    288.878    296.583     2.8181     2.7082     0.1368     2.3938     3.2137     0.0024     0.0000 -123.32026   37.74852      99.83         20  0.000e+00
     120604   5025.125      4.960      4.997    13.1448    13.1455  39.805714  39.807023    13.1441    13.1448    33.7650    33.7656    25.4075    25.4078     9.5194     9.7869    290.114    298.266     2.8303     2.7228     0.1331     2.3022     3.2125     0.0000     0.0000 -123.32030   37.74852      99.83         21  0.000e+00
     120605   5025.167      5.006      5.044    13.1451    13.1462  39.806310  39.807883    13.1445    13.1455    33.7652    33.7658    25.4076    25.4078     9.5243     9.7868    290.265    298.263     2.8315     2.7228     0.1319     2.2717     3.2125     0.0000     0.0000 -123.32030   37.74852      99.83         21  0.000e+00
     120606   5025.208      5.006      5.044    13.1456    13.1463  39.806574  39.808148    13.1449    13.1457    33.7651    33.7659    25.4074    25.4079     9.5242     9.7867    290.262    298.262     2.8315     2.7228     0.1331     2.3022     3.2125     0.0000     0.0000 -123.32030   37.74852      99.83         21  0.000e+00
     120607   5025.250      4.907      4.944    13.1456    13.1467  39.806243  39.808147    13.1450    13.1460    33.7648    33.7656    25.4071    25.4076     9.5241     9.7866    290.259    298.257     2.8315     2.7228     0.1331     2.3022     3.2125     0.0000     0.0000 -123.32030   37.74852      99.85         21  0.000e+00
     120608   5025.292      4.960      4.997    13.1456    13.1465  39.806177  39.807883    13.1449    13.1458    33.7647    33.7655    25.4071    25.4075     9.5242     9.7921    290.261    298.424     2.8315     2.7241     0.1368     2.3938     3.2125     0.0000     0.0000 -123.32030   37.74852      99.85         21  0.000e+00
     120609   5025.333      4.861      4.897    13.1459    13.1465  39.806508  39.807552    13.1453    13.1459    33.7648    33.7653    25.4071    25.4073     9.5240     9.7866    290.255    298.257     2.8315     2.7228     0.1368     2.3938     3.2125     0.0000     0.0000 -123.32030   37.74852      99.83         21  0.000e+00
     120610   5025.375      4.808      4.844    13.1465    13.1465  39.807302  39.807948    13.1458    13.1459    33.7651    33.7657    25.4072    25.4076     9.5189     9.7919    290.098    298.418     2.8303     2.7241     0.1368     2.3938     3.2125     0.0000     0.0000 -123.32030   37.74852      99.83         21  0.000e+00
     120611   5025.417      4.861      4.897    13.1472    13.1463  39.806838  39.807618    13.1465    13.1457    33.7640    33.7655    25.4062    25.4075     9.5189     9.7920    290.098    298.422     2.8303     2.7241     0.1380     2.4243     3.2125     0.0000     0.0000 -123.32030   37.74852      99.83         21  0.000e+00
     120612   5025.458      4.861      4.897    13.1466    13.1462  39.806508  39.807486    13.1459    13.1455    33.7642    33.7655    25.4065    25.4075     9.5239     9.7920    290.253    298.422     2.8315     2.7241     0.1368     2.3938     3.2125     0.0000     0.0000 -123.32030   37.74852      99.83         21  0.000e+00
     120613   5025.500      4.761      4.797    13.1463    13.1463  39.806309  39.807684    13.1457    13.1457    33.7643    33.7656    25.4066    25.4076     9.5239     9.7865    290.250    298.253     2.8315     2.7228     0.1368     2.3938     3.2125     0.0000     0.0000 -123.32030   37.74852      99.85         21  0.000e+00
     120614   5025.542      4.761      4.797    13.1460    13.1462  39.806176  39.807816    13.1453    13.1455    33.7645    33.7659    25.4068    25.4078     9.5190     9.7919    290.101    298.418     2.8303     2.7241     0.1368     2.3938     3.2125     0.0000     0.0000 -123.32030   37.74852      99.83         21  0.000e+00
     120615   5025.583      4.775      4.811    13.1456    13.1463  39.805713  39.807552    13.1449    13.1457    33.7644    33.7654    25.4068    25.4075     9.5240     9.7865    290.255    298.254     2.8315     2.7228     0.1368     2.3938     3.2125     0.0000     0.0000 -123.32030   37.74852      99.83         21  0.000e+00
     120616   5025.625      4.715      4.751    13.1453    13.1462  39.805448  39.807684    13.1447    13.1455    33.7644    33.7658    25.4069    25.4078     9.5240     9.7864    290.254    298.252     2.8315     2.7228     0.1368     2.3938     3.2137     0.0000     0.0000 -123.32030   37.74852      99.83         21  0.000e+00
     120617   5025.667      4.662      4.697    13.1449    13.1463  39.805514  39.807551    13.1443    13.1457    33.7648    33.7655    25.4073    25.4075     9.5240     9.7863    290.254    298.250     2.8315     2.7228     0.1368     2.3938     3.2137     0.0000     0.0000 -123.32030   37.74852      99.85         21  0.000e+00
     120618   5025.708      4.715      4.751    13.1448    13.1463  39.805448  39.806956    13.1442    13.1457    33.7649    33.7649    25.4073    25.4071     9.5241     9.7864    290.257    298.253     2.8315     2.7228     0.1368     2.3938     3.2137     0.0000     0.0000 -123.32030   37.74852      99.83         21  0.000e+00
     120619   5025.750      4.662      4.697    13.1445    13.1463  39.805183  39.807287    13.1438    13.1457    33.7649    33.7652    25.4075    25.4073     9.5241     9.7864    290.257    298.250     2.8315     2.7228     0.1380     2.4243     3.2125     0.0000     0.0000 -123.32030   37.74852      99.83         21  0.000e+00
     120620   5025.792      4.616      4.650    13.1444    13.1463  39.805183  39.807683    13.1438    13.1457    33.7650    33.7656    25.4075    25.4076     9.5191     9.7863    290.104    298.248     2.8303     2.7228     0.1368     2.3938     3.2137     0.0000     0.0000 -123.32030   37.74852      99.83         21  0.000e+00
     120621   5025.833      4.569      4.604    13.1443    13.1463  39.805117  39.807551    13.1437    13.1457    33.7650    33.7655    25.4076    25.4075     9.5240     9.7862    290.254    298.246     2.8315     2.7228     0.1368     2.3938     3.2125     0.0000     0.0000 -123.32030   37.74852      99.85         21  0.000e+00
     120622   5025.875      4.569      4.604    13.1448    13.1463  39.804918  39.807683    13.1442    13.1457    33.7644    33.7657    25.4070    25.4076     9.5239     9.7916    290.252    298.410     2.8315     2.7241     0.1368     2.3938     3.2125     0.0000     0.0000 -123.32030   37.74852      99.85         21  0.000e+00
     120623   5025.917      4.569      4.604    13.1448    13.1465  39.805580  39.807286    13.1441    13.1459    33.7651    33.7651    25.4075    25.4072     9.5239     9.7862    290.251    298.246     2.8315     2.7228     0.1380     2.4243     3.2125     0.0000     0.0000 -123.32030   37.74852      99.83         21  0.000e+00
     120624   5025.958      4.516      4.550    13.1446    13.1465  39.805646  39.807154    13.1440    13.1459    33.7653    33.7650    25.4077    25.4071     9.5238     9.7862    290.250    298.244     2.8315     2.7228     0.1368     2.3938     3.2125     0.0000     0.0000 -123.32030   37.74852      99.83         21  0.000e+00
     120625   5026.000      4.516      4.550    13.1451    13.1463  39.805778  39.807352    13.1445    13.1457    33.7649    33.7654    25.4073    25.4074     9.5238     9.7916    290.247    298.409     2.8315     2.7241     0.1380     2.4243     3.2125     0.0000     0.0000 -123.32030   37.74852      99.83         21  0.000e+00
     120626   5026.042      4.470      4.504    13.1454    13.1463  39.806175  39.807286    13.1448    13.1457    33.7651    33.7653    25.4074    25.4074     9.5236     9.7861    290.243    298.243     2.8315     2.7228     0.1368     2.3938     3.2125     0.0000     0.0000 -123.32030   37.74852      99.83         21  0.000e+00
     120627   5026.083      4.470      4.504    13.1453    13.1462  39.806175  39.807683    13.1447    13.1456    33.7652    33.7658    25.4075    25.4078     9.5286     9.7915    290.395    298.407     2.8327     2.7241     0.1368     2.3938     3.2125     0.0000     0.0000 -123.32030   37.74852      99.83         21  0.000e+00
     120628   5026.125      4.417      4.450    13.1456    13.1460  39.805977  39.807286    13.1450    13.1454    33.7648    33.7657    25.4071    25.4077     9.5285     9.7861    290.392    298.243     2.8327     2.7228     0.1368     2.3938     3.2112     0.0000     0.0000 -123.32030   37.74852      99.83         21  0.000e+00
     120629   5026.167      4.437      4.470    13.1458    13.1462  39.806109  39.807153    13.1452    13.1456    33.7647    33.7654    25.4070    25.4074     9.5285     9.7861    290.392    298.243     2.8327     2.7228     0.1368     2.3938     3.2125     0.0000     0.0000 -123.32030   37.74852      99.83         21  0.000e+00
     120630   5026.208      4.417      4.450    13.1456    13.1460  39.805579  39.807153    13.1450    13.1454    33.7644    33.7655    25.4068    25.4076     9.5285     9.7861    290.393    298.243     2.8327     2.7228     0.1368     2.3938     3.2137     0.0000     0.0000 -123.32030   37.74852      99.85         21  0.000e+00
     120631   5026.250      4.417      4.450    13.1458    13.1460  39.806043  39.807352    13.1452    13.1454    33.7647    33.7657    25.4070    25.4077     9.5285     9.7861    290.391    298.242     2.8327     2.7228     0.1380     2.4243     3.2125     0.0000     0.0000 -123.32030   37.74852      99.83         21  0.000e+00
     120632   5026.292      4.371      4.404    13.1458    13.1462  39.806175  39.806955    13.1452    13.1456    33.7648    33.7652    25.4071    25.4073     9.5334     9.7914    290.540    298.405     2.8339     2.7241     0.1368     2.3938     3.2125     0.0000     0.0000 -123.32030   37.74852      99.83         21  0.000e+00
     120633   5026.333      4.371      4.404    13.1458    13.1460  39.805976  39.807285    13.1452    13.1454    33.7646    33.7657    25.4069    25.4077     9.5334     9.7914    290.541    298.405     2.8339     2.7241     0.1368     2.3938     3.2125     0.0000     0.0000 -123.32030   37.74852      99.83         21  0.000e+00
     120634   5026.375      4.371      4.404    13.1461    13.1460  39.806109  39.807219    13.1455    13.1454    33.7645    33.7656    25.4068    25.4077     9.5333     9.7861    290.539    298.241     2.8339     2.7228     0.1343     2.3328     3.2125     0.0000     0.0000 -123.32030   37.74852      99.83         21  0.000e+00
     120635   5026.417      4.371      4.404    13.1456    13.1460  39.805712  39.806889    13.1450    13.1454    33.7645    33.7653    25.4069    25.4074     9.5334     9.7915    290.542    298.406     2.8339     2.7241     0.1319     2.2717     3.2125     0.0000     0.0000 -123.32030   37.74852      99.83         21  0.000e+00
     120636   5026.458      4.324      4.357    13.1456    13.1460  39.805778  39.807285    13.1450    13.1454    33.7646    33.7657    25.4070    25.4077     9.5334     9.7914    290.540    298.403     2.8339     2.7241     0.1319     2.2717     3.2125     0.0000     0.0000 -123.32030   37.74852      99.83         21  0.000e+00
     120637   5026.500      4.324      4.357    13.1456    13.1460  39.805645  39.806955    13.1450    13.1454    33.7645    33.7654    25.4069    25.4075     9.5334     9.7914    290.541    298.404     2.8339     2.7241     0.1319     2.2717     3.2125     0.0000     0.0000 -123.32030   37.74852      99.83         21  0.000e+00
     120638   5026.542      4.371      4.404    13.1456    13.1460  39.805976  39.806822    13.1450    13.1454    33.7648    33.7652    25.4071    25.4074     9.5384     9.7915    290.693    298.406     2.8352     2.7241     0.1319     2.2717     3.2125     0.0012     0.0000 -123.32030   37.74852      99.83         21  0.000e+00
