WCOA/WCOA-6/CTD_Data/RB2102_CTD_035_01.ros
* Sea-Bird SBE 9 Data File:
* FileName = C:\Users\scs.user.rb\CTD\RB2102\Data\RB2102_CTD_035_01.hex
* Software Version Seasave V 7.26.7.107
* Temperature SN = 6202
* Conductivity SN = 4907
* Number of Bytes Per Scan = 41
* Number of Voltage Words = 4
* Number of Scans Averaged by the Deck Unit = 1
* NMEA Latitude = 46 07.78 N
* NMEA Longitude = 125 11.22 W
* NMEA UTC (Time) = Jul 01 2021  13:29:55
* NMEA baud rate = 4800
# nquan = 30
# nvalues = 1176                                  
# units = specified
# name 0 = scan: Scan Count
# name 1 = timeS: Time, Elapsed [seconds]
# name 2 = depSM: Depth [salt water, m]
# name 3 = prDM: Pressure, Digiquartz [db]
# name 4 = t090C: Temperature [ITS-90, deg C]
# name 5 = t190C: Temperature, 2 [ITS-90, deg C]
# name 6 = c0mS/cm: Conductivity [mS/cm]
# name 7 = c1mS/cm: Conductivity, 2 [mS/cm]
# name 8 = potemp090C: Potential Temperature [ITS-90, deg C]
# name 9 = potemp190C: Potential Temperature, 2 [ITS-90, deg C]
# name 10 = sal00: Salinity, Practical [PSU]
# name 11 = sal11: Salinity, Practical, 2 [PSU]
# name 12 = sigma-é00: Density [sigma-theta, kg/m^3]
# name 13 = sigma-é11: Density, 2 [sigma-theta, kg/m^3]
# name 14 = sbeox0Mg/L: Oxygen, SBE 43 [mg/l]
# name 15 = sbeox1Mg/L: Oxygen, SBE 43, 2 [mg/l]
# name 16 = sbox0Mm/Kg: Oxygen, SBE 43 [umol/kg]
# name 17 = sbox1Mm/Kg: Oxygen, SBE 43, 2 [umol/kg]
# name 18 = sbeox0V: Oxygen raw, SBE 43 [V]
# name 19 = sbeox1V: Oxygen raw, SBE 43, 2 [V]
# name 20 = v4: Voltage 4
# name 21 = flECO-AFL: Fluorescence, WET Labs ECO-AFL/FL [mg/m^3]
# name 22 = v3: Voltage 3
# name 23 = v6: Voltage 6
# name 24 = v7: Voltage 7
# name 25 = longitude: Longitude [deg]
# name 26 = latitude: Latitude [deg]
# name 27 = altM: Altimeter [m]
# name 28 = nbf: Bottles Fired
# name 29 = flag:  0.000e+00
# interval = seconds: 0.0416667
# start_time = Jul 01 2021 13:29:55 [NMEA time, header]
# bad_flag = -9.990e-29
*END*
[from data line 726]
     151618   6317.375     59.324     59.825     8.7507     8.7512  34.349444  34.350660     8.7446     8.7451    32.2815    32.2823    25.0292    25.0297     9.6738     9.4973    294.930    289.549     2.6105     2.4164     0.0708     0.7455     3.2002     1.0635     0.0000 -125.19082   46.12598      99.66         15  0.000e+00
     151619   6317.417     59.298     59.798     8.7505     8.7512  34.349069  34.350535     8.7444     8.7451    32.2813    32.2822    25.0291    25.0297     9.6739     9.4973    294.931    289.548     2.6105     2.4164     0.0708     0.7455     3.1990     1.0635     0.0000 -125.19082   46.12598      99.66         15  0.000e+00
     151620   6317.458     59.371     59.872     8.7494     8.7514  34.348695  34.350909     8.7433     8.7453    32.2819    32.2824    25.0297    25.0298     9.6742     9.4974    294.940    289.549     2.6105     2.4164     0.0696     0.7149     3.2002     1.0635     0.0000 -125.19082   46.12598      99.68         15  0.000e+00
     151621   6317.500     59.298     59.798     8.7493     8.7514  34.348258  34.350722     8.7432     8.7453    32.2815    32.2822    25.0294    25.0297     9.6741     9.4973    294.938    289.547     2.6105     2.4164     0.0708     0.7455     3.2002     1.0635     0.0000 -125.19082   46.12598      99.66         15  0.000e+00
     151622   6317.542     59.397     59.898     8.7489     8.7514  34.348258  34.350473     8.7428     8.7453    32.2819    32.2819    25.0298    25.0294     9.6743     9.4974    294.944    289.551     2.6105     2.4164     0.0708     0.7455     3.2002     1.0635     0.0000 -125.19082   46.12598      99.66         15  0.000e+00
     151623   6317.583     59.371     59.872     8.7490     8.7512  34.348321  34.350473     8.7429     8.7451    32.2819    32.2821    25.0297    25.0296     9.6743     9.4974    294.943    289.551     2.6105     2.4164     0.0708     0.7455     3.1990     1.0635     0.0000 -125.19082   46.12598      99.66         15  0.000e+00
     151624   6317.625     59.344     59.845     8.7491     8.7516  34.348882  34.350473     8.7430     8.7455    32.2824    32.2817    25.0302    25.0293     9.6742     9.4973    294.940    289.548     2.6105     2.4164     0.0708     0.7455     3.1990     1.0635     0.0000 -125.19082   46.12598      99.66         15  0.000e+00
     151625   6317.667     59.424     59.925     8.7493     8.7516  34.348945  34.350660     8.7432     8.7455    32.2822    32.2819    25.0300    25.0294     9.6687     9.4974    294.772    289.551     2.6093     2.4164     0.0696     0.7149     3.2002     1.0635     0.0000 -125.19082   46.12598      99.66         15  0.000e+00
     151626   6317.708     59.397     59.898     8.7494     8.7517  34.348445  34.350410     8.7433     8.7456    32.2816    32.2816    25.0295    25.0291     9.6687     9.4974    294.772    289.550     2.6093     2.4164     0.0696     0.7149     3.2002     1.0635     0.0000 -125.19082   46.12598      99.66         15  0.000e+00
     154440   6434.958     49.528     49.944     9.0983     9.0946  34.628683  34.625066     9.0931     9.0894    32.2603    32.2598    24.9590    24.9592    10.0473     9.8221    306.337    299.469     2.7131     2.5006     0.1111     1.7528     3.2002     1.0195     0.0000 -125.19090   46.12592      99.76         16  0.000e+00
     154441   6435.000     49.382     49.797     9.0984     9.0941  34.628870  34.625503     9.0932     9.0889    32.2604    32.2609    24.9590    24.9601    10.0471     9.8280    306.330    299.648     2.7131     2.5018     0.1111     1.7528     3.2002     1.0195     0.0000 -125.19090   46.12592      99.73         16  0.000e+00
     154442   6435.042     49.428     49.844     9.0990     9.0945  34.629497  34.625191     9.0938     9.0893    32.2605    32.2601    24.9591    24.9594    10.0415     9.8219    306.160    299.466     2.7118     2.5006     0.1099     1.7223     3.2002     1.0195     0.0000 -125.19090   46.12592      99.76         16  0.000e+00
     154443   6435.083     49.428     49.844     9.1002     9.0945  34.630498  34.625065     9.0950     9.0893    32.2604    32.2600    24.9588    24.9593    10.0467     9.8220    306.319    299.466     2.7131     2.5006     0.1111     1.7528     3.2002     1.0195     0.0000 -125.19090   46.12592      99.76         16  0.000e+00
     154444   6435.125     49.428     49.844     9.1013     9.0947  34.631250  34.625253     9.0961     9.0895    32.2602    32.2600    24.9584    24.9593    10.0465     9.8279    306.312    299.648     2.7131     2.5018     0.1123     1.7833     3.2015     1.0195     0.0000 -125.19090   46.12592      99.76         16  0.000e+00
     154445   6435.167     49.415     49.831     9.1024     9.0950  34.632189  34.624878     9.0972     9.0898    32.2602    32.2594    24.9583    24.9588    10.0407     9.8399    306.136    300.013     2.7118     2.5043     0.1136     1.8138     3.2002     1.0195     0.0000 -125.19090   46.12592      99.76         16  0.000e+00
     154446   6435.208     49.329     49.744     9.1037     9.0943  34.633003  34.625441     9.0985     9.0891    32.2600    32.2606    24.9579    24.9598    10.0403     9.8278    306.124    299.645     2.7118     2.5018     0.1136     1.8138     3.2015     1.0195     0.0000 -125.19090   46.12592      99.76         16  0.000e+00
     154447   6435.250     49.428     49.844     9.1050     9.0942  34.633692  34.625441     9.0998     9.0890    32.2595    32.2607    24.9573    24.9599    10.0457     9.8220    306.288    299.467     2.7131     2.5006     0.1136     1.8138     3.2015     1.0195     0.0000 -125.19090   46.12592      99.76         16  0.000e+00
     154448   6435.292     49.382     49.797     9.1056     9.0943  34.633692  34.625566     9.1004     9.0891    32.2589    32.2607    24.9567    24.9599    10.0400     9.8279    306.115    299.647     2.7118     2.5018     0.1136     1.8138     3.2002     1.0195     0.0000 -125.19090   46.12592      99.76         16  0.000e+00
     154449   6435.333     49.329     49.744     9.1055     9.0946  34.633316  34.625503     9.1003     9.0895    32.2586    32.2604    24.9565    24.9596    10.0400     9.8338    306.114    299.827     2.7118     2.5031     0.1136     1.8138     3.2002     1.0195     0.0000 -125.19090   46.12592      99.76         16  0.000e+00
     154450   6435.375     49.382     49.797     9.1056     9.0946  34.633566  34.625816     9.1004     9.0894    32.2588    32.2608    24.9566    24.9599    10.0400     9.8339    306.115    299.828     2.7118     2.5031     0.1136     1.8138     3.2002     1.0195     0.0000 -125.19090   46.12592      99.76         16  0.000e+00
     154451   6435.417     49.329     49.744     9.1054     9.0946  34.633817  34.625753     9.1002     9.0895    32.2592    32.2606    24.9570    24.9598    10.0400     9.8278    306.113    299.643     2.7118     2.5018     0.1136     1.8138     3.2002     1.0195     0.0000 -125.19090   46.12592      99.73         16  0.000e+00
     154452   6435.458     49.316     49.731     9.1054     9.0950  34.633378  34.626379     9.1002     9.0898    32.2588    32.2610    24.9567    24.9600    10.0400     9.8216    306.114    299.456     2.7118     2.5006     0.1136     1.8138     3.2015     1.0195     0.0000 -125.19090   46.12592      99.76         16  0.000e+00
     154453   6435.500     49.329     49.744     9.1051     9.0952  34.633316  34.626379     9.0999     9.0900    32.2590    32.2608    24.9569    24.9598    10.0400     9.8336    306.116    299.822     2.7118     2.5031     0.1136     1.8138     3.2002     1.0195     0.0000 -125.19090   46.12592      99.73         16  0.000e+00
     154454   6435.542     49.283     49.697     9.1046     9.0956  34.632815  34.626754     9.0994     9.0904    32.2589    32.2608    24.9569    24.9598    10.0401     9.8275    306.118    299.634     2.7118     2.5018     0.1136     1.8138     3.2002     1.0195     0.0000 -125.19090   46.12592      99.73         16  0.000e+00
     154455   6435.583     49.329     49.744     9.1040     9.0961  34.632690  34.626692     9.0988     9.0909    32.2594    32.2603    24.9574    24.9593    10.0403     9.8334    306.123    299.816     2.7118     2.5031     0.1136     1.8138     3.2002     1.0195     0.0000 -125.19090   46.12592      99.73         16  0.000e+00
     154456   6435.625     49.283     49.697     9.1039     9.0959  34.632502  34.626629     9.0987     9.0907    32.2593    32.2605    24.9573    24.9595    10.0347     9.8334    305.954    299.816     2.7106     2.5031     0.1136     1.8138     3.2002     1.0195     0.0000 -125.19090   46.12592      99.76         16  0.000e+00
     154457   6435.667     49.283     49.697     9.1037     9.0960  34.632126  34.626629     9.0985     9.0908    32.2591    32.2604    24.9572    24.9594    10.0348     9.8274    305.956    299.632     2.7106     2.5018     0.1136     1.8138     3.2015     1.0195     0.0000 -125.19090   46.12592      99.76         16  0.000e+00
     154458   6435.708     49.270     49.684     9.1035     9.0958  34.632063  34.626817     9.0983     9.0906    32.2592    32.2607    24.9573    24.9597    10.0403     9.8394    306.125    299.998     2.7118     2.5043     0.1136     1.8138     3.2002     1.0195     0.0000 -125.19090   46.12592      99.76         16  0.000e+00
     154459   6435.750     49.237     49.651     9.1032     9.0957  34.632063  34.626692     9.0981     9.0905    32.2594    32.2607    24.9575    24.9597    10.0348     9.8334    305.957    299.815     2.7106     2.5031     0.1136     1.8138     3.2002     1.0195     0.0000 -125.19090   46.12592      99.76         16  0.000e+00
     154460   6435.792     49.283     49.697     9.1032     9.0961  34.631813  34.626629     9.0980     9.0909    32.2592    32.2602    24.9574    24.9593    10.0349     9.8274    305.960    299.631     2.7106     2.5018     0.1136     1.8138     3.2015     1.0183     0.0000 -125.19090   46.12592      99.76         16  0.000e+00
     154461   6435.833     49.237     49.651     9.1032     9.0963  34.632251  34.626879     9.0980     9.0911    32.2597    32.2604    24.9577    24.9593    10.0348     9.8333    305.957    299.811     2.7106     2.5031     0.1136     1.8138     3.2015     1.0183     0.0000 -125.19090   46.12592      99.76         16  0.000e+00
     154462   6435.875     49.283     49.697     9.1030     9.0967  34.631688  34.626692     9.0978     9.0915    32.2592    32.2598    24.9574    24.9588    10.0349     9.8273    305.961    299.628     2.7106     2.5018     0.1136     1.8138     3.2002     1.0183     0.0000 -125.19090   46.12592      99.76         16  0.000e+00
     154463   6435.917     49.184     49.597     9.1026     9.0968  34.631625  34.626817     9.0974     9.0916    32.2596    32.2599    24.9577    24.9589    10.0294     9.8331    305.791    299.807     2.7094     2.5031     0.1136     1.8138     3.2015     1.0183     0.0000 -125.19090   46.12592      99.76         16  0.000e+00
     154464   6435.958     49.237     49.651     9.1027     9.0968  34.631750  34.626692     9.0975     9.0916    32.2596    32.2597    24.9577    24.9588    10.0294     9.8332    305.792    299.809     2.7094     2.5031     0.1136     1.8138     3.2002     1.0183     0.0000 -125.19090   46.12592      99.76         16  0.000e+00
     154465   6436.000     49.217     49.631     9.1024     9.0967  34.631500  34.626379     9.0972     9.0915    32.2596    32.2595    24.9578    24.9586    10.0295     9.8272    305.794    299.626     2.7094     2.5018     0.1136     1.8138     3.2002     1.0183     0.0000 -125.19090   46.12592      99.76         16  0.000e+00
     154466   6436.042     49.184     49.597     9.1023     9.0964  34.631249  34.626754     9.0971     9.0913    32.2595    32.2601    24.9577    24.9591    10.0295     9.8332    305.793    299.809     2.7094     2.5031     0.1136     1.8138     3.2002     1.0183     0.0000 -125.19090   46.12592      99.76         16  0.000e+00
     154467   6436.083     49.237     49.651     9.1024     9.0970  34.631124  34.626692     9.0972     9.0918    32.2593    32.2596    24.9575    24.9586    10.0295     9.8332    305.795    299.808     2.7094     2.5031     0.1136     1.8138     3.2002     1.0183     0.0000 -125.19090   46.12592      99.73         16  0.000e+00
     154468   6436.125     49.184     49.597     9.1022     9.0967  34.631312  34.626128     9.0970     9.0915    32.2596    32.2593    24.9578    24.9584    10.0240     9.8272    305.626    299.626     2.7082     2.5018     0.1136     1.8138     3.2015     1.0183     0.0000 -125.19090   46.12592      99.73         16  0.000e+00
     154469   6436.167     49.237     49.651     9.1024     9.0964  34.631249  34.626441     9.0972     9.0913    32.2594    32.2598    24.9576    24.9589    10.0295     9.8333    305.795    299.811     2.7094     2.5031     0.1136     1.8138     3.2002     1.0183     0.0000 -125.19090   46.12592      99.76         16  0.000e+00
     154470   6436.208     49.137     49.551     9.1026     9.0956  34.631812  34.626379     9.0974     9.0905    32.2598    32.2605    24.9579    24.9595    10.0238     9.8273    305.621    299.629     2.7082     2.5018     0.1136     1.8138     3.2015     1.0195     0.0000 -125.19090   46.12592      99.76         16  0.000e+00
     154471   6436.250     49.217     49.631     9.1027     9.0954  34.631813  34.626316     9.0975     9.0902    32.2597    32.2606    24.9578    24.9597    10.0239     9.8335    305.623    299.817     2.7082     2.5031     0.1160     1.8749     3.2002     1.0183     0.0000 -125.19090   46.12592      99.73         16  0.000e+00
     154472   6436.292     49.137     49.551     9.1030     9.0953  34.632000  34.626316     9.0978     9.0901    32.2596    32.2607    24.9577    24.9598    10.0237     9.8334    305.618    299.814     2.7082     2.5031     0.1160     1.8749     3.2002     1.0183     0.0000 -125.19090   46.12592      99.73         16  0.000e+00
     154473   6436.333     49.184     49.597     9.1029     9.0952  34.631374  34.626128     9.0977     9.0900    32.2590    32.2606    24.9573    24.9597    10.0238     9.8275    305.622    299.634     2.7082     2.5018     0.1160     1.8749     3.2002     1.0183     0.0000 -125.19090   46.12592      99.73         16  0.000e+00
     154474   6436.375     49.184     49.597     9.1033     9.0953  34.630936  34.625753     9.0982     9.0901    32.2582    32.2601    24.9565    24.9593    10.0183     9.8335    305.453    299.817     2.7070     2.5031     0.1160     1.8749     3.2015     1.0195     0.0000 -125.19090   46.12592      99.76         16  0.000e+00
     154475   6436.417     49.137     49.551     9.1038     9.0954  34.631750  34.625878     9.0986     9.0902    32.2586    32.2602    24.9568    24.9594    10.0236     9.8274    305.615    299.631     2.7082     2.5018     0.1160     1.8749     3.2002     1.0183     0.0000 -125.19090   46.12592      99.73         16  0.000e+00
     154476   6436.458     49.184     49.597     9.1040     9.0952  34.632251  34.626003     9.0988     9.0900    32.2590    32.2605    24.9570    24.9596    10.0236     9.8335    305.614    299.817     2.7082     2.5031     0.1148     1.8444     3.2015     1.0183     0.0000 -125.19090   46.12592      99.73         16  0.000e+00
     154477   6436.500     49.137     49.551     9.1039     9.0950  34.632188  34.626191     9.0987     9.0898    32.2590    32.2609    24.9571    24.9599    10.0180     9.8334    305.445    299.816     2.7070     2.5031     0.1160     1.8749     3.2002     1.0195     0.0000 -125.19090   46.12592      99.73         16  0.000e+00
