WCOA/WCOA-6/CTD_Data/RB2102_CTD_051_01.ros
* Sea-Bird SBE 9 Data File:
* FileName = C:\Users\scs.user.rb\CTD\RB2102\Data\RB2102_CTD_051_01.hex
* Software Version Seasave V 7.26.7.107
* Temperature SN = 6202
* Conductivity SN = 4907
* Number of Bytes Per Scan = 41
* Number of Voltage Words = 4
* Number of Scans Averaged by the Deck Unit = 1
* NMEA Latitude = 44 39.10 N
* NMEA Longitude = 124 10.53 W
* NMEA UTC (Time) = Jul 04 2021  11:06:37
* NMEA baud rate = 4800
# nquan = 30
# nvalues = 686                                   
# units = specified
# name 0 = scan: Scan Count
# name 1 = timeS: Time, Elapsed [seconds]
# name 2 = depSM: Depth [salt water, m]
# name 3 = prDM: Pressure, Digiquartz [db]
# name 4 = t090C: Temperature [ITS-90, deg C]
# name 5 = t190C: Temperature, 2 [ITS-90, deg C]
# name 6 = c0mS/cm: Conductivity [mS/cm]
# name 7 = c1mS/cm: Conductivity, 2 [mS/cm]
# name 8 = potemp090C: Potential Temperature [ITS-90, deg C]
# name 9 = potemp190C: Potential Temperature, 2 [ITS-90, deg C]
# name 10 = sal00: Salinity, Practical [PSU]
# name 11 = sal11: Salinity, Practical, 2 [PSU]
# name 12 = sigma-é00: Density [sigma-theta, kg/m^3]
# name 13 = sigma-é11: Density, 2 [sigma-theta, kg/m^3]
# name 14 = sbeox0Mg/L: Oxygen, SBE 43 [mg/l]
# name 15 = sbeox1Mg/L: Oxygen, SBE 43, 2 [mg/l]
# name 16 = sbox0Mm/Kg: Oxygen, SBE 43 [umol/kg]
# name 17 = sbox1Mm/Kg: Oxygen, SBE 43, 2 [umol/kg]
# name 18 = sbeox0V: Oxygen raw, SBE 43 [V]
# name 19 = sbeox1V: Oxygen raw, SBE 43, 2 [V]
# name 20 = v4: Voltage 4
# name 21 = flECO-AFL: Fluorescence, WET Labs ECO-AFL/FL [mg/m^3]
# name 22 = v3: Voltage 3
# name 23 = v6: Voltage 6
# name 24 = v7: Voltage 7
# name 25 = longitude: Longitude [deg]
# name 26 = latitude: Latitude [deg]
# name 27 = altM: Altimeter [m]
# name 28 = nbf: Bottles Fired
# name 29 = flag:  0.000e+00
# interval = seconds: 0.0416667
# start_time = Jul 04 2021 11:06:37 [NMEA time, header]
# bad_flag = -9.990e-29
*END*
[from data line 49]
      18130    755.375     47.230     47.621     8.0314     8.0321  35.101184  35.100727     8.0267     8.0274    33.7554    33.7542    26.2925    26.2914     1.9432     2.0592     59.170     62.702     0.9109     0.9158     0.0940     1.3254     3.3639     0.0000     0.0000 -124.17556   44.65168      10.89          2  0.000e+00
      18131    755.417     47.296     47.687     8.0312     8.0321  35.101436  35.100979     8.0265     8.0274    33.7558    33.7544    26.2928    26.2916     1.9432     2.0592     59.171     62.703     0.9109     0.9158     0.0940     1.3254     3.3626     0.0000     0.0000 -124.17556   44.65168      10.89          2  0.000e+00
      18132    755.458     47.250     47.641     8.0312     8.0321  35.101373  35.101042     8.0265     8.0274    33.7557    33.7546    26.2927    26.2917     1.9432     2.0592     59.170     62.702     0.9109     0.9158     0.0940     1.3254     3.3639     0.0000     0.0000 -124.17556   44.65168      10.89          2  0.000e+00
      18133    755.500     47.197     47.587     8.0309     8.0322  35.101310  35.100538     8.0262     8.0276    33.7560    33.7539    26.2930    26.2911     1.9432     2.0592     59.170     62.702     0.9109     0.9158     0.0940     1.3254     3.3626     0.0000     0.0000 -124.17556   44.65168      10.89          2  0.000e+00
      18134    755.542     47.296     47.687     8.0312     8.0323  35.101058  35.100853     8.0265     8.0276    33.7554    33.7541    26.2924    26.2913     1.9432     2.0592     59.171     62.702     0.9109     0.9158     0.0928     1.2949     3.3626     0.0000     0.0000 -124.17556   44.65168      10.89          2  0.000e+00
      18135    755.583     47.250     47.641     8.0309     8.0322  35.100743  35.101042     8.0262     8.0276    33.7554    33.7544    26.2925    26.2915     1.9432     2.0592     59.171     62.702     0.9109     0.9158     0.0940     1.3254     3.3639     0.0000     0.0000 -124.17556   44.65168      10.92          2  0.000e+00
      18136    755.625     47.250     47.641     8.0314     8.0324  35.101373  35.101042     8.0267     8.0277    33.7556    33.7542    26.2926    26.2914     1.9432     2.0592     59.170     62.702     0.9109     0.9158     0.0940     1.3254     3.3626     0.0000     0.0000 -124.17556   44.65168      10.94          2  0.000e+00
      18137    755.667     47.230     47.621     8.0314     8.0324  35.101121  35.101042     8.0267     8.0277    33.7553    33.7542    26.2924    26.2914     1.9432     2.0592     59.170     62.702     0.9109     0.9158     0.0940     1.3254     3.3639     0.0000     0.0000 -124.17556   44.65168      10.94          2  0.000e+00
      18138    755.708     47.250     47.641     8.0314     8.0324  35.100995  35.101042     8.0267     8.0277    33.7552    33.7542    26.2923    26.2914     1.9432     2.0592     59.171     62.702     0.9109     0.9158     0.0940     1.3254     3.3626     0.0000     0.0000 -124.17556   44.65168      10.94          2  0.000e+00
      18139    755.750     47.296     47.687     8.0315     8.0324  35.100995  35.101294     8.0268     8.0277    33.7550    33.7545    26.2921    26.2916     1.9432     2.0592     59.171     62.702     0.9109     0.9158     0.0940     1.3254     3.3626     0.0000     0.0000 -124.17556   44.65168      10.94          2  0.000e+00
      18140    755.792     47.197     47.587     8.0318     8.0323  35.100995  35.101104     8.0272     8.0276    33.7548    33.7544    26.2919    26.2916     1.9432     2.0592     59.170     62.702     0.9109     0.9158     0.0940     1.3254     3.3639     0.0000     0.0000 -124.17556   44.65170      10.94          2  0.000e+00
      18141    755.833     47.250     47.641     8.0318     8.0324  35.101184  35.100790     8.0271     8.0277    33.7549    33.7540    26.2920    26.2912     1.9432     2.0592     59.170     62.702     0.9109     0.9158     0.0940     1.3254     3.3626     0.0000     0.0000 -124.17556   44.65170      10.94          2  0.000e+00
      18142    755.875     47.296     47.687     8.0318     8.0322  35.101310  35.100916     8.0271     8.0275    33.7550    33.7542    26.2921    26.2914     1.9432     2.0592     59.170     62.703     0.9109     0.9158     0.0940     1.3254     3.3626     0.0000     0.0000 -124.17556   44.65170      10.92          2  0.000e+00
      18143    755.917     47.184     47.574     8.0318     8.0324  35.101058  35.101230     8.0272     8.0278    33.7548    33.7544    26.2919    26.2915     1.9432     2.0592     59.169     62.701     0.9109     0.9158     0.0940     1.3254     3.3626     0.0000     0.0000 -124.17556   44.65170      10.92          2  0.000e+00
      18144    755.958     47.250     47.641     8.0315     8.0324  35.101436  35.101168     8.0268     8.0277    33.7555    33.7544    26.2925    26.2915     1.9432     2.0592     59.170     62.702     0.9109     0.9158     0.0940     1.3254     3.3626     0.0000     0.0000 -124.17556   44.65170      10.92          2  0.000e+00
      18145    756.000     47.250     47.641     8.0318     8.0327  35.101121  35.100790     8.0271     8.0280    33.7549    33.7537    26.2920    26.2909     1.9376     2.0592     59.000     62.702     0.9096     0.9158     0.0940     1.3254     3.3626     0.0000     0.0000 -124.17556   44.65170      10.92          2  0.000e+00
      18146    756.042     47.250     47.641     8.0317     8.0324  35.101184  35.100727     8.0270     8.0277    33.7551    33.7539    26.2921    26.2911     1.9432     2.0592     59.170     62.702     0.9109     0.9158     0.0940     1.3254     3.3626     0.0000     0.0000 -124.17556   44.65170      10.92          2  0.000e+00
      18147    756.083     47.250     47.641     8.0315     8.0324  35.101310  35.100916     8.0268     8.0277    33.7554    33.7541    26.2924    26.2913     1.9376     2.0592     59.000     62.702     0.9096     0.9158     0.0940     1.3254     3.3626     0.0000     0.0000 -124.17556   44.65170      10.92          2  0.000e+00
      18148    756.125     47.197     47.587     8.0318     8.0322  35.101058  35.100790     8.0272     8.0276    33.7548    33.7541    26.2919    26.2913     1.9376     2.0592     58.999     62.702     0.9096     0.9158     0.0940     1.3254     3.3626     0.0000     0.0000 -124.17556   44.65170      10.94          2  0.000e+00
      18149    756.167     47.230     47.621     8.0317     8.0323  35.100995  35.100475     8.0270     8.0276    33.7549    33.7537    26.2920    26.2910     1.9376     2.0592     59.000     62.702     0.9096     0.9158     0.0940     1.3254     3.3626     0.0000     0.0000 -124.17556   44.65170      10.94          2  0.000e+00
      18150    756.208     47.296     47.687     8.0317     8.0321  35.100492  35.100853     8.0270     8.0274    33.7543    33.7543    26.2915    26.2915     1.9376     2.0531     59.000     62.517     0.9096     0.9145     0.0940     1.3254     3.3639     0.0000     0.0000 -124.17556   44.65170      10.94          2  0.000e+00
      18151    756.250     47.197     47.587     8.0317     8.0321  35.100806  35.100853     8.0270     8.0274    33.7547    33.7544    26.2918    26.2916     1.9376     2.0592     58.999     62.702     0.9096     0.9158     0.0940     1.3254     3.3626     0.0000     0.0000 -124.17556   44.65170      10.94          2  0.000e+00
      18152    756.292     47.250     47.641     8.0317     8.0320  35.100995  35.100476     8.0270     8.0273    33.7549    33.7541    26.2920    26.2913     1.9376     2.0531     59.000     62.517     0.9096     0.9145     0.0940     1.3254     3.3626     0.0000     0.0000 -124.17556   44.65170      10.94          2  0.000e+00
      18153    756.333     47.250     47.641     8.0315     8.0321  35.100743  35.100601     8.0268     8.0274    33.7548    33.7541    26.2919    26.2913     1.9376     2.0592     59.000     62.702     0.9096     0.9158     0.0940     1.3254     3.3626     0.0000     0.0000 -124.17556   44.65170      10.94          2  0.000e+00
      18154    756.375     47.296     47.687     8.0314     8.0321  35.100680  35.100916     8.0267     8.0274    33.7548    33.7544    26.2920    26.2916     1.9376     2.0531     59.001     62.517     0.9096     0.9145     0.0940     1.3254     3.3626     0.0000     0.0000 -124.17556   44.65170      10.92          2  0.000e+00
      18155    756.417     47.230     47.621     8.0312     8.0321  35.100680  35.100538     8.0265     8.0274    33.7550    33.7540    26.2922    26.2912     1.9376     2.0592     59.000     62.702     0.9096     0.9158     0.0952     1.3560     3.3639     0.0000     0.0000 -124.17556   44.65170      10.92          2  0.000e+00
      18156    756.458     47.250     47.641     8.0312     8.0321  35.100680  35.100601     8.0265     8.0274    33.7550    33.7541    26.2921    26.2913     1.9376     2.0531     59.000     62.517     0.9096     0.9145     0.0952     1.3560     3.3639     0.0000     0.0000 -124.17556   44.65170      10.92          2  0.000e+00
      18157    756.500     47.250     47.641     8.0314     8.0325  35.100680  35.100916     8.0267     8.0278    33.7548    33.7540    26.2920    26.2912     1.9376     2.0592     59.000     62.702     0.9096     0.9158     0.0952     1.3560     3.3626     0.0000     0.0000 -124.17556   44.65170      10.92          2  0.000e+00
      18158    756.542     47.250     47.641     8.0312     8.0322  35.100869  35.101042     8.0265     8.0276    33.7552    33.7544    26.2923    26.2915     1.9376     2.0531     59.000     62.516     0.9096     0.9145     0.0952     1.3560     3.3626     0.0000     0.0000 -124.17556   44.65170      10.92          2  0.000e+00
      18159    756.583     47.296     47.687     8.0314     8.0324  35.100995  35.101042     8.0267     8.0277    33.7552    33.7542    26.2923    26.2913     1.9376     2.0531     59.001     62.516     0.9096     0.9145     0.0952     1.3560     3.3639     0.0000     0.0000 -124.17556   44.65170      10.92          2  0.000e+00
      18160    756.625     47.250     47.641     8.0317     8.0327  35.100995  35.101042     8.0270     8.0280    33.7549    33.7539    26.2920    26.2911     1.9320     2.0531     58.829     62.516     0.9084     0.9145     0.0952     1.3560     3.3639     0.0000     0.0000 -124.17556   44.65170      10.92          2  0.000e+00
      18161    756.667     47.296     47.687     8.0317     8.0327  35.101184  35.100790     8.0270     8.0280    33.7550    33.7536    26.2921    26.2909     1.9376     2.0531     59.000     62.516     0.9096     0.9145     0.0952     1.3560     3.3626     0.0000     0.0000 -124.17556   44.65170      10.92          2  0.000e+00
      18162    756.708     47.283     47.674     8.0320     8.0328  35.100806  35.100916     8.0273     8.0281    33.7543    33.7537    26.2915    26.2909     1.9376     2.0531     59.000     62.516     0.9096     0.9145     0.0952     1.3560     3.3626     0.0000     0.0000 -124.17556   44.65170      10.89          2  0.000e+00
      18163    756.750     47.250     47.641     8.0324     8.0329  35.101373  35.101042     8.0277     8.0282    33.7546    33.7538    26.2917    26.2910     1.9376     2.0531     58.999     62.516     0.9096     0.9145     0.0952     1.3560     3.3626     0.0000     0.0000 -124.17556   44.65170      10.89          2  0.000e+00
      18164    756.792     47.296     47.687     8.0324     8.0331  35.100869  35.101231     8.0277     8.0284    33.7541    33.7538    26.2913    26.2909     1.9376     2.0531     59.000     62.516     0.9096     0.9145     0.0952     1.3560     3.3626     0.0000     0.0000 -124.17556   44.65168      10.89          2  0.000e+00
      18165    756.833     47.296     47.687     8.0326     8.0328  35.100869  35.101168     8.0279     8.0281    33.7538    33.7540    26.2910    26.2911     1.9376     2.0531     58.999     62.516     0.9096     0.9145     0.0952     1.3560     3.3639     0.0000     0.0000 -124.17556   44.65168      10.89          2  0.000e+00
      18166    756.875     47.296     47.687     8.0326     8.0329  35.100995  35.100539     8.0279     8.0282    33.7539    33.7532    26.2911    26.2905     1.9320     2.0531     58.829     62.516     0.9084     0.9145     0.0952     1.3560     3.3626     0.0000     0.0000 -124.17556   44.65168      10.87          2  0.000e+00
      18167    756.917     47.296     47.687     8.0328     8.0324  35.100743  35.100161     8.0281     8.0277    33.7535    33.7533    26.2907    26.2906     1.9376     2.0531     58.999     62.517     0.9096     0.9145     0.0952     1.3560     3.3639     0.0000     0.0000 -124.17556   44.65168      10.84          2  0.000e+00
      18168    756.958     47.283     47.674     8.0328     8.0318  35.100680  35.100098     8.0281     8.0271    33.7534    33.7538    26.2907    26.2912     1.9376     2.0531     58.999     62.517     0.9096     0.9145     0.0952     1.3560     3.3639     0.0000     0.0000 -124.17556   44.65168      10.87          2  0.000e+00
      18169    757.000     47.343     47.734     8.0328     8.0312  35.100680  35.099595     8.0281     8.0265    33.7534    33.7538    26.2907    26.2912     1.9376     2.0532     59.000     62.519     0.9096     0.9145     0.0952     1.3560     3.3639     0.0000     0.0000 -124.17556   44.65168      10.87          2  0.000e+00
      18170    757.042     47.296     47.687     8.0326     8.0306  35.100429  35.099658     8.0279     8.0259    33.7533    33.7544    26.2906    26.2918     1.9376     2.0532     59.000     62.519     0.9096     0.9145     0.0952     1.3560     3.3639     0.0000     0.0000 -124.17556   44.65168      10.87          2  0.000e+00
      18171    757.083     47.343     47.734     8.0324     8.0301  35.100555  35.099784     8.0277     8.0254    33.7537    33.7550    26.2910    26.2923     1.9376     2.0532     59.000     62.520     0.9096     0.9145     0.0952     1.3560     3.3626     0.0000     0.0000 -124.17556   44.65168      10.84          2  0.000e+00
      18172    757.125     47.343     47.734     8.0322     8.0298  35.100177  35.099784     8.0275     8.0251    33.7535    33.7553    26.2908    26.2926     1.9376     2.0532     59.000     62.520     0.9096     0.9145     0.0952     1.3560     3.3639     0.0000     0.0000 -124.17556   44.65168      10.84          2  0.000e+00
      18173    757.167     47.296     47.687     8.0315     8.0298  35.100240  35.100224     8.0268     8.0251    33.7542    33.7558    26.2915    26.2930     1.9320     2.0532     58.830     62.520     0.9084     0.9145     0.0952     1.3560     3.3626     0.0000     0.0000 -124.17556   44.65168      10.84          2  0.000e+00
      18174    757.208     47.376     47.768     8.0310     8.0293  35.100114  35.099470     8.0263     8.0246    33.7545    33.7555    26.2918    26.2928     1.9377     2.0533     59.002     62.521     0.9096     0.9145     0.0952     1.3560     3.3639     0.0000     0.0000 -124.17556   44.65168      10.84          2  0.000e+00
      18175    757.250     47.343     47.734     8.0310     8.0293  35.100051  35.099847     8.0263     8.0246    33.7544    33.7559    26.2918    26.2932     1.9321     2.0532     58.831     62.521     0.9084     0.9145     0.0952     1.3560     3.3626     0.0000     0.0000 -124.17556   44.65168      10.84          2  0.000e+00
      18176    757.292     47.343     47.734     8.0307     8.0290  35.100051  35.100287     8.0260     8.0243    33.7548    33.7567    26.2921    26.2938     1.9321     2.0471     58.832     62.335     0.9084     0.9133     0.0952     1.3560     3.3639     0.0000     0.0000 -124.17556   44.65168      10.84          2  0.000e+00
