WCOA/WCOA-6/CTD_Data/RB2102_CTD_132_02.ros
* Sea-Bird SBE 9 Data File:
* FileName = C:\Users\scs.user.rb\CTD\RB2102\Data\RB2102_CTD_132_02.hex
* Software Version Seasave V 7.26.7.107
* Temperature SN = 6224
* Conductivity SN = 4722
* Number of Bytes Per Scan = 41
* Number of Voltage Words = 4
* Number of Scans Averaged by the Deck Unit = 1
* NMEA Latitude = 32 05.04 N
* NMEA Longitude = 120 38.29 W
* NMEA UTC (Time) = Jul 22 2021  22:53:36
* NMEA baud rate = 4800
# nquan = 30
# nvalues = 1176                                  
# units = specified
# name 0 = scan: Scan Count
# name 1 = timeS: Time, Elapsed [seconds]
# name 2 = depSM: Depth [salt water, m]
# name 3 = prDM: Pressure, Digiquartz [db]
# name 4 = t090C: Temperature [ITS-90, deg C]
# name 5 = t190C: Temperature, 2 [ITS-90, deg C]
# name 6 = c0mS/cm: Conductivity [mS/cm]
# name 7 = c1mS/cm: Conductivity, 2 [mS/cm]
# name 8 = potemp090C: Potential Temperature [ITS-90, deg C]
# name 9 = potemp190C: Potential Temperature, 2 [ITS-90, deg C]
# name 10 = sal00: Salinity, Practical [PSU]
# name 11 = sal11: Salinity, Practical, 2 [PSU]
# name 12 = sigma-é00: Density [sigma-theta, kg/m^3]
# name 13 = sigma-é11: Density, 2 [sigma-theta, kg/m^3]
# name 14 = sbeox0Mg/L: Oxygen, SBE 43 [mg/l]
# name 15 = sbeox1Mg/L: Oxygen, SBE 43, 2 [mg/l]
# name 16 = sbox0Mm/Kg: Oxygen, SBE 43 [umol/kg]
# name 17 = sbox1Mm/Kg: Oxygen, SBE 43, 2 [umol/kg]
# name 18 = sbeox0V: Oxygen raw, SBE 43 [V]
# name 19 = sbeox1V: Oxygen raw, SBE 43, 2 [V]
# name 20 = v4: Voltage 4
# name 21 = flECO-AFL: Fluorescence, WET Labs ECO-AFL/FL [mg/m^3]
# name 22 = v3: Voltage 3
# name 23 = v6: Voltage 6
# name 24 = v7: Voltage 7
# name 25 = longitude: Longitude [deg]
# name 26 = latitude: Latitude [deg]
# name 27 = altM: Altimeter [m]
# name 28 = nbf: Bottles Fired
# name 29 = flag:  0.000e+00
# interval = seconds: 0.0416667
# start_time = Jul 22 2021 22:53:36 [NMEA time, header]
# bad_flag = -9.990e-29
*END*
[from data line 919]
     256507  10687.750     40.179     40.465    13.9405    13.9374  40.047429  40.074972    13.9348    13.9317    33.2783    33.3066    24.8703    24.8928     8.6361     7.7203    263.333    235.404     2.6288     2.2967     0.0708     0.7455     0.0000     0.0000     0.0000 -120.63862   32.08354      99.58         19  0.000e+00
     256508  10687.792     40.232     40.519    13.9378    13.9375  40.048301  40.074478    13.9321    13.9318    33.2815    33.3060    24.8733    24.8923     8.6365     7.7204    263.344    235.406     2.6288     2.2967     0.0708     0.7455     0.0000     0.0000     0.0000 -120.63862   32.08354      99.56         19  0.000e+00
     256509  10687.833     40.217     40.503    13.9346    13.9380  40.046870  40.074416    13.9289    13.9323    33.2829    33.3055    24.8751    24.8919     8.6370     7.7203    263.358    235.404     2.6288     2.2967     0.0708     0.7455     0.0000     0.0000     0.0000 -120.63862   32.08354      99.58         19  0.000e+00
     256510  10687.875     40.179     40.465    13.9358    13.9387  40.045252  40.075467    13.9301    13.9330    33.2804    33.3059    24.8729    24.8920     8.6368     7.7253    263.355    235.554     2.6288     2.2979     0.0708     0.7455     0.0000     0.0000     0.0000 -120.63862   32.08354      99.58         19  0.000e+00
     256511  10687.917     40.232     40.519    13.9405    13.9385  40.043447  40.075591    13.9348    13.9328    33.2746    33.3062    24.8675    24.8922     8.6364     7.7202    263.342    235.400     2.6288     2.2967     0.0708     0.7455     0.0000     0.0000     0.0000 -120.63862   32.08354      99.58         19  0.000e+00
     256512  10687.958     40.232     40.519    13.9441    13.9389  40.041829  40.074787    13.9383    13.9332    33.2701    33.3051    24.8632    24.8913     8.6360     7.7202    263.332    235.400     2.6288     2.2967     0.0708     0.7455     0.0000     0.0000     0.0000 -120.63862   32.08354      99.58         19  0.000e+00
     256513  10688.000     40.232     40.519    13.9436    13.9395  40.040647  40.074787    13.9378    13.9338    33.2694    33.3046    24.8628    24.8908     8.6361     7.7201    263.336    235.398     2.6288     2.2967     0.0708     0.7455     0.0000     0.0000     0.0000 -120.63862   32.08354      99.58         19  0.000e+00
     256514  10688.042     40.232     40.519    13.9444    13.9395  40.041704  40.074910    13.9387    13.9338    33.2696    33.3047    24.8628    24.8909     8.6360     7.7201    263.330    235.398     2.6288     2.2967     0.0708     0.7455     0.0000     0.0000     0.0000 -120.63862   32.08354      99.58         19  0.000e+00
     256515  10688.083     40.292     40.579    13.9466    13.9393  40.044006  40.074911    13.9409    13.9336    33.2699    33.3048    24.8625    24.8910     8.6356     7.7253    263.321    235.556     2.6288     2.2979     0.0708     0.7455     0.0000     0.0000     0.0000 -120.63862   32.08354      99.58         19  0.000e+00
     256516  10688.125     40.232     40.519    13.9486    13.9391  40.045624  40.074601    13.9429    13.9334    33.2696    33.3048    24.8619    24.8910     8.6352     7.7253    263.308    235.556     2.6288     2.2979     0.0708     0.7455     0.0000     0.0000     0.0000 -120.63862   32.08354      99.58         19  0.000e+00
     256517  10688.167     40.292     40.579    13.9507    13.9392  40.047117  40.075282    13.9449    13.9335    33.2692    33.3053    24.8612    24.8914     8.6400     7.7253    263.454    235.556     2.6300     2.2979     0.0708     0.7455     0.0000     0.0000     0.0000 -120.63862   32.08354      99.56         19  0.000e+00
     256518  10688.208     40.292     40.579    13.9512    13.9392  40.048175  40.075962    13.9454    13.9335    33.2698    33.3059    24.8615    24.8919     8.6399     7.7253    263.450    235.555     2.6300     2.2979     0.0708     0.7455     0.0000     0.0000     0.0000 -120.63862   32.08354      99.58         19  0.000e+00
     258734  10780.542     29.497     29.706    15.5501    15.5719  41.700693  41.763658    15.5455    15.5674    33.4087    33.4464    24.6256    24.6498     8.6573     7.7834    264.043    237.382     2.7070     2.3785     0.0904     1.2339     0.0000     0.0000     0.0000 -120.63862   32.08354      99.66         20  0.000e+00
     258735  10780.583     29.617     29.828    15.5484    15.5726  41.703287  41.766236    15.5438    15.5681    33.4124    33.4481    24.6288    24.6509     8.6624     7.7833    264.198    237.380     2.7082     2.3785     0.0916     1.2644     0.0000     0.0000     0.0000 -120.63862   32.08354      99.66         20  0.000e+00
     258736  10780.625     29.444     29.653    15.5510    15.5736  41.703602  41.767242    15.5465    15.5691    33.4105    33.4482    24.6268    24.6508     8.6619     7.7830    264.182    237.370     2.7082     2.3785     0.0904     1.2339     0.0000     0.0000     0.0000 -120.63862   32.08354      99.66         20  0.000e+00
     258737  10780.667     29.383     29.592    15.5526    15.5754  41.703349  41.768562    15.5481    15.5708    33.4090    33.4480    24.6252    24.6502     8.6568     7.7827    264.026    237.360     2.7070     2.3785     0.0904     1.2339     0.0000     0.0000     0.0000 -120.63862   32.08354      99.66         20  0.000e+00
     258738  10780.708     29.549     29.759    15.5525    15.5796  41.702654  41.771832    15.5480    15.5751    33.4083    33.4472    24.6248    24.6487     8.6619     7.7822    264.182    237.347     2.7082     2.3785     0.0904     1.2339     0.0000     0.0000     0.0000 -120.63862   32.08354      99.63         20  0.000e+00
     258739  10780.750     29.383     29.592    15.5507    15.5840  41.704171  41.776170    15.5462    15.5795    33.4113    33.4474    24.6274    24.6478     8.6618     7.7813    264.180    237.321     2.7082     2.3785     0.0916     1.2644     0.0000     0.0000     0.0000 -120.63862   32.08354      99.63         20  0.000e+00
     258740  10780.792     29.383     29.592    15.5487    15.5858  41.705437  41.778497    15.5442    15.5812    33.4141    33.4480    24.6301    24.6479     8.6620     7.7860    264.185    237.462     2.7082     2.3797     0.0904     1.2339     0.0000     0.0000     0.0000 -120.63862   32.08354      99.66         20  0.000e+00
     258741  10780.833     29.451     29.660    15.5481    15.5863  41.705500  41.779063    15.5436    15.5817    33.4146    33.4481    24.6306    24.6479     8.6671     7.7860    264.339    237.462     2.7094     2.3797     0.0904     1.2339     0.0000     0.0000     0.0000 -120.63862   32.08354      99.66         20  0.000e+00
     258742  10780.875     29.383     29.592    15.5504    15.5858  41.705626  41.780069    15.5459    15.5812    33.4128    33.4494    24.6287    24.6490     8.6667     7.7908    264.328    237.610     2.7094     2.3810     0.0904     1.2339     0.0000     0.0000     0.0000 -120.63862   32.08354      99.63         20  0.000e+00
     258743  10780.917     29.383     29.592    15.5521    15.5842  41.705183  41.779944    15.5476    15.5797    33.4110    33.4506    24.6269    24.6503     8.6665     7.7910    264.323    237.616     2.7094     2.3810     0.0904     1.2339     0.0000     0.0000     0.0000 -120.63862   32.08354      99.66         20  0.000e+00
     258744  10780.958     29.383     29.592    15.5525    15.5835  41.704677  41.779252    15.5480    15.5790    33.4102    33.4506    24.6262    24.6504     8.6616     7.7911    264.173    237.619     2.7082     2.3810     0.0916     1.2644     0.0000     0.0000     0.0000 -120.63862   32.08354      99.66         20  0.000e+00
     258745  10781.000     29.383     29.592    15.5509    15.5820  41.704930  41.777617    15.5464    15.5775    33.4118    33.4504    24.6278    24.6506     8.6667     7.7914    264.327    237.626     2.7094     2.3810     0.0916     1.2644     0.0000     0.0000     0.0000 -120.63862   32.08354      99.66         20  0.000e+00
     258746  10781.042     29.383     29.592    15.5493    15.5803  41.705816  41.775353    15.5448    15.5758    33.4139    33.4498    24.6298    24.6506     8.6668     7.7917    264.332    237.635     2.7094     2.3810     0.0916     1.2644     0.0000     0.0000     0.0000 -120.63862   32.08354      99.66         20  0.000e+00
     258747  10781.083     29.383     29.592    15.5473    15.5806  41.705057  41.774410    15.5428    15.5761    33.4150    33.4487    24.6310    24.6496     8.6671     7.7966    264.340    237.786     2.7094     2.3822     0.0916     1.2644     0.0000     0.0000     0.0000 -120.63862   32.08354      99.63         20  0.000e+00
     258748  10781.125     29.277     29.485    15.5453    15.5817  41.704614  41.775164    15.5408    15.5772    33.4163    33.4485    24.6325    24.6493     8.6673     7.7963    264.344    237.778     2.7094     2.3822     0.0904     1.2339     0.0000     0.0000     0.0000 -120.63862   32.08354      99.66         20  0.000e+00
     258749  10781.167     29.383     29.592    15.5449    15.5804  41.703603  41.776171    15.5404    15.5759    33.4157    33.4504    24.6321    24.6510     8.6675     7.7965    264.351    237.784     2.7094     2.3822     0.0916     1.2644     0.0000     0.0000     0.0000 -120.63862   32.08354      99.63         20  0.000e+00
     258750  10781.208     29.330     29.538    15.5426    15.5789  41.702654  41.775164    15.5381    15.5744    33.4168    33.4508    24.6335    24.6516     8.6678     7.7967    264.359    237.789     2.7094     2.3822     0.0916     1.2644     0.0000     0.0000     0.0000 -120.63862   32.08354      99.63         20  0.000e+00
     258751  10781.250     29.330     29.538    15.5415    15.5745  41.702275  41.772461    15.5370    15.5700    33.4174    33.4522    24.6342    24.6536     8.6679     7.7973    264.363    237.807     2.7094     2.3822     0.0904     1.2339     0.0000     0.0000     0.0000 -120.63862   32.08354      99.66         20  0.000e+00
     258752  10781.292     29.330     29.538    15.5415    15.5696  41.702085  41.768059    15.5370    15.5650    33.4172    33.4525    24.6341    24.6550     8.6679     7.8030    264.364    237.980     2.7094     2.3834     0.0904     1.2339     0.0000     0.0000     0.0000 -120.63862   32.08354      99.63         20  0.000e+00
     258753  10781.333     29.330     29.538    15.5391    15.5663  41.700757  41.764412    15.5346    15.5618    33.4180    33.4519    24.6352    24.6553     8.6731     7.8035    264.523    237.996     2.7106     2.3834     0.0904     1.2339     0.0000     0.0000     0.0000 -120.63862   32.08354      99.63         20  0.000e+00
     258754  10781.375     29.338     29.546    15.5349    15.5655  41.700315  41.762400    15.5304    15.5610    33.4213    33.4508    24.6386    24.6546     8.6737     7.8037    264.539    238.002     2.7106     2.3834     0.0916     1.2644     0.0000     0.0000     0.0000 -120.63862   32.08354      99.66         20  0.000e+00
     258755  10781.417     29.330     29.538    15.5332    15.5645  41.698481  41.761331    15.5287    15.5599    33.4210    33.4508    24.6388    24.6548     8.6740     7.8039    264.548    238.007     2.7106     2.3834     0.0904     1.2339     0.0000     0.0000     0.0000 -120.63862   32.08354      99.63         20  0.000e+00
     258756  10781.458     29.330     29.538    15.5320    15.5609  41.695635  41.758251    15.5275    15.5564    33.4195    33.4511    24.6379    24.6558     8.6792     7.8044    264.706    238.023     2.7118     2.3834     0.0916     1.2644     0.0000     0.0000     0.0000 -120.63862   32.08354      99.66         20  0.000e+00
     258757  10781.500     29.330     29.538    15.5308    15.5558  41.693359  41.754227    15.5263    15.5513    33.4185    33.4518    24.6374    24.6575     8.6745     7.8002    264.565    237.895     2.7106     2.3822     0.0928     1.2949     0.0000     0.0000     0.0000 -120.63862   32.08354      99.66         20  0.000e+00
     258758  10781.542     29.330     29.538    15.5281    15.5513  41.691715  41.750518    15.5236    15.5468    33.4193    33.4522    24.6387    24.6588     8.6750     7.8009    264.577    237.915     2.7106     2.3822     0.0928     1.2949     0.0000     0.0000     0.0000 -120.63862   32.08354      99.66         20  0.000e+00
     258759  10781.583     29.330     29.538    15.5265    15.5497  41.690577  41.748758    15.5220    15.5452    33.4197    33.4521    24.6393    24.6591     8.6801     7.8012    264.734    237.923     2.7118     2.3822     0.0928     1.2949     0.0000     0.0000     0.0000 -120.63862   32.08354      99.66         20  0.000e+00
     258760  10781.625     29.338     29.546    15.5267    15.5517  41.688363  41.749386    15.5222    15.5472    33.4175    33.4509    24.6375    24.6577     8.6802     7.8059    264.737    238.066     2.7118     2.3834     0.0916     1.2644     0.0000     0.0000     0.0000 -120.63862   32.08354      99.66         20  0.000e+00
     258761  10781.667     29.383     29.591    15.5293    15.5551  41.687731  41.751524    15.5248    15.5506    33.4147    33.4499    24.6349    24.6562     8.6848     7.8054    264.879    238.053     2.7131     2.3834     0.0928     1.2949     0.0000     0.0000     0.0000 -120.63862   32.08354      99.66         20  0.000e+00
     258762  10781.708     29.330     29.538    15.5329    15.5532  41.686402  41.749197    15.5284    15.5487    33.4105    33.4494    24.6308    24.6563     8.6844     7.8008    264.867    237.911     2.7131     2.3822     0.0928     1.2949     0.0000     0.0000     0.0000 -120.63862   32.08354      99.63         20  0.000e+00
     258763  10781.750     29.330     29.538    15.5371    15.5459  41.687287  41.742848    15.5326    15.5414    33.4077    33.4500    24.6277    24.6583     8.6887     7.8019    264.999    237.944     2.7143     2.3822     0.0928     1.2949     0.0000     0.0000     0.0000 -120.63862   32.08354      99.66         20  0.000e+00
     258764  10781.792     29.383     29.591    15.5413    15.5332  41.688867  41.732603    15.5368    15.5287    33.4055    33.4516    24.6251    24.6624     8.6881     7.8038    264.983    238.003     2.7143     2.3822     0.0928     1.2949     0.0000     0.0000     0.0000 -120.63860   32.08354      99.66         20  0.000e+00
     258765  10781.833     29.330     29.538    15.5420    15.5214  41.691903  41.721981    15.5375    15.5169    33.4077    33.4521    24.6266    24.6654     8.6878     7.8055    264.974    238.055     2.7143     2.3822     0.0916     1.2644     0.0000     0.0000     0.0000 -120.63860   32.08354      99.66         20  0.000e+00
     258766  10781.875     29.383     29.591    15.5410    15.5178  41.695255  41.718084    15.5365    15.5133    33.4115    33.4516    24.6298    24.6658     8.6928     7.8111    265.122    238.225     2.7155     2.3834     0.0928     1.2949     0.0000     0.0000     0.0000 -120.63860   32.08354      99.66         20  0.000e+00
     258767  10781.917     29.337     29.546    15.5415    15.5211  41.697848  41.718146    15.5370    15.5166    33.4134    33.4489    24.6311    24.6630     8.6974     7.8107    265.264    238.213     2.7167     2.3834     0.0928     1.2949     0.0000     0.0000     0.0000 -120.63860   32.08354      99.66         20  0.000e+00
     258768  10781.958     29.383     29.591    15.5424    15.5175  41.698860  41.714816    15.5378    15.5130    33.4136    33.4490    24.6311    24.6638     8.6924     7.8113    265.112    238.231     2.7155     2.3834     0.0928     1.2949     0.0000     0.0000     0.0000 -120.63860   32.08354      99.66         20  0.000e+00
