WCOA/WCOA-6/CTD_Data/RB2102_CTD_110_01.ros
* Sea-Bird SBE 9 Data File:
* FileName = C:\Users\scs.user.rb\CTD\RB2102\Data\RB2102_CTD_110_01.hex
* Software Version Seasave V 7.26.7.107
* Temperature SN = 6202
* Conductivity SN = 4907
* Number of Bytes Per Scan = 41
* Number of Voltage Words = 4
* Number of Scans Averaged by the Deck Unit = 1
* NMEA Latitude = 33 49.03 N
* NMEA Longitude = 121 50.63 W
* NMEA UTC (Time) = Jul 17 2021  13:15:45
* NMEA baud rate = 4800
# nquan = 30
# nvalues = 1176                                  
# units = specified
# name 0 = scan: Scan Count
# name 1 = timeS: Time, Elapsed [seconds]
# name 2 = depSM: Depth [salt water, m]
# name 3 = prDM: Pressure, Digiquartz [db]
# name 4 = t090C: Temperature [ITS-90, deg C]
# name 5 = t190C: Temperature, 2 [ITS-90, deg C]
# name 6 = c0mS/cm: Conductivity [mS/cm]
# name 7 = c1mS/cm: Conductivity, 2 [mS/cm]
# name 8 = potemp090C: Potential Temperature [ITS-90, deg C]
# name 9 = potemp190C: Potential Temperature, 2 [ITS-90, deg C]
# name 10 = sal00: Salinity, Practical [PSU]
# name 11 = sal11: Salinity, Practical, 2 [PSU]
# name 12 = sigma-é00: Density [sigma-theta, kg/m^3]
# name 13 = sigma-é11: Density, 2 [sigma-theta, kg/m^3]
# name 14 = sbeox0Mg/L: Oxygen, SBE 43 [mg/l]
# name 15 = sbeox1Mg/L: Oxygen, SBE 43, 2 [mg/l]
# name 16 = sbox0Mm/Kg: Oxygen, SBE 43 [umol/kg]
# name 17 = sbox1Mm/Kg: Oxygen, SBE 43, 2 [umol/kg]
# name 18 = sbeox0V: Oxygen raw, SBE 43 [V]
# name 19 = sbeox1V: Oxygen raw, SBE 43, 2 [V]
# name 20 = v4: Voltage 4
# name 21 = flECO-AFL: Fluorescence, WET Labs ECO-AFL/FL [mg/m^3]
# name 22 = v3: Voltage 3
# name 23 = v6: Voltage 6
# name 24 = v7: Voltage 7
# name 25 = longitude: Longitude [deg]
# name 26 = latitude: Latitude [deg]
# name 27 = altM: Altimeter [m]
# name 28 = nbf: Bottles Fired
# name 29 = flag:  0.000e+00
# interval = seconds: 0.0416667
# start_time = Jul 17 2021 13:15:45 [NMEA time, header]
# bad_flag = -9.990e-29
*END*
[from data line 726]
     249358  10389.875     98.971     99.705    10.1140    10.1146  36.923482  36.935487    10.1026    10.1032    33.6572    33.6688    25.8862    25.8951     5.2146     5.3153    158.847    161.912     1.6728     1.6142     0.0415     0.0129     3.1661     0.0611     0.0000 -121.84542   33.81642      99.44         15  0.000e+00
     249359  10389.917     99.018     99.752    10.1138    10.1145  36.923033  36.935487    10.1024    10.1031    33.6569    33.6689    25.8859    25.8952     5.2093     5.3212    158.685    162.091     1.6716     1.6154     0.0415     0.0129     3.1661     0.0598     0.0000 -121.84542   33.81642      99.44         15  0.000e+00
     249360  10389.958     98.971     99.705    10.1140    10.1146  36.922968  36.934973    10.1026    10.1032    33.6567    33.6683    25.8857    25.8947     5.2146     5.3153    158.847    161.912     1.6728     1.6142     0.0415     0.0129     3.1648     0.0611     0.0000 -121.84542   33.81642      99.44         15  0.000e+00
     249361  10390.000     98.971     99.705    10.1138    10.1143  36.922776  36.934267    10.1024    10.1029    33.6567    33.6678    25.8858    25.8944     5.2146     5.3153    158.848    161.914     1.6728     1.6142     0.0415     0.0129     3.1661     0.0611     0.0000 -121.84542   33.81642      99.44         15  0.000e+00
     249362  10390.042     98.971     99.705    10.1140    10.1143  36.922904  36.934396    10.1026    10.1029    33.6566    33.6680    25.8857    25.8945     5.2146     5.3212    158.848    162.092     1.6728     1.6154     0.0415     0.0129     3.1661     0.0611     0.0000 -121.84542   33.81642      99.44         15  0.000e+00
     249363  10390.083     98.971     99.705    10.1139    10.1143  36.923675  36.934203    10.1025    10.1029    33.6575    33.6678    25.8864    25.8943     5.2146     5.3153    158.847    161.914     1.6728     1.6142     0.0415     0.0129     3.1648     0.0611     0.0000 -121.84542   33.81642      99.44         15  0.000e+00
     249364  10390.125     98.971     99.705    10.1135    10.1140  36.923482  36.934396    10.1021    10.1026    33.6577    33.6683    25.8866    25.8948     5.2147     5.3212    158.848    162.093     1.6728     1.6154     0.0415     0.0129     3.1661     0.0611     0.0000 -121.84542   33.81642      99.44         15  0.000e+00
     249365  10390.167     98.971     99.705    10.1137    10.1143  36.923803  36.934203    10.1023    10.1029    33.6578    33.6678    25.8867    25.8943     5.2093     5.3212    158.684    162.092     1.6716     1.6154     0.0427     0.0434     3.1648     0.0611     0.0000 -121.84542   33.81642      99.44         15  0.000e+00
     249366  10390.208     98.971     99.705    10.1137    10.1142  36.923033  36.934139    10.1023    10.1028    33.6571    33.6678    25.8861    25.8944     5.2147     5.3212    158.848    162.093     1.6728     1.6154     0.0427     0.0434     3.1661     0.0611     0.0000 -121.84542   33.81642      99.44         15  0.000e+00
     252155  10506.417     79.634     80.221    10.8411    10.8523  37.384185  37.398334    10.8316    10.8427    33.4591    33.4629    25.6055    25.6066     7.0541     7.1918    214.941    219.135     2.1197     2.0342     0.0464     0.1350     3.1636     0.0598     0.0000 -121.84546   33.81638      99.32         16  0.000e+00
     252156  10506.458     79.634     80.221    10.8403    10.8520  37.385024  37.398011    10.8307    10.8424    33.4606    33.4629    25.6069    25.6066     7.0542     7.1976    214.942    219.311     2.1197     2.0354     0.0464     0.1350     3.1624     0.0611     0.0000 -121.84546   33.81638      99.32         16  0.000e+00
     252157  10506.500     79.687     80.274    10.8405    10.8521  37.386573  37.398205    10.8309    10.8425    33.4620    33.4630    25.6079    25.6066     7.0541     7.1976    214.941    219.312     2.1197     2.0354     0.0464     0.1350     3.1636     0.0598     0.0000 -121.84546   33.81638      99.32         16  0.000e+00
     252158  10506.542     79.634     80.221    10.8403    10.8522  37.388251  37.398527    10.8307    10.8426    33.4638    33.4633    25.6094    25.6069     7.0540     7.1975    214.937    219.310     2.1197     2.0354     0.0464     0.1350     3.1624     0.0598     0.0000 -121.84546   33.81638      99.32         16  0.000e+00
     252159  10506.583     79.674     80.261    10.8419    10.8521  37.390381  37.398398    10.8324    10.8425    33.4645    33.4632    25.6096    25.6068     7.0538     7.1976    214.930    219.311     2.1197     2.0354     0.0464     0.1350     3.1624     0.0598     0.0000 -121.84546   33.81638      99.32         16  0.000e+00
     252160  10506.625     79.634     80.221    10.8451    10.8523  37.391930  37.398527    10.8355    10.8428    33.4631    33.4631    25.6080    25.6067     7.0533     7.1975    214.915    219.309     2.1197     2.0354     0.0464     0.1350     3.1624     0.0598     0.0000 -121.84546   33.81638      99.32         16  0.000e+00
     252161  10506.667     79.734     80.321    10.8477    10.8520  37.393995  37.398399    10.8381    10.8424    33.4628    33.4633    25.6073    25.6069     7.0530     7.1976    214.906    219.314     2.1197     2.0354     0.0464     0.1350     3.1624     0.0598     0.0000 -121.84546   33.81638      99.32         16  0.000e+00
     252162  10506.708     79.687     80.274    10.8492    10.8522  37.394382  37.398011    10.8396    10.8426    33.4618    33.4627    25.6063    25.6065     7.0475     7.1919    214.739    219.137     2.1184     2.0342     0.0464     0.1350     3.1636     0.0598     0.0000 -121.84546   33.81638      99.32         16  0.000e+00
     252163  10506.750     79.687     80.274    10.8505    10.8517  37.395028  37.397431    10.8409    10.8421    33.4613    33.4626    25.6056    25.6064     7.0473     7.1977    214.733    219.315     2.1184     2.0354     0.0464     0.1350     3.1624     0.0598     0.0000 -121.84546   33.81638      99.32         16  0.000e+00
     252164  10506.792     79.687     80.274    10.8510    10.8512  37.395221  37.396786    10.8414    10.8416    33.4610    33.4624    25.6053    25.6064     7.0472     7.1978    214.731    219.318     2.1184     2.0354     0.0464     0.1350     3.1636     0.0598     0.0000 -121.84546   33.81638      99.32         16  0.000e+00
     252165  10506.833     79.734     80.321    10.8517    10.8507  37.395738  37.396657    10.8421    10.8411    33.4609    33.4627    25.6051    25.6067     7.0472     7.1979    214.730    219.321     2.1184     2.0354     0.0464     0.1350     3.1636     0.0598     0.0000 -121.84546   33.81638      99.32         16  0.000e+00
     252166  10506.875     79.720     80.308    10.8515    10.8502  37.395609  37.396657    10.8419    10.8406    33.4609    33.4632    25.6052    25.6071     7.0472     7.1979    214.730    219.322     2.1184     2.0354     0.0464     0.1350     3.1636     0.0598     0.0000 -121.84546   33.81638      99.32         16  0.000e+00
     252167  10506.917     79.734     80.321    10.8517    10.8500  37.395802  37.396657    10.8421    10.8404    33.4609    33.4634    25.6052    25.6073     7.0472     7.1980    214.729    219.324     2.1184     2.0354     0.0476     0.1655     3.1624     0.0598     0.0000 -121.84546   33.81638      99.32         16  0.000e+00
     252168  10506.958     79.780     80.368    10.8517    10.8499  37.395867  37.396851    10.8421    10.8403    33.4610    33.4636    25.6052    25.6076     7.0472     7.1980    214.731    219.325     2.1184     2.0354     0.0464     0.1350     3.1624     0.0586     0.0000 -121.84546   33.81638      99.32         16  0.000e+00
     252169  10507.000     79.734     80.321    10.8515    10.8498  37.395673  37.396722    10.8419    10.8402    33.4610    33.4636    25.6052    25.6075     7.0472     7.1980    214.730    219.324     2.1184     2.0354     0.0464     0.1350     3.1624     0.0586     0.0000 -121.84546   33.81638      99.32         16  0.000e+00
     252170  10507.042     79.734     80.321    10.8513    10.8496  37.395544  37.396657    10.8417    10.8400    33.4610    33.4637    25.6053    25.6077     7.0472     7.1980    214.731    219.325     2.1184     2.0354     0.0464     0.1350     3.1624     0.0586     0.0000 -121.84546   33.81638      99.32         16  0.000e+00
     252171  10507.083     79.780     80.368    10.8513    10.8493  37.396125  37.396657    10.8417    10.8397    33.4616    33.4639    25.6057    25.6079     7.0420     7.1981    214.571    219.327     2.1172     2.0354     0.0464     0.1350     3.1624     0.0586     0.0000 -121.84546   33.81638      99.32         16  0.000e+00
     252172  10507.125     79.767     80.354    10.8513    10.8493  37.395932  37.396399    10.8417    10.8397    33.4614    33.4637    25.6056    25.6077     7.0473     7.1981    214.731    219.327     2.1184     2.0354     0.0464     0.1350     3.1624     0.0586     0.0000 -121.84546   33.81638      99.32         16  0.000e+00
     252173  10507.167     79.733     80.321    10.8512    10.8492  37.395867  37.396335    10.8416    10.8396    33.4615    33.4638    25.6056    25.6078     7.0420     7.1981    214.570    219.327     2.1172     2.0354     0.0464     0.1350     3.1636     0.0586     0.0000 -121.84546   33.81638      99.32         16  0.000e+00
     252174  10507.208     79.833     80.421    10.8510    10.8493  37.395932  37.396528    10.8414    10.8397    33.4616    33.4638    25.6058    25.6078     7.0421     7.1982    214.574    219.329     2.1172     2.0354     0.0464     0.1350     3.1636     0.0586     0.0000 -121.84546   33.81638      99.32         16  0.000e+00
     252175  10507.250     79.733     80.321    10.8510    10.8496  37.395609  37.396399    10.8414    10.8400    33.4614    33.4635    25.6056    25.6075     7.0473     7.1980    214.732    219.325     2.1184     2.0354     0.0464     0.1350     3.1636     0.0586     0.0000 -121.84546   33.81638      99.32         16  0.000e+00
     252176  10507.292     79.833     80.421    10.8510    10.8495  37.395545  37.396786    10.8414    10.8399    33.4613    33.4639    25.6055    25.6079     7.0474     7.1981    214.735    219.328     2.1184     2.0354     0.0464     0.1350     3.1624     0.0586     0.0000 -121.84546   33.81638      99.32         16  0.000e+00
     252177  10507.333     79.780     80.368    10.8507    10.8494  37.395803  37.396722    10.8411    10.8398    33.4618    33.4640    25.6060    25.6079     7.0421     7.1981    214.573    219.327     2.1172     2.0354     0.0464     0.1350     3.1624     0.0586     0.0000 -121.84546   33.81638      99.32         16  0.000e+00
     252178  10507.375     79.780     80.368    10.8507    10.8493  37.395674  37.396399    10.8411    10.8397    33.4617    33.4637    25.6059    25.6077     7.0474     7.1981    214.734    219.328     2.1184     2.0354     0.0464     0.1350     3.1624     0.0586     0.0000 -121.84546   33.81638      99.32         16  0.000e+00
     252179  10507.417     79.820     80.408    10.8505    10.8497  37.395545  37.396528    10.8409    10.8401    33.4617    33.4634    25.6060    25.6075     7.0421     7.1981    214.576    219.327     2.1172     2.0354     0.0464     0.1350     3.1624     0.0586     0.0000 -121.84546   33.81638      99.32         16  0.000e+00
     252180  10507.458     79.833     80.421    10.8503    10.8496  37.395351  37.396657    10.8407    10.8400    33.4617    33.4636    25.6060    25.6076     7.0422     7.2038    214.577    219.502     2.1172     2.0366     0.0464     0.1350     3.1636     0.0586     0.0000 -121.84546   33.81638      99.32         16  0.000e+00
     252181  10507.500     79.780     80.368    10.8502    10.8496  37.395222  37.396657    10.8406    10.8400    33.4617    33.4637    25.6060    25.6077     7.0422     7.2038    214.576    219.501     2.1172     2.0366     0.0464     0.1350     3.1636     0.0586     0.0000 -121.84546   33.81638      99.32         16  0.000e+00
     252182  10507.542     79.833     80.421    10.8502    10.8493  37.395222  37.396657    10.8406    10.8397    33.4617    33.4639    25.6060    25.6079     7.0475     7.2039    214.738    219.504     2.1184     2.0366     0.0464     0.1350     3.1624     0.0586     0.0000 -121.84546   33.81638      99.32         16  0.000e+00
     252183  10507.583     79.780     80.367    10.8500    10.8491  37.395028  37.396399    10.8404    10.8395    33.4617    33.4639    25.6060    25.6079     7.0475     7.2039    214.738    219.504     2.1184     2.0366     0.0464     0.1350     3.1636     0.0598     0.0000 -121.84546   33.81638      99.32         16  0.000e+00
     252184  10507.625     79.833     80.421    10.8500    10.8490  37.394899  37.396529    10.8404    10.8394    33.4615    33.4641    25.6059    25.6081     7.0475     7.1982    214.739    219.330     2.1184     2.0354     0.0464     0.1350     3.1636     0.0586     0.0000 -121.84546   33.81638      99.32         16  0.000e+00
     252185  10507.667     79.866     80.454    10.8499    10.8492  37.395674  37.396658    10.8403    10.8396    33.4624    33.4640    25.6066    25.6080     7.0475     7.2039    214.739    219.505     2.1184     2.0366     0.0464     0.1350     3.1648     0.0586     0.0000 -121.84546   33.81638      99.32         16  0.000e+00
     252186  10507.708     79.733     80.321    10.8500    10.8490  37.395157  37.396399    10.8404    10.8394    33.4618    33.4640    25.6061    25.6080     7.0474     7.2038    214.736    219.502     2.1184     2.0366     0.0464     0.1350     3.1636     0.0598     0.0000 -121.84546   33.81638      99.32         16  0.000e+00
     252187  10507.750     79.833     80.421    10.8500    10.8491  37.395416  37.396529    10.8404    10.8395    33.4620    33.4640    25.6063    25.6080     7.0475     7.2039    214.738    219.505     2.1184     2.0366     0.0464     0.1350     3.1636     0.0586     0.0000 -121.84546   33.81638      99.32         16  0.000e+00
     252188  10507.792     79.833     80.421    10.8497    10.8491  37.395287  37.396658    10.8401    10.8395    33.4622    33.4641    25.6065    25.6080     7.0475     7.2039    214.740    219.504     2.1184     2.0366     0.0464     0.1350     3.1624     0.0586     0.0000 -121.84548   33.81638      99.32         16  0.000e+00
     252189  10507.833     79.833     80.421    10.8500    10.8491  37.395480  37.396658    10.8404    10.8395    33.4621    33.4642    25.6064    25.6081     7.0475     7.2039    214.738    219.505     2.1184     2.0366     0.0464     0.1350     3.1624     0.0598     0.0000 -121.84548   33.81638      99.32         16  0.000e+00
     252190  10507.875     79.833     80.421    10.8499    10.8490  37.395803  37.396399    10.8403    10.8394    33.4626    33.4639    25.6067    25.6080     7.0475     7.2039    214.738    219.505     2.1184     2.0366     0.0476     0.1655     3.1624     0.0598     0.0000 -121.84548   33.81638      99.32         16  0.000e+00
     252191  10507.917     79.833     80.421    10.8500    10.8491  37.395416  37.396787    10.8404    10.8395    33.4620    33.4643    25.6063    25.6082     7.0475     7.2039    214.738    219.504     2.1184     2.0366     0.0476     0.1655     3.1624     0.0586     0.0000 -121.84548   33.81638      99.32         16  0.000e+00
     252192  10507.958     79.820     80.408    10.8499    10.8493  37.395480  37.396464    10.8403    10.8397    33.4622    33.4637    25.6065    25.6077     7.0475     7.2039    214.738    219.504     2.1184     2.0366     0.0476     0.1655     3.1636     0.0586     0.0000 -121.84548   33.81638      99.32         16  0.000e+00
