WCOA/WCOA-6/CTD_Data/RB2102_CTD_001_01.ros
* Sea-Bird SBE 9 Data File:
* FileName = C:\Users\scs.user.rb\CTD\RB2102\Data\RB2102_CTD_001_01.hex
* Software Version Seasave V 7.26.7.107
* Temperature SN = 6202
* Conductivity SN = 4907
* Number of Bytes Per Scan = 41
* Number of Voltage Words = 4
* Number of Scans Averaged by the Deck Unit = 1
* NMEA Latitude = 51 27.53 N
* NMEA Longitude = 130 50.74 W
* NMEA UTC (Time) = Jun 25 2021  02:03:15
* NMEA baud rate = 4800
# nquan = 30
# nvalues = 1078                                  
# units = specified
# name 0 = scan: Scan Count
# name 1 = timeS: Time, Elapsed [seconds]
# name 2 = depSM: Depth [salt water, m]
# name 3 = prDM: Pressure, Digiquartz [db]
# name 4 = t090C: Temperature [ITS-90, deg C]
# name 5 = t190C: Temperature, 2 [ITS-90, deg C]
# name 6 = c0mS/cm: Conductivity [mS/cm]
# name 7 = c1mS/cm: Conductivity, 2 [mS/cm]
# name 8 = potemp090C: Potential Temperature [ITS-90, deg C]
# name 9 = potemp190C: Potential Temperature, 2 [ITS-90, deg C]
# name 10 = sal00: Salinity, Practical [PSU]
# name 11 = sal11: Salinity, Practical, 2 [PSU]
# name 12 = sigma-é00: Density [sigma-theta, kg/m^3]
# name 13 = sigma-é11: Density, 2 [sigma-theta, kg/m^3]
# name 14 = sbeox0Mg/L: Oxygen, SBE 43 [mg/l]
# name 15 = sbeox1Mg/L: Oxygen, SBE 43, 2 [mg/l]
# name 16 = sbox0Mm/Kg: Oxygen, SBE 43 [umol/kg]
# name 17 = sbox1Mm/Kg: Oxygen, SBE 43, 2 [umol/kg]
# name 18 = sbeox0V: Oxygen raw, SBE 43 [V]
# name 19 = sbeox1V: Oxygen raw, SBE 43, 2 [V]
# name 20 = v4: Voltage 4
# name 21 = flECO-AFL: Fluorescence, WET Labs ECO-AFL/FL [mg/m^3]
# name 22 = v3: Voltage 3
# name 23 = v6: Voltage 6
# name 24 = v7: Voltage 7
# name 25 = longitude: Longitude [deg]
# name 26 = latitude: Latitude [deg]
# name 27 = altM: Altimeter [m]
# name 28 = nbf: Bottles Fired
# name 29 = flag:  0.000e+00
# interval = seconds: 0.0416667
# start_time = Jun 25 2021 02:03:15 [NMEA time, header]
# bad_flag = -9.990e-29
*END*
[from data line 339]
     100696   4195.625    151.368    152.754     6.9812     6.9583  34.155568  34.138941     6.9673     6.9444    33.7017    33.7058    26.4005    26.4069     5.1111     5.0377    155.615    153.379     1.5592     1.4713     0.0415     0.0129     3.4225     1.4957     0.0000 -130.84628   51.45684      99.51          7  0.000e+00
     100697   4195.667    151.368    152.754     6.9807     6.9595  34.155879  34.139501     6.9667     6.9456    33.7025    33.7053    26.4012    26.4063     5.1169     5.0375    155.793    153.375     1.5604     1.4713     0.0415     0.0129     3.4225     1.4945     0.0000 -130.84628   51.45684      99.51          7  0.000e+00
     100698   4195.708    151.368    152.754     6.9794     6.9611  34.155257  34.140434     6.9655     6.9472    33.7031    33.7048    26.4018    26.4057     5.1171     5.0373    155.797    153.369     1.5604     1.4713     0.0415     0.0129     3.4237     1.4957     0.0000 -130.84628   51.45684      99.51          7  0.000e+00
     100699   4195.750    151.408    152.794     6.9779     6.9622  34.153450  34.140745     6.9640     6.9483    33.7025    33.7040    26.4016    26.4049     5.1115     5.0372    155.627    153.367     1.5592     1.4713     0.0415     0.0129     3.4225     1.4945     0.0000 -130.84628   51.45684      99.51          7  0.000e+00
     104296   4345.625    124.888    126.023     7.2662     7.2694  34.245320  34.248605     7.2545     7.2577    33.5350    33.5354    26.2299    26.2297     5.4788     5.3829    166.838    163.919     1.6471     1.5482     0.0415     0.0129     3.4212     1.4689     0.0000 -130.84630   51.45676      99.46          8  0.000e+00
     104297   4345.667    124.981    126.117     7.2668     7.2695  34.246754  34.249104     7.2551     7.2578    33.5360    33.5359    26.2305    26.2301     5.4730     5.3892    166.661    164.111     1.6459     1.5495     0.0403    -0.0177     3.4212     1.4689     0.0000 -130.84630   51.45676      99.46          8  0.000e+00
     104298   4345.708    124.835    125.970     7.2677     7.2694  34.247252  34.249166     7.2560     7.2577    33.5356    33.5361    26.2301    26.2302     5.4785     5.3828    166.830    163.917     1.6471     1.5482     0.0415     0.0129     3.4212     1.4689     0.0000 -130.84630   51.45676      99.46          8  0.000e+00
     104299   4345.750    124.888    126.023     7.2679     7.2693  34.247502  34.248855     7.2562     7.2576    33.5357    33.5359    26.2302    26.2301     5.4785     5.3829    166.830    163.919     1.6471     1.5482     0.0403    -0.0177     3.4212     1.4689     0.0000 -130.84630   51.45676      99.46          8  0.000e+00
     104300   4345.792    124.935    126.070     7.2679     7.2694  34.247502  34.248979     7.2562     7.2577    33.5357    33.5358    26.2301    26.2300     5.4728     5.3829    166.655    163.919     1.6459     1.5482     0.0415     0.0129     3.4225     1.4689     0.0000 -130.84630   51.45676      99.46          8  0.000e+00
     104301   4345.833    124.935    126.070     7.2679     7.2694  34.246879  34.249104     7.2562     7.2577    33.5351    33.5360    26.2296    26.2302     5.4728     5.3829    166.656    163.919     1.6459     1.5482     0.0415     0.0129     3.4212     1.4689     0.0000 -130.84630   51.45676      99.46          8  0.000e+00
     104302   4345.875    124.889    126.024     7.2677     7.2694  34.246878  34.249104     7.2560     7.2577    33.5352    33.5360    26.2298    26.2302     5.4728     5.3829    166.656    163.918     1.6459     1.5482     0.0403    -0.0177     3.4212     1.4689     0.0000 -130.84630   51.45676      99.46          8  0.000e+00
     104303   4345.917    124.935    126.070     7.2676     7.2694  34.247128  34.249104     7.2559     7.2577    33.5356    33.5360    26.2301    26.2302     5.4728     5.3892    166.657    164.111     1.6459     1.5495     0.0415     0.0129     3.4225     1.4689     0.0000 -130.84630   51.45676      99.46          8  0.000e+00
     104304   4345.958    124.935    126.070     7.2679     7.2693  34.247003  34.249104     7.2562     7.2576    33.5352    33.5361    26.2298    26.2303     5.4728     5.3829    166.656    163.919     1.6459     1.5482     0.0403    -0.0177     3.4225     1.4689     0.0000 -130.84630   51.45676      99.44          8  0.000e+00
     104305   4346.000    124.935    126.070     7.2679     7.2693  34.247377  34.249104     7.2562     7.2576    33.5355    33.5361    26.2300    26.2303     5.4728     5.3829    166.656    163.919     1.6459     1.5482     0.0415     0.0129     3.4225     1.4689     0.0000 -130.84630   51.45676      99.46          8  0.000e+00
     104306   4346.042    124.981    126.117     7.2677     7.2691  34.247315  34.248855     7.2560     7.2574    33.5356    33.5360    26.2301    26.2302     5.4728     5.3830    166.657    163.921     1.6459     1.5482     0.0415     0.0129     3.4212     1.4689     0.0000 -130.84630   51.45676      99.46          8  0.000e+00
     104307   4346.083    124.935    126.070     7.2671     7.2691  34.246380  34.248792     7.2554     7.2574    33.5353    33.5359    26.2300    26.2301     5.4729     5.3830    166.659    163.920     1.6459     1.5482     0.0415     0.0129     3.4200     1.4689     0.0000 -130.84630   51.45676      99.44          8  0.000e+00
     104308   4346.125    124.935    126.070     7.2666     7.2689  34.245756  34.248979     7.2549     7.2572    33.5350    33.5363    26.2298    26.2305     5.4730     5.3830    166.661    163.921     1.6459     1.5482     0.0415     0.0129     3.4212     1.4689     0.0000 -130.84630   51.45676      99.46          8  0.000e+00
     104309   4346.167    124.981    126.117     7.2662     7.2690  34.245258  34.248606     7.2544     7.2573    33.5349    33.5358    26.2298    26.2301     5.4731     5.3830    166.664    163.922     1.6459     1.5482     0.0403    -0.0177     3.4225     1.4689     0.0000 -130.84630   51.45676      99.46          8  0.000e+00
     104310   4346.208    124.981    126.117     7.2658     7.2689  34.244884  34.248481     7.2541     7.2572    33.5349    33.5357    26.2298    26.2300     5.4731     5.3830    166.666    163.922     1.6459     1.5482     0.0403    -0.0177     3.4225     1.4689     0.0000 -130.84630   51.45676      99.46          8  0.000e+00
     104311   4346.250    124.935    126.071     7.2658     7.2689  34.244759  34.248419     7.2541     7.2572    33.5347    33.5357    26.2297    26.2300     5.4731     5.3830    166.665    163.921     1.6459     1.5482     0.0415     0.0129     3.4212     1.4689     0.0000 -130.84630   51.45676      99.46          8  0.000e+00
     104312   4346.292    125.035    126.171     7.2655     7.2691  34.244323  34.248232     7.2538     7.2574    33.5345    33.5353    26.2296    26.2296     5.4790     5.3831    166.844    163.923     1.6471     1.5482     0.0415     0.0129     3.4212     1.4689     0.0000 -130.84630   51.45676      99.46          8  0.000e+00
     104313   4346.333    124.982    126.117     7.2656     7.2688  34.244385  34.247920     7.2539     7.2571    33.5345    33.5353    26.2295    26.2297     5.4789     5.3831    166.843    163.923     1.6471     1.5482     0.0415     0.0129     3.4225     1.4689     0.0000 -130.84630   51.45676      99.46          8  0.000e+00
     104314   4346.375    124.962    126.097     7.2658     7.2685  34.244946  34.247609     7.2541     7.2567    33.5349    33.5353    26.2298    26.2297     5.4789     5.3831    166.841    163.924     1.6471     1.5482     0.0415     0.0129     3.4225     1.4689     0.0000 -130.84630   51.45676      99.46          8  0.000e+00
     104315   4346.417    125.035    126.171     7.2656     7.2682  34.244884  34.247048     7.2539     7.2564    33.5350    33.5349    26.2299    26.2295     5.4789     5.3895    166.843    164.119     1.6471     1.5495     0.0415     0.0129     3.4212     1.4689     0.0000 -130.84630   51.45676      99.46          8  0.000e+00
     104316   4346.458    125.035    126.171     7.2660     7.2682  34.245195  34.247360     7.2543     7.2564    33.5350    33.5352    26.2299    26.2298     5.4789     5.3832    166.842    163.927     1.6471     1.5482     0.0415     0.0129     3.4212     1.4689     0.0000 -130.84630   51.45676      99.44          8  0.000e+00
     104317   4346.500    125.035    126.171     7.2663     7.2683  34.245881  34.247734     7.2546     7.2566    33.5354    33.5355    26.2302    26.2299     5.4788     5.3832    166.840    163.926     1.6471     1.5482     0.0415     0.0129     3.4212     1.4689     0.0000 -130.84630   51.45676      99.46          8  0.000e+00
     104318   4346.542    124.982    126.118     7.2666     7.2688  34.246505  34.248979     7.2549     7.2571    33.5358    33.5364    26.2304    26.2306     5.4787     5.3830    166.837    163.922     1.6471     1.5482     0.0415     0.0129     3.4212     1.4689     0.0000 -130.84630   51.45676      99.46          8  0.000e+00
     104319   4346.583    125.035    126.171     7.2672     7.2696  34.247066  34.249603     7.2555     7.2579    33.5359    33.5363    26.2304    26.2304     5.4787     5.3830    166.836    163.920     1.6471     1.5482     0.0403    -0.0177     3.4225     1.4689     0.0000 -130.84630   51.45676      99.46          8  0.000e+00
     104320   4346.625    125.081    126.218     7.2673     7.2701  34.247004  34.249727     7.2555     7.2584    33.5357    33.5359    26.2303    26.2300     5.4787     5.3829    166.837    163.919     1.6471     1.5482     0.0415     0.0129     3.4225     1.4689     0.0000 -130.84630   51.45676      99.44          8  0.000e+00
     104321   4346.667    125.035    126.171     7.2677     7.2705  34.247004  34.250163     7.2560     7.2588    33.5353    33.5360    26.2298    26.2301     5.4787     5.3828    166.834    163.917     1.6471     1.5482     0.0415     0.0129     3.4225     1.4689     0.0000 -130.84630   51.45676      99.46          8  0.000e+00
     104322   4346.708    125.081    126.218     7.2679     7.2704  34.247378  34.250537     7.2562     7.2587    33.5355    33.5365    26.2300    26.2305     5.4787     5.3829    166.834    163.918     1.6471     1.5482     0.0415     0.0129     3.4212     1.4689     0.0000 -130.84630   51.45676      99.46          8  0.000e+00
     104323   4346.750    125.035    126.171     7.2683     7.2704  34.247315  34.250787     7.2565     7.2587    33.5351    33.5368    26.2296    26.2307     5.4786     5.3828    166.832    163.916     1.6471     1.5482     0.0415     0.0129     3.4225     1.4689     0.0000 -130.84630   51.45676      99.44          8  0.000e+00
     104324   4346.792    125.081    126.218     7.2682     7.2704  34.247440  34.250475     7.2565     7.2587    33.5353    33.5365    26.2298    26.2304     5.4786     5.3829    166.833    163.918     1.6471     1.5482     0.0403    -0.0177     3.4225     1.4689     0.0000 -130.84630   51.45676      99.46          8  0.000e+00
     104325   4346.833    125.081    126.218     7.2679     7.2706  34.247814  34.249852     7.2562     7.2589    33.5360    33.5356    26.2304    26.2297     5.4786     5.3829    166.834    163.918     1.6471     1.5482     0.0403    -0.0177     3.4225     1.4689     0.0000 -130.84630   51.45676      99.44          8  0.000e+00
     104326   4346.875    125.081    126.218     7.2681     7.2698  34.247440  34.248730     7.2563     7.2580    33.5354    33.5352    26.2299    26.2295     5.4786     5.3830    166.834    163.922     1.6471     1.5482     0.0403    -0.0177     3.4225     1.4689     0.0000 -130.84630   51.45676      99.46          8  0.000e+00
     104327   4346.917    125.081    126.218     7.2680     7.2691  34.247877  34.248419     7.2563     7.2574    33.5359    33.5354    26.2303    26.2298     5.4729     5.3831    166.658    163.924     1.6459     1.5482     0.0403    -0.0177     3.4225     1.4689     0.0000 -130.84630   51.45676      99.46          8  0.000e+00
     104328   4346.958    125.134    126.272     7.2684     7.2688  34.247752  34.247983     7.2567     7.2571    33.5354    33.5353    26.2298    26.2297     5.4786     5.3832    166.834    163.927     1.6471     1.5482     0.0415     0.0129     3.4225     1.4689     0.0000 -130.84630   51.45676      99.46          8  0.000e+00
     104329   4347.000    125.081    126.218     7.2681     7.2688  34.247627  34.248294     7.2563     7.2571    33.5356    33.5356    26.2301    26.2300     5.4786     5.3831    166.834    163.925     1.6471     1.5482     0.0403    -0.0177     3.4225     1.4689     0.0000 -130.84630   51.45676      99.46          8  0.000e+00
     104330   4347.042    125.134    126.272     7.2682     7.2685  34.248189  34.247983     7.2565     7.2567    33.5361    33.5356    26.2304    26.2300     5.4786     5.3832    166.834    163.928     1.6471     1.5482     0.0403    -0.0177     3.4225     1.4689     0.0000 -130.84630   51.45676      99.46          8  0.000e+00
     104331   4347.083    125.134    126.272     7.2685     7.2688  34.248687  34.248045     7.2568     7.2571    33.5363    33.5353    26.2305    26.2297     5.4786     5.3832    166.832    163.927     1.6471     1.5482     0.0415     0.0129     3.4225     1.4689     0.0000 -130.84630   51.45676      99.44          8  0.000e+00
     104332   4347.125    125.134    126.272     7.2692     7.2692  34.249685  34.248855     7.2575     7.2575    33.5367    33.5358    26.2308    26.2301     5.4785     5.3831    166.829    163.924     1.6471     1.5482     0.0415     0.0129     3.4212     1.4689     0.0000 -130.84630   51.45676      99.46          8  0.000e+00
     104333   4347.167    125.134    126.272     7.2695     7.2694  34.249810  34.249105     7.2578     7.2577    33.5366    33.5359    26.2306    26.2301     5.4784     5.3831    166.828    163.923     1.6471     1.5482     0.0403    -0.0177     3.4225     1.4689     0.0000 -130.84630   51.45676      99.46          8  0.000e+00
     104334   4347.208    125.134    126.272     7.2698     7.2694  34.249747  34.249541     7.2581     7.2577    33.5362    33.5363    26.2303    26.2305     5.4784     5.3830    166.827    163.923     1.6471     1.5482     0.0415     0.0129     3.4212     1.4689     0.0000 -130.84630   51.45676      99.46          8  0.000e+00
     104335   4347.250    125.134    126.272     7.2700     7.2694  34.250122  34.249915     7.2583     7.2577    33.5364    33.5368    26.2304    26.2308     5.4784     5.3830    166.826    163.922     1.6471     1.5482     0.0403    -0.0177     3.4225     1.4689     0.0000 -130.84630   51.45676      99.46          8  0.000e+00
     104336   4347.292    125.207    126.345     7.2701     7.2694  34.250558  34.250039     7.2584     7.2577    33.5368    33.5369    26.2307    26.2309     5.4784     5.3894    166.827    164.115     1.6471     1.5495     0.0415     0.0129     3.4212     1.4689     0.0000 -130.84630   51.45676      99.46          8  0.000e+00
     104337   4347.333    125.134    126.272     7.2704     7.2694  34.250870  34.249790     7.2586     7.2577    33.5369    33.5366    26.2308    26.2307     5.4841     5.3830    166.999    163.923     1.6484     1.5482     0.0415     0.0129     3.4225     1.4689     0.0000 -130.84630   51.45676      99.46          8  0.000e+00
     104338   4347.375    125.181    126.319     7.2705     7.2693  34.250745  34.249915     7.2587     7.2575    33.5366    33.5369    26.2305    26.2309     5.4783     5.3894    166.825    164.115     1.6471     1.5495     0.0403    -0.0177     3.4212     1.4689     0.0000 -130.84630   51.45676      99.46          8  0.000e+00
