WCOA/WCOA-6/CTD_Data/RB2102_CTD_107_01.ros
* Sea-Bird SBE 9 Data File:
* FileName = C:\Users\scs.user.rb\CTD\RB2102\Data\RB2102_CTD_107_01.hex
* Software Version Seasave V 7.26.7.107
* Temperature SN = 6202
* Conductivity SN = 4907
* Number of Bytes Per Scan = 41
* Number of Voltage Words = 4
* Number of Scans Averaged by the Deck Unit = 1
* NMEA Latitude = 34 58.57 N
* NMEA Longitude = 122 39.86 W
* NMEA UTC (Time) = Jul 16 2021  04:28:16
* NMEA baud rate = 4800
# nquan = 30
# nvalues = 1176                                  
# units = specified
# name 0 = scan: Scan Count
# name 1 = timeS: Time, Elapsed [seconds]
# name 2 = depSM: Depth [salt water, m]
# name 3 = prDM: Pressure, Digiquartz [db]
# name 4 = t090C: Temperature [ITS-90, deg C]
# name 5 = t190C: Temperature, 2 [ITS-90, deg C]
# name 6 = c0mS/cm: Conductivity [mS/cm]
# name 7 = c1mS/cm: Conductivity, 2 [mS/cm]
# name 8 = potemp090C: Potential Temperature [ITS-90, deg C]
# name 9 = potemp190C: Potential Temperature, 2 [ITS-90, deg C]
# name 10 = sal00: Salinity, Practical [PSU]
# name 11 = sal11: Salinity, Practical, 2 [PSU]
# name 12 = sigma-é00: Density [sigma-theta, kg/m^3]
# name 13 = sigma-é11: Density, 2 [sigma-theta, kg/m^3]
# name 14 = sbeox0Mg/L: Oxygen, SBE 43 [mg/l]
# name 15 = sbeox1Mg/L: Oxygen, SBE 43, 2 [mg/l]
# name 16 = sbox0Mm/Kg: Oxygen, SBE 43 [umol/kg]
# name 17 = sbox1Mm/Kg: Oxygen, SBE 43, 2 [umol/kg]
# name 18 = sbeox0V: Oxygen raw, SBE 43 [V]
# name 19 = sbeox1V: Oxygen raw, SBE 43, 2 [V]
# name 20 = v4: Voltage 4
# name 21 = flECO-AFL: Fluorescence, WET Labs ECO-AFL/FL [mg/m^3]
# name 22 = v3: Voltage 3
# name 23 = v6: Voltage 6
# name 24 = v7: Voltage 7
# name 25 = longitude: Longitude [deg]
# name 26 = latitude: Latitude [deg]
# name 27 = altM: Altimeter [m]
# name 28 = nbf: Bottles Fired
# name 29 = flag:  0.000e+00
# interval = seconds: 0.0416667
# start_time = Jul 16 2021 04:28:16 [NMEA time, header]
# bad_flag = -9.990e-29
*END*
[from data line 677]
     281351  11722.917     50.021     50.391    11.2260    11.2173  37.906843  37.900243    11.2198    11.2111    33.6393    33.6407    25.6765    25.6791     6.6890     6.8302    203.800    208.102     2.0562     1.9768     0.0537     0.3181     3.2051     0.0537     0.0256 -122.66738   34.97466      99.32         14  0.000e+00
     281352  11722.958     50.021     50.391    11.2261    11.2178  37.906649  37.900827    11.2200    11.2116    33.6389    33.6408    25.6762    25.6791     6.6889     6.8301    203.800    208.099     2.0562     1.9768     0.0525     0.2876     3.2051     0.0549     0.0269 -122.66738   34.97466      99.32         14  0.000e+00
     281353  11723.000     50.054     50.425    11.2260    11.2183  37.907038  37.901021    11.2198    11.2121    33.6395    33.6405    25.6766    25.6788     6.6890     6.8244    203.800    207.926     2.0562     1.9756     0.0525     0.2876     3.2063     0.0537     0.0269 -122.66738   34.97466      99.32         14  0.000e+00
     281354  11723.042     50.021     50.391    11.2261    11.2186  37.906649  37.900632    11.2199    11.2124    33.6390    33.6399    25.6762    25.6782     6.6889     6.8243    203.800    207.924     2.0562     1.9756     0.0525     0.2876     3.2051     0.0549     0.0256 -122.66738   34.97466      99.32         14  0.000e+00
     281355  11723.083     50.021     50.391    11.2260    11.2186  37.907038  37.900373    11.2198    11.2124    33.6395    33.6396    25.6766    25.6780     6.6889     6.8300    203.800    208.097     2.0562     1.9768     0.0525     0.2876     3.2063     0.0537     0.0256 -122.66738   34.97466      99.29         14  0.000e+00
     281356  11723.125     50.021     50.391    11.2260    11.2186  37.907233  37.900113    11.2198    11.2124    33.6397    33.6394    25.6768    25.6778     6.6889     6.8243    203.799    207.925     2.0562     1.9756     0.0525     0.2876     3.2063     0.0537     0.0256 -122.66738   34.97466      99.32         14  0.000e+00
     281357  11723.167     50.021     50.391    11.2259    11.2186  37.907233  37.899465    11.2197    11.2124    33.6398    33.6387    25.6768    25.6773     6.6889     6.8244    203.800    207.926     2.0562     1.9756     0.0525     0.2876     3.2051     0.0537     0.0256 -122.66738   34.97466      99.29         14  0.000e+00
     281358  11723.208     50.068     50.438    11.2258    11.2186  37.907103  37.899595    11.2196    11.2124    33.6397    33.6388    25.6768    25.6774     6.6890     6.8301    203.801    208.099     2.0562     1.9768     0.0537     0.3181     3.2063     0.0537     0.0256 -122.66738   34.97466      99.32         14  0.000e+00
     281359  11723.250     50.021     50.391    11.2260    11.2184  37.907427  37.899141    11.2198    11.2123    33.6399    33.6386    25.6769    25.6773     6.6889     6.8301    203.799    208.099     2.0562     1.9768     0.0537     0.3181     3.2051     0.0537     0.0256 -122.66738   34.97466      99.32         14  0.000e+00
     283948  11831.125     39.700     39.993    12.4313    12.4503  38.997819  39.017365    12.4260    12.4450    33.6171    33.6188    25.4338    25.4315     7.6415     7.7714    232.878    236.838     2.3297     2.2295     0.0635     0.5623     3.2015     0.0537     0.0220 -122.66752   34.97458      99.41         15  0.000e+00
     283949  11831.167     39.747     40.040    12.4307    12.4506  38.997162  39.013100    12.4255    12.4453    33.6169    33.6144    25.4338    25.4281     7.6417     7.7772    232.882    237.013     2.3297     2.2308     0.0635     0.5623     3.2015     0.0537     0.0220 -122.66752   34.97458      99.41         15  0.000e+00
     283950  11831.208     39.700     39.993    12.4299    12.4490  38.995981  39.005621    12.4247    12.4438    33.6165    33.6087    25.4336    25.4239     7.6418     7.7777    232.886    237.029     2.3297     2.2308     0.0635     0.5623     3.2015     0.0525     0.0220 -122.66752   34.97458      99.41         15  0.000e+00
     283951  11831.250     39.700     39.993    12.4291    12.4455  38.995390  38.999061    12.4239    12.4402    33.6167    33.6055    25.4339    25.4222     7.6470     7.7784    233.044    237.053     2.3309     2.2308     0.0635     0.5623     3.2015     0.0537     0.0220 -122.66752   34.97458      99.41         15  0.000e+00
     283952  11831.292     39.800     40.093    12.4286    12.4409  38.995522  38.996241    12.4233    12.4357    33.6172    33.6068    25.4345    25.4240     7.6421     7.7793    232.894    237.078     2.3297     2.2308     0.0635     0.5623     3.2015     0.0537     0.0220 -122.66752   34.97458      99.44         15  0.000e+00
     283953  11831.333     39.753     40.046    12.4278    12.4366  38.995916  38.995258    12.4225    12.4313    33.6183    33.6098    25.4355    25.4272     7.6421     7.7798    232.895    237.094     2.3297     2.2308     0.0635     0.5623     3.2015     0.0525     0.0220 -122.66752   34.97458      99.41         15  0.000e+00
     283954  11831.375     39.747     40.040    12.4278    12.4331  38.995259  38.995127    12.4225    12.4278    33.6177    33.6128    25.4350    25.4302     7.6421     7.7803    232.896    237.108     2.3297     2.2308     0.0635     0.5623     3.2002     0.0525     0.0220 -122.66752   34.97458      94.11         15  0.000e+00
     283955  11831.417     39.800     40.093    12.4276    12.4302  38.991387  38.995915    12.4224    12.4250    33.6141    33.6161    25.4323    25.4333     7.6474     7.7807    233.058    237.119     2.3309     2.2308     0.0635     0.5623     3.2002     0.0537     0.0220 -122.66752   34.97458      68.01         15  0.000e+00
     283956  11831.458     39.800     40.093    12.4269    12.4289  38.984299  38.997686    12.4217    12.4237    33.6079    33.6190    25.4276    25.4358     7.6428     7.7808    232.918    237.121     2.3297     2.2308     0.0635     0.5623     3.2002     0.0525     0.0220 -122.66752   34.97458      57.44         15  0.000e+00
     283957  11831.500     39.800     40.093    12.4241    12.4286  38.977999  38.998670    12.4189    12.4233    33.6044    33.6202    25.4254    25.4368     7.6434     7.7863    232.937    237.288     2.3297     2.2320     0.0635     0.5623     3.2002     0.0525     0.0220 -122.66752   34.97458      57.39         15  0.000e+00
     283958  11831.542     39.846     40.140    12.4200    12.4286  38.973997  38.996046    12.4147    12.4233    33.6042    33.6177    25.4260    25.4349     7.6492     7.7864    233.114    237.294     2.3309     2.2320     0.0635     0.5623     3.2002     0.0525     0.0220 -122.66752   34.97458      58.73         15  0.000e+00
     283959  11831.583     39.846     40.140    12.4148    12.4273  38.969798  38.988765    12.4096    12.4220    33.6048    33.6119    25.4275    25.4306     7.6500     7.7814    233.139    237.143     2.3309     2.2308     0.0635     0.5623     3.2002     0.0525     0.0220 -122.66752   34.97458      62.93         15  0.000e+00
     283960  11831.625     39.853     40.146    12.4099    12.4237  38.967370  38.982535    12.4047    12.4185    33.6068    33.6090    25.4300    25.4291     7.6457     7.7877    233.006    237.334     2.3297     2.2320     0.0635     0.5623     3.2002     0.0525     0.0220 -122.66752   34.97458      89.21         15  0.000e+00
     283961  11831.667     39.846     40.140    12.4064    12.4192  38.965993  38.979125    12.4011    12.4140    33.6087    33.6098    25.4321    25.4305     7.6512     7.7830    233.174    237.189     2.3309     2.2308     0.0635     0.5623     3.2015     0.0525     0.0220 -122.66752   34.97458     100.00         15  0.000e+00
     283962  11831.708     39.846     40.140    12.4031    12.4150  38.965665  38.978207    12.3978    12.4098    33.6113    33.6127    25.4348    25.4336     7.6466     7.7891    233.032    237.374     2.3297     2.2320     0.0635     0.5623     3.2015     0.0537     0.0220 -122.66752   34.97458     100.00         15  0.000e+00
     283963  11831.750     39.892     40.186    12.4005    12.4117  38.965862  38.977093    12.3952    12.4064    33.6138    33.6146    25.4373    25.4357     7.6520     7.7896    233.197    237.390     2.3309     2.2320     0.0623     0.5318     3.2015     0.0525     0.0220 -122.66752   34.97458     100.00         15  0.000e+00
     283964  11831.792     39.892     40.186    12.3988    12.4090  38.968553  38.974207    12.3935    12.4038    33.6179    33.6142    25.4408    25.4359     7.6521     7.7901    233.198    237.405     2.3309     2.2320     0.0635     0.5623     3.2015     0.0525     0.0220 -122.66752   34.97458      99.44         15  0.000e+00
     283965  11831.833     39.892     40.186    12.3981    12.4065  38.969144  38.972371    12.3929    12.4013    33.6191    33.6147    25.4418    25.4368     7.6521     7.7905    233.200    237.417     2.3309     2.2320     0.0635     0.5623     3.2015     0.0537     0.0220 -122.66752   34.97458      99.46         15  0.000e+00
     283966  11831.875     39.945     40.240    12.3980    12.4038  38.967831  38.971454    12.3927    12.3986    33.6180    33.6162    25.4410    25.4384     7.6523     7.7909    233.204    237.430     2.3309     2.2320     0.0635     0.5623     3.2015     0.0537     0.0220 -122.66752   34.97458      99.41         15  0.000e+00
     283967  11831.917     39.892     40.186    12.3971    12.4015  38.968619  38.970339    12.3919    12.3962    33.6195    33.6172    25.4423    25.4397     7.6472     7.7913    233.050    237.440     2.3297     2.2320     0.0635     0.5623     3.2015     0.0525     0.0220 -122.66752   34.97458      99.41         15  0.000e+00
     283968  11831.958     39.998     40.293    12.3971    12.3993  38.969800  38.970208    12.3919    12.3941    33.6206    33.6190    25.4432    25.4415     7.6473     7.7916    233.051    237.451     2.3297     2.2320     0.0635     0.5623     3.2015     0.0537     0.0220 -122.66752   34.97458      99.41         15  0.000e+00
     283969  11832.000     39.945     40.240    12.3971    12.3977  38.971900  38.971061    12.3919    12.3924    33.6226    33.6213    25.4447    25.4436     7.6471     7.7918    233.046    237.455     2.3297     2.2320     0.0635     0.5623     3.2015     0.0525     0.0220 -122.66752   34.97458      99.41         15  0.000e+00
     283970  11832.042     39.945     40.240    12.3975    12.3975  38.973212  38.971586    12.3922    12.3922    33.6236    33.6220    25.4454    25.4442     7.6470     7.7918    233.043    237.454     2.3297     2.2320     0.0635     0.5623     3.2015     0.0525     0.0220 -122.66752   34.97458      99.41         15  0.000e+00
     283971  11832.083     39.992     40.286    12.3978    12.3969  38.973541  38.971061    12.3925    12.3916    33.6236    33.6220    25.4454    25.4443     7.6470     7.7919    233.043    237.459     2.3297     2.2320     0.0623     0.5318     3.2015     0.0537     0.0220 -122.66752   34.97458      99.41         15  0.000e+00
     283972  11832.125     39.992     40.286    12.3984    12.3968  38.973016  38.969946    12.3932    12.3916    33.6225    33.6210    25.4444    25.4435     7.6470     7.7920    233.041    237.461     2.3297     2.2320     0.0635     0.5623     3.2015     0.0525     0.0220 -122.66752   34.97458      99.41         15  0.000e+00
     283973  11832.167     39.992     40.286    12.3993    12.3963  38.972556  38.967848    12.3940    12.3911    33.6213    33.6194    25.4433    25.4424     7.6469     7.7921    233.039    237.466     2.3297     2.2320     0.0635     0.5623     3.2015     0.0537     0.0220 -122.66752   34.97458      99.41         15  0.000e+00
     283974  11832.208     40.045     40.340    12.3993    12.3948  38.972031  38.965946    12.3940    12.3895    33.6208    33.6189    25.4429    25.4423     7.6470     7.7925    233.041    237.477     2.3297     2.2320     0.0635     0.5623     3.2015     0.0525     0.0220 -122.66752   34.97458      99.41         15  0.000e+00
     283975  11832.250     40.051     40.346    12.3998    12.3935  38.970260  38.964766    12.3945    12.3882    33.6186    33.6190    25.4411    25.4426     7.6470     7.7927    233.043    237.484     2.3297     2.2320     0.0635     0.5623     3.2015     0.0525     0.0220 -122.66752   34.97458      99.41         15  0.000e+00
     283976  11832.292     40.044     40.340    12.3991    12.3920  38.967700  38.963783    12.3938    12.3867    33.6168    33.6194    25.4398    25.4432     7.6472     7.7930    233.049    237.491     2.3297     2.2320     0.0635     0.5623     3.2015     0.0525     0.0220 -122.66752   34.97458      99.41         15  0.000e+00
     283977  11832.333     40.044     40.340    12.3983    12.3906  38.965207  38.962537    12.3930    12.3854    33.6151    33.6194    25.4387    25.4435     7.6474     7.7932    233.056    237.498     2.3297     2.2320     0.0623     0.5318     3.2015     0.0525     0.0220 -122.66752   34.97458      99.41         15  0.000e+00
     283978  11832.375     40.044     40.340    12.3968    12.3889  38.962517  38.961619    12.3915    12.3837    33.6139    33.6200    25.4380    25.4443     7.6477     7.7935    233.065    237.506     2.3297     2.2320     0.0623     0.5318     3.2015     0.0537     0.0220 -122.66752   34.97458      99.41         15  0.000e+00
     283979  11832.417     40.091     40.386    12.3948    12.3880  38.960418  38.960964    12.3895    12.3827    33.6136    33.6202    25.4382    25.4447     7.6481     7.7937    233.077    237.512     2.3297     2.2320     0.0623     0.5318     3.2015     0.0525     0.0220 -122.66752   34.97458      99.41         15  0.000e+00
     283980  11832.458     40.091     40.386    12.3926    12.3864  38.958581  38.959521    12.3873    12.3812    33.6138    33.6202    25.4387    25.4449     7.6484     7.7939    233.087    237.520     2.3297     2.2320     0.0623     0.5318     3.2027     0.0525     0.0220 -122.66752   34.97458      99.41         15  0.000e+00
     283981  11832.500     40.091     40.386    12.3905    12.3851  38.956810  38.958341    12.3852    12.3798    33.6140    33.6203    25.4393    25.4452     7.6538     7.7942    233.252    237.527     2.3309     2.2320     0.0623     0.5318     3.2015     0.0525     0.0220 -122.66752   34.97458      99.41         15  0.000e+00
     283982  11832.542     40.091     40.386    12.3885    12.3838  38.956219  38.957095    12.3832    12.3785    33.6152    33.6202    25.4407    25.4455     7.6490     7.7944    233.106    237.534     2.3297     2.2320     0.0611     0.5013     3.2015     0.0525     0.0220 -122.66752   34.97458      99.41         15  0.000e+00
     283983  11832.583     40.144     40.440    12.3862    12.3823  38.955301  38.955981    12.3809    12.3770    33.6164    33.6205    25.4420    25.4460     7.6494     7.7947    233.117    237.543     2.3297     2.2320     0.0623     0.5318     3.2015     0.0537     0.0220 -122.66752   34.97458      99.44         15  0.000e+00
     283984  11832.625     40.137     40.433    12.3845    12.3809  38.954514  38.955457    12.3792    12.3757    33.6171    33.6212    25.4429    25.4468     7.6497     7.8004    233.124    237.717     2.3297     2.2332     0.0623     0.5318     3.2015     0.0525     0.0220 -122.66752   34.97458      99.41         15  0.000e+00
     283985  11832.667     40.091     40.386    12.3832    12.3798  38.954186  38.954998    12.3779    12.3745    33.6180    33.6218    25.4438    25.4475     7.6498     7.8005    233.128    237.721     2.3297     2.2332     0.0623     0.5318     3.2015     0.0537     0.0220 -122.66752   34.97458      99.41         15  0.000e+00
     283986  11832.708     40.190     40.486    12.3815    12.3788  38.953793  38.954211    12.3762    12.3735    33.6191    33.6219    25.4450    25.4477     7.6501     7.7953    233.137    237.561     2.3297     2.2320     0.0623     0.5318     3.2015     0.0537     0.0220 -122.66752   34.97458      99.41         15  0.000e+00
