WCOA/WCOA-6/CTD_Data/RB2102_CTD_095_01.ros
* Sea-Bird SBE 9 Data File:
* FileName = C:\Users\scs.user.rb\CTD\RB2102\Data\RB2102_CTD_095_01.hex
* Software Version Seasave V 7.26.7.107
* Temperature SN = 6202
* Conductivity SN = 4907
* Number of Bytes Per Scan = 41
* Number of Voltage Words = 4
* Number of Scans Averaged by the Deck Unit = 1
* NMEA Latitude = 35 54.63 N
* NMEA Longitude = 123 55.74 W
* NMEA UTC (Time) = Jul 13 2021  18:06:41
* NMEA baud rate = 4800
# nquan = 30
# nvalues = 1176                                  
# units = specified
# name 0 = scan: Scan Count
# name 1 = timeS: Time, Elapsed [seconds]
# name 2 = depSM: Depth [salt water, m]
# name 3 = prDM: Pressure, Digiquartz [db]
# name 4 = t090C: Temperature [ITS-90, deg C]
# name 5 = t190C: Temperature, 2 [ITS-90, deg C]
# name 6 = c0mS/cm: Conductivity [mS/cm]
# name 7 = c1mS/cm: Conductivity, 2 [mS/cm]
# name 8 = potemp090C: Potential Temperature [ITS-90, deg C]
# name 9 = potemp190C: Potential Temperature, 2 [ITS-90, deg C]
# name 10 = sal00: Salinity, Practical [PSU]
# name 11 = sal11: Salinity, Practical, 2 [PSU]
# name 12 = sigma-é00: Density [sigma-theta, kg/m^3]
# name 13 = sigma-é11: Density, 2 [sigma-theta, kg/m^3]
# name 14 = sbeox0Mg/L: Oxygen, SBE 43 [mg/l]
# name 15 = sbeox1Mg/L: Oxygen, SBE 43, 2 [mg/l]
# name 16 = sbox0Mm/Kg: Oxygen, SBE 43 [umol/kg]
# name 17 = sbox1Mm/Kg: Oxygen, SBE 43, 2 [umol/kg]
# name 18 = sbeox0V: Oxygen raw, SBE 43 [V]
# name 19 = sbeox1V: Oxygen raw, SBE 43, 2 [V]
# name 20 = v4: Voltage 4
# name 21 = flECO-AFL: Fluorescence, WET Labs ECO-AFL/FL [mg/m^3]
# name 22 = v3: Voltage 3
# name 23 = v6: Voltage 6
# name 24 = v7: Voltage 7
# name 25 = longitude: Longitude [deg]
# name 26 = latitude: Latitude [deg]
# name 27 = altM: Altimeter [m]
# name 28 = nbf: Bottles Fired
# name 29 = flag:  0.000e+00
# interval = seconds: 0.0416667
# start_time = Jul 13 2021 18:06:41 [NMEA time, header]
# bad_flag = -9.990e-29
*END*
[from data line 242]
     187489   7812.000   1976.409   2000.462     2.0536     2.0556  31.376309  31.377940     1.9163     1.9183    34.6107    34.6105    27.6663    27.6661     2.2392     2.3097     68.091     70.235     0.8132     0.8107     0.0403    -0.0177     3.2991     0.0232     0.0000 -123.93054   35.90978      99.98          5  0.000e+00
     187490   7812.042   1976.362   2000.414     2.0534     2.0558  31.376429  31.378242     1.9162     1.9186    34.6110    34.6106    27.6666    27.6661     2.2308     2.3096     67.836     70.234     0.8120     0.8107     0.0403    -0.0177     3.2979     0.0220     0.0000 -123.93054   35.90978      99.98          5  0.000e+00
     187491   7812.083   1976.328   2000.379     2.0533     2.0557  31.376007  31.377880     1.9160     1.9185    34.6107    34.6103    27.6664    27.6659     2.2392     2.3096     68.091     70.234     0.8132     0.8107     0.0403    -0.0177     3.2991     0.0220     0.0000 -123.93054   35.90978      99.98          5  0.000e+00
     204202   8508.375   1482.439   1498.709     2.7760     2.7760  31.752425  31.752596     2.6710     2.6709    34.5505    34.5507    27.5557    27.5559     1.3789     1.4362     41.935     43.679     0.7057     0.7118     0.0403    -0.0177     3.2943     0.0147     0.0000 -123.93060   35.90976     100.00          6  0.000e+00
     204203   8508.417   1482.229   1498.496     2.7759     2.7761  31.752424  31.752595     2.6709     2.6710    34.5507    34.5507    27.5559    27.5559     1.3788     1.4362     41.934     43.678     0.7057     0.7118     0.0403    -0.0177     3.2930     0.0147     0.0000 -123.93060   35.90976     100.00          6  0.000e+00
     204204   8508.458   1482.283   1498.551     2.7762     2.7763  31.752303  31.752777     2.6711     2.6712    34.5502    34.5507    27.5555    27.5559     1.3788     1.4362     41.934     43.678     0.7057     0.7118     0.0403    -0.0177     3.2943     0.0147     0.0000 -123.93060   35.90976     100.00          6  0.000e+00
     204205   8508.500   1482.229   1498.496     2.7762     2.7761  31.751940  31.752656     2.6712     2.6710    34.5498    34.5508    27.5551    27.5559     1.3788     1.4362     41.934     43.678     0.7057     0.7118     0.0403    -0.0177     3.2943     0.0147     0.0000 -123.93060   35.90976     100.00          6  0.000e+00
     204206   8508.542   1482.229   1498.496     2.7760     2.7759  31.751819  31.752353     2.6710     2.6709    34.5498    34.5506    27.5552    27.5558     1.3788     1.4362     41.934     43.678     0.7057     0.7118     0.0403    -0.0177     3.2943     0.0147     0.0000 -123.93060   35.90976     100.00          6  0.000e+00
     204207   8508.583   1482.229   1498.496     2.7761     2.7758  31.752000  31.752716     2.6710     2.6708    34.5500    34.5512    27.5553    27.5562     1.3865     1.4362     42.168     43.678     0.7070     0.7118     0.0403    -0.0177     3.2943     0.0147     0.0000 -123.93060   35.90976     100.00          6  0.000e+00
     204208   8508.625   1482.128   1498.393     2.7764     2.7762  31.752484  31.753079     2.6713     2.6712    34.5503    34.5512    27.5555    27.5563     1.3788     1.4361     41.933     43.677     0.7057     0.7118     0.0403    -0.0177     3.2930     0.0147     0.0000 -123.93060   35.90976     100.00          6  0.000e+00
     204209   8508.667   1482.128   1498.393     2.7762     2.7765  31.752424  31.753140     2.6711     2.6714    34.5505    34.5511    27.5557    27.5561     1.3865     1.4361     42.167     43.676     0.7070     0.7118     0.0403    -0.0177     3.2943     0.0147     0.0000 -123.93060   35.90976     100.00          6  0.000e+00
     204210   8508.708   1482.128   1498.393     2.7764     2.7766  31.752606  31.752716     2.6713     2.6715    34.5505    34.5504    27.5556    27.5556     1.3788     1.4361     41.933     43.677     0.7057     0.7118     0.0403    -0.0177     3.2943     0.0147     0.0000 -123.93060   35.90976     100.00          6  0.000e+00
     204211   8508.750   1482.080   1498.345     2.7764     2.7766  31.752484  31.753200     2.6713     2.6715    34.5504    34.5510    27.5556    27.5561     1.3788     1.4361     41.933     43.676     0.7057     0.7118     0.0403    -0.0177     3.2943     0.0147     0.0000 -123.93060   35.90976     100.00          6  0.000e+00
     204212   8508.792   1482.080   1498.345     2.7764     2.7769  31.752424  31.753261     2.6713     2.6718    34.5503    34.5508    27.5555    27.5559     1.3788     1.4361     41.933     43.676     0.7057     0.7118     0.0403    -0.0177     3.2955     0.0147     0.0000 -123.93060   35.90976     100.00          6  0.000e+00
     204213   8508.833   1482.060   1498.324     2.7765     2.7768  31.752303  31.753382     2.6714     2.6717    34.5500    34.5511    27.5553    27.5561     1.3788     1.4361     41.932     43.676     0.7057     0.7118     0.0403    -0.0177     3.2943     0.0147     0.0000 -123.93060   35.90976     100.00          6  0.000e+00
     204214   8508.875   1482.026   1498.290     2.7764     2.7767  31.752121  31.752776     2.6713     2.6716    34.5499    34.5504    27.5552    27.5556     1.3788     1.4361     41.932     43.676     0.7057     0.7118     0.0403    -0.0177     3.2930     0.0147     0.0000 -123.93060   35.90976     100.00          6  0.000e+00
     204215   8508.917   1482.026   1498.290     2.7765     2.7768  31.752121  31.752776     2.6714     2.6717    34.5498    34.5503    27.5551    27.5555     1.3865     1.4361     42.166     43.676     0.7070     0.7118     0.0403    -0.0177     3.2943     0.0147     0.0000 -123.93060   35.90976     100.00          6  0.000e+00
     204216   8508.958   1481.979   1498.242     2.7766     2.7762  31.752302  31.752897     2.6715     2.6712    34.5500    34.5511    27.5553    27.5561     1.3865     1.4361     42.166     43.676     0.7070     0.7118     0.0403    -0.0177     3.2943     0.0147     0.0000 -123.93060   35.90976     100.00          6  0.000e+00
     204217   8509.000   1482.026   1498.290     2.7764     2.7765  31.752060  31.752655     2.6713     2.6714    34.5499    34.5505    27.5552    27.5557     1.3865     1.4361     42.166     43.676     0.7070     0.7118     0.0403    -0.0177     3.2943     0.0147     0.0000 -123.93060   35.90976     100.00          6  0.000e+00
     204218   8509.042   1481.925   1498.187     2.7762     2.7762  31.752302  31.752958     2.6712     2.6712    34.5504    34.5512    27.5556    27.5562     1.3865     1.4361     42.166     43.676     0.7070     0.7118     0.0403    -0.0177     3.2930     0.0147     0.0000 -123.93060   35.90976     100.00          6  0.000e+00
     204219   8509.083   1481.979   1498.242     2.7760     2.7761  31.752423  31.752716     2.6710     2.6711    34.5507    34.5509    27.5559    27.5561     1.3865     1.4361     42.166     43.676     0.7070     0.7118     0.0403    -0.0177     3.2943     0.0147     0.0000 -123.93060   35.90976     100.00          6  0.000e+00
     204220   8509.125   1481.979   1498.242     2.7762     2.7761  31.751939  31.752595     2.6712     2.6710    34.5499    34.5509    27.5552    27.5560     1.3865     1.4361     42.166     43.676     0.7070     0.7118     0.0403    -0.0177     3.2930     0.0147     0.0000 -123.93060   35.90976     100.00          6  0.000e+00
     204221   8509.167   1481.925   1498.187     2.7759     2.7761  31.751939  31.752594     2.6708     2.6710    34.5503    34.5509    27.5556    27.5560     1.3788     1.4361     41.932     43.676     0.7057     0.7118     0.0403    -0.0177     3.2943     0.0147     0.0000 -123.93060   35.90976     100.00          6  0.000e+00
     204222   8509.208   1481.925   1498.187     2.7761     2.7761  31.751818  31.752594     2.6710     2.6711    34.5499    34.5508    27.5553    27.5560     1.3788     1.4361     41.932     43.676     0.7057     0.7118     0.0403    -0.0177     3.2955     0.0147     0.0000 -123.93060   35.90976     100.00          6  0.000e+00
     204223   8509.250   1481.925   1498.187     2.7758     2.7764  31.751999  31.752776     2.6707     2.6713    34.5505    34.5508    27.5557    27.5559     1.3788     1.4361     41.932     43.675     0.7057     0.7118     0.0403    -0.0177     3.2943     0.0147     0.0000 -123.93060   35.90976     100.00          6  0.000e+00
     204224   8509.292   1481.911   1498.174     2.7759     2.7765  31.751878  31.753079     2.6708     2.6714    34.5502    34.5511    27.5555    27.5561     1.3788     1.4361     41.932     43.675     0.7057     0.7118     0.0403    -0.0177     3.2930     0.0147     0.0000 -123.93060   35.90976     100.00          6  0.000e+00
     204225   8509.333   1481.979   1498.242     2.7758     2.7766  31.751939  31.753139     2.6707     2.6715    34.5504    34.5510    27.5556    27.5561     1.3788     1.4361     41.933     43.676     0.7057     0.7118     0.0403    -0.0177     3.2955     0.0147     0.0000 -123.93060   35.90976     100.00          6  0.000e+00
     204226   8509.375   1481.925   1498.187     2.7755     2.7766  31.751818  31.752958     2.6705     2.6716    34.5505    34.5508    27.5558    27.5559     1.3865     1.4361     42.167     43.675     0.7070     0.7118     0.0403    -0.0177     3.2943     0.0147     0.0000 -123.93060   35.90976     100.00          6  0.000e+00
     204227   8509.417   1481.925   1498.187     2.7755     2.7766  31.751999  31.753079     2.6704     2.6715    34.5508    34.5510    27.5560    27.5560     1.3865     1.4361     42.167     43.675     0.7070     0.7118     0.0403    -0.0177     3.2943     0.0147     0.0000 -123.93060   35.90976     100.00          6  0.000e+00
     204228   8509.458   1481.871   1498.132     2.7759     2.7766  31.751878  31.753139     2.6709     2.6716    34.5503    34.5510    27.5555    27.5561     1.3865     1.4361     42.166     43.675     0.7070     0.7118     0.0403    -0.0177     3.2930     0.0147     0.0000 -123.93060   35.90976     100.00          6  0.000e+00
     204229   8509.500   1481.979   1498.242     2.7758     2.7767  31.751939  31.753200     2.6707     2.6717    34.5504    34.5509    27.5556    27.5560     1.3865     1.4361     42.167     43.675     0.7070     0.7118     0.0403    -0.0177     3.2943     0.0147     0.0000 -123.93060   35.90976     100.00          6  0.000e+00
     204230   8509.542   1481.925   1498.187     2.7757     2.7766  31.751636  31.753200     2.6707     2.6716    34.5501    34.5511    27.5554    27.5561     1.3865     1.4361     42.166     43.675     0.7070     0.7118     0.0403    -0.0177     3.2943     0.0147     0.0000 -123.93060   35.90976     100.00          6  0.000e+00
     204231   8509.583   1481.925   1498.187     2.7755     2.7764  31.751575  31.752715     2.6704     2.6713    34.5503    34.5507    27.5556    27.5558     1.3788     1.4361     41.933     43.676     0.7057     0.7118     0.0403    -0.0177     3.2930     0.0147     0.0000 -123.93060   35.90976     100.00          6  0.000e+00
     204232   8509.625   1481.871   1498.132     2.7754     2.7765  31.751757  31.753018     2.6703     2.6714    34.5507    34.5510    27.5559    27.5561     1.3788     1.4361     41.933     43.675     0.7057     0.7118     0.0403    -0.0177     3.2930     0.0147     0.0000 -123.93060   35.90976     100.00          6  0.000e+00
     204233   8509.667   1481.979   1498.242     2.7755     2.7764  31.751515  31.752716     2.6704     2.6713    34.5502    34.5507    27.5555    27.5558     1.3788     1.4445     41.933     43.932     0.7057     0.7131     0.0403    -0.0177     3.2930     0.0147     0.0000 -123.93060   35.90976     100.00          6  0.000e+00
     204234   8509.708   1481.979   1498.242     2.7752     2.7765  31.751273  31.752958     2.6702     2.6714    34.5502    34.5509    27.5555    27.5560     1.3788     1.4361     41.933     43.676     0.7057     0.7118     0.0403    -0.0177     3.2955     0.0147     0.0000 -123.93060   35.90976     100.00          6  0.000e+00
     204235   8509.750   1481.959   1498.222     2.7755     2.7764  31.751454  31.753139     2.6704     2.6713    34.5501    34.5512    27.5555    27.5562     1.3788     1.4361     41.933     43.676     0.7057     0.7118     0.0403    -0.0177     3.2930     0.0147     0.0000 -123.93060   35.90976     100.00          6  0.000e+00
     204236   8509.792   1481.979   1498.242     2.7754     2.7766  31.751576  31.752958     2.6703     2.6715    34.5504    34.5507    27.5557    27.5559     1.3865     1.4361     42.167     43.676     0.7070     0.7118     0.0403    -0.0177     3.2943     0.0147     0.0000 -123.93060   35.90976     100.00          6  0.000e+00
     204237   8509.833   1481.979   1498.243     2.7755     2.7767  31.751636  31.753260     2.6704     2.6717    34.5503    34.5510    27.5556    27.5561     1.3865     1.4361     42.167     43.675     0.7070     0.7118     0.0403    -0.0177     3.2930     0.0147     0.0000 -123.93060   35.90976     100.00          6  0.000e+00
     204238   8509.875   1482.027   1498.291     2.7755     2.7762  31.751757  31.753260     2.6704     2.6712    34.5505    34.5515    27.5557    27.5565     1.3865     1.4361     42.167     43.676     0.7070     0.7118     0.0403    -0.0177     3.2943     0.0159     0.0000 -123.93060   35.90976     100.00          6  0.000e+00
     204239   8509.917   1481.979   1498.243     2.7755     2.7761  31.751818  31.752716     2.6705     2.6711    34.5505    34.5509    27.5558    27.5561     1.3865     1.4361     42.167     43.676     0.7070     0.7118     0.0403    -0.0177     3.2943     0.0147     0.0000 -123.93060   35.90976     100.00          6  0.000e+00
     204240   8509.958   1482.081   1498.346     2.7755     2.7762  31.751818  31.752776     2.6704     2.6712    34.5505    34.5509    27.5558    27.5560     1.3788     1.4361     41.934     43.677     0.7057     0.7118     0.0403    -0.0177     3.2943     0.0147     0.0000 -123.93060   35.90976     100.00          6  0.000e+00
     204241   8510.000   1482.027   1498.291     2.7751     2.7761  31.751515  31.752897     2.6700     2.6711    34.5506    34.5511    27.5559    27.5562     1.3788     1.4361     41.934     43.676     0.7057     0.7118     0.0403    -0.0177     3.2955     0.0147     0.0000 -123.93060   35.90976     100.00          6  0.000e+00
     204242   8510.042   1482.081   1498.346     2.7752     2.7761  31.751515  31.752898     2.6701     2.6710    34.5505    34.5512    27.5558    27.5562     1.3788     1.4361     41.934     43.677     0.7057     0.7118     0.0403    -0.0177     3.2943     0.0147     0.0000 -123.93060   35.90976     100.00          6  0.000e+00
     204243   8510.083   1482.081   1498.346     2.7749     2.7761  31.751334  31.752898     2.6699     2.6711    34.5505    34.5511    27.5558    27.5562     1.3789     1.4361     41.934     43.677     0.7057     0.7118     0.0403    -0.0177     3.2930     0.0147     0.0000 -123.93060   35.90976     100.00          6  0.000e+00
     204244   8510.125   1482.081   1498.346     2.7750     2.7762  31.751273  31.753261     2.6700     2.6712    34.5503    34.5514    27.5557    27.5564     1.3789     1.4361     41.934     43.676     0.7057     0.7118     0.0403    -0.0177     3.2930     0.0159     0.0000 -123.93060   35.90976     100.00          6  0.000e+00
     204245   8510.167   1482.183   1498.449     2.7751     2.7768  31.751576  31.753442     2.6700     2.6717    34.5506    34.5511    27.5559    27.5561     1.3789     1.4361     41.935     43.676     0.7057     0.7118     0.0403    -0.0177     3.2930     0.0147     0.0000 -123.93060   35.90976     100.00          6  0.000e+00
     204246   8510.208   1482.115   1498.380     2.7749     2.7766  31.751152  31.753019     2.6698     2.6715    34.5503    34.5508    27.5557    27.5559     1.3866     1.4361     42.168     43.676     0.7070     0.7118     0.0403    -0.0177     3.2943     0.0147     0.0000 -123.93060   35.90976     100.00          6  0.000e+00
