WCOA/WCOA-6/CTD_Data/RB2102_CTD_023_01.ros
* Sea-Bird SBE 9 Data File:
* FileName = C:\Users\scs.user.rb\CTD\RB2102\Data\RB2102_CTD_023_01.hex
* Software Version Seasave V 7.26.7.107
* Temperature SN = 6202
* Conductivity SN = 4907
* Number of Bytes Per Scan = 41
* Number of Voltage Words = 4
* Number of Scans Averaged by the Deck Unit = 1
* NMEA Latitude = 47 56.73 N
* NMEA Longitude = 124 44.79 W
* NMEA UTC (Time) = Jun 29 2021  11:35:40
* NMEA baud rate = 4800
# nquan = 30
# nvalues = 588                                   
# units = specified
# name 0 = scan: Scan Count
# name 1 = timeS: Time, Elapsed [seconds]
# name 2 = depSM: Depth [salt water, m]
# name 3 = prDM: Pressure, Digiquartz [db]
# name 4 = t090C: Temperature [ITS-90, deg C]
# name 5 = t190C: Temperature, 2 [ITS-90, deg C]
# name 6 = c0mS/cm: Conductivity [mS/cm]
# name 7 = c1mS/cm: Conductivity, 2 [mS/cm]
# name 8 = potemp090C: Potential Temperature [ITS-90, deg C]
# name 9 = potemp190C: Potential Temperature, 2 [ITS-90, deg C]
# name 10 = sal00: Salinity, Practical [PSU]
# name 11 = sal11: Salinity, Practical, 2 [PSU]
# name 12 = sigma-é00: Density [sigma-theta, kg/m^3]
# name 13 = sigma-é11: Density, 2 [sigma-theta, kg/m^3]
# name 14 = sbeox0Mg/L: Oxygen, SBE 43 [mg/l]
# name 15 = sbeox1Mg/L: Oxygen, SBE 43, 2 [mg/l]
# name 16 = sbox0Mm/Kg: Oxygen, SBE 43 [umol/kg]
# name 17 = sbox1Mm/Kg: Oxygen, SBE 43, 2 [umol/kg]
# name 18 = sbeox0V: Oxygen raw, SBE 43 [V]
# name 19 = sbeox1V: Oxygen raw, SBE 43, 2 [V]
# name 20 = v4: Voltage 4
# name 21 = flECO-AFL: Fluorescence, WET Labs ECO-AFL/FL [mg/m^3]
# name 22 = v3: Voltage 3
# name 23 = v6: Voltage 6
# name 24 = v7: Voltage 7
# name 25 = longitude: Longitude [deg]
# name 26 = latitude: Latitude [deg]
# name 27 = altM: Altimeter [m]
# name 28 = nbf: Bottles Fired
# name 29 = flag:  0.000e+00
# interval = seconds: 0.0416667
# start_time = Jun 29 2021 11:35:40 [NMEA time, header]
# bad_flag = -9.990e-29
*END*
[from data line 194]
      21369    890.333     21.181     21.361     8.3057     8.3067  34.984415  34.981404     8.3035     8.3045    33.3809    33.3768    25.9574    25.9540     2.0287     2.0252     61.795     61.689     0.9328     0.9121     0.1465     2.6380     3.2711     1.7302     0.0000 -124.74648   47.94564      14.82          4  0.000e+00
      21370    890.375     21.134     21.314     8.3055     8.3071  34.983849  34.982597     8.3034     8.3050    33.3805    33.3776    25.9571    25.9546     2.0287     2.0252     61.795     61.687     0.9328     0.9121     0.1465     2.6380     3.2723     1.7302     0.0000 -124.74648   47.94564      14.82          4  0.000e+00
      21388    891.125     20.942     21.120     8.3075     8.3073  34.979258  34.979141     8.3054     8.3052    33.3738    33.3739    25.9515    25.9517     2.0176     2.0191     61.455     61.503     0.9304     0.9109     0.1465     2.6380     3.2711     1.7302     0.0000 -124.74648   47.94564      15.07          5  0.000e+00
      21389    891.167     20.936     21.114     8.3074     8.3077  34.979258  34.979015     8.3053     8.3055    33.3739    33.3734    25.9516    25.9512     2.0176     2.0191     61.455     61.502     0.9304     0.9109     0.1502     2.7296     3.2723     1.7302     0.0000 -124.74648   47.94564      15.07          5  0.000e+00
      21390    891.208     20.942     21.120     8.3078     8.3073  34.979384  34.979204     8.3057     8.3052    33.3737    33.3739    25.9514    25.9517     2.0176     2.0131     61.455     61.318     0.9304     0.9096     0.1722     3.2790     3.2723     1.7302     0.0000 -124.74648   47.94564      15.07          5  0.000e+00
      21391    891.250     20.889     21.067     8.3074     8.3075  34.979195  34.979769     8.3053     8.3054    33.3738    33.3744    25.9516    25.9520     2.0120     2.0191     61.285     61.502     0.9292     0.9109     0.1844     3.5843     3.2723     1.7302     0.0000 -124.74648   47.94564      15.07          5  0.000e+00
      21392    891.292     20.942     21.120     8.3070     8.3073  34.977938  34.979455     8.3049     8.3052    33.3729    33.3742    25.9509    25.9519     2.0120     2.0191     61.287     61.502     0.9292     0.9109     0.1844     3.5843     3.2723     1.7302     0.0000 -124.74648   47.94564      15.12          5  0.000e+00
      21393    891.333     20.889     21.067     8.3065     8.3075  34.976995  34.979769     8.3044     8.3054    33.3724    33.3744    25.9506    25.9520     2.0121     2.0191     61.287     61.502     0.9292     0.9109     0.1832     3.5538     3.2711     1.7302     0.0000 -124.74648   47.94564      15.14          5  0.000e+00
      21394    891.375     20.843     21.020     8.3061     8.3073  34.976177  34.979518     8.3040     8.3052    33.3719    33.3743    25.9502    25.9520     2.0121     2.0130     61.288     61.317     0.9292     0.9096     0.1832     3.5538     3.2711     1.7302     0.0000 -124.74648   47.94564      15.14          5  0.000e+00
      21395    891.417     20.889     21.067     8.3060     8.3075  34.975737  34.979329     8.3039     8.3054    33.3716    33.3740    25.9500    25.9517     2.0065     2.0131     61.119     61.317     0.9280     0.9096     0.1832     3.5538     3.2723     1.7302     0.0000 -124.74648   47.94564      15.14          5  0.000e+00
      21396    891.458     20.843     21.020     8.3059     8.3073  34.975549  34.979518     8.3038     8.3052    33.3715    33.3744    25.9500    25.9520     2.0065     2.0130     61.119     61.317     0.9280     0.9096     0.1832     3.5538     3.2711     1.7302     0.0000 -124.74648   47.94564      15.12          5  0.000e+00
      21397    891.500     20.790     20.967     8.3057     8.3078  34.975360  34.979643     8.3036     8.3057    33.3715    33.3740    25.9500    25.9517     2.0065     2.0130     61.119     61.316     0.9280     0.9096     0.1832     3.5538     3.2711     1.7302     0.0000 -124.74648   47.94564      15.14          5  0.000e+00
      21398    891.542     20.843     21.020     8.3053     8.3076  34.975549  34.979643     8.3032     8.3055    33.3720    33.3742    25.9504    25.9518     2.0066     2.0130     61.120     61.317     0.9280     0.9096     0.1832     3.5538     3.2711     1.7302     0.0000 -124.74648   47.94564      15.21          5  0.000e+00
      21399    891.583     20.843     21.020     8.3052     8.3075  34.975423  34.979832     8.3031     8.3054    33.3720    33.3745    25.9505    25.9521     2.0010     2.0130     60.951     61.317     0.9267     0.9096     0.1832     3.5538     3.2723     1.7302     0.0000 -124.74648   47.94564      15.29          5  0.000e+00
      21400    891.625     20.744     20.920     8.3052     8.3077  34.974291  34.979015     8.3031     8.3056    33.3709    33.3735    25.9496    25.9513     2.0066     2.0130     61.120     61.316     0.9280     0.9096     0.1832     3.5538     3.2723     1.7289     0.0000 -124.74648   47.94564      15.29          5  0.000e+00
      21401    891.667     20.790     20.967     8.3045     8.3076  34.974040  34.979140     8.3024     8.3055    33.3712    33.3737    25.9499    25.9514     2.0010     2.0130     60.952     61.317     0.9267     0.9096     0.1832     3.5538     3.2698     1.7289     0.0000 -124.74648   47.94564      15.29          5  0.000e+00
      21402    891.708     20.744     20.920     8.3044     8.3075  34.973160  34.978826     8.3024     8.3054    33.3704    33.3735    25.9493    25.9513     2.0010     2.0130     60.952     61.317     0.9267     0.9096     0.1832     3.5538     3.2711     1.7302     0.0000 -124.74648   47.94564      15.26          5  0.000e+00
      21403    891.750     20.744     20.920     8.3042     8.3071  34.972845  34.978449     8.3021     8.3050    33.3703    33.3734    25.9492    25.9513     2.0011     2.0070     60.952     61.133     0.9267     0.9084     0.1832     3.5538     3.2711     1.7289     0.0000 -124.74648   47.94564      15.26          5  0.000e+00
      21404    891.792     20.744     20.920     8.3041     8.3068  34.972468  34.977004     8.3020     8.3048    33.3700    33.3722    25.9490    25.9503     1.9955     2.0131     60.783     61.318     0.9255     0.9096     0.1832     3.5538     3.2723     1.7289     0.0000 -124.74648   47.94564      15.31          5  0.000e+00
      21405    891.833     20.697     20.873     8.3039     8.3065  34.972216  34.974617     8.3018     8.3044    33.3699    33.3700    25.9490    25.9487     2.0011     2.0131     60.952     61.319     0.9267     0.9096     0.1832     3.5538     3.2711     1.7302     0.0000 -124.74648   47.94564      15.36          5  0.000e+00
      21406    891.875     20.744     20.920     8.3039     8.3067  34.972217  34.976627     8.3018     8.3046    33.3699    33.3719    25.9490    25.9502     1.9955     2.0131     60.784     61.318     0.9255     0.9096     0.1832     3.5538     3.2723     1.7289     0.0000 -124.74648   47.94564      15.38          5  0.000e+00
      21407    891.917     20.697     20.873     8.3037     8.3067  34.971462  34.977255     8.3017     8.3046    33.3693    33.3726    25.9485    25.9507     1.9955     2.0131     60.784     61.318     0.9255     0.9096     0.1832     3.5538     3.2711     1.7289     0.0000 -124.74648   47.94564      15.38          5  0.000e+00
      21408    891.958     20.644     20.820     8.3032     8.3067  34.970896  34.977192     8.3011     8.3046    33.3692    33.3726    25.9485    25.9507     1.9955     2.0130     60.784     61.317     0.9255     0.9096     0.1832     3.5538     3.2711     1.7302     0.0000 -124.74648   47.94564      15.36          5  0.000e+00
      21409    892.000     20.697     20.873     8.3031     8.3065  34.970205  34.975999     8.3010     8.3044    33.3685    33.3715    25.9481    25.9499     1.9956     2.0131     60.785     61.319     0.9255     0.9096     0.1832     3.5538     3.2723     1.7289     0.0000 -124.74648   47.94564      15.38          5  0.000e+00
      21410    892.042     20.644     20.820     8.3028     8.3054  34.970016  34.975119     8.3007     8.3033    33.3687    33.3716    25.9482    25.9501     1.9956     2.0131     60.785     61.320     0.9255     0.9096     0.1832     3.5538     3.2723     1.7289     0.0000 -124.74648   47.94564      15.38          5  0.000e+00
      21411    892.083     20.644     20.820     8.3024     8.3049  34.969262  34.974051     8.3004     8.3028    33.3682    33.3710    25.9479    25.9497     1.9956     2.0132     60.786     61.321     0.9255     0.9096     0.1832     3.5538     3.2723     1.7302     0.0000 -124.74648   47.94564      15.41          5  0.000e+00
      21412    892.125     20.598     20.773     8.3024     8.3042  34.968759  34.973486     8.3004     8.3022    33.3677    33.3710    25.9475    25.9498     1.9956     2.0071     60.786     61.137     0.9255     0.9084     0.1832     3.5538     3.2723     1.7302     0.0000 -124.74648   47.94564      15.41          5  0.000e+00
      21413    892.167     20.644     20.820     8.3018     8.3044  34.968004  34.973612     8.2997     8.3023    33.3675    33.3710    25.9474    25.9498     1.9956     2.0132     60.787     61.322     0.9255     0.9096     0.1832     3.5538     3.2711     1.7302     0.0000 -124.74648   47.94564      15.41          5  0.000e+00
      21414    892.208     20.598     20.773     8.3015     8.3042  34.968004  34.973926     8.2994     8.3021    33.3678    33.3715    25.9477    25.9502     1.9956     2.0132     60.787     61.321     0.9255     0.9096     0.1832     3.5538     3.2711     1.7302     0.0000 -124.74648   47.94564      15.41          5  0.000e+00
      21415    892.250     20.545     20.720     8.3011     8.3042  34.967627  34.973800     8.2990     8.3022    33.3678    33.3713    25.9477    25.9501     1.9956     2.0132     60.787     61.321     0.9255     0.9096     0.1832     3.5538     3.2723     1.7302     0.0000 -124.74648   47.94564      15.41          5  0.000e+00
      21416    892.292     20.598     20.773     8.3008     8.3045  34.966936  34.973235     8.2988     8.3024    33.3673    33.3704    25.9474    25.9493     1.9957     2.0132     60.788     61.321     0.9255     0.9096     0.1905     3.7369     3.2723     1.7289     0.0000 -124.74648   47.94564      15.46          5  0.000e+00
      21417    892.333     20.598     20.773     8.3006     8.3046  34.966370  34.972606     8.2986     8.3025    33.3668    33.3697    25.9471    25.9488     1.9957     2.0071     60.789     61.137     0.9255     0.9084     0.1954     3.8590     3.2723     1.7302     0.0000 -124.74648   47.94564      15.48          5  0.000e+00
      21418    892.375     20.499     20.673     8.3006     8.3039  34.965741  34.972480     8.2986     8.3018    33.3662    33.3703    25.9466    25.9493     1.9957     2.0071     60.788     61.137     0.9255     0.9084     0.1966     3.8895     3.2723     1.7302     0.0000 -124.74648   47.94564      15.51          5  0.000e+00
      21419    892.417     20.598     20.773     8.3002     8.3034  34.965616  34.972481     8.2981     8.3013    33.3665    33.3707    25.9469    25.9497     1.9957     2.0132     60.789     61.323     0.9255     0.9096     0.1954     3.8590     3.2723     1.7302     0.0000 -124.74648   47.94564      15.48          5  0.000e+00
      21420    892.458     20.499     20.673     8.3002     8.3034  34.965049  34.972480     8.2981     8.3014    33.3659    33.3707    25.9464    25.9497     1.9957     2.0132     60.789     61.322     0.9255     0.9096     0.1954     3.8590     3.2711     1.7302     0.0000 -124.74648   47.94564      15.48          5  0.000e+00
      21421    892.500     20.545     20.720     8.2999     8.3040  34.964484  34.972481     8.2978     8.3020    33.3656    33.3701    25.9463    25.9492     1.9957     2.0132     60.790     61.322     0.9255     0.9096     0.1954     3.8590     3.2723     1.7302     0.0000 -124.74648   47.94564      15.48          5  0.000e+00
      21422    892.542     20.552     20.727     8.2999     8.3042  34.964358  34.972920     8.2978     8.3022    33.3655    33.3704    25.9461    25.9493     1.9957     2.0071     60.790     61.137     0.9255     0.9084     0.1954     3.8590     3.2711     1.7289     0.0000 -124.74648   47.94564      15.53          5  0.000e+00
      21423    892.583     20.446     20.620     8.3000     8.3047  34.964358  34.973108     8.2979     8.3026    33.3654    33.3702    25.9461    25.9491     1.9957     2.0131     60.789     61.320     0.9255     0.9096     0.1954     3.8590     3.2711     1.7289     0.0000 -124.74648   47.94564      15.58          5  0.000e+00
      21424    892.625     20.499     20.673     8.2999     8.3047  34.963792  34.973297     8.2978     8.3026    33.3649    33.3704    25.9457    25.9493     1.9957     2.0071     60.790     61.136     0.9255     0.9084     0.1954     3.8590     3.2711     1.7289     0.0000 -124.74648   47.94564      15.58          5  0.000e+00
      21425    892.667     20.499     20.673     8.2995     8.3047  34.963478  34.973423     8.2975     8.3026    33.3649    33.3705    25.9457    25.9494     1.9957     2.0131     60.790     61.320     0.9255     0.9096     0.1954     3.8590     3.2711     1.7289     0.0000 -124.74648   47.94564      15.58          5  0.000e+00
      21426    892.708     20.499     20.673     8.2995     8.3050  34.963415  34.973611     8.2975     8.3029    33.3648    33.3704    25.9457    25.9493     1.9957     2.0131     60.790     61.320     0.9255     0.9096     0.1954     3.8590     3.2711     1.7289     0.0000 -124.74648   47.94564      15.58          5  0.000e+00
      21427    892.750     20.453     20.627     8.2997     8.3050  34.963855  34.973234     8.2976     8.3030    33.3652    33.3700    25.9459    25.9489     1.9957     2.0131     60.790     61.319     0.9255     0.9096     0.1954     3.8590     3.2711     1.7289     0.0000 -124.74648   47.94564      15.58          5  0.000e+00
      21428    892.792     20.499     20.673     8.2997     8.3046  34.963478  34.973109     8.2976     8.3025    33.3648    33.3703    25.9456    25.9492     2.0013     2.0131     60.959     61.320     0.9267     0.9096     0.1954     3.8590     3.2711     1.7289     0.0000 -124.74648   47.94564      15.58          5  0.000e+00
      21429    892.833     20.400     20.573     8.2995     8.3049  34.963603  34.973108     8.2975     8.3028    33.3651    33.3701    25.9459    25.9490     1.9957     2.0131     60.789     61.319     0.9255     0.9096     0.1954     3.8590     3.2711     1.7289     0.0000 -124.74648   47.94564      15.60          5  0.000e+00
      21430    892.875     20.446     20.620     8.2995     8.3044  34.963226  34.972606     8.2975     8.3023    33.3646    33.3700    25.9455    25.9490     2.0013     2.0131     60.959     61.320     0.9267     0.9096     0.1954     3.8590     3.2711     1.7289     0.0000 -124.74648   47.94564      15.63          5  0.000e+00
      21431    892.917     20.453     20.627     8.3000     8.3043  34.964044  34.971978     8.2979     8.3023    33.3651    33.3694    25.9458    25.9485     2.0012     2.0132     60.958     61.321     0.9267     0.9096     0.1954     3.8590     3.2711     1.7289     0.0000 -124.74648   47.94564      15.63          5  0.000e+00
      21432    892.958     20.446     20.620     8.2999     8.3042  34.964295  34.972040     8.2978     8.3022    33.3655    33.3695    25.9461    25.9487     2.0012     2.0132     60.958     61.321     0.9267     0.9096     0.1954     3.8590     3.2723     1.7289     0.0000 -124.74648   47.94564      15.63          5  0.000e+00
