WCOA/WCOA-6/CTD_Data/RB2102_CTD_126_02.ros
* Sea-Bird SBE 9 Data File:
* FileName = C:\Users\scs.user.rb\CTD\RB2102\Data\RB2102_CTD_126_02.hex
* Software Version Seasave V 7.26.7.107
* Temperature SN = 6202
* Conductivity SN = 4907
* Number of Bytes Per Scan = 41
* Number of Voltage Words = 4
* Number of Scans Averaged by the Deck Unit = 1
* NMEA Latitude = 33 25.06 N
* NMEA Longitude = 117 54.32 W
* NMEA UTC (Time) = Jul 20 2021  20:44:49
* NMEA baud rate = 4800
# nquan = 30
# nvalues = 980                                   
# units = specified
# name 0 = scan: Scan Count
# name 1 = timeS: Time, Elapsed [seconds]
# name 2 = depSM: Depth [salt water, m]
# name 3 = prDM: Pressure, Digiquartz [db]
# name 4 = t090C: Temperature [ITS-90, deg C]
# name 5 = t190C: Temperature, 2 [ITS-90, deg C]
# name 6 = c0mS/cm: Conductivity [mS/cm]
# name 7 = c1mS/cm: Conductivity, 2 [mS/cm]
# name 8 = potemp090C: Potential Temperature [ITS-90, deg C]
# name 9 = potemp190C: Potential Temperature, 2 [ITS-90, deg C]
# name 10 = sal00: Salinity, Practical [PSU]
# name 11 = sal11: Salinity, Practical, 2 [PSU]
# name 12 = sigma-é00: Density [sigma-theta, kg/m^3]
# name 13 = sigma-é11: Density, 2 [sigma-theta, kg/m^3]
# name 14 = sbeox0Mg/L: Oxygen, SBE 43 [mg/l]
# name 15 = sbeox1Mg/L: Oxygen, SBE 43, 2 [mg/l]
# name 16 = sbox0Mm/Kg: Oxygen, SBE 43 [umol/kg]
# name 17 = sbox1Mm/Kg: Oxygen, SBE 43, 2 [umol/kg]
# name 18 = sbeox0V: Oxygen raw, SBE 43 [V]
# name 19 = sbeox1V: Oxygen raw, SBE 43, 2 [V]
# name 20 = v4: Voltage 4
# name 21 = flECO-AFL: Fluorescence, WET Labs ECO-AFL/FL [mg/m^3]
# name 22 = v3: Voltage 3
# name 23 = v6: Voltage 6
# name 24 = v7: Voltage 7
# name 25 = longitude: Longitude [deg]
# name 26 = latitude: Latitude [deg]
# name 27 = altM: Altimeter [m]
# name 28 = nbf: Bottles Fired
# name 29 = flag:  0.000e+00
# interval = seconds: 0.0416667
# start_time = Jul 20 2021 20:44:49 [NMEA time, header]
# bad_flag = -9.990e-29
*END*
[from data line 339]
      60334   2513.875    158.789    159.984     9.3696     9.3705  36.675624  36.677710     9.3520     9.3530    34.0762    34.0775    26.3381    26.3390     3.1740     2.9623     96.645     90.197     1.1929     1.1087     0.0403    -0.0177     3.1294     0.0000     0.0965 -117.90548   33.41732      99.71          7  0.000e+00
      60335   2513.917    158.742    159.937     9.3700     9.3703  36.675624  36.677390     9.3525     9.3528    34.0758    34.0774    26.3378    26.3389     3.1740     2.9623     96.644     90.197     1.1929     1.1087     0.0403    -0.0177     3.1294     0.0000     0.0977 -117.90548   33.41732      99.71          7  0.000e+00
      60336   2513.958    158.742    159.937     9.3703     9.3701  36.675816  36.676558     9.3527     9.3526    34.0758    34.0767    26.3377    26.3384     3.1740     2.9623     96.643     90.198     1.1929     1.1087     0.0403    -0.0177     3.1306     0.0000     0.0977 -117.90548   33.41732      99.71          7  0.000e+00
      60337   2514.000    158.789    159.984     9.3708     9.3700  36.675944  36.676814     9.3532     9.3524    34.0754    34.0771    26.3373    26.3387     3.1740     2.9623     96.643     90.199     1.1929     1.1087     0.0403    -0.0177     3.1282     0.0000     0.0977 -117.90548   33.41732      99.71          7  0.000e+00
      64394   2683.042    139.151    140.192     9.6235     9.6248  36.864615  36.867093     9.6078     9.6092    34.0391    34.0404    26.2672    26.2680     3.4967     3.2637    106.477     99.381     1.2711     1.1758     0.0403    -0.0177     3.1270     0.0012     0.0745 -117.90550   33.41722      99.66          8  0.000e+00
      64395   2683.083    139.072    140.112     9.6234     9.6248  36.864935  36.866644     9.6078     9.6092    34.0395    34.0400    26.2675    26.2677     3.4967     3.2637    106.475     99.381     1.2711     1.1758     0.0403    -0.0177     3.1270     0.0012     0.0745 -117.90550   33.41722      99.66          8  0.000e+00
      64396   2683.125    139.105    140.145     9.6238     9.6246  36.864358  36.866708     9.6082     9.6090    34.0386    34.0402    26.2667    26.2678     3.4967     3.2637    106.476     99.381     1.2711     1.1758     0.0403    -0.0177     3.1270     0.0012     0.0745 -117.90550   33.41722      99.66          8  0.000e+00
      64397   2683.167    139.218    140.259     9.6237     9.6246  36.864615  36.866965     9.6081     9.6090    34.0388    34.0404    26.2669    26.2680     3.4967     3.2637    106.477     99.383     1.2711     1.1758     0.0403    -0.0177     3.1294     0.0012     0.0745 -117.90550   33.41722      99.66          8  0.000e+00
      64398   2683.208    139.105    140.145     9.6238     9.6247  36.865000  36.866644     9.6082     9.6091    34.0392    34.0400    26.2672    26.2677     3.4967     3.2637    106.475     99.381     1.2711     1.1758     0.0403    -0.0177     3.1270     0.0012     0.0745 -117.90550   33.41722      99.66          8  0.000e+00
      64399   2683.250    139.151    140.192     9.6237     9.6246  36.864872  36.866708     9.6081     9.6090    34.0391    34.0401    26.2672    26.2678     3.4967     3.2637    106.476     99.382     1.2711     1.1758     0.0403    -0.0177     3.1270     0.0012     0.0745 -117.90550   33.41722      99.66          8  0.000e+00
      64400   2683.292    139.072    140.112     9.6239     9.6248  36.865000  36.866772     9.6083     9.6092    34.0391    34.0401    26.2671    26.2678     3.4966     3.2637    106.474     99.381     1.2711     1.1758     0.0403    -0.0177     3.1270     0.0012     0.0745 -117.90550   33.41722      99.66          8  0.000e+00
      64401   2683.333    139.105    140.145     9.6239     9.6246  36.864871  36.867029     9.6083     9.6090    34.0390    34.0405    26.2670    26.2681     3.4912     3.2637    106.309     99.381     1.2698     1.1758     0.0403    -0.0177     3.1270     0.0012     0.0745 -117.90550   33.41722      99.66          8  0.000e+00
      64402   2683.375    139.118    140.159     9.6237     9.6246  36.865192  36.866836     9.6081     9.6090    34.0395    34.0403    26.2674    26.2679     3.4967     3.2637    106.475     99.381     1.2711     1.1758     0.0403    -0.0177     3.1270     0.0012     0.0745 -117.90550   33.41722      99.66          8  0.000e+00
      64403   2683.417    139.105    140.145     9.6239     9.6246  36.864936  36.866772     9.6083     9.6090    34.0390    34.0402    26.2671    26.2679     3.4966     3.2637    106.475     99.381     1.2711     1.1758     0.0403    -0.0177     3.1282     0.0012     0.0745 -117.90550   33.41722      99.66          8  0.000e+00
      64404   2683.458    139.118    140.159     9.6239     9.6247  36.865000  36.866580     9.6082     9.6091    34.0391    34.0399    26.2672    26.2676     3.4967     3.2637    106.475     99.382     1.2711     1.1758     0.0403    -0.0177     3.1270     0.0012     0.0745 -117.90550   33.41722      99.66          8  0.000e+00
      64405   2683.500    139.105    140.145     9.6239     9.6248  36.864615  36.866900     9.6083     9.6092    34.0387    34.0402    26.2668    26.2679     3.4967     3.2637    106.475     99.381     1.2711     1.1758     0.0403    -0.0177     3.1282     0.0012     0.0757 -117.90550   33.41722      99.66          8  0.000e+00
      64406   2683.542    139.072    140.112     9.6239     9.6248  36.864935  36.866515     9.6083     9.6092    34.0391    34.0398    26.2671    26.2676     3.4966     3.2637    106.475     99.381     1.2711     1.1758     0.0403    -0.0177     3.1282     0.0012     0.0745 -117.90550   33.41722      99.66          8  0.000e+00
      64407   2683.583    139.152    140.192     9.6236     9.6246  36.865128  36.866965     9.6080     9.6090    34.0395    34.0404    26.2675    26.2680     3.4967     3.2637    106.476     99.382     1.2711     1.1758     0.0403    -0.0177     3.1270     0.0012     0.0757 -117.90550   33.41722      99.66          8  0.000e+00
      64408   2683.625    139.072    140.112     9.6239     9.6248  36.864871  36.866579     9.6083     9.6092    34.0390    34.0399    26.2671    26.2676     3.4966     3.2637    106.475     99.381     1.2711     1.1758     0.0403    -0.0177     3.1282     0.0012     0.0757 -117.90550   33.41722      99.66          8  0.000e+00
      64409   2683.667    139.105    140.145     9.6239     9.6248  36.865000  36.867157     9.6083     9.6092    34.0391    34.0405    26.2671    26.2681     3.4966     3.2637    106.475     99.381     1.2711     1.1758     0.0403    -0.0177     3.1270     0.0012     0.0757 -117.90550   33.41722      99.66          8  0.000e+00
      64410   2683.708    139.072    140.112     9.6238     9.6246  36.864615  36.866964     9.6082     9.6090    34.0388    34.0405    26.2669    26.2681     3.4966     3.2637    106.475     99.381     1.2711     1.1758     0.0403    -0.0177     3.1282     0.0012     0.0745 -117.90550   33.41722      99.66          8  0.000e+00
      64411   2683.750    139.059    140.099     9.6239     9.6248  36.864679  36.866772     9.6083     9.6092    34.0388    34.0401    26.2669    26.2678     3.4966     3.2637    106.475     99.381     1.2711     1.1758     0.0403    -0.0177     3.1282     0.0012     0.0745 -117.90550   33.41722      99.66          8  0.000e+00
      64412   2683.792    139.119    140.159     9.6235     9.6250  36.864679  36.866964     9.6078     9.6093    34.0392    34.0401    26.2673    26.2677     3.4967     3.2637    106.476     99.381     1.2711     1.1758     0.0403    -0.0177     3.1282     0.0012     0.0745 -117.90550   33.41722      99.66          8  0.000e+00
      64413   2683.833    139.059    140.099     9.6234     9.6250  36.864743  36.866900     9.6078     9.6093    34.0393    34.0401    26.2674    26.2677     3.4967     3.2637    106.475     99.380     1.2711     1.1758     0.0403    -0.0177     3.1282     0.0012     0.0745 -117.90550   33.41722      99.66          8  0.000e+00
      64414   2683.875    139.072    140.112     9.6236     9.6248  36.864807  36.867028     9.6080     9.6092    34.0392    34.0404    26.2673    26.2680     3.4967     3.2637    106.475     99.380     1.2711     1.1758     0.0403    -0.0177     3.1282     0.0012     0.0745 -117.90550   33.41722      99.66          8  0.000e+00
      64415   2683.917    139.105    140.146     9.6234     9.6248  36.864807  36.866836     9.6078     9.6092    34.0394    34.0402    26.2674    26.2678     3.4967     3.2637    106.476     99.381     1.2711     1.1758     0.0403    -0.0177     3.1282     0.0012     0.0745 -117.90550   33.41722      99.66          8  0.000e+00
      64416   2683.958    139.019    140.059     9.6236     9.6247  36.864550  36.866772     9.6080     9.6091    34.0390    34.0402    26.2671    26.2678     3.4966     3.2637    106.475     99.380     1.2711     1.1758     0.0403    -0.0177     3.1270     0.0012     0.0745 -117.90550   33.41722      99.66          8  0.000e+00
      64417   2684.000    139.105    140.146     9.6232     9.6248  36.864679  36.867029     9.6076     9.6092    34.0394    34.0404    26.2675    26.2680     3.4967     3.2637    106.476     99.381     1.2711     1.1758     0.0403    -0.0177     3.1282     0.0012     0.0745 -117.90550   33.41722      99.66          8  0.000e+00
      64418   2684.042    139.072    140.112     9.6236     9.6250  36.864550  36.866836     9.6080     9.6093    34.0389    34.0400    26.2671    26.2677     3.4967     3.2637    106.475     99.380     1.2711     1.1758     0.0403    -0.0177     3.1270     0.0012     0.0745 -117.90550   33.41722      99.66          8  0.000e+00
      64419   2684.083    139.006    140.045     9.6231     9.6248  36.864229  36.867028     9.6075     9.6092    34.0391    34.0404    26.2673    26.2680     3.4967     3.2636    106.476     99.380     1.2711     1.1758     0.0403    -0.0177     3.1270     0.0012     0.0745 -117.90550   33.41722      99.66          8  0.000e+00
      64420   2684.125    139.106    140.146     9.6233     9.6250  36.864358  36.866580     9.6077     9.6093    34.0390    34.0397    26.2672    26.2674     3.4967     3.2637    106.476     99.381     1.2711     1.1758     0.0403    -0.0177     3.1282     0.0012     0.0745 -117.90550   33.41722      99.66          8  0.000e+00
      64421   2684.167    139.019    140.059     9.6233     9.6250  36.864358  36.866387     9.6077     9.6094    34.0391    34.0396    26.2672    26.2673     3.4967     3.2636    106.475     99.380     1.2711     1.1758     0.0403    -0.0177     3.1282     0.0012     0.0745 -117.90550   33.41722      99.66          8  0.000e+00
      64422   2684.208    139.059    140.099     9.6232     9.6249  36.864422  36.867157     9.6076     9.6093    34.0392    34.0404    26.2673    26.2680     3.4967     3.2637    106.476     99.380     1.2711     1.1758     0.0403    -0.0177     3.1282     0.0012     0.0745 -117.90550   33.41722      99.66          8  0.000e+00
      64423   2684.250    139.019    140.059     9.6233     9.6248  36.864229  36.866900     9.6077     9.6092    34.0389    34.0403    26.2671    26.2679     3.4967     3.2636    106.475     99.380     1.2711     1.1758     0.0403    -0.0177     3.1294     0.0012     0.0745 -117.90550   33.41722      99.66          8  0.000e+00
      64424   2684.292    139.006    140.046     9.6236     9.6250  36.864358  36.866964     9.6079     9.6094    34.0388    34.0402    26.2670    26.2678     3.4966     3.2696    106.475     99.560     1.2711     1.1770     0.0403    -0.0177     3.1270     0.0012     0.0745 -117.90550   33.41722      99.66          8  0.000e+00
      64425   2684.333    139.073    140.112     9.6235     9.6250  36.864486  36.867093     9.6078     9.6093    34.0390    34.0403    26.2671    26.2679     3.4967     3.2696    106.476     99.561     1.2711     1.1770     0.0403    -0.0177     3.1270     0.0012     0.0757 -117.90550   33.41722      99.66          8  0.000e+00
      64426   2684.375    139.006    140.046     9.6234     9.6250  36.864229  36.866836     9.6078     9.6094    34.0388    34.0400    26.2670    26.2677     3.4966     3.2636    106.475     99.379     1.2711     1.1758     0.0403    -0.0177     3.1270     0.0012     0.0757 -117.90550   33.41722      99.66          8  0.000e+00
      64427   2684.417    139.019    140.059     9.6235     9.6248  36.864358  36.866772     9.6078     9.6092    34.0389    34.0401    26.2670    26.2678     3.4966     3.2636    106.475     99.380     1.2711     1.1758     0.0403    -0.0177     3.1282     0.0012     0.0745 -117.90550   33.41722      99.66          8  0.000e+00
      64428   2684.458    139.059    140.099     9.6236     9.6249  36.864679  36.867028     9.6079     9.6093    34.0391    34.0402    26.2672    26.2679     3.4967     3.2696    106.475     99.561     1.2711     1.1770     0.0403    -0.0177     3.1270     0.0012     0.0745 -117.90550   33.41722      99.66          8  0.000e+00
      64429   2684.500    138.973    140.012     9.6236     9.6250  36.864550  36.867092     9.6080     9.6094    34.0390    34.0403    26.2671    26.2679     3.4966     3.2636    106.474     99.379     1.2711     1.1758     0.0403    -0.0177     3.1270     0.0012     0.0757 -117.90550   33.41722      99.66          8  0.000e+00
      64430   2684.542    139.059    140.099     9.6236     9.6250  36.864871  36.866836     9.6079     9.6093    34.0393    34.0400    26.2674    26.2677     3.4966     3.2637    106.475     99.380     1.2711     1.1758     0.0403    -0.0177     3.1270     0.0012     0.0757 -117.90550   33.41722      99.66          8  0.000e+00
      64431   2684.583    138.973    140.012     9.6239     9.6250  36.864807  36.866772     9.6083     9.6094    34.0390    34.0400    26.2670    26.2676     3.4966     3.2695    106.473     99.560     1.2711     1.1770     0.0403    -0.0177     3.1270     0.0012     0.0757 -117.90550   33.41722      99.66          8  0.000e+00
      64432   2684.625    139.006    140.046     9.6239     9.6248  36.864807  36.866772     9.6083     9.6092    34.0389    34.0401    26.2670    26.2678     3.4966     3.2696    106.474     99.560     1.2711     1.1770     0.0403    -0.0177     3.1270     0.0012     0.0769 -117.90550   33.41722      99.66          8  0.000e+00
      64433   2684.667    138.973    140.012     9.6239     9.6250  36.864807  36.866964     9.6083     9.6094    34.0390    34.0402    26.2670    26.2678     3.4966     3.2695    106.473     99.559     1.2711     1.1770     0.0403    -0.0177     3.1270     0.0012     0.0757 -117.90550   33.41722      99.66          8  0.000e+00
      64434   2684.708    139.006    140.046     9.6238     9.6253  36.864807  36.867092     9.6082     9.6096    34.0391    34.0400    26.2671    26.2676     3.4966     3.2636    106.474     99.379     1.2711     1.1758     0.0403    -0.0177     3.1282     0.0012     0.0757 -117.90550   33.41722      99.66          8  0.000e+00
      64435   2684.750    138.973    140.012     9.6236     9.6251  36.864550  36.867092     9.6079     9.6095    34.0390    34.0402    26.2671    26.2678     3.4966     3.2695    106.474     99.559     1.2711     1.1770     0.0403    -0.0177     3.1270     0.0012     0.0757 -117.90550   33.41722      99.66          8  0.000e+00
      64436   2684.792    139.006    140.046     9.6235     9.6250  36.864486  36.867092     9.6078     9.6094    34.0390    34.0403    26.2672    26.2679     3.4966     3.2636    106.475     99.379     1.2711     1.1758     0.0403    -0.0177     3.1282     0.0012     0.0757 -117.90550   33.41722      99.66          8  0.000e+00
