WCOA/WCOA-6/CTD_Data/RB2102_CTD_049_01.ros
* Sea-Bird SBE 9 Data File:
* FileName = C:\Users\scs.user.rb\CTD\RB2102\Data\RB2102_CTD_049_01.hex
* Software Version Seasave V 7.26.7.107
* Temperature SN = 6202
* Conductivity SN = 4907
* Number of Bytes Per Scan = 41
* Number of Voltage Words = 4
* Number of Scans Averaged by the Deck Unit = 1
* NMEA Latitude = 44 39.16 N
* NMEA Longitude = 124 39.14 W
* NMEA UTC (Time) = Jul 04 2021  03:19:21
* NMEA baud rate = 4800
# nquan = 30
# nvalues = 882                                   
# units = specified
# name 0 = scan: Scan Count
# name 1 = timeS: Time, Elapsed [seconds]
# name 2 = depSM: Depth [salt water, m]
# name 3 = prDM: Pressure, Digiquartz [db]
# name 4 = t090C: Temperature [ITS-90, deg C]
# name 5 = t190C: Temperature, 2 [ITS-90, deg C]
# name 6 = c0mS/cm: Conductivity [mS/cm]
# name 7 = c1mS/cm: Conductivity, 2 [mS/cm]
# name 8 = potemp090C: Potential Temperature [ITS-90, deg C]
# name 9 = potemp190C: Potential Temperature, 2 [ITS-90, deg C]
# name 10 = sal00: Salinity, Practical [PSU]
# name 11 = sal11: Salinity, Practical, 2 [PSU]
# name 12 = sigma-é00: Density [sigma-theta, kg/m^3]
# name 13 = sigma-é11: Density, 2 [sigma-theta, kg/m^3]
# name 14 = sbeox0Mg/L: Oxygen, SBE 43 [mg/l]
# name 15 = sbeox1Mg/L: Oxygen, SBE 43, 2 [mg/l]
# name 16 = sbox0Mm/Kg: Oxygen, SBE 43 [umol/kg]
# name 17 = sbox1Mm/Kg: Oxygen, SBE 43, 2 [umol/kg]
# name 18 = sbeox0V: Oxygen raw, SBE 43 [V]
# name 19 = sbeox1V: Oxygen raw, SBE 43, 2 [V]
# name 20 = v4: Voltage 4
# name 21 = flECO-AFL: Fluorescence, WET Labs ECO-AFL/FL [mg/m^3]
# name 22 = v3: Voltage 3
# name 23 = v6: Voltage 6
# name 24 = v7: Voltage 7
# name 25 = longitude: Longitude [deg]
# name 26 = latitude: Latitude [deg]
# name 27 = altM: Altimeter [m]
# name 28 = nbf: Bottles Fired
# name 29 = flag:  0.000e+00
# interval = seconds: 0.0416667
# start_time = Jul 04 2021 03:19:21 [NMEA time, header]
# bad_flag = -9.990e-29
*END*
[from data line 822]
      75890   3162.042      3.313      3.340    15.4840    15.4838  39.248354  39.247611    15.4835    15.4833    31.2870    31.2865    23.0072    23.0069     9.0442     9.1439    276.280    279.326     2.7888     2.6520     0.0830     1.0507     3.3065     0.0000     0.0000 -124.65550   44.65300       0.95         17  0.000e+00
      75891   3162.083      3.313      3.340    15.4842    15.4838  39.248683  39.247348    15.4837    15.4833    31.2871    31.2863    23.0072    23.0067     9.0394     9.1440    276.133    279.326     2.7875     2.6520     0.0830     1.0507     3.3065     0.0000     0.0000 -124.65550   44.65300       0.95         17  0.000e+00
      75892   3162.125      3.267      3.293    15.4842    15.4839  39.248814  39.247019    15.4837    15.4835    31.2873    31.2859    23.0073    23.0063     9.0394     9.1439    276.131    279.324     2.7875     2.6520     0.0830     1.0507     3.3065     0.0000     0.0000 -124.65550   44.65300       0.98         17  0.000e+00
      75893   3162.167      3.313      3.340    15.4847    15.4839  39.248288  39.247150    15.4842    15.4835    31.2864    31.2860    23.0066    23.0064     9.0346     9.1439    275.985    279.326     2.7863     2.6520     0.0830     1.0507     3.3065     0.0000     0.0000 -124.65550   44.65300       0.98         17  0.000e+00
      75894   3162.208      3.313      3.340    15.4847    15.4841  39.248354  39.247479    15.4842    15.4836    31.2864    31.2861    23.0066    23.0065     9.0394     9.1387    276.131    279.166     2.7875     2.6508     0.0830     1.0507     3.3065     0.0000     0.0000 -124.65550   44.65300       0.98         17  0.000e+00
      75895   3162.250      3.267      3.293    15.4849    15.4839  39.249011  39.247348    15.4844    15.4835    31.2869    31.2862    23.0069    23.0065     9.0392     9.1387    276.128    279.165     2.7875     2.6508     0.0830     1.0507     3.3065     0.0000     0.0000 -124.65550   44.65300       0.98         17  0.000e+00
      75896   3162.292      3.313      3.340    15.4850    15.4839  39.249406  39.247282    15.4845    15.4835    31.2871    31.2861    23.0070    23.0065     9.0345     9.1387    275.981    279.167     2.7863     2.6508     0.0830     1.0507     3.3077     0.0000     0.0000 -124.65550   44.65300       0.98         17  0.000e+00
      75897   3162.333      3.313      3.340    15.4853    15.4839  39.249999  39.246756    15.4848    15.4835    31.2874    31.2856    23.0072    23.0061     9.0344     9.1388    275.979    279.168     2.7863     2.6508     0.0830     1.0507     3.3065     0.0000     0.0000 -124.65550   44.65300       1.00         17  0.000e+00
      75898   3162.375      3.280      3.307    15.4855    15.4839  39.249933  39.247348    15.4850    15.4835    31.2872    31.2862    23.0070    23.0065     9.0295     9.1387    275.831    279.166     2.7851     2.6508     0.0830     1.0507     3.3065     0.0000     0.0000 -124.65550   44.65300       1.10         17  0.000e+00
      75899   3162.417      3.267      3.293    15.4862    15.4839  39.250064  39.246821    15.4857    15.4835    31.2868    31.2857    23.0065    23.0062     9.0342     9.1387    275.974    279.166     2.7863     2.6508     0.0830     1.0507     3.3065     0.0000     0.0000 -124.65550   44.65300       1.10         17  0.000e+00
      75900   3162.458      3.313      3.340    15.4862    15.4838  39.250393  39.247085    15.4857    15.4833    31.2871    31.2860    23.0067    23.0065     9.0343     9.1336    275.975    279.009     2.7863     2.6496     0.0830     1.0507     3.3077     0.0000     0.0000 -124.65550   44.65300       1.12         17  0.000e+00
      75926   3163.542      3.135      3.160    15.4903    15.4837  39.251050  39.247150    15.4898    15.4832    31.2845    31.2863    23.0039    23.0067     9.0334     9.1282    275.951    278.844     2.7863     2.6484     0.0879     1.1728     3.3053     0.0000     0.0000 -124.65550   44.65300       1.47         18  0.000e+00
      75927   3163.583      3.168      3.194    15.4899    15.4839  39.250919  39.246690    15.4894    15.4835    31.2847    31.2856    23.0041    23.0061     9.0335     9.1282    275.954    278.845     2.7863     2.6484     0.0891     1.2033     3.3053     0.0000     0.0000 -124.65550   44.65300       1.27         18  0.000e+00
      75928   3163.625      3.068      3.093    15.4901    15.4838  39.251379  39.247084    15.4897    15.4833    31.2849    31.2861    23.0042    23.0066     9.0334     9.1281    275.949    278.842     2.7863     2.6484     0.0891     1.2033     3.3065     0.0000     0.0000 -124.65550   44.65300       1.00         18  0.000e+00
      75929   3163.667      3.168      3.194    15.4901    15.4838  39.251577  39.247018    15.4896    15.4833    31.2850    31.2860    23.0043    23.0065     9.0335     9.1282    275.952    278.845     2.7863     2.6484     0.0891     1.2033     3.3065     0.0000     0.0000 -124.65550   44.65300       0.93         18  0.000e+00
      75930   3163.708      3.068      3.093    15.4899    15.4838  39.251050  39.247150    15.4895    15.4833    31.2848    31.2862    23.0042    23.0066     9.0334     9.1281    275.950    278.842     2.7863     2.6484     0.0891     1.2033     3.3065     0.0000     0.0000 -124.65550   44.65300       0.93         18  0.000e+00
      75931   3163.750      3.121      3.147    15.4900    15.4839  39.250919  39.247479    15.4896    15.4835    31.2845    31.2863    23.0040    23.0067     9.0335     9.1281    275.952    278.842     2.7863     2.6484     0.0891     1.2033     3.3077     0.0000     0.0000 -124.65550   44.65300       0.95         18  0.000e+00
      75932   3163.792      3.068      3.093    15.4899    15.4841  39.249866  39.247610    15.4895    15.4837    31.2837    31.2863    23.0034    23.0066     9.0335     9.1280    275.952    278.839     2.7863     2.6484     0.0891     1.2033     3.3065     0.0000     0.0000 -124.65550   44.65300       0.95         18  0.000e+00
      75933   3163.833      3.121      3.147    15.4901    15.4845  39.249471  39.247347    15.4897    15.4840    31.2832    31.2858    23.0029    23.0062     9.0383     9.1280    276.101    278.840     2.7875     2.6484     0.0891     1.2033     3.3065     0.0000     0.0000 -124.65550   44.65300       1.17         18  0.000e+00
      75934   3163.875      3.022      3.047    15.4901    15.4846  39.249734  39.248070    15.4897    15.4842    31.2835    31.2863    23.0031    23.0065     9.0334     9.1279    275.950    278.835     2.7863     2.6484     0.0891     1.2033     3.3077     0.0000     0.0000 -124.65550   44.65300       1.56         18  0.000e+00
      75935   3163.917      3.121      3.147    15.4897    15.4850  39.249339  39.248268    15.4892    15.4845    31.2834    31.2862    23.0032    23.0064     9.0336     9.1279    275.956    278.836     2.7863     2.6484     0.0891     1.2033     3.3065     0.0000     0.0000 -124.65550   44.65300       1.68         18  0.000e+00
      75936   3163.958      3.068      3.094    15.4892    15.4853  39.249208  39.248070    15.4888    15.4849    31.2837    31.2858    23.0035    23.0060     9.0336     9.1278    275.956    278.833     2.7863     2.6484     0.0891     1.2033     3.3065     0.0000     0.0000 -124.65550   44.65300       1.66         18  0.000e+00
      75937   3164.000      3.022      3.047    15.4892    15.4853  39.249931  39.248004    15.4888    15.4849    31.2843    31.2857    23.0040    23.0059     9.0335     9.1278    275.953    278.832     2.7863     2.6484     0.0891     1.2033     3.3065     0.0000     0.0000 -124.65550   44.65300       1.64         18  0.000e+00
      75938   3164.042      3.068      3.094    15.4889    15.4855  39.249405  39.247412    15.4884    15.4850    31.2842    31.2851    23.0039    23.0054     9.0336     9.1278    275.957    278.834     2.7863     2.6484     0.0891     1.2033     3.3065     0.0000     0.0000 -124.65550   44.65300       1.64         18  0.000e+00
      75939   3164.083      3.069      3.094    15.4886    15.4851  39.249208  39.247281    15.4881    15.4847    31.2842    31.2852    23.0040    23.0056     9.0385     9.1279    276.105    278.835     2.7875     2.6484     0.0891     1.2033     3.3065     0.0000     0.0000 -124.65550   44.65300       1.42         18  0.000e+00
      75940   3164.125      3.069      3.094    15.4882    15.4848  39.249208  39.247018    15.4878    15.4843    31.2845    31.2853    23.0043    23.0057     9.0337     9.1279    275.960    278.837     2.7863     2.6484     0.0891     1.2033     3.3065     0.0000     0.0000 -124.65550   44.65300       1.03         18  0.000e+00
      75941   3164.167      2.989      3.014    15.4881    15.4845  39.249405  39.246952    15.4876    15.4840    31.2848    31.2855    23.0046    23.0059     9.0337     9.1331    275.958    278.995     2.7863     2.6496     0.0891     1.2033     3.3065     0.0000     0.0000 -124.65550   44.65300       0.95         18  0.000e+00
      75942   3164.208      3.069      3.094    15.4877    15.4843  39.249274  39.246952    15.4872    15.4838    31.2850    31.2856    23.0048    23.0060     9.0338     9.1332    275.962    278.998     2.7863     2.6496     0.0891     1.2033     3.3065     0.0000     0.0000 -124.65550   44.65300       0.95         18  0.000e+00
      75943   3164.250      3.022      3.047    15.4874    15.4841  39.248879  39.246623    15.4869    15.4837    31.2849    31.2855    23.0048    23.0060     9.0338     9.1332    275.963    278.998     2.7863     2.6496     0.0891     1.2033     3.3065     0.0000     0.0000 -124.65550   44.65300       0.98         18  0.000e+00
      75944   3164.292      3.022      3.047    15.4876    15.4838  39.249339  39.246557    15.4871    15.4834    31.2852    31.2856    23.0050    23.0062     9.0290     9.1333    275.815    278.999     2.7851     2.6496     0.0891     1.2033     3.3065     0.0000     0.0000 -124.65550   44.65300       0.98         18  0.000e+00
      75945   3164.333      3.022      3.047    15.4871    15.4838  39.249734  39.246623    15.4866    15.4833    31.2859    31.2857    23.0057    23.0063     9.0242     9.1333    275.669    279.000     2.7839     2.6496     0.0891     1.2033     3.3077     0.0000     0.0000 -124.65550   44.65300       1.10         18  0.000e+00
      75946   3164.375      3.022      3.047    15.4870    15.4833  39.249603  39.246557    15.4866    15.4829    31.2858    31.2861    23.0056    23.0066     9.0242     9.1333    275.670    279.002     2.7839     2.6496     0.0891     1.2033     3.3065     0.0000     0.0000 -124.65550   44.65300       1.37         18  0.000e+00
      75947   3164.417      3.022      3.047    15.4869    15.4836  39.249273  39.246821    15.4864    15.4832    31.2856    31.2861    23.0055    23.0065     9.0243     9.1333    275.671    279.000     2.7839     2.6496     0.0891     1.2033     3.3065     0.0000     0.0000 -124.65550   44.65300       1.44         18  0.000e+00
      75948   3164.458      3.022      3.047    15.4869    15.4833  39.249405  39.246952    15.4864    15.4829    31.2857    31.2864    23.0056    23.0069     9.0195     9.1385    275.524    279.160     2.7827     2.6508     0.0891     1.2033     3.3053     0.0000     0.0000 -124.65550   44.65300       1.42         18  0.000e+00
      75949   3164.500      3.022      3.047    15.4867    15.4834  39.249537  39.246952    15.4863    15.4830    31.2860    31.2863    23.0058    23.0068     9.0147     9.1333    275.378    279.000     2.7814     2.6496     0.0891     1.2033     3.3053     0.0000     0.0000 -124.65550   44.65300       1.39         18  0.000e+00
      75950   3164.542      3.022      3.047    15.4870    15.4835  39.249734  39.246952    15.4866    15.4830    31.2859    31.2863    23.0057    23.0067     9.0146     9.1385    275.376    279.159     2.7814     2.6508     0.0891     1.2033     3.3065     0.0000     0.0000 -124.65550   44.65300       1.39         18  0.000e+00
      75951   3164.583      3.022      3.047    15.4869    15.4833  39.250063  39.246623    15.4864    15.4828    31.2863    31.2861    23.0060    23.0067     9.0146     9.1385    275.376    279.161     2.7814     2.6508     0.0891     1.2033     3.3077     0.0000     0.0000 -124.65550   44.65300       1.27         18  0.000e+00
      75952   3164.625      2.976      3.000    15.4871    15.4833  39.250392  39.246820    15.4866    15.4829    31.2865    31.2863    23.0061    23.0068     9.0098     9.1385    275.227    279.158     2.7802     2.6508     0.0867     1.1423     3.3065     0.0000     0.0000 -124.65550   44.65300       1.00         18  0.000e+00
      75953   3164.667      3.069      3.094    15.4872    15.4834  39.250261  39.246952    15.4867    15.4830    31.2863    31.2863    23.0059    23.0068     9.0051     9.1385    275.083    279.161     2.7790     2.6508     0.0855     1.1118     3.3065     0.0000     0.0000 -124.65550   44.65300       0.93         18  0.000e+00
      75954   3164.708      3.022      3.047    15.4872    15.4834  39.249932  39.246952    15.4868    15.4830    31.2859    31.2863    23.0057    23.0068     9.0050     9.1437    275.082    279.318     2.7790     2.6520     0.0855     1.1118     3.3065     0.0000     0.0000 -124.65550   44.65300       0.95         18  0.000e+00
      75955   3164.750      3.022      3.047    15.4872    15.4831  39.250326  39.246952    15.4868    15.4827    31.2863    31.2865    23.0059    23.0070     9.0050     9.1437    275.082    279.319     2.7790     2.6520     0.0855     1.1118     3.3065     0.0000     0.0000 -124.65550   44.65300       0.95         18  0.000e+00
      75956   3164.792      3.036      3.060    15.4874    15.4836  39.250524  39.246952    15.4869    15.4832    31.2863    31.2862    23.0059    23.0066     9.0002     9.1437    274.935    279.318     2.7778     2.6520     0.0855     1.1118     3.3065     0.0000     0.0000 -124.65552   44.65300       0.95         18  0.000e+00
      75957   3164.833      3.022      3.047    15.4875    15.4833  39.250984  39.246623    15.4871    15.4829    31.2866    31.2861    23.0061    23.0066     8.9953     9.1437    274.786    279.319     2.7766     2.6520     0.0855     1.1118     3.3077     0.0000     0.0000 -124.65552   44.65300       1.12         18  0.000e+00
      75958   3164.875      3.022      3.047    15.4877    15.4836  39.251182  39.247084    15.4873    15.4832    31.2867    31.2863    23.0061    23.0067     8.9953     9.1437    274.785    279.317     2.7766     2.6520     0.0855     1.1118     3.3077     0.0000     0.0000 -124.65552   44.65300       1.51         18  0.000e+00
      75959   3164.917      3.069      3.094    15.4881    15.4837  39.251445  39.247018    15.4876    15.4832    31.2866    31.2862    23.0060    23.0066     8.9953     9.1489    274.785    279.477     2.7766     2.6532     0.0855     1.1118     3.3065     0.0000     0.0000 -124.65552   44.65300       1.64         18  0.000e+00
      75960   3164.958      3.069      3.094    15.4879    15.4838  39.251774  39.246623    15.4874    15.4833    31.2870    31.2857    23.0063    23.0062     8.9953     9.1489    274.785    279.478     2.7766     2.6532     0.0855     1.1118     3.3065     0.0000     0.0000 -124.65552   44.65300       1.61         18  0.000e+00
      75961   3165.000      3.069      3.094    15.4884    15.4835  39.252169  39.247084    15.4879    15.4830    31.2870    31.2864    23.0062    23.0068     8.9904     9.1489    274.636    279.478     2.7753     2.6532     0.0855     1.1118     3.3065     0.0000     0.0000 -124.65552   44.65300       1.59         18  0.000e+00
      75962   3165.042      3.122      3.147    15.4884    15.4834  39.251972  39.246689    15.4879    15.4830    31.2868    31.2860    23.0061    23.0066     8.9953     9.1438    274.785    279.322     2.7766     2.6520     0.0842     1.0812     3.3077     0.0000     0.0000 -124.65552   44.65300       1.59         18  0.000e+00
