WCOA/WCOA-6/CTD_Data/RB2102_CTD_131_01.ros
* Sea-Bird SBE 9 Data File:
* FileName = C:\Users\scs.user.rb\CTD\RB2102\Data\RB2102_CTD_131_01.hex
* Software Version Seasave V 7.26.7.107
* Temperature SN = 6202
* Conductivity SN = 4907
* Number of Bytes Per Scan = 41
* Number of Voltage Words = 4
* Number of Scans Averaged by the Deck Unit = 1
* NMEA Latitude = 32 25.08 N
* NMEA Longitude = 119 57.54 W
* NMEA UTC (Time) = Jul 22 2021  09:38:14
* NMEA baud rate = 4800
# nquan = 30
# nvalues = 1176                                  
# units = specified
# name 0 = scan: Scan Count
# name 1 = timeS: Time, Elapsed [seconds]
# name 2 = depSM: Depth [salt water, m]
# name 3 = prDM: Pressure, Digiquartz [db]
# name 4 = t090C: Temperature [ITS-90, deg C]
# name 5 = t190C: Temperature, 2 [ITS-90, deg C]
# name 6 = c0mS/cm: Conductivity [mS/cm]
# name 7 = c1mS/cm: Conductivity, 2 [mS/cm]
# name 8 = potemp090C: Potential Temperature [ITS-90, deg C]
# name 9 = potemp190C: Potential Temperature, 2 [ITS-90, deg C]
# name 10 = sal00: Salinity, Practical [PSU]
# name 11 = sal11: Salinity, Practical, 2 [PSU]
# name 12 = sigma-é00: Density [sigma-theta, kg/m^3]
# name 13 = sigma-é11: Density, 2 [sigma-theta, kg/m^3]
# name 14 = sbeox0Mg/L: Oxygen, SBE 43 [mg/l]
# name 15 = sbeox1Mg/L: Oxygen, SBE 43, 2 [mg/l]
# name 16 = sbox0Mm/Kg: Oxygen, SBE 43 [umol/kg]
# name 17 = sbox1Mm/Kg: Oxygen, SBE 43, 2 [umol/kg]
# name 18 = sbeox0V: Oxygen raw, SBE 43 [V]
# name 19 = sbeox1V: Oxygen raw, SBE 43, 2 [V]
# name 20 = v4: Voltage 4
# name 21 = flECO-AFL: Fluorescence, WET Labs ECO-AFL/FL [mg/m^3]
# name 22 = v3: Voltage 3
# name 23 = v6: Voltage 6
# name 24 = v7: Voltage 7
# name 25 = longitude: Longitude [deg]
# name 26 = latitude: Latitude [deg]
# name 27 = altM: Altimeter [m]
# name 28 = nbf: Bottles Fired
# name 29 = flag:  0.000e+00
# interval = seconds: 0.0416667
# start_time = Jul 22 2021 09:38:14 [NMEA time, header]
# bad_flag = -9.990e-29
*END*
[from data line 291]
      62082   2586.708    397.131    400.319     6.9627     6.9664  34.742198  34.746263     6.9252     6.9289    34.2432    34.2439    26.8328    26.8329     0.7085     0.6760     21.563     20.573     0.6313     0.6300     0.0415     0.0129     3.2186     0.0000     0.0672 -119.95924   32.41788     100.00          6  0.000e+00
      62083   2586.750    397.184    400.372     6.9625     6.9664  34.742386  34.746201     6.9250     6.9289    34.2435    34.2438    26.8331    26.8328     0.7085     0.6760     21.563     20.574     0.6313     0.6300     0.0403    -0.0177     3.2210     0.0000     0.0684 -119.95924   32.41788     100.00          6  0.000e+00
      62084   2586.792    397.131    400.319     6.9630     6.9663  34.742699  34.745699     6.9255     6.9288    34.2434    34.2435    26.8330    26.8326     0.7145     0.6760     21.745     20.574     0.6325     0.6300     0.0403    -0.0177     3.2210     0.0000     0.0684 -119.95924   32.41788     100.00          6  0.000e+00
      68467   2852.750    299.560    301.892     7.7953     7.7959  35.412618  35.414969     7.7654     7.7659    34.1977    34.1997    26.6783    26.6798     1.2596     1.1851     38.340     36.072     0.7521     0.7326     0.0415     0.0129     3.2173     0.0000     0.0037 -119.95938   32.41776      99.95          7  0.000e+00
      68468   2852.792    299.513    301.845     7.7950     7.7957  35.412744  35.414337     7.7651     7.7657    34.1982    34.1992    26.6787    26.6794     1.2596     1.1851     38.340     36.072     0.7521     0.7326     0.0415     0.0129     3.2161     0.0000     0.0037 -119.95938   32.41776      99.95          7  0.000e+00
      68469   2852.833    299.560    301.892     7.7948     7.7954  35.412618  35.414337     7.7649     7.7654    34.1982    34.1995    26.6787    26.6797     1.2596     1.1851     38.341     36.072     0.7521     0.7326     0.0415     0.0129     3.2161     0.0000     0.0037 -119.95938   32.41776      99.95          7  0.000e+00
      68470   2852.875    299.513    301.845     7.7945     7.7950  35.412618  35.414653     7.7645     7.7651    34.1986    34.2002    26.6790    26.6803     1.2596     1.1851     38.341     36.072     0.7521     0.7326     0.0415     0.0129     3.2173     0.0000     0.0037 -119.95938   32.41776      99.95          7  0.000e+00
      68471   2852.917    299.513    301.845     7.7942     7.7947  35.412239  35.414274     7.7643     7.7648    34.1984    34.2001    26.6790    26.6802     1.2596     1.1851     38.341     36.073     0.7521     0.7326     0.0415     0.0129     3.2161     0.0000     0.0037 -119.95938   32.41776      99.95          7  0.000e+00
      68472   2852.958    299.513    301.845     7.7941     7.7944  35.411986  35.413895     7.7641     7.7644    34.1983    34.2000    26.6789    26.6802     1.2596     1.1851     38.341     36.073     0.7521     0.7326     0.0415     0.0129     3.2161     0.0000     0.0024 -119.95938   32.41776      99.95          7  0.000e+00
      68473   2853.000    299.513    301.845     7.7940     7.7946  35.412113  35.413832     7.7641     7.7646    34.1985    34.1998    26.6791    26.6800     1.2654     1.1851     38.518     36.073     0.7534     0.7326     0.0415     0.0129     3.2161     0.0000     0.0037 -119.95938   32.41776      99.95          7  0.000e+00
      68474   2853.042    299.513    301.845     7.7939     7.7947  35.411986  35.414022     7.7639     7.7648    34.1985    34.1998    26.6791    26.6800     1.2654     1.1851     38.518     36.073     0.7534     0.7326     0.0415     0.0129     3.2161     0.0000     0.0037 -119.95938   32.41776      99.95          7  0.000e+00
      68475   2853.083    299.513    301.846     7.7935     7.7948  35.411986  35.413895     7.7636     7.7649    34.1988    34.1996    26.6794    26.6798     1.2596     1.1851     38.341     36.073     0.7521     0.7326     0.0415     0.0129     3.2161     0.0000     0.0024 -119.95938   32.41776      99.98          7  0.000e+00
      68476   2853.125    299.513    301.846     7.7934     7.7950  35.411860  35.413580     7.7635     7.7651    34.1988    34.1990    26.6794    26.6793     1.2596     1.1851     38.342     36.073     0.7521     0.7326     0.0415     0.0129     3.2161     0.0000     0.0024 -119.95938   32.41776      99.95          7  0.000e+00
      68477   2853.167    299.513    301.846     7.7934     7.7950  35.411923  35.413706     7.7635     7.7651    34.1989    34.1992    26.6795    26.6795     1.2596     1.1851     38.342     36.073     0.7521     0.7326     0.0415     0.0129     3.2161     0.0000     0.0024 -119.95938   32.41776      99.95          7  0.000e+00
      68478   2853.208    299.460    301.792     7.7932     7.7949  35.412112  35.413580     7.7633     7.7650    34.1992    34.1992    26.6798    26.6795     1.2596     1.1851     38.341     36.072     0.7521     0.7326     0.0415     0.0129     3.2173     0.0000     0.0024 -119.95938   32.41776      99.95          7  0.000e+00
      68479   2853.250    299.513    301.846     7.7934     7.7948  35.411797  35.413517     7.7635     7.7649    34.1987    34.1992    26.6794    26.6795     1.2596     1.1851     38.342     36.073     0.7521     0.7326     0.0415     0.0129     3.2173     0.0000     0.0037 -119.95938   32.41776      99.95          7  0.000e+00
      68480   2853.292    299.467    301.799     7.7935     7.7946  35.411670  35.413264     7.7636     7.7646    34.1985    34.1992    26.6791    26.6795     1.2596     1.1851     38.341     36.073     0.7521     0.7326     0.0415     0.0129     3.2173     0.0000     0.0037 -119.95938   32.41776      99.95          7  0.000e+00
      68481   2853.333    299.513    301.846     7.7935     7.7948  35.411544  35.413390     7.7636     7.7649    34.1983    34.1990    26.6790    26.6794     1.2596     1.1851     38.342     36.073     0.7521     0.7326     0.0415     0.0129     3.2173     0.0000     0.0037 -119.95938   32.41776      99.95          7  0.000e+00
      68482   2853.375    299.467    301.799     7.7935     7.7950  35.411860  35.413516     7.7636     7.7651    34.1987    34.1990    26.6793    26.6793     1.2596     1.1851     38.341     36.072     0.7521     0.7326     0.0415     0.0129     3.2173     0.0000     0.0024 -119.95938   32.41776      99.95          7  0.000e+00
      68483   2853.417    299.467    301.799     7.7937     7.7948  35.412112  35.413264     7.7638     7.7649    34.1988    34.1989    26.6794    26.6793     1.2596     1.1851     38.341     36.073     0.7521     0.7326     0.0415     0.0129     3.2161     0.0000     0.0024 -119.95938   32.41776      99.95          7  0.000e+00
      68484   2853.458    299.460    301.792     7.7940     7.7948  35.412239  35.413390     7.7641     7.7649    34.1986    34.1990    26.6792    26.6794     1.2596     1.1851     38.341     36.073     0.7521     0.7326     0.0415     0.0129     3.2161     0.0000     0.0024 -119.95938   32.41776      99.95          7  0.000e+00
      68485   2853.500    299.467    301.799     7.7941     7.7946  35.412302  35.413264     7.7641     7.7646    34.1987    34.1992    26.6792    26.6795     1.2596     1.1851     38.341     36.073     0.7521     0.7326     0.0415     0.0129     3.2161     0.0000     0.0024 -119.95938   32.41776      99.95          7  0.000e+00
      68486   2853.542    299.467    301.799     7.7942     7.7946  35.412428  35.413201     7.7643     7.7646    34.1986    34.1991    26.6792    26.6795     1.2596     1.1851     38.341     36.073     0.7521     0.7326     0.0403    -0.0177     3.2161     0.0000     0.0037 -119.95938   32.41776      99.95          7  0.000e+00
      68487   2853.583    299.414    301.745     7.7943     7.7947  35.412302  35.413643     7.7644     7.7648    34.1984    34.1995    26.6789    26.6797     1.2596     1.1851     38.340     36.072     0.7521     0.7326     0.0403    -0.0177     3.2161     0.0000     0.0037 -119.95938   32.41776      99.98          7  0.000e+00
      68488   2853.625    299.467    301.799     7.7943     7.7944  35.412428  35.413832     7.7644     7.7644    34.1985    34.2000    26.6790    26.6802     1.2596     1.1851     38.341     36.073     0.7521     0.7326     0.0403    -0.0177     3.2173     0.0000     0.0037 -119.95938   32.41776      99.95          7  0.000e+00
      68489   2853.667    299.467    301.799     7.7942     7.7946  35.412112  35.413832     7.7643     7.7646    34.1983    34.1998    26.6789    26.6800     1.2596     1.1851     38.341     36.073     0.7521     0.7326     0.0403    -0.0177     3.2149     0.0000     0.0037 -119.95938   32.41776      99.95          7  0.000e+00
      68490   2853.708    299.414    301.745     7.7943     7.7947  35.412428  35.413832     7.7644     7.7648    34.1985    34.1997    26.6791    26.6799     1.2596     1.1851     38.340     36.072     0.7521     0.7326     0.0403    -0.0177     3.2161     0.0000     0.0037 -119.95938   32.41776      99.95          7  0.000e+00
      68491   2853.750    299.414    301.745     7.7947     7.7948  35.412239  35.414274     7.7648     7.7649    34.1980    34.2000    26.6785    26.6801     1.2654     1.1851     38.517     36.072     0.7534     0.7326     0.0403    -0.0177     3.2173     0.0000     0.0037 -119.95938   32.41776      99.95          7  0.000e+00
      68492   2853.792    299.414    301.745     7.7950     7.7957  35.412744  35.414653     7.7651     7.7657    34.1982    34.1996    26.6787    26.6797     1.2596     1.1851     38.340     36.071     0.7521     0.7326     0.0403    -0.0177     3.2173     0.0000     0.0037 -119.95938   32.41776      99.95          7  0.000e+00
      68493   2853.833    299.414    301.745     7.7953     7.7955  35.413060  35.414021     7.7654     7.7656    34.1982    34.1991    26.6787    26.6793     1.2596     1.1851     38.339     36.072     0.7521     0.7326     0.0403    -0.0177     3.2161     0.0000     0.0037 -119.95938   32.41776      99.95          7  0.000e+00
      68494   2853.875    299.414    301.745     7.7956     7.7959  35.413439  35.414021     7.7657     7.7659    34.1984    34.1988    26.6787    26.6790     1.2654     1.1851     38.516     36.071     0.7534     0.7326     0.0403    -0.0177     3.2161     0.0000     0.0037 -119.95938   32.41776      99.95          7  0.000e+00
      68495   2853.917    299.414    301.745     7.7959     7.7962  35.413060  35.414589     7.7660     7.7663    34.1976    34.1990    26.6781    26.6792     1.2596     1.1851     38.339     36.071     0.7521     0.7326     0.0403    -0.0177     3.2161     0.0000     0.0024 -119.95938   32.41776      99.95          7  0.000e+00
      68496   2853.958    299.414    301.745     7.7959     7.7965  35.413312  35.414968     7.7660     7.7666    34.1979    34.1992    26.6783    26.6792     1.2654     1.1850     38.515     36.071     0.7534     0.7326     0.0403    -0.0177     3.2161     0.0000     0.0024 -119.95938   32.41776      99.95          7  0.000e+00
      68497   2854.000    299.367    301.698     7.7961     7.7965  35.413754  35.415094     7.7662     7.7666    34.1982    34.1993    26.6786    26.6794     1.2653     1.1850     38.515     36.071     0.7534     0.7326     0.0403    -0.0177     3.2161     0.0000     0.0024 -119.95938   32.41776      99.95          7  0.000e+00
      68498   2854.042    299.367    301.698     7.7961     7.7965  35.413754  35.414842     7.7662     7.7666    34.1982    34.1991    26.6786    26.6792     1.2595     1.1850     38.338     36.071     0.7521     0.7326     0.0403    -0.0177     3.2161     0.0000     0.0024 -119.95938   32.41776      99.95          7  0.000e+00
      68499   2854.083    299.367    301.698     7.7959     7.7967  35.413565  35.414968     7.7660     7.7668    34.1982    34.1990    26.6786    26.6791     1.2653     1.1850     38.515     36.070     0.7534     0.7326     0.0403    -0.0177     3.2161     0.0000     0.0037 -119.95938   32.41776      99.95          7  0.000e+00
      68500   2854.125    299.414    301.745     7.7961     7.7964  35.413565  35.415094     7.7662     7.7665    34.1980    34.1994    26.6784    26.6794     1.2653     1.1850     38.515     36.071     0.7534     0.7326     0.0403    -0.0177     3.2161     0.0000     0.0037 -119.95938   32.41776      99.95          7  0.000e+00
      68501   2854.167    299.367    301.698     7.7963     7.7968  35.413691  35.414842     7.7664     7.7669    34.1980    34.1987    26.6784    26.6788     1.2595     1.1850     38.338     36.070     0.7521     0.7326     0.0403    -0.0177     3.2161     0.0000     0.0037 -119.95938   32.41776      99.95          7  0.000e+00
      68502   2854.208    299.367    301.698     7.7966     7.7965  35.414070  35.414968     7.7667     7.7666    34.1981    34.1992    26.6784    26.6793     1.2653     1.1850     38.515     36.071     0.7534     0.7326     0.0403    -0.0177     3.2161     0.0000     0.0037 -119.95938   32.41776      99.95          7  0.000e+00
      68503   2854.250    299.314    301.645     7.7966     7.7965  35.414070  35.415094     7.7667     7.7666    34.1981    34.1994    26.6784    26.6794     1.2653     1.1850     38.514     36.070     0.7534     0.7326     0.0403    -0.0177     3.2173     0.0000     0.0037 -119.95938   32.41776      99.95          7  0.000e+00
      68504   2854.292    299.367    301.699     7.7966     7.7967  35.413881  35.415094     7.7667     7.7668    34.1979    34.1991    26.6782    26.6792     1.2653     1.1850     38.515     36.070     0.7534     0.7326     0.0403    -0.0177     3.2161     0.0000     0.0037 -119.95938   32.41776      99.95          7  0.000e+00
      68505   2854.333    299.367    301.699     7.7967     7.7965  35.413881  35.415094     7.7668     7.7666    34.1978    34.1993    26.6781    26.6794     1.2595     1.1850     38.338     36.071     0.7521     0.7326     0.0403    -0.0177     3.2161     0.0000     0.0037 -119.95938   32.41776      99.95          7  0.000e+00
      68506   2854.375    299.367    301.699     7.7969     7.7968  35.414260  35.415284     7.7670     7.7669    34.1980    34.1992    26.6782    26.6792     1.2595     1.1850     38.338     36.070     0.7521     0.7326     0.0403    -0.0177     3.2161     0.0000     0.0037 -119.95938   32.41776      99.95          7  0.000e+00
      68507   2854.417    299.268    301.598     7.7973     7.7967  35.414702  35.414904     7.7674     7.7668    34.1982    34.1990    26.6783    26.6791     1.2595     1.1850     38.337     36.070     0.7521     0.7326     0.0403    -0.0177     3.2161     0.0000     0.0037 -119.95938   32.41776      99.95          7  0.000e+00
      68508   2854.458    299.368    301.699     7.7973     7.7965  35.414449  35.415221     7.7673     7.7666    34.1979    34.1994    26.6781    26.6794     1.2653     1.1850     38.514     36.070     0.7534     0.7326     0.0403    -0.0177     3.2161     0.0000     0.0037 -119.95938   32.41776      99.95          7  0.000e+00
      68509   2854.500    299.314    301.645     7.7973     7.7965  35.414196  35.415410     7.7674     7.7666    34.1976    34.1997    26.6779    26.6796     1.2653     1.1850     38.514     36.070     0.7534     0.7326     0.0403    -0.0177     3.2161     0.0000     0.0037 -119.95938   32.41776      99.95          7  0.000e+00
      68510   2854.542    299.314    301.645     7.7967     7.7965  35.413944  35.415157     7.7668     7.7666    34.1979    34.1994    26.6782    26.6794     1.2653     1.1850     38.514     36.070     0.7534     0.7326     0.0403    -0.0177     3.2173     0.0000     0.0037 -119.95938   32.41776      99.95          7  0.000e+00
