WCOA/WCOA-6/CTD_Data/RB2102_CTD_107_01.ros
* Sea-Bird SBE 9 Data File:
* FileName = C:\Users\scs.user.rb\CTD\RB2102\Data\RB2102_CTD_107_01.hex
* Software Version Seasave V 7.26.7.107
* Temperature SN = 6202
* Conductivity SN = 4907
* Number of Bytes Per Scan = 41
* Number of Voltage Words = 4
* Number of Scans Averaged by the Deck Unit = 1
* NMEA Latitude = 34 58.57 N
* NMEA Longitude = 122 39.86 W
* NMEA UTC (Time) = Jul 16 2021  04:28:16
* NMEA baud rate = 4800
# nquan = 30
# nvalues = 1176                                  
# units = specified
# name 0 = scan: Scan Count
# name 1 = timeS: Time, Elapsed [seconds]
# name 2 = depSM: Depth [salt water, m]
# name 3 = prDM: Pressure, Digiquartz [db]
# name 4 = t090C: Temperature [ITS-90, deg C]
# name 5 = t190C: Temperature, 2 [ITS-90, deg C]
# name 6 = c0mS/cm: Conductivity [mS/cm]
# name 7 = c1mS/cm: Conductivity, 2 [mS/cm]
# name 8 = potemp090C: Potential Temperature [ITS-90, deg C]
# name 9 = potemp190C: Potential Temperature, 2 [ITS-90, deg C]
# name 10 = sal00: Salinity, Practical [PSU]
# name 11 = sal11: Salinity, Practical, 2 [PSU]
# name 12 = sigma-é00: Density [sigma-theta, kg/m^3]
# name 13 = sigma-é11: Density, 2 [sigma-theta, kg/m^3]
# name 14 = sbeox0Mg/L: Oxygen, SBE 43 [mg/l]
# name 15 = sbeox1Mg/L: Oxygen, SBE 43, 2 [mg/l]
# name 16 = sbox0Mm/Kg: Oxygen, SBE 43 [umol/kg]
# name 17 = sbox1Mm/Kg: Oxygen, SBE 43, 2 [umol/kg]
# name 18 = sbeox0V: Oxygen raw, SBE 43 [V]
# name 19 = sbeox1V: Oxygen raw, SBE 43, 2 [V]
# name 20 = v4: Voltage 4
# name 21 = flECO-AFL: Fluorescence, WET Labs ECO-AFL/FL [mg/m^3]
# name 22 = v3: Voltage 3
# name 23 = v6: Voltage 6
# name 24 = v7: Voltage 7
# name 25 = longitude: Longitude [deg]
# name 26 = latitude: Latitude [deg]
# name 27 = altM: Altimeter [m]
# name 28 = nbf: Bottles Fired
# name 29 = flag:  0.000e+00
# interval = seconds: 0.0416667
# start_time = Jul 16 2021 04:28:16 [NMEA time, header]
# bad_flag = -9.990e-29
*END*
[from data line 1016]
     296162  12340.042      5.524      5.564    15.0519    15.0546  41.493467  41.497091    15.0511    15.0538    33.6574    33.6583    24.9258    24.9260     8.2551     8.4299    251.702    257.031     2.5995     2.4945     0.0745     0.8370     3.1929     0.0659     0.0269 -122.66804   34.97434      99.66         21  0.000e+00
     296163  12340.083      5.570      5.610    15.0520    15.0544  41.493400  41.497293    15.0511    15.0536    33.6572    33.6586    24.9257    24.9263     8.2599     8.4351    251.849    257.191     2.6007     2.4957     0.0745     0.8370     3.1917     0.0659     0.0269 -122.66804   34.97434      99.66         21  0.000e+00
     296164  12340.125      5.523      5.564    15.0522    15.0548  41.493534  41.497158    15.0513    15.0539    33.6572    33.6582    24.9256    24.9259     8.2551     8.4350    251.701    257.188     2.5995     2.4957     0.0745     0.8370     3.1929     0.0659     0.0281 -122.66804   34.97434      99.66         21  0.000e+00
     296165  12340.167      5.570      5.610    15.0519    15.0549  41.493400  41.497091    15.0511    15.0541    33.6573    33.6580    24.9258    24.9257     8.2552     8.4351    251.704    257.189     2.5995     2.4957     0.0745     0.8370     3.1917     0.0659     0.0269 -122.66804   34.97434      99.66         21  0.000e+00
     296166  12340.208      5.570      5.610    15.0523    15.0551  41.493332  41.497091    15.0515    15.0543    33.6569    33.6579    24.9253    24.9255     8.2599     8.4350    251.848    257.188     2.6007     2.4957     0.0745     0.8370     3.1917     0.0647     0.0269 -122.66804   34.97434      99.63         21  0.000e+00
     296167  12340.250      5.570      5.610    15.0522    15.0548  41.493534  41.497292    15.0514    15.0540    33.6571    33.6583    24.9255    24.9259     8.2599     8.4351    251.848    257.189     2.6007     2.4957     0.0745     0.8370     3.1917     0.0647     0.0269 -122.66804   34.97434      99.66         21  0.000e+00
     296168  12340.292      5.623      5.664    15.0522    15.0548  41.493400  41.497427    15.0513    15.0539    33.6570    33.6584    24.9255    24.9260     8.2600     8.4351    251.850    257.191     2.6007     2.4957     0.0745     0.8370     3.1917     0.0659     0.0269 -122.66804   34.97434      99.66         21  0.000e+00
     296169  12340.333      5.623      5.664    15.0523    15.0549  41.493333  41.497427    15.0515    15.0541    33.6568    33.6583    24.9253    24.9259     8.2600     8.4351    251.850    257.190     2.6007     2.4957     0.0745     0.8370     3.1929     0.0647     0.0269 -122.66804   34.97434      99.68         21  0.000e+00
     296170  12340.375      5.623      5.664    15.0524    15.0549  41.493333  41.497158    15.0516    15.0541    33.6568    33.6581    24.9252    24.9257     8.2599     8.4351    251.849    257.191     2.6007     2.4957     0.0745     0.8370     3.1929     0.0647     0.0269 -122.66804   34.97434      99.66         21  0.000e+00
     296171  12340.417      5.669      5.710    15.0523    15.0551  41.493535  41.497091    15.0515    15.0543    33.6570    33.6578    24.9254    24.9255     8.2648     8.4352    251.996    257.192     2.6020     2.4957     0.0745     0.8370     3.1929     0.0647     0.0269 -122.66804   34.97434      99.66         21  0.000e+00
     296172  12340.458      5.623      5.664    15.0522    15.0549  41.493669  41.497293    15.0514    15.0541    33.6572    33.6582    24.9256    24.9258     8.2599     8.4351    251.849    257.190     2.6007     2.4957     0.0745     0.8370     3.1929     0.0647     0.0269 -122.66804   34.97434      99.66         21  0.000e+00
     296173  12340.500      5.669      5.710    15.0525    15.0548  41.494208  41.496889    15.0516    15.0539    33.6575    33.6579    24.9258    24.9256     8.2647     8.4352    251.995    257.193     2.6020     2.4957     0.0745     0.8370     3.1917     0.0647     0.0269 -122.66804   34.97434      99.66         21  0.000e+00
     296174  12340.542      5.722      5.764    15.0527    15.0549  41.494073  41.497226    15.0518    15.0541    33.6572    33.6581    24.9255    24.9257     8.2648     8.4352    251.996    257.194     2.6020     2.4957     0.0745     0.8370     3.1929     0.0647     0.0269 -122.66804   34.97434      99.66         21  0.000e+00
     297959  12414.917      3.378      3.402    15.0549    15.0560  41.494602  41.496947    15.0544    15.0555    33.6567    33.6579    24.9246    24.9252     8.2524     8.4326    251.621    257.113     2.5995     2.4957     0.0733     0.8065     3.1905     0.0537     0.0220 -122.66810   34.97428      99.66         22  0.000e+00
     297960  12414.958      3.471      3.496    15.0549    15.0558  41.494737  41.496477    15.0543    15.0553    33.6568    33.6575    24.9246    24.9250     8.2525     8.4327    251.623    257.117     2.5995     2.4957     0.0733     0.8065     3.1917     0.0525     0.0232 -122.66810   34.97428      99.66         22  0.000e+00
     297961  12415.000      3.378      3.402    15.0548    15.0556  41.494467  41.496611    15.0543    15.0551    33.6566    33.6579    24.9246    24.9253     8.2524     8.4326    251.621    257.115     2.5995     2.4957     0.0733     0.8065     3.1905     0.0537     0.0220 -122.66810   34.97428      99.66         22  0.000e+00
     297962  12415.042      3.424      3.449    15.0550    15.0561  41.494602  41.496409    15.0545    15.0556    33.6565    33.6572    24.9244    24.9247     8.2477     8.4326    251.476    257.115     2.5983     2.4957     0.0733     0.8065     3.1905     0.0525     0.0220 -122.66810   34.97428      99.66         22  0.000e+00
     297963  12415.083      3.424      3.449    15.0548    15.0558  41.495006  41.496611    15.0543    15.0553    33.6571    33.6577    24.9249    24.9252     8.2525     8.4327    251.622    257.116     2.5995     2.4957     0.0733     0.8065     3.1905     0.0537     0.0220 -122.66810   34.97428      98.85         22  0.000e+00
     297964  12415.125      3.424      3.449    15.0547    15.0556  41.494804  41.496746    15.0542    15.0551    33.6570    33.6580    24.9249    24.9254     8.2477     8.4327    251.477    257.116     2.5983     2.4957     0.0733     0.8065     3.1893     0.0525     0.0220 -122.66810   34.97428      89.67         22  0.000e+00
     297965  12415.167      3.325      3.349    15.0549    15.0556  41.494467  41.496409    15.0544    15.0551    33.6566    33.6577    24.9245    24.9252     8.2524     8.4326    251.619    257.113     2.5995     2.4957     0.0733     0.8065     3.1893     0.0525     0.0220 -122.66810   34.97428      85.18         22  0.000e+00
     297966  12415.208      3.424      3.449    15.0546    15.0558  41.494939  41.496611    15.0541    15.0553    33.6572    33.6577    24.9250    24.9252     8.2477     8.4327    251.477    257.116     2.5983     2.4957     0.0733     0.8065     3.1893     0.0525     0.0220 -122.66810   34.97428      84.91         22  0.000e+00
     297967  12415.250      3.325      3.349    15.0549    15.0556  41.495073  41.496409    15.0544    15.0551    33.6571    33.6577    24.9249    24.9252     8.2476     8.4377    251.473    257.271     2.5983     2.4969     0.0733     0.8065     3.1893     0.0525     0.0220 -122.66810   34.97428      85.40         22  0.000e+00
     297968  12415.292      3.378      3.402    15.0548    15.0557  41.495073  41.496342    15.0543    15.0552    33.6572    33.6575    24.9250    24.9251     8.2477     8.4378    251.475    257.272     2.5983     2.4969     0.0733     0.8065     3.1893     0.0525     0.0220 -122.66810   34.97428      85.57         22  0.000e+00
     297969  12415.333      3.325      3.349    15.0549    15.0554  41.494804  41.496073    15.0544    15.0549    33.6569    33.6575    24.9247    24.9251     8.2476     8.4378    251.473    257.272     2.5983     2.4969     0.0733     0.8065     3.1905     0.0525     0.0220 -122.66810   34.97428      89.13         22  0.000e+00
     297970  12415.375      3.325      3.349    15.0549    15.0554  41.494467  41.496543    15.0544    15.0549    33.6566    33.6580    24.9245    24.9254     8.2428     8.4378    251.328    257.271     2.5971     2.4969     0.0733     0.8065     3.1893     0.0525     0.0220 -122.66810   34.97428      97.78         22  0.000e+00
     297971  12415.417      3.325      3.349    15.0548    15.0554  41.494602  41.496140    15.0543    15.0549    33.6568    33.6576    24.9247    24.9252     8.2428     8.4378    251.328    257.272     2.5971     2.4969     0.0733     0.8065     3.1905     0.0525     0.0220 -122.66810   34.97428     100.00         22  0.000e+00
     297972  12415.458      3.278      3.302    15.0547    15.0554  41.494467  41.496207    15.0542    15.0550    33.6567    33.6577    24.9247    24.9252     8.2428     8.4377    251.327    257.270     2.5971     2.4969     0.0733     0.8065     3.1905     0.0525     0.0220 -122.66810   34.97428     100.00         22  0.000e+00
     297973  12415.500      3.278      3.302    15.0548    15.0554  41.494400  41.496341    15.0543    15.0550    33.6566    33.6578    24.9245    24.9253     8.2428     8.4377    251.327    257.270     2.5971     2.4969     0.0733     0.8065     3.1917     0.0525     0.0220 -122.66810   34.97428      99.61         22  0.000e+00
     297974  12415.542      3.324      3.349    15.0549    15.0553  41.494602  41.496342    15.0544    15.0548    33.6567    33.6579    24.9246    24.9254     8.2428     8.4378    251.328    257.272     2.5971     2.4969     0.0733     0.8065     3.1917     0.0525     0.0220 -122.66810   34.97428      99.68         22  0.000e+00
     297975  12415.583      3.225      3.249    15.0549    15.0553  41.494198  41.496341    15.0544    15.0548    33.6564    33.6580    24.9243    24.9255     8.2427     8.4429    251.325    257.427     2.5971     2.4982     0.0733     0.8065     3.1917     0.0525     0.0220 -122.66810   34.97428      99.68         22  0.000e+00
     297976  12415.625      3.278      3.302    15.0546    15.0554  41.494265  41.496072    15.0541    15.0550    33.6566    33.6576    24.9246    24.9251     8.2428     8.4429    251.328    257.428     2.5971     2.4982     0.0733     0.8065     3.1905     0.0525     0.0220 -122.66810   34.97428      99.66         22  0.000e+00
     297977  12415.667      3.225      3.249    15.0545    15.0553  41.494400  41.495736    15.0540    15.0548    33.6569    33.6574    24.9248    24.9250     8.2428     8.4429    251.326    257.428     2.5971     2.4982     0.0733     0.8065     3.1905     0.0525     0.0220 -122.66810   34.97428      99.66         22  0.000e+00
     297978  12415.708      3.225      3.248    15.0546    15.0554  41.494400  41.495870    15.0541    15.0550    33.6568    33.6574    24.9247    24.9250     8.2428     8.4429    251.326    257.427     2.5971     2.4982     0.0733     0.8065     3.1905     0.0525     0.0220 -122.66810   34.97428      99.66         22  0.000e+00
     297979  12415.750      3.179      3.202    15.0545    15.0554  41.493794  41.496207    15.0541    15.0550    33.6563    33.6577    24.9244    24.9252     8.2428     8.4428    251.326    257.425     2.5971     2.4982     0.0733     0.8065     3.1917     0.0525     0.0220 -122.66810   34.97428      99.66         22  0.000e+00
     297980  12415.792      3.179      3.202    15.0544    15.0550  41.493928  41.496341    15.0539    15.0545    33.6566    33.6582    24.9246    24.9257     8.2428     8.4428    251.326    257.426     2.5971     2.4982     0.0733     0.8065     3.1905     0.0525     0.0220 -122.66810   34.97428      99.66         22  0.000e+00
     297981  12415.833      3.179      3.202    15.0544    15.0554  41.493996  41.496341    15.0540    15.0550    33.6566    33.6578    24.9246    24.9253     8.2475     8.4376    251.471    257.267     2.5983     2.4969     0.0733     0.8065     3.1917     0.0525     0.0220 -122.66810   34.97428      99.66         22  0.000e+00
     297982  12415.875      3.179      3.202    15.0542    15.0551  41.493996  41.496341    15.0537    15.0546    33.6568    33.6581    24.9248    24.9256     8.2476     8.4377    251.472    257.268     2.5983     2.4969     0.0720     0.7760     3.1917     0.0525     0.0220 -122.66810   34.97428      99.66         22  0.000e+00
     297983  12415.917      3.132      3.155    15.0543    15.0551  41.493995  41.496072    15.0538    15.0546    33.6567    33.6579    24.9247    24.9255     8.2475     8.4376    251.470    257.267     2.5983     2.4969     0.0720     0.7760     3.1917     0.0525     0.0220 -122.66810   34.97428      99.66         22  0.000e+00
     297984  12415.958      3.178      3.202    15.0544    15.0551  41.493996  41.496207    15.0539    15.0546    33.6566    33.6580    24.9247    24.9255     8.2475     8.4377    251.471    257.268     2.5983     2.4969     0.0720     0.7760     3.1905     0.0525     0.0220 -122.66810   34.97428      99.66         22  0.000e+00
     297985  12416.000      3.132      3.155    15.0544    15.0551  41.493726  41.496072    15.0539    15.0546    33.6564    33.6579    24.9245    24.9255     8.2523     8.4376    251.616    257.267     2.5995     2.4969     0.0720     0.7760     3.1905     0.0525     0.0220 -122.66810   34.97428      99.66         22  0.000e+00
     297986  12416.042      3.112      3.135    15.0541    15.0549  41.493861  41.496005    15.0536    15.0545    33.6568    33.6580    24.9248    24.9256     8.2523     8.4376    251.616    257.267     2.5995     2.4969     0.0720     0.7760     3.1905     0.0525     0.0220 -122.66810   34.97428      99.66         22  0.000e+00
     297987  12416.083      3.132      3.155    15.0544    15.0551  41.493995  41.496206    15.0539    15.0546    33.6567    33.6580    24.9247    24.9256     8.2523     8.4376    251.615    257.267     2.5995     2.4969     0.0720     0.7760     3.1905     0.0525     0.0220 -122.66810   34.97428      99.66         22  0.000e+00
     297988  12416.125      3.079      3.101    15.0541    15.0551  41.493726  41.496072    15.0536    15.0546    33.6567    33.6579    24.9247    24.9255     8.2522     8.4376    251.615    257.265     2.5995     2.4969     0.0720     0.7760     3.1905     0.0525     0.0220 -122.66810   34.97428      99.63         22  0.000e+00
     297989  12416.167      3.132      3.155    15.0544    15.0551  41.493928  41.496812    15.0539    15.0546    33.6566    33.6586    24.9246    24.9260     8.2570     8.4324    251.761    257.108     2.6007     2.4957     0.0720     0.7760     3.1905     0.0525     0.0220 -122.66810   34.97428      99.66         22  0.000e+00
     297990  12416.208      3.033      3.055    15.0542    15.0549  41.494264  41.496004    15.0537    15.0545    33.6571    33.6580    24.9250    24.9256     8.2569     8.4324    251.758    257.107     2.6007     2.4957     0.0720     0.7760     3.1917     0.0525     0.0220 -122.66810   34.97428      99.66         22  0.000e+00
     297991  12416.250      3.132      3.155    15.0539    15.0550  41.494399  41.495870    15.0535    15.0545    33.6574    33.6578    24.9253    24.9254     8.2523     8.4325    251.616    257.110     2.5995     2.4957     0.0720     0.7760     3.1917     0.0525     0.0220 -122.66810   34.97428      99.66         22  0.000e+00
     297992  12416.292      3.079      3.101    15.0542    15.0551  41.494399  41.496206    15.0537    15.0546    33.6572    33.6580    24.9251    24.9256     8.2570     8.4376    251.759    257.265     2.6007     2.4969     0.0720     0.7760     3.1905     0.0525     0.0220 -122.66810   34.97428      99.66         22  0.000e+00
