WCOA/WCOA-6/CTD_Data/RB2102_CTD_120_01.ros
* Sea-Bird SBE 9 Data File:
* FileName = C:\Users\scs.user.rb\CTD\RB2102\Data\RB2102_CTD_120_01.hex
* Software Version Seasave V 7.26.7.107
* Temperature SN = 6202
* Conductivity SN = 4907
* Number of Bytes Per Scan = 41
* Number of Voltage Words = 4
* Number of Scans Averaged by the Deck Unit = 1
* NMEA Latitude = 34 16.56 N
* NMEA Longitude = 120 01.24 W
* NMEA UTC (Time) = Jul 19 2021  05:02:09
* NMEA baud rate = 4800
# nquan = 30
# nvalues = 1176                                  
# units = specified
# name 0 = scan: Scan Count
# name 1 = timeS: Time, Elapsed [seconds]
# name 2 = depSM: Depth [salt water, m]
# name 3 = prDM: Pressure, Digiquartz [db]
# name 4 = t090C: Temperature [ITS-90, deg C]
# name 5 = t190C: Temperature, 2 [ITS-90, deg C]
# name 6 = c0mS/cm: Conductivity [mS/cm]
# name 7 = c1mS/cm: Conductivity, 2 [mS/cm]
# name 8 = potemp090C: Potential Temperature [ITS-90, deg C]
# name 9 = potemp190C: Potential Temperature, 2 [ITS-90, deg C]
# name 10 = sal00: Salinity, Practical [PSU]
# name 11 = sal11: Salinity, Practical, 2 [PSU]
# name 12 = sigma-é00: Density [sigma-theta, kg/m^3]
# name 13 = sigma-é11: Density, 2 [sigma-theta, kg/m^3]
# name 14 = sbeox0Mg/L: Oxygen, SBE 43 [mg/l]
# name 15 = sbeox1Mg/L: Oxygen, SBE 43, 2 [mg/l]
# name 16 = sbox0Mm/Kg: Oxygen, SBE 43 [umol/kg]
# name 17 = sbox1Mm/Kg: Oxygen, SBE 43, 2 [umol/kg]
# name 18 = sbeox0V: Oxygen raw, SBE 43 [V]
# name 19 = sbeox1V: Oxygen raw, SBE 43, 2 [V]
# name 20 = v4: Voltage 4
# name 21 = flECO-AFL: Fluorescence, WET Labs ECO-AFL/FL [mg/m^3]
# name 22 = v3: Voltage 3
# name 23 = v6: Voltage 6
# name 24 = v7: Voltage 7
# name 25 = longitude: Longitude [deg]
# name 26 = latitude: Latitude [deg]
# name 27 = altM: Altimeter [m]
# name 28 = nbf: Bottles Fired
# name 29 = flag:  0.000e+00
# interval = seconds: 0.0416667
# start_time = Jul 19 2021 05:02:09 [NMEA time, header]
# bad_flag = -9.990e-29
*END*
[from data line 339]
      56117   2338.167    422.110    425.591     7.1147     7.1226  34.879638  34.883610     7.0743     7.0822    34.2308    34.2273    26.8026    26.7987     0.4029     0.3881     12.263     11.811     0.5690     0.5763     0.0403    -0.0177     3.2662     0.0012     0.0000 -120.02078   34.27564     100.00          7  0.000e+00
      56118   2338.208    422.150    425.631     7.1155     7.1226  34.879575  34.884112     7.0751     7.0822    34.2299    34.2279    26.8018    26.7992     0.4029     0.3946     12.263     12.010     0.5690     0.5775     0.0403    -0.0177     3.2650     0.0024     0.0000 -120.02078   34.27564     100.00          7  0.000e+00
      56119   2338.250    422.150    425.631     7.1157     7.1226  34.880015  34.884488     7.0753     7.0822    34.2302    34.2283    26.8020    26.7995     0.4029     0.3946     12.263     12.010     0.5690     0.5775     0.0403    -0.0177     3.2650     0.0024     0.0000 -120.02078   34.27564     100.00          7  0.000e+00
      56120   2338.292    422.110    425.591     7.1160     7.1239  34.879952  34.885053     7.0756     7.0835    34.2299    34.2276    26.8017    26.7988     0.4029     0.3881     12.263     11.810     0.5690     0.5763     0.0403    -0.0177     3.2662     0.0024     0.0000 -120.02078   34.27564     100.00          7  0.000e+00
      60323   2513.417    397.131    400.382     7.4799     7.5051  35.186083  35.204206     7.4409     7.4660    34.2160    34.2108    26.7394    26.7317     0.6347     0.6025     19.317     18.337     0.6178     0.6178     0.0403    -0.0177     3.2637     0.0012     0.0000 -120.02078   34.27564     100.00          8  0.000e+00
      60324   2513.458    397.058    400.308     7.4781     7.5055  35.185075  35.204205     7.4391     7.4664    34.2166    34.2105    26.7402    26.7314     0.6347     0.6024     19.318     18.336     0.6178     0.6178     0.0403    -0.0177     3.2637     0.0012     0.0000 -120.02078   34.27564     100.00          8  0.000e+00
      60325   2513.500    397.058    400.308     7.4746     7.5055  35.184445  35.204205     7.4356     7.4664    34.2194    34.2105    26.7429    26.7314     0.6347     0.6024     19.319     18.336     0.6178     0.6178     0.0403    -0.0177     3.2637     0.0012     0.0000 -120.02078   34.27564     100.00          8  0.000e+00
      60326   2513.542    397.158    400.409     7.4717     7.5056  35.183942  35.204395     7.4327     7.4665    34.2217    34.2105    26.7451    26.7314     0.6348     0.6089     19.320     18.533     0.6178     0.6190     0.0403    -0.0177     3.2637     0.0012     0.0000 -120.02078   34.27564     100.00          8  0.000e+00
      60327   2513.583    397.031    400.281     7.4713     7.5058  35.183815  35.204457     7.4324     7.4667    34.2220    34.2104    26.7453    26.7314     0.6348     0.6024     19.320     18.336     0.6178     0.6178     0.0403    -0.0177     3.2650     0.0012     0.0000 -120.02078   34.27564     100.00          8  0.000e+00
      60328   2513.625    397.105    400.355     7.4720     7.5056  35.183311  35.203513     7.4330     7.4665    34.2207    34.2095    26.7443    26.7307     0.6348     0.6024     19.320     18.337     0.6178     0.6178     0.0403    -0.0177     3.2637     0.0012     0.0000 -120.02078   34.27564     100.00          8  0.000e+00
      60329   2513.667    397.058    400.308     7.4731     7.5058  35.183374  35.203009     7.4341     7.4667    34.2197    34.2088    26.7433    26.7301     0.6348     0.6024     19.320     18.337     0.6178     0.6178     0.0403    -0.0177     3.2637     0.0012     0.0000 -120.02078   34.27564     100.00          8  0.000e+00
      60330   2513.708    397.058    400.308     7.4734     7.5060  35.182996  35.202442     7.4344     7.4669    34.2190    34.2081    26.7427    26.7295     0.6348     0.6024     19.320     18.337     0.6178     0.6178     0.0403    -0.0177     3.2637     0.0012     0.0000 -120.02078   34.27564     100.00          8  0.000e+00
      60331   2513.750    397.131    400.382     7.4733     7.5055  35.182870  35.202505     7.4343     7.4664    34.2190    34.2086    26.7427    26.7300     0.6348     0.6025     19.320     18.337     0.6178     0.6178     0.0403    -0.0177     3.2650     0.0012     0.0000 -120.02078   34.27564     100.00          8  0.000e+00
      60332   2513.792    397.005    400.254     7.4728     7.5042  35.182365  35.203072     7.4338     7.4651    34.2190    34.2105    26.7428    26.7317     0.6407     0.6025     19.500     18.337     0.6190     0.6178     0.0403    -0.0177     3.2637     0.0012     0.0000 -120.02078   34.27564     100.00          8  0.000e+00
      60333   2513.833    397.105    400.355     7.4723     7.5040  35.181736  35.203954     7.4333     7.4649    34.2187    34.2116    26.7427    26.7326     0.6348     0.6025     19.320     18.337     0.6178     0.6178     0.0403    -0.0177     3.2637     0.0012     0.0000 -120.02078   34.27564     100.00          8  0.000e+00
      60334   2513.875    397.058    400.308     7.4718     7.5040  35.180853  35.204205     7.4328     7.4649    34.2183    34.2119    26.7424    26.7328     0.6348     0.6025     19.321     18.337     0.6178     0.6178     0.0403    -0.0177     3.2637     0.0012     0.0000 -120.02078   34.27564     100.00          8  0.000e+00
      60335   2513.917    397.078    400.328     7.4725     7.5042  35.181105  35.204835     7.4335     7.4651    34.2179    34.2124    26.7420    26.7332     0.6348     0.6025     19.320     18.337     0.6178     0.6178     0.0403    -0.0177     3.2637     0.0012     0.0000 -120.02078   34.27564     100.00          8  0.000e+00
      60336   2513.958    397.058    400.308     7.4734     7.5038  35.181294  35.205591     7.4344     7.4648    34.2172    34.2136    26.7413    26.7341     0.6348     0.6025     19.320     18.337     0.6178     0.6178     0.0403    -0.0177     3.2650     0.0012     0.0000 -120.02078   34.27564     100.00          8  0.000e+00
      60337   2514.000    397.058    400.308     7.4731     7.5042  35.180538  35.205024     7.4341     7.4651    34.2167    34.2126    26.7409    26.7333     0.6348     0.6025     19.320     18.337     0.6178     0.6178     0.0403    -0.0177     3.2637     0.0012     0.0000 -120.02078   34.27564     100.00          8  0.000e+00
      60338   2514.042    397.105    400.355     7.4730     7.5045  35.181042  35.205276     7.4340     7.4654    34.2173    34.2125    26.7415    26.7332     0.6348     0.6025     19.320     18.337     0.6178     0.6178     0.0403    -0.0177     3.2637     0.0012     0.0000 -120.02078   34.27564     100.00          8  0.000e+00
      60339   2514.083    397.032    400.281     7.4715     7.5038  35.180349  35.205654     7.4325     7.4648    34.2181    34.2136    26.7423    26.7342     0.6348     0.6025     19.321     18.337     0.6178     0.6178     0.0403    -0.0177     3.2637     0.0012     0.0000 -120.02078   34.27564     100.00          8  0.000e+00
      60340   2514.125    397.058    400.308     7.4704     7.5027  35.180034  35.206221     7.4314     7.4636    34.2188    34.2153    26.7430    26.7357     0.6348     0.6025     19.321     18.337     0.6178     0.6178     0.0403    -0.0177     3.2637     0.0000     0.0000 -120.02078   34.27564     100.00          8  0.000e+00
      60341   2514.167    397.105    400.355     7.4691     7.5025  35.179530  35.206599     7.4301     7.4635    34.2195    34.2159    26.7437    26.7362     0.6348     0.6025     19.322     18.337     0.6178     0.6178     0.0403    -0.0177     3.2637     0.0000     0.0000 -120.02078   34.27564     100.00          8  0.000e+00
      60342   2514.208    397.032    400.281     7.4689     7.5038  35.179404  35.207607     7.4299     7.4648    34.2196    34.2158    26.7438    26.7358     0.6348     0.6024     19.322     18.336     0.6178     0.6178     0.0403    -0.0177     3.2637     0.0012     0.0000 -120.02078   34.27564     100.00          8  0.000e+00
      60343   2514.250    397.058    400.308     7.4688     7.5050  35.179593  35.209119     7.4298     7.4659    34.2199    34.2162    26.7441    26.7361     0.6348     0.6024     19.322     18.336     0.6178     0.6178     0.0403    -0.0177     3.2637     0.0012     0.0000 -120.02078   34.27564     100.00          8  0.000e+00
      60344   2514.292    397.058    400.308     7.4680     7.5061  35.179215  35.209748     7.4290     7.4671    34.2203    34.2158    26.7445    26.7355     0.6348     0.6024     19.322     18.335     0.6178     0.6178     0.0403    -0.0177     3.2637     0.0012     0.0000 -120.02078   34.27564     100.00          8  0.000e+00
      60345   2514.333    397.058    400.308     7.4680     7.5068  35.179530  35.210315     7.4290     7.4677    34.2206    34.2158    26.7448    26.7355     0.6407     0.6024     19.502     18.335     0.6190     0.6178     0.0403    -0.0177     3.2637     0.0012     0.0000 -120.02078   34.27564     100.00          8  0.000e+00
      60346   2514.375    397.132    400.382     7.4693     7.5069  35.179215  35.210441     7.4303     7.4678    34.2190    34.2158    26.7433    26.7354     0.6348     0.6024     19.322     18.335     0.6178     0.6178     0.0403    -0.0177     3.2637     0.0012     0.0000 -120.02078   34.27564     100.00          8  0.000e+00
      60347   2514.417    397.005    400.255     7.4689     7.5056  35.178837  35.210945     7.4299     7.4665    34.2190    34.2176    26.7433    26.7371     0.6348     0.6024     19.322     18.335     0.6178     0.6178     0.0403    -0.0177     3.2637     0.0012     0.0000 -120.02078   34.27564     100.00          8  0.000e+00
      60348   2514.458    397.058    400.308     7.4681     7.5048  35.178522  35.212079     7.4291     7.4658    34.2194    34.2196    26.7438    26.7387     0.6348     0.6024     19.322     18.336     0.6178     0.6178     0.0403    -0.0177     3.2637     0.0012     0.0000 -120.02078   34.27564     100.00          8  0.000e+00
      60349   2514.500    397.058    400.308     7.4676     7.5048  35.177955  35.212772     7.4287     7.4657    34.2192    34.2204    26.7437    26.7393     0.6348     0.6024     19.322     18.335     0.6178     0.6178     0.0403    -0.0177     3.2637     0.0012     0.0000 -120.02078   34.27564     100.00          8  0.000e+00
      60350   2514.542    397.032    400.281     7.4673     7.5063  35.177829  35.213465     7.4283     7.4672    34.2194    34.2197    26.7439    26.7386     0.6348     0.6024     19.322     18.335     0.6178     0.6178     0.0403    -0.0177     3.2637     0.0012     0.0000 -120.02078   34.27564     100.00          8  0.000e+00
      60351   2514.583    397.105    400.355     7.4686     7.5081  35.177829  35.213843     7.4296     7.4690    34.2181    34.2183    26.7427    26.7372     0.6348     0.6024     19.322     18.334     0.6178     0.6178     0.0403    -0.0177     3.2637     0.0012     0.0000 -120.02078   34.27564     100.00          8  0.000e+00
      60352   2514.625    397.059    400.308     7.4686     7.5110  35.176884  35.214409     7.4296     7.4719    34.2171    34.2161    26.7419    26.7351     0.6348     0.6023     19.322     18.333     0.6178     0.6178     0.0403    -0.0177     3.2637     0.0012     0.0000 -120.02078   34.27564     100.00          8  0.000e+00
      60353   2514.667    397.059    400.308     7.4678     7.5133  35.177010  35.214724     7.4288     7.4742    34.2181    34.2142    26.7428    26.7333     0.6348     0.6023     19.322     18.332     0.6178     0.6178     0.0403    -0.0177     3.2637     0.0012     0.0000 -120.02078   34.27564     100.00          8  0.000e+00
      60354   2514.708    397.079    400.329     7.4672     7.5151  35.177199  35.214598     7.4282     7.4759    34.2189    34.2123    26.7435    26.7315     0.6349     0.6023     19.323     18.332     0.6178     0.6178     0.0403    -0.0177     3.2637     0.0012     0.0000 -120.02078   34.27564     100.00          8  0.000e+00
      60355   2514.750    397.059    400.309     7.4668     7.5149  35.176947  35.214787     7.4279     7.4757    34.2189    34.2127    26.7436    26.7319     0.6349     0.6023     19.323     18.332     0.6178     0.6178     0.0403    -0.0177     3.2637     0.0012     0.0000 -120.02078   34.27564     100.00          8  0.000e+00
      60356   2514.792    397.059    400.309     7.4668     7.5141  35.177325  35.214535     7.4279     7.4750    34.2193    34.2132    26.7439    26.7323     0.6349     0.6023     19.323     18.332     0.6178     0.6178     0.0403    -0.0177     3.2650     0.0012     0.0000 -120.02078   34.27564     100.00          8  0.000e+00
      60357   2514.833    397.059    400.309     7.4674     7.5129  35.177703  35.215039     7.4285     7.4738    34.2192    34.2148    26.7437    26.7338     0.6348     0.6023     19.322     18.332     0.6178     0.6178     0.0403    -0.0177     3.2637     0.0012     0.0000 -120.02078   34.27564     100.00          8  0.000e+00
      60358   2514.875    397.079    400.329     7.4689     7.5116  35.177829  35.215354     7.4299     7.4725    34.2178    34.2165    26.7424    26.7353     0.6348     0.6023     19.322     18.333     0.6178     0.6178     0.0403    -0.0177     3.2650     0.0012     0.0000 -120.02078   34.27564     100.00          8  0.000e+00
      60359   2514.917    397.059    400.309     7.4702     7.5115  35.178522  35.215732     7.4312     7.4724    34.2173    34.2170    26.7419    26.7357     0.6348     0.6023     19.321     18.333     0.6178     0.6178     0.0403    -0.0177     3.2625     0.0012     0.0000 -120.02078   34.27564     100.00          8  0.000e+00
      60360   2514.958    397.059    400.309     7.4722     7.5128  35.179215  35.216236     7.4332     7.4737    34.2162    34.2163    26.7407    26.7350     0.6348     0.6023     19.321     18.332     0.6178     0.6178     0.0403    -0.0177     3.2625     0.0012     0.0000 -120.02078   34.27564     100.00          8  0.000e+00
      60361   2515.000    397.105    400.356     7.4730     7.5153  35.180097  35.216929     7.4340     7.4762    34.2163    34.2145    26.7407    26.7332     0.6348     0.6023     19.320     18.332     0.6178     0.6178     0.0403    -0.0177     3.2625     0.0012     0.0000 -120.02078   34.27564     100.00          8  0.000e+00
      60362   2515.042    397.079    400.329     7.4726     7.5175  35.180538  35.216991     7.4336     7.4783    34.2171    34.2125    26.7414    26.7313     0.6289     0.6023     19.140     18.331     0.6166     0.6178     0.0403    -0.0177     3.2625     0.0012     0.0000 -120.02078   34.27564     100.00          8  0.000e+00
      60363   2515.083    397.059    400.309     7.4712     7.5191  35.181105  35.216613     7.4322     7.4800    34.2191    34.2105    26.7431    26.7295     0.6348     0.6022     19.321     18.330     0.6178     0.6178     0.0403    -0.0177     3.2650     0.0012     0.0000 -120.02078   34.27564     100.00          8  0.000e+00
      60364   2515.125    397.059    400.309     7.4701     7.5201  35.181043  35.216487     7.4311     7.4809    34.2202    34.2094    26.7441    26.7285     0.6348     0.6022     19.321     18.330     0.6178     0.6178     0.0403    -0.0177     3.2650     0.0012     0.0000 -120.02078   34.27564     100.00          8  0.000e+00
      60365   2515.167    397.132    400.383     7.4709     7.5201  35.181169  35.215416     7.4319     7.4809    34.2195    34.2082    26.7435    26.7276     0.6348     0.6022     19.321     18.330     0.6178     0.6178     0.0403    -0.0177     3.2650     0.0012     0.0000 -120.02078   34.27564     100.00          8  0.000e+00
