WCOA/WCOA-6/CTD_Data/RB2102_CTD_037_01.ros
* Sea-Bird SBE 9 Data File:
* FileName = C:\Users\scs.user.rb\CTD\RB2102\Data\RB2102_CTD_037_01.hex
* Software Version Seasave V 7.26.7.107
* Temperature SN = 6202
* Conductivity SN = 4907
* Number of Bytes Per Scan = 41
* Number of Voltage Words = 4
* Number of Scans Averaged by the Deck Unit = 1
* NMEA Latitude = 47 06.97 N
* NMEA Longitude = 125 11.76 W
* NMEA UTC (Time) = Jul 02 2021  04:50:36
* NMEA baud rate = 4800
# nquan = 30
# nvalues = 1176                                  
# units = specified
# name 0 = scan: Scan Count
# name 1 = timeS: Time, Elapsed [seconds]
# name 2 = depSM: Depth [salt water, m]
# name 3 = prDM: Pressure, Digiquartz [db]
# name 4 = t090C: Temperature [ITS-90, deg C]
# name 5 = t190C: Temperature, 2 [ITS-90, deg C]
# name 6 = c0mS/cm: Conductivity [mS/cm]
# name 7 = c1mS/cm: Conductivity, 2 [mS/cm]
# name 8 = potemp090C: Potential Temperature [ITS-90, deg C]
# name 9 = potemp190C: Potential Temperature, 2 [ITS-90, deg C]
# name 10 = sal00: Salinity, Practical [PSU]
# name 11 = sal11: Salinity, Practical, 2 [PSU]
# name 12 = sigma-é00: Density [sigma-theta, kg/m^3]
# name 13 = sigma-é11: Density, 2 [sigma-theta, kg/m^3]
# name 14 = sbeox0Mg/L: Oxygen, SBE 43 [mg/l]
# name 15 = sbeox1Mg/L: Oxygen, SBE 43, 2 [mg/l]
# name 16 = sbox0Mm/Kg: Oxygen, SBE 43 [umol/kg]
# name 17 = sbox1Mm/Kg: Oxygen, SBE 43, 2 [umol/kg]
# name 18 = sbeox0V: Oxygen raw, SBE 43 [V]
# name 19 = sbeox1V: Oxygen raw, SBE 43, 2 [V]
# name 20 = v4: Voltage 4
# name 21 = flECO-AFL: Fluorescence, WET Labs ECO-AFL/FL [mg/m^3]
# name 22 = v3: Voltage 3
# name 23 = v6: Voltage 6
# name 24 = v7: Voltage 7
# name 25 = longitude: Longitude [deg]
# name 26 = latitude: Latitude [deg]
# name 27 = altM: Altimeter [m]
# name 28 = nbf: Bottles Fired
# name 29 = flag:  0.000e+00
# interval = seconds: 0.0416667
# start_time = Jul 02 2021 04:50:36 [NMEA time, header]
# bad_flag = -9.990e-29
*END*
[from data line 1161]
     161627   6734.417      3.811      3.843    15.9247    15.9244  40.233931  40.233674    15.9241    15.9239    31.8066    31.8066    23.3096    23.3097     8.5999     8.6871    262.628    265.293     2.7021     2.5702     0.0562     0.3792     3.2234     0.8120     0.0000 -125.19832   47.11548      99.76         24  0.000e+00
     161628   6734.458      3.857      3.890    15.9247    15.9244  40.233998  40.233807    15.9241    15.9238    31.8066    31.8067    23.3096    23.3097     8.5999     8.6872    262.629    265.294     2.7021     2.5702     0.0562     0.3792     3.2222     0.8120     0.0000 -125.19832   47.11548      99.76         24  0.000e+00
     161629   6734.500      3.778      3.810    15.9247    15.9243  40.233532  40.233939    15.9242    15.9237    31.8063    31.8070    23.3093    23.3100     8.5998     8.6871    262.627    265.292     2.7021     2.5702     0.0562     0.3792     3.2222     0.8107     0.0000 -125.19832   47.11548      99.73         24  0.000e+00
     161630   6734.542      3.811      3.843    15.9247    15.9244  40.233532  40.233607    15.9241    15.9239    31.8063    31.8066    23.3093    23.3096     8.5999     8.6871    262.628    265.293     2.7021     2.5702     0.0549     0.3486     3.2234     0.8107     0.0000 -125.19832   47.11548      99.76         24  0.000e+00
     161631   6734.583      3.857      3.890    15.9246    15.9244  40.233665  40.233807    15.9240    15.9238    31.8065    31.8067    23.3095    23.3097     8.6000     8.6872    262.630    265.294     2.7021     2.5702     0.0549     0.3486     3.2234     0.8107     0.0000 -125.19832   47.11548      99.76         24  0.000e+00
     161632   6734.625      3.857      3.890    15.9246    15.9244  40.233134  40.233940    15.9240    15.9238    31.8060    31.8068    23.3092    23.3098     8.6000     8.6820    262.631    265.137     2.7021     2.5690     0.0562     0.3792     3.2210     0.8107     0.0000 -125.19832   47.11548      99.76         24  0.000e+00
     161633   6734.667      3.811      3.843    15.9244    15.9244  40.233266  40.233607    15.9238    15.9239    31.8063    31.8066    23.3094    23.3096     8.5999     8.6871    262.630    265.293     2.7021     2.5702     0.0562     0.3792     3.2222     0.8107     0.0000 -125.19832   47.11548      99.76         24  0.000e+00
     161634   6734.708      3.857      3.890    15.9244    15.9246  40.233267  40.234338    15.9238    15.9240    31.8063    31.8070    23.3094    23.3099     8.6000     8.6871    262.632    265.292     2.7021     2.5702     0.0562     0.3792     3.2222     0.8107     0.0000 -125.19832   47.11548      99.76         24  0.000e+00
     161635   6734.750      3.910      3.943    15.9242    15.9249  40.233333  40.234073    15.9236    15.9243    31.8064    31.8065    23.3096    23.3095     8.5953     8.6871    262.489    265.293     2.7009     2.5702     0.0549     0.3486     3.2234     0.8107     0.0000 -125.19832   47.11548      99.76         24  0.000e+00
     161636   6734.792      3.857      3.890    15.9244    15.9246  40.233267  40.234139    15.9238    15.9240    31.8063    31.8069    23.3094    23.3098     8.5953     8.6871    262.487    265.293     2.7009     2.5702     0.0549     0.3486     3.2234     0.8107     0.0000 -125.19832   47.11548      99.76         24  0.000e+00
     161637   6734.833      3.857      3.890    15.9242    15.9249  40.233333  40.234006    15.9236    15.9244    31.8065    31.8065    23.3096    23.3094     8.6000     8.6871    262.632    265.292     2.7021     2.5702     0.0562     0.3792     3.2222     0.8107     0.0000 -125.19832   47.11548      99.73         24  0.000e+00
     161638   6734.875      3.910      3.943    15.9244    15.9248  40.233533  40.233940    15.9238    15.9242    31.8065    31.8065    23.3096    23.3095     8.6000     8.6872    262.633    265.294     2.7021     2.5702     0.0549     0.3486     3.2222     0.8107     0.0000 -125.19832   47.11548      99.76         24  0.000e+00
     161639   6734.917      3.910      3.943    15.9242    15.9248  40.233666  40.233608    15.9236    15.9242    31.8067    31.8062    23.3098    23.3093     8.5953     8.6872    262.489    265.295     2.7009     2.5702     0.0562     0.3792     3.2222     0.8107     0.0000 -125.19832   47.11548      99.76         24  0.000e+00
     161640   6734.958      3.910      3.943    15.9244    15.9248  40.233599  40.234073    15.9238    15.9242    31.8065    31.8067    23.3096    23.3096     8.5953     8.6872    262.488    265.294     2.7009     2.5702     0.0562     0.3792     3.2222     0.8107     0.0000 -125.19832   47.11548      99.76         24  0.000e+00
     161641   6735.000      3.910      3.943    15.9244    15.9248  40.233666  40.233807    15.9238    15.9242    31.8066    31.8064    23.3097    23.3094     8.5953     8.6872    262.488    265.294     2.7009     2.5702     0.0562     0.3792     3.2222     0.8107     0.0000 -125.19832   47.11548      99.76         24  0.000e+00
