WCOA/WCOA-6/CTD_Data/RB2102_CTD_037_01.ros
* Sea-Bird SBE 9 Data File:
* FileName = C:\Users\scs.user.rb\CTD\RB2102\Data\RB2102_CTD_037_01.hex
* Software Version Seasave V 7.26.7.107
* Temperature SN = 6202
* Conductivity SN = 4907
* Number of Bytes Per Scan = 41
* Number of Voltage Words = 4
* Number of Scans Averaged by the Deck Unit = 1
* NMEA Latitude = 47 06.97 N
* NMEA Longitude = 125 11.76 W
* NMEA UTC (Time) = Jul 02 2021  04:50:36
* NMEA baud rate = 4800
# nquan = 30
# nvalues = 1176                                  
# units = specified
# name 0 = scan: Scan Count
# name 1 = timeS: Time, Elapsed [seconds]
# name 2 = depSM: Depth [salt water, m]
# name 3 = prDM: Pressure, Digiquartz [db]
# name 4 = t090C: Temperature [ITS-90, deg C]
# name 5 = t190C: Temperature, 2 [ITS-90, deg C]
# name 6 = c0mS/cm: Conductivity [mS/cm]
# name 7 = c1mS/cm: Conductivity, 2 [mS/cm]
# name 8 = potemp090C: Potential Temperature [ITS-90, deg C]
# name 9 = potemp190C: Potential Temperature, 2 [ITS-90, deg C]
# name 10 = sal00: Salinity, Practical [PSU]
# name 11 = sal11: Salinity, Practical, 2 [PSU]
# name 12 = sigma-é00: Density [sigma-theta, kg/m^3]
# name 13 = sigma-é11: Density, 2 [sigma-theta, kg/m^3]
# name 14 = sbeox0Mg/L: Oxygen, SBE 43 [mg/l]
# name 15 = sbeox1Mg/L: Oxygen, SBE 43, 2 [mg/l]
# name 16 = sbox0Mm/Kg: Oxygen, SBE 43 [umol/kg]
# name 17 = sbox1Mm/Kg: Oxygen, SBE 43, 2 [umol/kg]
# name 18 = sbeox0V: Oxygen raw, SBE 43 [V]
# name 19 = sbeox1V: Oxygen raw, SBE 43, 2 [V]
# name 20 = v4: Voltage 4
# name 21 = flECO-AFL: Fluorescence, WET Labs ECO-AFL/FL [mg/m^3]
# name 22 = v3: Voltage 3
# name 23 = v6: Voltage 6
# name 24 = v7: Voltage 7
# name 25 = longitude: Longitude [deg]
# name 26 = latitude: Latitude [deg]
# name 27 = altM: Altimeter [m]
# name 28 = nbf: Bottles Fired
# name 29 = flag:  0.000e+00
# interval = seconds: 0.0416667
# start_time = Jul 02 2021 04:50:36 [NMEA time, header]
# bad_flag = -9.990e-29
*END*
[from data line 146]
      63372   2640.458   1547.566   1566.398     2.5593     2.5594  31.573016  31.572853     2.4513     2.4514    34.5286    34.5283    27.5571    27.5568     1.0719     1.1159     32.599     33.939     0.6545     0.6630     0.0415     0.0129     3.2576     1.8107     0.0000 -125.19664   47.11610      11.04          3  0.000e+00
      80789   3366.167    989.504   1000.200     3.7341     3.7345  32.240167  32.240847     3.6607     3.6611    34.3791    34.3795    27.3265    27.3268     0.3255     0.3493      9.900     10.626     0.5433     0.5592     0.0415     0.0129     3.2527     1.8755     0.0000 -125.19700   47.11600     100.00          4  0.000e+00
      80790   3366.208    989.396   1000.091     3.7342     3.7346  32.239862  32.240908     3.6608     3.6612    34.3786    34.3795    27.3262    27.3269     0.3255     0.3493      9.900     10.626     0.5433     0.5592     0.0415     0.0129     3.2527     1.8755     0.0000 -125.19700   47.11600     100.00          4  0.000e+00
      80791   3366.250    989.551   1000.247     3.7340     3.7345  32.239801  32.241030     3.6606     3.6611    34.3788    34.3797    27.3263    27.3270     0.3255     0.3493      9.900     10.626     0.5433     0.5592     0.0415     0.0129     3.2527     1.8755     0.0000 -125.19700   47.11600     100.00          4  0.000e+00
      80792   3366.292    989.397   1000.091     3.7339     3.7343  32.239801  32.240542     3.6605     3.6609    34.3789    34.3794    27.3265    27.3268     0.3255     0.3493      9.900     10.626     0.5433     0.5592     0.0415     0.0129     3.2527     1.8755     0.0000 -125.19700   47.11600     100.00          4  0.000e+00
      80793   3366.333    989.497   1000.193     3.7339     3.7343  32.239801  32.240786     3.6605     3.6609    34.3789    34.3796    27.3264    27.3270     0.3255     0.3493      9.900     10.626     0.5433     0.5592     0.0415     0.0129     3.2540     1.8755     0.0000 -125.19700   47.11600     100.00          4  0.000e+00
      80794   3366.375    989.450   1000.145     3.7338     3.7344  32.239984  32.240847     3.6604     3.6610    34.3792    34.3796    27.3267    27.3269     0.3255     0.3493      9.900     10.626     0.5433     0.5592     0.0415     0.0129     3.2540     1.8755     0.0000 -125.19700   47.11600     100.00          4  0.000e+00
      80795   3366.417    989.497   1000.193     3.7337     3.7345  32.239862  32.240482     3.6603     3.6611    34.3791    34.3790    27.3266    27.3265     0.3255     0.3493      9.900     10.626     0.5433     0.5592     0.0415     0.0129     3.2527     1.8755     0.0000 -125.19700   47.11600     100.00          4  0.000e+00
      80796   3366.458    989.504   1000.200     3.7337     3.7343  32.239801  32.240786     3.6603     3.6609    34.3791    34.3797    27.3266    27.3270     0.3255     0.3493      9.900     10.626     0.5433     0.5592     0.0415     0.0129     3.2527     1.8755     0.0000 -125.19700   47.11600     100.00          4  0.000e+00
      80797   3366.500    989.497   1000.193     3.7336     3.7345  32.240167  32.240604     3.6602     3.6611    34.3796    34.3792    27.3271    27.3266     0.3184     0.3493      9.686     10.626     0.5421     0.5592     0.0415     0.0129     3.2540     1.8755     0.0000 -125.19700   47.11600     100.00          4  0.000e+00
      80798   3366.542    989.497   1000.193     3.7339     3.7346  32.240350  32.240847     3.6605     3.6612    34.3795    34.3794    27.3269    27.3268     0.3255     0.3493      9.900     10.626     0.5433     0.5592     0.0415     0.0129     3.2527     1.8767     0.0000 -125.19700   47.11600     100.00          4  0.000e+00
      80799   3366.583    989.497   1000.193     3.7343     3.7347  32.241020  32.240604     3.6609     3.6613    34.3799    34.3790    27.3272    27.3265     0.3184     0.3493      9.686     10.626     0.5421     0.5592     0.0415     0.0129     3.2540     1.8767     0.0000 -125.19700   47.11600     100.00          4  0.000e+00
      80800   3366.625    989.497   1000.193     3.7349     3.7344  32.240776  32.240847     3.6614     3.6610    34.3790    34.3796    27.3265    27.3269     0.3184     0.3493      9.686     10.626     0.5421     0.5592     0.0415     0.0129     3.2540     1.8767     0.0000 -125.19700   47.11600     100.00          4  0.000e+00
      80801   3366.667    989.497   1000.193     3.7348     3.7345  32.241081  32.240969     3.6614     3.6611    34.3795    34.3796    27.3268    27.3269     0.3184     0.3493      9.686     10.626     0.5421     0.5592     0.0415     0.0129     3.2540     1.8767     0.0000 -125.19700   47.11600     100.00          4  0.000e+00
      80802   3366.708    989.497   1000.193     3.7353     3.7346  32.241263  32.241030     3.6619     3.6612    34.3791    34.3796    27.3265    27.3270     0.3184     0.3493      9.686     10.626     0.5421     0.5592     0.0415     0.0129     3.2552     1.8767     0.0000 -125.19700   47.11600     100.00          4  0.000e+00
      80803   3366.750    989.504   1000.200     3.7352     3.7347  32.241263  32.240969     3.6617     3.6613    34.3793    34.3794    27.3266    27.3268     0.3254     0.3493      9.900     10.626     0.5433     0.5592     0.0415     0.0129     3.2527     1.8767     0.0000 -125.19700   47.11600     100.00          4  0.000e+00
      80804   3366.792    989.497   1000.193     3.7354     3.7346  32.241263  32.240847     3.6620     3.6612    34.3790    34.3794    27.3264    27.3268     0.3254     0.3493      9.900     10.626     0.5433     0.5592     0.0415     0.0129     3.2527     1.8767     0.0000 -125.19700   47.11600     100.00          4  0.000e+00
      80805   3366.833    989.498   1000.193     3.7355     3.7348  32.241020  32.240664     3.6620     3.6614    34.3787    34.3789    27.3261    27.3264     0.3254     0.3493      9.900     10.626     0.5433     0.5592     0.0415     0.0129     3.2527     1.8767     0.0000 -125.19700   47.11600     100.00          4  0.000e+00
      80806   3366.875    989.498   1000.193     3.7354     3.7346  32.240959  32.240847     3.6620     3.6612    34.3787    34.3794    27.3261    27.3268     0.3254     0.3493      9.900     10.626     0.5433     0.5592     0.0415     0.0129     3.2540     1.8767     0.0000 -125.19700   47.11600     100.00          4  0.000e+00
      80807   3366.917    989.498   1000.193     3.7357     3.7348  32.240715  32.240847     3.6622     3.6614    34.3781    34.3791    27.3257    27.3265     0.3254     0.3493      9.900     10.626     0.5433     0.5592     0.0415     0.0129     3.2540     1.8767     0.0000 -125.19700   47.11600     100.00          4  0.000e+00
      80808   3366.958    989.498   1000.193     3.7355     3.7343  32.240837  32.240664     3.6620     3.6609    34.3785    34.3795    27.3260    27.3269     0.3254     0.3493      9.900     10.626     0.5433     0.5592     0.0415     0.0129     3.2540     1.8767     0.0000 -125.19700   47.11600     100.00          4  0.000e+00
      80809   3367.000    989.498   1000.193     3.7353     3.7347  32.240715  32.240421     3.6618     3.6613    34.3785    34.3788    27.3260    27.3263     0.3254     0.3493      9.900     10.626     0.5433     0.5592     0.0415     0.0129     3.2527     1.8767     0.0000 -125.19700   47.11600     100.00          4  0.000e+00
      80810   3367.042    989.498   1000.193     3.7350     3.7343  32.240837  32.240482     3.6616     3.6609    34.3790    34.3793    27.3264    27.3267     0.3254     0.3570      9.900     10.860     0.5433     0.5604     0.0415     0.0129     3.2540     1.8767     0.0000 -125.19700   47.11600     100.00          4  0.000e+00
      80811   3367.083    989.451   1000.146     3.7351     3.7343  32.240471  32.240847     3.6617     3.6609    34.3784    34.3797    27.3260    27.3270     0.3254     0.3493      9.900     10.626     0.5433     0.5592     0.0415     0.0129     3.2540     1.8767     0.0000 -125.19700   47.11600     100.00          4  0.000e+00
      80812   3367.125    989.498   1000.193     3.7350     3.7346  32.240776  32.240604     3.6616     3.6612    34.3789    34.3791    27.3263    27.3266     0.3254     0.3493      9.900     10.626     0.5433     0.5592     0.0415     0.0129     3.2540     1.8767     0.0000 -125.19700   47.11600     100.00          4  0.000e+00
      80813   3367.167    989.451   1000.146     3.7347     3.7342  32.240471  32.240603     3.6613     3.6608    34.3789    34.3796    27.3263    27.3269     0.3255     0.3493      9.900     10.626     0.5433     0.5592     0.0415     0.0129     3.2540     1.8767     0.0000 -125.19700   47.11600     100.00          4  0.000e+00
      80814   3367.208    989.498   1000.193     3.7350     3.7341  32.241020  32.240421     3.6615     3.6607    34.3792    34.3794    27.3266    27.3268     0.3254     0.3493      9.900     10.626     0.5433     0.5592     0.0415     0.0129     3.2540     1.8767     0.0000 -125.19700   47.11600     100.00          4  0.000e+00
      80815   3367.250    989.451   1000.146     3.7349     3.7347  32.241019  32.240482     3.6614     3.6613    34.3794    34.3789    27.3267    27.3264     0.3254     0.3493      9.900     10.626     0.5433     0.5592     0.0415     0.0129     3.2527     1.8767     0.0000 -125.19700   47.11600     100.00          4  0.000e+00
      80816   3367.292    989.451   1000.146     3.7347     3.7343  32.240471  32.240603     3.6612     3.6609    34.3789    34.3795    27.3264    27.3269     0.3255     0.3493      9.900     10.626     0.5433     0.5592     0.0415     0.0129     3.2527     1.8767     0.0000 -125.19700   47.11600     100.00          4  0.000e+00
      80817   3367.333    989.451   1000.146     3.7345     3.7343  32.240532  32.240786     3.6611     3.6609    34.3791    34.3796    27.3265    27.3270     0.3255     0.3570      9.900     10.860     0.5433     0.5604     0.0415     0.0129     3.2527     1.8767     0.0000 -125.19700   47.11600     100.00          4  0.000e+00
      80818   3367.375    989.451   1000.146     3.7349     3.7346  32.240410  32.240908     3.6614     3.6612    34.3786    34.3795    27.3261    27.3269     0.3254     0.3493      9.900     10.626     0.5433     0.5592     0.0415     0.0129     3.2552     1.8767     0.0000 -125.19700   47.11600     100.00          4  0.000e+00
      80819   3367.417    989.397   1000.092     3.7347     3.7345  32.240776  32.240725     3.6612     3.6611    34.3793    34.3794    27.3267    27.3268     0.3254     0.3493      9.900     10.626     0.5433     0.5592     0.0415     0.0129     3.2527     1.8767     0.0000 -125.19700   47.11600     100.00          4  0.000e+00
      80820   3367.458    989.451   1000.146     3.7347     3.7344  32.240471  32.240543     3.6613     3.6610    34.3789    34.3792    27.3263    27.3267     0.3255     0.3493      9.900     10.626     0.5433     0.5592     0.0415     0.0129     3.2527     1.8767     0.0000 -125.19700   47.11600     100.00          4  0.000e+00
      80821   3367.500    989.397   1000.092     3.7347     3.7345  32.240532  32.240603     3.6613     3.6611    34.3790    34.3792    27.3264    27.3266     0.3254     0.3493      9.900     10.626     0.5433     0.5592     0.0415     0.0129     3.2540     1.8767     0.0000 -125.19700   47.11600     100.00          4  0.000e+00
      80822   3367.542    989.397   1000.092     3.7344     3.7346  32.240410  32.240847     3.6610     3.6612    34.3791    34.3795    27.3265    27.3268     0.3254     0.3493      9.900     10.626     0.5433     0.5592     0.0415     0.0129     3.2540     1.8767     0.0000 -125.19700   47.11600     100.00          4  0.000e+00
      80823   3367.583    989.397   1000.092     3.7345     3.7345  32.240532  32.240847     3.6611     3.6611    34.3791    34.3795    27.3266    27.3269     0.3184     0.3493      9.686     10.626     0.5421     0.5592     0.0403    -0.0177     3.2540     1.8767     0.0000 -125.19700   47.11600     100.00          4  0.000e+00
      80824   3367.625    989.397   1000.092     3.7344     3.7346  32.240654  32.240908     3.6610     3.6612    34.3794    34.3795    27.3268    27.3269     0.3254     0.3493      9.900     10.626     0.5433     0.5592     0.0403    -0.0177     3.2540     1.8767     0.0000 -125.19700   47.11600     100.00          4  0.000e+00
      80825   3367.667    989.350   1000.044     3.7345     3.7348  32.240836  32.240847     3.6611     3.6614    34.3795    34.3792    27.3269    27.3266     0.3184     0.3493      9.686     10.626     0.5421     0.5592     0.0403    -0.0177     3.2527     1.8767     0.0000 -125.19700   47.11600     100.00          4  0.000e+00
      80826   3367.708    989.350   1000.044     3.7347     3.7348  32.240471  32.240907     3.6613     3.6614    34.3789    34.3793    27.3264    27.3267     0.3254     0.3493      9.900     10.626     0.5433     0.5592     0.0403    -0.0177     3.2540     1.8767     0.0000 -125.19700   47.11600     100.00          4  0.000e+00
      80827   3367.750    989.350   1000.044     3.7347     3.7347  32.240775  32.241151     3.6612     3.6613    34.3793    34.3797    27.3267    27.3270     0.3254     0.3493      9.900     10.626     0.5433     0.5592     0.0403    -0.0177     3.2540     1.8767     0.0000 -125.19700   47.11600     100.00          4  0.000e+00
      80828   3367.792    989.350   1000.044     3.7345     3.7346  32.240958  32.240725     3.6611     3.6612    34.3796    34.3793    27.3270    27.3267     0.3254     0.3493      9.900     10.626     0.5433     0.5592     0.0403    -0.0177     3.2527     1.8767     0.0000 -125.19700   47.11600     100.00          4  0.000e+00
      80829   3367.833    989.297    999.990     3.7347     3.7350  32.240958  32.241090     3.6612     3.6616    34.3796    34.3794    27.3269    27.3267     0.3184     0.3493      9.686     10.626     0.5421     0.5592     0.0403    -0.0177     3.2540     1.8767     0.0000 -125.19700   47.11600     100.00          4  0.000e+00
      80830   3367.875    989.350   1000.044     3.7349     3.7349  32.240715  32.241455     3.6614     3.6615    34.3790    34.3798    27.3265    27.3271     0.3254     0.3493      9.900     10.626     0.5433     0.5592     0.0403    -0.0177     3.2540     1.8767     0.0000 -125.19700   47.11600     100.00          4  0.000e+00
      80831   3367.917    989.297    999.990     3.7345     3.7348  32.240836  32.240786     3.6611     3.6614    34.3795    34.3792    27.3269    27.3266     0.3254     0.3493      9.900     10.626     0.5433     0.5592     0.0403    -0.0177     3.2527     1.8755     0.0000 -125.19700   47.11600     100.00          4  0.000e+00
      80832   3367.958    989.250    999.942     3.7348     3.7349  32.241141  32.241090     3.6614     3.6615    34.3797    34.3795    27.3270    27.3268     0.3184     0.3493      9.686     10.626     0.5421     0.5592     0.0403    -0.0177     3.2527     1.8767     0.0000 -125.19700   47.11600     100.00          4  0.000e+00
      80833   3368.000    989.250    999.942     3.7349     3.7348  32.241019  32.240725     3.6615     3.6614    34.3795    34.3791    27.3268    27.3265     0.3254     0.3493      9.900     10.626     0.5433     0.5592     0.0403    -0.0177     3.2527     1.8767     0.0000 -125.19700   47.11600     100.00          4  0.000e+00
      80834   3368.042    989.297    999.990     3.7347     3.7349  32.240714  32.241090     3.6612     3.6615    34.3793    34.3794    27.3267    27.3268     0.3254     0.3493      9.900     10.626     0.5433     0.5592     0.0403    -0.0177     3.2540     1.8767     0.0000 -125.19700   47.11600     100.00          4  0.000e+00
