WCOA/WCOA-6/CTD_Data/RB2102_CTD_031_01.ros
* Sea-Bird SBE 9 Data File:
* FileName = C:\Users\scs.user.rb\CTD\RB2102\Data\RB2102_CTD_031_01.hex
* Software Version Seasave V 7.26.7.107
* Temperature SN = 6202
* Conductivity SN = 4907
* Number of Bytes Per Scan = 41
* Number of Voltage Words = 4
* Number of Scans Averaged by the Deck Unit = 1
* NMEA Latitude = 46 07.77 N
* NMEA Longitude = 124 05.40 W
* NMEA UTC (Time) = Jul 01 2021  01:43:19
* NMEA baud rate = 4800
# nquan = 30
# nvalues = 588                                   
# units = specified
# name 0 = scan: Scan Count
# name 1 = timeS: Time, Elapsed [seconds]
# name 2 = depSM: Depth [salt water, m]
# name 3 = prDM: Pressure, Digiquartz [db]
# name 4 = t090C: Temperature [ITS-90, deg C]
# name 5 = t190C: Temperature, 2 [ITS-90, deg C]
# name 6 = c0mS/cm: Conductivity [mS/cm]
# name 7 = c1mS/cm: Conductivity, 2 [mS/cm]
# name 8 = potemp090C: Potential Temperature [ITS-90, deg C]
# name 9 = potemp190C: Potential Temperature, 2 [ITS-90, deg C]
# name 10 = sal00: Salinity, Practical [PSU]
# name 11 = sal11: Salinity, Practical, 2 [PSU]
# name 12 = sigma-é00: Density [sigma-theta, kg/m^3]
# name 13 = sigma-é11: Density, 2 [sigma-theta, kg/m^3]
# name 14 = sbeox0Mg/L: Oxygen, SBE 43 [mg/l]
# name 15 = sbeox1Mg/L: Oxygen, SBE 43, 2 [mg/l]
# name 16 = sbox0Mm/Kg: Oxygen, SBE 43 [umol/kg]
# name 17 = sbox1Mm/Kg: Oxygen, SBE 43, 2 [umol/kg]
# name 18 = sbeox0V: Oxygen raw, SBE 43 [V]
# name 19 = sbeox1V: Oxygen raw, SBE 43, 2 [V]
# name 20 = v4: Voltage 4
# name 21 = flECO-AFL: Fluorescence, WET Labs ECO-AFL/FL [mg/m^3]
# name 22 = v3: Voltage 3
# name 23 = v6: Voltage 6
# name 24 = v7: Voltage 7
# name 25 = longitude: Longitude [deg]
# name 26 = latitude: Latitude [deg]
# name 27 = altM: Altimeter [m]
# name 28 = nbf: Bottles Fired
# name 29 = flag:  0.000e+00
# interval = seconds: 0.0416667
# start_time = Jul 01 2021 01:43:19 [NMEA time, header]
# bad_flag = -9.990e-29
*END*
      15064    627.625     37.182     37.494     7.9500     7.9346  34.653386  34.634667     7.9463     7.9310    33.3595    33.3542    25.9934    25.9915     3.3416     3.3289    101.779    101.394     1.2137     1.1673     0.1197     1.9665     3.3761     1.4774     0.0000 -124.08982   46.12946       9.38          1  0.000e+00
      15065    627.667     37.229     37.541     7.9510     7.9371  34.654827  34.639299     7.9473     7.9335    33.3601    33.3567    25.9937    25.9931     3.3359     3.3286    101.606    101.386     1.2125     1.1673     0.1197     1.9665     3.3761     1.4774     0.0000 -124.08982   46.12946       9.28          1  0.000e+00
      15066    627.708     37.129     37.441     7.9516     7.9409  34.655579  34.643867     7.9479     7.9373    33.3604    33.3580    25.9939    25.9936     3.3414     3.3283    101.774    101.375     1.2137     1.1673     0.1209     1.9970     3.3761     1.4774     0.0000 -124.08982   46.12946       9.21          1  0.000e+00
      15067    627.750     37.229     37.541     7.9521     7.9444  34.656456  34.647247     7.9484     7.9407    33.3608    33.3583    25.9941    25.9933     3.3414     3.3280    101.774    101.367     1.2137     1.1673     0.1197     1.9665     3.3761     1.4774     0.0000 -124.08982   46.12946       9.21          1  0.000e+00
      15068    627.792     37.275     37.587     7.9524     7.9473  34.656894  34.649688     7.9488     7.9436    33.3609    33.3581    25.9942    25.9927     3.3414     3.3278    101.774    101.361     1.2137     1.1673     0.1197     1.9665     3.3761     1.4774     0.0000 -124.08982   46.12946       9.21          1  0.000e+00
      15069    627.833     37.229     37.541     7.9528     7.9491  34.656080  34.651878     7.9491     7.9454    33.3597    33.3588    25.9932    25.9930     3.3413     3.3215    101.773    101.168     1.2137     1.1661     0.1123     1.7833     3.3761     1.4774     0.0000 -124.08982   46.12946       9.23          1  0.000e+00
      15070    627.875     37.275     37.587     7.9529     7.9505  34.656894  34.653318     7.9492     7.9469    33.3605    33.3589    25.9937    25.9929     3.3413     3.3214    101.773    101.165     1.2137     1.1661     0.1099     1.7223     3.3761     1.4774     0.0000 -124.08982   46.12946       9.23          1  0.000e+00
      15071    627.917     37.275     37.587     7.9531     7.9512  34.658273  34.654758     7.9494     7.9475    33.3618    33.3598    25.9947    25.9935     3.3413     3.3213    101.771    101.163     1.2137     1.1661     0.1099     1.7223     3.3761     1.4774     0.0000 -124.08982   46.12946       9.13          1  0.000e+00
      15072    627.958     37.275     37.587     7.9528     7.9521  34.659275  34.655634     7.9491     7.9485    33.3631    33.3599    25.9959    25.9934     3.3413     3.3212    101.771    101.161     1.2137     1.1661     0.1099     1.7223     3.3761     1.4774     0.0000 -124.08982   46.12946       9.06          1  0.000e+00
      15073    628.000     37.275     37.587     7.9527     7.9523  34.659275  34.656010     7.9490     7.9486    33.3632    33.3601    25.9959    25.9935     3.3413     3.3212    101.771    101.160     1.2137     1.1661     0.1099     1.7223     3.3748     1.4774     0.0000 -124.08982   46.12946       9.06          1  0.000e+00
      15074    628.042     37.328     37.641     7.9528     7.9524  34.659401  34.656573     7.9491     7.9488    33.3632    33.3605    25.9960    25.9939     3.3357     3.3273    101.601    101.346     1.2125     1.1673     0.1099     1.7223     3.3761     1.4774     0.0000 -124.08982   46.12946       9.06          1  0.000e+00
      15075    628.083     37.328     37.641     7.9528     7.9525  34.659964  34.657450     7.9491     7.9488    33.3639    33.3614    25.9964    25.9945     3.3413     3.3273    101.771    101.346     1.2137     1.1673     0.1099     1.7223     3.3748     1.4774     0.0000 -124.08982   46.12946       9.06          1  0.000e+00
      15076    628.125     37.275     37.587     7.9529     7.9525  34.660591  34.658138     7.9492     7.9488    33.3644    33.3622    25.9968    25.9951     3.3413     3.3273    101.770    101.344     1.2137     1.1673     0.1099     1.7223     3.3761     1.4774     0.0000 -124.08982   46.12946       9.06          1  0.000e+00
      15077    628.167     37.374     37.688     7.9531     7.9524  34.661155  34.658326     7.9494     7.9488    33.3648    33.3624    25.9971    25.9953     3.3413     3.3212    101.770    101.159     1.2137     1.1661     0.1099     1.7223     3.3761     1.4786     0.0000 -124.08982   46.12946       9.04          1  0.000e+00
      15078    628.208     37.328     37.641     7.9529     7.9523  34.661531  34.658326     7.9492     7.9486    33.3654    33.3625    25.9976    25.9955     3.3356     3.3273    101.599    101.345     1.2125     1.1673     0.1099     1.7223     3.3748     1.4774     0.0000 -124.08982   46.12946       8.99          1  0.000e+00
      15079    628.250     37.328     37.641     7.9529     7.9523  34.661405  34.658514     7.9492     7.9486    33.3653    33.3627    25.9975    25.9956     3.3356     3.3212    101.599    101.159     1.2125     1.1661     0.1099     1.7223     3.3761     1.4774     0.0000 -124.08982   46.12946       8.99          1  0.000e+00
      15080    628.292     37.328     37.641     7.9529     7.9523  34.660904  34.658389     7.9492     7.9486    33.3647    33.3626    25.9971    25.9955     3.3357     3.3212    101.599    101.159     1.2125     1.1661     0.1099     1.7223     3.3761     1.4774     0.0000 -124.08982   46.12946       8.99          1  0.000e+00
      15081    628.333     37.374     37.688     7.9524     7.9518  34.660466  34.658514     7.9488     7.9482    33.3647    33.3632    25.9971    25.9960     3.3357     3.3212    101.601    101.160     1.2125     1.1661     0.1099     1.7223     3.3748     1.4774     0.0000 -124.08982   46.12946       8.99          1  0.000e+00
      15082    628.375     37.335     37.647     7.9524     7.9521  34.660215  34.658389     7.9488     7.9484    33.3644    33.3628    25.9969    25.9957     3.3357     3.3212    101.601    101.159     1.2125     1.1661     0.1099     1.7223     3.3748     1.4774     0.0000 -124.08982   46.12946       8.99          1  0.000e+00
      15083    628.417     37.328     37.641     7.9522     7.9518  34.660528  34.657825     7.9486     7.9482    33.3650    33.3625    25.9974    25.9955     3.3301     3.3212    101.430    101.160     1.2112     1.1661     0.1099     1.7223     3.3773     1.4774     0.0000 -124.08982   46.12946       8.96          1  0.000e+00
      15084    628.458     37.328     37.641     7.9521     7.9515  34.660528  34.657199     7.9484     7.9478    33.3651    33.3621    25.9975    25.9952     3.3301     3.3213    101.430    101.161     1.2112     1.1661     0.1099     1.7223     3.3773     1.4774     0.0000 -124.08982   46.12946       8.94          1  0.000e+00
      15085    628.500     37.374     37.688     7.9522     7.9512  34.659526  34.656135     7.9486     7.9475    33.3639    33.3613    25.9965    25.9946     3.3301     3.3213    101.431    101.163     1.2112     1.1661     0.1099     1.7223     3.3748     1.4786     0.0000 -124.08982   46.12946       8.94          1  0.000e+00
      15086    628.542     37.328     37.641     7.9519     7.9513  34.658962  34.654883     7.9482     7.9477    33.3636    33.3598    25.9963    25.9934     3.3301     3.3213    101.432    101.163     1.2112     1.1661     0.1099     1.7223     3.3748     1.4786     0.0000 -124.08982   46.12946       8.91          1  0.000e+00
      15087    628.583     37.328     37.641     7.9518     7.9500  34.658398  34.651503     7.9481     7.9463    33.3631    33.3574    25.9960    25.9918     3.3302     3.3215    101.432    101.168     1.2112     1.1661     0.1099     1.7223     3.3773     1.4786     0.0000 -124.08982   46.12946       8.91          1  0.000e+00
      15088    628.625     37.328     37.641     7.9521     7.9461  34.658711  34.647497     7.9484     7.9425    33.3631    33.3568    25.9960    25.9919     3.3301     3.3218    101.432    101.178     1.2112     1.1661     0.1099     1.7223     3.3748     1.4786     0.0000 -124.08982   46.12946       8.94          1  0.000e+00
      15089    628.667     37.328     37.641     7.9522     7.9432  34.658899  34.645119     7.9486     7.9395    33.3632    33.3571    25.9960    25.9925     3.3301     3.3221    101.431    101.186     1.2112     1.1661     0.1099     1.7223     3.3773     1.4786     0.0000 -124.08982   46.12946       8.91          1  0.000e+00
      15090    628.708     37.328     37.641     7.9524     7.9424  34.659588  34.645370     7.9487     7.9387    33.3638    33.3581    25.9964    25.9934     3.3301     3.3221    101.430    101.187     1.2112     1.1661     0.1099     1.7223     3.3761     1.4786     0.0000 -124.08982   46.12946       8.91          1  0.000e+00
      15091    628.750     37.328     37.641     7.9528     7.9434  34.659338  34.645620     7.9491     7.9397    33.3632    33.3575    25.9959    25.9928     3.3245     3.3159    101.259    100.998     1.2100     1.1648     0.1099     1.7223     3.3761     1.4786     0.0000 -124.08982   46.12946       8.91          1  0.000e+00
      15092    628.792     37.328     37.641     7.9528     7.9444  34.657772  34.644431     7.9491     7.9407    33.3615    33.3552    25.9946    25.9909     3.3189     3.3159    101.089    100.998     1.2088     1.1648     0.1099     1.7223     3.3748     1.4786     0.0000 -124.08984   46.12946       8.91          1  0.000e+00
      15093    628.833     37.275     37.587     7.9526     7.9448  34.657082  34.640988     7.9489     7.9412    33.3610    33.3511    25.9942    25.9876     3.3245     3.3159    101.260    100.999     1.2100     1.1648     0.1099     1.7223     3.3748     1.4786     0.0000 -124.08984   46.12946       8.91          1  0.000e+00
      15094    628.875     37.275     37.587     7.9528     7.9447  34.657709  34.638359     7.9491     7.9410    33.3615    33.3485    25.9945    25.9856     3.3301     3.3160    101.430    101.001     1.2112     1.1648     0.1136     1.8138     3.3761     1.4786     0.0000 -124.08984   46.12946       8.91          1  0.000e+00
      15095    628.917     37.275     37.587     7.9528     7.9437  34.657709  34.636669     7.9491     7.9400    33.3615    33.3476    25.9945    25.9850     3.3245     3.3161    101.260    101.004     1.2100     1.1648     0.1722     3.2790     3.3761     1.4786     0.0000 -124.08984   46.12946       8.91          1  0.000e+00
      15096    628.958     37.275     37.587     7.9528     7.9432  34.657834  34.635167     7.9491     7.9395    33.3616    33.3465    25.9947    25.9842     3.3189     3.3161    101.088    101.006     1.2088     1.1648     0.2063     4.1337     3.3761     1.4786     0.0000 -124.08984   46.12946       8.94          1  0.000e+00
      15097    629.000     37.275     37.587     7.9529     7.9440  34.657458  34.635418     7.9492     7.9403    33.3611    33.3460    25.9942    25.9837     3.3189     3.3161    101.089    101.005     1.2088     1.1648     0.2112     4.2558     3.3761     1.4786     0.0000 -124.08984   46.12946       8.94          1  0.000e+00
      15098    629.042     37.229     37.541     7.9529     7.9453  34.657333  34.634291     7.9492     7.9417    33.3610    33.3435    25.9941    25.9816     3.3189     3.3160    101.088    101.002     1.2088     1.1648     0.2076     4.1643     3.3761     1.4786     0.0000 -124.08984   46.12946       8.94          1  0.000e+00
      15099    629.083     37.229     37.541     7.9534     7.9459  34.657082  34.632914     7.9497     7.9423    33.3602    33.3415    25.9935    25.9798     3.3188     3.3099    101.087    100.816     1.2088     1.1636     0.2063     4.1337     3.3761     1.4786     0.0000 -124.08984   46.12946       8.94          1  0.000e+00
      15100    629.125     37.229     37.541     7.9530     7.9457  34.656518  34.633289     7.9494     7.9420    33.3599    33.3421    25.9933    25.9804     3.3189     3.3099    101.088    100.816     1.2088     1.1636     0.2063     4.1337     3.3748     1.4786     0.0000 -124.08984   46.12946       8.94          1  0.000e+00
      15101    629.167     37.182     37.494     7.9531     7.9457  34.656142  34.633540     7.9494     7.9420    33.3595    33.3424    25.9930    25.9806     3.3132     3.3099    100.917    100.815     1.2076     1.1636     0.2063     4.1337     3.3761     1.4786     0.0000 -124.08984   46.12946       8.96          1  0.000e+00
      15102    629.208     37.229     37.541     7.9531     7.9459  34.655829  34.633540     7.9494     7.9423    33.3592    33.3421    25.9927    25.9804     3.3133     3.3099    100.918    100.815     1.2076     1.1636     0.2063     4.1337     3.3761     1.4786     0.0000 -124.08984   46.12946       9.01          1  0.000e+00
      15103    629.250     37.182     37.494     7.9526     7.9461  34.654639  34.633540     7.9489     7.9425    33.3584    33.3420    25.9922    25.9802     3.3133     3.3037    100.919    100.628     1.2076     1.1624     0.2063     4.1337     3.3761     1.4786     0.0000 -124.08984   46.12946       9.01          1  0.000e+00
      15104    629.292     37.129     37.440     7.9508     7.9458  34.650692  34.633039     7.9472     7.9422    33.3559    33.3418    25.9904    25.9801     3.3135     3.3037    100.924    100.628     1.2076     1.1624     0.2063     4.1337     3.3748     1.4786     0.0000 -124.08984   46.12946       9.01          1  0.000e+00
      15105    629.333     37.182     37.494     7.9486     7.9455  34.647436  34.632664     7.9449     7.9418    33.3545    33.3417    25.9897    25.9801     3.3137     3.3038    100.932    100.630     1.2076     1.1624     0.2063     4.1337     3.3748     1.4786     0.0000 -124.08984   46.12946       8.99          1  0.000e+00
      15106    629.375     37.083     37.394     7.9482     7.9453  34.647247  34.632788     7.9446     7.9417    33.3547    33.3420    25.9899    25.9803     3.3081     3.3037    100.760    100.629     1.2063     1.1624     0.2063     4.1337     3.3761     1.4786     0.0000 -124.08984   46.12946       9.01          1  0.000e+00
      15107    629.417     37.083     37.394     7.9477     7.9448  34.646872  34.632663     7.9440     7.9412    33.3548    33.3423    25.9901    25.9807     3.3081     3.3038    100.761    100.630     1.2063     1.1624     0.2063     4.1337     3.3761     1.4786     0.0000 -124.08984   46.12946       9.06          1  0.000e+00
      15108    629.458     37.129     37.440     7.9478     7.9452  34.647248  34.631850     7.9441     7.9415    33.3551    33.3411    25.9903    25.9797     3.3081     3.3038    100.761    100.630     1.2063     1.1624     0.2063     4.1337     3.3773     1.4786     0.0000 -124.08984   46.12946       9.13          1  0.000e+00
      15109    629.500     37.090     37.400     7.9479     7.9451  34.648062  34.631662     7.9443     7.9415    33.3559    33.3410    25.9909    25.9796     3.3025     3.3038    100.589    100.630     1.2051     1.1624     0.2063     4.1337     3.3748     1.4786     0.0000 -124.08984   46.12946       9.13          1  0.000e+00
      15110    629.542     37.030     37.340     7.9469     7.9458  34.645431  34.631161     7.9432     7.9422    33.3541    33.3398    25.9896    25.9786     3.3026     3.3037    100.592    100.628     1.2051     1.1624     0.2063     4.1337     3.3748     1.4786     0.0000 -124.08984   46.12946       9.13          1  0.000e+00
      15111    629.583     37.030     37.340     7.9432     7.9476  34.640170  34.630785     7.9396     7.9439    33.3519    33.3377    25.9884    25.9767     3.2973     3.2975    100.431    100.439     1.2039     1.1612     0.2063     4.1337     3.3748     1.4786     0.0000 -124.08984   46.12946       9.13          1  0.000e+00
