WCOA/WCOA-6/CTD_Data/RB2102_CTD_057_01.ros
* Sea-Bird SBE 9 Data File:
* FileName = C:\Users\scs.user.rb\CTD\RB2102\Data\RB2102_CTD_057_01.hex
* Software Version Seasave V 7.26.7.107
* Temperature SN = 6202
* Conductivity SN = 4907
* Number of Bytes Per Scan = 41
* Number of Voltage Words = 4
* Number of Scans Averaged by the Deck Unit = 1
* NMEA Latitude = 43 59.97 N
* NMEA Longitude = 124 23.56 W
* NMEA UTC (Time) = Jul 05 2021  11:20:20
* NMEA baud rate = 4800
# nquan = 30
# nvalues = 686                                   
# units = specified
# name 0 = scan: Scan Count
# name 1 = timeS: Time, Elapsed [seconds]
# name 2 = depSM: Depth [salt water, m]
# name 3 = prDM: Pressure, Digiquartz [db]
# name 4 = t090C: Temperature [ITS-90, deg C]
# name 5 = t190C: Temperature, 2 [ITS-90, deg C]
# name 6 = c0mS/cm: Conductivity [mS/cm]
# name 7 = c1mS/cm: Conductivity, 2 [mS/cm]
# name 8 = potemp090C: Potential Temperature [ITS-90, deg C]
# name 9 = potemp190C: Potential Temperature, 2 [ITS-90, deg C]
# name 10 = sal00: Salinity, Practical [PSU]
# name 11 = sal11: Salinity, Practical, 2 [PSU]
# name 12 = sigma-é00: Density [sigma-theta, kg/m^3]
# name 13 = sigma-é11: Density, 2 [sigma-theta, kg/m^3]
# name 14 = sbeox0Mg/L: Oxygen, SBE 43 [mg/l]
# name 15 = sbeox1Mg/L: Oxygen, SBE 43, 2 [mg/l]
# name 16 = sbox0Mm/Kg: Oxygen, SBE 43 [umol/kg]
# name 17 = sbox1Mm/Kg: Oxygen, SBE 43, 2 [umol/kg]
# name 18 = sbeox0V: Oxygen raw, SBE 43 [V]
# name 19 = sbeox1V: Oxygen raw, SBE 43, 2 [V]
# name 20 = v4: Voltage 4
# name 21 = flECO-AFL: Fluorescence, WET Labs ECO-AFL/FL [mg/m^3]
# name 22 = v3: Voltage 3
# name 23 = v6: Voltage 6
# name 24 = v7: Voltage 7
# name 25 = longitude: Longitude [deg]
# name 26 = latitude: Latitude [deg]
# name 27 = altM: Altimeter [m]
# name 28 = nbf: Bottles Fired
# name 29 = flag:  0.000e+00
# interval = seconds: 0.0416667
# start_time = Jul 05 2021 11:20:20 [NMEA time, header]
# bad_flag = -9.990e-29
*END*
[from data line 97]
      22043    918.417    108.224    109.128     7.4010     7.3948  34.776741  34.773638     7.3907     7.3845    33.9894    33.9921    26.5683    26.5713     1.6025     1.7373     48.783     52.888     0.8291     0.8437     0.0403    -0.0177     3.2650     0.0000     0.0159 -124.39322   43.99952      10.43          2  0.000e+00
      29766   1240.208     79.703     80.364     7.4321     7.4645  34.796781  34.791150     7.4245     7.4569    33.9946    33.9567    26.5676    26.5332     1.9994     2.1381     60.865     65.088     0.9158     0.9243     0.0403    -0.0177     3.2564     0.0000     0.0159 -124.39334   43.99950      39.54          3  0.000e+00
      29767   1240.250     79.657     80.317     7.4321     7.4645  34.796655  34.791212     7.4245     7.4569    33.9945    33.9568    26.5675    26.5333     1.9994     2.1380     60.865     65.088     0.9158     0.9243     0.0403    -0.0177     3.2576     0.0000     0.0159 -124.39334   43.99950      39.54          3  0.000e+00
      29768   1240.292     79.657     80.317     7.4321     7.4644  34.796906  34.791087     7.4245     7.4568    33.9948    33.9568    26.5677    26.5333     1.9994     2.1381     60.865     65.088     0.9158     0.9243     0.0403    -0.0177     3.2564     0.0000     0.0159 -124.39334   43.99950      39.51          3  0.000e+00
      29769   1240.333     79.756     80.417     7.4322     7.4643  34.797220  34.791087     7.4245     7.4567    33.9950    33.9568    26.5679    26.5333     1.9994     2.1381     60.866     65.089     0.9158     0.9243     0.0403    -0.0177     3.2564     0.0000     0.0159 -124.39334   43.99950      39.56          3  0.000e+00
      29770   1240.375     79.657     80.317     7.4321     7.4640  34.797095  34.790962     7.4245     7.4564    33.9950    33.9570    26.5679    26.5335     1.9994     2.1381     60.865     65.089     0.9158     0.9243     0.0403    -0.0177     3.2564     0.0000     0.0147 -124.39334   43.99950      39.56          3  0.000e+00
      29771   1240.417     79.657     80.317     7.4323     7.4642  34.797471  34.791024     7.4247     7.4566    33.9951    33.9569    26.5680    26.5334     1.9994     2.1381     60.864     65.088     0.9158     0.9243     0.0403    -0.0177     3.2576     0.0000     0.0122 -124.39334   43.99950      39.56          3  0.000e+00
      29772   1240.458     79.703     80.364     7.4322     7.4642  34.797346  34.791275     7.4246     7.4566    33.9951    33.9571    26.5680    26.5336     1.9994     2.1381     60.865     65.089     0.9158     0.9243     0.0403    -0.0177     3.2576     0.0000     0.0122 -124.39334   43.99950      39.56          3  0.000e+00
      29773   1240.500     79.703     80.364     7.4321     7.4647  34.798224  34.791024     7.4245     7.4571    33.9962    33.9564    26.5688    26.5329     2.0051     2.1381     61.038     65.088     0.9170     0.9243     0.0403    -0.0177     3.2576     0.0000     0.0122 -124.39334   43.99950      39.56          3  0.000e+00
      29774   1240.542     79.657     80.317     7.4323     7.4650  34.798538  34.791526     7.4247     7.4574    33.9963    33.9567    26.5689    26.5331     1.9994     2.1380     60.864     65.087     0.9158     0.9243     0.0415     0.0129     3.2576     0.0000     0.0122 -124.39334   43.99950      39.56          3  0.000e+00
      29775   1240.583     79.703     80.364     7.4323     7.4652  34.798538  34.791212     7.4247     7.4575    33.9962    33.9561    26.5689    26.5327     2.0051     2.1380     61.038     65.088     0.9170     0.9243     0.0415     0.0129     3.2589     0.0000     0.0122 -124.39334   43.99950      39.56          3  0.000e+00
      29776   1240.625     79.657     80.317     7.4323     7.4658  34.798726  34.791463     7.4247     7.4582    33.9965    33.9558    26.5690    26.5323     2.0051     2.1380     61.037     65.086     0.9170     0.9243     0.0415     0.0129     3.2564     0.0000     0.0122 -124.39334   43.99950      39.54          3  0.000e+00
      29777   1240.667     79.697     80.357     7.4325     7.4663  34.798601  34.791400     7.4249     7.4587    33.9961    33.9553    26.5687    26.5318     1.9994     2.1380     60.864     65.086     0.9158     0.9243     0.0415     0.0129     3.2576     0.0000     0.0122 -124.39334   43.99950      39.54          3  0.000e+00
      29778   1240.708     79.657     80.317     7.4323     7.4663  34.798287  34.791588     7.4247     7.4587    33.9960    33.9555    26.5687    26.5320     1.9994     2.1380     60.864     65.086     0.9158     0.9243     0.0415     0.0129     3.2576     0.0000     0.0122 -124.39334   43.99950      39.54          3  0.000e+00
      29779   1240.750     79.657     80.317     7.4325     7.4665  34.798663  34.792529     7.4249     7.4589    33.9962    33.9563    26.5688    26.5326     2.0050     2.1379     61.037     65.085     0.9170     0.9243     0.0415     0.0129     3.2576     0.0000     0.0122 -124.39334   43.99950      39.54          3  0.000e+00
      29780   1240.792     79.703     80.364     7.4325     7.4667  34.798601  34.792905     7.4249     7.4590    33.9961    33.9565    26.5687    26.5327     2.0051     2.1379     61.037     65.085     0.9170     0.9243     0.0415     0.0129     3.2564     0.0000     0.0122 -124.39334   43.99950      39.54          3  0.000e+00
      29781   1240.833     79.657     80.317     7.4323     7.4665  34.798538  34.792717     7.4247     7.4589    33.9963    33.9565    26.5689    26.5328     2.0051     2.1379     61.037     65.085     0.9170     0.9243     0.0415     0.0129     3.2564     0.0000     0.0122 -124.39334   43.99950      39.56          3  0.000e+00
      29782   1240.875     79.703     80.364     7.4325     7.4665  34.798287  34.792278     7.4249     7.4588    33.9958    33.9560    26.5685    26.5324     2.0051     2.1380     61.037     65.085     0.9170     0.9243     0.0415     0.0129     3.2576     0.0000     0.0122 -124.39334   43.99950      39.56          3  0.000e+00
      29783   1240.917     79.657     80.317     7.4325     7.4661  34.797722  34.792779     7.4249     7.4585    33.9952    33.9569    26.5680    26.5331     1.9994     2.1380     60.864     65.085     0.9158     0.9243     0.0415     0.0129     3.2576     0.0000     0.0122 -124.39334   43.99950      39.58          3  0.000e+00
      29784   1240.958     79.703     80.364     7.4325     7.4662  34.797848  34.792717     7.4249     7.4586    33.9953    33.9568    26.5681    26.5330     2.0051     2.1442     61.038     65.275     0.9170     0.9255     0.0415     0.0129     3.2564     0.0000     0.0122 -124.39334   43.99950      39.56          3  0.000e+00
      29785   1241.000     79.657     80.317     7.4325     7.4665  34.797722  34.793406     7.4249     7.4589    33.9952    33.9573    26.5680    26.5334     2.0051     2.1379     61.037     65.085     0.9170     0.9243     0.0415     0.0129     3.2576     0.0000     0.0122 -124.39334   43.99950      39.56          3  0.000e+00
      29786   1241.042     79.703     80.364     7.4327     7.4665  34.797158  34.793845     7.4251     7.4588    33.9944    33.9577    26.5674    26.5337     2.0051     2.1379     61.038     65.085     0.9170     0.9243     0.0415     0.0129     3.2576     0.0000     0.0122 -124.39334   43.99950      39.56          3  0.000e+00
      29787   1241.083     79.657     80.317     7.4327     7.4674  34.797032  34.793532     7.4251     7.4598    33.9943    33.9565    26.5673    26.5326     2.0051     2.1379     61.038     65.083     0.9170     0.9243     0.0415     0.0129     3.2576     0.0000     0.0122 -124.39334   43.99950      39.56          3  0.000e+00
      29788   1241.125     79.703     80.364     7.4327     7.4682  34.797220  34.793532     7.4251     7.4605    33.9945    33.9557    26.5674    26.5319     2.0108     2.1379     61.211     65.083     0.9182     0.9243     0.0415     0.0129     3.2576     0.0000     0.0122 -124.39334   43.99950      39.54          3  0.000e+00
      29789   1241.167     79.657     80.317     7.4327     7.4681  34.797534  34.793782     7.4251     7.4604    33.9948    33.9561    26.5677    26.5322     2.0107     2.1379     61.211     65.082     0.9182     0.9243     0.0415     0.0129     3.2576     0.0000     0.0122 -124.39334   43.99950      39.54          3  0.000e+00
      29790   1241.208     79.703     80.364     7.4330     7.4681  34.797659  34.793720     7.4254     7.4604    33.9946    33.9560    26.5675    26.5322     2.0051     2.1379     61.037     65.083     0.9170     0.9243     0.0415     0.0129     3.2564     0.0000     0.0122 -124.39334   43.99950      39.54          3  0.000e+00
      29791   1241.250     79.657     80.317     7.4327     7.4676  34.797659  34.793845     7.4251     7.4600    33.9950    33.9566    26.5678    26.5327     2.0107     2.1379     61.211     65.083     0.9182     0.9243     0.0415     0.0129     3.2564     0.0000     0.0122 -124.39334   43.99950      39.54          3  0.000e+00
      29792   1241.292     79.703     80.364     7.4330     7.4675  34.797157  34.793908     7.4254     7.4599    33.9941    33.9568    26.5671    26.5328     2.0051     2.1379     61.038     65.083     0.9170     0.9243     0.0415     0.0129     3.2564     0.0000     0.0122 -124.39334   43.99950      39.54          3  0.000e+00
      29793   1241.333     79.657     80.317     7.4328     7.4678  34.796028  34.793532     7.4252     7.4602    33.9931    33.9561    26.5663    26.5323     2.0108     2.1379     61.211     65.083     0.9182     0.9243     0.0415     0.0129     3.2564     0.0000     0.0122 -124.39334   43.99950      39.51          3  0.000e+00
      29794   1241.375     79.703     80.364     7.4330     7.4679  34.795526  34.793971     7.4254     7.4603    33.9923    33.9564    26.5657    26.5325     2.0051     2.1379     61.038     65.083     0.9170     0.9243     0.0415     0.0129     3.2564     0.0000     0.0122 -124.39334   43.99950      39.51          3  0.000e+00
      29795   1241.417     79.657     80.317     7.4328     7.4681  34.794522  34.793720     7.4252     7.4604    33.9914    33.9560    26.5650    26.5322     2.0108     2.1441     61.212     65.271     0.9182     0.9255     0.0415     0.0129     3.2564     0.0000     0.0122 -124.39334   43.99950      39.49          3  0.000e+00
      29796   1241.458     79.703     80.364     7.4330     7.4674  34.793456  34.793908     7.4254     7.4598    33.9901    33.9568    26.5639    26.5329     2.0108     2.1441     61.213     65.273     0.9182     0.9255     0.0415     0.0129     3.2576     0.0000     0.0122 -124.39334   43.99950      39.51          3  0.000e+00
      29797   1241.500     79.657     80.317     7.4330     7.4675  34.793267  34.794409     7.4254     7.4599    33.9899    33.9574    26.5638    26.5333     2.0051     2.1441     61.039     65.272     0.9170     0.9255     0.0415     0.0129     3.2576     0.0000     0.0122 -124.39334   43.99950      39.51          3  0.000e+00
      29798   1241.542     79.703     80.364     7.4330     7.4676  34.792954  34.794284     7.4254     7.4600    33.9895    33.9571    26.5635    26.5331     2.0108     2.1441     61.213     65.272     0.9182     0.9255     0.0415     0.0129     3.2564     0.0000     0.0122 -124.39334   43.99950      39.49          3  0.000e+00
      29799   1241.583     79.703     80.364     7.4330     7.4676  34.792452  34.793845     7.4254     7.4600    33.9890    33.9566    26.5630    26.5327     2.0108     2.1441     61.213     65.272     0.9182     0.9255     0.0415     0.0129     3.2564     0.0000     0.0122 -124.39334   43.99950      39.51          3  0.000e+00
      29800   1241.625     79.657     80.317     7.4333     7.4672  34.792514  34.793845     7.4257     7.4596    33.9887    33.9570    26.5628    26.5330     2.0108     2.1441     61.212     65.272     0.9182     0.9255     0.0415     0.0129     3.2564     0.0000     0.0122 -124.39334   43.99950      39.49          3  0.000e+00
      29801   1241.667     79.657     80.317     7.4332     7.4667  34.792138  34.793406     7.4256     7.4590    33.9885    33.9571    26.5627    26.5332     2.0108     2.1441     61.213     65.273     0.9182     0.9255     0.0403    -0.0177     3.2564     0.0000     0.0122 -124.39334   43.99950      39.49          3  0.000e+00
      29802   1241.708     79.703     80.364     7.4332     7.4671  34.791260  34.793093     7.4256     7.4595    33.9875    33.9563    26.5619    26.5325     2.0108     2.1441     61.213     65.273     0.9182     0.9255     0.0403    -0.0177     3.2576     0.0000     0.0122 -124.39334   43.99950      39.49          3  0.000e+00
      29803   1241.750     79.703     80.364     7.4333     7.4668  34.791260  34.793218     7.4257     7.4591    33.9874    33.9567    26.5617    26.5329     2.0108     2.1441     61.213     65.274     0.9182     0.9255     0.0403    -0.0177     3.2564     0.0000     0.0122 -124.39334   43.99950      39.49          3  0.000e+00
      29804   1241.792     79.657     80.317     7.4333     7.4665  34.791385  34.792779     7.4257     7.4589    33.9876    33.9566    26.5619    26.5328     2.0108     2.1442     61.213     65.274     0.9182     0.9255     0.0403    -0.0177     3.2564     0.0000     0.0122 -124.39334   43.99950      39.49          3  0.000e+00
      29805   1241.833     79.703     80.364     7.4333     7.4658  34.790883  34.793407     7.4257     7.4582    33.9869    33.9578    26.5614    26.5339     2.0108     2.1442     61.213     65.275     0.9182     0.9255     0.0403    -0.0177     3.2589     0.0000     0.0122 -124.39334   43.99950      39.49          3  0.000e+00
      29806   1241.875     79.703     80.364     7.4335     7.4645  34.790256  34.792905     7.4259     7.4569    33.9861    33.9586    26.5607    26.5347     2.0108     2.1442     61.214     65.276     0.9182     0.9255     0.0403    -0.0177     3.2576     0.0000     0.0122 -124.39334   43.99950      39.49          3  0.000e+00
      29807   1241.917     79.697     80.357     7.4333     7.4635  34.789189  34.792278     7.4257     7.4559    33.9851    33.9589    26.5600    26.5351     2.0109     2.1443     61.214     65.278     0.9182     0.9255     0.0403    -0.0177     3.2576     0.0000     0.0122 -124.39334   43.99950      39.49          3  0.000e+00
      29808   1241.958     79.657     80.317     7.4335     7.4634  34.789126  34.792278     7.4259     7.4558    33.9849    33.9591    26.5598    26.5352     2.0108     2.1443     61.214     65.278     0.9182     0.9255     0.0403    -0.0177     3.2564     0.0000     0.0122 -124.39334   43.99950      39.49          3  0.000e+00
      29809   1242.000     79.657     80.317     7.4335     7.4634  34.789440  34.791150     7.4259     7.4558    33.9853    33.9578    26.5601    26.5342     2.0108     2.1443     61.214     65.278     0.9182     0.9255     0.0403    -0.0177     3.2576     0.0000     0.0122 -124.39334   43.99950      39.49          3  0.000e+00
      29810   1242.042     79.703     80.364     7.4335     7.4637  34.789315  34.790397     7.4259     7.4561    33.9851    33.9567    26.5599    26.5333     2.0165     2.1443     61.387     65.279     0.9194     0.9255     0.0403    -0.0177     3.2576     0.0000     0.0122 -124.39334   43.99950      39.49          3  0.000e+00
      29811   1242.083     79.703     80.364     7.4336     7.4635  34.789001  34.789708     7.4260     7.4559    33.9846    33.9561    26.5595    26.5329     2.0165     2.1443     61.387     65.279     0.9194     0.9255     0.0403    -0.0177     3.2589     0.0000     0.0122 -124.39334   43.99950      39.51          3  0.000e+00
      29812   1242.125     79.703     80.364     7.4335     7.4636  34.789126  34.788767     7.4259     7.4560    33.9849    33.9550    26.5598    26.5320     2.0165     2.1443     61.387     65.280     0.9194     0.9255     0.0403    -0.0177     3.2576     0.0000     0.0122 -124.39334   43.99950      39.51          3  0.000e+00
