WCOA/WCOA-6/CTD_Data/RB2102_CTD_002_01.ros
* Sea-Bird SBE 9 Data File:
* FileName = C:\Users\scs.user.rb\CTD\RB2102\Data\RB2102_CTD_002_01.hex
* Software Version Seasave V 7.26.7.107
* Temperature SN = 6202
* Conductivity SN = 4907
* Number of Bytes Per Scan = 41
* Number of Voltage Words = 4
* Number of Scans Averaged by the Deck Unit = 1
* NMEA Latitude = 51 42.56 N
* NMEA Longitude = 130 38.01 W
* NMEA UTC (Time) = Jun 25 2021  13:13:35
* NMEA baud rate = 4800
# nquan = 30
# nvalues = 1176                                  
# units = specified
# name 0 = scan: Scan Count
# name 1 = timeS: Time, Elapsed [seconds]
# name 2 = depSM: Depth [salt water, m]
# name 3 = prDM: Pressure, Digiquartz [db]
# name 4 = t090C: Temperature [ITS-90, deg C]
# name 5 = t190C: Temperature, 2 [ITS-90, deg C]
# name 6 = c0mS/cm: Conductivity [mS/cm]
# name 7 = c1mS/cm: Conductivity, 2 [mS/cm]
# name 8 = potemp090C: Potential Temperature [ITS-90, deg C]
# name 9 = potemp190C: Potential Temperature, 2 [ITS-90, deg C]
# name 10 = sal00: Salinity, Practical [PSU]
# name 11 = sal11: Salinity, Practical, 2 [PSU]
# name 12 = sigma-é00: Density [sigma-theta, kg/m^3]
# name 13 = sigma-é11: Density, 2 [sigma-theta, kg/m^3]
# name 14 = sbeox0Mg/L: Oxygen, SBE 43 [mg/l]
# name 15 = sbeox1Mg/L: Oxygen, SBE 43, 2 [mg/l]
# name 16 = sbox0Mm/Kg: Oxygen, SBE 43 [umol/kg]
# name 17 = sbox1Mm/Kg: Oxygen, SBE 43, 2 [umol/kg]
# name 18 = sbeox0V: Oxygen raw, SBE 43 [V]
# name 19 = sbeox1V: Oxygen raw, SBE 43, 2 [V]
# name 20 = v4: Voltage 4
# name 21 = flECO-AFL: Fluorescence, WET Labs ECO-AFL/FL [mg/m^3]
# name 22 = v3: Voltage 3
# name 23 = v6: Voltage 6
# name 24 = v7: Voltage 7
# name 25 = longitude: Longitude [deg]
# name 26 = latitude: Latitude [deg]
# name 27 = altM: Altimeter [m]
# name 28 = nbf: Bottles Fired
# name 29 = flag:  0.000e+00
# interval = seconds: 0.0416667
# start_time = Jun 25 2021 13:13:35 [NMEA time, header]
# bad_flag = -9.990e-29
*END*
[from data line 532]
     127844   5326.792    100.348    101.256     6.5858     6.5859  33.351173  33.351339     6.5770     6.5771    33.2267    33.2268    26.0782    26.0783     5.0847     4.9980    154.860    152.220     1.5470     1.4579     0.0440     0.0739     3.2894     1.5006     2.4530 -130.64480   51.71442      65.79         11  0.000e+00
     127845   5326.833    100.341    101.249     6.5858     6.5858  33.350864  33.351278     6.5770     6.5770    33.2264    33.2269    26.0779    26.0783     5.0847     4.9980    154.860    152.220     1.5470     1.4579     0.0440     0.0739     3.2906     1.5006     2.4530 -130.64480   51.71442      65.81         11  0.000e+00
     127846   5326.875    100.394    101.303     6.5858     6.5858  33.350741  33.351278     6.5770     6.5769    33.2262    33.2269    26.0778    26.0783     5.0847     4.9980    154.861    152.221     1.5470     1.4579     0.0427     0.0434     3.2906     1.5006     2.4530 -130.64480   51.71442      65.81         11  0.000e+00
     127847   5326.917    100.348    101.256     6.5857     6.5858  33.351173  33.351278     6.5769     6.5770    33.2269    33.2269    26.0783    26.0783     5.0847     4.9916    154.860    152.025     1.5470     1.4567     0.0440     0.0739     3.2894     1.5006     2.4530 -130.64480   51.71442      65.79         11  0.000e+00
     127848   5326.958    100.341    101.249     6.5857     6.5853  33.350864  33.351031     6.5769     6.5765    33.2265    33.2271    26.0781    26.0785     5.0847     4.9980    154.860    152.221     1.5470     1.4579     0.0440     0.0739     3.2894     1.4994     2.4518 -130.64480   51.71442      65.79         11  0.000e+00
     127849   5327.000    100.295    101.202     6.5858     6.5854  33.350926  33.351154     6.5770     6.5766    33.2265    33.2271    26.0780    26.0785     5.0846     4.9916    154.859    152.025     1.5470     1.4567     0.0440     0.0739     3.2894     1.5006     2.4530 -130.64480   51.71442      65.79         11  0.000e+00
     127850   5327.042    100.341    101.249     6.5857     6.5856  33.351234  33.351463     6.5769     6.5768    33.2269    33.2273    26.0784    26.0787     5.0847     4.9916    154.860    152.025     1.5470     1.4567     0.0427     0.0434     3.2894     1.5006     2.4383 -130.64480   51.71442      65.79         11  0.000e+00
     131494   5478.875     80.329     81.052     6.8319     6.8324  33.416343  33.416212     6.8247     6.8252    33.0703    33.0697    25.9223    25.9217     5.5456     5.4410    168.925    165.738     1.6520     1.5507     0.0464     0.1350     3.2882     1.4505     2.1209 -130.64478   51.71462      65.76         12  0.000e+00
     131495   5478.917     80.230     80.952     6.8316     6.8321  33.415725  33.416582     6.8244     6.8250    33.0700    33.0704    25.9221    25.9223     5.5456     5.4410    168.924    165.736     1.6520     1.5507     0.0464     0.1350     3.2894     1.4505     2.1209 -130.64478   51.71462      65.79         12  0.000e+00
     131496   5478.958     80.329     81.052     6.8313     6.8323  33.415540  33.416459     6.8241     6.8252    33.0700    33.0700    25.9222    25.9220     5.5457     5.4410    168.928    165.738     1.6520     1.5507     0.0464     0.1350     3.2894     1.4505     2.1209 -130.64478   51.71462      65.79         12  0.000e+00
     131497   5479.000     80.283     81.006     6.8308     6.8321  33.415354  33.416150     6.8236     6.8250    33.0703    33.0699    25.9225    25.9220     5.5458     5.4410    168.929    165.738     1.6520     1.5507     0.0452     0.1044     3.2894     1.4505     2.1209 -130.64478   51.71462      65.79         12  0.000e+00
     131498   5479.042     80.230     80.952     6.8308     6.8321  33.414798  33.416521     6.8236     6.8250    33.0697    33.0703    25.9220    25.9223     5.5457     5.4410    168.928    165.736     1.6520     1.5507     0.0452     0.1044     3.2894     1.4505     2.1197 -130.64478   51.71462      65.79         12  0.000e+00
     131499   5479.083     80.329     81.052     6.8306     6.8322  33.415355  33.416212     6.8235     6.8250    33.0704    33.0699    25.9226    25.9219     5.5458     5.4410    168.930    165.739     1.6520     1.5507     0.0452     0.1044     3.2894     1.4505     2.1111 -130.64478   51.71462      65.79         12  0.000e+00
     131500   5479.125     80.283     81.006     6.8308     6.8319  33.415478  33.416089     6.8236     6.8248    33.0705    33.0700    25.9226    25.9221     5.5458     5.4410    168.928    165.739     1.6520     1.5507     0.0464     0.1350     3.2882     1.4505     2.1074 -130.64478   51.71462      65.76         12  0.000e+00
     131501   5479.167     80.283     81.006     6.8308     6.8323  33.415107  33.416521     6.8236     6.8252    33.0701    33.0701    25.9223    25.9221     5.5458     5.4410    168.929    165.737     1.6520     1.5507     0.0464     0.1350     3.2894     1.4505     2.1074 -130.64478   51.71462      65.79         12  0.000e+00
     131502   5479.208     80.230     80.952     6.8308     6.8319  33.414984  33.416706     6.8236     6.8248    33.0699    33.0707    25.9222    25.9226     5.5457     5.4410    168.928    165.737     1.6520     1.5507     0.0464     0.1350     3.2894     1.4505     2.1087 -130.64478   51.71462      65.79         12  0.000e+00
     131503   5479.250     80.283     81.006     6.8302     6.8321  33.415169  33.416212     6.8230     6.8250    33.0707    33.0700    25.9229    25.9220     5.5458     5.4474    168.931    165.931     1.6520     1.5519     0.0464     0.1350     3.2882     1.4505     2.1087 -130.64478   51.71462      65.76         12  0.000e+00
     131504   5479.292     80.283     81.006     6.8298     6.8315  33.414799  33.415842     6.8226     6.8243    33.0706    33.0702    25.9228    25.9223     5.5459     5.4474    168.932    165.934     1.6520     1.5519     0.0464     0.1350     3.2882     1.4505     2.1074 -130.64478   51.71462      65.76         12  0.000e+00
     131505   5479.333     80.223     80.945     6.8293     6.8316  33.414552  33.415780     6.8222     6.8245    33.0709    33.0700    25.9231    25.9221     5.5459     5.4474    168.933    165.932     1.6520     1.5519     0.0464     0.1350     3.2894     1.4505     2.1087 -130.64478   51.71462      65.79         12  0.000e+00
     131506   5479.375     80.283     81.006     6.8291     6.8314  33.414181  33.415965     6.8220     6.8242    33.0706    33.0704    25.9229    25.9225     5.5460     5.4475    168.935    165.934     1.6520     1.5519     0.0464     0.1350     3.2882     1.4505     2.1087 -130.64478   51.71462      65.76         12  0.000e+00
     131507   5479.417     80.230     80.952     6.8291     6.8315  33.414057  33.416089     6.8220     6.8243    33.0705    33.0705    25.9228    25.9225     5.5459     5.4474    168.934    165.932     1.6520     1.5519     0.0464     0.1350     3.2894     1.4505     2.1074 -130.64478   51.71462      65.79         12  0.000e+00
     131508   5479.458     80.283     81.006     6.8290     6.8313  33.414058  33.415842     6.8218     6.8241    33.0706    33.0704    25.9229    25.9224     5.5460     5.4475    168.936    165.934     1.6520     1.5519     0.0464     0.1350     3.2882     1.4505     2.1087 -130.64478   51.71462      65.76         12  0.000e+00
     131509   5479.500     80.230     80.952     6.8290     6.8309  33.414243  33.415533     6.8218     6.8237    33.0708    33.0705    25.9231    25.9226     5.5518     5.4475    169.111    165.935     1.6532     1.5519     0.0464     0.1350     3.2882     1.4505     2.1074 -130.64478   51.71462      65.76         12  0.000e+00
     131510   5479.542     80.283     81.006     6.8295     6.8307  33.414799  33.415472     6.8223     6.8235    33.0710    33.0706    25.9231    25.9227     5.5459     5.4475    168.933    165.937     1.6520     1.5519     0.0464     0.1350     3.2882     1.4505     2.1074 -130.64478   51.71462      65.76         12  0.000e+00
     131511   5479.583     80.230     80.952     6.8298     6.8305  33.414428  33.414978     6.8227     6.8234    33.0703    33.0702    25.9225    25.9224     5.5517     5.4475    169.108    165.937     1.6532     1.5519     0.0464     0.1350     3.2894     1.4505     2.1074 -130.64478   51.71462      65.79         12  0.000e+00
     131512   5479.625     80.230     80.952     6.8296     6.8302  33.414799  33.414607     6.8225     6.8231    33.0709    33.0701    25.9230    25.9223     5.5517     5.4476    169.109    165.938     1.6532     1.5519     0.0464     0.1350     3.2882     1.4505     2.1074 -130.64478   51.71462      65.76         12  0.000e+00
     131513   5479.667     80.283     81.006     6.8298     6.8298  33.414984  33.414731     6.8226     6.8227    33.0708    33.0705    25.9230    25.9228     5.5517     5.4477    169.109    165.940     1.6532     1.5519     0.0464     0.1350     3.2882     1.4505     2.1074 -130.64478   51.71462      65.76         12  0.000e+00
     131514   5479.708     80.230     80.952     6.8300     6.8296  33.415169  33.414669     6.8228     6.8224    33.0709    33.0708    25.9231    25.9230     5.5458     5.4477    168.930    165.940     1.6520     1.5519     0.0452     0.1044     3.2894     1.4505     2.1074 -130.64478   51.71462      65.79         12  0.000e+00
     131515   5479.750     80.283     81.006     6.8298     6.8297  33.415046  33.414361     6.8226     6.8225    33.0709    33.0703    25.9231    25.9226     5.5459     5.4477    168.932    165.941     1.6520     1.5519     0.0464     0.1350     3.2882     1.4505     2.1087 -130.64478   51.71462      65.76         12  0.000e+00
     131516   5479.792     80.270     80.992     6.8298     6.8294  33.415355  33.414052     6.8226     6.8222    33.0713    33.0703    25.9233    25.9226     5.5459     5.4477    168.931    165.942     1.6520     1.5519     0.0464     0.1350     3.2894     1.4505     2.1074 -130.64478   51.71462      65.79         12  0.000e+00
     131517   5479.833     80.230     80.952     6.8300     6.8293  33.414860  33.414176     6.8228     6.8221    33.0706    33.0705    25.9228    25.9228     5.5458     5.4477    168.930    165.942     1.6520     1.5519     0.0464     0.1350     3.2894     1.4505     2.1074 -130.64478   51.71462      65.79         12  0.000e+00
     131518   5479.875     80.283     81.006     6.8296     6.8291  33.414675  33.414052     6.8225     6.8219    33.0707    33.0705    25.9229    25.9229     5.5459     5.4478    168.933    165.943     1.6520     1.5519     0.0464     0.1350     3.2894     1.4505     2.1087 -130.64478   51.71462      65.79         12  0.000e+00
     131519   5479.917     80.230     80.952     6.8296     6.8286  33.414675  33.413991     6.8225     6.8214    33.0707    33.0710    25.9229    25.9233     5.5459     5.4478    168.932    165.944     1.6520     1.5519     0.0464     0.1350     3.2882     1.4505     2.1087 -130.64478   51.71462      65.76         12  0.000e+00
     131520   5479.958     80.283     81.006     6.8298     6.8284  33.414675  33.413497     6.8226     6.8213    33.0705    33.0705    25.9227    25.9230     5.5459     5.4479    168.932    165.946     1.6520     1.5519     0.0464     0.1350     3.2894     1.4505     2.1074 -130.64478   51.71462      65.79         12  0.000e+00
     131521   5480.000     80.283     81.006     6.8295     6.8279  33.414799  33.413559     6.8223     6.8208    33.0710    33.0711    25.9231    25.9234     5.5459     5.4479    168.933    165.948     1.6520     1.5519     0.0464     0.1350     3.2894     1.4505     2.1074 -130.64478   51.71462      65.79         12  0.000e+00
     131522   5480.042     80.230     80.952     6.8296     6.8279  33.414675  33.413682     6.8225     6.8208    33.0707    33.0712    25.9229    25.9236     5.5459     5.4479    168.932    165.946     1.6520     1.5519     0.0464     0.1350     3.2894     1.4505     2.1074 -130.64478   51.71462      65.79         12  0.000e+00
     131523   5480.083     80.329     81.052     6.8291     6.8279  33.414861  33.413682     6.8220     6.8208    33.0713    33.0712    25.9235    25.9235     5.5518     5.4479    169.112    165.948     1.6532     1.5519     0.0464     0.1350     3.2882     1.4505     2.1050 -130.64478   51.71462      65.76         12  0.000e+00
     131524   5480.125     80.283     81.006     6.8296     6.8281  33.414737  33.413867     6.8225     6.8209    33.0708    33.0713    25.9230    25.9236     5.5517     5.4479    169.110    165.947     1.6532     1.5519     0.0464     0.1350     3.2894     1.4505     2.1050 -130.64478   51.71462      65.79         12  0.000e+00
     131525   5480.167     80.283     81.006     6.8295     6.8284  33.414861  33.414176     6.8223     6.8213    33.0710    33.0713    25.9232    25.9235     5.5517     5.4478    169.110    165.945     1.6532     1.5519     0.0464     0.1350     3.2882     1.4505     2.1050 -130.64478   51.71462      65.76         12  0.000e+00
     131526   5480.208     80.283     81.006     6.8296     6.8286  33.414860  33.414299     6.8225     6.8214    33.0709    33.0713    25.9231    25.9235     5.5459     5.4478    168.933    165.945     1.6520     1.5519     0.0452     0.1044     3.2894     1.4505     2.1050 -130.64478   51.71462      65.79         12  0.000e+00
     131527   5480.250     80.283     81.006     6.8296     6.8286  33.415169  33.414299     6.8225     6.8214    33.0712    33.0713    25.9233    25.9235     5.5459     5.4478    168.932    165.945     1.6520     1.5519     0.0464     0.1350     3.2894     1.4505     2.1050 -130.64478   51.71462      65.79         12  0.000e+00
     131528   5480.292     80.323     81.046     6.8296     6.8282  33.414799  33.413806     6.8225     6.8211    33.0708    33.0711    25.9230    25.9234     5.5459     5.4479    168.934    165.947     1.6520     1.5519     0.0464     0.1350     3.2882     1.4505     2.1050 -130.64478   51.71462      65.76         12  0.000e+00
     131529   5480.333     80.283     81.006     6.8296     6.8281  33.414428  33.413435     6.8225     6.8209    33.0704    33.0708    25.9227    25.9232     5.5517     5.4479    169.110    165.947     1.6532     1.5519     0.0464     0.1350     3.2882     1.4505     2.1050 -130.64478   51.71462      65.76         12  0.000e+00
     131530   5480.375     80.329     81.052     6.8295     6.8279  33.414799  33.413806     6.8223     6.8208    33.0709    33.0713    25.9231    25.9236     5.5518     5.4543    169.111    166.142     1.6532     1.5531     0.0464     0.1350     3.2882     1.4505     2.1050 -130.64478   51.71462      65.76         12  0.000e+00
     131531   5480.417     80.329     81.052     6.8296     6.8278  33.415108  33.413744     6.8224     6.8206    33.0711    33.0714    25.9233    25.9238     5.5517     5.4480    169.110    165.949     1.6532     1.5519     0.0464     0.1350     3.2894     1.4505     2.1050 -130.64478   51.71462      65.79         12  0.000e+00
     131532   5480.458     80.329     81.052     6.8293     6.8281  33.414799  33.413867     6.8222     6.8209    33.0711    33.0713    25.9233    25.9236     5.5518     5.4479    169.112    165.948     1.6532     1.5519     0.0464     0.1350     3.2894     1.4505     2.1050 -130.64478   51.71462      65.79         12  0.000e+00
     131533   5480.500     80.329     81.052     6.8293     6.8281  33.414675  33.413991     6.8222     6.8209    33.0709    33.0714    25.9232    25.9237     5.5518     5.4543    169.112    166.141     1.6532     1.5531     0.0464     0.1350     3.2882     1.4505     2.1050 -130.64478   51.71462      65.76         12  0.000e+00
     131534   5480.542     80.382     81.106     6.8295     6.8281  33.414861  33.414176     6.8223     6.8209    33.0710    33.0716    25.9232    25.9238     5.5460     5.4543    168.935    166.142     1.6520     1.5531     0.0464     0.1350     3.2882     1.4505     2.1050 -130.64478   51.71462      65.76         12  0.000e+00
