WCOA/WCOA-6/CTD_Data/RB2102_CTD_032_01.ros
* Sea-Bird SBE 9 Data File:
* FileName = C:\Users\scs.user.rb\CTD\RB2102\Data\RB2102_CTD_032_01.hex
* Software Version Seasave V 7.26.7.107
* Temperature SN = 6202
* Conductivity SN = 4907
* Number of Bytes Per Scan = 41
* Number of Voltage Words = 4
* Number of Scans Averaged by the Deck Unit = 1
* NMEA Latitude = 46 07.72 N
* NMEA Longitude = 124 16.15 W
* NMEA UTC (Time) = Jul 01 2021  03:09:19
* NMEA baud rate = 4800
# nquan = 30
# nvalues = 784                                   
# units = specified
# name 0 = scan: Scan Count
# name 1 = timeS: Time, Elapsed [seconds]
# name 2 = depSM: Depth [salt water, m]
# name 3 = prDM: Pressure, Digiquartz [db]
# name 4 = t090C: Temperature [ITS-90, deg C]
# name 5 = t190C: Temperature, 2 [ITS-90, deg C]
# name 6 = c0mS/cm: Conductivity [mS/cm]
# name 7 = c1mS/cm: Conductivity, 2 [mS/cm]
# name 8 = potemp090C: Potential Temperature [ITS-90, deg C]
# name 9 = potemp190C: Potential Temperature, 2 [ITS-90, deg C]
# name 10 = sal00: Salinity, Practical [PSU]
# name 11 = sal11: Salinity, Practical, 2 [PSU]
# name 12 = sigma-é00: Density [sigma-theta, kg/m^3]
# name 13 = sigma-é11: Density, 2 [sigma-theta, kg/m^3]
# name 14 = sbeox0Mg/L: Oxygen, SBE 43 [mg/l]
# name 15 = sbeox1Mg/L: Oxygen, SBE 43, 2 [mg/l]
# name 16 = sbox0Mm/Kg: Oxygen, SBE 43 [umol/kg]
# name 17 = sbox1Mm/Kg: Oxygen, SBE 43, 2 [umol/kg]
# name 18 = sbeox0V: Oxygen raw, SBE 43 [V]
# name 19 = sbeox1V: Oxygen raw, SBE 43, 2 [V]
# name 20 = v4: Voltage 4
# name 21 = flECO-AFL: Fluorescence, WET Labs ECO-AFL/FL [mg/m^3]
# name 22 = v3: Voltage 3
# name 23 = v6: Voltage 6
# name 24 = v7: Voltage 7
# name 25 = longitude: Longitude [deg]
# name 26 = latitude: Latitude [deg]
# name 27 = altM: Altimeter [m]
# name 28 = nbf: Bottles Fired
# name 29 = flag:  0.000e+00
# interval = seconds: 0.0416667
# start_time = Jul 01 2021 03:09:19 [NMEA time, header]
# bad_flag = -9.990e-29
*END*
[from data line 677]
      44837   1868.167      3.238      3.265    15.4245    15.4022  37.844003  37.835698    15.4240    15.4018    30.0893    30.0989    22.0993    22.1115     9.4411     9.2056    288.660    281.457     2.8694     2.6471     0.1233     2.0580     3.2796     0.6264     0.0000 -124.26990   46.12940      95.63         14  0.000e+00
      44838   1868.208      3.238      3.265    15.4241    15.4016  37.844003  37.835828    15.4236    15.4012    30.0895    30.0995    22.0996    22.1121     9.4412     9.2005    288.662    281.299     2.8694     2.6459     0.1233     2.0580     3.2796     0.6276     0.0000 -124.26990   46.12940      95.65         14  0.000e+00
      44839   1868.250      3.238      3.265    15.4235    15.3994  37.844003  37.836023    15.4230    15.3989    30.0900    30.1014    22.1001    22.1140     9.4364     9.2061    288.517    281.469     2.8681     2.6471     0.1233     2.0580     3.2796     0.6264     0.0000 -124.26990   46.12940      95.65         14  0.000e+00
      44840   1868.292      3.238      3.265    15.4228    15.3972  37.844003  37.835764    15.4223    15.3967    30.0906    30.1028    22.1007    22.1156     9.4365     9.2064    288.520    281.479     2.8681     2.6471     0.1245     2.0886     3.2796     0.6276     0.0000 -124.26990   46.12940      95.65         14  0.000e+00
      44841   1868.333      3.252      3.279    15.4219    15.3969  37.843744  37.835245    15.4215    15.3964    30.0910    30.1026    22.1012    22.1155     9.4367     9.2065    288.524    281.482     2.8681     2.6471     0.1282     2.1801     3.2796     0.6276     0.0000 -124.26990   46.12940      95.65         14  0.000e+00
      44842   1868.375      3.185      3.212    15.4211    15.3989  37.843874  37.834921    15.4206    15.3984    30.0918    30.1008    22.1019    22.1137     9.4367     9.2061    288.525    281.472     2.8681     2.6471     0.1306     2.2412     3.2796     0.6276     0.0000 -124.26990   46.12940      95.65         14  0.000e+00
      44843   1868.417      3.185      3.212    15.4203    15.3981  37.843744  37.835310    15.4198    15.3976    30.0923    30.1018    22.1025    22.1146     9.4369     9.2062    288.529    281.474     2.8681     2.6471     0.1294     2.2107     3.2796     0.6264     0.0000 -124.26990   46.12940      95.68         14  0.000e+00
      44844   1868.458      3.186      3.212    15.4199    15.3965  37.843874  37.835699    15.4194    15.3961    30.0927    30.1033    22.1029    22.1161     9.4369     9.2065    288.530    281.481     2.8681     2.6471     0.1294     2.2107     3.2796     0.6276     0.0000 -124.26990   46.12940      95.73         14  0.000e+00
      44845   1868.500      3.139      3.165    15.4184    15.3955  37.844004  37.836023    15.4179    15.3950    30.0939    30.1044    22.1042    22.1171     9.4322     9.2065    288.387    281.483     2.8669     2.6471     0.1294     2.2107     3.2796     0.6276     0.0000 -124.26990   46.12940      95.73         14  0.000e+00
      44925   1871.833      3.632      3.662    15.4096    15.3768  37.836938  37.842573    15.4091    15.3763    30.0943    30.1243    22.1064    22.1365     9.4732     9.2044    289.639    281.413     2.8767     2.6459     0.1270     2.1496     3.2796     0.6252     0.0000 -124.26990   46.12938      95.34         15  0.000e+00
      44926   1871.875      3.632      3.662    15.4101    15.3792  37.836354  37.842702    15.4096    15.3786    30.0934    30.1226    22.1056    22.1347     9.4732     9.2040    289.638    281.402     2.8767     2.6459     0.1270     2.1496     3.2808     0.6252     0.0000 -124.26990   46.12938      95.31         15  0.000e+00
      44927   1871.917      3.678      3.709    15.4113    15.3804  37.836094  37.843415    15.4107    15.3798    30.0922    30.1223    22.1044    22.1342     9.4779     9.2039    289.783    281.397     2.8779     2.6459     0.1270     2.1496     3.2796     0.6252     0.0000 -124.26990   46.12938      95.26         15  0.000e+00
      44928   1871.958      3.632      3.662    15.4140    15.3785  37.836742  37.843027    15.4134    15.3779    30.0907    30.1235    22.1027    22.1355     9.4774     9.2041    289.768    281.404     2.8779     2.6459     0.1270     2.1496     3.2796     0.6252     0.0000 -124.26990   46.12938      95.21         15  0.000e+00
      44929   1872.000      3.645      3.676    15.4165    15.3776  37.836483  37.842573    15.4160    15.3771    30.0886    30.1237    22.1005    22.1358     9.4819     9.2043    289.906    281.409     2.8791     2.6459     0.1270     2.1496     3.2796     0.6252     0.0000 -124.26990   46.12938      95.21         15  0.000e+00
      44930   1872.042      3.679      3.709    15.4191    15.3788  37.836353  37.842249    15.4185    15.3783    30.0865    30.1225    22.0983    22.1347     9.4816     9.2042    289.897    281.406     2.8791     2.6459     0.1270     2.1496     3.2796     0.6252     0.0000 -124.26990   46.12938      95.21         15  0.000e+00
      44931   1872.083      3.632      3.662    15.4209    15.3804  37.835769  37.842184    15.4204    15.3799    30.0846    30.1212    22.0965    22.1334     9.4813     9.2039    289.888    281.397     2.8791     2.6459     0.1270     2.1496     3.2796     0.6252     0.0000 -124.26990   46.12938      95.21         15  0.000e+00
      44932   1872.125      3.679      3.709    15.4232    15.3840  37.834926  37.842378    15.4227    15.3834    30.0820    30.1187    22.0940    22.1306     9.4859     9.2034    290.029    281.383     2.8803     2.6459     0.1270     2.1496     3.2796     0.6252     0.0000 -124.26990   46.12938      95.21         15  0.000e+00
      44933   1872.167      3.679      3.709    15.4255    15.3856  37.833888  37.842248    15.4249    15.3851    30.0794    30.1173    22.0915    22.1292     9.4856     9.2031    290.021    281.375     2.8803     2.6459     0.1270     2.1496     3.2796     0.6252     0.0000 -124.26990   46.12938      95.21         15  0.000e+00
      44934   1872.208      3.679      3.709    15.4294    15.3863  37.833174  37.841729    15.4288    15.3858    30.0758    30.1163    22.0879    22.1283     9.4850     9.2031    290.006    281.373     2.8803     2.6459     0.1270     2.1496     3.2796     0.6252     0.0000 -124.26990   46.12938      95.21         15  0.000e+00
      44935   1872.250      3.679      3.709    15.4329    15.3914  37.832720  37.841210    15.4324    15.3909    30.0727    30.1119    22.0848    22.1238     9.4845     9.2023    289.991    281.351     2.8803     2.6459     0.1270     2.1496     3.2796     0.6252     0.0000 -124.26990   46.12938      95.21         15  0.000e+00
      44936   1872.292      3.632      3.663    15.4361    15.3943  37.832200  37.841339    15.4356    15.3938    30.0698    30.1098    22.0818    22.1216     9.4889     9.2018    290.125    281.337     2.8816     2.6459     0.1270     2.1496     3.2808     0.6252     0.0000 -124.26990   46.12938      95.21         15  0.000e+00
      44937   1872.333      3.692      3.723    15.4382    15.3902  37.832719  37.842248    15.4376    15.3897    30.0687    30.1138    22.0806    22.1255     9.4886     9.2025    290.117    281.356     2.8816     2.6459     0.1270     2.1496     3.2808     0.6252     0.0000 -124.26990   46.12938      95.21         15  0.000e+00
      44938   1872.375      3.679      3.709    15.4400    15.3846  37.832784  37.842961    15.4395    15.3841    30.0673    30.1187    22.0791    22.1305     9.4835     9.2033    289.961    281.379     2.8803     2.6459     0.1270     2.1496     3.2796     0.6252     0.0000 -124.26990   46.12938      95.21         15  0.000e+00
      44939   1872.417      3.679      3.709    15.4410    15.3802  37.832719  37.843610    15.4405    15.3796    30.0665    30.1226    22.0783    22.1345     9.4833     9.2091    289.956    281.558     2.8803     2.6471     0.1270     2.1496     3.2796     0.6252     0.0000 -124.26990   46.12938      95.24         15  0.000e+00
      44940   1872.458      3.633      3.663    15.4414    15.3761  37.832913  37.844258    15.4408    15.3756    30.0664    30.1264    22.0781    22.1382     9.4832     9.2044    289.953    281.413     2.8803     2.6459     0.1270     2.1496     3.2808     0.6252     0.0000 -124.26990   46.12938      95.26         15  0.000e+00
      44941   1872.500      3.679      3.709    15.4420    15.3727  37.833237  37.844777    15.4415    15.3721    30.0662    30.1294    22.0778    22.1413     9.4832     9.2050    289.951    281.429     2.8803     2.6459     0.1270     2.1496     3.2784     0.6252     0.0000 -124.26990   46.12938      95.26         15  0.000e+00
      44942   1872.542      3.633      3.663    15.4419    15.3702  37.833756  37.844518    15.4413    15.3696    30.0668    30.1311    22.0783    22.1432     9.4831     9.2053    289.949    281.439     2.8803     2.6459     0.1270     2.1496     3.2796     0.6252     0.0000 -124.26990   46.12938      95.26         15  0.000e+00
      44943   1872.583      3.679      3.709    15.4403    15.3659  37.833497  37.844973    15.4398    15.3653    30.0677    30.1348    22.0793    22.1469     9.4834     9.2060    289.958    281.459     2.8803     2.6459     0.1270     2.1496     3.2808     0.6252     0.0000 -124.26990   46.12938      95.26         15  0.000e+00
      44944   1872.625      3.633      3.663    15.4382    15.3599  37.833302  37.845881    15.4376    15.3594    30.0692    30.1402    22.0810    22.1523     9.4788     9.2068    289.818    281.482     2.8791     2.6459     0.1270     2.1496     3.2808     0.6252     0.0000 -124.26990   46.12938      95.26         15  0.000e+00
      44945   1872.667      3.646      3.676    15.4355    15.3579  37.832849  37.845881    15.4349    15.3573    30.0709    30.1418    22.0828    22.1540     9.4793     9.2072    289.831    281.492     2.8791     2.6459     0.1270     2.1496     3.2808     0.6252     0.0000 -124.26990   46.12938      95.26         15  0.000e+00
      44946   1872.708      3.633      3.663    15.4333    15.3594  37.832914  37.845297    15.4327    15.3589    30.0726    30.1401    22.0846    22.1523     9.4796     9.2069    289.840    281.485     2.8791     2.6459     0.1270     2.1496     3.2808     0.6252     0.0000 -124.26990   46.12938      95.21         15  0.000e+00
      44947   1872.750      3.633      3.663    15.4313    15.3586  37.832785  37.845362    15.4308    15.3581    30.0740    30.1407    22.0861    22.1530     9.4799     9.2071    289.848    281.489     2.8791     2.6459     0.1270     2.1496     3.2808     0.6252     0.0000 -124.26990   46.12938      95.21         15  0.000e+00
      44948   1872.792      3.633      3.663    15.4300    15.3577  37.832914  37.845492    15.4295    15.3572    30.0751    30.1415    22.0872    22.1538     9.4801     9.2072    289.854    281.493     2.8791     2.6459     0.1270     2.1496     3.2796     0.6252     0.0000 -124.26990   46.12940      95.21         15  0.000e+00
      44949   1872.833      3.580      3.610    15.4292    15.3613  37.832979  37.845232    15.4287    15.3608    30.0758    30.1386    22.0880    22.1508     9.4801     9.2118    289.855    281.636     2.8791     2.6471     0.1270     2.1496     3.2796     0.6252     0.0000 -124.26990   46.12940      95.21         15  0.000e+00
      44950   1872.875      3.580      3.610    15.4285    15.3761  37.832979  37.841147    15.4280    15.3756    30.0763    30.1236    22.0885    22.1361     9.4754     9.2045    289.710    281.416     2.8779     2.6459     0.1270     2.1496     3.2796     0.6264     0.0000 -124.26990   46.12940      95.21         15  0.000e+00
      44951   1872.917      3.633      3.663    15.4268    15.3887  37.832980  37.837063    15.4263    15.3882    30.0776    30.1103    22.0898    22.1232     9.4757     9.2029    289.720    281.369     2.8779     2.6459     0.1270     2.1496     3.2808     0.6264     0.0000 -124.26990   46.12940      95.19         15  0.000e+00
      44952   1872.958      3.580      3.610    15.4256    15.3914  37.832785  37.835895    15.4251    15.3909    30.0783    30.1073    22.0907    22.1203     9.4807     9.2025    289.871    281.357     2.8791     2.6459     0.1270     2.1496     3.2796     0.6264     0.0000 -124.26990   46.12940      95.12         15  0.000e+00
      44953   1873.000      3.547      3.576    15.4238    15.3901  37.833109  37.835831    15.4233    15.3896    30.0801    30.1082    22.0924    22.1213     9.4760     9.2079    289.729    281.522     2.8779     2.6471     0.1270     2.1496     3.2796     0.6252     0.0000 -124.26990   46.12940      95.12         15  0.000e+00
      44954   1873.042      3.580      3.610    15.4216    15.3919  37.833564  37.835312    15.4211    15.3914    30.0821    30.1064    22.0944    22.1194     9.4764     9.2024    289.739    281.356     2.8779     2.6459     0.1270     2.1496     3.2796     0.6264     0.0000 -124.26990   46.12940      95.12         15  0.000e+00
      44955   1873.083      3.534      3.563    15.4196    15.3940  37.833888  37.834923    15.4191    15.3935    30.0840    30.1045    22.0963    22.1175     9.4766     9.2073    289.746    281.506     2.8779     2.6471     0.1270     2.1496     3.2796     0.6252     0.0000 -124.26990   46.12940      95.12         15  0.000e+00
      44956   1873.125      3.580      3.610    15.4172    15.3938  37.834537  37.835182    15.4166    15.3933    30.0864    30.1048    22.0986    22.1178     9.4770     9.2074    289.757    281.508     2.8779     2.6471     0.1270     2.1496     3.2796     0.6264     0.0000 -124.26990   46.12940      95.12         15  0.000e+00
      44957   1873.167      3.481      3.510    15.4153    15.3894  37.835185  37.836155    15.4148    15.3889    30.0884    30.1091    22.1006    22.1221     9.4723     9.2079    289.612    281.522     2.8767     2.6471     0.1270     2.1496     3.2796     0.6252     0.0000 -124.26990   46.12940      95.12         15  0.000e+00
      44958   1873.208      3.580      3.610    15.4145    15.3831  37.835769  37.838230    15.4139    15.3826    30.0895    30.1157    22.1017    22.1285     9.4725     9.2089    289.618    281.550     2.8767     2.6471     0.1270     2.1496     3.2796     0.6264     0.0000 -124.26990   46.12940      95.12         15  0.000e+00
      44959   1873.250      3.481      3.510    15.4136    15.3777  37.836547  37.839332    15.4131    15.3772    30.0909    30.1208    22.1029    22.1336     9.4724     9.2095    289.617    281.569     2.8767     2.6471     0.1270     2.1496     3.2796     0.6264     0.0000 -124.26990   46.12940      95.12         15  0.000e+00
      44960   1873.292      3.481      3.510    15.4118    15.3756  37.837650  37.840239    15.4113    15.3751    30.0933    30.1232    22.1051    22.1359     9.4678     9.2098    289.475    281.577     2.8755     2.6471     0.1270     2.1496     3.2796     0.6252     0.0000 -124.26990   46.12940      95.12         15  0.000e+00
      44961   1873.333      3.534      3.563    15.4098    15.3734  37.837975  37.840499    15.4092    15.3729    30.0951    30.1252    22.1069    22.1379     9.4682     9.2102    289.485    281.588     2.8755     2.6471     0.1270     2.1496     3.2808     0.6264     0.0000 -124.26990   46.12940      95.12         15  0.000e+00
      44962   1873.375      3.448      3.477    15.4076    15.3746  37.838429  37.839980    15.4071    15.3741    30.0972    30.1238    22.1090    22.1366     9.4684     9.2099    289.490    281.581     2.8755     2.6471     0.1270     2.1496     3.2796     0.6264     0.0000 -124.26990   46.12940      95.12         15  0.000e+00
      44963   1873.417      3.481      3.510    15.4062    15.3770  37.838624  37.839850    15.4057    15.3765    30.0984    30.1218    22.1102    22.1346     9.4686     9.2096    289.497    281.571     2.8755     2.6471     0.1270     2.1496     3.2796     0.6264     0.0000 -124.26990   46.12940      95.12         15  0.000e+00
