WCOA/WCOA-6/CTD_Data/RB2102_CTD_029_01.ros
* Sea-Bird SBE 9 Data File:
* FileName = C:\Users\scs.user.rb\CTD\RB2102\Data\RB2102_CTD_029_01.hex
* Software Version Seasave V 7.26.7.107
* Temperature SN = 6202
* Conductivity SN = 4907
* Number of Bytes Per Scan = 41
* Number of Voltage Words = 4
* Number of Scans Averaged by the Deck Unit = 1
* NMEA Latitude = 46 11.59 N
* NMEA Longitude = 123 54.83 W
* NMEA UTC (Time) = Jun 30 2021  22:10:19
* NMEA baud rate = 4800
# nquan = 30
# nvalues = 539                                   
# units = specified
# name 0 = scan: Scan Count
# name 1 = timeS: Time, Elapsed [seconds]
# name 2 = depSM: Depth [salt water, m]
# name 3 = prDM: Pressure, Digiquartz [db]
# name 4 = t090C: Temperature [ITS-90, deg C]
# name 5 = t190C: Temperature, 2 [ITS-90, deg C]
# name 6 = c0mS/cm: Conductivity [mS/cm]
# name 7 = c1mS/cm: Conductivity, 2 [mS/cm]
# name 8 = potemp090C: Potential Temperature [ITS-90, deg C]
# name 9 = potemp190C: Potential Temperature, 2 [ITS-90, deg C]
# name 10 = sal00: Salinity, Practical [PSU]
# name 11 = sal11: Salinity, Practical, 2 [PSU]
# name 12 = sigma-é00: Density [sigma-theta, kg/m^3]
# name 13 = sigma-é11: Density, 2 [sigma-theta, kg/m^3]
# name 14 = sbeox0Mg/L: Oxygen, SBE 43 [mg/l]
# name 15 = sbeox1Mg/L: Oxygen, SBE 43, 2 [mg/l]
# name 16 = sbox0Mm/Kg: Oxygen, SBE 43 [umol/kg]
# name 17 = sbox1Mm/Kg: Oxygen, SBE 43, 2 [umol/kg]
# name 18 = sbeox0V: Oxygen raw, SBE 43 [V]
# name 19 = sbeox1V: Oxygen raw, SBE 43, 2 [V]
# name 20 = v4: Voltage 4
# name 21 = flECO-AFL: Fluorescence, WET Labs ECO-AFL/FL [mg/m^3]
# name 22 = v3: Voltage 3
# name 23 = v6: Voltage 6
# name 24 = v7: Voltage 7
# name 25 = longitude: Longitude [deg]
# name 26 = latitude: Latitude [deg]
# name 27 = altM: Altimeter [m]
# name 28 = nbf: Bottles Fired
# name 29 = flag:  0.000e+00
# interval = seconds: 0.0416667
# start_time = Jun 30 2021 22:10:19 [NMEA time, header]
# bad_flag = -9.990e-29
*END*
[from data line 291]
      15222    634.208      5.965      6.014    20.7073    20.7093   5.494757   5.489458    20.7064    20.7084     3.2612     3.2577     0.5355     0.5324     8.5967     8.3656    268.507    261.289     2.5385     2.3565     0.0965     1.3865     3.2088     0.7448     0.0000 -123.91370   46.19314       8.86          6  0.000e+00
      15223    634.250      5.965      6.014    20.7078    20.7096   5.494241   5.488503    20.7069    20.7087     3.2608     3.2570     0.5351     0.5319     8.5966     8.3656    268.505    261.289     2.5385     2.3565     0.0965     1.3865     3.2088     0.7448     0.0000 -123.91370   46.19314       8.86          6  0.000e+00
      15224    634.292      6.011      6.061    20.7076    20.7093   5.494572   5.488871    20.7066    20.7084     3.2610     3.2573     0.5353     0.5321     8.5916     8.3657    268.348    261.291     2.5372     2.3565     0.0965     1.3865     3.2076     0.7448     0.0000 -123.91370   46.19314       8.86          6  0.000e+00
      17957    748.167      4.040      4.073    20.9214    20.9192   4.485304   4.506959    20.9207    20.9185     2.6142     2.6277    -0.0020     0.0088     8.6680     8.3693    270.879    261.541     2.5568     2.3590     0.1026     1.5391     3.2051     0.7473     0.0000 -123.91360   46.19302      11.01          7  0.000e+00
      17958    748.208      4.040      4.073    20.9224    20.9211   4.479745   4.497898    20.9218    20.9205     2.6106     2.6220    -0.0049     0.0040     8.6680     8.3692    270.879    261.540     2.5568     2.3590     0.1026     1.5391     3.2063     0.7473     0.0000 -123.91360   46.19302      11.01          7  0.000e+00
      17959    748.250      4.040      4.073    20.9231    20.9237   4.475648   4.482945    20.9225    20.9231     2.6081     2.6126    -0.0070    -0.0037     8.6731     8.3692    271.040    261.543     2.5580     2.3590     0.1026     1.5391     3.2063     0.7473     0.0000 -123.91360   46.19302      11.04          7  0.000e+00
      17960    748.292      3.987      4.020    20.9237    20.9257   4.475043   4.468355    20.9230    20.9250     2.6077     2.6034    -0.0074    -0.0111     8.6730     8.3693    271.036    261.546     2.5580     2.3590     0.1026     1.5391     3.2063     0.7473     0.0000 -123.91360   46.19302      11.06          7  0.000e+00
      17961    748.333      4.040      4.073    20.9236    20.9259   4.478107   4.462109    20.9230    20.9252     2.6096     2.5995    -0.0059    -0.0141     8.6678     8.3695    270.875    261.554     2.5568     2.3590     0.1026     1.5391     3.2051     0.7473     0.0000 -123.91360   46.19302      11.06          7  0.000e+00
      17962    748.375      4.040      4.073    20.9228    20.9259   4.484306   4.461115    20.9221    20.9252     2.6135     2.5989    -0.0028    -0.0145     8.6678     8.3695    270.873    261.555     2.5568     2.3590     0.1026     1.5391     3.2051     0.7473     0.0000 -123.91360   46.19302      11.06          7  0.000e+00
      17963    748.417      4.000      4.033    20.9219    20.9257   4.493038   4.460583    20.9213    20.9250     2.6189     2.5986     0.0015    -0.0147     8.6676     8.3695    270.866    261.555     2.5568     2.3590     0.1026     1.5391     3.2063     0.7473     0.0000 -123.91360   46.19302      11.06          7  0.000e+00
      17964    748.458      4.040      4.073    20.9212    20.9257   4.497031   4.460867    20.9206    20.9251     2.6214     2.5987     0.0036    -0.0146     8.6676     8.3696    270.866    261.556     2.5568     2.3590     0.1026     1.5391     3.2051     0.7473     0.0000 -123.91360   46.19302      11.06          7  0.000e+00
      17965    748.500      3.987      4.020    20.9212    20.9259   4.496211   4.461009    20.9206    20.9252     2.6209     2.5988     0.0032    -0.0146     8.6625     8.3695    270.706    261.553     2.5556     2.3590     0.1026     1.5391     3.2051     0.7473     0.0000 -123.91360   46.19302      11.04          7  0.000e+00
      17966    748.542      4.040      4.073    20.9212    20.9262   4.492468   4.460264    20.9206    20.9256     2.6186     2.5983     0.0014    -0.0150     8.6678     8.3695    270.872    261.554     2.5568     2.3590     0.1026     1.5391     3.2051     0.7473     0.0000 -123.91360   46.19302      11.04          7  0.000e+00
      17967    748.583      4.040      4.073    20.9221    20.9264   4.484698   4.459270    20.9214    20.9258     2.6137     2.5977    -0.0024    -0.0155     8.6679     8.3695    270.876    261.554     2.5568     2.3590     0.1026     1.5391     3.2063     0.7473     0.0000 -123.91360   46.19302      11.04          7  0.000e+00
      17968    748.625      3.987      4.020    20.9228    20.9260   4.479211   4.458419    20.9221    20.9254     2.6103     2.5972    -0.0052    -0.0158     8.6679     8.3695    270.876    261.555     2.5568     2.3590     0.1026     1.5391     3.2051     0.7473     0.0000 -123.91360   46.19302      11.04          7  0.000e+00
      17969    748.667      4.053      4.087    20.9235    20.9262   4.474295   4.458029    20.9228    20.9256     2.6072     2.5970    -0.0077    -0.0161     8.6629     8.3696    270.721    261.557     2.5556     2.3590     0.1026     1.5391     3.2051     0.7460     0.0000 -123.91360   46.19302      11.04          7  0.000e+00
      17970    748.708      4.040      4.073    20.9245    20.9268   4.470163   4.454658    20.9238    20.9261     2.6046     2.5948    -0.0099    -0.0178     8.6628     8.3696    270.720    261.557     2.5556     2.3590     0.1026     1.5391     3.2051     0.7460     0.0000 -123.91360   46.19302      11.04          7  0.000e+00
      17971    748.750      3.987      4.020    20.9249    20.9278   4.466388   4.448168    20.9242    20.9271     2.6022     2.5908    -0.0118    -0.0211     8.6628     8.3695    270.720    261.557     2.5556     2.3590     0.1026     1.5391     3.2051     0.7460     0.0000 -123.91360   46.19302      11.04          7  0.000e+00
      17972    748.792      4.040      4.073    20.9256    20.9283   4.461117   4.441465    20.9249    20.9277     2.5989     2.5866    -0.0144    -0.0244     8.6629     8.3752    270.724    261.735     2.5556     2.3602     0.1026     1.5391     3.2063     0.7473     0.0000 -123.91360   46.19302      11.01          7  0.000e+00
      17973    748.833      4.040      4.073    20.9264    20.9296   4.456240   4.434020    20.9258    20.9289     2.5958     2.5819    -0.0170    -0.0282     8.6629     8.3752    270.725    261.737     2.5556     2.3602     0.1026     1.5391     3.2051     0.7460     0.0000 -123.91360   46.19302      11.01          7  0.000e+00
      17974    748.875      3.987      4.020    20.9270    20.9317   4.449548   4.423742    20.9263    20.9310     2.5917     2.5754    -0.0202    -0.0336     8.6630     8.3751    270.728    261.735     2.5556     2.3602     0.1026     1.5391     3.2063     0.7460     0.0000 -123.91360   46.19302      11.01          7  0.000e+00
      17975    748.917      4.040      4.073    20.9282    20.9353   4.439406   4.406065    20.9275    20.9347     2.5853     2.5642    -0.0253    -0.0429     8.6581     8.3751    270.575    261.736     2.5543     2.3602     0.1026     1.5391     3.2051     0.7473     0.0000 -123.91360   46.19302      11.01          7  0.000e+00
      17976    748.958      4.000      4.033    20.9299    20.9374   4.427596   4.388895    20.9293    20.9368     2.5779     2.5535    -0.0313    -0.0515     8.6632     8.3752    270.738    261.743     2.5556     2.3602     0.1026     1.5391     3.2063     0.7460     0.0000 -123.91360   46.19302      11.01          7  0.000e+00
      17977    749.000      4.040      4.073    20.9312    20.9375   4.418884   4.382065    20.9306    20.9368     2.5724     2.5493    -0.0358    -0.0547     8.6582     8.3755    270.582    261.751     2.5543     2.3602     0.1026     1.5391     3.2063     0.7473     0.0000 -123.91360   46.19302      10.99          7  0.000e+00
      17978    749.042      3.987      4.020    20.9315    20.9371   4.418386   4.384117    20.9309    20.9365     2.5721     2.5506    -0.0361    -0.0536     8.6581     8.3754    270.580    261.749     2.5543     2.3602     0.1026     1.5391     3.2063     0.7460     0.0000 -123.91360   46.19302      10.99          7  0.000e+00
      17979    749.083      3.987      4.020    20.9320    20.9364   4.419488   4.388045    20.9314    20.9358     2.5727     2.5530    -0.0357    -0.0516     8.6580     8.3754    270.576    261.748     2.5543     2.3602     0.1026     1.5391     3.2076     0.7473     0.0000 -123.91360   46.19302      10.99          7  0.000e+00
      17980    749.125      4.040      4.073    20.9324    20.9357   4.418599   4.391231    20.9318    20.9351     2.5722     2.5550    -0.0362    -0.0499     8.6580     8.3755    270.577    261.750     2.5543     2.3602     0.1026     1.5391     3.2063     0.7460     0.0000 -123.91360   46.19302      10.99          7  0.000e+00
      17981    749.167      4.040      4.073    20.9326    20.9348   4.417213   4.394558    20.9319    20.9342     2.5713     2.5572    -0.0369    -0.0481     8.6529     8.3755    270.418    261.751     2.5531     2.3602     0.1026     1.5391     3.2051     0.7473     0.0000 -123.91360   46.19302      10.99          7  0.000e+00
      17982    749.208      3.987      4.020    20.9331    20.9345   4.415898   4.397461    20.9325    20.9338     2.5705     2.5590    -0.0377    -0.0467     8.6528     8.3810    270.414    261.921     2.5531     2.3614     0.1026     1.5391     3.2051     0.7460     0.0000 -123.91360   46.19302      10.99          7  0.000e+00
      17983    749.250      4.000      4.033    20.9331    20.9345   4.414227   4.397921    20.9325    20.9338     2.5694     2.5593    -0.0385    -0.0465     8.6529     8.3754    270.417    261.748     2.5531     2.3602     0.1026     1.5391     3.2051     0.7473     0.0000 -123.91360   46.19302      11.06          7  0.000e+00
      17984    749.292      3.987      4.020    20.9334    20.9348   4.412023   4.395762    20.9328    20.9342     2.5680     2.5579    -0.0396    -0.0476     8.6478     8.3754    270.257    261.749     2.5519     2.3602     0.1026     1.5391     3.2063     0.7460     0.0000 -123.91360   46.19302      11.06          7  0.000e+00
      17985    749.333      4.040      4.073    20.9334    20.9352   4.410885   4.392930    20.9328    20.9345     2.5673     2.5561    -0.0401    -0.0490     8.6479     8.3810    270.260    261.923     2.5519     2.3614     0.1026     1.5391     3.2051     0.7473     0.0000 -123.91360   46.19302      11.06          7  0.000e+00
      17986    749.375      3.987      4.020    20.9338    20.9359   4.409748   4.390063    20.9332    20.9353     2.5666     2.5543    -0.0407    -0.0505     8.6427     8.3754    270.098    261.749     2.5507     2.3602     0.1026     1.5391     3.2051     0.7460     0.0000 -123.91360   46.19302      11.06          7  0.000e+00
      17987    749.417      3.987      4.020    20.9338    20.9363   4.410103   4.388470    20.9332    20.9356     2.5668     2.5533    -0.0406    -0.0514     8.6427     8.3809    270.098    261.921     2.5507     2.3614     0.1026     1.5391     3.2051     0.7473     0.0000 -123.91360   46.19302      11.06          7  0.000e+00
      17988    749.458      4.040      4.073    20.9336    20.9361   4.410779   4.389532    20.9330    20.9354     2.5673     2.5540    -0.0402    -0.0508     8.6427     8.3810    270.100    261.923     2.5507     2.3614     0.1026     1.5391     3.2051     0.7460     0.0000 -123.91360   46.19302      11.06          7  0.000e+00
      17989    749.500      4.000      4.033    20.9342    20.9371   4.408895   4.388824    20.9336    20.9365     2.5661     2.5535    -0.0412    -0.0514     8.6375     8.3808    269.938    261.916     2.5495     2.3614     0.1026     1.5391     3.2063     0.7460     0.0000 -123.91360   46.19302      11.06          7  0.000e+00
      17990    749.542      3.987      4.020    20.9343    20.9380   4.407260   4.383834    20.9337    20.9374     2.5650     2.5503    -0.0420    -0.0540     8.6375     8.3808    269.938    261.917     2.5495     2.3614     0.1026     1.5391     3.2051     0.7460     0.0000 -123.91360   46.19302      11.04          7  0.000e+00
      17991    749.583      3.987      4.020    20.9345    20.9394   4.405412   4.375201    20.9339    20.9388     2.5639     2.5449    -0.0430    -0.0584     8.6325     8.3753    269.780    261.746     2.5482     2.3602     0.1026     1.5391     3.2051     0.7473     0.0000 -123.91360   46.19302      11.06          7  0.000e+00
      17992    749.625      3.987      4.020    20.9347    20.9402   4.404559   4.367314    20.9340    20.9396     2.5634     2.5400    -0.0434    -0.0623     8.6273     8.3754    269.620    261.751     2.5470     2.3602     0.1026     1.5391     3.2063     0.7473     0.0000 -123.91360   46.19302      11.06          7  0.000e+00
      17993    749.667      3.987      4.020    20.9343    20.9404   4.408326   4.365086    20.9337    20.9398     2.5657     2.5386    -0.0415    -0.0634     8.6273     8.3754    269.618    261.752     2.5470     2.3602     0.1026     1.5391     3.2051     0.7485     0.0000 -123.91360   46.19302      11.06          7  0.000e+00
      17994    749.708      4.040      4.073    20.9338    20.9404   4.414369   4.366324    20.9332    20.9398     2.5695     2.5394    -0.0386    -0.0629     8.6272     8.3754    269.615    261.752     2.5470     2.3602     0.1026     1.5391     3.2051     0.7473     0.0000 -123.91360   46.19302      11.04          7  0.000e+00
      17995    749.750      3.941      3.973    20.9331    20.9396   4.417462   4.373503    20.9325    20.9390     2.5714     2.5439    -0.0369    -0.0593     8.6220     8.3753    269.452    261.746     2.5458     2.3602     0.1026     1.5391     3.2051     0.7473     0.0000 -123.91360   46.19302      11.01          7  0.000e+00
      17996    749.792      4.000      4.033    20.9336    20.9376   4.411952   4.388152    20.9330    20.9370     2.5680     2.5530    -0.0397    -0.0519     8.6171     8.3752    269.298    261.742     2.5446     2.3602     0.1026     1.5391     3.2039     0.7485     0.0000 -123.91360   46.19302      11.01          7  0.000e+00
      17997    749.833      3.987      4.020    20.9352    20.9363   4.396742   4.397178    20.9346    20.9356     2.5585     2.5587    -0.0472    -0.0473     8.6173     8.3751    269.306    261.739     2.5446     2.3602     0.1026     1.5391     3.2039     0.7473     0.0000 -123.91360   46.19302      10.99          7  0.000e+00
      17998    749.875      3.987      4.020    20.9377    20.9357   4.379907   4.400187    20.9370    20.9351     2.5479     2.5606    -0.0558    -0.0457     8.6174     8.3752    269.312    261.739     2.5446     2.3602     0.1013     1.5086     3.2039     0.7485     0.0000 -123.91360   46.19302      11.01          7  0.000e+00
      17999    749.917      3.987      4.020    20.9392    20.9347   4.368654   4.404543    20.9386    20.9340     2.5409     2.5633    -0.0614    -0.0434     8.6175     8.3752    269.317    261.740     2.5446     2.3602     0.1001     1.4781     3.2039     0.7473     0.0000 -123.91360   46.19302      10.99          7  0.000e+00
      18000    749.958      3.987      4.020    20.9401    20.9339   4.364679   4.409394    20.9394    20.9333     2.5384     2.5664    -0.0635    -0.0409     8.6175     8.3697    269.317    261.566     2.5446     2.3590     0.1001     1.4781     3.2039     0.7485     0.0000 -123.91360   46.19302      11.01          7  0.000e+00
