WCOA/WCOA-6/CTD_Data/RB2102_CTD_114_01.ros
* Sea-Bird SBE 9 Data File:
* FileName = C:\Users\scs.user.rb\CTD\RB2102\Data\RB2102_CTD_114_01.hex
* Software Version Seasave V 7.26.7.107
* Temperature SN = 6202
* Conductivity SN = 4907
* Number of Bytes Per Scan = 41
* Number of Voltage Words = 4
* Number of Scans Averaged by the Deck Unit = 1
* NMEA Latitude = 34 26.88 N
* NMEA Longitude = 120 31.41 W
* NMEA UTC (Time) = Jul 18 2021  11:01:11
* NMEA baud rate = 4800
# nquan = 30
# nvalues = 927                                   
# units = specified
# name 0 = scan: Scan Count
# name 1 = timeS: Time, Elapsed [seconds]
# name 2 = depSM: Depth [salt water, m]
# name 3 = prDM: Pressure, Digiquartz [db]
# name 4 = t090C: Temperature [ITS-90, deg C]
# name 5 = t190C: Temperature, 2 [ITS-90, deg C]
# name 6 = c0mS/cm: Conductivity [mS/cm]
# name 7 = c1mS/cm: Conductivity, 2 [mS/cm]
# name 8 = potemp090C: Potential Temperature [ITS-90, deg C]
# name 9 = potemp190C: Potential Temperature, 2 [ITS-90, deg C]
# name 10 = sal00: Salinity, Practical [PSU]
# name 11 = sal11: Salinity, Practical, 2 [PSU]
# name 12 = sigma-é00: Density [sigma-theta, kg/m^3]
# name 13 = sigma-é11: Density, 2 [sigma-theta, kg/m^3]
# name 14 = sbeox0Mg/L: Oxygen, SBE 43 [mg/l]
# name 15 = sbeox1Mg/L: Oxygen, SBE 43, 2 [mg/l]
# name 16 = sbox0Mm/Kg: Oxygen, SBE 43 [umol/kg]
# name 17 = sbox1Mm/Kg: Oxygen, SBE 43, 2 [umol/kg]
# name 18 = sbeox0V: Oxygen raw, SBE 43 [V]
# name 19 = sbeox1V: Oxygen raw, SBE 43, 2 [V]
# name 20 = v4: Voltage 4
# name 21 = flECO-AFL: Fluorescence, WET Labs ECO-AFL/FL [mg/m^3]
# name 22 = v3: Voltage 3
# name 23 = v6: Voltage 6
# name 24 = v7: Voltage 7
# name 25 = longitude: Longitude [deg]
# name 26 = latitude: Latitude [deg]
# name 27 = altM: Altimeter [m]
# name 28 = nbf: Bottles Fired
# name 29 = flag:  0.000e+00
# interval = seconds: 0.0416667
# start_time = Jul 18 2021 11:01:11 [NMEA time, header]
# bad_flag = -9.990e-29
*END*
[from data line 677]
      37635   1568.083     10.365     10.440    13.9929    13.9876  40.400448  40.394642    13.9915    13.9861    33.5721    33.5714    25.0856    25.0861     7.5385     7.1631    229.816    218.371     2.3724     2.1551     0.1319     2.2717     3.2723     0.0525     0.0000 -120.52378   34.44786      67.77         14  0.000e+00
      37636   1568.125     10.352     10.427    13.9930    13.9869  40.400181  40.393511    13.9915    13.9855    33.5719    33.5710    25.0853    25.0859     7.5336     7.1632    229.667    218.375     2.3712     2.1551     0.1319     2.2717     3.2735     0.0525     0.0000 -120.52378   34.44786      67.79         14  0.000e+00
      37637   1568.167     10.305     10.380    13.9928    13.9854  40.400115  40.392646    13.9913    13.9839    33.5720    33.5715    25.0855    25.0866     7.5385     7.1634    229.815    218.380     2.3724     2.1551     0.1319     2.2717     3.2735     0.0525     0.0000 -120.52378   34.44786      67.77         14  0.000e+00
      37638   1568.208     10.352     10.427    13.9928    13.9844  40.399849  40.391448    13.9913    13.9829    33.5717    33.5713    25.0852    25.0866     7.5385     7.1636    229.817    218.386     2.3724     2.1551     0.1319     2.2717     3.2735     0.0525     0.0000 -120.52378   34.44786      67.77         14  0.000e+00
      37639   1568.250     10.312     10.387    13.9928    13.9830  40.400248  40.390583    13.9913    13.9816    33.5721    33.5717    25.0856    25.0872     7.5385     7.1637    229.815    218.391     2.3724     2.1551     0.1331     2.3022     3.2735     0.0525     0.0000 -120.52378   34.44786      67.77         14  0.000e+00
      42345   1764.333      3.135      3.158    15.3654    15.3817  41.709475  41.727485    15.3649    15.3813    33.5841    33.5864    24.8006    24.7987     8.4743     8.0749    258.418    246.238     2.6691     2.4237     0.1429     2.5464     3.2637     0.1209     0.0134 -120.52386   34.44776      74.58         15  0.000e+00
      42346   1764.375      3.135      3.158    15.3660    15.3814  41.709677  41.728092    15.3656    15.3809    33.5838    33.5872    24.8002    24.7994     8.4790     8.0749    258.560    246.239     2.6703     2.4237     0.1416     2.5159     3.2650     0.1209     0.0134 -120.52386   34.44776      74.58         15  0.000e+00
      42347   1764.417      3.135      3.158    15.3650    15.3824  41.709070  41.730991    15.3646    15.3819    33.5841    33.5889    24.8007    24.8005     8.4744     8.0747    258.420    246.230     2.6691     2.4237     0.1416     2.5159     3.2662     0.1197     0.0305 -120.52386   34.44776      74.58         15  0.000e+00
      42348   1764.458      3.188      3.211    15.3645    15.3851  41.709745  41.734497    15.3640    15.3846    33.5851    33.5897    24.8016    24.8006     8.4745     8.0794    258.422    246.373     2.6691     2.4249     0.1429     2.5464     3.2637     0.1184     0.0342 -120.52386   34.44776      74.58         15  0.000e+00
      42349   1764.500      3.102      3.125    15.3645    15.3882  41.710824  41.737867    15.3641    15.3877    33.5861    33.5902    24.8023    24.8002     8.4791     8.0787    258.563    246.354     2.6703     2.4249     0.1416     2.5159     3.2637     0.1184     0.0269 -120.52386   34.44776      74.58         15  0.000e+00
      42350   1764.542      3.188      3.211    15.3656    15.3908  41.711903  41.739216    15.3651    15.3903    33.5861    33.5892    24.8021    24.7989     8.4790     8.0784    258.560    246.345     2.6703     2.4249     0.1416     2.5159     3.2650     0.1184     0.0305 -120.52386   34.44776      74.55         15  0.000e+00
      42351   1764.583      3.135      3.158    15.3667    15.3924  41.712982  41.739889    15.3662    15.3920    33.5862    33.5884    24.8019    24.7979     8.4788     8.0781    258.552    246.336     2.6703     2.4249     0.1429     2.5464     3.2601     0.1184     0.0342 -120.52386   34.44776      74.55         15  0.000e+00
      42352   1764.625      3.135      3.158    15.3679    15.3941  41.713049  41.739889    15.3674    15.3937    33.5852    33.5869    24.8009    24.7964     8.4786     8.0728    258.548    246.173     2.6703     2.4237     0.1429     2.5464     3.2589     0.1172     0.0476 -120.52386   34.44776      74.53         15  0.000e+00
      42353   1764.667      3.188      3.211    15.3687    15.3953  41.713656  41.740024    15.3683    15.3949    33.5850    33.5860    24.8006    24.7954     8.4785     8.0778    258.545    246.327     2.6703     2.4249     0.1429     2.5464     3.2625     0.1160     0.0513 -120.52386   34.44776      74.55         15  0.000e+00
      42354   1764.708      3.135      3.158    15.3689    15.3963  41.714465  41.739889    15.3684    15.3958    33.5856    33.5851    24.8010    24.7945     8.4831     8.0776    258.686    246.322     2.6716     2.4249     0.1429     2.5464     3.2625     0.1172     0.0403 -120.52386   34.44776      74.53         15  0.000e+00
      42355   1764.750      3.188      3.211    15.3674    15.3967  41.715747  41.739687    15.3669    15.3962    33.5880    33.5845    24.8032    24.7940     8.4833     8.0776    258.691    246.323     2.6716     2.4249     0.1429     2.5464     3.2601     0.1184     0.0330 -120.52386   34.44776      74.55         15  0.000e+00
      42356   1764.792      3.188      3.211    15.3669    15.3971  41.716354  41.740294    15.3664    15.3966    33.5890    33.5847    24.8041    24.7941     8.4834     8.0776    258.692    246.320     2.6716     2.4249     0.1441     2.5770     3.2613     0.1197     0.0269 -120.52386   34.44776      74.55         15  0.000e+00
      42357   1764.833      3.188      3.211    15.3691    15.3981  41.717501  41.742114    15.3686    15.3976    33.5882    33.5855    24.8029    24.7945     8.4830     8.0722    258.683    246.157     2.6716     2.4237     0.1429     2.5464     3.2601     0.1209     0.0208 -120.52386   34.44776      74.60         15  0.000e+00
      42358   1764.875      3.188      3.211    15.3740    15.3992  41.717635  41.742384    15.3735    15.3988    33.5841    33.5848    24.7987    24.7936     8.4824     8.0772    258.665    246.309     2.6716     2.4249     0.1429     2.5464     3.2625     0.1221     0.0085 -120.52386   34.44776      74.60         15  0.000e+00
      42359   1764.917      3.135      3.158    15.3767    15.3997  41.716960  41.741911    15.3762    15.3992    33.5812    33.5839    24.7959    24.7929     8.4868     8.0771    258.799    246.306     2.6728     2.4249     0.1429     2.5464     3.2625     0.1245     0.0012 -120.52386   34.44776      74.63         15  0.000e+00
      42360   1764.958      3.235      3.258    15.3787    15.4001  41.716825  41.742451    15.3782    15.3996    33.5793    33.5841    24.7940    24.7929     8.4866     8.0771    258.795    246.307     2.6728     2.4249     0.1429     2.5464     3.2625     0.1245     0.0000 -120.52386   34.44776      74.63         15  0.000e+00
      42361   1765.000      3.202      3.225    15.3768    15.4006  41.715611  41.743193    15.3763    15.4001    33.5799    33.5843    24.7948    24.7930     8.4869     8.0770    258.803    246.303     2.6728     2.4249     0.1441     2.5770     3.2637     0.1233     0.0232 -120.52386   34.44776      74.60         15  0.000e+00
      42362   1765.042      3.188      3.211    15.3728    15.4006  41.712914  41.743125    15.3723    15.4001    33.5809    33.5842    24.7965    24.7929     8.4828     8.0770    258.676    246.303     2.6716     2.4249     0.1441     2.5770     3.2601     0.1221     0.0354 -120.52386   34.44776      74.60         15  0.000e+00
      42363   1765.083      3.235      3.258    15.3696    15.3992  41.711835  41.742114    15.3691    15.3987    33.5826    33.5845    24.7985    24.7934     8.4833     8.0721    258.691    246.154     2.6716     2.4237     0.1441     2.5770     3.2601     0.1209     0.0342 -120.52386   34.44776      74.55         15  0.000e+00
      42364   1765.125      3.188      3.211    15.3684    15.3977  41.711768  41.740294    15.3679    15.3972    33.5836    33.5842    24.7995    24.7936     8.4834     8.0775    258.694    246.318     2.6716     2.4249     0.1441     2.5770     3.2625     0.1209     0.0342 -120.52386   34.44776      74.55         15  0.000e+00
      42365   1765.167      3.188      3.211    15.3674    15.3959  41.710959  41.738406    15.3669    15.3954    33.5837    33.5841    24.7999    24.7938     8.4883     8.0727    258.844    246.171     2.6728     2.4237     0.1429     2.5464     3.2625     0.1221     0.0305 -120.52386   34.44776      74.55         15  0.000e+00
      42366   1765.208      3.235      3.258    15.3657    15.3941  41.708801  41.736586    15.3653    15.3937    33.5832    33.5839    24.7998    24.7941     8.4887     8.0782    258.855    246.338     2.6728     2.4249     0.1441     2.5770     3.2625     0.1197     0.0391 -120.52386   34.44776      74.55         15  0.000e+00
      42367   1765.250      3.188      3.211    15.3628    15.3929  41.705968  41.735102    15.3624    15.3925    33.5831    33.5836    24.8004    24.7941     8.4891     8.0783    258.868    246.343     2.6728     2.4249     0.1429     2.5464     3.2637     0.1197     0.0391 -120.52386   34.44776      74.55         15  0.000e+00
      42368   1765.292      3.235      3.258    15.3598    15.3921  41.704216  41.735305    15.3593    15.3916    33.5842    33.5845    24.8019    24.7950     8.4896     8.0785    258.884    246.348     2.6728     2.4249     0.1441     2.5770     3.2613     0.1209     0.0305 -120.52386   34.44776      74.55         15  0.000e+00
      42369   1765.333      3.188      3.212    15.3578    15.3917  41.703609  41.735507    15.3573    15.3913    33.5854    33.5850    24.8032    24.7955     8.4899     8.0733    258.891    246.191     2.6728     2.4237     0.1441     2.5770     3.2637     0.1221     0.0293 -120.52386   34.44776      74.53         15  0.000e+00
      42370   1765.375      3.235      3.258    15.3568    15.3914  41.703542  41.735710    15.3563    15.3909    33.5861    33.5854    24.8041    24.7959     8.4900     8.0734    258.896    246.193     2.6728     2.4237     0.1429     2.5464     3.2650     0.1233     0.0208 -120.52386   34.44776      74.53         15  0.000e+00
      42371   1765.417      3.235      3.258    15.3561    15.3912  41.702935  41.735777    15.3556    15.3907    33.5862    33.5856    24.8042    24.7961     8.4902     8.0786    258.899    246.350     2.6728     2.4249     0.1429     2.5464     3.2637     0.1245     0.0195 -120.52386   34.44776      74.53         15  0.000e+00
      42372   1765.458      3.202      3.225    15.3549    15.3916  41.702193  41.736653    15.3544    15.3911    33.5865    33.5861    24.8048    24.7964     8.4951     8.0733    259.049    246.190     2.6740     2.4237     0.1441     2.5770     3.2650     0.1258     0.0159 -120.52386   34.44776      74.53         15  0.000e+00
      42373   1765.500      3.235      3.258    15.3537    15.3919  41.700710  41.737463    15.3532    15.3914    33.5862    33.5866    24.8048    24.7966     8.4953     8.0784    259.056    246.345     2.6740     2.4249     0.1429     2.5464     3.2650     0.1233     0.0305 -120.52386   34.44776      74.53         15  0.000e+00
      42374   1765.542      3.188      3.212    15.3536    15.3924  41.699968  41.738069    15.3531    15.3919    33.5857    33.5867    24.8044    24.7967     8.4953     8.0731    259.057    246.184     2.6740     2.4237     0.1429     2.5464     3.2650     0.1245     0.0256 -120.52386   34.44776      74.55         15  0.000e+00
      42375   1765.583      3.288      3.312    15.3529    15.3931  41.699361  41.739081    15.3524    15.3926    33.5857    33.5870    24.8046    24.7967     8.4955     8.0731    259.063    246.183     2.6740     2.4237     0.1429     2.5464     3.2650     0.1306     0.0000 -120.52386   34.44776      74.58         15  0.000e+00
      42376   1765.625      3.235      3.258    15.3524    15.3936  41.698889  41.739957    15.3519    15.3931    33.5857    33.5873    24.8047    24.7969     8.4956     8.0729    259.064    246.178     2.6740     2.4237     0.1429     2.5464     3.2650     0.1319     0.0000 -120.52386   34.44776      74.58         15  0.000e+00
      42377   1765.667      3.188      3.212    15.3522    15.3943  41.699091  41.740092    15.3517    15.3938    33.5861    33.5869    24.8050    24.7964     8.4955     8.0728    259.063    246.174     2.6740     2.4237     0.1441     2.5770     3.2637     0.1282     0.0147 -120.52386   34.44776      74.58         15  0.000e+00
      42378   1765.708      3.235      3.258    15.3520    15.3952  41.699429  41.740699    15.3515    15.3947    33.5865    33.5867    24.8054    24.7960     8.4956     8.0727    259.065    246.172     2.6740     2.4237     0.1429     2.5464     3.2662     0.1270     0.0244 -120.52386   34.44776      74.60         15  0.000e+00
      42379   1765.750      3.235      3.258    15.3519    15.3953  41.699766  41.740901    15.3514    15.3948    33.5869    33.5868    24.8058    24.7960     8.4956     8.0727    259.065    246.171     2.6740     2.4237     0.1416     2.5159     3.2637     0.1245     0.0293 -120.52386   34.44776      74.58         15  0.000e+00
      42380   1765.792      3.235      3.258    15.3519    15.3957  41.700440  41.740901    15.3514    15.3952    33.5875    33.5864    24.8062    24.7957     8.4908     8.0726    258.919    246.169     2.6728     2.4237     0.1380     2.4243     3.2637     0.1245     0.0269 -120.52388   34.44776      74.63         15  0.000e+00
      42381   1765.833      3.235      3.258    15.3517    15.3962  41.700036  41.741103    15.3512    15.3957    33.5873    33.5862    24.8061    24.7954     8.4956     8.0726    259.065    246.167     2.6740     2.4237     0.1380     2.4243     3.2662     0.1258     0.0183 -120.52388   34.44776      74.73         15  0.000e+00
      42382   1765.875      3.189      3.212    15.3517    15.3962  41.699361  41.740631    15.3512    15.3957    33.5868    33.5858    24.8057    24.7951     8.4956     8.0725    259.064    246.166     2.6740     2.4237     0.1380     2.4243     3.2637     0.1245     0.0293 -120.52388   34.44776      74.75         15  0.000e+00
      42383   1765.917      3.255      3.278    15.3510    15.3960  41.697810  41.740227    15.3505    15.3955    33.5859    33.5855    24.8051    24.7949     8.4958     8.0726    259.071    246.170     2.6740     2.4237     0.1380     2.4243     3.2662     0.1221     0.0366 -120.52388   34.44776      74.75         15  0.000e+00
      42384   1765.958      3.235      3.258    15.3498    15.3960  41.695990  41.740159    15.3494    15.3955    33.5853    33.5855    24.8049    24.7949     8.4960     8.0726    259.078    246.169     2.6740     2.4237     0.1380     2.4243     3.2650     0.1209     0.0391 -120.52388   34.44776      74.75         15  0.000e+00
      42385   1766.000      3.189      3.212    15.3485    15.3962  41.694237  41.739754    15.3480    15.3957    33.5849    33.5850    24.8049    24.7945     8.4962     8.0726    259.084    246.168     2.6740     2.4237     0.1380     2.4243     3.2650     0.1221     0.0354 -120.52388   34.44776      74.73         15  0.000e+00
      42386   1766.042      3.235      3.258    15.3466    15.3965  41.692416  41.739215    15.3461    15.3960    33.5848    33.5842    24.8053    24.7938     8.4966     8.0726    259.096    246.169     2.6740     2.4237     0.1380     2.4243     3.2650     0.1221     0.0317 -120.52388   34.44776      74.77         15  0.000e+00
      42387   1766.083      3.189      3.212    15.3453    15.3965  41.690393  41.737462    15.3448    15.3961    33.5842    33.5826    24.8051    24.7926     8.4968     8.0726    259.102    246.170     2.6740     2.4237     0.1380     2.4243     3.2650     0.1270     0.0098 -120.52388   34.44776      74.80         15  0.000e+00
