WCOA/WCOA-6/CTD_Data/RB2102_CTD_040_01.ros
* Sea-Bird SBE 9 Data File:
* FileName = C:\Users\scs.user.rb\CTD\RB2102\Data\RB2102_CTD_040_01.hex
* Software Version Seasave V 7.26.7.107
* Temperature SN = 6202
* Conductivity SN = 4907
* Number of Bytes Per Scan = 41
* Number of Voltage Words = 4
* Number of Scans Averaged by the Deck Unit = 1
* NMEA Latitude = 47 06.83 N
* NMEA Longitude = 124 49.37 W
* NMEA UTC (Time) = Jul 02 2021  15:15:02
* NMEA baud rate = 4800
# nquan = 30
# nvalues = 784                                   
# units = specified
# name 0 = scan: Scan Count
# name 1 = timeS: Time, Elapsed [seconds]
# name 2 = depSM: Depth [salt water, m]
# name 3 = prDM: Pressure, Digiquartz [db]
# name 4 = t090C: Temperature [ITS-90, deg C]
# name 5 = t190C: Temperature, 2 [ITS-90, deg C]
# name 6 = c0mS/cm: Conductivity [mS/cm]
# name 7 = c1mS/cm: Conductivity, 2 [mS/cm]
# name 8 = potemp090C: Potential Temperature [ITS-90, deg C]
# name 9 = potemp190C: Potential Temperature, 2 [ITS-90, deg C]
# name 10 = sal00: Salinity, Practical [PSU]
# name 11 = sal11: Salinity, Practical, 2 [PSU]
# name 12 = sigma-é00: Density [sigma-theta, kg/m^3]
# name 13 = sigma-é11: Density, 2 [sigma-theta, kg/m^3]
# name 14 = sbeox0Mg/L: Oxygen, SBE 43 [mg/l]
# name 15 = sbeox1Mg/L: Oxygen, SBE 43, 2 [mg/l]
# name 16 = sbox0Mm/Kg: Oxygen, SBE 43 [umol/kg]
# name 17 = sbox1Mm/Kg: Oxygen, SBE 43, 2 [umol/kg]
# name 18 = sbeox0V: Oxygen raw, SBE 43 [V]
# name 19 = sbeox1V: Oxygen raw, SBE 43, 2 [V]
# name 20 = v4: Voltage 4
# name 21 = flECO-AFL: Fluorescence, WET Labs ECO-AFL/FL [mg/m^3]
# name 22 = v3: Voltage 3
# name 23 = v6: Voltage 6
# name 24 = v7: Voltage 7
# name 25 = longitude: Longitude [deg]
# name 26 = latitude: Latitude [deg]
# name 27 = altM: Altimeter [m]
# name 28 = nbf: Bottles Fired
# name 29 = flag:  0.000e+00
# interval = seconds: 0.0416667
# start_time = Jul 02 2021 15:15:02 [NMEA time, header]
# bad_flag = -9.990e-29
*END*
[from data line 49]
      17884    745.125    130.087    131.219     6.7347     6.7334  34.171660  34.171201     6.7230     6.7217    33.9725    33.9733    26.6469    26.6477     1.2840     1.3710     39.084     41.733     0.7558     0.7668     0.0415     0.0129     3.2991     1.7949     0.0000 -124.82372   47.11344       9.55          2  0.000e+00
      17885    745.167    130.061    131.192     6.7345     6.7336  34.171660  34.170329     6.7228     6.7218    33.9727    33.9722    26.6471    26.6468     1.2840     1.3710     39.084     41.733     0.7558     0.7668     0.0415     0.0129     3.2991     1.7949     0.0000 -124.82372   47.11344       9.52          2  0.000e+00
      17886    745.208    130.087    131.219     6.7347     6.7334  34.171162  34.171014     6.7230     6.7217    33.9720    33.9731    26.6465    26.6476     1.2840     1.3710     39.084     41.733     0.7558     0.7668     0.0415     0.0129     3.3004     1.7949     0.0000 -124.82372   47.11344       9.52          2  0.000e+00
      17887    745.250    130.134    131.266     6.7345     6.7335  34.171037  34.171325     6.7228     6.7217    33.9720    33.9734    26.6465    26.6477     1.2840     1.3710     39.084     41.733     0.7558     0.7668     0.0415     0.0129     3.2991     1.7949     0.0000 -124.82372   47.11344       9.52          2  0.000e+00
      17888    745.292    130.034    131.165     6.7344     6.7333  34.170788  34.171263     6.7227     6.7215    33.9719    33.9736    26.6465    26.6479     1.2840     1.3710     39.084     41.732     0.7558     0.7668     0.0415     0.0129     3.2991     1.7949     0.0000 -124.82372   47.11344       9.52          2  0.000e+00
      17889    745.333    130.134    131.266     6.7342     6.7336  34.170726  34.171076     6.7224     6.7218    33.9720    33.9730    26.6465    26.6475     1.2840     1.3710     39.084     41.733     0.7558     0.7668     0.0415     0.0129     3.3004     1.7949     0.0000 -124.82372   47.11344       9.52          2  0.000e+00
      17890    745.375    130.061    131.192     6.7339     6.7336  34.170725  34.171014     6.7222     6.7219    33.9723    33.9729    26.6468    26.6473     1.2840     1.3710     39.084     41.732     0.7558     0.7668     0.0415     0.0129     3.2979     1.7949     0.0000 -124.82372   47.11344       9.52          2  0.000e+00
      17891    745.417    130.134    131.266     6.7341     6.7334  34.170663  34.171201     6.7223     6.7216    33.9721    33.9733    26.6466    26.6477     1.2840     1.3710     39.085     41.733     0.7558     0.7668     0.0415     0.0129     3.3004     1.7949     0.0000 -124.82372   47.11344       9.50          2  0.000e+00
      17892    745.458    130.134    131.266     6.7337     6.7336  34.170663  34.171014     6.7220     6.7218    33.9724    33.9730    26.6469    26.6474     1.2840     1.3710     39.085     41.733     0.7558     0.7668     0.0415     0.0129     3.2991     1.7949     0.0000 -124.82372   47.11344       9.47          2  0.000e+00
      17893    745.500    130.134    131.266     6.7339     6.7333  34.170476  34.170765     6.7221     6.7215    33.9721    33.9730    26.6466    26.6475     1.2840     1.3710     39.085     41.733     0.7558     0.7668     0.0415     0.0129     3.2991     1.7949     0.0000 -124.82372   47.11344       9.47          2  0.000e+00
      17894    745.542    130.087    131.219     6.7339     6.7336  34.171099  34.170703     6.7222     6.7219    33.9727    33.9725    26.6472    26.6471     1.2840     1.3710     39.084     41.733     0.7558     0.7668     0.0415     0.0129     3.2991     1.7949     0.0000 -124.82372   47.11344       9.47          2  0.000e+00
      17895    745.583    130.153    131.286     6.7337     6.7334  34.170850  34.170890     6.7220     6.7216    33.9726    33.9730    26.6471    26.6474     1.2840     1.3710     39.085     41.733     0.7558     0.7668     0.0415     0.0129     3.2991     1.7949     0.0000 -124.82372   47.11344       9.47          2  0.000e+00
      17896    745.625    130.087    131.219     6.7341     6.7336  34.171099  34.170952     6.7223     6.7218    33.9726    33.9729    26.6470    26.6474     1.2840     1.3710     39.084     41.733     0.7558     0.7668     0.0415     0.0129     3.2991     1.7949     0.0000 -124.82372   47.11344       9.47          2  0.000e+00
      17897    745.667    130.134    131.266     6.7341     6.7334  34.170850  34.170765     6.7223     6.7216    33.9723    33.9729    26.6468    26.6474     1.2840     1.3710     39.085     41.733     0.7558     0.7668     0.0415     0.0129     3.2991     1.7949     0.0000 -124.82372   47.11344       9.47          2  0.000e+00
      17898    745.708    130.180    131.313     6.7339     6.7336  34.170913  34.170890     6.7221     6.7218    33.9725    33.9728    26.6470    26.6473     1.2840     1.3710     39.085     41.733     0.7558     0.7668     0.0415     0.0129     3.3004     1.7949     0.0000 -124.82372   47.11344       9.45          2  0.000e+00
      17899    745.750    130.134    131.266     6.7343     6.7334  34.171037  34.170703     6.7225     6.7216    33.9723    33.9728    26.6468    26.6473     1.2840     1.3710     39.084     41.733     0.7558     0.7668     0.0415     0.0129     3.3004     1.7949     0.0000 -124.82372   47.11344       9.45          2  0.000e+00
      17900    745.792    130.107    131.239     6.7342     6.7335  34.171037  34.170640     6.7225     6.7217    33.9724    33.9726    26.6468    26.6471     1.2840     1.3710     39.084     41.733     0.7558     0.7668     0.0415     0.0129     3.2991     1.7949     0.0000 -124.82372   47.11344       9.45          2  0.000e+00
      17901    745.833    130.134    131.266     6.7343     6.7334  34.171037  34.170454     6.7225     6.7216    33.9723    33.9725    26.6468    26.6470     1.2840     1.3710     39.084     41.733     0.7558     0.7668     0.0415     0.0129     3.2979     1.7949     0.0000 -124.82372   47.11344       9.45          2  0.000e+00
      17902    745.875    130.134    131.266     6.7342     6.7333  34.170975  34.170827     6.7224     6.7215    33.9723    33.9730    26.6468    26.6475     1.2782     1.3710     38.907     41.733     0.7546     0.7668     0.0415     0.0129     3.3004     1.7949     0.0000 -124.82372   47.11344       9.45          2  0.000e+00
      17903    745.917    130.180    131.313     6.7341     6.7334  34.170788  34.170703     6.7223     6.7216    33.9722    33.9727    26.6467    26.6472     1.2840     1.3710     39.085     41.733     0.7558     0.7668     0.0415     0.0129     3.3004     1.7949     0.0000 -124.82372   47.11344       9.45          2  0.000e+00
      17904    745.958    130.087    131.219     6.7341     6.7335  34.170912  34.170889     6.7223     6.7217    33.9724    33.9729    26.6469    26.6474     1.2840     1.3710     39.084     41.733     0.7558     0.7668     0.0415     0.0129     3.3004     1.7949     0.0000 -124.82372   47.11344       9.43          2  0.000e+00
      17905    746.000    130.180    131.313     6.7341     6.7337  34.170788  34.171201     6.7223     6.7220    33.9722    33.9730    26.6467    26.6474     1.2840     1.3710     39.085     41.733     0.7558     0.7668     0.0415     0.0129     3.2991     1.7949     0.0000 -124.82372   47.11344       9.40          2  0.000e+00
      17906    746.042    130.107    131.239     6.7341     6.7334  34.171162  34.171263     6.7223     6.7217    33.9726    33.9734    26.6471    26.6478     1.2840     1.3710     39.084     41.733     0.7558     0.7668     0.0415     0.0129     3.3004     1.7949     0.0000 -124.82372   47.11344       9.43          2  0.000e+00
      17907    746.083    130.180    131.313     6.7341     6.7335  34.171349  34.170827     6.7223     6.7217    33.9728    33.9728    26.6472    26.6473     1.2840     1.3710     39.085     41.733     0.7558     0.7668     0.0415     0.0129     3.2979     1.7949     0.0000 -124.82372   47.11344       9.40          2  0.000e+00
      17908    746.125    130.087    131.219     6.7342     6.7336  34.171286  34.170889     6.7225     6.7218    33.9726    33.9729    26.6471    26.6473     1.2840     1.3710     39.084     41.733     0.7558     0.7668     0.0415     0.0129     3.3004     1.7949     0.0000 -124.82372   47.11344       9.43          2  0.000e+00
      17909    746.167    130.180    131.313     6.7343     6.7336  34.171100  34.171014     6.7225     6.7218    33.9723    33.9729    26.6468    26.6474     1.2840     1.3710     39.085     41.733     0.7558     0.7668     0.0415     0.0129     3.3004     1.7949     0.0000 -124.82372   47.11344       9.43          2  0.000e+00
      17910    746.208    130.034    131.165     6.7344     6.7336  34.171224  34.170951     6.7226     6.7218    33.9725    33.9729    26.6469    26.6474     1.2840     1.3710     39.084     41.732     0.7558     0.7668     0.0415     0.0129     3.2979     1.7949     0.0000 -124.82372   47.11344       9.43          2  0.000e+00
      17911    746.250    130.206    131.339     6.7343     6.7335  34.170850  34.170952     6.7225     6.7217    33.9721    33.9729    26.6466    26.6474     1.2840     1.3710     39.085     41.733     0.7558     0.7668     0.0415     0.0129     3.2979     1.7949     0.0000 -124.82372   47.11344       9.43          2  0.000e+00
      17912    746.292    130.134    131.266     6.7347     6.7337  34.171598  34.171014     6.7229     6.7220    33.9725    33.9728    26.6469    26.6472     1.2840     1.3710     39.084     41.733     0.7558     0.7668     0.0415     0.0129     3.3004     1.7949     0.0000 -124.82372   47.11344       9.43          2  0.000e+00
      17913    746.333    130.134    131.266     6.7348     6.7334  34.171847  34.170765     6.7231     6.7216    33.9726    33.9728    26.6470    26.6473     1.2782     1.3710     38.906     41.733     0.7546     0.7668     0.0415     0.0129     3.2979     1.7949     0.0000 -124.82372   47.11344       9.43          2  0.000e+00
      17914    746.375    130.134    131.266     6.7349     6.7335  34.172096  34.171076     6.7231     6.7217    33.9728    33.9731    26.6471    26.6475     1.2782     1.3710     38.906     41.733     0.7546     0.7668     0.0415     0.0129     3.2979     1.7949     0.0000 -124.82372   47.11344       9.43          2  0.000e+00
      17915    746.417    130.087    131.219     6.7353     6.7336  34.171785  34.171076     6.7236     6.7218    33.9721    33.9731    26.6465    26.6475     1.2840     1.3710     39.083     41.732     0.7558     0.7668     0.0415     0.0129     3.3004     1.7949     0.0000 -124.82372   47.11344       9.43          2  0.000e+00
      17916    746.458    130.107    131.239     6.7355     6.7336  34.172034  34.171014     6.7237     6.7218    33.9722    33.9730    26.6465    26.6474     1.2840     1.3710     39.083     41.733     0.7558     0.7668     0.0415     0.0129     3.2979     1.7949     0.0000 -124.82372   47.11344       9.43          2  0.000e+00
      17917    746.500    130.087    131.219     6.7356     6.7336  34.171971  34.170952     6.7239     6.7218    33.9720    33.9729    26.6463    26.6474     1.2840     1.3710     39.083     41.733     0.7558     0.7668     0.0415     0.0129     3.2991     1.7949     0.0000 -124.82372   47.11344       9.45          2  0.000e+00
      17918    746.542    130.087    131.219     6.7358     6.7335  34.172096  34.170952     6.7241     6.7217    33.9719    33.9730    26.6463    26.6474     1.2840     1.3710     39.083     41.733     0.7558     0.7668     0.0415     0.0129     3.2991     1.7961     0.0000 -124.82372   47.11344       9.45          2  0.000e+00
      17919    746.583    130.134    131.266     6.7358     6.7334  34.172408  34.171014     6.7240     6.7216    33.9723    33.9731    26.6466    26.6475     1.2840     1.3710     39.083     41.733     0.7558     0.7668     0.0415     0.0129     3.3004     1.7949     0.0000 -124.82372   47.11344       9.43          2  0.000e+00
      17920    746.625    130.034    131.165     6.7358     6.7336  34.172470  34.171200     6.7241     6.7218    33.9724    33.9732    26.6466    26.6476     1.2839     1.3710     39.082     41.732     0.7558     0.7668     0.0415     0.0129     3.2991     1.7961     0.0000 -124.82372   47.11344       9.43          2  0.000e+00
      17921    746.667    130.107    131.239     6.7361     6.7335  34.172034  34.171014     6.7244     6.7217    33.9716    33.9730    26.6459    26.6475     1.2840     1.3710     39.083     41.733     0.7558     0.7668     0.0415     0.0129     3.3004     1.7949     0.0000 -124.82372   47.11344       9.45          2  0.000e+00
      17922    746.708    130.034    131.165     6.7358     6.7336  34.172345  34.170951     6.7241     6.7218    33.9722    33.9729    26.6465    26.6474     1.2839     1.3710     39.082     41.732     0.7558     0.7668     0.0415     0.0129     3.2991     1.7949     0.0000 -124.82372   47.11344       9.47          2  0.000e+00
      17923    746.750    130.034    131.165     6.7363     6.7334  34.172283  34.171014     6.7245     6.7217    33.9717    33.9732    26.6461    26.6476     1.2839     1.3710     39.082     41.732     0.7558     0.7668     0.0415     0.0129     3.2991     1.7949     0.0000 -124.82372   47.11344       9.47          2  0.000e+00
      17924    746.792    130.034    131.165     6.7362     6.7336  34.172656  34.171200     6.7244     6.7218    33.9722    33.9732    26.6465    26.6476     1.2839     1.3710     39.082     41.732     0.7558     0.7668     0.0415     0.0129     3.2991     1.7949     0.0000 -124.82372   47.11344       9.50          2  0.000e+00
      17925    746.833    130.034    131.165     6.7365     6.7338  34.173030  34.171698     6.7247     6.7221    33.9724    33.9735    26.6465    26.6478     1.2839     1.3710     39.082     41.732     0.7558     0.7668     0.0415     0.0129     3.2991     1.7949     0.0000 -124.82372   47.11344       9.50          2  0.000e+00
      17926    746.875    129.988    131.119     6.7365     6.7339  34.172656  34.171449     6.7247     6.7221    33.9720    33.9732    26.6462    26.6475     1.2897     1.3710     39.259     41.732     0.7570     0.7668     0.0415     0.0129     3.2991     1.7949     0.0000 -124.82372   47.11344       9.50          2  0.000e+00
      17927    746.917    130.008    131.139     6.7365     6.7344  34.172532  34.171761     6.7247     6.7226    33.9718    33.9730    26.6461    26.6473     1.2839     1.3710     39.082     41.731     0.7558     0.7668     0.0415     0.0129     3.2991     1.7949     0.0000 -124.82372   47.11344       9.50          2  0.000e+00
      17928    746.958    129.988    131.119     6.7366     6.7345  34.172968  34.172134     6.7249     6.7227    33.9722    33.9734    26.6464    26.6476     1.2839     1.3710     39.081     41.731     0.7558     0.7668     0.0415     0.0129     3.2991     1.7961     0.0000 -124.82372   47.11344       9.52          2  0.000e+00
      17929    747.000    129.988    131.119     6.7369     6.7349  34.172905  34.172445     6.7252     6.7231    33.9718    33.9733    26.6460    26.6475     1.2839     1.3709     39.081     41.730     0.7558     0.7668     0.0415     0.0129     3.2991     1.7949     0.0000 -124.82372   47.11344       9.55          2  0.000e+00
      17930    747.042    129.935    131.065     6.7368     6.7349  34.173217  34.172756     6.7250     6.7231    33.9723    33.9737    26.6465    26.6478     1.2839     1.3709     39.081     41.730     0.7558     0.7668     0.0415     0.0129     3.2991     1.7949     0.0000 -124.82372   47.11344       9.55          2  0.000e+00
