WCOA/WCOA-6/CTD_Data/RB2102_CTD_129_01.ros
* Sea-Bird SBE 9 Data File:
* FileName = C:\Users\scs.user.rb\CTD\RB2102\Data\RB2102_CTD_129_01.hex
* Software Version Seasave V 7.26.7.107
* Temperature SN = 6202
* Conductivity SN = 4907
* Number of Bytes Per Scan = 41
* Number of Voltage Words = 4
* Number of Scans Averaged by the Deck Unit = 1
* NMEA Latitude = 32 48.71 N
* NMEA Longitude = 119 09.07 W
* NMEA UTC (Time) = Jul 21 2021  18:32:53
* NMEA baud rate = 4800
# nquan = 30
# nvalues = 1015                                  
# units = specified
# name 0 = scan: Scan Count
# name 1 = timeS: Time, Elapsed [seconds]
# name 2 = depSM: Depth [salt water, m]
# name 3 = prDM: Pressure, Digiquartz [db]
# name 4 = t090C: Temperature [ITS-90, deg C]
# name 5 = t190C: Temperature, 2 [ITS-90, deg C]
# name 6 = c0mS/cm: Conductivity [mS/cm]
# name 7 = c1mS/cm: Conductivity, 2 [mS/cm]
# name 8 = potemp090C: Potential Temperature [ITS-90, deg C]
# name 9 = potemp190C: Potential Temperature, 2 [ITS-90, deg C]
# name 10 = sal00: Salinity, Practical [PSU]
# name 11 = sal11: Salinity, Practical, 2 [PSU]
# name 12 = sigma-é00: Density [sigma-theta, kg/m^3]
# name 13 = sigma-é11: Density, 2 [sigma-theta, kg/m^3]
# name 14 = sbeox0Mg/L: Oxygen, SBE 43 [mg/l]
# name 15 = sbeox1Mg/L: Oxygen, SBE 43, 2 [mg/l]
# name 16 = sbox0Mm/Kg: Oxygen, SBE 43 [umol/kg]
# name 17 = sbox1Mm/Kg: Oxygen, SBE 43, 2 [umol/kg]
# name 18 = sbeox0V: Oxygen raw, SBE 43 [V]
# name 19 = sbeox1V: Oxygen raw, SBE 43, 2 [V]
# name 20 = v4: Voltage 4
# name 21 = flECO-AFL: Fluorescence, WET Labs ECO-AFL/FL [mg/m^3]
# name 22 = v3: Voltage 3
# name 23 = v6: Voltage 6
# name 24 = v7: Voltage 7
# name 25 = longitude: Longitude [deg]
# name 26 = latitude: Latitude [deg]
# name 27 = altM: Altimeter [m]
# name 28 = nbf: Bottles Fired
# name 29 = flag:  0.000e+00
# interval = seconds: 0.0416667
# start_time = Jul 21 2021 18:32:53 [NMEA time, header]
# bad_flag = -9.990e-29
*END*
[from data line 677]
      99900   4162.458     39.905     40.192    11.5995    11.6035  38.395791  38.399672    11.5945    11.5985    33.7842    33.7844    25.7206    25.7200     5.7800     5.3943    176.097    164.347     1.8571     1.6801     0.2271     4.6527     3.2381     0.0000     0.0000 -119.15108   32.81026      99.34         15  0.000e+00
      99901   4162.500     39.753     40.038    11.5988    11.6032  38.395725  38.399541    11.5938    11.5981    33.7849    33.7847    25.7213    25.7203     5.7799     5.3942    176.096    164.345     1.8571     1.6801     0.2271     4.6527     3.2381     0.0000     0.0000 -119.15108   32.81026      99.34         15  0.000e+00
      99902   4162.542     39.852     40.138    11.5982    11.6029  38.394682  38.399150    11.5931    11.5979    33.7844    33.7845    25.7210    25.7202     5.7852     5.3943    176.258    164.349     1.8584     1.6801     0.2283     4.6832     3.2381     0.0000     0.0000 -119.15108   32.81026      99.34         15  0.000e+00
      99903   4162.583     39.852     40.138    11.5972    11.6027  38.394095  38.398629    11.5922    11.5977    33.7847    33.7841    25.7214    25.7200     5.7802     5.3944    176.104    164.350     1.8571     1.6801     0.2271     4.6527     3.2393     0.0000     0.0000 -119.15108   32.81026      99.34         15  0.000e+00
      99904   4162.625     39.806     40.092    11.5970    11.6022  38.394029  38.398629    11.5920    11.5972    33.7848    33.7846    25.7216    25.7204     5.7802     5.3944    176.104    164.350     1.8571     1.6801     0.2271     4.6527     3.2381     0.0000     0.0000 -119.15108   32.81026      99.34         15  0.000e+00
      99905   4162.667     39.852     40.139    11.5966    11.6019  38.393769  38.398564    11.5916    11.5969    33.7849    33.7848    25.7217    25.7207     5.7751     5.3889    175.949    164.181     1.8559     1.6789     0.2283     4.6832     3.2381     0.0000     0.0000 -119.15108   32.81026      99.34         15  0.000e+00
      99906   4162.708     39.852     40.139    11.5967    11.6017  38.393899  38.398629    11.5917    11.5967    33.7849    33.7850    25.7217    25.7209     5.7751     5.3889    175.949    164.182     1.8559     1.6789     0.2271     4.6527     3.2393     0.0000     0.0000 -119.15108   32.81026      99.34         15  0.000e+00
      99907   4162.750     39.806     40.092    11.5966    11.6018  38.394486  38.399085    11.5916    11.5968    33.7856    33.7854    25.7223    25.7211     5.7802     5.3944    176.104    164.350     1.8571     1.6801     0.2283     4.6832     3.2381     0.0000     0.0000 -119.15108   32.81026      99.34         15  0.000e+00
      99908   4162.792     39.852     40.139    11.5971    11.6015  38.395465  38.391523    11.5921    11.5965    33.7861    33.7782    25.7225    25.7156     5.7750     5.3891    175.946    164.190     1.8559     1.6789     0.2271     4.6527     3.2393     0.0000     0.0000 -119.15108   32.81026      99.34         15  0.000e+00
      99909   4162.833     39.806     40.092    11.5982    11.6017  38.397160  38.389959    11.5932    11.5967    33.7868    33.7766    25.7229    25.7143     5.7800     5.3891    176.097    164.191     1.8571     1.6789     0.2283     4.6832     3.2381     0.0000     0.0000 -119.15108   32.81026      99.34         15  0.000e+00
      99910   4162.875     39.806     40.092    11.6003    11.6017  38.398465  38.397716    11.5953    11.5967    33.7862    33.7842    25.7220    25.7202     5.7797     5.3889    176.090    164.182     1.8571     1.6789     0.2271     4.6527     3.2393     0.0000     0.0000 -119.15108   32.81026      99.34         15  0.000e+00
      99911   4162.917     39.806     40.092    11.6024    11.6024  38.399965  38.400780    11.5974    11.5974    33.7857    33.7865    25.7213    25.7219     5.7743     5.3887    175.925    164.176     1.8559     1.6789     0.2271     4.6527     3.2393     0.0000     0.0000 -119.15108   32.81026      99.34         15  0.000e+00
      99912   4162.958     39.806     40.092    11.6045    11.6030  38.401661  38.401432    11.5995    11.5980    33.7854    33.7866    25.7207    25.7219     5.7741     5.3886    175.917    164.174     1.8559     1.6789     0.2271     4.6527     3.2381     0.0000     0.0000 -119.15108   32.81026      99.34         15  0.000e+00
      99913   4163.000     39.852     40.139    11.6061    11.6038  38.402900  38.401889    11.6010    11.5988    33.7853    33.7863    25.7202    25.7215     5.7739     5.3886    175.913    164.172     1.8559     1.6789     0.2271     4.6527     3.2393     0.0000     0.0000 -119.15108   32.81026      99.34         15  0.000e+00
      99914   4163.042     39.806     40.092    11.6074    11.6044  38.403618  38.401888    11.6024    11.5994    33.7848    33.7858    25.7196    25.7210     5.7737     5.3885    175.907    164.170     1.8559     1.6789     0.2271     4.6527     3.2393     0.0000     0.0000 -119.15108   32.81026      99.34         15  0.000e+00
      99915   4163.083     39.806     40.092    11.6081    11.6049  38.403813  38.402475    11.6031    11.5999    33.7843    33.7859    25.7191    25.7210     5.7737     5.3884    175.905    164.168     1.8559     1.6789     0.2271     4.6527     3.2393     0.0000     0.0000 -119.15108   32.81026      99.34         15  0.000e+00
      99916   4163.125     39.806     40.092    11.6090    11.6052  38.404270  38.402605    11.6040    11.6002    33.7839    33.7858    25.7186    25.7208     5.7736     5.3828    175.902    163.996     1.8559     1.6777     0.2271     4.6527     3.2393     0.0000     0.0000 -119.15108   32.81026      99.34         15  0.000e+00
      99917   4163.167     39.753     40.039    11.6094    11.6059  38.404661  38.402409    11.6043    11.6009    33.7840    33.7850    25.7187    25.7201     5.7735     5.3883    175.899    164.164     1.8559     1.6789     0.2283     4.6832     3.2393     0.0000     0.0000 -119.15108   32.81026      99.34         15  0.000e+00
      99918   4163.208     39.806     40.092    11.6102    11.6061  38.405574  38.402540    11.6051    11.6011    33.7842    33.7848    25.7186    25.7199     5.7734     5.3827    175.897    163.994     1.8559     1.6777     0.2259     4.6221     3.2393     0.0000     0.0000 -119.15108   32.81026      99.34         15  0.000e+00
      99919   4163.250     39.806     40.092    11.6108    11.6057  38.406031  38.402410    11.6058    11.6007    33.7840    33.7851    25.7184    25.7202     5.7733     5.3883    175.895    164.166     1.8559     1.6789     0.2100     4.2253     3.2393     0.0000     0.0000 -119.15108   32.81026      99.34         15  0.000e+00
      99920   4163.292     39.753     40.039    11.6113    11.6054  38.406161  38.402540    11.6063    11.6004    33.7837    33.7856    25.7181    25.7206     5.7732     5.3883    175.892    164.165     1.8559     1.6789     0.2002     3.9811     3.2381     0.0000     0.0000 -119.15108   32.81026      99.34         15  0.000e+00
      99921   4163.333     39.806     40.092    11.6117    11.6052  38.406161  38.402605    11.6067    11.6002    33.7834    33.7858    25.7177    25.7208     5.7732     5.3884    175.893    164.167     1.8559     1.6789     0.2002     3.9811     3.2381     0.0000     0.0000 -119.15108   32.81026      99.34         15  0.000e+00
      99922   4163.375     39.806     40.092    11.6115    11.6060  38.405639  38.403062    11.6065    11.6010    33.7830    33.7854    25.7175    25.7204     5.7733     5.3827    175.894    163.993     1.8559     1.6777     0.2002     3.9811     3.2393     0.0000     0.0000 -119.15108   32.81026      99.34         15  0.000e+00
      99923   4163.417     39.707     39.992    11.6102    11.6065  38.404465  38.403322    11.6052    11.6015    33.7831    33.7853    25.7178    25.7202     5.7734     5.3826    175.896    163.990     1.8559     1.6777     0.2015     4.0116     3.2393     0.0000     0.0000 -119.15108   32.81026      99.34         15  0.000e+00
      99924   4163.458     39.806     40.092    11.6085    11.6066  38.403356  38.403583    11.6035    11.6016    33.7834    33.7854    25.7184    25.7203     5.7736     5.3826    175.904    163.991     1.8559     1.6777     0.2002     3.9811     3.2393     0.0000     0.0000 -119.15108   32.81026      99.34         15  0.000e+00
      99925   4163.500     39.707     39.992    11.6070    11.6069  38.402378  38.404300    11.6020    11.6019    33.7840    33.7860    25.7191    25.7206     5.7737     5.3825    175.908    163.988     1.8559     1.6777     0.2002     3.9811     3.2393     0.0000     0.0000 -119.15108   32.81026      99.34         15  0.000e+00
      99926   4163.542     39.753     40.039    11.6064    11.6070  38.402117  38.404626    11.6014    11.6020    33.7842    33.7861    25.7194    25.7207     5.7738     5.3825    175.911    163.988     1.8559     1.6777     0.2002     3.9811     3.2381     0.0000     0.0000 -119.15108   32.81026      99.34         15  0.000e+00
      99927   4163.583     39.753     40.039    11.6061    11.6075  38.401334  38.405082    11.6010    11.6025    33.7838    33.7861    25.7191    25.7206     5.7739     5.3824    175.912    163.986     1.8559     1.6777     0.2002     3.9811     3.2381     0.0000     0.0000 -119.15108   32.81026      99.34         15  0.000e+00
      99928   4163.625     39.707     39.992    11.6052    11.6075  38.400551  38.404821    11.6002    11.6025    33.7838    33.7858    25.7193    25.7204     5.7740     5.3824    175.915    163.985     1.8559     1.6777     0.2002     3.9811     3.2381     0.0000     0.0000 -119.15108   32.81026      99.34         15  0.000e+00
      99929   4163.667     39.753     40.039    11.6044    11.6083  38.400160  38.405082    11.5994    11.6033    33.7841    33.7854    25.7197    25.7200     5.7741     5.3880    175.918    164.155     1.8559     1.6789     0.2002     3.9811     3.2381     0.0000     0.0000 -119.15108   32.81026      99.34         15  0.000e+00
      99930   4163.708     39.753     40.039    11.6039    11.6094  38.400095  38.406060    11.5989    11.6043    33.7845    33.7854    25.7201    25.7197     5.7741     5.3823    175.920    163.980     1.8559     1.6777     0.2002     3.9811     3.2381     0.0000     0.0000 -119.15108   32.81026      99.34         15  0.000e+00
      99931   4163.750     39.707     39.992    11.6034    11.6103  38.399834  38.407038    11.5984    11.6053    33.7848    33.7855    25.7203    25.7196     5.7742     5.3821    175.920    163.975     1.8559     1.6777     0.2002     3.9811     3.2393     0.0000     0.0000 -119.15108   32.81026      99.34         15  0.000e+00
      99932   4163.792     39.707     39.992    11.6032    11.6105  38.399769  38.407625    11.5982    11.6055    33.7848    33.7859    25.7204    25.7199     5.7742     5.3821    175.921    163.974     1.8559     1.6777     0.2002     3.9811     3.2393     0.0000     0.0000 -119.15108   32.81026      99.34         15  0.000e+00
      99933   4163.833     39.707     39.992    11.6032    11.6113  38.399964  38.408146    11.5982    11.6063    33.7850    33.7856    25.7206    25.7196     5.7742     5.3820    175.921    163.971     1.8559     1.6777     0.2002     3.9811     3.2381     0.0000     0.0000 -119.15108   32.81026      99.34         15  0.000e+00
      99934   4163.875     39.707     39.992    11.6037    11.6124  38.400095  38.408081    11.5987    11.6074    33.7847    33.7846    25.7203    25.7185     5.7741     5.3819    175.919    163.969     1.8559     1.6777     0.2002     3.9811     3.2393     0.0000     0.0000 -119.15108   32.81026      99.34         15  0.000e+00
      99935   4163.917     39.661     39.946    11.6046    11.6130  38.401334  38.408080    11.5996    11.6080    33.7851    33.7841    25.7204    25.7180     5.7740     5.3818    175.914    163.966     1.8559     1.6777     0.2002     3.9811     3.2393     0.0000     0.0000 -119.15108   32.81026      99.34         15  0.000e+00
      99936   4163.958     39.707     39.992    11.6056    11.6130  38.401986  38.408211    11.6006    11.6080    33.7849    33.7842    25.7200    25.7181     5.7739     5.3818    175.912    163.967     1.8559     1.6777     0.2002     3.9811     3.2381     0.0000     0.0000 -119.15108   32.81026      99.34         15  0.000e+00
      99937   4164.000     39.661     39.946    11.6055    11.6133  38.402117  38.408341    11.6005    11.6083    33.7851    33.7840    25.7202    25.7179     5.7738     5.3817    175.911    163.965     1.8559     1.6777     0.2015     4.0116     3.2381     0.0000     0.0000 -119.15108   32.81026      99.34         15  0.000e+00
      99938   4164.042     39.661     39.946    11.6061    11.6133  38.402573  38.408537    11.6011    11.6083    33.7850    33.7842    25.7201    25.7181     5.7738     5.3817    175.909    163.965     1.8559     1.6777     0.2002     3.9811     3.2381     0.0000     0.0000 -119.15108   32.81026      99.34         15  0.000e+00
      99939   4164.083     39.707     39.993    11.6067    11.6134  38.402769  38.408407    11.6017    11.6084    33.7846    33.7840    25.7196    25.7179     5.7737     5.3818    175.908    163.966     1.8559     1.6777     0.2002     3.9811     3.2381     0.0000     0.0000 -119.15108   32.81026      99.34         15  0.000e+00
      99940   4164.125     39.661     39.946    11.6075    11.6135  38.403747  38.409058    11.6025    11.6085    33.7848    33.7846    25.7196    25.7183     5.7736     5.3817    175.903    163.964     1.8559     1.6777     0.2002     3.9811     3.2381     0.0000     0.0000 -119.15108   32.81026      99.34         15  0.000e+00
      99941   4164.167     39.661     39.946    11.6084    11.6135  38.404334  38.409319    11.6034    11.6085    33.7846    33.7848    25.7193    25.7185     5.7735     5.3817    175.900    163.963     1.8559     1.6777     0.2015     4.0116     3.2381     0.0000     0.0000 -119.15108   32.81026      99.34         15  0.000e+00
      99942   4164.208     39.661     39.946    11.6092    11.6138  38.404465  38.409319    11.6042    11.6088    33.7840    33.7845    25.7187    25.7182     5.7734     5.3817    175.898    163.963     1.8559     1.6777     0.2002     3.9811     3.2381     0.0000     0.0000 -119.15108   32.81026      99.34         15  0.000e+00
      99943   4164.250     39.608     39.892    11.6095    11.6141  38.404660  38.409319    11.6045    11.6091    33.7840    33.7844    25.7186    25.7181     5.7733     5.3816    175.896    163.961     1.8559     1.6777     0.2015     4.0116     3.2381     0.0000     0.0000 -119.15108   32.81026      99.34         15  0.000e+00
     102674   4278.042     29.542     29.753    12.9851    12.9509  39.680363  39.656714    12.9811    12.9469    33.7782    33.7863    25.4502    25.4632     7.4842     6.9510    228.079    211.828     2.3175     2.0684     0.2698     5.7210     3.2308     0.0000     0.0000 -119.15108   32.81024      99.41         16  0.000e+00
     102675   4278.083     29.535     29.747    12.9828    12.9391  39.679570  39.651564    12.9788    12.9351    33.7796    33.7919    25.4517    25.4699     7.4845     6.9471    228.088    211.709     2.3175     2.0672     0.2698     5.7210     3.2308     0.0000     0.0000 -119.15108   32.81024      99.41         16  0.000e+00
     102676   4278.125     29.588     29.800    12.9818    12.9249  39.678381  39.645491    12.9778    12.9209    33.7793    33.7988    25.4517    25.4781     7.4847     6.9491    228.095    211.767     2.3175     2.0672     0.2698     5.7210     3.2320     0.0000     0.0000 -119.15108   32.81024      99.41         16  0.000e+00
     102677   4278.167     29.535     29.747    12.9814    12.9141  39.677786  39.640935    12.9774    12.9101    33.7791    33.8042    25.4516    25.4844     7.4847     6.9505    228.096    211.808     2.3175     2.0672     0.2698     5.7210     3.2320     0.0000     0.0000 -119.15108   32.81024      99.41         16  0.000e+00
