WCOA/WCOA-6/CTD_Data/RB2102_CTD_032_01.ros
* Sea-Bird SBE 9 Data File:
* FileName = C:\Users\scs.user.rb\CTD\RB2102\Data\RB2102_CTD_032_01.hex
* Software Version Seasave V 7.26.7.107
* Temperature SN = 6202
* Conductivity SN = 4907
* Number of Bytes Per Scan = 41
* Number of Voltage Words = 4
* Number of Scans Averaged by the Deck Unit = 1
* NMEA Latitude = 46 07.72 N
* NMEA Longitude = 124 16.15 W
* NMEA UTC (Time) = Jul 01 2021  03:09:19
* NMEA baud rate = 4800
# nquan = 30
# nvalues = 784                                   
# units = specified
# name 0 = scan: Scan Count
# name 1 = timeS: Time, Elapsed [seconds]
# name 2 = depSM: Depth [salt water, m]
# name 3 = prDM: Pressure, Digiquartz [db]
# name 4 = t090C: Temperature [ITS-90, deg C]
# name 5 = t190C: Temperature, 2 [ITS-90, deg C]
# name 6 = c0mS/cm: Conductivity [mS/cm]
# name 7 = c1mS/cm: Conductivity, 2 [mS/cm]
# name 8 = potemp090C: Potential Temperature [ITS-90, deg C]
# name 9 = potemp190C: Potential Temperature, 2 [ITS-90, deg C]
# name 10 = sal00: Salinity, Practical [PSU]
# name 11 = sal11: Salinity, Practical, 2 [PSU]
# name 12 = sigma-é00: Density [sigma-theta, kg/m^3]
# name 13 = sigma-é11: Density, 2 [sigma-theta, kg/m^3]
# name 14 = sbeox0Mg/L: Oxygen, SBE 43 [mg/l]
# name 15 = sbeox1Mg/L: Oxygen, SBE 43, 2 [mg/l]
# name 16 = sbox0Mm/Kg: Oxygen, SBE 43 [umol/kg]
# name 17 = sbox1Mm/Kg: Oxygen, SBE 43, 2 [umol/kg]
# name 18 = sbeox0V: Oxygen raw, SBE 43 [V]
# name 19 = sbeox1V: Oxygen raw, SBE 43, 2 [V]
# name 20 = v4: Voltage 4
# name 21 = flECO-AFL: Fluorescence, WET Labs ECO-AFL/FL [mg/m^3]
# name 22 = v3: Voltage 3
# name 23 = v6: Voltage 6
# name 24 = v7: Voltage 7
# name 25 = longitude: Longitude [deg]
# name 26 = latitude: Latitude [deg]
# name 27 = altM: Altimeter [m]
# name 28 = nbf: Bottles Fired
# name 29 = flag:  0.000e+00
# interval = seconds: 0.0416667
# start_time = Jul 01 2021 03:09:19 [NMEA time, header]
# bad_flag = -9.990e-29
*END*
[from data line 532]
      41539   1730.750     10.784     10.874    13.0432    13.1035  37.672222  37.703566    13.0418    13.1020    31.8378    31.8167    23.9361    23.9080     9.9144     9.7868    302.586    298.701     2.8913     2.6923     0.1160     1.8749     3.2857     0.7473     0.0000 -124.26980   46.12928      88.08         11  0.000e+00
      41540   1730.792     10.784     10.874    13.0572    13.1021  37.680442  37.701948    13.0558    13.1006    31.8338    31.8163    23.9303    23.9080     9.9117     9.7871    302.505    298.711     2.8913     2.6923     0.1160     1.8749     3.2857     0.7473     0.0000 -124.26982   46.12928      88.08         11  0.000e+00
      41541   1730.833     10.837     10.927    13.0649    13.1048  37.679406  37.705249    13.0634    13.1033    31.8263    31.8171    23.9230    23.9081     9.9106     9.7866    302.474    298.693     2.8913     2.6923     0.1160     1.8749     3.2869     0.7460     0.0000 -124.26982   46.12928      88.08         11  0.000e+00
      41542   1730.875     10.798     10.887    13.0647    13.1152  37.671507  37.712496    13.0633    13.1137    31.8190    31.8152    23.9174    23.9046     9.9110     9.7844    302.489    298.627     2.8913     2.6923     0.1172     1.9054     3.2857     0.7448     0.0000 -124.26982   46.12928      88.08         11  0.000e+00
      41543   1730.917     10.884     10.974    13.0607    13.1201  37.663740  37.720198    13.0592    13.1186    31.8151    31.8183    23.9152    23.9061     9.9122     9.7887    302.526    298.758     2.8913     2.6935     0.1184     1.9359     3.2845     0.7448     0.0000 -124.26982   46.12928      88.03         11  0.000e+00
      41544   1730.958     10.837     10.928    13.0562    13.1336  37.659727  37.731007    13.0548    13.1321    31.8151    31.8171    23.9161    23.9025     9.9131     9.7857    302.553    298.670     2.8913     2.6935     0.1184     1.9359     3.2857     0.7448     0.0000 -124.26982   46.12928      88.01         11  0.000e+00
      41545   1731.000     10.897     10.988    13.0517    13.1490  37.658433  37.742659    13.0503    13.1476    31.8176    31.8151    23.9189    23.8979     9.9140     9.7826    302.579    298.575     2.8913     2.6935     0.1184     1.9359     3.2857     0.7448     0.0000 -124.26982   46.12928      88.01         11  0.000e+00
      44616   1858.958      3.466      3.495    15.4160    15.4354  37.829738  37.820661    15.4155    15.4348    30.0831    30.0602    22.0964    22.0747     9.4676     9.2121    289.470    281.664     2.8755     2.6496     0.1306     2.2412     3.2796     0.6288     0.0000 -124.26990   46.12940      95.78         12  0.000e+00
      44617   1859.000      3.420      3.449    15.4126    15.4336  37.829933  37.820920    15.4121    15.4331    30.0858    30.0618    22.0992    22.0762     9.4729     9.2070    289.630    281.509     2.8767     2.6484     0.1306     2.2412     3.2808     0.6288     0.0000 -124.26990   46.12940      95.78         12  0.000e+00
      44618   1859.042      3.467      3.495    15.4091    15.4321  37.831230  37.821374    15.4086    15.4316    30.0897    30.0634    22.1029    22.0778     9.4734     9.2073    289.645    281.517     2.8767     2.6484     0.1306     2.2412     3.2796     0.6276     0.0000 -124.26990   46.12940      95.78         12  0.000e+00
      44619   1859.083      3.420      3.449    15.4025    15.4296  37.832398  37.821763    15.4020    15.4291    30.0957    30.0656    22.1090    22.0801     9.4694     9.2129    289.522    281.686     2.8755     2.6496     0.1306     2.2412     3.2796     0.6288     0.0000 -124.26990   46.12940      95.78         12  0.000e+00
      44620   1859.125      3.520      3.549    15.3962    15.4270  37.833631  37.823384    15.3957    15.4265    30.1016    30.0690    22.1149    22.0832     9.4752     9.2133    289.698    281.698     2.8767     2.6496     0.1306     2.2412     3.2796     0.6288     0.0000 -124.26990   46.12940      95.78         12  0.000e+00
      44621   1859.167      3.467      3.495    15.3915    15.4247  37.836031  37.824356    15.3910    15.4242    30.1073    30.0716    22.1203    22.0857     9.4757     9.2135    289.712    281.705     2.8767     2.6496     0.1306     2.2412     3.2796     0.6288     0.0000 -124.26990   46.12940      95.80         12  0.000e+00
      44622   1859.208      3.533      3.562    15.3795    15.4221  37.839665  37.825263    15.3790    15.4216    30.1197    30.0744    22.1324    22.0884     9.4774     9.2140    289.760    281.718     2.8767     2.6496     0.1306     2.2412     3.2796     0.6288     0.0000 -124.26990   46.12940      95.85         12  0.000e+00
      44623   1859.250      3.520      3.549    15.3583    15.4183  37.843623  37.826041    15.3578    15.4178    30.1395    30.0780    22.1521    22.0920     9.4803     9.2145    289.844    281.733     2.8767     2.6496     0.1306     2.2412     3.2796     0.6288     0.0000 -124.26990   46.12940      95.85         12  0.000e+00
      44624   1859.292      3.467      3.496    15.3358    15.4178  37.848620  37.825912    15.3352    15.4173    30.1612    30.0783    22.1736    22.0923     9.4834     9.2145    289.931    281.733     2.8767     2.6496     0.1306     2.2412     3.2796     0.6288     0.0000 -124.26990   46.12940      95.85         12  0.000e+00
      44625   1859.333      3.566      3.596    15.3127    15.4175  37.854006  37.826107    15.3122    15.4169    30.1836    30.0787    22.1958    22.0927     9.4866     9.2147    290.024    281.738     2.8767     2.6496     0.1306     2.2412     3.2808     0.6276     0.0000 -124.26990   46.12940      95.85         12  0.000e+00
      44626   1859.375      3.520      3.549    15.2907    15.4110  37.860560  37.830514    15.2902    15.4105    30.2064    30.0875    22.2180    22.1009     9.4895     9.2154    290.106    281.758     2.8767     2.6496     0.1306     2.2412     3.2796     0.6276     0.0000 -124.26990   46.12940      95.85         12  0.000e+00
      44627   1859.417      3.520      3.549    15.2703    15.3933  37.868542  37.839071    15.2698    15.3928    30.2292    30.1087    22.2399    22.1209     9.4970     9.2177    290.328    281.822     2.8779     2.6496     0.1306     2.2412     3.2808     0.6288     0.0000 -124.26990   46.12940      95.75         12  0.000e+00
      44628   1859.458      3.566      3.596    15.2511    15.3715  37.877173  37.845425    15.2505    15.3710    30.2516    30.1310    22.2613    22.1427     9.4946     9.2207    290.249    281.910     2.8767     2.6496     0.1306     2.2412     3.2796     0.6288     0.0000 -124.26990   46.12940      95.63         12  0.000e+00
      44629   1859.500      3.520      3.549    15.2367    15.3632  37.885025  37.846982    15.2362    15.3627    30.2697    30.1387    22.2782    22.1505     9.4963     9.2219    290.296    281.943     2.8767     2.6496     0.1306     2.2412     3.2796     0.6288     0.0000 -124.26990   46.12940      95.60         12  0.000e+00
      44630   1859.542      3.580      3.609    15.2351    15.3643  37.892163  37.846334    15.2346    15.3638    30.2772    30.1373    22.2844    22.1491     9.4962     9.2218    290.292    281.941     2.8767     2.6496     0.1306     2.2412     3.2796     0.6276     0.0000 -124.26990   46.12940      95.60         12  0.000e+00
      44631   1859.583      3.566      3.596    15.2490    15.3685  37.898845  37.844129    15.2485    15.3679    30.2724    30.1321    22.2777    22.1443     9.4938     9.2213    290.220    281.926     2.8767     2.6496     0.1258     2.1191     3.2808     0.6276     0.0000 -124.26990   46.12940      95.63         12  0.000e+00
      44632   1859.625      3.619      3.649    15.2717    15.3802  37.904034  37.840174    15.2712    15.3797    30.2595    30.1196    22.2629    22.1322     9.4902     9.2197    290.114    281.882     2.8767     2.6496     0.1233     2.0580     3.2796     0.6288     0.0000 -124.26990   46.12940      95.63         12  0.000e+00
      44633   1859.667      3.566      3.596    15.2866    15.3924  37.907212  37.835960    15.2861    15.3919    30.2509    30.1065    22.2531    22.1195     9.4878     9.2180    290.042    281.833     2.8767     2.6496     0.1233     2.0580     3.2808     0.6288     0.0000 -124.26990   46.12940      95.60         12  0.000e+00
      44634   1859.708      3.619      3.649    15.2912    15.4020  37.907341  37.833367    15.2907    15.4014    30.2475    30.0969    22.2495    22.1100     9.4871     9.2167    290.025    281.797     2.8767     2.6496     0.1233     2.0580     3.2808     0.6288     0.0000 -124.26990   46.12940      95.58         12  0.000e+00
      44635   1859.750      3.619      3.649    15.2883    15.4013  37.905395  37.833821    15.2878    15.4008    30.2480    30.0979    22.2505    22.1109     9.4877     9.2168    290.040    281.799     2.8767     2.6496     0.1233     2.0580     3.2796     0.6288     0.0000 -124.26990   46.12940      95.58         12  0.000e+00
      44636   1859.792      3.619      3.650    15.2820    15.3946  37.903384  37.835182    15.2815    15.3941    30.2510    30.1042    22.2542    22.1172     9.4887     9.2178    290.071    281.826     2.8767     2.6496     0.1233     2.0580     3.2796     0.6276     0.0000 -124.26990   46.12940      95.58         12  0.000e+00
      44637   1859.833      3.620      3.650    15.2794    15.3896  37.902346  37.836220    15.2788    15.3890    30.2522    30.1089    22.2556    22.1219     9.4892     9.2185    290.084    281.847     2.8767     2.6496     0.1233     2.0580     3.2796     0.6276     0.0000 -124.26990   46.12940      95.58         12  0.000e+00
      44638   1859.875      3.633      3.663    15.2805    15.3880  37.903189  37.836479    15.2800    15.3875    30.2520    30.1104    22.2553    22.1234     9.4841     9.2187    289.930    281.854     2.8755     2.6496     0.1233     2.0580     3.2796     0.6276     0.0000 -124.26990   46.12940      95.58         12  0.000e+00
      44639   1859.917      3.666      3.696    15.2831    15.3921  37.904487  37.834988    15.2825    15.3915    30.2512    30.1059    22.2541    22.1191     9.4837     9.2130    289.918    281.679     2.8755     2.6484     0.1233     2.0580     3.2796     0.6276     0.0000 -124.26990   46.12940      95.58         12  0.000e+00
      44640   1859.958      3.666      3.696    15.2820    15.4023  37.905850  37.831747    15.2815    15.4018    30.2532    30.0952    22.2559    22.1086     9.4789     9.2168    289.772    281.800     2.8742     2.6496     0.1233     2.0580     3.2808     0.6276     0.0000 -124.26990   46.12940      95.58         12  0.000e+00
      44641   1860.000      3.666      3.696    15.2770    15.4117  37.906954  37.829607    15.2765    15.4112    30.2581    30.0861    22.2607    22.0996     9.4796     9.2102    289.792    281.601     2.8742     2.6484     0.1233     2.0580     3.2808     0.6276     0.0000 -124.26990   46.12940      95.58         12  0.000e+00
      44642   1860.042      3.666      3.696    15.2653    15.4192  37.907409  37.828051    15.2647    15.4186    30.2675    30.0791    22.2704    22.0926     9.4765     9.2092    289.693    281.570     2.8730     2.6484     0.1233     2.0580     3.2796     0.6276     0.0000 -124.26990   46.12940      95.58         12  0.000e+00
      44643   1860.083      3.666      3.697    15.2462    15.4219  37.908775  37.828310    15.2456    15.4214    30.2834    30.0772    22.2868    22.0906     9.4793     9.2088    289.773    281.558     2.8730     2.6484     0.1245     2.0886     3.2784     0.6276     0.0000 -124.26990   46.12940      95.58         12  0.000e+00
      44644   1860.125      3.712      3.743    15.2280    15.4236  37.910465  37.828504    15.2275    15.4230    30.2989    30.0761    22.3025    22.0894     9.4771     9.2033    289.702    281.391     2.8718     2.6471     0.1233     2.0580     3.2796     0.6276     0.0000 -124.26990   46.12940      95.58         12  0.000e+00
      44645   1860.167      3.713      3.743    15.2127    15.4243  37.913127  37.828504    15.2122    15.4237    30.3131    30.0755    22.3168    22.0888     9.4792     9.2032    289.763    281.388     2.8718     2.6471     0.1233     2.0580     3.2808     0.6276     0.0000 -124.26990   46.12940      95.53         12  0.000e+00
      44646   1860.208      3.679      3.710    15.1995    15.4246  37.916569  37.828245    15.1990    15.4241    30.3264    30.0751    22.3298    22.0884     9.4810     9.2031    289.813    281.386     2.8718     2.6471     0.1233     2.0580     3.2796     0.6276     0.0000 -124.26990   46.12940      95.51         12  0.000e+00
      44647   1860.250      3.713      3.743    15.1899    15.4251  37.920529  37.828374    15.1893    15.4245    30.3374    30.0748    22.3403    22.0881     9.4774     9.2031    289.700    281.385     2.8706     2.6471     0.1233     2.0580     3.2808     0.6276     0.0000 -124.26990   46.12940      95.51         12  0.000e+00
      44648   1860.292      3.713      3.743    15.1828    15.4250  37.924035  37.827985    15.1822    15.4244    30.3460    30.0746    22.3484    22.0879     9.4783     9.2031    289.725    281.386     2.8706     2.6471     0.1233     2.0580     3.2796     0.6276     0.0000 -124.26990   46.12940      95.51         12  0.000e+00
      44649   1860.333      3.666      3.697    15.1777    15.4245  37.926632  37.827597    15.1772    15.4239    30.3522    30.0746    22.3542    22.0881     9.4740     9.1979    289.592    281.227     2.8694     2.6459     0.1233     2.0580     3.2796     0.6276     0.0000 -124.26990   46.12940      95.51         12  0.000e+00
      44650   1860.375      3.766      3.797    15.1732    15.4238  37.928970  37.827727    15.1726    15.4232    30.3578    30.0752    22.3595    22.0887     9.4698     9.1981    289.462    281.234     2.8681     2.6459     0.1233     2.0580     3.2808     0.6276     0.0000 -124.26990   46.12940      95.51         12  0.000e+00
      44651   1860.417      3.666      3.697    15.1708    15.4229  37.931047  37.827597    15.1703    15.4224    30.3615    30.0758    22.3629    22.0893     9.4650     9.1982    289.317    281.234     2.8669     2.6459     0.1233     2.0580     3.2808     0.6276     0.0000 -124.26990   46.12940      95.56         12  0.000e+00
      44652   1860.458      3.766      3.797    15.1731    15.4224  37.932540  37.827403    15.1726    15.4219    30.3610    30.0760    22.3620    22.0895     9.4647     9.1984    289.308    281.240     2.8669     2.6459     0.1233     2.0580     3.2796     0.6276     0.0000 -124.26990   46.12940      95.58         12  0.000e+00
      44653   1860.500      3.667      3.697    15.1772    15.4226  37.933643  37.827467    15.1767    15.4221    30.3588    30.0759    22.3595    22.0895     9.4640     9.1982    289.285    281.236     2.8669     2.6459     0.1233     2.0580     3.2796     0.6276     0.0000 -124.26990   46.12940      95.60         12  0.000e+00
      44654   1860.542      3.733      3.764    15.1834    15.4205  37.933902  37.828245    15.1829    15.4200    30.3542    30.0782    22.3546    22.0917     9.4582     9.1986    289.111    281.246     2.8657     2.6459     0.1233     2.0580     3.2796     0.6276     0.0000 -124.26990   46.12940      95.60         12  0.000e+00
      44655   1860.583      3.713      3.744    15.1895    15.4159  37.933382  37.829023    15.1890    15.4154    30.3491    30.0824    22.3493    22.0959     9.4573     9.1992    289.085    281.264     2.8657     2.6459     0.1233     2.0580     3.2808     0.6276     0.0000 -124.26990   46.12940      95.60         12  0.000e+00
      44656   1860.625      3.713      3.744    15.1966    15.4152  37.931434  37.830190    15.1961    15.4147    30.3418    30.0839    22.3422    22.0972     9.4564     9.1992    289.058    281.265     2.8657     2.6459     0.1233     2.0580     3.2808     0.6276     0.0000 -124.26990   46.12940      95.60         12  0.000e+00
