WCOA/WCOA-6/CTD_Data/RB2102_CTD_008_01.ros
* Sea-Bird SBE 9 Data File:
* FileName = C:\Users\scs.user.rb\CTD\RB2102\Data\RB2102_CTD_008_01.hex
* Software Version Seasave V 7.26.7.107
* Temperature SN = 6202
* Conductivity SN = 4907
* Number of Bytes Per Scan = 41
* Number of Voltage Words = 4
* Number of Scans Averaged by the Deck Unit = 1
* NMEA Latitude = 48 21.34 N
* NMEA Longitude = 126 18.44 W
* NMEA UTC (Time) = Jun 27 2021  16:05:06
* NMEA baud rate = 4800
# nquan = 30
# nvalues = 1029                                  
# units = specified
# name 0 = scan: Scan Count
# name 1 = timeS: Time, Elapsed [seconds]
# name 2 = depSM: Depth [salt water, m]
# name 3 = prDM: Pressure, Digiquartz [db]
# name 4 = t090C: Temperature [ITS-90, deg C]
# name 5 = t190C: Temperature, 2 [ITS-90, deg C]
# name 6 = c0mS/cm: Conductivity [mS/cm]
# name 7 = c1mS/cm: Conductivity, 2 [mS/cm]
# name 8 = potemp090C: Potential Temperature [ITS-90, deg C]
# name 9 = potemp190C: Potential Temperature, 2 [ITS-90, deg C]
# name 10 = sal00: Salinity, Practical [PSU]
# name 11 = sal11: Salinity, Practical, 2 [PSU]
# name 12 = sigma-é00: Density [sigma-theta, kg/m^3]
# name 13 = sigma-é11: Density, 2 [sigma-theta, kg/m^3]
# name 14 = sbeox0Mg/L: Oxygen, SBE 43 [mg/l]
# name 15 = sbeox1Mg/L: Oxygen, SBE 43, 2 [mg/l]
# name 16 = sbox0Mm/Kg: Oxygen, SBE 43 [umol/kg]
# name 17 = sbox1Mm/Kg: Oxygen, SBE 43, 2 [umol/kg]
# name 18 = sbeox0V: Oxygen raw, SBE 43 [V]
# name 19 = sbeox1V: Oxygen raw, SBE 43, 2 [V]
# name 20 = v4: Voltage 4
# name 21 = flECO-AFL: Fluorescence, WET Labs ECO-AFL/FL [mg/m^3]
# name 22 = v3: Voltage 3
# name 23 = v6: Voltage 6
# name 24 = v7: Voltage 7
# name 25 = longitude: Longitude [deg]
# name 26 = latitude: Latitude [deg]
# name 27 = altM: Altimeter [m]
# name 28 = nbf: Bottles Fired
# name 29 = flag:  0.000e+00
# interval = seconds: 0.0416667
# start_time = Jun 27 2021 16:05:06 [NMEA time, header]
# bad_flag = -9.990e-29
*END*
[from data line 532]
     112133   4672.167     99.302    100.170     7.5366     7.5314  34.174273  34.173003     7.5271     7.5220    33.2101    33.2137    25.9362    25.9397     6.3174     6.1589    192.430    187.603     1.8352     1.7082     0.0415     0.0129     3.1074     1.4054     2.2613 -126.30680   48.35592      99.34         11  0.000e+00
     112134   4672.208     99.250    100.117     7.5368     7.5316  34.174647  34.172878     7.5274     7.5221    33.2103    33.2134    25.9363    25.9395     6.3230     6.1526    192.601    187.411     1.8364     1.7070     0.0415     0.0129     3.1087     1.4054     2.2613 -126.30680   48.35592      99.37         11  0.000e+00
     112135   4672.250     99.303    100.170     7.5367     7.5316  34.174335  34.172878     7.5272     7.5221    33.2101    33.2134    25.9362    25.9395     6.3231     6.1589    192.604    187.603     1.8364     1.7082     0.0403    -0.0177     3.1099     1.4054     2.2613 -126.30680   48.35592      99.37         11  0.000e+00
     112136   4672.292     99.303    100.170     7.5368     7.5314  34.174398  34.172940     7.5274     7.5220    33.2100    33.2136    25.9360    25.9396     6.3231     6.1589    192.603    187.603     1.8364     1.7082     0.0415     0.0129     3.1074     1.4054     2.2613 -126.30680   48.35592      99.37         11  0.000e+00
     112137   4672.333     99.296    100.164     7.5369     7.5322  34.174273  34.172878     7.5274     7.5228    33.2098    33.2128    25.9359    25.9389     6.3231     6.1588    192.603    187.601     1.8364     1.7082     0.0415     0.0129     3.1087     1.4054     2.2613 -126.30680   48.35592      99.37         11  0.000e+00
     112138   4672.375     99.303    100.171     7.5372     7.5331  34.174398  34.172878     7.5277     7.5236    33.2097    33.2120    25.9358    25.9381     6.3230     6.1525    192.602    187.408     1.8364     1.7070     0.0403    -0.0177     3.1087     1.4054     2.2613 -126.30680   48.35592      99.34         11  0.000e+00
     112139   4672.417     99.349    100.217     7.5373     7.5329  34.174522  34.172754     7.5279     7.5234    33.2097    33.2120    25.9357    25.9382     6.3288     6.1526    192.777    187.410     1.8376     1.7070     0.0415     0.0129     3.1087     1.4054     2.3297 -126.30680   48.35592      99.34         11  0.000e+00
     112363   4681.750     99.309    100.177     7.5386     7.5344  34.174086  34.172691     7.5291     7.5249    33.2080    33.2105    25.9342    25.9368     6.3114     6.1711    192.249    187.974     1.8339     1.7106     0.0415     0.0129     3.1087     1.4017     2.3346 -126.30678   48.35592      99.37         12  0.000e+00
     112364   4681.792     99.256    100.124     7.5385     7.5344  34.174148  34.172691     7.5290     7.5249    33.2082    33.2106    25.9344    25.9368     6.3114     6.1711    192.248    187.973     1.8339     1.7106     0.0415     0.0129     3.1087     1.4017     2.3346 -126.30678   48.35592      99.34         12  0.000e+00
     112365   4681.833     99.210    100.077     7.5383     7.5344  34.174397  34.172379     7.5289     7.5249    33.2086    33.2102    25.9348    25.9366     6.3114     6.1710    192.247    187.972     1.8339     1.7106     0.0403    -0.0177     3.1087     1.4005     2.3346 -126.30678   48.35592      99.34         12  0.000e+00
     112366   4681.875     99.303    100.171     7.5381     7.5346  34.174024  34.172566     7.5287     7.5252    33.2084    33.2101    25.9346    25.9365     6.3115     6.1711    192.251    187.973     1.8339     1.7106     0.0415     0.0129     3.1087     1.4005     2.3346 -126.30678   48.35592      99.34         12  0.000e+00
     112367   4681.917     99.309    100.177     7.5376     7.5348  34.173899  34.172691     7.5282     7.5254    33.2087    33.2101    25.9349    25.9364     6.3173     6.1711    192.427    187.973     1.8352     1.7106     0.0403    -0.0177     3.1087     1.4005     2.3346 -126.30678   48.35592      99.34         12  0.000e+00
     112368   4681.958     99.256    100.124     7.5375     7.5350  34.174335  34.172878     7.5280     7.5255    33.2094    33.2102    25.9355    25.9364     6.3172     6.1710    192.426    187.971     1.8352     1.7106     0.0403    -0.0177     3.1087     1.4005     2.3346 -126.30678   48.35592      80.83         12  0.000e+00
     112369   4682.000     99.303    100.171     7.5372     7.5346  34.174522  34.173127     7.5277     7.5252    33.2098    33.2107    25.9359    25.9369     6.3116     6.1710    192.253    187.973     1.8339     1.7106     0.0403    -0.0177     3.1062     1.4005     2.3346 -126.30678   48.35592      50.79         12  0.000e+00
     112370   4682.042     99.257    100.124     7.5370     7.5345  34.174211  34.172815     7.5275     7.5251    33.2097    33.2105    25.9358    25.9368     6.3116     6.1710    192.253    187.972     1.8339     1.7106     0.0403    -0.0177     3.1074     1.4005     2.3346 -126.30678   48.35592      43.00         12  0.000e+00
     112371   4682.083     99.303    100.171     7.5368     7.5353  34.173712  34.172691     7.5274     7.5259    33.2093    33.2096    25.9355    25.9360     6.3116     6.1710    192.255    187.971     1.8339     1.7106     0.0403    -0.0177     3.1074     1.4005     2.3346 -126.30678   48.35592      44.32         12  0.000e+00
     112372   4682.125     99.257    100.124     7.5367     7.5364  34.174273  34.172628     7.5273     7.5270    33.2100    33.2085    25.9361    25.9349     6.3116     6.1708    192.254    187.966     1.8339     1.7106     0.0403    -0.0177     3.1074     1.4005     2.3346 -126.30678   48.35592      45.74         12  0.000e+00
     112373   4682.167     99.310    100.178     7.5372     7.5371  34.174273  34.172815     7.5277     7.5276    33.2095    33.2080    25.9356    25.9345     6.3116     6.1708    192.254    187.965     1.8339     1.7106     0.0403    -0.0177     3.1062     1.4005     2.3346 -126.30678   48.35592      46.01         12  0.000e+00
     112374   4682.208     99.303    100.171     7.5375     7.5366  34.173961  34.172940     7.5280     7.5272    33.2089    33.2086    25.9351    25.9350     6.3116     6.1708    192.253    187.966     1.8339     1.7106     0.0403    -0.0177     3.1074     1.4005     2.3346 -126.30678   48.35592      67.62         12  0.000e+00
     112375   4682.250     99.310    100.178     7.5376     7.5361  34.173588  34.172940     7.5282     7.5267    33.2083    33.2091    25.9346    25.9354     6.3116     6.1709    192.253    187.968     1.8339     1.7106     0.0415     0.0129     3.1074     1.4005     2.3346 -126.30678   48.35592      96.12         12  0.000e+00
     112376   4682.292     99.303    100.171     7.5375     7.5361  34.174024  34.172878     7.5281     7.5267    33.2090    33.2090    25.9351    25.9354     6.3116     6.1709    192.253    187.968     1.8339     1.7106     0.0415     0.0129     3.1099     1.4005     2.3346 -126.30678   48.35592     100.00         12  0.000e+00
     112377   4682.333     99.310    100.178     7.5375     7.5376  34.173712  34.172691     7.5280     7.5281    33.2087    33.2074    25.9349    25.9339     6.3116     6.1707    192.254    187.963     1.8339     1.7106     0.0415     0.0129     3.1099     1.4005     2.3346 -126.30678   48.35592     100.00         12  0.000e+00
     112378   4682.375     99.310    100.178     7.5381     7.5387  34.174024  34.172193     7.5287     7.5293    33.2084    33.2058    25.9346    25.9325     6.3115     6.1706    192.251    187.960     1.8339     1.7106     0.0415     0.0129     3.1099     1.4005     2.3346 -126.30678   48.35592     100.00         12  0.000e+00
     112379   4682.417     99.356    100.225     7.5385     7.5395  34.173712  34.172504     7.5290     7.5300    33.2077    33.2054    25.9340    25.9320     6.3115     6.1706    192.252    187.958     1.8339     1.7106     0.0403    -0.0177     3.1087     1.4005     2.3346 -126.30678   48.35592      99.22         12  0.000e+00
     112380   4682.458     99.310    100.178     7.5390     7.5390  34.173774  34.172628     7.5295     7.5296    33.2073    33.2060    25.9336    25.9326     6.3114     6.1706    192.249    187.959     1.8339     1.7106     0.0415     0.0129     3.1074     1.4005     2.3346 -126.30678   48.35592      99.24         12  0.000e+00
     112381   4682.500     99.356    100.225     7.5393     7.5392  34.173650  34.172442     7.5298     7.5298    33.2069    33.2056    25.9332    25.9323     6.3114     6.1706    192.249    187.959     1.8339     1.7106     0.0403    -0.0177     3.1099     1.4005     2.3346 -126.30678   48.35592      99.32         12  0.000e+00
     112382   4682.542     99.310    100.178     7.5396     7.5389  34.173587  34.172753     7.5301     7.5294    33.2065    33.2063    25.9329    25.9328     6.3113     6.1706    192.247    187.959     1.8339     1.7106     0.0403    -0.0177     3.1099     1.4005     2.3346 -126.30678   48.35592      99.37         12  0.000e+00
     112383   4682.583     99.356    100.225     7.5394     7.5385  34.173774  34.173376     7.5300     7.5291    33.2068    33.2072    25.9332    25.9336     6.3114     6.1706    192.248    187.960     1.8339     1.7106     0.0415     0.0129     3.1074     1.4005     2.3346 -126.30678   48.35592      99.37         12  0.000e+00
     112384   4682.625     99.403    100.272     7.5396     7.5389  34.173899  34.173251     7.5301     7.5294    33.2068    33.2068    25.9331    25.9332     6.3114     6.1706    192.249    187.961     1.8339     1.7106     0.0403    -0.0177     3.1099     1.4005     2.3333 -126.30678   48.35592      99.34         12  0.000e+00
     112385   4682.667     99.310    100.178     7.5399     7.5395  34.173899  34.172566     7.5305     7.5301    33.2065    33.2055    25.9329    25.9321     6.3113     6.1705    192.245    187.957     1.8339     1.7106     0.0403    -0.0177     3.1074     1.4005     2.3333 -126.30678   48.35592      99.34         12  0.000e+00
     112386   4682.708     99.356    100.225     7.5402     7.5402  34.173587  34.172753     7.5308     7.5307    33.2059    33.2050    25.9323    25.9317     6.3113     6.1705    192.246    187.956     1.8339     1.7106     0.0415     0.0129     3.1074     1.4005     2.3346 -126.30678   48.35592      99.37         12  0.000e+00
     112387   4682.750     99.409    100.278     7.5409     7.5398  34.173089  34.172878     7.5314     7.5304    33.2047    33.2054    25.9313    25.9320     6.3170     6.1705    192.420    187.958     1.8352     1.7106     0.0403    -0.0177     3.1099     1.4005     2.3346 -126.30678   48.35592      99.34         12  0.000e+00
     112388   4682.792     99.409    100.278     7.5413     7.5400  34.173151  34.172878     7.5319     7.5306    33.2043    33.2053    25.9309    25.9319     6.3170     6.1705    192.418    187.957     1.8352     1.7106     0.0415     0.0129     3.1074     1.4005     2.3346 -126.30678   48.35594      99.37         12  0.000e+00
     112389   4682.833     99.356    100.225     7.5410     7.5397  34.172528  34.173126     7.5316     7.5302    33.2040    33.2059    25.9307    25.9324     6.3113     6.1705    192.245    187.957     1.8339     1.7106     0.0403    -0.0177     3.1099     1.4005     2.3346 -126.30678   48.35594      99.37         12  0.000e+00
     112390   4682.875     99.410    100.278     7.5409     7.5394  34.173027  34.173936     7.5314     7.5299    33.2046    33.2070    25.9312    25.9334     6.3170     6.1706    192.420    187.958     1.8352     1.7106     0.0403    -0.0177     3.1087     1.3993     2.3346 -126.30678   48.35594      99.37         12  0.000e+00
     112391   4682.917     99.403    100.272     7.5409     7.5395  34.173463  34.173874     7.5314     7.5300    33.2051    33.2068    25.9316    25.9332     6.3170     6.1705    192.419    187.957     1.8352     1.7106     0.0403    -0.0177     3.1087     1.3993     2.3346 -126.30678   48.35594      99.34         12  0.000e+00
     112392   4682.958     99.410    100.278     7.5407     7.5394  34.173525  34.173376     7.5313     7.5299    33.2053    33.2064    25.9318    25.9329     6.3170     6.1706    192.420    187.959     1.8352     1.7106     0.0415     0.0129     3.1087     1.3993     2.3346 -126.30678   48.35594      99.34         12  0.000e+00
     112393   4683.000     99.410    100.279     7.5409     7.5395  34.173338  34.173438     7.5314     7.5300    33.2049    33.2064    25.9315    25.9328     6.3113     6.1706    192.245    187.958     1.8339     1.7106     0.0403    -0.0177     3.1087     1.3993     2.3346 -126.30678   48.35594      99.34         12  0.000e+00
     112394   4683.042     99.456    100.325     7.5411     7.5407  34.173027  34.173313     7.5316     7.5312    33.2044    33.2051    25.9311    25.9317     6.3170     6.1705    192.421    187.956     1.8352     1.7106     0.0415     0.0129     3.1087     1.3993     2.3346 -126.30678   48.35594      99.34         12  0.000e+00
     112395   4683.083     99.410    100.279     7.5412     7.5411  34.172965  34.172940     7.5317     7.5317    33.2042    33.2043    25.9309    25.9309     6.3170     6.1704    192.419    187.953     1.8352     1.7106     0.0415     0.0129     3.1087     1.3993     2.3346 -126.30678   48.35594      99.34         12  0.000e+00
     112396   4683.125     99.403    100.272     7.5413     7.5413  34.172964  34.173126     7.5319     7.5318    33.2041    33.2043    25.9308    25.9310     6.3170     6.1704    192.419    187.953     1.8352     1.7106     0.0415     0.0129     3.1087     1.3993     2.3346 -126.30678   48.35594      99.37         12  0.000e+00
     112397   4683.167     99.456    100.325     7.5417     7.5408  34.172653  34.173438     7.5322     7.5313    33.2034    33.2051    25.9302    25.9316     6.3170     6.1704    192.419    187.955     1.8352     1.7106     0.0403    -0.0177     3.1087     1.3993     2.3346 -126.30678   48.35594      99.34         12  0.000e+00
     112398   4683.208     99.456    100.325     7.5417     7.5403  34.172840  34.173749     7.5322     7.5309    33.2036    33.2059    25.9304    25.9323     6.3170     6.1705    192.419    187.956     1.8352     1.7106     0.0415     0.0129     3.1087     1.3993     2.3346 -126.30678   48.35594      99.34         12  0.000e+00
     112399   4683.250     99.456    100.326     7.5417     7.5400  34.172466  34.173812     7.5322     7.5306    33.2032    33.2062    25.9300    25.9326     6.3113     6.1705    192.245    187.957     1.8339     1.7106     0.0415     0.0129     3.1087     1.3993     2.3346 -126.30678   48.35594      99.37         12  0.000e+00
     112400   4683.292     99.456    100.326     7.5420     7.5398  34.172342  34.173812     7.5325     7.5304    33.2028    33.2064    25.9296    25.9328     6.3112     6.1705    192.244    187.958     1.8339     1.7106     0.0415     0.0129     3.1087     1.3993     2.3346 -126.30678   48.35594      99.37         12  0.000e+00
     112401   4683.333     99.456    100.326     7.5422     7.5402  34.172342  34.173874     7.5327     7.5307    33.2026    33.2062    25.9295    25.9326     6.3112     6.1705    192.244    187.957     1.8339     1.7106     0.0415     0.0129     3.1087     1.3993     2.3346 -126.30678   48.35594      99.34         12  0.000e+00
     112402   4683.375     99.456    100.326     7.5426     7.5400  34.172341  34.173812     7.5332     7.5306    33.2022    33.2062    25.9291    25.9326     6.3112     6.1705    192.242    187.957     1.8339     1.7106     0.0415     0.0129     3.1087     1.3993     2.3346 -126.30678   48.35594      99.34         12  0.000e+00
     112403   4683.417     99.503    100.372     7.5428     7.5402  34.172715  34.174061     7.5333     7.5307    33.2024    33.2063    25.9292    25.9327     6.3112     6.1705    192.242    187.957     1.8339     1.7106     0.0415     0.0129     3.1087     1.3993     2.3346 -126.30678   48.35594      99.34         12  0.000e+00
