WCOA/WCOA-6/CTD_Data/RB2102_CTD_069_01.ros
* Sea-Bird SBE 9 Data File:
* FileName = C:\Users\scs.user.rb\CTD\RB2102\Data\RB2102_CTD_069_01.hex
* Software Version Seasave V 7.26.7.107
* Temperature SN = 6202
* Conductivity SN = 4907
* Number of Bytes Per Scan = 41
* Number of Voltage Words = 4
* Number of Scans Averaged by the Deck Unit = 1
* NMEA Latitude = 39 53.56 N
* NMEA Longitude = 125 12.00 W
* NMEA UTC (Time) = Jul 07 2021  16:56:21
* NMEA baud rate = 4800
# nquan = 30
# nvalues = 1176                                  
# units = specified
# name 0 = scan: Scan Count
# name 1 = timeS: Time, Elapsed [seconds]
# name 2 = depSM: Depth [salt water, m]
# name 3 = prDM: Pressure, Digiquartz [db]
# name 4 = t090C: Temperature [ITS-90, deg C]
# name 5 = t190C: Temperature, 2 [ITS-90, deg C]
# name 6 = c0mS/cm: Conductivity [mS/cm]
# name 7 = c1mS/cm: Conductivity, 2 [mS/cm]
# name 8 = potemp090C: Potential Temperature [ITS-90, deg C]
# name 9 = potemp190C: Potential Temperature, 2 [ITS-90, deg C]
# name 10 = sal00: Salinity, Practical [PSU]
# name 11 = sal11: Salinity, Practical, 2 [PSU]
# name 12 = sigma-é00: Density [sigma-theta, kg/m^3]
# name 13 = sigma-é11: Density, 2 [sigma-theta, kg/m^3]
# name 14 = sbeox0Mg/L: Oxygen, SBE 43 [mg/l]
# name 15 = sbeox1Mg/L: Oxygen, SBE 43, 2 [mg/l]
# name 16 = sbox0Mm/Kg: Oxygen, SBE 43 [umol/kg]
# name 17 = sbox1Mm/Kg: Oxygen, SBE 43, 2 [umol/kg]
# name 18 = sbeox0V: Oxygen raw, SBE 43 [V]
# name 19 = sbeox1V: Oxygen raw, SBE 43, 2 [V]
# name 20 = v4: Voltage 4
# name 21 = flECO-AFL: Fluorescence, WET Labs ECO-AFL/FL [mg/m^3]
# name 22 = v3: Voltage 3
# name 23 = v6: Voltage 6
# name 24 = v7: Voltage 7
# name 25 = longitude: Longitude [deg]
# name 26 = latitude: Latitude [deg]
# name 27 = altM: Altimeter [m]
# name 28 = nbf: Bottles Fired
# name 29 = flag:  0.000e+00
# interval = seconds: 0.0416667
# start_time = Jul 07 2021 16:56:21 [NMEA time, header]
# bad_flag = -9.990e-29
*END*
[from data line 49]
      65989   2749.500   1974.694   1999.432     1.9894     1.9906  31.314049  31.314830     1.8533     1.8544    34.6032    34.6029    27.6652    27.6649     2.1005     2.1851     63.873     66.446     0.7924     0.7937     0.0403    -0.0177     3.3407     0.0000     0.0037 -125.20118   39.89222      99.98          2  0.000e+00
      65990   2749.542   1974.673   1999.412     1.9896     1.9907  31.313929  31.314950     1.8534     1.8546    34.6029    34.6029    27.6650    27.6649     2.1004     2.1850     63.873     66.445     0.7924     0.7937     0.0403    -0.0177     3.3394     0.0000     0.0037 -125.20118   39.89222      99.98          2  0.000e+00
      65991   2749.583   1974.830   1999.571     1.9894     1.9904  31.314110  31.314710     1.8533     1.8543    34.6032    34.6029    27.6652    27.6649     2.1089     2.1851     64.129     66.447     0.7937     0.7937     0.0403    -0.0177     3.3407     0.0000     0.0037 -125.20118   39.89222      99.98          2  0.000e+00
      65992   2749.625   1974.619   1999.356     1.9896     1.9906  31.313929  31.315070     1.8535     1.8544    34.6029    34.6033    27.6650    27.6652     2.1004     2.1850     63.872     66.445     0.7924     0.7937     0.0403    -0.0177     3.3407     0.0000     0.0037 -125.20118   39.89222      99.98          2  0.000e+00
      65993   2749.667   1974.673   1999.412     1.9894     1.9906  31.314049  31.315251     1.8533     1.8544    34.6032    34.6035    27.6652    27.6653     2.1004     2.1850     63.873     66.445     0.7924     0.7937     0.0403    -0.0177     3.3407     0.0000     0.0037 -125.20118   39.89222      99.98          2  0.000e+00
      65994   2749.708   1974.673   1999.412     1.9894     1.9906  31.313929  31.314529     1.8533     1.8544    34.6031    34.6026    27.6651    27.6646     2.1088     2.1851     64.128     66.446     0.7937     0.7937     0.0403    -0.0177     3.3407     0.0000     0.0037 -125.20118   39.89222      99.98          2  0.000e+00
      65995   2749.750   1974.646   1999.384     1.9894     1.9904  31.314049  31.314770     1.8533     1.8543    34.6032    34.6030    27.6653    27.6650     2.1088     2.1851     64.128     66.446     0.7937     0.7937     0.0403    -0.0177     3.3419     0.0000     0.0037 -125.20118   39.89222      99.95          2  0.000e+00
      65996   2749.792   1974.673   1999.412     1.9893     1.9904  31.313688  31.314709     1.8531     1.8543    34.6029    34.6030    27.6650    27.6650     2.1089     2.1851     64.128     66.446     0.7937     0.7937     0.0403    -0.0177     3.3419     0.0000     0.0037 -125.20118   39.89222      99.95          2  0.000e+00
      65997   2749.833   1974.619   1999.356     1.9893     1.9903  31.313808  31.314830     1.8531     1.8541    34.6031    34.6033    27.6652    27.6652     2.1004     2.1850     63.873     66.445     0.7924     0.7937     0.0403    -0.0177     3.3407     0.0000     0.0037 -125.20118   39.89222      99.98          2  0.000e+00
      65998   2749.875   1974.619   1999.356     1.9894     1.9904  31.313868  31.314709     1.8533     1.8543    34.6030    34.6030    27.6651    27.6650     2.1004     2.1850     63.872     66.445     0.7924     0.7937     0.0403    -0.0177     3.3407     0.0000     0.0037 -125.20118   39.89222      99.98          2  0.000e+00
      65999   2749.917   1974.619   1999.356     1.9893     1.9901  31.313868  31.314830     1.8531     1.8540    34.6032    34.6035    27.6652    27.6654     2.1004     2.1851     63.873     66.446     0.7924     0.7937     0.0403    -0.0177     3.3419     0.0000     0.0037 -125.20118   39.89222      99.98          2  0.000e+00
      66000   2749.958   1974.592   1999.329     1.9894     1.9906  31.313929  31.314950     1.8533     1.8544    34.6031    34.6031    27.6652    27.6651     2.1004     2.1850     63.872     66.445     0.7924     0.7937     0.0403    -0.0177     3.3407     0.0000     0.0037 -125.20118   39.89222      99.98          2  0.000e+00
      66001   2750.000   1974.619   1999.357     1.9894     1.9904  31.313868  31.314709     1.8533     1.8543    34.6030    34.6030    27.6651    27.6650     2.1004     2.1850     63.872     66.445     0.7924     0.7937     0.0403    -0.0177     3.3419     0.0000     0.0037 -125.20118   39.89222      99.98          2  0.000e+00
      66002   2750.042   1974.571   1999.308     1.9894     1.9903  31.313868  31.314649     1.8533     1.8541    34.6030    34.6031    27.6651    27.6651     2.1004     2.1942     63.872     66.725     0.7924     0.7949     0.0403    -0.0177     3.3407     0.0000     0.0037 -125.20118   39.89222      99.98          2  0.000e+00
      66003   2750.083   1974.619   1999.357     1.9893     1.9906  31.313868  31.315070     1.8531     1.8544    34.6032    34.6033    27.6652    27.6652     2.1004     2.1942     63.873     66.725     0.7924     0.7949     0.0403    -0.0177     3.3419     0.0000     0.0037 -125.20118   39.89222      99.98          2  0.000e+00
      66004   2750.125   1974.619   1999.357     1.9893     1.9904  31.314049  31.314529     1.8531     1.8543    34.6034    34.6028    27.6654    27.6648     2.1004     2.1850     63.873     66.445     0.7924     0.7937     0.0403    -0.0177     3.3394     0.0000     0.0037 -125.20118   39.89222      99.98          2  0.000e+00
      66005   2750.167   1974.619   1999.357     1.9893     1.9903  31.313688  31.314709     1.8531     1.8541    34.6030    34.6031    27.6651    27.6651     2.1004     2.1943     63.873     66.725     0.7924     0.7949     0.0403    -0.0177     3.3394     0.0000     0.0037 -125.20118   39.89222      99.98          2  0.000e+00
      66006   2750.208   1974.592   1999.329     1.9893     1.9904  31.313567  31.314709     1.8531     1.8543    34.6028    34.6030    27.6649    27.6650     2.1088     2.1850     64.128     66.445     0.7937     0.7937     0.0403    -0.0177     3.3419     0.0000     0.0037 -125.20118   39.89222      99.98          2  0.000e+00
      66007   2750.250   1974.572   1999.308     1.9893     1.9904  31.313808  31.314649     1.8531     1.8543    34.6031    34.6029    27.6652    27.6649     2.1004     2.1850     63.872     66.445     0.7924     0.7937     0.0403    -0.0177     3.3407     0.0000     0.0037 -125.20118   39.89222      99.98          2  0.000e+00
      66008   2750.292   1974.619   1999.357     1.9891     1.9904  31.313868  31.314830     1.8530     1.8543    34.6033    34.6031    27.6654    27.6651     2.1088     2.1942     64.128     66.725     0.7937     0.7949     0.0403    -0.0177     3.3407     0.0000     0.0037 -125.20118   39.89222      99.98          2  0.000e+00
      66009   2750.333   1974.674   1999.412     1.9891     1.9904  31.314049  31.314950     1.8530     1.8543    34.6035    34.6032    27.6655    27.6652     2.1005     2.1851     63.873     66.446     0.7924     0.7937     0.0403    -0.0177     3.3407     0.0000     0.0037 -125.20118   39.89222      99.95          2  0.000e+00
      66010   2750.375   1974.572   1999.308     1.9891     1.9903  31.314109  31.314950     1.8530     1.8541    34.6037    34.6035    27.6656    27.6654     2.1004     2.1850     63.872     66.445     0.7924     0.7937     0.0403    -0.0177     3.3407     0.0000     0.0037 -125.20118   39.89222      99.98          2  0.000e+00
      66011   2750.417   1974.694   1999.433     1.9893     1.9906  31.313929  31.314709     1.8531     1.8544    34.6032    34.6028    27.6653    27.6648     2.1005     2.1851     63.873     66.446     0.7924     0.7937     0.0403    -0.0177     3.3407     0.0000     0.0037 -125.20118   39.89222      99.95          2  0.000e+00
      66012   2750.458   1974.572   1999.308     1.9890     1.9901  31.314049  31.314830     1.8528     1.8540    34.6038    34.6035    27.6657    27.6654     2.1004     2.1942     63.872     66.725     0.7924     0.7949     0.0403    -0.0177     3.3407     0.0000     0.0037 -125.20118   39.89222      99.98          2  0.000e+00
      66013   2750.500   1974.620   1999.357     1.9893     1.9903  31.313929  31.314709     1.8531     1.8541    34.6033    34.6031    27.6653    27.6651     2.1004     2.1943     63.873     66.725     0.7924     0.7949     0.0403    -0.0177     3.3407     0.0000     0.0037 -125.20118   39.89222      99.98          2  0.000e+00
      66014   2750.542   1974.674   1999.413     1.9893     1.9904  31.314110  31.314589     1.8531     1.8543    34.6034    34.6028    27.6654    27.6648     2.1005     2.1851     63.873     66.446     0.7924     0.7937     0.0403    -0.0177     3.3419     0.0000     0.0037 -125.20118   39.89222      99.98          2  0.000e+00
      66015   2750.583   1974.620   1999.357     1.9893     1.9901  31.313688  31.314408     1.8531     1.8540    34.6030    34.6029    27.6651    27.6650     2.1004     2.1943     63.873     66.726     0.7924     0.7949     0.0403    -0.0177     3.3419     0.0000     0.0049 -125.20118   39.89222      99.95          2  0.000e+00
      66016   2750.625   1974.674   1999.413     1.9891     1.9903  31.313567  31.314770     1.8530     1.8541    34.6029    34.6032    27.6651    27.6652     2.1005     2.1851     63.873     66.446     0.7924     0.7937     0.0403    -0.0177     3.3419     0.0000     0.0037 -125.20118   39.89222      99.98          2  0.000e+00
      66017   2750.667   1974.695   1999.434     1.9891     1.9903  31.313989  31.314709     1.8530     1.8541    34.6035    34.6031    27.6655    27.6651     2.1005     2.1851     63.873     66.446     0.7924     0.7937     0.0403    -0.0177     3.3419     0.0000     0.0037 -125.20118   39.89222      99.98          2  0.000e+00
      66018   2750.708   1974.729   1999.468     1.9891     1.9903  31.313507  31.315251     1.8530     1.8541    34.6028    34.6038    27.6650    27.6656     2.1005     2.1943     63.874     66.726     0.7924     0.7949     0.0403    -0.0177     3.3419     0.0000     0.0037 -125.20118   39.89222      99.98          2  0.000e+00
      66019   2750.750   1974.674   1999.413     1.9893     1.9903  31.313507  31.315071     1.8531     1.8541    34.6027    34.6036    27.6649    27.6655     2.1005     2.1851     63.873     66.446     0.7924     0.7937     0.0403    -0.0177     3.3407     0.0000     0.0037 -125.20118   39.89222      99.98          2  0.000e+00
      66020   2750.792   1974.729   1999.468     1.9891     1.9904  31.313567  31.314950     1.8530     1.8543    34.6029    34.6032    27.6650    27.6652     2.1005     2.1851     63.874     66.446     0.7924     0.7937     0.0403    -0.0177     3.3419     0.0000     0.0037 -125.20118   39.89222      99.98          2  0.000e+00
      66021   2750.833   1974.729   1999.468     1.9891     1.9903  31.314230  31.314469     1.8530     1.8541    34.6037    34.6028    27.6657    27.6648     2.1089     2.1851     64.129     66.447     0.7937     0.7937     0.0403    -0.0177     3.3407     0.0000     0.0037 -125.20118   39.89222      99.98          2  0.000e+00
      66022   2750.875   1974.777   1999.517     1.9891     1.9903  31.313748  31.314710     1.8530     1.8541    34.6031    34.6031    27.6652    27.6651     2.1005     2.1851     63.874     66.447     0.7924     0.7937     0.0403    -0.0177     3.3407     0.0000     0.0037 -125.20118   39.89222      99.98          2  0.000e+00
      66023   2750.917   1974.750   1999.489     1.9891     1.9901  31.313809  31.314469     1.8530     1.8540    34.6032    34.6030    27.6653    27.6650     2.1005     2.1943     63.874     66.727     0.7924     0.7949     0.0403    -0.0177     3.3407     0.0000     0.0037 -125.20118   39.89222      99.98          2  0.000e+00
      66024   2750.958   1974.777   1999.517     1.9891     1.9903  31.314050  31.314529     1.8530     1.8541    34.6035    34.6028    27.6655    27.6649     2.1005     2.1943     63.874     66.727     0.7924     0.7949     0.0403    -0.0177     3.3407     0.0000     0.0037 -125.20118   39.89222      99.98          2  0.000e+00
      66025   2751.000   1974.831   1999.573     1.9893     1.9903  31.313749  31.314650     1.8531     1.8541    34.6029    34.6030    27.6650    27.6650     2.1005     2.1943     63.875     66.727     0.7924     0.7949     0.0403    -0.0177     3.3419     0.0000     0.0037 -125.20118   39.89222      99.98          2  0.000e+00
      66026   2751.042   1974.777   1999.517     1.9893     1.9903  31.313989  31.314830     1.8531     1.8541    34.6032    34.6032    27.6653    27.6652     2.1089     2.1851     64.129     66.447     0.7937     0.7937     0.0403    -0.0177     3.3419     0.0000     0.0037 -125.20118   39.89222      99.98          2  0.000e+00
      66027   2751.083   1974.831   1999.573     1.9893     1.9904  31.313929  31.315131     1.8531     1.8543    34.6031    34.6034    27.6652    27.6653     2.1005     2.1851     63.874     66.447     0.7924     0.7937     0.0403    -0.0177     3.3407     0.0000     0.0037 -125.20118   39.89222      99.98          2  0.000e+00
      66028   2751.125   1974.852   1999.593     1.9893     1.9903  31.313929  31.315011     1.8531     1.8541    34.6031    34.6034    27.6652    27.6653     2.1005     2.1851     63.875     66.448     0.7924     0.7937     0.0403    -0.0177     3.3419     0.0000     0.0037 -125.20118   39.89222      99.98          2  0.000e+00
      66029   2751.167   1974.886   1999.628     1.9894     1.9903  31.314050  31.314951     1.8533     1.8541    34.6031    34.6033    27.6652    27.6653     2.1005     2.1851     63.875     66.448     0.7924     0.7937     0.0403    -0.0177     3.3407     0.0000     0.0037 -125.20118   39.89222      99.98          2  0.000e+00
      66030   2751.208   1974.886   1999.628     1.9891     1.9901  31.314110  31.314710     1.8530     1.8539    34.6035    34.6032    27.6655    27.6652     2.1005     2.1851     63.875     66.448     0.7924     0.7937     0.0403    -0.0177     3.3407     0.0000     0.0037 -125.20118   39.89222      99.98          2  0.000e+00
      66031   2751.250   1974.886   1999.628     1.9894     1.9906  31.313929  31.314830     1.8533     1.8544    34.6030    34.6028    27.6650    27.6648     2.1005     2.1851     63.875     66.447     0.7924     0.7937     0.0403    -0.0177     3.3407     0.0000     0.0037 -125.20118   39.89222      99.98          2  0.000e+00
      66032   2751.292   1974.988   1999.732     1.9893     1.9903  31.313689  31.314710     1.8531     1.8541    34.6028    34.6030    27.6649    27.6650     2.1005     2.1944     63.876     66.729     0.7924     0.7949     0.0403    -0.0177     3.3419     0.0000     0.0037 -125.20118   39.89222      99.98          2  0.000e+00
      66033   2751.333   1974.934   1999.677     1.9893     1.9903  31.313990  31.315071     1.8531     1.8541    34.6032    34.6034    27.6652    27.6654     2.1005     2.1851     63.875     66.448     0.7924     0.7937     0.0403    -0.0177     3.3419     0.0000     0.0037 -125.20118   39.89222      99.98          2  0.000e+00
      66034   2751.375   1974.954   1999.698     1.9890     1.9904  31.313749  31.315011     1.8528     1.8543    34.6032    34.6032    27.6653    27.6651     2.1006     2.1943     63.876     66.728     0.7924     0.7949     0.0403    -0.0177     3.3407     0.0000     0.0037 -125.20118   39.89222      99.98          2  0.000e+00
      66035   2751.417   1975.036   1999.781     1.9893     1.9904  31.313809  31.315132     1.8531     1.8542    34.6029    34.6033    27.6650    27.6652     2.1006     2.1944     63.876     66.729     0.7924     0.7949     0.0403    -0.0177     3.3407     0.0000     0.0037 -125.20118   39.89222      99.98          2  0.000e+00
