WCOA/WCOA-6/CTD_Data/RB2102_CTD_076_01.ros
* Sea-Bird SBE 9 Data File:
* FileName = C:\Users\scs.user.rb\CTD\RB2102\Data\RB2102_CTD_076_01.hex
* Software Version Seasave V 7.26.7.107
* Temperature SN = 6202
* Conductivity SN = 4907
* Number of Bytes Per Scan = 41
* Number of Voltage Words = 4
* Number of Scans Averaged by the Deck Unit = 1
* NMEA Latitude = 38 46.70 N
* NMEA Longitude = 124 05.55 W
* NMEA UTC (Time) = Jul 09 2021  22:50:59
* NMEA baud rate = 4800
# nquan = 30
# nvalues = 1153                                  
# units = specified
# name 0 = scan: Scan Count
# name 1 = timeS: Time, Elapsed [seconds]
# name 2 = depSM: Depth [salt water, m]
# name 3 = prDM: Pressure, Digiquartz [db]
# name 4 = t090C: Temperature [ITS-90, deg C]
# name 5 = t190C: Temperature, 2 [ITS-90, deg C]
# name 6 = c0mS/cm: Conductivity [mS/cm]
# name 7 = c1mS/cm: Conductivity, 2 [mS/cm]
# name 8 = potemp090C: Potential Temperature [ITS-90, deg C]
# name 9 = potemp190C: Potential Temperature, 2 [ITS-90, deg C]
# name 10 = sal00: Salinity, Practical [PSU]
# name 11 = sal11: Salinity, Practical, 2 [PSU]
# name 12 = sigma-é00: Density [sigma-theta, kg/m^3]
# name 13 = sigma-é11: Density, 2 [sigma-theta, kg/m^3]
# name 14 = sbeox0Mg/L: Oxygen, SBE 43 [mg/l]
# name 15 = sbeox1Mg/L: Oxygen, SBE 43, 2 [mg/l]
# name 16 = sbox0Mm/Kg: Oxygen, SBE 43 [umol/kg]
# name 17 = sbox1Mm/Kg: Oxygen, SBE 43, 2 [umol/kg]
# name 18 = sbeox0V: Oxygen raw, SBE 43 [V]
# name 19 = sbeox1V: Oxygen raw, SBE 43, 2 [V]
# name 20 = v4: Voltage 4
# name 21 = flECO-AFL: Fluorescence, WET Labs ECO-AFL/FL [mg/m^3]
# name 22 = v3: Voltage 3
# name 23 = v6: Voltage 6
# name 24 = v7: Voltage 7
# name 25 = longitude: Longitude [deg]
# name 26 = latitude: Latitude [deg]
# name 27 = altM: Altimeter [m]
# name 28 = nbf: Bottles Fired
# name 29 = flag:  0.000e+00
# interval = seconds: 0.0416667
# start_time = Jul 09 2021 22:50:59 [NMEA time, header]
# bad_flag = -9.990e-29
*END*
[from data line 97]
      74859   3119.083   1976.665   2001.236     2.0094     2.0086  31.333817  31.333317     1.8728     1.8721    34.6053    34.6055    27.6654    27.6656     2.1752     2.2672     66.146     68.943     0.8034     0.8046     0.0403    -0.0177     3.2454     0.0611     0.0122 -124.09164   38.77882      77.53          3  0.000e+00
      74860   3119.125   1976.611   2001.180     2.0091     2.0086  31.333576  31.333317     1.8725     1.8721    34.6053    34.6055    27.6654    27.6656     2.1752     2.2672     66.146     68.943     0.8034     0.8046     0.0403    -0.0177     3.2454     0.0611     0.0122 -124.09164   38.77882      77.41          3  0.000e+00
      74861   3119.167   1976.686   2001.256     2.0093     2.0086  31.333215  31.333377     1.8727     1.8720    34.6047    34.6055    27.6649    27.6657     2.1752     2.2672     66.147     68.943     0.8034     0.8046     0.0403    -0.0177     3.2454     0.0611     0.0122 -124.09164   38.77882      77.41          3  0.000e+00
      74862   3119.208   1976.665   2001.236     2.0093     2.0093  31.333154  31.333979     1.8727     1.8727    34.6046    34.6056    27.6649    27.6657     2.1752     2.2671     66.147     68.942     0.8034     0.8046     0.0403    -0.0177     3.2454     0.0611     0.0122 -124.09164   38.77882      77.41          3  0.000e+00
      74863   3119.250   1976.665   2001.236     2.0091     2.0094  31.333335  31.334160     1.8725     1.8728    34.6050    34.6057    27.6652    27.6657     2.1752     2.2671     66.147     68.941     0.8034     0.8046     0.0403    -0.0177     3.2454     0.0611     0.0122 -124.09164   38.77882      77.41          3  0.000e+00
      74864   3119.292   1976.713   2001.284     2.0091     2.0097  31.333396  31.334160     1.8725     1.8731    34.6050    34.6053    27.6652    27.6654     2.1752     2.2671     66.147     68.941     0.8034     0.8046     0.0403    -0.0177     3.2466     0.0611     0.0122 -124.09164   38.77882      77.41          3  0.000e+00
      74865   3119.333   1976.713   2001.284     2.0088     2.0096  31.333396  31.333919     1.8722     1.8730    34.6054    34.6052    27.6655    27.6653     2.1753     2.2671     66.148     68.942     0.8034     0.8046     0.0403    -0.0177     3.2454     0.0611     0.0122 -124.09164   38.77882      77.31          3  0.000e+00
      74866   3119.375   1976.665   2001.236     2.0091     2.0089  31.333396  31.333859     1.8725     1.8724    34.6051    34.6058    27.6652    27.6658     2.1752     2.2672     66.147     68.942     0.8034     0.8046     0.0403    -0.0177     3.2454     0.0623     0.0122 -124.09164   38.77882      77.26          3  0.000e+00
      74867   3119.417   1976.768   2001.340     2.0088     2.0089  31.333396  31.333317     1.8722     1.8724    34.6054    34.6051    27.6655    27.6653     2.1753     2.2672     66.148     68.944     0.8034     0.8046     0.0403    -0.0177     3.2454     0.0635     0.0122 -124.09164   38.77882      77.26          3  0.000e+00
      74868   3119.458   1976.740   2001.312     2.0089     2.0085  31.333215  31.333257     1.8724     1.8719    34.6050    34.6055    27.6652    27.6657     2.1753     2.2672     66.148     68.944     0.8034     0.8046     0.0403    -0.0177     3.2442     0.0647     0.0122 -124.09164   38.77882      77.26          3  0.000e+00
      74869   3119.500   1976.713   2001.284     2.0089     2.0080  31.333335  31.333076     1.8724     1.8714    34.6051    34.6058    27.6653    27.6659     2.1753     2.2672     66.148     68.945     0.8034     0.8046     0.0403    -0.0177     3.2442     0.0623     0.0122 -124.09164   38.77882      77.29          3  0.000e+00
      74870   3119.542   1976.768   2001.340     2.0089     2.0082  31.333396  31.333197     1.8723     1.8716    34.6052    34.6058    27.6654    27.6659     2.1837     2.2672     66.403     68.945     0.8046     0.8046     0.0403    -0.0177     3.2454     0.0623     0.0122 -124.09164   38.77882      77.31          3  0.000e+00
      74871   3119.583   1976.713   2001.284     2.0089     2.0086  31.333396  31.333317     1.8724     1.8720    34.6052    34.6054    27.6654    27.6656     2.1753     2.2672     66.148     68.943     0.8034     0.8046     0.0403    -0.0177     3.2454     0.0611     0.0122 -124.09164   38.77882      77.53          3  0.000e+00
      74872   3119.625   1976.768   2001.340     2.0091     2.0097  31.333577  31.333678     1.8725     1.8731    34.6052    34.6047    27.6654    27.6649     2.1753     2.2671     66.148     68.942     0.8034     0.8046     0.0403    -0.0177     3.2454     0.0611     0.0122 -124.09164   38.77882      77.66          3  0.000e+00
      74873   3119.667   1976.768   2001.340     2.0089     2.0101  31.333275  31.334160     1.8723     1.8734    34.6050    34.6049    27.6652    27.6651     2.1753     2.2671     66.148     68.941     0.8034     0.8046     0.0403    -0.0177     3.2454     0.0611     0.0122 -124.09164   38.77882      77.66          3  0.000e+00
      74874   3119.708   1976.768   2001.340     2.0091     2.0104  31.333336  31.334160     1.8725     1.8737    34.6049    34.6046    27.6651    27.6648     2.1753     2.2671     66.148     68.941     0.8034     0.8046     0.0403    -0.0177     3.2454     0.0611     0.0122 -124.09164   38.77882      77.66          3  0.000e+00
      74875   3119.750   1976.741   2001.312     2.0091     2.0099  31.333396  31.334341     1.8725     1.8733    34.6050    34.6053    27.6652    27.6654     2.1753     2.2671     66.148     68.941     0.8034     0.8046     0.0403    -0.0177     3.2454     0.0611     0.0122 -124.09164   38.77882      77.66          3  0.000e+00
      74876   3119.792   1976.822   2001.395     2.0089     2.0094  31.333396  31.334221     1.8723     1.8728    34.6052    34.6057    27.6653    27.6657     2.1669     2.2672     65.894     68.943     0.8022     0.8046     0.0403    -0.0177     3.2454     0.0611     0.0122 -124.09164   38.77882      77.63          3  0.000e+00
      74877   3119.833   1976.768   2001.340     2.0089     2.0091  31.333637  31.333679     1.8723     1.8725    34.6055    34.6054    27.6656    27.6655     2.1669     2.2672     65.893     68.943     0.8022     0.8046     0.0403    -0.0177     3.2442     0.0611     0.0122 -124.09164   38.77882      77.39          3  0.000e+00
      74878   3119.875   1976.822   2001.396     2.0091     2.0088  31.333276  31.333739     1.8725     1.8722    34.6048    34.6057    27.6651    27.6658     2.1753     2.2672     66.148     68.944     0.8034     0.8046     0.0403    -0.0177     3.2454     0.0611     0.0122 -124.09164   38.77882      77.29          3  0.000e+00
      74879   3119.917   1976.768   2001.340     2.0089     2.0088  31.333336  31.333498     1.8723     1.8722    34.6051    34.6055    27.6653    27.6656     2.1753     2.2672     66.148     68.944     0.8034     0.8046     0.0403    -0.0177     3.2466     0.0611     0.0122 -124.09164   38.77882      77.29          3  0.000e+00
      74880   3119.958   1976.768   2001.340     2.0089     2.0089  31.333396  31.333498     1.8723     1.8724    34.6052    34.6053    27.6654    27.6655     2.1753     2.2672     66.148     68.943     0.8034     0.8046     0.0403    -0.0177     3.2442     0.0611     0.0122 -124.09164   38.77882      77.29          3  0.000e+00
      74881   3120.000   1976.822   2001.396     2.0085     2.0091  31.333215  31.333980     1.8719     1.8725    34.6054    34.6057    27.6656    27.6658     2.1753     2.2672     66.149     68.943     0.8034     0.8046     0.0403    -0.0177     3.2454     0.0611     0.0122 -124.09164   38.77882      77.29          3  0.000e+00
      74882   3120.042   1976.795   2001.368     2.0086     2.0094  31.333155  31.333919     1.8720     1.8728    34.6052    34.6053    27.6654    27.6654     2.1669     2.2672     65.894     68.943     0.8022     0.8046     0.0403    -0.0177     3.2466     0.0611     0.0122 -124.09164   38.77882      77.29          3  0.000e+00
      74883   3120.083   1976.823   2001.396     2.0086     2.0091  31.333336  31.333618     1.8720     1.8725    34.6054    34.6053    27.6656    27.6654     2.1753     2.2672     66.149     68.944     0.8034     0.8046     0.0403    -0.0177     3.2442     0.0611     0.0122 -124.09164   38.77882      77.19          3  0.000e+00
      74884   3120.125   1976.823   2001.396     2.0086     2.0093  31.333215  31.333739     1.8720     1.8727    34.6053    34.6052    27.6654    27.6654     2.1753     2.2672     66.149     68.943     0.8034     0.8046     0.0403    -0.0177     3.2466     0.0611     0.0122 -124.09164   38.77882      77.17          3  0.000e+00
      74885   3120.167   1976.823   2001.396     2.0085     2.0091  31.333336  31.333739     1.8719     1.8725    34.6056    34.6054    27.6657    27.6655     2.1753     2.2672     66.149     68.944     0.8034     0.8046     0.0403    -0.0177     3.2454     0.0611     0.0122 -124.09164   38.77882      77.17          3  0.000e+00
      74886   3120.208   1976.768   2001.340     2.0088     2.0089  31.333396  31.333558     1.8722     1.8724    34.6054    34.6054    27.6655    27.6655     2.1753     2.2672     66.148     68.943     0.8034     0.8046     0.0403    -0.0177     3.2454     0.0611     0.0122 -124.09164   38.77882      77.17          3  0.000e+00
      74887   3120.250   1976.823   2001.396     2.0085     2.0089  31.333215  31.333558     1.8719     1.8723    34.6054    34.6054    27.6656    27.6655     2.1753     2.2672     66.149     68.944     0.8034     0.8046     0.0403    -0.0177     3.2454     0.0611     0.0122 -124.09164   38.77882      77.17          3  0.000e+00
      74888   3120.292   1976.823   2001.396     2.0086     2.0088  31.333155  31.333378     1.8720     1.8722    34.6052    34.6053    27.6654    27.6655     2.1753     2.2672     66.149     68.944     0.8034     0.8046     0.0403    -0.0177     3.2454     0.0611     0.0122 -124.09164   38.77882      77.19          3  0.000e+00
      74889   3120.333   1976.768   2001.340     2.0088     2.0089  31.333155  31.333498     1.8722     1.8724    34.6051    34.6053    27.6653    27.6655     2.1753     2.2672     66.148     68.943     0.8034     0.8046     0.0403    -0.0177     3.2466     0.0611     0.0122 -124.09164   38.77882      77.51          3  0.000e+00
      74890   3120.375   1976.843   2001.417     2.0086     2.0086  31.333336  31.333378     1.8720     1.8720    34.6054    34.6055    27.6656    27.6656     2.1753     2.2672     66.149     68.945     0.8034     0.8046     0.0403    -0.0177     3.2454     0.0611     0.0110 -124.09164   38.77882      77.66          3  0.000e+00
      74891   3120.417   1976.768   2001.340     2.0085     2.0086  31.333215  31.333377     1.8719     1.8720    34.6055    34.6055    27.6656    27.6656     2.1753     2.2672     66.149     68.944     0.8034     0.8046     0.0403    -0.0177     3.2454     0.0611     0.0122 -124.09164   38.77882      77.66          3  0.000e+00
      74892   3120.458   1976.823   2001.396     2.0086     2.0089  31.333336  31.333498     1.8720     1.8723    34.6054    34.6053    27.6656    27.6654     2.1753     2.2672     66.149     68.944     0.8034     0.8046     0.0403    -0.0177     3.2442     0.0623     0.0122 -124.09164   38.77882      77.63          3  0.000e+00
      74893   3120.500   1976.823   2001.396     2.0086     2.0089  31.333396  31.333739     1.8720     1.8723    34.6055    34.6056    27.6656    27.6657     2.1753     2.2672     66.149     68.944     0.8034     0.8046     0.0403    -0.0177     3.2454     0.0623     0.0122 -124.09164   38.77882      77.63          3  0.000e+00
      74894   3120.542   1976.768   2001.341     2.0086     2.0088  31.333215  31.333618     1.8720     1.8722    34.6053    34.6056    27.6655    27.6657     2.1753     2.2672     66.149     68.944     0.8034     0.8046     0.0403    -0.0177     3.2442     0.0623     0.0122 -124.09164   38.77882      77.61          3  0.000e+00
      74895   3120.583   1976.823   2001.396     2.0089     2.0091  31.333336  31.333739     1.8723     1.8725    34.6051    34.6054    27.6653    27.6655     2.1753     2.2672     66.149     68.944     0.8034     0.8046     0.0403    -0.0177     3.2442     0.0635     0.0122 -124.09164   38.77882      77.36          3  0.000e+00
      74896   3120.625   1976.768   2001.341     2.0089     2.0089  31.333215  31.333618     1.8723     1.8724    34.6050    34.6055    27.6652    27.6656     2.1753     2.2672     66.148     68.943     0.8034     0.8046     0.0403    -0.0177     3.2442     0.0623     0.0122 -124.09164   38.77882      77.26          3  0.000e+00
      74897   3120.667   1976.796   2001.368     2.0089     2.0089  31.333155  31.333438     1.8723     1.8724    34.6049    34.6052    27.6651    27.6654     2.1753     2.2672     66.149     68.944     0.8034     0.8046     0.0403    -0.0177     3.2466     0.0623     0.0122 -124.09164   38.77882      77.26          3  0.000e+00
      74898   3120.708   1976.768   2001.341     2.0091     2.0088  31.333336  31.333498     1.8725     1.8722    34.6049    34.6055    27.6651    27.6656     2.1753     2.2672     66.148     68.944     0.8034     0.8046     0.0403    -0.0177     3.2466     0.0611     0.0122 -124.09164   38.77882      77.29          3  0.000e+00
      74899   3120.750   1976.768   2001.341     2.0089     2.0091  31.333396  31.333377     1.8723     1.8725    34.6052    34.6050    27.6654    27.6652     2.1753     2.2672     66.148     68.943     0.8034     0.8046     0.0403    -0.0177     3.2454     0.0623     0.0122 -124.09164   38.77882      77.29          3  0.000e+00
      74900   3120.792   1976.769   2001.341     2.0091     2.0088  31.333396  31.333498     1.8725     1.8722    34.6050    34.6055    27.6652    27.6656     2.1753     2.2672     66.148     68.944     0.8034     0.8046     0.0403    -0.0177     3.2454     0.0623     0.0122 -124.09164   38.77882      77.29          3  0.000e+00
      74901   3120.833   1976.769   2001.341     2.0088     2.0086  31.333396  31.333558     1.8722     1.8720    34.6054    34.6057    27.6655    27.6658     2.1753     2.2672     66.148     68.944     0.8034     0.8046     0.0403    -0.0177     3.2454     0.0659     0.0122 -124.09164   38.77882      77.53          3  0.000e+00
      89429   3726.167   1483.149   1499.814     2.8444     2.8497  31.788528  31.792907     2.7385     2.7438    34.5213    34.5209    27.5264    27.5257     1.0159     1.0635     30.896     32.343     0.6484     0.6581     0.0403    -0.0177     3.2454     0.0586     0.0061 -124.09114   38.77898     100.00          4  0.000e+00
      89430   3726.208   1483.095   1499.759     2.8445     2.8496  31.788831  31.792968     2.7386     2.7436    34.5215    34.5212    27.5266    27.5259     1.0159     1.0634     30.895     32.343     0.6484     0.6581     0.0403    -0.0177     3.2442     0.0586     0.0061 -124.09114   38.77898     100.00          4  0.000e+00
      89431   3726.250   1483.095   1499.759     2.8445     2.8495  31.789013  31.792907     2.7386     2.7436    34.5218    34.5212    27.5268    27.5259     1.0159     1.0634     30.895     32.343     0.6484     0.6581     0.0403    -0.0177     3.2442     0.0586     0.0061 -124.09114   38.77898     100.00          4  0.000e+00
      89432   3726.292   1483.095   1499.759     2.8445     2.8497  31.788771  31.792725     2.7386     2.7438    34.5214    34.5207    27.5265    27.5255     1.0159     1.0634     30.895     32.343     0.6484     0.6581     0.0403    -0.0177     3.2442     0.0611     0.0061 -124.09114   38.77898     100.00          4  0.000e+00
      89433   3726.333   1483.095   1499.759     2.8442     2.8499  31.788710  31.793089     2.7383     2.7439    34.5217    34.5210    27.5268    27.5257     1.0159     1.0634     30.896     32.343     0.6484     0.6581     0.0403    -0.0177     3.2454     0.0623     0.0073 -124.09114   38.77898     100.00          4  0.000e+00
