WCOA/WCOA-6/CTD_Data/RB2102_CTD_081_01.ros
* Sea-Bird SBE 9 Data File:
* FileName = C:\Users\scs.user.rb\CTD\RB2102\Data\RB2102_CTD_081_01.hex
* Software Version Seasave V 7.26.7.107
* Temperature SN = 6202
* Conductivity SN = 4907
* Number of Bytes Per Scan = 41
* Number of Voltage Words = 4
* Number of Scans Averaged by the Deck Unit = 1
* NMEA Latitude = 37 53.53 N
* NMEA Longitude = 122 59.74 W
* NMEA UTC (Time) = Jul 11 2021  01:30:45
* NMEA baud rate = 4800
# nquan = 30
# nvalues = 668                                   
# units = specified
# name 0 = scan: Scan Count
# name 1 = timeS: Time, Elapsed [seconds]
# name 2 = depSM: Depth [salt water, m]
# name 3 = prDM: Pressure, Digiquartz [db]
# name 4 = t090C: Temperature [ITS-90, deg C]
# name 5 = t190C: Temperature, 2 [ITS-90, deg C]
# name 6 = c0mS/cm: Conductivity [mS/cm]
# name 7 = c1mS/cm: Conductivity, 2 [mS/cm]
# name 8 = potemp090C: Potential Temperature [ITS-90, deg C]
# name 9 = potemp190C: Potential Temperature, 2 [ITS-90, deg C]
# name 10 = sal00: Salinity, Practical [PSU]
# name 11 = sal11: Salinity, Practical, 2 [PSU]
# name 12 = sigma-é00: Density [sigma-theta, kg/m^3]
# name 13 = sigma-é11: Density, 2 [sigma-theta, kg/m^3]
# name 14 = sbeox0Mg/L: Oxygen, SBE 43 [mg/l]
# name 15 = sbeox1Mg/L: Oxygen, SBE 43, 2 [mg/l]
# name 16 = sbox0Mm/Kg: Oxygen, SBE 43 [umol/kg]
# name 17 = sbox1Mm/Kg: Oxygen, SBE 43, 2 [umol/kg]
# name 18 = sbeox0V: Oxygen raw, SBE 43 [V]
# name 19 = sbeox1V: Oxygen raw, SBE 43, 2 [V]
# name 20 = v4: Voltage 4
# name 21 = flECO-AFL: Fluorescence, WET Labs ECO-AFL/FL [mg/m^3]
# name 22 = v3: Voltage 3
# name 23 = v6: Voltage 6
# name 24 = v7: Voltage 7
# name 25 = longitude: Longitude [deg]
# name 26 = latitude: Latitude [deg]
# name 27 = altM: Altimeter [m]
# name 28 = nbf: Bottles Fired
# name 29 = flag:  0.000e+00
# interval = seconds: 0.0416667
# start_time = Jul 11 2021 01:30:45 [NMEA time, header]
# bad_flag = -9.990e-29
*END*
[from data line 242]
      19446    810.208     39.727     40.030     9.3926     9.3923  36.490140  36.490749     9.3882     9.3880    33.9175    33.9184    26.2081    26.2089     3.3708     3.4962    102.648    106.469     1.2479     1.2283     0.0440     0.0739     3.3284     0.0586     0.0525 -122.99590   37.89208      37.51          6  0.000e+00
      19447    810.250     39.727     40.030     9.3926     9.3920  36.489756  36.490749     9.3883     9.3876    33.9171    33.9187    26.2078    26.2092     3.3654     3.4963    102.484    106.469     1.2466     1.2283     0.0440     0.0739     3.3272     0.0574     0.0525 -122.99590   37.89208      37.51          6  0.000e+00
      19448    810.292     39.780     40.083     9.3926     9.3919  36.489757  36.490749     9.3882     9.3875    33.9171    33.9188    26.2078    26.2092     3.3654     3.4963    102.485    106.470     1.2466     1.2283     0.0440     0.0739     3.3284     0.0586     0.0525 -122.99590   37.89208      37.51          6  0.000e+00
      19449    810.333     39.727     40.030     9.3926     9.3919  36.489629  36.490493     9.3882     9.3875    33.9170    33.9186    26.2077    26.2091     3.3708     3.4963    102.649    106.470     1.2479     1.2283     0.0440     0.0739     3.3284     0.0586     0.0513 -122.99590   37.89208      37.51          6  0.000e+00
      19450    810.375     39.780     40.083     9.3923     9.3918  36.489757  36.491005     9.3879     9.3874    33.9174    33.9192    26.2081    26.2096     3.3708     3.4963    102.650    106.470     1.2479     1.2283     0.0440     0.0739     3.3284     0.0574     0.0513 -122.99590   37.89208      37.51          6  0.000e+00
      19451    810.417     39.727     40.030     9.3923     9.3917  36.489884  36.490365     9.3879     9.3873    33.9176    33.9186    26.2082    26.2091     3.3708     3.4963    102.649    106.470     1.2479     1.2283     0.0440     0.0739     3.3284     0.0562     0.0513 -122.99590   37.89208      37.51          6  0.000e+00
      19452    810.458     39.727     40.030     9.3923     9.3915  36.489948  36.490110     9.3879     9.3872    33.9176    33.9185    26.2083    26.2091     3.3600     3.4963    102.320    106.471     1.2454     1.2283     0.0440     0.0739     3.3284     0.0562     0.0513 -122.99590   37.89208      37.51          6  0.000e+00
      19453    810.500     39.826     40.130     9.3919     9.3916  36.489629  36.490558     9.3876     9.3872    33.9176    33.9189    26.2083    26.2093     3.3709     3.4963    102.651    106.472     1.2479     1.2283     0.0440     0.0739     3.3284     0.0586     0.0525 -122.99590   37.89208      37.48          6  0.000e+00
      19454    810.542     39.780     40.083     9.3915     9.3913  36.489309  36.490366     9.3871     9.3870    33.9177    33.9189    26.2084    26.2094     3.3655     3.4963    102.487    106.472     1.2466     1.2283     0.0440     0.0739     3.3272     0.0598     0.0537 -122.99590   37.89208      37.48          6  0.000e+00
      19455    810.583     39.727     40.030     9.3911     9.3913  36.489245  36.490366     9.3867     9.3870    33.9180    33.9189    26.2087    26.2094     3.3655     3.4963    102.487    106.471     1.2466     1.2283     0.0440     0.0739     3.3272     0.0611     0.0549 -122.99590   37.89208      37.48          6  0.000e+00
      19456    810.625     39.826     40.130     9.3913     9.3916  36.489245  36.490430     9.3869     9.3872    33.9178    33.9187    26.2085    26.2092     3.3655     3.4963    102.488    106.472     1.2466     1.2283     0.0440     0.0739     3.3272     0.0611     0.0549 -122.99590   37.89208      37.51          6  0.000e+00
      19457    810.667     39.727     40.030     9.3913     9.3915  36.489245  36.490493     9.3869     9.3872    33.9178    33.9189    26.2086    26.2094     3.3655     3.4963    102.486    106.470     1.2466     1.2283     0.0427     0.0434     3.3272     0.0611     0.0549 -122.99590   37.89208      37.51          6  0.000e+00
      19458    810.708     39.826     40.130     9.3913     9.3915  36.489437  36.490430     9.3869     9.3872    33.9180    33.9188    26.2087    26.2093     3.3709     3.4963    102.652    106.472     1.2479     1.2283     0.0427     0.0434     3.3284     0.0611     0.0549 -122.99590   37.89208      37.53          6  0.000e+00
      19459    810.750     39.826     40.130     9.3913     9.3914  36.489182  36.490430     9.3869     9.3871    33.9177    33.9189    26.2085    26.2094     3.3655     3.4964    102.488    106.472     1.2466     1.2283     0.0427     0.0434     3.3297     0.0598     0.0549 -122.99590   37.89208      37.53          6  0.000e+00
      19460    810.792     39.826     40.130     9.3913     9.3915  36.489182  36.490430     9.3869     9.3872    33.9177    33.9188    26.2085    26.2093     3.3655     3.4963    102.488    106.472     1.2466     1.2283     0.0427     0.0434     3.3284     0.0611     0.0549 -122.99590   37.89208      37.53          6  0.000e+00
      19461    810.833     39.780     40.083     9.3911     9.3915  36.489245  36.490749     9.3868     9.3872    33.9179    33.9191    26.2087    26.2096     3.3709     3.4963    102.652    106.471     1.2479     1.2283     0.0427     0.0434     3.3272     0.0611     0.0549 -122.99590   37.89208      37.53          6  0.000e+00
      19462    810.875     39.826     40.130     9.3914     9.3916  36.489437  36.490749     9.3871     9.3872    33.9178    33.9190    26.2086    26.2095     3.3655     3.4963    102.487    106.472     1.2466     1.2283     0.0427     0.0434     3.3272     0.0586     0.0537 -122.99590   37.89208      37.53          6  0.000e+00
      19463    810.917     39.872     40.176     9.3917     9.3915  36.489565  36.490494     9.3874     9.3872    33.9176    33.9188    26.2084    26.2093     3.3655     3.4964    102.487    106.472     1.2466     1.2283     0.0427     0.0434     3.3284     0.0598     0.0549 -122.99590   37.89208      37.44          6  0.000e+00
      19464    810.958     39.826     40.130     9.3914     9.3913  36.489565  36.490749     9.3871     9.3870    33.9180    33.9193    26.2087    26.2097     3.3709     3.4964    102.652    106.472     1.2479     1.2283     0.0427     0.0434     3.3297     0.0598     0.0537 -122.99590   37.89208      37.39          6  0.000e+00
      19465    811.000     39.826     40.130     9.3916     9.3916  36.489885  36.490494     9.3872     9.3872    33.9181    33.9188    26.2088    26.2093     3.3709     3.4963    102.651    106.472     1.2479     1.2283     0.0427     0.0434     3.3272     0.0586     0.0537 -122.99590   37.89208      37.36          6  0.000e+00
      19466    811.042     39.872     40.176     9.3916     9.3915  36.489437  36.490430     9.3872     9.3872    33.9176    33.9187    26.2084    26.2093     3.3709     3.4964    102.652    106.473     1.2479     1.2283     0.0427     0.0434     3.3272     0.0586     0.0525 -122.99590   37.89208      37.36          6  0.000e+00
      19467    811.083     39.872     40.176     9.3916     9.3917  36.489246  36.490622     9.3872     9.3873    33.9174    33.9188    26.2082    26.2093     3.3655     3.4964    102.488    106.472     1.2466     1.2283     0.0427     0.0434     3.3272     0.0586     0.0537 -122.99590   37.89208      37.36          6  0.000e+00
      19468    811.125     39.872     40.176     9.3917     9.3914  36.489437  36.490558     9.3874     9.3871    33.9175    33.9190    26.2083    26.2095     3.3655     3.4964    102.488    106.473     1.2466     1.2283     0.0427     0.0434     3.3284     0.0586     0.0525 -122.99590   37.89208      37.39          6  0.000e+00
      19469    811.167     39.872     40.177     9.3916     9.3915  36.489310  36.490174     9.3872     9.3872    33.9175    33.9185    26.2083    26.2091     3.3709     3.4964    102.653    106.473     1.2479     1.2283     0.0427     0.0434     3.3272     0.0586     0.0525 -122.99590   37.89208      37.36          6  0.000e+00
      19470    811.208     39.872     40.176     9.3917     9.3916  36.489246  36.490302     9.3874     9.3872    33.9173    33.9186    26.2081    26.2091     3.3709     3.4964    102.652    106.473     1.2479     1.2283     0.0427     0.0434     3.3297     0.0586     0.0525 -122.99590   37.89208      37.36          6  0.000e+00
      19471    811.250     39.932     40.237     9.3913     9.3913  36.489310  36.490750     9.3869     9.3870    33.9178    33.9192    26.2086    26.2097     3.3710     3.4964    102.654    106.473     1.2479     1.2283     0.0427     0.0434     3.3297     0.0586     0.0537 -122.99590   37.89208      37.36          6  0.000e+00
      19472    811.292     39.872     40.176     9.3908     9.3913  36.489246  36.490494     9.3864     9.3870    33.9182    33.9190    26.2089    26.2095     3.3656     3.4964    102.489    106.473     1.2466     1.2283     0.0427     0.0434     3.3284     0.0586     0.0525 -122.99590   37.89208      37.36          6  0.000e+00
      19473    811.333     39.925     40.230     9.3910     9.3914  36.489246  36.490175     9.3866     9.3871    33.9180    33.9185    26.2088    26.2091     3.3656     3.4905    102.490    106.294     1.2466     1.2271     0.0427     0.0434     3.3272     0.0574     0.0525 -122.99590   37.89208      37.36          6  0.000e+00
      19474    811.375     39.925     40.230     9.3910     9.3913  36.488990  36.490558     9.3866     9.3870    33.9178    33.9190    26.2086    26.2095     3.3710     3.4905    102.655    106.294     1.2479     1.2271     0.0427     0.0434     3.3272     0.0574     0.0525 -122.99590   37.89208      37.36          6  0.000e+00
      19475    811.417     39.972     40.277     9.3910     9.3915  36.489118  36.490814     9.3866     9.3871    33.9179    33.9191    26.2087    26.2095     3.3710     3.4905    102.655    106.294     1.2479     1.2271     0.0427     0.0434     3.3272     0.0574     0.0525 -122.99590   37.89208      37.31          6  0.000e+00
      19476    811.458     39.925     40.230     9.3908     9.3916  36.488990  36.490750     9.3864     9.3872    33.9179    33.9190    26.2087    26.2095     3.3710     3.4905    102.655    106.293     1.2479     1.2271     0.0427     0.0434     3.3272     0.0574     0.0513 -122.99590   37.89208      37.29          6  0.000e+00
      19477    811.500     39.925     40.230     9.3910     9.3915  36.489118  36.490494     9.3866     9.3871    33.9179    33.9188    26.2087    26.2093     3.3710     3.4905    102.654    106.294     1.2479     1.2271     0.0427     0.0434     3.3272     0.0574     0.0525 -122.99590   37.89208      37.29          6  0.000e+00
      19478    811.542     39.972     40.277     9.3908     9.3912  36.489054  36.490239     9.3864     9.3868    33.9180    33.9188    26.2088    26.2094     3.3710     3.4905    102.655    106.295     1.2479     1.2271     0.0427     0.0434     3.3272     0.0574     0.0513 -122.99590   37.89208      37.29          6  0.000e+00
      19479    811.583     39.972     40.277     9.3910     9.3912  36.488926  36.490366     9.3866     9.3869    33.9177    33.9189    26.2085    26.2094     3.3656     3.4905    102.491    106.295     1.2466     1.2271     0.0427     0.0434     3.3297     0.0574     0.0513 -122.99590   37.89208      37.29          6  0.000e+00
      22567    940.250     30.334     30.564    10.2245    10.2891  37.272620  37.318846    10.2210    10.2856    33.9392    33.9256    26.0860    26.0643     3.9810     4.2016    121.245    127.967     1.4042     1.3944     0.0684     0.6844     3.3260     0.0720     0.0611 -122.99590   37.89212      47.23          7  0.000e+00
      22568    940.292     30.387     30.618    10.2250    10.2842  37.269977  37.319492    10.2215    10.2807    33.9360    33.9308    26.0835    26.0692     3.9864     4.2020    121.409    127.978     1.4054     1.3944     0.0696     0.7149     3.3236     0.0708     0.0598 -122.99590   37.89212      47.13          7  0.000e+00
      22569    940.333     30.387     30.618    10.2309    10.2836  37.277003  37.325873    10.2274    10.2801    33.9376    33.9378    26.0837    26.0748     3.9805     4.2019    121.230    127.973     1.4042     1.3944     0.0696     0.7149     3.3260     0.0696     0.0598 -122.99590   37.89212      47.11          7  0.000e+00
      22570    940.375     30.387     30.618    10.2424    10.2867  37.289574  37.333028    10.2389    10.2831    33.9396    33.9422    26.0833    26.0777     3.9794     4.2014    121.197    127.960     1.4042     1.3944     0.0696     0.7149     3.3260     0.0696     0.0598 -122.99590   37.89212      47.13          7  0.000e+00
      22571    940.417     30.387     30.618    10.2542    10.2879  37.299825  37.332577    10.2506    10.2843    33.9390    33.9406    26.0808    26.0762     3.9784     4.2014    121.166    127.958     1.4042     1.3944     0.0696     0.7149     3.3260     0.0720     0.0611 -122.99590   37.89212      47.13          7  0.000e+00
      22572    940.458     30.486     30.718    10.2624    10.2913  37.304080  37.341409    10.2588    10.2877    33.9356    33.9464    26.0767    26.0801     3.9778     4.2009    121.148    127.944     1.4042     1.3944     0.0696     0.7149     3.3260     0.0708     0.0611 -122.99590   37.89212      47.13          7  0.000e+00
      22573    940.500     30.387     30.618    10.2666    10.3050  37.304273  37.358880    10.2631    10.3014    33.9319    33.9513    26.0731    26.0816     3.9774     4.1994    121.138    127.897     1.4042     1.3944     0.0684     0.6844     3.3260     0.0696     0.0598 -122.99590   37.89212      47.11          7  0.000e+00
      22574    940.542     30.479     30.711    10.2655    10.3219  37.302597  37.372549    10.2619    10.3183    33.9312    33.9492    26.0727    26.0771     3.9776     4.2036    121.143    128.025     1.4042     1.3956     0.0696     0.7149     3.3260     0.0696     0.0586 -122.99590   37.89212      47.11          7  0.000e+00
      22575    940.583     30.479     30.711    10.2614    10.3375  37.299889  37.381899    10.2578    10.3340    33.9323    33.9440    26.0743    26.0704     3.9779     4.2022    121.153    127.983     1.4042     1.3956     0.0696     0.7149     3.3248     0.0684     0.0586 -122.99590   37.89212      47.08          7  0.000e+00
      22576    940.625     30.486     30.718    10.2588    10.3506  37.298406  37.386219    10.2552    10.3471    33.9332    33.9362    26.0755    26.0620     3.9782     4.2011    121.160    127.952     1.4042     1.3956     0.0684     0.6844     3.3260     0.0684     0.0586 -122.99590   37.89212      47.08          7  0.000e+00
      22577    940.667     30.532     30.765    10.2574    10.3566  37.297697  37.384219    10.2539    10.3530    33.9337    33.9285    26.0761    26.0550     3.9783     4.2007    121.164    127.941     1.4042     1.3956     0.0696     0.7149     3.3236     0.0684     0.0586 -122.99590   37.89212      47.08          7  0.000e+00
      22578    940.708     30.479     30.711    10.2576    10.3573  37.297568  37.384606    10.2540    10.3537    33.9335    33.9283    26.0759    26.0547     3.9783     4.2007    121.163    127.939     1.4042     1.3956     0.0684     0.6844     3.3260     0.0684     0.0586 -122.99590   37.89212      47.08          7  0.000e+00
      22579    940.750     30.579     30.811    10.2584    10.3573  37.298277  37.389960    10.2549    10.3537    33.9334    33.9337    26.0757    26.0589     3.9782     4.2006    121.162    127.936     1.4042     1.3956     0.0696     0.7149     3.3248     0.0696     0.0586 -122.99590   37.89212      47.06          7  0.000e+00
      22580    940.792     30.532     30.765    10.2594    10.3594  37.300276  37.392604    10.2559    10.3559    33.9345    33.9344    26.0763    26.0590     3.9728     4.2003    120.996    127.928     1.4029     1.3956     0.0696     0.7149     3.3236     0.0684     0.0586 -122.99590   37.89212      46.98          7  0.000e+00
