WCOA/WCOA-6/CTD_Data/RB2102_CTD_079_01.ros
* Sea-Bird SBE 9 Data File:
* FileName = C:\Users\scs.user.rb\CTD\RB2102\Data\RB2102_CTD_079_01.hex
* Software Version Seasave V 7.26.7.107
* Temperature SN = 6202
* Conductivity SN = 4907
* Number of Bytes Per Scan = 41
* Number of Voltage Words = 4
* Number of Scans Averaged by the Deck Unit = 1
* NMEA Latitude = 37 44.96 N
* NMEA Longitude = 123 19.13 W
* NMEA UTC (Time) = Jul 10 2021  19:42:06
* NMEA baud rate = 4800
# nquan = 30
# nvalues = 1105                                  
# units = specified
# name 0 = scan: Scan Count
# name 1 = timeS: Time, Elapsed [seconds]
# name 2 = depSM: Depth [salt water, m]
# name 3 = prDM: Pressure, Digiquartz [db]
# name 4 = t090C: Temperature [ITS-90, deg C]
# name 5 = t190C: Temperature, 2 [ITS-90, deg C]
# name 6 = c0mS/cm: Conductivity [mS/cm]
# name 7 = c1mS/cm: Conductivity, 2 [mS/cm]
# name 8 = potemp090C: Potential Temperature [ITS-90, deg C]
# name 9 = potemp190C: Potential Temperature, 2 [ITS-90, deg C]
# name 10 = sal00: Salinity, Practical [PSU]
# name 11 = sal11: Salinity, Practical, 2 [PSU]
# name 12 = sigma-é00: Density [sigma-theta, kg/m^3]
# name 13 = sigma-é11: Density, 2 [sigma-theta, kg/m^3]
# name 14 = sbeox0Mg/L: Oxygen, SBE 43 [mg/l]
# name 15 = sbeox1Mg/L: Oxygen, SBE 43, 2 [mg/l]
# name 16 = sbox0Mm/Kg: Oxygen, SBE 43 [umol/kg]
# name 17 = sbox1Mm/Kg: Oxygen, SBE 43, 2 [umol/kg]
# name 18 = sbeox0V: Oxygen raw, SBE 43 [V]
# name 19 = sbeox1V: Oxygen raw, SBE 43, 2 [V]
# name 20 = v4: Voltage 4
# name 21 = flECO-AFL: Fluorescence, WET Labs ECO-AFL/FL [mg/m^3]
# name 22 = v3: Voltage 3
# name 23 = v6: Voltage 6
# name 24 = v7: Voltage 7
# name 25 = longitude: Longitude [deg]
# name 26 = latitude: Latitude [deg]
# name 27 = altM: Altimeter [m]
# name 28 = nbf: Bottles Fired
# name 29 = flag:  0.000e+00
# interval = seconds: 0.0416667
# start_time = Jul 10 2021 19:42:06 [NMEA time, header]
# bad_flag = -9.990e-29
*END*
[from data line 726]
     107435   4476.417     50.310     50.694    10.8245    10.8278  37.725220  37.729556    10.8185    10.8217    33.8275    33.8288    25.8948    25.8953     5.7184     5.8741    174.193    178.934     1.8181     1.7607     0.0415     0.0129     3.2271     0.0208     0.0000 -123.32014   37.74862      99.34         15  0.000e+00
     107436   4476.458     50.310     50.694    10.8242    10.8261  37.725285  37.728391    10.8182    10.8201    33.8279    33.8292    25.8952    25.8959     5.7185     5.8743    174.194    178.941     1.8181     1.7607     0.0415     0.0129     3.2271     0.0208     0.0000 -123.32014   37.74862      99.37         15  0.000e+00
     107437   4476.500     50.257     50.641    10.8244    10.8247  37.724961  37.727614    10.8183    10.8187    33.8274    33.8297    25.8948    25.8965     5.7132     5.8744    174.033    178.945     1.8168     1.7607     0.0415     0.0129     3.2271     0.0208     0.0000 -123.32014   37.74862      99.34         15  0.000e+00
     107438   4476.542     50.290     50.674    10.8239    10.8238  37.724831  37.727679    10.8178    10.8177    33.8277    33.8307    25.8951    25.8974     5.7185     5.8746    174.195    178.948     1.8181     1.7607     0.0415     0.0129     3.2271     0.0195     0.0000 -123.32014   37.74862      99.34         15  0.000e+00
     107439   4476.583     50.356     50.741    10.8238    10.8235  37.724573  37.727550    10.8177    10.8174    33.8276    33.8308    25.8950    25.8976     5.7133     5.8746    174.037    178.951     1.8168     1.7607     0.0415     0.0129     3.2271     0.0195     0.0000 -123.32014   37.74862      99.37         15  0.000e+00
     107440   4476.625     50.257     50.641    10.8236    10.8238  37.724637  37.727938    10.8175    10.8177    33.8278    33.8309    25.8952    25.8976     5.7185     5.8745    174.195    178.947     1.8181     1.7607     0.0415     0.0129     3.2271     0.0195     0.0000 -123.32014   37.74862      99.37         15  0.000e+00
     107441   4476.667     50.356     50.741    10.8232    10.8243  37.724508  37.727679    10.8172    10.8182    33.8280    33.8302    25.8954    25.8969     5.7134     5.8746    174.039    178.948     1.8168     1.7607     0.0415     0.0129     3.2283     0.0208     0.0000 -123.32014   37.74862      99.37         15  0.000e+00
     107442   4476.708     50.310     50.694    10.8232    10.8243  37.724249  37.727744    10.8172    10.8182    33.8277    33.8303    25.8952    25.8970     5.7134     5.8688    174.038    178.773     1.8168     1.7595     0.0415     0.0129     3.2271     0.0208     0.0000 -123.32014   37.74862      99.34         15  0.000e+00
     107443   4476.750     50.337     50.721    10.8231    10.8243  37.724054  37.727032    10.8170    10.8182    33.8277    33.8295    25.8952    25.8964     5.7082     5.8689    173.880    178.775     1.8156     1.7595     0.0427     0.0434     3.2271     0.0195     0.0000 -123.32014   37.74862      99.37         15  0.000e+00
     109926   4580.208     40.263     40.569    11.0903    11.1151  37.955771  37.977557    11.0854    11.1101    33.8164    33.8152    25.8386    25.8332     6.0840     6.2527    185.338    190.480     1.9133     1.8523     0.0440     0.0739     3.2259     0.0000     0.0000 -123.32014   37.74864      99.32         16  0.000e+00
     109927   4580.250     40.409     40.716    11.0897    11.1151  37.955252  37.977882    11.0848    11.1102    33.8164    33.8155    25.8386    25.8333     6.0842     6.2528    185.344    190.483     1.9133     1.8523     0.0452     0.1044     3.2259     0.0000     0.0000 -123.32014   37.74864      99.32         16  0.000e+00
     109928   4580.292     40.263     40.569    11.0890    11.1149  37.954667  37.977622    11.0841    11.1100    33.8165    33.8154    25.8388    25.8333     6.0841     6.2527    185.343    190.480     1.9133     1.8523     0.0476     0.1655     3.2259     0.0000     0.0000 -123.32014   37.74864      99.32         16  0.000e+00
     109929   4580.333     40.269     40.576    11.0883    11.1151  37.955122  37.977882    11.0834    11.1101    33.8176    33.8156    25.8398    25.8334     6.0842     6.2527    185.344    190.480     1.9133     1.8523     0.0476     0.1655     3.2259     0.0000     0.0000 -123.32014   37.74864      99.32         16  0.000e+00
     109930   4580.375     40.362     40.670    11.0877    11.1154  37.955187  37.978401    11.0828    11.1105    33.8182    33.8157    25.8404    25.8335     6.0843     6.2527    185.348    190.480     1.9133     1.8523     0.0476     0.1655     3.2259     0.0000     0.0000 -123.32014   37.74864      99.32         16  0.000e+00
     109931   4580.417     40.263     40.569    11.0875    11.1161  37.955382  37.978596    11.0826    11.1111    33.8186    33.8154    25.8408    25.8331     6.0843     6.2526    185.346    190.475     1.9133     1.8523     0.0488     0.1960     3.2259     0.0000     0.0000 -123.32014   37.74864      99.32         16  0.000e+00
     109932   4580.458     40.362     40.670    11.0879    11.1166  37.955512  37.979050    11.0829    11.1116    33.8184    33.8153    25.8405    25.8329     6.0843     6.2526    185.348    190.476     1.9133     1.8523     0.0488     0.1960     3.2259     0.0000     0.0000 -123.32014   37.74864      99.32         16  0.000e+00
     109933   4580.500     40.309     40.616    11.0882    11.1174  37.955706  37.978790    11.0833    11.1125    33.8183    33.8143    25.8403    25.8320     6.0842     6.2525    185.345    190.472     1.9133     1.8523     0.0488     0.1960     3.2259     0.0000     0.0000 -123.32014   37.74864      99.32         16  0.000e+00
     109934   4580.542     40.309     40.616    11.0885    11.1173  37.956356  37.979050    11.0836    11.1123    33.8186    33.8147    25.8406    25.8324     6.0790     6.2525    185.185    190.472     1.9121     1.8523     0.0476     0.1655     3.2247     0.0000     0.0000 -123.32014   37.74864      99.32         16  0.000e+00
     109935   4580.583     40.263     40.569    11.0887    11.1174  37.956745  37.979245    11.0838    11.1125    33.8188    33.8147    25.8407    25.8324     6.0789     6.2524    185.183    190.470     1.9121     1.8523     0.0476     0.1655     3.2271     0.0000     0.0000 -123.32014   37.74864      99.32         16  0.000e+00
     109936   4580.625     40.263     40.569    11.0888    11.1172  37.956875  37.979310    11.0839    11.1123    33.8189    33.8150    25.8407    25.8326     6.0789     6.2524    185.182    190.471     1.9121     1.8523     0.0476     0.1655     3.2271     0.0000     0.0000 -123.32014   37.74864      99.32         16  0.000e+00
     109937   4580.667     40.309     40.616    11.0892    11.1169  37.958369  37.979180    11.0843    11.1120    33.8200    33.8151    25.8415    25.8327     6.0788     6.2525    185.180    190.473     1.9121     1.8523     0.0488     0.1960     3.2247     0.0000     0.0000 -123.32014   37.74864      99.32         16  0.000e+00
     109938   4580.708     40.309     40.616    11.0910    11.1172  37.960057  37.979245    11.0861    11.1123    33.8200    33.8149    25.8412    25.8325     6.0786     6.2525    185.173    190.472     1.9121     1.8523     0.0476     0.1655     3.2271     0.0000     0.0000 -123.32014   37.74864      99.32         16  0.000e+00
     109939   4580.750     40.263     40.569    11.0930    11.1178  37.963043  37.979699    11.0881    11.1128    33.8212    33.8149    25.8418    25.8324     6.0782     6.2524    185.162    190.469     1.9121     1.8523     0.0476     0.1655     3.2247     0.0000     0.0000 -123.32014   37.74864      99.32         16  0.000e+00
     109940   4580.792     40.263     40.569    11.0972    11.1184  37.966809  37.979894    11.0923    11.1135    33.8210    33.8145    25.8408    25.8320     6.0776     6.2523    185.145    190.466     1.9121     1.8523     0.0476     0.1655     3.2247     0.0000     0.0000 -123.32014   37.74862      99.32         16  0.000e+00
     109941   4580.833     40.263     40.569    11.1024    11.1188  37.969601  37.980153    11.0974    11.1138    33.8190    33.8144    25.8384    25.8319     6.0718     6.2522    184.968    190.465     1.9109     1.8523     0.0476     0.1655     3.2247     0.0000     0.0000 -123.32014   37.74862      99.32         16  0.000e+00
     109942   4580.875     40.210     40.516    11.1058    11.1191  37.971679  37.980283    11.1009    11.1142    33.8179    33.8143    25.8369    25.8317     6.0714     6.2521    184.954    190.462     1.9109     1.8523     0.0476     0.1655     3.2271     0.0000     0.0000 -123.32014   37.74862      99.32         16  0.000e+00
     109943   4580.917     40.263     40.569    11.1091    11.1199  37.973172  37.980478    11.1042    11.1149    33.8164    33.8137    25.8351    25.8311     6.0710     6.2521    184.944    190.461     1.9109     1.8523     0.0488     0.1960     3.2247     0.0000     0.0000 -123.32014   37.74862      99.32         16  0.000e+00
     109944   4580.958     40.210     40.516    11.1116    11.1209  37.974016  37.980867    11.1067    11.1160    33.8150    33.8132    25.8336    25.8305     6.0707     6.2519    184.935    190.456     1.9109     1.8523     0.0488     0.1960     3.2247     0.0000     0.0000 -123.32014   37.74862      99.32         16  0.000e+00
     109945   4581.000     40.210     40.516    11.1121    11.1217  37.974341  37.981386    11.1071    11.1168    33.8148    33.8130    25.8334    25.8302     6.0706     6.2518    184.933    190.453     1.9109     1.8523     0.0476     0.1655     3.2259     0.0000     0.0000 -123.32014   37.74862      99.32         16  0.000e+00
     109946   4581.042     40.210     40.516    11.1131    11.1222  37.975769  37.981840    11.1081    11.1173    33.8153    33.8129    25.8336    25.8301     6.0705     6.2517    184.928    190.450     1.9109     1.8523     0.0488     0.1960     3.2247     0.0000     0.0000 -123.32014   37.74862      99.32         16  0.000e+00
     109947   4581.083     40.163     40.469    11.1175    11.1237  37.978951  37.982554    11.1126    11.1188    33.8144    33.8123    25.8321    25.8293     6.0647     6.2515    184.751    190.444     1.9096     1.8523     0.0476     0.1655     3.2259     0.0000     0.0000 -123.32014   37.74862      99.32         16  0.000e+00
     109948   4581.125     40.170     40.476    11.1226    11.1251  37.980834  37.983398    11.1177    11.1201    33.8116    33.8119    25.8290    25.8288     6.0641     6.2457    184.735    190.266     1.9096     1.8510     0.0476     0.1655     3.2271     0.0000     0.0000 -123.32014   37.74862      99.32         16  0.000e+00
     109949   4581.167     40.210     40.516    11.1262    11.1255  37.982977  37.984047    11.1213    11.1205    33.8104    33.8122    25.8274    25.8289     6.0637     6.2513    184.722    190.437     1.9096     1.8523     0.0476     0.1655     3.2259     0.0000     0.0000 -123.32014   37.74862      99.32         16  0.000e+00
     109950   4581.208     40.117     40.423    11.1297    11.1262  37.984015  37.984760    11.1248    11.1213    33.8083    33.8122    25.8251    25.8288     6.0632     6.2511    184.709    190.432     1.9096     1.8523     0.0488     0.1960     3.2247     0.0000     0.0000 -123.32014   37.74862      99.32         16  0.000e+00
     109951   4581.250     40.117     40.423    11.1318    11.1275  37.984989  37.985085    11.1269    11.1225    33.8073    33.8114    25.8239    25.8279     6.0630     6.2510    184.701    190.427     1.9096     1.8523     0.0476     0.1655     3.2259     0.0000     0.0000 -123.32014   37.74862      99.32         16  0.000e+00
     109952   4581.292     40.163     40.469    11.1327    11.1286  37.985704  37.985734    11.1278    11.1236    33.8072    33.8110    25.8237    25.8274     6.0629     6.2509    184.699    190.424     1.9096     1.8523     0.0488     0.1960     3.2247     0.0000     0.0000 -123.32014   37.74862      99.32         16  0.000e+00
     109953   4581.333     40.064     40.369    11.1334    11.1291  37.986093  37.985604    11.1285    11.1242    33.8069    33.8104    25.8234    25.8269     6.0627     6.2451    184.694    190.248     1.9096     1.8510     0.0476     0.1655     3.2259     0.0000     0.0000 -123.32014   37.74862      99.32         16  0.000e+00
     109954   4581.375     40.117     40.423    11.1334    11.1289  37.986418  37.986058    11.1285    11.1240    33.8072    33.8110    25.8236    25.8274     6.0628     6.2508    184.695    190.422     1.9096     1.8523     0.0464     0.1350     3.2271     0.0000     0.0000 -123.32014   37.74862      99.32         16  0.000e+00
     109955   4581.417     40.064     40.369    11.1333    11.1284  37.986548  37.985409    11.1284    11.1235    33.8075    33.8109    25.8238    25.8274     6.0627     6.2508    184.694    190.423     1.9096     1.8523     0.0452     0.1044     3.2259     0.0000     0.0000 -123.32014   37.74862      99.32         16  0.000e+00
     109956   4581.458     40.064     40.369    11.1338    11.1281  37.987002  37.985279    11.1289    11.1232    33.8075    33.8110    25.8237    25.8275     6.0627     6.2509    184.692    190.424     1.9096     1.8523     0.0452     0.1044     3.2259     0.0000     0.0000 -123.32014   37.74862      99.32         16  0.000e+00
     109957   4581.500     40.064     40.369    11.1341    11.1276  37.986937  37.984955    11.1292    11.1226    33.8071    33.8112    25.8234    25.8278     6.0627     6.2509    184.691    190.426     1.9096     1.8523     0.0452     0.1044     3.2247     0.0000     0.0000 -123.32014   37.74862      99.32         16  0.000e+00
     109958   4581.542     39.965     40.269    11.1343    11.1280  37.987327  37.985214    11.1294    11.1231    33.8074    33.8111    25.8236    25.8276     6.0625     6.2508    184.688    190.422     1.9096     1.8523     0.0452     0.1044     3.2259     0.0000     0.0000 -123.32014   37.74862      99.32         16  0.000e+00
     109959   4581.583     40.064     40.369    11.1346    11.1287  37.988431  37.985928    11.1297    11.1238    33.8081    33.8111    25.8241    25.8274     6.0625     6.2508    184.688    190.421     1.9096     1.8523     0.0452     0.1044     3.2259     0.0000     0.0000 -123.32014   37.74862      99.32         16  0.000e+00
     109960   4581.625     39.965     40.269    11.1366    11.1301  37.990314  37.986772    11.1317    11.1252    33.8082    33.8107    25.8238    25.8269     6.0622     6.2505    184.677    190.413     1.9096     1.8523     0.0464     0.1350     3.2247     0.0000     0.0000 -123.32014   37.74862      99.32         16  0.000e+00
     109961   4581.667     39.965     40.269    11.1397    11.1311  37.992133  37.987096    11.1348    11.1262    33.8072    33.8101    25.8224    25.8263     6.0618     6.2504    184.666    190.410     1.9096     1.8523     0.0440     0.0739     3.2259     0.0000     0.0000 -123.32014   37.74862      99.32         16  0.000e+00
     109962   4581.708     39.965     40.269    11.1427    11.1314  37.993756  37.987291    11.1378    11.1265    33.8060    33.8100    25.8210    25.8261     6.0615     6.2503    184.655    190.408     1.9096     1.8523     0.0452     0.1044     3.2271     0.0000     0.0000 -123.32014   37.74862      99.32         16  0.000e+00
     109963   4581.750     39.918     40.222    11.1444    11.1314  37.994406  37.987420    11.1395    11.1265    33.8052    33.8102    25.8201    25.8263     6.0612     6.2503    184.649    190.407     1.9096     1.8523     0.0452     0.1044     3.2259     0.0000     0.0000 -123.32014   37.74862      99.32         16  0.000e+00
