WCOA/WCOA-6/CTD_Data/RB2102_CTD_035_01.ros
* Sea-Bird SBE 9 Data File:
* FileName = C:\Users\scs.user.rb\CTD\RB2102\Data\RB2102_CTD_035_01.hex
* Software Version Seasave V 7.26.7.107
* Temperature SN = 6202
* Conductivity SN = 4907
* Number of Bytes Per Scan = 41
* Number of Voltage Words = 4
* Number of Scans Averaged by the Deck Unit = 1
* NMEA Latitude = 46 07.78 N
* NMEA Longitude = 125 11.22 W
* NMEA UTC (Time) = Jul 01 2021  13:29:55
* NMEA baud rate = 4800
# nquan = 30
# nvalues = 1176                                  
# units = specified
# name 0 = scan: Scan Count
# name 1 = timeS: Time, Elapsed [seconds]
# name 2 = depSM: Depth [salt water, m]
# name 3 = prDM: Pressure, Digiquartz [db]
# name 4 = t090C: Temperature [ITS-90, deg C]
# name 5 = t190C: Temperature, 2 [ITS-90, deg C]
# name 6 = c0mS/cm: Conductivity [mS/cm]
# name 7 = c1mS/cm: Conductivity, 2 [mS/cm]
# name 8 = potemp090C: Potential Temperature [ITS-90, deg C]
# name 9 = potemp190C: Potential Temperature, 2 [ITS-90, deg C]
# name 10 = sal00: Salinity, Practical [PSU]
# name 11 = sal11: Salinity, Practical, 2 [PSU]
# name 12 = sigma-é00: Density [sigma-theta, kg/m^3]
# name 13 = sigma-é11: Density, 2 [sigma-theta, kg/m^3]
# name 14 = sbeox0Mg/L: Oxygen, SBE 43 [mg/l]
# name 15 = sbeox1Mg/L: Oxygen, SBE 43, 2 [mg/l]
# name 16 = sbox0Mm/Kg: Oxygen, SBE 43 [umol/kg]
# name 17 = sbox1Mm/Kg: Oxygen, SBE 43, 2 [umol/kg]
# name 18 = sbeox0V: Oxygen raw, SBE 43 [V]
# name 19 = sbeox1V: Oxygen raw, SBE 43, 2 [V]
# name 20 = v4: Voltage 4
# name 21 = flECO-AFL: Fluorescence, WET Labs ECO-AFL/FL [mg/m^3]
# name 22 = v3: Voltage 3
# name 23 = v6: Voltage 6
# name 24 = v7: Voltage 7
# name 25 = longitude: Longitude [deg]
# name 26 = latitude: Latitude [deg]
# name 27 = altM: Altimeter [m]
# name 28 = nbf: Bottles Fired
# name 29 = flag:  0.000e+00
# interval = seconds: 0.0416667
# start_time = Jul 01 2021 13:29:55 [NMEA time, header]
# bad_flag = -9.990e-29
*END*
[from data line 146]
      61548   2564.458   1236.857   1250.859     3.1109     3.1118  31.870738  31.872023     3.0225     3.0234    34.4645    34.4651    27.4555    27.4559     0.5780     0.5935     17.580     18.053     0.5824     0.5934     0.0415     0.0129     3.1856     1.8095     0.0000 -125.18896   46.12766     100.00          3  0.000e+00
      78603   3275.083    990.469   1001.086     3.6856     3.6860  32.210206  32.210728     3.6125     3.6128    34.3937    34.3940    27.3430    27.3432     0.3048     0.3190      9.271      9.703     0.5397     0.5543     0.0415     0.0129     3.1844     1.8315     0.0000 -125.18936   46.12720     100.00          4  0.000e+00
      78604   3275.125    990.428   1001.045     3.6856     3.6861  32.210754  32.210789     3.6124     3.6129    34.3944    34.3940    27.3436    27.3431     0.3048     0.3190      9.271      9.703     0.5397     0.5543     0.0415     0.0129     3.1856     1.8327     0.0000 -125.18936   46.12720     100.00          4  0.000e+00
      78605   3275.167    990.368   1000.984     3.6856     3.6860  32.210754  32.211032     3.6125     3.6128    34.3944    34.3944    27.3435    27.3435     0.3048     0.3190      9.271      9.703     0.5397     0.5543     0.0415     0.0129     3.1856     1.8315     0.0000 -125.18936   46.12720     100.00          4  0.000e+00
      78606   3275.208    990.422   1001.038     3.6856     3.6860  32.210511  32.211154     3.6125     3.6128    34.3941    34.3945    27.3433    27.3436     0.2977     0.3190      9.057      9.703     0.5385     0.5543     0.0415     0.0129     3.1844     1.8315     0.0000 -125.18936   46.12720     100.00          4  0.000e+00
      78607   3275.250    990.422   1001.038     3.6855     3.6861  32.210450  32.210667     3.6124     3.6129    34.3942    34.3938    27.3434    27.3430     0.3048     0.3190      9.271      9.703     0.5397     0.5543     0.0415     0.0129     3.1844     1.8315     0.0000 -125.18936   46.12720     100.00          4  0.000e+00
      78608   3275.292    990.422   1001.038     3.6856     3.6860  32.210450  32.210546     3.6125     3.6128    34.3941    34.3938    27.3433    27.3430     0.2977     0.3113      9.057      9.468     0.5385     0.5531     0.0415     0.0129     3.1844     1.8315     0.0000 -125.18936   46.12720     100.00          4  0.000e+00
      78609   3275.333    990.375   1000.991     3.6858     3.6860  32.210450  32.211215     3.6127     3.6128    34.3939    34.3946    27.3431    27.3437     0.2977     0.3113      9.057      9.468     0.5385     0.5531     0.0415     0.0129     3.1856     1.8315     0.0000 -125.18936   46.12720     100.00          4  0.000e+00
      78610   3275.375    990.422   1001.038     3.6857     3.6862  32.210450  32.210971     3.6126     3.6131    34.3939    34.3940    27.3431    27.3432     0.2977     0.3113      9.057      9.468     0.5385     0.5531     0.0415     0.0129     3.1856     1.8315     0.0000 -125.18936   46.12720     100.00          4  0.000e+00
      78611   3275.417    990.368   1000.984     3.6853     3.6862  32.210632  32.210850     3.6122     3.6130    34.3946    34.3940    27.3437    27.3431     0.3048     0.3190      9.271      9.703     0.5397     0.5543     0.0415     0.0129     3.1856     1.8315     0.0000 -125.18936   46.12720     100.00          4  0.000e+00
      78612   3275.458    990.368   1000.984     3.6855     3.6862  32.210267  32.210667     3.6124     3.6130    34.3940    34.3937    27.3432    27.3430     0.2977     0.3190      9.057      9.703     0.5385     0.5543     0.0415     0.0129     3.1856     1.8315     0.0000 -125.18936   46.12720     100.00          4  0.000e+00
      78613   3275.500    990.368   1000.984     3.6854     3.6862  32.210510  32.210971     3.6123     3.6131    34.3943    34.3941    27.3435    27.3432     0.2977     0.3190      9.057      9.702     0.5385     0.5543     0.0415     0.0129     3.1832     1.8315     0.0000 -125.18936   46.12720     100.00          4  0.000e+00
      78614   3275.542    990.368   1000.984     3.6855     3.6863  32.210693  32.210728     3.6124     3.6132    34.3945    34.3937    27.3436    27.3429     0.3048     0.3113      9.271      9.468     0.5397     0.5531     0.0415     0.0129     3.1844     1.8315     0.0000 -125.18936   46.12720     100.00          4  0.000e+00
      78615   3275.583    990.328   1000.943     3.6857     3.6860  32.210510  32.211215     3.6126     3.6128    34.3940    34.3946    27.3432    27.3437     0.2977     0.3190      9.057      9.702     0.5385     0.5543     0.0403    -0.0177     3.1844     1.8315     0.0000 -125.18936   46.12720     100.00          4  0.000e+00
      78616   3275.625    990.321   1000.936     3.6855     3.6859  32.210815  32.210789     3.6124     3.6128    34.3947    34.3942    27.3438    27.3433     0.3048     0.3113      9.271      9.468     0.5397     0.5531     0.0403    -0.0177     3.1844     1.8315     0.0000 -125.18936   46.12720     100.00          4  0.000e+00
      78617   3275.667    990.368   1000.984     3.6857     3.6860  32.210571  32.210971     3.6126     3.6128    34.3941    34.3943    27.3433    27.3434     0.3048     0.3113      9.271      9.468     0.5397     0.5531     0.0403    -0.0177     3.1844     1.8315     0.0000 -125.18936   46.12720     100.00          4  0.000e+00
      78618   3275.708    990.267   1000.882     3.6858     3.6862  32.210632  32.210910     3.6127     3.6131    34.3942    34.3940    27.3433    27.3432     0.3048     0.3190      9.271      9.702     0.5397     0.5543     0.0403    -0.0177     3.1844     1.8315     0.0000 -125.18936   46.12720     100.00          4  0.000e+00
      78619   3275.750    990.321   1000.936     3.6857     3.6860  32.210693  32.210849     3.6126     3.6128    34.3943    34.3942    27.3434    27.3433     0.3048     0.3190      9.271      9.702     0.5397     0.5543     0.0403    -0.0177     3.1844     1.8315     0.0000 -125.18936   46.12720     100.00          4  0.000e+00
      78620   3275.792    990.267   1000.882     3.6856     3.6862  32.210510  32.211032     3.6125     3.6130    34.3942    34.3942    27.3433    27.3433     0.3048     0.3190      9.271      9.702     0.5397     0.5543     0.0403    -0.0177     3.1844     1.8327     0.0000 -125.18936   46.12720     100.00          4  0.000e+00
      78621   3275.833    990.274   1000.889     3.6857     3.6862  32.210449  32.210910     3.6126     3.6131    34.3940    34.3940    27.3432    27.3432     0.2977     0.3190      9.057      9.702     0.5385     0.5543     0.0403    -0.0177     3.1844     1.8327     0.0000 -125.18936   46.12720     100.00          4  0.000e+00
      78622   3275.875    990.267   1000.882     3.6856     3.6862  32.210632  32.210849     3.6125     3.6130    34.3943    34.3940    27.3435    27.3432     0.2977     0.3113      9.057      9.468     0.5385     0.5531     0.0403    -0.0177     3.1856     1.8327     0.0000 -125.18936   46.12720     100.00          4  0.000e+00
      78623   3275.917    990.267   1000.882     3.6856     3.6863  32.210510  32.210423     3.6125     3.6132    34.3942    34.3933    27.3433    27.3426     0.3048     0.3190      9.271      9.702     0.5397     0.5543     0.0403    -0.0177     3.1856     1.8327     0.0000 -125.18936   46.12720     100.00          4  0.000e+00
      78624   3275.958    990.221   1000.834     3.6857     3.6862  32.210632  32.211153     3.6126     3.6131    34.3942    34.3943    27.3434    27.3434     0.3048     0.3113      9.271      9.468     0.5397     0.5531     0.0403    -0.0177     3.1856     1.8327     0.0000 -125.18936   46.12720     100.00          4  0.000e+00
      78625   3276.000    990.268   1000.882     3.6853     3.6863  32.210510  32.210788     3.6122     3.6132    34.3945    34.3938    27.3436    27.3430     0.3048     0.3190      9.271      9.702     0.5397     0.5543     0.0403    -0.0177     3.1832     1.8327     0.0000 -125.18936   46.12720     100.00          4  0.000e+00
      78626   3276.042    990.167   1000.780     3.6856     3.6862  32.210449  32.210788     3.6125     3.6130    34.3942    34.3940    27.3434    27.3432     0.2977     0.3113      9.057      9.468     0.5385     0.5531     0.0403    -0.0177     3.1856     1.8327     0.0000 -125.18936   46.12720     100.00          4  0.000e+00
      78627   3276.083    990.174   1000.787     3.6853     3.6862  32.210814  32.210849     3.6122     3.6131    34.3949    34.3940    27.3440    27.3432     0.2977     0.3112      9.057      9.468     0.5385     0.5531     0.0403    -0.0177     3.1856     1.8327     0.0000 -125.18936   46.12720     100.00          4  0.000e+00
      78628   3276.125    990.221   1000.834     3.6852     3.6863  32.210571  32.211032     3.6121     3.6132    34.3947    34.3941    27.3438    27.3432     0.2977     0.3190      9.057      9.702     0.5385     0.5543     0.0403    -0.0177     3.1832     1.8327     0.0000 -125.18936   46.12720     100.00          4  0.000e+00
      78629   3276.167    990.120   1000.732     3.6855     3.6862  32.210205  32.210910     3.6124     3.6131    34.3940    34.3942    27.3433    27.3433     0.2977     0.3112      9.056      9.468     0.5385     0.5531     0.0403    -0.0177     3.1856     1.8327     0.0000 -125.18936   46.12720     100.00          4  0.000e+00
      78630   3276.208    990.167   1000.780     3.6857     3.6861  32.210327  32.211032     3.6126     3.6129    34.3939    34.3944    27.3431    27.3435     0.3048     0.3113      9.271      9.468     0.5397     0.5531     0.0403    -0.0177     3.1844     1.8327     0.0000 -125.18936   46.12720     100.00          4  0.000e+00
      78631   3276.250    990.120   1000.732     3.6855     3.6862  32.210631  32.210910     3.6124     3.6131    34.3945    34.3942    27.3437    27.3433     0.3048     0.3190      9.271      9.702     0.5397     0.5543     0.0403    -0.0177     3.1844     1.8327     0.0000 -125.18936   46.12720     100.00          4  0.000e+00
      78632   3276.292    990.120   1000.732     3.6856     3.6862  32.210510  32.210605     3.6125     3.6131    34.3942    34.3938    27.3434    27.3430     0.3048     0.3190      9.270      9.702     0.5397     0.5543     0.0403    -0.0177     3.1844     1.8327     0.0000 -125.18936   46.12720     100.00          4  0.000e+00
      78633   3276.333    990.073   1000.685     3.6859     3.6861  32.210631  32.210727     3.6128     3.6130    34.3941    34.3941    27.3433    27.3432     0.3048     0.3190      9.270      9.702     0.5397     0.5543     0.0403    -0.0177     3.1844     1.8327     0.0000 -125.18936   46.12720     100.00          4  0.000e+00
      78634   3276.375    990.120   1000.733     3.6856     3.6860  32.210692  32.210849     3.6125     3.6128    34.3945    34.3943    27.3436    27.3434     0.3048     0.3112      9.270      9.468     0.5397     0.5531     0.0403    -0.0177     3.1844     1.8327     0.0000 -125.18936   46.12720     100.00          4  0.000e+00
      78635   3276.417    990.019   1000.630     3.6857     3.6860  32.210692  32.211031     3.6126     3.6129    34.3944    34.3946    27.3435    27.3436     0.2977     0.3112      9.056      9.468     0.5385     0.5531     0.0403    -0.0177     3.1844     1.8327     0.0000 -125.18936   46.12720     100.00          4  0.000e+00
      78636   3276.458    990.066   1000.678     3.6858     3.6861  32.210692  32.210727     3.6127     3.6130    34.3943    34.3941    27.3435    27.3432     0.2977     0.3112      9.056      9.468     0.5385     0.5531     0.0403    -0.0177     3.1844     1.8327     0.0000 -125.18936   46.12720     100.00          4  0.000e+00
      78637   3276.500    990.019   1000.631     3.6859     3.6863  32.210692  32.210970     3.6128     3.6132    34.3942    34.3941    27.3434    27.3432     0.2977     0.3189      9.056      9.702     0.5385     0.5543     0.0403    -0.0177     3.1844     1.8327     0.0000 -125.18936   46.12720     100.00          4  0.000e+00
      78638   3276.542    989.966   1000.576     3.6856     3.6860  32.210692  32.210727     3.6125     3.6129    34.3945    34.3942    27.3436    27.3434     0.3048     0.3189      9.270      9.702     0.5397     0.5543     0.0403    -0.0177     3.1844     1.8327     0.0000 -125.18936   46.12720     100.00          4  0.000e+00
      78639   3276.583    989.972   1000.583     3.6859     3.6862  32.210266  32.210970     3.6128     3.6131    34.3938    34.3943    27.3430    27.3434     0.3048     0.3189      9.270      9.702     0.5397     0.5543     0.0403    -0.0177     3.1844     1.8327     0.0000 -125.18936   46.12720     100.00          4  0.000e+00
      78640   3276.625    989.966   1000.576     3.6856     3.6860  32.210509  32.210727     3.6125     3.6129    34.3943    34.3942    27.3435    27.3434     0.3048     0.3112      9.270      9.468     0.5397     0.5531     0.0403    -0.0177     3.1856     1.8327     0.0000 -125.18936   46.12720     100.00          4  0.000e+00
      78641   3276.667    989.919   1000.529     3.6858     3.6862  32.210692  32.210970     3.6127     3.6131    34.3944    34.3943    27.3435    27.3434     0.2977     0.3112      9.056      9.467     0.5385     0.5531     0.0403    -0.0177     3.1856     1.8327     0.0000 -125.18936   46.12720     100.00          4  0.000e+00
      78642   3276.708    989.919   1000.529     3.6857     3.6862  32.210509  32.210483     3.6126     3.6131    34.3942    34.3937    27.3434    27.3429     0.3048     0.3112      9.270      9.468     0.5397     0.5531     0.0403    -0.0177     3.1856     1.8327     0.0000 -125.18936   46.12720     100.00          4  0.000e+00
      78643   3276.750    989.919   1000.529     3.6859     3.6858  32.210448  32.210666     3.6128     3.6127    34.3940    34.3944    27.3431    27.3435     0.3048     0.3112      9.270      9.468     0.5397     0.5531     0.0403    -0.0177     3.1856     1.8327     0.0000 -125.18936   46.12720     100.00          4  0.000e+00
      78644   3276.792    989.919   1000.529     3.6856     3.6861  32.210448  32.210666     3.6125     3.6130    34.3943    34.3941    27.3435    27.3432     0.2977     0.3189      9.056      9.702     0.5385     0.5543     0.0403    -0.0177     3.1856     1.8327     0.0000 -125.18936   46.12720     100.00          4  0.000e+00
      78645   3276.833    989.818   1000.427     3.6858     3.6860  32.210204  32.210787     3.6127     3.6129    34.3939    34.3944    27.3431    27.3435     0.3048     0.3189      9.270      9.702     0.5397     0.5543     0.0403    -0.0177     3.1844     1.8327     0.0000 -125.18936   46.12720     100.00          4  0.000e+00
      78646   3276.875    989.818   1000.427     3.6857     3.6858  32.210326  32.210848     3.6126     3.6127    34.3941    34.3946    27.3433    27.3437     0.3048     0.3112      9.270      9.467     0.5397     0.5531     0.0403    -0.0177     3.1844     1.8327     0.0000 -125.18936   46.12720     100.00          4  0.000e+00
      78647   3276.917    989.818   1000.427     3.6858     3.6859  32.210448  32.210848     3.6127     3.6128    34.3942    34.3945    27.3433    27.3436     0.3047     0.3112      9.270      9.467     0.5397     0.5531     0.0403    -0.0177     3.1844     1.8327     0.0000 -125.18936   46.12720     100.00          4  0.000e+00
      78648   3276.958    989.818   1000.427     3.6857     3.6857  32.210204  32.210848     3.6126     3.6126    34.3939    34.3948    27.3431    27.3438     0.2977     0.3112      9.056      9.467     0.5385     0.5531     0.0403    -0.0177     3.1844     1.8327     0.0000 -125.18936   46.12720     100.00          4  0.000e+00
