WCOA/WCOA-6/CTD_Data/RB2102_CTD_114_01.ros
* Sea-Bird SBE 9 Data File:
* FileName = C:\Users\scs.user.rb\CTD\RB2102\Data\RB2102_CTD_114_01.hex
* Software Version Seasave V 7.26.7.107
* Temperature SN = 6202
* Conductivity SN = 4907
* Number of Bytes Per Scan = 41
* Number of Voltage Words = 4
* Number of Scans Averaged by the Deck Unit = 1
* NMEA Latitude = 34 26.88 N
* NMEA Longitude = 120 31.41 W
* NMEA UTC (Time) = Jul 18 2021  11:01:11
* NMEA baud rate = 4800
# nquan = 30
# nvalues = 927                                   
# units = specified
# name 0 = scan: Scan Count
# name 1 = timeS: Time, Elapsed [seconds]
# name 2 = depSM: Depth [salt water, m]
# name 3 = prDM: Pressure, Digiquartz [db]
# name 4 = t090C: Temperature [ITS-90, deg C]
# name 5 = t190C: Temperature, 2 [ITS-90, deg C]
# name 6 = c0mS/cm: Conductivity [mS/cm]
# name 7 = c1mS/cm: Conductivity, 2 [mS/cm]
# name 8 = potemp090C: Potential Temperature [ITS-90, deg C]
# name 9 = potemp190C: Potential Temperature, 2 [ITS-90, deg C]
# name 10 = sal00: Salinity, Practical [PSU]
# name 11 = sal11: Salinity, Practical, 2 [PSU]
# name 12 = sigma-é00: Density [sigma-theta, kg/m^3]
# name 13 = sigma-é11: Density, 2 [sigma-theta, kg/m^3]
# name 14 = sbeox0Mg/L: Oxygen, SBE 43 [mg/l]
# name 15 = sbeox1Mg/L: Oxygen, SBE 43, 2 [mg/l]
# name 16 = sbox0Mm/Kg: Oxygen, SBE 43 [umol/kg]
# name 17 = sbox1Mm/Kg: Oxygen, SBE 43, 2 [umol/kg]
# name 18 = sbeox0V: Oxygen raw, SBE 43 [V]
# name 19 = sbeox1V: Oxygen raw, SBE 43, 2 [V]
# name 20 = v4: Voltage 4
# name 21 = flECO-AFL: Fluorescence, WET Labs ECO-AFL/FL [mg/m^3]
# name 22 = v3: Voltage 3
# name 23 = v6: Voltage 6
# name 24 = v7: Voltage 7
# name 25 = longitude: Longitude [deg]
# name 26 = latitude: Latitude [deg]
# name 27 = altM: Altimeter [m]
# name 28 = nbf: Bottles Fired
# name 29 = flag:  0.000e+00
# interval = seconds: 0.0416667
# start_time = Jul 18 2021 11:01:11 [NMEA time, header]
# bad_flag = -9.990e-29
*END*
[from data line 581]
      37478   1561.542     10.351     10.426    13.9888    13.9896  40.396254  40.398234    13.9873    13.9881    33.5719    33.5730    25.0862    25.0869     7.5440     7.1786    229.985    218.843     2.3736     2.1587     0.1380     2.4243     3.2747     0.0501     0.0000 -120.52376   34.44786      67.18         12  0.000e+00
      37479   1561.583     10.404     10.479    13.9885    13.9908  40.396254  40.399765    13.9870    13.9893    33.5721    33.5734    25.0865    25.0870     7.5441     7.1784    229.987    218.839     2.3736     2.1587     0.1380     2.4243     3.2747     0.0513     0.0000 -120.52376   34.44786      67.20         12  0.000e+00
      37480   1561.625     10.351     10.426    13.9884    13.9923  40.395988  40.401162    13.9869    13.9908    33.5720    33.5734    25.0863    25.0866     7.5441     7.1781    229.986    218.830     2.3736     2.1587     0.1380     2.4243     3.2747     0.0549     0.0134 -120.52376   34.44786      67.18         12  0.000e+00
      37510   1562.875     10.497     10.573    13.9941    13.9788  40.401580  40.388389    13.9926    13.9773    33.5721    33.5732    25.0853    25.0893     7.5384     7.1804    229.814    218.898     2.3724     2.1587     0.1380     2.4243     3.2723     0.0391     0.0000 -120.52376   34.44786      67.20         13  0.000e+00
      37511   1562.917     10.411     10.486    13.9948    13.9787  40.402112  40.388389    13.9933    13.9772    33.5721    33.5734    25.0851    25.0895     7.5382     7.1803    229.809    218.896     2.3724     2.1587     0.1368     2.3938     3.2735     0.0403     0.0000 -120.52376   34.44786      67.20         13  0.000e+00
      37512   1562.958     10.450     10.526    13.9953    13.9788  40.402445  40.388056    13.9939    13.9773    33.5719    33.5730    25.0848    25.0891     7.5382     7.1803    229.808    218.897     2.3724     2.1587     0.1368     2.3938     3.2735     0.0476     0.0000 -120.52376   34.44786      67.20         13  0.000e+00
      37513   1563.000     10.497     10.573    13.9954    13.9785  40.402579  40.387391    13.9939    13.9770    33.5719    33.5726    25.0848    25.0889     7.5382     7.1805    229.809    218.900     2.3724     2.1587     0.1368     2.3938     3.2735     0.0513     0.0269 -120.52376   34.44786      67.20         13  0.000e+00
      37514   1563.042     10.497     10.573    13.9959    13.9781  40.402778  40.386726    13.9944    13.9767    33.5717    33.5723    25.0846    25.0887     7.5382     7.1805    229.807    218.902     2.3724     2.1587     0.1368     2.3938     3.2735     0.0501     0.0379 -120.52376   34.44786      67.20         13  0.000e+00
      37515   1563.083     10.464     10.540    13.9962    13.9776  40.402911  40.386194    13.9948    13.9761    33.5715    33.5723    25.0844    25.0888     7.5332     7.1806    229.656    218.904     2.3712     2.1587     0.1368     2.3938     3.2723     0.0476     0.0256 -120.52376   34.44786      67.20         13  0.000e+00
      37516   1563.125     10.450     10.526    13.9964    13.9773  40.397252  40.385927    13.9949    13.9758    33.5661    33.5723    25.0802    25.0889     7.5334     7.1806    229.663    218.905     2.3712     2.1587     0.1368     2.3938     3.2747     0.0464     0.0171 -120.52376   34.44786      67.20         13  0.000e+00
      37517   1563.167     10.450     10.526    13.9962    13.9768  40.398916  40.386061    13.9947    13.9753    33.5679    33.5729    25.0816    25.0895     7.5383     7.1807    229.810    218.907     2.3724     2.1587     0.1368     2.3938     3.2723     0.0415     0.0000 -120.52376   34.44786      67.20         13  0.000e+00
      37518   1563.208     10.550     10.626    13.9956    13.9770  40.401114  40.386194    13.9941    13.9755    33.5704    33.5728    25.0836    25.0894     7.5335     7.1807    229.663    218.909     2.3712     2.1587     0.1368     2.3938     3.2735     0.0403     0.0000 -120.52376   34.44786      67.20         13  0.000e+00
      37519   1563.250     10.411     10.486    13.9948    13.9778  40.400448  40.387990    13.9933    13.9763    33.5705    33.5738    25.0839    25.0900     7.5334     7.1804    229.662    218.899     2.3712     2.1587     0.1368     2.3938     3.2735     0.0440     0.0000 -120.52376   34.44786      67.20         13  0.000e+00
      37520   1563.292     10.497     10.573    13.9934    13.9788  40.399849  40.388921    13.9919    13.9773    33.5711    33.5737    25.0847    25.0897     7.5337     7.1804    229.670    218.897     2.3712     2.1587     0.1368     2.3938     3.2747     0.0501     0.0000 -120.52376   34.44786      67.23         13  0.000e+00
      37521   1563.333     10.497     10.573    13.9925    13.9801  40.399450  40.389853    13.9910    13.9786    33.5716    33.5735    25.0852    25.0892     7.5338     7.1802    229.674    218.891     2.3712     2.1587     0.1368     2.3938     3.2747     0.0501     0.0281 -120.52376   34.44786      67.25         13  0.000e+00
      37522   1563.375     10.464     10.540    13.9918    13.9815  40.399383  40.391516    13.9903    13.9800    33.5721    33.5738    25.0858    25.0892     7.5339     7.1799    229.676    218.883     2.3712     2.1587     0.1368     2.3938     3.2735     0.0476     0.0220 -120.52376   34.44786      67.28         13  0.000e+00
      37523   1563.417     10.550     10.626    13.9920    13.9834  40.398318  40.393246    13.9905    13.9819    33.5709    33.5737    25.0848    25.0888     7.5340     7.1797    229.679    218.877     2.3712     2.1587     0.1368     2.3938     3.2723     0.0427     0.0000 -120.52376   34.44786      67.28         13  0.000e+00
      37524   1563.458     10.450     10.526    13.9913    13.9847  40.397452  40.394044    13.9898    13.9832    33.5708    33.5734    25.0849    25.0882     7.5340     7.1794    229.680    218.869     2.3712     2.1587     0.1368     2.3938     3.2723     0.0415     0.0000 -120.52376   34.44786      67.28         13  0.000e+00
      37525   1563.500     10.450     10.526    13.9906    13.9858  40.397319  40.394576    13.9891    13.9843    33.5712    33.5729    25.0853    25.0877     7.5390     7.1793    229.831    218.864     2.3724     2.1587     0.1368     2.3938     3.2674     0.0427     0.0000 -120.52376   34.44786      67.28         13  0.000e+00
      37526   1563.542     10.510     10.586    13.9903    13.9861  40.396721  40.394044    13.9888    13.9846    33.5710    33.5722    25.0852    25.0870     7.5391     7.1793    229.835    218.866     2.3724     2.1587     0.1380     2.4243     3.2698     0.0452     0.0000 -120.52376   34.44786      67.25         13  0.000e+00
      37527   1563.583     10.497     10.573    13.9899    13.9861  40.395922  40.393910    13.9884    13.9846    33.5705    33.5720    25.0849    25.0869     7.5392     7.1793    229.837    218.866     2.3724     2.1587     0.1380     2.4243     3.2698     0.0452     0.0000 -120.52376   34.44786      67.25         13  0.000e+00
      37528   1563.625     10.497     10.573    13.9889    13.9858  40.395589  40.394110    13.9874    13.9843    33.5711    33.5725    25.0856    25.0873     7.5393     7.1793    229.841    218.866     2.3724     2.1587     0.1380     2.4243     3.2698     0.0464     0.0000 -120.52376   34.44786      67.25         13  0.000e+00
      37529   1563.667     10.497     10.573    13.9882    13.9854  40.394990  40.393445    13.9867    13.9839    33.5711    33.5722    25.0857    25.0871     7.5345     7.1794    229.695    218.868     2.3712     2.1587     0.1368     2.3938     3.2723     0.0476     0.0000 -120.52376   34.44786      67.25         13  0.000e+00
      37530   1563.708     10.464     10.540    13.9878    13.9842  40.394590  40.392646    13.9863    13.9827    33.5712    33.5725    25.0859    25.0877     7.5346     7.1742    229.696    218.711     2.3712     2.1575     0.1380     2.4243     3.2711     0.0476     0.0000 -120.52376   34.44786      67.25         13  0.000e+00
      37531   1563.750     10.550     10.626    13.9874    13.9835  40.394258  40.391981    13.9859    13.9820    33.5711    33.5724    25.0859    25.0877     7.5347     7.1797    229.700    218.878     2.3712     2.1587     0.1368     2.3938     3.2723     0.0476     0.0000 -120.52376   34.44786      67.25         13  0.000e+00
      37532   1563.792     10.450     10.526    13.9868    13.9835  40.393592  40.392513    13.9853    13.9820    33.5711    33.5730    25.0860    25.0881     7.5396     7.1796    229.849    218.875     2.3724     2.1587     0.1380     2.4243     3.2735     0.0488     0.0000 -120.52376   34.44786      67.28         13  0.000e+00
      37533   1563.833     10.510     10.586    13.9862    13.9837  40.392860  40.392846    13.9847    13.9822    33.5709    33.5731    25.0860    25.0882     7.5349     7.1796    229.705    218.875     2.3712     2.1587     0.1368     2.3938     3.2698     0.0488     0.0000 -120.52376   34.44786      67.28         13  0.000e+00
      37534   1563.875     10.497     10.573    13.9859    13.9832  40.393259  40.392381    13.9844    13.9817    33.5716    33.5731    25.0866    25.0883     7.5349     7.1797    229.705    218.877     2.3712     2.1587     0.1380     2.4243     3.2723     0.0488     0.0000 -120.52376   34.44786      67.28         13  0.000e+00
      37535   1563.917     10.450     10.526    13.9857    13.9817  40.393192  40.390251    13.9843    13.9802    33.5717    33.5725    25.0867    25.0881     7.5348     7.1746    229.705    218.723     2.3712     2.1575     0.1368     2.3938     3.2711     0.0488     0.0000 -120.52376   34.44786      67.28         13  0.000e+00
      37536   1563.958     10.550     10.626    13.9854    13.9805  40.392793  40.389187    13.9839    13.9790    33.5715    33.5725    25.0867    25.0884     7.5350     7.1802    229.709    218.892     2.3712     2.1587     0.1355     2.3633     3.2674     0.0501     0.0000 -120.52376   34.44786      67.28         13  0.000e+00
      37537   1564.000     10.464     10.540    13.9856    13.9799  40.392860  40.388921    13.9841    13.9784    33.5715    33.5728    25.0866    25.0888     7.5349     7.1802    229.706    218.893     2.3712     2.1587     0.1343     2.3328     3.2723     0.0501     0.0000 -120.52376   34.44786      67.28         13  0.000e+00
      37538   1564.042     10.497     10.573    13.9857    13.9793  40.393059  40.388522    13.9843    13.9778    33.5715    33.5729    25.0866    25.0890     7.5349     7.1750    229.706    218.734     2.3712     2.1575     0.1343     2.3328     3.2698     0.0501     0.0000 -120.52376   34.44786      67.30         13  0.000e+00
      37539   1564.083     10.497     10.573    13.9857    13.9798  40.393592  40.388988    13.9843    13.9783    33.5720    33.5729    25.0869    25.0889     7.5349     7.1802    229.705    218.894     2.3712     2.1587     0.1343     2.3328     3.2711     0.0501     0.0000 -120.52376   34.44786      67.30         13  0.000e+00
      37540   1564.125     10.497     10.573    13.9856    13.9803  40.393526  40.388855    13.9841    13.9788    33.5721    33.5723    25.0870    25.0883     7.5349     7.1802    229.706    218.892     2.3712     2.1587     0.1343     2.3328     3.2735     0.0513     0.0000 -120.52376   34.44786      67.33         13  0.000e+00
      37541   1564.167     10.464     10.540    13.9857    13.9800  40.393459  40.388855    13.9843    13.9785    33.5719    33.5727    25.0869    25.0886     7.5348     7.1802    229.705    218.892     2.3712     2.1587     0.1355     2.3633     3.2723     0.0513     0.0000 -120.52376   34.44786      67.33         13  0.000e+00
      37542   1564.208     10.497     10.573    13.9854    13.9799  40.393992  40.388522    13.9839    13.9784    33.5727    33.5725    25.0875    25.0885     7.5349     7.1750    229.706    218.733     2.3712     2.1575     0.1343     2.3328     3.2735     0.0513     0.0000 -120.52376   34.44786      67.33         13  0.000e+00
      37543   1564.250     10.497     10.573    13.9857    13.9793  40.394391  40.388389    13.9843    13.9778    33.5728    33.5728    25.0875    25.0889     7.5348     7.1750    229.704    218.735     2.3712     2.1575     0.1343     2.3328     3.2735     0.0513     0.0000 -120.52376   34.44786      67.30         13  0.000e+00
      37544   1564.292     10.497     10.573    13.9861    13.9795  40.394724  40.388522    13.9846    13.9780    33.5728    33.5728    25.0874    25.0888     7.5348     7.1750    229.703    218.734     2.3712     2.1575     0.1343     2.3328     3.2735     0.0513     0.0000 -120.52376   34.44786      67.30         13  0.000e+00
      37545   1564.333     10.510     10.586    13.9864    13.9792  40.395057  40.388389    13.9849    13.9777    33.5728    33.5729    25.0874    25.0890     7.5347     7.1803    229.701    218.897     2.3712     2.1587     0.1343     2.3328     3.2735     0.0513     0.0000 -120.52376   34.44786      67.33         13  0.000e+00
      37546   1564.375     10.497     10.573    13.9866    13.9797  40.395323  40.388788    13.9851    13.9782    33.5729    33.5729    25.0874    25.0889     7.5347     7.1803    229.700    218.894     2.3712     2.1587     0.1343     2.3328     3.2735     0.0525     0.0000 -120.52376   34.44786      67.33         13  0.000e+00
      37547   1564.417     10.497     10.573    13.9867    13.9799  40.395523  40.389320    13.9852    13.9784    33.5729    33.5731    25.0875    25.0890     7.5347     7.1749    229.699    218.731     2.3712     2.1575     0.1343     2.3328     3.2735     0.0525     0.0000 -120.52376   34.44786      67.33         13  0.000e+00
      37548   1564.458     10.464     10.540    13.9873    13.9800  40.396055  40.389054    13.9858    13.9785    33.5730    33.5728    25.0874    25.0888     7.5346     7.1749    229.696    218.731     2.3712     2.1575     0.1343     2.3328     3.2735     0.0513     0.0000 -120.52376   34.44786      67.33         13  0.000e+00
      37549   1564.500     10.497     10.573    13.9874    13.9803  40.395456  40.389786    13.9859    13.9788    33.5723    33.5732    25.0868    25.0890     7.5346     7.1748    229.697    218.729     2.3712     2.1575     0.1343     2.3328     3.2735     0.0525     0.0000 -120.52376   34.44786      67.33         13  0.000e+00
      37550   1564.542     10.497     10.573    13.9873    13.9820  40.394657  40.390784    13.9858    13.9805    33.5717    33.5726    25.0864    25.0882     7.5346     7.1799    229.699    218.884     2.3712     2.1587     0.1343     2.3328     3.2735     0.0525     0.0000 -120.52376   34.44786      67.40         13  0.000e+00
      37551   1564.583     10.451     10.526    13.9869    13.9830  40.393925  40.390850    13.9854    13.9816    33.5713    33.5718    25.0862    25.0874     7.5347     7.1797    229.700    218.879     2.3712     2.1587     0.1343     2.3328     3.2735     0.0562     0.0000 -120.52376   34.44786      67.47         13  0.000e+00
      37552   1564.625     10.510     10.586    13.9867    13.9829  40.393259  40.390052    13.9852    13.9814    33.5708    33.5712    25.0858    25.0869     7.5348     7.1798    229.703    218.882     2.3712     2.1587     0.1343     2.3328     3.2723     0.0574     0.0488 -120.52376   34.44786      67.50         13  0.000e+00
      37553   1564.667     10.497     10.573    13.9866    13.9823  40.393592  40.389919    13.9851    13.9808    33.5713    33.5716    25.0862    25.0873     7.5348     7.1799    229.702    218.884     2.3712     2.1587     0.1343     2.3328     3.2723     0.0549     0.0586 -120.52376   34.44786      67.47         13  0.000e+00
