WCOA/WCOA-6/CTD_Data/RB2102_CTD_003_01.ros
* Sea-Bird SBE 9 Data File:
* FileName = C:\Users\scs.user.rb\CTD\RB2102\Data\RB2102_CTD_003_01.hex
* Software Version Seasave V 7.26.7.107
* Temperature SN = 6202
* Conductivity SN = 4907
* Number of Bytes Per Scan = 41
* Number of Voltage Words = 4
* Number of Scans Averaged by the Deck Unit = 1
* NMEA Latitude = 51 49.79 N
* NMEA Longitude = 130 22.48 W
* NMEA UTC (Time) = Jun 25 2021  16:51:02
* NMEA baud rate = 4800
# nquan = 30
# nvalues = 784                                   
# units = specified
# name 0 = scan: Scan Count
# name 1 = timeS: Time, Elapsed [seconds]
# name 2 = depSM: Depth [salt water, m]
# name 3 = prDM: Pressure, Digiquartz [db]
# name 4 = t090C: Temperature [ITS-90, deg C]
# name 5 = t190C: Temperature, 2 [ITS-90, deg C]
# name 6 = c0mS/cm: Conductivity [mS/cm]
# name 7 = c1mS/cm: Conductivity, 2 [mS/cm]
# name 8 = potemp090C: Potential Temperature [ITS-90, deg C]
# name 9 = potemp190C: Potential Temperature, 2 [ITS-90, deg C]
# name 10 = sal00: Salinity, Practical [PSU]
# name 11 = sal11: Salinity, Practical, 2 [PSU]
# name 12 = sigma-é00: Density [sigma-theta, kg/m^3]
# name 13 = sigma-é11: Density, 2 [sigma-theta, kg/m^3]
# name 14 = sbeox0Mg/L: Oxygen, SBE 43 [mg/l]
# name 15 = sbeox1Mg/L: Oxygen, SBE 43, 2 [mg/l]
# name 16 = sbox0Mm/Kg: Oxygen, SBE 43 [umol/kg]
# name 17 = sbox1Mm/Kg: Oxygen, SBE 43, 2 [umol/kg]
# name 18 = sbeox0V: Oxygen raw, SBE 43 [V]
# name 19 = sbeox1V: Oxygen raw, SBE 43, 2 [V]
# name 20 = v4: Voltage 4
# name 21 = flECO-AFL: Fluorescence, WET Labs ECO-AFL/FL [mg/m^3]
# name 22 = v3: Voltage 3
# name 23 = v6: Voltage 6
# name 24 = v7: Voltage 7
# name 25 = longitude: Longitude [deg]
# name 26 = latitude: Latitude [deg]
# name 27 = altM: Altimeter [m]
# name 28 = nbf: Bottles Fired
# name 29 = flag:  0.000e+00
# interval = seconds: 0.0416667
# start_time = Jun 25 2021 16:51:02 [NMEA time, header]
# bad_flag = -9.990e-29
*END*
[from data line 339]
      42690   1778.708     80.433     81.158     6.8850     6.8858  33.407752  33.408122     6.8778     6.8786    33.0098    33.0094    25.8676    25.8672     5.8658     5.7655    178.687    175.632     1.7204     1.6142     0.0415     0.0129     3.2442     1.4530     2.2991 -130.37276   51.82998      64.88          7  0.000e+00
      42691   1778.750     80.394     81.118     6.8852     6.8855  33.407876  33.407999     6.8780     6.8783    33.0097    33.0096    25.8675    25.8674     5.8716     5.7655    178.862    175.632     1.7216     1.6142     0.0415     0.0129     3.2442     1.4530     2.2991 -130.37276   51.82998      64.88          7  0.000e+00
      42692   1778.792     80.440     81.165     6.8850     6.8855  33.408185  33.407752     6.8778     6.8783    33.0102    33.0093    25.8679    25.8671     5.8658     5.7656    178.686    175.633     1.7204     1.6142     0.0415     0.0129     3.2442     1.4530     2.2991 -130.37276   51.82998      64.88          7  0.000e+00
      42693   1778.833     80.394     81.118     6.8849     6.8855  33.407814  33.407875     6.8776     6.8783    33.0100    33.0095    25.8678    25.8673     5.8658     5.7655    178.686    175.632     1.7204     1.6142     0.0415     0.0129     3.2454     1.4530     2.2991 -130.37276   51.82998      64.91          7  0.000e+00
      46184   1924.292     60.225     60.765     7.1679     7.1719  33.387093  33.387972     7.1624     7.1664    32.7270    32.7242    25.6067    25.6039     6.2874     6.1659    191.579    187.878     1.8193     1.7009     0.0415     0.0129     3.2454     1.4139     2.3260 -130.37250   51.83000      64.91          8  0.000e+00
      46185   1924.333     60.252     60.792     7.1666     7.1716  33.387093  33.388034     7.1611     7.1661    32.7282    32.7246    25.6078    25.6042     6.2876     6.1660    191.584    187.880     1.8193     1.7009     0.0415     0.0129     3.2442     1.4139     2.3260 -130.37250   51.83000      64.88          8  0.000e+00
      46186   1924.375     60.278     60.819     7.1661     7.1712  33.387094  33.387664     7.1606     7.1657    32.7287    32.7245    25.6082    25.6042     6.2877     6.1661    191.587    187.882     1.8193     1.7009     0.0415     0.0129     3.2454     1.4139     2.3260 -130.37250   51.83000      64.91          8  0.000e+00
      46187   1924.417     60.206     60.745     7.1664     7.1707  33.387093  33.387232     7.1609     7.1652    32.7284    32.7245    25.6080    25.6043     6.2876     6.1661    191.584    187.883     1.8193     1.7009     0.0415     0.0129     3.2454     1.4139     2.3260 -130.37250   51.83000      64.91          8  0.000e+00
      46188   1924.458     60.398     60.939     7.1668     7.1689  33.387526  33.386862     7.1613     7.1634    32.7285    32.7257    25.6080    25.6055     6.2877     6.1665    191.587    187.894     1.8193     1.7009     0.0427     0.0434     3.2442     1.4139     2.3248 -130.37250   51.83000      64.88          8  0.000e+00
      46189   1924.500     60.278     60.819     7.1657     7.1641  33.387464  33.387356     7.1602     7.1586    32.7295    32.7309    25.6089    25.6102     6.2877     6.1732    191.588    188.099     1.8193     1.7021     0.0415     0.0129     3.2442     1.4139     2.2821 -130.37250   51.83000      64.88          8  0.000e+00
      46190   1924.542     60.351     60.892     7.1626     7.1591  33.387403  33.388344     7.1571     7.1536    32.7323    32.7366    25.6116    25.6154     6.2881     6.1738    191.600    188.116     1.8193     1.7021     0.0427     0.0434     3.2442     1.4139     2.2564 -130.37250   51.83000      64.88          8  0.000e+00
      46191   1924.583     60.371     60.912     7.1583     7.1556  33.387589  33.388159     7.1528     7.1501    32.7366    32.7398    25.6155    25.6184     6.2886     6.1680    191.614    187.937     1.8193     1.7009     0.0427     0.0434     3.2454     1.4139     2.2527 -130.37250   51.83000      64.91          8  0.000e+00
      46192   1924.625     60.398     60.939     7.1558     7.1528  33.387898  33.388345     7.1503     7.1473    32.7392    32.7426    25.6179    25.6210     6.2889     6.1746    191.623    188.139     1.8193     1.7021     0.0427     0.0434     3.2442     1.4139     2.2552 -130.37250   51.83000      64.88          8  0.000e+00
      46193   1924.667     60.371     60.912     7.1558     7.1508  33.387774  33.388345     7.1503     7.1452    32.7391    32.7446    25.6178    25.6228     6.2889     6.1685    191.622    187.954     1.8193     1.7009     0.0427     0.0434     3.2454     1.4139     2.2564 -130.37250   51.83000      64.91          8  0.000e+00
      46194   1924.708     60.444     60.986     7.1567     7.1504  33.387713  33.388345     7.1511     7.1449    32.7383    32.7449    25.6170    25.6231     6.2889     6.1749    191.622    188.148     1.8193     1.7021     0.0415     0.0129     3.2442     1.4139     2.2564 -130.37250   51.83000      64.88          8  0.000e+00
      46195   1924.750     60.424     60.966     7.1576     7.1510  33.387218  33.387975     7.1521     7.1455    32.7368    32.7439    25.6158    25.6222     6.2888     6.1749    191.619    188.146     1.8193     1.7021     0.0427     0.0434     3.2454     1.4139     2.2552 -130.37250   51.83000      64.91          8  0.000e+00
      46196   1924.792     60.444     60.986     7.1584     7.1522  33.387527  33.387728     7.1529     7.1467    32.7364    32.7425    25.6153    25.6210     6.2887     6.1747    191.616    188.143     1.8193     1.7021     0.0427     0.0434     3.2454     1.4151     2.2564 -130.37250   51.83000      64.91          8  0.000e+00
      46197   1924.833     60.471     61.013     7.1583     7.1527  33.387465  33.387481     7.1528     7.1472    32.7364    32.7417    25.6154    25.6203     6.2945     6.1684    191.793    187.951     1.8205     1.7009     0.0427     0.0434     3.2454     1.4139     2.2552 -130.37250   51.83000      64.91          8  0.000e+00
      46198   1924.875     60.497     61.039     7.1576     7.1519  33.387836  33.387975     7.1521     7.1463    32.7375    32.7431    25.6163    25.6215     6.2888     6.1748    191.619    188.145     1.8193     1.7021     0.0427     0.0434     3.2442     1.4151     2.2564 -130.37250   51.83000      64.88          8  0.000e+00
      46199   1924.917     60.543     61.086     7.1563     7.1508  33.387775  33.388037     7.1508     7.1452    32.7386    32.7442    25.6174    25.6225     6.2890     6.1750    191.625    188.150     1.8193     1.7021     0.0427     0.0434     3.2442     1.4151     2.2564 -130.37250   51.83000      64.88          8  0.000e+00
      46200   1924.958     60.524     61.066     7.1550     7.1496  33.387466  33.388037     7.1495     7.1441    32.7395    32.7453    25.6182    25.6235     6.2891     6.1751    191.629    188.154     1.8193     1.7021     0.0415     0.0129     3.2442     1.4151     2.2564 -130.37250   51.83000      64.88          8  0.000e+00
      46201   1925.000     60.543     61.086     7.1533     7.1489  33.387590  33.387667     7.1477     7.1434    32.7413    32.7455    25.6199    25.6238     6.2894     6.1752    191.636    188.157     1.8193     1.7021     0.0427     0.0434     3.2442     1.4139     2.2564 -130.37250   51.83000      64.88          8  0.000e+00
      46202   1925.042     60.524     61.066     7.1510     7.1481  33.387899  33.387914     7.1455     7.1426    32.7438    32.7465    25.6221    25.6247     6.2896     6.1753    191.642    188.159     1.8193     1.7021     0.0427     0.0434     3.2442     1.4151     2.2564 -130.37250   51.83000      64.88          8  0.000e+00
      46203   1925.083     60.543     61.086     7.1491     7.1478  33.387775  33.388037     7.1436     7.1423    32.7454    32.7470    25.6237    25.6251     6.2898     6.1753    191.649    188.160     1.8193     1.7021     0.0427     0.0434     3.2442     1.4151     2.2564 -130.37250   51.83000      64.88          8  0.000e+00
      46204   1925.125     60.616     61.160     7.1480     7.1491  33.387714  33.387914     7.1424     7.1436    32.7464    32.7455    25.6246    25.6238     6.2900     6.1690    191.655    187.966     1.8193     1.7009     0.0427     0.0434     3.2442     1.4151     2.2552 -130.37250   51.83000      64.88          8  0.000e+00
      46205   1925.167     60.596     61.140     7.1480     7.1502  33.387467  33.387544     7.1424     7.1447    32.7461    32.7441    25.6244    25.6225     6.2900     6.1751    191.655    188.154     1.8193     1.7021     0.0427     0.0434     3.2442     1.4139     2.2564 -130.37250   51.83000      64.88          8  0.000e+00
      46206   1925.208     60.570     61.113     7.1480     7.1496  33.387590  33.387605     7.1424     7.1441    32.7463    32.7448    25.6246    25.6231     6.2900     6.1752    191.654    188.156     1.8193     1.7021     0.0427     0.0434     3.2454     1.4151     2.2564 -130.37250   51.83000      64.91          8  0.000e+00
      46207   1925.250     60.596     61.140     7.1476     7.1483  33.387899  33.387852     7.1421     7.1428    32.7469    32.7463    25.6251    25.6245     6.2900     6.1753    191.655    188.160     1.8193     1.7021     0.0427     0.0434     3.2442     1.4139     2.2564 -130.37250   51.83000      64.88          8  0.000e+00
      46208   1925.292     60.616     61.160     7.1467     7.1491  33.387776  33.387729     7.1412     7.1436    32.7477    32.7453    25.6258    25.6237     6.2844     6.1753    191.483    188.158     1.8181     1.7021     0.0427     0.0434     3.2454     1.4151     2.2564 -130.37250   51.83000      64.91          8  0.000e+00
      46209   1925.333     60.597     61.140     7.1451     7.1508  33.387467  33.387729     7.1395     7.1452    32.7489    32.7438    25.6270    25.6222     6.2904     6.1750    191.664    188.152     1.8193     1.7021     0.0427     0.0434     3.2442     1.4151     2.2564 -130.37250   51.83000      64.88          8  0.000e+00
      46210   1925.375     60.669     61.213     7.1440     7.1517  33.387406  33.387359     7.1384     7.1461    32.7499    32.7425    25.6279    25.6211     6.2905     6.1750    191.670    188.151     1.8193     1.7021     0.0427     0.0434     3.2454     1.4151     2.2564 -130.37250   51.83000      64.91          8  0.000e+00
      46211   1925.417     60.597     61.140     7.1430     7.1514  33.387591  33.387605     7.1375     7.1459    32.7510    32.7431    25.6289    25.6216     6.2848     6.1750    191.495    188.150     1.8181     1.7021     0.0415     0.0129     3.2442     1.4139     2.2564 -130.37250   51.83000      64.88          8  0.000e+00
      46212   1925.458     60.643     61.186     7.1425     7.1509  33.387715  33.387482     7.1370     7.1454    32.7516    32.7434    25.6295    25.6219     6.2849     6.1688    191.498    187.961     1.8181     1.7009     0.0415     0.0129     3.2454     1.4151     2.2552 -130.37250   51.83000      64.91          8  0.000e+00
      46213   1925.500     60.616     61.160     7.1428     7.1501  33.387715  33.387544     7.1373     7.1445    32.7513    32.7442    25.6292    25.6226     6.2848     6.1752    191.496    188.155     1.8181     1.7021     0.0415     0.0129     3.2454     1.4151     2.2381 -130.37250   51.83000      64.91          8  0.000e+00
      46214   1925.542     60.643     61.187     7.1428     7.1491  33.387715  33.387667     7.1373     7.1436    32.7513    32.7453    25.6292    25.6236     6.2849     6.1753    191.497    188.159     1.8181     1.7021     0.0427     0.0434     3.2442     1.4151     2.2271 -130.37250   51.83000      64.88          8  0.000e+00
      46215   1925.583     60.616     61.160     7.1431     7.1485  33.387468  33.387482     7.1376     7.1430    32.7507    32.7457    25.6287    25.6240     6.2848     6.1753    191.496    188.161     1.8181     1.7021     0.0415     0.0129     3.2454     1.4151     2.2259 -130.37250   51.83000      64.91          8  0.000e+00
      46216   1925.625     60.689     61.233     7.1431     7.1481  33.387591  33.387544     7.1375     7.1426    32.7509    32.7460    25.6289    25.6243     6.2849     6.1754    191.498    188.164     1.8181     1.7021     0.0427     0.0434     3.2442     1.4139     2.2271 -130.37250   51.83000      64.88          8  0.000e+00
      46217   1925.667     60.617     61.160     7.1435     7.1494  33.387468  33.387420     7.1380     7.1439    32.7504    32.7447    25.6284    25.6231     6.2848     6.1752    191.495    188.158     1.8181     1.7021     0.0415     0.0129     3.2454     1.4151     2.2271 -130.37250   51.83000      64.91          8  0.000e+00
      46218   1925.708     60.597     61.140     7.1433     7.1508  33.387406  33.387420     7.1378     7.1452    32.7505    32.7435    25.6285    25.6219     6.2848     6.1688    191.495    187.961     1.8181     1.7009     0.0415     0.0129     3.2454     1.4151     2.2271 -130.37250   51.83000      64.91          8  0.000e+00
      46219   1925.750     60.617     61.160     7.1435     7.1514  33.387159  33.387297     7.1380     7.1459    32.7501    32.7427    25.6281    25.6213     6.2848     6.1750    191.495    188.151     1.8181     1.7021     0.0415     0.0129     3.2454     1.4151     2.2271 -130.37250   51.83000      64.91          8  0.000e+00
      46220   1925.792     60.643     61.187     7.1444     7.1519  33.387097  33.387605     7.1389     7.1463    32.7491    32.7426    25.6272    25.6211     6.2847     6.1687    191.493    187.958     1.8181     1.7009     0.0427     0.0434     3.2454     1.4151     2.2271 -130.37250   51.83000      64.91          8  0.000e+00
      46221   1925.833     60.617     61.160     7.1451     7.1520  33.387097  33.387729     7.1395     7.1465    32.7485    32.7426    25.6267    25.6211     6.2789     6.1749    191.314    188.148     1.8168     1.7021     0.0427     0.0434     3.2442     1.4139     2.2271 -130.37250   51.83000      64.88          8  0.000e+00
      46222   1925.875     60.643     61.187     7.1457     7.1525  33.386603  33.387605     7.1402     7.1470    32.7473    32.7420    25.6257    25.6206     6.2788     6.1686    191.313    187.956     1.8168     1.7009     0.0427     0.0434     3.2454     1.4151     2.2271 -130.37250   51.83000      64.91          8  0.000e+00
      46223   1925.917     60.617     61.160     7.1457     7.1537  33.387159  33.387667     7.1402     7.1481    32.7479    32.7410    25.6262    25.6196     6.2845     6.1747    191.488    188.143     1.8181     1.7021     0.0415     0.0129     3.2442     1.4151     2.2271 -130.37250   51.83000      64.88          8  0.000e+00
      46224   1925.958     60.597     61.140     7.1461     7.1537  33.387405  33.387482     7.1405     7.1481    32.7479    32.7408    25.6261    25.6194     6.2845     6.1684    191.486    187.951     1.8181     1.7009     0.0427     0.0434     3.2442     1.4139     2.2271 -130.37250   51.83000      64.88          8  0.000e+00
      46225   1926.000     60.597     61.140     7.1462     7.1530  33.387158  33.387790     7.1407     7.1475    32.7475    32.7417    25.6257    25.6203     6.2845     6.1748    191.485    188.144     1.8181     1.7021     0.0427     0.0434     3.2454     1.4151     2.2271 -130.37250   51.83000      64.91          8  0.000e+00
      46226   1926.042     60.570     61.113     7.1461     7.1512  33.387097  33.387729     7.1405     7.1457    32.7476    32.7434    25.6258    25.6218     6.2845     6.1687    191.485    187.958     1.8181     1.7009     0.0427     0.0434     3.2442     1.4151     2.2271 -130.37250   51.83000      64.88          8  0.000e+00
