WCOA/WCOA-6/CTD_Data/RB2102_CTD_044_01.ros
* Sea-Bird SBE 9 Data File:
* FileName = C:\Users\scs.user.rb\CTD\RB2102\Data\RB2102_CTD_044_01.hex
* Software Version Seasave V 7.26.7.107
* Temperature SN = 6202
* Conductivity SN = 4907
* Number of Bytes Per Scan = 41
* Number of Voltage Words = 4
* Number of Scans Averaged by the Deck Unit = 1
* NMEA Latitude = 45 54.98 N
* NMEA Longitude = 124 05.17 W
* NMEA UTC (Time) = Jul 03 2021  04:26:23
* NMEA baud rate = 4800
# nquan = 30
# nvalues = 1176                                  
# units = specified
# name 0 = scan: Scan Count
# name 1 = timeS: Time, Elapsed [seconds]
# name 2 = depSM: Depth [salt water, m]
# name 3 = prDM: Pressure, Digiquartz [db]
# name 4 = t090C: Temperature [ITS-90, deg C]
# name 5 = t190C: Temperature, 2 [ITS-90, deg C]
# name 6 = c0mS/cm: Conductivity [mS/cm]
# name 7 = c1mS/cm: Conductivity, 2 [mS/cm]
# name 8 = potemp090C: Potential Temperature [ITS-90, deg C]
# name 9 = potemp190C: Potential Temperature, 2 [ITS-90, deg C]
# name 10 = sal00: Salinity, Practical [PSU]
# name 11 = sal11: Salinity, Practical, 2 [PSU]
# name 12 = sigma-é00: Density [sigma-theta, kg/m^3]
# name 13 = sigma-é11: Density, 2 [sigma-theta, kg/m^3]
# name 14 = sbeox0Mg/L: Oxygen, SBE 43 [mg/l]
# name 15 = sbeox1Mg/L: Oxygen, SBE 43, 2 [mg/l]
# name 16 = sbox0Mm/Kg: Oxygen, SBE 43 [umol/kg]
# name 17 = sbox1Mm/Kg: Oxygen, SBE 43, 2 [umol/kg]
# name 18 = sbeox0V: Oxygen raw, SBE 43 [V]
# name 19 = sbeox1V: Oxygen raw, SBE 43, 2 [V]
# name 20 = v4: Voltage 4
# name 21 = flECO-AFL: Fluorescence, WET Labs ECO-AFL/FL [mg/m^3]
# name 22 = v3: Voltage 3
# name 23 = v6: Voltage 6
# name 24 = v7: Voltage 7
# name 25 = longitude: Longitude [deg]
# name 26 = latitude: Latitude [deg]
# name 27 = altM: Altimeter [m]
# name 28 = nbf: Bottles Fired
# name 29 = flag:  0.000e+00
# interval = seconds: 0.0416667
# start_time = Jul 03 2021 04:26:23 [NMEA time, header]
# bad_flag = -9.990e-29
*END*
[from data line 1161]
      40222   1675.875      3.477      3.506    17.0073    17.0073  38.411747  38.411055    17.0067    17.0067    29.4003    29.3997    21.2201    21.2196     9.7455     9.7331    298.222    297.842     3.0147     2.8376     0.1368     2.3938     3.2955     1.1136     0.0000 -124.08768   45.91628      76.41         24  0.000e+00
      40223   1675.917      3.530      3.560    17.0073    17.0073  38.411747  38.411446    17.0067    17.0067    29.4003    29.4000    21.2201    21.2199     9.7455     9.7331    298.224    297.843     3.0147     2.8376     0.1368     2.3938     3.2967     1.1148     0.0000 -124.08768   45.91628      76.46         24  0.000e+00
      40224   1675.958      3.477      3.506    17.0070    17.0074  38.411486  38.411055    17.0064    17.0069    29.4003    29.3996    21.2202    21.2195     9.7455     9.7381    298.224    297.997     3.0147     2.8388     0.1368     2.3938     3.2967     1.1136     0.0000 -124.08768   45.91628      76.51         24  0.000e+00
      40225   1676.000      3.477      3.506    17.0070    17.0068  38.411421  38.410859    17.0064    17.0062    29.4002    29.3999    21.2202    21.2199     9.7408     9.7382    298.080    298.001     3.0134     2.8388     0.1368     2.3938     3.2955     1.1148     0.0000 -124.08768   45.91628      76.53         24  0.000e+00
      40226   1676.042      3.431      3.459    17.0068    17.0069  38.410899  38.411120    17.0062    17.0064    29.3999    29.4000    21.2200    21.2200     9.7408     9.7331    298.080    297.842     3.0134     2.8376     0.1368     2.3938     3.2955     1.1148     0.0000 -124.08768   45.91628      76.51         24  0.000e+00
      40227   1676.083      3.431      3.459    17.0066    17.0068  38.410768  38.410663    17.0061    17.0062    29.3999    29.3997    21.2200    21.2198     9.7408     9.7382    298.081    297.999     3.0134     2.8388     0.1368     2.3938     3.2955     1.1148     0.0000 -124.08768   45.91628      76.53         24  0.000e+00
      40228   1676.125      3.477      3.506    17.0066    17.0068  38.410442  38.410077    17.0061    17.0062    29.3996    29.3992    21.2198    21.2194     9.7362     9.7383    297.939    298.002     3.0122     2.8388     0.1368     2.3938     3.2955     1.1148     0.0000 -124.08768   45.91628      76.51         24  0.000e+00
      40229   1676.167      3.398      3.426    17.0064    17.0066  38.410116  38.409816    17.0059    17.0060    29.3995    29.3992    21.2197    21.2194     9.7362     9.7382    297.937    298.000     3.0122     2.8388     0.1368     2.3938     3.2955     1.1136     0.0000 -124.08768   45.91628      76.61         24  0.000e+00
      40230   1676.208      3.378      3.406    17.0061    17.0063  38.409267  38.409425    17.0055    17.0057    29.3991    29.3991    21.2195    21.2194     9.7362     9.7383    297.939    298.002     3.0122     2.8388     0.1368     2.3938     3.2955     1.1148     0.0000 -124.08768   45.91628      76.68         24  0.000e+00
      40231   1676.250      3.378      3.406    17.0058    17.0062  38.408289  38.409490    17.0052    17.0057    29.3985    29.3992    21.2191    21.2195     9.7316     9.7383    297.798    298.002     3.0110     2.8388     0.1368     2.3938     3.2967     1.1148     0.0000 -124.08768   45.91628      76.73         24  0.000e+00
      40232   1676.292      3.378      3.406    17.0056    17.0061  38.407767  38.408773    17.0051    17.0056    29.3981    29.3986    21.2189    21.2191     9.7364     9.7434    297.944    298.159     3.0122     2.8400     0.1368     2.3938     3.2955     1.1136     0.0000 -124.08768   45.91628      76.70         24  0.000e+00
      40233   1676.333      3.286      3.313    17.0052    17.0061  38.406919  38.408511    17.0047    17.0056    29.3977    29.3984    21.2186    21.2190     9.7317     9.7433    297.800    298.156     3.0110     2.8400     0.1368     2.3938     3.2955     1.1136     0.0000 -124.08768   45.91628      76.70         24  0.000e+00
      40234   1676.375      3.378      3.406    17.0051    17.0057  38.406723  38.408773    17.0045    17.0052    29.3976    29.3989    21.2186    21.2194     9.7318     9.7435    297.804    298.161     3.0110     2.8400     0.1368     2.3938     3.2967     1.1136     0.0000 -124.08768   45.91628      76.70         24  0.000e+00
      40235   1676.417      3.286      3.313    17.0049    17.0058  38.406723  38.409424    17.0044    17.0052    29.3978    29.3995    21.2188    21.2198     9.7317     9.7433    297.801    298.156     3.0110     2.8400     0.1368     2.3938     3.2967     1.1148     0.0000 -124.08768   45.91628      76.56         24  0.000e+00
      40236   1676.458      3.332      3.359    17.0049    17.0059  38.405940  38.409750    17.0044    17.0053    29.3971    29.3996    21.2182    21.2199     9.7318     9.7433    297.804    298.157     3.0110     2.8400     0.1368     2.3938     3.2967     1.1148     0.0000 -124.08768   45.91628      76.34         24  0.000e+00
