WCOA/WCOA-6/CTD_Data/RB2102_CTD_067_01.ros
* Sea-Bird SBE 9 Data File:
* FileName = C:\Users\scs.user.rb\CTD\RB2102\Data\RB2102_CTD_067_01.hex
* Software Version Seasave V 7.26.7.107
* Temperature SN = 6202
* Conductivity SN = 4907
* Number of Bytes Per Scan = 41
* Number of Voltage Words = 4
* Number of Scans Averaged by the Deck Unit = 1
* NMEA Latitude = 41 59.89 N
* NMEA Longitude = 124 17.00 W
* NMEA UTC (Time) = Jul 07 2021  01:36:00
* NMEA baud rate = 4800
# nquan = 30
# nvalues = 441                                   
# units = specified
# name 0 = scan: Scan Count
# name 1 = timeS: Time, Elapsed [seconds]
# name 2 = depSM: Depth [salt water, m]
# name 3 = prDM: Pressure, Digiquartz [db]
# name 4 = t090C: Temperature [ITS-90, deg C]
# name 5 = t190C: Temperature, 2 [ITS-90, deg C]
# name 6 = c0mS/cm: Conductivity [mS/cm]
# name 7 = c1mS/cm: Conductivity, 2 [mS/cm]
# name 8 = potemp090C: Potential Temperature [ITS-90, deg C]
# name 9 = potemp190C: Potential Temperature, 2 [ITS-90, deg C]
# name 10 = sal00: Salinity, Practical [PSU]
# name 11 = sal11: Salinity, Practical, 2 [PSU]
# name 12 = sigma-é00: Density [sigma-theta, kg/m^3]
# name 13 = sigma-é11: Density, 2 [sigma-theta, kg/m^3]
# name 14 = sbeox0Mg/L: Oxygen, SBE 43 [mg/l]
# name 15 = sbeox1Mg/L: Oxygen, SBE 43, 2 [mg/l]
# name 16 = sbox0Mm/Kg: Oxygen, SBE 43 [umol/kg]
# name 17 = sbox1Mm/Kg: Oxygen, SBE 43, 2 [umol/kg]
# name 18 = sbeox0V: Oxygen raw, SBE 43 [V]
# name 19 = sbeox1V: Oxygen raw, SBE 43, 2 [V]
# name 20 = v4: Voltage 4
# name 21 = flECO-AFL: Fluorescence, WET Labs ECO-AFL/FL [mg/m^3]
# name 22 = v3: Voltage 3
# name 23 = v6: Voltage 6
# name 24 = v7: Voltage 7
# name 25 = longitude: Longitude [deg]
# name 26 = latitude: Latitude [deg]
# name 27 = altM: Altimeter [m]
# name 28 = nbf: Bottles Fired
# name 29 = flag:  0.000e+00
# interval = seconds: 0.0416667
# start_time = Jul 07 2021 01:36:00 [NMEA time, header]
# bad_flag = -9.990e-29
*END*
[from data line 194]
      18687    778.583     10.624     10.708    12.8864    12.8988  39.115806  39.121184    12.8849    12.8974    33.3375    33.3316    25.1278    25.1208    11.7611    11.8087    358.531    359.984     3.3565     3.1575     0.5128    11.7955     3.2723     0.0769     0.0379 -124.28340   41.99820      20.17          4  0.000e+00
      18688    778.625     10.565     10.648    12.8864    12.8984  39.116069  39.121906    12.8850    12.8970    33.3377    33.3326    25.1279    25.1217    11.7610    11.8141    358.527    360.147     3.3565     3.1587     0.5128    11.7955     3.2723     0.0769     0.0379 -124.28340   41.99820      20.17          4  0.000e+00
      18773    782.167     10.365     10.448    12.9274    12.8946  39.150111  39.106012    12.9260    12.8932    33.3339    33.3210    25.1170    25.1134    11.6707    11.7559    355.778    358.376     3.3370     3.1453     0.4933    11.3071     3.2711     0.0757     0.0391 -124.28340   41.99818      20.02          5  0.000e+00
      18774    782.208     10.365     10.448    12.9279    12.8948  39.150374  39.104764    12.9265    12.8934    33.3337    33.3197    25.1167    25.1124    11.6706    11.7559    355.775    358.378     3.3370     3.1453     0.4933    11.3071     3.2735     0.0757     0.0391 -124.28340   41.99818      20.02          5  0.000e+00
      18775    782.250     10.319     10.401    12.9288    12.8947  39.149519  39.102794    12.9274    12.8933    33.3322    33.3179    25.1154    25.1110    11.6704    11.7560    355.770    358.380     3.3370     3.1453     0.4896    11.2155     3.2723     0.0757     0.0391 -124.28340   41.99818      20.02          5  0.000e+00
      18776    782.292     10.425     10.508    12.9291    12.8946  39.147942  39.103517    12.9277    12.8932    33.3304    33.3186    25.1139    25.1116    11.6706    11.7561    355.777    358.384     3.3370     3.1453     0.4774    10.9103     3.2735     0.0757     0.0391 -124.28340   41.99818      20.05          5  0.000e+00
      18777    782.333     10.365     10.448    12.9296    12.8948  39.148270  39.102926    12.9282    12.8934    33.3303    33.3179    25.1137    25.1110    11.6754    11.7506    355.923    358.216     3.3382     3.1441     0.4725    10.7882     3.2735     0.0757     0.0391 -124.28340   41.99818      20.02          5  0.000e+00
      18778    782.375     10.365     10.448    12.9300    12.8946  39.147744  39.104173    12.9286    12.8932    33.3295    33.3193    25.1130    25.1121    11.6754    11.7506    355.923    358.214     3.3382     3.1441     0.4725    10.7882     3.2711     0.0757     0.0391 -124.28340   41.99818      20.02          5  0.000e+00
      18779    782.417     10.418     10.501    12.9296    12.8948  39.149322  39.104896    12.9282    12.8934    33.3312    33.3198    25.1145    25.1124    11.6754    11.7505    355.923    358.214     3.3382     3.1441     0.4725    10.7882     3.2735     0.0757     0.0391 -124.28340   41.99818      20.05          5  0.000e+00
      18780    782.458     10.379     10.461    12.9286    12.8948  39.149651  39.105224    12.9272    12.8934    33.3325    33.3201    25.1156    25.1127    11.6755    11.7505    355.926    358.212     3.3382     3.1441     0.4737    10.8187     3.2735     0.0757     0.0391 -124.28340   41.99818      20.05          5  0.000e+00
      18781    782.500     10.365     10.448    12.9269    12.8948  39.148796  39.105027    12.9255    12.8934    33.3331    33.3199    25.1164    25.1125    11.6759    11.7505    355.936    358.211     3.3382     3.1441     0.4737    10.8187     3.2723     0.0757     0.0391 -124.28340   41.99818      20.05          5  0.000e+00
      18782    782.542     10.365     10.448    12.9261    12.8946  39.147547  39.104173    12.9247    12.8932    33.3327    33.3193    25.1162    25.1121    11.6811    11.7506    356.096    358.214     3.3394     3.1441     0.4737    10.8187     3.2711     0.0757     0.0391 -124.28340   41.99818      20.02          5  0.000e+00
      18783    782.583     10.365     10.448    12.9259    12.8948  39.148994  39.104502    12.9245    12.8934    33.3342    33.3193    25.1175    25.1121    11.6810    11.7450    356.094    358.046     3.3394     3.1429     0.4737    10.8187     3.2711     0.0769     0.0391 -124.28340   41.99818      20.05          5  0.000e+00
      18784    782.625     10.379     10.461    12.9263    12.8948  39.150111  39.105356    12.9249    12.8934    33.3349    33.3202    25.1180    25.1128    11.6809    11.7450    356.090    358.046     3.3394     3.1429     0.4737    10.8187     3.2735     0.0757     0.0391 -124.28340   41.99818      20.05          5  0.000e+00
      18785    782.667     10.365     10.448    12.9266    12.8949  39.149256  39.106209    12.9252    12.8935    33.3339    33.3209    25.1171    25.1133    11.6809    11.7449    356.090    358.042     3.3394     3.1429     0.4725    10.7882     3.2735     0.0769     0.0391 -124.28340   41.99818      20.05          5  0.000e+00
      18786    782.708     10.365     10.448    12.9269    12.8948  39.149651  39.107129    12.9255    12.8934    33.3339    33.3219    25.1171    25.1141    11.6808    11.7449    356.087    358.041     3.3394     3.1429     0.4737    10.8187     3.2711     0.0769     0.0391 -124.28340   41.99818      20.05          5  0.000e+00
      18787    782.750     10.365     10.448    12.9274    12.8946  39.150703  39.108376    12.9260    12.8932    33.3345    33.3233    25.1174    25.1152    11.6807    11.7448    356.082    358.039     3.3394     3.1429     0.4737    10.8187     3.2711     0.0769     0.0391 -124.28340   41.99818      20.02          5  0.000e+00
      18788    782.792     10.379     10.461    12.9276    12.8948  39.151426  39.109427    12.9262    12.8934    33.3350    33.3241    25.1178    25.1158    11.6806    11.7447    356.080    358.036     3.3394     3.1429     0.4737    10.8187     3.2735     0.0769     0.0391 -124.28342   41.99818      20.05          5  0.000e+00
      18789    782.833     10.365     10.448    12.9278    12.8948  39.152083  39.110018    12.9264    12.8934    33.3355    33.3247    25.1181    25.1162    11.6855    11.7447    356.229    358.034     3.3407     3.1429     0.4737    10.8187     3.2723     0.0769     0.0391 -124.28342   41.99818      20.02          5  0.000e+00
      18790    782.875     10.365     10.448    12.9286    12.8945  39.152280  39.110609    12.9272    12.8931    33.3350    33.3254    25.1175    25.1169    11.6853    11.7392    356.224    357.868     3.3407     3.1416     0.4737    10.8187     3.2711     0.0769     0.0391 -124.28342   41.99818      20.02          5  0.000e+00
      18791    782.917     10.418     10.501    12.9293    12.8946  39.153332  39.111463    12.9279    12.8932    33.3354    33.3262    25.1177    25.1174    11.6852    11.7393    356.221    357.868     3.3407     3.1416     0.4737    10.8187     3.2735     0.0769     0.0391 -124.28342   41.99818      20.05          5  0.000e+00
      18792    782.958     10.332     10.414    12.9299    12.8946  39.154450  39.111529    12.9285    12.8932    33.3359    33.3263    25.1180    25.1175    11.6849    11.7391    356.210    357.864     3.3407     3.1416     0.4737    10.8187     3.2735     0.0769     0.0391 -124.28342   41.99818      20.05          5  0.000e+00
      18793    783.000     10.418     10.501    12.9307    12.8944  39.154713  39.111201    12.9293    12.8930    33.3354    33.3261    25.1174    25.1174    11.6848    11.7393    356.209    357.870     3.3407     3.1416     0.4737    10.8187     3.2723     0.0757     0.0391 -124.28342   41.99818      20.05          5  0.000e+00
      18794    783.042     10.365     10.447    12.9313    12.8946  39.154910  39.111529    12.9299    12.8932    33.3351    33.3263    25.1171    25.1175    11.6897    11.7392    356.356    357.866     3.3419     3.1416     0.4737    10.8187     3.2723     0.0769     0.0391 -124.28342   41.99818      20.05          5  0.000e+00
      18795    783.083     10.365     10.447    12.9316    12.8944  39.155041  39.112514    12.9302    12.8930    33.3350    33.3273    25.1169    25.1184    11.6896    11.7391    356.354    357.864     3.3419     3.1416     0.4725    10.7882     3.2723     0.0769     0.0391 -124.28342   41.99818      20.05          5  0.000e+00
      18796    783.125     10.379     10.461    12.9318    12.8943  39.155238  39.113368    12.9304    12.8929    33.3349    33.3283    25.1169    25.1191    11.6846    11.7391    356.201    357.864     3.3407     3.1416     0.4737    10.8187     3.2723     0.0769     0.0391 -124.28342   41.99818      20.05          5  0.000e+00
      18797    783.167     10.365     10.447    12.9319    12.8940  39.154844  39.114025    12.9305    12.8926    33.3345    33.3291    25.1165    25.1198    11.6895    11.7391    356.353    357.863     3.3419     3.1416     0.4737    10.8187     3.2723     0.0769     0.0391 -124.28342   41.99818      20.02          5  0.000e+00
      18798    783.208     10.365     10.447    12.9319    12.8943  39.155699  39.114878    12.9305    12.8929    33.3353    33.3297    25.1171    25.1202    11.6895    11.7390    356.351    357.859     3.3419     3.1416     0.4737    10.8187     3.2723     0.0769     0.0391 -124.28342   41.99818      20.02          5  0.000e+00
      18799    783.250     10.365     10.447    12.9317    12.8939  39.155567  39.115732    12.9303    12.8925    33.3353    33.3308    25.1172    25.1212    11.6895    11.7390    356.352    357.859     3.3419     3.1416     0.4737    10.8187     3.2723     0.0769     0.0391 -124.28342   41.99818      20.02          5  0.000e+00
      18800    783.292     10.378     10.461    12.9316    12.8941  39.155896  39.116915    12.9302    12.8927    33.3357    33.3318    25.1175    25.1219    11.6895    11.7389    356.352    357.856     3.3419     3.1416     0.4737    10.8187     3.2723     0.0769     0.0391 -124.28342   41.99818      20.02          5  0.000e+00
      18801    783.333     10.418     10.501    12.9317    12.8939  39.156290  39.117966    12.9303    12.8925    33.3360    33.3329    25.1177    25.1228    11.6895    11.7389    356.353    357.856     3.3419     3.1416     0.4774    10.9103     3.2723     0.0769     0.0391 -124.28342   41.99818      20.02          5  0.000e+00
      18802    783.375     10.365     10.447    12.9324    12.8937  39.156948  39.118557    12.9310    12.8923    33.3360    33.3337    25.1176    25.1234    11.6893    11.7388    356.345    357.854     3.3419     3.1416     0.5128    11.7955     3.2723     0.0769     0.0391 -124.28342   41.99818      20.02          5  0.000e+00
      18803    783.417     10.365     10.447    12.9329    12.8937  39.157079  39.118097    12.9315    12.8923    33.3357    33.3332    25.1173    25.1231    11.6842    11.7389    356.190    357.855     3.3407     3.1416     0.5324    12.2839     3.2723     0.0769     0.0391 -124.28342   41.99818      20.02          5  0.000e+00
      18804    783.458     10.332     10.414    12.9334    12.8937  39.157079  39.119345    12.9320    12.8923    33.3353    33.3344    25.1168    25.1240    11.6841    11.7387    356.186    357.850     3.3407     3.1416     0.5336    12.3144     3.2735     0.0769     0.0391 -124.28342   41.99818      19.98          5  0.000e+00
      18805    783.500     10.365     10.447    12.9338    12.8937  39.156816  39.120461    12.9324    12.8923    33.3347    33.3355    25.1163    25.1248    11.6891    11.7387    356.338    357.849     3.3419     3.1416     0.5311    12.2534     3.2735     0.0769     0.0391 -124.28342   41.99818      19.98          5  0.000e+00
      18806    783.542     10.365     10.447    12.9339    12.8936  39.157539  39.120461    12.9325    12.8922    33.3353    33.3356    25.1167    25.1249    11.6890    11.7387    356.336    357.850     3.3419     3.1416     0.5311    12.2534     3.2723     0.0769     0.0391 -124.28342   41.99818      20.00          5  0.000e+00
      18807    783.583     10.365     10.447    12.9346    12.8932  39.156750  39.122038    12.9332    12.8918    33.3339    33.3374    25.1155    25.1264    11.6889    11.7387    356.334    357.848     3.3419     3.1416     0.5311    12.2534     3.2723     0.0769     0.0391 -124.28342   41.99818      19.98          5  0.000e+00
      18808    783.625     10.378     10.461    12.9349    12.8934  39.157408  39.123483    12.9335    12.8920    33.3343    33.3386    25.1158    25.1273    11.6888    11.7386    356.331    357.844     3.3419     3.1416     0.5311    12.2534     3.2723     0.0769     0.0391 -124.28342   41.99818      19.98          5  0.000e+00
      18809    783.667     10.365     10.447    12.9347    12.8932  39.157013  39.124271    12.9333    12.8918    33.3341    33.3395    25.1156    25.1280    11.6939    11.7385    356.485    357.843     3.3431     3.1416     0.5311    12.2534     3.2723     0.0769     0.0391 -124.28342   41.99818      20.00          5  0.000e+00
      18810    783.708     10.418     10.501    12.9349    12.8934  39.154712  39.124862    12.9335    12.8920    33.3317    33.3399    25.1137    25.1283    11.6941    11.7385    356.492    357.843     3.3431     3.1416     0.5311    12.2534     3.2735     0.0781     0.0391 -124.28342   41.99818      20.02          5  0.000e+00
      18811    783.750     10.365     10.447    12.9349    12.8931  39.156619  39.126110    12.9335    12.8917    33.3335    33.3414    25.1152    25.1295    11.6939    11.7385    356.485    357.839     3.3431     3.1416     0.5311    12.2534     3.2723     0.0769     0.0391 -124.28342   41.99818      20.00          5  0.000e+00
      18812    783.792     10.332     10.414    12.9349    12.8932  39.157473  39.127030    12.9335    12.8918    33.3343    33.3422    25.1158    25.1301    11.6937    11.7383    356.481    357.835     3.3431     3.1416     0.5311    12.2534     3.2723     0.0769     0.0391 -124.28342   41.99818      20.00          5  0.000e+00
      18813    783.833     10.365     10.447    12.9355    12.8929  39.156684  39.127293    12.9342    12.8915    33.3330    33.3427    25.1147    25.1305    11.6937    11.7438    356.481    358.003     3.3431     3.1429     0.5311    12.2534     3.2711     0.0769     0.0391 -124.28342   41.99818      20.00          5  0.000e+00
      18814    783.875     10.365     10.447    12.9362    12.8929  39.158196  39.127227    12.9349    12.8915    33.3338    33.3426    25.1151    25.1305    11.6935    11.7438    356.474    358.003     3.3431     3.1429     0.5311    12.2534     3.2723     0.0781     0.0391 -124.28342   41.99818      20.00          5  0.000e+00
      18815    783.917     10.365     10.447    12.9371    12.8929  39.158854  39.127949    12.9357    12.8915    33.3337    33.3433    25.1149    25.1310    11.6933    11.7492    356.468    358.167     3.3431     3.1441     0.5311    12.2534     3.2711     0.0769     0.0391 -124.28342   41.99818      20.00          5  0.000e+00
      18816    783.958     10.378     10.461    12.9376    12.8929  39.157802  39.128606    12.9362    12.8915    33.3323    33.3439    25.1137    25.1315    11.6933    11.7492    356.469    358.166     3.3431     3.1441     0.5311    12.2534     3.2723     0.0781     0.0391 -124.28342   41.99818      20.00          5  0.000e+00
      18817    784.000     10.365     10.447    12.9381    12.8928  39.158459  39.131102    12.9367    12.8914    33.3324    33.3465    25.1137    25.1335    11.6931    11.7545    356.464    358.326     3.3431     3.1453     0.5324    12.2839     3.2711     0.0781     0.0391 -124.28342   41.99818      20.00          5  0.000e+00
