WCOA/WCOA-6/CTD_Data/RB2102_CTD_063_01.ros
* Sea-Bird SBE 9 Data File:
* FileName = C:\Users\scs.user.rb\CTD\RB2102\Data\RB2102_CTD_063_01.hex
* Software Version Seasave V 7.26.7.107
* Temperature SN = 6202
* Conductivity SN = 4907
* Number of Bytes Per Scan = 41
* Number of Voltage Words = 4
* Number of Scans Averaged by the Deck Unit = 1
* NMEA Latitude = 41 56.42 N
* NMEA Longitude = 124 36.30 W
* NMEA UTC (Time) = Jul 06 2021  18:52:24
* NMEA baud rate = 4800
# nquan = 30
# nvalues = 1078                                  
# units = specified
# name 0 = scan: Scan Count
# name 1 = timeS: Time, Elapsed [seconds]
# name 2 = depSM: Depth [salt water, m]
# name 3 = prDM: Pressure, Digiquartz [db]
# name 4 = t090C: Temperature [ITS-90, deg C]
# name 5 = t190C: Temperature, 2 [ITS-90, deg C]
# name 6 = c0mS/cm: Conductivity [mS/cm]
# name 7 = c1mS/cm: Conductivity, 2 [mS/cm]
# name 8 = potemp090C: Potential Temperature [ITS-90, deg C]
# name 9 = potemp190C: Potential Temperature, 2 [ITS-90, deg C]
# name 10 = sal00: Salinity, Practical [PSU]
# name 11 = sal11: Salinity, Practical, 2 [PSU]
# name 12 = sigma-é00: Density [sigma-theta, kg/m^3]
# name 13 = sigma-é11: Density, 2 [sigma-theta, kg/m^3]
# name 14 = sbeox0Mg/L: Oxygen, SBE 43 [mg/l]
# name 15 = sbeox1Mg/L: Oxygen, SBE 43, 2 [mg/l]
# name 16 = sbox0Mm/Kg: Oxygen, SBE 43 [umol/kg]
# name 17 = sbox1Mm/Kg: Oxygen, SBE 43, 2 [umol/kg]
# name 18 = sbeox0V: Oxygen raw, SBE 43 [V]
# name 19 = sbeox1V: Oxygen raw, SBE 43, 2 [V]
# name 20 = v4: Voltage 4
# name 21 = flECO-AFL: Fluorescence, WET Labs ECO-AFL/FL [mg/m^3]
# name 22 = v3: Voltage 3
# name 23 = v6: Voltage 6
# name 24 = v7: Voltage 7
# name 25 = longitude: Longitude [deg]
# name 26 = latitude: Latitude [deg]
# name 27 = altM: Altimeter [m]
# name 28 = nbf: Bottles Fired
# name 29 = flag:  0.000e+00
# interval = seconds: 0.0416667
# start_time = Jul 06 2021 18:52:24 [NMEA time, header]
# bad_flag = -9.990e-29
*END*
[from data line 146]
      32048   1335.292    396.352    399.869     6.7259     6.7226  34.413366  34.410729     6.6893     6.6860    34.1168    34.1171    26.7651    26.7659     1.4427     1.5104     43.910     45.972     0.7790     0.7839     0.0403    -0.0177     3.1551     0.0000     0.0000 -124.60296   41.94158      37.26          3  0.000e+00
      32215   1342.250    396.353    399.870     6.7288     6.7239  34.414928  34.411790     6.6921     6.6872    34.1156    34.1170    26.7638    26.7656     1.4486     1.5170     44.090     46.171     0.7802     0.7851     0.0403    -0.0177     3.1551     0.0000     0.0000 -124.60294   41.94158      36.90          4  0.000e+00
      32216   1342.292    396.399    399.917     6.7288     6.7237  34.415053  34.411852     6.6921     6.6871    34.1157    34.1172    26.7639    26.7658     1.4426     1.5104     43.907     45.971     0.7790     0.7839     0.0403    -0.0177     3.1563     0.0000     0.0000 -124.60294   41.94158      36.92          4  0.000e+00
      32217   1342.333    396.353    399.870     6.7286     6.7239  34.415053  34.411915     6.6920     6.6872    34.1160    34.1172    26.7641    26.7657     1.4426     1.5104     43.907     45.970     0.7790     0.7839     0.0403    -0.0177     3.1551     0.0000     0.0000 -124.60294   41.94158      36.90          4  0.000e+00
      32218   1342.375    396.373    399.890     6.7288     6.7240  34.415053  34.412102     6.6921     6.6874    34.1158    34.1172    26.7639    26.7658     1.4486     1.5104     44.090     45.970     0.7802     0.7839     0.0403    -0.0177     3.1551     0.0000     0.0000 -124.60294   41.94158      36.87          4  0.000e+00
      32219   1342.417    396.353    399.870     6.7288     6.7240  34.415178  34.411478     6.6921     6.6874    34.1159    34.1166    26.7641    26.7652     1.4426     1.5170     43.907     46.171     0.7790     0.7851     0.0403    -0.0177     3.1551     0.0000     0.0000 -124.60294   41.94158      36.83          4  0.000e+00
      32220   1342.458    396.353    399.870     6.7289     6.7242  34.415053  34.411727     6.6923     6.6876    34.1156    34.1166    26.7638    26.7653     1.4426     1.5170     43.907     46.170     0.7790     0.7851     0.0403    -0.0177     3.1551     0.0000     0.0000 -124.60294   41.94158      36.83          4  0.000e+00
      32221   1342.500    396.373    399.890     6.7293     6.7240  34.415428  34.412102     6.6926     6.6874    34.1157    34.1172    26.7638    26.7658     1.4426     1.5104     43.906     45.970     0.7790     0.7839     0.0415     0.0129     3.1551     0.0000     0.0000 -124.60294   41.94158      36.83          4  0.000e+00
      32222   1342.542    396.353    399.870     6.7293     6.7242  34.415615  34.411727     6.6926     6.6876    34.1159    34.1166    26.7640    26.7653     1.4486     1.5170     44.090     46.170     0.7802     0.7851     0.0403    -0.0177     3.1563     0.0000     0.0000 -124.60294   41.94158      36.83          4  0.000e+00
      32223   1342.583    396.299    399.816     6.7293     6.7240  34.415177  34.411977     6.6926     6.6874    34.1154    34.1171    26.7636    26.7657     1.4486     1.5170     44.090     46.170     0.7802     0.7851     0.0403    -0.0177     3.1563     0.0000     0.0000 -124.60294   41.94158      36.83          4  0.000e+00
      32224   1342.625    396.373    399.890     6.7294     6.7242  34.414928  34.411977     6.6928     6.6876    34.1150    34.1169    26.7633    26.7655     1.4486     1.5170     44.090     46.170     0.7802     0.7851     0.0415     0.0129     3.1551     0.0000     0.0000 -124.60294   41.94158      36.85          4  0.000e+00
      32225   1342.667    396.353    399.870     6.7294     6.7242  34.415427  34.411915     6.6928     6.6876    34.1156    34.1168    26.7637    26.7654     1.4486     1.5170     44.090     46.170     0.7802     0.7851     0.0403    -0.0177     3.1538     0.0000     0.0000 -124.60294   41.94158      36.87          4  0.000e+00
      32226   1342.708    396.353    399.870     6.7295     6.7242  34.415615  34.411603     6.6929     6.6876    34.1156    34.1165    26.7637    26.7651     1.4426     1.5104     43.906     45.970     0.7790     0.7839     0.0403    -0.0177     3.1563     0.0000     0.0000 -124.60294   41.94158      36.87          4  0.000e+00
      32227   1342.750    396.319    399.837     6.7295     6.7240  34.415365  34.412039     6.6929     6.6874    34.1154    34.1172    26.7635    26.7657     1.4486     1.5170     44.089     46.170     0.7802     0.7851     0.0403    -0.0177     3.1563     0.0000     0.0000 -124.60294   41.94158      36.90          4  0.000e+00
      32228   1342.792    396.353    399.870     6.7295     6.7240  34.415490  34.411727     6.6929     6.6874    34.1155    34.1168    26.7636    26.7654     1.4486     1.5170     44.090     46.171     0.7802     0.7851     0.0403    -0.0177     3.1551     0.0000     0.0000 -124.60294   41.94158      36.87          4  0.000e+00
      32229   1342.833    396.299    399.816     6.7295     6.7242  34.415052  34.412227     6.6929     6.6876    34.1150    34.1172    26.7633    26.7657     1.4426     1.5170     43.906     46.170     0.7790     0.7851     0.0403    -0.0177     3.1538     0.0000     0.0000 -124.60294   41.94158      36.87          4  0.000e+00
      32230   1342.875    396.353    399.870     6.7294     6.7240  34.414990  34.412040     6.6928     6.6874    34.1151    34.1172    26.7633    26.7657     1.4486     1.5104     44.090     45.970     0.7802     0.7839     0.0403    -0.0177     3.1563     0.0000     0.0000 -124.60294   41.94158      36.95          4  0.000e+00
      32231   1342.917    396.319    399.837     6.7288     6.7242  34.415053  34.411915     6.6921     6.6876    34.1158    34.1169    26.7640    26.7654     1.4486     1.5104     44.090     45.970     0.7802     0.7839     0.0403    -0.0177     3.1563     0.0000     0.0000 -124.60294   41.94158      37.02          4  0.000e+00
      32232   1342.958    396.399    399.917     6.7281     6.7242  34.414803  34.412102     6.6915     6.6876    34.1161    34.1170    26.7643    26.7656     1.4487     1.5170     44.091     46.170     0.7802     0.7851     0.0403    -0.0177     3.1563     0.0000     0.0000 -124.60294   41.94158      37.05          4  0.000e+00
      32233   1343.000    396.299    399.816     6.7281     6.7239  34.414490  34.411727     6.6915     6.6872    34.1158    34.1170    26.7641    26.7656     1.4486     1.5170     44.091     46.170     0.7802     0.7851     0.0403    -0.0177     3.1538     0.0000     0.0000 -124.60294   41.94158      37.05          4  0.000e+00
      32234   1343.042    396.373    399.890     6.7280     6.7240  34.414553  34.412040     6.6913     6.6874    34.1160    34.1172    26.7643    26.7657     1.4487     1.5170     44.091     46.171     0.7802     0.7851     0.0403    -0.0177     3.1551     0.0000     0.0000 -124.60294   41.94158      37.02          4  0.000e+00
      32235   1343.083    396.353    399.870     6.7275     6.7242  34.414428  34.412164     6.6909     6.6876    34.1164    34.1171    26.7646    26.7656     1.4487     1.5104     44.092     45.970     0.7802     0.7839     0.0403    -0.0177     3.1563     0.0000     0.0000 -124.60294   41.94158      37.02          4  0.000e+00
      32236   1343.125    396.353    399.870     6.7275     6.7239  34.414616  34.412164     6.6909     6.6872    34.1166    34.1175    26.7648    26.7659     1.4426     1.5170     43.908     46.170     0.7790     0.7851     0.0415     0.0129     3.1551     0.0000     0.0000 -124.60294   41.94158      36.95          4  0.000e+00
      32237   1343.167    396.373    399.890     6.7278     6.7237  34.414491  34.411977     6.6912     6.6871    34.1161    34.1174    26.7643    26.7659     1.4487     1.5170     44.091     46.171     0.7802     0.7851     0.0403    -0.0177     3.1563     0.0000     0.0000 -124.60294   41.94158      36.87          4  0.000e+00
      32238   1343.208    396.353    399.870     6.7283     6.7240  34.414615  34.412539     6.6917     6.6874    34.1158    34.1177    26.7640    26.7661     1.4486     1.5170     44.091     46.170     0.7802     0.7851     0.0403    -0.0177     3.1563     0.0000     0.0000 -124.60294   41.94158      36.85          4  0.000e+00
      32239   1343.250    396.353    399.870     6.7283     6.7245  34.414740  34.412601     6.6917     6.6879    34.1159    34.1173    26.7641    26.7657     1.4486     1.5170     44.091     46.170     0.7802     0.7851     0.0403    -0.0177     3.1563     0.0000     0.0000 -124.60294   41.94158      36.87          4  0.000e+00
      32240   1343.292    396.373    399.890     6.7281     6.7247  34.414616  34.412726     6.6915     6.6881    34.1159    34.1173    26.7642    26.7657     1.4487     1.5170     44.091     46.170     0.7802     0.7851     0.0403    -0.0177     3.1563     0.0000     0.0000 -124.60294   41.94158      36.87          4  0.000e+00
      32241   1343.333    396.353    399.870     6.7281     6.7248  34.414928  34.412789     6.6915     6.6882    34.1163    34.1172    26.7645    26.7656     1.4547     1.5104     44.274     45.969     0.7814     0.7839     0.0403    -0.0177     3.1563     0.0000     0.0000 -124.60294   41.94158      36.87          4  0.000e+00
      32242   1343.375    396.399    399.917     6.7283     6.7252  34.415053  34.412601     6.6917     6.6885    34.1162    34.1166    26.7644    26.7651     1.4487     1.5169     44.091     46.169     0.7802     0.7851     0.0403    -0.0177     3.1551     0.0000     0.0000 -124.60294   41.94158      36.85          4  0.000e+00
      32243   1343.417    396.399    399.917     6.7284     6.7252  34.415240  34.412726     6.6918     6.6885    34.1163    34.1168    26.7644    26.7652     1.4486     1.5169     44.091     46.169     0.7802     0.7851     0.0403    -0.0177     3.1563     0.0000     0.0000 -124.60294   41.94158      36.85          4  0.000e+00
      32244   1343.458    396.373    399.890     6.7288     6.7251  34.415303  34.413038     6.6921     6.6885    34.1160    34.1172    26.7642    26.7655     1.4486     1.5104     44.090     45.969     0.7802     0.7839     0.0403    -0.0177     3.1551     0.0000     0.0000 -124.60294   41.94158      36.85          4  0.000e+00
      32245   1343.500    396.399    399.917     6.7288     6.7250  34.415678  34.412914     6.6921     6.6883    34.1164    34.1172    26.7645    26.7656     1.4547     1.5104     44.274     45.969     0.7814     0.7839     0.0403    -0.0177     3.1551     0.0000     0.0000 -124.60294   41.94158      36.85          4  0.000e+00
      32246   1343.542    396.399    399.917     6.7289     6.7252  34.415428  34.412789     6.6923     6.6885    34.1160    34.1168    26.7641    26.7653     1.4486     1.5169     44.090     46.169     0.7802     0.7851     0.0403    -0.0177     3.1563     0.0000     0.0000 -124.60294   41.94158      36.85          4  0.000e+00
      32247   1343.583    396.373    399.890     6.7291     6.7253  34.415115  34.412352     6.6924     6.6887    34.1155    34.1162    26.7637    26.7648     1.4486     1.5169     44.090     46.169     0.7802     0.7851     0.0403    -0.0177     3.1551     0.0000     0.0000 -124.60294   41.94158      36.85          4  0.000e+00
      32248   1343.625    396.446    399.964     6.7288     6.7250  34.414803  34.412914     6.6921     6.6883    34.1154    34.1171    26.7637    26.7655     1.4487     1.5170     44.091     46.170     0.7802     0.7851     0.0403    -0.0177     3.1551     0.0000     0.0000 -124.60294   41.94158      36.87          4  0.000e+00
      32249   1343.667    396.399    399.917     6.7284     6.7248  34.414491  34.412851     6.6918     6.6882    34.1155    34.1172    26.7638    26.7656     1.4487     1.5170     44.091     46.170     0.7802     0.7851     0.0403    -0.0177     3.1563     0.0000     0.0000 -124.60294   41.94158      36.87          4  0.000e+00
      32250   1343.708    396.419    399.938     6.7278     6.7252  34.414303  34.412601     6.6911     6.6885    34.1159    34.1166    26.7642    26.7651     1.4487     1.5104     44.092     45.969     0.7802     0.7839     0.0403    -0.0177     3.1551     0.0000     0.0000 -124.60294   41.94158      36.87          4  0.000e+00
      32251   1343.750    396.446    399.964     6.7278     6.7248  34.414366  34.412539     6.6912     6.6882    34.1159    34.1169    26.7642    26.7653     1.4487     1.5104     44.092     45.970     0.7802     0.7839     0.0403    -0.0177     3.1551     0.0000     0.0000 -124.60294   41.94158      36.87          4  0.000e+00
      32252   1343.792    396.446    399.964     6.7276     6.7250  34.414428  34.412914     6.6910     6.6883    34.1162    34.1171    26.7644    26.7655     1.4487     1.5170     44.092     46.170     0.7802     0.7851     0.0403    -0.0177     3.1551     0.0000     0.0000 -124.60294   41.94158      36.87          4  0.000e+00
      32253   1343.833    396.519    400.038     6.7278     6.7248  34.414866  34.412664     6.6912     6.6882    34.1164    34.1170    26.7646    26.7654     1.4547     1.5170     44.276     46.170     0.7814     0.7851     0.0403    -0.0177     3.1551     0.0000     0.0000 -124.60294   41.94158      36.87          4  0.000e+00
      32254   1343.875    396.446    399.964     6.7273     6.7248  34.414803  34.412726     6.6907     6.6882    34.1169    34.1171    26.7651    26.7655     1.4487     1.5170     44.092     46.170     0.7802     0.7851     0.0403    -0.0177     3.1563     0.0000     0.0000 -124.60294   41.94158      36.80          4  0.000e+00
      32255   1343.917    396.446    399.964     6.7273     6.7247  34.414366  34.412789     6.6907     6.6881    34.1164    34.1173    26.7646    26.7657     1.4487     1.5104     44.092     45.970     0.7802     0.7839     0.0403    -0.0177     3.1551     0.0000     0.0000 -124.60294   41.94158      36.75          4  0.000e+00
      32256   1343.958    396.499    400.018     6.7273     6.7248  34.415053  34.412852     6.6906     6.6882    34.1172    34.1172    26.7653    26.7656     1.4487     1.5104     44.092     45.970     0.7802     0.7839     0.0403    -0.0177     3.1563     0.0000     0.0000 -124.60294   41.94158      36.73          4  0.000e+00
      32257   1344.000    396.519    400.038     6.7277     6.7252  34.414866  34.412789     6.6910     6.6885    34.1166    34.1168    26.7647    26.7652     1.4487     1.5170     44.092     46.170     0.7802     0.7851     0.0403    -0.0177     3.1551     0.0000     0.0000 -124.60294   41.94158      36.73          4  0.000e+00
      32258   1344.042    396.499    400.018     6.7280     6.7250  34.415366  34.412789     6.6913     6.6883    34.1168    34.1170    26.7649    26.7654     1.4487     1.5170     44.092     46.170     0.7802     0.7851     0.0403    -0.0177     3.1551     0.0000     0.0000 -124.60294   41.94158      36.73          4  0.000e+00
      32259   1344.083    396.546    400.065     6.7283     6.7248  34.415366  34.412602     6.6916     6.6882    34.1165    34.1169    26.7646    26.7654     1.4487     1.5170     44.092     46.171     0.7802     0.7851     0.0403    -0.0177     3.1551     0.0000     0.0000 -124.60294   41.94158      36.73          4  0.000e+00
      32260   1344.125    396.519    400.038     6.7288     6.7248  34.415303  34.412477     6.6921     6.6882    34.1160    34.1168    26.7641    26.7653     1.4487     1.5104     44.091     45.970     0.7802     0.7839     0.0403    -0.0177     3.1563     0.0000     0.0000 -124.60294   41.94158      36.73          4  0.000e+00
