WCOA/WCOA-6/CTD_Data/RB2102_CTD_087_01.ros
* Sea-Bird SBE 9 Data File:
* FileName = C:\Users\scs.user.rb\CTD\RB2102\Data\RB2102_CTD_087_01.hex
* Software Version Seasave V 7.26.7.107
* Temperature SN = 6202
* Conductivity SN = 4907
* Number of Bytes Per Scan = 41
* Number of Voltage Words = 4
* Number of Scans Averaged by the Deck Unit = 1
* NMEA Latitude = 37 50.81 N
* NMEA Longitude = 122 25.26 W
* NMEA UTC (Time) = Jul 12 2021  17:06:40
* NMEA baud rate = 4800
# nquan = 30
# nvalues = 513                                   
# units = specified
# name 0 = scan: Scan Count
# name 1 = timeS: Time, Elapsed [seconds]
# name 2 = depSM: Depth [salt water, m]
# name 3 = prDM: Pressure, Digiquartz [db]
# name 4 = t090C: Temperature [ITS-90, deg C]
# name 5 = t190C: Temperature, 2 [ITS-90, deg C]
# name 6 = c0mS/cm: Conductivity [mS/cm]
# name 7 = c1mS/cm: Conductivity, 2 [mS/cm]
# name 8 = potemp090C: Potential Temperature [ITS-90, deg C]
# name 9 = potemp190C: Potential Temperature, 2 [ITS-90, deg C]
# name 10 = sal00: Salinity, Practical [PSU]
# name 11 = sal11: Salinity, Practical, 2 [PSU]
# name 12 = sigma-é00: Density [sigma-theta, kg/m^3]
# name 13 = sigma-é11: Density, 2 [sigma-theta, kg/m^3]
# name 14 = sbeox0Mg/L: Oxygen, SBE 43 [mg/l]
# name 15 = sbeox1Mg/L: Oxygen, SBE 43, 2 [mg/l]
# name 16 = sbox0Mm/Kg: Oxygen, SBE 43 [umol/kg]
# name 17 = sbox1Mm/Kg: Oxygen, SBE 43, 2 [umol/kg]
# name 18 = sbeox0V: Oxygen raw, SBE 43 [V]
# name 19 = sbeox1V: Oxygen raw, SBE 43, 2 [V]
# name 20 = v4: Voltage 4
# name 21 = flECO-AFL: Fluorescence, WET Labs ECO-AFL/FL [mg/m^3]
# name 22 = v3: Voltage 3
# name 23 = v6: Voltage 6
# name 24 = v7: Voltage 7
# name 25 = longitude: Longitude [deg]
# name 26 = latitude: Latitude [deg]
# name 27 = altM: Altimeter [m]
# name 28 = nbf: Bottles Fired
# name 29 = flag:  0.000e+00
# interval = seconds: 0.0416667
# start_time = Jul 12 2021 17:06:40 [NMEA time, header]
# bad_flag = -9.990e-29
*END*
[from data line 339]
      27418   1142.375      4.944      4.981    17.0801    17.0794  41.915830  41.927016    17.0793    17.0786    32.3444    32.3546    23.4585    23.4665     6.8967     7.1203    210.584    217.412     2.3101     2.2442     0.1258     2.1191     3.2259     0.8181     0.4249 -122.42076   37.84640      40.42          7  0.000e+00
      27419   1142.417      4.898      4.935    17.0803    17.0797  41.915018  41.926205    17.0795    17.0789    32.3436    32.3537    23.4579    23.4657     6.9013     7.1203    210.724    217.411     2.3114     2.2442     0.1258     2.1191     3.2247     0.8181     0.4249 -122.42076   37.84640      40.42          7  0.000e+00
      27420   1142.458      4.898      4.935    17.0799    17.0797  41.915154  41.924854    17.0791    17.0789    32.3440    32.3525    23.4583    23.4648     6.9013     7.1204    210.725    217.413     2.3114     2.2442     0.1258     2.1191     3.2259     0.8181     0.4249 -122.42076   37.84640      40.32          7  0.000e+00
      27421   1142.500      4.997      5.035    17.0801    17.0803  41.916033  41.923098    17.0793    17.0795    32.3446    32.3505    23.4587    23.4632     6.9013     7.1154    210.726    217.263     2.3114     2.2430     0.1258     2.1191     3.2259     0.8168     0.4249 -122.42076   37.84640      40.24          7  0.000e+00
      28786   1199.375      3.669      3.696    17.1394    17.1379  41.980305  41.984098    17.1388    17.1373    32.3528    32.3573    23.4511    23.4548     6.9011     7.1155    210.720    217.268     2.3138     2.2454     0.1245     2.0886     3.2247     0.6288     0.5348 -122.42080   37.84644      41.61          8  0.000e+00
      28787   1199.417      3.768      3.796    17.1380    17.1385  41.980779  41.984031    17.1374    17.1378    32.3543    32.3568    23.4525    23.4543     6.8967     7.1156    210.585    217.269     2.3126     2.2454     0.1245     2.0886     3.2234     0.6276     0.5348 -122.42080   37.84644      41.61          8  0.000e+00
      28788   1199.458      3.622      3.650    17.1370    17.1391  41.980779  41.984301    17.1364    17.1385    32.3552    32.3565    23.4535    23.4539     6.8966     7.1203    210.584    217.415     2.3126     2.2466     0.1245     2.0886     3.2234     0.6276     0.5348 -122.42080   37.84644      41.61          8  0.000e+00
      28789   1199.500      3.722      3.750    17.1360    17.1388  41.981456  41.984031    17.1354    17.1382    32.3565    32.3565    23.4547    23.4540     6.8968     7.1205    210.589    217.419     2.3126     2.2466     0.1245     2.0886     3.2234     0.6288     0.5348 -122.42080   37.84644      41.61          8  0.000e+00
      28790   1199.542      3.636      3.663    17.1354    17.1386  41.981726  41.983693    17.1348    17.1380    32.3572    32.3564    23.4554    23.4540     6.9014     7.1204    210.728    217.417     2.3138     2.2466     0.1245     2.0886     3.2234     0.6276     0.5348 -122.42080   37.84644      41.64          8  0.000e+00
      28791   1199.583      3.669      3.696    17.1365    17.1382  41.982267  41.983693    17.1359    17.1376    32.3569    32.3567    23.4548    23.4543     6.8967     7.1205    210.585    217.420     2.3126     2.2466     0.1245     2.0886     3.2247     0.6288     0.5348 -122.42080   37.84644      41.66          8  0.000e+00
      28792   1199.625      3.669      3.696    17.1396    17.1385  41.981996  41.983828    17.1390    17.1379    32.3542    32.3566    23.4520    23.4542     6.9010     7.1205    210.717    217.419     2.3138     2.2466     0.1258     2.1191     3.2247     0.6276     0.5348 -122.42080   37.84644      41.66          8  0.000e+00
      28793   1199.667      3.669      3.696    17.1411    17.1385  41.980914  41.983490    17.1405    17.1379    32.3520    32.3563    23.4500    23.4540     6.8963     7.1205    210.573    217.419     2.3126     2.2466     0.1270     2.1496     3.2247     0.6276     0.5348 -122.42080   37.84644      41.66          8  0.000e+00
      28794   1199.708      3.669      3.696    17.1406    17.1379  41.980643  41.983355    17.1400    17.1373    32.3522    32.3566    23.4503    23.4543     6.9009     7.1255    210.716    217.573     2.3138     2.2479     0.1270     2.1496     3.2234     0.6276     0.5348 -122.42080   37.84644      41.66          8  0.000e+00
      28795   1199.750      3.669      3.696    17.1392    17.1374  41.980373  41.984031    17.1386    17.1368    32.3531    32.3576    23.4513    23.4552     6.9011     7.1206    210.720    217.422     2.3138     2.2466     0.1270     2.1496     3.2234     0.6276     0.5348 -122.42080   37.84644      41.64          8  0.000e+00
      28796   1199.792      3.722      3.750    17.1382    17.1371  41.979292  41.984099    17.1376    17.1365    32.3529    32.3579    23.4514    23.4555     6.9013     7.1257    210.726    217.577     2.3138     2.2479     0.1270     2.1496     3.2247     0.6276     0.5348 -122.42080   37.84644      41.49          8  0.000e+00
      28797   1199.833      3.669      3.696    17.1370    17.1369  41.978818  41.984301    17.1364    17.1363    32.3535    32.3583    23.4521    23.4558     6.8967     7.1256    210.588    217.575     2.3126     2.2479     0.1270     2.1496     3.2234     0.6288     0.5348 -122.42080   37.84644      41.44          8  0.000e+00
      28798   1199.875      3.669      3.696    17.1356    17.1367  41.979630  41.984301    17.1350    17.1361    32.3553    32.3584    23.4538    23.4560     6.9015     7.1256    210.731    217.576     2.3138     2.2479     0.1270     2.1496     3.2234     0.6288     0.5348 -122.42080   37.84644      41.44          8  0.000e+00
      28799   1199.917      3.688      3.716    17.1344    17.1385  41.979901  41.984369    17.1338    17.1378    32.3565    32.3571    23.4550    23.4545     6.9016     7.1255    210.735    217.571     2.3138     2.2479     0.1270     2.1496     3.2259     0.6300     0.5348 -122.42080   37.84644      41.44          8  0.000e+00
      28800   1199.958      3.722      3.750    17.1332    17.1398  41.980307  41.983828    17.1326    17.1392    32.3578    32.3555    23.4563    23.4530     6.9017     7.1254    210.739    217.568     2.3138     2.2479     0.1270     2.1496     3.2247     0.6288     0.5348 -122.42080   37.84644      41.44          8  0.000e+00
      28801   1200.000      3.669      3.696    17.1325    17.1417  41.980036  41.984098    17.1319    17.1411    32.3581    32.3542    23.4567    23.4516     6.9018     7.1251    210.740    217.560     2.3138     2.2479     0.1270     2.1496     3.2259     0.6300     0.5360 -122.42080   37.84644      41.42          8  0.000e+00
      28802   1200.042      3.669      3.696    17.1319    17.1423  41.980171  41.984098    17.1313    17.1417    32.3587    32.3538    23.4574    23.4511     6.9018     7.1200    210.742    217.406     2.3138     2.2466     0.1270     2.1496     3.2247     0.6300     0.5360 -122.42080   37.84644      41.22          8  0.000e+00
      28803   1200.083      3.721      3.750    17.1314    17.1427  41.979698  41.984098    17.1308    17.1421    32.3587    32.3534    23.4575    23.4507     6.9066     7.1200    210.886    217.406     2.3150     2.2466     0.1270     2.1496     3.2247     0.6300     0.5360 -122.42080   37.84644      41.17          8  0.000e+00
      28804   1200.125      3.721      3.750    17.1320    17.1431  41.978819  41.984233    17.1314    17.1425    32.3574    32.3532    23.4563    23.4505     6.9065     7.1250    210.885    217.557     2.3150     2.2479     0.1270     2.1496     3.2247     0.6300     0.5360 -122.42080   37.84644      41.17          8  0.000e+00
      28805   1200.167      3.668      3.696    17.1327    17.1433  41.977669  41.984098    17.1321    17.1427    32.3559    32.3530    23.4550    23.4503     6.9064     7.1199    210.883    217.403     2.3150     2.2466     0.1270     2.1496     3.2247     0.6300     0.5360 -122.42080   37.84644      41.20          8  0.000e+00
      28806   1200.208      3.721      3.749    17.1332    17.1427  41.976790  41.984098    17.1326    17.1421    32.3547    32.3534    23.4540    23.4507     6.9065     7.1200    210.884    217.406     2.3150     2.2466     0.1270     2.1496     3.2247     0.6300     0.5372 -122.42080   37.84644      41.17          8  0.000e+00
      28807   1200.250      3.668      3.696    17.1339    17.1413  41.976384  41.984503    17.1333    17.1407    32.3538    32.3549    23.4531    23.4522     6.9064     7.1201    210.881    217.409     2.3150     2.2466     0.1270     2.1496     3.2259     0.6300     0.5360 -122.42080   37.84644      41.17          8  0.000e+00
      28808   1200.292      3.721      3.749    17.1349    17.1403  41.974424  41.983895    17.1343    17.1397    32.3513    32.3551    23.4510    23.4526     6.9064     7.1203    210.882    217.414     2.3150     2.2466     0.1270     2.1496     3.2234     0.6313     0.5372 -122.42080   37.84644      41.20          8  0.000e+00
      28809   1200.333      3.735      3.763    17.1366    17.1393  41.972463  41.983423    17.1360    17.1387    32.3483    32.3556    23.4482    23.4532     6.9063     7.1205    210.880    217.418     2.3150     2.2466     0.1270     2.1496     3.2234     0.6313     0.5372 -122.42080   37.84644      41.20          8  0.000e+00
      28810   1200.375      3.721      3.749    17.1382    17.1386  41.971989  41.983355    17.1376    17.1380    32.3466    32.3561    23.4466    23.4537     6.9061     7.1205    210.876    217.420     2.3150     2.2466     0.1270     2.1496     3.2234     0.6313     0.5360 -122.42080   37.84644      41.20          8  0.000e+00
      28811   1200.417      3.768      3.796    17.1396    17.1374  41.970704  41.983491    17.1389    17.1368    32.3444    32.3571    23.4446    23.4548     6.9061     7.1207    210.874    217.425     2.3150     2.2466     0.1270     2.1496     3.2247     0.6313     0.5372 -122.42080   37.84644      41.20          8  0.000e+00
      28812   1200.458      3.721      3.749    17.1396    17.1365  41.971245  41.983153    17.1389    17.1359    32.3449    32.3576    23.4449    23.4554     6.9060     7.1208    210.873    217.427     2.3150     2.2466     0.1270     2.1496     3.2234     0.6313     0.5372 -122.42080   37.84644      41.20          8  0.000e+00
      28813   1200.500      3.721      3.749    17.1394    17.1355  41.971583  41.983220    17.1388    17.1349    32.3453    32.3584    23.4453    23.4563     6.9060     7.1209    210.873    217.430     2.3150     2.2466     0.1270     2.1496     3.2247     0.6325     0.5372 -122.42080   37.84644      41.25          8  0.000e+00
      28814   1200.542      3.768      3.796    17.1385    17.1357  41.972665  41.983491    17.1379    17.1351    32.3469    32.3585    23.4467    23.4563     6.9107     7.1209    211.016    217.431     2.3162     2.2466     0.1270     2.1496     3.2247     0.6325     0.5372 -122.42080   37.84644      41.39          8  0.000e+00
      28815   1200.583      3.668      3.696    17.1366    17.1360  41.973950  41.983355    17.1360    17.1354    32.3496    32.3581    23.4492    23.4559     6.9108     7.1208    211.017    217.427     2.3162     2.2466     0.1270     2.1496     3.2247     0.6313     0.5372 -122.42080   37.84644      41.47          8  0.000e+00
      28816   1200.625      3.768      3.796    17.1361    17.1355  41.974424  41.983085    17.1355    17.1349    32.3503    32.3583    23.4499    23.4562     6.9109     7.1209    211.021    217.432     2.3162     2.2466     0.1270     2.1496     3.2247     0.6325     0.5372 -122.42080   37.84644      41.47          8  0.000e+00
      28817   1200.667      3.721      3.749    17.1372    17.1350  41.973071  41.982815    17.1366    17.1344    32.3484    32.3585    23.4482    23.4565     6.9062     7.1210    210.877    217.433     2.3150     2.2466     0.1270     2.1496     3.2234     0.6325     0.5385 -122.42080   37.84644      41.44          8  0.000e+00
      28818   1200.708      3.721      3.749    17.1385    17.1347  41.971583  41.981801    17.1379    17.1340    32.3460    32.3579    23.4460    23.4561     6.9107     7.1210    211.016    217.435     2.3162     2.2466     0.1245     2.0886     3.2247     0.6337     0.5385 -122.42080   37.84644      41.44          8  0.000e+00
      28819   1200.750      3.781      3.809    17.1387    17.1354  41.970772  41.979909    17.1381    17.1347    32.3451    32.3557    23.4453    23.4542     6.9062     7.1211    210.877    217.437     2.3150     2.2466     0.1233     2.0580     3.2247     0.6337     0.5385 -122.42080   37.84644      41.44          8  0.000e+00
      28820   1200.792      3.721      3.749    17.1392    17.1367  41.971042  41.977881    17.1386    17.1361    32.3450    32.3529    23.4451    23.4517     6.9061     7.1209    210.874    217.433     2.3150     2.2466     0.1221     2.0275     3.2247     0.6337     0.5397 -122.42080   37.84644      41.42          8  0.000e+00
      28821   1200.833      3.721      3.749    17.1396    17.1379  41.970975  41.975583    17.1389    17.1373    32.3447    32.3499    23.4448    23.4492     6.9107     7.1209    211.014    217.432     2.3162     2.2466     0.1233     2.0580     3.2234     0.6325     0.5385 -122.42080   37.84644      41.39          8  0.000e+00
      28822   1200.875      3.768      3.796    17.1397    17.1386  41.970096  41.975583    17.1391    17.1380    32.3437    32.3493    23.4440    23.4486     6.9107     7.1209    211.016    217.431     2.3162     2.2466     0.1233     2.0580     3.2247     0.6337     0.5397 -122.42080   37.84644      41.42          8  0.000e+00
      28823   1200.917      3.721      3.749    17.1402    17.1385  41.970096  41.976461    17.1396    17.1378    32.3434    32.3503    23.4436    23.4493     6.9106     7.1208    211.013    217.430     2.3162     2.2466     0.1233     2.0580     3.2247     0.6337     0.5397 -122.42080   37.84644      41.39          8  0.000e+00
      28824   1200.958      3.721      3.749    17.1404    17.1385  41.969893  41.977610    17.1398    17.1378    32.3431    32.3512    23.4434    23.4501     6.9106     7.1158    211.013    217.276     2.3162     2.2454     0.1233     2.0580     3.2247     0.6337     0.5397 -122.42080   37.84644      41.39          8  0.000e+00
      28825   1201.000      3.721      3.749    17.1416    17.1385  41.970298  41.977340    17.1410    17.1378    32.3424    32.3510    23.4426    23.4499     6.9105     7.1158    211.009    217.276     2.3162     2.2454     0.1233     2.0580     3.2247     0.6337     0.5397 -122.42080   37.84644      41.37          8  0.000e+00
      28826   1201.042      3.721      3.749    17.1428    17.1388  41.970839  41.976934    17.1422    17.1382    32.3419    32.3504    23.4419    23.4493     6.9103     7.1158    211.004    217.276     2.3162     2.2454     0.1233     2.0580     3.2247     0.6337     0.5397 -122.42080   37.84644      41.25          8  0.000e+00
      28827   1201.083      3.668      3.696    17.1442    17.1390  41.971717  41.976461    17.1436    17.1384    32.3416    32.3499    23.4414    23.4489     6.9147     7.1157    211.139    217.274     2.3175     2.2454     0.1233     2.0580     3.2247     0.6325     0.5397 -122.42080   37.84644      41.22          8  0.000e+00
      28828   1201.125      3.688      3.716    17.1448    17.1391  41.971988  41.975921    17.1442    17.1385    32.3413    32.3493    23.4410    23.4484     6.9101     7.1157    210.996    217.275     2.3162     2.2454     0.1233     2.0580     3.2247     0.6325     0.5397 -122.42080   37.84644      41.22          9  0.000e+00
