WCOA/WCOA-6/CTD_Data/RB2102_CTD_084_01.ros
* Sea-Bird SBE 9 Data File:
* FileName = C:\Users\scs.user.rb\CTD\RB2102\Data\RB2102_CTD_084_01.hex
* Software Version Seasave V 7.26.7.107
* Temperature SN = 6202
* Conductivity SN = 4907
* Number of Bytes Per Scan = 41
* Number of Voltage Words = 4
* Number of Scans Averaged by the Deck Unit = 1
* NMEA Latitude = 37 51.68 N
* NMEA Longitude = 123 04.24 W
* NMEA UTC (Time) = Jul 11 2021  11:09:21
* NMEA baud rate = 4800
# nquan = 30
# nvalues = 1176                                  
# units = specified
# name 0 = scan: Scan Count
# name 1 = timeS: Time, Elapsed [seconds]
# name 2 = depSM: Depth [salt water, m]
# name 3 = prDM: Pressure, Digiquartz [db]
# name 4 = t090C: Temperature [ITS-90, deg C]
# name 5 = t190C: Temperature, 2 [ITS-90, deg C]
# name 6 = c0mS/cm: Conductivity [mS/cm]
# name 7 = c1mS/cm: Conductivity, 2 [mS/cm]
# name 8 = potemp090C: Potential Temperature [ITS-90, deg C]
# name 9 = potemp190C: Potential Temperature, 2 [ITS-90, deg C]
# name 10 = sal00: Salinity, Practical [PSU]
# name 11 = sal11: Salinity, Practical, 2 [PSU]
# name 12 = sigma-é00: Density [sigma-theta, kg/m^3]
# name 13 = sigma-é11: Density, 2 [sigma-theta, kg/m^3]
# name 14 = sbeox0Mg/L: Oxygen, SBE 43 [mg/l]
# name 15 = sbeox1Mg/L: Oxygen, SBE 43, 2 [mg/l]
# name 16 = sbox0Mm/Kg: Oxygen, SBE 43 [umol/kg]
# name 17 = sbox1Mm/Kg: Oxygen, SBE 43, 2 [umol/kg]
# name 18 = sbeox0V: Oxygen raw, SBE 43 [V]
# name 19 = sbeox1V: Oxygen raw, SBE 43, 2 [V]
# name 20 = v4: Voltage 4
# name 21 = flECO-AFL: Fluorescence, WET Labs ECO-AFL/FL [mg/m^3]
# name 22 = v3: Voltage 3
# name 23 = v6: Voltage 6
# name 24 = v7: Voltage 7
# name 25 = longitude: Longitude [deg]
# name 26 = latitude: Latitude [deg]
# name 27 = altM: Altimeter [m]
# name 28 = nbf: Bottles Fired
# name 29 = flag:  0.000e+00
# interval = seconds: 0.0416667
# start_time = Jul 11 2021 11:09:21 [NMEA time, header]
# bad_flag = -9.990e-29
*END*
[from data line 436]
      23750    989.542     50.201     50.585     9.7433     9.7437  36.830016  36.830913     9.7377     9.7381    33.9311    33.9316    26.1612    26.1616     3.8528     3.9978    117.331    121.749     1.3626     1.3382     0.0427     0.0434     3.3761     0.0586     0.0745 -123.07098   37.86116      41.32          9  0.000e+00
      23751    989.583     50.201     50.585     9.7431     9.7439  36.830144  36.830785     9.7375     9.7383    33.9314    33.9313    26.1615    26.1613     3.8528     3.9978    117.331    121.749     1.3626     1.3382     0.0427     0.0434     3.3761     0.0586     0.0745 -123.07098   37.86116      41.29          9  0.000e+00
      23752    989.625     50.228     50.612     9.7428     9.7437  36.830465  36.830721     9.7371     9.7380    33.9320    33.9314    26.1621    26.1615     3.8528     3.9979    117.332    121.750     1.3626     1.3382     0.0427     0.0434     3.3761     0.0598     0.0745 -123.07098   37.86116      41.27          9  0.000e+00
      23753    989.667     50.201     50.585     9.7429     9.7437  36.830080  36.830400     9.7373     9.7381    33.9315    33.9310    26.1616    26.1612     3.8528     3.9979    117.332    121.749     1.3626     1.3382     0.0427     0.0434     3.3748     0.0598     0.0745 -123.07098   37.86116      41.27          9  0.000e+00
      23754    989.708     50.248     50.632     9.7428     9.7436  36.830145  36.830592     9.7371     9.7379    33.9316    33.9314    26.1618    26.1615     3.8528     3.9979    117.333    121.750     1.3626     1.3382     0.0427     0.0434     3.3761     0.0586     0.0733 -123.07098   37.86116      41.27          9  0.000e+00
      27190   1132.875     40.899     41.211     9.8062     9.8073  36.765003  36.763315     9.8016     9.8027    33.8095    33.8068    26.0556    26.0533     4.8535     5.0120    147.823    152.651     1.5922     1.5519     0.0452     0.1044     3.3712     0.0672     0.0867 -123.07104   37.86114      50.60         10  0.000e+00
      27191   1132.917     40.945     41.258     9.8070     9.8084  36.768465  36.766455     9.8024     9.8038    33.8123    33.8089    26.0577    26.0548     4.8534     5.0119    147.819    152.646     1.5922     1.5519     0.0440     0.0739     3.3724     0.0672     0.0867 -123.07104   37.86114      50.53         10  0.000e+00
      27192   1132.958     40.899     41.211     9.8080     9.8091  36.769555  36.769850     9.8034     9.8045    33.8125    33.8118    26.0576    26.0569     4.8532     5.0117    147.814    152.639     1.5922     1.5519     0.0440     0.0739     3.3724     0.0684     0.0879 -123.07104   37.86114      50.50         10  0.000e+00
      27193   1133.000     40.998     41.311     9.8088     9.8105  36.768914  36.771645     9.8041     9.8059    33.8111    33.8122    26.0564    26.0570     4.8533     5.0115    147.815    152.635     1.5922     1.5519     0.0440     0.0739     3.3724     0.0684     0.0879 -123.07104   37.86114      50.50         10  0.000e+00
      27194   1133.042     40.945     41.258     9.8087     9.8107  36.766926  36.771260     9.8040     9.8061    33.8091    33.8117    26.0550    26.0566     4.8533     5.0173    147.817    152.812     1.5922     1.5531     0.0440     0.0739     3.3724     0.0684     0.0879 -123.07104   37.86114      50.50         10  0.000e+00
      27195   1133.083     40.998     41.311     9.8083     9.8110  36.765965  36.770491     9.8037     9.8064    33.8084    33.8105    26.0545    26.0556     4.8534     5.0174    147.819    152.813     1.5922     1.5531     0.0440     0.0739     3.3712     0.0672     0.0867 -123.07104   37.86114      50.50         10  0.000e+00
      27196   1133.125     40.998     41.311     9.8088     9.8105  36.766991  36.768377     9.8042     9.8059    33.8090    33.8089    26.0548    26.0544     4.8533     5.0175    147.817    152.817     1.5922     1.5531     0.0440     0.0739     3.3724     0.0672     0.0867 -123.07104   37.86114      50.45         10  0.000e+00
      27197   1133.167     40.998     41.311     9.8090     9.8101  36.767824  36.766775     9.8044     9.8054    33.8097    33.8077    26.0554    26.0536     4.8533     5.0176    147.816    152.820     1.5922     1.5531     0.0440     0.0739     3.3736     0.0672     0.0867 -123.07104   37.86114      50.33         10  0.000e+00
      27198   1133.208     41.098     41.411     9.8086     9.8096  36.766542  36.765942     9.8039     9.8050    33.8088    33.8072    26.0547    26.0533     4.8588     5.0177    147.983    152.824     1.5934     1.5531     0.0440     0.0739     3.3712     0.0672     0.0879 -123.07104   37.86114      50.31         10  0.000e+00
      27199   1133.250     40.998     41.311     9.8078     9.8092  36.764554  36.766583     9.8032     9.8046    33.8075    33.8082    26.0538    26.0542     4.8588     5.0177    147.985    152.822     1.5934     1.5531     0.0440     0.0739     3.3724     0.0672     0.0867 -123.07104   37.86114      50.33         10  0.000e+00
      27200   1133.292     41.098     41.411     9.8072     9.8088  36.764619  36.766519     9.8026     9.8041    33.8081    33.8086    26.0544    26.0545     4.8590     5.0178    147.989    152.826     1.5934     1.5531     0.0440     0.0739     3.3724     0.0672     0.0867 -123.07104   37.86114      50.33         10  0.000e+00
      27201   1133.333     41.098     41.411     9.8082     9.8088  36.769684  36.766007     9.8035     9.8041    33.8124    33.8080    26.0576    26.0541     4.8587     5.0178    147.981    152.826     1.5934     1.5531     0.0440     0.0739     3.3724     0.0672     0.0867 -123.07104   37.86114      50.33         10  0.000e+00
      27202   1133.375     41.098     41.411     9.8118     9.8086  36.777699  36.766263     9.8071     9.8039    33.8172    33.8085    26.0607    26.0545     4.8635     5.0178    148.127    152.826     1.5946     1.5531     0.0440     0.0739     3.3736     0.0672     0.0867 -123.07104   37.86114      50.31         10  0.000e+00
      27203   1133.417     41.144     41.458     9.8149     9.8089  36.783149  36.766199     9.8103     9.8043    33.8198    33.8081    26.0622    26.0541     4.8631     5.0178    148.114    152.827     1.5946     1.5531     0.0440     0.0739     3.3724     0.0672     0.0867 -123.07104   37.86114      50.26         10  0.000e+00
      27204   1133.458     41.098     41.411     9.8167     9.8092  36.783790  36.766135     9.8120     9.8046    33.8188    33.8077    26.0612    26.0538     4.8629     5.0177    148.109    152.825     1.5946     1.5531     0.0440     0.0739     3.3724     0.0672     0.0867 -123.07104   37.86114      50.26         10  0.000e+00
      27205   1133.500     41.144     41.458     9.8172     9.8092  36.782636  36.766391     9.8125     9.8046    33.8171    33.8080    26.0598    26.0540     4.8630     5.0178    148.110    152.826     1.5946     1.5531     0.0440     0.0739     3.3724     0.0684     0.0879 -123.07104   37.86114      50.26         10  0.000e+00
      27206   1133.542     41.144     41.458     9.8172     9.8094  36.782828  36.767224     9.8125     9.8048    33.8173    33.8087    26.0599    26.0545     4.8576     5.0177    147.946    152.824     1.5934     1.5531     0.0440     0.0739     3.3712     0.0684     0.0879 -123.07104   37.86114      50.23         10  0.000e+00
      27207   1133.583     41.190     41.505     9.8183     9.8095  36.784432  36.768634     9.8137     9.8049    33.8179    33.8099    26.0602    26.0554     4.8628     5.0177    148.106    152.823     1.5946     1.5531     0.0440     0.0739     3.3712     0.0684     0.0879 -123.07104   37.86114      50.26         10  0.000e+00
      27208   1133.625     41.190     41.505     9.8192     9.8101  36.784432  36.769082     9.8145     9.8054    33.8171    33.8099    26.0594    26.0553     4.8628     5.0176    148.104    152.821     1.5946     1.5531     0.0440     0.0739     3.3712     0.0684     0.0879 -123.07104   37.86114      50.21         10  0.000e+00
      27209   1133.667     41.190     41.505     9.8175     9.8104  36.782316  36.769082     9.8129     9.8057    33.8165    33.8096    26.0592    26.0550     4.8630     5.0176    148.110    152.820     1.5946     1.5531     0.0452     0.1044     3.3712     0.0684     0.0879 -123.07104   37.86114      50.16         10  0.000e+00
      27210   1133.708     41.190     41.505     9.8154     9.8102  36.779238  36.768314     9.8107     9.8056    33.8153    33.8090    26.0586    26.0546     4.8632     5.0176    148.119    152.822     1.5946     1.5531     0.0452     0.1044     3.3712     0.0684     0.0879 -123.07104   37.86114      50.13         10  0.000e+00
      27211   1133.750     41.190     41.505     9.8144     9.8101  36.777442  36.768314     9.8098     9.8054    33.8144    33.8091    26.0581    26.0547     4.8687     5.0177    148.286    152.822     1.5958     1.5531     0.0452     0.1044     3.3712     0.0684     0.0879 -123.07104   37.86114      50.13         10  0.000e+00
      27212   1133.792     41.243     41.558     9.8137     9.8102  36.776737  36.768634     9.8091     9.8055    33.8143    33.8093    26.0581    26.0548     4.8688     5.0177    148.289    152.822     1.5958     1.5531     0.0452     0.1044     3.3712     0.0672     0.0879 -123.07104   37.86112      50.13         10  0.000e+00
      27213   1133.833     41.243     41.558     9.8136     9.8105  36.775775  36.769723     9.8089     9.8059    33.8135    33.8101    26.0575    26.0554     4.8635     5.0176    148.128    152.820     1.5946     1.5531     0.0452     0.1044     3.3712     0.0672     0.0879 -123.07104   37.86112      50.13         10  0.000e+00
      27214   1133.875     41.243     41.558     9.8134     9.8114  36.775006  36.771261     9.8088     9.8068    33.8128    33.8109    26.0570    26.0558     4.8689     5.0175    148.292    152.816     1.5958     1.5531     0.0452     0.1044     3.3724     0.0672     0.0879 -123.07104   37.86112      50.11         10  0.000e+00
      27215   1133.917     41.243     41.558     9.8124     9.8127  36.773339  36.773824     9.8078     9.8080    33.8120    33.8123    26.0566    26.0568     4.8691     5.0173    148.296    152.810     1.5958     1.5531     0.0452     0.1044     3.3724     0.0672     0.0867 -123.07104   37.86112      50.09         10  0.000e+00
      27216   1133.958     41.290     41.605     9.8114     9.8142  36.770903  36.775554     9.8067     9.8095    33.8105    33.8127    26.0556    26.0568     4.8693     5.0171    148.302    152.805     1.5958     1.5531     0.0452     0.1044     3.3724     0.0672     0.0867 -123.07104   37.86112      50.09         10  0.000e+00
      27217   1134.000     41.290     41.605     9.8100     9.8147  36.769300  36.774401     9.8053     9.8100    33.8102    33.8110    26.0555    26.0554     4.8748     5.0171    148.471    152.805     1.5971     1.5531     0.0452     0.1044     3.3724     0.0672     0.0867 -123.07104   37.86112      50.09         10  0.000e+00
      27218   1134.042     41.290     41.605     9.8092     9.8138  36.767504  36.771710     9.8045     9.8092    33.8091    33.8090    26.0548    26.0540     4.8695     5.0173    148.311    152.811     1.5958     1.5531     0.0452     0.1044     3.3712     0.0672     0.0867 -123.07104   37.86112      50.09         10  0.000e+00
      27219   1134.083     41.243     41.558     9.8085     9.8126  36.766799  36.770492     9.8039     9.8079    33.8090    33.8090    26.0549    26.0542     4.8750     5.0174    148.476    152.814     1.5971     1.5531     0.0452     0.1044     3.3724     0.0672     0.0879 -123.07104   37.86112      50.09         10  0.000e+00
      27220   1134.125     41.343     41.658     9.8082     9.8119  36.766543  36.770557     9.8035     9.8072    33.8090    33.8097    26.0550    26.0548     4.8751     5.0175    148.479    152.818     1.5971     1.5531     0.0452     0.1044     3.3724     0.0684     0.0879 -123.07104   37.86112      50.06         10  0.000e+00
      27221   1134.167     41.290     41.605     9.8083     9.8114  36.766863  36.771902     9.8036     9.8067    33.8093    33.8115    26.0552    26.0564     4.8750     5.0175    148.477    152.817     1.5971     1.5531     0.0452     0.1044     3.3724     0.0672     0.0879 -123.07104   37.86112      50.01         10  0.000e+00
      27222   1134.208     41.290     41.605     9.8080     9.8119  36.767761  36.773760     9.8034     9.8072    33.8104    33.8130    26.0561    26.0574     4.8750     5.0174    148.477    152.813     1.5971     1.5531     0.0452     0.1044     3.3724     0.0684     0.0867 -123.07104   37.86112      49.99         10  0.000e+00
      27223   1134.250     41.343     41.658     9.8080     9.8128  36.768467  36.775234     9.8034     9.8082    33.8111    33.8135    26.0566    26.0577     4.8750     5.0173    148.477    152.810     1.5971     1.5531     0.0452     0.1044     3.3712     0.0672     0.0867 -123.07104   37.86112      49.99         10  0.000e+00
      27224   1134.292     41.290     41.605     9.8082     9.8137  36.768659  36.776323     9.8035     9.8090    33.8112    33.8139    26.0567    26.0578     4.8750     5.0171    148.476    152.806     1.5971     1.5531     0.0452     0.1044     3.3712     0.0684     0.0879 -123.07104   37.86112      49.99         10  0.000e+00
      27225   1134.333     41.389     41.705     9.8081     9.8144  36.768403  36.777221     9.8034     9.8097    33.8110    33.8141    26.0565    26.0579     4.8750     5.0171    148.478    152.805     1.5971     1.5531     0.0452     0.1044     3.3724     0.0684     0.0879 -123.07104   37.86112      49.99         10  0.000e+00
      27226   1134.375     41.343     41.658     9.8080     9.8151  36.768338  36.777733     9.8034     9.8105    33.8110    33.8140    26.0565    26.0576     4.8750     5.0170    148.477    152.802     1.5971     1.5531     0.0452     0.1044     3.3724     0.0684     0.0879 -123.07104   37.86112      49.99         10  0.000e+00
      27227   1134.417     41.290     41.605     9.8077     9.8153  36.768146  36.777861     9.8030     9.8107    33.8111    33.8139    26.0567    26.0576     4.8750     5.0169    148.477    152.800     1.5971     1.5531     0.0452     0.1044     3.3724     0.0684     0.0879 -123.07104   37.86112      49.99         10  0.000e+00
      27228   1134.458     41.343     41.658     9.8078     9.8153  36.768018  36.777605     9.8032     9.8106    33.8109    33.8136    26.0564    26.0574     4.8750     5.0170    148.478    152.801     1.5971     1.5531     0.0452     0.1044     3.3724     0.0684     0.0879 -123.07104   37.86112      49.99         10  0.000e+00
      27229   1134.500     41.389     41.705     9.8082     9.8148  36.768210  36.777477     9.8035     9.8101    33.8107    33.8140    26.0563    26.0577     4.8750     5.0171    148.478    152.804     1.5971     1.5531     0.0452     0.1044     3.3724     0.0684     0.0879 -123.07104   37.86112      49.99         10  0.000e+00
      27230   1134.542     41.343     41.658     9.8081     9.8145  36.767825  36.777028     9.8034     9.8098    33.8104    33.8138    26.0561    26.0577     4.8697     5.0171    148.315    152.804     1.5958     1.5531     0.0452     0.1044     3.3712     0.0684     0.0879 -123.07104   37.86112      49.99         10  0.000e+00
      27231   1134.583     41.343     41.658     9.8082     9.8145  36.767889  36.777092     9.8035     9.8099    33.8104    33.8139    26.0560    26.0577     4.8697     5.0171    148.314    152.804     1.5958     1.5531     0.0452     0.1044     3.3712     0.0684     0.0879 -123.07104   37.86112      49.99         10  0.000e+00
