WCOA/WCOA-6/CTD_Data/RB2102_CTD_033_01.ros
* Sea-Bird SBE 9 Data File:
* FileName = C:\Users\scs.user.rb\CTD\RB2102\Data\RB2102_CTD_033_01.hex
* Software Version Seasave V 7.26.7.107
* Temperature SN = 6202
* Conductivity SN = 4907
* Number of Bytes Per Scan = 41
* Number of Voltage Words = 4
* Number of Scans Averaged by the Deck Unit = 1
* NMEA Latitude = 46 07.71 N
* NMEA Longitude = 124 31.57 W
* NMEA UTC (Time) = Jul 01 2021  05:01:31
* NMEA baud rate = 4800
# nquan = 30
# nvalues = 980                                   
# units = specified
# name 0 = scan: Scan Count
# name 1 = timeS: Time, Elapsed [seconds]
# name 2 = depSM: Depth [salt water, m]
# name 3 = prDM: Pressure, Digiquartz [db]
# name 4 = t090C: Temperature [ITS-90, deg C]
# name 5 = t190C: Temperature, 2 [ITS-90, deg C]
# name 6 = c0mS/cm: Conductivity [mS/cm]
# name 7 = c1mS/cm: Conductivity, 2 [mS/cm]
# name 8 = potemp090C: Potential Temperature [ITS-90, deg C]
# name 9 = potemp190C: Potential Temperature, 2 [ITS-90, deg C]
# name 10 = sal00: Salinity, Practical [PSU]
# name 11 = sal11: Salinity, Practical, 2 [PSU]
# name 12 = sigma-é00: Density [sigma-theta, kg/m^3]
# name 13 = sigma-é11: Density, 2 [sigma-theta, kg/m^3]
# name 14 = sbeox0Mg/L: Oxygen, SBE 43 [mg/l]
# name 15 = sbeox1Mg/L: Oxygen, SBE 43, 2 [mg/l]
# name 16 = sbox0Mm/Kg: Oxygen, SBE 43 [umol/kg]
# name 17 = sbox1Mm/Kg: Oxygen, SBE 43, 2 [umol/kg]
# name 18 = sbeox0V: Oxygen raw, SBE 43 [V]
# name 19 = sbeox1V: Oxygen raw, SBE 43, 2 [V]
# name 20 = v4: Voltage 4
# name 21 = flECO-AFL: Fluorescence, WET Labs ECO-AFL/FL [mg/m^3]
# name 22 = v3: Voltage 3
# name 23 = v6: Voltage 6
# name 24 = v7: Voltage 7
# name 25 = longitude: Longitude [deg]
# name 26 = latitude: Latitude [deg]
# name 27 = altM: Altimeter [m]
# name 28 = nbf: Bottles Fired
# name 29 = flag:  0.000e+00
# interval = seconds: 0.0416667
# start_time = Jul 01 2021 05:01:31 [NMEA time, header]
# bad_flag = -9.990e-29
*END*
[from data line 581]
      49453   2060.500     20.543     20.714    12.6582    12.8131  37.380976  37.514394    12.6555    12.8104    31.8832    31.8787    24.0460    24.0127    10.7377    10.4418    327.679    318.659     3.0672     2.8217     0.1538     2.8212     3.2991     0.8938     0.0000 -124.52646   46.12820      99.93         12  0.000e+00
      49454   2060.542     20.549     20.721    12.6563    12.8138  37.375039  37.516009    12.6536    12.8111    31.8792    31.8797    24.0432    24.0133    10.7384    10.4416    327.702    318.653     3.0672     2.8217     0.1526     2.7906     3.3004     0.8950     0.0000 -124.52646   46.12820      99.93         12  0.000e+00
      49455   2060.583     20.543     20.714    12.6525    12.8119  37.370651  37.515686    12.6498    12.8092    31.8783    31.8809    24.0433    24.0147    10.7343    10.4419    327.576    318.663     3.0659     2.8217     0.1526     2.7906     3.3004     0.8950     0.0000 -124.52646   46.12820      99.93         12  0.000e+00
      49456   2060.625     20.503     20.674    12.6505    12.8098  37.373684  37.513490    12.6479    12.8071    31.8828    31.8807    24.0472    24.0149    10.7344    10.4479    327.577    318.845     3.0659     2.8230     0.1538     2.8212     3.3004     0.8938     0.0000 -124.52646   46.12820      99.93         12  0.000e+00
      49457   2060.667     20.543     20.714    12.6573    12.8131  37.384720  37.510971    12.6546    12.8104    31.8875    31.8755    24.0495    24.0102    10.7326    10.4475    327.520    318.834     3.0659     2.8230     0.1538     2.8212     3.3004     0.8950     0.0000 -124.52646   46.12820      99.93         12  0.000e+00
      49458   2060.708     20.550     20.721    12.6650    12.8182  37.393045  37.510970    12.6623    12.8154    31.8889    31.8712    24.0491    24.0060    10.7307    10.4466    327.464    318.809     3.0659     2.8230     0.1538     2.8212     3.3004     0.8950     0.0000 -124.52646   46.12820      99.93         12  0.000e+00
      49459   2060.750     20.543     20.714    12.6690    12.8294  37.393367  37.513940    12.6663    12.8267    31.8859    31.8646    24.0460    23.9986    10.7300    10.4444    327.443    318.744     3.0659     2.8230     0.1526     2.7906     3.2991     0.8950     0.0000 -124.52646   46.12820      99.93         12  0.000e+00
      49864   2077.625     20.502     20.673    13.2051    13.2684  37.812500  37.858904    13.2024    13.2656    31.8298    31.8203    23.8985    23.8787    10.5209    10.3184    321.108    314.935     3.0440     2.8168     0.1197     1.9665     3.2979     0.8596     0.0000 -124.52646   46.12822      99.90         13  0.000e+00
      49865   2077.667     20.456     20.627    13.2175    13.2441  37.819890  37.855472    13.2148    13.2414    31.8264    31.8374    23.8934    23.8967    10.5183    10.3174    321.030    314.897     3.0440     2.8156     0.1197     1.9665     3.2979     0.8596     0.0000 -124.52646   46.12822      99.93         13  0.000e+00
      49866   2077.708     20.502     20.673    13.2318    13.2467  37.825400  37.855018    13.2290    13.2439    31.8196    31.8348    23.8854    23.8942    10.5106    10.3170    320.798    314.887     3.0427     2.8156     0.1197     1.9665     3.2979     0.8596     0.0000 -124.52646   46.12822      99.93         13  0.000e+00
      49867   2077.750     20.456     20.627    13.2376    13.2635  37.824037  37.861692    13.2348    13.2607    31.8135    31.8270    23.8795    23.8848    10.5096    10.3136    320.770    314.786     3.0427     2.8156     0.1197     1.9665     3.2991     0.8596     0.0000 -124.52646   46.12822      99.93         13  0.000e+00
      49868   2077.792     20.456     20.627    13.2345    13.2818  37.822352  37.870442    13.2317    13.2791    31.8145    31.8199    23.8809    23.8757    10.5102    10.3044    320.789    314.508     3.0427     2.8144     0.1221     2.0275     3.2979     0.8596     0.0000 -124.52646   46.12822      99.93         13  0.000e+00
      49869   2077.833     20.509     20.680    13.2404    13.2946  37.823713  37.872710    13.2376    13.2918    31.8108    31.8113    23.8768    23.8666    10.5042    10.3021    320.606    314.441     3.0415     2.8144     0.1221     2.0275     3.2979     0.8596     0.0000 -124.52646   46.12822      99.93         13  0.000e+00
      49870   2077.875     20.456     20.627    13.2434    13.3024  37.826112  37.866226    13.2407    13.2996    31.8105    31.7988    23.8760    23.8553    10.5035    10.2956    320.584    314.247     3.0415     2.8132     0.1221     2.0275     3.2979     0.8596     0.0000 -124.52646   46.12822      99.90         13  0.000e+00
      49871   2077.917     20.509     20.680    13.2451    13.2983  37.829483  37.852289    13.2423    13.2955    31.8123    31.7891    23.8771    23.8487    10.4980    10.2973    320.418    314.298     3.0403     2.8132     0.1221     2.0275     3.2979     0.8596     0.0000 -124.52646   46.12822      99.90         13  0.000e+00
      49872   2077.958     20.502     20.673    13.2443    13.2674  37.832791  37.837191    13.2416    13.2646    31.8160    31.8009    23.8801    23.8639    10.4980    10.3036    320.414    314.486     3.0403     2.8132     0.1221     2.0275     3.2991     0.8596     0.0000 -124.52646   46.12822      99.93         13  0.000e+00
      49873   2078.000     20.509     20.680    13.2442    13.2576  37.838692  37.839719    13.2415    13.2548    31.8216    31.8114    23.8844    23.8739    10.4976    10.3051    320.403    314.530     3.0403     2.8132     0.1221     2.0275     3.2991     0.8596     0.0000 -124.52646   46.12822      99.93         13  0.000e+00
      49874   2078.042     20.456     20.627    13.2484    13.2833  37.847836  37.857476    13.2456    13.2806    31.8267    31.8065    23.8876    23.8651    10.4913    10.2995    320.208    314.361     3.0391     2.8132     0.1221     2.0275     3.2979     0.8596     0.0000 -124.52646   46.12822      99.93         13  0.000e+00
      49875   2078.083     20.509     20.680    13.2516    13.3185  37.859057  37.880228    13.2488    13.3157    31.8345    31.7984    23.8930    23.8518    10.4901    10.2921    320.171    314.138     3.0391     2.8132     0.1221     2.0275     3.2991     0.8596     0.0000 -124.52646   46.12822      99.93         13  0.000e+00
      49876   2078.125     20.502     20.673    13.2564    13.3544  37.869955  37.907136    13.2536    13.3516    31.8407    31.7936    23.8968    23.8410    10.4886    10.2842    320.125    313.902     3.0391     2.8132     0.1221     2.0275     3.2979     0.8584     0.0000 -124.52646   46.12822      99.93         13  0.000e+00
      49877   2078.167     20.509     20.680    13.2667    13.3755  37.878452  37.926269    13.2640    13.3727    31.8400    31.7938    23.8942    23.8370    10.4814    10.2739    319.904    313.590     3.0379     2.8120     0.1221     2.0275     3.2979     0.8571     0.0000 -124.52646   46.12822      99.90         13  0.000e+00
      49878   2078.208     20.503     20.673    13.2806    13.3799  37.881759  37.935999    13.2778    13.3771    31.8315    31.7992    23.8849    23.8403    10.4788    10.2726    319.829    313.548     3.0379     2.8120     0.1221     2.0275     3.2991     0.8571     0.0000 -124.52646   46.12822      99.93         13  0.000e+00
      49879   2078.250     20.509     20.680    13.2937    13.3914  37.880979  37.943654    13.2910    13.3886    31.8198    31.7967    23.8733    23.8361    10.4767    10.2701    319.767    313.474     3.0379     2.8120     0.1221     2.0275     3.2979     0.8571     0.0000 -124.52646   46.12822      99.93         13  0.000e+00
      49880   2078.292     20.503     20.673    13.3051    13.4018  37.880653  37.948129    13.3023    13.3990    31.8100    31.7922    23.8634    23.8306    10.4748    10.2681    319.712    313.412     3.0379     2.8120     0.1221     2.0275     3.2991     0.8571     0.0000 -124.52646   46.12822      99.93         13  0.000e+00
      49881   2078.333     20.509     20.680    13.3124    13.4134  37.881561  37.953449    13.3096    13.4106    31.8047    31.7875    23.8579    23.8246    10.4735    10.2657    319.675    313.343     3.0379     2.8120     0.1221     2.0275     3.2991     0.8571     0.0000 -124.52646   46.12822      99.90         13  0.000e+00
      49882   2078.375     20.503     20.674    13.3131    13.4197  37.880393  37.958445    13.3103    13.4169    31.8031    31.7870    23.8565    23.8230    10.4685    10.2643    319.521    313.301     3.0366     2.8120     0.1221     2.0275     3.2979     0.8571     0.0000 -124.52646   46.12822      99.93         13  0.000e+00
      49883   2078.417     20.509     20.680    13.3103    13.4211  37.877214  37.959807    13.3075    13.4183    31.8024    31.7870    23.8566    23.8227    10.4691    10.2640    319.542    313.292     3.0366     2.8120     0.1221     2.0275     3.2979     0.8571     0.0000 -124.52646   46.12822      99.93         13  0.000e+00
      49884   2078.458     20.556     20.727    13.3087    13.4169  37.875009  37.959159    13.3059    13.4141    31.8016    31.7899    23.8563    23.8258    10.4696    10.2648    319.556    313.316     3.0366     2.8120     0.1221     2.0275     3.2979     0.8571     0.0000 -124.52646   46.12822      99.93         13  0.000e+00
      49885   2078.500     20.503     20.674    13.3076    13.4211  37.876047  37.963182    13.3048    13.4183    31.8036    31.7902    23.8580    23.8251    10.4696    10.2638    319.557    313.284     3.0366     2.8120     0.1221     2.0275     3.2991     0.8571     0.0000 -124.52646   46.12822      99.93         13  0.000e+00
      49886   2078.542     20.509     20.680    13.3054    13.4279  37.875593  37.969801    13.3026    13.4251    31.8050    31.7907    23.8595    23.8242    10.4700    10.2623    319.569    313.237     3.0366     2.8120     0.1221     2.0275     3.2979     0.8571     0.0000 -124.52646   46.12822      99.93         13  0.000e+00
      49887   2078.583     20.503     20.674    13.3006    13.4330  37.873517  37.975057    13.2978    13.4302    31.8071    31.7913    23.8621    23.8237    10.4710    10.2610    319.596    313.200     3.0366     2.8120     0.1221     2.0275     3.2979     0.8571     0.0000 -124.52646   46.12822      99.93         13  0.000e+00
      49888   2078.625     20.509     20.680    13.2961    13.4364  37.872220  37.976679    13.2933    13.4336    31.8096    31.7900    23.8649    23.8220    10.4718    10.2604    319.621    313.180     3.0366     2.8120     0.1221     2.0275     3.2979     0.8571     0.0000 -124.52646   46.12822      99.93         13  0.000e+00
      49889   2078.667     20.549     20.720    13.2939    13.4364  37.870210  37.976420    13.2911    13.4336    31.8095    31.7898    23.8653    23.8218    10.4673    10.2604    319.484    313.182     3.0354     2.8120     0.1221     2.0275     3.2979     0.8571     0.0000 -124.52646   46.12822      99.90         13  0.000e+00
      49890   2078.708     20.509     20.680    13.2909    13.4353  37.867031  37.972720    13.2881    13.4325    31.8091    31.7873    23.8656    23.8201    10.4680    10.2608    319.504    313.194     3.0354     2.8120     0.1221     2.0275     3.2979     0.8571     0.0000 -124.52646   46.12822      99.93         13  0.000e+00
      49891   2078.750     20.503     20.674    13.2852    13.4326  37.862491  37.965582    13.2824    13.4298    31.8096    31.7829    23.8671    23.8172    10.4742    10.2617    319.694    313.222     3.0366     2.8120     0.1221     2.0275     3.2991     0.8571     0.0000 -124.52646   46.12822      99.93         13  0.000e+00
      49892   2078.792     20.509     20.680    13.2799    13.4273  37.857562  37.960261    13.2771    13.4245    31.8094    31.7823    23.8680    23.8178    10.4754    10.2629    319.730    313.259     3.0366     2.8120     0.1221     2.0275     3.2979     0.8571     0.0000 -124.52646   46.12822      99.93         13  0.000e+00
      49893   2078.833     20.549     20.720    13.2766    13.4200  37.854060  37.958250    13.2738    13.4172    31.8089    31.7865    23.8683    23.8225    10.4762    10.2644    319.755    313.302     3.0366     2.8120     0.1221     2.0275     3.2991     0.8571     0.0000 -124.52646   46.12822      99.90         13  0.000e+00
      49894   2078.875     20.509     20.680    13.2750    13.4136  37.850752  37.953384    13.2723    13.4108    31.8071    31.7873    23.8672    23.8244    10.4716    10.2657    319.615    313.343     3.0354     2.8120     0.1270     2.1496     3.2991     0.8571     0.0000 -124.52646   46.12822      99.93         13  0.000e+00
      49895   2078.917     20.549     20.720    13.2719    13.4015  37.848158  37.943458    13.2691    13.3987    31.8073    31.7881    23.8679    23.8274    10.4774    10.2685    319.790    313.425     3.0366     2.8120     0.1294     2.2107     3.2979     0.8571     0.0000 -124.52646   46.12822      99.93         13  0.000e+00
      49896   2078.958     20.509     20.680    13.2690    13.3906  37.846861  37.931586    13.2663    13.3878    31.8085    31.7862    23.8694    23.8281    10.4779    10.2710    319.805    313.503     3.0366     2.8120     0.1282     2.1801     3.2991     0.8571     0.0000 -124.52646   46.12822      99.93         13  0.000e+00
      49897   2079.000     20.503     20.674    13.2648    13.3829  37.845694  37.923673    13.2620    13.3801    31.8110    31.7852    23.8722    23.8289    10.4787    10.2782    319.828    313.724     3.0366     2.8132     0.1282     2.1801     3.2991     0.8571     0.0000 -124.52646   46.12822      99.93         13  0.000e+00
      49898   2079.042     20.556     20.727    13.2620    13.3751  37.845046  37.918939    13.2593    13.3723    31.8126    31.7872    23.8740    23.8320    10.4792    10.2799    319.845    313.775     3.0366     2.8132     0.1282     2.1801     3.2979     0.8571     0.0000 -124.52646   46.12822      99.93         13  0.000e+00
      49899   2079.083     20.503     20.674    13.2587    13.3681  37.842971  37.916409    13.2560    13.3653    31.8135    31.7907    23.8753    23.8361    10.4799    10.2812    319.863    313.813     3.0366     2.8132     0.1282     2.1801     3.2991     0.8571     0.0000 -124.52646   46.12822      99.93         13  0.000e+00
      49900   2079.125     20.556     20.727    13.2557    13.3621  37.840312  37.915308    13.2529    13.3593    31.8135    31.7947    23.8759    23.8403    10.4856    10.2824    320.039    313.848     3.0379     2.8132     0.1282     2.1801     3.2991     0.8559     0.0000 -124.52646   46.12822      99.93         13  0.000e+00
      49901   2079.167     20.503     20.674    13.2531    13.3546  37.838367  37.913946    13.2503    13.3518    31.8139    31.7998    23.8768    23.8458    10.4861    10.2838    320.054    313.887     3.0379     2.8132     0.1282     2.1801     3.2991     0.8547     0.0000 -124.52646   46.12822      99.93         13  0.000e+00
      49902   2079.208     20.509     20.680    13.2517    13.3515  37.836746  37.913363    13.2489    13.3487    31.8136    31.8018    23.8768    23.8479    10.4864    10.2898    320.064    314.070     3.0379     2.8144     0.1282     2.1801     3.2979     0.8547     0.0000 -124.52646   46.12822      99.93         13  0.000e+00
      49903   2079.250     20.602     20.774    13.2501    13.3520  37.836552  37.915828    13.2473    13.3492    31.8147    31.8036    23.8779    23.8492    10.4869    10.2896    320.076    314.066     3.0379     2.8144     0.1282     2.1801     3.2979     0.8547     0.0000 -124.52646   46.12822      99.90         13  0.000e+00
