WCOA/WCOA-6/CTD_Data/RB2102_CTD_013_01.ros
* Sea-Bird SBE 9 Data File:
* FileName = C:\Users\scs.user.rb\CTD\RB2102\Data\RB2102_CTD_013_01.hex
* Software Version Seasave V 7.26.7.107
* Temperature SN = 6202
* Conductivity SN = 4907
* Number of Bytes Per Scan = 41
* Number of Voltage Words = 4
* Number of Scans Averaged by the Deck Unit = 1
* NMEA Latitude = 48 46.85 N
* NMEA Longitude = 125 34.43 W
* NMEA UTC (Time) = Jun 28 2021  04:51:23
* NMEA baud rate = 4800
# nquan = 30
# nvalues = 686                                   
# units = specified
# name 0 = scan: Scan Count
# name 1 = timeS: Time, Elapsed [seconds]
# name 2 = depSM: Depth [salt water, m]
# name 3 = prDM: Pressure, Digiquartz [db]
# name 4 = t090C: Temperature [ITS-90, deg C]
# name 5 = t190C: Temperature, 2 [ITS-90, deg C]
# name 6 = c0mS/cm: Conductivity [mS/cm]
# name 7 = c1mS/cm: Conductivity, 2 [mS/cm]
# name 8 = potemp090C: Potential Temperature [ITS-90, deg C]
# name 9 = potemp190C: Potential Temperature, 2 [ITS-90, deg C]
# name 10 = sal00: Salinity, Practical [PSU]
# name 11 = sal11: Salinity, Practical, 2 [PSU]
# name 12 = sigma-é00: Density [sigma-theta, kg/m^3]
# name 13 = sigma-é11: Density, 2 [sigma-theta, kg/m^3]
# name 14 = sbeox0Mg/L: Oxygen, SBE 43 [mg/l]
# name 15 = sbeox1Mg/L: Oxygen, SBE 43, 2 [mg/l]
# name 16 = sbox0Mm/Kg: Oxygen, SBE 43 [umol/kg]
# name 17 = sbox1Mm/Kg: Oxygen, SBE 43, 2 [umol/kg]
# name 18 = sbeox0V: Oxygen raw, SBE 43 [V]
# name 19 = sbeox1V: Oxygen raw, SBE 43, 2 [V]
# name 20 = v4: Voltage 4
# name 21 = flECO-AFL: Fluorescence, WET Labs ECO-AFL/FL [mg/m^3]
# name 22 = v3: Voltage 3
# name 23 = v6: Voltage 6
# name 24 = v7: Voltage 7
# name 25 = longitude: Longitude [deg]
# name 26 = latitude: Latitude [deg]
# name 27 = altM: Altimeter [m]
# name 28 = nbf: Bottles Fired
# name 29 = flag:  0.000e+00
# interval = seconds: 0.0416667
# start_time = Jun 28 2021 04:51:23 [NMEA time, header]
# bad_flag = -9.990e-29
*END*
[from data line 387]
      41152   1714.625     40.567     40.918     9.0016     8.9952  34.708485  34.705433     8.9973     8.9909    32.4349    32.4375    25.1104    25.1135     5.2090     5.1380    158.797    156.632     1.6410     1.5482     0.0501     0.2265     3.2589     1.4835     1.1148 -125.57506   48.78052      99.44          8  0.000e+00
      41153   1714.667     40.567     40.918     9.0017     8.9957  34.708423  34.705308     8.9975     8.9915    32.4347    32.4369    25.1103    25.1130     5.2090     5.1440    158.797    156.814     1.6410     1.5495     0.0501     0.2265     3.2576     1.4835     1.1148 -125.57506   48.78052      99.44          8  0.000e+00
      41154   1714.708     40.614     40.964     9.0019     8.9960  34.707859  34.705496     8.9977     8.9918    32.4339    32.4368    25.1096    25.1128     5.2146     5.1380    158.966    156.630     1.6422     1.5482     0.0501     0.2265     3.2576     1.4835     1.1148 -125.57506   48.78052      99.44          8  0.000e+00
      41155   1714.750     40.554     40.904     9.0020     8.9960  34.708423  34.705997     8.9978     8.9918    32.4344    32.4373    25.1100    25.1132     5.2145     5.1439    158.964    156.812     1.6422     1.5495     0.0501     0.2265     3.2576     1.4835     1.1148 -125.57506   48.78052      99.44          8  0.000e+00
      41156   1714.792     40.614     40.964     9.0025     8.9958  34.708172  34.706185     8.9983     8.9916    32.4336    32.4377    25.1093    25.1135     5.2145     5.1440    158.964    156.813     1.6422     1.5495     0.0501     0.2265     3.2576     1.4835     1.1148 -125.57506   48.78052      99.44          8  0.000e+00
      44835   1868.083     30.332     30.594     9.4287     9.4262  34.911851  34.909271     9.4254     9.4230    32.2621    32.2617    24.9081    24.9081     5.8546     5.7672    178.513    175.848     1.7973     1.6886     0.0574     0.4097     3.2564     1.4115     0.5543 -125.57518   48.78052      99.37          9  0.000e+00
      44836   1868.125     30.240     30.500     9.4281     9.4264  34.911223  34.909397     9.4248     9.4231    32.2621    32.2618    24.9081    24.9081     5.8601     5.7671    178.680    175.846     1.7985     1.6886     0.0574     0.4097     3.2540     1.4115     0.5543 -125.57518   48.78052      99.37          9  0.000e+00
      44837   1868.167     30.385     30.647     9.4279     9.4264  34.911097  34.909460     9.4246     9.4231    32.2621    32.2618    24.9082    24.9081     5.8602     5.7613    178.684    175.668     1.7985     1.6874     0.0562     0.3792     3.2552     1.4103     0.5543 -125.57518   48.78052      99.37          9  0.000e+00
      44838   1868.208     30.332     30.594     9.4279     9.4264  34.911286  34.909271     9.4246     9.4231    32.2623    32.2616    24.9083    24.9080     5.8547     5.7613    178.516    175.667     1.7973     1.6874     0.0562     0.3792     3.2552     1.4115     0.5543 -125.57518   48.78052      99.37          9  0.000e+00
      44839   1868.250     30.240     30.500     9.4280     9.4266  34.911600  34.909397     9.4247     9.4233    32.2626    32.2616    24.9085    24.9080     5.8546     5.7671    178.513    175.845     1.7973     1.6886     0.0562     0.3792     3.2540     1.4103     0.5543 -125.57518   48.78052      92.99          9  0.000e+00
      44840   1868.292     30.286     30.547     9.4292     9.4266  34.911914  34.909899     9.4260     9.4233    32.2618    32.2621    24.9077    24.9084     5.8545     5.7671    178.510    175.845     1.7973     1.6886     0.0549     0.3486     3.2540     1.4103     0.5543 -125.57518   48.78052      79.95          9  0.000e+00
      44841   1868.333     30.339     30.600     9.4302     9.4269  34.912479  34.910088     9.4269     9.4236    32.2615    32.2620    24.9073    24.9082     5.8544     5.7671    178.508    175.845     1.7973     1.6886     0.0537     0.3181     3.2540     1.4103     0.5543 -125.57518   48.78052      76.24          9  0.000e+00
      44842   1868.375     30.286     30.547     9.4302     9.4270  34.912416  34.911029     9.4269     9.4238    32.2614    32.2628    24.9073    24.9089     5.8544     5.7670    178.507    175.843     1.7973     1.6886     0.0537     0.3181     3.2552     1.4103     0.5543 -125.57518   48.78052      76.70          9  0.000e+00
      44843   1868.417     30.286     30.547     9.4315     9.4279  34.913044  34.911343     9.4282     9.4246    32.2609    32.2624    24.9066    24.9084     5.8542     5.7610    178.502    175.658     1.7973     1.6874     0.0549     0.3486     3.2552     1.4103     0.5543 -125.57518   48.78052      77.34          9  0.000e+00
      44844   1868.458     30.286     30.547     9.4326     9.4282  34.913610  34.911343     9.4294     9.4249    32.2604    32.2621    24.9061    24.9081     5.8541     5.7610    178.498    175.657     1.7973     1.6874     0.0549     0.3486     3.2540     1.4103     0.5543 -125.57518   48.78052      77.46          9  0.000e+00
      44845   1868.500     30.286     30.547     9.4328     9.4292  34.913610  34.912033     9.4295     9.4259    32.2603    32.2619    24.9060    24.9078     5.8541     5.7608    178.497    175.653     1.7973     1.6874     0.0549     0.3486     3.2552     1.4103     0.5543 -125.57518   48.78052      84.64          9  0.000e+00
      44846   1868.542     30.293     30.554     9.4331     9.4294  34.913798  34.912033     9.4299     9.4261    32.2602    32.2618    24.9058    24.9077     5.8541     5.7608    178.496    175.653     1.7973     1.6874     0.0562     0.3792     3.2552     1.4103     0.5543 -125.57518   48.78052      97.48          9  0.000e+00
      44847   1868.583     30.286     30.547     9.4337     9.4296  34.914363  34.912222     9.4305     9.4264    32.2602    32.2617    24.9058    24.9076     5.8540     5.7608    178.494    175.652     1.7973     1.6874     0.0549     0.3486     3.2564     1.4103     0.5543 -125.57518   48.78052     100.00          9  0.000e+00
      44848   1868.625     30.286     30.547     9.4342     9.4302  34.914740  34.912535     9.4310     9.4269    32.2602    32.2616    24.9056    24.9074     5.8539     5.7607    178.492    175.650     1.7973     1.6874     0.0549     0.3486     3.2552     1.4103     0.5543 -125.57518   48.78052     100.00          9  0.000e+00
      44849   1868.667     30.286     30.547     9.4344     9.4303  34.914866  34.913289     9.4312     9.4270    32.2601    32.2622    24.9056    24.9079     5.8539     5.7607    178.491    175.648     1.7973     1.6874     0.0549     0.3486     3.2552     1.4103     0.5543 -125.57518   48.78052      99.51          9  0.000e+00
      44850   1868.708     30.240     30.500     9.4346     9.4310  34.915054  34.913540     9.4313     9.4277    32.2602    32.2619    24.9056    24.9075     5.8484     5.7605    178.323    175.645     1.7961     1.6874     0.0549     0.3486     3.2540     1.4103     0.5543 -125.57518   48.78052      99.22          9  0.000e+00
      44851   1868.750     30.293     30.554     9.4338     9.4316  34.914929  34.914482     9.4305     9.4283    32.2608    32.2623    24.9062    24.9077     5.8539     5.7545    178.493    175.462     1.7973     1.6862     0.0562     0.3792     3.2564     1.4103     0.5543 -125.57518   48.78052      99.29          9  0.000e+00
      44852   1868.792     30.240     30.500     9.4328     9.4326  34.914363  34.915235     9.4295     9.4294    32.2611    32.2621    24.9066    24.9074     5.8486     5.7603    178.329    175.638     1.7961     1.6874     0.0549     0.3486     3.2564     1.4103     0.5543 -125.57518   48.78050      99.34          9  0.000e+00
      44853   1868.833     30.240     30.500     9.4317     9.4347  34.914049  34.916113     9.4284     9.4315    32.2618    32.2611    24.9073    24.9063     5.8542     5.7541    178.499    175.449     1.7973     1.6862     0.0549     0.3486     3.2552     1.4103     0.5543 -125.57518   48.78050      99.37          9  0.000e+00
      44854   1868.875     30.240     30.500     9.4315     9.4362  34.914175  34.917243     9.4282     9.4330    32.2621    32.2609    24.9076    24.9059     5.8542     5.7480    178.499    175.262     1.7973     1.6850     0.0562     0.3792     3.2540     1.4103     0.5543 -125.57518   48.78050      99.37          9  0.000e+00
      44855   1868.917     30.240     30.500     9.4314     9.4375  34.913987  34.917745     9.4282     9.4342    32.2619    32.2603    24.9075    24.9052     5.8487     5.7597    178.333    175.619     1.7961     1.6874     0.0549     0.3486     3.2540     1.4115     0.5543 -125.57518   48.78050      99.34          9  0.000e+00
      44856   1868.958     30.240     30.500     9.4315     9.4386  34.913924  34.917682     9.4282     9.4353    32.2618    32.2593    24.9074    24.9043     5.8542     5.7537    178.500    175.435     1.7973     1.6862     0.0562     0.3792     3.2540     1.4103     0.5543 -125.57518   48.78050      99.34          9  0.000e+00
      44857   1869.000     30.240     30.500     9.4318     9.4393  34.913924  34.918499     9.4285     9.4361    32.2615    32.2595    24.9071    24.9043     5.8487     5.7476    178.332    175.251     1.7961     1.6850     0.0562     0.3792     3.2552     1.4103     0.5543 -125.57518   48.78050      99.37          9  0.000e+00
      44858   1869.042     30.187     30.447     9.4323     9.4400  34.914615  34.918812     9.4291     9.4368    32.2618    32.2592    24.9072    24.9039     5.8486     5.7534    178.329    175.428     1.7961     1.6862     0.0549     0.3486     3.2552     1.4103     0.5543 -125.57518   48.78050      99.37          9  0.000e+00
      44859   1869.083     30.187     30.447     9.4333     9.4416  34.915054  34.919063     9.4300     9.4384    32.2614    32.2580    24.9067    24.9028     5.8539     5.7473    178.492    175.242     1.7973     1.6850     0.0562     0.3792     3.2564     1.4103     0.5543 -125.57518   48.78050      99.37          9  0.000e+00
      44860   1869.125     30.240     30.501     9.4341     9.4427  34.914929  34.919817     9.4308     9.4394    32.2605    32.2578    24.9059    24.9024     5.8484     5.7472    178.324    175.239     1.7961     1.6850     0.0549     0.3486     3.2552     1.4103     0.5543 -125.57518   48.78050      99.37          9  0.000e+00
      44861   1869.167     30.187     30.447     9.4347     9.4437  34.915808  34.920256     9.4315     9.4405    32.2608    32.2573    24.9061    24.9019     5.8483     5.7470    178.320    175.234     1.7961     1.6850     0.0549     0.3486     3.2540     1.4103     0.5543 -125.57518   48.78050      99.37          9  0.000e+00
      44862   1869.208     30.141     30.400     9.4369     9.4453  34.917127  34.920632     9.4336     9.4421    32.2603    32.2563    24.9053    24.9008     5.8480     5.7468    178.311    175.227     1.7961     1.6850     0.0549     0.3486     3.2540     1.4103     0.5543 -125.57518   48.78050      99.37          9  0.000e+00
      44863   1869.250     30.187     30.447     9.4393     9.4467  34.917881  34.921135     9.4361     9.4434    32.2589    32.2556    24.9038    24.9001     5.8477     5.7467    178.304    175.224     1.7961     1.6850     0.0549     0.3486     3.2552     1.4103     0.5543 -125.57518   48.78050      99.37          9  0.000e+00
      44864   1869.292     30.187     30.447     9.4408     9.4465  34.918195  34.921072     9.4375     9.4432    32.2579    32.2557    24.9028    24.9002     5.8476     5.7408    178.299    175.043     1.7961     1.6838     0.0549     0.3486     3.2564     1.4103     0.5543 -125.57518   48.78050      99.37          9  0.000e+00
      44865   1869.333     30.148     30.407     9.4408     9.4462  34.918760  34.920821     9.4375     9.4429    32.2584    32.2557    24.9032    24.9002     5.8475     5.7408    178.297    175.043     1.7961     1.6838     0.0549     0.3486     3.2552     1.4090     0.5543 -125.57518   48.78050      99.37          9  0.000e+00
      44866   1869.375     30.141     30.401     9.4409     9.4466  34.919137  34.921386     9.4377     9.4434    32.2587    32.2559    24.9034    24.9003     5.8420     5.7407    178.130    175.041     1.7949     1.6838     0.0537     0.3181     3.2552     1.4103     0.5543 -125.57518   48.78050      99.37          9  0.000e+00
      44867   1869.417     30.141     30.401     9.4409     9.4482  34.918760  34.922327     9.4377     9.4449    32.2583    32.2555    24.9031    24.8997     5.8420     5.7405    178.131    175.035     1.7949     1.6838     0.0549     0.3486     3.2552     1.4103     0.5543 -125.57518   48.78050      99.37          9  0.000e+00
      44868   1869.458     30.141     30.401     9.4401     9.4496  34.917881  34.922767     9.4369     9.4464    32.2581    32.2546    24.9031    24.8988     5.8422     5.7344    178.134    174.849     1.7949     1.6825     0.0537     0.3181     3.2552     1.4090     0.5543 -125.57518   48.78050      99.37          9  0.000e+00
      44869   1869.500     30.141     30.401     9.4394     9.4508  34.918383  34.923645     9.4362     9.4475    32.2593    32.2545    24.9041    24.8985     5.8422     5.7342    178.135    174.844     1.7949     1.6825     0.0549     0.3486     3.2552     1.4103     0.5543 -125.57518   48.78050      99.37          9  0.000e+00
      44870   1869.542     30.095     30.354     9.4403     9.4516  34.918823  34.923771     9.4370     9.4483    32.2590    32.2539    24.9037    24.8980     5.8421     5.7341    178.131    174.841     1.7949     1.6825     0.0562     0.3792     3.2540     1.4103     0.5543 -125.57518   48.78050      99.37          9  0.000e+00
      44871   1869.583     30.141     30.401     9.4427     9.4519  34.919891  34.923520     9.4395     9.4486    32.2579    32.2533    24.9025    24.8975     5.8418     5.7341    178.124    174.841     1.7949     1.6825     0.0549     0.3486     3.2552     1.4103     0.5543 -125.57518   48.78050      99.37          9  0.000e+00
      44872   1869.625     30.088     30.347     9.4452     9.4518  34.921084  34.923268     9.4419     9.4485    32.2569    32.2532    24.9013    24.8974     5.8469     5.7341    178.280    174.841     1.7961     1.6825     0.0549     0.3486     3.2552     1.4090     0.5543 -125.57518   48.78050      99.37          9  0.000e+00
      44873   1869.667     30.088     30.347     9.4467     9.4521  34.921398  34.923834     9.4434     9.4488    32.2559    32.2535    24.9003    24.8976     5.8413     5.7281    178.109    174.658     1.7949     1.6813     0.0549     0.3486     3.2552     1.4090     0.5543 -125.57518   48.78050      99.37          9  0.000e+00
      44874   1869.708     30.095     30.354     9.4471     9.4519  34.921838  34.923834     9.4439     9.4487    32.2559    32.2537    24.9002    24.8977     5.8358     5.7341    177.941    174.840     1.7937     1.6825     0.0537     0.3181     3.2564     1.4090     0.5543 -125.57518   48.78050      99.34          9  0.000e+00
      44875   1869.750     30.088     30.347     9.4486     9.4522  34.922466  34.924085     9.4454     9.4490    32.2552    32.2536    24.8995    24.8977     5.8356     5.7340    177.936    174.838     1.7937     1.6825     0.0537     0.3181     3.2564     1.4103     0.5543 -125.57518   48.78050      99.37          9  0.000e+00
      44876   1869.792     30.042     30.301     9.4493     9.4531  34.923094  34.924587     9.4460     9.4498    32.2553    32.2534    24.8994    24.8973     5.8355     5.7339    177.932    174.834     1.7937     1.6825     0.0537     0.3181     3.2564     1.4103     0.5543 -125.57518   48.78052      99.34          9  0.000e+00
      44877   1869.833     30.042     30.301     9.4505     9.4532  34.923471  34.924461     9.4473     9.4500    32.2545    32.2532    24.8986    24.8971     5.8354     5.7279    177.927    174.653     1.7937     1.6813     0.0562     0.3792     3.2540     1.4103     0.5543 -125.57518   48.78052      99.37          9  0.000e+00
