WCOA/WCOA-6/CTD_Data/RB2102_CTD_005_01.ros
* Sea-Bird SBE 9 Data File:
* FileName = C:\Users\scs.user.rb\CTD\RB2102\Data\RB2102_CTD_005_01.hex
* Software Version Seasave V 7.26.7.107
* Temperature SN = 6202
* Conductivity SN = 4907
* Number of Bytes Per Scan = 41
* Number of Voltage Words = 4
* Number of Scans Averaged by the Deck Unit = 1
* NMEA Latitude = 52 14.94 N
* NMEA Longitude = 129 24.04 W
* NMEA UTC (Time) = Jun 26 2021  00:53:52
* NMEA baud rate = 4800
# nquan = 30
# nvalues = 784                                   
# units = specified
# name 0 = scan: Scan Count
# name 1 = timeS: Time, Elapsed [seconds]
# name 2 = depSM: Depth [salt water, m]
# name 3 = prDM: Pressure, Digiquartz [db]
# name 4 = t090C: Temperature [ITS-90, deg C]
# name 5 = t190C: Temperature, 2 [ITS-90, deg C]
# name 6 = c0mS/cm: Conductivity [mS/cm]
# name 7 = c1mS/cm: Conductivity, 2 [mS/cm]
# name 8 = potemp090C: Potential Temperature [ITS-90, deg C]
# name 9 = potemp190C: Potential Temperature, 2 [ITS-90, deg C]
# name 10 = sal00: Salinity, Practical [PSU]
# name 11 = sal11: Salinity, Practical, 2 [PSU]
# name 12 = sigma-é00: Density [sigma-theta, kg/m^3]
# name 13 = sigma-é11: Density, 2 [sigma-theta, kg/m^3]
# name 14 = sbeox0Mg/L: Oxygen, SBE 43 [mg/l]
# name 15 = sbeox1Mg/L: Oxygen, SBE 43, 2 [mg/l]
# name 16 = sbox0Mm/Kg: Oxygen, SBE 43 [umol/kg]
# name 17 = sbox1Mm/Kg: Oxygen, SBE 43, 2 [umol/kg]
# name 18 = sbeox0V: Oxygen raw, SBE 43 [V]
# name 19 = sbeox1V: Oxygen raw, SBE 43, 2 [V]
# name 20 = v4: Voltage 4
# name 21 = flECO-AFL: Fluorescence, WET Labs ECO-AFL/FL [mg/m^3]
# name 22 = v3: Voltage 3
# name 23 = v6: Voltage 6
# name 24 = v7: Voltage 7
# name 25 = longitude: Longitude [deg]
# name 26 = latitude: Latitude [deg]
# name 27 = altM: Altimeter [m]
# name 28 = nbf: Bottles Fired
# name 29 = flag:  0.000e+00
# interval = seconds: 0.0416667
# start_time = Jun 26 2021 00:53:52 [NMEA time, header]
# bad_flag = -9.990e-29
*END*
[from data line 49]
      19969    832.000    149.624    151.003     5.6995     5.6993  33.120968  33.141921     5.6872     5.6870    33.8192    33.8431    26.6582    26.6772     3.0871     3.0729     93.968     93.536     1.1148     1.0757     0.0403    -0.0177     3.2796     1.6435     0.0000 -129.40166   52.24872       9.77          2  0.000e+00
      19970    832.042    149.630    151.010     5.6992     5.6989  33.120906  33.142044     5.6869     5.6865    33.8194    33.8437    26.6584    26.6777     3.0811     3.0795     93.786     93.736     1.1136     1.0769     0.0403    -0.0177     3.2796     1.6435     0.0000 -129.40166   52.24872       9.74          2  0.000e+00
      19971    832.083    149.577    150.957     5.6994     5.6985  33.121152  33.142167     5.6871     5.6862    33.8195    33.8442    26.6585    26.6781     3.0871     3.0730     93.967     93.536     1.1148     1.0757     0.0403    -0.0177     3.2796     1.6435     0.0000 -129.40166   52.24872       9.74          2  0.000e+00
      19972    832.125    149.630    151.010     5.6994     5.6977  33.120968  33.141675     5.6871     5.6854    33.8193    33.8444    26.6583    26.6784     3.0871     3.0796     93.968     93.738     1.1148     1.0769     0.0403    -0.0177     3.2796     1.6435     0.0000 -129.40166   52.24872       9.69          2  0.000e+00
      19973    832.167    149.670    151.050     5.6992     5.6970  33.120476  33.141552     5.6869     5.6847    33.8189    33.8450    26.6580    26.6789     3.0871     3.0797     93.969     93.740     1.1148     1.0769     0.0403    -0.0177     3.2796     1.6435     0.0000 -129.40166   52.24872       9.69          2  0.000e+00
      19974    832.208    149.630    151.010     5.6992     5.6971  33.120968  33.141737     5.6869     5.6848    33.8195    33.8451    26.6585    26.6790     3.0811     3.0731     93.786     93.540     1.1136     1.0757     0.0403    -0.0177     3.2796     1.6435     0.0000 -129.40166   52.24872       9.69          2  0.000e+00
      19975    832.250    149.630    151.010     5.6992     5.6979  33.121214  33.141614     5.6869     5.6856    33.8198    33.8442    26.6587    26.6782     3.0811     3.0796     93.786     93.738     1.1136     1.0769     0.0403    -0.0177     3.2784     1.6435     0.0000 -129.40166   52.24872       9.69          2  0.000e+00
      19976    832.292    149.717    151.097     5.6990     5.6977  33.121276  33.141983     5.6867     5.6854    33.8199    33.8447    26.6589    26.6786     3.0811     3.0796     93.787     93.739     1.1136     1.0769     0.0403    -0.0177     3.2808     1.6435     0.0000 -129.40166   52.24872       9.69          2  0.000e+00
      19977    832.333    149.630    151.010     5.6986     5.6974  33.121214  33.141921     5.6863     5.6851    33.8204    33.8450    26.6593    26.6789     3.0811     3.0731     93.787     93.539     1.1136     1.0757     0.0403    -0.0177     3.2784     1.6435     0.0000 -129.40166   52.24872       9.69          2  0.000e+00
      19978    832.375    149.677    151.057     5.6981     5.6968  33.120537  33.141614     5.6858     5.6845    33.8201    33.8453    26.6591    26.6792     3.0872     3.0731     93.971     93.541     1.1148     1.0757     0.0403    -0.0177     3.2808     1.6447     0.0000 -129.40166   52.24872       9.67          2  0.000e+00
      19979    832.417    149.670    151.050     5.6979     5.6964  33.121215  33.141306     5.6856     5.6841    33.8210    33.8453    26.6599    26.6792     3.0812     3.0732     93.788     93.542     1.1136     1.0757     0.0403    -0.0177     3.2808     1.6447     0.0000 -129.40166   52.24872       9.65          2  0.000e+00
      19980    832.458    149.677    151.057     5.6978     5.6963  33.120845  33.141429     5.6855     5.6840    33.8207    33.8455    26.6597    26.6794     3.0812     3.0732     93.789     93.542     1.1136     1.0757     0.0403    -0.0177     3.2784     1.6435     0.0000 -129.40166   52.24872       9.65          2  0.000e+00
      19981    832.500    149.677    151.057     5.6978     5.6961  33.120845  33.141737     5.6855     5.6838    33.8207    33.8461    26.6597    26.6799     3.0812     3.0732     93.789     93.542     1.1136     1.0757     0.0403    -0.0177     3.2808     1.6435     0.0000 -129.40166   52.24872       9.65          2  0.000e+00
      19982    832.542    149.730    151.110     5.6974     5.6963  33.120907  33.141614     5.6851     5.6840    33.8211    33.8458    26.6600    26.6796     3.0813     3.0797     93.790     93.742     1.1136     1.0769     0.0403    -0.0177     3.2784     1.6435     0.0000 -129.40166   52.24872       9.65          2  0.000e+00
      19983    832.583    149.670    151.050     5.6978     5.6963  33.120722  33.141552     5.6855     5.6840    33.8206    33.8457    26.6595    26.6796     3.0812     3.0732     93.789     93.542     1.1136     1.0757     0.0403    -0.0177     3.2784     1.6447     0.0000 -129.40166   52.24872       9.65          2  0.000e+00
      19984    832.625    149.730    151.110     5.6979     5.6964  33.121030  33.141306     5.6856     5.6841    33.8208    33.8453    26.6597    26.6792     3.0812     3.0732     93.789     93.542     1.1136     1.0757     0.0403    -0.0177     3.2808     1.6447     0.0000 -129.40166   52.24872       9.62          2  0.000e+00
      19985    832.667    149.677    151.057     5.6979     5.6964  33.121030  33.141429     5.6856     5.6841    33.8208    33.8454    26.6597    26.6793     3.0812     3.0797     93.788     93.741     1.1136     1.0769     0.0403    -0.0177     3.2796     1.6435     0.0000 -129.40166   52.24872       9.60          2  0.000e+00
      19986    832.708    149.717    151.097     5.6982     5.6961  33.120907  33.141737     5.6859     5.6838    33.8204    33.8460    26.6593    26.6799     3.0812     3.0732     93.789     93.542     1.1136     1.0757     0.0403    -0.0177     3.2808     1.6435     0.0000 -129.40166   52.24872       9.60          2  0.000e+00
      19987    832.750    149.730    151.110     5.6983     5.6963  33.121153  33.141614     5.6860     5.6840    33.8206    33.8457    26.6595    26.6796     3.0812     3.0732     93.788     93.542     1.1136     1.0757     0.0403    -0.0177     3.2808     1.6435     0.0000 -129.40166   52.24872       9.60          2  0.000e+00
      19988    832.792    149.730    151.110     5.6981     5.6963  33.121030  33.141552     5.6858     5.6840    33.8206    33.8457    26.6595    26.6796     3.0812     3.0732     93.789     93.543     1.1136     1.0757     0.0403    -0.0177     3.2796     1.6435     0.0000 -129.40166   52.24872       9.60          2  0.000e+00
      19989    832.833    149.730    151.110     5.6983     5.6964  33.121153  33.141306     5.6860     5.6841    33.8206    33.8453    26.6595    26.6792     3.0812     3.0732     93.788     93.542     1.1136     1.0757     0.0403    -0.0177     3.2784     1.6435     0.0000 -129.40166   52.24872       9.60          2  0.000e+00
      19990    832.875    149.717    151.097     5.6979     5.6964  33.121030  33.141675     5.6856     5.6841    33.8208    33.8457    26.6597    26.6795     3.0812     3.0732     93.789     93.542     1.1136     1.0757     0.0403    -0.0177     3.2808     1.6435     0.0000 -129.40166   52.24872       9.60          2  0.000e+00
      19991    832.917    149.730    151.110     5.6979     5.6966  33.121153  33.141614     5.6856     5.6843    33.8209    33.8455    26.6598    26.6793     3.0812     3.0732     93.789     93.542     1.1136     1.0757     0.0403    -0.0177     3.2796     1.6435     0.0000 -129.40166   52.24872       9.60          2  0.000e+00
      19992    832.958    149.730    151.110     5.6979     5.6963  33.121030  33.141552     5.6856     5.6840    33.8208    33.8457    26.6597    26.6796     3.0812     3.0732     93.789     93.543     1.1136     1.0757     0.0403    -0.0177     3.2808     1.6435     0.0000 -129.40166   52.24872       9.60          2  0.000e+00
      19993    833.000    149.770    151.151     5.6976     5.6964  33.121153  33.141060     5.6853     5.6841    33.8212    33.8450    26.6600    26.6790     3.0813     3.0732     93.790     93.543     1.1136     1.0757     0.0403    -0.0177     3.2784     1.6435     0.0000 -129.40166   52.24872       9.57          2  0.000e+00
      19994    833.042    149.730    151.110     5.6976     5.6962  33.120784  33.141368     5.6853     5.6839    33.8208    33.8456    26.6597    26.6795     3.0812     3.0732     93.790     93.543     1.1136     1.0757     0.0403    -0.0177     3.2808     1.6447     0.0000 -129.40166   52.24872       9.60          2  0.000e+00
      19995    833.083    149.776    151.157     5.6976     5.6961  33.120846  33.141553     5.6853     5.6838    33.8208    33.8458    26.6597    26.6797     3.0813     3.0732     93.790     93.543     1.1136     1.0757     0.0403    -0.0177     3.2796     1.6435     0.0000 -129.40166   52.24872       9.57          2  0.000e+00
      19996    833.125    149.717    151.097     5.6974     5.6963  33.120907  33.141737     5.6851     5.6840    33.8211    33.8459    26.6600    26.6797     3.0812     3.0732     93.790     93.542     1.1136     1.0757     0.0403    -0.0177     3.2808     1.6447     0.0000 -129.40166   52.24872       9.55          2  0.000e+00
      19997    833.167    149.730    151.110     5.6973     5.6961  33.120722  33.141860     5.6850     5.6838    33.8211    33.8462    26.6600    26.6800     3.0813     3.0732     93.790     93.543     1.1136     1.0757     0.0403    -0.0177     3.2808     1.6435     0.0000 -129.40166   52.24872       9.55          2  0.000e+00
      19998    833.208    149.776    151.157     5.6976     5.6963  33.120846  33.142045     5.6853     5.6840    33.8208    33.8462    26.6597    26.6800     3.0813     3.0732     93.790     93.543     1.1136     1.0757     0.0403    -0.0177     3.2796     1.6435     0.0000 -129.40166   52.24872       9.55          2  0.000e+00
      19999    833.250    149.730    151.110     5.6976     5.6964  33.120907  33.141922     5.6853     5.6841    33.8209    33.8460    26.6598    26.6798     3.0812     3.0797     93.790     93.742     1.1136     1.0769     0.0403    -0.0177     3.2784     1.6435     0.0000 -129.40166   52.24872       9.55          2  0.000e+00
      20000    833.292    149.717    151.097     5.6976     5.6963  33.120722  33.141614     5.6853     5.6840    33.8207    33.8457    26.6597    26.6796     3.0812     3.0732     93.790     93.542     1.1136     1.0757     0.0403    -0.0177     3.2796     1.6447     0.0000 -129.40166   52.24872       9.55          2  0.000e+00
      20001    833.333    149.776    151.157     5.6976     5.6963  33.120846  33.141983     5.6853     5.6840    33.8208    33.8461    26.6597    26.6799     3.0873     3.0732     93.973     93.543     1.1148     1.0757     0.0403    -0.0177     3.2784     1.6447     0.0000 -129.40166   52.24872       9.55          2  0.000e+00
      20002    833.375    149.730    151.110     5.6976     5.6963  33.120907  33.141429     5.6853     5.6840    33.8209    33.8455    26.6598    26.6794     3.0812     3.0732     93.790     93.543     1.1136     1.0757     0.0403    -0.0177     3.2796     1.6447     0.0000 -129.40166   52.24872       9.55          2  0.000e+00
      20003    833.417    149.717    151.097     5.6979     5.6961  33.120907  33.141245     5.6856     5.6838    33.8207    33.8455    26.6596    26.6794     3.0812     3.0732     93.789     93.543     1.1136     1.0757     0.0403    -0.0177     3.2796     1.6447     0.0000 -129.40166   52.24872       9.55          2  0.000e+00
      20004    833.458    149.776    151.157     5.6979     5.6961  33.120907  33.141676     5.6856     5.6838    33.8206    33.8459    26.6595    26.6798     3.0812     3.0732     93.790     93.543     1.1136     1.0757     0.0403    -0.0177     3.2796     1.6447     0.0000 -129.40166   52.24872       9.57          2  0.000e+00
      20005    833.500    149.730    151.110     5.6979     5.6961  33.120968  33.141614     5.6856     5.6838    33.8207    33.8459    26.6596    26.6798     3.0812     3.0797     93.789     93.742     1.1136     1.0769     0.0403    -0.0177     3.2796     1.6447     0.0000 -129.40166   52.24872       9.55          2  0.000e+00
      20006    833.542    149.730    151.110     5.6979     5.6961  33.121153  33.141553     5.6856     5.6838    33.8210    33.8458    26.6598    26.6797     3.0812     3.0732     93.789     93.543     1.1136     1.0757     0.0403    -0.0177     3.2784     1.6447     0.0000 -129.40166   52.24872       9.55          2  0.000e+00
      20007    833.583    149.770    151.151     5.6981     5.6963  33.121030  33.141307     5.6858     5.6840    33.8206    33.8453    26.6595    26.6793     3.0812     3.0732     93.789     93.543     1.1136     1.0757     0.0403    -0.0177     3.2796     1.6447     0.0000 -129.40166   52.24872       9.55          2  0.000e+00
      20008    833.625    149.730    151.110     5.6979     5.6963  33.121153  33.141245     5.6856     5.6840    33.8209    33.8453    26.6598    26.6793     3.0812     3.0732     93.789     93.543     1.1136     1.0757     0.0403    -0.0177     3.2808     1.6447     0.0000 -129.40166   52.24872       9.55          2  0.000e+00
      20009    833.667    149.730    151.110     5.6981     5.6961  33.120784  33.141429     5.6858     5.6838    33.8203    33.8457    26.6593    26.6796     3.0872     3.0732     93.972     93.543     1.1148     1.0757     0.0403    -0.0177     3.2808     1.6447     0.0000 -129.40166   52.24872       9.55          2  0.000e+00
      20010    833.708    149.717    151.097     5.6979     5.6960  33.121030  33.141552     5.6856     5.6837    33.8208    33.8460    26.6597    26.6798     3.0812     3.0732     93.789     93.543     1.1136     1.0757     0.0403    -0.0177     3.2796     1.6447     0.0000 -129.40166   52.24872       9.55          2  0.000e+00
      20011    833.750    149.730    151.110     5.6979     5.6963  33.121215  33.141306     5.6856     5.6840    33.8210    33.8454    26.6598    26.6793     3.0812     3.0732     93.789     93.543     1.1136     1.0757     0.0403    -0.0177     3.2784     1.6447     0.0000 -129.40166   52.24872       9.52          2  0.000e+00
      20012    833.792    149.730    151.110     5.6978     5.6961  33.121030  33.141676     5.6855     5.6838    33.8209    33.8460    26.6598    26.6798     3.0872     3.0797     93.972     93.742     1.1148     1.0769     0.0403    -0.0177     3.2796     1.6447     0.0000 -129.40166   52.24872       9.55          2  0.000e+00
      20013    833.833    149.730    151.110     5.6981     5.6968  33.121338  33.141614     5.6858     5.6845    33.8209    33.8453    26.6598    26.6792     3.0812     3.0731     93.789     93.542     1.1136     1.0757     0.0403    -0.0177     3.2784     1.6447     0.0000 -129.40166   52.24872       9.52          2  0.000e+00
      20014    833.875    149.717    151.097     5.6986     5.6973  33.121091  33.141552     5.6862     5.6850    33.8202    33.8446    26.6591    26.6786     3.0812     3.0731     93.788     93.541     1.1136     1.0757     0.0403    -0.0177     3.2796     1.6447     0.0000 -129.40166   52.24872       9.55          2  0.000e+00
      20015    833.917    149.730    151.110     5.6987     5.6974  33.121153  33.141737     5.6864     5.6851    33.8201    33.8448    26.6590    26.6787     3.0812     3.0731     93.788     93.540     1.1136     1.0757     0.0403    -0.0177     3.2796     1.6447     0.0000 -129.40166   52.24872       9.55          2  0.000e+00
