WCOA/WCOA-6/CTD_Data/RB2102_CTD_031_01.ros
* Sea-Bird SBE 9 Data File:
* FileName = C:\Users\scs.user.rb\CTD\RB2102\Data\RB2102_CTD_031_01.hex
* Software Version Seasave V 7.26.7.107
* Temperature SN = 6202
* Conductivity SN = 4907
* Number of Bytes Per Scan = 41
* Number of Voltage Words = 4
* Number of Scans Averaged by the Deck Unit = 1
* NMEA Latitude = 46 07.77 N
* NMEA Longitude = 124 05.40 W
* NMEA UTC (Time) = Jul 01 2021  01:43:19
* NMEA baud rate = 4800
# nquan = 30
# nvalues = 588                                   
# units = specified
# name 0 = scan: Scan Count
# name 1 = timeS: Time, Elapsed [seconds]
# name 2 = depSM: Depth [salt water, m]
# name 3 = prDM: Pressure, Digiquartz [db]
# name 4 = t090C: Temperature [ITS-90, deg C]
# name 5 = t190C: Temperature, 2 [ITS-90, deg C]
# name 6 = c0mS/cm: Conductivity [mS/cm]
# name 7 = c1mS/cm: Conductivity, 2 [mS/cm]
# name 8 = potemp090C: Potential Temperature [ITS-90, deg C]
# name 9 = potemp190C: Potential Temperature, 2 [ITS-90, deg C]
# name 10 = sal00: Salinity, Practical [PSU]
# name 11 = sal11: Salinity, Practical, 2 [PSU]
# name 12 = sigma-é00: Density [sigma-theta, kg/m^3]
# name 13 = sigma-é11: Density, 2 [sigma-theta, kg/m^3]
# name 14 = sbeox0Mg/L: Oxygen, SBE 43 [mg/l]
# name 15 = sbeox1Mg/L: Oxygen, SBE 43, 2 [mg/l]
# name 16 = sbox0Mm/Kg: Oxygen, SBE 43 [umol/kg]
# name 17 = sbox1Mm/Kg: Oxygen, SBE 43, 2 [umol/kg]
# name 18 = sbeox0V: Oxygen raw, SBE 43 [V]
# name 19 = sbeox1V: Oxygen raw, SBE 43, 2 [V]
# name 20 = v4: Voltage 4
# name 21 = flECO-AFL: Fluorescence, WET Labs ECO-AFL/FL [mg/m^3]
# name 22 = v3: Voltage 3
# name 23 = v6: Voltage 6
# name 24 = v7: Voltage 7
# name 25 = longitude: Longitude [deg]
# name 26 = latitude: Latitude [deg]
# name 27 = altM: Altimeter [m]
# name 28 = nbf: Bottles Fired
# name 29 = flag:  0.000e+00
# interval = seconds: 0.0416667
# start_time = Jul 01 2021 01:43:19 [NMEA time, header]
# bad_flag = -9.990e-29
*END*
[from data line 581]
      31664   1319.292      3.729      3.760    16.4939    16.5023  37.348702  37.350165    16.4933    16.5017    28.8637    28.8589    20.9249    20.9193     9.7297     9.1147    297.825    279.003     2.9768     2.6593     0.0879     1.1728     3.3150     0.5018     0.0000 -124.08970   46.12940      42.98         12  0.000e+00
      31665   1319.333      3.729      3.760    16.4942    16.5028  37.348766  37.350100    16.4937    16.5022    28.8635    28.8585    20.9247    20.9189     9.7296     9.1198    297.824    279.159     2.9768     2.6606     0.0879     1.1728     3.3175     0.5018     0.0000 -124.08970   46.12940      42.98         12  0.000e+00
      31666   1319.375      3.743      3.774    16.4939    16.5024  37.348573  37.350229    16.4933    16.5019    28.8636    28.8588    20.9248    20.9193     9.7250     9.1199    297.680    279.161     2.9756     2.6606     0.0879     1.1728     3.3162     0.5018     0.0000 -124.08970   46.12940      42.98         12  0.000e+00
      31667   1319.417      3.729      3.760    16.4934    16.5023  37.348186  37.349843    16.4928    16.5017    28.8636    28.8586    20.9249    20.9191     9.7250     9.1148    297.682    279.004     2.9756     2.6593     0.0879     1.1728     3.3175     0.5018     0.0000 -124.08970   46.12940      42.86         12  0.000e+00
      31668   1319.458      3.776      3.807    16.4925    16.5018  37.348315  37.349907    16.4920    16.5012    28.8643    28.8590    20.9257    20.9196     9.7252     9.1201    297.688    279.166     2.9756     2.6606     0.0879     1.1728     3.3175     0.5031     0.0000 -124.08970   46.12940      42.83         12  0.000e+00
      31669   1319.500      3.729      3.760    16.4916    16.5016  37.348057  37.349262    16.4911    16.5011    28.8648    28.8586    20.9262    20.9193     9.7253     9.1201    297.691    279.166     2.9756     2.6606     0.0891     1.2033     3.3175     0.5018     0.0000 -124.08970   46.12940      42.81         12  0.000e+00
      31670   1319.542      3.776      3.807    16.4905    16.5018  37.347799  37.349520    16.4899    16.5012    28.8653    28.8587    20.9269    20.9193     9.7208     9.1201    297.552    279.166     2.9744     2.6606     0.0891     1.2033     3.3162     0.5018     0.0000 -124.08970   46.12940      42.83         12  0.000e+00
