WCOA/WCOA-6/CTD_Data/RB2102_CTD_057_01.ros
* Sea-Bird SBE 9 Data File:
* FileName = C:\Users\scs.user.rb\CTD\RB2102\Data\RB2102_CTD_057_01.hex
* Software Version Seasave V 7.26.7.107
* Temperature SN = 6202
* Conductivity SN = 4907
* Number of Bytes Per Scan = 41
* Number of Voltage Words = 4
* Number of Scans Averaged by the Deck Unit = 1
* NMEA Latitude = 43 59.97 N
* NMEA Longitude = 124 23.56 W
* NMEA UTC (Time) = Jul 05 2021  11:20:20
* NMEA baud rate = 4800
# nquan = 30
# nvalues = 686                                   
# units = specified
# name 0 = scan: Scan Count
# name 1 = timeS: Time, Elapsed [seconds]
# name 2 = depSM: Depth [salt water, m]
# name 3 = prDM: Pressure, Digiquartz [db]
# name 4 = t090C: Temperature [ITS-90, deg C]
# name 5 = t190C: Temperature, 2 [ITS-90, deg C]
# name 6 = c0mS/cm: Conductivity [mS/cm]
# name 7 = c1mS/cm: Conductivity, 2 [mS/cm]
# name 8 = potemp090C: Potential Temperature [ITS-90, deg C]
# name 9 = potemp190C: Potential Temperature, 2 [ITS-90, deg C]
# name 10 = sal00: Salinity, Practical [PSU]
# name 11 = sal11: Salinity, Practical, 2 [PSU]
# name 12 = sigma-é00: Density [sigma-theta, kg/m^3]
# name 13 = sigma-é11: Density, 2 [sigma-theta, kg/m^3]
# name 14 = sbeox0Mg/L: Oxygen, SBE 43 [mg/l]
# name 15 = sbeox1Mg/L: Oxygen, SBE 43, 2 [mg/l]
# name 16 = sbox0Mm/Kg: Oxygen, SBE 43 [umol/kg]
# name 17 = sbox1Mm/Kg: Oxygen, SBE 43, 2 [umol/kg]
# name 18 = sbeox0V: Oxygen raw, SBE 43 [V]
# name 19 = sbeox1V: Oxygen raw, SBE 43, 2 [V]
# name 20 = v4: Voltage 4
# name 21 = flECO-AFL: Fluorescence, WET Labs ECO-AFL/FL [mg/m^3]
# name 22 = v3: Voltage 3
# name 23 = v6: Voltage 6
# name 24 = v7: Voltage 7
# name 25 = longitude: Longitude [deg]
# name 26 = latitude: Latitude [deg]
# name 27 = altM: Altimeter [m]
# name 28 = nbf: Bottles Fired
# name 29 = flag:  0.000e+00
# interval = seconds: 0.0416667
# start_time = Jul 05 2021 11:20:20 [NMEA time, header]
# bad_flag = -9.990e-29
*END*
[from data line 629]
      58487   2436.917      3.979      4.012    12.3588    12.3782  37.844578  37.844499    12.3583    12.3777    32.5889    32.5719    24.6495    24.6327     8.1356     9.2182    248.126    281.148     2.4420     2.5433     0.2381     4.9274     3.2320     0.0000     0.0195 -124.39418   43.99930      23.54         13  0.000e+00
      58488   2436.958      3.979      4.012    12.3590    12.3782  37.844188  37.844499    12.3585    12.3777    32.5883    32.5719    24.6491    24.6327     8.1306     9.2182    247.971    281.148     2.4408     2.5433     0.2393     4.9579     3.2320     0.0000     0.0195 -124.39418   43.99930      25.84         13  0.000e+00
      58489   2437.000      3.940      3.972    12.3590    12.3784  37.844513  37.845082    12.3585    12.3779    32.5887    32.5724    24.6493    24.6330     8.1305     9.2181    247.969    281.145     2.4408     2.5433     0.2393     4.9579     3.2320     0.0000     0.0208 -124.39418   43.99930      26.52         13  0.000e+00
      58490   2437.042      3.979      4.012    12.3590    12.3786  37.844188  37.845212    12.3585    12.3781    32.5883    32.5723    24.6491    24.6329     8.1255     9.2181    247.816    281.145     2.4396     2.5433     0.2381     4.9274     3.2308     0.0000     0.0195 -124.39418   43.99930      38.93         13  0.000e+00
      58491   2437.083      4.026      4.058    12.3592    12.3788  37.844513  37.844888    12.3586    12.3783    32.5885    32.5718    24.6492    24.6325     8.1255     9.2182    247.816    281.147     2.4396     2.5433     0.2381     4.9274     3.2320     0.0000     0.0195 -124.39418   43.99930      85.40         13  0.000e+00
      58492   2437.125      3.979      4.012    12.3592    12.3789  37.844448  37.845082    12.3587    12.3784    32.5885    32.5719    24.6491    24.6325     8.1254     9.2126    247.815    280.976     2.4396     2.5421     0.2381     4.9274     3.2332     0.0000     0.0195 -124.39418   43.99930     100.00         13  0.000e+00
      58493   2437.167      3.979      4.012    12.3592    12.3791  37.844383  37.845211    12.3587    12.3786    32.5884    32.5719    24.6490    24.6325     8.1204     9.2125    247.660    280.975     2.4383     2.5421     0.2381     4.9274     3.2332     0.0000     0.0208 -124.39418   43.99930     100.00         13  0.000e+00
      58494   2437.208      4.026      4.058    12.3592    12.3793  37.844578  37.845212    12.3586    12.3788    32.5886    32.5717    24.6492    24.6323     8.1204     9.2126    247.661    280.976     2.4383     2.5421     0.2381     4.9274     3.2332     0.0000     0.0195 -124.39418   43.99930     100.00         13  0.000e+00
      58514   2438.042      4.026      4.059    12.3600    12.3786  37.844448  37.844823    12.3595    12.3781    32.5877    32.5719    24.6484    24.6326     8.1051     9.2017    247.194    280.643     2.4347     2.5397     0.2515     5.2632     3.2344     0.0000     0.0195 -124.39420   43.99932      99.51         14  0.000e+00
      58515   2438.083      4.072      4.105    12.3601    12.3788  37.844383  37.845082    12.3595    12.3783    32.5876    32.5720    24.6483    24.6326     8.1000     9.2017    247.040    280.643     2.4335     2.5397     0.2515     5.2632     3.2344     0.0000     0.0195 -124.39420   43.99932      99.51         14  0.000e+00
      58516   2438.125      4.072      4.105    12.3600    12.3788  37.844837  37.844888    12.3595    12.3783    32.5881    32.5718    24.6487    24.6325     8.1000     9.2017    247.040    280.644     2.4335     2.5397     0.2515     5.2632     3.2332     0.0000     0.0208 -124.39420   43.99932      99.51         14  0.000e+00
      58517   2438.167      3.980      4.012    12.3599    12.3788  37.844772  37.844887    12.3594    12.3783    32.5882    32.5718    24.6488    24.6325     8.0948     9.2016    246.882    280.640     2.4322     2.5397     0.2515     5.2632     3.2332     0.0000     0.0195 -124.39420   43.99932      99.51         14  0.000e+00
      58518   2438.208      4.026      4.059    12.3600    12.3788  37.844902  37.844823    12.3595    12.3783    32.5881    32.5718    24.6487    24.6325     8.0949     9.2016    246.883    280.642     2.4322     2.5397     0.2527     5.2937     3.2320     0.0000     0.0195 -124.39420   43.99932      99.51         14  0.000e+00
      58519   2438.250      4.026      4.059    12.3600    12.3786  37.844772  37.845082    12.3595    12.3781    32.5880    32.5722    24.6486    24.6328     8.0949     9.2016    246.883    280.642     2.4322     2.5397     0.2515     5.2632     3.2320     0.0000     0.0195 -124.39420   43.99932      99.51         14  0.000e+00
      58520   2438.292      4.039      4.072    12.3601    12.3784  37.845486  37.844628    12.3595    12.3779    32.5887    32.5719    24.6491    24.6326     8.0949     9.2017    246.882    280.645     2.4322     2.5397     0.2527     5.2937     3.2320     0.0000     0.0195 -124.39420   43.99932      99.51         14  0.000e+00
      58521   2438.333      4.072      4.105    12.3600    12.3784  37.845745  37.844499    12.3595    12.3779    32.5889    32.5717    24.6493    24.6325     8.0898     9.2073    246.728    280.814     2.4310     2.5409     0.2515     5.2632     3.2344     0.0000     0.0195 -124.39420   43.99932      99.51         14  0.000e+00
      58522   2438.375      4.026      4.059    12.3601    12.3784  37.845421  37.844499    12.3595    12.3779    32.5886    32.5718    24.6491    24.6325     8.0898     9.2072    246.727    280.813     2.4310     2.5409     0.2527     5.2937     3.2320     0.0000     0.0195 -124.39420   43.99932      99.51         14  0.000e+00
      58523   2438.417      4.072      4.105    12.3598    12.3782  37.845356  37.844693    12.3593    12.3777    32.5887    32.5721    24.6492    24.6328     8.0898     9.2018    246.729    280.647     2.4310     2.5397     0.2515     5.2632     3.2332     0.0000     0.0195 -124.39420   43.99932      99.51         14  0.000e+00
      58524   2438.458      4.026      4.059    12.3602    12.3786  37.845810  37.844434    12.3597    12.3781    32.5889    32.5715    24.6493    24.6323     8.0846     9.2072    246.571    280.812     2.4298     2.5409     0.2515     5.2632     3.2332     0.0000     0.0195 -124.39420   43.99932      99.51         14  0.000e+00
      58525   2438.500      4.072      4.105    12.3602    12.3786  37.846005  37.844953    12.3597    12.3781    32.5890    32.5720    24.6494    24.6327     8.0898     9.2072    246.727    280.813     2.4310     2.5409     0.2527     5.2937     3.2320     0.0000     0.0208 -124.39420   43.99932      99.49         14  0.000e+00
      58526   2438.542      4.026      4.059    12.3602    12.3786  37.846069  37.844888    12.3597    12.3781    32.5891    32.5720    24.6495    24.6327     8.0897     9.2072    246.725    280.811     2.4310     2.5409     0.2515     5.2632     3.2332     0.0000     0.0195 -124.39420   43.99932      99.51         14  0.000e+00
      58527   2438.583      4.026      4.059    12.3603    12.3789  37.846004  37.845082    12.3598    12.3784    32.5889    32.5719    24.6493    24.6325     8.0846     9.2071    246.570    280.809     2.4298     2.5409     0.2515     5.2632     3.2332     0.0000     0.0208 -124.39420   43.99932      99.51         14  0.000e+00
      58528   2438.625      4.072      4.105    12.3600    12.3791  37.846523  37.845406    12.3595    12.3786    32.5897    32.5720    24.6499    24.6326     8.0847     9.2071    246.572    280.810     2.4298     2.5409     0.2515     5.2632     3.2332     0.0000     0.0208 -124.39420   43.99932      99.51         14  0.000e+00
      58529   2438.667      4.026      4.059    12.3604    12.3789  37.846134  37.844952    12.3598    12.3784    32.5890    32.5718    24.6493    24.6324     8.0897     9.2071    246.725    280.810     2.4310     2.5409     0.2515     5.2632     3.2332     0.0000     0.0208 -124.39420   43.99932      99.51         14  0.000e+00
      58530   2438.708      4.039      4.072    12.3603    12.3793  37.846523  37.845082    12.3598    12.3788    32.5894    32.5716    24.6497    24.6322     8.0897     9.2071    246.725    280.808     2.4310     2.5409     0.2515     5.2632     3.2344     0.0000     0.0208 -124.39420   43.99932      99.54         14  0.000e+00
      58531   2438.750      4.072      4.105    12.3604    12.3795  37.846718  37.845471    12.3598    12.3789    32.5896    32.5718    24.6498    24.6323     8.0897     9.2071    246.725    280.808     2.4310     2.5409     0.2515     5.2632     3.2332     0.0000     0.0208 -124.39420   43.99932      99.51         14  0.000e+00
      58532   2438.792      4.072      4.105    12.3603    12.3793  37.846459  37.845795    12.3598    12.3787    32.5894    32.5722    24.6496    24.6327     8.0948     9.2071    246.881    280.808     2.4322     2.5409     0.2515     5.2632     3.2332     0.0000     0.0208 -124.39420   43.99930      99.51         14  0.000e+00
      58533   2438.833      4.026      4.059    12.3604    12.3795  37.846588  37.845601    12.3598    12.3789    32.5895    32.5719    24.6497    24.6325     8.0947     9.2070    246.879    280.806     2.4322     2.5409     0.2503     5.2326     3.2320     0.0000     0.0208 -124.39420   43.99930      99.51         14  0.000e+00
      58534   2438.875      4.026      4.059    12.3605    12.3796  37.846458  37.845276    12.3600    12.3791    32.5892    32.5715    24.6495    24.6321     8.0897     9.2070    246.724    280.806     2.4310     2.5409     0.2503     5.2326     3.2332     0.0000     0.0208 -124.39420   43.99930      99.49         14  0.000e+00
      58535   2438.917      4.072      4.105    12.3605    12.3795  37.846394  37.845212    12.3600    12.3789    32.5891    32.5715    24.6494    24.6322     8.0948     9.2071    246.880    280.808     2.4322     2.5409     0.2503     5.2326     3.2332     0.0000     0.0208 -124.39420   43.99930      99.51         14  0.000e+00
      58536   2438.958      4.072      4.105    12.3603    12.3793  37.846588  37.845666    12.3598    12.3787    32.5895    32.5721    24.6497    24.6326     8.0948     9.2071    246.880    280.808     2.4322     2.5409     0.2503     5.2326     3.2332     0.0000     0.0208 -124.39420   43.99930      99.51         14  0.000e+00
      58537   2439.000      4.026      4.059    12.3604    12.3793  37.846912  37.845341    12.3598    12.3788    32.5898    32.5718    24.6499    24.6324     8.0947     9.2070    246.878    280.807     2.4322     2.5409     0.2515     5.2632     3.2320     0.0000     0.0208 -124.39420   43.99930      99.51         14  0.000e+00
      58538   2439.042      4.072      4.105    12.3607    12.3789  37.846783  37.845471    12.3601    12.3784    32.5894    32.5722    24.6495    24.6328     8.0947     9.2127    246.879    280.979     2.4322     2.5421     0.2515     5.2632     3.2332     0.0000     0.0208 -124.39420   43.99930      99.51         14  0.000e+00
      58539   2439.083      4.026      4.059    12.3605    12.3788  37.846912  37.845017    12.3600    12.3783    32.5897    32.5719    24.6498    24.6326     8.0947     9.2071    246.878    280.810     2.4322     2.5409     0.2503     5.2326     3.2332     0.0012     0.0208 -124.39420   43.99930      99.51         14  0.000e+00
      58540   2439.125      4.039      4.072    12.3607    12.3786  37.847042  37.845082    12.3602    12.3781    32.5896    32.5722    24.6497    24.6328     8.0947     9.2072    246.877    280.811     2.4322     2.5409     0.2503     5.2326     3.2332     0.0012     0.0208 -124.39420   43.99930      99.51         14  0.000e+00
      58541   2439.167      4.073      4.106    12.3607    12.3786  37.846783  37.845212    12.3601    12.3781    32.5894    32.5723    24.6495    24.6329     8.0998     9.2072    247.034    280.812     2.4335     2.5409     0.2503     5.2326     3.2320     0.0012     0.0220 -124.39420   43.99930      99.51         14  0.000e+00
      58542   2439.208      4.026      4.059    12.3607    12.3788  37.846718  37.845212    12.3602    12.3783    32.5893    32.5721    24.6495    24.6327     8.0947     9.2071    246.877    280.810     2.4322     2.5409     0.2503     5.2326     3.2320     0.0012     0.0208 -124.39420   43.99930      99.49         14  0.000e+00
      58543   2439.250      4.026      4.059    12.3605    12.3793  37.846718  37.845406    12.3600    12.3788    32.5895    32.5719    24.6497    24.6325     8.0998     9.2070    247.033    280.807     2.4335     2.5409     0.2503     5.2326     3.2320     0.0012     0.0220 -124.39420   43.99930      99.51         14  0.000e+00
      58544   2439.292      4.073      4.106    12.3609    12.3798  37.846913  37.845990    12.3604    12.3792    32.5893    32.5720    24.6495    24.6325     8.0998     9.2070    247.033    280.805     2.4335     2.5409     0.2503     5.2326     3.2320     0.0000     0.0208 -124.39420   43.99930      99.51         14  0.000e+00
      58545   2439.333      4.073      4.106    12.3607    12.3799  37.846783  37.846184    12.3601    12.3794    32.5894    32.5720    24.6495    24.6325     8.0998     9.2069    247.034    280.804     2.4335     2.5409     0.2503     5.2326     3.2332     0.0012     0.0220 -124.39420   43.99930      99.51         14  0.000e+00
      58546   2439.375      4.026      4.059    12.3607    12.3801  37.846912  37.846443    12.3602    12.3796    32.5895    32.5722    24.6496    24.6325     8.0998     9.2124    247.032    280.970     2.4335     2.5421     0.2503     5.2326     3.2332     0.0012     0.0220 -124.39420   43.99930      99.51         14  0.000e+00
      58547   2439.417      4.073      4.106    12.3610    12.3804  37.847042  37.846702    12.3605    12.3799    32.5893    32.5721    24.6494    24.6324     8.0998     9.2124    247.032    280.969     2.4335     2.5421     0.2503     5.2326     3.2332     0.0012     0.0220 -124.39420   43.99930      99.51         14  0.000e+00
      58548   2439.458      4.026      4.059    12.3607    12.3803  37.847042  37.846573    12.3601    12.3797    32.5896    32.5722    24.6498    24.6325     8.0947     9.2123    246.877    280.969     2.4322     2.5421     0.2503     5.2326     3.2320     0.0012     0.0220 -124.39420   43.99930      99.51         14  0.000e+00
      58549   2439.500      4.073      4.106    12.3609    12.3806  37.847042  37.846702    12.3604    12.3801    32.5894    32.5719    24.6496    24.6323     8.0947     9.2123    246.878    280.969     2.4322     2.5421     0.2515     5.2632     3.2332     0.0012     0.0220 -124.39420   43.99930      99.51         14  0.000e+00
      58550   2439.542      4.040      4.072    12.3608    12.3804  37.847237  37.846573    12.3603    12.3799    32.5897    32.5720    24.6497    24.6323     8.0947     9.2123    246.876    280.968     2.4322     2.5421     0.2515     5.2632     3.2320     0.0012     0.0208 -124.39420   43.99930      99.51         14  0.000e+00
      58551   2439.583      4.073      4.106    12.3610    12.3803  37.847107  37.846508    12.3605    12.3797    32.5894    32.5721    24.6495    24.6324     8.0947     9.2124    246.877    280.971     2.4322     2.5421     0.2515     5.2632     3.2320     0.0012     0.0220 -124.39420   43.99930      99.51         14  0.000e+00
      58552   2439.625      4.073      4.106    12.3610    12.3804  37.847237  37.846508    12.3605    12.3799    32.5895    32.5719    24.6496    24.6323     8.0896     9.2124    246.722    280.970     2.4310     2.5421     0.2503     5.2326     3.2332     0.0012     0.0220 -124.39420   43.99930      99.51         14  0.000e+00
