WCOA/WCOA-6/CTD_Data/RB2102_CTD_103_01.ros
* Sea-Bird SBE 9 Data File:
* FileName = C:\Users\scs.user.rb\CTD\RB2102\Data\RB2102_CTD_103_01.hex
* Software Version Seasave V 7.26.7.107
* Temperature SN = 6202
* Conductivity SN = 4907
* Number of Bytes Per Scan = 41
* Number of Voltage Words = 4
* Number of Scans Averaged by the Deck Unit = 1
* NMEA Latitude = 36 44.18 N
* NMEA Longitude = 121 58.09 W
* NMEA UTC (Time) = Jul 15 2021  03:57:10
* NMEA baud rate = 4800
# nquan = 30
# nvalues = 1148                                  
# units = specified
# name 0 = scan: Scan Count
# name 1 = timeS: Time, Elapsed [seconds]
# name 2 = depSM: Depth [salt water, m]
# name 3 = prDM: Pressure, Digiquartz [db]
# name 4 = t090C: Temperature [ITS-90, deg C]
# name 5 = t190C: Temperature, 2 [ITS-90, deg C]
# name 6 = c0mS/cm: Conductivity [mS/cm]
# name 7 = c1mS/cm: Conductivity, 2 [mS/cm]
# name 8 = potemp090C: Potential Temperature [ITS-90, deg C]
# name 9 = potemp190C: Potential Temperature, 2 [ITS-90, deg C]
# name 10 = sal00: Salinity, Practical [PSU]
# name 11 = sal11: Salinity, Practical, 2 [PSU]
# name 12 = sigma-é00: Density [sigma-theta, kg/m^3]
# name 13 = sigma-é11: Density, 2 [sigma-theta, kg/m^3]
# name 14 = sbeox0Mg/L: Oxygen, SBE 43 [mg/l]
# name 15 = sbeox1Mg/L: Oxygen, SBE 43, 2 [mg/l]
# name 16 = sbox0Mm/Kg: Oxygen, SBE 43 [umol/kg]
# name 17 = sbox1Mm/Kg: Oxygen, SBE 43, 2 [umol/kg]
# name 18 = sbeox0V: Oxygen raw, SBE 43 [V]
# name 19 = sbeox1V: Oxygen raw, SBE 43, 2 [V]
# name 20 = v4: Voltage 4
# name 21 = flECO-AFL: Fluorescence, WET Labs ECO-AFL/FL [mg/m^3]
# name 22 = v3: Voltage 3
# name 23 = v6: Voltage 6
# name 24 = v7: Voltage 7
# name 25 = longitude: Longitude [deg]
# name 26 = latitude: Latitude [deg]
# name 27 = altM: Altimeter [m]
# name 28 = nbf: Bottles Fired
# name 29 = flag:  0.000e+00
# interval = seconds: 0.0416667
# start_time = Jul 15 2021 03:57:10 [NMEA time, header]
# bad_flag = -9.990e-29
*END*
[from data line 49]
      16605    691.833    111.204    112.061    10.0516    10.0512  37.132115  37.132366    10.0387    10.0383    33.9220    33.9226    26.1036    26.1042     3.5979     3.7016    109.577    112.734     1.3040     1.2759     0.0440     0.0739     3.3065     0.1197     0.0000 -121.96830   36.73612      10.55          2  0.000e+00
      16606    691.875    111.244    112.101    10.0517    10.0515  37.132050  37.132173    10.0389    10.0387    33.9217    33.9221    26.1034    26.1037     3.5980     3.7016    109.577    112.734     1.3040     1.2759     0.0440     0.0739     3.3053     0.1197     0.0000 -121.96830   36.73612      10.55          2  0.000e+00
      16607    691.917    111.244    112.101    10.0517    10.0516  37.131471  37.132108    10.0389    10.0388    33.9212    33.9219    26.1029    26.1035     3.5980     3.7016    109.578    112.734     1.3040     1.2759     0.0440     0.0739     3.3065     0.1197     0.0000 -121.96830   36.73612      10.55          2  0.000e+00
      16608    691.958    111.291    112.148    10.0517    10.0513  37.131342  37.132366    10.0389    10.0385    33.9210    33.9224    26.1028    26.1040     3.5980     3.7016    109.579    112.735     1.3040     1.2759     0.0440     0.0739     3.3053     0.1184     0.0000 -121.96830   36.73612      10.53          2  0.000e+00
      16609    692.000    111.204    112.061    10.0517    10.0516  37.131535  37.132430    10.0389    10.0388    33.9212    33.9222    26.1030    26.1038     3.5979     3.7016    109.577    112.733     1.3040     1.2759     0.0440     0.0739     3.3065     0.1184     0.0000 -121.96830   36.73612      10.53          2  0.000e+00
      16610    692.042    111.291    112.148    10.0516    10.0513  37.131085  37.132237    10.0387    10.0385    33.9209    33.9223    26.1027    26.1039     3.5980     3.7016    109.579    112.735     1.3040     1.2759     0.0427     0.0434     3.3065     0.1184     0.0000 -121.96830   36.73612      10.53          2  0.000e+00
      16611    692.083    111.244    112.101    10.0512    10.0510  37.130956  37.132108    10.0384    10.0382    33.9211    33.9225    26.1030    26.1041     3.5980     3.7016    109.579    112.735     1.3040     1.2759     0.0440     0.0739     3.3053     0.1184     0.0000 -121.96830   36.73612      10.53          2  0.000e+00
      16612    692.125    111.257    112.114    10.0511    10.0508  37.131021  37.132109    10.0382    10.0380    33.9213    33.9226    26.1032    26.1042     3.5980     3.7016    109.579    112.735     1.3040     1.2759     0.0440     0.0739     3.3053     0.1184     0.0000 -121.96830   36.73612      10.53          2  0.000e+00
      16613    692.167    111.291    112.148    10.0507    10.0510  37.131021  37.132366    10.0379    10.0382    33.9216    33.9227    26.1034    26.1043     3.5981     3.7016    109.580    112.735     1.3040     1.2759     0.0440     0.0739     3.3065     0.1172     0.0000 -121.96830   36.73612      10.53          2  0.000e+00
      16614    692.208    111.291    112.148    10.0506    10.0505  37.130763  37.131916    10.0377    10.0376    33.9215    33.9227    26.1034    26.1044     3.5981     3.7017    109.581    112.737     1.3040     1.2759     0.0440     0.0739     3.3053     0.1184     0.0000 -121.96830   36.73612      10.50          2  0.000e+00
      16615    692.250    111.244    112.101    10.0504    10.0508  37.130634  37.131980    10.0376    10.0380    33.9215    33.9225    26.1034    26.1041     3.5981     3.7016    109.581    112.735     1.3040     1.2759     0.0440     0.0739     3.3053     0.1209     0.0000 -121.96830   36.73612      10.50          2  0.000e+00
      16616    692.292    111.304    112.161    10.0502    10.0508  37.130635  37.132366    10.0374    10.0380    33.9217    33.9228    26.1036    26.1044     3.5981     3.7017    109.582    112.736     1.3040     1.2759     0.0440     0.0739     3.3065     0.1197     0.0000 -121.96830   36.73612      10.50          2  0.000e+00
      16617    692.333    111.291    112.148    10.0499    10.0516  37.130699  37.132430    10.0371    10.0388    33.9220    33.9222    26.1039    26.1038     3.5981     3.7016    109.582    112.734     1.3040     1.2759     0.0440     0.0739     3.3053     0.1197     0.0000 -121.96830   36.73612      10.50          2  0.000e+00
      16618    692.375    111.291    112.148    10.0501    10.0515  37.130699  37.132881    10.0372    10.0387    33.9219    33.9228    26.1038    26.1042     3.5981     3.7075    109.582    112.912     1.3040     1.2772     0.0440     0.0739     3.3053     0.1197     0.0000 -121.96830   36.73612      10.50          2  0.000e+00
      16619    692.417    111.344    112.201    10.0499    10.0516  37.130635  37.132623    10.0371    10.0388    33.9219    33.9223    26.1039    26.1039     3.5981     3.7016    109.583    112.735     1.3040     1.2759     0.0440     0.0739     3.3065     0.1197     0.0000 -121.96830   36.73612      10.50          2  0.000e+00
      16620    692.458    111.257    112.114    10.0497    10.0516  37.130441  37.132687    10.0369    10.0388    33.9219    33.9224    26.1039    26.1040     3.5981     3.7016    109.582    112.733     1.3040     1.2759     0.0427     0.0434     3.3065     0.1184     0.0000 -121.96830   36.73612      10.45          2  0.000e+00
      16621    692.500    111.344    112.201    10.0501    10.0516  37.130377  37.132495    10.0372    10.0388    33.9215    33.9222    26.1035    26.1038     3.5981     3.7016    109.583    112.735     1.3040     1.2759     0.0440     0.0739     3.3065     0.1184     0.0000 -121.96830   36.73612      10.43          2  0.000e+00
      16622    692.542    111.291    112.148    10.0501    10.0516  37.130570  37.133009    10.0372    10.0388    33.9218    33.9228    26.1037    26.1042     3.5981     3.7016    109.582    112.733     1.3040     1.2759     0.0427     0.0434     3.3065     0.1197     0.0000 -121.96830   36.73612      10.43          2  0.000e+00
      16623    692.583    111.291    112.148    10.0497    10.0518  37.130699  37.132623    10.0369    10.0390    33.9222    33.9222    26.1041    26.1037     3.5928     3.7016    109.419    112.733     1.3028     1.2759     0.0440     0.0739     3.3065     0.1197     0.0000 -121.96830   36.73612      10.43          2  0.000e+00
      16624    692.625    111.357    112.214    10.0501    10.0518  37.130120  37.132430    10.0372    10.0390    33.9213    33.9220    26.1033    26.1036     3.5928     3.7016    109.420    112.735     1.3028     1.2759     0.0427     0.0434     3.3065     0.1197     0.0000 -121.96830   36.73612      10.43          2  0.000e+00
      16625    692.667    111.291    112.148    10.0496    10.0518  37.130506  37.132752    10.0368    10.0390    33.9221    33.9223    26.1041    26.1038     3.5928     3.7016    109.419    112.733     1.3028     1.2759     0.0440     0.0739     3.3053     0.1209     0.0000 -121.96830   36.73612      10.43          2  0.000e+00
      16626    692.708    111.291    112.148    10.0499    10.0518  37.130442  37.132494    10.0371    10.0390    33.9218    33.9221    26.1037    26.1036     3.5927     3.7016    109.419    112.734     1.3028     1.2759     0.0427     0.0434     3.3065     0.1221     0.0000 -121.96830   36.73612      10.43          2  0.000e+00
      16627    692.750    111.304    112.161    10.0497    10.0516  37.130570  37.132623    10.0369    10.0388    33.9220    33.9224    26.1040    26.1039     3.5928     3.7016    109.419    112.734     1.3028     1.2759     0.0440     0.0739     3.3065     0.1245     0.0000 -121.96830   36.73612      10.43          2  0.000e+00
      16628    692.792    111.344    112.201    10.0499    10.0518  37.130377  37.132816    10.0371    10.0390    33.9217    33.9224    26.1036    26.1039     3.5928     3.7016    109.419    112.734     1.3028     1.2759     0.0427     0.0434     3.3065     0.1245     0.0000 -121.96830   36.73612      10.45          2  0.000e+00
      16629    692.833    111.291    112.148    10.0499    10.0515  37.130570  37.132495    10.0371    10.0387    33.9219    33.9224    26.1038    26.1039     3.5927     3.7016    109.419    112.734     1.3028     1.2759     0.0440     0.0739     3.3053     0.1233     0.0000 -121.96830   36.73612      10.43          2  0.000e+00
      16630    692.875    111.291    112.148    10.0497    10.0516  37.130442  37.132430    10.0369    10.0388    33.9219    33.9222    26.1039    26.1038     3.5928     3.7016    109.419    112.734     1.3028     1.2759     0.0440     0.0739     3.3053     0.1221     0.0000 -121.96830   36.73612      10.45          2  0.000e+00
      16631    692.917    111.304    112.161    10.0499    10.0516  37.130570  37.132237    10.0371    10.0388    33.9219    33.9220    26.1038    26.1036     3.5927     3.7016    109.419    112.734     1.3028     1.2759     0.0440     0.0739     3.3065     0.1197     0.0000 -121.96830   36.73612      10.45          2  0.000e+00
      16632    692.958    111.344    112.201    10.0500    10.0515  37.130442  37.132109    10.0372    10.0387    33.9216    33.9220    26.1036    26.1036     3.5928     3.7075    109.419    112.914     1.3028     1.2772     0.0440     0.0739     3.3053     0.1184     0.0000 -121.96830   36.73612      10.43          2  0.000e+00
      16633    693.000    111.291    112.148    10.0499    10.0515  37.130313  37.132302    10.0371    10.0387    33.9216    33.9222    26.1036    26.1038     3.5927     3.7075    109.419    112.913     1.3028     1.2772     0.0440     0.0739     3.3065     0.1184     0.0000 -121.96830   36.73612      10.43          2  0.000e+00
      16634    693.042    111.291    112.148    10.0501    10.0515  37.130828  37.132430    10.0372    10.0387    33.9220    33.9223    26.1039    26.1039     3.5927     3.7016    109.418    112.734     1.3028     1.2759     0.0440     0.0739     3.3065     0.1184     0.0000 -121.96830   36.73612      10.40          2  0.000e+00
      16635    693.083    111.304    112.161    10.0502    10.0515  37.130763  37.132430    10.0374    10.0387    33.9218    33.9223    26.1037    26.1039     3.5927     3.7016    109.418    112.734     1.3028     1.2759     0.0440     0.0739     3.3065     0.1184     0.0000 -121.96830   36.73612      10.43          2  0.000e+00
      16636    693.125    111.344    112.201    10.0502    10.0516  37.130892  37.132430    10.0374    10.0388    33.9219    33.9221    26.1038    26.1037     3.5927     3.7016    109.419    112.735     1.3028     1.2759     0.0440     0.0739     3.3053     0.1221     0.0000 -121.96830   36.73612      10.43          2  0.000e+00
      16637    693.167    111.244    112.101    10.0502    10.0518  37.130956  37.132687    10.0374    10.0390    33.9220    33.9223    26.1039    26.1038     3.5981     3.7016    109.581    112.733     1.3040     1.2759     0.0440     0.0739     3.3053     0.1209     0.0000 -121.96830   36.73612      10.40          2  0.000e+00
      16638    693.208    111.344    112.201    10.0504    10.0513  37.131214  37.132495    10.0376    10.0385    33.9220    33.9225    26.1039    26.1041     3.5927     3.7016    109.418    112.735     1.3028     1.2759     0.0427     0.0434     3.3065     0.1197     0.0000 -121.96830   36.73612      10.40          2  0.000e+00
      16639    693.250    111.257    112.114    10.0502    10.0516  37.131343  37.132430    10.0374    10.0388    33.9224    33.9222    26.1042    26.1038     3.5981     3.7016    109.581    112.733     1.3040     1.2759     0.0440     0.0739     3.3053     0.1197     0.0000 -121.96830   36.73612      10.40          2  0.000e+00
      16640    693.292    111.291    112.148    10.0506    10.0516  37.131085  37.132688    10.0377    10.0388    33.9218    33.9224    26.1037    26.1040     3.5927     3.7016    109.417    112.734     1.3028     1.2759     0.0440     0.0739     3.3053     0.1184     0.0000 -121.96830   36.73612      10.40          2  0.000e+00
      16641    693.333    111.344    112.201    10.0506    10.0516  37.131214  37.132495    10.0377    10.0388    33.9219    33.9222    26.1037    26.1038     3.5927     3.7016    109.418    112.735     1.3028     1.2759     0.0440     0.0739     3.3065     0.1172     0.0000 -121.96830   36.73612      10.40          2  0.000e+00
      16642    693.375    111.257    112.114    10.0507    10.0516  37.131021  37.132430    10.0379    10.0388    33.9216    33.9222    26.1034    26.1038     3.5927     3.7074    109.416    112.912     1.3028     1.2772     0.0440     0.0739     3.3065     0.1172     0.0000 -121.96830   36.73612      10.40          2  0.000e+00
      16643    693.417    111.291    112.148    10.0507    10.0516  37.130956  37.132173    10.0379    10.0388    33.9215    33.9219    26.1034    26.1036     3.5927     3.7075    109.417    112.912     1.3028     1.2772     0.0440     0.0739     3.3053     0.1172     0.0000 -121.96830   36.73612      10.40          2  0.000e+00
      16644    693.458    111.244    112.101    10.0509    10.0516  37.131729  37.132301    10.0381    10.0388    33.9222    33.9221    26.1039    26.1037     3.5926     3.7074    109.415    112.912     1.3028     1.2772     0.0440     0.0739     3.3053     0.1172     0.0000 -121.96830   36.73612      10.40          2  0.000e+00
      16645    693.500    111.244    112.101    10.0511    10.0516  37.131471  37.132430    10.0382    10.0388    33.9217    33.9222    26.1035    26.1038     3.5926     3.7016    109.415    112.733     1.3028     1.2759     0.0440     0.0739     3.3065     0.1172     0.0000 -121.96830   36.73612      10.43          2  0.000e+00
      16646    693.542    111.304    112.161    10.0514    10.0516  37.131793  37.132430    10.0386    10.0388    33.9218    33.9222    26.1035    26.1038     3.5926     3.7075    109.415    112.912     1.3028     1.2772     0.0440     0.0739     3.3053     0.1172     0.0000 -121.96830   36.73612      10.40          2  0.000e+00
      16647    693.583    111.244    112.101    10.0515    10.0515  37.131729  37.132880    10.0387    10.0387    33.9216    33.9228    26.1034    26.1043     3.5926     3.7074    109.414    112.911     1.3028     1.2772     0.0440     0.0739     3.3053     0.1160     0.0000 -121.96830   36.73612      10.40          2  0.000e+00
      16648    693.625    111.244    112.101    10.0514    10.0516  37.131857  37.132366    10.0386    10.0388    33.9218    33.9221    26.1035    26.1037     3.5980     3.7074    109.578    112.912     1.3040     1.2772     0.0440     0.0739     3.3065     0.1160     0.0000 -121.96830   36.73612      10.43          2  0.000e+00
      16649    693.667    111.244    112.101    10.0516    10.0516  37.131729  37.132559    10.0387    10.0388    33.9215    33.9223    26.1033    26.1039     3.5980     3.7016    109.578    112.733     1.3040     1.2759     0.0440     0.0739     3.3053     0.1160     0.0000 -121.96830   36.73612      10.43          2  0.000e+00
      16650    693.708    111.257    112.114    10.0517    10.0518  37.131857  37.132752    10.0389    10.0390    33.9215    33.9223    26.1032    26.1039     3.5980     3.7074    109.578    112.911     1.3040     1.2772     0.0440     0.0739     3.3065     0.1148     0.0000 -121.96830   36.73612      10.45          2  0.000e+00
      16651    693.750    111.244    112.101    10.0517    10.0515  37.131729  37.132559    10.0389    10.0387    33.9214    33.9225    26.1032    26.1040     3.5980     3.7074    109.578    112.912     1.3040     1.2772     0.0440     0.0739     3.3065     0.1148     0.0000 -121.96830   36.73612      10.48          2  0.000e+00
