WCOA/WCOA-6/CTD_Data/RB2102_CTD_004_01.ros
* Sea-Bird SBE 9 Data File:
* FileName = C:\Users\scs.user.rb\CTD\RB2102\Data\RB2102_CTD_004_01.hex
* Software Version Seasave V 7.26.7.107
* Temperature SN = 6202
* Conductivity SN = 4907
* Number of Bytes Per Scan = 41
* Number of Voltage Words = 4
* Number of Scans Averaged by the Deck Unit = 1
* NMEA Latitude = 52 23.92 N
* NMEA Longitude = 129 03.04 W
* NMEA UTC (Time) = Jun 25 2021  22:46:00
* NMEA baud rate = 4800
# nquan = 30
# nvalues = 343                                   
# units = specified
# name 0 = scan: Scan Count
# name 1 = timeS: Time, Elapsed [seconds]
# name 2 = depSM: Depth [salt water, m]
# name 3 = prDM: Pressure, Digiquartz [db]
# name 4 = t090C: Temperature [ITS-90, deg C]
# name 5 = t190C: Temperature, 2 [ITS-90, deg C]
# name 6 = c0mS/cm: Conductivity [mS/cm]
# name 7 = c1mS/cm: Conductivity, 2 [mS/cm]
# name 8 = potemp090C: Potential Temperature [ITS-90, deg C]
# name 9 = potemp190C: Potential Temperature, 2 [ITS-90, deg C]
# name 10 = sal00: Salinity, Practical [PSU]
# name 11 = sal11: Salinity, Practical, 2 [PSU]
# name 12 = sigma-é00: Density [sigma-theta, kg/m^3]
# name 13 = sigma-é11: Density, 2 [sigma-theta, kg/m^3]
# name 14 = sbeox0Mg/L: Oxygen, SBE 43 [mg/l]
# name 15 = sbeox1Mg/L: Oxygen, SBE 43, 2 [mg/l]
# name 16 = sbox0Mm/Kg: Oxygen, SBE 43 [umol/kg]
# name 17 = sbox1Mm/Kg: Oxygen, SBE 43, 2 [umol/kg]
# name 18 = sbeox0V: Oxygen raw, SBE 43 [V]
# name 19 = sbeox1V: Oxygen raw, SBE 43, 2 [V]
# name 20 = v4: Voltage 4
# name 21 = flECO-AFL: Fluorescence, WET Labs ECO-AFL/FL [mg/m^3]
# name 22 = v3: Voltage 3
# name 23 = v6: Voltage 6
# name 24 = v7: Voltage 7
# name 25 = longitude: Longitude [deg]
# name 26 = latitude: Latitude [deg]
# name 27 = altM: Altimeter [m]
# name 28 = nbf: Bottles Fired
# name 29 = flag:  0.000e+00
# interval = seconds: 0.0416667
# start_time = Jun 25 2021 22:46:00 [NMEA time, header]
# bad_flag = -9.990e-29
*END*
      15012    625.458     35.042     35.356     9.5629     9.5289  34.642549  34.627284     9.5591     9.5251    31.8644    31.8790    24.5760    24.5928     8.7407     8.6311    266.598    263.251     2.4432     2.2759     0.0574     0.4097     3.1441     0.9866     0.0000 -129.05124   52.39854      13.11          1  0.000e+00
      15013    625.500     35.042     35.356     9.5627     9.5200  34.642987  34.625658     9.5589     9.5162    31.8650    31.8853    24.5765    24.5991     8.7407     8.6326    266.598    263.295     2.4432     2.2759     0.0574     0.4097     3.1429     0.9878     0.0000 -129.05124   52.39854      13.11          1  0.000e+00
      15014    625.542     35.135     35.449     9.5632     9.5209  34.643551  34.625971     9.5594     9.5171    31.8651    31.8847    24.5765    24.5986     8.7407     8.6325    266.598    263.294     2.4432     2.2759     0.0574     0.4097     3.1429     0.9878     0.0000 -129.05124   52.39854      13.11          1  0.000e+00
      15015    625.583     35.089     35.403     9.5647     9.5255  34.643488  34.627159     9.5609     9.5217    31.8637    31.8819    24.5752    24.5956     8.7404     8.6317    266.590    263.269     2.4432     2.2759     0.0574     0.4097     3.1441     0.9878     0.0000 -129.05124   52.39854      13.11          1  0.000e+00
      15016    625.625     35.089     35.403     9.5665     9.5296  34.642987  34.628223     9.5627     9.5258    31.8616    31.8793    24.5733    24.5930     8.7402     8.6310    266.583    263.248     2.4432     2.2759     0.0574     0.4097     3.1429     0.9878     0.0000 -129.05124   52.39854      13.11          1  0.000e+00
      15017    625.667     35.089     35.403     9.5679     9.5315  34.642298  34.628848     9.5641     9.5277    31.8596    31.8782    24.5715    24.5918     8.7454     8.6306    266.744    263.237     2.4444     2.2759     0.0574     0.4097     3.1429     0.9878     0.0000 -129.05124   52.39854      13.11          1  0.000e+00
      15018    625.708     35.095     35.409     9.5693     9.5320  34.641797  34.629036     9.5655     9.5282    31.8579    31.8780    24.5699    24.5915     8.7398     8.6306    266.573    263.235     2.4432     2.2759     0.0574     0.4097     3.1429     0.9878     0.0000 -129.05124   52.39854      13.11          1  0.000e+00
      15019    625.750     35.135     35.449     9.5691     9.5319  34.641609  34.628536     9.5653     9.5281    31.8579    31.8776    24.5699    24.5913     8.7453     8.6306    266.742    263.238     2.4444     2.2759     0.0574     0.4097     3.1429     0.9878     0.0000 -129.05124   52.39854      13.09          1  0.000e+00
      15020    625.792     35.089     35.403     9.5694     9.5323  34.641609  34.628848     9.5656     9.5285    31.8576    31.8775    24.5697    24.5911     8.7452     8.6364    266.739    263.415     2.4444     2.2772     0.0574     0.4097     3.1429     0.9878     0.0000 -129.05124   52.39854      13.11          1  0.000e+00
      15021    625.833     35.135     35.449     9.5677     9.5322  34.641421  34.629224     9.5639     9.5284    31.8590    31.8780    24.5710    24.5915     8.7456     8.6306    266.749    263.235     2.4444     2.2759     0.0574     0.4097     3.1429     0.9878     0.0000 -129.05124   52.39854      13.14          1  0.000e+00
      15022    625.875     35.089     35.403     9.5655     9.5310  34.641296  34.628348     9.5617     9.5272    31.8608    31.8782    24.5728    24.5918     8.7459     8.6367    266.757    263.422     2.4444     2.2772     0.0574     0.4097     3.1429     0.9878     0.0000 -129.05124   52.39854      13.33          1  0.000e+00
      15023    625.917     35.135     35.449     9.5647     9.5286  34.640169  34.628098     9.5609     9.5248    31.8603    31.8800    24.5725    24.5937     8.7461     8.6312    266.764    263.254     2.4444     2.2759     0.0574     0.4097     3.1429     0.9878     0.0000 -129.05124   52.39854      13.41          1  0.000e+00
      15024    625.958     35.135     35.449     9.5624     9.5306  34.639731  34.628974     9.5586     9.5268    31.8619    31.8792    24.5741    24.5927     8.7465     8.6368    266.775    263.425     2.4444     2.2772     0.0574     0.4097     3.1429     0.9878     0.0000 -129.05124   52.39854      13.41          1  0.000e+00
      15025    626.000     35.135     35.449     9.5599     9.5358  34.639731  34.630663     9.5561     9.5320    31.8641    31.8763    24.5763    24.5896     8.7469     8.6359    266.786    263.397     2.4444     2.2772     0.0574     0.4097     3.1441     0.9878     0.0000 -129.05124   52.39854      13.41          1  0.000e+00
      15026    626.042     35.188     35.503     9.5599     9.5386  34.640232  34.632540     9.5561     9.5348    31.8646    31.8757    24.5766    24.5887     8.7469     8.6354    266.787    263.383     2.4444     2.2772     0.0574     0.4097     3.1429     0.9878     0.0000 -129.05124   52.39854      13.41          1  0.000e+00
      15027    626.083     35.135     35.449     9.5613     9.5427  34.640608  34.633478     9.5575     9.5389    31.8638    31.8730    24.5757    24.5860     8.7520     8.6346    266.945    263.360     2.4457     2.2772     0.0574     0.4097     3.1429     0.9878     0.0000 -129.05124   52.39854      13.16          1  0.000e+00
      15028    626.125     35.148     35.463     9.5622     9.5461  34.640232  34.634354     9.5584     9.5423    31.8626    31.8708    24.5747    24.5837     8.7519     8.6340    266.942    263.343     2.4457     2.2772     0.0574     0.4097     3.1429     0.9878     0.0000 -129.05124   52.39854      13.02          1  0.000e+00
      15029    626.167     35.135     35.449     9.5614     9.5476  34.640733  34.634792     9.5576     9.5438    31.8638    31.8700    24.5758    24.5828     8.7520     8.6337    266.944    263.335     2.4457     2.2772     0.0574     0.4097     3.1429     0.9878     0.0000 -129.05124   52.39854      12.99          1  0.000e+00
      15030    626.208     35.188     35.503     9.5611     9.5468  34.640232  34.634917     9.5573     9.5430    31.8635    31.8708    24.5756    24.5836     8.7467     8.6339    266.782    263.340     2.4444     2.2772     0.0574     0.4097     3.1429     0.9878     0.0000 -129.05124   52.39854      13.02          1  0.000e+00
      15031    626.250     35.135     35.449     9.5630     9.5479  34.640294  34.635543     9.5592     9.5441    31.8619    31.8705    24.5740    24.5831     8.7463     8.6337    266.771    263.332     2.4444     2.2772     0.0574     0.4097     3.1441     0.9878     0.0000 -129.05124   52.39854      13.02          1  0.000e+00
      15032    626.292     35.234     35.550     9.5628     9.5497  34.640107  34.636232     9.5590     9.5459    31.8619    31.8695    24.5740    24.5821     8.7465     8.6334    266.776    263.326     2.4444     2.2772     0.0574     0.4097     3.1441     0.9878     0.0000 -129.05124   52.39854      13.02          1  0.000e+00
      15033    626.333     35.135     35.449     9.5615     9.5515  34.639856  34.636857     9.5577     9.5477    31.8629    31.8687    24.5750    24.5812     8.7466     8.6330    266.779    263.313     2.4444     2.2772     0.0586     0.4402     3.1429     0.9878     0.0000 -129.05124   52.39854      12.99          1  0.000e+00
      15034    626.375     35.234     35.550     9.5599     9.5514  34.639731  34.637483     9.5561     9.5476    31.8641    31.8694    24.5762    24.5817     8.7470     8.6331    266.790    263.316     2.4444     2.2772     0.0574     0.4097     3.1441     0.9878     0.0000 -129.05124   52.39854      12.99          1  0.000e+00
      15035    626.417     35.135     35.449     9.5580     9.5517  34.639230  34.637670     9.5542     9.5479    31.8653    31.8693    24.5775    24.5816     8.7472     8.6329    266.796    263.310     2.4444     2.2772     0.0574     0.4097     3.1429     0.9878     0.0000 -129.05124   52.39854      12.99          1  0.000e+00
      15036    626.458     35.234     35.550     9.5561     9.5512  34.638917  34.637421     9.5523     9.5474    31.8666    31.8694    24.5788    24.5818     8.7476     8.6331    266.808    263.316     2.4444     2.2772     0.0574     0.4097     3.1416     0.9878     0.0000 -129.05124   52.39854      12.99          1  0.000e+00
      15037    626.500     35.188     35.503     9.5548     9.5510  34.638291  34.636857     9.5510     9.5472    31.8671    31.8690    24.5794    24.5815     8.7478     8.6331    266.814    263.317     2.4444     2.2772     0.0574     0.4097     3.1441     0.9878     0.0000 -129.05124   52.39854      12.99          1  0.000e+00
      15038    626.542     35.188     35.503     9.5537     9.5510  34.637978  34.636920     9.5499     9.5472    31.8678    31.8691    24.5801    24.5816     8.7480     8.6331    266.819    263.317     2.4444     2.2772     0.0574     0.4097     3.1429     0.9878     0.0000 -129.05124   52.39854      12.99          1  0.000e+00
      15039    626.583     35.194     35.509     9.5542     9.5509  34.638291  34.636294     9.5503     9.5471    31.8677    31.8686    24.5800    24.5812     8.7479     8.6332    266.817    263.319     2.4444     2.2772     0.0574     0.4097     3.1441     0.9878     0.0000 -129.05124   52.39854      13.14          1  0.000e+00
      15040    626.625     35.188     35.503     9.5570     9.5437  34.638479  34.634229     9.5532     9.5399    31.8654    31.8729    24.5778    24.5857     8.7474     8.6345    266.804    263.356     2.4444     2.2772     0.0574     0.4097     3.1429     0.9878     0.0000 -129.05124   52.39854      13.24          1  0.000e+00
      15041    626.667     35.234     35.550     9.5601     9.5246  34.638479  34.630164     9.5563     9.5208    31.8626    31.8856    24.5751    24.5987     8.7470     8.6378    266.792    263.453     2.4444     2.2772     0.0574     0.4097     3.1441     0.9878     0.0000 -129.05124   52.39854      13.26          1  0.000e+00
      15042    626.708     35.234     35.550     9.5624     9.5170  34.638478  34.626660     9.5586     9.5132    31.8606    31.8889    24.5731    24.6024     8.7467     8.6332    266.781    263.314     2.4444     2.2759     0.0574     0.4097     3.1441     0.9878     0.0000 -129.05124   52.39854      13.26          1  0.000e+00
      15043    626.750     35.188     35.503     9.5648     9.5245  34.638227  34.623593     9.5610     9.5207    31.8582    31.8791    24.5708    24.5936     8.7463     8.6381    266.769    263.465     2.4444     2.2772     0.0574     0.4097     3.1429     0.9878     0.0000 -129.05124   52.39854      13.24          1  0.000e+00
      15044    626.792     35.234     35.550     9.5663     9.5273  34.638666  34.619025     9.5625     9.5235    31.8573    31.8719    24.5699    24.5875     8.7461     8.6380    266.764    263.462     2.4444     2.2772     0.0574     0.4097     3.1441     0.9878     0.0000 -129.05126   52.39854      13.26          1  0.000e+00
      15045    626.833     35.234     35.550     9.5659     9.5031  34.638102  34.612895     9.5621     9.4994    31.8571    31.8871    24.5698    24.6032     8.7462     8.6421    266.767    263.586     2.4444     2.2772     0.0574     0.4097     3.1416     0.9878     0.0000 -129.05126   52.39854      13.24          1  0.000e+00
      15046    626.875     35.188     35.503     9.5635     9.4812  34.637852  34.607142     9.5597     9.4774    31.8590    31.9007    24.5716    24.6174     8.7519     8.6459    266.942    263.697     2.4457     2.2772     0.0574     0.4097     3.1429     0.9878     0.0000 -129.05126   52.39854      13.24          1  0.000e+00
      15047    626.917     35.234     35.550     9.5616     9.4724  34.637852  34.603889     9.5577     9.4686    31.8607    31.9053    24.5733    24.6223     8.7523     8.6416    266.953    263.564     2.4457     2.2759     0.0574     0.4097     3.1429     0.9878     0.0000 -129.05126   52.39854      13.06          1  0.000e+00
      15048    626.958     35.287     35.603     9.5593     9.4817  34.637602  34.605202     9.5555     9.4779    31.8624    31.8983    24.5750    24.6154     8.7527     8.6401    266.965    263.520     2.4457     2.2759     0.0574     0.4097     3.1429     0.9878     0.0000 -129.05126   52.39854      12.97          1  0.000e+00
      15049    627.000     35.194     35.509     9.5557     9.4936  34.637164  34.607641     9.5519     9.4898    31.8652    31.8902    24.5778    24.6072     8.7477     8.6380    266.812    263.457     2.4444     2.2759     0.0574     0.4097     3.1429     0.9878     0.0000 -129.05126   52.39854      12.97          1  0.000e+00
      15050    627.042     35.234     35.550     9.5530     9.5068  34.636663  34.610330     9.5492     9.5030    31.8670    31.8812    24.5796    24.5981     8.7482     8.6358    266.826    263.392     2.4444     2.2759     0.0574     0.4097     3.1429     0.9878     0.0000 -129.05126   52.39854      12.97          1  0.000e+00
      15051    627.083     35.234     35.550     9.5516     9.5150  34.636225  34.612644     9.5478     9.5112    31.8679    31.8763    24.5805    24.5930     8.7539     8.6343    267.000    263.350     2.4457     2.2759     0.0574     0.4097     3.1429     0.9878     0.0000 -129.05126   52.39854      12.99          1  0.000e+00
      15052    627.125     35.234     35.550     9.5496     9.5138  34.635974  34.612707     9.5458     9.5100    31.8694    31.8774    24.5820    24.5940     8.7488     8.6345    266.843    263.355     2.4444     2.2759     0.0574     0.4097     3.1429     0.9878     0.0000 -129.05126   52.39854      12.94          1  0.000e+00
      15053    627.167     35.234     35.550     9.5483     9.4867  34.635474  34.611208     9.5445     9.4829    31.8700    31.9000    24.5827    24.6160     8.7544     8.6389    267.016    263.484     2.4457     2.2759     0.0574     0.4097     3.1429     0.9878     0.0000 -129.05126   52.39854      12.89          1  0.000e+00
      15054    627.208     35.287     35.603     9.5473     9.4537  34.635662  34.608834     9.5435     9.4499    31.8711    31.9269    24.5837    24.6422     8.7492     8.6443    266.855    263.642     2.4444     2.2759     0.0562     0.3792     3.1429     0.9878     0.0000 -129.05126   52.39854      12.89          1  0.000e+00
      15055    627.250     35.188     35.503     9.5459     9.4338  34.634973  34.608273     9.5421     9.4300    31.8717    31.9442    24.5844    24.6589     8.7548     8.6474    267.026    263.732     2.4457     2.2759     0.0574     0.4097     3.1429     0.9878     0.0000 -129.05126   52.39854      12.89          1  0.000e+00
      15056    627.292     35.287     35.603     9.5439     9.4404  34.634535  34.609211     9.5401     9.4366    31.8730    31.9392    24.5857    24.6539     8.7552     8.6405    267.039    263.522     2.4457     2.2747     0.0574     0.4097     3.1429     0.9878     0.0000 -129.05126   52.39854      12.89          1  0.000e+00
      15057    627.333     35.234     35.550     9.5427     9.4637  34.634660  34.611148     9.5389     9.4599    31.8741    31.9204    24.5868    24.6355     8.7553     8.6425    267.042    263.590     2.4457     2.2759     0.0574     0.4097     3.1429     0.9878     0.0000 -129.05126   52.39854      12.89          1  0.000e+00
      15058    627.375     35.234     35.550     9.5421     9.4816  34.634472  34.611709     9.5383     9.4778    31.8745    31.9051    24.5872    24.6207     8.7554     8.6337    267.046    263.325     2.4457     2.2747     0.0574     0.4097     3.1429     0.9878     0.0000 -129.05126   52.39854      12.87          1  0.000e+00
      15059    627.417     35.234     35.550     9.5416     9.4979  34.634472  34.612083     9.5378     9.4941    31.8749    31.8909    24.5876    24.6071     8.7555     8.6311    267.048    263.249     2.4457     2.2747     0.0574     0.4097     3.1429     0.9878     0.0000 -129.05126   52.39854      12.87          1  0.000e+00
