WCOA/WCOA-6/CTD_Data/RB2102_CTD_053_01.ros
* Sea-Bird SBE 9 Data File:
* FileName = C:\Users\scs.user.rb\CTD\RB2102\Data\RB2102_CTD_053_01.hex
* Software Version Seasave V 7.26.7.107
* Temperature SN = 6202
* Conductivity SN = 4907
* Number of Bytes Per Scan = 41
* Number of Voltage Words = 4
* Number of Scans Averaged by the Deck Unit = 1
* NMEA Latitude = 43 59.92 N
* NMEA Longitude = 125 06.17 W
* NMEA UTC (Time) = Jul 04 2021  20:40:30
* NMEA baud rate = 4800
# nquan = 30
# nvalues = 1127                                  
# units = specified
# name 0 = scan: Scan Count
# name 1 = timeS: Time, Elapsed [seconds]
# name 2 = depSM: Depth [salt water, m]
# name 3 = prDM: Pressure, Digiquartz [db]
# name 4 = t090C: Temperature [ITS-90, deg C]
# name 5 = t190C: Temperature, 2 [ITS-90, deg C]
# name 6 = c0mS/cm: Conductivity [mS/cm]
# name 7 = c1mS/cm: Conductivity, 2 [mS/cm]
# name 8 = potemp090C: Potential Temperature [ITS-90, deg C]
# name 9 = potemp190C: Potential Temperature, 2 [ITS-90, deg C]
# name 10 = sal00: Salinity, Practical [PSU]
# name 11 = sal11: Salinity, Practical, 2 [PSU]
# name 12 = sigma-é00: Density [sigma-theta, kg/m^3]
# name 13 = sigma-é11: Density, 2 [sigma-theta, kg/m^3]
# name 14 = sbeox0Mg/L: Oxygen, SBE 43 [mg/l]
# name 15 = sbeox1Mg/L: Oxygen, SBE 43, 2 [mg/l]
# name 16 = sbox0Mm/Kg: Oxygen, SBE 43 [umol/kg]
# name 17 = sbox1Mm/Kg: Oxygen, SBE 43, 2 [umol/kg]
# name 18 = sbeox0V: Oxygen raw, SBE 43 [V]
# name 19 = sbeox1V: Oxygen raw, SBE 43, 2 [V]
# name 20 = v4: Voltage 4
# name 21 = flECO-AFL: Fluorescence, WET Labs ECO-AFL/FL [mg/m^3]
# name 22 = v3: Voltage 3
# name 23 = v6: Voltage 6
# name 24 = v7: Voltage 7
# name 25 = longitude: Longitude [deg]
# name 26 = latitude: Latitude [deg]
# name 27 = altM: Altimeter [m]
# name 28 = nbf: Bottles Fired
# name 29 = flag:  0.000e+00
# interval = seconds: 0.0416667
# start_time = Jul 04 2021 20:40:30 [NMEA time, header]
# bad_flag = -9.990e-29
*END*
[from data line 291]
      93080   3878.292    395.580    399.165     6.3856     6.3867  34.104377  34.105773     6.3500     6.3511    34.1136    34.1140    26.8074    26.8076     1.2239     1.2711     37.248     38.686     0.7326     0.7375     0.0403    -0.0177     3.2967     0.0000     0.0000 -125.10698   43.99876      99.98          6  0.000e+00
      93081   3878.333    395.560    399.145     6.3859     6.3867  34.104564  34.105835     6.3504     6.3511    34.1134    34.1141    26.8072    26.8076     1.2239     1.2711     37.247     38.686     0.7326     0.7375     0.0403    -0.0177     3.2955     0.0000     0.0000 -125.10698   43.99876      99.98          6  0.000e+00
      93082   3878.375    395.560    399.145     6.3857     6.3865  34.104689  34.105835     6.3502     6.3510    34.1138    34.1142    26.8075    26.8078     1.2239     1.2711     37.248     38.686     0.7326     0.7375     0.0403    -0.0177     3.2967     0.0000     0.0000 -125.10698   43.99876      99.98          6  0.000e+00
      97707   4071.083    296.409    299.024     6.9049     6.9068  34.490892  34.492631     6.8774     6.8792    34.0736    34.0737    26.7058    26.7055     1.7323     1.7885     52.727     54.438     0.8437     0.8413     0.0415     0.0129     3.2943     0.0000     0.0000 -125.10708   43.99876      99.93          7  0.000e+00
      97708   4071.125    296.456    299.071     6.9044     6.9068  34.490767  34.492693     6.8769     6.8792    34.0739    34.0737    26.7061    26.7056     1.7323     1.7950     52.728     54.636     0.8437     0.8425     0.0415     0.0129     3.2943     0.0000     0.0000 -125.10708   43.99876      99.93          7  0.000e+00
      97709   4071.167    296.409    299.024     6.9043     6.9070  34.490455  34.492756     6.8767     6.8794    34.0738    34.0737    26.7059    26.7055     1.7323     1.7885     52.728     54.438     0.8437     0.8413     0.0415     0.0129     3.2955     0.0000     0.0000 -125.10708   43.99876      99.93          7  0.000e+00
      97710   4071.208    296.409    299.024     6.9036     6.9065  34.490392  34.492568     6.8761     6.8789    34.0744    34.0739    26.7065    26.7058     1.7324     1.7885     52.729     54.439     0.8437     0.8413     0.0415     0.0129     3.2955     0.0000     0.0000 -125.10708   43.99876      99.93          7  0.000e+00
      97711   4071.250    296.463    299.078     6.9035     6.9068  34.489892  34.492693     6.8759     6.8792    34.0739    34.0737    26.7062    26.7056     1.7324     1.7885     52.729     54.439     0.8437     0.8413     0.0403    -0.0177     3.2955     0.0000     0.0000 -125.10708   43.99876      99.93          7  0.000e+00
      97712   4071.292    296.410    299.024     6.9033     6.9065  34.489954  34.492756     6.8758     6.8789    34.0742    34.0741    26.7064    26.7060     1.7324     1.7885     52.729     54.439     0.8437     0.8413     0.0415     0.0129     3.2955     0.0000     0.0000 -125.10708   43.99876      99.93          7  0.000e+00
      97713   4071.333    296.509    299.125     6.9030     6.9061  34.489830  34.492256     6.8754     6.8785    34.0743    34.0739    26.7066    26.7058     1.7324     1.7886     52.730     54.440     0.8437     0.8413     0.0415     0.0129     3.2955     0.0000     0.0000 -125.10708   43.99876      99.93          7  0.000e+00
      97714   4071.375    296.456    299.071     6.9032     6.9063  34.489767  34.492131     6.8756     6.8787    34.0741    34.0736    26.7064    26.7055     1.7324     1.7950     52.730     54.636     0.8437     0.8425     0.0415     0.0129     3.2955     0.0000     0.0000 -125.10708   43.99876      99.93          7  0.000e+00
      97715   4071.417    296.463    299.078     6.9028     6.9060  34.489767  34.492131     6.8752     6.8785    34.0744    34.0739    26.7067    26.7058     1.7324     1.7950     52.730     54.637     0.8437     0.8425     0.0415     0.0129     3.2943     0.0000     0.0000 -125.10708   43.99876      99.93          7  0.000e+00
      97716   4071.458    296.509    299.125     6.9028     6.9061  34.489767  34.492319     6.8752     6.8785    34.0744    34.0740    26.7067    26.7059     1.7324     1.7886     52.730     54.440     0.8437     0.8413     0.0415     0.0129     3.2955     0.0000     0.0000 -125.10708   43.99876      99.93          7  0.000e+00
      97717   4071.500    296.509    299.125     6.9027     6.9061  34.489767  34.492256     6.8751     6.8785    34.0746    34.0739    26.7068    26.7058     1.7324     1.7950     52.731     54.637     0.8437     0.8425     0.0415     0.0129     3.2955     0.0000     0.0000 -125.10708   43.99876      99.93          7  0.000e+00
      97718   4071.542    296.509    299.125     6.9027     6.9060  34.489767  34.492381     6.8751     6.8784    34.0745    34.0742    26.7068    26.7060     1.7324     1.7950     52.731     54.637     0.8437     0.8425     0.0415     0.0129     3.2955     0.0000     0.0000 -125.10708   43.99876      99.93          7  0.000e+00
      97719   4071.583    296.556    299.172     6.9027     6.9061  34.489767  34.492069     6.8751     6.8785    34.0745    34.0737    26.7068    26.7056     1.7324     1.7951     52.731     54.637     0.8437     0.8425     0.0415     0.0129     3.2955     0.0000     0.0000 -125.10708   43.99876      99.93          7  0.000e+00
      97720   4071.625    296.556    299.172     6.9027     6.9060  34.489767  34.492319     6.8751     6.8784    34.0745    34.0741    26.7068    26.7060     1.7324     1.7951     52.731     54.637     0.8437     0.8425     0.0415     0.0129     3.2943     0.0000     0.0000 -125.10708   43.99876      99.93          7  0.000e+00
      97721   4071.667    296.609    299.225     6.9028     6.9058  34.489517  34.492069     6.8752     6.8782    34.0741    34.0739    26.7064    26.7059     1.7324     1.7951     52.731     54.638     0.8437     0.8425     0.0415     0.0129     3.2943     0.0000     0.0000 -125.10708   43.99876      99.93          7  0.000e+00
      97722   4071.708    296.556    299.172     6.9025     6.9058  34.489642  34.492069     6.8750     6.8783    34.0745    34.0739    26.7068    26.7059     1.7324     1.7886     52.731     54.441     0.8437     0.8413     0.0415     0.0129     3.2943     0.0000     0.0000 -125.10708   43.99876      99.93          7  0.000e+00
      97723   4071.750    296.609    299.225     6.9027     6.9057  34.489267  34.491944     6.8751     6.8781    34.0740    34.0739    26.7063    26.7059     1.7324     1.7951     52.731     54.638     0.8437     0.8425     0.0415     0.0129     3.2943     0.0000     0.0000 -125.10708   43.99876      99.93          7  0.000e+00
      97724   4071.792    296.609    299.225     6.9023     6.9056  34.489330  34.491819     6.8748     6.8781    34.0744    34.0738    26.7067    26.7058     1.7325     1.7951     52.732     54.638     0.8437     0.8425     0.0415     0.0129     3.2955     0.0000     0.0000 -125.10708   43.99876      99.93          7  0.000e+00
      97725   4071.833    296.656    299.272     6.9025     6.9056  34.489455  34.492257     6.8749     6.8780    34.0743    34.0743    26.7066    26.7062     1.7325     1.7951     52.732     54.638     0.8437     0.8425     0.0415     0.0129     3.2955     0.0000     0.0000 -125.10708   43.99876      99.93          7  0.000e+00
      97726   4071.875    296.609    299.226     6.9025     6.9058  34.489205  34.491819     6.8749     6.8782    34.0740    34.0736    26.7064    26.7057     1.7384     1.7951     52.912     54.638     0.8449     0.8425     0.0415     0.0129     3.2943     0.0000     0.0000 -125.10708   43.99876      99.93          7  0.000e+00
      97727   4071.917    296.656    299.273     6.9025     6.9053  34.489330  34.491757     6.8749     6.8778    34.0742    34.0740    26.7065    26.7060     1.7384     1.7951     52.912     54.639     0.8449     0.8425     0.0415     0.0129     3.2955     0.0000     0.0000 -125.10708   43.99876      99.93          7  0.000e+00
      97728   4071.958    296.702    299.320     6.9024     6.9050  34.489205  34.491445     6.8748     6.8774    34.0741    34.0740    26.7065    26.7061     1.7384     1.7887     52.913     54.443     0.8449     0.8413     0.0415     0.0129     3.2955     0.0000     0.0000 -125.10708   43.99876      99.93          7  0.000e+00
      97729   4072.000    296.656    299.273     6.9023     6.9049  34.489330  34.491444     6.8748     6.8773    34.0743    34.0742    26.7067    26.7062     1.7384     1.7887     52.912     54.443     0.8449     0.8413     0.0415     0.0129     3.2955     0.0000     0.0000 -125.10708   43.99876      99.93          7  0.000e+00
      97730   4072.042    296.756    299.373     6.9025     6.9047  34.489455  34.491132     6.8749     6.8771    34.0742    34.0739    26.7066    26.7060     1.7384     1.7952     52.913     54.641     0.8449     0.8425     0.0415     0.0129     3.2943     0.0000     0.0000 -125.10708   43.99876      99.93          7  0.000e+00
      97731   4072.083    296.709    299.326     6.9022     6.9045  34.489455  34.491132     6.8746     6.8769    34.0746    34.0741    26.7069    26.7062     1.7384     1.7952     52.913     54.640     0.8449     0.8425     0.0415     0.0129     3.2943     0.0000     0.0000 -125.10708   43.99876      99.95          7  0.000e+00
      97732   4072.125    296.756    299.373     6.9023     6.9045  34.489205  34.491382     6.8747     6.8769    34.0742    34.0744    26.7065    26.7064     1.7384     1.7952     52.913     54.641     0.8449     0.8425     0.0415     0.0129     3.2943     0.0000     0.0000 -125.10708   43.99876      99.93          7  0.000e+00
      97733   4072.167    296.756    299.373     6.9022     6.9045  34.489143  34.490882     6.8746     6.8769    34.0742    34.0738    26.7066    26.7060     1.7384     1.7952     52.913     54.641     0.8449     0.8425     0.0415     0.0129     3.2943     0.0000     0.0000 -125.10708   43.99876      99.93          7  0.000e+00
      97734   4072.208    296.756    299.373     6.9019     6.9040  34.488893  34.490570     6.8743     6.8764    34.0743    34.0740    26.7067    26.7062     1.7384     1.7952     52.914     54.641     0.8449     0.8425     0.0415     0.0129     3.2943     0.0000     0.0000 -125.10708   43.99876      99.93          7  0.000e+00
      97735   4072.250    296.802    299.420     6.9019     6.9034  34.489018  34.489945     6.8743     6.8758    34.0744    34.0739    26.7068    26.7062     1.7384     1.7952     52.914     54.643     0.8449     0.8425     0.0415     0.0129     3.2943     0.0000     0.0000 -125.10708   43.99876      99.93          7  0.000e+00
      97736   4072.292    296.802    299.420     6.9017     6.9031  34.489143  34.489946     6.8741     6.8755    34.0747    34.0742    26.7070    26.7065     1.7385     1.7953     52.914     54.643     0.8449     0.8425     0.0415     0.0129     3.2955     0.0000     0.0000 -125.10708   43.99876      99.93          7  0.000e+00
      97737   4072.333    296.802    299.420     6.9021     6.9028  34.489581  34.490258     6.8745     6.8752    34.0748    34.0749    26.7071    26.7070     1.7384     1.7953     52.914     54.643     0.8449     0.8425     0.0415     0.0129     3.2943     0.0000     0.0000 -125.10708   43.99876      99.93          7  0.000e+00
      97738   4072.375    296.855    299.474     6.9022     6.9027  34.489518  34.490258     6.8746     6.8751    34.0746    34.0749    26.7069    26.7071     1.7384     1.7953     52.914     54.644     0.8449     0.8425     0.0415     0.0129     3.2955     0.0000     0.0000 -125.10708   43.99876      99.93          7  0.000e+00
      97739   4072.417    296.855    299.474     6.9025     6.9026  34.489643  34.490321     6.8749     6.8750    34.0744    34.0751    26.7067    26.7072     1.7384     1.7953     52.914     54.644     0.8449     0.8425     0.0415     0.0129     3.2955     0.0000     0.0000 -125.10708   43.99876      99.93          7  0.000e+00
      97740   4072.458    296.855    299.474     6.9027     6.9029  34.489768  34.490258     6.8751     6.8753    34.0744    34.0747    26.7067    26.7069     1.7384     1.7953     52.913     54.643     0.8449     0.8425     0.0415     0.0129     3.2955     0.0000     0.0000 -125.10708   43.99876      99.93          7  0.000e+00
      97741   4072.500    296.855    299.474     6.9027     6.9027  34.489268  34.490258     6.8751     6.8751    34.0738    34.0749    26.7062    26.7071     1.7384     1.7953     52.914     54.644     0.8449     0.8425     0.0415     0.0129     3.2955     0.0000     0.0000 -125.10708   43.99876      99.93          7  0.000e+00
      97742   4072.542    296.902    299.521     6.9025     6.9027  34.489331  34.489883     6.8749     6.8751    34.0740    34.0745    26.7064    26.7067     1.7384     1.7953     52.914     54.644     0.8449     0.8425     0.0415     0.0129     3.2943     0.0000     0.0000 -125.10708   43.99876      99.93          7  0.000e+00
      97743   4072.583    296.955    299.575     6.9025     6.9027  34.489206  34.489946     6.8749     6.8751    34.0739    34.0745    26.7063    26.7067     1.7385     1.7953     52.914     54.645     0.8449     0.8425     0.0415     0.0129     3.2943     0.0000     0.0000 -125.10708   43.99876      99.93          7  0.000e+00
      97744   4072.625    296.955    299.575     6.9023     6.9028  34.489331  34.490258     6.8747     6.8752    34.0742    34.0748    26.7066    26.7070     1.7385     1.7953     52.915     54.644     0.8449     0.8425     0.0415     0.0129     3.2955     0.0000     0.0000 -125.10708   43.99876      99.93          7  0.000e+00
      97745   4072.667    296.902    299.521     6.9021     6.9031  34.489206  34.490508     6.8744     6.8755    34.0744    34.0748    26.7067    26.7069     1.7385     1.7953     52.915     54.644     0.8449     0.8425     0.0415     0.0129     3.2955     0.0000     0.0000 -125.10708   43.99876      99.93          7  0.000e+00
      97746   4072.708    296.955    299.575     6.9017     6.9029  34.489144  34.490196     6.8741     6.8753    34.0746    34.0746    26.7070    26.7068     1.7385     1.7953     52.915     54.644     0.8449     0.8425     0.0415     0.0129     3.2943     0.0000     0.0000 -125.10708   43.99876      99.93          7  0.000e+00
      97747   4072.750    297.002    299.622     6.9021     6.9027  34.488894  34.490196     6.8744     6.8751    34.0740    34.0747    26.7064    26.7069     1.7385     1.7953     52.915     54.645     0.8449     0.8425     0.0415     0.0129     3.2955     0.0000     0.0000 -125.10708   43.99876      99.93          7  0.000e+00
      97748   4072.792    297.002    299.622     6.9019     6.9031  34.488831  34.490071     6.8742     6.8754    34.0741    34.0743    26.7066    26.7065     1.7385     1.7953     52.916     54.644     0.8449     0.8425     0.0415     0.0129     3.2943     0.0000     0.0000 -125.10708   43.99876      99.93          7  0.000e+00
      97749   4072.833    297.002    299.622     6.9021     6.9029  34.489019  34.490259     6.8744     6.8753    34.0741    34.0746    26.7065    26.7068     1.7385     1.7953     52.915     54.645     0.8449     0.8425     0.0415     0.0129     3.2955     0.0000     0.0000 -125.10708   43.99876      99.93          7  0.000e+00
      97750   4072.875    297.002    299.622     6.9022     6.9034  34.489331  34.490508     6.8746     6.8758    34.0743    34.0744    26.7067    26.7066     1.7385     1.7953     52.915     54.644     0.8449     0.8425     0.0415     0.0129     3.2955     0.0000     0.0000 -125.10708   43.99876      99.93          7  0.000e+00
