WCOA/WCOA-6/CTD_Data/RB2102_CTD_064_01.ros
* Sea-Bird SBE 9 Data File:
* FileName = C:\Users\scs.user.rb\CTD\RB2102\Data\RB2102_CTD_064_01.hex
* Software Version Seasave V 7.26.7.107
* Temperature SN = 6202
* Conductivity SN = 4907
* Number of Bytes Per Scan = 41
* Number of Voltage Words = 4
* Number of Scans Averaged by the Deck Unit = 1
* NMEA Latitude = 41 56.84 N
* NMEA Longitude = 124 33.70 W
* NMEA UTC (Time) = Jul 06 2021  21:01:47
* NMEA baud rate = 4800
# nquan = 30
# nvalues = 931                                   
# units = specified
# name 0 = scan: Scan Count
# name 1 = timeS: Time, Elapsed [seconds]
# name 2 = depSM: Depth [salt water, m]
# name 3 = prDM: Pressure, Digiquartz [db]
# name 4 = t090C: Temperature [ITS-90, deg C]
# name 5 = t190C: Temperature, 2 [ITS-90, deg C]
# name 6 = c0mS/cm: Conductivity [mS/cm]
# name 7 = c1mS/cm: Conductivity, 2 [mS/cm]
# name 8 = potemp090C: Potential Temperature [ITS-90, deg C]
# name 9 = potemp190C: Potential Temperature, 2 [ITS-90, deg C]
# name 10 = sal00: Salinity, Practical [PSU]
# name 11 = sal11: Salinity, Practical, 2 [PSU]
# name 12 = sigma-é00: Density [sigma-theta, kg/m^3]
# name 13 = sigma-é11: Density, 2 [sigma-theta, kg/m^3]
# name 14 = sbeox0Mg/L: Oxygen, SBE 43 [mg/l]
# name 15 = sbeox1Mg/L: Oxygen, SBE 43, 2 [mg/l]
# name 16 = sbox0Mm/Kg: Oxygen, SBE 43 [umol/kg]
# name 17 = sbox1Mm/Kg: Oxygen, SBE 43, 2 [umol/kg]
# name 18 = sbeox0V: Oxygen raw, SBE 43 [V]
# name 19 = sbeox1V: Oxygen raw, SBE 43, 2 [V]
# name 20 = v4: Voltage 4
# name 21 = flECO-AFL: Fluorescence, WET Labs ECO-AFL/FL [mg/m^3]
# name 22 = v3: Voltage 3
# name 23 = v6: Voltage 6
# name 24 = v7: Voltage 7
# name 25 = longitude: Longitude [deg]
# name 26 = latitude: Latitude [deg]
# name 27 = altM: Altimeter [m]
# name 28 = nbf: Bottles Fired
# name 29 = flag:  0.000e+00
# interval = seconds: 0.0416667
# start_time = Jul 06 2021 21:01:47 [NMEA time, header]
# bad_flag = -9.990e-29
*END*
[from data line 581]
      45435   1893.083     29.397     29.631    10.6998    10.7044  37.165543  37.167960    10.6963    10.7009    33.3920    33.3902    25.5771    25.5749     8.3913     8.6276    255.693    262.892     2.4347     2.3443     0.3590     7.9494     3.1514     0.0098     0.0000 -124.56220   41.94578      99.51         12  0.000e+00
      45436   1893.125     29.351     29.585    10.7023    10.7056  37.167474  37.169182    10.6989    10.7022    33.3916    33.3903    25.5763    25.5747     8.3908     8.6273    255.678    262.883     2.4347     2.3443     0.3590     7.9494     3.1514     0.0098     0.0000 -124.56220   41.94578      99.51         12  0.000e+00
      45437   1893.167     29.351     29.585    10.7043    10.7041  37.169084  37.169375    10.7008    10.7006    33.3914    33.3919    25.5758    25.5763     8.3852     8.6275    255.506    262.889     2.4335     2.3443     0.3590     7.9494     3.1514     0.0098     0.0000 -124.56220   41.94578      99.51         12  0.000e+00
      45438   1893.208     29.351     29.585    10.7060    10.7021  37.171273  37.168861    10.7025    10.6986    33.3921    33.3933    25.5761    25.5777     8.3849     8.6278    255.496    262.899     2.4335     2.3443     0.3602     7.9799     3.1514     0.0098     0.0000 -124.56220   41.94578      99.51         12  0.000e+00
      45439   1893.250     29.298     29.531    10.7086    10.7008  37.173140  37.168732    10.7051    10.6973    33.3916    33.3943    25.5752    25.5787     8.3843     8.6280    255.480    262.903     2.4335     2.3443     0.3590     7.9494     3.1514     0.0098     0.0000 -124.56220   41.94578      99.51         12  0.000e+00
      45440   1893.292     29.298     29.531    10.7112    10.7017  37.175523  37.167959    10.7077    10.6983    33.3916    33.3927    25.5748    25.5773     8.3838     8.6279    255.465    262.900     2.4335     2.3443     0.3590     7.9494     3.1514     0.0098     0.0000 -124.56220   41.94578      99.49         12  0.000e+00
      45441   1893.333     29.251     29.485    10.7142    10.7037  37.178678  37.167702    10.7108    10.7002    33.3920    33.3906    25.5746    25.5753     8.3832     8.6275    255.446    262.891     2.4335     2.3443     0.3590     7.9494     3.1502     0.0098     0.0000 -124.56220   41.94578      99.49         12  0.000e+00
      48175   2007.250     19.645     19.801    10.9586    10.9601  37.339560  37.339741    10.9563    10.9577    33.3338    33.3327    25.4859    25.4848     9.0201     9.2680    274.876    282.432     2.5946     2.4945     0.3480     7.6746     3.1514     0.0073     0.0000 -124.56226   41.94570      99.66         13  0.000e+00
      48176   2007.292     19.738     19.895    10.9586    10.9602  37.339819  37.340322    10.9563    10.9578    33.3340    33.3331    25.4861    25.4851     9.0202     9.2681    274.878    282.434     2.5946     2.4945     0.3480     7.6746     3.1514     0.0073     0.0000 -124.56226   41.94570      99.66         13  0.000e+00
      48177   2007.333     19.692     19.848    10.9585    10.9605  37.339561  37.340321    10.9561    10.9581    33.3339    33.3329    25.4861    25.4849     9.0201     9.2680    274.878    282.431     2.5946     2.4945     0.3468     7.6441     3.1514     0.0073     0.0000 -124.56226   41.94570      99.66         13  0.000e+00
      48178   2007.375     19.738     19.895    10.9575    10.9605  37.338851  37.340708    10.9551    10.9582    33.3341    33.3332    25.4864    25.4851     9.0204     9.2623    274.885    282.258     2.5946     2.4933     0.3468     7.6441     3.1514     0.0073     0.0000 -124.56226   41.94570      99.66         13  0.000e+00
      48179   2007.417     19.685     19.841    10.9570    10.9605  37.337883  37.340902    10.9546    10.9582    33.3336    33.3334    25.4861    25.4853     9.0205     9.2623    274.887    282.256     2.5946     2.4933     0.3480     7.6746     3.1526     0.0073     0.0000 -124.56226   41.94570      99.66         13  0.000e+00
      48180   2007.458     19.738     19.895    10.9562    10.9609  37.337626  37.340644    10.9538    10.9585    33.3341    33.3328    25.4866    25.4848     9.0206     9.2680    274.893    282.430     2.5946     2.4945     0.3468     7.6441     3.1514     0.0073     0.0000 -124.56226   41.94570      99.66         13  0.000e+00
      48181   2007.500     19.685     19.841    10.9560    10.9607  37.337755  37.340773    10.9537    10.9583    33.3344    33.3331    25.4869    25.4850     9.0206     9.2622    274.892    282.255     2.5946     2.4933     0.3480     7.6746     3.1526     0.0073     0.0000 -124.56226   41.94570      99.66         13  0.000e+00
      48182   2007.542     19.738     19.895    10.9563    10.9607  37.337626  37.341095    10.9540    10.9583    33.3339    33.3334    25.4865    25.4853     9.0206     9.2623    274.893    282.257     2.5946     2.4933     0.3468     7.6441     3.1514     0.0073     0.0000 -124.56226   41.94570      99.66         13  0.000e+00
      48183   2007.583     19.685     19.841    10.9560    10.9609  37.337626  37.341031    10.9537    10.9585    33.3343    33.3332    25.4868    25.4851     9.0154     9.2622    274.733    282.254     2.5934     2.4933     0.3480     7.6746     3.1526     0.0073     0.0000 -124.56226   41.94570      99.66         13  0.000e+00
      48184   2007.625     19.738     19.895    10.9560    10.9607  37.338013  37.341160    10.9536    10.9583    33.3346    33.3335    25.4870    25.4853     9.0207     9.2623    274.893    282.257     2.5946     2.4933     0.3468     7.6441     3.1514     0.0073     0.0000 -124.56226   41.94570      99.66         13  0.000e+00
      48185   2007.667     19.685     19.842    10.9560    10.9609  37.337497  37.341417    10.9537    10.9585    33.3341    33.3336    25.4867    25.4854     9.0154     9.2565    274.733    282.080     2.5934     2.4921     0.3480     7.6746     3.1514     0.0073     0.0000 -124.56226   41.94570      99.66         13  0.000e+00
      48186   2007.708     19.738     19.895    10.9559    10.9608  37.337755  37.341031    10.9535    10.9584    33.3345    33.3333    25.4870    25.4851     9.0155     9.2566    274.735    282.083     2.5934     2.4921     0.3480     7.6746     3.1514     0.0073     0.0000 -124.56226   41.94570      99.66         13  0.000e+00
      48187   2007.750     19.738     19.895    10.9557    10.9609  37.337819  37.340902    10.9533    10.9585    33.3347    33.3331    25.4872    25.4850     9.0155     9.2566    274.736    282.083     2.5934     2.4921     0.3480     7.6746     3.1514     0.0073     0.0000 -124.56226   41.94570      99.66         13  0.000e+00
      48188   2007.792     19.738     19.895    10.9557    10.9610  37.337626  37.341095    10.9533    10.9587    33.3345    33.3331    25.4870    25.4850     9.0207     9.2565    274.895    282.082     2.5946     2.4921     0.3480     7.6746     3.1514     0.0073     0.0000 -124.56226   41.94570      99.66         13  0.000e+00
      48189   2007.833     19.685     19.842    10.9560    10.9610  37.337819  37.341224    10.9537    10.9587    33.3344    33.3333    25.4869    25.4851     9.0154     9.2508    274.732    281.907     2.5934     2.4908     0.3480     7.6746     3.1514     0.0073     0.0000 -124.56226   41.94570      99.66         13  0.000e+00
      48190   2007.875     19.738     19.895    10.9557    10.9610  37.337561  37.340966    10.9533    10.9587    33.3344    33.3330    25.4870    25.4849     9.0155     9.2509    274.736    281.909     2.5934     2.4908     0.3468     7.6441     3.1514     0.0073     0.0000 -124.56226   41.94570      99.66         13  0.000e+00
      48191   2007.917     19.685     19.842    10.9558    10.9607  37.337303  37.340708    10.9535    10.9583    33.3341    33.3330    25.4867    25.4850     9.0154     9.2509    274.734    281.909     2.5934     2.4908     0.3480     7.6746     3.1514     0.0073     0.0000 -124.56226   41.94570      99.66         13  0.000e+00
      48192   2007.958     19.738     19.895    10.9560    10.9607  37.337755  37.341031    10.9536    10.9583    33.3344    33.3333    25.4868    25.4852     9.0154     9.2509    274.734    281.910     2.5934     2.4908     0.3480     7.6746     3.1514     0.0085     0.0000 -124.56226   41.94570      99.66         13  0.000e+00
      48193   2008.000     19.738     19.895    10.9562    10.9604  37.338142  37.340966    10.9538    10.9580    33.3346    33.3336    25.4870    25.4854     9.0154     9.2510    274.733    281.912     2.5934     2.4908     0.3480     7.6746     3.1514     0.0073     0.0000 -124.56226   41.94570      99.66         13  0.000e+00
      48194   2008.042     19.685     19.842    10.9570    10.9600  37.338658  37.340386    10.9546    10.9576    33.3344    33.3334    25.4867    25.4854     9.0152     9.2510    274.727    281.913     2.5934     2.4908     0.3480     7.6746     3.1514     0.0073     0.0000 -124.56226   41.94570      99.66         13  0.000e+00
      48195   2008.083     19.738     19.895    10.9580    10.9597  37.339174  37.340257    10.9556    10.9573    33.3340    33.3335    25.4862    25.4855     9.0151     9.2511    274.723    281.917     2.5934     2.4908     0.3480     7.6746     3.1514     0.0073     0.0000 -124.56226   41.94570      99.66         13  0.000e+00
      48196   2008.125     19.785     19.942    10.9585    10.9597  37.339754  37.340257    10.9561    10.9573    33.3341    33.3335    25.4862    25.4855     9.0150     9.2455    274.722    281.745     2.5934     2.4896     0.3468     7.6441     3.1514     0.0073     0.0000 -124.56226   41.94570      99.66         13  0.000e+00
      48197   2008.167     19.692     19.849    10.9593    10.9594  37.340012  37.340257    10.9569    10.9570    33.3336    33.3338    25.4857    25.4858     9.0148     9.2454    274.714    281.743     2.5934     2.4896     0.3480     7.6746     3.1514     0.0073     0.0000 -124.56226   41.94570      99.66         13  0.000e+00
      48198   2008.208     19.738     19.895    10.9598    10.9591  37.340206  37.340257    10.9574    10.9567    33.3334    33.3341    25.4854    25.4861     9.0147     9.2455    274.713    281.746     2.5934     2.4896     0.3480     7.6746     3.1514     0.0073     0.0000 -124.56226   41.94570      99.66         13  0.000e+00
      48199   2008.250     19.738     19.895    10.9601    10.9588  37.340012  37.340064    10.9577    10.9564    33.3329    33.3342    25.4850    25.4862     9.0147     9.2399    274.712    281.575     2.5934     2.4884     0.3492     7.7052     3.1514     0.0073     0.0000 -124.56226   41.94570      99.66         13  0.000e+00
      48200   2008.292     19.685     19.842    10.9601    10.9584  37.340270  37.339935    10.9578    10.9560    33.3332    33.3344    25.4852    25.4864     9.0146     9.2399    274.710    281.575     2.5934     2.4884     0.3553     7.8578     3.1514     0.0085     0.0000 -124.56226   41.94570      99.63         13  0.000e+00
      48201   2008.333     19.738     19.895    10.9605    10.9580  37.340528  37.339613    10.9581    10.9556    33.3331    33.3344    25.4850    25.4865     9.0146     9.2401    274.710    281.579     2.5934     2.4884     0.3578     7.9188     3.1514     0.0073     0.0000 -124.56226   41.94570      99.63         13  0.000e+00
      48202   2008.375     19.738     19.895    10.9605    10.9578  37.340593  37.339033    10.9581    10.9554    33.3331    33.3341    25.4851    25.4863     9.0146     9.2401    274.710    281.582     2.5934     2.4884     0.3578     7.9188     3.1514     0.0073     0.0000 -124.56226   41.94570      99.66         13  0.000e+00
      48203   2008.417     19.738     19.895    10.9605    10.9574  37.340722  37.338904    10.9581    10.9551    33.3333    33.3342    25.4852    25.4865     9.0146     9.2402    274.710    281.584     2.5934     2.4884     0.3578     7.9188     3.1514     0.0073     0.0000 -124.56226   41.94570      99.63         13  0.000e+00
      48204   2008.458     19.739     19.895    10.9608    10.9574  37.340593  37.338904    10.9584    10.9551    33.3328    33.3342    25.4848    25.4865     9.0146     9.2402    274.708    281.584     2.5934     2.4884     0.3565     7.8883     3.1514     0.0073     0.0000 -124.56226   41.94570      99.66         13  0.000e+00
      48205   2008.500     19.739     19.895    10.9606    10.9569  37.340593  37.338646    10.9582    10.9545    33.3330    33.3344    25.4850    25.4867     9.0094     9.2403    274.550    281.586     2.5922     2.4884     0.3565     7.8883     3.1514     0.0073     0.0000 -124.56226   41.94570      99.63         13  0.000e+00
      48206   2008.542     19.739     19.895    10.9606    10.9566  37.340786  37.338646    10.9582    10.9542    33.3332    33.3347    25.4851    25.4870     9.0041     9.2403    274.390    281.588     2.5910     2.4884     0.3578     7.9188     3.1514     0.0073     0.0000 -124.56226   41.94570      99.63         13  0.000e+00
      48207   2008.583     19.739     19.895    10.9608    10.9567  37.341044  37.339097    10.9584    10.9544    33.3333    33.3350    25.4852    25.4872     9.0041     9.2403    274.389    281.586     2.5910     2.4884     0.3565     7.8883     3.1526     0.0073     0.0000 -124.56226   41.94570      99.66         13  0.000e+00
      48208   2008.625     19.739     19.896    10.9610    10.9576  37.341238  37.339742    10.9586    10.9552    33.3333    33.3349    25.4851    25.4870     9.0041     9.2401    274.388    281.581     2.5910     2.4884     0.3578     7.9188     3.1502     0.0073     0.0000 -124.56226   41.94570      99.63         13  0.000e+00
      48209   2008.667     19.739     19.896    10.9610    10.9578  37.340980  37.339935    10.9586    10.9555    33.3331    33.3349    25.4849    25.4869     9.0041     9.2401    274.388    281.580     2.5910     2.4884     0.3565     7.8883     3.1526     0.0073     0.0000 -124.56226   41.94570      99.63         13  0.000e+00
      48210   2008.708     19.739     19.896    10.9608    10.9581  37.340786  37.340129    10.9584    10.9557    33.3330    33.3349    25.4850    25.4869     9.0041     9.2400    274.390    281.578     2.5910     2.4884     0.3565     7.8883     3.1502     0.0085     0.0000 -124.56226   41.94570      99.66         13  0.000e+00
      48211   2008.750     19.739     19.896    10.9606    10.9588  37.340399  37.340257    10.9582    10.9564    33.3328    33.3344    25.4848    25.4864     8.9989     9.2399    274.232    281.575     2.5897     2.4884     0.3565     7.8883     3.1526     0.0073     0.0000 -124.56226   41.94570      99.66         13  0.000e+00
      48212   2008.792     19.739     19.896    10.9603    10.9589  37.340464  37.340257    10.9579    10.9565    33.3332    33.3342    25.4851    25.4862     8.9990     9.2399    274.233    281.574     2.5897     2.4884     0.3565     7.8883     3.1502     0.0073     0.0000 -124.56226   41.94572      99.63         13  0.000e+00
      48213   2008.833     19.739     19.896    10.9596    10.9594  37.339948  37.340451    10.9573    10.9570    33.3333    33.3340    25.4853    25.4859     8.9991     9.2398    274.237    281.571     2.5897     2.4884     0.3565     7.8883     3.1526     0.0073     0.0000 -124.56226   41.94572      99.66         13  0.000e+00
      48214   2008.875     19.739     19.896    10.9591    10.9596  37.339367  37.340838    10.9568    10.9572    33.3331    33.3342    25.4853    25.4861     8.9992     9.2397    274.240    281.570     2.5897     2.4884     0.3578     7.9188     3.1514     0.0073     0.0000 -124.56226   41.94572      99.66         13  0.000e+00
