WCOA/WCOA-6/CTD_Data/RB2102_CTD_115_01.ros
* Sea-Bird SBE 9 Data File:
* FileName = C:\Users\scs.user.rb\CTD\RB2102\Data\RB2102_CTD_115_01.hex
* Software Version Seasave V 7.26.7.107
* Temperature SN = 6202
* Conductivity SN = 4907
* Number of Bytes Per Scan = 41
* Number of Voltage Words = 4
* Number of Scans Averaged by the Deck Unit = 1
* NMEA Latitude = 34 22.52 N
* NMEA Longitude = 120 39.75 W
* NMEA UTC (Time) = Jul 18 2021  12:38:36
* NMEA baud rate = 4800
# nquan = 30
# nvalues = 882                                   
# units = specified
# name 0 = scan: Scan Count
# name 1 = timeS: Time, Elapsed [seconds]
# name 2 = depSM: Depth [salt water, m]
# name 3 = prDM: Pressure, Digiquartz [db]
# name 4 = t090C: Temperature [ITS-90, deg C]
# name 5 = t190C: Temperature, 2 [ITS-90, deg C]
# name 6 = c0mS/cm: Conductivity [mS/cm]
# name 7 = c1mS/cm: Conductivity, 2 [mS/cm]
# name 8 = potemp090C: Potential Temperature [ITS-90, deg C]
# name 9 = potemp190C: Potential Temperature, 2 [ITS-90, deg C]
# name 10 = sal00: Salinity, Practical [PSU]
# name 11 = sal11: Salinity, Practical, 2 [PSU]
# name 12 = sigma-é00: Density [sigma-theta, kg/m^3]
# name 13 = sigma-é11: Density, 2 [sigma-theta, kg/m^3]
# name 14 = sbeox0Mg/L: Oxygen, SBE 43 [mg/l]
# name 15 = sbeox1Mg/L: Oxygen, SBE 43, 2 [mg/l]
# name 16 = sbox0Mm/Kg: Oxygen, SBE 43 [umol/kg]
# name 17 = sbox1Mm/Kg: Oxygen, SBE 43, 2 [umol/kg]
# name 18 = sbeox0V: Oxygen raw, SBE 43 [V]
# name 19 = sbeox1V: Oxygen raw, SBE 43, 2 [V]
# name 20 = v4: Voltage 4
# name 21 = flECO-AFL: Fluorescence, WET Labs ECO-AFL/FL [mg/m^3]
# name 22 = v3: Voltage 3
# name 23 = v6: Voltage 6
# name 24 = v7: Voltage 7
# name 25 = longitude: Longitude [deg]
# name 26 = latitude: Latitude [deg]
# name 27 = altM: Altimeter [m]
# name 28 = nbf: Bottles Fired
# name 29 = flag:  0.000e+00
# interval = seconds: 0.0416667
# start_time = Jul 18 2021 12:38:36 [NMEA time, header]
# bad_flag = -9.990e-29
*END*
      27153   1131.333    451.582    455.342     7.0371     7.0389  34.840878  34.843246     6.9940     6.9959    34.2510    34.2518    26.8296    26.8299     0.5075     0.5218     15.446     15.879     0.5897     0.6007     0.0415     0.0129     3.2222     0.0293     0.0000 -120.66288   34.37534       9.99          1  0.000e+00
      27154   1131.375    451.629    455.389     7.0369     7.0388  34.840753  34.842995     6.9939     6.9958    34.2510    34.2516    26.8296    26.8298     0.5075     0.5218     15.446     15.880     0.5897     0.6007     0.0415     0.0129     3.2234     0.0293     0.0000 -120.66288   34.37534       9.99          1  0.000e+00
      27155   1131.417    451.482    455.241     7.0374     7.0389  34.841129  34.843497     6.9944     6.9959    34.2510    34.2521    26.8295    26.8302     0.5075     0.5218     15.446     15.879     0.5897     0.6007     0.0415     0.0129     3.2247     0.0293     0.0000 -120.66288   34.37534       9.99          1  0.000e+00
      27156   1131.458    451.582    455.342     7.0371     7.0391  34.841067  34.843309     6.9941     6.9960    34.2512    34.2517    26.8297    26.8298     0.5075     0.5218     15.446     15.879     0.5897     0.6007     0.0415     0.0129     3.2222     0.0293     0.0000 -120.66288   34.37534       9.99          1  0.000e+00
      27157   1131.500    451.582    455.342     7.0372     7.0393  34.841004  34.843560     6.9942     6.9963    34.2510    34.2517    26.8295    26.8298     0.5075     0.5218     15.446     15.879     0.5897     0.6007     0.0415     0.0129     3.2247     0.0293     0.0000 -120.66288   34.37534      10.01          1  0.000e+00
      27158   1131.542    451.582    455.342     7.0374     7.0389  34.841004  34.843309     6.9943     6.9959    34.2508    34.2518    26.8294    26.8300     0.5075     0.5218     15.446     15.879     0.5897     0.6007     0.0415     0.0129     3.2247     0.0293     0.0000 -120.66288   34.37534      10.01          1  0.000e+00
      27159   1131.583    451.529    455.288     7.0374     7.0394  34.841004  34.843371     6.9943     6.9964    34.2509    34.2515    26.8294    26.8296     0.5075     0.5218     15.446     15.879     0.5897     0.6007     0.0415     0.0129     3.2247     0.0293     0.0000 -120.66288   34.37534      10.01          1  0.000e+00
      27160   1131.625    451.529    455.288     7.0374     7.0392  34.841004  34.843685     6.9943     6.9961    34.2509    34.2520    26.8294    26.8301     0.5075     0.5218     15.446     15.879     0.5897     0.6007     0.0415     0.0129     3.2222     0.0293     0.0000 -120.66288   34.37534      10.01          1  0.000e+00
      27161   1131.667    451.529    455.288     7.0372     7.0392  34.841004  34.843748     6.9942     6.9962    34.2510    34.2521    26.8295    26.8301     0.5075     0.5218     15.446     15.879     0.5897     0.6007     0.0415     0.0129     3.2234     0.0293     0.0000 -120.66288   34.37534      10.01          1  0.000e+00
      27162   1131.708    451.515    455.275     7.0374     7.0392  34.841004  34.843748     6.9943     6.9962    34.2509    34.2521    26.8294    26.8301     0.5075     0.5218     15.446     15.879     0.5897     0.6007     0.0403    -0.0177     3.2234     0.0281     0.0000 -120.66288   34.37534      10.01          1  0.000e+00
      27163   1131.750    451.529    455.288     7.0372     7.0394  34.841318  34.843748     6.9942     6.9964    34.2514    34.2519    26.8298    26.8299     0.5075     0.5218     15.446     15.879     0.5897     0.6007     0.0403    -0.0177     3.2234     0.0293     0.0000 -120.66288   34.37534      10.01          1  0.000e+00
      27164   1131.792    451.482    455.241     7.0374     7.0396  34.840878  34.843998     6.9944     6.9966    34.2508    34.2520    26.8293    26.8300     0.5075     0.5218     15.446     15.879     0.5897     0.6007     0.0403    -0.0177     3.2222     0.0293     0.0000 -120.66288   34.37534      10.01          1  0.000e+00
      27165   1131.833    451.482    455.241     7.0372     7.0396  34.841129  34.843559     6.9942     6.9965    34.2512    34.2515    26.8297    26.8296     0.5075     0.5218     15.446     15.879     0.5897     0.6007     0.0403    -0.0177     3.2234     0.0293     0.0000 -120.66288   34.37534      10.04          1  0.000e+00
      27166   1131.875    451.482    455.241     7.0377     7.0397  34.841317  34.843936     6.9947     6.9967    34.2509    34.2518    26.8294    26.8298     0.5075     0.5218     15.446     15.879     0.5897     0.6007     0.0403    -0.0177     3.2222     0.0293     0.0000 -120.66288   34.37534      10.04          1  0.000e+00
      27167   1131.917    451.429    455.188     7.0379     7.0398  34.841066  34.843622     6.9949     6.9968    34.2505    34.2514    26.8290    26.8295     0.5075     0.5217     15.446     15.879     0.5897     0.6007     0.0403    -0.0177     3.2234     0.0293     0.0000 -120.66288   34.37534      10.04          1  0.000e+00
      27168   1131.958    451.482    455.241     7.0377     7.0397  34.841443  34.844375     6.9947     6.9967    34.2510    34.2523    26.8295    26.8302     0.5075     0.5218     15.446     15.879     0.5897     0.6007     0.0403    -0.0177     3.2234     0.0293     0.0000 -120.66288   34.37534      10.04          1  0.000e+00
      27169   1132.000    451.429    455.188     7.0379     7.0400  34.841631  34.844688     6.9948     6.9970    34.2511    34.2523    26.8295    26.8302     0.5075     0.5217     15.446     15.879     0.5897     0.6007     0.0403    -0.0177     3.2234     0.0293     0.0000 -120.66288   34.37534      10.06          1  0.000e+00
      27170   1132.042    451.429    455.188     7.0377     7.0403  34.841631  34.844437     6.9947     6.9972    34.2513    34.2518    26.8297    26.8297     0.5075     0.5217     15.446     15.879     0.5897     0.6007     0.0403    -0.0177     3.2222     0.0293     0.0000 -120.66288   34.37534      10.09          1  0.000e+00
      27171   1132.083    451.429    455.188     7.0380     7.0404  34.841380  34.844186     6.9950     6.9973    34.2507    34.2514    26.8292    26.8294     0.5075     0.5217     15.446     15.879     0.5897     0.6007     0.0403    -0.0177     3.2234     0.0293     0.0000 -120.66288   34.37534      10.09          1  0.000e+00
      27172   1132.125    451.382    455.140     7.0379     7.0404  34.841317  34.844312     6.9949     6.9973    34.2508    34.2516    26.8293    26.8296     0.5075     0.5217     15.446     15.878     0.5897     0.6007     0.0403    -0.0177     3.2222     0.0293     0.0000 -120.66288   34.37534      10.09          1  0.000e+00
      27173   1132.167    451.429    455.188     7.0377     7.0404  34.841317  34.844186     6.9947     6.9974    34.2509    34.2514    26.8294    26.8294     0.5075     0.5217     15.446     15.879     0.5897     0.6007     0.0403    -0.0177     3.2222     0.0293     0.0000 -120.66288   34.37534      10.09          1  0.000e+00
      27174   1132.208    451.329    455.087     7.0377     7.0405  34.841317  34.844061     6.9947     6.9975    34.2510    34.2512    26.8294    26.8292     0.5075     0.5217     15.446     15.878     0.5897     0.6007     0.0403    -0.0177     3.2222     0.0293     0.0000 -120.66288   34.37534      10.09          1  0.000e+00
      27175   1132.250    451.382    455.140     7.0379     7.0405  34.841631  34.843873     6.9948     6.9975    34.2512    34.2510    26.8296    26.8291     0.5075     0.5217     15.446     15.879     0.5897     0.6007     0.0403    -0.0177     3.2222     0.0293     0.0000 -120.66288   34.37534      10.11          1  0.000e+00
      27176   1132.292    451.329    455.087     7.0377     7.0404  34.841380  34.844186     6.9947     6.9974    34.2510    34.2514    26.8295    26.8294     0.5075     0.5217     15.446     15.878     0.5897     0.6007     0.0403    -0.0177     3.2222     0.0293     0.0000 -120.66288   34.37534      10.13          1  0.000e+00
      27177   1132.333    451.329    455.087     7.0377     7.0400  34.841317  34.844186     6.9947     6.9970    34.2510    34.2518    26.8294    26.8298     0.5075     0.5217     15.446     15.878     0.5897     0.6007     0.0403    -0.0177     3.2222     0.0293     0.0000 -120.66288   34.37534      10.13          1  0.000e+00
      27178   1132.375    451.322    455.080     7.0380     7.0402  34.841505  34.844061     6.9950     6.9972    34.2509    34.2515    26.8293    26.8295     0.5075     0.5217     15.445     15.878     0.5897     0.6007     0.0403    -0.0177     3.2222     0.0293     0.0000 -120.66288   34.37534      10.13          1  0.000e+00
      27179   1132.417    451.282    455.039     7.0377     7.0404  34.840877  34.844060     6.9947     6.9974    34.2505    34.2513    26.8291    26.8293     0.5075     0.5217     15.446     15.878     0.5897     0.6007     0.0403    -0.0177     3.2222     0.0293     0.0000 -120.66288   34.37534      10.13          1  0.000e+00
      27180   1132.458    451.282    455.039     7.0379     7.0405  34.841128  34.844311     6.9948     6.9975    34.2507    34.2515    26.8292    26.8295     0.5075     0.5217     15.445     15.878     0.5897     0.6007     0.0403    -0.0177     3.2210     0.0293     0.0000 -120.66288   34.37534      10.11          1  0.000e+00
      27181   1132.500    451.235    454.992     7.0377     7.0404  34.841066  34.844374     6.9947     6.9974    34.2507    34.2517    26.8293    26.8297     0.5075     0.5217     15.445     15.878     0.5897     0.6007     0.0403    -0.0177     3.2222     0.0293     0.0000 -120.66288   34.37534      10.16          1  0.000e+00
      27182   1132.542    451.282    455.039     7.0377     7.0404  34.840501  34.844123     6.9947     6.9974    34.2501    34.2514    26.8288    26.8294     0.5075     0.5217     15.446     15.878     0.5897     0.6007     0.0403    -0.0177     3.2222     0.0293     0.0000 -120.66288   34.37534      10.21          1  0.000e+00
      27183   1132.583    451.235    454.992     7.0379     7.0406  34.841317  34.844060     6.9949     6.9976    34.2509    34.2512    26.8293    26.8292     0.5075     0.5217     15.445     15.878     0.5897     0.6007     0.0403    -0.0177     3.2222     0.0305     0.0000 -120.66288   34.37534      10.21          1  0.000e+00
      27184   1132.625    451.235    454.992     7.0379     7.0405  34.841128  34.844311     6.9949     6.9975    34.2506    34.2515    26.8291    26.8295     0.5075     0.5217     15.445     15.878     0.5897     0.6007     0.0403    -0.0177     3.2210     0.0293     0.0000 -120.66288   34.37534      10.21          1  0.000e+00
      27185   1132.667    451.235    454.992     7.0380     7.0405  34.841003  34.843935     6.9950     6.9975    34.2504    34.2511    26.8289    26.8292     0.5075     0.5217     15.445     15.878     0.5897     0.6007     0.0403    -0.0177     3.2234     0.0293     0.0000 -120.66288   34.37534      10.21          1  0.000e+00
      27186   1132.708    451.182    454.938     7.0379     7.0403  34.841003  34.844186     6.9949     6.9973    34.2505    34.2516    26.8291    26.8296     0.5075     0.5217     15.445     15.878     0.5897     0.6007     0.0403    -0.0177     3.2234     0.0293     0.0000 -120.66288   34.37534      10.21          1  0.000e+00
      27187   1132.750    451.182    454.938     7.0380     7.0402  34.841316  34.844186     6.9950     6.9972    34.2508    34.2517    26.8292    26.8297     0.5075     0.5217     15.445     15.878     0.5897     0.6007     0.0415     0.0129     3.2222     0.0293     0.0000 -120.66288   34.37534      10.26          1  0.000e+00
      27188   1132.792    451.135    454.891     7.0379     7.0405  34.841819  34.844060     6.9949     6.9975    34.2514    34.2513    26.8298    26.8293     0.5075     0.5217     15.445     15.878     0.5897     0.6007     0.0415     0.0129     3.2222     0.0293     0.0000 -120.66288   34.37534      10.31          1  0.000e+00
      27189   1132.833    451.135    454.891     7.0383     7.0403  34.841442  34.844060     6.9953     6.9973    34.2506    34.2515    26.8291    26.8295     0.5075     0.5217     15.445     15.878     0.5897     0.6007     0.0415     0.0129     3.2222     0.0293     0.0000 -120.66288   34.37534      10.31          1  0.000e+00
      27190   1132.875    451.135    454.891     7.0382     7.0404  34.841505  34.844123     6.9952     6.9974    34.2508    34.2515    26.8292    26.8295     0.5075     0.5217     15.445     15.878     0.5897     0.6007     0.0415     0.0129     3.2222     0.0293     0.0000 -120.66288   34.37534      10.31          1  0.000e+00
      27191   1132.917    451.082    454.837     7.0383     7.0404  34.841630  34.844499     6.9953     6.9974    34.2508    34.2519    26.8292    26.8298     0.5075     0.5217     15.445     15.878     0.5897     0.6007     0.0415     0.0129     3.2222     0.0293     0.0000 -120.66288   34.37534      10.31          1  0.000e+00
      27192   1132.958    451.082    454.837     7.0387     7.0406  34.841630  34.844499     6.9957     6.9976    34.2505    34.2517    26.8289    26.8297     0.5075     0.5217     15.445     15.878     0.5897     0.6007     0.0415     0.0129     3.2234     0.0293     0.0000 -120.66288   34.37534      10.31          1  0.000e+00
      27193   1133.000    451.082    454.837     7.0385     7.0407  34.842069  34.844122     6.9955     6.9977    34.2511    34.2512    26.8294    26.8292     0.5075     0.5217     15.445     15.878     0.5897     0.6007     0.0415     0.0129     3.2222     0.0293     0.0000 -120.66288   34.37534      10.38          1  0.000e+00
      27194   1133.042    451.035    454.790     7.0388     7.0407  34.842258  34.844561     6.9958     6.9977    34.2511    34.2517    26.8294    26.8296     0.5075     0.5217     15.445     15.878     0.5897     0.6007     0.0415     0.0129     3.2234     0.0293     0.0000 -120.66288   34.37534      10.40          1  0.000e+00
      27195   1133.083    451.075    454.831     7.0389     7.0408  34.841755  34.844436     6.9959     6.9978    34.2504    34.2515    26.8289    26.8294     0.5075     0.5217     15.445     15.878     0.5897     0.6007     0.0415     0.0129     3.2222     0.0293     0.0000 -120.66288   34.37534      10.40          1  0.000e+00
      27196   1133.125    451.035    454.790     7.0390     7.0409  34.842069  34.844373     6.9960     6.9979    34.2507    34.2513    26.8291    26.8293     0.5075     0.5217     15.445     15.878     0.5897     0.6007     0.0415     0.0129     3.2222     0.0293     0.0000 -120.66288   34.37534      10.40          1  0.000e+00
      27197   1133.167    450.982    454.737     7.0389     7.0407  34.842006  34.844373     6.9959     6.9977    34.2508    34.2516    26.8291    26.8295     0.5075     0.5217     15.444     15.878     0.5897     0.6007     0.0415     0.0129     3.2234     0.0293     0.0000 -120.66288   34.37534      10.40          1  0.000e+00
      27198   1133.208    450.982    454.737     7.0390     7.0409  34.842132  34.844624     6.9960     6.9979    34.2508    34.2516    26.8291    26.8295     0.5135     0.5217     15.628     15.877     0.5910     0.6007     0.0415     0.0129     3.2222     0.0293     0.0000 -120.66288   34.37534      10.43          1  0.000e+00
      27199   1133.250    450.982    454.737     7.0394     7.0410  34.842006  34.844938     6.9964     6.9980    34.2502    34.2518    26.8286    26.8297     0.5075     0.5217     15.444     15.877     0.5897     0.6007     0.0427     0.0434     3.2222     0.0293     0.0000 -120.66288   34.37534      10.48          1  0.000e+00
      27200   1133.292    450.982    454.737     7.0394     7.0412  34.842697  34.844561     6.9964     6.9982    34.2510    34.2513    26.8293    26.8292     0.5135     0.5217     15.627     15.877     0.5910     0.6007     0.0415     0.0129     3.2222     0.0293     0.0000 -120.66288   34.37534      10.50          1  0.000e+00
