WCOA/WCOA-6/CTD_Data/RB2102_CTD_040_01.ros
* Sea-Bird SBE 9 Data File:
* FileName = C:\Users\scs.user.rb\CTD\RB2102\Data\RB2102_CTD_040_01.hex
* Software Version Seasave V 7.26.7.107
* Temperature SN = 6202
* Conductivity SN = 4907
* Number of Bytes Per Scan = 41
* Number of Voltage Words = 4
* Number of Scans Averaged by the Deck Unit = 1
* NMEA Latitude = 47 06.83 N
* NMEA Longitude = 124 49.37 W
* NMEA UTC (Time) = Jul 02 2021  15:15:02
* NMEA baud rate = 4800
# nquan = 30
# nvalues = 784                                   
# units = specified
# name 0 = scan: Scan Count
# name 1 = timeS: Time, Elapsed [seconds]
# name 2 = depSM: Depth [salt water, m]
# name 3 = prDM: Pressure, Digiquartz [db]
# name 4 = t090C: Temperature [ITS-90, deg C]
# name 5 = t190C: Temperature, 2 [ITS-90, deg C]
# name 6 = c0mS/cm: Conductivity [mS/cm]
# name 7 = c1mS/cm: Conductivity, 2 [mS/cm]
# name 8 = potemp090C: Potential Temperature [ITS-90, deg C]
# name 9 = potemp190C: Potential Temperature, 2 [ITS-90, deg C]
# name 10 = sal00: Salinity, Practical [PSU]
# name 11 = sal11: Salinity, Practical, 2 [PSU]
# name 12 = sigma-é00: Density [sigma-theta, kg/m^3]
# name 13 = sigma-é11: Density, 2 [sigma-theta, kg/m^3]
# name 14 = sbeox0Mg/L: Oxygen, SBE 43 [mg/l]
# name 15 = sbeox1Mg/L: Oxygen, SBE 43, 2 [mg/l]
# name 16 = sbox0Mm/Kg: Oxygen, SBE 43 [umol/kg]
# name 17 = sbox1Mm/Kg: Oxygen, SBE 43, 2 [umol/kg]
# name 18 = sbeox0V: Oxygen raw, SBE 43 [V]
# name 19 = sbeox1V: Oxygen raw, SBE 43, 2 [V]
# name 20 = v4: Voltage 4
# name 21 = flECO-AFL: Fluorescence, WET Labs ECO-AFL/FL [mg/m^3]
# name 22 = v3: Voltage 3
# name 23 = v6: Voltage 6
# name 24 = v7: Voltage 7
# name 25 = longitude: Longitude [deg]
# name 26 = latitude: Latitude [deg]
# name 27 = altM: Altimeter [m]
# name 28 = nbf: Bottles Fired
# name 29 = flag:  0.000e+00
# interval = seconds: 0.0416667
# start_time = Jul 02 2021 15:15:02 [NMEA time, header]
# bad_flag = -9.990e-29
*END*
[from data line 726]
      55058   2294.042      3.938      3.971    15.7567    15.7558  40.123216  40.122756    15.7561    15.7552    31.8439    31.8442    23.3756    23.3760     9.2310     9.4217    281.883    287.708     2.8571     2.7375     0.0684     0.6844     3.2625     0.8706     0.0000 -124.82414   47.11324      99.85         15  0.000e+00
      55059   2294.083      3.938      3.971    15.7568    15.7559  40.123548  40.122557    15.7562    15.7553    31.8441    31.8440    23.3757    23.3758     9.2310     9.4217    281.882    287.708     2.8571     2.7375     0.0684     0.6844     3.2637     0.8706     0.0000 -124.82414   47.11324      99.83         15  0.000e+00
      55060   2294.125      3.991      4.024    15.7565    15.7560  40.123017  40.123021    15.7558    15.7554    31.8439    31.8443    23.3756    23.3760     9.2311     9.4218    281.887    287.709     2.8571     2.7375     0.0672     0.6539     3.2650     0.8706     0.0000 -124.82414   47.11324      99.85         15  0.000e+00
      55061   2294.167      3.892      3.924    15.7567    15.7560  40.123016  40.123021    15.7561    15.7554    31.8438    31.8443    23.3754    23.3760     9.2310     9.4216    281.882    287.705     2.8571     2.7375     0.0684     0.6844     3.2637     0.8706     0.0000 -124.82414   47.11324      99.85         15  0.000e+00
      55062   2294.208      3.991      4.024    15.7565    15.7558  40.123349  40.122822    15.7558    15.7552    31.8442    31.8443    23.3758    23.3760     9.2358     9.4218    282.031    287.710     2.8584     2.7375     0.0672     0.6539     3.2637     0.8706     0.0000 -124.82414   47.11324      99.85         15  0.000e+00
      55063   2294.250      3.938      3.971    15.7566    15.7560  40.123348  40.122822    15.7560    15.7554    31.8441    31.8441    23.3757    23.3758     9.2358     9.4217    282.029    287.707     2.8584     2.7375     0.0672     0.6539     3.2650     0.8706     0.0000 -124.82414   47.11324      99.85         15  0.000e+00
      55064   2294.292      3.938      3.971    15.7566    15.7560  40.123680  40.123087    15.7560    15.7554    31.8444    31.8443    23.3759    23.3760     9.2357     9.4217    282.028    287.706     2.8584     2.7375     0.0684     0.6844     3.2637     0.8706     0.0000 -124.82414   47.11324      99.85         15  0.000e+00
      55065   2294.333      3.938      3.971    15.7567    15.7556  40.123282  40.122888    15.7561    15.7550    31.8440    31.8445    23.3756    23.3762     9.2357     9.4218    282.029    287.708     2.8584     2.7375     0.0672     0.6539     3.2650     0.8706     0.0000 -124.82414   47.11324      99.85         15  0.000e+00
      55066   2294.375      3.958      3.991    15.7565    15.7557  40.123349  40.122623    15.7558    15.7551    31.8442    31.8442    23.3758    23.3759     9.2358     9.4218    282.030    287.709     2.8584     2.7375     0.0684     0.6844     3.2637     0.8706     0.0000 -124.82414   47.11324      99.85         15  0.000e+00
      55237   2301.500      3.405      3.433    15.7539    15.7539  40.121023  40.120830    15.7534    15.7533    31.8444    31.8443    23.3765    23.3764     9.2118     9.4318    281.298    288.015     2.8523     2.7399     0.0696     0.7149     3.2650     0.8620     0.0000 -124.82414   47.11324      99.85         16  0.000e+00
      55238   2301.542      3.551      3.580    15.7539    15.7538  40.121024  40.120498    15.7534    15.7532    31.8444    31.8440    23.3765    23.3762     9.2168     9.4320    281.449    288.021     2.8535     2.7399     0.0708     0.7455     3.2637     0.8608     0.0000 -124.82414   47.11324      99.85         16  0.000e+00
      55239   2301.583      3.306      3.333    15.7541    15.7537  40.121421  40.120630    15.7536    15.7532    31.8446    31.8443    23.3766    23.3765     9.2164     9.4369    281.438    288.169     2.8535     2.7411     0.0708     0.7455     3.2637     0.8620     0.0000 -124.82414   47.11324      99.85         16  0.000e+00
      55240   2301.625      3.551      3.580    15.7541    15.7537  40.121422  40.120963    15.7535    15.7531    31.8446    31.8445    23.3766    23.3766     9.2167     9.4371    281.447    288.178     2.8535     2.7411     0.0696     0.7149     3.2637     0.8620     0.0000 -124.82414   47.11324      99.34         16  0.000e+00
      55241   2301.667      3.458      3.487    15.7541    15.7536  40.121422  40.120896    15.7535    15.7531    31.8446    31.8445    23.3766    23.3767     9.2166     9.4370    281.444    288.175     2.8535     2.7411     0.0708     0.7455     3.2637     0.8608     0.0000 -124.82414   47.11324      98.85         16  0.000e+00
      55242   2301.708      3.458      3.487    15.7542    15.7535  40.121090  40.120498    15.7537    15.7530    31.8442    31.8442    23.3763    23.3765     9.2166     9.4319    281.444    288.019     2.8535     2.7399     0.0708     0.7455     3.2637     0.8620     0.0000 -124.82414   47.11324      98.80         16  0.000e+00
      55243   2301.750      3.458      3.487    15.7541    15.7536  40.121222  40.120631    15.7536    15.7531    31.8444    31.8443    23.3764    23.3765     9.2166     9.4319    281.444    288.018     2.8535     2.7399     0.0708     0.7455     3.2637     0.8620     0.0000 -124.82414   47.11324      98.83         16  0.000e+00
      55244   2301.792      3.405      3.434    15.7542    15.7535  40.121089  40.120763    15.7537    15.7530    31.8442    31.8445    23.3763    23.3767     9.2213     9.4370    281.587    288.174     2.8547     2.7411     0.0708     0.7455     3.2637     0.8620     0.0000 -124.82414   47.11324      98.85         16  0.000e+00
      55245   2301.833      3.518      3.547    15.7539    15.7533  40.121023  40.120963    15.7534    15.7527    31.8444    31.8448    23.3765    23.3770     9.2167     9.4320    281.448    288.021     2.8535     2.7399     0.0708     0.7455     3.2625     0.8620     0.0000 -124.82414   47.11324      98.85         16  0.000e+00
      55246   2301.875      3.504      3.534    15.7536    15.7533  40.120492  40.120631    15.7531    15.7528    31.8441    31.8445    23.3763    23.3767     9.2168     9.4320    281.449    288.021     2.8535     2.7399     0.0708     0.7455     3.2650     0.8620     0.0000 -124.82414   47.11324      99.46         16  0.000e+00
      55247   2301.917      3.458      3.487    15.7534    15.7535  40.120559  40.120896    15.7529    15.7530    31.8444    31.8446    23.3766    23.3767     9.2168     9.4319    281.448    288.018     2.8535     2.7399     0.0708     0.7455     3.2650     0.8620     0.0000 -124.82414   47.11324      99.85         16  0.000e+00
      55248   2301.958      3.551      3.580    15.7536    15.7533  40.120824  40.120830    15.7530    15.7527    31.8445    31.8447    23.3766    23.3769     9.2168     9.4321    281.451    288.023     2.8535     2.7399     0.0708     0.7455     3.2637     0.8620     0.0000 -124.82414   47.11324      99.83         16  0.000e+00
      55249   2302.000      3.458      3.487    15.7532    15.7533  40.120492  40.120962    15.7527    15.7528    31.8445    31.8448    23.3767    23.3769     9.2263     9.4319    281.740    288.019     2.8559     2.7399     0.0696     0.7149     3.2650     0.8620     0.0000 -124.82414   47.11324      99.85         16  0.000e+00
      55250   2302.042      3.551      3.580    15.7531    15.7534  40.120094  40.120565    15.7526    15.7529    31.8442    31.8443    23.3765    23.3766     9.2264     9.4320    281.744    288.022     2.8559     2.7399     0.0708     0.7455     3.2637     0.8608     0.0000 -124.82414   47.11324      99.85         16  0.000e+00
      55251   2302.083      3.504      3.534    15.7531    15.7533  40.120028  40.121029    15.7525    15.7528    31.8442    31.8448    23.3765    23.3770     9.2169     9.4320    281.452    288.020     2.8535     2.7399     0.0696     0.7149     3.2650     0.8620     0.0000 -124.82414   47.11324      99.85         16  0.000e+00
      55252   2302.125      3.504      3.534    15.7527    15.7533  40.120160  40.121095    15.7522    15.7527    31.8446    31.8450    23.3769    23.3771     9.2217     9.4320    281.599    288.021     2.8547     2.7399     0.0696     0.7149     3.2637     0.8608     0.0000 -124.82414   47.11324      99.85         16  0.000e+00
      55253   2302.167      3.551      3.580    15.7528    15.7532  40.120293  40.121096    15.7522    15.7526    31.8446    31.8450    23.3769    23.3771     9.2265     9.4321    281.745    288.023     2.8559     2.7399     0.0684     0.6844     3.2650     0.8608     0.0000 -124.82414   47.11324      99.83         16  0.000e+00
      55254   2302.208      3.551      3.581    15.7525    15.7533  40.120360  40.121295    15.7520    15.7528    31.8449    31.8451    23.3772    23.3771     9.2218     9.4320    281.601    288.021     2.8547     2.7399     0.0696     0.7149     3.2637     0.8608     0.0000 -124.82414   47.11324      99.83         16  0.000e+00
      55255   2302.250      3.551      3.581    15.7525    15.7536  40.119762  40.121427    15.7520    15.7531    31.8444    31.8450    23.3768    23.3770     9.2265     9.4320    281.747    288.020     2.8559     2.7399     0.0696     0.7149     3.2637     0.8608     0.0000 -124.82414   47.11324      99.85         16  0.000e+00
      55256   2302.292      3.551      3.581    15.7528    15.7539  40.119895  40.121228    15.7522    15.7533    31.8443    31.8446    23.3767    23.3767     9.2265     9.4319    281.746    288.019     2.8559     2.7399     0.0696     0.7149     3.2637     0.8608     0.0000 -124.82414   47.11324      99.85         16  0.000e+00
      55257   2302.333      3.551      3.581    15.7527    15.7539  40.120426  40.121361    15.7522    15.7534    31.8448    31.8446    23.3771    23.3767     9.2265     9.4319    281.745    288.019     2.8559     2.7399     0.0696     0.7149     3.2637     0.8608     0.0000 -124.82414   47.11324      99.85         16  0.000e+00
      55258   2302.375      3.617      3.647    15.7527    15.7540  40.120626  40.121427    15.7522    15.7535    31.8449    31.8446    23.3772    23.3766     9.2265     9.4320    281.747    288.021     2.8559     2.7399     0.0696     0.7149     3.2637     0.8608     0.0000 -124.82414   47.11324      99.85         16  0.000e+00
      55259   2302.417      3.551      3.581    15.7529    15.7541  40.121223  40.121693    15.7523    15.7536    31.8454    31.8448    23.3775    23.3768     9.2264     9.4319    281.743    288.017     2.8559     2.7399     0.0696     0.7149     3.2650     0.8608     0.0000 -124.82414   47.11324      99.85         16  0.000e+00
      55260   2302.458      3.604      3.634    15.7531    15.7545  40.121621  40.121826    15.7525    15.7540    31.8455    31.8445    23.3776    23.3765     9.2312     9.4319    281.889    288.017     2.8571     2.7399     0.0684     0.6844     3.2637     0.8608     0.0000 -124.82414   47.11324      99.85         16  0.000e+00
      55261   2302.500      3.604      3.634    15.7539    15.7547  40.121621  40.122290    15.7533    15.7542    31.8449    31.8448    23.3769    23.3766     9.2311     9.4318    281.885    288.016     2.8571     2.7399     0.0696     0.7149     3.2637     0.8608     0.0000 -124.82414   47.11324      99.85         16  0.000e+00
      55262   2302.542      3.650      3.681    15.7544    15.7548  40.122485  40.122489    15.7538    15.7542    31.8452    31.8449    23.3770    23.3767     9.2310     9.4319    281.884    288.017     2.8571     2.7399     0.0684     0.6844     3.2650     0.8608     0.0000 -124.82414   47.11324      99.85         16  0.000e+00
      55263   2302.583      3.604      3.634    15.7548    15.7551  40.122484  40.122489    15.7543    15.7545    31.8449    31.8447    23.3767    23.3765     9.2309     9.4318    281.880    288.014     2.8571     2.7399     0.0684     0.6844     3.2650     0.8608     0.0000 -124.82414   47.11324      99.85         16  0.000e+00
      55264   2302.625      3.604      3.634    15.7551    15.7553  40.122152  40.122489    15.7545    15.7548    31.8444    31.8445    23.3763    23.3763     9.2309     9.4317    281.880    288.013     2.8571     2.7399     0.0684     0.6844     3.2650     0.8608     0.0000 -124.82414   47.11324      99.85         16  0.000e+00
      55265   2302.667      3.650      3.681    15.7551    15.7556  40.122219  40.122821    15.7545    15.7550    31.8444    31.8446    23.3763    23.3763     9.2357     9.4317    282.026    288.013     2.8584     2.7399     0.0696     0.7149     3.2637     0.8608     0.0000 -124.82414   47.11324      99.85         16  0.000e+00
      55266   2302.708      3.650      3.681    15.7551    15.7555  40.122352  40.122821    15.7545    15.7549    31.8446    31.8447    23.3764    23.3764     9.2357     9.4317    282.026    288.013     2.8584     2.7399     0.0696     0.7149     3.2650     0.8608     0.0000 -124.82414   47.11324      99.85         16  0.000e+00
      55267   2302.750      3.650      3.681    15.7555    15.7556  40.122152  40.122555    15.7549    15.7550    31.8441    31.8443    23.3759    23.3761     9.2356     9.4317    282.025    288.013     2.8584     2.7399     0.0696     0.7149     3.2650     0.8608     0.0000 -124.82414   47.11324      99.85         16  0.000e+00
      55268   2302.792      3.696      3.727    15.7552    15.7556  40.122617  40.122489    15.7547    15.7550    31.8446    31.8443    23.3764    23.3760     9.2357     9.4369    282.027    288.172     2.8584     2.7411     0.0696     0.7149     3.2637     0.8608     0.0000 -124.82414   47.11324      99.85         16  0.000e+00
      55269   2302.833      3.696      3.727    15.7554    15.7555  40.123016  40.122224    15.7548    15.7549    31.8449    31.8441    23.3765    23.3759     9.2357     9.4318    282.025    288.016     2.8584     2.7399     0.0696     0.7149     3.2637     0.8608     0.0000 -124.82414   47.11324      99.85         16  0.000e+00
      55270   2302.875      3.696      3.727    15.7555    15.7554  40.123016  40.122489    15.7549    15.7548    31.8448    31.8444    23.3765    23.3762     9.2356     9.4318    282.025    288.016     2.8584     2.7399     0.0684     0.6844     3.2650     0.8608     0.0000 -124.82414   47.11324      99.85         16  0.000e+00
      55271   2302.917      3.650      3.681    15.7557    15.7553  40.122551  40.122224    15.7552    15.7547    31.8442    31.8443    23.3760    23.3761     9.2356     9.4318    282.023    288.015     2.8584     2.7399     0.0696     0.7149     3.2637     0.8608     0.0000 -124.82414   47.11324      99.85         16  0.000e+00
      55272   2302.958      3.716      3.748    15.7556    15.7554  40.122684  40.122357    15.7550    15.7548    31.8444    31.8443    23.3762    23.3761     9.2357     9.4318    282.026    288.017     2.8584     2.7399     0.0696     0.7149     3.2637     0.8608     0.0000 -124.82414   47.11324      99.85         16  0.000e+00
      55273   2303.000      3.749      3.781    15.7558    15.7551  40.122817  40.122224    15.7552    15.7546    31.8443    31.8444    23.3760    23.3762     9.2357     9.4319    282.026    288.019     2.8584     2.7399     0.0696     0.7149     3.2637     0.8608     0.0000 -124.82414   47.11324      99.85         16  0.000e+00
      55274   2303.042      3.697      3.728    15.7557    15.7552  40.123215  40.122357    15.7552    15.7547    31.8448    31.8444    23.3764    23.3762     9.2404     9.4319    282.169    288.017     2.8596     2.7399     0.0696     0.7149     3.2637     0.8608     0.0000 -124.82414   47.11324      99.85         16  0.000e+00
