WCOA/WCOA-6/CTD_Data/RB2102_CTD_008_01.ros
* Sea-Bird SBE 9 Data File:
* FileName = C:\Users\scs.user.rb\CTD\RB2102\Data\RB2102_CTD_008_01.hex
* Software Version Seasave V 7.26.7.107
* Temperature SN = 6202
* Conductivity SN = 4907
* Number of Bytes Per Scan = 41
* Number of Voltage Words = 4
* Number of Scans Averaged by the Deck Unit = 1
* NMEA Latitude = 48 21.34 N
* NMEA Longitude = 126 18.44 W
* NMEA UTC (Time) = Jun 27 2021  16:05:06
* NMEA baud rate = 4800
# nquan = 30
# nvalues = 1029                                  
# units = specified
# name 0 = scan: Scan Count
# name 1 = timeS: Time, Elapsed [seconds]
# name 2 = depSM: Depth [salt water, m]
# name 3 = prDM: Pressure, Digiquartz [db]
# name 4 = t090C: Temperature [ITS-90, deg C]
# name 5 = t190C: Temperature, 2 [ITS-90, deg C]
# name 6 = c0mS/cm: Conductivity [mS/cm]
# name 7 = c1mS/cm: Conductivity, 2 [mS/cm]
# name 8 = potemp090C: Potential Temperature [ITS-90, deg C]
# name 9 = potemp190C: Potential Temperature, 2 [ITS-90, deg C]
# name 10 = sal00: Salinity, Practical [PSU]
# name 11 = sal11: Salinity, Practical, 2 [PSU]
# name 12 = sigma-é00: Density [sigma-theta, kg/m^3]
# name 13 = sigma-é11: Density, 2 [sigma-theta, kg/m^3]
# name 14 = sbeox0Mg/L: Oxygen, SBE 43 [mg/l]
# name 15 = sbeox1Mg/L: Oxygen, SBE 43, 2 [mg/l]
# name 16 = sbox0Mm/Kg: Oxygen, SBE 43 [umol/kg]
# name 17 = sbox1Mm/Kg: Oxygen, SBE 43, 2 [umol/kg]
# name 18 = sbeox0V: Oxygen raw, SBE 43 [V]
# name 19 = sbeox1V: Oxygen raw, SBE 43, 2 [V]
# name 20 = v4: Voltage 4
# name 21 = flECO-AFL: Fluorescence, WET Labs ECO-AFL/FL [mg/m^3]
# name 22 = v3: Voltage 3
# name 23 = v6: Voltage 6
# name 24 = v7: Voltage 7
# name 25 = longitude: Longitude [deg]
# name 26 = latitude: Latitude [deg]
# name 27 = altM: Altimeter [m]
# name 28 = nbf: Bottles Fired
# name 29 = flag:  0.000e+00
# interval = seconds: 0.0416667
# start_time = Jun 27 2021 16:05:06 [NMEA time, header]
# bad_flag = -9.990e-29
*END*
[from data line 242]
      81703   3404.250    495.969    500.788     5.2003     5.2038  33.075914  33.077710     5.1600     5.1634    34.0955    34.0941    26.9397    26.9382     1.0622     1.0442     32.325     31.775     0.6911     0.6874     0.0403    -0.0177     3.1148     1.8230     1.3309 -126.30698   48.35580     100.00          5  0.000e+00
      81704   3404.292    495.923    500.741     5.2006     5.2035  33.075914  33.077402     5.1603     5.1631    34.0953    34.0941    26.9395    26.9382     1.0622     1.0442     32.324     31.775     0.6911     0.6874     0.0403    -0.0177     3.1160     1.8230     1.3309 -126.30698   48.35580     100.00          5  0.000e+00
      81705   3404.333    496.016    500.835     5.2008     5.2033  33.076099  33.077034     5.1605     5.1630    34.0952    34.0938    26.9394    26.9380     1.0622     1.0511     32.325     31.986     0.6911     0.6886     0.0403    -0.0177     3.1148     1.8230     1.3309 -126.30698   48.35580     100.00          5  0.000e+00
      87273   3636.333    396.560    400.316     5.5386     5.5372  33.290172  33.289216     5.5056     5.5042    34.0478    34.0481    26.8610    26.8615     1.4873     1.4636     45.262     44.541     0.7790     0.7668     0.0403    -0.0177     3.1148     1.7900     1.5482 -126.30694   48.35586      99.95          6  0.000e+00
      87274   3636.375    396.533    400.289     5.5387     5.5374  33.290234  33.289586     5.5057     5.5044    34.0478    34.0484    26.8610    26.8616     1.4873     1.4704     45.261     44.747     0.7790     0.7680     0.0403    -0.0177     3.1148     1.7900     1.5482 -126.30694   48.35586      99.95          6  0.000e+00
      87275   3636.417    396.560    400.316     5.5388     5.5374  33.290542  33.288970     5.5058     5.5044    34.0480    34.0477    26.8612    26.8611     1.4872     1.4704     45.261     44.748     0.7790     0.7680     0.0403    -0.0177     3.1148     1.7900     1.1954 -126.30694   48.35586      99.95          6  0.000e+00
      87276   3636.458    396.606    400.363     5.5390     5.5377  33.290665  33.289648     5.5060     5.5047    34.0479    34.0481    26.8611    26.8614     1.4810     1.4636     45.072     44.541     0.7778     0.7668     0.0415     0.0129     3.1148     1.7900     0.7057 -126.30694   48.35586      99.98          6  0.000e+00
      87277   3636.500    396.460    400.215     5.5390     5.5377  33.290788  33.289524     5.5060     5.5047    34.0481    34.0480    26.8612    26.8613     1.4810     1.4635     45.071     44.540     0.7778     0.7668     0.0415     0.0129     3.1136     1.7900     0.5861 -126.30694   48.35586      99.95          6  0.000e+00
      87278   3636.542    396.580    400.336     5.5391     5.5377  33.291159  33.289401     5.5061     5.5047    34.0484    34.0478    26.8614    26.8611     1.4872     1.4704     45.261     44.748     0.7790     0.7680     0.0403    -0.0177     3.1136     1.7900     0.6093 -126.30694   48.35586      99.95          6  0.000e+00
      87279   3636.583    396.560    400.316     5.5393     5.5377  33.291035  33.289586     5.5063     5.5047    34.0480    34.0481    26.8612    26.8614     1.4872     1.4636     45.261     44.541     0.7790     0.7668     0.0403    -0.0177     3.1136     1.7900     0.6313 -126.30694   48.35586      99.95          6  0.000e+00
      87280   3636.625    396.560    400.316     5.5395     5.5380  33.290974  33.289709     5.5065     5.5050    34.0478    34.0479    26.8610    26.8612     1.4872     1.4636     45.261     44.540     0.7790     0.7668     0.0403    -0.0177     3.1136     1.7900     0.6361 -126.30694   48.35586      99.95          6  0.000e+00
      87281   3636.667    396.580    400.336     5.5393     5.5383  33.290727  33.290079     5.5063     5.5053    34.0477    34.0480    26.8609    26.8612     1.4872     1.4703     45.261     44.747     0.7790     0.7680     0.0403    -0.0177     3.1136     1.7900     0.6349 -126.30694   48.35586      99.95          6  0.000e+00
      87282   3636.708    396.560    400.316     5.5396     5.5383  33.290850  33.289832     5.5066     5.5053    34.0475    34.0477    26.8607    26.8610     1.4872     1.4703     45.261     44.747     0.7790     0.7680     0.0403    -0.0177     3.1136     1.7900     0.6337 -126.30694   48.35586      99.98          6  0.000e+00
      87283   3636.750    396.560    400.316     5.5392     5.5383  33.290727  33.289216     5.5062     5.5053    34.0478    34.0470    26.8610    26.8604     1.4872     1.4703     45.261     44.747     0.7790     0.7680     0.0403    -0.0177     3.1148     1.7900     0.6337 -126.30694   48.35586      99.95          6  0.000e+00
      87284   3636.792    396.633    400.390     5.5386     5.5380  33.290111  33.289524     5.5056     5.5050    34.0476    34.0476    26.8609    26.8610     1.4873     1.4704     45.262     44.748     0.7790     0.7680     0.0403    -0.0177     3.1136     1.7900     0.6337 -126.30694   48.35586      99.95          6  0.000e+00
      87285   3636.833    396.560    400.316     5.5388     5.5378  33.289802  33.289216     5.5058     5.5048    34.0471    34.0475    26.8605    26.8609     1.4873     1.4636     45.262     44.541     0.7790     0.7668     0.0403    -0.0177     3.1136     1.7900     0.6337 -126.30694   48.35586      99.95          6  0.000e+00
      87286   3636.875    396.607    400.363     5.5386     5.5380  33.290172  33.289771     5.5056     5.5050    34.0477    34.0479    26.8610    26.8612     1.4873     1.4704     45.262     44.747     0.7790     0.7680     0.0415     0.0129     3.1136     1.7888     0.6337 -126.30694   48.35586      99.98          6  0.000e+00
      87287   3636.917    396.607    400.363     5.5388     5.5386  33.290542  33.290202     5.5058     5.5057    34.0480    34.0477    26.8611    26.8610     1.4873     1.4635     45.262     44.540     0.7790     0.7668     0.0415     0.0129     3.1148     1.7888     0.6337 -126.30694   48.35586      99.95          6  0.000e+00
      87288   3636.958    396.580    400.336     5.5390     5.5386  33.290665  33.290695     5.5060     5.5057    34.0480    34.0483    26.8611    26.8614     1.4872     1.4703     45.261     44.746     0.7790     0.7680     0.0403    -0.0177     3.1148     1.7888     0.6337 -126.30694   48.35586      99.95          6  0.000e+00
      87289   3637.000    396.607    400.363     5.5393     5.5389  33.290850  33.290695     5.5063     5.5060    34.0478    34.0480    26.8610    26.8612     1.4872     1.4635     45.261     44.539     0.7790     0.7668     0.0403    -0.0177     3.1136     1.7888     0.6337 -126.30694   48.35586      99.98          6  0.000e+00
      87290   3637.042    396.660    400.417     5.5396     5.5393  33.290727  33.290819     5.5066     5.5063    34.0473    34.0478    26.8606    26.8609     1.4872     1.4703     45.261     44.746     0.7790     0.7680     0.0391    -0.0482     3.1136     1.7888     0.6337 -126.30694   48.35586      99.95          6  0.000e+00
      87291   3637.083    396.633    400.390     5.5396     5.5394  33.291036  33.291065     5.5067     5.5065    34.0477    34.0479    26.8608    26.8610     1.4872     1.4635     45.261     44.539     0.7790     0.7668     0.0415     0.0129     3.1136     1.7888     0.6337 -126.30694   48.35586      99.95          6  0.000e+00
      87292   3637.125    396.660    400.417     5.5396     5.5396  33.290974  33.290757     5.5066     5.5066    34.0476    34.0474    26.8608    26.8606     1.4872     1.4703     45.261     44.746     0.7790     0.7680     0.0403    -0.0177     3.1123     1.7900     0.6337 -126.30694   48.35586      99.95          6  0.000e+00
      87293   3637.167    396.660    400.417     5.5392     5.5391  33.290727  33.290819     5.5062     5.5061    34.0478    34.0480    26.8610    26.8611     1.4935     1.4771     45.451     44.953     0.7802     0.7692     0.0415     0.0129     3.1136     1.7888     0.6337 -126.30694   48.35586      99.98          6  0.000e+00
      87294   3637.208    396.680    400.437     5.5391     5.5389  33.290172  33.290202     5.5061     5.5060    34.0472    34.0474    26.8605    26.8607     1.4873     1.4703     45.262     44.747     0.7790     0.7680     0.0403    -0.0177     3.1148     1.7888     0.6337 -126.30694   48.35586      99.95          6  0.000e+00
      87295   3637.250    396.707    400.464     5.5385     5.5385  33.290049  33.290387     5.5055     5.5055    34.0476    34.0481    26.8609    26.8613     1.4873     1.4704     45.263     44.747     0.7790     0.7680     0.0403    -0.0177     3.1148     1.7888     0.6337 -126.30694   48.35586      99.95          6  0.000e+00
      87296   3637.292    396.707    400.464     5.5381     5.5383  33.290049  33.290141     5.5051     5.5053    34.0480    34.0480    26.8613    26.8612     1.4811     1.4704     45.074     44.747     0.7778     0.7680     0.0391    -0.0482     3.1148     1.7888     0.6337 -126.30694   48.35586      99.95          6  0.000e+00
      87297   3637.333    396.707    400.464     5.5382     5.5385  33.290234  33.290203     5.5052     5.5055    34.0482    34.0479    26.8614    26.8611     1.4873     1.4704     45.263     44.747     0.7790     0.7680     0.0415     0.0129     3.1136     1.7888     0.6337 -126.30694   48.35586      99.98          6  0.000e+00
      87298   3637.375    396.727    400.485     5.5381     5.5389  33.290358  33.290696     5.5051     5.5060    34.0484    34.0479    26.8616    26.8611     1.4873     1.4703     45.263     44.747     0.7790     0.7680     0.0403    -0.0177     3.1136     1.7888     0.6337 -126.30694   48.35586      99.95          6  0.000e+00
      87299   3637.417    396.760    400.518     5.5382     5.5391  33.290481  33.291065     5.5052     5.5061    34.0484    34.0482    26.8616    26.8613     1.4873     1.4635     45.263     44.540     0.7790     0.7668     0.0403    -0.0177     3.1148     1.7900     0.6337 -126.30694   48.35586      99.95          6  0.000e+00
      87300   3637.458    396.807    400.565     5.5385     5.5393  33.290604  33.290942     5.5055     5.5063    34.0482    34.0478    26.8614    26.8610     1.4873     1.4703     45.263     44.747     0.7790     0.7680     0.0415     0.0129     3.1136     1.7888     0.6337 -126.30694   48.35586      99.95          6  0.000e+00
      87301   3637.500    396.780    400.538     5.5385     5.5391  33.290851  33.290881     5.5055     5.5061    34.0486    34.0480    26.8617    26.8611     1.4935     1.4703     45.452     44.747     0.7802     0.7680     0.0403    -0.0177     3.1148     1.7888     0.6337 -126.30694   48.35586      99.95          6  0.000e+00
      87302   3637.542    396.807    400.565     5.5388     5.5393  33.290975  33.291066     5.5058     5.5063    34.0483    34.0480    26.8615    26.8611     1.4873     1.4635     45.263     44.540     0.7790     0.7668     0.0403    -0.0177     3.1136     1.7900     0.6337 -126.30694   48.35586      99.95          6  0.000e+00
      87303   3637.583    396.807    400.565     5.5388     5.5389  33.290728  33.290757     5.5058     5.5060    34.0481    34.0480    26.8612    26.8611     1.4873     1.4704     45.263     44.747     0.7790     0.7680     0.0415     0.0129     3.1136     1.7900     0.6337 -126.30694   48.35586      99.98          6  0.000e+00
      87304   3637.625    396.860    400.619     5.5388     5.5388  33.290666  33.290388     5.5058     5.5058    34.0480    34.0477    26.8612    26.8609     1.4873     1.4704     45.263     44.748     0.7790     0.7680     0.0403    -0.0177     3.1136     1.7888     0.6337 -126.30694   48.35586      99.95          6  0.000e+00
      87305   3637.667    396.880    400.639     5.5390     5.5389  33.290851  33.290696     5.5060     5.5059    34.0480    34.0479    26.8612    26.8611     1.4935     1.4704     45.452     44.748     0.7802     0.7680     0.0415     0.0129     3.1136     1.7900     0.6337 -126.30694   48.35586      99.98          6  0.000e+00
      87306   3637.708    396.860    400.619     5.5390     5.5388  33.290605  33.290449     5.5060     5.5058    34.0477    34.0477    26.8609    26.8610     1.4873     1.4636     45.263     44.541     0.7790     0.7668     0.0403    -0.0177     3.1136     1.7888     0.6337 -126.30694   48.35586      99.98          6  0.000e+00
      87307   3637.750    396.907    400.666     5.5390     5.5391  33.290851  33.290696     5.5060     5.5061    34.0480    34.0477    26.8612    26.8609     1.4873     1.4636     45.263     44.541     0.7790     0.7668     0.0403    -0.0177     3.1136     1.7888     0.6337 -126.30694   48.35586      99.98          6  0.000e+00
      87308   3637.792    396.880    400.640     5.5387     5.5386  33.290728  33.290450     5.5057     5.5056    34.0482    34.0479    26.8613    26.8611     1.4935     1.4704     45.453     44.748     0.7802     0.7680     0.0403    -0.0177     3.1136     1.7888     0.6337 -126.30694   48.35586      99.98          6  0.000e+00
      87309   3637.833    396.953    400.714     5.5390     5.5378  33.290852  33.289834     5.5060     5.5048    34.0480    34.0480    26.8611    26.8613     1.4873     1.4636     45.264     44.543     0.7790     0.7668     0.0403    -0.0177     3.1136     1.7900     0.6337 -126.30694   48.35586      99.98          6  0.000e+00
      87310   3637.875    396.953    400.714     5.5388     5.5374  33.290728  33.289464     5.5058     5.5044    34.0480    34.0480    26.8612    26.8614     1.4873     1.4704     45.264     44.750     0.7790     0.7680     0.0415     0.0129     3.1136     1.7900     0.6337 -126.30694   48.35586      99.98          6  0.000e+00
      87311   3637.917    396.980    400.740     5.5390     5.5371  33.291098  33.288909     5.5060     5.5041    34.0482    34.0477    26.8614    26.8611     1.4811     1.4705     45.074     44.751     0.7778     0.7680     0.0415     0.0129     3.1148     1.7900     0.6337 -126.30694   48.35586      99.95          6  0.000e+00
      87312   3637.958    397.007    400.767     5.5388     5.5366  33.290790  33.288786     5.5058     5.5036    34.0480    34.0480    26.8612    26.8615     1.4873     1.4705     45.264     44.751     0.7790     0.7680     0.0403    -0.0177     3.1136     1.7900     0.6337 -126.30694   48.35586      99.98          6  0.000e+00
      87313   3638.000    397.007    400.767     5.5386     5.5364  33.290790  33.288786     5.5056     5.5034    34.0482    34.0482    26.8614    26.8617     1.4873     1.4705     45.264     44.751     0.7790     0.7680     0.0403    -0.0177     3.1136     1.7900     0.6337 -126.30694   48.35586      99.95          6  0.000e+00
      87314   3638.042    397.053    400.815     5.5388     5.5366  33.290914  33.288971     5.5058     5.5036    34.0482    34.0482    26.8613    26.8616     1.4873     1.4705     45.264     44.751     0.7790     0.7680     0.0415     0.0129     3.1148     1.7900     0.6337 -126.30694   48.35586      99.95          6  0.000e+00
      87315   3638.083    397.080    400.841     5.5390     5.5374  33.290975  33.289711     5.5059     5.5043    34.0481    34.0482    26.8612    26.8615     1.4873     1.4705     45.264     44.751     0.7790     0.7680     0.0415     0.0129     3.1148     1.7900     0.6337 -126.30694   48.35586      99.98          6  0.000e+00
      87316   3638.125    397.053    400.815     5.5390     5.5377  33.291160  33.289772     5.5060     5.5046    34.0482    34.0480    26.8613    26.8613     1.4873     1.4705     45.264     44.750     0.7790     0.7680     0.0403    -0.0177     3.1148     1.7900     0.6337 -126.30694   48.35586      99.95          6  0.000e+00
      87317   3638.167    397.053    400.815     5.5390     5.5379  33.291284  33.290327     5.5059     5.5048    34.0484    34.0485    26.8615    26.8617     1.4873     1.4704     45.264     44.750     0.7790     0.7680     0.0415     0.0129     3.1136     1.7900     0.6337 -126.30694   48.35586      99.98          6  0.000e+00
