WCOA/WCOA-6/CTD_Data/RB2102_CTD_120_01.ros
* Sea-Bird SBE 9 Data File:
* FileName = C:\Users\scs.user.rb\CTD\RB2102\Data\RB2102_CTD_120_01.hex
* Software Version Seasave V 7.26.7.107
* Temperature SN = 6202
* Conductivity SN = 4907
* Number of Bytes Per Scan = 41
* Number of Voltage Words = 4
* Number of Scans Averaged by the Deck Unit = 1
* NMEA Latitude = 34 16.56 N
* NMEA Longitude = 120 01.24 W
* NMEA UTC (Time) = Jul 19 2021  05:02:09
* NMEA baud rate = 4800
# nquan = 30
# nvalues = 1176                                  
# units = specified
# name 0 = scan: Scan Count
# name 1 = timeS: Time, Elapsed [seconds]
# name 2 = depSM: Depth [salt water, m]
# name 3 = prDM: Pressure, Digiquartz [db]
# name 4 = t090C: Temperature [ITS-90, deg C]
# name 5 = t190C: Temperature, 2 [ITS-90, deg C]
# name 6 = c0mS/cm: Conductivity [mS/cm]
# name 7 = c1mS/cm: Conductivity, 2 [mS/cm]
# name 8 = potemp090C: Potential Temperature [ITS-90, deg C]
# name 9 = potemp190C: Potential Temperature, 2 [ITS-90, deg C]
# name 10 = sal00: Salinity, Practical [PSU]
# name 11 = sal11: Salinity, Practical, 2 [PSU]
# name 12 = sigma-é00: Density [sigma-theta, kg/m^3]
# name 13 = sigma-é11: Density, 2 [sigma-theta, kg/m^3]
# name 14 = sbeox0Mg/L: Oxygen, SBE 43 [mg/l]
# name 15 = sbeox1Mg/L: Oxygen, SBE 43, 2 [mg/l]
# name 16 = sbox0Mm/Kg: Oxygen, SBE 43 [umol/kg]
# name 17 = sbox1Mm/Kg: Oxygen, SBE 43, 2 [umol/kg]
# name 18 = sbeox0V: Oxygen raw, SBE 43 [V]
# name 19 = sbeox1V: Oxygen raw, SBE 43, 2 [V]
# name 20 = v4: Voltage 4
# name 21 = flECO-AFL: Fluorescence, WET Labs ECO-AFL/FL [mg/m^3]
# name 22 = v3: Voltage 3
# name 23 = v6: Voltage 6
# name 24 = v7: Voltage 7
# name 25 = longitude: Longitude [deg]
# name 26 = latitude: Latitude [deg]
# name 27 = altM: Altimeter [m]
# name 28 = nbf: Bottles Fired
# name 29 = flag:  0.000e+00
# interval = seconds: 0.0416667
# start_time = Jul 19 2021 05:02:09 [NMEA time, header]
# bad_flag = -9.990e-29
*END*
[from data line 871]
     101371   4223.750     49.871     50.237    12.8015    12.8123  39.366014  39.372509    12.7948    12.8056    33.6344    33.6310    25.3755    25.3708     6.1819     5.7577    188.408    175.479     1.9878     1.7912     0.0501     0.2265     3.2283     0.0000     0.0305 -120.02070   34.27612      99.32         18  0.000e+00
     101372   4223.792     49.871     50.237    12.8017    12.8120  39.365750  39.372509    12.7950    12.8053    33.6340    33.6312    25.3751    25.3710     6.1819     5.7577    188.407    175.479     1.9878     1.7912     0.0513     0.2571     3.2283     0.0000     0.0293 -120.02070   34.27612      99.32         18  0.000e+00
     101373   4223.833     49.852     50.217    12.8004    12.8115  39.364630  39.372048    12.7937    12.8047    33.6341    33.6313    25.3755    25.3712     6.1821     5.7578    188.412    175.481     1.9878     1.7912     0.0501     0.2265     3.2283     0.0000     0.0293 -120.02070   34.27612      99.32         18  0.000e+00
     101374   4223.875     49.918     50.284    12.7997    12.8115  39.364235  39.371653    12.7930    12.8048    33.6342    33.6308    25.3758    25.3708     6.1822     5.7578    188.416    175.483     1.9878     1.7912     0.0513     0.2571     3.2283     0.0000     0.0281 -120.02070   34.27612      99.32         18  0.000e+00
     101375   4223.917     49.818     50.184    12.7994    12.8115  39.364301  39.371192    12.7927    12.8048    33.6347    33.6304    25.3762    25.3705     6.1822     5.7578    188.414    175.481     1.9878     1.7912     0.0501     0.2265     3.2283     0.0000     0.0269 -120.02070   34.27612      99.32         18  0.000e+00
     101376   4223.958     49.918     50.284    12.8005    12.8110  39.364630  39.371456    12.7938    12.8042    33.6339    33.6311    25.3754    25.3711     6.1821     5.7579    188.413    175.485     1.9878     1.7912     0.0501     0.2265     3.2283     0.0000     0.0256 -120.02070   34.27612      99.32         18  0.000e+00
     101377   4224.000     49.871     50.237    12.8007    12.8100  39.364894  39.371061    12.7940    12.8033    33.6340    33.6316    25.3754    25.3717     6.1821     5.7580    188.411    175.487     1.9878     1.7912     0.0501     0.2265     3.2295     0.0000     0.0281 -120.02070   34.27612      99.32         18  0.000e+00
     101378   4224.042     49.852     50.217    12.8014    12.8095  39.363971  39.370929    12.7947    12.8027    33.6326    33.6320    25.3742    25.3721     6.1820     5.7580    188.410    175.488     1.9878     1.7912     0.0501     0.2265     3.2283     0.0000     0.0281 -120.02070   34.27612      99.32         18  0.000e+00
     101379   4224.083     49.872     50.237    12.8009    12.8091  39.363444  39.371390    12.7942    12.8024    33.6325    33.6327    25.3742    25.3727     6.1821     5.7580    188.413    175.489     1.9878     1.7912     0.0501     0.2265     3.2283     0.0000     0.0293 -120.02070   34.27612      99.32         18  0.000e+00
     101380   4224.125     49.872     50.237    12.8004    12.8093  39.363774  39.371324    12.7937    12.8026    33.6333    33.6325    25.3749    25.3726     6.1821     5.7580    188.414    175.488     1.9878     1.7912     0.0501     0.2265     3.2283     0.0000     0.0293 -120.02070   34.27612      99.32         18  0.000e+00
     101381   4224.167     49.872     50.237    12.8001    12.8096  39.363247  39.371456    12.7933    12.8029    33.6331    33.6323    25.3748    25.3723     6.1822     5.7580    188.415    175.487     1.9878     1.7912     0.0501     0.2265     3.2283     0.0000     0.0305 -120.02070   34.27612      99.32         18  0.000e+00
     103829   4326.167     39.779     40.069    13.8107    13.8434  40.276164  40.300869    13.8051    13.8378    33.6041    33.5985    25.1488    25.1377     6.6596     6.2194    203.009    189.592     2.1404     1.9280     0.0586     0.4402     3.2247     0.0000     0.0305 -120.02068   34.27618      99.32         19  0.000e+00
     103830   4326.208     39.779     40.069    13.8112    13.8419  40.276363  40.298809    13.8056    13.8363    33.6038    33.5978    25.1485    25.1375     6.6595     6.2196    203.007    189.599     2.1404     1.9280     0.0586     0.4402     3.2247     0.0000     0.0293 -120.02068   34.27618      99.32         19  0.000e+00
     103831   4326.250     39.825     40.116    13.8119    13.8394  40.276895  40.297414    13.8062    13.8337    33.6037    33.5987    25.1483    25.1388     6.6644     6.2199    203.156    189.609     2.1416     1.9280     0.0586     0.4402     3.2247     0.0000     0.0293 -120.02068   34.27618      99.32         19  0.000e+00
     103832   4326.292     39.825     40.116    13.8129    13.8372  40.277892  40.296284    13.8073    13.8316    33.6038    33.5996    25.1481    25.1399     6.6642     6.2202    203.151    189.617     2.1416     1.9280     0.0586     0.4402     3.2247     0.0000     0.0293 -120.02068   34.27618      99.32         19  0.000e+00
     103833   4326.333     39.825     40.116    13.8138    13.8365  40.278158  40.296350    13.8082    13.8309    33.6032    33.6003    25.1475    25.1405     6.6641     6.2203    203.148    189.619     2.1416     1.9280     0.0598     0.4707     3.2247     0.0000     0.0293 -120.02068   34.27618      99.32         19  0.000e+00
     103834   4326.375     39.779     40.069    13.8146    13.8365  40.278158  40.296483    13.8089    13.8309    33.6026    33.6004    25.1468    25.1406     6.6640     6.2202    203.145    189.618     2.1416     1.9280     0.0598     0.4707     3.2247     0.0000     0.0293 -120.02068   34.27618      99.32         19  0.000e+00
     103835   4326.417     39.779     40.069    13.8149    13.8365  40.278690  40.296483    13.8093    13.8309    33.6028    33.6004    25.1469    25.1406     6.6640     6.2202    203.143    189.618     2.1416     1.9280     0.0586     0.4402     3.2247     0.0000     0.0293 -120.02068   34.27618      99.32         19  0.000e+00
     103836   4326.458     39.825     40.116    13.8149    13.8365  40.279355  40.296683    13.8093    13.8309    33.6034    33.6006    25.1474    25.1407     6.6640     6.2203    203.143    189.619     2.1416     1.9280     0.0598     0.4707     3.2247     0.0000     0.0293 -120.02068   34.27618      99.32         19  0.000e+00
     103837   4326.500     39.779     40.069    13.8151    13.8364  40.279754  40.296417    13.8094    13.8307    33.6036    33.6005    25.1475    25.1407     6.6639     6.2202    203.141    189.618     2.1416     1.9280     0.0586     0.4402     3.2247     0.0000     0.0293 -120.02068   34.27618      99.32         19  0.000e+00
     103838   4326.542     39.779     40.069    13.8154    13.8367  40.279687  40.296683    13.8098    13.8311    33.6033    33.6004    25.1472    25.1406     6.6639     6.2202    203.140    189.617     2.1416     1.9280     0.0586     0.4402     3.2247     0.0000     0.0293 -120.02068   34.27618      99.32         19  0.000e+00
     103839   4326.583     39.825     40.116    13.8159    13.8369  40.280020  40.297015    13.8103    13.8312    33.6031    33.6006    25.1470    25.1407     6.6638     6.2149    203.140    189.455     2.1416     1.9267     0.0598     0.4707     3.2247     0.0000     0.0293 -120.02068   34.27618      99.32         19  0.000e+00
     103840   4326.625     39.825     40.116    13.8164    13.8372  40.280485  40.297148    13.8108    13.8316    33.6031    33.6004    25.1469    25.1405     6.6638     6.2202    203.137    189.616     2.1416     1.9280     0.0598     0.4707     3.2247     0.0000     0.0293 -120.02068   34.27618      99.32         19  0.000e+00
     103841   4326.667     39.726     40.016    13.8168    13.8377  40.281083  40.298145    13.8112    13.8321    33.6033    33.6009    25.1469    25.1408     6.6636     6.2200    203.133    189.611     2.1416     1.9280     0.0586     0.4402     3.2247     0.0000     0.0293 -120.02068   34.27618      99.32         19  0.000e+00
     103842   4326.708     39.825     40.116    13.8172    13.8386  40.281749  40.298477    13.8116    13.8329    33.6036    33.6005    25.1471    25.1403     6.6636     6.2200    203.133    189.610     2.1416     1.9280     0.0562     0.3792     3.2247     0.0000     0.0293 -120.02068   34.27618      99.32         19  0.000e+00
     103843   4326.750     39.838     40.129    13.8181    13.8390  40.282746  40.299075    13.8125    13.8334    33.6037    33.6006    25.1470    25.1403     6.6684     6.2199    203.280    189.609     2.1429     1.9280     0.0549     0.3486     3.2247     0.0000     0.0293 -120.02068   34.27618      99.32         19  0.000e+00
     103844   4326.792     39.726     40.016    13.8194    13.8396  40.283543  40.299009    13.8138    13.8339    33.6034    33.6001    25.1464    25.1398     6.6633     6.2198    203.122    189.604     2.1416     1.9280     0.0562     0.3792     3.2247     0.0000     0.0293 -120.02068   34.27618      99.32         19  0.000e+00
     103845   4326.833     39.825     40.116    13.8206    13.8401  40.283743  40.299075    13.8150    13.8344    33.6025    33.5997    25.1455    25.1393     6.6632     6.2198    203.121    189.605     2.1416     1.9280     0.0549     0.3486     3.2259     0.0000     0.0293 -120.02068   34.27618      99.32         19  0.000e+00
     103846   4326.875     39.779     40.069    13.8212    13.8402  40.284275  40.299208    13.8156    13.8346    33.6024    33.5997    25.1453    25.1393     6.6631     6.2144    203.117    189.441     2.1416     1.9267     0.0549     0.3486     3.2234     0.0000     0.0293 -120.02068   34.27618      99.32         19  0.000e+00
     103847   4326.917     39.779     40.069    13.8216    13.8403  40.284408  40.299009    13.8160    13.8346    33.6023    33.5995    25.1451    25.1391     6.6630     6.2198    203.116    189.604     2.1416     1.9280     0.0562     0.3792     3.2234     0.0000     0.0293 -120.02068   34.27618      99.32         19  0.000e+00
     103848   4326.958     39.779     40.069    13.8211    13.8403  40.284208  40.299142    13.8155    13.8346    33.6025    33.5996    25.1454    25.1392     6.6631     6.2144    203.117    189.441     2.1416     1.9267     0.0549     0.3486     3.2259     0.0000     0.0293 -120.02068   34.27618      99.32         19  0.000e+00
     103849   4327.000     39.779     40.069    13.8199    13.8404  40.284076  40.299740    13.8143    13.8348    33.6034    33.6000    25.1464    25.1395     6.6632     6.2144    203.121    189.440     2.1416     1.9267     0.0549     0.3486     3.2234     0.0000     0.0293 -120.02068   34.27618      99.32         19  0.000e+00
     103850   4327.042     39.779     40.069    13.8194    13.8407  40.283012  40.299806    13.8138    13.8351    33.6028    33.5998    25.1460    25.1393     6.6633     6.2197    203.124    189.601     2.1416     1.9280     0.0549     0.3486     3.2234     0.0000     0.0293 -120.02068   34.27618      99.32         19  0.000e+00
     103851   4327.083     39.825     40.116    13.8187    13.8411  40.282214  40.300205    13.8131    13.8354    33.6027    33.5999    25.1461    25.1393     6.6635     6.2197    203.128    189.601     2.1416     1.9280     0.0549     0.3486     3.2234     0.0000     0.0293 -120.02068   34.27618      99.32         19  0.000e+00
     103852   4327.125     39.726     40.016    13.8183    13.8413  40.281216  40.300005    13.8126    13.8356    33.6022    33.5996    25.1458    25.1390     6.6635     6.2142    203.128    189.436     2.1416     1.9267     0.0549     0.3486     3.2234     0.0000     0.0293 -120.02068   34.27618      99.32         19  0.000e+00
     103853   4327.167     39.779     40.069    13.8179    13.8414  40.281150  40.300205    13.8123    13.8358    33.6024    33.5996    25.1460    25.1390     6.6635     6.2143    203.131    189.436     2.1416     1.9267     0.0549     0.3486     3.2259     0.0000     0.0293 -120.02068   34.27618      99.32         19  0.000e+00
     103854   4327.208     39.825     40.116    13.8176    13.8418  40.280751  40.299939    13.8119    13.8361    33.6023    33.5990    25.1460    25.1385     6.6636     6.2143    203.134    189.437     2.1416     1.9267     0.0549     0.3486     3.2247     0.0000     0.0293 -120.02068   34.27618      99.32         19  0.000e+00
     103855   4327.250     39.726     40.016    13.8176    13.8416  40.281083  40.300205    13.8120    13.8360    33.6027    33.5994    25.1463    25.1388     6.6635     6.2142    203.131    189.434     2.1416     1.9267     0.0549     0.3486     3.2234     0.0000     0.0293 -120.02068   34.27618      99.32         19  0.000e+00
     103856   4327.292     39.825     40.116    13.8183    13.8419  40.282081  40.300537    13.8126    13.8363    33.6030    33.5994    25.1464    25.1388     6.6635     6.2142    203.130    189.435     2.1416     1.9267     0.0549     0.3486     3.2247     0.0000     0.0293 -120.02068   34.27618      99.32         19  0.000e+00
     103857   4327.333     39.779     40.069    13.8199    13.8422  40.283411  40.300670    13.8143    13.8366    33.6028    33.5993    25.1459    25.1386     6.6633     6.2142    203.122    189.433     2.1416     1.9267     0.0549     0.3486     3.2247     0.0000     0.0293 -120.02068   34.27618      99.32         19  0.000e+00
     103858   4327.375     39.726     40.016    13.8216    13.8425  40.284474  40.301468    13.8160    13.8368    33.6023    33.5999    25.1452    25.1390     6.6630     6.2141    203.114    189.430     2.1416     1.9267     0.0549     0.3486     3.2259     0.0000     0.0293 -120.02068   34.27618      99.32         19  0.000e+00
     103859   4327.417     39.779     40.069    13.8236    13.8428  40.285871  40.301069    13.8180    13.8372    33.6018    33.5992    25.1444    25.1384     6.6628     6.2141    203.108    189.431     2.1416     1.9267     0.0549     0.3486     3.2247     0.0000     0.0293 -120.02068   34.27618      99.32         19  0.000e+00
     103860   4327.458     39.779     40.069    13.8254    13.8429  40.288264  40.300936    13.8198    13.8373    33.6025    33.5989    25.1445    25.1382     6.6625     6.2141    203.099    189.431     2.1416     1.9267     0.0562     0.3792     3.2247     0.0000     0.0293 -120.02068   34.27618      99.32         19  0.000e+00
     103861   4327.500     39.779     40.069    13.8285    13.8418  40.290525  40.299939    13.8228    13.8362    33.6019    33.5990    25.1435    25.1385     6.6621     6.2142    203.087    189.435     2.1416     1.9267     0.0562     0.3792     3.2247     0.0000     0.0281 -120.02068   34.27618      99.32         19  0.000e+00
     103862   4327.542     39.779     40.069    13.8311    13.8407  40.292985  40.298277    13.8255    13.8351    33.6019    33.5984    25.1429    25.1382     6.6617     6.2144    203.076    189.441     2.1416     1.9267     0.0549     0.3486     3.2247     0.0000     0.0281 -120.02068   34.27618      99.32         19  0.000e+00
     103863   4327.583     39.779     40.069    13.8333    13.8393  40.294249  40.297280    13.8277    13.8336    33.6011    33.5988    25.1418    25.1388     6.6615     6.2146    203.068    189.446     2.1416     1.9267     0.0549     0.3486     3.2234     0.0000     0.0293 -120.02068   34.27618      99.32         19  0.000e+00
     103864   4327.625     39.726     40.016    13.8362    13.8374  40.295046  40.296882    13.8305    13.8317    33.5994    33.6001    25.1399    25.1402     6.6611     6.2148    203.057    189.451     2.1416     1.9267     0.0549     0.3486     3.2247     0.0000     0.0317 -120.02068   34.27618      99.32         19  0.000e+00
