WCOA/WCOA-6/CTD_Data/RB2102_CTD_001_01.ros
* Sea-Bird SBE 9 Data File:
* FileName = C:\Users\scs.user.rb\CTD\RB2102\Data\RB2102_CTD_001_01.hex
* Software Version Seasave V 7.26.7.107
* Temperature SN = 6202
* Conductivity SN = 4907
* Number of Bytes Per Scan = 41
* Number of Voltage Words = 4
* Number of Scans Averaged by the Deck Unit = 1
* NMEA Latitude = 51 27.53 N
* NMEA Longitude = 130 50.74 W
* NMEA UTC (Time) = Jun 25 2021  02:03:15
* NMEA baud rate = 4800
# nquan = 30
# nvalues = 1078                                  
# units = specified
# name 0 = scan: Scan Count
# name 1 = timeS: Time, Elapsed [seconds]
# name 2 = depSM: Depth [salt water, m]
# name 3 = prDM: Pressure, Digiquartz [db]
# name 4 = t090C: Temperature [ITS-90, deg C]
# name 5 = t190C: Temperature, 2 [ITS-90, deg C]
# name 6 = c0mS/cm: Conductivity [mS/cm]
# name 7 = c1mS/cm: Conductivity, 2 [mS/cm]
# name 8 = potemp090C: Potential Temperature [ITS-90, deg C]
# name 9 = potemp190C: Potential Temperature, 2 [ITS-90, deg C]
# name 10 = sal00: Salinity, Practical [PSU]
# name 11 = sal11: Salinity, Practical, 2 [PSU]
# name 12 = sigma-é00: Density [sigma-theta, kg/m^3]
# name 13 = sigma-é11: Density, 2 [sigma-theta, kg/m^3]
# name 14 = sbeox0Mg/L: Oxygen, SBE 43 [mg/l]
# name 15 = sbeox1Mg/L: Oxygen, SBE 43, 2 [mg/l]
# name 16 = sbox0Mm/Kg: Oxygen, SBE 43 [umol/kg]
# name 17 = sbox1Mm/Kg: Oxygen, SBE 43, 2 [umol/kg]
# name 18 = sbeox0V: Oxygen raw, SBE 43 [V]
# name 19 = sbeox1V: Oxygen raw, SBE 43, 2 [V]
# name 20 = v4: Voltage 4
# name 21 = flECO-AFL: Fluorescence, WET Labs ECO-AFL/FL [mg/m^3]
# name 22 = v3: Voltage 3
# name 23 = v6: Voltage 6
# name 24 = v7: Voltage 7
# name 25 = longitude: Longitude [deg]
# name 26 = latitude: Latitude [deg]
# name 27 = altM: Altimeter [m]
# name 28 = nbf: Bottles Fired
# name 29 = flag:  0.000e+00
# interval = seconds: 0.0416667
# start_time = Jun 25 2021 02:03:15 [NMEA time, header]
# bad_flag = -9.990e-29
*END*
[from data line 726]
     127724   5321.792     31.195     31.471    10.3791    10.4010  35.569735  35.589813    10.3755    10.3974    32.0816    32.0824    24.6112    24.6082     9.9467     9.7525    303.372    297.449     2.7595     2.5519     0.1050     1.6002     3.4042     0.9621     0.0000 -130.84660   51.45620      99.78         15  0.000e+00
     127725   5321.833     31.148     31.424    10.3802    10.4024  35.569988  35.590255    10.3766    10.3989    32.0809    32.0816    24.6105    24.6073     9.9464     9.7521    303.364    297.439     2.7595     2.5519     0.1050     1.6002     3.4066     0.9621     0.0000 -130.84660   51.45620      99.80         15  0.000e+00
     127726   5321.875     31.142     31.418    10.3807    10.4033  35.569672  35.590192    10.3772    10.3997    32.0801    32.0808    24.6098    24.6065     9.9464     9.7520    303.362    297.434     2.7595     2.5519     0.1050     1.6002     3.4042     0.9621     0.0000 -130.84660   51.45620      99.78         15  0.000e+00
     127727   5321.917     31.195     31.471    10.3807    10.4035  35.569292  35.589939    10.3772    10.4000    32.0797    32.0803    24.6095    24.6061     9.9464     9.7520    303.365    297.435     2.7595     2.5519     0.1050     1.6002     3.4042     0.9621     0.0000 -130.84660   51.45620      99.78         15  0.000e+00
     127728   5321.958     31.148     31.424    10.3804    10.4033  35.568976  35.589496    10.3768    10.3997    32.0797    32.0801    24.6095    24.6060     9.9465     9.7462    303.365    297.259     2.7595     2.5507     0.1038     1.5696     3.4054     0.9621     0.0000 -130.84660   51.45620      99.78         15  0.000e+00
     127729   5322.000     31.195     31.471    10.3799    10.4011  35.567963  35.587599    10.3763    10.3975    32.0792    32.0801    24.6092    24.6064     9.9413     9.7468    303.209    297.276     2.7582     2.5507     0.1026     1.5391     3.4066     0.9609     0.0000 -130.84660   51.45620      99.80         15  0.000e+00
     127730   5322.042     31.195     31.471    10.3783    10.3980  35.566318  35.586903    10.3747    10.3944    32.0789    32.0822    24.6093    24.6085     9.9417     9.7473    303.221    297.293     2.7582     2.5507     0.1038     1.5696     3.4042     0.9621     0.0000 -130.84660   51.45620      99.78         15  0.000e+00
     127731   5322.083     31.142     31.418    10.3768    10.3971  35.564356  35.586271    10.3732    10.3936    32.0783    32.0823    24.6090    24.6087     9.9420     9.7475    303.230    297.296     2.7582     2.5507     0.1038     1.5696     3.4042     0.9621     0.0000 -130.84660   51.45620      99.78         15  0.000e+00
     127732   5322.125     31.195     31.471    10.3748    10.3891  35.563344  35.581781    10.3713    10.3855    32.0790    32.0849    24.6099    24.6121     9.9425     9.7492    303.244    297.349     2.7582     2.5507     0.1038     1.5696     3.4042     0.9621     0.0000 -130.84660   51.45620      99.78         15  0.000e+00
     128073   5336.333     31.242     31.519    10.3246    10.3434  35.518431  35.534550    10.3211    10.3399    32.0782    32.0778    24.6178    24.6143     9.9432     9.7428    303.264    297.151     2.7558     2.5470     0.1026     1.5391     3.4054     0.9621     0.0000 -130.84660   51.45622      99.78         16  0.000e+00
     128074   5336.375     31.143     31.418    10.3254    10.3446  35.518304  35.535561    10.3219    10.3410    32.0774    32.0778    24.6170    24.6141     9.9430     9.7424    303.257    297.139     2.7558     2.5470     0.1026     1.5391     3.4054     0.9621     0.0000 -130.84660   51.45622      99.78         16  0.000e+00
     128075   5336.417     31.249     31.525    10.3256    10.3457  35.518494  35.536447    10.3220    10.3421    32.0774    32.0777    24.6170    24.6138     9.9431     9.7423    303.260    297.136     2.7558     2.5470     0.1026     1.5391     3.4054     0.9621     0.0000 -130.84660   51.45622      99.78         16  0.000e+00
     128076   5336.458     31.143     31.418    10.3258    10.3461  35.518620  35.537142    10.3222    10.3425    32.0775    32.0781    24.6170    24.6141     9.9429     9.7362    303.254    296.951     2.7558     2.5458     0.1026     1.5391     3.4054     0.9621     0.0000 -130.84660   51.45622      99.78         16  0.000e+00
     128077   5336.500     31.196     31.472    10.3264    10.3482  35.519506  35.538279    10.3228    10.3447    32.0778    32.0773    24.6171    24.6131     9.9481     9.7358    303.415    296.940     2.7570     2.5458     0.1026     1.5391     3.4054     0.9621     0.0000 -130.84660   51.45622      99.78         16  0.000e+00
     128078   5336.542     31.196     31.472    10.3272    10.3508  35.520328  35.540049    10.3236    10.3472    32.0779    32.0768    24.6171    24.6123     9.9426     9.7411    303.246    297.100     2.7558     2.5470     0.1026     1.5391     3.4054     0.9621     0.0000 -130.84660   51.45622      99.78         16  0.000e+00
     128079   5336.583     31.149     31.425    10.3282    10.3525  35.520517  35.540934    10.3247    10.3490    32.0772    32.0762    24.6164    24.6115     9.9424     9.7348    303.238    296.910     2.7558     2.5458     0.1026     1.5391     3.4054     0.9621     0.0000 -130.84660   51.45622      99.78         16  0.000e+00
     128080   5336.625     31.143     31.418    10.3279    10.3548  35.520011  35.542261    10.3243    10.3513    32.0770    32.0755    24.6163    24.6106     9.9424     9.7343    303.241    296.896     2.7558     2.5458     0.1026     1.5391     3.4054     0.9621     0.0000 -130.84660   51.45622      99.78         16  0.000e+00
     128081   5336.667     31.096     31.372    10.3273    10.3566  35.519316  35.543905    10.3237    10.3531    32.0768    32.0756    24.6162    24.6103     9.9372     9.7339    303.080    296.881     2.7546     2.5458     0.1026     1.5391     3.4042     0.9621     0.0000 -130.84660   51.45622      99.78         16  0.000e+00
     128082   5336.708     31.196     31.472    10.3268    10.3568  35.519442  35.544538    10.3232    10.3532    32.0774    32.0761    24.6168    24.6107     9.9374     9.7339    303.087    296.883     2.7546     2.5458     0.1026     1.5391     3.4054     0.9621     0.0000 -130.84660   51.45622      99.78         16  0.000e+00
     128083   5336.750     31.143     31.418    10.3259    10.3571  35.518810  35.544790    10.3223    10.3536    32.0775    32.0760    24.6170    24.6106     9.9375     9.7338    303.090    296.878     2.7546     2.5458     0.1026     1.5391     3.4042     0.9621     0.0000 -130.84660   51.45622      99.78         16  0.000e+00
     128084   5336.792     31.050     31.325    10.3253    10.3571  35.518557  35.545359    10.3217    10.3536    32.0779    32.0766    24.6174    24.6111     9.9375     9.7336    303.090    296.874     2.7546     2.5458     0.1026     1.5391     3.4042     0.9609     0.0000 -130.84660   51.45622      99.78         16  0.000e+00
     128085   5336.833     31.143     31.418    10.3266    10.3568  35.520265  35.545359    10.3230    10.3532    32.0784    32.0769    24.6176    24.6113     9.9373     9.7338    303.084    296.879     2.7546     2.5458     0.1026     1.5391     3.4054     0.9609     0.0000 -130.84660   51.45622      99.78         16  0.000e+00
     128086   5336.875     31.096     31.372    10.3290    10.3558  35.523427  35.545233    10.3255    10.3522    32.0794    32.0777    24.6180    24.6121     9.9366     9.7339    303.063    296.883     2.7546     2.5458     0.1026     1.5391     3.4054     0.9609     0.0000 -130.84660   51.45622      99.78         16  0.000e+00
     128087   5336.917     31.096     31.372    10.3325    10.3561  35.526399  35.545675    10.3289    10.3526    32.0793    32.0778    24.6173    24.6122     9.9358     9.7338    303.039    296.880     2.7546     2.5458     0.1026     1.5391     3.4054     0.9609     0.0000 -130.84660   51.45622      99.78         16  0.000e+00
     128088   5336.958     31.096     31.372    10.3344    10.3568  35.527601  35.545865    10.3309    10.3532    32.0788    32.0774    24.6166    24.6118     9.9354     9.7337    303.027    296.876     2.7546     2.5458     0.1026     1.5391     3.4054     0.9609     0.0000 -130.84660   51.45622      99.80         16  0.000e+00
     128089   5337.000     31.096     31.372    10.3361    10.3568  35.528233  35.545865    10.3325    10.3532    32.0780    32.0774    24.6157    24.6118     9.9298     9.7337    302.855    296.876     2.7534     2.5458     0.1026     1.5391     3.4042     0.9609     0.0000 -130.84660   51.45622      99.78         16  0.000e+00
     128090   5337.042     31.050     31.325    10.3368    10.3569  35.527854  35.546307    10.3332    10.3534    32.0771    32.0777    24.6148    24.6120     9.9296     9.7336    302.850    296.873     2.7534     2.5458     0.1026     1.5391     3.4042     0.9609     0.0000 -130.84660   51.45622      99.78         16  0.000e+00
     128091   5337.083     31.096     31.372    10.3369    10.3578  35.528676  35.546687    10.3333    10.3542    32.0777    32.0774    24.6153    24.6115     9.9296     9.7335    302.850    296.869     2.7534     2.5458     0.1026     1.5391     3.4054     0.9609     0.0000 -130.84660   51.45622      99.78         16  0.000e+00
     128092   5337.125     31.050     31.325    10.3379    10.3586  35.530004  35.546813    10.3343    10.3550    32.0782    32.0768    24.6155    24.6109     9.9346     9.7333    303.003    296.863     2.7546     2.5458     0.1026     1.5391     3.4054     0.9609     0.0000 -130.84660   51.45622      99.78         16  0.000e+00
     128093   5337.167     31.050     31.325    10.3393    10.3584  35.531459  35.546560    10.3358    10.3549    32.0784    32.0767    24.6154    24.6109     9.9343     9.7333    302.993    296.865     2.7546     2.5458     0.1026     1.5391     3.4054     0.9609     0.0000 -130.84660   51.45622      99.78         16  0.000e+00
     128094   5337.208     31.050     31.325    10.3410    10.3583  35.533800  35.546497    10.3374    10.3547    32.0793    32.0767    24.6159    24.6110     9.9285     9.7334    302.817    296.865     2.7534     2.5458     0.1026     1.5391     3.4042     0.9609     0.0000 -130.84660   51.45622      99.78         16  0.000e+00
     128095   5337.250     30.997     31.272    10.3436    10.3581  35.535823  35.547002    10.3401    10.3545    32.0790    32.0774    24.6152    24.6115     9.9332     9.7333    302.960    296.863     2.7546     2.5458     0.1026     1.5391     3.4054     0.9609     0.0000 -130.84660   51.45622      99.78         16  0.000e+00
     128096   5337.292     31.050     31.325    10.3459    10.3587  35.537025  35.547129    10.3424    10.3552    32.0781    32.0770    24.6141    24.6111     9.9275     9.7332    302.785    296.862     2.7534     2.5458     0.1038     1.5696     3.4054     0.9609     0.0000 -130.84660   51.45622      99.78         16  0.000e+00
     128097   5337.333     31.004     31.278    10.3477    10.3591  35.537974  35.547318    10.3442    10.3556    32.0776    32.0769    24.6134    24.6109     9.9271     9.7331    302.773    296.858     2.7534     2.5458     0.1038     1.5696     3.4054     0.9609     0.0000 -130.84660   51.45622      99.78         16  0.000e+00
     128098   5337.375     30.997     31.272    10.3487    10.3591  35.538417  35.547255    10.3452    10.3555    32.0771    32.0768    24.6129    24.6109     9.9268     9.7331    302.766    296.858     2.7534     2.5458     0.1026     1.5391     3.4042     0.9609     0.0000 -130.84660   51.45622      99.78         16  0.000e+00
     128099   5337.417     30.997     31.272    10.3482    10.3592  35.537784  35.547382    10.3447    10.3557    32.0769    32.0768    24.6128    24.6108     9.9270     9.7331    302.770    296.857     2.7534     2.5458     0.1038     1.5696     3.4042     0.9609     0.0000 -130.84660   51.45622      99.78         16  0.000e+00
     128100   5337.458     31.004     31.278    10.3481    10.3598  35.537594  35.547635    10.3445    10.3562    32.0769    32.0766    24.6128    24.6106     9.9270     9.7330    302.772    296.854     2.7534     2.5458     0.1038     1.5696     3.4054     0.9609     0.0000 -130.84660   51.45622      99.78         16  0.000e+00
     128101   5337.500     30.997     31.272    10.3486    10.3596  35.538543  35.547508    10.3450    10.3561    32.0774    32.0766    24.6131    24.6106     9.9269     9.7330    302.767    296.854     2.7534     2.5458     0.1038     1.5696     3.4042     0.9609     0.0000 -130.84660   51.45622      99.78         16  0.000e+00
     128102   5337.542     30.951     31.225    10.3500    10.3598  35.540251  35.548203    10.3465    10.3562    32.0778    32.0772    24.6132    24.6111     9.9264     9.7329    302.754    296.850     2.7534     2.5458     0.1026     1.5391     3.4054     0.9609     0.0000 -130.84660   51.45622      99.78         16  0.000e+00
     128103   5337.583     30.951     31.225    10.3516    10.3601  35.541453  35.548393    10.3481    10.3565    32.0776    32.0771    24.6128    24.6109     9.9261     9.7328    302.744    296.848     2.7534     2.5458     0.1038     1.5696     3.4042     0.9609     0.0000 -130.84660   51.45622      99.78         16  0.000e+00
     128104   5337.625     31.004     31.278    10.3527    10.3602  35.542402  35.548583    10.3491    10.3567    32.0776    32.0772    24.6126    24.6110     9.9259     9.7328    302.739    296.849     2.7534     2.5458     0.1038     1.5696     3.4054     0.9609     0.0000 -130.84660   51.45622      99.78         16  0.000e+00
     128105   5337.667     30.951     31.225    10.3536    10.3608  35.543098  35.548519    10.3501    10.3572    32.0775    32.0766    24.6123    24.6104     9.9257     9.7327    302.730    296.845     2.7534     2.5458     0.1026     1.5391     3.4054     0.9609     0.0000 -130.84660   51.45622      99.78         16  0.000e+00
     128106   5337.708     30.898     31.172    10.3545    10.3614  35.543477  35.549594    10.3509    10.3578    32.0771    32.0772    24.6119    24.6108     9.9308     9.7324    302.886    296.837     2.7546     2.5458     0.1038     1.5696     3.4054     0.9609     0.0000 -130.84660   51.45622      99.78         16  0.000e+00
     128107   5337.750     30.951     31.225    10.3548    10.3619  35.544047  35.549974    10.3513    10.3583    32.0774    32.0771    24.6121    24.6106     9.9254     9.7324    302.722    296.836     2.7534     2.5458     0.1026     1.5391     3.4054     0.9609     0.0000 -130.84660   51.45622      99.78         16  0.000e+00
     128108   5337.792     30.905     31.178    10.3554    10.3624  35.544489  35.550226    10.3519    10.3588    32.0773    32.0769    24.6119    24.6104     9.9306     9.7322    302.880    296.831     2.7546     2.5458     0.1026     1.5391     3.4054     0.9621     0.0000 -130.84660   51.45620      99.78         16  0.000e+00
     128109   5337.833     30.951     31.225    10.3558    10.3626  35.544806  35.550732    10.3523    10.3590    32.0773    32.0773    24.6118    24.6106     9.9252     9.7380    302.716    297.008     2.7534     2.5470     0.1038     1.5696     3.4042     0.9621     0.0000 -130.84660   51.45620      99.78         16  0.000e+00
     128110   5337.875     30.898     31.172    10.3566    10.3630  35.544616  35.550922    10.3530    10.3595    32.0764    32.0771    24.6110    24.6104     9.9303     9.7321    302.874    296.826     2.7546     2.5458     0.1038     1.5696     3.4054     0.9621     0.0000 -130.84660   51.45620      99.78         16  0.000e+00
