WCOA/WCOA-6/CTD_Data/RB2102_CTD_067_01.ros
* Sea-Bird SBE 9 Data File:
* FileName = C:\Users\scs.user.rb\CTD\RB2102\Data\RB2102_CTD_067_01.hex
* Software Version Seasave V 7.26.7.107
* Temperature SN = 6202
* Conductivity SN = 4907
* Number of Bytes Per Scan = 41
* Number of Voltage Words = 4
* Number of Scans Averaged by the Deck Unit = 1
* NMEA Latitude = 41 59.89 N
* NMEA Longitude = 124 17.00 W
* NMEA UTC (Time) = Jul 07 2021  01:36:00
* NMEA baud rate = 4800
# nquan = 30
# nvalues = 441                                   
# units = specified
# name 0 = scan: Scan Count
# name 1 = timeS: Time, Elapsed [seconds]
# name 2 = depSM: Depth [salt water, m]
# name 3 = prDM: Pressure, Digiquartz [db]
# name 4 = t090C: Temperature [ITS-90, deg C]
# name 5 = t190C: Temperature, 2 [ITS-90, deg C]
# name 6 = c0mS/cm: Conductivity [mS/cm]
# name 7 = c1mS/cm: Conductivity, 2 [mS/cm]
# name 8 = potemp090C: Potential Temperature [ITS-90, deg C]
# name 9 = potemp190C: Potential Temperature, 2 [ITS-90, deg C]
# name 10 = sal00: Salinity, Practical [PSU]
# name 11 = sal11: Salinity, Practical, 2 [PSU]
# name 12 = sigma-é00: Density [sigma-theta, kg/m^3]
# name 13 = sigma-é11: Density, 2 [sigma-theta, kg/m^3]
# name 14 = sbeox0Mg/L: Oxygen, SBE 43 [mg/l]
# name 15 = sbeox1Mg/L: Oxygen, SBE 43, 2 [mg/l]
# name 16 = sbox0Mm/Kg: Oxygen, SBE 43 [umol/kg]
# name 17 = sbox1Mm/Kg: Oxygen, SBE 43, 2 [umol/kg]
# name 18 = sbeox0V: Oxygen raw, SBE 43 [V]
# name 19 = sbeox1V: Oxygen raw, SBE 43, 2 [V]
# name 20 = v4: Voltage 4
# name 21 = flECO-AFL: Fluorescence, WET Labs ECO-AFL/FL [mg/m^3]
# name 22 = v3: Voltage 3
# name 23 = v6: Voltage 6
# name 24 = v7: Voltage 7
# name 25 = longitude: Longitude [deg]
# name 26 = latitude: Latitude [deg]
# name 27 = altM: Altimeter [m]
# name 28 = nbf: Bottles Fired
# name 29 = flag:  0.000e+00
# interval = seconds: 0.0416667
# start_time = Jul 07 2021 01:36:00 [NMEA time, header]
# bad_flag = -9.990e-29
*END*
[from data line 49]
      13446    560.208     26.011     26.218    10.1615    10.1441  36.729458  36.711658    10.1585    10.1411    33.4491    33.4472    25.7143    25.7157     7.9605     7.8541    242.532    239.291     2.3138     2.1587     0.4530    10.2998     3.2882     0.0684     0.0366 -124.28340   41.99824       4.44          2  0.000e+00
      13447    560.250     26.011     26.218    10.1643    10.1441  36.728496  36.711530    10.1614    10.1411    33.4455    33.4470    25.7110    25.7156     7.9601     7.8541    242.522    239.291     2.3138     2.1587     0.4530    10.2998     3.2882     0.0684     0.0366 -124.28340   41.99824       4.47          2  0.000e+00
      13448    560.292     26.011     26.218    10.1641    10.1440  36.728496  36.711658    10.1611    10.1410    33.4457    33.4473    25.7112    25.7158     7.9549     7.8483    242.361    239.115     2.3126     2.1575     0.4530    10.2998     3.2882     0.0684     0.0366 -124.28340   41.99824       4.47          2  0.000e+00
      13449    560.333     26.011     26.218    10.1635    10.1443  36.726317  36.711722    10.1605    10.1413    33.4441    33.4471    25.7100    25.7156     7.9497     7.8483    242.205    239.114     2.3114     2.1575     0.4530    10.2998     3.2882     0.0684     0.0366 -124.28340   41.99824       4.47          2  0.000e+00
      13450    560.375     26.011     26.218    10.1597    10.1445  36.721704  36.711530    10.1567    10.1415    33.4429    33.4467    25.7098    25.7153     7.9452     7.8483    242.066    239.113     2.3101     2.1575     0.4530    10.2998     3.2894     0.0684     0.0366 -124.28340   41.99824       4.47          2  0.000e+00
      13451    560.417     26.011     26.218    10.1552    10.1445  36.718308  36.711850    10.1522    10.1415    33.4437    33.4470    25.7111    25.7155     7.9459     7.8483    242.089    239.113     2.3101     2.1575     0.4530    10.2998     3.2894     0.0684     0.0366 -124.28340   41.99824       4.44          2  0.000e+00
      13452    560.458     26.011     26.218    10.1510    10.1445  36.715809  36.711850    10.1480    10.1415    33.4450    33.4470    25.7128    25.7155     7.9413     7.8425    241.948    238.936     2.3089     2.1563     0.4530    10.2998     3.2882     0.0684     0.0366 -124.28340   41.99824       4.44          2  0.000e+00
      13453    560.500     26.057     26.265    10.1483    10.1441  36.714720  36.711530    10.1453    10.1411    33.4464    33.4470    25.7144    25.7156     7.9418     7.8426    241.962    238.940     2.3089     2.1563     0.4530    10.2998     3.2894     0.0684     0.0366 -124.28340   41.99824       4.44          2  0.000e+00
      13454    560.542     26.057     26.265    10.1466    10.1441  36.714592  36.711658    10.1436    10.1411    33.4478    33.4471    25.7158    25.7157     7.9367     7.8368    241.806    238.763     2.3077     2.1551     0.4530    10.2998     3.2894     0.0684     0.0366 -124.28340   41.99824       4.44          2  0.000e+00
      13455    560.583     26.011     26.218    10.1457    10.1440  36.714143  36.711466    10.1427    10.1410    33.4482    33.4471    25.7163    25.7157     7.9368     7.8368    241.809    238.762     2.3077     2.1551     0.4530    10.2998     3.2894     0.0684     0.0366 -124.28340   41.99824       4.44          2  0.000e+00
      13456    560.625     26.057     26.265    10.1447    10.1441  36.714016  36.711658    10.1417    10.1411    33.4490    33.4471    25.7171    25.7157     7.9263     7.8368    241.490    238.763     2.3053     2.1551     0.4615    10.5135     3.2894     0.0684     0.0366 -124.28340   41.99824       4.44          2  0.000e+00
      13457    560.667     26.057     26.265    10.1445    10.1441  36.713631  36.711530    10.1415    10.1411    33.4488    33.4470    25.7169    25.7156     7.9210     7.8368    241.330    238.763     2.3040     2.1551     0.4713    10.7577     3.2894     0.0684     0.0366 -124.28340   41.99824       4.44          2  0.000e+00
      13458    560.708     26.057     26.265    10.1442    10.1441  36.712926  36.711210    10.1412    10.1411    33.4483    33.4467    25.7166    25.7153     7.9211     7.8310    241.332    238.587     2.3040     2.1538     0.4737    10.8187     3.2894     0.0684     0.0366 -124.28340   41.99824       4.42          2  0.000e+00
      13459    560.750     26.011     26.218    10.1440    10.1441  36.713695  36.711530    10.1410    10.1411    33.4493    33.4470    25.7174    25.7156     7.9157     7.8309    241.168    238.585     2.3028     2.1538     0.4737    10.8187     3.2894     0.0684     0.0366 -124.28340   41.99824       4.42          2  0.000e+00
      13460    560.792     26.104     26.312    10.1440    10.1440  36.713631  36.711530    10.1410    10.1410    33.4492    33.4471    25.7173    25.7157     7.9105     7.8311    241.009    238.589     2.3016     2.1538     0.4737    10.8187     3.2894     0.0684     0.0366 -124.28340   41.99824       4.42          2  0.000e+00
      13461    560.833     26.057     26.265    10.1438    10.1441  36.713887  36.711466    10.1408    10.1411    33.4497    33.4469    25.7177    25.7155     7.9051     7.8252    240.845    238.410     2.3004     2.1526     0.4737    10.8187     3.2882     0.0684     0.0366 -124.28340   41.99824       4.44          2  0.000e+00
      13462    560.875     26.104     26.312    10.1438    10.1440  36.714208  36.711146    10.1408    10.1410    33.4500    33.4467    25.7179    25.7154     7.8999     7.8253    240.684    238.413     2.2991     2.1526     0.4737    10.8187     3.2894     0.0684     0.0366 -124.28340   41.99824       4.42          2  0.000e+00
      13463    560.917     26.057     26.265    10.1440    10.1441  36.713823  36.711082    10.1410    10.1411    33.4494    33.4466    25.7175    25.7152     7.8945     7.8252    240.520    238.411     2.2979     2.1526     0.4725    10.7882     3.2894     0.0684     0.0366 -124.28340   41.99824       4.42          2  0.000e+00
      13464    560.958     26.057     26.265    10.1440    10.1441  36.714528  36.711338    10.1410    10.1411    33.4501    33.4468    25.7180    25.7154     7.8891     7.8194    240.357    238.234     2.2967     2.1514     0.4737    10.8187     3.2894     0.0684     0.0366 -124.28340   41.99824       4.42          2  0.000e+00
      13465    561.000     26.104     26.312    10.1442    10.1443  36.714913  36.711466    10.1412    10.1413    33.4503    33.4468    25.7182    25.7154     7.8838     7.8252    240.195    238.411     2.2955     2.1526     0.4737    10.8187     3.2894     0.0684     0.0366 -124.28340   41.99824       4.42          2  0.000e+00
      13466    561.042     26.057     26.265    10.1445    10.1441  36.714977  36.711658    10.1415    10.1411    33.4502    33.4471    25.7180    25.7157     7.8784     7.8194    240.030    238.233     2.2943     2.1514     0.4737    10.8187     3.2894     0.0684     0.0366 -124.28340   41.99824       4.42          2  0.000e+00
      13467    561.083     26.057     26.265    10.1443    10.1445  36.714720  36.711274    10.1413    10.1415    33.4500    33.4464    25.7179    25.7151     7.8731     7.8194    239.869    238.233     2.2930     2.1514     0.4737    10.8187     3.2882     0.0672     0.0366 -124.28340   41.99824       4.40          2  0.000e+00
      13468    561.125     26.104     26.312    10.1447    10.1446  36.714785  36.711338    10.1417    10.1416    33.4497    33.4463    25.7176    25.7150     7.8678     7.8194    239.707    238.233     2.2918     2.1514     0.4737    10.8187     3.2882     0.0684     0.0366 -124.28340   41.99824       4.42          2  0.000e+00
      13469    561.167     26.057     26.265    10.1445    10.1449  36.714656  36.711658    10.1415    10.1419    33.4498    33.4464    25.7177    25.7149     7.8678     7.8135    239.706    238.053     2.2918     2.1502     0.4725    10.7882     3.2894     0.0684     0.0354 -124.28340   41.99824       4.40          2  0.000e+00
      13470    561.208     26.104     26.312    10.1444    10.1449  36.714849  36.711530    10.1414    10.1419    33.4501    33.4462    25.7180    25.7148     7.8572     7.8135    239.384    238.055     2.2894     2.1502     0.4725    10.7882     3.2894     0.0684     0.0366 -124.28340   41.99824       4.40          2  0.000e+00
      13471    561.250     26.104     26.312    10.1442    10.1449  36.714977  36.711466    10.1412    10.1419    33.4504    33.4462    25.7183    25.7148     7.8572     7.8135    239.384    238.055     2.2894     2.1502     0.4725    10.7882     3.2894     0.0672     0.0354 -124.28340   41.99824       4.40          2  0.000e+00
      13472    561.292     26.057     26.265    10.1450    10.1450  36.715105  36.711466    10.1420    10.1420    33.4498    33.4461    25.7176    25.7148     7.8517     7.8077    239.217    237.877     2.2882     2.1490     0.4737    10.8187     3.2882     0.0684     0.0366 -124.28340   41.99824       4.40          2  0.000e+00
      13473    561.333     26.057     26.265    10.1450    10.1449  36.715233  36.711658    10.1420    10.1419    33.4499    33.4464    25.7177    25.7149     7.8464     7.8077    239.055    237.877     2.2869     2.1490     0.4737    10.8187     3.2882     0.0684     0.0366 -124.28340   41.99824       4.40          2  0.000e+00
      13474    561.375     26.104     26.312    10.1450    10.1449  36.715041  36.711530    10.1420    10.1419    33.4497    33.4462    25.7176    25.7148     7.8411     7.8077    238.895    237.879     2.2857     2.1490     0.4737    10.8187     3.2894     0.0684     0.0366 -124.28340   41.99824       4.42          2  0.000e+00
      13475    561.417     26.104     26.312    10.1442    10.1449  36.714849  36.711658    10.1412    10.1419    33.4503    33.4463    25.7181    25.7149     7.8359     7.8077    238.736    237.878     2.2845     2.1490     0.4737    10.8187     3.2882     0.0684     0.0354 -124.28340   41.99824       4.42          2  0.000e+00
      13476    561.458     26.104     26.312    10.1436    10.1451  36.714464  36.711274    10.1407    10.1421    33.4504    33.4458    25.7183    25.7145     7.8307     7.8019    238.576    237.702     2.2833     2.1477     0.4737    10.8187     3.2894     0.0684     0.0366 -124.28340   41.99824       4.42          2  0.000e+00
      13477    561.500     26.057     26.265    10.1433    10.1453  36.714785  36.711530    10.1403    10.1423    33.4510    33.4459    25.7189    25.7146     7.8200     7.8019    238.251    237.699     2.2808     2.1477     0.4737    10.8187     3.2882     0.0684     0.0366 -124.28340   41.99824       4.42          2  0.000e+00
      13478    561.542     26.157     26.365    10.1431    10.1453  36.714465  36.711722    10.1401    10.1423    33.4509    33.4461    25.7188    25.7147     7.8148     7.8020    238.094    237.702     2.2796     2.1477     0.4737    10.8187     3.2882     0.0684     0.0366 -124.28340   41.99824       4.42          2  0.000e+00
      13479    561.583     26.057     26.265    10.1435    10.1453  36.714464  36.712042    10.1405    10.1423    33.4505    33.4465    25.7184    25.7150     7.8094     7.7960    237.927    237.522     2.2784     2.1465     0.4737    10.8187     3.2894     0.0684     0.0366 -124.28340   41.99824       4.42          2  0.000e+00
      13480    561.625     26.104     26.312    10.1445    10.1454  36.714592  36.712042    10.1415    10.1425    33.4497    33.4463    25.7176    25.7148     7.8039     7.7961    237.762    237.523     2.2772     2.1465     0.4737    10.8187     3.2894     0.0684     0.0366 -124.28340   41.99824       4.42          2  0.000e+00
      13481    561.667     26.057     26.265    10.1452    10.1449  36.714849  36.712106    10.1422    10.1419    33.4494    33.4468    25.7173    25.7153     7.7985     7.7961    237.596    237.523     2.2759     2.1465     0.4737    10.8187     3.2894     0.0684     0.0366 -124.28340   41.99824       4.42          2  0.000e+00
      13482    561.708     26.104     26.312    10.1458    10.1451  36.715425  36.711594    10.1428    10.1421    33.4494    33.4461    25.7172    25.7147     7.7931     7.7961    237.431    237.525     2.2747     2.1465     0.4933    11.3071     3.2882     0.0684     0.0366 -124.28340   41.99824       4.40          2  0.000e+00
      13483    561.750     26.104     26.312    10.1468    10.1453  36.716002  36.711978    10.1438    10.1423    33.4490    33.4464    25.7167    25.7149     7.7876     7.7903    237.265    237.347     2.2735     2.1453     0.5311    12.2534     3.2894     0.0684     0.0366 -124.28340   41.99824       4.42          2  0.000e+00
      13484    561.792     26.057     26.265    10.1488    10.1453  36.717219  36.712298    10.1458    10.1423    33.4485    33.4467    25.7159    25.7152     7.7819     7.7902    237.091    237.345     2.2723     2.1453     0.5433    12.5586     3.2894     0.0684     0.0366 -124.28340   41.99824       4.42          2  0.000e+00
      13485    561.833     26.104     26.312    10.1514    10.1449  36.718565  36.712171    10.1484    10.1419    33.4474    33.4469    25.7146    25.7153     7.7762     7.7903    236.918    237.348     2.2711     2.1453     0.5433    12.5586     3.2882     0.0684     0.0366 -124.28340   41.99824       4.42          2  0.000e+00
      13486    561.875     26.057     26.265    10.1532    10.1451  36.719462  36.711850    10.1502    10.1421    33.4467    33.4464    25.7138    25.7149     7.7706     7.7903    236.747    237.346     2.2698     2.1453     0.5421    12.5281     3.2882     0.0684     0.0366 -124.28340   41.99824       4.42          2  0.000e+00
      13487    561.917     26.104     26.312    10.1546    10.1446  36.720038  36.711979    10.1516    10.1416    33.4459    33.4470    25.7129    25.7155     7.7598     7.7846    236.417    237.173     2.2674     2.1441     0.5409    12.4976     3.2882     0.0684     0.0366 -124.28340   41.99824       4.42          2  0.000e+00
      13488    561.958     26.057     26.265    10.1542    10.1449  36.720166  36.712106    10.1512    10.1419    33.4465    33.4468    25.7135    25.7153     7.7598     7.7845    236.417    237.170     2.2674     2.1441     0.5409    12.4976     3.2882     0.0684     0.0366 -124.28340   41.99824       4.42          2  0.000e+00
      13489    562.000     26.104     26.312    10.1529    10.1448  36.720615  36.711146    10.1499    10.1418    33.4481    33.4460    25.7150    25.7147     7.7547     7.7846    236.261    237.174     2.2662     2.1441     0.5409    12.4976     3.2882     0.0684     0.0366 -124.28340   41.99824       4.42          2  0.000e+00
      13490    562.042     26.057     26.265    10.1532    10.1449  36.721448  36.711018    10.1502    10.1419    33.4487    33.4457    25.7154    25.7144     7.7492     7.7845    236.095    237.172     2.2650     2.1441     0.5409    12.4976     3.2894     0.0684     0.0366 -124.28340   41.99824       4.42          2  0.000e+00
      13491    562.083     26.057     26.265    10.1532    10.1448  36.723435  36.712042    10.1502    10.1418    33.4507    33.4469    25.7169    25.7154     7.7438     7.7845    235.929    237.171     2.2637     2.1441     0.5409    12.4976     3.2882     0.0684     0.0366 -124.28340   41.99824       4.42          2  0.000e+00
      13492    562.125     26.104     26.312    10.1556    10.1446  36.727472  36.712427    10.1526    10.1416    33.4525    33.4474    25.7179    25.7158     7.7327     7.7846    235.590    237.172     2.2613     2.1441     0.5409    12.4976     3.2894     0.0684     0.0366 -124.28340   41.99824       4.42          2  0.000e+00
