WCOA/WCOA-6/CTD_Data/RB2102_CTD_131_01.ros
* Sea-Bird SBE 9 Data File:
* FileName = C:\Users\scs.user.rb\CTD\RB2102\Data\RB2102_CTD_131_01.hex
* Software Version Seasave V 7.26.7.107
* Temperature SN = 6202
* Conductivity SN = 4907
* Number of Bytes Per Scan = 41
* Number of Voltage Words = 4
* Number of Scans Averaged by the Deck Unit = 1
* NMEA Latitude = 32 25.08 N
* NMEA Longitude = 119 57.54 W
* NMEA UTC (Time) = Jul 22 2021  09:38:14
* NMEA baud rate = 4800
# nquan = 30
# nvalues = 1176                                  
# units = specified
# name 0 = scan: Scan Count
# name 1 = timeS: Time, Elapsed [seconds]
# name 2 = depSM: Depth [salt water, m]
# name 3 = prDM: Pressure, Digiquartz [db]
# name 4 = t090C: Temperature [ITS-90, deg C]
# name 5 = t190C: Temperature, 2 [ITS-90, deg C]
# name 6 = c0mS/cm: Conductivity [mS/cm]
# name 7 = c1mS/cm: Conductivity, 2 [mS/cm]
# name 8 = potemp090C: Potential Temperature [ITS-90, deg C]
# name 9 = potemp190C: Potential Temperature, 2 [ITS-90, deg C]
# name 10 = sal00: Salinity, Practical [PSU]
# name 11 = sal11: Salinity, Practical, 2 [PSU]
# name 12 = sigma-é00: Density [sigma-theta, kg/m^3]
# name 13 = sigma-é11: Density, 2 [sigma-theta, kg/m^3]
# name 14 = sbeox0Mg/L: Oxygen, SBE 43 [mg/l]
# name 15 = sbeox1Mg/L: Oxygen, SBE 43, 2 [mg/l]
# name 16 = sbox0Mm/Kg: Oxygen, SBE 43 [umol/kg]
# name 17 = sbox1Mm/Kg: Oxygen, SBE 43, 2 [umol/kg]
# name 18 = sbeox0V: Oxygen raw, SBE 43 [V]
# name 19 = sbeox1V: Oxygen raw, SBE 43, 2 [V]
# name 20 = v4: Voltage 4
# name 21 = flECO-AFL: Fluorescence, WET Labs ECO-AFL/FL [mg/m^3]
# name 22 = v3: Voltage 3
# name 23 = v6: Voltage 6
# name 24 = v7: Voltage 7
# name 25 = longitude: Longitude [deg]
# name 26 = latitude: Latitude [deg]
# name 27 = altM: Altimeter [m]
# name 28 = nbf: Bottles Fired
# name 29 = flag:  0.000e+00
# interval = seconds: 0.0416667
# start_time = Jul 22 2021 09:38:14 [NMEA time, header]
# bad_flag = -9.990e-29
*END*
[from data line 677]
      94763   3948.417     60.444     60.879    11.5773    11.5669  37.847993  37.837286    11.5698    11.5594    33.2588    33.2576    25.3168    25.3178     7.3618     6.8348    224.380    208.315     2.2210     1.9841     0.0562     0.3792     3.1905     0.0061     0.0098 -119.96000   32.41730      99.34         14  0.000e+00
      94764   3948.458     60.470     60.905    11.5784    11.5696  37.848577  37.839230    11.5708    11.5620    33.2584    33.2571    25.3163    25.3169     7.3617     6.8344    224.377    208.304     2.2210     1.9841     0.0549     0.3486     3.1917     0.0061     0.0085 -119.96000   32.41730      99.34         14  0.000e+00
      94765   3948.500     60.444     60.879    11.5785    11.5689  37.848901  37.840073    11.5709    11.5614    33.2586    33.2585    25.3165    25.3182     7.3617     6.8400    224.375    208.476     2.2210     1.9853     0.0562     0.3792     3.1929     0.0061     0.0098 -119.96000   32.41730      99.34         14  0.000e+00
      94766   3948.542     60.371     60.805    11.5790    11.5716  37.849484  37.842211    11.5715    11.5640    33.2587    33.2583    25.3165    25.3175     7.3615     6.8396    224.370    208.462     2.2210     1.9853     0.0549     0.3486     3.1917     0.0061     0.0098 -119.96000   32.41730      99.34         14  0.000e+00
      94767   3948.583     60.397     60.832    11.5792    11.5761  37.850133  37.844868    11.5716    11.5685    33.2592    33.2568    25.3168    25.3155     7.3667     6.8333    224.527    208.272     2.2222     1.9841     0.0562     0.3792     3.1917     0.0061     0.0085 -119.96000   32.41730      99.34         14  0.000e+00
      94768   3948.625     60.371     60.805    11.5798    11.5779  37.851106  37.845710    11.5723    11.5704    33.2596    33.2560    25.3170    25.3146     7.3665     6.8330    224.523    208.263     2.2222     1.9841     0.0549     0.3486     3.1917     0.0061     0.0085 -119.96000   32.41730      99.34         14  0.000e+00
      94769   3948.667     60.397     60.832    11.5822    11.5788  37.853116  37.846294    11.5746    11.5712    33.2595    33.2558    25.3165    25.3143     7.3662     6.8329    224.512    208.260     2.2222     1.9841     0.0562     0.3792     3.1917     0.0061     0.0098 -119.96000   32.41730      99.34         14  0.000e+00
      94770   3948.708     60.371     60.805    11.5859    11.5797  37.855645  37.847460    11.5784    11.5722    33.2585    33.2561    25.3151    25.3143     7.3604     6.8327    224.337    208.255     2.2210     1.9841     0.0549     0.3486     3.1917     0.0061     0.0085 -119.96000   32.41730      99.34         14  0.000e+00
      94771   3948.750     60.324     60.759    11.5889    11.5819  37.857526  37.848756    11.5814    11.5744    33.2577    33.2554    25.3139    25.3134     7.3651     6.8324    224.480    208.244     2.2222     1.9841     0.0562     0.3792     3.1917     0.0061     0.0085 -119.96000   32.41730      99.34         14  0.000e+00
      97705   4071.000     50.093     50.452    12.6663    12.6244  38.905649  38.859646    12.6597    12.6177    33.3152    33.3084    25.1546    25.1575     7.8144     7.2500    238.213    221.004     2.3748     2.1148     0.0647     0.5928     3.1880     0.0061     0.0110 -119.96010   32.41722      99.44         15  0.000e+00
      97706   4071.042     50.073     50.432    12.6670    12.6235  38.905846  38.859712    12.6603    12.6168    33.3149    33.3093    25.1542    25.1583     7.8143     7.2500    238.209    221.007     2.3748     2.1148     0.0659     0.6234     3.1880     0.0061     0.0110 -119.96010   32.41722      99.44         15  0.000e+00
      97707   4071.083     50.139     50.499    12.6688    12.6228  38.906764  38.860957    12.6622    12.6161    33.3140    33.3110    25.1532    25.1598     7.8141     7.2501    238.203    221.009     2.3748     2.1148     0.0659     0.6234     3.1893     0.0061     0.0110 -119.96010   32.41722      99.44         15  0.000e+00
      97708   4071.125     50.139     50.499    12.6696    12.6231  38.907485  38.862201    12.6629    12.6165    33.3141    33.3119    25.1531    25.1605     7.8140     7.2500    238.199    221.006     2.3748     2.1148     0.0659     0.6234     3.1893     0.0049     0.0110 -119.96010   32.41722      99.46         15  0.000e+00
      97709   4071.167     50.046     50.405    12.6700    12.6233  38.907157  38.861939    12.6633    12.6166    33.3134    33.3116    25.1525    25.1601     7.8189     7.2499    238.350    221.003     2.3761     2.1148     0.0647     0.5928     3.1880     0.0061     0.0110 -119.96010   32.41722      99.44         15  0.000e+00
      97710   4071.208     50.126     50.485    12.6695    12.6233  38.907747  38.863577    12.6628    12.6166    33.3144    33.3131    25.1534    25.1613     7.8190     7.2499    238.353    221.003     2.3761     2.1148     0.0659     0.6234     3.1893     0.0061     0.0110 -119.96010   32.41722      99.44         15  0.000e+00
      97711   4071.250     50.046     50.405    12.6695    12.6241  38.908534  38.865476    12.6628    12.6175    33.3152    33.3142    25.1540    25.1620     7.8189     7.2497    238.349    220.995     2.3761     2.1148     0.0659     0.6234     3.1893     0.0061     0.0110 -119.96010   32.41722      99.44         15  0.000e+00
      97712   4071.292     50.093     50.452    12.6702    12.6244  38.907682  38.864821    12.6635    12.6178    33.3138    33.3133    25.1527    25.1612     7.8189     7.2497    238.350    220.996     2.3761     2.1148     0.0659     0.6234     3.1893     0.0061     0.0110 -119.96010   32.41722      99.44         15  0.000e+00
      97713   4071.333     50.093     50.452    12.6695    12.6245  38.906042  38.863446    12.6628    12.6179    33.3128    33.3119    25.1521    25.1601     7.8191     7.2498    238.355    220.998     2.3761     2.1148     0.0659     0.6234     3.1893     0.0061     0.0110 -119.96010   32.41722      99.44         15  0.000e+00
      97714   4071.375     50.093     50.452    12.6677    12.6226  38.904075  38.857550    12.6610    12.6160    33.3125    33.3079    25.1523    25.1575     7.8194     7.2503    238.364    221.014     2.3761     2.1148     0.0659     0.6234     3.1880     0.0061     0.0110 -119.96010   32.41722      99.46         15  0.000e+00
      97715   4071.417     50.073     50.432    12.6665    12.6178  38.902633  38.852572    12.6598    12.6111    33.3122    33.3075    25.1523    25.1580     7.8196     7.2510    238.370    221.038     2.3761     2.1148     0.0659     0.6234     3.1893     0.0061     0.0110 -119.96010   32.41722      99.44         15  0.000e+00
      97716   4071.458     50.046     50.405    12.6653    12.6148  38.901452  38.856699    12.6586    12.6081    33.3121    33.3141    25.1524    25.1637     7.8198     7.2512    238.376    221.041     2.3761     2.1148     0.0659     0.6234     3.1893     0.0061     0.0110 -119.96010   32.41722      99.44         15  0.000e+00
      97717   4071.500     50.093     50.452    12.6642    12.6161  38.901453  38.864036    12.6575    12.6095    33.3131    33.3199    25.1534    25.1680     7.8250     7.2508    238.535    221.027     2.3773     2.1148     0.0659     0.6234     3.1893     0.0061     0.0110 -119.96010   32.41722      99.44         15  0.000e+00
      97718   4071.542     50.093     50.452    12.6631    12.6206  38.902043  38.868883    12.6565    12.6140    33.3146    33.3205    25.1547    25.1676     7.8251     7.2500    238.538    221.004     2.3773     2.1148     0.0659     0.6234     3.1893     0.0061     0.0110 -119.96010   32.41722      99.44         15  0.000e+00
      97719   4071.583     50.073     50.432    12.6625    12.6251  38.902764  38.869931    12.6558    12.6185    33.3159    33.3176    25.1559    25.1644     7.8251     7.2494    238.538    220.986     2.3773     2.1148     0.0659     0.6234     3.1880     0.0061     0.0110 -119.96010   32.41722      99.44         15  0.000e+00
      97720   4071.625     50.093     50.452    12.6621    12.6278  38.904732  38.865869    12.6555    12.6211    33.3181    33.3113    25.1576    25.1591     7.8251     7.2493    238.537    220.983     2.3773     2.1148     0.0659     0.6234     3.1880     0.0061     0.0110 -119.96010   32.41722      99.46         15  0.000e+00
      97721   4071.667     50.093     50.452    12.6630    12.6252  38.908863  38.858401    12.6563    12.6186    33.3212    33.3065    25.1599    25.1558     7.8248     7.2499    238.527    221.003     2.3773     2.1148     0.0659     0.6234     3.1880     0.0061     0.0110 -119.96010   32.41722      99.44         15  0.000e+00
      97722   4071.708     50.093     50.452    12.6655    12.6203  38.914896  38.853293    12.6588    12.6137    33.3248    33.3059    25.1622    25.1563     7.8242     7.2507    238.509    221.028     2.3773     2.1148     0.0659     0.6234     3.1880     0.0061     0.0110 -119.96010   32.41722      99.44         15  0.000e+00
      97723   4071.750     50.126     50.486    12.6699    12.6166  38.922635  38.851787    12.6633    12.6099    33.3282    33.3077    25.1640    25.1585     7.8233     7.2513    238.482    221.044     2.3773     2.1148     0.0659     0.6234     3.1893     0.0061     0.0110 -119.96010   32.41722      99.44         15  0.000e+00
      97724   4071.792     50.093     50.452    12.6758    12.6151  38.928012  38.851852    12.6692    12.6084    33.3282    33.3092    25.1628    25.1599     7.8223     7.2514    238.451    221.049     2.3773     2.1148     0.0659     0.6234     3.1893     0.0061     0.0110 -119.96010   32.41722      99.44         15  0.000e+00
      97725   4071.833     50.093     50.452    12.6807    12.6148  38.923748  38.852442    12.6741    12.6081    33.3198    33.3100    25.1553    25.1606     7.8219     7.2514    238.440    221.049     2.3773     2.1148     0.0659     0.6234     3.1880     0.0061     0.0110 -119.96010   32.41722      99.46         15  0.000e+00
      97726   4071.875     50.139     50.499    12.6820    12.6143  38.914566  38.852901    12.6753    12.6076    33.3098    33.3109    25.1474    25.1613     7.8222     7.2515    238.452    221.051     2.3773     2.1148     0.0659     0.6234     3.1880     0.0061     0.0110 -119.96010   32.41722      99.44         15  0.000e+00
      97727   4071.917     50.093     50.452    12.6799    12.6136  38.907221  38.852966    12.6732    12.6070    33.3047    33.3115    25.1438    25.1620     7.8228     7.2516    238.469    221.052     2.3773     2.1148     0.0659     0.6234     3.1893     0.0061     0.0110 -119.96010   32.41722      99.44         15  0.000e+00
      97728   4071.958     50.219     50.579    12.6753    12.6137  38.902239  38.853949    12.6686    12.6071    33.3040    33.3123    25.1442    25.1626     7.8237     7.2516    238.498    221.054     2.3773     2.1148     0.0659     0.6234     3.1880     0.0061     0.0110 -119.96010   32.41722      99.46         15  0.000e+00
      97729   4072.000     50.139     50.499    12.6702    12.6146  38.901714  38.855324    12.6635    12.6079    33.3081    33.3129    25.1483    25.1629     7.8243     7.2514    238.515    221.047     2.3773     2.1148     0.0659     0.6234     3.1880     0.0061     0.0110 -119.96010   32.41722      99.44         15  0.000e+00
      97730   4072.042     50.193     50.553    12.6665    12.6154  38.905453  38.856176    12.6598    12.6088    33.3149    33.3129    25.1543    25.1627     7.8246     7.2568    238.524    221.211     2.3773     2.1160     0.0659     0.6234     3.1893     0.0061     0.0110 -119.96010   32.41722      99.46         15  0.000e+00
      97731   4072.083     50.193     50.553    12.6663    12.6166  38.912011  38.857355    12.6597    12.6099    33.3212    33.3130    25.1593    25.1626     7.8244     7.2566    238.514    221.205     2.3773     2.1160     0.0647     0.5928     3.1880     0.0061     0.0110 -119.96010   32.41722      99.44         15  0.000e+00
      97732   4072.125     50.219     50.579    12.6691    12.6181  38.917323  38.859058    12.6624    12.6114    33.3238    33.3133    25.1608    25.1625     7.8238     7.2564    238.496    221.198     2.3773     2.1160     0.0647     0.5928     3.1880     0.0061     0.0110 -119.96010   32.41722      99.44         15  0.000e+00
      97733   4072.167     50.239     50.599    12.6718    12.6199  38.913191  38.859909    12.6651    12.6133    33.3175    33.3125    25.1553    25.1615     7.8237     7.2561    238.494    221.191     2.3773     2.1160     0.0647     0.5928     3.1880     0.0061     0.0110 -119.96010   32.41722      99.46         15  0.000e+00
      97734   4072.208     50.239     50.599    12.6705    12.6195  38.905518  38.857748    12.6638    12.6128    33.3113    33.3108    25.1508    25.1603     7.8242     7.2563    238.510    221.196     2.3773     2.1160     0.0647     0.5928     3.1893     0.0061     0.0110 -119.96010   32.41722      99.46         15  0.000e+00
      97735   4072.250     50.285     50.646    12.6691    12.6173  38.908732  38.854211    12.6624    12.6106    33.3156    33.3094    25.1544    25.1596     7.8243     7.2567    238.512    221.210     2.3773     2.1160     0.0647     0.5928     3.1880     0.0061     0.0110 -119.96010   32.41722      99.44         15  0.000e+00
      97736   4072.292     50.239     50.600    12.6700    12.6159  38.916536  38.853818    12.6633    12.6093    33.3223    33.3102    25.1594    25.1605     7.8237     7.2569    238.495    221.214     2.3773     2.1160     0.0647     0.5928     3.1893     0.0061     0.0110 -119.96010   32.41722      99.46         15  0.000e+00
      97737   4072.333     50.319     50.680    12.6728    12.6171  38.920143  38.856504    12.6661    12.6104    33.3233    33.3117    25.1596    25.1615     7.8233     7.2567    238.481    221.209     2.3773     2.1160     0.0647     0.5928     3.1880     0.0061     0.0110 -119.96010   32.41722      99.44         15  0.000e+00
      97738   4072.375     50.385     50.746    12.6756    12.6178  38.919093  38.858403    12.6689    12.6111    33.3197    33.3129    25.1563    25.1623     7.8231     7.2566    238.475    221.205     2.3773     2.1160     0.0647     0.5928     3.1880     0.0061     0.0110 -119.96010   32.41722      99.44         15  0.000e+00
      97739   4072.417     50.339     50.700    12.6758    12.6179  38.913191  38.854866    12.6691    12.6113    33.3139    33.3094    25.1518    25.1595     7.8233     7.2567    238.482    221.209     2.3773     2.1160     0.0647     0.5928     3.1893     0.0061     0.0110 -119.96010   32.41722      99.44         15  0.000e+00
      97740   4072.458     50.385     50.747    12.6724    12.6150  38.904010  38.841374    12.6657    12.6083    33.3081    33.2991    25.1479    25.1521     7.8242     7.2632    238.510    221.408     2.3773     2.1172     0.0647     0.5928     3.1893     0.0061     0.0110 -119.96010   32.41722      99.44         15  0.000e+00
      97741   4072.500     50.418     50.780    12.6670    12.6046  38.894372  38.820289    12.6603    12.5979    33.3037    33.2882    25.1456    25.1456     7.8253     7.2654    238.546    221.477     2.3773     2.1172     0.0647     0.5928     3.1880     0.0061     0.0110 -119.96010   32.41722      99.44         15  0.000e+00
      97742   4072.542     50.385     50.747    12.6603    12.5879  38.884013  38.803529    12.6536    12.5812    33.2997    33.2869    25.1438    25.1479     7.8266     7.2681    238.586    221.560     2.3773     2.1172     0.0647     0.5928     3.1880     0.0061     0.0110 -119.96010   32.41722      99.44         15  0.000e+00
      97743   4072.583     50.484     50.847    12.6530    12.5764  38.874771  38.799211    12.6463    12.5697    33.2973    33.2929    25.1433    25.1548     7.8280     7.2698    238.630    221.611     2.3773     2.1172     0.0647     0.5928     3.1893     0.0061     0.0110 -119.96010   32.41722      99.46         15  0.000e+00
