WCOA/WCOA-6/CTD_Data/RB2102_CTD_078_01.ros
* Sea-Bird SBE 9 Data File:
* FileName = C:\Users\scs.user.rb\CTD\RB2102\Data\RB2102_CTD_078_01.hex
* Software Version Seasave V 7.26.7.107
* Temperature SN = 6202
* Conductivity SN = 4907
* Number of Bytes Per Scan = 41
* Number of Voltage Words = 4
* Number of Scans Averaged by the Deck Unit = 1
* NMEA Latitude = 38 53.67 N
* NMEA Longitude = 123 47.46 W
* NMEA UTC (Time) = Jul 10 2021  04:16:55
* NMEA baud rate = 4800
# nquan = 30
# nvalues = 1171                                  
# units = specified
# name 0 = scan: Scan Count
# name 1 = timeS: Time, Elapsed [seconds]
# name 2 = depSM: Depth [salt water, m]
# name 3 = prDM: Pressure, Digiquartz [db]
# name 4 = t090C: Temperature [ITS-90, deg C]
# name 5 = t190C: Temperature, 2 [ITS-90, deg C]
# name 6 = c0mS/cm: Conductivity [mS/cm]
# name 7 = c1mS/cm: Conductivity, 2 [mS/cm]
# name 8 = potemp090C: Potential Temperature [ITS-90, deg C]
# name 9 = potemp190C: Potential Temperature, 2 [ITS-90, deg C]
# name 10 = sal00: Salinity, Practical [PSU]
# name 11 = sal11: Salinity, Practical, 2 [PSU]
# name 12 = sigma-é00: Density [sigma-theta, kg/m^3]
# name 13 = sigma-é11: Density, 2 [sigma-theta, kg/m^3]
# name 14 = sbeox0Mg/L: Oxygen, SBE 43 [mg/l]
# name 15 = sbeox1Mg/L: Oxygen, SBE 43, 2 [mg/l]
# name 16 = sbox0Mm/Kg: Oxygen, SBE 43 [umol/kg]
# name 17 = sbox1Mm/Kg: Oxygen, SBE 43, 2 [umol/kg]
# name 18 = sbeox0V: Oxygen raw, SBE 43 [V]
# name 19 = sbeox1V: Oxygen raw, SBE 43, 2 [V]
# name 20 = v4: Voltage 4
# name 21 = flECO-AFL: Fluorescence, WET Labs ECO-AFL/FL [mg/m^3]
# name 22 = v3: Voltage 3
# name 23 = v6: Voltage 6
# name 24 = v7: Voltage 7
# name 25 = longitude: Longitude [deg]
# name 26 = latitude: Latitude [deg]
# name 27 = altM: Altimeter [m]
# name 28 = nbf: Bottles Fired
# name 29 = flag:  0.000e+00
# interval = seconds: 0.0416667
# start_time = Jul 10 2021 04:16:55 [NMEA time, header]
# bad_flag = -9.990e-29
*END*
[from data line 97]
      16038    668.208     89.178     89.877     8.7012     8.6965  35.977852  35.975502     8.6919     8.6871    34.0201    34.0222    26.3992    26.4016     2.6879     2.7684     81.838     84.290     1.0806     1.0647     0.0415     0.0129     3.3455     0.0476     0.0171 -123.79126   38.89452      11.79          2  0.000e+00
      16076    669.792     90.404     91.113     8.6887     8.6996  35.969848  35.974680     8.6792     8.6901    34.0231    34.0177    26.4036    26.3976     2.6836     2.7687     81.705     84.299     1.0794     1.0647     0.0415     0.0129     3.3455     0.0525     0.0195 -123.79126   38.89454      10.38          3  0.000e+00
      16077    669.833     90.404     91.113     8.6897     8.6986  35.969848  35.975697     8.6802     8.6891    34.0222    34.0197    26.4027    26.3994     2.6835     2.7688     81.704     84.300     1.0794     1.0647     0.0415     0.0129     3.3468     0.0537     0.0195 -123.79126   38.89454      10.38          3  0.000e+00
      16078    669.875     90.550     91.260     8.6899     8.6979  35.970039  35.975952     8.6803     8.6884    34.0221    34.0206    26.4026    26.4001     2.6835     2.7689     81.705     84.302     1.0794     1.0647     0.0415     0.0129     3.3455     0.0537     0.0195 -123.79126   38.89454      10.38          3  0.000e+00
      16079    669.917     90.451     91.160     8.6900     8.6978  35.969658  35.976523     8.6805     8.6883    34.0216    34.0214    26.4022    26.4008     2.6835     2.7688     81.704     84.301     1.0794     1.0647     0.0415     0.0129     3.3455     0.0537     0.0195 -123.79126   38.89454      10.38          3  0.000e+00
      16080    669.958     90.451     91.160     8.6902     8.6979  35.970420  35.976841     8.6807     8.6884    34.0223    34.0216    26.4027    26.4009     2.6835     2.7688     81.703     84.301     1.0794     1.0647     0.0415     0.0129     3.3455     0.0537     0.0195 -123.79126   38.89454      10.35          3  0.000e+00
      16081    670.000     90.504     91.214     8.6915     8.6981  35.971247  35.976142     8.6820     8.6886    34.0219    34.0206    26.4021    26.4001     2.6834     2.7688     81.701     84.301     1.0794     1.0647     0.0415     0.0129     3.3480     0.0513     0.0183 -123.79126   38.89454      10.28          3  0.000e+00
      16082    670.042     90.557     91.267     8.6920     8.6978  35.971438  35.975316     8.6824     8.6883    34.0216    34.0200    26.4018    26.3997     2.6834     2.7689     81.701     84.303     1.0794     1.0647     0.0415     0.0129     3.3468     0.0501     0.0183 -123.79126   38.89454      10.23          3  0.000e+00
      16083    670.083     90.504     91.214     8.6918     8.6976  35.971183  35.974744     8.6823     8.6881    34.0215    34.0197    26.4018    26.3995     2.6889     2.7689     81.869     84.303     1.0806     1.0647     0.0415     0.0129     3.3455     0.0488     0.0183 -123.79126   38.89454      10.23          3  0.000e+00
      16084    670.125     90.550     91.260     8.6913     8.6975  35.971120  35.974745     8.6818     8.6879    34.0219    34.0198    26.4022    26.3996     2.6835     2.7689     81.702     84.304     1.0794     1.0647     0.0415     0.0129     3.3455     0.0513     0.0195 -123.79126   38.89454      10.23          3  0.000e+00
      16085    670.167     90.550     91.260     8.6912     8.6970  35.970611  35.974237     8.6816     8.6875    34.0215    34.0197    26.4019    26.3996     2.6890     2.7689     81.871     84.305     1.0806     1.0647     0.0415     0.0129     3.3455     0.0549     0.0208 -123.79126   38.89454      10.23          3  0.000e+00
      16086    670.208     90.550     91.260     8.6915     8.6969  35.970675  35.974237     8.6820     8.6874    34.0212    34.0198    26.4016    26.3997     2.6890     2.7629     81.871     84.121     1.0806     1.0635     0.0415     0.0129     3.3455     0.0562     0.0208 -123.79126   38.89454      10.23          3  0.000e+00
      16087    670.250     90.557     91.267     8.6914     8.6965  35.970738  35.974427     8.6819     8.6869    34.0213    34.0204    26.4017    26.4002     2.6890     2.7629     81.871     84.122     1.0806     1.0635     0.0415     0.0129     3.3455     0.0537     0.0208 -123.79126   38.89454      10.16          3  0.000e+00
      16088    670.292     90.603     91.314     8.6915     8.6961  35.970548  35.973919     8.6820     8.6866    34.0211    34.0201    26.4015    26.4001     2.6835     2.7690     81.703     84.307     1.0794     1.0647     0.0415     0.0129     3.3455     0.0525     0.0195 -123.79126   38.89454      10.11          3  0.000e+00
      16089    670.333     90.550     91.260     8.6912     8.6961  35.970484  35.974300     8.6816     8.6866    34.0213    34.0206    26.4018    26.4004     2.6835     2.7690     81.703     84.306     1.0794     1.0647     0.0415     0.0129     3.3455     0.0501     0.0195 -123.79126   38.89454      10.13          3  0.000e+00
      16090    670.375     90.603     91.314     8.6903     8.6955  35.970230  35.974364     8.6808     8.6860    34.0219    34.0212    26.4023    26.4010     2.6835     2.7690     81.705     84.307     1.0794     1.0647     0.0415     0.0129     3.3468     0.0501     0.0183 -123.79126   38.89454      10.13          3  0.000e+00
      16091    670.417     90.603     91.314     8.6900     8.6952  35.970357  35.974110     8.6805     8.6857    34.0223    34.0213    26.4027    26.4011     2.6836     2.7690     81.705     84.308     1.0794     1.0647     0.0415     0.0129     3.3455     0.0501     0.0183 -123.79126   38.89454      10.13          3  0.000e+00
      16092    670.458     90.557     91.267     8.6895     8.6949  35.970167  35.974364     8.6800     8.6853    34.0226    34.0219    26.4030    26.4016     2.6836     2.7630     81.705     84.124     1.0794     1.0635     0.0415     0.0129     3.3468     0.0488     0.0183 -123.79126   38.89454      10.11          3  0.000e+00
      16093    670.500     90.603     91.314     8.6899     8.6947  35.970357  35.974110     8.6803     8.6851    34.0224    34.0218    26.4028    26.4016     2.6836     2.7691     81.705     84.309     1.0794     1.0647     0.0415     0.0129     3.3468     0.0488     0.0183 -123.79126   38.89454      10.09          3  0.000e+00
      16094    670.542     90.550     91.260     8.6905     8.6947  35.970484  35.974237     8.6810     8.6852    34.0220    34.0219    26.4024    26.4017     2.6835     2.7691     81.704     84.308     1.0794     1.0647     0.0415     0.0129     3.3468     0.0488     0.0183 -123.79126   38.89454      10.09          3  0.000e+00
      16095    670.583     90.603     91.314     8.6910     8.6949  35.970675  35.974428     8.6815     8.6853    34.0217    34.0219    26.4021    26.4017     2.6835     2.7691     81.703     84.308     1.0794     1.0647     0.0415     0.0129     3.3455     0.0488     0.0183 -123.79126   38.89454      10.06          3  0.000e+00
      16096    670.625     90.603     91.314     8.6916     8.6950  35.971247  35.975063     8.6821     8.6855    34.0217    34.0224    26.4020    26.4020     2.6835     2.7690     81.702     84.308     1.0794     1.0647     0.0415     0.0129     3.3455     0.0488     0.0171 -123.79126   38.89454      10.09          3  0.000e+00
      16097    670.667     90.504     91.214     8.6920     8.6957  35.971183  35.975126     8.6824     8.6862    34.0213    34.0219    26.4017    26.4015     2.6834     2.7629     81.701     84.122     1.0794     1.0635     0.0415     0.0129     3.3468     0.0488     0.0171 -123.79126   38.89454      10.09          3  0.000e+00
      16098    670.708     90.603     91.314     8.6920     8.6959  35.971311  35.975952     8.6824     8.6863    34.0214    34.0226    26.4017    26.4020     2.6834     2.7630     81.702     84.122     1.0794     1.0635     0.0415     0.0129     3.3455     0.0488     0.0183 -123.79126   38.89454      10.09          3  0.000e+00
      16099    670.750     90.550     91.260     8.6926     8.6965  35.971628  35.976015     8.6831     8.6870    34.0212    34.0221    26.4014    26.4015     2.6834     2.7689     81.700     84.304     1.0794     1.0647     0.0415     0.0129     3.3455     0.0488     0.0171 -123.79126   38.89454      10.06          3  0.000e+00
      16100    670.792     90.550     91.260     8.6942     8.6967  35.972200  35.975825     8.6847     8.6871    34.0202    34.0217    26.4004    26.4012     2.6778     2.7689     81.529     84.304     1.0781     1.0647     0.0415     0.0129     3.3455     0.0476     0.0171 -123.79126   38.89454      10.04          3  0.000e+00
      16101    670.833     90.504     91.214     8.6952     8.6968  35.973344  35.975888     8.6857     8.6873    34.0205    34.0216    26.4005    26.4011     2.6777     2.7629     81.527     84.120     1.0781     1.0635     0.0403    -0.0177     3.3468     0.0476     0.0171 -123.79126   38.89454      10.04          3  0.000e+00
      16102    670.875     90.504     91.214     8.6966     8.6968  35.973852  35.975316     8.6871     8.6873    34.0197    34.0210    26.3996    26.4007     2.6776     2.7629     81.525     84.120     1.0781     1.0635     0.0403    -0.0177     3.3468     0.0488     0.0171 -123.79126   38.89454      10.06          3  0.000e+00
      16103    670.917     90.504     91.214     8.6970     8.6967  35.973980  35.974300     8.6875     8.6871    34.0194    34.0201    26.3994    26.4000     2.6831     2.7629     81.692     84.121     1.0794     1.0635     0.0403    -0.0177     3.3455     0.0513     0.0183 -123.79126   38.89454      10.04          3  0.000e+00
      16104    670.958     90.451     91.160     8.6960     8.6963  35.973662  35.974236     8.6865     8.6868    34.0201    34.0204    26.4000    26.4003     2.6776     2.7629     81.525     84.121     1.0781     1.0635     0.0403    -0.0177     3.3468     0.0513     0.0195 -123.79126   38.89454      10.06          3  0.000e+00
      16105    671.000     90.451     91.160     8.6952     8.6957  35.973153  35.974681     8.6857     8.6862    34.0203    34.0215    26.4004    26.4012     2.6777     2.7629     81.526     84.122     1.0781     1.0635     0.0403    -0.0177     3.3480     0.0513     0.0183 -123.79126   38.89454      10.09          3  0.000e+00
      16106    671.042     90.451     91.160     8.6954     8.6957  35.973725  35.974681     8.6858     8.6862    34.0208    34.0215    26.4007    26.4012     2.6832     2.7629     81.694     84.122     1.0794     1.0635     0.0403    -0.0177     3.3455     0.0501     0.0183 -123.79126   38.89454      10.11          3  0.000e+00
      16107    671.083     90.404     91.113     8.6950     8.6957  35.973471  35.975253     8.6855     8.6862    34.0208    34.0221    26.4008    26.4017     2.6777     2.7629     81.526     84.121     1.0781     1.0635     0.0403    -0.0177     3.3455     0.0501     0.0183 -123.79126   38.89454      10.11          3  0.000e+00
      16108    671.125     90.451     91.160     8.6949     8.6960  35.973090  35.975062     8.6854     8.6865    34.0205    34.0216    26.4006    26.4012     2.6777     2.7629     81.527     84.121     1.0781     1.0635     0.0403    -0.0177     3.3455     0.0513     0.0183 -123.79126   38.89454      10.11          3  0.000e+00
      16109    671.167     90.358     91.066     8.6945     8.6961  35.973026  35.975443     8.6850     8.6866    34.0209    34.0219    26.4009    26.4014     2.6777     2.7629     81.526     84.120     1.0781     1.0635     0.0403    -0.0177     3.3455     0.0501     0.0183 -123.79126   38.89454      10.09          3  0.000e+00
      16110    671.208     90.404     91.113     8.6941     8.6967  35.972454  35.975761     8.6846     8.6872    34.0207    34.0217    26.4008    26.4012     2.6777     2.7628     81.528     84.119     1.0781     1.0635     0.0403    -0.0177     3.3468     0.0513     0.0183 -123.79126   38.89454      10.11          3  0.000e+00
      16111    671.250     90.305     91.013     8.6933     8.6968  35.971882  35.975887     8.6838     8.6873    34.0209    34.0217    26.4011    26.4012     2.6777     2.7628     81.528     84.118     1.0781     1.0635     0.0403    -0.0177     3.3455     0.0501     0.0183 -123.79126   38.89454      10.16          3  0.000e+00
      16112    671.292     90.358     91.066     8.6923     8.6971  35.971755  35.976523     8.6828     8.6876    34.0217    34.0220    26.4019    26.4014     2.6778     2.7628     81.530     84.118     1.0781     1.0635     0.0403    -0.0177     3.3455     0.0488     0.0183 -123.79126   38.89454      10.16          3  0.000e+00
      16113    671.333     90.305     91.013     8.6921     8.6976  35.971755  35.976141     8.6826     8.6881    34.0219    34.0212    26.4021    26.4007     2.6723     2.7628     81.361     84.116     1.0769     1.0635     0.0403    -0.0177     3.3455     0.0488     0.0183 -123.79126   38.89454      10.16          3  0.000e+00
      16114    671.375     90.258     90.966     8.6924     8.6978  35.972199  35.975697     8.6829     8.6883    34.0221    34.0206    26.4022    26.4002     2.6722     2.7627     81.360     84.116     1.0769     1.0635     0.0403    -0.0177     3.3455     0.0488     0.0183 -123.79126   38.89454      10.16          3  0.000e+00
      16115    671.417     90.258     90.966     8.6941     8.6976  35.973534  35.975760     8.6846     8.6881    34.0219    34.0208    26.4018    26.4004     2.6721     2.7567     81.357     83.933     1.0769     1.0623     0.0403    -0.0177     3.3468     0.0488     0.0183 -123.79126   38.89454      10.16          3  0.000e+00
      16116    671.458     90.205     90.913     8.6965     8.6973  35.974424  35.975633     8.6870     8.6878    34.0205    34.0210    26.4003    26.4006     2.6720     2.7627     81.353     84.116     1.0769     1.0635     0.0403    -0.0177     3.3455     0.0488     0.0183 -123.79126   38.89454      10.16          3  0.000e+00
      16117    671.500     90.258     90.966     8.6976     8.6973  35.975123  35.974744     8.6882     8.6878    34.0201    34.0200    26.3998    26.3998     2.6719     2.7628     81.351     84.117     1.0769     1.0635     0.0403    -0.0177     3.3455     0.0488     0.0171 -123.79126   38.89454      10.26          3  0.000e+00
      16118    671.542     90.166     90.873     8.6982     8.6967  35.975504  35.974362     8.6887     8.6872    34.0201    34.0203    26.3997    26.4001     2.6663     2.7628     81.181     84.117     1.0757     1.0635     0.0403    -0.0177     3.3455     0.0488     0.0171 -123.79126   38.89454      10.28          3  0.000e+00
      16119    671.583     90.159     90.866     8.6989     8.6963  35.975631  35.974108     8.6894     8.6868    34.0195    34.0204    26.3991    26.4002     2.6663     2.7628     81.180     84.118     1.0757     1.0635     0.0403    -0.0177     3.3455     0.0488     0.0171 -123.79126   38.89454      10.31          3  0.000e+00
      16120    671.625     90.112     90.819     8.6991     8.6960  35.975631  35.974108     8.6897     8.6865    34.0193    34.0207    26.3989    26.4005     2.6663     2.7628     81.179     84.118     1.0757     1.0635     0.0403    -0.0177     3.3455     0.0488     0.0171 -123.79126   38.89454      10.28          3  0.000e+00
      16121    671.667     90.059     90.766     8.6986     8.6959  35.975376  35.974044     8.6892     8.6864    34.0196    34.0208    26.3992    26.4006     2.6663     2.7568     81.179     83.934     1.0757     1.0623     0.0403    -0.0177     3.3455     0.0488     0.0171 -123.79126   38.89454      10.31          3  0.000e+00
      16122    671.708     90.059     90.766     8.6983     8.6957  35.975313  35.973854     8.6888     8.6862    34.0198    34.0208    26.3995    26.4006     2.6663     2.7568     81.180     83.935     1.0757     1.0623     0.0403    -0.0177     3.3468     0.0488     0.0171 -123.79126   38.89454      10.31          3  0.000e+00
