WCOA/WCOA-6/CTD_Data/RB2102_CTD_072_01.ros
* Sea-Bird SBE 9 Data File:
* FileName = C:\Users\scs.user.rb\CTD\RB2102\Data\RB2102_CTD_072_01.hex
* Software Version Seasave V 7.26.7.107
* Temperature SN = 6202
* Conductivity SN = 4907
* Number of Bytes Per Scan = 41
* Number of Voltage Words = 4
* Number of Scans Averaged by the Deck Unit = 1
* NMEA Latitude = 40 14.03 N
* NMEA Longitude = 124 24.68 W
* NMEA UTC (Time) = Jul 09 2021  08:27:12
* NMEA baud rate = 4800
# nquan = 30
# nvalues = 784                                   
# units = specified
# name 0 = scan: Scan Count
# name 1 = timeS: Time, Elapsed [seconds]
# name 2 = depSM: Depth [salt water, m]
# name 3 = prDM: Pressure, Digiquartz [db]
# name 4 = t090C: Temperature [ITS-90, deg C]
# name 5 = t190C: Temperature, 2 [ITS-90, deg C]
# name 6 = c0mS/cm: Conductivity [mS/cm]
# name 7 = c1mS/cm: Conductivity, 2 [mS/cm]
# name 8 = potemp090C: Potential Temperature [ITS-90, deg C]
# name 9 = potemp190C: Potential Temperature, 2 [ITS-90, deg C]
# name 10 = sal00: Salinity, Practical [PSU]
# name 11 = sal11: Salinity, Practical, 2 [PSU]
# name 12 = sigma-é00: Density [sigma-theta, kg/m^3]
# name 13 = sigma-é11: Density, 2 [sigma-theta, kg/m^3]
# name 14 = sbeox0Mg/L: Oxygen, SBE 43 [mg/l]
# name 15 = sbeox1Mg/L: Oxygen, SBE 43, 2 [mg/l]
# name 16 = sbox0Mm/Kg: Oxygen, SBE 43 [umol/kg]
# name 17 = sbox1Mm/Kg: Oxygen, SBE 43, 2 [umol/kg]
# name 18 = sbeox0V: Oxygen raw, SBE 43 [V]
# name 19 = sbeox1V: Oxygen raw, SBE 43, 2 [V]
# name 20 = v4: Voltage 4
# name 21 = flECO-AFL: Fluorescence, WET Labs ECO-AFL/FL [mg/m^3]
# name 22 = v3: Voltage 3
# name 23 = v6: Voltage 6
# name 24 = v7: Voltage 7
# name 25 = longitude: Longitude [deg]
# name 26 = latitude: Latitude [deg]
# name 27 = altM: Altimeter [m]
# name 28 = nbf: Bottles Fired
# name 29 = flag:  0.000e+00
# interval = seconds: 0.0416667
# start_time = Jul 09 2021 08:27:12 [NMEA time, header]
# bad_flag = -9.990e-29
*END*
[from data line 194]
      21210    883.708     59.903     60.375     8.7465     8.7578  35.990270  36.000998     8.7401     8.7514    34.0035    34.0039    26.3787    26.3772     3.8085     3.9593    115.958    120.550     1.3321     1.3101     0.0452     0.1044     3.3150     0.0525     0.0000 -124.41262   40.23370      37.90          4  0.000e+00
      21211    883.750     59.929     60.402     8.7465     8.7564  35.990524  35.999346     8.7401     8.7501    34.0037    34.0034    26.3789    26.3771     3.8085     3.9595    115.958    120.555     1.3321     1.3101     0.0452     0.1044     3.3150     0.0537     0.0000 -124.41262   40.23370      37.88          4  0.000e+00
      24205   1008.500     50.266     50.662     8.8303     8.8313  36.055483  36.056447     8.8249     8.8260    33.9961    33.9961    26.3596    26.3595     3.9829     4.1448    121.271    126.200     1.3736     1.3504     0.0452     0.1044     3.3126     0.0537     0.0000 -124.41280   40.23368      47.77          5  0.000e+00
      24206   1008.542     50.173     50.568     8.8302     8.8314  36.055482  36.056192     8.8249     8.8261    33.9962    33.9957    26.3597    26.3591     3.9829     4.1447    121.270    126.198     1.3736     1.3504     0.0440     0.0739     3.3126     0.0537     0.0000 -124.41280   40.23368      47.77          5  0.000e+00
      24207   1008.583     50.253     50.648     8.8303     8.8313  36.055228  36.056192     8.8250     8.8259    33.9957    33.9959    26.3593    26.3593     3.9829     4.1448    121.271    126.200     1.3736     1.3504     0.0452     0.1044     3.3126     0.0537     0.0000 -124.41280   40.23368      47.77          5  0.000e+00
      24208   1008.625     50.319     50.715     8.8302     8.8313  36.055356  36.056383     8.8249     8.8260    33.9960    33.9960    26.3595    26.3594     3.9830     4.1448    121.272    126.201     1.3736     1.3504     0.0452     0.1044     3.3114     0.0537     0.0000 -124.41280   40.23368      47.77          5  0.000e+00
      24209   1008.667     50.220     50.615     8.8304     8.8314  36.055483  36.056764     8.8251     8.8261    33.9960    33.9963    26.3595    26.3596     3.9829     4.1447    121.270    126.198     1.3736     1.3504     0.0452     0.1044     3.3126     0.0537     0.0000 -124.41280   40.23368      47.77          5  0.000e+00
      24210   1008.708     50.220     50.615     8.8305     8.8315  36.055673  36.056891     8.8252     8.8262    33.9960    33.9964    26.3595    26.3597     3.9829     4.1447    121.270    126.198     1.3736     1.3504     0.0452     0.1044     3.3138     0.0525     0.0000 -124.41280   40.23368      47.79          5  0.000e+00
      24211   1008.750     50.173     50.568     8.8309     8.8319  36.055801  36.056764     8.8255     8.8266    33.9959    33.9959    26.3594    26.3592     3.9883     4.1447    121.435    126.197     1.3748     1.3504     0.0452     0.1044     3.3114     0.0537     0.0000 -124.41280   40.23368      47.81          5  0.000e+00
      24212   1008.792     50.253     50.648     8.8310     8.8318  36.056246  36.056574     8.8257     8.8265    33.9962    33.9958    26.3596    26.3591     3.9883     4.1447    121.436    126.198     1.3748     1.3504     0.0452     0.1044     3.3126     0.0537     0.0000 -124.41280   40.23368      47.81          5  0.000e+00
      24213   1008.833     50.174     50.568     8.8312     8.8322  36.055928  36.056700     8.8259     8.8268    33.9956    33.9956    26.3591    26.3589     3.9883     4.1447    121.434    126.196     1.3748     1.3504     0.0452     0.1044     3.3114     0.0537     0.0000 -124.41280   40.23368      47.81          5  0.000e+00
      24214   1008.875     50.220     50.615     8.8312     8.8318  36.056246  36.056828     8.8259     8.8265    33.9960    33.9960    26.3594    26.3594     3.9883     4.1447    121.435    126.198     1.3748     1.3504     0.0452     0.1044     3.3126     0.0537     0.0000 -124.41280   40.23368      47.81          5  0.000e+00
      24215   1008.917     50.220     50.615     8.8313     8.8323  36.056437  36.057336     8.8260     8.8270    33.9961    33.9961    26.3594    26.3593     3.9828     4.1447    121.268    126.196     1.3736     1.3504     0.0452     0.1044     3.3114     0.0537     0.0000 -124.41280   40.23368      47.81          5  0.000e+00
      24216   1008.958     50.154     50.548     8.8310     8.8322  36.055928  36.056955     8.8257     8.8269    33.9959    33.9958    26.3593    26.3591     3.9828     4.1506    121.268    126.377     1.3736     1.3516     0.0452     0.1044     3.3114     0.0537     0.0000 -124.41280   40.23368      47.79          5  0.000e+00
      24217   1009.000     50.174     50.568     8.8309     8.8324  36.055801  36.057082     8.8255     8.8271    33.9959    33.9957    26.3594    26.3590     3.9828     4.1506    121.268    126.377     1.3736     1.3516     0.0452     0.1044     3.3126     0.0537     0.0000 -124.41280   40.23368      47.81          5  0.000e+00
      24218   1009.042     50.220     50.615     8.8309     8.8323  36.055292  36.056637     8.8256     8.8270    33.9953    33.9953    26.3589    26.3587     3.9829     4.1507    121.269    126.379     1.3736     1.3516     0.0452     0.1044     3.3114     0.0537     0.0000 -124.41280   40.23368      47.79          5  0.000e+00
      24219   1009.083     50.174     50.568     8.8307     8.8321  36.055610  36.057018     8.8254     8.8268    33.9958    33.9960    26.3594    26.3592     3.9883     4.1447    121.436    126.196     1.3748     1.3504     0.0452     0.1044     3.3126     0.0537     0.0000 -124.41280   40.23368      47.81          5  0.000e+00
      24220   1009.125     50.220     50.615     8.8310     8.8318  36.055801  36.056955     8.8257     8.8265    33.9957    33.9961    26.3592    26.3594     3.9828     4.1507    121.269    126.379     1.3736     1.3516     0.0452     0.1044     3.3114     0.0537     0.0000 -124.41280   40.23368      47.79          5  0.000e+00
      24221   1009.167     50.107     50.501     8.8310     8.8316  36.055991  36.056510     8.8257     8.8263    33.9960    33.9959    26.3594    26.3593     3.9883     4.1507    121.434    126.379     1.3748     1.3516     0.0452     0.1044     3.3126     0.0537     0.0000 -124.41280   40.23368      47.79          5  0.000e+00
      24222   1009.208     50.220     50.615     8.8306     8.8316  36.055610  36.056764     8.8253     8.8263    33.9959    33.9961    26.3594    26.3594     3.9884     4.1447    121.437    126.198     1.3748     1.3504     0.0452     0.1044     3.3126     0.0525     0.0000 -124.41280   40.23368      47.86          5  0.000e+00
      24223   1009.250     50.121     50.515     8.8307     8.8316  36.055673  36.056764     8.8254     8.8263    33.9959    33.9962    26.3594    26.3595     3.9883     4.1507    121.435    126.378     1.3748     1.3516     0.0452     0.1044     3.3126     0.0537     0.0000 -124.41280   40.23368      47.91          5  0.000e+00
      24224   1009.292     50.174     50.568     8.8307     8.8318  36.055801  36.056573     8.8254     8.8265    33.9960    33.9958    26.3595    26.3592     3.9883     4.1507    121.436    126.379     1.3748     1.3516     0.0452     0.1044     3.3114     0.0537     0.0000 -124.41280   40.23368      47.91          5  0.000e+00
      24225   1009.333     50.054     50.448     8.8305     8.8318  36.055291  36.056764     8.8252     8.8265    33.9957    33.9960    26.3593    26.3593     3.9883     4.1506    121.435    126.377     1.3748     1.3516     0.0452     0.1044     3.3126     0.0537     0.0000 -124.41280   40.23368      47.91          5  0.000e+00
      24226   1009.375     50.220     50.615     8.8304     8.8319  36.055610  36.057019     8.8251     8.8266    33.9961    33.9961    26.3596    26.3594     3.9884     4.1507    121.437    126.379     1.3748     1.3516     0.0464     0.1350     3.3114     0.0537     0.0000 -124.41280   40.23368      47.89          5  0.000e+00
      24227   1009.417     50.121     50.515     8.8303     8.8318  36.055291  36.056700     8.8250     8.8265    33.9958    33.9959    26.3594    26.3592     3.9883     4.1506    121.436    126.378     1.3748     1.3516     0.0452     0.1044     3.3126     0.0537     0.0000 -124.41280   40.23368      47.89          5  0.000e+00
      24228   1009.458     50.174     50.568     8.8305     8.8318  36.055355  36.056955     8.8252     8.8265    33.9957    33.9962    26.3593    26.3595     3.9883     4.1507    121.436    126.379     1.3748     1.3516     0.0452     0.1044     3.3126     0.0537     0.0000 -124.41280   40.23368      47.96          5  0.000e+00
      24229   1009.500     50.107     50.502     8.8303     8.8318  36.055228  36.056700     8.8250     8.8265    33.9958    33.9960    26.3594    26.3593     3.9883     4.1506    121.436    126.378     1.3748     1.3516     0.0452     0.1044     3.3126     0.0537     0.0000 -124.41280   40.23368      48.01          5  0.000e+00
      24230   1009.542     50.121     50.515     8.8303     8.8316  36.054910  36.056764     8.8250     8.8263    33.9955    33.9962    26.3592    26.3595     3.9883     4.1507    121.437    126.378     1.3748     1.3516     0.0452     0.1044     3.3126     0.0537     0.0000 -124.41280   40.23368      48.03          5  0.000e+00
      24231   1009.583     50.121     50.515     8.8303     8.8318  36.055291  36.056510     8.8250     8.8265    33.9958    33.9958    26.3594    26.3591     3.9883     4.1506    121.436    126.378     1.3748     1.3516     0.0452     0.1044     3.3114     0.0525     0.0000 -124.41280   40.23368      48.01          5  0.000e+00
      24232   1009.625     50.121     50.515     8.8302     8.8315  36.054973  36.056510     8.8249     8.8262    33.9957    33.9960    26.3593    26.3594     3.9883     4.1507    121.437    126.379     1.3748     1.3516     0.0464     0.1350     3.3114     0.0537     0.0000 -124.41280   40.23368      48.01          5  0.000e+00
      24233   1009.667     50.121     50.515     8.8302     8.8314  36.055037  36.056764     8.8249     8.8261    33.9957    33.9963    26.3593    26.3596     3.9938     4.1507    121.603    126.379     1.3761     1.3516     0.0452     0.1044     3.3114     0.0537     0.0000 -124.41280   40.23368      48.01          5  0.000e+00
      24234   1009.708     50.108     50.502     8.8301     8.8316  36.055164  36.056510     8.8248     8.8263    33.9960    33.9959    26.3596    26.3593     3.9883     4.1507    121.436    126.378     1.3748     1.3516     0.0452     0.1044     3.3114     0.0537     0.0000 -124.41280   40.23368      47.94          5  0.000e+00
      24235   1009.750     50.121     50.515     8.8302     8.8318  36.055164  36.056764     8.8249     8.8265    33.9959    33.9960    26.3594    26.3593     3.9883     4.1506    121.436    126.378     1.3748     1.3516     0.0452     0.1044     3.3126     0.0537     0.0000 -124.41280   40.23368      47.89          5  0.000e+00
      24236   1009.792     50.074     50.468     8.8302     8.8318  36.054909  36.057018     8.8249     8.8265    33.9956    33.9963    26.3592    26.3596     3.9883     4.1506    121.436    126.377     1.3748     1.3516     0.0452     0.1044     3.3114     0.0537     0.0000 -124.41280   40.23368      47.89          5  0.000e+00
      24237   1009.833     50.121     50.515     8.8300     8.8323  36.055037  36.057400     8.8247     8.8270    33.9959    33.9962    26.3595    26.3594     3.9938     4.1506    121.604    126.376     1.3761     1.3516     0.0452     0.1044     3.3114     0.0537     0.0000 -124.41280   40.23368      47.89          5  0.000e+00
      24238   1009.875     50.108     50.502     8.8303     8.8322  36.055164  36.057527     8.8250     8.8269    33.9958    33.9964    26.3594    26.3595     3.9883     4.1506    121.436    126.376     1.3748     1.3516     0.0464     0.1350     3.3114     0.0537     0.0000 -124.41280   40.23368      47.89          5  0.000e+00
      24239   1009.917     50.121     50.515     8.8305     8.8328  36.055864  36.057400     8.8252     8.8275    33.9963    33.9957    26.3597    26.3590     3.9938     4.1505    121.602    126.375     1.3761     1.3516     0.0452     0.1044     3.3126     0.0537     0.0000 -124.41280   40.23368      47.89          5  0.000e+00
      24240   1009.958     50.074     50.468     8.8320     8.8331  36.057073  36.057717     8.8267     8.8278    33.9962    33.9958    26.3594    26.3589     3.9881     4.1505    121.430    126.374     1.3748     1.3516     0.0452     0.1044     3.3126     0.0537     0.0000 -124.41280   40.23368      47.91          5  0.000e+00
      24241   1010.000     50.121     50.515     8.8328     8.8331  36.057582  36.057972     8.8275     8.8278    33.9959    33.9960    26.3591    26.3591     3.9936     4.1505    121.596    126.374     1.3761     1.3516     0.0452     0.1044     3.3126     0.0549     0.0000 -124.41280   40.23368      47.96          5  0.000e+00
      24242   1010.042     50.074     50.468     8.8355     8.8334  36.059808  36.058099     8.8302     8.8281    33.9957    33.9959    26.3585    26.3589     3.9878     4.1505    121.421    126.372     1.3748     1.3516     0.0452     0.1044     3.3126     0.0537     0.0000 -124.41280   40.23368      47.94          5  0.000e+00
      24243   1010.083     50.108     50.502     8.8385     8.8332  36.061017  36.058163     8.8332     8.8279    33.9941    33.9961    26.3567    26.3592     3.9931     4.1505    121.581    126.373     1.3761     1.3516     0.0452     0.1044     3.3114     0.0537     0.0000 -124.41280   40.23368      47.94          5  0.000e+00
      24244   1010.125     50.074     50.468     8.8382     8.8331  36.060953  36.057781     8.8329     8.8278    33.9943    33.9958    26.3570    26.3590     3.9876     4.1505    121.415    126.373     1.3748     1.3516     0.0452     0.1044     3.3126     0.0537     0.0000 -124.41280   40.23368      47.94          5  0.000e+00
      24245   1010.167     50.074     50.468     8.8369     8.8331  36.060381  36.057527     8.8316     8.8278    33.9950    33.9956    26.3577    26.3588     3.9932     4.1505    121.585    126.374     1.3761     1.3516     0.0452     0.1044     3.3114     0.0537     0.0000 -124.41280   40.23368      47.94          5  0.000e+00
      24246   1010.208     50.074     50.468     8.8369     8.8330  36.061208  36.057654     8.8316     8.8277    33.9958    33.9959    26.3584    26.3590     3.9932     4.1505    121.584    126.374     1.3761     1.3516     0.0452     0.1044     3.3126     0.0537     0.0000 -124.41280   40.23368      47.94          5  0.000e+00
      24247   1010.250     50.108     50.502     8.8394     8.8331  36.064198  36.057527     8.8341     8.8278    33.9965    33.9956    26.3586    26.3588     3.9929     4.1565    121.577    126.556     1.3761     1.3529     0.0452     0.1044     3.3126     0.0537     0.0000 -124.41280   40.23368      47.96          5  0.000e+00
      24248   1010.292     50.028     50.422     8.8446     8.8331  36.070115  36.057717     8.8393     8.8278    33.9978    33.9958    26.3587    26.3590     3.9869     4.1505    121.393    126.373     1.3748     1.3516     0.0464     0.1350     3.3114     0.0537     0.0000 -124.41280   40.23368      47.94          5  0.000e+00
      24249   1010.333     50.075     50.468     8.8521     8.8331  36.076606  36.057463     8.8468     8.8278    33.9974    33.9955    26.3572    26.3587     3.9917     4.1505    121.539    126.374     1.3761     1.3516     0.0452     0.1044     3.3114     0.0537     0.0000 -124.41280   40.23368      47.94          5  0.000e+00
