WCOA/WCOA-6/CTD_Data/RB2102_CTD_092_01.ros
* Sea-Bird SBE 9 Data File:
* FileName = C:\Users\scs.user.rb\CTD\RB2102\Data\RB2102_CTD_092_01.hex
* Software Version Seasave V 7.26.7.107
* Temperature SN = 6202
* Conductivity SN = 4907
* Number of Bytes Per Scan = 41
* Number of Voltage Words = 4
* Number of Scans Averaged by the Deck Unit = 1
* NMEA Latitude = 37 46.34 N
* NMEA Longitude = 122 37.98 W
* NMEA UTC (Time) = Jul 12 2021  23:53:04
* NMEA baud rate = 4800
# nquan = 30
# nvalues = 259                                   
# units = specified
# name 0 = scan: Scan Count
# name 1 = timeS: Time, Elapsed [seconds]
# name 2 = depSM: Depth [salt water, m]
# name 3 = prDM: Pressure, Digiquartz [db]
# name 4 = t090C: Temperature [ITS-90, deg C]
# name 5 = t190C: Temperature, 2 [ITS-90, deg C]
# name 6 = c0mS/cm: Conductivity [mS/cm]
# name 7 = c1mS/cm: Conductivity, 2 [mS/cm]
# name 8 = potemp090C: Potential Temperature [ITS-90, deg C]
# name 9 = potemp190C: Potential Temperature, 2 [ITS-90, deg C]
# name 10 = sal00: Salinity, Practical [PSU]
# name 11 = sal11: Salinity, Practical, 2 [PSU]
# name 12 = sigma-é00: Density [sigma-theta, kg/m^3]
# name 13 = sigma-é11: Density, 2 [sigma-theta, kg/m^3]
# name 14 = sbeox0Mg/L: Oxygen, SBE 43 [mg/l]
# name 15 = sbeox1Mg/L: Oxygen, SBE 43, 2 [mg/l]
# name 16 = sbox0Mm/Kg: Oxygen, SBE 43 [umol/kg]
# name 17 = sbox1Mm/Kg: Oxygen, SBE 43, 2 [umol/kg]
# name 18 = sbeox0V: Oxygen raw, SBE 43 [V]
# name 19 = sbeox1V: Oxygen raw, SBE 43, 2 [V]
# name 20 = v4: Voltage 4
# name 21 = flECO-AFL: Fluorescence, WET Labs ECO-AFL/FL [mg/m^3]
# name 22 = v3: Voltage 3
# name 23 = v6: Voltage 6
# name 24 = v7: Voltage 7
# name 25 = longitude: Longitude [deg]
# name 26 = latitude: Latitude [deg]
# name 27 = altM: Altimeter [m]
# name 28 = nbf: Bottles Fired
# name 29 = flag:  0.000e+00
# interval = seconds: 0.0416667
# start_time = Jul 12 2021 23:53:04 [NMEA time, header]
# bad_flag = -9.990e-29
*END*
      11673    486.333     12.931     13.029    11.2005    11.1405  38.053430  38.015107    11.1989    11.1389    33.8239    33.8411    25.8239    25.8481     4.9192     5.0705    149.858    154.464     1.6471     1.6020     0.1258     2.1191     3.3761     0.1758     0.1783 -122.63310   37.77226       4.96          1  0.000e+00
      11674    486.375     12.918     13.015    11.2017    11.1380  38.053365  38.015692    11.2001    11.1365    33.8228    33.8440    25.8228    25.8508     4.9191     5.0707    149.855    154.469     1.6471     1.6020     0.1258     2.1191     3.3761     0.1758     0.1783 -122.63310   37.77226       4.96          1  0.000e+00
      11675    486.417     12.918     13.015    11.2026    11.1400  38.054015  38.017964    11.2010    11.1385    33.8226    33.8444    25.8225    25.8508     4.9139     5.0761    149.695    154.633     1.6459     1.6032     0.1258     2.1191     3.3773     0.1758     0.1783 -122.63310   37.77226       5.03          1  0.000e+00
      11676    486.458     12.931     13.029    11.2029    11.1487  38.054470  38.021405    11.2013    11.1471    33.8228    33.8399    25.8226    25.8457     4.9190     5.0696    149.852    154.436     1.6471     1.6020     0.1258     2.1191     3.3761     0.1758     0.1770 -122.63310   37.77226       5.03          1  0.000e+00
      11677    486.500     12.918     13.015    11.2024    11.1557  38.054730  38.023807    11.2008    11.1541    33.8235    33.8358    25.8232    25.8412     4.9139     5.0576    149.695    154.072     1.6459     1.5995     0.1258     2.1191     3.3761     0.1758     0.1770 -122.63310   37.77226       5.03          1  0.000e+00
      11678    486.542     12.871     12.968    11.2019    11.1574  38.054405  38.025495    11.2003    11.1558    33.8237    33.8359    25.8234    25.8410     4.9139     5.0574    149.695    154.065     1.6459     1.5995     0.1258     2.1191     3.3773     0.1758     0.1770 -122.63310   37.77226       5.03          1  0.000e+00
      11679    486.583     12.931     13.029    11.2017    11.1565  38.054470  38.026729    11.2001    11.1549    33.8239    33.8380    25.8236    25.8428     4.9139     5.0631    149.697    154.239     1.6459     1.6007     0.1258     2.1191     3.3773     0.1758     0.1770 -122.63310   37.77226       5.03          1  0.000e+00
      11680    486.625     12.871     12.968    11.2026    11.1562  38.055575  38.026729    11.2010    11.1546    33.8242    33.8382    25.8237    25.8430     4.9138     5.0631    149.692    154.239     1.6459     1.6007     0.1258     2.1191     3.3773     0.1758     0.1770 -122.63310   37.77226       5.05          1  0.000e+00
      11681    486.667     12.871     12.968    11.2058    11.1606  38.057720  38.027118    11.2042    11.1591    33.8233    33.8346    25.8225    25.8394     4.9135     5.0571    149.683    154.055     1.6459     1.5995     0.1258     2.1191     3.3761     0.1758     0.1770 -122.63310   37.77226       5.08          1  0.000e+00
      11682    486.708     12.878     12.975    11.2105    11.1638  38.060059  38.028286    11.2089    11.1622    33.8214    33.8328    25.8201    25.8374     4.9130     5.0624    149.670    154.218     1.6459     1.6007     0.1258     2.1191     3.3773     0.1758     0.1770 -122.63310   37.77226       5.10          1  0.000e+00
      11683    486.750     12.871     12.968    11.2131    11.1643  38.061619  38.029585    11.2115    11.1627    33.8205    33.8336    25.8190    25.8380     4.9128     5.0567    149.662    154.043     1.6459     1.5995     0.1258     2.1191     3.3748     0.1758     0.1783 -122.63310   37.77226       5.10          1  0.000e+00
      11684    486.792     12.825     12.922    11.2170    11.1683  38.063698  38.032442    11.2155    11.1667    33.8190    33.8328    25.8170    25.8366     4.9123     5.0562    149.649    154.029     1.6459     1.5995     0.1258     2.1191     3.3773     0.1758     0.1783 -122.63308   37.77226       5.10          1  0.000e+00
      11685    486.833     12.878     12.975    11.2187    11.1738  38.065844  38.036273    11.2171    11.1722    33.8195    33.8316    25.8172    25.8347     4.9122     5.0557    149.644    154.012     1.6459     1.5995     0.1258     2.1191     3.3748     0.1758     0.1783 -122.63308   37.77226       5.10          1  0.000e+00
      11686    486.875     12.825     12.922    11.2205    11.1800  38.067078  38.039260    11.2189    11.1784    33.8191    33.8288    25.8165    25.8314     4.9068     5.0550    149.480    153.993     1.6447     1.5995     0.1258     2.1191     3.3773     0.1770     0.1783 -122.63308   37.77226       5.13          1  0.000e+00
      11687    486.917     12.871     12.968    11.2213    11.1845  38.066298  38.040169    11.2198    11.1829    33.8176    33.8255    25.8152    25.8280     4.9120     5.0546    149.638    153.981     1.6459     1.5995     0.1258     2.1191     3.3761     0.1770     0.1783 -122.63308   37.77226       5.15          1  0.000e+00
      11688    486.958     12.832     12.928    11.2213    11.1883  38.065453  38.040493    11.2197    11.1868    33.8168    33.8224    25.8146    25.8249     4.9120     5.0486    149.638    153.799     1.6459     1.5983     0.1258     2.1191     3.3761     0.1770     0.1783 -122.63308   37.77226       5.18          1  0.000e+00
      11689    487.000     12.825     12.922    11.2174    11.1886  38.061748  38.040883    11.2158    11.1871    33.8167    33.8225    25.8152    25.8249     4.9124     5.0485    149.651    153.797     1.6459     1.5983     0.1258     2.1191     3.3761     0.1770     0.1795 -122.63308   37.77226       5.18          1  0.000e+00
      11690    487.042     12.825     12.922    11.2088    11.1865  38.058044  38.040428    11.2072    11.1849    33.8209    33.8240    25.8201    25.8265     4.9132     5.0487    149.674    153.803     1.6459     1.5983     0.1258     2.1191     3.3761     0.1770     0.1783 -122.63308   37.77226       5.18          1  0.000e+00
      11691    487.083     12.785     12.882    11.2024    11.1847  38.055250  38.040818    11.2008    11.1831    33.8241    33.8261    25.8237    25.8284     4.9138     5.0432    149.691    153.635     1.6459     1.5971     0.1258     2.1191     3.3761     0.1770     0.1795 -122.63308   37.77226       5.18          1  0.000e+00
      11692    487.125     12.825     12.922    11.1947    11.1840  38.051286  38.041403    11.1931    11.1824    33.8272    33.8272    25.8275    25.8295     4.9145     5.0489    149.714    153.808     1.6459     1.5983     0.1258     2.1191     3.3761     0.1783     0.1795 -122.63308   37.77226       5.18          1  0.000e+00
      11693    487.167     12.772     12.868    11.1900    11.1843  38.048101  38.041078    11.1884    11.1827    33.8284    33.8267    25.8293    25.8290     4.9098     5.0432    149.570    153.635     1.6447     1.5971     0.1258     2.1191     3.3761     0.1783     0.1795 -122.63308   37.77226       5.20          1  0.000e+00
      11694    487.208     12.832     12.928    11.1860    11.1852  38.045047  38.041727    11.1845    11.1836    33.8290    33.8265    25.8304    25.8286     4.9102     5.0488    149.583    153.805     1.6447     1.5983     0.1258     2.1191     3.3761     0.1783     0.1795 -122.63308   37.77226       5.23          1  0.000e+00
      11695    487.250     12.772     12.868    11.1827    11.1857  38.042968  38.042961    11.1812    11.1841    33.8300    33.8273    25.8318    25.8292     4.9105     5.0431    149.592    153.630     1.6447     1.5971     0.1258     2.1191     3.3761     0.1783     0.1807 -122.63308   37.77226       5.20          1  0.000e+00
      11696    487.292     12.772     12.868    11.1826    11.1908  38.042318  38.045494    11.1810    11.1892    33.8295    33.8251    25.8314    25.8265     4.9106     5.0425    149.593    153.614     1.6447     1.5971     0.1258     2.1191     3.3761     0.1795     0.1807 -122.63308   37.77226       5.23          1  0.000e+00
      11697    487.333     12.785     12.882    11.1839    11.2034  38.042968  38.050039    11.1823    11.2018    33.8289    33.8180    25.8308    25.8187     4.9104     5.0413    149.589    153.578     1.6447     1.5971     0.1258     2.1191     3.3773     0.1783     0.1807 -122.63308   37.77226       5.20          1  0.000e+00
      11698    487.375     12.726     12.822    11.1851    11.2100  38.044202  38.056014    11.1835    11.2084    33.8291    33.8179    25.8307    25.8175     4.9103     5.0405    149.584    153.554     1.6447     1.5971     0.1270     2.1496     3.3761     0.1795     0.1807 -122.63308   37.77226       5.23          1  0.000e+00
      11699    487.417     12.772     12.868    11.1872    11.2131  38.045762  38.060561    11.1856    11.2116    33.8287    33.8195    25.8300    25.8181     4.9101     5.0401    149.579    153.542     1.6447     1.5971     0.1282     2.1801     3.3761     0.1795     0.1819 -122.63308   37.77226       5.27          1  0.000e+00
      11700    487.458     12.785     12.882    11.1887    11.2126  38.046737  38.062380    11.1871    11.2110    33.8282    33.8218    25.8294    25.8200     4.9099     5.0401    149.574    153.542     1.6447     1.5971     0.1282     2.1801     3.3773     0.1795     0.1807 -122.63308   37.77226       5.30          1  0.000e+00
      11701    487.500     12.726     12.822    11.1897    11.2102  38.047126  38.062575    11.1881    11.2086    33.8277    33.8242    25.8288    25.8223     4.9046     5.0403    149.413    153.546     1.6435     1.5971     0.1282     2.1801     3.3761     0.1795     0.1819 -122.63308   37.77226       5.27          1  0.000e+00
      11702    487.542     12.772     12.868    11.1890    11.2075  38.046217  38.061017    11.1874    11.2060    33.8274    33.8251    25.8287    25.8235     4.9047     5.0350    149.416    153.384     1.6435     1.5958     0.1282     2.1801     3.3773     0.1795     0.1807 -122.63308   37.77226       5.30          1  0.000e+00
      11703    487.583     12.726     12.822    11.1875    11.2027  38.043877  38.058873    11.1860    11.2012    33.8265    33.8274    25.8282    25.8262     4.9049     5.0411    149.421    153.569     1.6435     1.5971     0.1282     2.1801     3.3761     0.1795     0.1807 -122.63308   37.77226       5.30          1  0.000e+00
      11704    487.625     12.686     12.782    11.1859    11.2028  38.041407  38.057769    11.1843    11.2012    33.8256    33.8263    25.8278    25.8253     4.9051     5.0411    149.427    153.569     1.6435     1.5971     0.1282     2.1801     3.3773     0.1795     0.1819 -122.63308   37.77226       5.30          1  0.000e+00
      11705    487.667     12.726     12.822    11.1854    11.2050  38.040368  38.056080    11.1838    11.2035    33.8250    33.8225    25.8275    25.8220     4.9052     5.0353    149.430    153.395     1.6435     1.5958     0.1282     2.1801     3.3761     0.1807     0.1819 -122.63308   37.77226       5.32          1  0.000e+00
      11706    487.708     12.726     12.822    11.1849    11.2090  38.040823  38.053870    11.1833    11.2074    33.8259    33.8167    25.8283    25.8167     4.9052     5.0350    149.430    153.387     1.6435     1.5958     0.1282     2.1801     3.3761     0.1807     0.1819 -122.63308   37.77226       5.35          1  0.000e+00
      11707    487.750     12.732     12.828    11.1837    11.2092  38.040888  38.052506    11.1822    11.2076    33.8270    33.8151    25.8294    25.8155     4.9001     5.0407    149.275    153.560     1.6422     1.5971     0.1282     2.1801     3.3761     0.1807     0.1819 -122.63308   37.77226       5.32          1  0.000e+00
      11708    487.792     12.726     12.822    11.1826    11.2104  38.040368  38.051467    11.1810    11.2088    33.8276    33.8130    25.8300    25.8136     4.9002     5.0350    149.278    153.386     1.6422     1.5958     0.1282     2.1801     3.3773     0.1807     0.1819 -122.63308   37.77226       5.35          1  0.000e+00
      11709    487.833     12.679     12.775    11.1831    11.2087  38.040693  38.050298    11.1815    11.2071    33.8274    33.8134    25.8298    25.8142     4.9002     5.0351    149.276    153.391     1.6422     1.5958     0.1282     2.1801     3.3748     0.1807     0.1832 -122.63308   37.77226       5.32          1  0.000e+00
      11710    487.875     12.732     12.828    11.1844    11.2045  38.040888  38.048934    11.1828    11.2030    33.8264    33.8159    25.8287    25.8169     4.9001     5.0356    149.274    153.404     1.6422     1.5958     0.1282     2.1801     3.3748     0.1819     0.1832 -122.63308   37.77226       5.35          1  0.000e+00
      11711    487.917     12.679     12.775    11.1846    11.2030  38.040628  38.048350    11.1830    11.2015    33.8260    33.8167    25.8284    25.8178     4.9000     5.0357    149.273    153.407     1.6422     1.5958     0.1282     2.1801     3.3761     0.1819     0.1832 -122.63308   37.77226       5.35          1  0.000e+00
      11712    487.958     12.726     12.822    11.1822    11.2039  38.040043  38.047570    11.1807    11.2024    33.8276    33.8151    25.8300    25.8164     4.9003     5.0357    149.280    153.407     1.6422     1.5958     0.1282     2.1801     3.3748     0.1819     0.1832 -122.63308   37.77226       5.37          1  0.000e+00
      11713    488.000     12.686     12.782    11.1798    11.2060  38.038614  38.047245    11.1783    11.2045    33.8284    33.8128    25.8311    25.8143     4.9005     5.0355    149.286    153.401     1.6422     1.5958     0.1282     2.1801     3.3773     0.1819     0.1832 -122.63308   37.77226       5.37          1  0.000e+00
      11714    488.042     12.679     12.775    11.1780    11.2080  38.036664  38.047440    11.1764    11.2065    33.8282    33.8112    25.8313    25.8126     4.9007     5.0353    149.292    153.395     1.6422     1.5958     0.1282     2.1801     3.3748     0.1819     0.1832 -122.63308   37.77226       5.37          1  0.000e+00
      11715    488.083     12.726     12.822    11.1760    11.2084  38.035430  38.048349    11.1744    11.2068    33.8287    33.8118    25.8321    25.8130     4.9009     5.0353    149.299    153.395     1.6422     1.5958     0.1282     2.1801     3.3773     0.1807     0.1832 -122.63308   37.77226       5.37          1  0.000e+00
      11716    488.125     12.633     12.728    11.1743    11.2078  38.034455  38.049843    11.1728    11.2062    33.8293    33.8138    25.8328    25.8147     4.9010     5.0352    149.302    153.393     1.6422     1.5958     0.1282     2.1801     3.3773     0.1807     0.1832 -122.63308   37.77226       5.37          1  0.000e+00
      11717    488.167     12.726     12.822    11.1724    11.2070  38.033221  38.051467    11.1708    11.2055    33.8299    33.8161    25.8336    25.8166     4.9064     5.0353    149.467    153.395     1.6435     1.5958     0.1282     2.1801     3.3761     0.1807     0.1832 -122.63308   37.77226       5.40          1  0.000e+00
      11718    488.208     12.679     12.775    11.1702    11.2087  38.031856  38.053740    11.1687    11.2071    33.8305    33.8168    25.8345    25.8169     4.9066     5.0350    149.473    153.387     1.6435     1.5958     0.1282     2.1801     3.3761     0.1807     0.1832 -122.63308   37.77226       5.40          1  0.000e+00
      11719    488.250     12.686     12.782    11.1699    11.2133  38.032311  38.056273    11.1683    11.2118    33.8313    33.8151    25.8351    25.8147     4.9066     5.0346    149.473    153.373     1.6435     1.5958     0.1282     2.1801     3.3761     0.1819     0.1832 -122.63308   37.77226       5.40          1  0.000e+00
      11720    488.292     12.679     12.775    11.1710    11.2172  38.032571  38.059651    11.1695    11.2157    33.8305    33.8148    25.8343    25.8138     4.9065     5.0341    149.470    153.359     1.6435     1.5958     0.1282     2.1801     3.3761     0.1819     0.1832 -122.63308   37.77226       5.40          1  0.000e+00
