WCOA/WCOA-6/CTD_Data/RB2102_CTD_075_01.ros
* Sea-Bird SBE 9 Data File:
* FileName = C:\Users\scs.user.rb\CTD\RB2102\Data\RB2102_CTD_075_01.hex
* Software Version Seasave V 7.26.7.107
* Temperature SN = 6202
* Conductivity SN = 4907
* Number of Bytes Per Scan = 41
* Number of Voltage Words = 4
* Number of Scans Averaged by the Deck Unit = 1
* NMEA Latitude = 40 12.19 N
* NMEA Longitude = 124 29.26 W
* NMEA UTC (Time) = Jul 09 2021  14:04:43
* NMEA baud rate = 4800
# nquan = 30
# nvalues = 863                                   
# units = specified
# name 0 = scan: Scan Count
# name 1 = timeS: Time, Elapsed [seconds]
# name 2 = depSM: Depth [salt water, m]
# name 3 = prDM: Pressure, Digiquartz [db]
# name 4 = t090C: Temperature [ITS-90, deg C]
# name 5 = t190C: Temperature, 2 [ITS-90, deg C]
# name 6 = c0mS/cm: Conductivity [mS/cm]
# name 7 = c1mS/cm: Conductivity, 2 [mS/cm]
# name 8 = potemp090C: Potential Temperature [ITS-90, deg C]
# name 9 = potemp190C: Potential Temperature, 2 [ITS-90, deg C]
# name 10 = sal00: Salinity, Practical [PSU]
# name 11 = sal11: Salinity, Practical, 2 [PSU]
# name 12 = sigma-é00: Density [sigma-theta, kg/m^3]
# name 13 = sigma-é11: Density, 2 [sigma-theta, kg/m^3]
# name 14 = sbeox0Mg/L: Oxygen, SBE 43 [mg/l]
# name 15 = sbeox1Mg/L: Oxygen, SBE 43, 2 [mg/l]
# name 16 = sbox0Mm/Kg: Oxygen, SBE 43 [umol/kg]
# name 17 = sbox1Mm/Kg: Oxygen, SBE 43, 2 [umol/kg]
# name 18 = sbeox0V: Oxygen raw, SBE 43 [V]
# name 19 = sbeox1V: Oxygen raw, SBE 43, 2 [V]
# name 20 = v4: Voltage 4
# name 21 = flECO-AFL: Fluorescence, WET Labs ECO-AFL/FL [mg/m^3]
# name 22 = v3: Voltage 3
# name 23 = v6: Voltage 6
# name 24 = v7: Voltage 7
# name 25 = longitude: Longitude [deg]
# name 26 = latitude: Latitude [deg]
# name 27 = altM: Altimeter [m]
# name 28 = nbf: Bottles Fired
# name 29 = flag:  0.000e+00
# interval = seconds: 0.0416667
# start_time = Jul 09 2021 14:04:43 [NMEA time, header]
# bad_flag = -9.990e-29
*END*
[from data line 484]
      71833   2993.000     39.715     40.027     9.1213     9.1140  36.280922  36.275680     9.1171     9.1097    33.9583    33.9598    26.2838    26.2861     4.5772     4.7582    139.376    144.888     1.5140     1.4835     0.0501     0.2265     3.2149     0.0195     0.0134 -124.49432   40.20224      99.51         11  0.000e+00
      71834   2993.042     39.775     40.087     9.1212     9.1141  36.280667  36.275553     9.1169     9.1099    33.9581    33.9595    26.2837    26.2859     4.5773     4.7523    139.378    144.708     1.5140     1.4823     0.0501     0.2265     3.2149     0.0183     0.0134 -124.49432   40.20224      99.51         11  0.000e+00
      71835   2993.083     39.762     40.073     9.1213     9.1149  36.280540  36.275935     9.1171     9.1106    33.9579    33.9593    26.2834    26.2856     4.5772     4.7522    139.378    144.706     1.5140     1.4823     0.0501     0.2265     3.2149     0.0195     0.0134 -124.49432   40.20224      99.51         11  0.000e+00
      71836   2993.125     39.715     40.027     9.1210     9.1149  36.280795  36.275871     9.1167     9.1106    33.9585    33.9592    26.2839    26.2855     4.5772     4.7522    139.377    144.705     1.5140     1.4823     0.0513     0.2571     3.2149     0.0195     0.0134 -124.49432   40.20224      99.51         11  0.000e+00
      71837   2993.167     39.815     40.127     9.1212     9.1149  36.280922  36.275935     9.1169     9.1107    33.9584    33.9591    26.2838    26.2855     4.5773     4.7523    139.379    144.707     1.5140     1.4823     0.0513     0.2571     3.2149     0.0208     0.0134 -124.49432   40.20224      99.51         11  0.000e+00
      71838   2993.208     39.715     40.027     9.1212     9.1147  36.280603  36.276063     9.1169     9.1104    33.9581    33.9596    26.2836    26.2859     4.5772     4.7641    139.377    145.066     1.5140     1.4847     0.0513     0.2571     3.2149     0.0195     0.0134 -124.49432   40.20224      99.54         11  0.000e+00
      71839   2993.250     39.762     40.073     9.1210     9.1150  36.280795  36.276573     9.1167     9.1107    33.9584    33.9598    26.2839    26.2860     4.5773     4.7581    139.378    144.885     1.5140     1.4835     0.0513     0.2571     3.2149     0.0195     0.0134 -124.49432   40.20224      99.51         11  0.000e+00
      71840   2993.292     39.815     40.127     9.1213     9.1153  36.280667  36.276764     9.1171     9.1110    33.9580    33.9597    26.2835    26.2858     4.5773     4.7522    139.378    144.705     1.5140     1.4823     0.0513     0.2571     3.2149     0.0195     0.0134 -124.49432   40.20224      99.51         11  0.000e+00
      71841   2993.333     39.762     40.073     9.1212     9.1157  36.280540  36.277019     9.1169     9.1114    33.9580    33.9596    26.2836    26.2857     4.5773     4.7521    139.378    144.703     1.5140     1.4823     0.0513     0.2571     3.2149     0.0208     0.0147 -124.49432   40.20224      99.51         11  0.000e+00
      71842   2993.375     39.762     40.073     9.1209     9.1166  36.280540  36.277337     9.1166     9.1123    33.9583    33.9591    26.2838    26.2851     4.5773     4.7520    139.379    144.700     1.5140     1.4823     0.0513     0.2571     3.2149     0.0195     0.0134 -124.49432   40.20224      99.51         11  0.000e+00
      71843   2993.417     39.815     40.127     9.1206     9.1175  36.280030  36.278739     9.1163     9.1132    33.9581    33.9596    26.2837    26.2854     4.5774     4.7520    139.381    144.697     1.5140     1.4823     0.0513     0.2571     3.2149     0.0195     0.0134 -124.49432   40.20224      99.54         11  0.000e+00
      71844   2993.458     39.762     40.073     9.1206     9.1186  36.280157  36.279759     9.1163     9.1143    33.9582    33.9597    26.2838    26.2853     4.5773     4.7518    139.380    144.692     1.5140     1.4823     0.0525     0.2876     3.2149     0.0195     0.0134 -124.49432   40.20224      99.54         11  0.000e+00
      71845   2993.500     39.815     40.127     9.1206     9.1198  36.279966  36.280715     9.1163     9.1155    33.9580    33.9595    26.2837    26.2849     4.5774     4.7517    139.381    144.689     1.5140     1.4823     0.0513     0.2571     3.2149     0.0195     0.0134 -124.49432   40.20224      99.51         11  0.000e+00
      71846   2993.542     39.762     40.073     9.1204     9.1204  36.279902  36.280970     9.1161     9.1161    33.9581    33.9592    26.2838    26.2846     4.5773     4.7516    139.381    144.687     1.5140     1.4823     0.0513     0.2571     3.2149     0.0208     0.0134 -124.49432   40.20224      99.51         11  0.000e+00
      71847   2993.583     39.815     40.127     9.1202     9.1206  36.279392  36.280460     9.1159     9.1163    33.9577    33.9584    26.2835    26.2840     4.5774     4.7516    139.382    144.688     1.5140     1.4823     0.0513     0.2571     3.2149     0.0208     0.0147 -124.49432   40.20224      99.51         11  0.000e+00
      71848   2993.625     39.762     40.073     9.1199     9.1211  36.278499  36.280651     9.1156     9.1168    33.9571    33.9583    26.2831    26.2838     4.5774     4.7456    139.383    144.505     1.5140     1.4811     0.0513     0.2571     3.2149     0.0195     0.0147 -124.49432   40.20224      99.51         11  0.000e+00
      71849   2993.667     39.821     40.133     9.1192     9.1215  36.278754  36.280651     9.1149     9.1172    33.9580    33.9578    26.2839    26.2834     4.5829     4.7456    139.551    144.505     1.5153     1.4811     0.0513     0.2571     3.2149     0.0195     0.0134 -124.49432   40.20224      99.51         11  0.000e+00
      71850   2993.708     39.815     40.127     9.1184     9.1217  36.278435  36.280842     9.1141     9.1174    33.9584    33.9578    26.2843    26.2833     4.5830     4.7515    139.553    144.685     1.5153     1.4823     0.0513     0.2571     3.2149     0.0183     0.0134 -124.49432   40.20224      99.51         11  0.000e+00
      71851   2993.750     39.815     40.127     9.1178     9.1217  36.278244  36.281161     9.1135     9.1174    33.9588    33.9581    26.2848    26.2836     4.5776     4.7574    139.389    144.865     1.5140     1.4835     0.0513     0.2571     3.2137     0.0195     0.0134 -124.49432   40.20224      99.51         11  0.000e+00
      71852   2993.792     39.815     40.127     9.1165     9.1219  36.277798  36.281288     9.1122     9.1177    33.9596    33.9580    26.2856    26.2835     4.5832     4.7574    139.558    144.864     1.5153     1.4835     0.0525     0.2876     3.2149     0.0195     0.0134 -124.49432   40.20224      99.54         11  0.000e+00
      71853   2993.833     39.861     40.173     9.1170     9.1216  36.278117  36.280333     9.1127     9.1173    33.9595    33.9574    26.2854    26.2830     4.5832     4.7516    139.558    144.686     1.5153     1.4823     0.0513     0.2571     3.2149     0.0195     0.0134 -124.49432   40.20224      99.51         11  0.000e+00
      71854   2993.875     39.815     40.127     9.1178     9.1215  36.277989  36.280587     9.1135     9.1172    33.9586    33.9578    26.2846    26.2833     4.5831     4.7516    139.555    144.685     1.5153     1.4823     0.0513     0.2571     3.2137     0.0208     0.0134 -124.49432   40.20224      99.51         11  0.000e+00
      71855   2993.917     39.815     40.127     9.1179     9.1214  36.277734  36.280906     9.1136     9.1171    33.9582    33.9582    26.2842    26.2837     4.5831     4.7516    139.555    144.685     1.5153     1.4823     0.0513     0.2571     3.2149     0.0208     0.0147 -124.49432   40.20224      99.51         11  0.000e+00
      71856   2993.958     39.861     40.173     9.1181     9.1212  36.278053  36.280970     9.1138     9.1169    33.9583    33.9584    26.2843    26.2838     4.5831     4.7516    139.555    144.686     1.5153     1.4823     0.0513     0.2571     3.2137     0.0195     0.0134 -124.49432   40.20224      99.54         11  0.000e+00
      71857   2994.000     39.815     40.127     9.1181     9.1215  36.278244  36.280970     9.1138     9.1172    33.9585    33.9582    26.2845    26.2836     4.5830     4.7515    139.554    144.685     1.5153     1.4823     0.0513     0.2571     3.2137     0.0195     0.0134 -124.49432   40.20224      99.51         11  0.000e+00
      71858   2994.042     39.861     40.173     9.1178     9.1212  36.278053  36.280715     9.1135     9.1169    33.9586    33.9581    26.2846    26.2836     4.5885     4.7516    139.722    144.687     1.5165     1.4823     0.0513     0.2571     3.2149     0.0195     0.0134 -124.49432   40.20224      99.51         11  0.000e+00
      71859   2994.083     39.861     40.173     9.1158     9.1211  36.277670  36.280970     9.1115     9.1168    33.9601    33.9585    26.2860    26.2839     4.5887     4.7516    139.726    144.687     1.5165     1.4823     0.0513     0.2571     3.2137     0.0195     0.0134 -124.49432   40.20224      99.54         11  0.000e+00
      71860   2994.125     39.815     40.127     9.1147     9.1211  36.277160  36.280970     9.1104     9.1168    33.9607    33.9586    26.2867    26.2840     4.5888     4.7516    139.729    144.686     1.5165     1.4823     0.0513     0.2571     3.2137     0.0195     0.0134 -124.49432   40.20224      99.51         11  0.000e+00
      71861   2994.167     39.914     40.227     9.1149     9.1210  36.276459  36.281161     9.1106     9.1167    33.9597    33.9588    26.2859    26.2842     4.5889     4.7576    139.731    144.868     1.5165     1.4835     0.0513     0.2571     3.2137     0.0195     0.0134 -124.49432   40.20224      99.51         11  0.000e+00
      71862   2994.208     39.815     40.127     9.1142     9.1214  36.275630  36.281289     9.1099     9.1171    33.9596    33.9586    26.2859    26.2840     4.5889     4.7575    139.731    144.865     1.5165     1.4835     0.0513     0.2571     3.2137     0.0195     0.0134 -124.49432   40.20224      99.51         11  0.000e+00
      71863   2994.250     39.861     40.173     9.1124     9.1212  36.274673  36.280779     9.1081     9.1169    33.9602    33.9582    26.2867    26.2837     4.5945     4.7575    139.903    144.867     1.5177     1.4835     0.0501     0.2265     3.2161     0.0195     0.0134 -124.49432   40.20224      99.51         11  0.000e+00
      71864   2994.292     39.874     40.187     9.1100     9.1211  36.273908  36.280651     9.1057     9.1168    33.9618    33.9581    26.2883    26.2837     4.5947     4.7575    139.910    144.868     1.5177     1.4835     0.0501     0.2265     3.2137     0.0195     0.0134 -124.49432   40.20224      99.51         11  0.000e+00
      71865   2994.333     39.861     40.173     9.1076     9.1211  36.272824  36.280715     9.1033     9.1168    33.9629    33.9583    26.2896    26.2838     4.5950     4.7635    139.916    145.048     1.5177     1.4847     0.0501     0.2265     3.2137     0.0195     0.0134 -124.49432   40.20224      99.51         11  0.000e+00
      71866   2994.375     39.861     40.173     9.1076     9.1213  36.271995  36.281352     9.1033     9.1170    33.9620    33.9587    26.2888    26.2841     4.5950     4.7575    139.917    144.866     1.5177     1.4835     0.0501     0.2265     3.2161     0.0195     0.0134 -124.49432   40.20224      99.51         11  0.000e+00
      71867   2994.417     39.861     40.173     9.1070     9.1214  36.271102  36.281352     9.1027     9.1171    33.9616    33.9586    26.2887    26.2840     4.5950     4.7575    139.919    144.866     1.5177     1.4835     0.0501     0.2265     3.2137     0.0208     0.0134 -124.49432   40.20224      99.51         11  0.000e+00
      71868   2994.458     39.914     40.227     9.1059     9.1211  36.270401  36.281289     9.1016     9.1167    33.9619    33.9589    26.2891    26.2843     4.5952     4.7635    139.923    145.049     1.5177     1.4847     0.0501     0.2265     3.2161     0.0208     0.0134 -124.49432   40.20224      99.51         11  0.000e+00
      75580   3149.125     30.232     30.468     9.1091     9.1104  36.267433  36.268255     9.1059     9.1071    33.9603    33.9600    26.2871    26.2867     4.6109     4.7765    140.402    145.445     1.5226     1.4884     0.0501     0.2265     3.2137     0.0208     0.0183 -124.49460   40.20218      99.51         12  0.000e+00
      75581   3149.167     30.185     30.421     9.1092     9.1102  36.267625  36.268254     9.1059     9.1070    33.9605    33.9601    26.2873    26.2868     4.6109     4.7765    140.401    145.445     1.5226     1.4884     0.0501     0.2265     3.2137     0.0208     0.0195 -124.49460   40.20218      99.51         12  0.000e+00
      75582   3149.208     30.285     30.521     9.1093     9.1106  36.267306  36.268318     9.1060     9.1073    33.9600    33.9598    26.2869    26.2865     4.6109     4.7765    140.403    145.446     1.5226     1.4884     0.0501     0.2265     3.2137     0.0220     0.0195 -124.49460   40.20218      99.51         12  0.000e+00
      75583   3149.250     30.185     30.421     9.1093     9.1104  36.267561  36.268382     9.1061     9.1071    33.9603    33.9601    26.2871    26.2868     4.6109     4.7765    140.401    145.444     1.5226     1.4884     0.0501     0.2265     3.2125     0.0220     0.0195 -124.49460   40.20218      99.51         12  0.000e+00
      75584   3149.292     30.185     30.421     9.1095     9.1104  36.267880  36.268382     9.1062     9.1071    33.9605    33.9601    26.2872    26.2868     4.6109     4.7765    140.400    145.444     1.5226     1.4884     0.0501     0.2265     3.2112     0.0220     0.0195 -124.49460   40.20218      86.13         12  0.000e+00
      75585   3149.333     30.238     30.475     9.1095     9.1106  36.267625  36.268382     9.1062     9.1073    33.9602    33.9599    26.2870    26.2866     4.6109     4.7765    140.402    145.445     1.5226     1.4884     0.0501     0.2265     3.2137     0.0220     0.0195 -124.49460   40.20218      73.97         12  0.000e+00
      75586   3149.375     30.185     30.421     9.1096     9.1107  36.267880  36.268382     9.1064     9.1075    33.9603    33.9598    26.2871    26.2865     4.6108     4.7765    140.400    145.443     1.5226     1.4884     0.0513     0.2571     3.2125     0.0220     0.0195 -124.49460   40.20218      71.84         12  0.000e+00
      75587   3149.417     30.185     30.421     9.1095     9.1104  36.267625  36.268127     9.1062     9.1071    33.9602    33.9599    26.2870    26.2866     4.6109     4.7765    140.401    145.445     1.5226     1.4884     0.0501     0.2265     3.2125     0.0208     0.0195 -124.49460   40.20218      72.72         12  0.000e+00
      75588   3149.458     30.185     30.421     9.1098     9.1105  36.267624  36.268191     9.1065     9.1073    33.9599    33.9598    26.2867    26.2865     4.6108     4.7765    140.400    145.444     1.5226     1.4884     0.0501     0.2265     3.2125     0.0208     0.0195 -124.49460   40.20218      73.26         12  0.000e+00
      75589   3149.500     30.139     30.374     9.1100     9.1106  36.267879  36.268573     9.1067     9.1073    33.9600    33.9602    26.2868    26.2868     4.6108     4.7705    140.398    145.262     1.5226     1.4872     0.0501     0.2265     3.2137     0.0208     0.0195 -124.49460   40.20218      73.33         12  0.000e+00
      75590   3149.542     30.185     30.421     9.1100     9.1104  36.267943  36.268700     9.1067     9.1071    33.9601    33.9605    26.2868    26.2870     4.6108     4.7765    140.399    145.444     1.5226     1.4884     0.0501     0.2265     3.2125     0.0208     0.0183 -124.49460   40.20218      87.47         12  0.000e+00
