WCOA/WCOA-6/CTD_Data/RB2102_CTD_079_01.ros
* Sea-Bird SBE 9 Data File:
* FileName = C:\Users\scs.user.rb\CTD\RB2102\Data\RB2102_CTD_079_01.hex
* Software Version Seasave V 7.26.7.107
* Temperature SN = 6202
* Conductivity SN = 4907
* Number of Bytes Per Scan = 41
* Number of Voltage Words = 4
* Number of Scans Averaged by the Deck Unit = 1
* NMEA Latitude = 37 44.96 N
* NMEA Longitude = 123 19.13 W
* NMEA UTC (Time) = Jul 10 2021  19:42:06
* NMEA baud rate = 4800
# nquan = 30
# nvalues = 1105                                  
# units = specified
# name 0 = scan: Scan Count
# name 1 = timeS: Time, Elapsed [seconds]
# name 2 = depSM: Depth [salt water, m]
# name 3 = prDM: Pressure, Digiquartz [db]
# name 4 = t090C: Temperature [ITS-90, deg C]
# name 5 = t190C: Temperature, 2 [ITS-90, deg C]
# name 6 = c0mS/cm: Conductivity [mS/cm]
# name 7 = c1mS/cm: Conductivity, 2 [mS/cm]
# name 8 = potemp090C: Potential Temperature [ITS-90, deg C]
# name 9 = potemp190C: Potential Temperature, 2 [ITS-90, deg C]
# name 10 = sal00: Salinity, Practical [PSU]
# name 11 = sal11: Salinity, Practical, 2 [PSU]
# name 12 = sigma-é00: Density [sigma-theta, kg/m^3]
# name 13 = sigma-é11: Density, 2 [sigma-theta, kg/m^3]
# name 14 = sbeox0Mg/L: Oxygen, SBE 43 [mg/l]
# name 15 = sbeox1Mg/L: Oxygen, SBE 43, 2 [mg/l]
# name 16 = sbox0Mm/Kg: Oxygen, SBE 43 [umol/kg]
# name 17 = sbox1Mm/Kg: Oxygen, SBE 43, 2 [umol/kg]
# name 18 = sbeox0V: Oxygen raw, SBE 43 [V]
# name 19 = sbeox1V: Oxygen raw, SBE 43, 2 [V]
# name 20 = v4: Voltage 4
# name 21 = flECO-AFL: Fluorescence, WET Labs ECO-AFL/FL [mg/m^3]
# name 22 = v3: Voltage 3
# name 23 = v6: Voltage 6
# name 24 = v7: Voltage 7
# name 25 = longitude: Longitude [deg]
# name 26 = latitude: Latitude [deg]
# name 27 = altM: Altimeter [m]
# name 28 = nbf: Bottles Fired
# name 29 = flag:  0.000e+00
# interval = seconds: 0.0416667
# start_time = Jul 10 2021 19:42:06 [NMEA time, header]
# bad_flag = -9.990e-29
*END*
[from data line 532]
      98363   4098.417     98.877     99.644     9.8844     9.8876  36.982038  36.984248     9.8732     9.8764    33.9315    33.9307    26.1390    26.1378     3.8913     3.9974    118.507    121.738     1.3687     1.3358     0.0403    -0.0177     3.2332     0.0488     0.0000 -123.31986   37.74876      99.61         11  0.000e+00
      98364   4098.458     98.830     99.597     9.8856     9.8878  36.982487  36.985083     9.8744     9.8766    33.9309    33.9314    26.1383    26.1383     3.8912     4.0032    118.504    121.915     1.3687     1.3370     0.0403    -0.0177     3.2320     0.0488     0.0000 -123.31986   37.74876      99.63         11  0.000e+00
      98365   4098.500     98.877     99.644     9.8865     9.8883  36.982359  36.985790     9.8753     9.8771    33.9298    33.9317    26.1373    26.1384     3.8912     4.0032    118.503    121.914     1.3687     1.3370     0.0403    -0.0177     3.2320     0.0488     0.0000 -123.31986   37.74876      99.61         11  0.000e+00
      98366   4098.542     98.877     99.644     9.8870     9.8895  36.982744  36.986625     9.8757     9.8782    33.9299    33.9315    26.1373    26.1381     3.8911     4.0031    118.502    121.911     1.3687     1.3370     0.0403    -0.0177     3.2332     0.0488     0.0000 -123.31986   37.74876      99.61         11  0.000e+00
      98367   4098.583     98.930     99.697     9.8869     9.8902  36.982937  36.987138     9.8756     9.8789    33.9301    33.9313    26.1374    26.1379     3.8911     3.9972    118.503    121.731     1.3687     1.3358     0.0403    -0.0177     3.2332     0.0476     0.0000 -123.31986   37.74876      99.61         11  0.000e+00
      98368   4098.625     98.877     99.644     9.8875     9.8905  36.983130  36.986753     9.8762     9.8792    33.9298    33.9306    26.1371    26.1373     3.8911     4.0030    118.501    121.909     1.3687     1.3370     0.0403    -0.0177     3.2320     0.0488     0.0000 -123.31986   37.74876      99.63         11  0.000e+00
      98369   4098.667     98.976     99.744     9.8877     9.8901  36.983708  36.986625     9.8764     9.8788    33.9301    33.9308    26.1373    26.1375     3.8911     4.0031    118.501    121.911     1.3687     1.3370     0.0403    -0.0177     3.2332     0.0476     0.0000 -123.31986   37.74876      99.63         11  0.000e+00
      98407   4100.250     99.614    100.387     9.8714     9.8709  36.972274  36.972500     9.8601     9.8595    33.9335    33.9342    26.1427    26.1433     3.8928     4.0110    118.552    122.153     1.3687     1.3382     0.0403    -0.0177     3.2332     0.0452     0.0000 -123.31986   37.74878      99.61         12  0.000e+00
      98408   4100.292     99.760    100.534     9.8722     9.8709  36.972981  36.972116     9.8609     9.8595    33.9333    33.9337    26.1425    26.1430     3.8928     4.0111    118.552    122.155     1.3687     1.3382     0.0403    -0.0177     3.2332     0.0452     0.0000 -123.31986   37.74878      99.61         12  0.000e+00
      98409   4100.333     99.667    100.441     9.8729     9.8704  36.973109  36.972693     9.8615     9.8590    33.9329    33.9348    26.1420    26.1439     3.8927     4.0111    118.549    122.154     1.3687     1.3382     0.0403    -0.0177     3.2332     0.0452     0.0000 -123.31986   37.74878      99.61         12  0.000e+00
      98410   4100.375     99.767    100.541     9.8734     9.8707  36.973816  36.972694     9.8620     9.8593    33.9331    33.9345    26.1421    26.1436     3.8927     4.0111    118.549    122.155     1.3687     1.3382     0.0403    -0.0177     3.2320     0.0452     0.0000 -123.31986   37.74878      99.63         12  0.000e+00
      98411   4100.417     99.760    100.534     9.8739     9.8712  36.973881  36.973079     9.8625     9.8599    33.9327    33.9344    26.1417    26.1434     3.8980     4.0111    118.712    122.154     1.3700     1.3382     0.0403    -0.0177     3.2332     0.0452     0.0000 -123.31986   37.74878      99.61         12  0.000e+00
      98412   4100.458     99.767    100.541     9.8740     9.8719  36.973495  36.973400     9.8626     9.8605    33.9322    33.9341    26.1413    26.1431     3.8981     4.0110    118.713    122.152     1.3700     1.3382     0.0403    -0.0177     3.2320     0.0452     0.0000 -123.31986   37.74878      99.63         12  0.000e+00
      98413   4100.500     99.807    100.581     9.8737     9.8717  36.973624  36.973785     9.8623     9.8604    33.9326    33.9346    26.1416    26.1435     3.8981     4.0110    118.714    122.153     1.3700     1.3382     0.0403    -0.0177     3.2320     0.0452     0.0000 -123.31986   37.74878      99.63         12  0.000e+00
      98414   4100.542     99.767    100.541     9.8737     9.8719  36.973752  36.973657     9.8623     9.8605    33.9327    33.9344    26.1417    26.1433     3.8981     4.0110    118.713    122.152     1.3700     1.3382     0.0403    -0.0177     3.2332     0.0452     0.0000 -123.31986   37.74878      99.61         12  0.000e+00
      98415   4100.583     99.860    100.635     9.8743     9.8720  36.974781  36.974042     9.8630     9.8607    33.9331    33.9345    26.1420    26.1434     3.8980     4.0110    118.712    122.153     1.3700     1.3382     0.0403    -0.0177     3.2332     0.0452     0.0000 -123.31986   37.74878      99.61         12  0.000e+00
      98416   4100.625     99.860    100.635     9.8751     9.8717  36.975102  36.973465     9.8638     9.8603    33.9327    33.9343    26.1415    26.1433     3.8980     4.0111    118.710    122.154     1.3700     1.3382     0.0403    -0.0177     3.2320     0.0452     0.0000 -123.31986   37.74878      99.61         12  0.000e+00
      98417   4100.667     99.860    100.635     9.8755     9.8712  36.974845  36.973272     9.8641     9.8598    33.9321    33.9345    26.1410    26.1436     3.8980     4.0111    118.710    122.155     1.3700     1.3382     0.0403    -0.0177     3.2320     0.0452     0.0000 -123.31986   37.74878      99.61         12  0.000e+00
      98418   4100.708     99.860    100.635     9.8755     9.8712  36.974202  36.972758     9.8641     9.8598    33.9315    33.9340    26.1405    26.1432     3.8980     4.0111    118.711    122.156     1.3700     1.3382     0.0403    -0.0177     3.2320     0.0452     0.0000 -123.31986   37.74878      99.63         12  0.000e+00
      98419   4100.750     99.913    100.688     9.8740     9.8707  36.973110  36.972630     9.8626     9.8593    33.9317    33.9343    26.1409    26.1435     3.8981     4.0112    118.715    122.158     1.3700     1.3382     0.0403    -0.0177     3.2332     0.0452     0.0000 -123.31986   37.74878      99.61         12  0.000e+00
      98420   4100.792     99.959    100.735     9.8727     9.8710  36.972082  36.972630     9.8613     9.8596    33.9319    33.9340    26.1413    26.1432     3.8929     4.0112    118.555    122.158     1.3687     1.3382     0.0403    -0.0177     3.2332     0.0452     0.0000 -123.31986   37.74878      99.61         12  0.000e+00
      98421   4100.833     99.860    100.635     9.8716     9.8707  36.972082  36.972822     9.8602     9.8593    33.9330    33.9346    26.1423    26.1437     3.8983     4.0112    118.720    122.157     1.3700     1.3382     0.0403    -0.0177     3.2320     0.0452     0.0000 -123.31986   37.74878      99.63         12  0.000e+00
      98422   4100.875     99.959    100.735     9.8709     9.8709  36.971633  36.972694     9.8595     9.8595    33.9331    33.9342    26.1425    26.1434     3.8984     4.0112    118.723    122.158     1.3700     1.3382     0.0403    -0.0177     3.2320     0.0452     0.0000 -123.31986   37.74878      99.63         12  0.000e+00
      98423   4100.917     99.959    100.735     9.8706     9.8710  36.971954  36.972823     9.8592     9.8596    33.9337    33.9342    26.1431    26.1433     3.8984     4.0112    118.723    122.158     1.3700     1.3382     0.0403    -0.0177     3.2332     0.0452     0.0000 -123.31986   37.74878      99.61         12  0.000e+00
      98424   4100.958    100.012    100.789     9.8704     9.8710  36.971183  36.972695     9.8590     9.8596    33.9331    33.9341    26.1425    26.1432     3.8985     4.0112    118.725    122.159     1.3700     1.3382     0.0403    -0.0177     3.2308     0.0452     0.0000 -123.31986   37.74878      99.63         12  0.000e+00
      98425   4101.000     99.959    100.735     9.8703     9.8706  36.971054  36.972630     9.8589     9.8592    33.9331    33.9344    26.1426    26.1436     3.8985     4.0112    118.725    122.159     1.3700     1.3382     0.0403    -0.0177     3.2320     0.0452     0.0000 -123.31986   37.74878      99.61         12  0.000e+00
      98426   4101.042    100.013    100.789     9.8699     9.8704  36.971183  36.972374     9.8585     9.8590    33.9335    33.9343    26.1430    26.1436     3.8985     4.0171    118.726    122.339     1.3700     1.3394     0.0403    -0.0177     3.2320     0.0452     0.0000 -123.31986   37.74878      99.61         12  0.000e+00
      98427   4101.083    100.006    100.782     9.8694     9.8700  36.970926  36.972052     9.8580     9.8587    33.9338    33.9343    26.1433    26.1436     3.8932     4.0113    118.563    122.161     1.3687     1.3382     0.0403    -0.0177     3.2320     0.0440     0.0000 -123.31986   37.74878      99.61         12  0.000e+00
      98428   4101.125    100.013    100.789     9.8695     9.8696  36.970798  36.972181     9.8581     9.8582    33.9336    33.9349    26.1431    26.1441     3.8932     4.0113    118.563    122.162     1.3687     1.3382     0.0403    -0.0177     3.2308     0.0452     0.0000 -123.31986   37.74878      99.61         12  0.000e+00
      98429   4101.167    100.059    100.836     9.8692     9.8699  36.970605  36.971924     9.8579     9.8585    33.9336    33.9343    26.1431    26.1436     3.8932     4.0172    118.564    122.341     1.3687     1.3394     0.0403    -0.0177     3.2320     0.0464     0.0000 -123.31986   37.74878      99.63         12  0.000e+00
      98430   4101.208    100.052    100.829     9.8691     9.8699  36.970476  36.972438     9.8577     9.8585    33.9336    33.9348    26.1432    26.1440     3.8986     4.0113    118.729    122.162     1.3700     1.3382     0.0403    -0.0177     3.2320     0.0476     0.0000 -123.31986   37.74878      99.63         12  0.000e+00
      98431   4101.250    100.059    100.836     9.8690     9.8702  36.970476  36.972374     9.8576     9.8588    33.9337    33.9344    26.1433    26.1437     3.8986     4.0172    118.729    122.340     1.3700     1.3394     0.0403    -0.0177     3.2320     0.0464     0.0000 -123.31986   37.74878      99.61         12  0.000e+00
      98432   4101.292    100.006    100.782     9.8689     9.8702  36.970990  36.972502     9.8575     9.8588    33.9343    33.9346    26.1438    26.1438     3.8932     4.0171    118.564    122.339     1.3687     1.3394     0.0403    -0.0177     3.2332     0.0464     0.0000 -123.31986   37.74878      99.61         12  0.000e+00
      98433   4101.333    100.159    100.936     9.8691     9.8702  36.970413  36.972824     9.8577     9.8588    33.9335    33.9349    26.1431    26.1440     3.8933     4.0172    118.566    122.341     1.3687     1.3394     0.0403    -0.0177     3.2332     0.0452     0.0000 -123.31986   37.74878      99.61         12  0.000e+00
      98434   4101.375    100.053    100.829     9.8691     9.8700  36.970605  36.972438     9.8577     9.8587    33.9337    33.9347    26.1433    26.1439     3.8986     4.0172    118.729    122.340     1.3700     1.3394     0.0403    -0.0177     3.2332     0.0452     0.0000 -123.31986   37.74878      99.63         12  0.000e+00
      98435   4101.417    100.106    100.883     9.8689     9.8702  36.970348  36.972053     9.8575     9.8588    33.9336    33.9341    26.1432    26.1434     3.8986     4.0172    118.730    122.341     1.3700     1.3394     0.0403    -0.0177     3.2320     0.0452     0.0000 -123.31986   37.74878      99.63         12  0.000e+00
      98436   4101.458    100.059    100.836     9.8691     9.8702  36.970155  36.972181     9.8577     9.8588    33.9332    33.9343    26.1429    26.1435     3.8986     4.0113    118.729    122.161     1.3700     1.3382     0.0403    -0.0177     3.2332     0.0452     0.0000 -123.31986   37.74878      99.61         12  0.000e+00
      98437   4101.500    100.106    100.883     9.8689     9.8707  36.970926  36.972310     9.8575     9.8593    33.9342    33.9339    26.1437    26.1432     3.8932     4.0113    118.566    122.161     1.3687     1.3382     0.0403    -0.0177     3.2332     0.0452     0.0000 -123.31986   37.74878      99.61         12  0.000e+00
      98438   4101.542    100.106    100.883     9.8691     9.8709  36.970862  36.972310     9.8577     9.8595    33.9339    33.9337    26.1435    26.1430     3.8932     4.0172    118.565    122.339     1.3687     1.3394     0.0403    -0.0177     3.2332     0.0452     0.0000 -123.31986   37.74878      99.61         12  0.000e+00
      98439   4101.583    100.106    100.883     9.8689     9.8710  36.970541  36.972502     9.8575     9.8596    33.9338    33.9338    26.1434    26.1430     3.8932     4.0171    118.566    122.339     1.3687     1.3394     0.0403    -0.0177     3.2308     0.0452     0.0000 -123.31986   37.74878      99.63         12  0.000e+00
      98440   4101.625    100.159    100.936     9.8690     9.8702  36.970477  36.972374     9.8576     9.8588    33.9337    33.9344    26.1433    26.1436     3.8933     4.0172    118.567    122.342     1.3687     1.3394     0.0403    -0.0177     3.2320     0.0452     0.0000 -123.31986   37.74878      99.61         12  0.000e+00
      98441   4101.667    100.106    100.883     9.8689     9.8696  36.970220  36.971796     9.8575     9.8582    33.9335    33.9344    26.1431    26.1438     3.8933     4.0173    118.566    122.343     1.3687     1.3394     0.0403    -0.0177     3.2320     0.0452     0.0000 -123.31986   37.74878      99.61         12  0.000e+00
      98442   4101.708    100.106    100.883     9.8689     9.8694  36.970348  36.971860     9.8575     9.8580    33.9336    33.9347    26.1432    26.1440     3.8932     4.0173    118.566    122.343     1.3687     1.3394     0.0403    -0.0177     3.2332     0.0440     0.0000 -123.31986   37.74878      99.61         12  0.000e+00
      98443   4101.750    100.106    100.883     9.8690     9.8687  36.970734  36.971732     9.8576     9.8574    33.9339    33.9352    26.1435    26.1445     3.8932     4.0173    118.566    122.344     1.3687     1.3394     0.0403    -0.0177     3.2332     0.0452     0.0000 -123.31986   37.74878      99.61         12  0.000e+00
      98444   4101.792    100.152    100.930     9.8689     9.8689  36.970798  36.971668     9.8575     9.8575    33.9340    33.9350    26.1436    26.1443     3.8933     4.0173    118.566    122.345     1.3687     1.3394     0.0403    -0.0177     3.2320     0.0452     0.0000 -123.31986   37.74878      99.63         12  0.000e+00
      98445   4101.833    100.106    100.883     9.8691     9.8691  36.970348  36.971539     9.8577     9.8577    33.9334    33.9347    26.1430    26.1440     3.8932     4.0173    118.566    122.344     1.3687     1.3394     0.0403    -0.0177     3.2332     0.0452     0.0000 -123.31986   37.74878      99.61         12  0.000e+00
      98446   4101.875    100.153    100.930     9.8691     9.8691  36.970413  36.971347     9.8577     9.8577    33.9335    33.9344    26.1431    26.1439     3.8933     4.0115    118.566    122.166     1.3687     1.3382     0.0403    -0.0177     3.2320     0.0452     0.0000 -123.31986   37.74878      99.61         12  0.000e+00
      98447   4101.917    100.060    100.836     9.8689     9.8687  36.970476  36.971796     9.8575     9.8574    33.9337    33.9353    26.1433    26.1445     3.8932     4.0173    118.565    122.344     1.3687     1.3394     0.0403    -0.0177     3.2320     0.0464     0.0000 -123.31986   37.74878      99.61         12  0.000e+00
