WCOA/WCOA-6/CTD_Data/RB2102_CTD_108_01.ros
* Sea-Bird SBE 9 Data File:
* FileName = C:\Users\scs.user.rb\CTD\RB2102\Data\RB2102_CTD_108_01.hex
* Software Version Seasave V 7.26.7.107
* Temperature SN = 6202
* Conductivity SN = 4907
* Number of Bytes Per Scan = 41
* Number of Voltage Words = 4
* Number of Scans Averaged by the Deck Unit = 1
* NMEA Latitude = 34 38.57 N
* NMEA Longitude = 123 21.84 W
* NMEA UTC (Time) = Jul 16 2021  15:18:13
* NMEA baud rate = 4800
# nquan = 30
# nvalues = 1176                                  
# units = specified
# name 0 = scan: Scan Count
# name 1 = timeS: Time, Elapsed [seconds]
# name 2 = depSM: Depth [salt water, m]
# name 3 = prDM: Pressure, Digiquartz [db]
# name 4 = t090C: Temperature [ITS-90, deg C]
# name 5 = t190C: Temperature, 2 [ITS-90, deg C]
# name 6 = c0mS/cm: Conductivity [mS/cm]
# name 7 = c1mS/cm: Conductivity, 2 [mS/cm]
# name 8 = potemp090C: Potential Temperature [ITS-90, deg C]
# name 9 = potemp190C: Potential Temperature, 2 [ITS-90, deg C]
# name 10 = sal00: Salinity, Practical [PSU]
# name 11 = sal11: Salinity, Practical, 2 [PSU]
# name 12 = sigma-é00: Density [sigma-theta, kg/m^3]
# name 13 = sigma-é11: Density, 2 [sigma-theta, kg/m^3]
# name 14 = sbeox0Mg/L: Oxygen, SBE 43 [mg/l]
# name 15 = sbeox1Mg/L: Oxygen, SBE 43, 2 [mg/l]
# name 16 = sbox0Mm/Kg: Oxygen, SBE 43 [umol/kg]
# name 17 = sbox1Mm/Kg: Oxygen, SBE 43, 2 [umol/kg]
# name 18 = sbeox0V: Oxygen raw, SBE 43 [V]
# name 19 = sbeox1V: Oxygen raw, SBE 43, 2 [V]
# name 20 = v4: Voltage 4
# name 21 = flECO-AFL: Fluorescence, WET Labs ECO-AFL/FL [mg/m^3]
# name 22 = v3: Voltage 3
# name 23 = v6: Voltage 6
# name 24 = v7: Voltage 7
# name 25 = longitude: Longitude [deg]
# name 26 = latitude: Latitude [deg]
# name 27 = altM: Altimeter [m]
# name 28 = nbf: Bottles Fired
# name 29 = flag:  0.000e+00
# interval = seconds: 0.0416667
# start_time = Jul 16 2021 15:18:13 [NMEA time, header]
# bad_flag = -9.990e-29
*END*
[from data line 967]
     315764  13156.792     29.958     30.177    12.8547    12.8757  38.353858  38.370861    12.8507    12.8717    32.6341    32.6321    24.5898    24.5842     8.7240     8.9292    266.087    272.345     2.5995     2.4957     0.0708     0.7455     3.1929     0.0904     0.0000 -123.36878   34.64230      99.66         20  0.000e+00
     315765  13156.833     29.858     30.077    12.8547    12.8718  38.353923  38.364930    12.8507    12.8679    32.6342    32.6298    24.5899    24.5831     8.7239     8.9245    266.083    272.202     2.5995     2.4945     0.0708     0.7455     3.1929     0.0904     0.0000 -123.36878   34.64230      99.66         20  0.000e+00
     315766  13156.875     29.957     30.177    12.8568    12.8666  38.355358  38.360239    12.8528    12.8626    32.6337    32.6298    24.5890    24.5842     8.7186     8.9256    265.921    272.237     2.5983     2.4945     0.0708     0.7455     3.1929     0.0891     0.0000 -123.36878   34.64230      99.66         20  0.000e+00
     315767  13156.917     29.957     30.177    12.8582    12.8623  38.356597  38.358285    12.8542    12.8583    32.6336    32.6317    24.5887    24.5865     8.7183     8.9264    265.914    272.259     2.5983     2.4945     0.0708     0.7455     3.1941     0.0904     0.0000 -123.36878   34.64230      99.66         20  0.000e+00
     315768  13156.958     29.957     30.176    12.8587    12.8595  38.358096  38.356916    12.8547    12.8555    32.6347    32.6328    24.5895    24.5878     8.7182     8.9269    265.909    272.274     2.5983     2.4945     0.0708     0.7455     3.1929     0.0904     0.0000 -123.36878   34.64230      99.66         20  0.000e+00
     315769  13157.000     29.904     30.123    12.8594    12.8568  38.358226  38.357112    12.8554    12.8528    32.6342    32.6354    24.5890    24.5904     8.7180     8.9272    265.904    272.284     2.5983     2.4945     0.0708     0.7455     3.1929     0.0904     0.0000 -123.36878   34.64230      99.66         20  0.000e+00
     315770  13157.042     30.004     30.223    12.8589    12.8541  38.358357  38.357308    12.8549    12.8501    32.6347    32.6379    24.5895    24.5928     8.7182     8.9277    265.909    272.298     2.5983     2.4945     0.0708     0.7455     3.1941     0.0904     0.0000 -123.36878   34.64230      99.66         20  0.000e+00
     315771  13157.083     29.957     30.176    12.8585    12.8527  38.358487  38.356983    12.8545    12.8487    32.6352    32.6388    24.5899    24.5938     8.7132     8.9279    265.755    272.304     2.5971     2.4945     0.0708     0.7455     3.1917     0.0891     0.0000 -123.36878   34.64230      99.63         20  0.000e+00
     315772  13157.125     29.957     30.176    12.8597    12.8519  38.359726  38.356135    12.8557    12.8479    32.6354    32.6386    24.5898    24.5938     8.7129     8.9281    265.749    272.308     2.5971     2.4945     0.0708     0.7455     3.1917     0.0904     0.0000 -123.36878   34.64230      99.66         20  0.000e+00
     315773  13157.167     29.957     30.176    12.8610    12.8511  38.361421  38.354897    12.8570    12.8471    32.6358    32.6382    24.5899    24.5937     8.7127     8.9282    265.740    272.314     2.5971     2.4945     0.0708     0.7455     3.1929     0.0904     0.0000 -123.36878   34.64230      99.66         20  0.000e+00
     315774  13157.208     29.957     30.176    12.8629    12.8503  38.363834  38.354832    12.8589    12.8463    32.6365    32.6389    24.5900    24.5943     8.7123     8.9284    265.728    272.318     2.5971     2.4945     0.0708     0.7455     3.1917     0.0904     0.0000 -123.36878   34.64230      99.66         20  0.000e+00
     315775  13157.250     30.003     30.223    12.8640    12.8498  38.363117  38.355419    12.8600    12.8458    32.6348    32.6398    24.5885    24.5952     8.7122     8.9285    265.727    272.321     2.5971     2.4945     0.0708     0.7455     3.1929     0.0891     0.0000 -123.36878   34.64230      99.66         20  0.000e+00
     315776  13157.292     30.003     30.223    12.8655    12.8496  38.363573  38.356071    12.8615    12.8456    32.6339    32.6406    24.5875    24.5958     8.7120     8.9285    265.720    272.320     2.5971     2.4945     0.0708     0.7455     3.1941     0.0904     0.0000 -123.36878   34.64230      99.66         20  0.000e+00
     318453  13268.833     19.968     20.113    14.1351    14.1305  39.722225  39.717369    14.1323    14.1276    32.8188    32.8183    24.4746    24.4751     8.4810     8.7073    258.703    265.607     2.6020     2.5055     0.0659     0.6234     3.1893     0.0745     0.0000 -123.36880   34.64230      99.66         21  0.000e+00
     318454  13268.875     20.060     20.207    14.1351    14.1305  39.722225  39.717105    14.1323    14.1276    32.8188    32.8180    24.4745    24.4749     8.4762     8.7075    258.556    265.611     2.6007     2.5055     0.0659     0.6234     3.1917     0.0733     0.0000 -123.36880   34.64230      99.66         21  0.000e+00
     318455  13268.917     19.921     20.066    14.1348    14.1303  39.722687  39.716708    14.1319    14.1275    32.8195    32.8178    24.4752    24.4748     8.4761     8.7073    258.552    265.607     2.6007     2.5055     0.0659     0.6234     3.1905     0.0733     0.0000 -123.36880   34.64230      99.66         21  0.000e+00
     318456  13268.958     19.961     20.106    14.1348    14.1298  39.722291  39.716576    14.1319    14.1269    32.8191    32.8182    24.4749    24.4752     8.4810     8.7075    258.704    265.611     2.6020     2.5055     0.0659     0.6234     3.1917     0.0733     0.0000 -123.36880   34.64230      99.66         21  0.000e+00
     318457  13269.000     19.961     20.106    14.1348    14.1298  39.722423  39.717369    14.1319    14.1270    32.8193    32.8188    24.4750    24.4757     8.4810     8.7074    258.703    265.610     2.6020     2.5055     0.0659     0.6234     3.1917     0.0733     0.0000 -123.36880   34.64230      99.66         21  0.000e+00
     318458  13269.042     19.967     20.113    14.1344    14.1299  39.722093  39.716841    14.1316    14.1271    32.8193    32.8183    24.4751    24.4752     8.4811     8.7074    258.706    265.610     2.6020     2.5055     0.0659     0.6234     3.1905     0.0733     0.0000 -123.36880   34.64230      99.66         21  0.000e+00
     318459  13269.083     19.961     20.106    14.1348    14.1298  39.722092  39.716444    14.1319    14.1270    32.8190    32.8180    24.4748    24.4750     8.4810     8.7022    258.704    265.449     2.6020     2.5043     0.0659     0.6234     3.1893     0.0733     0.0000 -123.36880   34.64230      99.66         21  0.000e+00
     318460  13269.125     19.914     20.059    14.1348    14.1296  39.722687  39.717039    14.1319    14.1267    32.8195    32.8188    24.4752    24.4757     8.4809     8.7021    258.701    265.448     2.6020     2.5043     0.0659     0.6234     3.1917     0.0733     0.0000 -123.36880   34.64230      99.66         21  0.000e+00
     318461  13269.167     19.921     20.066    14.1346    14.1298  39.722291  39.717039    14.1318    14.1269    32.8193    32.8186    24.4751    24.4755     8.4810     8.7021    258.703    265.447     2.6020     2.5043     0.0659     0.6234     3.1905     0.0720     0.0000 -123.36880   34.64230      99.66         21  0.000e+00
     318462  13269.208     19.914     20.059    14.1348    14.1297  39.721762  39.716378    14.1319    14.1268    32.8187    32.8181    24.4745    24.4751     8.4810     8.7021    258.703    265.448     2.6020     2.5043     0.0659     0.6234     3.1917     0.0708     0.0000 -123.36880   34.64230      99.66         21  0.000e+00
     318463  13269.250     19.921     20.066    14.1339    14.1294  39.721762  39.716246    14.1311    14.1266    32.8194    32.8181    24.4753    24.4752     8.4811     8.7022    258.706    265.450     2.6020     2.5043     0.0659     0.6234     3.1905     0.0696     0.0000 -123.36880   34.64230      99.66         21  0.000e+00
     318464  13269.292     19.914     20.059    14.1335    14.1295  39.720770  39.715849    14.1306    14.1266    32.8189    32.8177    24.4750    24.4749     8.4812     8.7022    258.710    265.450     2.6020     2.5043     0.0659     0.6234     3.1905     0.0696     0.0000 -123.36880   34.64230      99.66         21  0.000e+00
     318465  13269.333     19.861     20.006    14.1329    14.1289  39.719646  39.716312    14.1301    14.1261    32.8183    32.8187    24.4746    24.4757     8.4813     8.7022    258.712    265.450     2.6020     2.5043     0.0659     0.6234     3.1905     0.0684     0.0000 -123.36880   34.64230      99.66         21  0.000e+00
     318466  13269.375     19.921     20.066    14.1322    14.1291  39.718985  39.717568    14.1294    14.1263    32.8183    32.8196    24.4748    24.4764     8.4815     8.7021    258.717    265.449     2.6020     2.5043     0.0659     0.6234     3.1905     0.0684     0.0000 -123.36880   34.64230      99.66         21  0.000e+00
     318467  13269.417     19.861     20.006    14.1322    14.1299  39.719514  39.718955    14.1294    14.1271    32.8188    32.8202    24.4751    24.4768     8.4814     8.7019    258.715    265.441     2.6020     2.5043     0.0659     0.6234     3.1905     0.0684     0.0000 -123.36880   34.64230      99.68         21  0.000e+00
     318468  13269.458     19.815     19.959    14.1331    14.1309  39.720770  39.719880    14.1303    14.1281    32.8192    32.8203    24.4753    24.4766     8.4811     8.7017    258.708    265.434     2.6020     2.5043     0.0659     0.6234     3.1917     0.0684     0.0000 -123.36880   34.64230      99.66         21  0.000e+00
     318469  13269.500     19.874     20.019    14.1335    14.1318  39.721167  39.720210    14.1306    14.1290    32.8193    32.8198    24.4753    24.4760     8.4812     8.7016    258.708    265.431     2.6020     2.5043     0.0659     0.6234     3.1917     0.0696     0.0000 -123.36880   34.64230      99.66         21  0.000e+00
     318470  13269.542     19.861     20.006    14.1335    14.1322  39.720968  39.719285    14.1306    14.1293    32.8191    32.8187    24.4751    24.4751     8.4811     8.7016    258.708    265.431     2.6020     2.5043     0.0659     0.6234     3.1905     0.0684     0.0000 -123.36880   34.64230      99.66         21  0.000e+00
     318471  13269.583     19.821     19.966    14.1331    14.1317  39.720307  39.718492    14.1303    14.1288    32.8188    32.8183    24.4750    24.4749     8.4763     8.6963    258.559    265.271     2.6007     2.5031     0.0659     0.6234     3.1905     0.0684     0.0000 -123.36880   34.64230      99.66         21  0.000e+00
     318472  13269.625     19.861     20.006    14.1328    14.1311  39.720307  39.718030    14.1299    14.1283    32.8191    32.8184    24.4753    24.4751     8.4813     8.7018    258.711    265.438     2.6020     2.5043     0.0659     0.6234     3.1905     0.0672     0.0000 -123.36880   34.64230      99.66         21  0.000e+00
     318473  13269.667     19.814     19.959    14.1326    14.1307  39.719646  39.717435    14.1298    14.1278    32.8186    32.8182    24.4750    24.4750     8.4813     8.7018    258.711    265.439     2.6020     2.5043     0.0659     0.6234     3.1905     0.0672     0.0000 -123.36880   34.64230      99.66         21  0.000e+00
     318474  13269.708     19.775     19.919    14.1322    14.1306  39.719447  39.717104    14.1294    14.1278    32.8188    32.8180    24.4751    24.4749     8.4764     8.7018    258.562    265.438     2.6007     2.5043     0.0659     0.6234     3.1905     0.0672     0.0000 -123.36880   34.64230      99.66         21  0.000e+00
     318475  13269.750     19.861     20.006    14.1319    14.1305  39.719117  39.717699    14.1291    14.1277    32.8187    32.8186    24.4752    24.4754     8.4765     8.7019    258.567    265.441     2.6007     2.5043     0.0659     0.6234     3.1905     0.0672     0.0000 -123.36880   34.64230      99.66         21  0.000e+00
     318476  13269.792     19.768     19.912    14.1321    14.1309  39.719249  39.717699    14.1293    14.1281    32.8187    32.8183    24.4751    24.4750     8.4764     8.7017    258.563    265.436     2.6007     2.5043     0.0659     0.6234     3.1905     0.0659     0.0000 -123.36880   34.64230      99.66         21  0.000e+00
     318477  13269.833     19.821     19.965    14.1328    14.1308  39.719910  39.717104    14.1299    14.1280    32.8187    32.8178    24.4750    24.4747     8.4763     8.7018    258.561    265.439     2.6007     2.5043     0.0659     0.6234     3.1905     0.0659     0.0000 -123.36880   34.64230      99.68         21  0.000e+00
     318478  13269.875     19.768     19.912    14.1329    14.1303  39.720439  39.716972    14.1301    14.1275    32.8191    32.8181    24.4752    24.4750     8.4762     8.7018    258.558    265.440     2.6007     2.5043     0.0672     0.6539     3.1905     0.0659     0.0000 -123.36880   34.64230      99.66         21  0.000e+00
     318479  13269.917     19.814     19.959    14.1336    14.1305  39.719976  39.716774    14.1308    14.1276    32.8181    32.8178    24.4743    24.4748     8.4762     8.7019    258.558    265.441     2.6007     2.5043     0.0672     0.6539     3.1905     0.0684     0.0000 -123.36880   34.64230      99.66         21  0.000e+00
     318480  13269.958     19.774     19.919    14.1333    14.1303  39.720240  39.717633    14.1305    14.1275    32.8186    32.8187    24.4748    24.4755     8.4762     8.7018    258.557    265.439     2.6007     2.5043     0.0672     0.6539     3.1905     0.0684     0.0000 -123.36880   34.64230      99.66         21  0.000e+00
     318481  13270.000     19.768     19.912    14.1336    14.1305  39.720968  39.718228    14.1308    14.1276    32.8190    32.8192    24.4751    24.4758     8.4761     8.7018    258.555    265.437     2.6007     2.5043     0.0672     0.6539     3.1905     0.0672     0.0000 -123.36880   34.64230      99.66         21  0.000e+00
     318482  13270.042     19.774     19.919    14.1335    14.1307  39.720571  39.718360    14.1306    14.1278    32.8188    32.8191    24.4749    24.4757     8.4762     8.7070    258.556    265.598     2.6007     2.5055     0.0659     0.6234     3.1917     0.0659     0.0000 -123.36880   34.64230      99.66         21  0.000e+00
     318483  13270.083     19.768     19.912    14.1329    14.1306  39.720241  39.718029    14.1301    14.1278    32.8189    32.8188    24.4751    24.4755     8.4714     8.7071    258.409    265.599     2.5995     2.5055     0.0672     0.6539     3.1893     0.0659     0.0000 -123.36880   34.64230      99.66         21  0.000e+00
     318484  13270.125     19.768     19.912    14.1333    14.1306  39.720902  39.718096    14.1305    14.1278    32.8192    32.8189    24.4753    24.4756     8.4762     8.7071    258.556    265.598     2.6007     2.5055     0.0659     0.6234     3.1917     0.0659     0.0000 -123.36880   34.64230      99.66         21  0.000e+00
     318485  13270.167     19.721     19.865    14.1335    14.1310  39.721166  39.717963    14.1306    14.1282    32.8193    32.8185    24.4753    24.4751     8.4761     8.7069    258.553    265.595     2.6007     2.5055     0.0672     0.6539     3.1917     0.0659     0.0000 -123.36880   34.64230      99.66         21  0.000e+00
     318486  13270.208     19.768     19.912    14.1340    14.1308  39.721364  39.718492    14.1311    14.1280    32.8191    32.8191    24.4750    24.4757     8.4761     8.7070    258.553    265.597     2.6007     2.5055     0.0659     0.6234     3.1917     0.0659     0.0000 -123.36880   34.64230      99.66         21  0.000e+00
     318487  13270.250     19.768     19.912    14.1343    14.1307  39.721827  39.718426    14.1314    14.1278    32.8192    32.8192    24.4751    24.4758     8.4760     8.7070    258.551    265.598     2.6007     2.5055     0.0672     0.6539     3.1893     0.0659     0.0000 -123.36880   34.64230      99.66         21  0.000e+00
