WCOA/WCOA-6/CTD_Data/RB2102_CTD_118_01.ros
* Sea-Bird SBE 9 Data File:
* FileName = C:\Users\scs.user.rb\CTD\RB2102\Data\RB2102_CTD_118_01.hex
* Software Version Seasave V 7.26.7.107
* Temperature SN = 6202
* Conductivity SN = 4907
* Number of Bytes Per Scan = 41
* Number of Voltage Words = 4
* Number of Scans Averaged by the Deck Unit = 1
* NMEA Latitude = 34 22.91 N
* NMEA Longitude = 120 17.02 W
* NMEA UTC (Time) = Jul 19 2021  00:40:08
* NMEA baud rate = 4800
# nquan = 30
# nvalues = 931                                   
# units = specified
# name 0 = scan: Scan Count
# name 1 = timeS: Time, Elapsed [seconds]
# name 2 = depSM: Depth [salt water, m]
# name 3 = prDM: Pressure, Digiquartz [db]
# name 4 = t090C: Temperature [ITS-90, deg C]
# name 5 = t190C: Temperature, 2 [ITS-90, deg C]
# name 6 = c0mS/cm: Conductivity [mS/cm]
# name 7 = c1mS/cm: Conductivity, 2 [mS/cm]
# name 8 = potemp090C: Potential Temperature [ITS-90, deg C]
# name 9 = potemp190C: Potential Temperature, 2 [ITS-90, deg C]
# name 10 = sal00: Salinity, Practical [PSU]
# name 11 = sal11: Salinity, Practical, 2 [PSU]
# name 12 = sigma-é00: Density [sigma-theta, kg/m^3]
# name 13 = sigma-é11: Density, 2 [sigma-theta, kg/m^3]
# name 14 = sbeox0Mg/L: Oxygen, SBE 43 [mg/l]
# name 15 = sbeox1Mg/L: Oxygen, SBE 43, 2 [mg/l]
# name 16 = sbox0Mm/Kg: Oxygen, SBE 43 [umol/kg]
# name 17 = sbox1Mm/Kg: Oxygen, SBE 43, 2 [umol/kg]
# name 18 = sbeox0V: Oxygen raw, SBE 43 [V]
# name 19 = sbeox1V: Oxygen raw, SBE 43, 2 [V]
# name 20 = v4: Voltage 4
# name 21 = flECO-AFL: Fluorescence, WET Labs ECO-AFL/FL [mg/m^3]
# name 22 = v3: Voltage 3
# name 23 = v6: Voltage 6
# name 24 = v7: Voltage 7
# name 25 = longitude: Longitude [deg]
# name 26 = latitude: Latitude [deg]
# name 27 = altM: Altimeter [m]
# name 28 = nbf: Bottles Fired
# name 29 = flag:  0.000e+00
# interval = seconds: 0.0416667
# start_time = Jul 19 2021 00:40:08 [NMEA time, header]
# bad_flag = -9.990e-29
*END*
[from data line 629]
      45670   1902.875     49.402     49.765    11.7036    11.7049  38.309876  38.311788    11.6974    11.6986    33.6014    33.6022    25.5595    25.5599     5.8062     5.4170    176.924    165.063     1.8632     1.6850     0.0647     0.5928     3.1722     0.0269     0.0000 -120.28364   34.38100      99.34         13  0.000e+00
      45671   1902.917     49.402     49.765    11.7036    11.7047  38.309941  38.311788    11.6974    11.6984    33.6015    33.6023    25.5596    25.5600     5.8062     5.4170    176.924    165.064     1.8632     1.6850     0.0647     0.5928     3.1722     0.0269     0.0000 -120.28364   34.38100      99.24         13  0.000e+00
      45672   1902.958     49.428     49.791    11.7038    11.7047  38.310789  38.311397    11.6975    11.6985    33.6021    33.6019    25.5600    25.5597     5.8062     5.4170    176.923    165.065     1.8632     1.6850     0.0647     0.5928     3.1697     0.0269     0.0000 -120.28364   34.38100      74.53         13  0.000e+00
      45673   1903.000     49.402     49.765    11.7036    11.7045  38.310267  38.311918    11.6974    11.6982    33.6018    33.6026    25.5598    25.5603     5.8062     5.4170    176.924    165.064     1.8632     1.6850     0.0647     0.5928     3.1709     0.0269     0.0000 -120.28364   34.38100      59.27         13  0.000e+00
      45674   1903.042     49.402     49.765    11.7036    11.7045  38.310202  38.311853    11.6974    11.6983    33.6017    33.6025    25.5598    25.5602     5.8062     5.4170    176.924    165.064     1.8632     1.6850     0.0647     0.5928     3.1697     0.0269     0.0000 -120.28364   34.38100      57.56         13  0.000e+00
      45675   1903.083     49.402     49.765    11.7038    11.7045  38.310528  38.311658    11.6975    11.6982    33.6019    33.6024    25.5599    25.5601     5.8062     5.4170    176.923    165.064     1.8632     1.6850     0.0647     0.5928     3.1709     0.0269     0.0000 -120.28364   34.38100      58.95         13  0.000e+00
      45676   1903.125     49.382     49.745    11.7036    11.7047  38.310137  38.311267    11.6974    11.6985    33.6017    33.6018    25.5597    25.5596     5.8062     5.4170    176.923    165.064     1.8632     1.6850     0.0647     0.5928     3.1697     0.0269     0.0000 -120.28364   34.38100      59.58         13  0.000e+00
      45677   1903.167     49.449     49.812    11.7036    11.7044  38.310202  38.311332    11.6974    11.6981    33.6017    33.6021    25.5598    25.5600     5.8062     5.4170    176.925    165.066     1.8632     1.6850     0.0635     0.5623     3.1709     0.0269     0.0000 -120.28364   34.38100      69.30         13  0.000e+00
      47795   1991.417     39.756     40.047    12.0976    12.0959  38.651971  38.653027    12.0925    12.0907    33.5828    33.5854    25.4710    25.4734     6.1735     5.7621    188.132    175.596     1.9646     1.7729     0.0806     0.9897     3.1697     0.0244     0.0000 -120.28362   34.38092      99.32         14  0.000e+00
      47796   1991.458     39.703     39.993    12.0977    12.0967  38.652625  38.653550    12.0926    12.0916    33.5834    33.5852    25.4714    25.4730     6.1734     5.7620    188.129    175.592     1.9646     1.7729     0.0806     0.9897     3.1697     0.0244     0.0000 -120.28362   34.38092      99.32         14  0.000e+00
      47797   1991.500     39.901     40.193    12.0978    12.0974  38.652364  38.653747    12.0926    12.0922    33.5830    33.5847    25.4711    25.4725     6.1736     5.7621    188.134    175.594     1.9646     1.7729     0.0806     0.9897     3.1709     0.0244     0.0000 -120.28362   34.38092      99.32         14  0.000e+00
      47798   1991.542     39.756     40.047    12.0976    12.0975  38.651906  38.653942    12.0924    12.0924    33.5828    33.5848    25.4710    25.4726     6.1684     5.7675    187.977    175.759     1.9634     1.7741     0.0806     0.9897     3.1697     0.0244     0.0000 -120.28362   34.38092      99.32         14  0.000e+00
      47799   1991.583     39.802     40.093    12.0976    12.0980  38.652102  38.654073    12.0924    12.0929    33.5829    33.5845    25.4711    25.4722     6.1735     5.7619    188.133    175.590     1.9646     1.7729     0.0806     0.9897     3.1697     0.0244     0.0000 -120.28362   34.38092      99.32         14  0.000e+00
      47800   1991.625     39.802     40.093    12.0974    12.0980  38.651972  38.654138    12.0922    12.0929    33.5830    33.5845    25.4712    25.4723     6.1735     5.7619    188.134    175.590     1.9646     1.7729     0.0806     0.9897     3.1685     0.0244     0.0000 -120.28362   34.38092      99.32         14  0.000e+00
      47801   1991.667     39.802     40.093    12.0978    12.0983  38.651841  38.654334    12.0926    12.0931    33.5825    33.5845    25.4708    25.4722     6.1735     5.7619    188.133    175.589     1.9646     1.7729     0.0806     0.9897     3.1697     0.0244     0.0000 -120.28362   34.38092      99.32         14  0.000e+00
      47802   1991.708     39.756     40.047    12.0976    12.0985  38.651121  38.653877    12.0924    12.0934    33.5821    33.5838    25.4704    25.4716     6.1735     5.7618    188.133    175.588     1.9646     1.7729     0.0806     0.9897     3.1697     0.0244     0.0000 -120.28362   34.38092      99.32         14  0.000e+00
      47803   1991.750     39.802     40.093    12.0976    12.0985  38.650598  38.653223    12.0924    12.0934    33.5815    33.5832    25.4700    25.4711     6.1736     5.7619    188.135    175.590     1.9646     1.7729     0.0806     0.9897     3.1709     0.0244     0.0000 -120.28362   34.38092      99.32         14  0.000e+00
      47804   1991.792     39.802     40.093    12.0962    12.0984  38.650010  38.652766    12.0911    12.0932    33.5822    33.5829    25.4708    25.4709     6.1737     5.7619    188.140    175.591     1.9646     1.7729     0.0794     0.9591     3.1709     0.0232     0.0000 -120.28362   34.38092      99.32         14  0.000e+00
      47805   1991.833     39.802     40.094    12.0953    12.0980  38.649356  38.652700    12.0901    12.0929    33.5824    33.5832    25.4711    25.4712     6.1738     5.7620    188.143    175.592     1.9646     1.7729     0.0806     0.9897     3.1697     0.0244     0.0000 -120.28362   34.38092      99.32         14  0.000e+00
      47806   1991.875     39.756     40.047    12.0945    12.0977  38.649159  38.652765    12.0894    12.0926    33.5829    33.5835    25.4716    25.4715     6.1739     5.7620    188.144    175.591     1.9646     1.7729     0.0806     0.9897     3.1709     0.0244     0.0000 -120.28362   34.38092      99.32         14  0.000e+00
      47807   1991.917     39.802     40.094    12.0940    12.0972  38.648963  38.651981    12.0888    12.0921    33.5832    33.5832    25.4720    25.4714     6.1740     5.7621    188.147    175.595     1.9646     1.7729     0.0806     0.9897     3.1697     0.0244     0.0000 -120.28362   34.38092      99.32         14  0.000e+00
      47808   1991.958     39.849     40.140    12.0932    12.0965  38.648506  38.651720    12.0881    12.0914    33.5834    33.5835    25.4723    25.4718     6.1741     5.7622    188.151    175.598     1.9646     1.7729     0.0806     0.9897     3.1697     0.0244     0.0000 -120.28362   34.38092      99.32         14  0.000e+00
      47809   1992.000     39.743     40.034    12.0927    12.0963  38.648440  38.651720    12.0876    12.0912    33.5838    33.5837    25.4727    25.4720     6.1741     5.7621    188.150    175.596     1.9646     1.7729     0.0806     0.9897     3.1697     0.0244     0.0000 -120.28362   34.38092      99.32         14  0.000e+00
      47810   1992.042     39.802     40.094    12.0926    12.0960  38.648244  38.651720    12.0875    12.0909    33.5837    33.5840    25.4726    25.4722     6.1741     5.7622    188.152    175.598     1.9646     1.7729     0.0794     0.9591     3.1697     0.0244     0.0000 -120.28362   34.38092      99.32         14  0.000e+00
      47811   1992.083     39.802     40.094    12.0932    12.0955  38.648637  38.651720    12.0881    12.0904    33.5835    33.5844    25.4724    25.4727     6.1741     5.7623    188.150    175.600     1.9646     1.7729     0.0794     0.9591     3.1697     0.0232     0.0000 -120.28362   34.38092      99.32         14  0.000e+00
      47812   1992.125     39.756     40.047    12.0936    12.0954  38.648309  38.652047    12.0885    12.0902    33.5829    33.5849    25.4718    25.4731     6.1791     5.7622    188.303    175.599     1.9658     1.7729     0.0794     0.9591     3.1697     0.0244     0.0000 -120.28362   34.38092      99.32         14  0.000e+00
      47813   1992.167     39.803     40.094    12.0939    12.0952  38.648636  38.651785    12.0887    12.0900    33.5829    33.5848    25.4718    25.4730     6.1791     5.7567    188.303    175.432     1.9658     1.7717     0.0794     0.9591     3.1697     0.0244     0.0000 -120.28362   34.38092      99.32         14  0.000e+00
      47814   1992.208     39.803     40.094    12.0940    12.0949  38.648309  38.651197    12.0888    12.0897    33.5825    33.5845    25.4715    25.4729     6.1740     5.7623    188.148    175.602     1.9646     1.7729     0.0794     0.9591     3.1685     0.0244     0.0000 -120.28362   34.38092      99.32         14  0.000e+00
      47815   1992.250     39.756     40.047    12.0939    12.0944  38.647917  38.651524    12.0887    12.0892    33.5823    33.5853    25.4713    25.4736     6.1740     5.7623    188.148    175.602     1.9646     1.7729     0.0794     0.9591     3.1709     0.0232     0.0000 -120.28362   34.38092      99.32         14  0.000e+00
      47816   1992.292     39.803     40.094    12.0929    12.0944  38.647002  38.652178    12.0878    12.0892    33.5822    33.5859    25.4714    25.4740     6.1742     5.7623    188.153    175.603     1.9646     1.7729     0.0794     0.9591     3.1697     0.0232     0.0000 -120.28362   34.38092      99.32         14  0.000e+00
      47817   1992.333     39.756     40.047    12.0921    12.0947  38.646544  38.653158    12.0869    12.0895    33.5826    33.5866    25.4719    25.4745     6.1742     5.7622    188.155    175.599     1.9646     1.7729     0.0794     0.9591     3.1709     0.0244     0.0000 -120.28362   34.38092      99.32         14  0.000e+00
      47818   1992.375     39.803     40.094    12.0916    12.0962  38.645890  38.653877    12.0865    12.0911    33.5823    33.5859    25.4718    25.4737     6.1743     5.7621    188.158    175.595     1.9646     1.7729     0.0794     0.9591     3.1697     0.0244     0.0000 -120.28362   34.38092      99.32         14  0.000e+00
      47819   1992.417     39.756     40.047    12.0914    12.0974  38.645563  38.654400    12.0863    12.0922    33.5822    33.5854    25.4717    25.4731     6.1743     5.7619    188.158    175.590     1.9646     1.7729     0.0794     0.9591     3.1685     0.0244     0.0000 -120.28362   34.38092      99.32         14  0.000e+00
      47820   1992.458     39.803     40.094    12.0911    12.0985  38.645432  38.655184    12.0860    12.0934    33.5823    33.5851    25.4718    25.4726     6.1744     5.7563    188.160    175.418     1.9646     1.7717     0.0794     0.9591     3.1697     0.0244     0.0000 -120.28362   34.38092      99.32         14  0.000e+00
      47821   1992.500     39.756     40.047    12.0907    12.0995  38.645694  38.656164    12.0856    12.0944    33.5829    33.5852    25.4724    25.4725     6.1795     5.7617    188.315    175.582     1.9658     1.7729     0.0794     0.9591     3.1697     0.0244     0.0000 -120.28362   34.38092      99.32         14  0.000e+00
      47822   1992.542     39.803     40.094    12.0909    12.1005  38.646021  38.656622    12.0858    12.0954    33.5831    33.5847    25.4725    25.4719     6.1795     5.7616    188.315    175.580     1.9658     1.7729     0.0794     0.9591     3.1709     0.0244     0.0000 -120.28362   34.38092      99.32         14  0.000e+00
      47823   1992.583     39.756     40.047    12.0911    12.1015  38.646086  38.656752    12.0860    12.0964    33.5829    33.5839    25.4723    25.4712     6.1743     5.7615    188.158    175.576     1.9646     1.7729     0.0794     0.9591     3.1697     0.0244     0.0000 -120.28362   34.38092      99.32         14  0.000e+00
      47824   1992.625     39.756     40.047    12.0914    12.1021  38.646086  38.656818    12.0863    12.0969    33.5827    33.5835    25.4721    25.4707     6.1743     5.7559    188.157    175.405     1.9646     1.7717     0.0794     0.9591     3.1697     0.0244     0.0000 -120.28362   34.38092      99.32         14  0.000e+00
      47825   1992.667     39.756     40.047    12.0913    12.1022  38.646348  38.656295    12.0862    12.0970    33.5830    33.5829    25.4724    25.4702     6.1743     5.7614    188.157    175.575     1.9646     1.7729     0.0794     0.9591     3.1697     0.0244     0.0000 -120.28362   34.38092      99.32         14  0.000e+00
      47826   1992.708     39.756     40.047    12.0912    12.1022  38.645955  38.656099    12.0861    12.0970    33.5827    33.5827    25.4722    25.4701     6.1743     5.7559    188.158    175.406     1.9646     1.7717     0.0794     0.9591     3.1685     0.0244     0.0000 -120.28362   34.38092      99.32         14  0.000e+00
      47827   1992.750     39.756     40.047    12.0910    12.1019  38.646282  38.656295    12.0859    12.0967    33.5833    33.5832    25.4726    25.4705     6.1743     5.7559    188.158    175.406     1.9646     1.7717     0.0794     0.9591     3.1697     0.0244     0.0000 -120.28362   34.38092      99.32         14  0.000e+00
      47828   1992.792     39.757     40.047    12.0902    12.1013  38.645694  38.656164    12.0851    12.0961    33.5834    33.5836    25.4728    25.4709     6.1744     5.7615    188.161    175.577     1.9646     1.7729     0.0794     0.9591     3.1697     0.0244     0.0000 -120.28362   34.38092      99.32         14  0.000e+00
      47829   1992.833     39.757     40.047    12.0897    12.1015  38.645432  38.655837    12.0845    12.0964    33.5836    33.5831    25.4731    25.4705     6.1745     5.7559    188.163    175.408     1.9646     1.7717     0.0794     0.9591     3.1697     0.0244     0.0000 -120.28362   34.38092      99.32         14  0.000e+00
      47830   1992.875     39.704     39.994    12.0889    12.1014  38.645694  38.655772    12.0838    12.0962    33.5846    33.5831    25.4740    25.4706     6.1796     5.7559    188.319    175.407     1.9658     1.7717     0.0794     0.9591     3.1685     0.0232     0.0000 -120.28362   34.38092      99.32         14  0.000e+00
      47831   1992.917     39.757     40.047    12.0885    12.1009  38.645301  38.655249    12.0834    12.0957    33.5845    33.5831    25.4741    25.4706     6.1746     5.7560    188.166    175.411     1.9646     1.7717     0.0794     0.9591     3.1709     0.0232     0.0000 -120.28362   34.38092      99.32         14  0.000e+00
      47832   1992.958     39.757     40.047    12.0868    12.1005  38.644582  38.655314    12.0816    12.0954    33.5854    33.5834    25.4751    25.4709     6.1748     5.7561    188.172    175.411     1.9646     1.7717     0.0794     0.9591     3.1697     0.0232     0.0000 -120.28362   34.38092      99.32         14  0.000e+00
      47833   1993.000     39.704     39.994    12.0848    12.0998  38.644190  38.655641    12.0796    12.0947    33.5869    33.5844    25.4766    25.4718     6.1750     5.7561    188.177    175.412     1.9646     1.7717     0.0794     0.9591     3.1685     0.0232     0.0000 -120.28362   34.38092      99.32         14  0.000e+00
