WCOA/WCOA-6/CTD_Data/RB2102_CTD_060_01.ros
* Sea-Bird SBE 9 Data File:
* FileName = C:\Users\scs.user.rb\CTD\RB2102\Data\RB2102_CTD_060_01.hex
* Software Version Seasave V 7.26.7.107
* Temperature SN = 6202
* Conductivity SN = 4907
* Number of Bytes Per Scan = 41
* Number of Voltage Words = 4
* Number of Scans Averaged by the Deck Unit = 1
* NMEA Latitude = 41 43.01 N
* NMEA Longitude = 125 39.36 W
* NMEA UTC (Time) = Jul 06 2021  03:01:18
* NMEA baud rate = 4800
# nquan = 30
# nvalues = 1176                                  
# units = specified
# name 0 = scan: Scan Count
# name 1 = timeS: Time, Elapsed [seconds]
# name 2 = depSM: Depth [salt water, m]
# name 3 = prDM: Pressure, Digiquartz [db]
# name 4 = t090C: Temperature [ITS-90, deg C]
# name 5 = t190C: Temperature, 2 [ITS-90, deg C]
# name 6 = c0mS/cm: Conductivity [mS/cm]
# name 7 = c1mS/cm: Conductivity, 2 [mS/cm]
# name 8 = potemp090C: Potential Temperature [ITS-90, deg C]
# name 9 = potemp190C: Potential Temperature, 2 [ITS-90, deg C]
# name 10 = sal00: Salinity, Practical [PSU]
# name 11 = sal11: Salinity, Practical, 2 [PSU]
# name 12 = sigma-é00: Density [sigma-theta, kg/m^3]
# name 13 = sigma-é11: Density, 2 [sigma-theta, kg/m^3]
# name 14 = sbeox0Mg/L: Oxygen, SBE 43 [mg/l]
# name 15 = sbeox1Mg/L: Oxygen, SBE 43, 2 [mg/l]
# name 16 = sbox0Mm/Kg: Oxygen, SBE 43 [umol/kg]
# name 17 = sbox1Mm/Kg: Oxygen, SBE 43, 2 [umol/kg]
# name 18 = sbeox0V: Oxygen raw, SBE 43 [V]
# name 19 = sbeox1V: Oxygen raw, SBE 43, 2 [V]
# name 20 = v4: Voltage 4
# name 21 = flECO-AFL: Fluorescence, WET Labs ECO-AFL/FL [mg/m^3]
# name 22 = v3: Voltage 3
# name 23 = v6: Voltage 6
# name 24 = v7: Voltage 7
# name 25 = longitude: Longitude [deg]
# name 26 = latitude: Latitude [deg]
# name 27 = altM: Altimeter [m]
# name 28 = nbf: Bottles Fired
# name 29 = flag:  0.000e+00
# interval = seconds: 0.0416667
# start_time = Jul 06 2021 03:01:18 [NMEA time, header]
# bad_flag = -9.990e-29
*END*
[from data line 726]
     221131   9213.750     59.701     60.180    10.5007    10.5068  36.015308  36.021320    10.4938    10.4999    32.4078    32.4083    24.8453    24.8447     9.0115     9.1451    274.785    278.860     2.5482     2.4261     0.0769     0.8981     3.1538     0.0049     0.0024 -125.65864   41.71688      99.61         15  0.000e+00
     221132   9213.792     59.674     60.153    10.5008    10.5059  36.015944  36.020366    10.4939    10.4990    32.4083    32.4082    24.8457    24.8447     9.0114     9.1453    274.782    278.866     2.5482     2.4261     0.0769     0.8981     3.1538     0.0049     0.0037 -125.65864   41.71688      99.61         15  0.000e+00
     221133   9213.833     59.747     60.227    10.5010    10.5050  36.016199  36.019350    10.4940    10.4981    32.4084    32.4080    24.8457    24.8447     9.0061     9.1398    274.621    278.697     2.5470     2.4249     0.0769     0.8981     3.1526     0.0049     0.0024 -125.65864   41.71688      99.58         15  0.000e+00
     221134   9213.875     59.701     60.180    10.5013    10.5043  36.016390  36.018587    10.4944    10.4974    32.4083    32.4078    24.8456    24.8447     9.0113     9.1399    274.780    278.701     2.5482     2.4249     0.0769     0.8981     3.1538     0.0049     0.0037 -125.65864   41.71688      99.61         15  0.000e+00
     221135   9213.917     59.727     60.207    10.5018    10.5039  36.016708  36.018460    10.4949    10.4970    32.4081    32.4080    24.8454    24.8449     9.0112     9.1400    274.778    278.703     2.5482     2.4249     0.0769     0.8981     3.1551     0.0049     0.0024 -125.65864   41.71688      99.61         15  0.000e+00
     221136   9213.958     59.794     60.274    10.5021    10.5037  36.017089  36.018206    10.4952    10.4967    32.4083    32.4080    24.8454    24.8450     9.0112     9.1459    274.778    278.885     2.5482     2.4261     0.0769     0.8981     3.1551     0.0049     0.0024 -125.65864   41.71688      99.61         15  0.000e+00
     221137   9214.000     59.727     60.207    10.5023    10.5035  36.016898  36.017697    10.4954    10.4966    32.4079    32.4077    24.8451    24.8447     9.0111     9.1401    274.775    278.707     2.5482     2.4249     0.0769     0.8981     3.1551     0.0049     0.0024 -125.65864   41.71688      99.61         15  0.000e+00
     221138   9214.042     59.794     60.274    10.5023    10.5030  36.016835  36.017952    10.4954    10.4961    32.4078    32.4083    24.8451    24.8453     9.0059     9.1402    274.615    278.711     2.5470     2.4249     0.0757     0.8676     3.1538     0.0049     0.0037 -125.65864   41.71688      99.61         15  0.000e+00
     221139   9214.083     59.794     60.274    10.5024    10.5030  36.017089  36.017380    10.4955    10.4960    32.4080    32.4078    24.8452    24.8449     9.0112     9.1403    274.777    278.713     2.5482     2.4249     0.0745     0.8370     3.1551     0.0049     0.0024 -125.65864   41.71688      99.61         15  0.000e+00
     224522   9355.042     50.588     50.993    10.6566    10.6575  36.140694  36.141982    10.6507    10.6515    32.3984    32.3989    24.8111    24.8113     9.3046     9.5537    283.733    291.330     2.6252     2.5214     0.1026     1.5391     3.1538     0.0061     0.0000 -125.65886   41.71694      99.68         16  0.000e+00
     224523   9355.083     50.588     50.993    10.6567    10.6577  36.140822  36.141982    10.6508    10.6517    32.3984    32.3988    24.8111    24.8112     9.2993     9.5537    283.570    291.329     2.6239     2.5214     0.1026     1.5391     3.1551     0.0061     0.0000 -125.65886   41.71694      99.68         16  0.000e+00
     224524   9355.125     50.634     51.040    10.6571    10.6577  36.140694  36.142173    10.6512    10.6517    32.3980    32.3989    24.8107    24.8113     9.3046     9.5595    283.732    291.507     2.6252     2.5226     0.1026     1.5391     3.1526     0.0061     0.0000 -125.65886   41.71694      99.68         16  0.000e+00
     224525   9355.167     50.674     51.080    10.6568    10.6577  36.140822  36.141792    10.6508    10.6517    32.3984    32.3985    24.8110    24.8110     9.2993     9.5596    283.573    291.509     2.6239     2.5226     0.1026     1.5391     3.1538     0.0061     0.0000 -125.65886   41.71694      99.68         16  0.000e+00
     224526   9355.208     50.634     51.040    10.6568    10.6578  36.140886  36.141855    10.6508    10.6519    32.3984    32.3985    24.8111    24.8109     9.2993     9.5595    283.571    291.507     2.6239     2.5226     0.1026     1.5391     3.1551     0.0061     0.0000 -125.65886   41.71694      99.68         16  0.000e+00
     224527   9355.250     50.634     51.040    10.6567    10.6577  36.140695  36.141728    10.6508    10.6517    32.3983    32.3985    24.8110    24.8110     9.2993     9.5538    283.572    291.331     2.6239     2.5214     0.1026     1.5391     3.1551     0.0061     0.0000 -125.65886   41.71694      99.68         16  0.000e+00
     224528   9355.292     50.634     51.040    10.6569    10.6577  36.141077  36.141855    10.6510    10.6517    32.3985    32.3986    24.8111    24.8111     9.2993     9.5595    283.570    291.507     2.6239     2.5226     0.1038     1.5696     3.1526     0.0061     0.0000 -125.65886   41.71694      99.68         16  0.000e+00
     224529   9355.333     50.588     50.993    10.6566    10.6575  36.140694  36.141982    10.6507    10.6515    32.3984    32.3989    24.8111    24.8113     9.2993     9.5595    283.571    291.506     2.6239     2.5226     0.1026     1.5391     3.1526     0.0061     0.0000 -125.65886   41.71694      99.68         16  0.000e+00
     224530   9355.375     50.687     51.093    10.6568    10.6577  36.140567  36.141728    10.6508    10.6517    32.3981    32.3985    24.8108    24.8110     9.3047     9.5596    283.736    291.510     2.6252     2.5226     0.1026     1.5391     3.1526     0.0061     0.0000 -125.65886   41.71694      99.68         16  0.000e+00
     224531   9355.417     50.575     50.980    10.6568    10.6575  36.140822  36.141855    10.6508    10.6515    32.3984    32.3988    24.8110    24.8112     9.3045     9.5595    283.731    291.506     2.6252     2.5226     0.1026     1.5391     3.1551     0.0061     0.0000 -125.65886   41.71694      99.68         16  0.000e+00
     224532   9355.458     50.687     51.093    10.6569    10.6575  36.141140  36.142174    10.6510    10.6515    32.3985    32.3991    24.8111    24.8115     9.3046     9.5596    283.734    291.510     2.6252     2.5226     0.1026     1.5391     3.1538     0.0061     0.0000 -125.65886   41.71694      99.68         16  0.000e+00
     224533   9355.500     50.588     50.993    10.6568    10.6575  36.140694  36.141791    10.6508    10.6515    32.3983    32.3987    24.8109    24.8112     9.3046     9.5595    283.732    291.507     2.6252     2.5226     0.1026     1.5391     3.1538     0.0061     0.0000 -125.65886   41.71694      99.68         16  0.000e+00
     224534   9355.542     50.634     51.040    10.6569    10.6575  36.140567  36.142110    10.6510    10.6515    32.3980    32.3990    24.8107    24.8114     9.3046     9.5596    283.733    291.508     2.6252     2.5226     0.1026     1.5391     3.1538     0.0061     0.0000 -125.65886   41.71694      99.68         16  0.000e+00
     224535   9355.583     50.588     50.993    10.6569    10.6575  36.140822  36.142492    10.6510    10.6515    32.3983    32.3994    24.8109    24.8117     9.3045     9.5595    283.731    291.505     2.6252     2.5226     0.1026     1.5391     3.1538     0.0061     0.0000 -125.65886   41.71694      99.66         16  0.000e+00
     224536   9355.625     50.588     50.993    10.6569    10.6576  36.141140  36.142110    10.6510    10.6517    32.3986    32.3989    24.8112    24.8113     9.3045     9.5595    283.731    291.505     2.6252     2.5226     0.1026     1.5391     3.1538     0.0061     0.0000 -125.65886   41.71694      99.68         16  0.000e+00
     224537   9355.667     50.634     51.040    10.6571    10.6578  36.141013  36.141919    10.6512    10.6519    32.3983    32.3985    24.8109    24.8110     9.3046     9.5595    283.732    291.506     2.6252     2.5226     0.1026     1.5391     3.1538     0.0061     0.0000 -125.65886   41.71694      99.68         16  0.000e+00
     224538   9355.708     50.621     51.026    10.6573    10.6578  36.141140  36.142173    10.6513    10.6519    32.3983    32.3988    24.8108    24.8112     9.3045     9.5595    283.730    291.505     2.6252     2.5226     0.1026     1.5391     3.1538     0.0061     0.0000 -125.65886   41.71694      99.68         16  0.000e+00
     224539   9355.750     50.542     50.946    10.6573    10.6580  36.141458  36.142491    10.6513    10.6521    32.3986    32.3990    24.8111    24.8113     9.3044     9.5593    283.727    291.501     2.6252     2.5226     0.1026     1.5391     3.1538     0.0061     0.0000 -125.65886   41.71694      99.68         16  0.000e+00
     224540   9355.792     50.634     51.040    10.6575    10.6582  36.141586  36.142619    10.6516    10.6522    32.3984    32.3989    24.8110    24.8112     9.3098     9.5594    283.891    291.503     2.6264     2.5226     0.1026     1.5391     3.1538     0.0061     0.0000 -125.65886   41.71694      99.68         16  0.000e+00
     224541   9355.833     50.542     50.946    10.6576    10.6581  36.141586  36.142619    10.6517    10.6522    32.3984    32.3990    24.8109    24.8113     9.3043     9.5593    283.725    291.500     2.6252     2.5226     0.1026     1.5391     3.1538     0.0061     0.0000 -125.65886   41.71694      99.68         16  0.000e+00
     224542   9355.875     50.588     50.993    10.6578    10.6582  36.142032  36.142364    10.6518    10.6522    32.3987    32.3987    24.8111    24.8110     9.3096     9.5594    283.887    291.502     2.6264     2.5226     0.1026     1.5391     3.1538     0.0061     0.0000 -125.65886   41.71694      99.68         16  0.000e+00
     224543   9355.917     50.542     50.946    10.6579    10.6583  36.141968  36.141982    10.6520    10.6524    32.3985    32.3982    24.8110    24.8106     9.3096     9.5593    283.885    291.500     2.6264     2.5226     0.1026     1.5391     3.1538     0.0061     0.0000 -125.65886   41.71694      99.68         16  0.000e+00
     224544   9355.958     50.588     50.993    10.6580    10.6583  36.142350  36.142173    10.6521    10.6524    32.3988    32.3984    24.8111    24.8108     9.3096     9.5651    283.885    291.678     2.6264     2.5238     0.1038     1.5696     3.1538     0.0061     0.0000 -125.65886   41.71694      99.68         16  0.000e+00
     224545   9356.000     50.575     50.979    10.6581    10.6585  36.142032  36.142300    10.6522    10.6526    32.3984    32.3984    24.8109    24.8107     9.3043     9.5651    283.723    291.676     2.6252     2.5238     0.1026     1.5391     3.1538     0.0061     0.0000 -125.65886   41.71694      99.68         16  0.000e+00
     224546   9356.042     50.541     50.946    10.6583    10.6583  36.142095  36.142491    10.6523    10.6524    32.3984    32.3987    24.8108    24.8110     9.3042     9.5593    283.721    291.499     2.6252     2.5226     0.1026     1.5391     3.1526     0.0061     0.0000 -125.65886   41.71694      99.68         16  0.000e+00
     224547   9356.083     50.541     50.946    10.6584    10.6583  36.142222  36.142619    10.6525    10.6524    32.3984    32.3988    24.8107    24.8111     9.3095     9.5593    283.882    291.499     2.6264     2.5226     0.1026     1.5391     3.1538     0.0061     0.0000 -125.65886   41.71694      99.68         16  0.000e+00
     224548   9356.125     50.488     50.893    10.6587    10.6585  36.141967  36.142364    10.6528    10.6526    32.3979    32.3985    24.8103    24.8108     9.3094     9.5650    283.879    291.673     2.6264     2.5238     0.1026     1.5391     3.1538     0.0061     0.0000 -125.65886   41.71694      99.68         16  0.000e+00
     224549   9356.167     50.541     50.946    10.6584    10.6583  36.142350  36.142491    10.6525    10.6524    32.3985    32.3987    24.8108    24.8110     9.3095     9.5593    283.882    291.499     2.6264     2.5226     0.1026     1.5391     3.1538     0.0049     0.0000 -125.65886   41.71694      99.68         16  0.000e+00
     224550   9356.208     50.488     50.893    10.6586    10.6585  36.142286  36.142555    10.6527    10.6526    32.3983    32.3986    24.8106    24.8109     9.3094     9.5592    283.879    291.496     2.6264     2.5226     0.1026     1.5391     3.1538     0.0049     0.0000 -125.65886   41.71694      99.68         16  0.000e+00
     224551   9356.250     50.488     50.893    10.6586    10.6584  36.142413  36.142618    10.6527    10.6525    32.3984    32.3987    24.8107    24.8110     9.3094     9.5650    283.879    291.673     2.6264     2.5238     0.1026     1.5391     3.1538     0.0061     0.0000 -125.65886   41.71694      99.68         16  0.000e+00
     224552   9356.292     50.522     50.926    10.6585    10.6585  36.142286  36.142618    10.6526    10.6526    32.3983    32.3987    24.8107    24.8110     9.3094     9.5650    283.880    291.674     2.6264     2.5238     0.1026     1.5391     3.1526     0.0061     0.0000 -125.65886   41.71694      99.68         16  0.000e+00
     224553   9356.333     50.442     50.846    10.6584    10.6583  36.142668  36.143064    10.6525    10.6524    32.3988    32.3993    24.8111    24.8115     9.3093     9.5591    283.877    291.494     2.6264     2.5226     0.1026     1.5391     3.1538     0.0061     0.0000 -125.65886   41.71694      99.68         16  0.000e+00
     224554   9356.375     50.488     50.892    10.6586    10.6585  36.142350  36.142491    10.6527    10.6526    32.3984    32.3986    24.8107    24.8109     9.3147     9.5592    284.041    291.496     2.6276     2.5226     0.1026     1.5391     3.1538     0.0061     0.0000 -125.65886   41.71694      99.68         16  0.000e+00
     224555   9356.417     50.442     50.846    10.6586    10.6587  36.142222  36.142236    10.6527    10.6528    32.3982    32.3982    24.8106    24.8106     9.3093     9.5649    283.877    291.670     2.6264     2.5238     0.1026     1.5391     3.1538     0.0061     0.0000 -125.65886   41.71694      99.68         16  0.000e+00
     224556   9356.458     50.442     50.846    10.6586    10.6584  36.142222  36.143000    10.6527    10.6525    32.3982    32.3991    24.8106    24.8113     9.3093     9.5591    283.877    291.494     2.6264     2.5226     0.1026     1.5391     3.1538     0.0061     0.0000 -125.65886   41.71694      99.68         16  0.000e+00
     224557   9356.500     50.442     50.846    10.6585    10.6587  36.142222  36.142745    10.6526    10.6528    32.3983    32.3987    24.8107    24.8109     9.3093     9.5649    283.878    291.669     2.6264     2.5238     0.1026     1.5391     3.1538     0.0061     0.0000 -125.65886   41.71694      99.68         16  0.000e+00
     224558   9356.542     50.442     50.846    10.6587    10.6587  36.142413  36.142618    10.6528    10.6528    32.3983    32.3986    24.8106    24.8108     9.3093     9.5591    283.876    291.493     2.6264     2.5226     0.1026     1.5391     3.1526     0.0061     0.0000 -125.65886   41.71694      99.68         16  0.000e+00
     224559   9356.583     50.396     50.799    10.6587    10.6587  36.142540  36.142809    10.6528    10.6528    32.3985    32.3988    24.8108    24.8110     9.3092     9.5648    283.874    291.668     2.6264     2.5238     0.1026     1.5391     3.1526     0.0061     0.0000 -125.65886   41.71694      99.68         16  0.000e+00
