WCOA/WCOA-6/CTD_Data/RB2102_CTD_129_01.ros
* Sea-Bird SBE 9 Data File:
* FileName = C:\Users\scs.user.rb\CTD\RB2102\Data\RB2102_CTD_129_01.hex
* Software Version Seasave V 7.26.7.107
* Temperature SN = 6202
* Conductivity SN = 4907
* Number of Bytes Per Scan = 41
* Number of Voltage Words = 4
* Number of Scans Averaged by the Deck Unit = 1
* NMEA Latitude = 32 48.71 N
* NMEA Longitude = 119 09.07 W
* NMEA UTC (Time) = Jul 21 2021  18:32:53
* NMEA baud rate = 4800
# nquan = 30
# nvalues = 1015                                  
# units = specified
# name 0 = scan: Scan Count
# name 1 = timeS: Time, Elapsed [seconds]
# name 2 = depSM: Depth [salt water, m]
# name 3 = prDM: Pressure, Digiquartz [db]
# name 4 = t090C: Temperature [ITS-90, deg C]
# name 5 = t190C: Temperature, 2 [ITS-90, deg C]
# name 6 = c0mS/cm: Conductivity [mS/cm]
# name 7 = c1mS/cm: Conductivity, 2 [mS/cm]
# name 8 = potemp090C: Potential Temperature [ITS-90, deg C]
# name 9 = potemp190C: Potential Temperature, 2 [ITS-90, deg C]
# name 10 = sal00: Salinity, Practical [PSU]
# name 11 = sal11: Salinity, Practical, 2 [PSU]
# name 12 = sigma-é00: Density [sigma-theta, kg/m^3]
# name 13 = sigma-é11: Density, 2 [sigma-theta, kg/m^3]
# name 14 = sbeox0Mg/L: Oxygen, SBE 43 [mg/l]
# name 15 = sbeox1Mg/L: Oxygen, SBE 43, 2 [mg/l]
# name 16 = sbox0Mm/Kg: Oxygen, SBE 43 [umol/kg]
# name 17 = sbox1Mm/Kg: Oxygen, SBE 43, 2 [umol/kg]
# name 18 = sbeox0V: Oxygen raw, SBE 43 [V]
# name 19 = sbeox1V: Oxygen raw, SBE 43, 2 [V]
# name 20 = v4: Voltage 4
# name 21 = flECO-AFL: Fluorescence, WET Labs ECO-AFL/FL [mg/m^3]
# name 22 = v3: Voltage 3
# name 23 = v6: Voltage 6
# name 24 = v7: Voltage 7
# name 25 = longitude: Longitude [deg]
# name 26 = latitude: Latitude [deg]
# name 27 = altM: Altimeter [m]
# name 28 = nbf: Bottles Fired
# name 29 = flag:  0.000e+00
# interval = seconds: 0.0416667
# start_time = Jul 21 2021 18:32:53 [NMEA time, header]
# bad_flag = -9.990e-29
*END*
[from data line 532]
      90032   3751.292     78.743     79.317    10.1312    10.1321  37.143640  37.145556    10.1221    10.1230    33.8738    33.8748    26.0518    26.0525     3.8769     3.6279    118.080    110.495     1.3724     1.2650     0.0501     0.2265     3.2491     0.0000     0.0000 -119.15110   32.81028      79.58         12  0.000e+00
      90033   3751.333     78.743     79.317    10.1313    10.1319  37.143640  37.144977    10.1222    10.1228    33.8737    33.8744    26.0517    26.0522     3.8823     3.6279    118.243    110.496     1.3736     1.2650     0.0501     0.2265     3.2491     0.0000     0.0000 -119.15110   32.81028      79.90         12  0.000e+00
      90034   3751.375     78.644     79.216    10.1313    10.1321  37.143897  37.145234    10.1223    10.1230    33.8739    33.8746    26.0519    26.0523     3.8822     3.6279    118.241    110.494     1.3736     1.2650     0.0501     0.2265     3.2479     0.0000     0.0000 -119.15110   32.81028      81.10         12  0.000e+00
      90035   3751.417     78.743     79.317    10.1317    10.1321  37.144220  37.145106    10.1226    10.1230    33.8739    33.8744    26.0518    26.0522     3.8769     3.6279    118.079    110.495     1.3724     1.2650     0.0501     0.2265     3.2491     0.0000     0.0000 -119.15110   32.81028      93.87         12  0.000e+00
      90036   3751.458     78.637     79.210    10.1316    10.1319  37.143833  37.145234    10.1225    10.1229    33.8736    33.8747    26.0516    26.0525     3.8822     3.6279    118.240    110.494     1.3736     1.2650     0.0501     0.2265     3.2491     0.0000     0.0000 -119.15110   32.81028     100.00         12  0.000e+00
      90037   3751.500     78.744     79.317    10.1315    10.1321  37.144155  37.145170    10.1224    10.1230    33.8740    33.8745    26.0519    26.0522     3.8823     3.6337    118.242    110.673     1.3736     1.2662     0.0513     0.2571     3.2503     0.0000     0.0000 -119.15110   32.81028     100.00         12  0.000e+00
      90038   3751.542     78.744     79.317    10.1318    10.1321  37.144091  37.145299    10.1227    10.1230    33.8736    33.8746    26.0516    26.0524     3.8822     3.6279    118.241    110.495     1.3736     1.2650     0.0501     0.2265     3.2491     0.0000     0.0000 -119.15110   32.81028     100.00         12  0.000e+00
      90039   3751.583     78.644     79.216    10.1318    10.1319  37.144219  37.145105    10.1227    10.1229    33.8738    33.8746    26.0518    26.0524     3.8822     3.6279    118.240    110.494     1.3736     1.2650     0.0501     0.2265     3.2503     0.0000     0.0000 -119.15110   32.81028      99.46         12  0.000e+00
      90040   3751.625     78.744     79.317    10.1315    10.1323  37.144091  37.145299    10.1224    10.1232    33.8739    33.8745    26.0519    26.0522     3.8823     3.6279    118.242    110.495     1.3736     1.2650     0.0501     0.2265     3.2503     0.0000     0.0000 -119.15110   32.81028      99.46         12  0.000e+00
      90041   3751.667     78.644     79.216    10.1320    10.1323  37.144026  37.145363    10.1229    10.1232    33.8735    33.8746    26.0515    26.0523     3.8822     3.6279    118.240    110.494     1.3736     1.2650     0.0501     0.2265     3.2503     0.0000     0.0000 -119.15110   32.81028      99.58         12  0.000e+00
      90042   3751.708     78.744     79.317    10.1317    10.1323  37.144220  37.145363    10.1226    10.1232    33.8739    33.8745    26.0518    26.0522     3.8822     3.6279    118.241    110.495     1.3736     1.2650     0.0501     0.2265     3.2491     0.0000     0.0000 -119.15110   32.81028      99.63         12  0.000e+00
      90043   3751.750     78.697     79.270    10.1317    10.1323  37.144091  37.145363    10.1226    10.1232    33.8738    33.8745    26.0517    26.0523     3.8822     3.6279    118.241    110.494     1.3736     1.2650     0.0501     0.2265     3.2503     0.0000     0.0000 -119.15110   32.81028      99.61         12  0.000e+00
      90044   3751.792     78.644     79.216    10.1320    10.1321  37.144026  37.145105    10.1229    10.1230    33.8735    33.8744    26.0515    26.0522     3.8822     3.6279    118.240    110.494     1.3736     1.2650     0.0501     0.2265     3.2491     0.0000     0.0000 -119.15112   32.81028      99.61         12  0.000e+00
      90045   3751.833     78.744     79.317    10.1320    10.1323  37.144219  37.145299    10.1229    10.1232    33.8736    33.8745    26.0515    26.0522     3.8822     3.6279    118.241    110.495     1.3736     1.2650     0.0501     0.2265     3.2491     0.0000     0.0000 -119.15112   32.81028      99.61         12  0.000e+00
      90046   3751.875     78.697     79.270    10.1320    10.1323  37.144091  37.145363    10.1229    10.1232    33.8735    33.8745    26.0515    26.0523     3.8822     3.6279    118.240    110.494     1.3736     1.2650     0.0501     0.2265     3.2503     0.0000     0.0000 -119.15112   32.81028      99.61         12  0.000e+00
      90047   3751.917     78.644     79.216    10.1321    10.1321  37.144026  37.145363    10.1230    10.1230    33.8733    33.8747    26.0513    26.0524     3.8822     3.6279    118.239    110.494     1.3736     1.2650     0.0513     0.2571     3.2491     0.0000     0.0000 -119.15112   32.81028      99.61         12  0.000e+00
      90048   3751.958     78.744     79.317    10.1318    10.1323  37.144026  37.145621    10.1227    10.1232    33.8736    33.8748    26.0516    26.0524     3.8822     3.6279    118.241    110.495     1.3736     1.2650     0.0501     0.2265     3.2503     0.0000     0.0000 -119.15112   32.81028      99.61         12  0.000e+00
      90049   3752.000     78.697     79.270    10.1322    10.1323  37.144026  37.145749    10.1231    10.1232    33.8733    33.8749    26.0513    26.0526     3.8822     3.6279    118.240    110.494     1.3736     1.2650     0.0501     0.2265     3.2503     0.0000     0.0000 -119.15112   32.81028      99.61         12  0.000e+00
      90050   3752.042     78.697     79.270    10.1320    10.1326  37.144026  37.145749    10.1229    10.1235    33.8735    33.8746    26.0515    26.0523     3.8822     3.6279    118.240    110.493     1.3736     1.2650     0.0488     0.1960     3.2503     0.0000     0.0000 -119.15112   32.81028      99.61         12  0.000e+00
      90051   3752.083     78.697     79.270    10.1318    10.1324  37.144219  37.145427    10.1228    10.1234    33.8738    33.8744    26.0517    26.0521     3.8822     3.6279    118.240    110.494     1.3736     1.2650     0.0488     0.1960     3.2503     0.0000     0.0000 -119.15112   32.81028      99.61         12  0.000e+00
      90052   3752.125     78.744     79.317    10.1320    10.1326  37.144091  37.145363    10.1229    10.1235    33.8735    33.8742    26.0514    26.0520     3.8822     3.6279    118.241    110.494     1.3736     1.2650     0.0488     0.1960     3.2503     0.0000     0.0000 -119.15112   32.81028      99.61         12  0.000e+00
      90053   3752.167     78.697     79.270    10.1321    10.1328  37.144219  37.145363    10.1230    10.1237    33.8735    33.8741    26.0515    26.0518     3.8822     3.6279    118.240    110.493     1.3736     1.2650     0.0488     0.1960     3.2491     0.0000     0.0000 -119.15112   32.81028      99.61         12  0.000e+00
      90054   3752.208     78.697     79.270    10.1322    10.1328  37.144348  37.145878    10.1231    10.1237    33.8736    33.8746    26.0515    26.0522     3.8822     3.6278    118.240    110.493     1.3736     1.2650     0.0488     0.1960     3.2503     0.0000     0.0000 -119.15112   32.81028      99.61         12  0.000e+00
      90055   3752.250     78.737     79.310    10.1320    10.1329  37.144348  37.145813    10.1229    10.1238    33.8738    33.8744    26.0517    26.0520     3.8822     3.6279    118.241    110.493     1.3736     1.2650     0.0488     0.1960     3.2491     0.0000     0.0000 -119.15112   32.81028      99.61         12  0.000e+00
      90056   3752.292     78.744     79.317    10.1322    10.1324  37.144348  37.145749    10.1231    10.1233    33.8736    33.8748    26.0515    26.0524     3.8822     3.6279    118.240    110.494     1.3736     1.2650     0.0488     0.1960     3.2503     0.0000     0.0000 -119.15112   32.81028      99.61         12  0.000e+00
      90057   3752.333     78.744     79.317    10.1320    10.1328  37.144348  37.145170    10.1229    10.1237    33.8737    33.8739    26.0517    26.0516     3.8822     3.6279    118.241    110.494     1.3736     1.2650     0.0488     0.1960     3.2491     0.0000     0.0000 -119.15112   32.81028      99.61         12  0.000e+00
      90058   3752.375     78.744     79.317    10.1320    10.1328  37.144348  37.145299    10.1229    10.1237    33.8738    33.8740    26.0517    26.0517     3.8822     3.6279    118.241    110.494     1.3736     1.2650     0.0488     0.1960     3.2491     0.0000     0.0000 -119.15112   32.81028      99.61         12  0.000e+00
      90059   3752.417     78.697     79.270    10.1317    10.1326  37.144348  37.145878    10.1226    10.1235    33.8740    33.8748    26.0520    26.0524     3.8822     3.6279    118.241    110.493     1.3736     1.2650     0.0488     0.1960     3.2491     0.0000     0.0000 -119.15112   32.81028      99.61         12  0.000e+00
      90060   3752.458     78.797     79.370    10.1320    10.1328  37.144348  37.145492    10.1229    10.1237    33.8737    33.8742    26.0516    26.0519     3.8822     3.6279    118.242    110.495     1.3736     1.2650     0.0488     0.1960     3.2491     0.0000     0.0000 -119.15112   32.81028      99.61         12  0.000e+00
      90061   3752.500     78.744     79.317    10.1318    10.1329  37.144348  37.145878    10.1227    10.1238    33.8739    33.8744    26.0519    26.0521     3.8822     3.6279    118.241    110.493     1.3736     1.2650     0.0488     0.1960     3.2503     0.0000     0.0000 -119.15112   32.81028      99.61         12  0.000e+00
      90062   3752.542     78.744     79.317    10.1320    10.1328  37.144348  37.145492    10.1229    10.1237    33.8737    33.8742    26.0517    26.0519     3.8822     3.6279    118.241    110.494     1.3736     1.2650     0.0488     0.1960     3.2491     0.0000     0.0000 -119.15112   32.81028      99.61         12  0.000e+00
      90063   3752.583     78.744     79.317    10.1322    10.1328  37.144091  37.145620    10.1231    10.1237    33.8733    33.8743    26.0513    26.0520     3.8822     3.6279    118.241    110.494     1.3736     1.2650     0.0488     0.1960     3.2491     0.0000     0.0000 -119.15112   32.81028      99.61         12  0.000e+00
      90064   3752.625     78.797     79.370    10.1321    10.1328  37.144220  37.145749    10.1230    10.1237    33.8735    33.8744    26.0514    26.0521     3.8822     3.6279    118.242    110.495     1.3736     1.2650     0.0488     0.1960     3.2491     0.0000     0.0000 -119.15112   32.81028      99.61         12  0.000e+00
      90065   3752.667     78.797     79.370    10.1322    10.1328  37.144348  37.145749    10.1231    10.1237    33.8736    33.8744    26.0515    26.0521     3.8822     3.6279    118.241    110.495     1.3736     1.2650     0.0488     0.1960     3.2503     0.0000     0.0000 -119.15112   32.81028      99.61         12  0.000e+00
      90066   3752.708     78.797     79.370    10.1322    10.1328  37.144348  37.145749    10.1231    10.1237    33.8736    33.8744    26.0515    26.0521     3.8769     3.6279    118.079    110.495     1.3724     1.2650     0.0488     0.1960     3.2503     0.0000     0.0000 -119.15112   32.81028      99.61         12  0.000e+00
      90067   3752.750     78.797     79.370    10.1321    10.1328  37.144542  37.145749    10.1230    10.1237    33.8738    33.8744    26.0517    26.0521     3.8822     3.6279    118.241    110.495     1.3736     1.2650     0.0488     0.1960     3.2503     0.0000     0.0000 -119.15112   32.81028      99.61         12  0.000e+00
      90068   3752.792     78.843     79.417    10.1322    10.1328  37.144413  37.145749    10.1231    10.1237    33.8736    33.8744    26.0515    26.0521     3.8769     3.6279    118.079    110.495     1.3724     1.2650     0.0488     0.1960     3.2491     0.0000     0.0000 -119.15112   32.81028      99.61         12  0.000e+00
      90069   3752.833     78.797     79.370    10.1320    10.1328  37.144348  37.145942    10.1229    10.1237    33.8737    33.8746    26.0517    26.0522     3.8823     3.6279    118.242    110.494     1.3736     1.2650     0.0488     0.1960     3.2503     0.0000     0.0000 -119.15112   32.81028      99.61         12  0.000e+00
      90070   3752.875     78.797     79.370    10.1318    10.1326  37.144091  37.145299    10.1227    10.1235    33.8736    33.8741    26.0516    26.0519     3.8769     3.6279    118.079    110.495     1.3724     1.2650     0.0488     0.1960     3.2503     0.0000     0.0000 -119.15112   32.81028      99.61         12  0.000e+00
      90071   3752.917     78.890     79.464    10.1317    10.1324  37.143705  37.145299    10.1226    10.1233    33.8733    33.8742    26.0514    26.0520     3.8770     3.6280    118.081    110.497     1.3724     1.2650     0.0488     0.1960     3.2491     0.0000     0.0000 -119.15112   32.81028      99.61         12  0.000e+00
      90072   3752.958     78.843     79.417    10.1312    10.1319  37.143898  37.144849    10.1221    10.1228    33.8740    33.8743    26.0520    26.0521     3.8770     3.6280    118.082    110.497     1.3724     1.2650     0.0488     0.1960     3.2491     0.0000     0.0000 -119.15112   32.81028      99.61         12  0.000e+00
      90073   3753.000     78.843     79.417    10.1310    10.1318  37.143705  37.144463    10.1219    10.1226    33.8740    33.8740    26.0520    26.0520     3.8770     3.6280    118.082    110.498     1.3724     1.2650     0.0488     0.1960     3.2503     0.0000     0.0000 -119.15112   32.81028      99.61         12  0.000e+00
      93537   3897.333     59.115     59.543    10.8648    10.8500  37.761528  37.749785    10.8577    10.8428    33.8227    33.8246    25.8841    25.8883     4.5290     4.2447    137.963    129.303     1.5409     1.4115     0.0818     1.0202     3.2454     0.0000     0.0000 -119.15110   32.81026      99.51         13  0.000e+00
      93538   3897.375     59.241     59.670    10.8648    10.8497  37.762177  37.749462    10.8576    10.8425    33.8232    33.8245    25.8846    25.8882     4.5238     4.2391    137.805    129.132     1.5397     1.4103     0.0806     0.9897     3.2466     0.0000     0.0000 -119.15110   32.81026      99.51         13  0.000e+00
      93539   3897.417     59.069     59.496    10.8653    10.8495  37.762694  37.749073    10.8582    10.8423    33.8234    33.8244    25.8846    25.8882     4.5289     4.2391    137.960    129.130     1.5409     1.4103     0.0818     1.0202     3.2454     0.0000     0.0000 -119.15110   32.81026      99.51         13  0.000e+00
      93540   3897.458     59.089     59.516    10.8657    10.8491  37.762759  37.748490    10.8585    10.8419    33.8231    33.8242    25.8843    25.8881     4.5237     4.2391    137.800    129.131     1.5397     1.4103     0.0818     1.0202     3.2466     0.0000     0.0000 -119.15110   32.81026      99.51         13  0.000e+00
      93541   3897.500     59.116     59.543    10.8658    10.8485  37.762954  37.747584    10.8587    10.8414    33.8232    33.8238    25.8843    25.8879     4.5237     4.2392    137.800    129.134     1.5397     1.4103     0.0818     1.0202     3.2466     0.0000     0.0000 -119.15110   32.81026      99.51         13  0.000e+00
      93542   3897.542     59.116     59.543    10.8663    10.8475  37.763342  37.747131    10.8591    10.8404    33.8231    33.8243    25.8842    25.8884     4.5236     4.2393    137.798    129.136     1.5397     1.4103     0.0818     1.0202     3.2442     0.0000     0.0000 -119.15110   32.81026      99.51         13  0.000e+00
