WCOA/WCOA-6/CTD_Data/RB2102_CTD_120_01.ros
* Sea-Bird SBE 9 Data File:
* FileName = C:\Users\scs.user.rb\CTD\RB2102\Data\RB2102_CTD_120_01.hex
* Software Version Seasave V 7.26.7.107
* Temperature SN = 6202
* Conductivity SN = 4907
* Number of Bytes Per Scan = 41
* Number of Voltage Words = 4
* Number of Scans Averaged by the Deck Unit = 1
* NMEA Latitude = 34 16.56 N
* NMEA Longitude = 120 01.24 W
* NMEA UTC (Time) = Jul 19 2021  05:02:09
* NMEA baud rate = 4800
# nquan = 30
# nvalues = 1176                                  
# units = specified
# name 0 = scan: Scan Count
# name 1 = timeS: Time, Elapsed [seconds]
# name 2 = depSM: Depth [salt water, m]
# name 3 = prDM: Pressure, Digiquartz [db]
# name 4 = t090C: Temperature [ITS-90, deg C]
# name 5 = t190C: Temperature, 2 [ITS-90, deg C]
# name 6 = c0mS/cm: Conductivity [mS/cm]
# name 7 = c1mS/cm: Conductivity, 2 [mS/cm]
# name 8 = potemp090C: Potential Temperature [ITS-90, deg C]
# name 9 = potemp190C: Potential Temperature, 2 [ITS-90, deg C]
# name 10 = sal00: Salinity, Practical [PSU]
# name 11 = sal11: Salinity, Practical, 2 [PSU]
# name 12 = sigma-é00: Density [sigma-theta, kg/m^3]
# name 13 = sigma-é11: Density, 2 [sigma-theta, kg/m^3]
# name 14 = sbeox0Mg/L: Oxygen, SBE 43 [mg/l]
# name 15 = sbeox1Mg/L: Oxygen, SBE 43, 2 [mg/l]
# name 16 = sbox0Mm/Kg: Oxygen, SBE 43 [umol/kg]
# name 17 = sbox1Mm/Kg: Oxygen, SBE 43, 2 [umol/kg]
# name 18 = sbeox0V: Oxygen raw, SBE 43 [V]
# name 19 = sbeox1V: Oxygen raw, SBE 43, 2 [V]
# name 20 = v4: Voltage 4
# name 21 = flECO-AFL: Fluorescence, WET Labs ECO-AFL/FL [mg/m^3]
# name 22 = v3: Voltage 3
# name 23 = v6: Voltage 6
# name 24 = v7: Voltage 7
# name 25 = longitude: Longitude [deg]
# name 26 = latitude: Latitude [deg]
# name 27 = altM: Altimeter [m]
# name 28 = nbf: Bottles Fired
# name 29 = flag:  0.000e+00
# interval = seconds: 0.0416667
# start_time = Jul 19 2021 05:02:09 [NMEA time, header]
# bad_flag = -9.990e-29
*END*
[from data line 242]
      47530   1980.375    471.234    475.177     6.8313     6.8350  34.651205  34.655834     6.7870     6.7907    34.2376    34.2390    26.8473    26.8478     0.2021     0.2079      6.150      6.328     0.5275     0.5421     0.0415     0.0129     3.2686     0.0000     0.0000 -120.02078   34.27578     100.00          5  0.000e+00
      47531   1980.417    471.234    475.177     6.8314     6.8348  34.651330  34.655584     6.7872     6.7905    34.2376    34.2390    26.8472    26.8478     0.2021     0.2079      6.150      6.328     0.5275     0.5421     0.0415     0.0129     3.2698     0.0000     0.0000 -120.02078   34.27578     100.00          5  0.000e+00
      47532   1980.458    471.261    475.204     6.8313     6.8350  34.651205  34.655521     6.7870     6.7907    34.2376    34.2386    26.8472    26.8475     0.2021     0.2079      6.150      6.328     0.5275     0.5421     0.0415     0.0129     3.2686     0.0000     0.0000 -120.02078   34.27578     100.00          5  0.000e+00
      52186   2174.375    446.720    450.430     6.9458     6.9470  34.739356  34.741043     6.9035     6.9047    34.2327    34.2333    26.8275    26.8279     0.2974     0.2923      9.050      8.895     0.5470     0.5580     0.0415     0.0129     3.2686     0.0024     0.0000 -120.02076   34.27566     100.00          6  0.000e+00
      52187   2174.417    446.673    450.383     6.9458     6.9470  34.739419  34.741106     6.9035     6.9047    34.2328    34.2334    26.8276    26.8279     0.2974     0.2923      9.050      8.895     0.5470     0.5580     0.0415     0.0129     3.2686     0.0024     0.0000 -120.02076   34.27566     100.00          6  0.000e+00
      52188   2174.458    446.773    450.484     6.9461     6.9468  34.739482  34.741294     6.9038     6.9046    34.2325    34.2337    26.8273    26.8282     0.2974     0.2923      9.050      8.895     0.5470     0.5580     0.0415     0.0129     3.2674     0.0024     0.0000 -120.02076   34.27566     100.00          6  0.000e+00
      52189   2174.500    446.720    450.430     6.9458     6.9468  34.739733  34.740918     6.9036     6.9046    34.2330    34.2333    26.8278    26.8279     0.2974     0.2989      9.050      9.095     0.5470     0.5592     0.0415     0.0129     3.2662     0.0024     0.0000 -120.02076   34.27566     100.00          6  0.000e+00
      52190   2174.542    446.720    450.430     6.9461     6.9470  34.739544  34.740980     6.9038     6.9047    34.2326    34.2333    26.8274    26.8278     0.2974     0.2923      9.050      8.895     0.5470     0.5580     0.0415     0.0129     3.2686     0.0024     0.0000 -120.02076   34.27566     100.00          6  0.000e+00
      52191   2174.583    446.773    450.484     6.9459     6.9472  34.739482  34.741106     6.9037     6.9049    34.2326    34.2332    26.8275    26.8277     0.2974     0.2923      9.050      8.895     0.5470     0.5580     0.0415     0.0129     3.2662     0.0024     0.0000 -120.02076   34.27566     100.00          6  0.000e+00
      52192   2174.625    446.720    450.430     6.9459     6.9470  34.739482  34.741544     6.9037     6.9047    34.2327    34.2339    26.8275    26.8283     0.2974     0.2923      9.050      8.895     0.5470     0.5580     0.0427     0.0434     3.2662     0.0024     0.0000 -120.02076   34.27566     100.00          6  0.000e+00
      52193   2174.667    446.720    450.431     6.9458     6.9472  34.739482  34.741419     6.9036     6.9049    34.2328    34.2335    26.8276    26.8280     0.2974     0.2923      9.050      8.895     0.5470     0.5580     0.0415     0.0129     3.2686     0.0012     0.0000 -120.02076   34.27566     100.00          6  0.000e+00
      52194   2174.708    446.773    450.484     6.9461     6.9473  34.739482  34.741169     6.9038     6.9051    34.2325    34.2331    26.8273    26.8277     0.2974     0.2923      9.050      8.895     0.5470     0.5580     0.0415     0.0129     3.2686     0.0012     0.0000 -120.02076   34.27566     100.00          6  0.000e+00
      52195   2174.750    446.773    450.484     6.9456     6.9473  34.739043  34.741294     6.9033     6.9051    34.2325    34.2332    26.8274    26.8278     0.2974     0.2923      9.050      8.895     0.5470     0.5580     0.0415     0.0129     3.2662     0.0024     0.0000 -120.02076   34.27566     100.00          6  0.000e+00
      52196   2174.792    446.720    450.431     6.9456     6.9473  34.739294  34.741670     6.9033     6.9051    34.2328    34.2337    26.8276    26.8281     0.2974     0.2923      9.050      8.895     0.5470     0.5580     0.0415     0.0129     3.2686     0.0037     0.0000 -120.02076   34.27566     100.00          6  0.000e+00
      52197   2174.833    446.773    450.484     6.9460     6.9473  34.739231  34.741670     6.9038     6.9051    34.2323    34.2337    26.8272    26.8281     0.2974     0.2923      9.050      8.895     0.5470     0.5580     0.0415     0.0129     3.2662     0.0024     0.0000 -120.02076   34.27566     100.00          6  0.000e+00
      52198   2174.875    446.773    450.484     6.9456     6.9473  34.739419  34.741670     6.9033     6.9051    34.2329    34.2337    26.8277    26.8281     0.2974     0.2923      9.050      8.895     0.5470     0.5580     0.0415     0.0129     3.2674     0.0024     0.0000 -120.02076   34.27566     100.00          6  0.000e+00
      52199   2174.917    446.773    450.484     6.9458     6.9473  34.739231  34.741670     6.9035     6.9051    34.2325    34.2337    26.8274    26.8281     0.2974     0.2923      9.050      8.895     0.5470     0.5580     0.0427     0.0434     3.2662     0.0024     0.0000 -120.02076   34.27566     100.00          6  0.000e+00
      52200   2174.958    446.773    450.484     6.9456     6.9477  34.739168  34.741419     6.9033     6.9054    34.2326    34.2330    26.8275    26.8276     0.2974     0.2923      9.050      8.895     0.5470     0.5580     0.0415     0.0129     3.2662     0.0024     0.0000 -120.02076   34.27566     100.00          6  0.000e+00
      52201   2175.000    446.773    450.485     6.9457     6.9475  34.739168  34.741921     6.9034     6.9052    34.2325    34.2338    26.8274    26.8282     0.2974     0.2923      9.050      8.895     0.5470     0.5580     0.0415     0.0129     3.2674     0.0024     0.0000 -120.02076   34.27566     100.00          6  0.000e+00
      52202   2175.042    446.773    450.485     6.9459     6.9473  34.739168  34.741733     6.9037     6.9051    34.2323    34.2337    26.8272    26.8281     0.2974     0.2989      9.050      9.095     0.5470     0.5592     0.0415     0.0129     3.2662     0.0012     0.0000 -120.02076   34.27566     100.00          6  0.000e+00
      52203   2175.083    446.773    450.485     6.9459     6.9477  34.739607  34.741858     6.9037     6.9054    34.2328    34.2335    26.8276    26.8279     0.2974     0.2923      9.050      8.895     0.5470     0.5580     0.0415     0.0129     3.2674     0.0000     0.0000 -120.02076   34.27566     100.00          6  0.000e+00
      52204   2175.125    446.773    450.485     6.9458     6.9473  34.739357  34.741482     6.9035     6.9051    34.2326    34.2334    26.8275    26.8279     0.2974     0.2923      9.050      8.895     0.5470     0.5580     0.0415     0.0129     3.2686     0.0000     0.0000 -120.02076   34.27566     100.00          6  0.000e+00
      52205   2175.167    446.820    450.532     6.9458     6.9475  34.739419  34.741169     6.9036     6.9052    34.2326    34.2329    26.8275    26.8275     0.2974     0.2923      9.050      8.895     0.5470     0.5580     0.0415     0.0129     3.2662     0.0000     0.0000 -120.02076   34.27566     100.00          6  0.000e+00
      52206   2175.208    446.827    450.538     6.9456     6.9477  34.739043  34.741733     6.9033     6.9054    34.2325    34.2334    26.8274    26.8278     0.2974     0.2923      9.050      8.895     0.5470     0.5580     0.0415     0.0129     3.2662     0.0012     0.0000 -120.02076   34.27566     100.00          6  0.000e+00
      52207   2175.250    446.720    450.431     6.9453     6.9473  34.739106  34.741732     6.9031     6.9051    34.2329    34.2337    26.8277    26.8282     0.2974     0.2923      9.050      8.895     0.5470     0.5580     0.0415     0.0129     3.2674     0.0037     0.0000 -120.02076   34.27566     100.00          6  0.000e+00
      52208   2175.292    446.820    450.532     6.9453     6.9475  34.739169  34.741419     6.9030     6.9052    34.2329    34.2332    26.8278    26.8277     0.2974     0.2923      9.050      8.895     0.5470     0.5580     0.0415     0.0129     3.2686     0.0037     0.0000 -120.02076   34.27566     100.00          6  0.000e+00
      52209   2175.333    446.773    450.485     6.9452     6.9475  34.738980  34.741169     6.9030     6.9052    34.2328    34.2330    26.8277    26.8275     0.2974     0.2923      9.050      8.895     0.5470     0.5580     0.0415     0.0129     3.2686     0.0024     0.0000 -120.02076   34.27566     100.00          6  0.000e+00
      52210   2175.375    446.820    450.532     6.9451     6.9473  34.739106  34.740918     6.9029     6.9051    34.2330    34.2328    26.8279    26.8274     0.2974     0.2923      9.050      8.895     0.5470     0.5580     0.0415     0.0129     3.2674     0.0024     0.0000 -120.02076   34.27566     100.00          6  0.000e+00
      52211   2175.417    446.820    450.532     6.9453     6.9473  34.739357  34.741043     6.9030     6.9051    34.2331    34.2329    26.8279    26.8275     0.2974     0.2923      9.050      8.895     0.5470     0.5580     0.0415     0.0129     3.2674     0.0024     0.0000 -120.02076   34.27566     100.00          6  0.000e+00
      52212   2175.458    446.773    450.485     6.9451     6.9470  34.739482  34.741106     6.9029     6.9047    34.2334    34.2334    26.8282    26.8279     0.2974     0.2923      9.050      8.895     0.5470     0.5580     0.0415     0.0129     3.2662     0.0024     0.0000 -120.02076   34.27566     100.00          6  0.000e+00
      52213   2175.500    446.820    450.532     6.9455     6.9470  34.739482  34.741106     6.9033     6.9047    34.2330    34.2333    26.8278    26.8279     0.2974     0.2923      9.050      8.895     0.5470     0.5580     0.0415     0.0129     3.2674     0.0024     0.0000 -120.02076   34.27566     100.00          6  0.000e+00
      52214   2175.542    446.820    450.532     6.9456     6.9470  34.739482  34.740605     6.9033     6.9047    34.2329    34.2328    26.8278    26.8275     0.2974     0.2923      9.050      8.895     0.5470     0.5580     0.0415     0.0129     3.2674     0.0012     0.0000 -120.02076   34.27566     100.00          6  0.000e+00
      52215   2175.583    446.820    450.532     6.9456     6.9470  34.739482  34.740981     6.9033     6.9047    34.2329    34.2332    26.8278    26.8278     0.2974     0.2923      9.050      8.895     0.5470     0.5580     0.0415     0.0129     3.2674     0.0024     0.0000 -120.02076   34.27566     100.00          6  0.000e+00
      52216   2175.625    446.820    450.532     6.9456     6.9468  34.739231  34.740605     6.9033     6.9046    34.2327    34.2329    26.8275    26.8276     0.2974     0.2989      9.050      9.096     0.5470     0.5592     0.0415     0.0129     3.2662     0.0024     0.0000 -120.02076   34.27566     100.00          6  0.000e+00
      52217   2175.667    446.820    450.532     6.9458     6.9468  34.739169  34.740668     6.9036     6.9046    34.2324    34.2330    26.8273    26.8276     0.2974     0.2923      9.050      8.895     0.5470     0.5580     0.0415     0.0129     3.2662     0.0024     0.0000 -120.02076   34.27566     100.00          6  0.000e+00
      52218   2175.708    446.820    450.532     6.9458     6.9467  34.739419  34.740542     6.9035     6.9044    34.2327    34.2330    26.8275    26.8277     0.2974     0.2923      9.050      8.895     0.5470     0.5580     0.0415     0.0129     3.2674     0.0024     0.0000 -120.02076   34.27566     100.00          6  0.000e+00
      52219   2175.750    446.820    450.532     6.9459     6.9467  34.739733  34.740918     6.9037     6.9044    34.2329    34.2334    26.8277    26.8280     0.2974     0.2923      9.050      8.895     0.5470     0.5580     0.0415     0.0129     3.2686     0.0024     0.0000 -120.02076   34.27566     100.00          6  0.000e+00
      52220   2175.792    446.820    450.532     6.9459     6.9468  34.739545  34.740918     6.9037     6.9046    34.2327    34.2333    26.8275    26.8279     0.2974     0.2923      9.050      8.895     0.5470     0.5580     0.0415     0.0129     3.2686     0.0024     0.0000 -120.02076   34.27566     100.00          6  0.000e+00
      52221   2175.833    446.820    450.532     6.9458     6.9468  34.739733  34.741043     6.9036     6.9046    34.2330    34.2334    26.8278    26.8280     0.2974     0.2923      9.050      8.895     0.5470     0.5580     0.0415     0.0129     3.2674     0.0024     0.0000 -120.02076   34.27566     100.00          6  0.000e+00
      52222   2175.875    446.820    450.532     6.9458     6.9467  34.739545  34.740856     6.9035     6.9044    34.2328    34.2334    26.8276    26.8279     0.2974     0.2923      9.050      8.895     0.5470     0.5580     0.0415     0.0129     3.2686     0.0024     0.0000 -120.02076   34.27566     100.00          6  0.000e+00
      52223   2175.917    446.820    450.532     6.9456     6.9467  34.739482  34.740542     6.9033     6.9044    34.2329    34.2330    26.8278    26.8277     0.2974     0.2923      9.050      8.895     0.5470     0.5580     0.0415     0.0129     3.2686     0.0024     0.0000 -120.02076   34.27566     100.00          6  0.000e+00
      52224   2175.958    446.820    450.532     6.9457     6.9467  34.739482  34.740730     6.9034     6.9044    34.2329    34.2332    26.8277    26.8278     0.2974     0.2923      9.050      8.895     0.5470     0.5580     0.0415     0.0129     3.2674     0.0024     0.0000 -120.02076   34.27566     100.00          6  0.000e+00
      52225   2176.000    446.820    450.532     6.9458     6.9465  34.739231  34.740793     6.9035     6.9043    34.2325    34.2334    26.8274    26.8280     0.2974     0.2923      9.050      8.895     0.5470     0.5580     0.0415     0.0129     3.2662     0.0024     0.0000 -120.02076   34.27566     100.00          6  0.000e+00
      52226   2176.042    446.867    450.579     6.9458     6.9467  34.739608  34.740793     6.9035     6.9044    34.2329    34.2333    26.8277    26.8279     0.2974     0.2923      9.050      8.895     0.5470     0.5580     0.0415     0.0129     3.2674     0.0024     0.0000 -120.02076   34.27566     100.00          6  0.000e+00
      52227   2176.083    446.820    450.532     6.9456     6.9465  34.739608  34.740793     6.9033     6.9043    34.2331    34.2334    26.8279    26.8280     0.2974     0.2923      9.050      8.895     0.5470     0.5580     0.0415     0.0129     3.2674     0.0024     0.0000 -120.02076   34.27566     100.00          6  0.000e+00
      52228   2176.125    446.820    450.532     6.9458     6.9465  34.739482  34.740793     6.9036     6.9043    34.2327    34.2334    26.8275    26.8280     0.2974     0.2923      9.050      8.895     0.5470     0.5580     0.0415     0.0129     3.2674     0.0024     0.0000 -120.02076   34.27566     100.00          6  0.000e+00
      52229   2176.167    446.867    450.579     6.9458     6.9465  34.739482  34.740605     6.9035     6.9043    34.2327    34.2332    26.8276    26.8278     0.2974     0.2923      9.050      8.895     0.5470     0.5580     0.0415     0.0129     3.2686     0.0024     0.0000 -120.02076   34.27566     100.00          6  0.000e+00
      52230   2176.208    446.780    450.492     6.9459     6.9463  34.739231  34.740730     6.9037     6.9041    34.2324    34.2336    26.8273    26.8282     0.2974     0.2923      9.050      8.895     0.5470     0.5580     0.0415     0.0129     3.2674     0.0024     0.0000 -120.02076   34.27566     100.00          6  0.000e+00
