WCOA/WCOA-6/CTD_Data/RB2102_CTD_084_01.ros
* Sea-Bird SBE 9 Data File:
* FileName = C:\Users\scs.user.rb\CTD\RB2102\Data\RB2102_CTD_084_01.hex
* Software Version Seasave V 7.26.7.107
* Temperature SN = 6202
* Conductivity SN = 4907
* Number of Bytes Per Scan = 41
* Number of Voltage Words = 4
* Number of Scans Averaged by the Deck Unit = 1
* NMEA Latitude = 37 51.68 N
* NMEA Longitude = 123 04.24 W
* NMEA UTC (Time) = Jul 11 2021  11:09:21
* NMEA baud rate = 4800
# nquan = 30
# nvalues = 1176                                  
# units = specified
# name 0 = scan: Scan Count
# name 1 = timeS: Time, Elapsed [seconds]
# name 2 = depSM: Depth [salt water, m]
# name 3 = prDM: Pressure, Digiquartz [db]
# name 4 = t090C: Temperature [ITS-90, deg C]
# name 5 = t190C: Temperature, 2 [ITS-90, deg C]
# name 6 = c0mS/cm: Conductivity [mS/cm]
# name 7 = c1mS/cm: Conductivity, 2 [mS/cm]
# name 8 = potemp090C: Potential Temperature [ITS-90, deg C]
# name 9 = potemp190C: Potential Temperature, 2 [ITS-90, deg C]
# name 10 = sal00: Salinity, Practical [PSU]
# name 11 = sal11: Salinity, Practical, 2 [PSU]
# name 12 = sigma-é00: Density [sigma-theta, kg/m^3]
# name 13 = sigma-é11: Density, 2 [sigma-theta, kg/m^3]
# name 14 = sbeox0Mg/L: Oxygen, SBE 43 [mg/l]
# name 15 = sbeox1Mg/L: Oxygen, SBE 43, 2 [mg/l]
# name 16 = sbox0Mm/Kg: Oxygen, SBE 43 [umol/kg]
# name 17 = sbox1Mm/Kg: Oxygen, SBE 43, 2 [umol/kg]
# name 18 = sbeox0V: Oxygen raw, SBE 43 [V]
# name 19 = sbeox1V: Oxygen raw, SBE 43, 2 [V]
# name 20 = v4: Voltage 4
# name 21 = flECO-AFL: Fluorescence, WET Labs ECO-AFL/FL [mg/m^3]
# name 22 = v3: Voltage 3
# name 23 = v6: Voltage 6
# name 24 = v7: Voltage 7
# name 25 = longitude: Longitude [deg]
# name 26 = latitude: Latitude [deg]
# name 27 = altM: Altimeter [m]
# name 28 = nbf: Bottles Fired
# name 29 = flag:  0.000e+00
# interval = seconds: 0.0416667
# start_time = Jul 11 2021 11:09:21 [NMEA time, header]
# bad_flag = -9.990e-29
*END*
[from data line 871]
      36816   1533.958     15.033     15.147    11.5586    11.5608  38.432893  38.434666    11.5567    11.5589    33.8688    33.8686    25.7934    25.7928     8.2648     8.5179    251.786    259.495     2.4518     2.3663     0.1465     2.6380     3.3590     0.1697     0.1758 -123.07124   37.86102      76.58         18  0.000e+00
      36817   1534.000     15.040     15.154    11.5586    11.5608  38.433023  38.434797    11.5567    11.5589    33.8690    33.8687    25.7935    25.7929     8.2648     8.5179    251.786    259.495     2.4518     2.3663     0.1465     2.6380     3.3578     0.1709     0.1758 -123.07124   37.86102      76.58         18  0.000e+00
      36818   1534.042     15.033     15.147    11.5586    11.5608  38.432762  38.434797    11.5567    11.5589    33.8687    33.8687    25.7933    25.7929     8.2649     8.5179    251.786    259.495     2.4518     2.3663     0.1465     2.6380     3.3590     0.1709     0.1758 -123.07124   37.86102      76.58         18  0.000e+00
      36819   1534.083     15.033     15.147    11.5586    11.5608  38.432893  38.435057    11.5567    11.5589    33.8688    33.8690    25.7934    25.7931     8.2648     8.5179    251.786    259.494     2.4518     2.3663     0.1465     2.6380     3.3578     0.1709     0.1770 -123.07124   37.86102      76.58         18  0.000e+00
      36820   1534.125     14.994     15.107    11.5588    11.5610  38.433023  38.434862    11.5569    11.5591    33.8688    33.8686    25.7934    25.7928     8.2648     8.5178    251.783    259.493     2.4518     2.3663     0.1465     2.6380     3.3578     0.1709     0.1758 -123.07124   37.86102      76.56         18  0.000e+00
      36821   1534.167     14.987     15.100    11.5589    11.5610  38.433023  38.434796    11.5570    11.5591    33.8687    33.8686    25.7932    25.7928     8.2647     8.5178    251.783    259.493     2.4518     2.3663     0.1465     2.6380     3.3578     0.1709     0.1770 -123.07124   37.86102      76.43         18  0.000e+00
      36822   1534.208     15.086     15.201    11.5588    11.5608  38.433024  38.434797    11.5569    11.5589    33.8688    33.8687    25.7933    25.7929     8.2649     8.5180    251.786    259.497     2.4518     2.3663     0.1465     2.6380     3.3578     0.1722     0.1770 -123.07124   37.86102      76.41         18  0.000e+00
      36823   1534.250     14.994     15.107    11.5588    11.5608  38.433023  38.434992    11.5569    11.5589    33.8688    33.8689    25.7934    25.7931     8.2648     8.5178    251.783    259.493     2.4518     2.3663     0.1465     2.6380     3.3578     0.1722     0.1770 -123.07124   37.86102      76.41         18  0.000e+00
      36824   1534.292     15.033     15.147    11.5586    11.5608  38.432762  38.434601    11.5567    11.5589    33.8687    33.8685    25.7933    25.7928     8.2649     8.5123    251.786    259.325     2.4518     2.3651     0.1465     2.6380     3.3590     0.1709     0.1758 -123.07124   37.86102      76.41         18  0.000e+00
      36825   1534.333     14.987     15.100    11.5586    11.5606  38.432697  38.434666    11.5567    11.5588    33.8687    33.8687    25.7933    25.7930     8.2648     8.5123    251.784    259.324     2.4518     2.3651     0.1465     2.6380     3.3578     0.1697     0.1758 -123.07124   37.86102      76.43         18  0.000e+00
      36826   1534.375     15.040     15.154    11.5588    11.5606  38.433089  38.434536    11.5569    11.5588    33.8689    33.8686    25.7934    25.7928     8.2648     8.5124    251.785    259.326     2.4518     2.3651     0.1465     2.6380     3.3578     0.1709     0.1758 -123.07124   37.86102      76.43         18  0.000e+00
      38968   1623.625     10.193     10.270    11.5984    11.5999  38.470530  38.471955    11.5971    11.5986    33.8715    33.8715    25.7880    25.7878     8.2934     8.5662    252.658    260.968     2.4615     2.3797     0.1197     1.9665     3.3565     0.1783     0.1258 -123.07132   37.86100      81.37         19  0.000e+00
      38969   1623.667     10.193     10.270    11.5983    11.5998  38.471183  38.472281    11.5970    11.5986    33.8722    33.8719    25.7886    25.7880     8.2934     8.5662    252.657    260.968     2.4615     2.3797     0.1197     1.9665     3.3553     0.1783     0.1258 -123.07132   37.86100      81.42         19  0.000e+00
      38970   1623.708     10.160     10.236    11.5984    11.5997  38.471183  38.471759    11.5971    11.5984    33.8722    33.8715    25.7885    25.7878     8.2934     8.5662    252.655    260.968     2.4615     2.3797     0.1197     1.9665     3.3565     0.1770     0.1258 -123.07132   37.86100      81.44         19  0.000e+00
      38971   1623.750     10.146     10.223    11.5985    11.5995  38.471314  38.471368    11.5972    11.5983    33.8722    33.8713    25.7885    25.7876     8.2933     8.5662    252.654    260.969     2.4615     2.3797     0.1197     1.9665     3.3565     0.1770     0.1258 -123.07132   37.86100      81.44         19  0.000e+00
      38972   1623.792     10.146     10.223    11.5985    11.5994  38.471183  38.471368    11.5972    11.5981    33.8721    33.8714    25.7884    25.7878     8.2933     8.5663    252.655    260.970     2.4615     2.3797     0.1197     1.9665     3.3553     0.1770     0.1258 -123.07132   37.86098      81.42         19  0.000e+00
      38973   1623.833     10.146     10.223    11.5984    11.5992  38.470661  38.471237    11.5971    11.5979    33.8717    33.8715    25.7881    25.7878     8.2934     8.5663    252.656    260.971     2.4615     2.3797     0.1197     1.9665     3.3553     0.1770     0.1258 -123.07132   37.86098      81.44         19  0.000e+00
      38974   1623.875     10.107     10.183    11.5985    11.5994  38.470726  38.471629    11.5972    11.5981    33.8717    33.8717    25.7881    25.7880     8.2933     8.5662    252.654    260.968     2.4615     2.3797     0.1197     1.9665     3.3553     0.1783     0.1258 -123.07132   37.86098      81.42         19  0.000e+00
      38975   1623.917     10.146     10.223    11.5985    11.5993  38.470987  38.471433    11.5972    11.5981    33.8719    33.8715    25.7883    25.7879     8.2933     8.5663    252.655    260.970     2.4615     2.3797     0.1197     1.9665     3.3565     0.1783     0.1258 -123.07132   37.86098      81.37         19  0.000e+00
      38976   1623.958     10.047     10.123    11.5987    11.5994  38.471117  38.471367    11.5974    11.5981    33.8719    33.8715    25.7882    25.7878     8.2932     8.5662    252.651    260.966     2.4615     2.3797     0.1197     1.9665     3.3553     0.1770     0.1245 -123.07132   37.86098      81.37         19  0.000e+00
      38977   1624.000     10.146     10.223    11.5990    11.5994  38.471314  38.471237    11.5977    11.5981    33.8718    33.8713    25.7881    25.7877     8.2933     8.5663    252.652    260.970     2.4615     2.3797     0.1197     1.9665     3.3565     0.1770     0.1245 -123.07132   37.86098      81.37         19  0.000e+00
      38978   1624.042     10.093     10.170    11.5990    11.5992  38.471444  38.471629    11.5977    11.5979    33.8719    33.8719    25.7882    25.7881     8.2932     8.5662    252.651    260.968     2.4615     2.3797     0.1197     1.9665     3.3565     0.1758     0.1245 -123.07132   37.86098      81.37         19  0.000e+00
      38979   1624.083     10.060     10.136    11.5989    11.5994  38.471640  38.471433    11.5976    11.5981    33.8722    33.8715    25.7885    25.7878     8.2932     8.5662    252.649    260.967     2.4615     2.3797     0.1197     1.9665     3.3553     0.1770     0.1245 -123.07132   37.86098      81.37         19  0.000e+00
      38980   1624.125     10.093     10.170    11.5991    11.5990  38.471379  38.471237    11.5979    11.5978    33.8717    33.8717    25.7880    25.7880     8.2932     8.5663    252.650    260.970     2.4615     2.3797     0.1197     1.9665     3.3565     0.1770     0.1245 -123.07132   37.86098      81.37         19  0.000e+00
      38981   1624.167     10.047     10.123    11.5991    11.5992  38.471640  38.471041    11.5979    11.5979    33.8720    33.8714    25.7882    25.7877     8.2931     8.5662    252.648    260.968     2.4615     2.3797     0.1197     1.9665     3.3553     0.1770     0.1245 -123.07132   37.86098      81.42         19  0.000e+00
      38982   1624.208     10.047     10.123    11.5991    11.5990  38.471509  38.471041    11.5978    11.5978    33.8719    33.8715    25.7882    25.7879     8.2931     8.5662    252.649    260.968     2.4615     2.3797     0.1197     1.9665     3.3553     0.1770     0.1245 -123.07132   37.86098      81.42         19  0.000e+00
      38983   1624.250     10.007     10.083    11.5991    11.5992  38.471639  38.471563    11.5979    11.5980    33.8720    33.8718    25.7882    25.7881     8.2931     8.5661    252.647    260.965     2.4615     2.3797     0.1197     1.9665     3.3565     0.1758     0.1245 -123.07132   37.86098      81.42         19  0.000e+00
      38984   1624.292     10.047     10.123    11.5993    11.5990  38.471770  38.471563    11.5980    11.5978    33.8720    33.8720    25.7882    25.7883     8.2931     8.5662    252.647    260.968     2.4615     2.3797     0.1197     1.9665     3.3565     0.1770     0.1245 -123.07132   37.86098      81.42         19  0.000e+00
      38985   1624.333     10.001     10.076    11.5991    11.5990  38.471509  38.471367    11.5978    11.5978    33.8719    33.8718    25.7882    25.7881     8.2982     8.5662    252.803    260.966     2.4628     2.3797     0.1197     1.9665     3.3553     0.1758     0.1233 -123.07132   37.86098      81.42         19  0.000e+00
      38986   1624.375     10.047     10.123    11.5990    11.5992  38.470921  38.471107    11.5977    11.5979    33.8714    33.8714    25.7878    25.7878     8.2932     8.5662    252.650    260.968     2.4615     2.3797     0.1197     1.9665     3.3565     0.1770     0.1245 -123.07132   37.86098      81.44         19  0.000e+00
      38987   1624.417     10.001     10.076    11.5991    11.5990  38.471117  38.470911    11.5979    11.5978    33.8715    33.8714    25.7878    25.7878     8.2931     8.5662    252.647    260.967     2.4615     2.3797     0.1245     2.0886     3.3565     0.1770     0.1245 -123.07132   37.86098      81.47         19  0.000e+00
      38988   1624.458      9.961     10.036    11.5992    11.5992  38.471378  38.470976    11.5980    11.5979    33.8717    33.8713    25.7880    25.7877     8.2930     8.5661    252.645    260.965     2.4615     2.3797     0.1270     2.1496     3.3565     0.1770     0.1245 -123.07132   37.86098      81.49         19  0.000e+00
      38989   1624.500      9.948     10.023    11.5990    11.5992  38.471443  38.471237    11.5977    11.5980    33.8720    33.8716    25.7883    25.7879     8.2930     8.5661    252.646    260.964     2.4615     2.3797     0.1270     2.1496     3.3565     0.1770     0.1245 -123.07132   37.86098      81.49         19  0.000e+00
      38990   1624.542     10.001     10.076    11.5991    11.5990  38.471182  38.471628    11.5979    11.5978    33.8715    33.8721    25.7879    25.7883     8.2931     8.5661    252.647    260.966     2.4615     2.3797     0.1270     2.1496     3.3565     0.1783     0.1245 -123.07132   37.86098      81.49         19  0.000e+00
      38991   1624.583      9.948     10.023    11.5992    11.5990  38.471313  38.471367    11.5980    11.5978    33.8716    33.8718    25.7879    25.7882     8.2930     8.5661    252.645    260.965     2.4615     2.3797     0.1270     2.1496     3.3565     0.1783     0.1258 -123.07132   37.86098      81.49         19  0.000e+00
      38992   1624.625      9.961     10.036    11.5993    11.5992  38.471182  38.471041    11.5980    11.5980    33.8714    33.8714    25.7878    25.7877     8.2930     8.5661    252.645    260.965     2.4615     2.3797     0.1270     2.1496     3.3553     0.1783     0.1258 -123.07132   37.86098      81.49         19  0.000e+00
      38993   1624.667      9.948     10.023    11.5992    11.5990  38.471313  38.471041    11.5980    11.5978    33.8716    33.8715    25.7879    25.7879     8.2981     8.5661    252.801    260.965     2.4628     2.3797     0.1270     2.1496     3.3565     0.1783     0.1258 -123.07132   37.86098      81.49         19  0.000e+00
      38994   1624.708      9.948     10.023    11.5991    11.5992  38.471248  38.471171    11.5979    11.5979    33.8716    33.8715    25.7880    25.7879     8.2930     8.5661    252.645    260.964     2.4615     2.3797     0.1270     2.1496     3.3553     0.1783     0.1245 -123.07132   37.86098      81.49         19  0.000e+00
      38995   1624.750      9.948     10.023    11.5995    11.5992  38.471639  38.471302    11.5982    11.5980    33.8717    33.8716    25.7880    25.7879     8.2930     8.5661    252.643    260.964     2.4615     2.3797     0.1270     2.1496     3.3565     0.1770     0.1245 -123.07132   37.86098      81.49         19  0.000e+00
      38996   1624.792      9.948     10.023    11.5992    11.5992  38.471770  38.471367    11.5980    11.5980    33.8721    33.8717    25.7883    25.7880     8.2930     8.5716    252.644    261.134     2.4615     2.3810     0.1270     2.1496     3.3565     0.1783     0.1245 -123.07132   37.86098      81.49         19  0.000e+00
      38997   1624.833      9.862      9.936    11.5991    11.5992  38.471769  38.471106    11.5979    11.5980    33.8722    33.8715    25.7884    25.7878     8.2929     8.5660    252.642    260.961     2.4615     2.3797     0.1270     2.1496     3.3553     0.1783     0.1245 -123.07132   37.86098      81.49         19  0.000e+00
      38998   1624.875      9.948     10.023    11.5993    11.5992  38.471248  38.471628    11.5980    11.5980    33.8715    33.8719    25.7878    25.7882     8.2930     8.5661    252.645    260.963     2.4615     2.3797     0.1270     2.1496     3.3565     0.1770     0.1245 -123.07132   37.86098      81.49         19  0.000e+00
      38999   1624.917      9.948     10.023    11.5992    11.5992  38.470595  38.471237    11.5980    11.5980    33.8709    33.8716    25.7874    25.7879     8.2930     8.5661    252.646    260.964     2.4615     2.3797     0.1270     2.1496     3.3553     0.1770     0.1245 -123.07132   37.86098      81.47         19  0.000e+00
      39000   1624.958      9.901      9.976    11.5995    11.5990  38.471247  38.471563    11.5982    11.5978    33.8714    33.8721    25.7877    25.7883     8.2929     8.5716    252.643    261.132     2.4615     2.3810     0.1270     2.1496     3.3565     0.1770     0.1245 -123.07132   37.86098      81.47         19  0.000e+00
      39001   1625.000      9.915      9.990    11.5995    11.5992  38.471443  38.471106    11.5982    11.5980    33.8715    33.8714    25.7878    25.7878     8.2929     8.5716    252.643    261.133     2.4615     2.3810     0.1270     2.1496     3.3565     0.1770     0.1245 -123.07132   37.86098      81.47         19  0.000e+00
      39002   1625.042      9.948     10.023    11.5994    11.5992  38.471900  38.470976    11.5981    11.5980    33.8721    33.8713    25.7883    25.7877     8.2930     8.5661    252.643    260.964     2.4615     2.3797     0.1270     2.1496     3.3565     0.1770     0.1245 -123.07132   37.86098      81.47         19  0.000e+00
      39003   1625.083      9.901      9.976    11.5995    11.5992  38.471835  38.471236    11.5982    11.5980    33.8719    33.8716    25.7881    25.7879     8.2929     8.5716    252.642    261.132     2.4615     2.3810     0.1270     2.1496     3.3553     0.1770     0.1245 -123.07132   37.86098      81.47         19  0.000e+00
