WCOA/WCOA-6/CTD_Data/RB2102_CTD_054_01.ros
* Sea-Bird SBE 9 Data File:
* FileName = C:\Users\scs.user.rb\CTD\RB2102\Data\RB2102_CTD_054_01.hex
* Software Version Seasave V 7.26.7.107
* Temperature SN = 6202
* Conductivity SN = 4907
* Number of Bytes Per Scan = 41
* Number of Voltage Words = 4
* Number of Scans Averaged by the Deck Unit = 1
* NMEA Latitude = 44 00.00 N
* NMEA Longitude = 125 00.02 W
* NMEA UTC (Time) = Jul 05 2021  00:33:50
* NMEA baud rate = 4800
# nquan = 30
# nvalues = 1078                                  
# units = specified
# name 0 = scan: Scan Count
# name 1 = timeS: Time, Elapsed [seconds]
# name 2 = depSM: Depth [salt water, m]
# name 3 = prDM: Pressure, Digiquartz [db]
# name 4 = t090C: Temperature [ITS-90, deg C]
# name 5 = t190C: Temperature, 2 [ITS-90, deg C]
# name 6 = c0mS/cm: Conductivity [mS/cm]
# name 7 = c1mS/cm: Conductivity, 2 [mS/cm]
# name 8 = potemp090C: Potential Temperature [ITS-90, deg C]
# name 9 = potemp190C: Potential Temperature, 2 [ITS-90, deg C]
# name 10 = sal00: Salinity, Practical [PSU]
# name 11 = sal11: Salinity, Practical, 2 [PSU]
# name 12 = sigma-é00: Density [sigma-theta, kg/m^3]
# name 13 = sigma-é11: Density, 2 [sigma-theta, kg/m^3]
# name 14 = sbeox0Mg/L: Oxygen, SBE 43 [mg/l]
# name 15 = sbeox1Mg/L: Oxygen, SBE 43, 2 [mg/l]
# name 16 = sbox0Mm/Kg: Oxygen, SBE 43 [umol/kg]
# name 17 = sbox1Mm/Kg: Oxygen, SBE 43, 2 [umol/kg]
# name 18 = sbeox0V: Oxygen raw, SBE 43 [V]
# name 19 = sbeox1V: Oxygen raw, SBE 43, 2 [V]
# name 20 = v4: Voltage 4
# name 21 = flECO-AFL: Fluorescence, WET Labs ECO-AFL/FL [mg/m^3]
# name 22 = v3: Voltage 3
# name 23 = v6: Voltage 6
# name 24 = v7: Voltage 7
# name 25 = longitude: Longitude [deg]
# name 26 = latitude: Latitude [deg]
# name 27 = altM: Altimeter [m]
# name 28 = nbf: Bottles Fired
# name 29 = flag:  0.000e+00
# interval = seconds: 0.0416667
# start_time = Jul 05 2021 00:33:50 [NMEA time, header]
# bad_flag = -9.990e-29
*END*
[from data line 291]
      73043   3043.417    296.972    299.591     6.9195     6.9182  34.495082  34.494256     6.8918     6.8906    34.0636    34.0639    26.6959    26.6963     1.7734     1.8400     53.979     56.006     0.8523     0.8510     0.0403    -0.0177     3.1893     0.1661     0.1306 -125.00192   44.00020      99.93          6  0.000e+00
      73044   3043.458    296.925    299.544     6.9197     6.9184  34.495207  34.494943     6.8921     6.8907    34.0635    34.0645    26.6958    26.6968     1.7734     1.8400     53.978     56.005     0.8523     0.8510     0.0403    -0.0177     3.1893     0.1661     0.1306 -125.00192   44.00020      99.90          6  0.000e+00
      73045   3043.500    296.925    299.544     6.9199     6.9189  34.495645  34.494818     6.8922     6.8913    34.0638    34.0639    26.6960    26.6962     1.7734     1.8400     53.978     56.005     0.8523     0.8510     0.0403    -0.0177     3.1893     0.1661     0.1306 -125.00192   44.00020      99.90          6  0.000e+00
      79851   3327.083    198.238    199.939     7.1888     7.1859  34.660463  34.657511     7.1701     7.1672    34.0272    34.0268    26.6290    26.6291     2.1698     2.2489     66.050     68.456     0.9426     0.9365     0.0403    -0.0177     3.1844     0.1526     0.1270 -125.00202   44.00024      99.85          7  0.000e+00
      79852   3327.125    198.072    199.772     7.1888     7.1858  34.660212  34.657698     7.1701     7.1671    34.0270    34.0273    26.6288    26.6294     2.1698     2.2552     66.048     68.648     0.9426     0.9377     0.0403    -0.0177     3.1844     0.1514     0.1270 -125.00202   44.00024      99.88          7  0.000e+00
      79853   3327.167    198.238    199.939     7.1890     7.1859  34.660338  34.657699     7.1703     7.1672    34.0269    34.0270    26.6287    26.6292     2.1698     2.2489     66.049     68.456     0.9426     0.9365     0.0403    -0.0177     3.1844     0.1514     0.1258 -125.00202   44.00024      99.85          7  0.000e+00
      79854   3327.208    198.145    199.845     7.1891     7.1859  34.660902  34.657698     7.1704     7.1672    34.0274    34.0271    26.6291    26.6293     2.1698     2.2489     66.048     68.456     0.9426     0.9365     0.0403    -0.0177     3.1844     0.1526     0.1270 -125.00202   44.00024      99.85          7  0.000e+00
      79855   3327.250    198.238    199.939     7.1895     7.1857  34.661027  34.657448     7.1708     7.1670    34.0272    34.0270    26.6289    26.6292     2.1698     2.2553     66.048     68.650     0.9426     0.9377     0.0403    -0.0177     3.1844     0.1526     0.1270 -125.00202   44.00024      99.88          7  0.000e+00
      79856   3327.292    198.145    199.845     7.1895     7.1859  34.660839  34.657573     7.1708     7.1672    34.0270    34.0270    26.6287    26.6292     2.1698     2.2552     66.048     68.649     0.9426     0.9377     0.0403    -0.0177     3.1856     0.1526     0.1270 -125.00202   44.00024      99.85          7  0.000e+00
      79857   3327.333    198.192    199.892     7.1896     7.1859  34.660964  34.657886     7.1709     7.1672    34.0270    34.0273    26.6287    26.6294     2.1698     2.2489     66.048     68.456     0.9426     0.9365     0.0403    -0.0177     3.1856     0.1514     0.1270 -125.00202   44.00024      99.85          7  0.000e+00
      79858   3327.375    198.145    199.845     7.1895     7.1866  34.660588  34.658011     7.1708     7.1679    34.0268    34.0268    26.6285    26.6289     2.1698     2.2552     66.048     68.648     0.9426     0.9377     0.0403    -0.0177     3.1856     0.1526     0.1270 -125.00202   44.00024      99.85          7  0.000e+00
      79859   3327.417    198.119    199.818     7.1893     7.1868  34.660651  34.658199     7.1706     7.1681    34.0270    34.0268    26.6288    26.6290     2.1698     2.2552     66.048     68.647     0.9426     0.9377     0.0403    -0.0177     3.1832     0.1526     0.1270 -125.00202   44.00024      99.85          7  0.000e+00
      79860   3327.458    198.192    199.892     7.1896     7.1867  34.660964  34.658324     7.1709     7.1679    34.0270    34.0270    26.6287    26.6291     2.1698     2.2552     66.048     68.648     0.9426     0.9377     0.0403    -0.0177     3.1856     0.1526     0.1270 -125.00202   44.00024      99.88          7  0.000e+00
      79861   3327.500    198.145    199.845     7.1904     7.1866  34.661465  34.658324     7.1717     7.1679    34.0268    34.0271    26.6284    26.6292     2.1697     2.2552     66.046     68.648     0.9426     0.9377     0.0403    -0.0177     3.1856     0.1526     0.1270 -125.00202   44.00024      99.88          7  0.000e+00
      79862   3327.542    198.145    199.845     7.1902     7.1864  34.661465  34.658324     7.1715     7.1677    34.0270    34.0273    26.6286    26.6294     2.1697     2.2552     66.047     68.648     0.9426     0.9377     0.0403    -0.0177     3.1832     0.1526     0.1270 -125.00202   44.00024      99.88          7  0.000e+00
      79863   3327.583    198.146    199.845     7.1898     7.1866  34.661152  34.658324     7.1711     7.1679    34.0270    34.0271    26.6287    26.6292     2.1698     2.2552     66.047     68.648     0.9426     0.9377     0.0403    -0.0177     3.1856     0.1526     0.1270 -125.00202   44.00024      99.85          7  0.000e+00
      79864   3327.625    198.146    199.845     7.1890     7.1864  34.660338  34.658324     7.1703     7.1677    34.0270    34.0273    26.6287    26.6294     2.1698     2.2552     66.049     68.648     0.9426     0.9377     0.0403    -0.0177     3.1844     0.1526     0.1270 -125.00202   44.00024      99.85          7  0.000e+00
      79865   3327.667    198.146    199.845     7.1883     7.1867  34.659899  34.658512     7.1696     7.1680    34.0271    34.0273    26.6290    26.6293     2.1698     2.2552     66.050     68.647     0.9426     0.9377     0.0403    -0.0177     3.1856     0.1526     0.1270 -125.00202   44.00024      99.85          7  0.000e+00
      79866   3327.708    198.172    199.872     7.1879     7.1868  34.659586  34.658825     7.1691     7.1680    34.0273    34.0275    26.6291    26.6295     2.1699     2.2552     66.050     68.647     0.9426     0.9377     0.0403    -0.0177     3.1856     0.1526     0.1270 -125.00202   44.00024      99.85          7  0.000e+00
      79867   3327.750    198.092    199.792     7.1875     7.1866  34.659273  34.658449     7.1688     7.1679    34.0273    34.0273    26.6292    26.6293     2.1699     2.2552     66.050     68.647     0.9426     0.9377     0.0415     0.0129     3.1844     0.1526     0.1270 -125.00202   44.00024      99.85          7  0.000e+00
      79868   3327.792    198.146    199.845     7.1872     7.1866  34.658709  34.658324     7.1685     7.1679    34.0269    34.0271    26.6290    26.6292     2.1699     2.2552     66.051     68.648     0.9426     0.9377     0.0415     0.0129     3.1832     0.1526     0.1270 -125.00202   44.00024      99.88          7  0.000e+00
      79869   3327.833    198.146    199.845     7.1875     7.1869  34.659022  34.658762     7.1688     7.1682    34.0270    34.0273    26.6290    26.6293     2.1699     2.2552     66.051     68.647     0.9426     0.9377     0.0415     0.0129     3.1856     0.1526     0.1270 -125.00202   44.00024      99.85          7  0.000e+00
      79870   3327.875    198.146    199.845     7.1875     7.1868  34.659210  34.658700     7.1688     7.1681    34.0272    34.0274    26.6291    26.6294     2.1699     2.2552     66.051     68.647     0.9426     0.9377     0.0415     0.0129     3.1832     0.1526     0.1270 -125.00202   44.00024      99.88          7  0.000e+00
      79871   3327.917    198.146    199.845     7.1877     7.1871  34.659398  34.659326     7.1690     7.1684    34.0272    34.0277    26.6291    26.6296     2.1757     2.2551     66.227     68.646     0.9438     0.9377     0.0415     0.0129     3.1844     0.1526     0.1270 -125.00202   44.00024      99.85          7  0.000e+00
      79872   3327.958    198.146    199.845     7.1879     7.1874  34.658772  34.659764     7.1691     7.1687    34.0264    34.0279    26.6284    26.6297     2.1757     2.2488     66.228     68.453     0.9438     0.9365     0.0415     0.0129     3.1844     0.1526     0.1270 -125.00202   44.00024      99.88          7  0.000e+00
      79873   3328.000    198.119    199.819     7.1874     7.1877  34.658584  34.659827     7.1687     7.1690    34.0267    34.0277    26.6287    26.6295     2.1757     2.2551     66.228     68.645     0.9438     0.9377     0.0415     0.0129     3.1844     0.1526     0.1270 -125.00202   44.00024      99.88          7  0.000e+00
      79874   3328.042    198.146    199.845     7.1870     7.1881  34.658083  34.660014     7.1683     7.1694    34.0264    34.0275    26.6286    26.6293     2.1757     2.2551     66.229     68.645     0.9438     0.9377     0.0415     0.0129     3.1844     0.1526     0.1270 -125.00202   44.00024      99.85          7  0.000e+00
      79875   3328.083    198.146    199.845     7.1867     7.1884  34.657707  34.660140     7.1680     7.1696    34.0263    34.0274    26.6286    26.6292     2.1757     2.2551     66.229     68.644     0.9438     0.9377     0.0415     0.0129     3.1844     0.1526     0.1270 -125.00202   44.00024      99.88          7  0.000e+00
      79876   3328.125    198.093    199.792     7.1864     7.1888  34.657393  34.660327     7.1677     7.1701    34.0263    34.0272    26.6286    26.6289     2.1757     2.2550     66.229     68.643     0.9438     0.9377     0.0415     0.0129     3.1844     0.1526     0.1270 -125.00202   44.00024      99.85          7  0.000e+00
      79877   3328.167    198.146    199.846     7.1862     7.1887  34.657331  34.660640     7.1675     7.1700    34.0264    34.0276    26.6287    26.6293     2.1758     2.2551     66.230     68.644     0.9438     0.9377     0.0415     0.0129     3.1844     0.1526     0.1270 -125.00202   44.00024      99.85          7  0.000e+00
      79878   3328.208    198.146    199.846     7.1858     7.1887  34.657080  34.660515     7.1671     7.1700    34.0266    34.0275    26.6289    26.6292     2.1758     2.2487     66.231     68.451     0.9438     0.9365     0.0415     0.0129     3.1844     0.1526     0.1270 -125.00202   44.00024      99.88          7  0.000e+00
      79879   3328.250    198.146    199.846     7.1859     7.1890  34.656767  34.660453     7.1672     7.1703    34.0261    34.0271    26.6285    26.6288     2.1758     2.2550     66.231     68.643     0.9438     0.9377     0.0415     0.0129     3.1844     0.1526     0.1270 -125.00202   44.00024      99.88          7  0.000e+00
      79880   3328.292    198.172    199.872     7.1854     7.1892  34.656893  34.660891     7.1667     7.1705    34.0267    34.0274    26.6290    26.6290     2.1758     2.2550     66.232     68.643     0.9438     0.9377     0.0415     0.0129     3.1832     0.1526     0.1270 -125.00202   44.00024      99.88          7  0.000e+00
      79881   3328.333    198.093    199.792     7.1853     7.1889  34.656517  34.660327     7.1666     7.1702    34.0265    34.0270    26.6289    26.6288     2.1758     2.2550     66.231     68.643     0.9438     0.9377     0.0415     0.0129     3.1844     0.1526     0.1270 -125.00202   44.00024      99.85          7  0.000e+00
      79882   3328.375    198.192    199.892     7.1848     7.1882  34.656141  34.660140     7.1661     7.1695    34.0265    34.0275    26.6290    26.6293     2.1759     2.2551     66.233     68.645     0.9438     0.9377     0.0415     0.0129     3.1844     0.1526     0.1270 -125.00202   44.00024      99.88          7  0.000e+00
      79883   3328.417    198.146    199.846     7.1847     7.1881  34.655828  34.659701     7.1660     7.1694    34.0263    34.0272    26.6288    26.6291     2.1759     2.2551     66.233     68.645     0.9438     0.9377     0.0415     0.0129     3.1844     0.1526     0.1270 -125.00202   44.00024      99.85          7  0.000e+00
      79884   3328.458    198.146    199.846     7.1837     7.1879  34.655515  34.659952     7.1650     7.1692    34.0270    34.0276    26.6295    26.6294     2.1759     2.2551     66.234     68.645     0.9438     0.9377     0.0415     0.0129     3.1844     0.1526     0.1270 -125.00202   44.00024      99.88          7  0.000e+00
      79885   3328.500    198.146    199.846     7.1841     7.1877  34.655452  34.660327     7.1654     7.1690    34.0264    34.0282    26.6290    26.6299     2.1759     2.2551     66.234     68.645     0.9438     0.9377     0.0415     0.0129     3.1844     0.1526     0.1270 -125.00202   44.00024      99.88          7  0.000e+00
      79886   3328.542    198.192    199.892     7.1835     7.1881  34.654763  34.660641     7.1648     7.1693    34.0262    34.0282    26.6289    26.6298     2.1759     2.2551     66.235     68.645     0.9438     0.9377     0.0415     0.0129     3.1844     0.1526     0.1270 -125.00202   44.00024      99.88          7  0.000e+00
      79887   3328.583    198.172    199.872     7.1832     7.1880  34.654512  34.659827     7.1645     7.1693    34.0263    34.0274    26.6290    26.6292     2.1759     2.2551     66.235     68.645     0.9438     0.9377     0.0415     0.0129     3.1844     0.1526     0.1270 -125.00202   44.00024      99.88          7  0.000e+00
      79888   3328.625    198.192    199.893     7.1827     7.1872  34.654011  34.659076     7.1640     7.1685    34.0262    34.0273    26.6290    26.6292     2.1702     2.2552     66.059     68.647     0.9426     0.9377     0.0415     0.0129     3.1844     0.1526     0.1270 -125.00202   44.00024      99.85          7  0.000e+00
      79889   3328.667    198.146    199.846     7.1824     7.1869  34.654136  34.658700     7.1637     7.1682    34.0267    34.0272    26.6295    26.6293     2.1702     2.2552     66.059     68.647     0.9426     0.9377     0.0415     0.0129     3.1844     0.1526     0.1270 -125.00202   44.00024      99.85          7  0.000e+00
      79890   3328.708    198.192    199.893     7.1822     7.1869  34.653949  34.658637     7.1635     7.1682    34.0266    34.0271    26.6294    26.6292     2.1702     2.2552     66.060     68.647     0.9426     0.9377     0.0415     0.0129     3.1832     0.1526     0.1270 -125.00202   44.00024      99.88          7  0.000e+00
      79891   3328.750    198.192    199.893     7.1816     7.1869  34.653698  34.658825     7.1629     7.1682    34.0270    34.0273    26.6298    26.6293     2.1702     2.2552     66.061     68.647     0.9426     0.9377     0.0415     0.0129     3.1844     0.1526     0.1270 -125.00202   44.00024      99.88          7  0.000e+00
      79892   3328.792    198.192    199.893     7.1817     7.1863  34.653322  34.657511     7.1630     7.1676    34.0264    34.0265    26.6293    26.6287     2.1702     2.2552     66.061     68.649     0.9426     0.9377     0.0415     0.0129     3.1844     0.1526     0.1270 -125.00202   44.00024      99.88          7  0.000e+00
      79893   3328.833    198.239    199.939     7.1816     7.1853  34.653072  34.657261     7.1629     7.1666    34.0263    34.0272    26.6293    26.6294     2.1760     2.2553     66.239     68.651     0.9438     0.9377     0.0415     0.0129     3.1844     0.1526     0.1270 -125.00202   44.00024      99.85          7  0.000e+00
      79894   3328.875    198.172    199.873     7.1816     7.1850  34.653197  34.656634     7.1629     7.1663    34.0265    34.0269    26.6294    26.6292     2.1760     2.2553     66.238     68.651     0.9438     0.9377     0.0403    -0.0177     3.1844     0.1526     0.1270 -125.00202   44.00024      99.88          7  0.000e+00
