WCOA/WCOA-6/CTD_Data/RB2102_CTD_072_01.ros
* Sea-Bird SBE 9 Data File:
* FileName = C:\Users\scs.user.rb\CTD\RB2102\Data\RB2102_CTD_072_01.hex
* Software Version Seasave V 7.26.7.107
* Temperature SN = 6202
* Conductivity SN = 4907
* Number of Bytes Per Scan = 41
* Number of Voltage Words = 4
* Number of Scans Averaged by the Deck Unit = 1
* NMEA Latitude = 40 14.03 N
* NMEA Longitude = 124 24.68 W
* NMEA UTC (Time) = Jul 09 2021  08:27:12
* NMEA baud rate = 4800
# nquan = 30
# nvalues = 784                                   
# units = specified
# name 0 = scan: Scan Count
# name 1 = timeS: Time, Elapsed [seconds]
# name 2 = depSM: Depth [salt water, m]
# name 3 = prDM: Pressure, Digiquartz [db]
# name 4 = t090C: Temperature [ITS-90, deg C]
# name 5 = t190C: Temperature, 2 [ITS-90, deg C]
# name 6 = c0mS/cm: Conductivity [mS/cm]
# name 7 = c1mS/cm: Conductivity, 2 [mS/cm]
# name 8 = potemp090C: Potential Temperature [ITS-90, deg C]
# name 9 = potemp190C: Potential Temperature, 2 [ITS-90, deg C]
# name 10 = sal00: Salinity, Practical [PSU]
# name 11 = sal11: Salinity, Practical, 2 [PSU]
# name 12 = sigma-é00: Density [sigma-theta, kg/m^3]
# name 13 = sigma-é11: Density, 2 [sigma-theta, kg/m^3]
# name 14 = sbeox0Mg/L: Oxygen, SBE 43 [mg/l]
# name 15 = sbeox1Mg/L: Oxygen, SBE 43, 2 [mg/l]
# name 16 = sbox0Mm/Kg: Oxygen, SBE 43 [umol/kg]
# name 17 = sbox1Mm/Kg: Oxygen, SBE 43, 2 [umol/kg]
# name 18 = sbeox0V: Oxygen raw, SBE 43 [V]
# name 19 = sbeox1V: Oxygen raw, SBE 43, 2 [V]
# name 20 = v4: Voltage 4
# name 21 = flECO-AFL: Fluorescence, WET Labs ECO-AFL/FL [mg/m^3]
# name 22 = v3: Voltage 3
# name 23 = v6: Voltage 6
# name 24 = v7: Voltage 7
# name 25 = longitude: Longitude [deg]
# name 26 = latitude: Latitude [deg]
# name 27 = altM: Altimeter [m]
# name 28 = nbf: Bottles Fired
# name 29 = flag:  0.000e+00
# interval = seconds: 0.0416667
# start_time = Jul 09 2021 08:27:12 [NMEA time, header]
# bad_flag = -9.990e-29
*END*
[from data line 484]
      32663   1360.917     20.761     20.923     8.9754     8.9787  36.166966  36.168936     8.9732     8.9765    33.9877    33.9866    26.3297    26.3283     4.4664     4.6308    135.997    141.003     1.4884     1.4567     0.0464     0.1350     3.3053     0.0464     0.0024 -124.41320   40.23358      78.19         10  0.000e+00
      32664   1360.958     20.761     20.923     8.9763     8.9784  36.167348  36.168682     8.9741     8.9762    33.9872    33.9866    26.3291    26.3284     4.4663     4.6309    135.994    141.004     1.4884     1.4567     0.0464     0.1350     3.3053     0.0464     0.0024 -124.41320   40.23358      78.02         10  0.000e+00
      32665   1361.000     20.761     20.923     8.9773     8.9781  36.168367  36.168618     8.9751     8.9758    33.9873    33.9869    26.3291    26.3286     4.4662     4.6309    135.991    141.005     1.4884     1.4567     0.0464     0.1350     3.3065     0.0476     0.0024 -124.41320   40.23358      77.90         10  0.000e+00
      32666   1361.042     20.715     20.876     8.9784     8.9781  36.168303  36.168363     8.9762     8.9758    33.9862    33.9866    26.3280    26.3284     4.4661     4.6309    135.988    141.005     1.4884     1.4567     0.0464     0.1350     3.3053     0.0488     0.0024 -124.41320   40.23358      77.88         10  0.000e+00
      32667   1361.083     20.761     20.923     8.9783     8.9777  36.168813  36.168300     8.9761     8.9755    33.9868    33.9868    26.3286    26.3286     4.4716     4.6309    136.154    141.006     1.4896     1.4567     0.0464     0.1350     3.3053     0.0476     0.0024 -124.41320   40.23358      77.88         10  0.000e+00
      32668   1361.125     20.761     20.923     8.9786     8.9779  36.168494  36.168300     8.9764     8.9757    33.9862    33.9867    26.3280    26.3285     4.4716     4.6309    136.154    141.006     1.4896     1.4567     0.0464     0.1350     3.3065     0.0464     0.0024 -124.41320   40.23358      77.88         10  0.000e+00
      34638   1443.208     15.342     15.462     9.0081     9.0104  36.191153  36.192726     9.0064     9.0088    33.9842    33.9836    26.3217    26.3208     4.5959     4.7664    139.941    145.131     1.5189     1.4860     0.0464     0.1350     3.3053     0.0391     0.0171 -124.41328   40.23356      83.96         11  0.000e+00
      34639   1443.250     15.342     15.462     9.0079     9.0098  36.190898  36.192662     9.0063     9.0081    33.9841    33.9842    26.3216    26.3214     4.5959     4.7664    139.942    145.132     1.5189     1.4860     0.0464     0.1350     3.3028     0.0391     0.0171 -124.41328   40.23356      83.81         11  0.000e+00
      34640   1443.292     15.402     15.522     9.0081     9.0098  36.191408  36.192662     9.0064     9.0081    33.9845    33.9842    26.3219    26.3214     4.5960     4.7665    139.942    145.134     1.5189     1.4860     0.0464     0.1350     3.3053     0.0391     0.0171 -124.41328   40.23356      83.79         11  0.000e+00
      34641   1443.333     15.296     15.415     9.0081     9.0093  36.191217  36.192662     9.0065     9.0077    33.9843    33.9847    26.3217    26.3218     4.5959     4.7664    139.940    145.133     1.5189     1.4860     0.0464     0.1350     3.3053     0.0379     0.0171 -124.41328   40.23356      83.79         11  0.000e+00
      34642   1443.375     15.402     15.522     9.0077     9.0090  36.191154  36.192408     9.0061     9.0073    33.9845    33.9847    26.3220    26.3219     4.5960     4.7665    139.943    145.136     1.5189     1.4860     0.0464     0.1350     3.3028     0.0379     0.0171 -124.41328   40.23356      83.81         11  0.000e+00
      34643   1443.417     15.342     15.462     9.0077     9.0088  36.190962  36.192089     9.0061     9.0071    33.9844    33.9845    26.3218    26.3218     4.5960     4.7665    139.942    145.136     1.5189     1.4860     0.0464     0.1350     3.3053     0.0379     0.0171 -124.41328   40.23356      83.81         11  0.000e+00
      34644   1443.458     15.343     15.462     9.0076     9.0085  36.190389  36.192217     9.0060     9.0068    33.9839    33.9850    26.3215    26.3222     4.5960     4.7665    139.943    145.136     1.5189     1.4860     0.0464     0.1350     3.3053     0.0379     0.0171 -124.41328   40.23356      83.96         11  0.000e+00
      34645   1443.500     15.349     15.469     9.0073     9.0081  36.190198  36.192089     9.0056     9.0065    33.9840    33.9852    26.3216    26.3224     4.5960     4.7666    139.944    145.137     1.5189     1.4860     0.0464     0.1350     3.3040     0.0379     0.0171 -124.41328   40.23356      84.10         11  0.000e+00
      34646   1443.542     15.243     15.362     9.0068     9.0081  36.190261  36.191516     9.0051     9.0065    33.9846    33.9846    26.3222    26.3220     4.5960     4.7725    139.943    145.316     1.5189     1.4872     0.0464     0.1350     3.3040     0.0366     0.0171 -124.41328   40.23356      84.13         11  0.000e+00
      34647   1443.583     15.343     15.462     9.0071     9.0080  36.190452  36.191835     9.0055     9.0063    33.9844    33.9850    26.3220    26.3223     4.5960     4.7725    139.944    145.318     1.5189     1.4872     0.0464     0.1350     3.3053     0.0366     0.0171 -124.41328   40.23356      84.13         11  0.000e+00
      34648   1443.625     15.303     15.422     9.0063     9.0081  36.189624  36.191771     9.0047     9.0065    33.9844    33.9848    26.3221    26.3222     4.5961     4.7725    139.946    145.317     1.5189     1.4872     0.0464     0.1350     3.3028     0.0366     0.0171 -124.41328   40.23356      84.13         11  0.000e+00
      34649   1443.667     15.296     15.415     9.0058     9.0085  36.189242  36.191898     9.0042     9.0068    33.9844    33.9847    26.3222    26.3220     4.5961     4.7724    139.947    145.316     1.5189     1.4872     0.0464     0.1350     3.3053     0.0366     0.0171 -124.41328   40.23356      84.13         11  0.000e+00
      34650   1443.708     15.303     15.422     9.0057     9.0085  36.189242  36.192026     9.0040     9.0068    33.9846    33.9848    26.3223    26.3221     4.5961     4.7724    139.948    145.316     1.5189     1.4872     0.0464     0.1350     3.3040     0.0366     0.0171 -124.41328   40.23356      84.03         11  0.000e+00
      34651   1443.750     15.296     15.415     9.0060     9.0083  36.189560  36.191516     9.0043     9.0067    33.9846    33.9844    26.3223    26.3218     4.6015     4.7725    140.112    145.317     1.5201     1.4872     0.0464     0.1350     3.3053     0.0366     0.0171 -124.41328   40.23356      83.91         11  0.000e+00
      34652   1443.792     15.296     15.415     9.0055     9.0083  36.188860  36.191707     9.0039     9.0067    33.9843    33.9846    26.3222    26.3219     4.6016     4.7725    140.114    145.317     1.5201     1.4872     0.0464     0.1350     3.3053     0.0366     0.0171 -124.41328   40.23356      83.91         11  0.000e+00
      34653   1443.833     15.303     15.422     9.0050     9.0083  36.188668  36.191707     9.0034     9.0067    33.9846    33.9846    26.3225    26.3219     4.5962     4.7784    139.950    145.497     1.5189     1.4884     0.0464     0.1350     3.3040     0.0366     0.0171 -124.41328   40.23356      83.91         11  0.000e+00
      34654   1443.875     15.243     15.362     9.0047     9.0088  36.188605  36.191707     9.0030     9.0072    33.9849    33.9842    26.3227    26.3215     4.5962     4.7724    139.950    145.314     1.5189     1.4872     0.0464     0.1350     3.3028     0.0366     0.0171 -124.41328   40.23356      83.91         11  0.000e+00
      34655   1443.917     15.243     15.362     9.0045     9.0088  36.188796  36.191898     9.0029     9.0072    33.9852    33.9844    26.3230    26.3217     4.5962     4.7783    139.950    145.495     1.5189     1.4884     0.0464     0.1350     3.3028     0.0354     0.0159 -124.41328   40.23356      83.91         11  0.000e+00
      34656   1443.958     15.250     15.369     9.0045     9.0088  36.188541  36.191771     9.0029     9.0072    33.9850    33.9842    26.3228    26.3216     4.5962     4.7783    139.950    145.495     1.5189     1.4884     0.0464     0.1350     3.3053     0.0354     0.0159 -124.41328   40.23356      83.79         11  0.000e+00
      34657   1444.000     15.243     15.362     9.0045     9.0088  36.188286  36.191898     9.0029     9.0072    33.9847    33.9844    26.3226    26.3217     4.5962     4.7783    139.950    145.495     1.5189     1.4884     0.0464     0.1350     3.3053     0.0366     0.0159 -124.41328   40.23356      83.66         11  0.000e+00
      34658   1444.042     15.243     15.362     9.0048     9.0085  36.189051  36.191771     9.0032     9.0068    33.9852    33.9846    26.3230    26.3219     4.6016     4.7783    140.114    145.496     1.5201     1.4884     0.0464     0.1350     3.3040     0.0354     0.0159 -124.41328   40.23356      83.64         11  0.000e+00
      34659   1444.083     15.250     15.369     9.0048     9.0085  36.188987  36.191707     9.0032     9.0068    33.9851    33.9845    26.3229    26.3218     4.5962     4.7784    139.949    145.496     1.5189     1.4884     0.0464     0.1350     3.3053     0.0354     0.0159 -124.41328   40.23356      83.66         11  0.000e+00
      34660   1444.125     15.243     15.362     9.0047     9.0085  36.188159  36.191707     9.0030     9.0068    33.9844    33.9845    26.3224    26.3218     4.6017     4.7783    140.116    145.496     1.5201     1.4884     0.0464     0.1350     3.3040     0.0354     0.0159 -124.41328   40.23356      83.66         11  0.000e+00
      34661   1444.167     15.250     15.369     9.0044     9.0085  36.188286  36.191707     9.0027     9.0068    33.9848    33.9845    26.3228    26.3218     4.6017     4.7784    140.116    145.496     1.5201     1.4884     0.0464     0.1350     3.3053     0.0354     0.0159 -124.41328   40.23356      83.66         11  0.000e+00
      34662   1444.208     15.197     15.315     9.0045     9.0088  36.188031  36.191707     9.0029     9.0072    33.9845    33.9842    26.3224    26.3216     4.5962     4.7783    139.950    145.494     1.5189     1.4884     0.0464     0.1350     3.3053     0.0354     0.0159 -124.41328   40.23356      83.64         11  0.000e+00
      34663   1444.250     15.197     15.315     9.0044     9.0086  36.188158  36.191707     9.0027     9.0070    33.9847    33.9843    26.3227    26.3217     4.6017     4.7783    140.116    145.494     1.5201     1.4884     0.0464     0.1350     3.3040     0.0354     0.0159 -124.41328   40.23356      83.61         11  0.000e+00
      34664   1444.292     15.204     15.322     9.0042     9.0083  36.188605  36.191707     9.0025     9.0067    33.9854    33.9846    26.3232    26.3220     4.6017     4.7783    140.116    145.495     1.5201     1.4884     0.0464     0.1350     3.3053     0.0354     0.0159 -124.41328   40.23356      83.61         11  0.000e+00
      34665   1444.333     15.244     15.362     9.0047     9.0084  36.188350  36.191898     9.0030     9.0068    33.9846    33.9847    26.3225    26.3220     4.6017     4.7843    140.116    145.676     1.5201     1.4896     0.0464     0.1350     3.3028     0.0342     0.0171 -124.41328   40.23356      83.59         11  0.000e+00
      34666   1444.375     15.197     15.315     9.0044     9.0077  36.188095  36.191516     9.0027     9.0060    33.9847    33.9851    26.3226    26.3224     4.6017     4.7784    140.116    145.497     1.5201     1.4884     0.0464     0.1350     3.3040     0.0354     0.0159 -124.41328   40.23356      83.61         11  0.000e+00
      34667   1444.417     15.204     15.322     9.0040     9.0075  36.187712  36.191580     9.0024     9.0058    33.9846    33.9853    26.3226    26.3226     4.6017     4.7784    140.117    145.498     1.5201     1.4884     0.0464     0.1350     3.3053     0.0342     0.0159 -124.41328   40.23356      83.61         11  0.000e+00
      34668   1444.458     15.197     15.315     9.0034     9.0073  36.186884  36.191197     9.0018     9.0057    33.9843    33.9851    26.3225    26.3225     4.6018     4.7784    140.119    145.498     1.5201     1.4884     0.0464     0.1350     3.3053     0.0342     0.0159 -124.41328   40.23356      83.74         11  0.000e+00
      34669   1444.500     15.197     15.315     9.0022     9.0070  36.185992  36.190815     9.0006     9.0054    33.9845    33.9850    26.3228    26.3224     4.6019     4.7844    140.123    145.680     1.5201     1.4896     0.0464     0.1350     3.3040     0.0342     0.0159 -124.41328   40.23356      83.86         11  0.000e+00
      34670   1444.542     15.158     15.275     9.0012     9.0068  36.184973  36.190943     8.9996     9.0052    33.9844    33.9853    26.3229    26.3227     4.6020     4.7785    140.125    145.499     1.5201     1.4884     0.0464     0.1350     3.3053     0.0342     0.0159 -124.41328   40.23356      83.88         11  0.000e+00
      34671   1444.583     15.197     15.316     9.0006     9.0068  36.184782  36.190815     8.9990     9.0052    33.9848    33.9852    26.3233    26.3226     4.6021     4.7844    140.128    145.680     1.5201     1.4896     0.0464     0.1350     3.3040     0.0342     0.0159 -124.41328   40.23356      83.88         11  0.000e+00
      34672   1444.625     15.158     15.276     8.9999     9.0068  36.184272  36.190752     8.9983     9.0052    33.9849    33.9851    26.3235    26.3226     4.6021     4.7844    140.129    145.680     1.5201     1.4896     0.0464     0.1350     3.3028     0.0354     0.0171 -124.41328   40.23356      83.86         11  0.000e+00
      34673   1444.667     15.197     15.316     8.9986     9.0068  36.182871  36.190561     8.9970     9.0052    33.9847    33.9849    26.3235    26.3224     4.6077     4.7844    140.300    145.681     1.5214     1.4896     0.0464     0.1350     3.3028     0.0342     0.0171 -124.41328   40.23356      83.88         11  0.000e+00
      34674   1444.708     15.151     15.269     8.9977     9.0065  36.182106  36.190115     8.9961     9.0049    33.9848    33.9848    26.3238    26.3224     4.6078     4.7844    140.302    145.681     1.5214     1.4896     0.0464     0.1350     3.3040     0.0354     0.0171 -124.41328   40.23356      83.91         11  0.000e+00
      34675   1444.750     15.204     15.322     8.9968     9.0060  36.181151  36.189797     8.9952     9.0044    33.9846    33.9849    26.3238    26.3225     4.6025     4.7786    140.140    145.503     1.5201     1.4884     0.0464     0.1350     3.3040     0.0342     0.0171 -124.41328   40.23356      83.96         11  0.000e+00
      34676   1444.792     15.197     15.316     8.9954     9.0049  36.180131  36.188969     8.9937     9.0033    33.9850    33.9851    26.3243    26.3229     4.6026     4.7846    140.145    145.687     1.5201     1.4896     0.0464     0.1350     3.3053     0.0342     0.0159 -124.41330   40.23356      83.96         11  0.000e+00
      34677   1444.833     15.151     15.269     8.9941     9.0046  36.179303  36.188269     8.9925     9.0029    33.9853    33.9847    26.3247    26.3226     4.6027     4.7847    140.147    145.688     1.5201     1.4896     0.0464     0.1350     3.3040     0.0342     0.0171 -124.41330   40.23356      83.96         11  0.000e+00
      34678   1444.875     15.158     15.276     8.9928     9.0039  36.177965  36.188332     8.9911     9.0023    33.9852    33.9854    26.3249    26.3232     4.6029     4.7847    140.152    145.690     1.5201     1.4896     0.0464     0.1350     3.3053     0.0342     0.0171 -124.41330   40.23356      83.96         11  0.000e+00
