WCOA/WCOA-6/CTD_Data/RB2102_CTD_021_01.ros
* Sea-Bird SBE 9 Data File:
* FileName = C:\Users\scs.user.rb\CTD\RB2102\Data\RB2102_CTD_021_01.hex
* Software Version Seasave V 7.26.7.107
* Temperature SN = 6202
* Conductivity SN = 4907
* Number of Bytes Per Scan = 41
* Number of Voltage Words = 4
* Number of Scans Averaged by the Deck Unit = 1
* NMEA Latitude = 47 57.52 N
* NMEA Longitude = 125 19.88 W
* NMEA UTC (Time) = Jun 29 2021  02:23:56
* NMEA baud rate = 4800
# nquan = 30
# nvalues = 931                                   
# units = specified
# name 0 = scan: Scan Count
# name 1 = timeS: Time, Elapsed [seconds]
# name 2 = depSM: Depth [salt water, m]
# name 3 = prDM: Pressure, Digiquartz [db]
# name 4 = t090C: Temperature [ITS-90, deg C]
# name 5 = t190C: Temperature, 2 [ITS-90, deg C]
# name 6 = c0mS/cm: Conductivity [mS/cm]
# name 7 = c1mS/cm: Conductivity, 2 [mS/cm]
# name 8 = potemp090C: Potential Temperature [ITS-90, deg C]
# name 9 = potemp190C: Potential Temperature, 2 [ITS-90, deg C]
# name 10 = sal00: Salinity, Practical [PSU]
# name 11 = sal11: Salinity, Practical, 2 [PSU]
# name 12 = sigma-é00: Density [sigma-theta, kg/m^3]
# name 13 = sigma-é11: Density, 2 [sigma-theta, kg/m^3]
# name 14 = sbeox0Mg/L: Oxygen, SBE 43 [mg/l]
# name 15 = sbeox1Mg/L: Oxygen, SBE 43, 2 [mg/l]
# name 16 = sbox0Mm/Kg: Oxygen, SBE 43 [umol/kg]
# name 17 = sbox1Mm/Kg: Oxygen, SBE 43, 2 [umol/kg]
# name 18 = sbeox0V: Oxygen raw, SBE 43 [V]
# name 19 = sbeox1V: Oxygen raw, SBE 43, 2 [V]
# name 20 = v4: Voltage 4
# name 21 = flECO-AFL: Fluorescence, WET Labs ECO-AFL/FL [mg/m^3]
# name 22 = v3: Voltage 3
# name 23 = v6: Voltage 6
# name 24 = v7: Voltage 7
# name 25 = longitude: Longitude [deg]
# name 26 = latitude: Latitude [deg]
# name 27 = altM: Altimeter [m]
# name 28 = nbf: Bottles Fired
# name 29 = flag:  0.000e+00
# interval = seconds: 0.0416667
# start_time = Jun 29 2021 02:23:56 [NMEA time, header]
# bad_flag = -9.990e-29
*END*
[from data line 436]
      68984   2874.292     99.414    100.279     7.5491     7.5519  34.679014  34.679678     7.5396     7.5423    33.7432    33.7412    26.3535    26.3516     4.4755     4.3995    136.271    133.955     1.4457     1.3675     0.0415     0.0129     3.3590     1.5421     0.0134 -125.33376   47.96028      99.56          9  0.000e+00
      68985   2874.333     99.460    100.326     7.5491     7.5517  34.678952  34.679616     7.5396     7.5421    33.7431    33.7413    26.3534    26.3517     4.4756     4.3995    136.272    133.956     1.4457     1.3675     0.0403    -0.0177     3.3590     1.5409     0.0134 -125.33376   47.96028      99.56          9  0.000e+00
      68986   2874.375     99.414    100.279     7.5489     7.5519  34.678576  34.679616     7.5393     7.5423    33.7429    33.7412    26.3533    26.3515     4.4756     4.3995    136.272    133.955     1.4457     1.3675     0.0415     0.0129     3.3590     1.5409     0.0134 -125.33376   47.96028      99.56          9  0.000e+00
      68987   2874.417     99.361    100.226     7.5489     7.5525  34.678137  34.679803     7.5394     7.5429    33.7424    33.7408    26.3530    26.3511     4.4755     4.3994    136.272    133.952     1.4457     1.3675     0.0415     0.0129     3.3578     1.5409     0.0134 -125.33376   47.96028      99.56          9  0.000e+00
      68988   2874.458     99.368    100.232     7.5488     7.5527  34.678074  34.679678     7.5392     7.5431    33.7425    33.7404    26.3530    26.3509     4.4756     4.3994    136.272    133.952     1.4457     1.3675     0.0415     0.0129     3.3578     1.5409     0.0134 -125.33376   47.96028      99.56          9  0.000e+00
      73197   3049.833     80.433     81.129     7.3173     7.3178  34.130570  34.130079     7.3098     7.3103    33.3824    33.3814    26.1021    26.1012     5.0104     4.8567    152.595    147.912     1.5543     1.4518     0.0415     0.0129     3.3565     1.5311     0.0134 -125.33358   47.96046      99.49         10  0.000e+00
      73198   3049.875     80.433     81.129     7.3175     7.3176  34.130819  34.130017     7.3099     7.3101    33.3825    33.3815    26.1022    26.1014     5.0104     4.8567    152.594    147.913     1.5543     1.4518     0.0415     0.0129     3.3553     1.5311     0.0134 -125.33358   47.96046      99.51         10  0.000e+00
      73199   3049.917     80.433     81.129     7.3173     7.3174  34.131068  34.129893     7.3097     7.3099    33.3830    33.3815    26.1026    26.1014     5.0104     4.8567    152.594    147.913     1.5543     1.4518     0.0403    -0.0177     3.3565     1.5311     0.0134 -125.33358   47.96046      99.49         10  0.000e+00
      73200   3049.958     80.486     81.183     7.3175     7.3171  34.130882  34.129831     7.3099     7.3096    33.3826    33.3818    26.1022    26.1016     5.0104     4.8568    152.595    147.915     1.5543     1.4518     0.0415     0.0129     3.3565     1.5311     0.0134 -125.33358   47.96046      99.51         10  0.000e+00
      73201   3050.000     80.532     81.230     7.3175     7.3169  34.130820  34.129831     7.3099     7.3093    33.3825    33.3820    26.1021    26.1018     5.0105     4.8568    152.596    147.917     1.5543     1.4518     0.0415     0.0129     3.3565     1.5311     0.0134 -125.33358   47.96046      99.49         10  0.000e+00
      73202   3050.042     80.486     81.183     7.3173     7.3166  34.130819  34.129831     7.3098     7.3091    33.3826    33.3822    26.1023    26.1021     5.0104     4.8568    152.595    147.917     1.5543     1.4518     0.0415     0.0129     3.3565     1.5311     0.0134 -125.33358   47.96046      99.49         10  0.000e+00
      73203   3050.083     80.579     81.277     7.3171     7.3161  34.130322  34.130018     7.3096     7.3086    33.3822    33.3829    26.1020    26.1026     5.0105     4.8569    152.598    147.919     1.5543     1.4518     0.0403    -0.0177     3.3565     1.5311     0.0134 -125.33358   47.96046      99.51         10  0.000e+00
      73204   3050.125     80.533     81.230     7.3172     7.3155  34.130197  34.130080     7.3096     7.3080    33.3821    33.3836    26.1019    26.1033     5.0162     4.8569    152.772    147.920     1.5556     1.4518     0.0415     0.0129     3.3553     1.5311     0.0134 -125.33358   47.96046      99.49         10  0.000e+00
      73205   3050.167     80.632     81.330     7.3170     7.3156  34.130197  34.130080     7.3094     7.3080    33.3822    33.3835    26.1020    26.1032     5.0106     4.8570    152.600    147.922     1.5543     1.4518     0.0415     0.0129     3.3553     1.5311     0.0134 -125.33358   47.96046      99.51         10  0.000e+00
      73206   3050.208     80.579     81.277     7.3172     7.3153  34.130384  34.130764     7.3096     7.3078    33.3823    33.3845    26.1020    26.1040     5.0163     4.8632    152.773    148.111     1.5556     1.4530     0.0415     0.0129     3.3553     1.5311     0.0134 -125.33358   47.96046      99.51         10  0.000e+00
      73207   3050.250     80.579     81.277     7.3170     7.3148  34.130073  34.131262     7.3094     7.3073    33.3821    33.3855    26.1019    26.1049     5.0106     4.8570    152.599    147.921     1.5543     1.4518     0.0403    -0.0177     3.3553     1.5311     0.0134 -125.33358   47.96046      99.51         10  0.000e+00
      73208   3050.292     80.632     81.330     7.3168     7.3147  34.129948  34.130827     7.3093     7.3071    33.3821    33.3851    26.1019    26.1046     5.0106     4.8570    152.601    147.923     1.5543     1.4518     0.0415     0.0129     3.3553     1.5311     0.0134 -125.33358   47.96046      99.51         10  0.000e+00
      73209   3050.333     80.678     81.377     7.3168     7.3148  34.130322  34.130703     7.3092     7.3072    33.3825    33.3849    26.1023    26.1044     5.0106     4.8571    152.601    147.924     1.5543     1.4518     0.0415     0.0129     3.3553     1.5311     0.0134 -125.33358   47.96046      99.51         10  0.000e+00
      73210   3050.375     80.632     81.330     7.3164     7.3147  34.130073  34.130516     7.3088     7.3071    33.3827    33.3848    26.1025    26.1043     5.0107     4.8571    152.602    147.924     1.5543     1.4518     0.0403    -0.0177     3.3565     1.5311     0.0134 -125.33358   47.96046      99.51         10  0.000e+00
      73211   3050.417     80.732     81.430     7.3160     7.3148  34.129949  34.131574     7.3084     7.3073    33.3829    33.3857    26.1027    26.1051     5.0108     4.8633    152.605    148.115     1.5543     1.4530     0.0415     0.0129     3.3553     1.5311     0.0134 -125.33358   47.96046      99.51         10  0.000e+00
      73212   3050.458     80.732     81.431     7.3155     7.3152  34.129949  34.132632     7.3080     7.3076    33.3833    33.3866    26.1030    26.1057     5.0108     4.8633    152.606    148.112     1.5543     1.4530     0.0415     0.0129     3.3553     1.5311     0.0134 -125.33358   47.96046      99.51         10  0.000e+00
      73213   3050.500     80.679     81.377     7.3152     7.3156  34.130198  34.133378     7.3076     7.3080    33.3839    33.3870    26.1036    26.1060     5.0108     4.8569    152.606    147.919     1.5543     1.4518     0.0415     0.0129     3.3565     1.5311     0.0134 -125.33358   47.96046      99.49         10  0.000e+00
      73214   3050.542     80.732     81.431     7.3147     7.3163  34.130883  34.135059     7.3072     7.3087    33.3851    33.3881    26.1046    26.1067     5.0108     4.8631    152.607    148.107     1.5543     1.4530     0.0415     0.0129     3.3565     1.5311     0.0134 -125.33358   47.96046      99.51         10  0.000e+00
      73215   3050.583     80.778     81.477     7.3144     7.3168  34.130634  34.136801     7.3068     7.3092    33.3851    33.3895    26.1046    26.1078     5.0109     4.8630    152.609    148.104     1.5543     1.4530     0.0403    -0.0177     3.3565     1.5311     0.0134 -125.33358   47.96046      99.49         10  0.000e+00
      73216   3050.625     80.732     81.431     7.3139     7.3179  34.130696  34.138046     7.3064     7.3104    33.3857    33.3898    26.1051    26.1078     5.0109     4.8628    152.609    148.099     1.5543     1.4530     0.0415     0.0129     3.3565     1.5311     0.0134 -125.33358   47.96046      99.49         10  0.000e+00
      73217   3050.667     80.824     81.524     7.3137     7.3178  34.131008  34.138357     7.3062     7.3103    33.3861    33.3902    26.1055    26.1081     5.0167     4.8629    152.786    148.100     1.5556     1.4530     0.0415     0.0129     3.3553     1.5311     0.0134 -125.33358   47.96046      99.51         10  0.000e+00
      73218   3050.708     80.778     81.478     7.3133     7.3173  34.131817  34.136801     7.3057     7.3097    33.3875    33.3890    26.1067    26.1073     5.0110     4.8630    152.611    148.103     1.5543     1.4530     0.0415     0.0129     3.3553     1.5311     0.0134 -125.33358   47.96046      99.49         10  0.000e+00
      73219   3050.750     80.825     81.524     7.3128     7.3168  34.132067  34.135557     7.3052     7.3092    33.3882    33.3881    26.1073    26.1067     5.0168     4.8631    152.787    148.107     1.5556     1.4530     0.0403    -0.0177     3.3565     1.5311     0.0134 -125.33358   47.96046      99.49         10  0.000e+00
      73220   3050.792     80.825     81.524     7.3128     7.3160  34.131817  34.135059     7.3052     7.3084    33.3879    33.3884    26.1071    26.1070     5.0110     4.8632    152.613    148.109     1.5543     1.4530     0.0415     0.0129     3.3553     1.5311     0.0134 -125.33358   47.96046      99.51         10  0.000e+00
      73221   3050.833     80.825     81.524     7.3128     7.3155  34.131257  34.133690     7.3052     7.3079    33.3873    33.3873    26.1066    26.1062     5.0111     4.8633    152.614    148.112     1.5543     1.4530     0.0415     0.0129     3.3553     1.5311     0.0134 -125.33358   47.96046      99.51         10  0.000e+00
      73222   3050.875     80.878     81.578     7.3128     7.3149  34.131569  34.131512     7.3052     7.3074    33.3876    33.3855    26.1068    26.1049     5.0168     4.8697    152.789    148.308     1.5556     1.4542     0.0403    -0.0177     3.3578     1.5311     0.0134 -125.33358   47.96046      99.49         10  0.000e+00
      73223   3050.917     80.825     81.525     7.3128     7.3148  34.131755  34.131201     7.3052     7.3073    33.3879    33.3853    26.1070    26.1047     5.0168     4.8634    152.788    148.117     1.5556     1.4530     0.0403    -0.0177     3.3565     1.5311     0.0134 -125.33358   47.96046      99.51         10  0.000e+00
      73224   3050.958     80.878     81.578     7.3126     7.3140  34.131755  34.134810     7.3051     7.3064    33.3880    33.3900    26.1071    26.1085     5.0168     4.8634    152.789    148.116     1.5556     1.4530     0.0415     0.0129     3.3565     1.5311     0.0134 -125.33358   47.96046      99.49         10  0.000e+00
      73225   3051.000     80.924     81.625     7.3125     7.3110  34.131756  34.143959     7.3049     7.3034    33.3881    33.4028    26.1073    26.1190     5.0169     4.8696    152.790    148.305     1.5556     1.4542     0.0415     0.0129     3.3553     1.5311     0.0134 -125.33358   47.96046      99.51         10  0.000e+00
      73226   3051.042     80.878     81.578     7.3121     7.3088  34.131506  34.147756     7.3046     7.3012    33.3882    33.4091    26.1074    26.1243     5.0169     4.8697    152.791    148.305     1.5556     1.4542     0.0415     0.0129     3.3553     1.5311     0.0134 -125.33358   47.96046      99.49         10  0.000e+00
      73227   3051.083     80.924     81.625     7.3125     7.3082  34.132005  34.147569     7.3049     7.3006    33.3884    33.4094    26.1075    26.1246     5.0169     4.8698    152.790    148.308     1.5556     1.4542     0.0403    -0.0177     3.3553     1.5311     0.0134 -125.33358   47.96046      99.51         10  0.000e+00
      73228   3051.125     80.977     81.678     7.3126     7.3064  34.132067  34.152736     7.3051     7.2988    33.3883    33.4168    26.1074    26.1306     5.0169     4.8698    152.791    148.308     1.5556     1.4542     0.0415     0.0129     3.3565     1.5311     0.0134 -125.33358   47.96046      99.49         10  0.000e+00
      73229   3051.167     80.924     81.625     7.3123     7.3048  34.132503  34.158462     7.3047     7.2972    33.3891    33.4245    26.1081    26.1370     5.0111     4.8697    152.615    148.304     1.5543     1.4542     0.0415     0.0129     3.3565     1.5311     0.0134 -125.33358   47.96046      99.51         10  0.000e+00
      73230   3051.208     80.924     81.625     7.3126     7.3048  34.132876  34.157591     7.3051     7.2972    33.3892    33.4236    26.1081    26.1363     5.0168     4.8697    152.789    148.305     1.5556     1.4542     0.0415     0.0129     3.3565     1.5311     0.0134 -125.33358   47.96046      99.49         10  0.000e+00
      73231   3051.250     80.977     81.678     7.3126     7.3061  34.132752  34.153296     7.3050     7.2985    33.3891    33.4176    26.1080    26.1314     5.0111     4.8698    152.615    148.308     1.5543     1.4542     0.0415     0.0129     3.3565     1.5311     0.0134 -125.33358   47.96046      99.49         10  0.000e+00
      73232   3051.292     80.977     81.679     7.3123     7.3061  34.133126  34.154354     7.3047     7.2985    33.3897    33.4188    26.1086    26.1323     5.0111     4.8698    152.616    148.307     1.5543     1.4542     0.0415     0.0129     3.3565     1.5311     0.0134 -125.33358   47.96046      99.51         10  0.000e+00
      73233   3051.333     80.977     81.679     7.3125     7.3051  34.133998  34.157155     7.3049     7.2976    33.3905    33.4228    26.1092    26.1356     5.0168     4.8760    152.789    148.496     1.5556     1.4554     0.0415     0.0129     3.3553     1.5311     0.0134 -125.33358   47.96046      99.51         10  0.000e+00
      73234   3051.375     81.024     81.725     7.3120     7.3056  34.134870  34.156533     7.3044     7.2980    33.3919    33.4216    26.1103    26.1346     5.0169     4.8760    152.790    148.497     1.5556     1.4554     0.0415     0.0129     3.3553     1.5311     0.0134 -125.33358   47.96046      99.51         10  0.000e+00
      73235   3051.417     80.978     81.679     7.3118     7.3067  34.135119  34.154479     7.3043     7.2991    33.3924    33.4183    26.1107    26.1318     5.0168     4.8760    152.789    148.495     1.5556     1.4554     0.0415     0.0129     3.3553     1.5311     0.0134 -125.33358   47.96046      99.51         10  0.000e+00
      73236   3051.458     80.978     81.679     7.3120     7.3067  34.135306  34.154541     7.3044     7.2991    33.3924    33.4184    26.1107    26.1319     5.0111     4.8760    152.614    148.495     1.5543     1.4554     0.0415     0.0129     3.3565     1.5311     0.0134 -125.33358   47.96046      99.49         10  0.000e+00
      73237   3051.500     81.024     81.726     7.3121     7.3058  34.136364  34.155288     7.3045     7.2982    33.3934    33.4201    26.1115    26.1334     5.0168     4.8760    152.788    148.498     1.5556     1.4554     0.0403    -0.0177     3.3578     1.5311     0.0134 -125.33358   47.96046      99.51         10  0.000e+00
      73238   3051.542     81.024     81.726     7.3125     7.3058  34.137112  34.153358     7.3049     7.2982    33.3939    33.4180    26.1118    26.1317     5.0110     4.8761    152.611    148.500     1.5543     1.4554     0.0415     0.0129     3.3565     1.5311     0.0134 -125.33358   47.96046      99.49         10  0.000e+00
