WCOA/WCOA-6/CTD_Data/RB2102_CTD_051_01.ros
* Sea-Bird SBE 9 Data File:
* FileName = C:\Users\scs.user.rb\CTD\RB2102\Data\RB2102_CTD_051_01.hex
* Software Version Seasave V 7.26.7.107
* Temperature SN = 6202
* Conductivity SN = 4907
* Number of Bytes Per Scan = 41
* Number of Voltage Words = 4
* Number of Scans Averaged by the Deck Unit = 1
* NMEA Latitude = 44 39.10 N
* NMEA Longitude = 124 10.53 W
* NMEA UTC (Time) = Jul 04 2021  11:06:37
* NMEA baud rate = 4800
# nquan = 30
# nvalues = 686                                   
# units = specified
# name 0 = scan: Scan Count
# name 1 = timeS: Time, Elapsed [seconds]
# name 2 = depSM: Depth [salt water, m]
# name 3 = prDM: Pressure, Digiquartz [db]
# name 4 = t090C: Temperature [ITS-90, deg C]
# name 5 = t190C: Temperature, 2 [ITS-90, deg C]
# name 6 = c0mS/cm: Conductivity [mS/cm]
# name 7 = c1mS/cm: Conductivity, 2 [mS/cm]
# name 8 = potemp090C: Potential Temperature [ITS-90, deg C]
# name 9 = potemp190C: Potential Temperature, 2 [ITS-90, deg C]
# name 10 = sal00: Salinity, Practical [PSU]
# name 11 = sal11: Salinity, Practical, 2 [PSU]
# name 12 = sigma-é00: Density [sigma-theta, kg/m^3]
# name 13 = sigma-é11: Density, 2 [sigma-theta, kg/m^3]
# name 14 = sbeox0Mg/L: Oxygen, SBE 43 [mg/l]
# name 15 = sbeox1Mg/L: Oxygen, SBE 43, 2 [mg/l]
# name 16 = sbox0Mm/Kg: Oxygen, SBE 43 [umol/kg]
# name 17 = sbox1Mm/Kg: Oxygen, SBE 43, 2 [umol/kg]
# name 18 = sbeox0V: Oxygen raw, SBE 43 [V]
# name 19 = sbeox1V: Oxygen raw, SBE 43, 2 [V]
# name 20 = v4: Voltage 4
# name 21 = flECO-AFL: Fluorescence, WET Labs ECO-AFL/FL [mg/m^3]
# name 22 = v3: Voltage 3
# name 23 = v6: Voltage 6
# name 24 = v7: Voltage 7
# name 25 = longitude: Longitude [deg]
# name 26 = latitude: Latitude [deg]
# name 27 = altM: Altimeter [m]
# name 28 = nbf: Bottles Fired
# name 29 = flag:  0.000e+00
# interval = seconds: 0.0416667
# start_time = Jul 04 2021 11:06:37 [NMEA time, header]
# bad_flag = -9.990e-29
*END*
      18053    752.167     47.588     47.981     8.0298     8.0283  35.100808  35.100163     8.0250     8.0236    33.7564    33.7571    26.2935    26.2942     1.9378     2.0655     59.004     62.896     0.9096     0.9170     0.0855     1.1118     3.3626     0.0000     0.0000 -124.17558   44.65168      10.43          1  0.000e+00
      18054    752.208     47.541     47.935     8.0293     8.0280  35.100241  35.100540     8.0245     8.0233    33.7563    33.7578    26.2935    26.2948     1.9378     2.0655     59.005     62.895     0.9096     0.9170     0.0855     1.1118     3.3626     0.0000     0.0000 -124.17558   44.65168      10.43          1  0.000e+00
      18055    752.250     47.588     47.981     8.0296     8.0285  35.100493  35.100540     8.0249     8.0237    33.7562    33.7573    26.2934    26.2944     1.9378     2.0655     59.005     62.895     0.9096     0.9170     0.0855     1.1118     3.3626     0.0000     0.0000 -124.17558   44.65168      10.43          1  0.000e+00
      18056    752.292     47.488     47.881     8.0298     8.0280  35.100870  35.100414     8.0251     8.0233    33.7565    33.7577    26.2935    26.2948     1.9377     2.0655     59.004     62.895     0.9096     0.9170     0.0855     1.1118     3.3626     0.0000     0.0000 -124.17558   44.65168      10.43          1  0.000e+00
      18057    752.333     47.522     47.915     8.0296     8.0280  35.100996  35.100162     8.0249     8.0233    33.7568    33.7574    26.2938    26.2945     1.9433     2.0655     59.174     62.895     0.9109     0.9170     0.0855     1.1118     3.3639     0.0000     0.0000 -124.17558   44.65168      10.43          1  0.000e+00
      18058    752.375     47.541     47.935     8.0298     8.0282  35.100493  35.100540     8.0250     8.0235    33.7560    33.7576    26.2932    26.2947     1.9433     2.0655     59.175     62.895     0.9109     0.9170     0.0855     1.1118     3.3626     0.0000     0.0000 -124.17558   44.65168      10.45          1  0.000e+00
      18059    752.417     47.541     47.935     8.0299     8.0282  35.100115  35.100477     8.0252     8.0235    33.7555    33.7576    26.2928    26.2946     1.9378     2.0655     59.004     62.895     0.9096     0.9170     0.0855     1.1118     3.3639     0.0000     0.0000 -124.17558   44.65168      10.48          1  0.000e+00
      18060    752.458     47.541     47.935     8.0297     8.0280  35.100241  35.100603     8.0250     8.0233    33.7558    33.7578    26.2930    26.2949     1.9434     2.0655     59.175     62.895     0.9109     0.9170     0.0855     1.1118     3.3626     0.0000     0.0000 -124.17558   44.65168      10.48          1  0.000e+00
      18061    752.500     47.488     47.881     8.0299     8.0280  35.100367  35.100917     8.0252     8.0233    33.7558    33.7582    26.2930    26.2952     1.9377     2.0716     59.004     63.081     0.9096     0.9182     0.0855     1.1118     3.3639     0.0000     0.0000 -124.17558   44.65168      10.48          1  0.000e+00
      18062    752.542     47.541     47.935     8.0302     8.0280  35.100807  35.100854     8.0255     8.0233    33.7559    33.7581    26.2930    26.2951     1.9433     2.0655     59.174     62.895     0.9109     0.9170     0.0855     1.1118     3.3639     0.0000     0.0000 -124.17558   44.65168      10.48          1  0.000e+00
      18063    752.583     47.522     47.915     8.0299     8.0279  35.100493  35.100729     8.0252     8.0231    33.7559    33.7582    26.2931    26.2951     1.9433     2.0655     59.174     62.895     0.9109     0.9170     0.0855     1.1118     3.3639     0.0000     0.0000 -124.17558   44.65168      10.48          1  0.000e+00
      18064    752.625     47.541     47.935     8.0299     8.0279  35.100556  35.100729     8.0252     8.0231    33.7560    33.7581    26.2931    26.2951     1.9433     2.0655     59.174     62.895     0.9109     0.9170     0.0855     1.1118     3.3639     0.0000     0.0000 -124.17558   44.65168      10.50          1  0.000e+00
      18065    752.667     47.541     47.935     8.0298     8.0280  35.100681  35.100477     8.0250     8.0233    33.7562    33.7577    26.2934    26.2948     1.9433     2.0716     59.175     63.081     0.9109     0.9182     0.0842     1.0812     3.3639     0.0000     0.0000 -124.17558   44.65168      10.50          1  0.000e+00
      18066    752.708     47.488     47.881     8.0296     8.0279  35.100681  35.100603     8.0249     8.0231    33.7565    33.7580    26.2936    26.2951     1.9433     2.0655     59.174     62.895     0.9109     0.9170     0.0855     1.1118     3.3639     0.0000     0.0000 -124.17558   44.65168      10.50          1  0.000e+00
      18067    752.750     47.541     47.935     8.0294     8.0282  35.100682  35.100225     8.0247     8.0235    33.7566    33.7573    26.2937    26.2944     1.9434     2.0655     59.175     62.895     0.9109     0.9170     0.0855     1.1118     3.3626     0.0000     0.0000 -124.17558   44.65168      10.50          1  0.000e+00
      18068    752.792     47.488     47.881     8.0298     8.0282  35.100429  35.100540     8.0251     8.0235    33.7560    33.7576    26.2932    26.2947     1.9433     2.0655     59.174     62.895     0.9109     0.9170     0.0855     1.1118     3.3626     0.0000     0.0000 -124.17558   44.65168      10.50          1  0.000e+00
      18069    752.833     47.522     47.915     8.0296     8.0280  35.100556  35.100540     8.0249     8.0233    33.7563    33.7578    26.2934    26.2948     1.9433     2.0655     59.175     62.895     0.9109     0.9170     0.0855     1.1118     3.3626     0.0000     0.0000 -124.17558   44.65168      10.50          1  0.000e+00
      18070    752.875     47.488     47.881     8.0293     8.0283  35.100430  35.099911     8.0245     8.0236    33.7565    33.7568    26.2936    26.2940     1.9434     2.0655     59.175     62.895     0.9109     0.9170     0.0855     1.1118     3.3626     0.0000     0.0000 -124.17558   44.65168      10.53          1  0.000e+00
      18071    752.917     47.488     47.881     8.0294     8.0285  35.100367  35.099973     8.0247     8.0238    33.7563    33.7567    26.2934    26.2939     1.9433     2.0716     59.175     63.080     0.9109     0.9182     0.0855     1.1118     3.3626     0.0000     0.0000 -124.17558   44.65168      10.53          1  0.000e+00
      18072    752.958     47.488     47.881     8.0293     8.0285  35.100555  35.100288     8.0245     8.0238    33.7566    33.7571    26.2937    26.2942     1.9434     2.0655     59.175     62.894     0.9109     0.9170     0.0855     1.1118     3.3626     0.0000     0.0000 -124.17558   44.65168      10.53          1  0.000e+00
      18073    753.000     47.488     47.881     8.0294     8.0288  35.100430  35.099910     8.0247     8.0241    33.7563    33.7564    26.2935    26.2936     1.9433     2.0655     59.175     62.894     0.9109     0.9170     0.0855     1.1118     3.3639     0.0000     0.0000 -124.17558   44.65168      10.53          1  0.000e+00
      18074    753.042     47.488     47.881     8.0296     8.0290  35.099863  35.099973     8.0249     8.0243    33.7556    33.7563    26.2929    26.2935     1.9434     2.0655     59.175     62.894     0.9109     0.9170     0.0855     1.1118     3.3639     0.0000     0.0000 -124.17558   44.65168      10.53          1  0.000e+00
      18075    753.083     47.522     47.915     8.0294     8.0288  35.100178  35.100288     8.0247     8.0241    33.7560    33.7568    26.2932    26.2939     1.9434     2.0655     59.175     62.894     0.9109     0.9170     0.0842     1.0812     3.3639     0.0000     0.0000 -124.17558   44.65168      10.55          1  0.000e+00
      18076    753.125     47.442     47.834     8.0293     8.0291  35.100555  35.100225     8.0245     8.0244    33.7567    33.7564    26.2938    26.2936     1.9433     2.0655     59.174     62.893     0.9109     0.9170     0.0867     1.1423     3.3639     0.0000     0.0000 -124.17558   44.65168      10.60          1  0.000e+00
      18077    753.167     47.488     47.881     8.0294     8.0290  35.100430  35.100540     8.0247     8.0243    33.7563    33.7569    26.2935    26.2940     1.9378     2.0716     59.004     63.080     0.9096     0.9182     0.0891     1.2033     3.3639     0.0000     0.0000 -124.17558   44.65168      10.60          1  0.000e+00
      18078    753.208     47.488     47.881     8.0296     8.0291  35.100555  35.100225     8.0249     8.0244    33.7563    33.7564    26.2934    26.2936     1.9377     2.0655     59.004     62.894     0.9096     0.9170     0.0891     1.2033     3.3639     0.0000     0.0000 -124.17558   44.65168      10.60          1  0.000e+00
      18079    753.250     47.488     47.881     8.0296     8.0291  35.100681  35.100099     8.0249     8.0244    33.7565    33.7563    26.2936    26.2935     1.9433     2.0655     59.174     62.894     0.9109     0.9170     0.0891     1.2033     3.3626     0.0000     0.0000 -124.17558   44.65168      10.60          1  0.000e+00
      18080    753.292     47.442     47.834     8.0298     8.0292  35.100429  35.099596     8.0251     8.0245    33.7560    33.7557    26.2932    26.2930     1.9433     2.0716     59.174     63.079     0.9109     0.9182     0.0891     1.2033     3.3626     0.0000     0.0000 -124.17558   44.65168      10.60          1  0.000e+00
      18081    753.333     47.475     47.868     8.0294     8.0290  35.100367  35.100414     8.0247     8.0243    33.7563    33.7567    26.2934    26.2939     1.9433     2.0655     59.174     62.894     0.9109     0.9170     0.0891     1.2033     3.3639     0.0000     0.0000 -124.17558   44.65168      10.62          1  0.000e+00
      18082    753.375     47.442     47.834     8.0299     8.0288  35.100555  35.100225     8.0252     8.0241    33.7560    33.7567    26.2932    26.2939     1.9433     2.0655     59.174     62.894     0.9109     0.9170     0.0891     1.2033     3.3626     0.0000     0.0000 -124.17558   44.65168      10.62          1  0.000e+00
      18083    753.417     47.442     47.834     8.0299     8.0292  35.100681  35.099910     8.0252     8.0245    33.7562    33.7560    26.2933    26.2933     1.9433     2.0655     59.174     62.893     0.9109     0.9170     0.0891     1.2033     3.3639     0.0000     0.0000 -124.17558   44.65168      10.65          1  0.000e+00
      18084    753.458     47.488     47.881     8.0296     8.0290  35.100430  35.100036     8.0249     8.0243    33.7562    33.7563    26.2933    26.2935     1.9433     2.0655     59.174     62.894     0.9109     0.9170     0.0891     1.2033     3.3639     0.0000     0.0000 -124.17558   44.65168      10.65          1  0.000e+00
      18085    753.500     47.396     47.788     8.0299     8.0288  35.100366  35.100288     8.0252     8.0241    33.7558    33.7568    26.2930    26.2940     1.9433     2.0655     59.173     62.893     0.9109     0.9170     0.0891     1.2033     3.3639     0.0000     0.0000 -124.17558   44.65168      10.65          1  0.000e+00
      18086    753.542     47.488     47.881     8.0299     8.0292  35.100115  35.100414     8.0252     8.0245    33.7555    33.7565    26.2928    26.2937     1.9433     2.0655     59.174     62.894     0.9109     0.9170     0.0891     1.2033     3.3626     0.0000     0.0000 -124.17558   44.65168      10.62          1  0.000e+00
      18087    753.583     47.429     47.821     8.0296     8.0290  35.100492  35.100162     8.0249     8.0243    33.7563    33.7565    26.2934    26.2937     1.9433     2.0655     59.174     62.893     0.9109     0.9170     0.0891     1.2033     3.3639     0.0000     0.0000 -124.17558   44.65168      10.65          1  0.000e+00
      18088    753.625     47.442     47.834     8.0298     8.0288  35.100429  35.100288     8.0251     8.0241    33.7560    33.7568    26.2932    26.2939     1.9433     2.0655     59.174     62.894     0.9109     0.9170     0.0891     1.2033     3.3626     0.0000     0.0000 -124.17558   44.65168      10.65          1  0.000e+00
      18089    753.667     47.442     47.834     8.0296     8.0290  35.100366  35.100414     8.0249     8.0243    33.7561    33.7568    26.2933    26.2939     1.9433     2.0655     59.174     62.893     0.9109     0.9170     0.0891     1.2033     3.3626     0.0000     0.0000 -124.17558   44.65168      10.65          1  0.000e+00
      18090    753.708     47.396     47.788     8.0296     8.0291  35.100555  35.100665     8.0249     8.0244    33.7564    33.7569    26.2935    26.2940     1.9433     2.0655     59.174     62.893     0.9109     0.9170     0.0891     1.2033     3.3639     0.0000     0.0000 -124.17558   44.65168      10.65          1  0.000e+00
      18091    753.750     47.396     47.788     8.0294     8.0291  35.100177  35.100225     8.0247     8.0244    33.7561    33.7564    26.2933    26.2936     1.9433     2.0716     59.174     63.079     0.9109     0.9182     0.0891     1.2033     3.3639     0.0000     0.0000 -124.17558   44.65168      10.67          1  0.000e+00
      18092    753.792     47.442     47.834     8.0296     8.0292  35.100492  35.100099     8.0249     8.0245    33.7563    33.7562    26.2934    26.2934     1.9433     2.0655     59.174     62.893     0.9109     0.9170     0.0891     1.2033     3.3639     0.0000     0.0000 -124.17558   44.65170      10.65          1  0.000e+00
      18093    753.833     47.429     47.821     8.0296     8.0295  35.100429  35.099847     8.0249     8.0248    33.7562    33.7557    26.2934    26.2930     1.9433     2.0655     59.174     62.893     0.9109     0.9170     0.0891     1.2033     3.3639     0.0000     0.0000 -124.17558   44.65170      10.67          1  0.000e+00
      18094    753.875     47.396     47.788     8.0298     8.0296  35.100555  35.100225     8.0251     8.0249    33.7562    33.7560    26.2933    26.2932     1.9433     2.0654     59.173     62.892     0.9109     0.9170     0.0891     1.2033     3.3626     0.0000     0.0000 -124.17558   44.65170      10.70          1  0.000e+00
      18095    753.917     47.396     47.788     8.0299     8.0300  35.100681  35.100413     8.0252     8.0253    33.7562    33.7558    26.2933    26.2930     1.9433     2.0654     59.173     62.892     0.9109     0.9170     0.0891     1.2033     3.3626     0.0012     0.0000 -124.17558   44.65170      10.70          1  0.000e+00
      18096    753.958     47.396     47.788     8.0299     8.0300  35.100429  35.100602     8.0252     8.0252    33.7559    33.7561    26.2931    26.2932     1.9433     2.0654     59.173     62.892     0.9109     0.9170     0.0891     1.2033     3.3626     0.0000     0.0000 -124.17558   44.65170      10.70          1  0.000e+00
      18097    754.000     47.396     47.788     8.0301     8.0303  35.100555  35.100728     8.0254     8.0256    33.7559    33.7559    26.2930    26.2930     1.9433     2.0715     59.173     63.077     0.9109     0.9182     0.0891     1.2033     3.3626     0.0000     0.0000 -124.17558   44.65170      10.70          1  0.000e+00
      18098    754.042     47.396     47.788     8.0306     8.0305  35.100429  35.100476     8.0259     8.0258    33.7553    33.7554    26.2925    26.2926     1.9433     2.0654     59.173     62.891     0.9109     0.9170     0.0891     1.2033     3.3639     0.0000     0.0000 -124.17558   44.65170      10.70          1  0.000e+00
      18099    754.083     47.396     47.788     8.0304     8.0304  35.101059  35.100413     8.0257     8.0257    33.7561    33.7554    26.2932    26.2926     1.9433     2.0654     59.173     62.891     0.9109     0.9170     0.0891     1.2033     3.3639     0.0000     0.0000 -124.17558   44.65170      10.72          1  0.000e+00
      18100    754.125     47.376     47.768     8.0307     8.0304  35.100807  35.100413     8.0260     8.0257    33.7556    33.7554    26.2927    26.2926     1.9433     2.0654     59.172     62.891     0.9109     0.9170     0.0891     1.2033     3.3626     0.0000     0.0000 -124.17558   44.65170      10.74          1  0.000e+00
