WCOA/WCOA-6/CTD_Data/RB2102_CTD_078_01.ros
* Sea-Bird SBE 9 Data File:
* FileName = C:\Users\scs.user.rb\CTD\RB2102\Data\RB2102_CTD_078_01.hex
* Software Version Seasave V 7.26.7.107
* Temperature SN = 6202
* Conductivity SN = 4907
* Number of Bytes Per Scan = 41
* Number of Voltage Words = 4
* Number of Scans Averaged by the Deck Unit = 1
* NMEA Latitude = 38 53.67 N
* NMEA Longitude = 123 47.46 W
* NMEA UTC (Time) = Jul 10 2021  04:16:55
* NMEA baud rate = 4800
# nquan = 30
# nvalues = 1171                                  
# units = specified
# name 0 = scan: Scan Count
# name 1 = timeS: Time, Elapsed [seconds]
# name 2 = depSM: Depth [salt water, m]
# name 3 = prDM: Pressure, Digiquartz [db]
# name 4 = t090C: Temperature [ITS-90, deg C]
# name 5 = t190C: Temperature, 2 [ITS-90, deg C]
# name 6 = c0mS/cm: Conductivity [mS/cm]
# name 7 = c1mS/cm: Conductivity, 2 [mS/cm]
# name 8 = potemp090C: Potential Temperature [ITS-90, deg C]
# name 9 = potemp190C: Potential Temperature, 2 [ITS-90, deg C]
# name 10 = sal00: Salinity, Practical [PSU]
# name 11 = sal11: Salinity, Practical, 2 [PSU]
# name 12 = sigma-é00: Density [sigma-theta, kg/m^3]
# name 13 = sigma-é11: Density, 2 [sigma-theta, kg/m^3]
# name 14 = sbeox0Mg/L: Oxygen, SBE 43 [mg/l]
# name 15 = sbeox1Mg/L: Oxygen, SBE 43, 2 [mg/l]
# name 16 = sbox0Mm/Kg: Oxygen, SBE 43 [umol/kg]
# name 17 = sbox1Mm/Kg: Oxygen, SBE 43, 2 [umol/kg]
# name 18 = sbeox0V: Oxygen raw, SBE 43 [V]
# name 19 = sbeox1V: Oxygen raw, SBE 43, 2 [V]
# name 20 = v4: Voltage 4
# name 21 = flECO-AFL: Fluorescence, WET Labs ECO-AFL/FL [mg/m^3]
# name 22 = v3: Voltage 3
# name 23 = v6: Voltage 6
# name 24 = v7: Voltage 7
# name 25 = longitude: Longitude [deg]
# name 26 = latitude: Latitude [deg]
# name 27 = altM: Altimeter [m]
# name 28 = nbf: Bottles Fired
# name 29 = flag:  0.000e+00
# interval = seconds: 0.0416667
# start_time = Jul 10 2021 04:16:55 [NMEA time, header]
# bad_flag = -9.990e-29
*END*
[from data line 1112]
      46091   1920.417      3.413      3.439    10.5434    10.5446  37.488691  37.490197    10.5430    10.5442    33.8720    33.8724    25.9779    25.9781     7.8638     8.0966    239.524    246.616     2.3175     2.2357     0.2247     4.5916     3.3150     0.0220     0.0085 -123.79132   38.89452      99.49         23  0.000e+00
      46092   1920.458      3.512      3.539    10.5436    10.5446  37.488562  37.489745    10.5432    10.5441    33.8716    33.8719    25.9776    25.9777     7.8638     8.0910    239.526    246.446     2.3175     2.2344     0.2161     4.3779     3.3150     0.0220     0.0085 -123.79132   38.89452      99.46         23  0.000e+00
      46093   1920.500      3.466      3.492    10.5435    10.5447  37.488304  37.489874    10.5431    10.5443    33.8715    33.8719    25.9775    25.9777     7.8638     8.0909    239.526    246.443     2.3175     2.2344     0.2137     4.3169     3.3150     0.0220     0.0085 -123.79132   38.89452      99.24         23  0.000e+00
      46094   1920.542      3.558      3.585    10.5434    10.5444  37.488433  37.490004    10.5430    10.5440    33.8716    33.8723    25.9776    25.9780     7.8639     8.0911    239.529    246.447     2.3175     2.2344     0.2149     4.3474     3.3150     0.0220     0.0085 -123.79132   38.89452      98.63         23  0.000e+00
      46095   1920.583      3.512      3.539    10.5434    10.5442  37.488369  37.489745    10.5430    10.5438    33.8716    33.8723    25.9776    25.9780     7.8639     8.0911    239.527    246.447     2.3175     2.2344     0.2137     4.3169     3.3150     0.0220     0.0085 -123.79132   38.89452      98.46         23  0.000e+00
      46096   1920.625      3.512      3.539    10.5433    10.5442  37.488756  37.490068    10.5429    10.5438    33.8721    33.8726    25.9780    25.9782     7.8639     8.0853    239.527    246.273     2.3175     2.2332     0.2137     4.3169     3.3150     0.0220     0.0085 -123.79132   38.89452      98.49         23  0.000e+00
      46097   1920.667      3.558      3.586    10.5434    10.5442  37.488886  37.490262    10.5430    10.5438    33.8721    33.8728    25.9780    25.9784     7.8691     8.0854    239.688    246.274     2.3187     2.2332     0.2149     4.3474     3.3138     0.0220     0.0085 -123.79132   38.89452      98.51         23  0.000e+00
      46098   1920.708      3.611      3.639    10.5434    10.5442  37.488692  37.490779    10.5430    10.5438    33.8719    33.8733    25.9778    25.9788     7.8692     8.0854    239.690    246.275     2.3187     2.2332     0.2149     4.3474     3.3150     0.0220     0.0085 -123.79132   38.89452      98.51         23  0.000e+00
      46099   1920.750      3.578      3.606    10.5433    10.5442  37.488821  37.490714    10.5429    10.5438    33.8721    33.8732    25.9781    25.9787     7.8744     8.0854    239.849    246.274     2.3199     2.2332     0.2149     4.3474     3.3150     0.0220     0.0085 -123.79132   38.89452      98.46         23  0.000e+00
      46100   1920.792      3.611      3.639    10.5434    10.5442  37.488886  37.490843    10.5430    10.5438    33.8721    33.8733    25.9780    25.9788     7.8744     8.0854    239.849    246.275     2.3199     2.2332     0.2149     4.3474     3.3150     0.0220     0.0098 -123.79132   38.89452      98.32         23  0.000e+00
      46106   1921.042      3.611      3.639    10.5436    10.5447  37.488950  37.491102    10.5432    10.5443    33.8720    33.8731    25.9779    25.9785     7.8744     8.0796    239.848    246.098     2.3199     2.2320     0.2149     4.3474     3.3138     0.0220     0.0098 -123.79132   38.89452      98.39         24  0.000e+00
      46107   1921.083      3.658      3.686    10.5438    10.5449  37.489467  37.490779    10.5434    10.5444    33.8723    33.8726    25.9781    25.9781     7.8744     8.0797    239.848    246.100     2.3199     2.2320     0.2149     4.3474     3.3150     0.0232     0.0098 -123.79132   38.89452      98.41         24  0.000e+00
      46108   1921.125      3.658      3.686    10.5439    10.5446  37.489274  37.490327    10.5435    10.5441    33.8720    33.8724    25.9778    25.9781     7.8744     8.0797    239.848    246.102     2.3199     2.2320     0.2149     4.3474     3.3150     0.0220     0.0098 -123.79132   38.89452      98.39         24  0.000e+00
      46109   1921.167      3.658      3.686    10.5441    10.5449  37.489403  37.490521    10.5437    10.5445    33.8719    33.8723    25.9778    25.9779     7.8744     8.0797    239.847    246.100     2.3199     2.2320     0.2149     4.3474     3.3150     0.0232     0.0098 -123.79132   38.89452      98.39         24  0.000e+00
      46110   1921.208      3.611      3.639    10.5443    10.5447  37.489726  37.490391    10.5439    10.5443    33.8721    33.8724    25.9779    25.9780     7.8743     8.0797    239.844    246.100     2.3199     2.2320     0.2149     4.3474     3.3150     0.0232     0.0098 -123.79132   38.89452      98.41         24  0.000e+00
      46111   1921.250      3.658      3.686    10.5447    10.5447  37.489467  37.490327    10.5443    10.5443    33.8714    33.8723    25.9772    25.9779     7.8743     8.0740    239.845    245.927     2.3199     2.2308     0.2137     4.3169     3.3138     0.0232     0.0098 -123.79132   38.89452      98.44         24  0.000e+00
      46112   1921.292      3.658      3.686    10.5447    10.5449  37.489467  37.490262    10.5443    10.5444    33.8714    33.8721    25.9772    25.9777     7.8743     8.0797    239.845    246.101     2.3199     2.2320     0.2149     4.3474     3.3150     0.0232     0.0098 -123.79132   38.89452      98.51         24  0.000e+00
      46113   1921.333      3.611      3.639    10.5449    10.5446  37.490242  37.490262    10.5445    10.5441    33.8720    33.8724    25.9777    25.9780     7.8742     8.0797    239.841    246.100     2.3199     2.2320     0.2149     4.3474     3.3138     0.0232     0.0098 -123.79132   38.89452      98.53         24  0.000e+00
      46114   1921.375      3.625      3.652    10.5446    10.5446  37.490372  37.490327    10.5442    10.5441    33.8725    33.8725    25.9781    25.9781     7.8742     8.0797    239.842    246.101     2.3199     2.2320     0.2149     4.3474     3.3138     0.0232     0.0098 -123.79132   38.89452      98.53         24  0.000e+00
      46115   1921.417      3.611      3.639    10.5449    10.5446  37.489984  37.490327    10.5445    10.5441    33.8718    33.8725    25.9775    25.9781     7.8742     8.0797    239.841    246.100     2.3199     2.2320     0.2137     4.3169     3.3138     0.0232     0.0098 -123.79132   38.89452      98.51         24  0.000e+00
      46116   1921.458      3.611      3.639    10.5450    10.5444  37.489338  37.490520    10.5445    10.5440    33.8711    33.8728    25.9769    25.9784     7.8742     8.0797    239.842    246.100     2.3199     2.2320     0.2149     4.3474     3.3150     0.0220     0.0098 -123.79132   38.89452      98.53         24  0.000e+00
      46117   1921.500      3.558      3.586    10.5446    10.5446  37.489790  37.490133    10.5442    10.5441    33.8719    33.8723    25.9776    25.9780     7.8689     8.0796    239.682    246.099     2.3187     2.2320     0.2149     4.3474     3.3138     0.0232     0.0098 -123.79132   38.89452      98.46         24  0.000e+00
      46118   1921.542      3.611      3.639    10.5449    10.5442  37.489661  37.490456    10.5445    10.5438    33.8715    33.8729    25.9772    25.9785     7.8690     8.0797    239.682    246.101     2.3187     2.2320     0.2161     4.3779     3.3138     0.0220     0.0098 -123.79132   38.89452      98.29         24  0.000e+00
      46119   1921.583      3.558      3.586    10.5447    10.5446  37.489725  37.490133    10.5443    10.5441    33.8717    33.8723    25.9775    25.9780     7.8689     8.0796    239.681    246.099     2.3187     2.2320     0.2173     4.4085     3.3138     0.0220     0.0098 -123.79132   38.89452      98.27         24  0.000e+00
      46120   1921.625      3.558      3.586    10.5447    10.5442  37.489984  37.490197    10.5443    10.5438    33.8720    33.8727    25.9777    25.9783     7.8689     8.0854    239.681    246.274     2.3187     2.2332     0.2173     4.4085     3.3138     0.0220     0.0098 -123.79132   38.89452      98.27         24  0.000e+00
      46121   1921.667      3.558      3.586    10.5446    10.5446  37.489855  37.490262    10.5442    10.5441    33.8720    33.8724    25.9777    25.9781     7.8637     8.0796    239.522    246.099     2.3175     2.2320     0.2161     4.3779     3.3150     0.0220     0.0098 -123.79132   38.89452      98.27         24  0.000e+00
      46122   1921.708      3.466      3.492    10.5447    10.5444  37.489854  37.490326    10.5442    10.5440    33.8720    33.8727    25.9777    25.9783     7.8636     8.0853    239.519    246.270     2.3175     2.2332     0.2161     4.3779     3.3150     0.0220     0.0098 -123.79132   38.89452      98.27         24  0.000e+00
      46123   1921.750      3.512      3.539    10.5447    10.5444  37.489661  37.490520    10.5443    10.5440    33.8717    33.8729    25.9774    25.9784     7.8636     8.0853    239.520    246.271     2.3175     2.2332     0.2161     4.3779     3.3162     0.0220     0.0098 -123.79132   38.89452      98.17         24  0.000e+00
      46124   1921.792      3.512      3.539    10.5443    10.5444  37.488821  37.490585    10.5439    10.5440    33.8712    33.8729    25.9772    25.9785     7.8637     8.0853    239.523    246.271     2.3175     2.2332     0.2161     4.3779     3.3138     0.0220     0.0110 -123.79132   38.89452      97.92         24  0.000e+00
      46125   1921.833      3.413      3.439    10.5431    10.5444  37.487787  37.490584    10.5427    10.5440    33.8713    33.8730    25.9775    25.9785     7.8638     8.0852    239.526    246.268     2.3175     2.2332     0.2161     4.3779     3.3150     0.0220     0.0110 -123.79132   38.89452      97.85         24  0.000e+00
      46126   1921.875      3.466      3.492    10.5420    10.5444  37.487593  37.490649    10.5416    10.5440    33.8722    33.8730    25.9783    25.9785     7.8641     8.0852    239.533    246.269     2.3175     2.2332     0.2161     4.3779     3.3150     0.0220     0.0110 -123.79132   38.89452      97.88         24  0.000e+00
      46127   1921.917      3.413      3.439    10.5415    10.5444  37.487141  37.490391    10.5411    10.5440    33.8722    33.8728    25.9784    25.9784     7.8641     8.0909    239.534    246.442     2.3175     2.2344     0.2173     4.4085     3.3138     0.0220     0.0110 -123.79132   38.89452      97.88         24  0.000e+00
      46128   1921.958      3.413      3.439    10.5413    10.5446  37.486882  37.490261    10.5409    10.5442    33.8721    33.8725    25.9783    25.9781     7.8641     8.0909    239.535    246.442     2.3175     2.2344     0.2161     4.3779     3.3138     0.0220     0.0110 -123.79132   38.89452      97.88         24  0.000e+00
      46129   1922.000      3.367      3.392    10.5415    10.5444  37.486882  37.490261    10.5411    10.5440    33.8720    33.8726    25.9782    25.9782     7.8641     8.0909    239.533    246.441     2.3175     2.2344     0.2173     4.4085     3.3162     0.0220     0.0122 -123.79132   38.89452      97.97         24  0.000e+00
      46130   1922.042      3.320      3.345    10.5410    10.5442  37.486688  37.490067    10.5406    10.5438    33.8723    33.8727    25.9785    25.9783     7.8641     8.0909    239.533    246.441     2.3175     2.2344     0.2161     4.3779     3.3150     0.0220     0.0122 -123.79132   38.89452      98.19         24  0.000e+00
      46131   1922.083      3.380      3.406    10.5407    10.5442  37.486818  37.490003    10.5403    10.5438    33.8727    33.8725    25.9789    25.9782     7.8642     8.0909    239.536    246.442     2.3175     2.2344     0.2173     4.4085     3.3138     0.0220     0.0122 -123.79132   38.89452      98.24         24  0.000e+00
      46132   1922.125      3.320      3.346    10.5407    10.5444  37.486365  37.489615    10.5403    10.5440    33.8722    33.8721    25.9786    25.9778     7.8641     8.0966    239.535    246.614     2.3175     2.2357     0.2173     4.4085     3.3138     0.0220     0.0122 -123.79132   38.89452      98.24         24  0.000e+00
      46133   1922.167      3.267      3.292    10.5405    10.5441  37.486300  37.490132    10.5401    10.5437    33.8724    33.8729    25.9787    25.9785     7.8641     8.0908    239.534    246.439     2.3175     2.2344     0.2161     4.3779     3.3138     0.0220     0.0122 -123.79132   38.89452      98.24         24  0.000e+00
      46134   1922.208      3.320      3.346    10.5390    10.5441  37.485267  37.489809    10.5386    10.5437    33.8726    33.8725    25.9792    25.9782     7.8644     8.0966    239.543    246.615     2.3175     2.2357     0.2173     4.4085     3.3138     0.0220     0.0122 -123.79132   38.89452      98.24         24  0.000e+00
      46135   1922.250      3.267      3.292    10.5380    10.5441  37.484169  37.489680    10.5377    10.5437    33.8725    33.8724    25.9792    25.9782     7.8698     8.0965    239.707    246.614     2.3187     2.2357     0.2161     4.3779     3.3138     0.0220     0.0122 -123.79132   38.89452      98.22         24  0.000e+00
      46136   1922.292      3.168      3.192    10.5370    10.5439  37.483716  37.489809    10.5367    10.5435    33.8730    33.8727    25.9798    25.9784     7.8646     8.0965    239.548    246.611     2.3175     2.2357     0.2173     4.4085     3.3138     0.0220     0.0134 -123.79132   38.89452      98.14         24  0.000e+00
      46137   1922.333      3.168      3.192    10.5369    10.5441  37.483845  37.489163    10.5365    10.5437    33.8733    33.8720    25.9800    25.9778     7.8646     8.0965    239.549    246.612     2.3175     2.2357     0.2161     4.3779     3.3150     0.0220     0.0134 -123.79132   38.89452      98.14         24  0.000e+00
      46138   1922.375      3.168      3.192    10.5367    10.5437  37.483910  37.488969    10.5364    10.5434    33.8735    33.8721    25.9803    25.9779     7.8646     8.0965    239.549    246.613     2.3175     2.2357     0.2173     4.4085     3.3138     0.0220     0.0134 -123.79132   38.89452      98.12         24  0.000e+00
      46139   1922.417      3.122      3.145    10.5369    10.5438  37.484233  37.488711    10.5365    10.5434    33.8737    33.8718    25.9804    25.9777     7.8698     8.0965    239.706    246.612     2.3187     2.2357     0.2161     4.3779     3.3138     0.0220     0.0134 -123.79132   38.89452      98.12         24  0.000e+00
      46140   1922.458      3.122      3.145    10.5369    10.5437  37.483974  37.489034    10.5365    10.5434    33.8734    33.8722    25.9802    25.9780     7.8698     8.0965    239.707    246.612     2.3187     2.2357     0.2161     4.3779     3.3150     0.0208     0.0134 -123.79132   38.89452      98.14         24  0.000e+00
      46141   1922.500      3.075      3.099    10.5370    10.5434  37.484103  37.489033    10.5367    10.5430    33.8734    33.8725    25.9801    25.9783     7.8697     8.1022    239.705    246.785     2.3187     2.2369     0.2173     4.4085     3.3138     0.0208     0.0134 -123.79132   38.89452      98.19         24  0.000e+00
      46142   1922.542      3.022      3.045    10.5370    10.5435  37.484620  37.489485    10.5367    10.5432    33.8740    33.8728    25.9806    25.9785     7.8696     8.1021    239.702    246.782     2.3187     2.2369     0.2161     4.3779     3.3138     0.0208     0.0134 -123.79132   38.89452      98.34         24  0.000e+00
      46143   1922.583      3.075      3.099    10.5367    10.5434  37.483845  37.489873    10.5364    10.5430    33.8735    33.8734    25.9802    25.9790     7.8698     8.1021    239.706    246.784     2.3187     2.2369     0.2161     4.3779     3.3150     0.0208     0.0134 -123.79132   38.89452      98.39         24  0.000e+00
