WCOA/WCOA-6/CTD_Data/RB2102_CTD_034_01.ros
* Sea-Bird SBE 9 Data File:
* FileName = C:\Users\scs.user.rb\CTD\RB2102\Data\RB2102_CTD_034_01.hex
* Software Version Seasave V 7.26.7.107
* Temperature SN = 6202
* Conductivity SN = 4907
* Number of Bytes Per Scan = 41
* Number of Voltage Words = 4
* Number of Scans Averaged by the Deck Unit = 1
* NMEA Latitude = 46 07.71 N
* NMEA Longitude = 124 40.07 W
* NMEA UTC (Time) = Jul 01 2021  10:14:28
* NMEA baud rate = 4800
# nquan = 30
# nvalues = 1176                                  
# units = specified
# name 0 = scan: Scan Count
# name 1 = timeS: Time, Elapsed [seconds]
# name 2 = depSM: Depth [salt water, m]
# name 3 = prDM: Pressure, Digiquartz [db]
# name 4 = t090C: Temperature [ITS-90, deg C]
# name 5 = t190C: Temperature, 2 [ITS-90, deg C]
# name 6 = c0mS/cm: Conductivity [mS/cm]
# name 7 = c1mS/cm: Conductivity, 2 [mS/cm]
# name 8 = potemp090C: Potential Temperature [ITS-90, deg C]
# name 9 = potemp190C: Potential Temperature, 2 [ITS-90, deg C]
# name 10 = sal00: Salinity, Practical [PSU]
# name 11 = sal11: Salinity, Practical, 2 [PSU]
# name 12 = sigma-é00: Density [sigma-theta, kg/m^3]
# name 13 = sigma-é11: Density, 2 [sigma-theta, kg/m^3]
# name 14 = sbeox0Mg/L: Oxygen, SBE 43 [mg/l]
# name 15 = sbeox1Mg/L: Oxygen, SBE 43, 2 [mg/l]
# name 16 = sbox0Mm/Kg: Oxygen, SBE 43 [umol/kg]
# name 17 = sbox1Mm/Kg: Oxygen, SBE 43, 2 [umol/kg]
# name 18 = sbeox0V: Oxygen raw, SBE 43 [V]
# name 19 = sbeox1V: Oxygen raw, SBE 43, 2 [V]
# name 20 = v4: Voltage 4
# name 21 = flECO-AFL: Fluorescence, WET Labs ECO-AFL/FL [mg/m^3]
# name 22 = v3: Voltage 3
# name 23 = v6: Voltage 6
# name 24 = v7: Voltage 7
# name 25 = longitude: Longitude [deg]
# name 26 = latitude: Latitude [deg]
# name 27 = altM: Altimeter [m]
# name 28 = nbf: Bottles Fired
# name 29 = flag:  0.000e+00
# interval = seconds: 0.0416667
# start_time = Jul 01 2021 10:14:28 [NMEA time, header]
# bad_flag = -9.990e-29
*END*
[from data line 726]
      66925   2788.500     25.792     26.007    10.6379    10.6407  35.706045  35.707436    10.6349    10.6377    31.9926    31.9915    24.4977    24.4964     9.1544     8.9971    279.237    274.440     2.5910     2.4042     0.0818     1.0202     3.2723     1.0159     0.0000 -124.67224   46.12648      99.63         15  0.000e+00
      66926   2788.542     25.845     26.061    10.6375    10.6398  35.705665  35.706803    10.6345    10.6368    31.9924    31.9916    24.4977    24.4966     9.1545     8.9973    279.241    274.447     2.5910     2.4042     0.0806     0.9897     3.2723     1.0147     0.0000 -124.67224   46.12648      99.66         15  0.000e+00
      66927   2788.583     25.845     26.061    10.6372    10.6397  35.705412  35.707120    10.6342    10.6367    31.9925    31.9920    24.4978    24.4970     9.1599     8.9973    279.405    274.447     2.5922     2.4042     0.0806     0.9897     3.2723     0.9939     0.0000 -124.67224   46.12648      99.63         15  0.000e+00
      66928   2788.625     25.845     26.061    10.6375    10.6397  35.705602  35.707056    10.6345    10.6367    31.9924    31.9919    24.4977    24.4969     9.1598     8.9973    279.403    274.447     2.5922     2.4042     0.0818     1.0202     3.2723     0.9841     0.0000 -124.67224   46.12648      99.63         15  0.000e+00
      66929   2788.667     25.891     26.107    10.6372    10.6400  35.705222  35.707690    10.6342    10.6370    31.9923    31.9923    24.4977    24.4972     9.1599     8.9973    279.408    274.446     2.5922     2.4042     0.0806     0.9897     3.2723     0.9841     0.0000 -124.67224   46.12648      99.66         15  0.000e+00
      66930   2788.708     25.845     26.061    10.6376    10.6400  35.705285  35.707690    10.6346    10.6370    31.9920    31.9923    24.4974    24.4972     9.1598     8.9972    279.404    274.444     2.5922     2.4042     0.0818     1.0202     3.2723     0.9853     0.0000 -124.67224   46.12648      99.66         15  0.000e+00
      66931   2788.750     25.891     26.108    10.6372    10.6400  35.705412  35.707120    10.6342    10.6370    31.9925    31.9917    24.4978    24.4967     9.1599     8.9973    279.407    274.447     2.5922     2.4042     0.0818     1.0202     3.2735     0.9853     0.0000 -124.67224   46.12648      99.66         15  0.000e+00
      66932   2788.792     25.891     26.108    10.6371    10.6394  35.705285  35.706993    10.6340    10.6364    31.9925    31.9921    24.4978    24.4972     9.1600     8.9974    279.408    274.450     2.5922     2.4042     0.0818     1.0202     3.2723     0.9853     0.0000 -124.67224   46.12648      99.66         15  0.000e+00
      66933   2788.833     25.891     26.108    10.6367    10.6393  35.704398  35.706740    10.6337    10.6363    31.9919    31.9919    24.4974    24.4970     9.1601     8.9974    279.411    274.451     2.5922     2.4042     0.0806     0.9897     3.2723     0.9853     0.0000 -124.67224   46.12648      99.63         15  0.000e+00
      66974   2790.542     26.190     26.409    10.6336    10.6359  35.702878  35.704208    10.6305    10.6328    31.9930    31.9923    24.4988    24.4979     9.1504     8.9927    279.115    274.306     2.5897     2.4029     0.0855     1.1118     3.2735     0.9841     0.0000 -124.67224   46.12648      99.66         16  0.000e+00
      66975   2790.583     26.137     26.355    10.6335    10.6357  35.702371  35.704334    10.6305    10.6327    31.9926    31.9926    24.4985    24.4982     9.1504     8.9927    279.115    274.305     2.5897     2.4029     0.0867     1.1423     3.2735     0.9841     0.0000 -124.67224   46.12648      99.63         16  0.000e+00
      66976   2790.625     26.137     26.355    10.6333    10.6357  35.701927  35.703954    10.6302    10.6327    31.9924    31.9922    24.4984    24.4979     9.1504     8.9927    279.117    274.306     2.5897     2.4029     0.0855     1.1118     3.2723     0.9841     0.0000 -124.67224   46.12648      99.63         16  0.000e+00
      66977   2790.667     26.137     26.355    10.6328    10.6359  35.701610  35.704524    10.6297    10.6328    31.9925    31.9927    24.4986    24.4982     9.1505     8.9926    279.120    274.304     2.5897     2.4029     0.0842     1.0812     3.2735     0.9841     0.0000 -124.67224   46.12648      99.63         16  0.000e+00
      66978   2790.708     26.137     26.355    10.6324    10.6357  35.701293  35.704018    10.6294    10.6327    31.9924    31.9923    24.4986    24.4979     9.1506     8.9927    279.122    274.306     2.5897     2.4029     0.0830     1.0507     3.2723     0.9841     0.0000 -124.67224   46.12648      99.66         16  0.000e+00
      66979   2790.750     26.137     26.355    10.6324    10.6359  35.701420  35.704271    10.6294    10.6329    31.9926    31.9924    24.4987    24.4979     9.1506     8.9926    279.121    274.304     2.5897     2.4029     0.0842     1.0812     3.2723     0.9841     0.0000 -124.67224   46.12648      99.63         16  0.000e+00
      66980   2790.792     26.190     26.409    10.6323    10.6359  35.701294  35.703954    10.6292    10.6328    31.9926    31.9921    24.4987    24.4977     9.1454     8.9927    278.962    274.307     2.5885     2.4029     0.0842     1.0812     3.2711     0.9841     0.0000 -124.67224   46.12648      99.63         16  0.000e+00
      66981   2790.833     26.091     26.309    10.6326    10.6359  35.702117  35.704017    10.6296    10.6328    31.9931    31.9922    24.4991    24.4978     9.1505     8.9926    279.117    274.303     2.5897     2.4029     0.0830     1.0507     3.2711     0.9841     0.0000 -124.67224   46.12648      99.63         16  0.000e+00
      66982   2790.875     26.137     26.356    10.6325    10.6359  35.701991  35.703637    10.6295    10.6328    31.9931    31.9918    24.4991    24.4975     9.1505     8.9927    279.120    274.306     2.5897     2.4029     0.0830     1.0507     3.2735     0.9841     0.0000 -124.67224   46.12648      99.63         16  0.000e+00
      66983   2790.917     26.137     26.356    10.6331    10.6359  35.702307  35.704461    10.6300    10.6329    31.9929    31.9926    24.4988    24.4981     9.1504     8.9926    279.117    274.304     2.5897     2.4029     0.0842     1.0812     3.2723     0.9841     0.0000 -124.67224   46.12648      99.63         16  0.000e+00
      66984   2790.958     26.091     26.309    10.6341    10.6360  35.702687  35.704524    10.6310    10.6330    31.9924    31.9925    24.4983    24.4980     9.1502     8.9926    279.110    274.301     2.5897     2.4029     0.0842     1.0812     3.2735     0.9841     0.0000 -124.67224   46.12648      99.63         16  0.000e+00
      66985   2791.000     26.137     26.356    10.6347    10.6359  35.703004  35.704208    10.6317    10.6328    31.9921    31.9923    24.4979    24.4979     9.1501     8.9927    279.108    274.305     2.5897     2.4029     0.0842     1.0812     3.2735     0.9841     0.0000 -124.67224   46.12648      99.63         16  0.000e+00
      66986   2791.042     26.091     26.309    10.6347    10.6362  35.703131  35.704587    10.6317    10.6332    31.9923    31.9924    24.4981    24.4979     9.1501     8.9925    279.106    274.300     2.5897     2.4029     0.0842     1.0812     3.2711     0.9841     0.0000 -124.67224   46.12648      99.63         16  0.000e+00
      66987   2791.083     26.091     26.309    10.6346    10.6365  35.703131  35.704777    10.6315    10.6335    31.9924    31.9923    24.4982    24.4978     9.1501     8.9925    279.107    274.299     2.5897     2.4029     0.0830     1.0507     3.2735     0.9841     0.0000 -124.67224   46.12648      99.66         16  0.000e+00
      66988   2791.125     26.091     26.309    10.6352    10.6365  35.703321  35.704777    10.6321    10.6335    31.9921    31.9923    24.4979    24.4978     9.1500     8.9925    279.104    274.299     2.5897     2.4029     0.0842     1.0812     3.2711     0.9841     0.0000 -124.67224   46.12648      99.66         16  0.000e+00
      66989   2791.167     26.091     26.309    10.6349    10.6367  35.703955  35.704524    10.6318    10.6336    31.9930    31.9920    24.4986    24.4975     9.1553     8.9982    279.266    274.475     2.5910     2.4042     0.0842     1.0812     3.2711     0.9841     0.0000 -124.67224   46.12648      99.66         16  0.000e+00
      66990   2791.208     26.091     26.309    10.6356    10.6365  35.704145  35.704461    10.6325    10.6335    31.9926    31.9920    24.4982    24.4976     9.1552     8.9983    279.262    274.475     2.5910     2.4042     0.0842     1.0812     3.2711     0.9841     0.0000 -124.67224   46.12648      99.63         16  0.000e+00
      66991   2791.250     26.038     26.256    10.6356    10.6360  35.703891  35.704207    10.6325    10.6330    31.9923    31.9922    24.4980    24.4978     9.1551     8.9983    279.261    274.476     2.5910     2.4042     0.0842     1.0812     3.2723     0.9841     0.0000 -124.67224   46.12648      99.66         16  0.000e+00
      66992   2791.292     26.091     26.309    10.6354    10.6350  35.704018  35.703891    10.6323    10.6320    31.9926    31.9928    24.4982    24.4984     9.1552     8.9985    279.263    274.484     2.5910     2.4042     0.0842     1.0812     3.2723     0.9841     0.0000 -124.67224   46.12648      99.63         16  0.000e+00
      66993   2791.333     26.091     26.309    10.6357    10.6347  35.703891  35.703574    10.6327    10.6317    31.9921    31.9927    24.4978    24.4984     9.1552     8.9986    279.262    274.486     2.5910     2.4042     0.0842     1.0812     3.2723     0.9841     0.0000 -124.67224   46.12648      99.66         16  0.000e+00
      66994   2791.375     25.992     26.209    10.6358    10.6346  35.704271  35.703700    10.6328    10.6315    31.9925    31.9930    24.4981    24.4987     9.1550     8.9985    279.257    274.483     2.5910     2.4042     0.0830     1.0507     3.2735     0.9841     0.0000 -124.67224   46.12648      99.63         16  0.000e+00
      66995   2791.417     26.038     26.256    10.6357    10.6349  35.704081  35.703827    10.6327    10.6319    31.9924    31.9929    24.4980    24.4985     9.1551     9.0043    279.260    274.659     2.5910     2.4054     0.0842     1.0812     3.2723     0.9841     0.0000 -124.67224   46.12648      99.63         16  0.000e+00
      66996   2791.458     26.038     26.256    10.6357    10.6355  35.703638  35.704271    10.6327    10.6325    31.9919    31.9927    24.4976    24.4983     9.1551     8.9984    279.261    274.479     2.5910     2.4042     0.0842     1.0812     3.2711     0.9841     0.0000 -124.67224   46.12648      99.63         16  0.000e+00
      66997   2791.500     26.038     26.256    10.6352    10.6362  35.703701  35.705157    10.6322    10.6332    31.9924    31.9930    24.4981    24.4984     9.1552     9.0040    279.263    274.650     2.5910     2.4054     0.0842     1.0812     3.2711     0.9841     0.0000 -124.67224   46.12648      99.63         16  0.000e+00
      66998   2791.542     25.992     26.209    10.6351    10.6369  35.704018  35.704904    10.6320    10.6338    31.9929    31.9922    24.4985    24.4977     9.1552     9.0038    279.261    274.646     2.5910     2.4054     0.0842     1.0812     3.2723     0.9841     0.0000 -124.67224   46.12648      99.66         16  0.000e+00
      66999   2791.583     25.992     26.209    10.6356    10.6365  35.704588  35.704270    10.6325    10.6335    31.9930    31.9919    24.4985    24.4974     9.1550     9.0039    279.258    274.649     2.5910     2.4054     0.0830     1.0507     3.2735     0.9841     0.0000 -124.67224   46.12648      99.63         16  0.000e+00
      67000   2791.625     25.992     26.209    10.6361    10.6359  35.704525  35.704334    10.6330    10.6328    31.9925    31.9925    24.4981    24.4981     9.1550     9.0040    279.256    274.652     2.5910     2.4054     0.0842     1.0812     3.2711     0.9841     0.0000 -124.67224   46.12648      99.63         16  0.000e+00
      67001   2791.667     25.992     26.209    10.6365    10.6355  35.704588  35.704460    10.6334    10.6325    31.9923    31.9929    24.4978    24.4985     9.1549     9.0041    279.254    274.653     2.5910     2.4054     0.0842     1.0812     3.2735     0.9841     0.0000 -124.67224   46.12648      99.66         16  0.000e+00
      67002   2791.708     25.992     26.209    10.6366    10.6364  35.704271  35.704650    10.6335    10.6333    31.9919    31.9924    24.4974    24.4979     9.1549     9.0039    279.254    274.649     2.5910     2.4054     0.0830     1.0507     3.2723     0.9841     0.0000 -124.67224   46.12648      99.63         16  0.000e+00
      67003   2791.750     25.946     26.162    10.6359    10.6367  35.703891  35.705473    10.6329    10.6337    31.9921    31.9930    24.4977    24.4983     9.1550     9.0038    279.256    274.644     2.5910     2.4054     0.0806     0.9897     3.2723     0.9841     0.0000 -124.67224   46.12648      99.63         16  0.000e+00
      67004   2791.792     25.939     26.156    10.6357    10.6372  35.703574  35.705917    10.6327    10.6342    31.9919    31.9929    24.4976    24.4981     9.1550     9.0037    279.257    274.640     2.5910     2.4054     0.0781     0.9286     3.2735     0.9841     0.0000 -124.67224   46.12648      99.66         16  0.000e+00
      67005   2791.833     25.939     26.156    10.6352    10.6380  35.703701  35.706487    10.6322    10.6350    31.9925    31.9928    24.4981    24.4979     9.1551     9.0035    279.259    274.636     2.5910     2.4054     0.0781     0.9286     3.2735     0.9841     0.0000 -124.67224   46.12648      99.66         16  0.000e+00
      67006   2791.875     25.946     26.163    10.6351    10.6390  35.703574  35.706677    10.6320    10.6360    31.9925    31.9921    24.4982    24.4972     9.1551     9.0033    279.260    274.631     2.5910     2.4054     0.0781     0.9286     3.2735     0.9841     0.0000 -124.67224   46.12648      99.66         16  0.000e+00
      67007   2791.917     25.939     26.156    10.6348    10.6392  35.703194  35.707373    10.6318    10.6361    31.9923    31.9927    24.4981    24.4976     9.1552     9.0033    279.262    274.628     2.5910     2.4054     0.0781     0.9286     3.2735     0.9841     0.0000 -124.67224   46.12648      99.66         16  0.000e+00
      67008   2791.958     25.893     26.109    10.6349    10.6397  35.703067  35.707626    10.6319    10.6367    31.9922    31.9925    24.4980    24.4974     9.1551     9.0031    279.260    274.624     2.5910     2.4054     0.0794     0.9591     3.2723     0.9841     0.0000 -124.67224   46.12648      99.63         16  0.000e+00
      67009   2792.000     25.893     26.109    10.6347    10.6405  35.703067  35.707816    10.6317    10.6375    31.9923    31.9920    24.4981    24.4969     9.1551     9.0030    279.261    274.620     2.5910     2.4054     0.0781     0.9286     3.2735     0.9841     0.0000 -124.67224   46.12648      99.66         16  0.000e+00
      67010   2792.042     25.939     26.156    10.6347    10.6407  35.703638  35.708133    10.6317    10.6377    31.9928    31.9921    24.4985    24.4969     9.1552     9.0030    279.261    274.620     2.5910     2.4054     0.0781     0.9286     3.2735     0.9841     0.0000 -124.67224   46.12648      99.63         16  0.000e+00
      67011   2792.083     25.893     26.109    10.6349    10.6416  35.703574  35.708450    10.6319    10.6386    31.9927    31.9916    24.4984    24.4964     9.1551     9.0085    279.259    274.789     2.5910     2.4066     0.0794     0.9591     3.2723     0.9841     0.0000 -124.67224   46.12648      99.63         16  0.000e+00
