WCOA/WCOA-6/CTD_Data/RB2102_CTD_073_01.ros
* Sea-Bird SBE 9 Data File:
* FileName = C:\Users\scs.user.rb\CTD\RB2102\Data\RB2102_CTD_073_01.hex
* Software Version Seasave V 7.26.7.107
* Temperature SN = 6202
* Conductivity SN = 4907
* Number of Bytes Per Scan = 41
* Number of Voltage Words = 4
* Number of Scans Averaged by the Deck Unit = 1
* NMEA Latitude = 40 14.72 N
* NMEA Longitude = 124 23.09 W
* NMEA UTC (Time) = Jul 09 2021  10:08:27
* NMEA baud rate = 4800
# nquan = 30
# nvalues = 588                                   
# units = specified
# name 0 = scan: Scan Count
# name 1 = timeS: Time, Elapsed [seconds]
# name 2 = depSM: Depth [salt water, m]
# name 3 = prDM: Pressure, Digiquartz [db]
# name 4 = t090C: Temperature [ITS-90, deg C]
# name 5 = t190C: Temperature, 2 [ITS-90, deg C]
# name 6 = c0mS/cm: Conductivity [mS/cm]
# name 7 = c1mS/cm: Conductivity, 2 [mS/cm]
# name 8 = potemp090C: Potential Temperature [ITS-90, deg C]
# name 9 = potemp190C: Potential Temperature, 2 [ITS-90, deg C]
# name 10 = sal00: Salinity, Practical [PSU]
# name 11 = sal11: Salinity, Practical, 2 [PSU]
# name 12 = sigma-é00: Density [sigma-theta, kg/m^3]
# name 13 = sigma-é11: Density, 2 [sigma-theta, kg/m^3]
# name 14 = sbeox0Mg/L: Oxygen, SBE 43 [mg/l]
# name 15 = sbeox1Mg/L: Oxygen, SBE 43, 2 [mg/l]
# name 16 = sbox0Mm/Kg: Oxygen, SBE 43 [umol/kg]
# name 17 = sbox1Mm/Kg: Oxygen, SBE 43, 2 [umol/kg]
# name 18 = sbeox0V: Oxygen raw, SBE 43 [V]
# name 19 = sbeox1V: Oxygen raw, SBE 43, 2 [V]
# name 20 = v4: Voltage 4
# name 21 = flECO-AFL: Fluorescence, WET Labs ECO-AFL/FL [mg/m^3]
# name 22 = v3: Voltage 3
# name 23 = v6: Voltage 6
# name 24 = v7: Voltage 7
# name 25 = longitude: Longitude [deg]
# name 26 = latitude: Latitude [deg]
# name 27 = altM: Altimeter [m]
# name 28 = nbf: Bottles Fired
# name 29 = flag:  0.000e+00
# interval = seconds: 0.0416667
# start_time = Jul 09 2021 10:08:27 [NMEA time, header]
# bad_flag = -9.990e-29
*END*
[from data line 242]
      18424    767.625     25.478     25.677     8.5360     8.6060  35.797731  35.852516     8.5334     8.6033    34.0194    34.0098    26.4232    26.4049     3.2817     3.3991     99.916    103.492     1.2149     1.1966     0.0440     0.0739     3.2320     0.1978     0.0879 -124.38528   40.24534      32.06          5  0.000e+00
      18425    767.667     25.525     25.724     8.5343     8.6073  35.794369  35.854927     8.5316     8.6047    34.0175    34.0110    26.4220    26.4056     3.2819     3.3990     99.922    103.488     1.2149     1.1966     0.0440     0.0739     3.2320     0.1978     0.0879 -124.38528   40.24534      32.06          5  0.000e+00
      18426    767.708     25.425     25.624     8.5301     8.6170  35.791260  35.862539     8.5274     8.6144    34.0183    34.0098    26.4233    26.4031     3.2822     3.3982     99.930    103.463     1.2149     1.1966     0.0440     0.0739     3.2344     0.1978     0.0879 -124.38528   40.24534      32.09          5  0.000e+00
      18462    769.208     25.525     25.724     8.5595     8.5106  35.812703  35.777635     8.5569     8.5080    34.0125    34.0226    26.4142    26.4296     3.3296     3.4909    101.374    106.283     1.2259     1.2137     0.0440     0.0739     3.2320     0.1978     0.0879 -124.38528   40.24534      32.01          6  0.000e+00
      18463    769.250     25.578     25.778     8.5558     8.5071  35.808515  35.775164     8.5531     8.5045    34.0117    34.0234    26.4141    26.4308     3.3299     3.4912    101.384    106.292     1.2259     1.2137     0.0440     0.0739     3.2320     0.1990     0.0879 -124.38528   40.24534      32.14          6  0.000e+00
      18464    769.292     25.525     25.724     8.5577     8.5047  35.809594  35.773960     8.5551     8.5021    34.0110    34.0244    26.4132    26.4319     3.3298     3.4973    101.379    106.479     1.2259     1.2149     0.0440     0.0739     3.2344     0.1990     0.0879 -124.38528   40.24534      32.21          6  0.000e+00
      18465    769.333     25.525     25.724     8.5581     8.5036  35.809911  35.772882     8.5554     8.5009    34.0110    34.0244    26.4132    26.4321     3.3297     3.4974    101.378    106.482     1.2259     1.2149     0.0427     0.0434     3.2344     0.1990     0.0879 -124.38528   40.24534      32.23          6  0.000e+00
      18466    769.375     25.525     25.724     8.5547     8.5036  35.806929  35.773706     8.5520     8.5009    34.0111    34.0253    26.4138    26.4328     3.3355     3.4974    101.554    106.482     1.2271     1.2149     0.0427     0.0434     3.2332     0.1990     0.0879 -124.38528   40.24534      32.21          6  0.000e+00
      18467    769.417     25.578     25.778     8.5485     8.5076  35.801537  35.777446     8.5459     8.5049    34.0113    34.0254    26.4149    26.4322     3.3360     3.5031    101.569    106.655     1.2271     1.2161     0.0440     0.0739     3.2320     0.1990     0.0879 -124.38528   40.24534      32.21          6  0.000e+00
      18468    769.458     25.525     25.724     8.5415     8.5129  35.795637  35.782389     8.5389     8.5102    34.0118    34.0255    26.4164    26.4315     3.3365     3.5026    101.584    106.640     1.2271     1.2161     0.0427     0.0434     3.2332     0.1990     0.0879 -124.38528   40.24534      32.21          6  0.000e+00
      18469    769.500     25.578     25.778     8.5331     8.5243  35.789865  35.790566     8.5305     8.5217    34.0138    34.0231    26.4192    26.4279     3.3372     3.5017    101.604    106.613     1.2271     1.2161     0.0440     0.0739     3.2332     0.1990     0.0879 -124.38528   40.24534      32.11          6  0.000e+00
      18470    769.542     25.525     25.724     8.5273     8.5347  35.785932  35.798616     8.5247     8.5321    34.0153    34.0216    26.4213    26.4251     3.3376     3.5008    101.616    106.586     1.2271     1.2161     0.0427     0.0434     3.2332     0.1990     0.0879 -124.38528   40.24534      32.01          6  0.000e+00
      18471    769.583     25.578     25.778     8.5249     8.5467  35.786440  35.808126     8.5222     8.5441    34.0182    34.0200    26.4239    26.4220     3.3377     3.5059    101.620    106.740     1.2271     1.2173     0.0440     0.0739     3.2332     0.1990     0.0879 -124.38528   40.24534      32.01          6  0.000e+00
      18472    769.625     25.525     25.724     8.5294     8.5636  35.793227  35.819728     8.5268     8.5610    34.0210    34.0160    26.4255    26.4163     3.3318     3.5105    101.439    106.881     1.2259     1.2186     0.0440     0.0739     3.2320     0.1990     0.0879 -124.38528   40.24534      32.01          6  0.000e+00
      18473    769.667     25.525     25.724     8.5385     8.5729  35.804520  35.826323     8.5358     8.5703    34.0242    34.0140    26.4266    26.4133     3.3310     3.5097    101.415    106.858     1.2259     1.2186     0.0440     0.0739     3.2320     0.1978     0.0879 -124.38528   40.24534      32.01          6  0.000e+00
      18474    769.708     25.479     25.677     8.5509     8.5750  35.817400  35.827274     8.5483     8.5724    34.0258    34.0130    26.4259    26.4121     3.3300     3.5096    101.384    106.853     1.2259     1.2186     0.0440     0.0739     3.2320     0.1990     0.0879 -124.38528   40.24534      32.01          6  0.000e+00
      18475    769.750     25.525     25.724     8.5663     8.5775  35.830281  35.828606     8.5637     8.5749    34.0245    34.0120    26.4225    26.4110     3.3288     3.5094    101.349    106.848     1.2259     1.2186     0.0427     0.0434     3.2332     0.1978     0.0879 -124.38528   40.24534      32.14          6  0.000e+00
      18476    769.792     25.578     25.778     8.5835     8.5803  35.844053  35.830255     8.5809     8.5776    34.0225    34.0111    26.4183    26.4098     3.3275     3.5092    101.310    106.842     1.2259     1.2186     0.0440     0.0739     3.2332     0.1978     0.0879 -124.38528   40.24534      32.23          6  0.000e+00
      18477    769.833     25.479     25.678     8.5960     8.5798  35.851542  35.829747     8.5933     8.5771    34.0184    34.0110    26.4132    26.4099     3.3266     3.5212    101.282    107.207     1.2259     1.2210     0.0440     0.0739     3.2320     0.1978     0.0879 -124.38528   40.24534      32.23          6  0.000e+00
      18478    769.875     25.525     25.724     8.6025     8.5762  35.854589  35.827020     8.5998     8.5735    34.0154    34.0116    26.4098    26.4109     3.3262     3.5215    101.270    107.217     1.2259     1.2210     0.0427     0.0434     3.2332     0.1978     0.0879 -124.38528   40.24534      32.23          6  0.000e+00
      18479    769.917     25.479     25.678     8.6086     8.5728  35.858016  35.824547     8.6060     8.5701    34.0131    34.0123    26.4070    26.4120     3.3257     3.5218    101.256    107.224     1.2259     1.2210     0.0440     0.0739     3.2320     0.1978     0.0879 -124.38528   40.24534      32.21          6  0.000e+00
      18480    769.958     25.525     25.724     8.6137     8.5695  35.860619  35.821123     8.6110     8.5669    34.0109    34.0118    26.4046    26.4121     3.3254     3.5221    101.246    107.234     1.2259     1.2210     0.0440     0.0739     3.2320     0.1978     0.0879 -124.38528   40.24534      32.21          6  0.000e+00
      18481    770.000     25.578     25.778     8.6158     8.5639  35.859539  35.816811     8.6131     8.5613    34.0078    34.0126    26.4018    26.4136     3.3253     3.5226    101.244    107.249     1.2259     1.2210     0.0440     0.0739     3.2320     0.1978     0.0879 -124.38528   40.24534      32.09          6  0.000e+00
      18482    770.042     25.432     25.631     8.6161     8.5568  35.858713  35.811866     8.6134     8.5542    34.0066    34.0143    26.4008    26.4160     3.3252     3.5231    101.243    107.264     1.2259     1.2210     0.0440     0.0739     3.2320     0.1978     0.0879 -124.38528   40.24534      31.97          6  0.000e+00
      18483    770.083     25.479     25.678     8.6150     8.5546  35.857952  35.811359     8.6123     8.5519    34.0069    34.0159    26.4012    26.4176     3.3253     3.5292    101.246    107.452     1.2259     1.2222     0.0427     0.0434     3.2332     0.1990     0.0879 -124.38528   40.24534      31.97          6  0.000e+00
      18484    770.125     25.525     25.724     8.6143     8.5604  35.858650  35.816621     8.6117     8.5578    34.0082    34.0158    26.4024    26.4166     3.3254     3.5288    101.247    107.437     1.2259     1.2222     0.0440     0.0739     3.2332     0.1990     0.0879 -124.38528   40.24534      31.97          6  0.000e+00
      18485    770.167     25.525     25.724     8.6145     8.5652  35.860174  35.820680     8.6119     8.5626    34.0097    34.0154    26.4034    26.4156     3.3253     3.5284    101.245    107.425     1.2259     1.2222     0.0440     0.0739     3.2320     0.1990     0.0879 -124.38528   40.24534      31.99          6  0.000e+00
      18486    770.208     25.479     25.678     8.6158     8.5679  35.860555  35.822455     8.6131     8.5653    34.0089    34.0148    26.4026    26.4147     3.3252     3.5281    101.242    107.418     1.2259     1.2222     0.0427     0.0434     3.2332     0.1990     0.0879 -124.38528   40.24534      31.99          6  0.000e+00
      18487    770.250     25.479     25.678     8.6158     8.5710  35.859856  35.824674     8.6131     8.5683    34.0081    34.0142    26.4021    26.4137     3.3253     3.5339    101.243    107.593     1.2259     1.2234     0.0440     0.0739     3.2332     0.1990     0.0879 -124.38528   40.24534      32.11          6  0.000e+00
      18488    770.292     25.479     25.678     8.6187     8.5726  35.864618  35.825752     8.6161     8.5699    34.0103    34.0137    26.4033    26.4131     3.3305     3.5337    101.401    107.589     1.2271     1.2234     0.0440     0.0739     3.2332     0.1990     0.0879 -124.38528   40.24534      32.23          6  0.000e+00
      18489    770.333     25.479     25.678     8.6250     8.5762  35.871982  35.828289     8.6224     8.5735    34.0120    34.0130    26.4036    26.4119     3.3299     3.5274    101.385    107.398     1.2271     1.2222     0.0440     0.0739     3.2332     0.1990     0.0879 -124.38528   40.24534      32.23          6  0.000e+00
      18490    770.375     25.432     25.631     8.6327     8.5815  35.878839  35.832664     8.6300     8.5789    34.0119    34.0124    26.4024    26.4107     3.3293     3.5330    101.367    107.566     1.2271     1.2234     0.0427     0.0434     3.2332     0.1990     0.0879 -124.38528   40.24534      32.23          6  0.000e+00
      18491    770.417     25.525     25.724     8.6401     8.5891  35.884110  35.838118     8.6375     8.5864    34.0102    34.0109    26.3999    26.4083     3.3288     3.5324    101.351    107.549     1.2271     1.2234     0.0427     0.0434     3.2332     0.1990     0.0879 -124.38528   40.24534      32.23          6  0.000e+00
      18492    770.458     25.432     25.631     8.6460     8.5947  35.888427  35.843192     8.6433     8.5921    34.0092    34.0109    26.3982    26.4075     3.3283     3.5319    101.337    107.533     1.2271     1.2234     0.0440     0.0739     3.2320     0.1990     0.0879 -124.38528   40.24534      32.23          6  0.000e+00
      18493    770.500     25.479     25.678     8.6510     8.5991  35.891856  35.846300     8.6484     8.5965    34.0079    34.0098    26.3964    26.4060     3.3280     3.5315    101.327    107.522     1.2271     1.2234     0.0440     0.0739     3.2320     0.1990     0.0879 -124.38528   40.24534      32.19          6  0.000e+00
      18494    770.542     25.479     25.678     8.6549     8.6009  35.895095  35.848139     8.6522     8.5983    34.0076    34.0100    26.3956    26.4058     3.3277     3.5314    101.318    107.518     1.2271     1.2234     0.0440     0.0739     3.2332     0.2002     0.0879 -124.38528   40.24534      32.16          6  0.000e+00
      18495    770.583     25.432     25.631     8.6580     8.6029  35.896809  35.849471     8.6553     8.6002    34.0065    34.0096    26.3942    26.4052     3.3275     3.5372    101.311    107.695     1.2271     1.2247     0.0440     0.0739     3.2320     0.1990     0.0879 -124.38528   40.24534      32.14          6  0.000e+00
      18496    770.625     25.525     25.724     8.6601     8.6070  35.897889  35.852389     8.6575     8.6043    34.0055    34.0087    26.3931    26.4039     3.3219     3.5309    101.140    107.504     1.2259     1.2234     0.0440     0.0739     3.2320     0.1990     0.0879 -124.38528   40.24534      32.16          6  0.000e+00
      18497    770.667     25.379     25.578     8.6614     8.6142  35.898333  35.859240     8.6588     8.6116    34.0048    34.0090    26.3924    26.4030     3.3272     3.5362    101.303    107.665     1.2271     1.2247     0.0440     0.0739     3.2320     0.2002     0.0879 -124.38528   40.24534      32.14          6  0.000e+00
      18498    770.708     25.479     25.678     8.6616     8.6224  35.898143  35.866028     8.6589     8.6198    34.0044    34.0082    26.3920    26.4011     3.3272     3.5296    101.304    107.463     1.2271     1.2234     0.0440     0.0739     3.2320     0.2002     0.0891 -124.38528   40.24534      32.14          6  0.000e+00
      18499    770.750     25.426     25.624     8.6612     8.6270  35.897889  35.868565     8.6586     8.6243    34.0045    34.0065    26.3922    26.3991     3.3272     3.5292    101.304    107.452     1.2271     1.2234     0.0440     0.0739     3.2320     0.2002     0.0879 -124.38528   40.24534      32.14          6  0.000e+00
      18500    770.792     25.479     25.678     8.6611     8.6312  35.898524  35.870278     8.6584     8.6286    34.0053    34.0042    26.3928    26.3966     3.3273     3.5289    101.305    107.443     1.2271     1.2234     0.0440     0.0739     3.2320     0.2002     0.0891 -124.38528   40.24534      32.16          6  0.000e+00
      18501    770.833     25.426     25.624     8.6629     8.6334  35.901064  35.872181     8.6602     8.6307    34.0063    34.0042    26.3933    26.3963     3.3271     3.5287    101.299    107.437     1.2271     1.2234     0.0440     0.0739     3.2332     0.1990     0.0879 -124.38528   40.24534      32.14          6  0.000e+00
      18502    770.875     25.432     25.631     8.6655     8.6366  35.904050  35.875798     8.6628     8.6339    34.0069    34.0049    26.3934    26.3963     3.3269     3.5284    101.293    107.428     1.2271     1.2234     0.0440     0.0739     3.2344     0.1990     0.0879 -124.38528   40.24534      32.14          6  0.000e+00
      18503    770.917     25.432     25.631     8.6684     8.6407  35.906463  35.879160     8.6657     8.6381    34.0067    34.0045    26.3927    26.3954     3.3266     3.5280    101.286    107.418     1.2271     1.2234     0.0440     0.0739     3.2320     0.1990     0.0879 -124.38528   40.24534      32.14          6  0.000e+00
      18504    770.958     25.426     25.624     8.6699     8.6434  35.906780  35.881191     8.6672     8.6408    34.0056    34.0041    26.3917    26.3946     3.3266     3.5278    101.283    107.411     1.2271     1.2234     0.0440     0.0739     3.2320     0.1990     0.0879 -124.38528   40.24534      32.14          6  0.000e+00
      18505    771.000     25.479     25.678     8.6710     8.6449  35.907162  35.881127     8.6683     8.6423    34.0049    34.0025    26.3909    26.3931     3.3320     3.5277    101.449    107.409     1.2283     1.2234     0.0440     0.0739     3.2332     0.1990     0.0879 -124.38528   40.24534      32.19          6  0.000e+00
      18506    771.042     25.426     25.624     8.6723     8.6454  35.906590  35.881952     8.6696     8.6427    34.0030    34.0029    26.3893    26.3934     3.3264     3.5217    101.279    107.224     1.2271     1.2222     0.0440     0.0739     3.2320     0.1990     0.0879 -124.38528   40.24534      32.21          6  0.000e+00
