WCOA/WCOA-6/CTD_Data/RB2102_CTD_058_01.ros
* Sea-Bird SBE 9 Data File:
* FileName = C:\Users\scs.user.rb\CTD\RB2102\Data\RB2102_CTD_058_01.hex
* Software Version Seasave V 7.26.7.107
* Temperature SN = 6202
* Conductivity SN = 4907
* Number of Bytes Per Scan = 41
* Number of Voltage Words = 4
* Number of Scans Averaged by the Deck Unit = 1
* NMEA Latitude = 44 00.00 N
* NMEA Longitude = 124 12.11 W
* NMEA UTC (Time) = Jul 05 2021  13:15:54
* NMEA baud rate = 4800
# nquan = 30
# nvalues = 490                                   
# units = specified
# name 0 = scan: Scan Count
# name 1 = timeS: Time, Elapsed [seconds]
# name 2 = depSM: Depth [salt water, m]
# name 3 = prDM: Pressure, Digiquartz [db]
# name 4 = t090C: Temperature [ITS-90, deg C]
# name 5 = t190C: Temperature, 2 [ITS-90, deg C]
# name 6 = c0mS/cm: Conductivity [mS/cm]
# name 7 = c1mS/cm: Conductivity, 2 [mS/cm]
# name 8 = potemp090C: Potential Temperature [ITS-90, deg C]
# name 9 = potemp190C: Potential Temperature, 2 [ITS-90, deg C]
# name 10 = sal00: Salinity, Practical [PSU]
# name 11 = sal11: Salinity, Practical, 2 [PSU]
# name 12 = sigma-é00: Density [sigma-theta, kg/m^3]
# name 13 = sigma-é11: Density, 2 [sigma-theta, kg/m^3]
# name 14 = sbeox0Mg/L: Oxygen, SBE 43 [mg/l]
# name 15 = sbeox1Mg/L: Oxygen, SBE 43, 2 [mg/l]
# name 16 = sbox0Mm/Kg: Oxygen, SBE 43 [umol/kg]
# name 17 = sbox1Mm/Kg: Oxygen, SBE 43, 2 [umol/kg]
# name 18 = sbeox0V: Oxygen raw, SBE 43 [V]
# name 19 = sbeox1V: Oxygen raw, SBE 43, 2 [V]
# name 20 = v4: Voltage 4
# name 21 = flECO-AFL: Fluorescence, WET Labs ECO-AFL/FL [mg/m^3]
# name 22 = v3: Voltage 3
# name 23 = v6: Voltage 6
# name 24 = v7: Voltage 7
# name 25 = longitude: Longitude [deg]
# name 26 = latitude: Latitude [deg]
# name 27 = altM: Altimeter [m]
# name 28 = nbf: Bottles Fired
# name 29 = flag:  0.000e+00
# interval = seconds: 0.0416667
# start_time = Jul 05 2021 13:15:54 [NMEA time, header]
# bad_flag = -9.990e-29
*END*
[from data line 436]
      32580   1357.458      3.629      3.659    10.5295    10.4841  36.549157  36.537395    10.5291    10.4837    32.9410    32.9703    25.2547    25.2854     7.3222     7.4134    223.185    225.960     2.1807     2.0781     0.1111     1.7528     3.2576     0.1978     0.2576 -124.20252   43.99996      51.97          9  0.000e+00
      32581   1357.500      3.682      3.712    10.5295    10.4855  36.549221  36.537778    10.5291    10.4851    32.9410    32.9693    25.2547    25.2844     7.3170     7.4133    223.026    225.955     2.1795     2.0781     0.1111     1.7528     3.2576     0.1978     0.2576 -124.20252   43.99996      51.97          9  0.000e+00
      32582   1357.542      3.649      3.679    10.5295    10.4872  36.549349  36.537906    10.5291    10.4867    32.9411    32.9680    25.2548    25.2831     7.3222     7.4130    223.185    225.948     2.1807     2.0781     0.1197     1.9665     3.2589     0.1990     0.2576 -124.20252   43.99996      51.97          9  0.000e+00
      32583   1357.583      3.629      3.659    10.5276    10.4881  36.549221  36.538353    10.5271    10.4877    32.9428    32.9676    25.2564    25.2826     7.3224     7.4071    223.192    225.767     2.1807     2.0769     0.1245     2.0886     3.2589     0.2002     0.2576 -124.20252   43.99996      51.97          9  0.000e+00
      32584   1357.625      3.682      3.712    10.5274    10.4895  36.548965  36.538289    10.5270    10.4890    32.9426    32.9663    25.2564    25.2813     7.3172     7.4070    223.033    225.764     2.1795     2.0769     0.1258     2.1191     3.2589     0.2015     0.2576 -124.20252   43.99996      51.97          9  0.000e+00
      32644   1360.125      3.927      3.959    10.4904    10.5528  36.538097  36.579390    10.4899    10.5523    32.9651    32.9501    25.2803    25.2578     7.2908     7.3855    222.223    225.114     2.1722     2.0745     0.1148     1.8444     3.2589     0.2418     0.2857 -124.20252   43.99998      51.67         10  0.000e+00
      32645   1360.167      4.020      4.052    10.4940    10.5528  36.538864  36.579071    10.4935    10.5524    32.9626    32.9497    25.2777    25.2575     7.2904     7.3913    222.212    225.293     2.1722     2.0757     0.1148     1.8444     3.2576     0.2393     0.2869 -124.20252   43.99998      51.70         10  0.000e+00
      32646   1360.208      3.927      3.959    10.4967    10.5513  36.538672  36.578559    10.4962    10.5509    32.9600    32.9506    25.2752    25.2584     7.2900     7.3915    222.200    225.296     2.1722     2.0757     0.1148     1.8444     3.2576     0.2381     0.2869 -124.20252   43.99998      51.72         10  0.000e+00
      32647   1360.250      3.973      4.006    10.4953    10.5462  36.538032  36.577089    10.4948    10.5457    32.9606    32.9537    25.2759    25.2617     7.2903     7.3923    222.208    225.319     2.1722     2.0757     0.1148     1.8444     3.2589     0.2357     0.2857 -124.20252   43.99998      51.70         10  0.000e+00
      32648   1360.292      3.927      3.959    10.4940    10.5418  36.538096  36.574468    10.4935    10.5413    32.9619    32.9551    25.2771    25.2636     7.2851     7.3929    222.050    225.339     2.1709     2.0757     0.1148     1.8444     3.2576     0.2332     0.2857 -124.20252   43.99998      51.72         10  0.000e+00
      32649   1360.333      3.874      3.906    10.4929    10.5396  36.538096  36.572549    10.4924    10.5391    32.9629    32.9552    25.2781    25.2640     7.2852     7.3932    222.052    225.349     2.1709     2.0757     0.1148     1.8444     3.2576     0.2308     0.2869 -124.20252   43.99998      51.70         10  0.000e+00
      32650   1360.375      3.874      3.906    10.4922    10.5392  36.537649  36.570887    10.4917    10.5388    32.9631    32.9538    25.2784    25.2631     7.2853     7.3934    222.055    225.353     2.1709     2.0757     0.1148     1.8444     3.2576     0.2295     0.2869 -124.20252   43.99998      51.70         10  0.000e+00
      32651   1360.417      3.828      3.859    10.4920    10.5405  36.537520  36.570695    10.4915    10.5400    32.9631    32.9525    25.2785    25.2618     7.2853     7.3989    222.055    225.522     2.1709     2.0769     0.1148     1.8444     3.2576     0.2271     0.2882 -124.20252   43.99998      51.70         10  0.000e+00
      32652   1360.458      3.841      3.872    10.4922    10.5411  36.537904  36.571270    10.4918    10.5406    32.9633    32.9526    25.2785    25.2618     7.2852     7.3988    222.054    225.519     2.1709     2.0769     0.1148     1.8444     3.2589     0.2247     0.2882 -124.20252   43.99998      51.70         10  0.000e+00
      32653   1360.500      3.828      3.859    10.4919    10.5412  36.537904  36.572229    10.4914    10.5408    32.9636    32.9534    25.2789    25.2624     7.2800     7.3987    221.894    225.517     2.1697     2.0769     0.1148     1.8444     3.2589     0.2210     0.2882 -124.20252   43.99998      51.67         10  0.000e+00
      32654   1360.542      3.782      3.812    10.4922    10.5423  36.538096  36.572677    10.4917    10.5418    32.9636    32.9529    25.2788    25.2618     7.2799     7.3985    221.891    225.511     2.1697     2.0769     0.1148     1.8444     3.2589     0.2186     0.2894 -124.20252   43.99998      51.67         10  0.000e+00
      32655   1360.583      3.782      3.812    10.4937    10.5454  36.538671  36.573508    10.4933    10.5449    32.9628    32.9509    25.2779    25.2597     7.2797     7.3981    221.885    225.498     2.1697     2.0769     0.1148     1.8444     3.2589     0.2161     0.2906 -124.20252   43.99998      51.70         10  0.000e+00
      32656   1360.625      3.782      3.812    10.4943    10.5495  36.538479  36.574722    10.4939    10.5491    32.9620    32.9484    25.2772    25.2571     7.2743     7.3975    221.722    225.480     2.1685     2.0769     0.1148     1.8444     3.2589     0.2125     0.2918 -124.20252   43.99998      51.67         10  0.000e+00
      32657   1360.667      3.729      3.759    10.4992    10.5493  36.539694  36.575489    10.4988    10.5489    32.9588    32.9494    25.2739    25.2578     7.2789     7.3974    221.862    225.478     2.1697     2.0769     0.1148     1.8444     3.2589     0.2100     0.2930 -124.20252   43.99998      51.70         10  0.000e+00
      32658   1360.708      3.729      3.759    10.5054    10.5493  36.541548  36.576384    10.5050    10.5489    32.9551    32.9503    25.2699    25.2585     7.2728     7.4031    221.676    225.652     2.1685     2.0781     0.1148     1.8444     3.2576     0.2063     0.2930 -124.20252   43.99998      51.72         10  0.000e+00
      32659   1360.750      3.682      3.712    10.5110    10.5498  36.542954  36.576832    10.5106    10.5494    32.9515    32.9503    25.2661    25.2585     7.2720     7.4030    221.653    225.648     2.1685     2.0781     0.1148     1.8444     3.2589     0.2039     0.2930 -124.20252   43.99998      51.72         10  0.000e+00
      32660   1360.792      3.682      3.712    10.5152    10.5500  36.544041  36.577087    10.5148    10.5496    32.9487    32.9504    25.2632    25.2585     7.2714     7.4030    221.636    225.647     2.1685     2.0781     0.1148     1.8444     3.2576     0.2015     0.2943 -124.20252   43.99998      51.72         10  0.000e+00
      32661   1360.833      3.682      3.712    10.5200    10.5492  36.544808  36.577471    10.5196    10.5488    32.9452    32.9515    25.2596    25.2595     7.2708     7.4088    221.618    225.824     2.1685     2.0794     0.1160     1.8749     3.2576     0.1978     0.2967 -124.20252   43.99998      51.72         10  0.000e+00
      32662   1360.875      3.682      3.712    10.5239    10.5500  36.546919  36.577343    10.5234    10.5496    32.9438    32.9507    25.2579    25.2587     7.2702     7.4087    221.601    225.821     2.1685     2.0794     0.1160     1.8749     3.2589     0.1941     0.2967 -124.20252   43.99998      51.72         10  0.000e+00
      32663   1360.917      3.583      3.612    10.5276    10.5516  36.548965  36.578046    10.5272    10.5512    32.9425    32.9499    25.2563    25.2579     7.2643     7.4084    221.421    225.811     2.1673     2.0794     0.1160     1.8749     3.2589     0.1917     0.2869 -124.20252   43.99998      51.75         10  0.000e+00
      32664   1360.958      3.649      3.679    10.5318    10.5533  36.549988  36.579005    10.5314    10.5529    32.9397    32.9493    25.2533    25.2571     7.2691     7.4139    221.567    225.980     2.1685     2.0806     0.1160     1.8749     3.2576     0.1905     0.2808 -124.20252   43.99998      51.75         10  0.000e+00
      32665   1361.000      3.629      3.659    10.5341    10.5530  36.551651  36.579261    10.5337    10.5525    32.9393    32.9499    25.2526    25.2576     7.2635     7.4139    221.395    225.980     2.1673     2.0806     0.1160     1.8749     3.2589     0.1868     0.2808 -124.20252   43.99998      51.75         10  0.000e+00
      32666   1361.042      3.583      3.612    10.5350    10.5454  36.552226  36.576768    10.5346    10.5450    32.9390    32.9543    25.2522    25.2623     7.2633     7.4150    221.390    226.012     2.1673     2.0806     0.1160     1.8749     3.2576     0.1844     0.2808 -124.20252   43.99998      51.75         10  0.000e+00
      32667   1361.083      3.583      3.612    10.5356    10.5376  36.552866  36.573828    10.5352    10.5372    32.9392    32.9584    25.2523    25.2669     7.2579     7.4161    221.226    226.046     2.1661     2.0806     0.1160     1.8749     3.2589     0.1832     0.2808 -124.20252   43.99998      51.75         10  0.000e+00
      32668   1361.125      3.537      3.565    10.5362    10.5334  36.553825  36.571590    10.5358    10.5330    32.9396    32.9600    25.2525    25.2688     7.2577     7.4225    221.221    226.239     2.1661     2.0818     0.1160     1.8749     3.2576     0.1880     0.2808 -124.20252   43.99998      51.75         10  0.000e+00
      32669   1361.167      3.583      3.612    10.5370    10.5311  36.554465  36.570631    10.5366    10.5307    32.9395    32.9610    25.2522    25.2701     7.2576     7.4229    221.218    226.251     2.1661     2.0818     0.1160     1.8749     3.2589     0.1893     0.2808 -124.20252   43.99998      51.79         10  0.000e+00
      32670   1361.208      3.537      3.565    10.5385    10.5313  36.555872  36.570247    10.5381    10.5309    32.9396    32.9605    25.2521    25.2696     7.2574     7.4228    221.209    226.249     2.1661     2.0818     0.1160     1.8749     3.2576     0.1893     0.2821 -124.20252   43.99998      51.84         10  0.000e+00
      32671   1361.250      3.537      3.565    10.5427    10.5327  36.558494  36.570183    10.5422    10.5323    32.9385    32.9591    25.2505    25.2683     7.2567     7.4226    221.191    226.244     2.1661     2.0818     0.1160     1.8749     3.2589     0.1880     0.2833 -124.20252   43.99998      51.84         10  0.000e+00
      32672   1361.292      3.537      3.565    10.5471    10.5336  36.560797  36.570183    10.5466    10.5332    32.9368    32.9584    25.2484    25.2675     7.2508     7.4283    221.011    226.416     2.1648     2.0830     0.1160     1.8749     3.2589     0.1856     0.2845 -124.20252   43.99998      51.84         10  0.000e+00
      32673   1361.333      3.537      3.565    10.5513    10.5353  36.562204  36.570375    10.5509    10.5349    32.9344    32.9570    25.2458    25.2662     7.2502     7.4338    220.994    226.584     2.1648     2.0842     0.1160     1.8749     3.2576     0.1819     0.2857 -124.20252   43.99998      51.84         10  0.000e+00
      32674   1361.375      3.484      3.512    10.5534    10.5357  36.563227  36.570311    10.5530    10.5353    32.9335    32.9566    25.2447    25.2658     7.2499     7.4279    220.983    226.406     2.1648     2.0830     0.1160     1.8749     3.2589     0.1807     0.2857 -124.20252   43.99998      51.84         10  0.000e+00
      32675   1361.417      3.537      3.565    10.5529    10.5358  36.562588  36.569480    10.5525    10.5354    32.9333    32.9557    25.2447    25.2651     7.2500     7.4338    220.987    226.584     2.1648     2.0842     0.1160     1.8749     3.2589     0.1795     0.2869 -124.20252   43.99998      51.84         10  0.000e+00
      32676   1361.458      3.437      3.465    10.5516    10.5356  36.561756  36.568712    10.5512    10.5352    32.9337    32.9551    25.2452    25.2647     7.2501     7.4337    220.990    226.583     2.1648     2.0842     0.1160     1.8749     3.2589     0.1770     0.2882 -124.20252   43.99998      51.84         10  0.000e+00
      32677   1361.500      3.484      3.512    10.5495    10.5347  36.561308  36.567817    10.5491    10.5343    32.9351    32.9550    25.2467    25.2647     7.2452     7.4339    220.839    226.589     2.1636     2.0842     0.1160     1.8749     3.2576     0.1770     0.2894 -124.20252   43.99998      51.84         10  0.000e+00
      32678   1361.542      3.504      3.532    10.5491    10.5334  36.561052  36.566858    10.5487    10.5330    32.9352    32.9552    25.2468    25.2651     7.2452     7.4399    220.841    226.771     2.1636     2.0855     0.1160     1.8749     3.2576     0.1746     0.2906 -124.20252   43.99998      51.84         10  0.000e+00
      32679   1361.583      3.437      3.465    10.5505    10.5324  36.561436  36.566411    10.5501    10.5320    32.9344    32.9557    25.2459    25.2657     7.2450     7.4400    220.834    226.774     2.1636     2.0855     0.1160     1.8749     3.2576     0.1746     0.2918 -124.20252   43.99998      51.84         10  0.000e+00
      32680   1361.625      3.484      3.512    10.5529    10.5321  36.562971  36.566347    10.5525    10.5317    32.9337    32.9559    25.2450    25.2659     7.2447     7.4401    220.824    226.776     2.1636     2.0855     0.1160     1.8749     3.2576     0.1734     0.2918 -124.20252   43.99998      51.84         10  0.000e+00
      32681   1361.667      3.437      3.465    10.5567    10.5323  36.566233  36.566539    10.5563    10.5319    32.9335    32.9560    25.2442    25.2659     7.2387     7.4400    220.644    226.774     2.1624     2.0855     0.1160     1.8749     3.2589     0.1722     0.2930 -124.20252   43.99998      51.87         10  0.000e+00
      32682   1361.708      3.484      3.512    10.5618    10.5324  36.568984  36.566858    10.5614    10.5320    32.9317    32.9561    25.2419    25.2660     7.2433     7.4458    220.784    226.949     2.1636     2.0867     0.1160     1.8749     3.2589     0.1722     0.2918 -124.20252   43.99998      51.89         10  0.000e+00
      32683   1361.750      3.437      3.465    10.5651    10.5318  36.570135  36.566730    10.5647    10.5314    32.9299    32.9566    25.2399    25.2665     7.2375     7.4458    220.608    226.951     2.1624     2.0867     0.1160     1.8749     3.2576     0.1709     0.2930 -124.20252   43.99998      51.89         10  0.000e+00
      32684   1361.792      3.437      3.465    10.5658    10.5309  36.570327  36.564685    10.5654    10.5305    32.9295    32.9553    25.2395    25.2656     7.2375     7.4460    220.606    226.957     2.1624     2.0867     0.1160     1.8749     3.2576     0.1722     0.2930 -124.20252   43.99996      51.89         10  0.000e+00
      32685   1361.833      3.437      3.465    10.5640    10.5306  36.569560  36.563086    10.5635    10.5302    32.9303    32.9540    25.2405    25.2647     7.2377     7.4461    220.613    226.961     2.1624     2.0867     0.1160     1.8749     3.2589     0.1722     0.2943 -124.20252   43.99996      51.89         10  0.000e+00
