WCOA/WCOA-6/CTD_Data/RB2102_CTD_071_01.ros
* Sea-Bird SBE 9 Data File:
* FileName = C:\Users\scs.user.rb\CTD\RB2102\Data\RB2102_CTD_071_01.hex
* Software Version Seasave V 7.26.7.107
* Temperature SN = 6202
* Conductivity SN = 4907
* Number of Bytes Per Scan = 41
* Number of Voltage Words = 4
* Number of Scans Averaged by the Deck Unit = 1
* NMEA Latitude = 40 06.02 N
* NMEA Longitude = 124 42.82 W
* NMEA UTC (Time) = Jul 07 2021  23:51:19
* NMEA baud rate = 4800
# nquan = 30
# nvalues = 1042                                  
# units = specified
# name 0 = scan: Scan Count
# name 1 = timeS: Time, Elapsed [seconds]
# name 2 = depSM: Depth [salt water, m]
# name 3 = prDM: Pressure, Digiquartz [db]
# name 4 = t090C: Temperature [ITS-90, deg C]
# name 5 = t190C: Temperature, 2 [ITS-90, deg C]
# name 6 = c0mS/cm: Conductivity [mS/cm]
# name 7 = c1mS/cm: Conductivity, 2 [mS/cm]
# name 8 = potemp090C: Potential Temperature [ITS-90, deg C]
# name 9 = potemp190C: Potential Temperature, 2 [ITS-90, deg C]
# name 10 = sal00: Salinity, Practical [PSU]
# name 11 = sal11: Salinity, Practical, 2 [PSU]
# name 12 = sigma-é00: Density [sigma-theta, kg/m^3]
# name 13 = sigma-é11: Density, 2 [sigma-theta, kg/m^3]
# name 14 = sbeox0Mg/L: Oxygen, SBE 43 [mg/l]
# name 15 = sbeox1Mg/L: Oxygen, SBE 43, 2 [mg/l]
# name 16 = sbox0Mm/Kg: Oxygen, SBE 43 [umol/kg]
# name 17 = sbox1Mm/Kg: Oxygen, SBE 43, 2 [umol/kg]
# name 18 = sbeox0V: Oxygen raw, SBE 43 [V]
# name 19 = sbeox1V: Oxygen raw, SBE 43, 2 [V]
# name 20 = v4: Voltage 4
# name 21 = flECO-AFL: Fluorescence, WET Labs ECO-AFL/FL [mg/m^3]
# name 22 = v3: Voltage 3
# name 23 = v6: Voltage 6
# name 24 = v7: Voltage 7
# name 25 = longitude: Longitude [deg]
# name 26 = latitude: Latitude [deg]
# name 27 = altM: Altimeter [m]
# name 28 = nbf: Bottles Fired
# name 29 = flag:  0.000e+00
# interval = seconds: 0.0416667
# start_time = Jul 07 2021 23:51:19 [NMEA time, header]
# bad_flag = -9.990e-29
*END*
[from data line 581]
      71723   2988.417     79.598     80.229     9.2211     9.2231  36.029265  36.030374     9.2125     9.2145    33.5838    33.5831    25.9754    25.9746     5.6294     5.8246    171.466    177.413     1.7436     1.6972     0.0415     0.0129     3.2540     0.0000     0.0000 -124.71616   40.09998      99.39         12  0.000e+00
      71724   2988.458     79.585     80.216     9.2209     9.2231  36.029011  36.030438     9.2123     9.2145    33.5837    33.5831    25.9754    25.9746     5.6294     5.8246    171.467    177.412     1.7436     1.6972     0.0415     0.0129     3.2527     0.0000     0.0000 -124.71616   40.09998      99.39         12  0.000e+00
      71725   2988.500     79.599     80.229     9.2216     9.2230  36.029393  36.030056     9.2130     9.2143    33.5834    33.5829    25.9751    25.9744     5.6293     5.8246    171.465    177.413     1.7436     1.6972     0.0415     0.0129     3.2540     0.0000     0.0000 -124.71616   40.09998      99.39         12  0.000e+00
      71726   2988.542     79.599     80.229     9.2215     9.2229  36.029329  36.030120     9.2128     9.2142    33.5835    33.5830    25.9752    25.9746     5.6293     5.8246    171.465    177.414     1.7436     1.6972     0.0415     0.0129     3.2540     0.0000     0.0000 -124.71616   40.09998      99.39         12  0.000e+00
      71727   2988.583     79.599     80.230     9.2215     9.2228  36.029456  36.030183     9.2128     9.2141    33.5836    33.5832    25.9753    25.9747     5.6293     5.8246    171.465    177.414     1.7436     1.6972     0.0415     0.0129     3.2527     0.0000     0.0000 -124.71616   40.09998      99.39         12  0.000e+00
      71728   2988.625     79.546     80.176     9.2215     9.2224  36.029329  36.030183     9.2128     9.2138    33.5835    33.5835    25.9752    25.9750     5.6293     5.8246    171.464    177.414     1.7436     1.6972     0.0415     0.0129     3.2527     0.0000     0.0000 -124.71616   40.09998      99.39         12  0.000e+00
      71729   2988.667     79.599     80.230     9.2216     9.2224  36.029265  36.030183     9.2130     9.2138    33.5833    33.5835    25.9750    25.9750     5.6293     5.8247    171.465    177.415     1.7436     1.6972     0.0415     0.0129     3.2540     0.0000     0.0000 -124.71616   40.09998      99.39         12  0.000e+00
      74659   3110.750     59.489     59.958     9.9139     9.9167  36.532477  36.535678     9.9072     9.9099    33.4630    33.4638    25.7674    25.7676     6.8304     7.0638    208.090    215.202     2.0391     1.9780     0.0452     0.1044     3.2491     0.0000     0.0000 -124.71620   40.09998      55.92         13  0.000e+00
      74660   3110.792     59.562     60.031     9.9138     9.9165  36.532349  36.535614     9.9071     9.9097    33.4630    33.4638    25.7674    25.7676     6.8304     7.0581    208.092    215.027     2.0391     1.9768     0.0452     0.1044     3.2491     0.0000     0.0000 -124.71620   40.09998      59.12         13  0.000e+00
      74661   3110.833     59.635     60.105     9.9137     9.9168  36.532285  36.535103     9.9069     9.9100    33.4630    33.4630    25.7675    25.7669     6.8305     7.0640    208.095    215.206     2.0391     1.9780     0.0452     0.1044     3.2491     0.0000     0.0000 -124.71620   40.09998      87.01         13  0.000e+00
      74662   3110.875     59.562     60.031     9.9133     9.9163  36.532285  36.535166     9.9066     9.9096    33.4634    33.4635    25.7678    25.7674     6.8305     7.0581    208.094    215.028     2.0391     1.9768     0.0452     0.1044     3.2515     0.0000     0.0000 -124.71620   40.09998     100.00         13  0.000e+00
      74663   3110.917     59.489     59.958     9.9132     9.9165  36.532285  36.535230     9.9065     9.9097    33.4635    33.4635    25.7679    25.7674     6.8304     7.0580    208.092    215.025     2.0391     1.9768     0.0452     0.1044     3.2515     0.0000     0.0000 -124.71620   40.09998     100.00         13  0.000e+00
      74664   3110.958     59.589     60.058     9.9130     9.9165  36.531966  36.535486     9.9062     9.9097    33.4633    33.4637    25.7678    25.7675     6.8306     7.0581    208.096    215.027     2.0391     1.9768     0.0452     0.1044     3.2515     0.0000     0.0000 -124.71620   40.09998     100.00         13  0.000e+00
      74665   3111.000     59.615     60.085     9.9125     9.9165  36.531710  36.535358     9.9058     9.9097    33.4635    33.4635    25.7680    25.7674     6.8307     7.0581    208.099    215.028     2.0391     1.9768     0.0452     0.1044     3.2503     0.0000     0.0000 -124.71620   40.09998      99.32         13  0.000e+00
      74666   3111.042     59.536     60.005     9.9127     9.9163  36.531390  36.535294     9.9059     9.9096    33.4631    33.4636    25.7677    25.7675     6.8306     7.0581    208.097    215.027     2.0391     1.9768     0.0452     0.1044     3.2503     0.0000     0.0000 -124.71620   40.09998      99.24         13  0.000e+00
      74667   3111.083     59.562     60.032     9.9122     9.9165  36.531518  36.535294     9.9054     9.9097    33.4637    33.4635    25.7682    25.7674     6.8307     7.0581    208.099    215.027     2.0391     1.9768     0.0452     0.1044     3.2503     0.0000     0.0000 -124.71620   40.09998      99.27         13  0.000e+00
      74668   3111.125     59.589     60.058     9.9122     9.9167  36.531134  36.535486     9.9055     9.9099    33.4632    33.4635    25.7679    25.7674     6.8307     7.0581    208.100    215.027     2.0391     1.9768     0.0452     0.1044     3.2515     0.0000     0.0000 -124.71620   40.09998      99.29         13  0.000e+00
      74669   3111.167     59.562     60.032     9.9123     9.9167  36.531006  36.535550     9.9056     9.9099    33.4630    33.4636    25.7677    25.7674     6.8360     7.0580    208.263    215.026     2.0403     1.9768     0.0452     0.1044     3.2515     0.0000     0.0000 -124.71620   40.09998      99.32         13  0.000e+00
      74670   3111.208     59.589     60.058     9.9121     9.9167  36.531198  36.535103     9.9053     9.9099    33.4634    33.4631    25.7680    25.7671     6.8307     7.0581    208.101    215.027     2.0391     1.9768     0.0452     0.1044     3.2503     0.0000     0.0000 -124.71620   40.09998      99.32         13  0.000e+00
      74671   3111.250     59.589     60.058     9.9122     9.9168  36.531262  36.535167     9.9054     9.9101    33.4634    33.4631    25.7680    25.7670     6.8307     7.0581    208.100    215.027     2.0391     1.9768     0.0452     0.1044     3.2503     0.0000     0.0000 -124.71620   40.09998      99.29         13  0.000e+00
      74672   3111.292     59.563     60.032     9.9122     9.9167  36.531070  36.535039     9.9055     9.9099    33.4632    33.4631    25.7678    25.7670     6.8307     7.0581    208.100    215.027     2.0391     1.9768     0.0452     0.1044     3.2491     0.0000     0.0000 -124.71620   40.09998      99.32         13  0.000e+00
      74673   3111.333     59.536     60.005     9.9118     9.9163  36.531198  36.534719     9.9051     9.9096    33.4636    33.4631    25.7683    25.7671     6.8307     7.0581    208.100    215.028     2.0391     1.9768     0.0452     0.1044     3.2503     0.0000     0.0000 -124.71620   40.09998      99.29         13  0.000e+00
      74674   3111.375     59.616     60.085     9.9122     9.9165  36.530815  36.535103     9.9054     9.9097    33.4629    33.4633    25.7677    25.7672     6.8307     7.0581    208.102    215.029     2.0391     1.9768     0.0452     0.1044     3.2503     0.0000     0.0000 -124.71620   40.09998      99.32         13  0.000e+00
      74675   3111.417     59.589     60.059     9.9119     9.9161  36.531326  36.534975     9.9051     9.9094    33.4637    33.4635    25.7683    25.7674     6.8307     7.0523    208.101    214.851     2.0391     1.9756     0.0452     0.1044     3.2503     0.0000     0.0000 -124.71620   40.09998      99.32         13  0.000e+00
      74676   3111.458     59.516     59.985     9.9118     9.9165  36.531390  36.534719     9.9051     9.9097    33.4638    33.4629    25.7684    25.7670     6.8307     7.0522    208.099    214.848     2.0391     1.9756     0.0452     0.1044     3.2503     0.0000     0.0000 -124.71620   40.09998      99.32         13  0.000e+00
      74677   3111.500     59.636     60.105     9.9119     9.9160  36.531326  36.534655     9.9051     9.9092    33.4637    33.4633    25.7683    25.7673     6.8308     7.0582    208.102    215.032     2.0391     1.9768     0.0452     0.1044     3.2503     0.0000     0.0000 -124.71620   40.09998      99.29         13  0.000e+00
      74678   3111.542     59.563     60.032     9.9120     9.9160  36.531070  36.534655     9.9052     9.9092    33.4634    33.4633    25.7680    25.7673     6.8307     7.0523    208.100    214.852     2.0391     1.9756     0.0452     0.1044     3.2503     0.0000     0.0000 -124.71620   40.09998      99.32         13  0.000e+00
      74679   3111.583     59.536     60.005     9.9120     9.9160  36.530942  36.534399     9.9052     9.9092    33.4633    33.4631    25.7679    25.7671     6.8307     7.0581    208.100    215.030     2.0391     1.9768     0.0452     0.1044     3.2503     0.0000     0.0000 -124.71620   40.09998      99.29         13  0.000e+00
      74680   3111.625     59.589     60.059     9.9116     9.9158  36.530751  36.534336     9.9048     9.9091    33.4634    33.4631    25.7681    25.7672     6.8308     7.0582    208.103    215.032     2.0391     1.9768     0.0452     0.1044     3.2503     0.0000     0.0000 -124.71620   40.09998      99.29         13  0.000e+00
      74681   3111.667     59.616     60.085     9.9118     9.9158  36.530879  36.534975     9.9051     9.9091    33.4633    33.4638    25.7680    25.7677     6.8308     7.0524    208.103    214.853     2.0391     1.9756     0.0452     0.1044     3.2491     0.0000     0.0000 -124.71620   40.09998      99.29         13  0.000e+00
      74682   3111.708     59.536     60.005     9.9117     9.9160  36.531006  36.535039     9.9050     9.9092    33.4636    33.4637    25.7682    25.7677     6.8307     7.0523    208.101    214.850     2.0391     1.9756     0.0452     0.1044     3.2503     0.0000     0.0000 -124.71620   40.09998      99.32         13  0.000e+00
      74683   3111.750     59.616     60.085     9.9117     9.9156  36.530687  36.534719     9.9049     9.9089    33.4633    33.4637    25.7680    25.7677     6.8308     7.0524    208.103    214.854     2.0391     1.9756     0.0452     0.1044     3.2491     0.0000     0.0000 -124.71620   40.09998      99.29         13  0.000e+00
      74684   3111.792     59.589     60.059     9.9114     9.9158  36.530879  36.534655     9.9046     9.9091    33.4637    33.4634    25.7684    25.7675     6.8308     7.0524    208.103    214.853     2.0391     1.9756     0.0452     0.1044     3.2503     0.0000     0.0000 -124.71620   40.09998      99.32         13  0.000e+00
      74685   3111.833     59.563     60.032     9.9115     9.9156  36.530751  36.534655     9.9048     9.9089    33.4635    33.4636    25.7682    25.7676     6.8308     7.0524    208.102    214.853     2.0391     1.9756     0.0440     0.0739     3.2515     0.0000     0.0000 -124.71620   40.09998      99.29         13  0.000e+00
      74686   3111.875     59.589     60.059     9.9112     9.9156  36.530687  36.534336     9.9045     9.9089    33.4636    33.4633    25.7684    25.7674     6.8308     7.0524    208.104    214.854     2.0391     1.9756     0.0440     0.0739     3.2515     0.0000     0.0000 -124.71620   40.09998      99.32         13  0.000e+00
      74687   3111.917     59.589     60.059     9.9115     9.9155  36.530367  36.534783     9.9048     9.9088    33.4631    33.4639    25.7679    25.7678     6.8308     7.0524    208.104    214.854     2.0391     1.9756     0.0440     0.0739     3.2503     0.0000     0.0000 -124.71620   40.09998      99.29         13  0.000e+00
      74688   3111.958     59.563     60.032     9.9113     9.9155  36.530559  36.534464     9.9046     9.9088    33.4634    33.4636    25.7682    25.7676     6.8308     7.0524    208.103    214.854     2.0391     1.9756     0.0440     0.0739     3.2503     0.0000     0.0000 -124.71620   40.09998      99.32         13  0.000e+00
      74689   3112.000     59.589     60.059     9.9114     9.9153  36.530879  36.534016     9.9046     9.9086    33.4637    33.4633    25.7684    25.7674     6.8308     7.0524    208.103    214.856     2.0391     1.9756     0.0440     0.0739     3.2503     0.0000     0.0000 -124.71620   40.09998      99.32         13  0.000e+00
      74690   3112.042     59.616     60.086     9.9113     9.9150  36.530943  36.533697     9.9046     9.9082    33.4638    33.4632    25.7685    25.7674     6.8308     7.0525    208.104    214.858     2.0391     1.9756     0.0440     0.0739     3.2503     0.0000     0.0000 -124.71620   40.09998      99.29         13  0.000e+00
      74691   3112.083     59.589     60.059     9.9114     9.9148  36.530751  36.533825     9.9046     9.9081    33.4636    33.4635    25.7683    25.7677     6.8308     7.0525    208.104    214.858     2.0391     1.9756     0.0440     0.0739     3.2503     0.0000     0.0000 -124.71620   40.09998      99.29         13  0.000e+00
      74692   3112.125     59.517     59.985     9.9115     9.9150  36.530686  36.534655     9.9048     9.9082    33.4634    33.4643    25.7682    25.7682     6.8307     7.0524    208.101    214.854     2.0391     1.9756     0.0440     0.0739     3.2503     0.0000     0.0000 -124.71620   40.09998      99.32         13  0.000e+00
      74693   3112.167     59.590     60.059     9.9114     9.9153  36.530879  36.534911     9.9046     9.9086    33.4637    33.4642    25.7684    25.7681     6.8308     7.0524    208.103    214.854     2.0391     1.9756     0.0440     0.0739     3.2503     0.0000     0.0000 -124.71620   40.09998      99.29         13  0.000e+00
      74694   3112.208     59.590     60.059     9.9120     9.9155  36.531390  36.534719     9.9052     9.9088    33.4637    33.4638    25.7683    25.7678     6.8307     7.0524    208.101    214.854     2.0391     1.9756     0.0440     0.0739     3.2491     0.0000     0.0000 -124.71620   40.09998      99.29         13  0.000e+00
      74695   3112.250     59.616     60.086     9.9118     9.9155  36.531134  36.534847     9.9051     9.9087    33.4635    33.4639    25.7682    25.7679     6.8308     7.0524    208.102    214.855     2.0391     1.9756     0.0440     0.0739     3.2491     0.0000     0.0000 -124.71620   40.09998      99.32         13  0.000e+00
      74696   3112.292     59.590     60.059     9.9124     9.9156  36.531198  36.534719     9.9056     9.9089    33.4631    33.4637    25.7678    25.7677     6.8307     7.0524    208.100    214.853     2.0391     1.9756     0.0440     0.0739     3.2503     0.0000     0.0000 -124.71620   40.09998      99.32         13  0.000e+00
      74697   3112.333     59.563     60.032     9.9122     9.9156  36.531326  36.534655     9.9054     9.9089    33.4635    33.4636    25.7681    25.7676     6.8307     7.0524    208.099    214.853     2.0391     1.9756     0.0452     0.1044     3.2503     0.0000     0.0000 -124.71620   40.09998      99.32         13  0.000e+00
      74698   3112.375     59.590     60.059     9.9124     9.9153  36.531518  36.534591     9.9056     9.9086    33.4634    33.4639    25.7680    25.7679     6.8307     7.0524    208.099    214.855     2.0391     1.9756     0.0440     0.0739     3.2515     0.0000     0.0000 -124.71620   40.09998      99.32         13  0.000e+00
