WCOA/WCOA-6/CTD_Data/RB2102_CTD_057_01.ros
* Sea-Bird SBE 9 Data File:
* FileName = C:\Users\scs.user.rb\CTD\RB2102\Data\RB2102_CTD_057_01.hex
* Software Version Seasave V 7.26.7.107
* Temperature SN = 6202
* Conductivity SN = 4907
* Number of Bytes Per Scan = 41
* Number of Voltage Words = 4
* Number of Scans Averaged by the Deck Unit = 1
* NMEA Latitude = 43 59.97 N
* NMEA Longitude = 124 23.56 W
* NMEA UTC (Time) = Jul 05 2021  11:20:20
* NMEA baud rate = 4800
# nquan = 30
# nvalues = 686                                   
# units = specified
# name 0 = scan: Scan Count
# name 1 = timeS: Time, Elapsed [seconds]
# name 2 = depSM: Depth [salt water, m]
# name 3 = prDM: Pressure, Digiquartz [db]
# name 4 = t090C: Temperature [ITS-90, deg C]
# name 5 = t190C: Temperature, 2 [ITS-90, deg C]
# name 6 = c0mS/cm: Conductivity [mS/cm]
# name 7 = c1mS/cm: Conductivity, 2 [mS/cm]
# name 8 = potemp090C: Potential Temperature [ITS-90, deg C]
# name 9 = potemp190C: Potential Temperature, 2 [ITS-90, deg C]
# name 10 = sal00: Salinity, Practical [PSU]
# name 11 = sal11: Salinity, Practical, 2 [PSU]
# name 12 = sigma-é00: Density [sigma-theta, kg/m^3]
# name 13 = sigma-é11: Density, 2 [sigma-theta, kg/m^3]
# name 14 = sbeox0Mg/L: Oxygen, SBE 43 [mg/l]
# name 15 = sbeox1Mg/L: Oxygen, SBE 43, 2 [mg/l]
# name 16 = sbox0Mm/Kg: Oxygen, SBE 43 [umol/kg]
# name 17 = sbox1Mm/Kg: Oxygen, SBE 43, 2 [umol/kg]
# name 18 = sbeox0V: Oxygen raw, SBE 43 [V]
# name 19 = sbeox1V: Oxygen raw, SBE 43, 2 [V]
# name 20 = v4: Voltage 4
# name 21 = flECO-AFL: Fluorescence, WET Labs ECO-AFL/FL [mg/m^3]
# name 22 = v3: Voltage 3
# name 23 = v6: Voltage 6
# name 24 = v7: Voltage 7
# name 25 = longitude: Longitude [deg]
# name 26 = latitude: Latitude [deg]
# name 27 = altM: Altimeter [m]
# name 28 = nbf: Bottles Fired
# name 29 = flag:  0.000e+00
# interval = seconds: 0.0416667
# start_time = Jul 05 2021 11:20:20 [NMEA time, header]
# bad_flag = -9.990e-29
*END*
[from data line 387]
      45358   1889.875     30.250     30.497     8.0197     8.1101  34.507828  34.511544     8.0168     8.1071    33.1410    33.0596    25.8116    25.7345     4.1900     4.6550    127.643    141.821     1.3993     1.4347     0.0672     0.6539     3.2491     0.0354     0.0562 -124.39374   43.99942      89.79          8  0.000e+00
      45359   1889.917     30.296     30.543     8.0197     8.1112  34.507954  34.511981     8.0168     8.1082    33.1412    33.0590    25.8117    25.7338     4.1900     4.6610    127.644    142.004     1.3993     1.4359     0.0659     0.6234     3.2503     0.0354     0.0562 -124.39374   43.99942      89.79          8  0.000e+00
      45360   1889.958     30.303     30.550     8.0198     8.1119  34.507954  34.512169     8.0168     8.1089    33.1411    33.0586    25.8117    25.7334     4.1900     4.6609    127.644    142.002     1.3993     1.4359     0.0659     0.6234     3.2503     0.0354     0.0562 -124.39374   43.99942      89.79          8  0.000e+00
      45361   1890.000     30.250     30.497     8.0199     8.1125  34.507953  34.512793     8.0169     8.1095    33.1410    33.0586    25.8116    25.7333     4.1899     4.6608    127.643    141.999     1.3993     1.4359     0.0659     0.6234     3.2503     0.0354     0.0562 -124.39374   43.99942      89.82          8  0.000e+00
      45362   1890.042     30.296     30.543     8.0199     8.1129  34.507953  34.513356     8.0169     8.1099    33.1410    33.0589    25.8116    25.7335     4.1900     4.6608    127.644    141.998     1.3993     1.4359     0.0672     0.6539     3.2503     0.0354     0.0562 -124.39374   43.99942      89.77          8  0.000e+00
      49306   2054.375     20.388     20.553     8.3429     8.3483  34.552237  34.564811     8.3409     8.3463    32.8887    32.8969    25.5658    25.5715     4.5879     5.2942    139.800    161.321     1.4933     1.5690     0.0708     0.7455     3.2454     0.0464     0.0696 -124.39388   43.99938      99.00          9  0.000e+00
      49307   2054.417     20.341     20.507     8.3429     8.3490  34.552424  34.565311     8.3409     8.3469    32.8889    32.8969    25.5660    25.5713     4.5879     5.2880    139.799    161.133     1.4933     1.5678     0.0696     0.7149     3.2479     0.0464     0.0696 -124.39388   43.99938      99.00          9  0.000e+00
      49308   2054.458     20.487     20.654     8.3429     8.3502  34.551799  34.567250     8.3409     8.3481    32.8882    32.8977    25.5654    25.5718     4.5880     5.2940    139.802    161.315     1.4933     1.5690     0.0708     0.7455     3.2454     0.0464     0.0696 -124.39388   43.99938      99.00          9  0.000e+00
      49309   2054.500     20.388     20.554     8.3427     8.3522  34.551611  34.568062     8.3407     8.3502    32.8882    32.8967    25.5654    25.5707     4.5879     5.2937    139.801    161.306     1.4933     1.5690     0.0708     0.7455     3.2479     0.0464     0.0696 -124.39388   43.99938      99.00          9  0.000e+00
      49310   2054.542     20.388     20.554     8.3429     8.3527  34.551361  34.567437     8.3409     8.3506    32.8878    32.8956    25.5651    25.5698     4.5879     5.2876    139.801    161.120     1.4933     1.5678     0.0708     0.7455     3.2454     0.0464     0.0696 -124.39388   43.99938      98.97          9  0.000e+00
      49311   2054.583     20.487     20.654     8.3427     8.3493  34.551361  34.565186     8.3407     8.3472    32.8879    32.8964    25.5652    25.5708     4.5880     5.2881    139.803    161.135     1.4933     1.5678     0.0696     0.7149     3.2479     0.0464     0.0696 -124.39388   43.99938      98.95          9  0.000e+00
      49312   2054.625     20.388     20.554     8.3427     8.3422  34.551048  34.561184     8.3407     8.3401    32.8876    32.8988    25.5650    25.5739     4.5879     5.2949    139.801    161.343     1.4933     1.5690     0.0708     0.7455     3.2454     0.0464     0.0696 -124.39388   43.99938      98.93          9  0.000e+00
      49313   2054.667     20.388     20.554     8.3429     8.3353  34.550735  34.557058     8.3409     8.3332    32.8871    32.9009    25.5645    25.5765     4.5879     5.2897    139.801    161.183     1.4933     1.5678     0.0696     0.7149     3.2479     0.0464     0.0696 -124.39388   43.99938      98.93          9  0.000e+00
      49314   2054.708     20.441     20.607     8.3426     8.3304  34.550422  34.553807     8.3405     8.3284    32.8871    32.9020    25.5645    25.5781     4.5880     5.2964    139.803    161.387     1.4933     1.5690     0.0708     0.7455     3.2454     0.0464     0.0696 -124.39388   43.99938      98.93          9  0.000e+00
      49315   2054.750     20.441     20.607     8.3429     8.3279  34.550360  34.551432     8.3409     8.3259    32.8867    32.9019    25.5642    25.5783     4.5880     5.2967    139.803    161.397     1.4933     1.5690     0.0708     0.7455     3.2479     0.0464     0.0696 -124.39388   43.99938      98.95          9  0.000e+00
      49316   2054.792     20.434     20.600     8.3429     8.3268  34.549859  34.550181     8.3409     8.3248    32.8862    32.9016    25.5638    25.5783     4.5880     5.2969    139.803    161.402     1.4933     1.5690     0.0696     0.7149     3.2479     0.0464     0.0696 -124.39388   43.99938      98.93          9  0.000e+00
      49317   2054.833     20.441     20.607     8.3427     8.3268  34.549609  34.550119     8.3407     8.3248    32.8861    32.9015    25.5637    25.5782     4.5880     5.2969    139.804    161.402     1.4933     1.5690     0.0696     0.7149     3.2454     0.0464     0.0696 -124.39388   43.99938      98.90          9  0.000e+00
      49318   2054.875     20.434     20.600     8.3427     8.3263  34.549672  34.551182     8.3407     8.3243    32.8861    32.9031    25.5638    25.5796     4.5880     5.2969    139.804    161.402     1.4933     1.5690     0.0696     0.7149     3.2479     0.0464     0.0696 -124.39388   43.99938      98.90          9  0.000e+00
      49319   2054.917     20.441     20.607     8.3427     8.3263  34.549234  34.552682     8.3407     8.3243    32.8857    32.9046    25.5634    25.5808     4.5880     5.2968    139.804    161.400     1.4933     1.5690     0.0696     0.7149     3.2479     0.0464     0.0696 -124.39388   43.99938      98.90          9  0.000e+00
      49320   2054.958     20.434     20.600     8.3426     8.3262  34.549108  34.553495     8.3405     8.3242    32.8857    32.9056    25.5635    25.5816     4.5880     5.2968    139.805    161.399     1.4933     1.5690     0.0696     0.7149     3.2479     0.0464     0.0696 -124.39388   43.99938      98.90          9  0.000e+00
      49321   2055.000     20.441     20.607     8.3427     8.3274  34.548858  34.554120     8.3407     8.3254    32.8853    32.9051    25.5631    25.5810     4.5880     5.2967    139.805    161.395     1.4933     1.5690     0.0684     0.6844     3.2479     0.0464     0.0696 -124.39388   43.99938      98.90          9  0.000e+00
      49322   2055.042     20.434     20.601     8.3426     8.3284  34.548545  34.554308     8.3405     8.3264    32.8851    32.9044    25.5630    25.5803     4.5881     5.2966    139.805    161.392     1.4933     1.5690     0.0696     0.7149     3.2454     0.0464     0.0696 -124.39388   43.99938      98.90          9  0.000e+00
      49323   2055.083     20.487     20.654     8.3426     8.3309  34.548608  34.554933     8.3405     8.3289    32.8851    32.9027    25.5630    25.5786     4.5881     5.2963    139.806    161.385     1.4933     1.5690     0.0684     0.6844     3.2479     0.0464     0.0696 -124.39388   43.99938      98.93          9  0.000e+00
      49324   2055.125     20.434     20.601     8.3429     8.3355  34.548483  34.554932     8.3409     8.3334    32.8847    32.8985    25.5627    25.5746     4.5825     5.2959    139.635    161.371     1.4921     1.5690     0.0696     0.7149     3.2479     0.0464     0.0696 -124.39388   43.99938      98.90          9  0.000e+00
      49325   2055.167     20.487     20.654     8.3426     8.3351  34.547982  34.554870     8.3405     8.3330    32.8845    32.8988    25.5625    25.5748     4.5881     5.2959    139.807    161.373     1.4933     1.5690     0.0684     0.6844     3.2479     0.0464     0.0696 -124.39388   43.99938      98.90          9  0.000e+00
      49326   2055.208     20.487     20.654     8.3426     8.3341  34.548295  34.554870     8.3405     8.3321    32.8848    32.8996    25.5628    25.5757     4.5881     5.2960    139.806    161.376     1.4933     1.5690     0.0696     0.7149     3.2479     0.0464     0.0696 -124.39388   43.99938      98.90          9  0.000e+00
      49327   2055.250     20.441     20.607     8.3427     8.3332  34.547982  34.552807     8.3407     8.3311    32.8843    32.8984    25.5624    25.5748     4.5881     5.2962    139.806    161.380     1.4933     1.5690     0.0696     0.7149     3.2479     0.0464     0.0696 -124.39388   43.99938      98.90          9  0.000e+00
      49328   2055.292     20.487     20.654     8.3426     8.3320  34.547857  34.551369     8.3405     8.3299    32.8843    32.8979    25.5624    25.5747     4.5881     5.2964    139.807    161.386     1.4933     1.5690     0.0696     0.7149     3.2479     0.0464     0.0696 -124.39388   43.99938      98.93          9  0.000e+00
      49329   2055.333     20.487     20.654     8.3425     8.3312  34.547857  34.550056     8.3404     8.3292    32.8845    32.8973    25.5625    25.5742     4.5881     5.2965    139.807    161.390     1.4933     1.5690     0.0696     0.7149     3.2454     0.0464     0.0696 -124.39388   43.99938      98.90          9  0.000e+00
      49330   2055.375     20.487     20.654     8.3426     8.3288  34.547982  34.548931     8.3405     8.3267    32.8845    32.8984    25.5625    25.5755     4.5881     5.2968    139.807    161.399     1.4933     1.5690     0.0696     0.7149     3.2466     0.0464     0.0696 -124.39388   43.99938      98.93          9  0.000e+00
      49331   2055.417     20.487     20.654     8.3426     8.3271  34.547857  34.548243     8.3405     8.3251    32.8843    32.8992    25.5624    25.5764     4.5881     5.2970    139.807    161.404     1.4933     1.5690     0.0696     0.7149     3.2454     0.0464     0.0696 -124.39388   43.99938      98.93          9  0.000e+00
      49332   2055.458     20.487     20.654     8.3425     8.3268  34.547857  34.549056     8.3404     8.3248    32.8845    32.9003    25.5625    25.5773     4.5881     5.2970    139.807    161.404     1.4933     1.5690     0.0684     0.6844     3.2479     0.0464     0.0696 -124.39388   43.99938      98.93          9  0.000e+00
      49333   2055.500     20.487     20.654     8.3425     8.3272  34.547857  34.549368     8.3404     8.3251    32.8845    32.9004    25.5625    25.5773     4.5881     5.2969    139.807    161.403     1.4933     1.5690     0.0696     0.7149     3.2479     0.0464     0.0696 -124.39388   43.99938      98.93          9  0.000e+00
      49334   2055.542     20.534     20.701     8.3427     8.3274  34.547857  34.549118     8.3407     8.3254    32.8842    32.8998    25.5623    25.5768     4.5881     5.2969    139.807    161.403     1.4933     1.5690     0.0696     0.7149     3.2454     0.0464     0.0696 -124.39388   43.99938      98.93          9  0.000e+00
      49335   2055.583     20.487     20.654     8.3425     8.3273  34.547857  34.549243     8.3404     8.3253    32.8845    32.9001    25.5625    25.5770     4.5881     5.2908    139.807    161.217     1.4933     1.5678     0.0696     0.7149     3.2479     0.0464     0.0696 -124.39388   43.99938      98.93          9  0.000e+00
      49336   2055.625     20.534     20.701     8.3426     8.3280  34.547983  34.548618     8.3405     8.3259    32.8844    32.8988    25.5625    25.5759     4.5881     5.2969    139.808    161.402     1.4933     1.5690     0.0684     0.6844     3.2479     0.0464     0.0696 -124.39388   43.99938      98.93          9  0.000e+00
      49337   2055.667     20.488     20.654     8.3426     8.3291  34.547670  34.547930     8.3405     8.3270    32.8841    32.8971    25.5622    25.5744     4.5881     5.2907    139.807    161.214     1.4933     1.5678     0.0684     0.6844     3.2479     0.0464     0.0696 -124.39388   43.99938      98.93          9  0.000e+00
      49338   2055.708     20.488     20.654     8.3425     8.3298  34.547732  34.546617     8.3404     8.3277    32.8843    32.8950    25.5624    25.5727     4.5881     5.2968    139.807    161.399     1.4933     1.5690     0.0696     0.7149     3.2479     0.0464     0.0696 -124.39388   43.99938      98.93          9  0.000e+00
      49339   2055.750     20.541     20.708     8.3426     8.3306  34.547857  34.546680     8.3405     8.3285    32.8843    32.8943    25.5624    25.5720     4.5882     5.2967    139.808    161.397     1.4933     1.5690     0.0696     0.7149     3.2479     0.0464     0.0696 -124.39388   43.99938      98.93          9  0.000e+00
      49340   2055.792     20.534     20.701     8.3425     8.3330  34.547107  34.546617     8.3404     8.3309    32.8836    32.8920    25.5619    25.5698     4.5882     5.2965    139.809    161.390     1.4933     1.5690     0.0696     0.7149     3.2454     0.0464     0.0696 -124.39388   43.99938      98.95          9  0.000e+00
      49341   2055.833     20.541     20.708     8.3426     8.3351  34.547107  34.546054     8.3405     8.3330    32.8835    32.8894    25.5618    25.5675     4.5882     5.2963    139.809    161.385     1.4933     1.5690     0.0696     0.7149     3.2479     0.0464     0.0696 -124.39388   43.99938      98.97          9  0.000e+00
      49342   2055.875     20.534     20.701     8.3426     8.3329  34.547107  34.545179     8.3405     8.3308    32.8835    32.8906    25.5618    25.5688     4.5882     5.2965    139.809    161.393     1.4933     1.5690     0.0696     0.7149     3.2454     0.0464     0.0696 -124.39388   43.99938      98.97          9  0.000e+00
      49343   2055.917     20.541     20.708     8.3426     8.3272  34.546919  34.546117     8.3405     8.3251    32.8833    32.8969    25.5616    25.5746     4.5882     5.2971    139.809    161.408     1.4933     1.5690     0.0696     0.7149     3.2479     0.0464     0.0696 -124.39388   43.99938      98.97          9  0.000e+00
      49344   2055.958     20.534     20.701     8.3425     8.3230  34.546919  34.548181     8.3404     8.3210    32.8834    32.9030    25.5617    25.5799     4.5882     5.2974    139.809    161.417     1.4933     1.5690     0.0696     0.7149     3.2479     0.0464     0.0696 -124.39388   43.99938      98.97          9  0.000e+00
      49345   2056.000     20.541     20.708     8.3425     8.3237  34.546919  34.550307     8.3404     8.3217    32.8834    32.9045    25.5617    25.5811     4.5882     5.2973    139.809    161.413     1.4933     1.5690     0.0684     0.6844     3.2479     0.0464     0.0696 -124.39388   43.99938      98.97          9  0.000e+00
      49346   2056.042     20.580     20.748     8.3423     8.3273  34.546419  34.551057     8.3402     8.3253    32.8831    32.9019    25.5615    25.5785     4.5882     5.2969    139.811    161.402     1.4933     1.5690     0.0696     0.7149     3.2454     0.0464     0.0708 -124.39388   43.99938      98.97          9  0.000e+00
      49347   2056.083     20.541     20.708     8.3425     8.3291  34.546293  34.550994     8.3404     8.3270    32.8828    32.9003    25.5612    25.5769     4.5938     5.2967    139.980    161.396     1.4945     1.5690     0.0684     0.6844     3.2466     0.0464     0.0696 -124.39388   43.99938      99.00          9  0.000e+00
      49348   2056.125     20.534     20.701     8.3425     8.3291  34.546481  34.550181     8.3404     8.3270    32.8830    32.8994    25.5614    25.5762     4.5882     5.2967    139.810    161.397     1.4933     1.5690     0.0696     0.7149     3.2466     0.0464     0.0696 -124.39388   43.99938      99.02          9  0.000e+00
