WCOA/WCOA-6/CTD_Data/RB2102_CTD_034_01.ros
* Sea-Bird SBE 9 Data File:
* FileName = C:\Users\scs.user.rb\CTD\RB2102\Data\RB2102_CTD_034_01.hex
* Software Version Seasave V 7.26.7.107
* Temperature SN = 6202
* Conductivity SN = 4907
* Number of Bytes Per Scan = 41
* Number of Voltage Words = 4
* Number of Scans Averaged by the Deck Unit = 1
* NMEA Latitude = 46 07.71 N
* NMEA Longitude = 124 40.07 W
* NMEA UTC (Time) = Jul 01 2021  10:14:28
* NMEA baud rate = 4800
# nquan = 30
# nvalues = 1176                                  
# units = specified
# name 0 = scan: Scan Count
# name 1 = timeS: Time, Elapsed [seconds]
# name 2 = depSM: Depth [salt water, m]
# name 3 = prDM: Pressure, Digiquartz [db]
# name 4 = t090C: Temperature [ITS-90, deg C]
# name 5 = t190C: Temperature, 2 [ITS-90, deg C]
# name 6 = c0mS/cm: Conductivity [mS/cm]
# name 7 = c1mS/cm: Conductivity, 2 [mS/cm]
# name 8 = potemp090C: Potential Temperature [ITS-90, deg C]
# name 9 = potemp190C: Potential Temperature, 2 [ITS-90, deg C]
# name 10 = sal00: Salinity, Practical [PSU]
# name 11 = sal11: Salinity, Practical, 2 [PSU]
# name 12 = sigma-é00: Density [sigma-theta, kg/m^3]
# name 13 = sigma-é11: Density, 2 [sigma-theta, kg/m^3]
# name 14 = sbeox0Mg/L: Oxygen, SBE 43 [mg/l]
# name 15 = sbeox1Mg/L: Oxygen, SBE 43, 2 [mg/l]
# name 16 = sbox0Mm/Kg: Oxygen, SBE 43 [umol/kg]
# name 17 = sbox1Mm/Kg: Oxygen, SBE 43, 2 [umol/kg]
# name 18 = sbeox0V: Oxygen raw, SBE 43 [V]
# name 19 = sbeox1V: Oxygen raw, SBE 43, 2 [V]
# name 20 = v4: Voltage 4
# name 21 = flECO-AFL: Fluorescence, WET Labs ECO-AFL/FL [mg/m^3]
# name 22 = v3: Voltage 3
# name 23 = v6: Voltage 6
# name 24 = v7: Voltage 7
# name 25 = longitude: Longitude [deg]
# name 26 = latitude: Latitude [deg]
# name 27 = altM: Altimeter [m]
# name 28 = nbf: Bottles Fired
# name 29 = flag:  0.000e+00
# interval = seconds: 0.0416667
# start_time = Jul 01 2021 10:14:28 [NMEA time, header]
# bad_flag = -9.990e-29
*END*
[from data line 1064]
      76148   3172.792      3.673      3.703    17.0197    17.0275  40.444241  40.449390    17.0191    17.0269    31.1275    31.1259    22.5400    22.5370     8.5196     8.0918    260.373    247.298     2.7204     2.4652     0.0488     0.1960     3.2662     0.7973     0.0000 -124.67280   46.12626      99.76         22  0.000e+00
      76149   3172.833      3.726      3.757    17.0194    17.0273  40.444241  40.449790    17.0188    17.0267    31.1277    31.1264    22.5402    22.5374     8.5197     8.0918    260.375    247.300     2.7204     2.4652     0.0476     0.1655     3.2650     0.7973     0.0000 -124.67280   46.12626      99.76         22  0.000e+00
      76150   3172.875      3.673      3.703    17.0194    17.0268  40.443975  40.448924    17.0188    17.0262    31.1274    31.1260    22.5401    22.5372     8.5197     8.0919    260.374    247.301     2.7204     2.4652     0.0476     0.1655     3.2662     0.7973     0.0000 -124.67280   46.12626      99.76         22  0.000e+00
      76151   3172.917      3.626      3.657    17.0189    17.0264  40.443575  40.448591    17.0183    17.0258    31.1275    31.1261    22.5402    22.5374     8.5197     8.0919    260.375    247.302     2.7204     2.4652     0.0476     0.1655     3.2650     0.7973     0.0000 -124.67280   46.12626      99.76         22  0.000e+00
      76152   3172.958      3.673      3.703    17.0178    17.0259  40.443242  40.448591    17.0172    17.0253    31.1281    31.1264    22.5409    22.5378     8.5199     8.0920    260.381    247.305     2.7204     2.4652     0.0488     0.1960     3.2650     0.7973     0.0000 -124.67280   46.12626      99.76         22  0.000e+00
      76153   3173.000      3.673      3.703    17.0168    17.0255  40.442377  40.448591    17.0162    17.0249    31.1281    31.1267    22.5411    22.5381     8.5201     8.0921    260.386    247.306     2.7204     2.4652     0.0476     0.1655     3.2650     0.7973     0.0000 -124.67280   46.12626      99.76         22  0.000e+00
      76154   3173.042      3.627      3.657    17.0163    17.0245  40.441577  40.448059    17.0158    17.0239    31.1278    31.1270    22.5410    22.5385     8.5201     8.0922    260.388    247.309     2.7204     2.4652     0.0476     0.1655     3.2650     0.7973     0.0000 -124.67280   46.12626      99.76         22  0.000e+00
      76155   3173.083      3.640      3.670    17.0156    17.0240  40.441178  40.447593    17.0151    17.0234    31.1280    31.1270    22.5413    22.5387     8.5249     8.0923    260.533    247.313     2.7216     2.4652     0.0476     0.1655     3.2650     0.7973     0.0000 -124.67280   46.12626      99.76         22  0.000e+00
      76156   3173.125      3.627      3.657    17.0148    17.0232  40.440778  40.446727    17.0142    17.0226    31.1283    31.1269    22.5418    22.5388     8.5250     8.0924    260.537    247.316     2.7216     2.4652     0.0488     0.1960     3.2650     0.7973     0.0000 -124.67280   46.12626      99.76         22  0.000e+00
      76157   3173.167      3.627      3.657    17.0140    17.0221  40.440445  40.446728    17.0134    17.0215    31.1287    31.1278    22.5423    22.5397     8.5251     8.0925    260.540    247.321     2.7216     2.4652     0.0488     0.1960     3.2650     0.7973     0.0000 -124.67280   46.12626      99.76         22  0.000e+00
      76158   3173.208      3.627      3.657    17.0140    17.0220  40.440112  40.446528    17.0134    17.0214    31.1284    31.1277    22.5420    22.5396     8.5251     8.0925    260.541    247.321     2.7216     2.4652     0.0476     0.1655     3.2650     0.7973     0.0000 -124.67280   46.12626      99.76         22  0.000e+00
      76159   3173.250      3.627      3.657    17.0136    17.0221  40.440512  40.446994    17.0130    17.0215    31.1290    31.1280    22.5426    22.5399     8.5252     8.0925    260.542    247.320     2.7216     2.4652     0.0476     0.1655     3.2650     0.7973     0.0000 -124.67280   46.12626      99.76         22  0.000e+00
      76160   3173.292      3.627      3.657    17.0136    17.0223  40.440445  40.447194    17.0130    17.0217    31.1290    31.1280    22.5426    22.5398     8.5252     8.0975    260.542    247.473     2.7216     2.4664     0.0476     0.1655     3.2650     0.7973     0.0000 -124.67280   46.12626      99.76         22  0.000e+00
      76161   3173.333      3.580      3.610    17.0135    17.0222  40.440578  40.447193    17.0129    17.0217    31.1292    31.1281    22.5428    22.5399     8.5251     8.0924    260.540    247.318     2.7216     2.4652     0.0476     0.1655     3.2650     0.7973     0.0000 -124.67280   46.12626      99.76         22  0.000e+00
      76279   3178.250      3.629      3.659    17.0135    17.0228  40.439779  40.446994    17.0129    17.0222    31.1285    31.1274    22.5422    22.5393     8.5066     8.0975    259.974    247.471     2.7167     2.4664     0.0476     0.1655     3.2662     0.7998     0.0000 -124.67280   46.12626      99.76         23  0.000e+00
      76280   3178.292      3.675      3.706    17.0136    17.0226  40.439713  40.447593    17.0130    17.0220    31.1283    31.1281    22.5421    22.5398     8.5066     8.0975    259.975    247.473     2.7167     2.4664     0.0476     0.1655     3.2650     0.7998     0.0000 -124.67280   46.12626      99.76         23  0.000e+00
      76281   3178.333      3.629      3.659    17.0133    17.0231  40.439713  40.447060    17.0127    17.0225    31.1286    31.1273    22.5423    22.5391     8.5066     8.0974    259.975    247.470     2.7167     2.4664     0.0488     0.1960     3.2650     0.7998     0.0000 -124.67280   46.12626      99.76         23  0.000e+00
      76282   3178.375      3.675      3.706    17.0133    17.0230  40.439713  40.446861    17.0127    17.0224    31.1286    31.1271    22.5423    22.5390     8.5113     8.0975    260.119    247.472     2.7179     2.4664     0.0488     0.1960     3.2662     0.7998     0.0000 -124.67280   46.12626      99.76         23  0.000e+00
      76283   3178.417      3.629      3.659    17.0128    17.0233  40.439713  40.447060    17.0122    17.0227    31.1290    31.1271    22.5428    22.5389     8.5067     8.0974    259.977    247.470     2.7167     2.4664     0.0488     0.1960     3.2662     0.7998     0.0000 -124.67280   46.12626      99.76         23  0.000e+00
      76284   3178.458      3.675      3.706    17.0129    17.0235  40.439913  40.447460    17.0123    17.0229    31.1290    31.1273    22.5428    22.5390     8.5067     8.0974    259.977    247.469     2.7167     2.4664     0.0476     0.1655     3.2650     0.7998     0.0000 -124.67280   46.12626      99.76         23  0.000e+00
      76285   3178.500      3.629      3.659    17.0126    17.0240  40.440046  40.447793    17.0120    17.0234    31.1294    31.1272    22.5431    22.5388     8.5067     8.0973    259.977    247.466     2.7167     2.4664     0.0488     0.1960     3.2650     0.7998     0.0000 -124.67280   46.12626      99.76         23  0.000e+00
      76286   3178.542      3.596      3.626    17.0128    17.0244  40.439446  40.447859    17.0122    17.0238    31.1287    31.1270    22.5426    22.5386     8.5066     8.0972    259.976    247.463     2.7167     2.4664     0.0488     0.1960     3.2650     0.7998     0.0000 -124.67280   46.12626      99.76         23  0.000e+00
      76287   3178.583      3.675      3.706    17.0124    17.0245  40.439846  40.448125    17.0118    17.0239    31.1293    31.1271    22.5431    22.5386     8.5068     8.0972    259.979    247.465     2.7167     2.4664     0.0476     0.1655     3.2650     0.7998     0.0000 -124.67280   46.12626      99.76         23  0.000e+00
      76288   3178.625      3.629      3.659    17.0126    17.0251  40.440046  40.448458    17.0120    17.0245    31.1294    31.1269    22.5431    22.5384     8.5067     8.0971    259.977    247.461     2.7167     2.4664     0.0476     0.1655     3.2650     0.7998     0.0000 -124.67280   46.12626      99.76         23  0.000e+00
      76289   3178.667      3.629      3.659    17.0124    17.0265  40.439446  40.449656    17.0118    17.0260    31.1290    31.1268    22.5429    22.5379     8.5021     8.0969    259.836    247.454     2.7155     2.4664     0.0488     0.1960     3.2650     0.7998     0.0000 -124.67280   46.12626      99.76         23  0.000e+00
      76290   3178.708      3.583      3.613    17.0119    17.0278  40.438514  40.449989    17.0113    17.0272    31.1286    31.1262    22.5427    22.5371     8.4975     8.1017    259.695    247.601     2.7143     2.4676     0.0476     0.1655     3.2650     0.7998     0.0000 -124.67280   46.12626      99.76         23  0.000e+00
      76291   3178.750      3.629      3.659    17.0117    17.0283  40.438514  40.450521    17.0111    17.0277    31.1287    31.1262    22.5428    22.5371     8.5022     8.0966    259.840    247.446     2.7155     2.4664     0.0476     0.1655     3.2662     0.7998     0.0000 -124.67280   46.12626      99.76         23  0.000e+00
      76292   3178.792      3.629      3.659    17.0119    17.0290  40.438647  40.450721    17.0113    17.0284    31.1287    31.1259    22.5428    22.5366     8.4975     8.1015    259.697    247.597     2.7143     2.4676     0.0488     0.1960     3.2662     0.7998     0.0000 -124.67280   46.12626      99.76         23  0.000e+00
      76293   3178.833      3.583      3.613    17.0117    17.0296  40.438314  40.451187    17.0111    17.0291    31.1286    31.1258    22.5427    22.5364     8.4975     8.0964    259.696    247.438     2.7143     2.4664     0.0488     0.1960     3.2650     0.7998     0.0000 -124.67280   46.12626      99.76         23  0.000e+00
      76294   3178.875      3.583      3.613    17.0112    17.0304  40.438248  40.451653    17.0107    17.0298    31.1289    31.1256    22.5431    22.5361     8.4976     8.0962    259.698    247.435     2.7143     2.4664     0.0488     0.1960     3.2662     0.7998     0.0000 -124.67280   46.12626      99.76         23  0.000e+00
      76295   3178.917      3.629      3.659    17.0112    17.0312  40.438514  40.452252    17.0106    17.0306    31.1291    31.1255    22.5432    22.5358     8.4976     8.0962    259.699    247.432     2.7143     2.4664     0.0488     0.1960     3.2650     0.8010     0.0000 -124.67280   46.12626      99.76         23  0.000e+00
      76296   3178.958      3.543      3.573    17.0110    17.0323  40.438647  40.452651    17.0105    17.0317    31.1294    31.1250    22.5435    22.5352     8.4975     8.0959    259.697    247.425     2.7143     2.4664     0.0488     0.1960     3.2662     0.7998     0.0000 -124.67280   46.12626      99.76         23  0.000e+00
      76297   3179.000      3.583      3.613    17.0110    17.0333  40.438048  40.453583    17.0105    17.0327    31.1289    31.1250    22.5431    22.5350     8.4929     8.0958    259.557    247.421     2.7131     2.4664     0.0501     0.2265     3.2650     0.7998     0.0000 -124.67280   46.12626      99.76         23  0.000e+00
      76298   3179.042      3.530      3.559    17.0110    17.0336  40.437648  40.453583    17.0105    17.0330    31.1286    31.1248    22.5428    22.5347     8.4976     8.0957    259.698    247.418     2.7143     2.4664     0.0488     0.1960     3.2662     0.7998     0.0000 -124.67280   46.12626      99.76         23  0.000e+00
      76299   3179.083      3.583      3.613    17.0104    17.0342  40.437315  40.453783    17.0098    17.0336    31.1288    31.1245    22.5432    22.5344     8.4931     8.0957    259.560    247.418     2.7131     2.4664     0.0488     0.1960     3.2650     0.7998     0.0000 -124.67280   46.12626      99.76         23  0.000e+00
      76300   3179.125      3.530      3.559    17.0097    17.0342  40.436649  40.453849    17.0091    17.0336    31.1287    31.1246    22.5433    22.5345     8.4931     8.0956    259.562    247.416     2.7131     2.4664     0.0488     0.1960     3.2650     0.7998     0.0000 -124.67280   46.12626      99.76         23  0.000e+00
      76301   3179.167      3.530      3.559    17.0088    17.0342  40.436516  40.453583    17.0083    17.0336    31.1293    31.1244    22.5439    22.5343     8.4932     8.0956    259.565    247.416     2.7131     2.4664     0.0488     0.1960     3.2650     0.7998     0.0000 -124.67280   46.12626      99.73         23  0.000e+00
      76302   3179.208      3.530      3.559    17.0085    17.0338  40.436716  40.453782    17.0079    17.0332    31.1297    31.1248    22.5443    22.5347     8.4933     8.0957    259.567    247.417     2.7131     2.4664     0.0488     0.1960     3.2662     0.7998     0.0000 -124.67280   46.12626      99.76         23  0.000e+00
      76303   3179.250      3.583      3.613    17.0080    17.0338  40.436583  40.453583    17.0074    17.0332    31.1300    31.1246    22.5446    22.5346     8.4887     8.1008    259.428    247.573     2.7118     2.4676     0.0488     0.1960     3.2662     0.7998     0.0000 -124.67280   46.12626      99.76         23  0.000e+00
      76304   3179.292      3.484      3.513    17.0078    17.0336  40.436516  40.453250    17.0073    17.0330    31.1301    31.1245    22.5448    22.5345     8.4887     8.0957    259.425    247.417     2.7118     2.4664     0.0488     0.1960     3.2650     0.7998     0.0000 -124.67280   46.12626      99.76         23  0.000e+00
      76305   3179.333      3.484      3.513    17.0080    17.0336  40.436716  40.453383    17.0074    17.0330    31.1301    31.1246    22.5448    22.5346     8.4886     8.0956    259.424    247.417     2.7118     2.4664     0.0488     0.1960     3.2650     0.7998     0.0000 -124.67280   46.12626      99.76         23  0.000e+00
      76306   3179.375      3.530      3.559    17.0080    17.0342  40.436583  40.453183    17.0074    17.0336    31.1300    31.1240    22.5447    22.5340     8.4887     8.0956    259.426    247.417     2.7118     2.4664     0.0488     0.1960     3.2650     0.7998     0.0000 -124.67280   46.12626      99.76         23  0.000e+00
      76307   3179.417      3.497      3.526    17.0085    17.0339  40.436716  40.453383    17.0079    17.0334    31.1297    31.1244    22.5443    22.5343     8.4886     8.0956    259.423    247.416     2.7118     2.4664     0.0501     0.2265     3.2650     0.7998     0.0000 -124.67280   46.12626      99.76         23  0.000e+00
      76308   3179.458      3.484      3.513    17.0088    17.0343  40.436582  40.453516    17.0083    17.0338    31.1293    31.1242    22.5440    22.5341     8.4885     8.0956    259.422    247.414     2.7118     2.4664     0.0488     0.1960     3.2662     0.7998     0.0000 -124.67280   46.12626      99.76         23  0.000e+00
      76309   3179.500      3.484      3.513    17.0092    17.0342  40.437315  40.452983    17.0086    17.0336    31.1297    31.1239    22.5442    22.5339     8.4884     8.0956    259.419    247.416     2.7118     2.4664     0.0501     0.2265     3.2662     0.7998     0.0000 -124.67280   46.12626      99.76         23  0.000e+00
      76310   3179.542      3.484      3.513    17.0090    17.0342  40.436782  40.453050    17.0084    17.0336    31.1294    31.1239    22.5439    22.5339     8.4885     8.0956    259.421    247.416     2.7118     2.4664     0.0501     0.2265     3.2650     0.7998     0.0000 -124.67280   46.12626      99.76         23  0.000e+00
      76311   3179.583      3.431      3.460    17.0090    17.0339  40.437048  40.452850    17.0084    17.0334    31.1297    31.1239    22.5442    22.5340     8.4884     8.1006    259.419    247.569     2.7118     2.4676     0.0488     0.1960     3.2650     0.7998     0.0000 -124.67280   46.12626      99.73         23  0.000e+00
