WCOA/WCOA-6/CTD_Data/RB2102_CTD_132_02.ros
* Sea-Bird SBE 9 Data File:
* FileName = C:\Users\scs.user.rb\CTD\RB2102\Data\RB2102_CTD_132_02.hex
* Software Version Seasave V 7.26.7.107
* Temperature SN = 6224
* Conductivity SN = 4722
* Number of Bytes Per Scan = 41
* Number of Voltage Words = 4
* Number of Scans Averaged by the Deck Unit = 1
* NMEA Latitude = 32 05.04 N
* NMEA Longitude = 120 38.29 W
* NMEA UTC (Time) = Jul 22 2021  22:53:36
* NMEA baud rate = 4800
# nquan = 30
# nvalues = 1176                                  
# units = specified
# name 0 = scan: Scan Count
# name 1 = timeS: Time, Elapsed [seconds]
# name 2 = depSM: Depth [salt water, m]
# name 3 = prDM: Pressure, Digiquartz [db]
# name 4 = t090C: Temperature [ITS-90, deg C]
# name 5 = t190C: Temperature, 2 [ITS-90, deg C]
# name 6 = c0mS/cm: Conductivity [mS/cm]
# name 7 = c1mS/cm: Conductivity, 2 [mS/cm]
# name 8 = potemp090C: Potential Temperature [ITS-90, deg C]
# name 9 = potemp190C: Potential Temperature, 2 [ITS-90, deg C]
# name 10 = sal00: Salinity, Practical [PSU]
# name 11 = sal11: Salinity, Practical, 2 [PSU]
# name 12 = sigma-é00: Density [sigma-theta, kg/m^3]
# name 13 = sigma-é11: Density, 2 [sigma-theta, kg/m^3]
# name 14 = sbeox0Mg/L: Oxygen, SBE 43 [mg/l]
# name 15 = sbeox1Mg/L: Oxygen, SBE 43, 2 [mg/l]
# name 16 = sbox0Mm/Kg: Oxygen, SBE 43 [umol/kg]
# name 17 = sbox1Mm/Kg: Oxygen, SBE 43, 2 [umol/kg]
# name 18 = sbeox0V: Oxygen raw, SBE 43 [V]
# name 19 = sbeox1V: Oxygen raw, SBE 43, 2 [V]
# name 20 = v4: Voltage 4
# name 21 = flECO-AFL: Fluorescence, WET Labs ECO-AFL/FL [mg/m^3]
# name 22 = v3: Voltage 3
# name 23 = v6: Voltage 6
# name 24 = v7: Voltage 7
# name 25 = longitude: Longitude [deg]
# name 26 = latitude: Latitude [deg]
# name 27 = altM: Altimeter [m]
# name 28 = nbf: Bottles Fired
# name 29 = flag:  0.000e+00
# interval = seconds: 0.0416667
# start_time = Jul 22 2021 22:53:36 [NMEA time, header]
# bad_flag = -9.990e-29
*END*
     118067   4919.417   3801.366   3862.941     1.5435     1.5441  31.660081  31.688615     1.2385     1.2388    34.6450    34.6793    27.7438    27.7714     4.4788     3.7505    136.185    114.038     1.0293     0.8571     0.0391    -0.0482     0.0000     0.0000     0.0000 -120.63810   32.08404      25.01          1  0.000e+00
     118068   4919.458   3801.350   3862.924     1.5436     1.5446  31.660535  31.688558     1.2386     1.2393    34.6454    34.6787    27.7442    27.7709     4.4787     3.7618    136.184    114.380     1.0293     0.8584     0.0391    -0.0482     0.0000     0.0000     0.0000 -120.63810   32.08404      11.23          1  0.000e+00
     118069   4919.500   3801.429   3863.006     1.5434     1.5444  31.660479  31.688502     1.2384     1.2391    34.6455    34.6788    27.7443    27.7710     4.4676     3.7505    135.846    114.038     1.0281     0.8571     0.0391    -0.0482     0.0000     0.0000     0.0000 -120.63810   32.08404      12.55          1  0.000e+00
     118070   4919.542   3801.366   3862.941     1.5434     1.5443  31.660592  31.688502     1.2383     1.2390    34.6457    34.6790    27.7445    27.7711     4.4676     3.7505    135.845    114.038     1.0281     0.8571     0.0391    -0.0482     0.0000     0.0000     0.0000 -120.63810   32.08404      14.58          1  0.000e+00
     118071   4919.583   3801.350   3862.925     1.5434     1.5444  31.660024  31.688502     1.2384     1.2391    34.6450    34.6788    27.7439    27.7710     4.4676     3.7618    135.845    114.381     1.0281     0.8584     0.0391    -0.0482     0.0000     0.0000     0.0000 -120.63810   32.08404      15.07          1  0.000e+00
     118072   4919.625   3801.310   3862.884     1.5434     1.5444  31.660024  31.688501     1.2384     1.2392    34.6451    34.6788    27.7439    27.7710     4.4788     3.7618    136.185    114.380     1.0293     0.8584     0.0391    -0.0482     0.0000     0.0000     0.0000 -120.63810   32.08404      14.99          1  0.000e+00
     118073   4919.667   3801.311   3862.884     1.5438     1.5444  31.660535  31.688276     1.2387     1.2392    34.6453    34.6785    27.7441    27.7708     4.4675     3.7618    135.843    114.381     1.0281     0.8584     0.0391    -0.0482     0.0000     0.0000     0.0000 -120.63810   32.08404      14.92          1  0.000e+00
     118074   4919.708   3801.231   3862.803     1.5434     1.5446  31.660478  31.688614     1.2384     1.2393    34.6456    34.6788    27.7444    27.7710     4.4787     3.7617    136.183    114.378     1.0293     0.8584     0.0391    -0.0482     0.0000     0.0000     0.0000 -120.63810   32.08404      14.90          1  0.000e+00
     118075   4919.750   3801.311   3862.884     1.5435     1.5446  31.659513  31.688332     1.2385     1.2393    34.6443    34.6784    27.7433    27.7707     4.4788     3.7618    136.185    114.380     1.0293     0.8584     0.0391    -0.0482     0.0000     0.0000     0.0000 -120.63810   32.08404      14.90          1  0.000e+00
     118076   4919.792   3801.247   3862.819     1.5434     1.5446  31.659911  31.688388     1.2384     1.2393    34.6449    34.6785    27.7438    27.7708     4.4787     3.7617    136.184    114.379     1.0293     0.8584     0.0391    -0.0482     0.0000     0.0000     0.0000 -120.63810   32.08404      14.90          1  0.000e+00
     118077   4919.833   3801.232   3862.803     1.5434     1.5446  31.660138  31.688276     1.2384     1.2393    34.6452    34.6784    27.7440    27.7707     4.4675     3.7504    135.843    114.035     1.0281     0.8571     0.0391    -0.0482     0.0000     0.0000     0.0000 -120.63810   32.08404      14.90          1  0.000e+00
     118078   4919.875   3801.247   3862.820     1.5435     1.5446  31.660308  31.688388     1.2385     1.2393    34.6453    34.6785    27.7441    27.7708     4.4787     3.7617    136.183    114.379     1.0293     0.8584     0.0391    -0.0482     0.0000     0.0000     0.0000 -120.63810   32.08404      14.92          1  0.000e+00
     118079   4919.917   3801.248   3862.820     1.5436     1.5447  31.660421  31.688501     1.2386     1.2395    34.6453    34.6785    27.7441    27.7707     4.4675     3.7617    135.842    114.378     1.0281     0.8584     0.0391    -0.0482     0.0000     0.0000     0.0000 -120.63810   32.08404      14.95          1  0.000e+00
     118080   4919.958   3801.121   3862.690     1.5434     1.5446  31.660137  31.688275     1.2384     1.2393    34.6452    34.6785    27.7441    27.7707     4.4674     3.7617    135.841    114.377     1.0281     0.8584     0.0391    -0.0482     0.0000     0.0000     0.0000 -120.63810   32.08404      14.95          1  0.000e+00
     118081   4920.000   3801.169   3862.739     1.5435     1.5447  31.660081  31.688219     1.2385     1.2395    34.6450    34.6782    27.7439    27.7705     4.4675     3.7617    135.841    114.378     1.0281     0.8584     0.0391    -0.0482     0.0000     0.0000     0.0000 -120.63810   32.08404      14.97          1  0.000e+00
     118082   4920.042   3801.121   3862.690     1.5434     1.5446  31.659910  31.688219     1.2384     1.2393    34.6450    34.6784    27.7438    27.7706     4.4786     3.7617    136.181    114.377     1.0293     0.8584     0.0391    -0.0482     0.0000     0.0000     0.0000 -120.63810   32.08404      14.95          1  0.000e+00
     118083   4920.083   3801.058   3862.625     1.5434     1.5446  31.660251  31.688219     1.2384     1.2393    34.6455    34.6784    27.7442    27.7707     4.4786     3.7616    136.180    114.376     1.0293     0.8584     0.0391    -0.0482     0.0000     0.0000     0.0000 -120.63810   32.08404      14.95          1  0.000e+00
     118084   4920.125   3801.105   3862.674     1.5436     1.5446  31.660421  31.688388     1.2386     1.2393    34.6454    34.6786    27.7442    27.7708     4.4674     3.7503    135.839    114.033     1.0281     0.8571     0.0391    -0.0482     0.0000     0.0000     0.0000 -120.63810   32.08404      14.99          1  0.000e+00
     118085   4920.167   3801.058   3862.625     1.5436     1.5447  31.660364  31.688275     1.2386     1.2395    34.6453    34.6783    27.7441    27.7706     4.4786     3.7616    136.179    114.376     1.0293     0.8584     0.0391    -0.0482     0.0000     0.0000     0.0000 -120.63810   32.08404      15.07          1  0.000e+00
     118086   4920.208   3800.995   3862.560     1.5438     1.5447  31.659966  31.687993     1.2388     1.2395    34.6447    34.6780    27.7436    27.7703     4.4785     3.7616    136.177    114.375     1.0293     0.8584     0.0391    -0.0482     0.0000     0.0000     0.0000 -120.63810   32.08404      15.09          1  0.000e+00
     118087   4920.250   3800.924   3862.487     1.5438     1.5446  31.660250  31.688331     1.2388     1.2393    34.6451    34.6786    27.7439    27.7708     4.4673     3.7616    135.836    114.374     1.0281     0.8584     0.0391    -0.0482     0.0000     0.0000     0.0000 -120.63810   32.08404      15.12          1  0.000e+00
     118088   4920.292   3800.995   3862.561     1.5436     1.5447  31.660421  31.688275     1.2386     1.2395    34.6454    34.6783    27.7442    27.7706     4.4785     3.7616    136.178    114.375     1.0293     0.8584     0.0391    -0.0482     0.0000     0.0000     0.0000 -120.63810   32.08404      15.09          1  0.000e+00
     118089   4920.333   3800.876   3862.439     1.5437     1.5446  31.660136  31.687992     1.2387     1.2394    34.6451    34.6782    27.7439    27.7705     4.4673     3.7615    135.835    114.374     1.0281     0.8584     0.0391    -0.0482     0.0000     0.0000     0.0000 -120.63810   32.08404      15.09          1  0.000e+00
     118090   4920.375   3800.860   3862.423     1.5436     1.5446  31.659909  31.687936     1.2386     1.2394    34.6449    34.6782    27.7437    27.7705     4.4785     3.7615    136.176    114.373     1.0293     0.8584     0.0391    -0.0482     0.0000     0.0000     0.0000 -120.63810   32.08404      15.14          1  0.000e+00
     118091   4920.417   3800.876   3862.439     1.5438     1.5446  31.659853  31.688331     1.2388     1.2394    34.6446    34.6786    27.7435    27.7708     4.4785     3.7615    136.176    114.373     1.0293     0.8584     0.0391    -0.0482     0.0000     0.0000     0.0000 -120.63810   32.08404      15.19          1  0.000e+00
     118092   4920.458   3800.813   3862.374     1.5437     1.5447  31.660250  31.688274     1.2387     1.2395    34.6452    34.6784    27.7441    27.7707     4.4672     3.7615    135.834    114.372     1.0281     0.8584     0.0391    -0.0482     0.0000     0.0000     0.0000 -120.63810   32.08404      15.19          1  0.000e+00
     118093   4920.500   3800.750   3862.309     1.5436     1.5447  31.660193  31.688218     1.2387     1.2395    34.6453    34.6784    27.7441    27.7706     4.4784     3.7501    136.173    114.027     1.0293     0.8571     0.0391    -0.0482     0.0000     0.0000     0.0000 -120.63810   32.08404      15.21          1  0.000e+00
     118094   4920.542   3800.734   3862.293     1.5439     1.5447  31.659852  31.687992     1.2390     1.2395    34.6445    34.6781    27.7435    27.7704     4.4895     3.7501    136.513    114.027     1.0305     0.8571     0.0391    -0.0482     0.0000     0.0000     0.0000 -120.63810   32.08404      15.19          1  0.000e+00
     118095   4920.583   3800.686   3862.244     1.5437     1.5447  31.660249  31.688330     1.2387     1.2395    34.6453    34.6786    27.7441    27.7708     4.4671     3.7501    135.832    114.026     1.0281     0.8571     0.0391    -0.0482     0.0000     0.0000     0.0000 -120.63810   32.08404      15.19          1  0.000e+00
     118096   4920.625   3800.687   3862.245     1.5439     1.5447  31.659965  31.688048     1.2390     1.2395    34.6447    34.6782    27.7436    27.7705     4.4671     3.7614    135.831    114.370     1.0281     0.8584     0.0391    -0.0482     0.0000     0.0000     0.0000 -120.63810   32.08404      15.24          1  0.000e+00
     118097   4920.667   3800.607   3862.163     1.5440     1.5447  31.660476  31.687935     1.2390     1.2395    34.6453    34.6781    27.7441    27.7704     4.4671     3.7614    135.829    114.369     1.0281     0.8584     0.0391    -0.0482     0.0000     0.0000     0.0000 -120.63810   32.08404      15.34          1  0.000e+00
     118098   4920.708   3800.568   3862.123     1.5438     1.5447  31.660022  31.688330     1.2388     1.2395    34.6450    34.6786    27.7438    27.7708     4.4671     3.7614    135.829    114.368     1.0281     0.8584     0.0391    -0.0482     0.0000     0.0000     0.0000 -120.63810   32.08404      15.38          1  0.000e+00
     118099   4920.750   3800.568   3862.123     1.5438     1.5449  31.660022  31.688273     1.2388     1.2397    34.6450    34.6784    27.7438    27.7706     4.4783     3.7613    136.170    114.368     1.0293     0.8584     0.0391    -0.0482     0.0000     0.0000     0.0000 -120.63810   32.08404      15.38          1  0.000e+00
     118100   4920.792   3800.505   3862.058     1.5438     1.5447  31.660135  31.688386     1.2389     1.2395    34.6451    34.6787    27.7439    27.7709     4.4782     3.7613    136.168    114.367     1.0293     0.8584     0.0391    -0.0482     0.0000     0.0000     0.0000 -120.63810   32.08404      15.38          1  0.000e+00
     118101   4920.833   3800.489   3862.042     1.5439     1.5447  31.660305  31.688273     1.2390     1.2395    34.6452    34.6786    27.7440    27.7708     4.4782     3.7613    136.167    114.367     1.0293     0.8584     0.0391    -0.0482     0.0000     0.0000     0.0000 -120.63810   32.08404      15.38          1  0.000e+00
     118102   4920.875   3800.442   3861.993     1.5439     1.5447  31.660192  31.688217     1.2390     1.2396    34.6451    34.6785    27.7439    27.7707     4.4782     3.7613    136.166    114.366     1.0293     0.8584     0.0391    -0.0482     0.0000     0.0000     0.0000 -120.63810   32.08404      15.43          1  0.000e+00
     118103   4920.917   3800.378   3861.929     1.5437     1.5449  31.660078  31.688216     1.2387     1.2397    34.6452    34.6784    27.7440    27.7706     4.4670     3.7612    135.826    114.365     1.0281     0.8584     0.0391    -0.0482     0.0000     0.0000     0.0000 -120.63810   32.08404      15.63          1  0.000e+00
     118104   4920.958   3800.363   3861.912     1.5438     1.5447  31.660305  31.688216     1.2388     1.2396    34.6454    34.6786    27.7442    27.7708     4.4669     3.7613    135.825    114.365     1.0281     0.8584     0.0391    -0.0482     0.0000     0.0000     0.0000 -120.63810   32.08404      15.68          1  0.000e+00
     118105   4921.000   3800.260   3861.807     1.5439     1.5447  31.660589  31.687990     1.2390     1.2396    34.6456    34.6783    27.7443    27.7706     4.4780     3.7612    136.163    114.363     1.0293     0.8584     0.0391    -0.0482     0.0000     0.0000     0.0000 -120.63810   32.08404      15.65          1  0.000e+00
     118106   4921.042   3800.323   3861.872     1.5437     1.5449  31.659794  31.688103     1.2388     1.2397    34.6449    34.6783    27.7438    27.7705     4.4669     3.7612    135.825    114.364     1.0281     0.8584     0.0391    -0.0482     0.0000     0.0000     0.0000 -120.63810   32.08404      15.65          1  0.000e+00
     118107   4921.083   3800.244   3861.791     1.5438     1.5449  31.659737  31.688216     1.2389     1.2397    34.6448    34.6784    27.7437    27.7707     4.4781     3.7612    136.164    114.363     1.0293     0.8584     0.0391    -0.0482     0.0000     0.0000     0.0000 -120.63810   32.08404      15.65          1  0.000e+00
     118108   4921.125   3800.133   3861.677     1.5438     1.5449  31.659793  31.687990     1.2389     1.2397    34.6449    34.6782    27.7437    27.7705     4.4780     3.7611    136.162    114.361     1.0293     0.8584     0.0391    -0.0482     0.0000     0.0000     0.0000 -120.63810   32.08404      15.73          1  0.000e+00
     118109   4921.167   3800.197   3861.742     1.5435     1.5449  31.660248  31.687934     1.2386     1.2397    34.6457    34.6781    27.7444    27.7704     4.4780     3.7612    136.163    114.362     1.0293     0.8584     0.0391    -0.0482     0.0000     0.0000     0.0000 -120.63810   32.08404      15.82          1  0.000e+00
     118110   4921.208   3800.070   3861.612     1.5439     1.5449  31.659964  31.687933     1.2390     1.2397    34.6450    34.6782    27.7438    27.7704     4.4891     3.7498    136.500    114.016     1.0305     0.8571     0.0391    -0.0482     0.0000     0.0000     0.0000 -120.63810   32.08404      15.87          1  0.000e+00
     118111   4921.250   3800.118   3861.661     1.5437     1.5447  31.659566  31.688103     1.2388     1.2396    34.6447    34.6785    27.7436    27.7707     4.4780     3.7611    136.162    114.361     1.0293     0.8584     0.0391    -0.0482     0.0000     0.0000     0.0000 -120.63810   32.08404      15.87          1  0.000e+00
     118112   4921.292   3800.015   3861.556     1.5439     1.5449  31.659907  31.688215     1.2390     1.2397    34.6449    34.6785    27.7438    27.7707     4.4779     3.7611    136.159    114.359     1.0293     0.8584     0.0391    -0.0482     0.0000     0.0000     0.0000 -120.63810   32.08404      15.85          1  0.000e+00
     118113   4921.333   3800.015   3861.556     1.5439     1.5447  31.659623  31.687990     1.2390     1.2396    34.6446    34.6784    27.7435    27.7707     4.4779     3.7611    136.159    114.360     1.0293     0.8584     0.0391    -0.0482     0.0000     0.0000     0.0000 -120.63810   32.08404      15.85          1  0.000e+00
     118114   4921.375   3799.762   3861.296     1.5438     1.5449  31.660190  31.687707     1.2390     1.2398    34.6455    34.6780    27.7442    27.7703     4.4666     3.7609    135.814    114.356     1.0281     0.8584     0.0391    -0.0482     0.0000     0.0000     0.0000 -120.63810   32.08404      15.92          1  0.000e+00
