WCOA/WCOA-6/CTD_Data/RB2102_CTD_024_01.ros
* Sea-Bird SBE 9 Data File:
* FileName = C:\Users\scs.user.rb\CTD\RB2102\Data\RB2102_CTD_024_01.hex
* Software Version Seasave V 7.26.7.107
* Temperature SN = 6202
* Conductivity SN = 4907
* Number of Bytes Per Scan = 41
* Number of Voltage Words = 4
* Number of Scans Averaged by the Deck Unit = 1
* NMEA Latitude = 47 40.78 N
* NMEA Longitude = 125 34.80 W
* NMEA UTC (Time) = Jun 29 2021  15:53:42
* NMEA baud rate = 4800
# nquan = 30
# nvalues = 1127                                  
# units = specified
# name 0 = scan: Scan Count
# name 1 = timeS: Time, Elapsed [seconds]
# name 2 = depSM: Depth [salt water, m]
# name 3 = prDM: Pressure, Digiquartz [db]
# name 4 = t090C: Temperature [ITS-90, deg C]
# name 5 = t190C: Temperature, 2 [ITS-90, deg C]
# name 6 = c0mS/cm: Conductivity [mS/cm]
# name 7 = c1mS/cm: Conductivity, 2 [mS/cm]
# name 8 = potemp090C: Potential Temperature [ITS-90, deg C]
# name 9 = potemp190C: Potential Temperature, 2 [ITS-90, deg C]
# name 10 = sal00: Salinity, Practical [PSU]
# name 11 = sal11: Salinity, Practical, 2 [PSU]
# name 12 = sigma-é00: Density [sigma-theta, kg/m^3]
# name 13 = sigma-é11: Density, 2 [sigma-theta, kg/m^3]
# name 14 = sbeox0Mg/L: Oxygen, SBE 43 [mg/l]
# name 15 = sbeox1Mg/L: Oxygen, SBE 43, 2 [mg/l]
# name 16 = sbox0Mm/Kg: Oxygen, SBE 43 [umol/kg]
# name 17 = sbox1Mm/Kg: Oxygen, SBE 43, 2 [umol/kg]
# name 18 = sbeox0V: Oxygen raw, SBE 43 [V]
# name 19 = sbeox1V: Oxygen raw, SBE 43, 2 [V]
# name 20 = v4: Voltage 4
# name 21 = flECO-AFL: Fluorescence, WET Labs ECO-AFL/FL [mg/m^3]
# name 22 = v3: Voltage 3
# name 23 = v6: Voltage 6
# name 24 = v7: Voltage 7
# name 25 = longitude: Longitude [deg]
# name 26 = latitude: Latitude [deg]
# name 27 = altM: Altimeter [m]
# name 28 = nbf: Bottles Fired
# name 29 = flag:  0.000e+00
# interval = seconds: 0.0416667
# start_time = Jun 29 2021 15:53:42 [NMEA time, header]
# bad_flag = -9.990e-29
*END*
[from data line 242]
      74942   3122.542    496.311    501.102     5.1873     5.1876  33.103729  33.102491     5.1469     5.1472    34.1405    34.1388    26.9769    26.9754     0.8528     0.8568     25.950     26.073     0.6508     0.6545     0.0403    -0.0177     3.1868     1.8266     0.0000 -125.57788   47.67986     100.00          5  0.000e+00
      74943   3122.583    496.311    501.102     5.1876     5.1873  33.103791  33.102737     5.1472     5.1469    34.1403    34.1393    26.9766    26.9759     0.8528     0.8568     25.950     26.074     0.6508     0.6545     0.0403    -0.0177     3.1868     1.8266     0.0000 -125.57788   47.67986     100.00          5  0.000e+00
      74944   3122.625    496.271    501.062     5.1874     5.1874  33.103545  33.102491     5.1470     5.1470    34.1402    34.1390    26.9766    26.9756     0.8528     0.8568     25.950     26.073     0.6508     0.6545     0.0403    -0.0177     3.1868     1.8266     0.0000 -125.57788   47.67986     100.00          5  0.000e+00
      79952   3331.292    396.883    400.617     5.3982     5.3995  33.155839  33.156158     5.3656     5.3670    34.0367    34.0356    26.8689    26.8680     1.5427     1.5305     46.948     46.577     0.7888     0.7778     0.0415     0.0129     3.1856     1.7937     0.0000 -125.57766   47.67986      99.95          6  0.000e+00
      79953   3331.333    396.863    400.597     5.3978     5.3997  33.155839  33.156158     5.3653     5.3671    34.0370    34.0355    26.8693    26.8678     1.5489     1.5305     47.138     46.577     0.7900     0.7778     0.0403    -0.0177     3.1856     1.7937     0.0000 -125.57766   47.67986      99.95          6  0.000e+00
      79954   3331.375    396.963    400.698     5.3973     5.3995  33.155531  33.156158     5.3648     5.3670    34.0371    34.0356    26.8694    26.8679     1.5427     1.5305     46.950     46.578     0.7888     0.7778     0.0403    -0.0177     3.1856     1.7924     0.0000 -125.57766   47.67986      99.95          6  0.000e+00
      79955   3331.417    396.909    400.644     5.3973     5.3990  33.156024  33.156097     5.3648     5.3665    34.0377    34.0360    26.8699    26.8683     1.5490     1.5305     47.139     46.578     0.7900     0.7778     0.0403    -0.0177     3.1856     1.7937     0.0000 -125.57766   47.67986      99.95          6  0.000e+00
      79956   3331.458    396.983    400.718     5.3970     5.3992  33.155654  33.155912     5.3645     5.3666    34.0375    34.0356    26.8698    26.8680     1.5490     1.5305     47.140     46.578     0.7900     0.7778     0.0403    -0.0177     3.1856     1.7937     0.0000 -125.57766   47.67986      99.95          6  0.000e+00
      79957   3331.500    396.963    400.698     5.3972     5.3992  33.155777  33.156035     5.3646     5.3666    34.0375    34.0358    26.8698    26.8681     1.5490     1.5237     47.139     46.371     0.7900     0.7766     0.0403    -0.0177     3.1856     1.7937     0.0000 -125.57766   47.67986      99.95          6  0.000e+00
      79958   3331.542    397.009    400.745     5.3973     5.3993  33.156024  33.155912     5.3648     5.3668    34.0377    34.0355    26.8698    26.8679     1.5427     1.5305     46.950     46.578     0.7888     0.7778     0.0403    -0.0177     3.1856     1.7937     0.0000 -125.57766   47.67986      99.95          6  0.000e+00
      79959   3331.583    397.036    400.772     5.3977     5.3989  33.156147  33.155851     5.3651     5.3663    34.0374    34.0359    26.8696    26.8682     1.5490     1.5306     47.139     46.579     0.7900     0.7778     0.0403    -0.0177     3.1856     1.7937     0.0000 -125.57766   47.67986      99.95          6  0.000e+00
      79960   3331.625    397.109    400.846     5.3980     5.3984  33.156086  33.155359     5.3654     5.3658    34.0370    34.0358    26.8693    26.8682     1.5490     1.5306     47.140     46.580     0.7900     0.7778     0.0403    -0.0177     3.1856     1.7937     0.0000 -125.57766   47.67986      99.95          6  0.000e+00
      79961   3331.667    397.063    400.799     5.3982     5.3976  33.156578  33.154805     5.3656     5.3650    34.0374    34.0360    26.8695    26.8684     1.5490     1.5306     47.139     46.581     0.7900     0.7778     0.0403    -0.0177     3.1856     1.7937     0.0000 -125.57766   47.67986      99.95          6  0.000e+00
      79962   3331.708    397.063    400.799     5.3983     5.3976  33.156209  33.155297     5.3657     5.3650    34.0368    34.0365    26.8691    26.8689     1.5490     1.5306     47.139     46.581     0.7900     0.7778     0.0403    -0.0177     3.1856     1.7937     0.0000 -125.57766   47.67986      99.95          6  0.000e+00
      79963   3331.750    397.183    400.920     5.3980     5.3979  33.155224  33.155298     5.3654     5.3653    34.0360    34.0362    26.8684    26.8686     1.5490     1.5306     47.140     46.581     0.7900     0.7778     0.0415     0.0129     3.1856     1.7937     0.0000 -125.57766   47.67986      99.95          6  0.000e+00
      79964   3331.792    397.163    400.900     5.3967     5.3984  33.154423  33.155667     5.3641     5.3658    34.0364    34.0361    26.8689    26.8685     1.5490     1.5306     47.142     46.580     0.7900     0.7778     0.0403    -0.0177     3.1844     1.7937     0.0000 -125.57766   47.67986      99.95          6  0.000e+00
      79965   3331.833    397.209    400.947     5.3954     5.3984  33.154116  33.155359     5.3628     5.3658    34.0373    34.0357    26.8698    26.8682     1.5491     1.5306     47.143     46.581     0.7900     0.7778     0.0403    -0.0177     3.1844     1.7937     0.0000 -125.57766   47.67986      99.95          6  0.000e+00
      79966   3331.875    397.209    400.947     5.3943     5.3987  33.153562  33.155421     5.3618     5.3661    34.0378    34.0355    26.8703    26.8679     1.5429     1.5306     46.954     46.580     0.7888     0.7778     0.0403    -0.0177     3.1868     1.7937     0.0000 -125.57766   47.67986      99.95          6  0.000e+00
      79967   3331.917    397.229    400.968     5.3935     5.3981  33.153439  33.155113     5.3610     5.3655    34.0384    34.0357    26.8709    26.8682     1.5492     1.5306     47.145     46.581     0.7900     0.7778     0.0403    -0.0177     3.1856     1.7937     0.0000 -125.57766   47.67986      99.95          6  0.000e+00
      79968   3331.958    397.256    400.995     5.3935     5.3974  33.153131  33.154252     5.3610     5.3649    34.0380    34.0354    26.8706    26.8680     1.5429     1.5307     46.956     46.582     0.7888     0.7778     0.0403    -0.0177     3.1868     1.7937     0.0000 -125.57766   47.67986      99.95          6  0.000e+00
      79969   3332.000    397.309    401.048     5.3931     5.3962  33.153131  33.153821     5.3605     5.3636    34.0385    34.0362    26.8710    26.8688     1.5492     1.5307     47.146     46.584     0.7900     0.7778     0.0403    -0.0177     3.1868     1.7937     0.0000 -125.57766   47.67986      99.95          6  0.000e+00
      79970   3332.042    397.309    401.048     5.3929     5.3954  33.152823  33.153514     5.3603     5.3628    34.0383    34.0366    26.8709    26.8692     1.5430     1.5307     46.957     46.585     0.7888     0.7778     0.0403    -0.0177     3.1856     1.7937     0.0000 -125.57766   47.67986      99.95          6  0.000e+00
      79971   3332.083    397.383    401.122     5.3929     5.3942  33.152823  33.152776     5.3603     5.3616    34.0383    34.0369    26.8708    26.8696     1.5492     1.5308     47.147     46.587     0.7900     0.7778     0.0403    -0.0177     3.1868     1.7937     0.0000 -125.57766   47.67986      99.95          6  0.000e+00
      79972   3332.125    397.356    401.096     5.3929     5.3936  33.152762  33.152591     5.3603     5.3610    34.0382    34.0373    26.8708    26.8700     1.5492     1.5308     47.147     46.587     0.7900     0.7778     0.0415     0.0129     3.1856     1.7937     0.0000 -125.57766   47.67986      99.95          6  0.000e+00
      79973   3332.167    397.409    401.149     5.3926     5.3933  33.153070  33.152591     5.3600     5.3607    34.0389    34.0376    26.8714    26.8703     1.5492     1.5240     47.147     46.380     0.7900     0.7766     0.0403    -0.0177     3.1856     1.7937     0.0000 -125.57766   47.67986      99.95          6  0.000e+00
      79974   3332.208    397.456    401.197     5.3926     5.3933  33.152824  33.152038     5.3600     5.3607    34.0386    34.0370    26.8711    26.8698     1.5492     1.5309     47.148     46.588     0.7900     0.7778     0.0403    -0.0177     3.1856     1.7937     0.0000 -125.57766   47.67986      99.95          6  0.000e+00
      79975   3332.250    397.429    401.170     5.3927     5.3929  33.153070  33.152161     5.3601     5.3603    34.0387    34.0375    26.8712    26.8702     1.5492     1.5309     47.147     46.588     0.7900     0.7778     0.0403    -0.0177     3.1856     1.7937     0.0000 -125.57766   47.67986      99.95          6  0.000e+00
      79976   3332.292    397.456    401.197     5.3927     5.3926  33.152639  33.152038     5.3601     5.3600    34.0382    34.0376    26.8708    26.8704     1.5492     1.5309     47.148     46.589     0.7900     0.7778     0.0403    -0.0177     3.1856     1.7937     0.0000 -125.57766   47.67986      99.95          6  0.000e+00
      79977   3332.333    397.509    401.251     5.3926     5.3928  33.153009  33.151977     5.3600     5.3602    34.0388    34.0373    26.8713    26.8701     1.5493     1.5309     47.148     46.589     0.7900     0.7778     0.0403    -0.0177     3.1856     1.7937     0.0000 -125.57766   47.67986      99.95          6  0.000e+00
      79978   3332.375    397.509    401.251     5.3926     5.3922  33.153070  33.151977     5.3600     5.3596    34.0388    34.0380    26.8713    26.8707     1.5493     1.5309     47.148     46.589     0.7900     0.7778     0.0403    -0.0177     3.1856     1.7937     0.0000 -125.57766   47.67986      99.95          6  0.000e+00
      79979   3332.417    397.576    401.318     5.3927     5.3920  33.152886  33.151731     5.3601     5.3594    34.0384    34.0379    26.8710    26.8706     1.5493     1.5309     47.148     46.590     0.7900     0.7778     0.0403    -0.0177     3.1868     1.7937     0.0000 -125.57766   47.67986      99.95          6  0.000e+00
      79980   3332.458    397.656    401.399     5.3927     5.3918  33.152763  33.151423     5.3601     5.3592    34.0383    34.0376    26.8709    26.8705     1.5493     1.5309     47.149     46.591     0.7900     0.7778     0.0403    -0.0177     3.1856     1.7937     0.0000 -125.57766   47.67986      99.95          6  0.000e+00
      79981   3332.500    397.603    401.345     5.3924     5.3917  33.152824  33.151546     5.3598     5.3591    34.0387    34.0380    26.8712    26.8707     1.5493     1.5309     47.149     46.591     0.7900     0.7778     0.0403    -0.0177     3.1856     1.7937     0.0000 -125.57766   47.67986      99.95          6  0.000e+00
      79982   3332.542    397.603    401.345     5.3921     5.3918  33.152516  33.151423     5.3595     5.3592    34.0387    34.0377    26.8712    26.8705     1.5493     1.5309     47.149     46.591     0.7900     0.7778     0.0403    -0.0177     3.1856     1.7937     0.0000 -125.57766   47.67986      99.95          6  0.000e+00
      79983   3332.583    397.676    401.419     5.3919     5.3918  33.152270  33.151116     5.3593     5.3592    34.0385    34.0373    26.8711    26.8702     1.5493     1.5310     47.150     46.591     0.7900     0.7778     0.0403    -0.0177     3.1844     1.7937     0.0000 -125.57766   47.67986      99.95          6  0.000e+00
      79984   3332.625    397.656    401.399     5.3918     5.3915  33.151901  33.151239     5.3592     5.3589    34.0382    34.0377    26.8709    26.8706     1.5493     1.5310     47.150     46.591     0.7900     0.7778     0.0415     0.0129     3.1856     1.7937     0.0000 -125.57766   47.67986      99.95          6  0.000e+00
      79985   3332.667    397.703    401.446     5.3914     5.3915  33.151716  33.150870     5.3588     5.3589    34.0383    34.0373    26.8711    26.8702     1.5493     1.5310     47.151     46.592     0.7900     0.7778     0.0403    -0.0177     3.1844     1.7937     0.0000 -125.57766   47.67986      99.98          6  0.000e+00
      79986   3332.708    397.676    401.419     5.3913     5.3914  33.152024  33.150747     5.3587     5.3588    34.0389    34.0373    26.8715    26.8703     1.5493     1.5310     47.150     46.592     0.7900     0.7778     0.0403    -0.0177     3.1868     1.7937     0.0000 -125.57766   47.67986      99.95          6  0.000e+00
      79987   3332.750    397.803    401.547     5.3910     5.3915  33.151778  33.150932     5.3584     5.3589    34.0388    34.0373    26.8715    26.8702     1.5494     1.5310     47.152     46.592     0.7900     0.7778     0.0403    -0.0177     3.1844     1.7937     0.0000 -125.57766   47.67986      99.95          6  0.000e+00
      79988   3332.792    397.803    401.547     5.3908     5.3914  33.151347  33.151055     5.3582     5.3588    34.0385    34.0376    26.8713    26.8705     1.5494     1.5310     47.152     46.592     0.7900     0.7778     0.0403    -0.0177     3.1856     1.7937     0.0000 -125.57766   47.67986      99.95          6  0.000e+00
      79989   3332.833    397.803    401.547     5.3905     5.3915  33.151347  33.150809     5.3579     5.3589    34.0388    34.0372    26.8716    26.8702     1.5494     1.5310     47.152     46.592     0.7900     0.7778     0.0403    -0.0177     3.1844     1.7937     0.0000 -125.57766   47.67986      99.95          6  0.000e+00
      79990   3332.875    397.803    401.547     5.3906     5.3915  33.151532  33.150747     5.3580     5.3589    34.0389    34.0371    26.8716    26.8701     1.5494     1.5310     47.152     46.592     0.7900     0.7778     0.0403    -0.0177     3.1844     1.7937     0.0000 -125.57766   47.67986      99.95          6  0.000e+00
      79991   3332.917    397.876    401.621     5.3905     5.3912  33.151224  33.150747     5.3579     5.3586    34.0386    34.0374    26.8714    26.8704     1.5494     1.5310     47.153     46.593     0.7900     0.7778     0.0403    -0.0177     3.1868     1.7937     0.0000 -125.57766   47.67986      99.95          6  0.000e+00
      79992   3332.958    397.856    401.601     5.3905     5.3912  33.150978  33.150563     5.3579     5.3586    34.0384    34.0372    26.8712    26.8702     1.5494     1.5310     47.153     46.593     0.7900     0.7778     0.0403    -0.0177     3.1868     1.7937     0.0000 -125.57766   47.67986      99.95          6  0.000e+00
      79993   3333.000    397.856    401.601     5.3905     5.3907  33.151286  33.150686     5.3579     5.3581    34.0387    34.0378    26.8715    26.8707     1.5556     1.5310     47.342     46.593     0.7912     0.7778     0.0403    -0.0177     3.1856     1.7937     0.0000 -125.57766   47.67986      99.95          6  0.000e+00
      79994   3333.042    397.903    401.648     5.3904     5.3909  33.150855  33.150747     5.3577     5.3583    34.0383    34.0377    26.8712    26.8706     1.5557     1.5310     47.343     46.594     0.7912     0.7778     0.0403    -0.0177     3.1856     1.7937     0.0000 -125.57766   47.67986      99.95          6  0.000e+00
      79995   3333.083    397.923    401.668     5.3902     5.3914  33.151224  33.150932     5.3575     5.3588    34.0390    34.0374    26.8717    26.8703     1.5494     1.5378     47.153     46.801     0.7900     0.7790     0.0403    -0.0177     3.1856     1.7937     0.0000 -125.57766   47.67986      99.95          6  0.000e+00
      79996   3333.125    397.950    401.695     5.3906     5.3915  33.151963  33.151240     5.3580     5.3588    34.0393    34.0376    26.8719    26.8705     1.5494     1.5310     47.153     46.593     0.7900     0.7778     0.0403    -0.0177     3.1856     1.7937     0.0000 -125.57766   47.67986      99.95          6  0.000e+00
