WCOA/WCOA-6/CTD_Data/RB2102_CTD_047_01.ros
* Sea-Bird SBE 9 Data File:
* FileName = C:\Users\scs.user.rb\CTD\RB2102\Data\RB2102_CTD_047_01.hex
* Software Version Seasave V 7.26.7.107
* Temperature SN = 6202
* Conductivity SN = 4907
* Number of Bytes Per Scan = 41
* Number of Voltage Words = 4
* Number of Scans Averaged by the Deck Unit = 1
* NMEA Latitude = 44 39.12 N
* NMEA Longitude = 124 52.92 W
* NMEA UTC (Time) = Jul 03 2021  22:02:20
* NMEA baud rate = 4800
# nquan = 30
# nvalues = 972                                   
# units = specified
# name 0 = scan: Scan Count
# name 1 = timeS: Time, Elapsed [seconds]
# name 2 = depSM: Depth [salt water, m]
# name 3 = prDM: Pressure, Digiquartz [db]
# name 4 = t090C: Temperature [ITS-90, deg C]
# name 5 = t190C: Temperature, 2 [ITS-90, deg C]
# name 6 = c0mS/cm: Conductivity [mS/cm]
# name 7 = c1mS/cm: Conductivity, 2 [mS/cm]
# name 8 = potemp090C: Potential Temperature [ITS-90, deg C]
# name 9 = potemp190C: Potential Temperature, 2 [ITS-90, deg C]
# name 10 = sal00: Salinity, Practical [PSU]
# name 11 = sal11: Salinity, Practical, 2 [PSU]
# name 12 = sigma-é00: Density [sigma-theta, kg/m^3]
# name 13 = sigma-é11: Density, 2 [sigma-theta, kg/m^3]
# name 14 = sbeox0Mg/L: Oxygen, SBE 43 [mg/l]
# name 15 = sbeox1Mg/L: Oxygen, SBE 43, 2 [mg/l]
# name 16 = sbox0Mm/Kg: Oxygen, SBE 43 [umol/kg]
# name 17 = sbox1Mm/Kg: Oxygen, SBE 43, 2 [umol/kg]
# name 18 = sbeox0V: Oxygen raw, SBE 43 [V]
# name 19 = sbeox1V: Oxygen raw, SBE 43, 2 [V]
# name 20 = v4: Voltage 4
# name 21 = flECO-AFL: Fluorescence, WET Labs ECO-AFL/FL [mg/m^3]
# name 22 = v3: Voltage 3
# name 23 = v6: Voltage 6
# name 24 = v7: Voltage 7
# name 25 = longitude: Longitude [deg]
# name 26 = latitude: Latitude [deg]
# name 27 = altM: Altimeter [m]
# name 28 = nbf: Bottles Fired
# name 29 = flag:  0.000e+00
# interval = seconds: 0.0416667
# start_time = Jul 03 2021 22:02:20 [NMEA time, header]
# bad_flag = -9.990e-29
*END*
[from data line 194]
      33721   1405.000    296.722    299.357     6.8267     6.8279  34.384165  34.385231     6.7993     6.8005    34.0335    34.0334    26.6847    26.6845     1.9381     2.0327     58.993     61.871     0.8852     0.8864     0.0403    -0.0177     3.2821     0.0000     0.0000 -124.88320   44.65178      99.88          4  0.000e+00
      33722   1405.042    296.675    299.310     6.8266     6.8278  34.383915  34.384857     6.7992     6.8004    34.0334    34.0333    26.6846    26.6844     1.9322     2.0327     58.813     61.871     0.8840     0.8864     0.0403    -0.0177     3.2821     0.0000     0.0000 -124.88320   44.65178      99.85          4  0.000e+00
      38477   1603.167    198.014    199.725     7.1141     7.1136  34.561603  34.561852     7.0955     7.0950    33.9929    33.9936    26.6123    26.6129     2.2558     2.3616     68.667     71.887     0.9597     0.9573     0.0403    -0.0177     3.2808     0.0000     0.0000 -124.88326   44.65180      99.83          5  0.000e+00
      38478   1603.208    198.061    199.772     7.1141     7.1135  34.561916  34.561853     7.0955     7.0949    33.9932    33.9938    26.6126    26.6131     2.2558     2.3616     68.667     71.888     0.9597     0.9573     0.0403    -0.0177     3.2796     0.0000     0.0000 -124.88326   44.65180      99.83          5  0.000e+00
      38479   1603.250    197.961    199.671     7.1139     7.1135  34.561916  34.561852     7.0954     7.0949    33.9934    33.9938    26.6127    26.6130     2.2558     2.3616     68.666     71.887     0.9597     0.9573     0.0403    -0.0177     3.2808     0.0000     0.0000 -124.88326   44.65180      99.83          5  0.000e+00
      38480   1603.292    198.014    199.725     7.1141     7.1136  34.561916  34.561352     7.0955     7.0950    33.9933    33.9931    26.6126    26.6125     2.2558     2.3616     68.667     71.887     0.9597     0.9573     0.0403    -0.0177     3.2808     0.0000     0.0000 -124.88326   44.65180      99.83          5  0.000e+00
      38481   1603.333    198.061    199.772     7.1142     7.1137  34.561666  34.561853     7.0956     7.0951    33.9928    33.9936    26.6122    26.6129     2.2558     2.3616     68.667     71.887     0.9597     0.9573     0.0403    -0.0177     3.2808     0.0000     0.0000 -124.88326   44.65180      99.83          5  0.000e+00
      38482   1603.375    197.941    199.651     7.1139     7.1136  34.561603  34.561852     7.0953     7.0950    33.9931    33.9937    26.6125    26.6130     2.2558     2.3615     68.666     71.886     0.9597     0.9573     0.0403    -0.0177     3.2808     0.0000     0.0000 -124.88326   44.65180      99.83          5  0.000e+00
      38483   1603.417    197.961    199.671     7.1142     7.1137  34.561916  34.561602     7.0957     7.0951    33.9931    33.9933    26.6125    26.6127     2.2558     2.3616     68.666     71.887     0.9597     0.9573     0.0403    -0.0177     3.2796     0.0000     0.0000 -124.88326   44.65180      99.85          5  0.000e+00
      38484   1603.458    198.014    199.725     7.1139     7.1136  34.561665  34.561727     7.0954     7.0950    33.9931    33.9935    26.6125    26.6128     2.2558     2.3616     68.667     71.887     0.9597     0.9573     0.0403    -0.0177     3.2808     0.0000     0.0000 -124.88326   44.65180      99.83          5  0.000e+00
      38485   1603.500    197.961    199.671     7.1142     7.1136  34.561603  34.561540     7.0957     7.0950    33.9928    33.9933    26.6122    26.6127     2.2558     2.3616     68.666     71.887     0.9597     0.9573     0.0403    -0.0177     3.2808     0.0000     0.0000 -124.88326   44.65180      99.83          5  0.000e+00
      38486   1603.542    197.961    199.671     7.1141     7.1134  34.561790  34.561915     7.0955     7.0948    33.9931    33.9940    26.6125    26.6132     2.2499     2.3616     68.489     71.887     0.9585     0.9573     0.0403    -0.0177     3.2808     0.0000     0.0000 -124.88326   44.65180      99.83          5  0.000e+00
      38487   1603.583    197.961    199.671     7.1141     7.1138  34.561665  34.561727     7.0955     7.0952    33.9930    33.9934    26.6124    26.6127     2.2558     2.3616     68.666     71.886     0.9597     0.9573     0.0403    -0.0177     3.2808     0.0000     0.0000 -124.88326   44.65180      99.83          5  0.000e+00
      38488   1603.625    197.915    199.625     7.1142     7.1137  34.561915  34.561477     7.0957     7.0951    33.9932    33.9932    26.6125    26.6126     2.2557     2.3615     68.665     71.886     0.9597     0.9573     0.0403    -0.0177     3.2808     0.0000     0.0000 -124.88326   44.65180      99.83          5  0.000e+00
      38489   1603.667    197.961    199.671     7.1142     7.1136  34.561665  34.561665     7.0957     7.0950    33.9929    33.9935    26.6122    26.6128     2.2558     2.3616     68.666     71.887     0.9597     0.9573     0.0403    -0.0177     3.2808     0.0000     0.0000 -124.88326   44.65180      99.83          5  0.000e+00
      38490   1603.708    197.941    199.651     7.1141     7.1137  34.561603  34.562227     7.0956     7.0951    33.9929    33.9940    26.6123    26.6132     2.2558     2.3615     68.666     71.886     0.9597     0.9573     0.0403    -0.0177     3.2808     0.0000     0.0000 -124.88326   44.65180      99.83          5  0.000e+00
      38491   1603.750    197.961    199.671     7.1141     7.1138  34.561603  34.562040     7.0955     7.0952    33.9929    33.9937    26.6123    26.6130     2.2558     2.3615     68.666     71.886     0.9597     0.9573     0.0403    -0.0177     3.2808     0.0000     0.0000 -124.88326   44.65180      99.83          5  0.000e+00
      38492   1603.792    197.961    199.671     7.1141     7.1139  34.561790  34.561539     7.0955     7.0953    33.9931    33.9931    26.6125    26.6125     2.2558     2.3615     68.666     71.886     0.9597     0.9573     0.0403    -0.0177     3.2808     0.0000     0.0000 -124.88326   44.65180      99.83          5  0.000e+00
      38493   1603.833    197.915    199.625     7.1141     7.1138  34.561728  34.561664     7.0955     7.0952    33.9931    33.9933    26.6124    26.6127     2.2557     2.3615     68.666     71.886     0.9597     0.9573     0.0403    -0.0177     3.2796     0.0000     0.0000 -124.88326   44.65180      99.83          5  0.000e+00
      38494   1603.875    197.915    199.625     7.1141     7.1138  34.561853  34.561789     7.0955     7.0952    33.9932    33.9935    26.6126    26.6128     2.2557     2.3615     68.666     71.886     0.9597     0.9573     0.0403    -0.0177     3.2808     0.0000     0.0000 -124.88326   44.65180      99.83          5  0.000e+00
      38495   1603.917    197.961    199.671     7.1142     7.1140  34.561916  34.561852     7.0957     7.0954    33.9931    33.9933    26.6125    26.6126     2.2558     2.3615     68.666     71.886     0.9597     0.9573     0.0403    -0.0177     3.2796     0.0000     0.0000 -124.88326   44.65180      99.83          5  0.000e+00
      38496   1603.958    197.915    199.625     7.1139     7.1139  34.561415  34.561789     7.0954     7.0953    33.9929    33.9933    26.6123    26.6127     2.2558     2.3615     68.666     71.886     0.9597     0.9573     0.0403    -0.0177     3.2808     0.0000     0.0000 -124.88326   44.65180      99.83          5  0.000e+00
      38497   1604.000    197.941    199.651     7.1141     7.1139  34.561978  34.561977     7.0955     7.0953    33.9934    33.9936    26.6127    26.6129     2.2558     2.3615     68.666     71.886     0.9597     0.9573     0.0391    -0.0482     3.2796     0.0000     0.0000 -124.88326   44.65180      99.83          5  0.000e+00
      38498   1604.042    197.915    199.625     7.1141     7.1138  34.561853  34.561852     7.0955     7.0952    33.9932    33.9935    26.6126    26.6128     2.2557     2.3615     68.666     71.886     0.9597     0.9573     0.0403    -0.0177     3.2808     0.0000     0.0000 -124.88326   44.65180      99.83          5  0.000e+00
      38499   1604.083    197.915    199.625     7.1142     7.1139  34.561853  34.561852     7.0957     7.0953    33.9931    33.9935    26.6124    26.6128     2.2557     2.3615     68.665     71.886     0.9597     0.9573     0.0403    -0.0177     3.2808     0.0000     0.0000 -124.88326   44.65180      99.83          5  0.000e+00
      38500   1604.125    197.915    199.625     7.1142     7.1139  34.561665  34.561789     7.0957     7.0953    33.9929    33.9933    26.6123    26.6127     2.2557     2.3615     68.666     71.886     0.9597     0.9573     0.0403    -0.0177     3.2808     0.0000     0.0000 -124.88326   44.65180      99.83          5  0.000e+00
      38501   1604.167    197.915    199.625     7.1139     7.1138  34.561603  34.561977     7.0953     7.0952    33.9932    33.9937    26.6125    26.6130     2.2558     2.3615     68.666     71.886     0.9597     0.9573     0.0403    -0.0177     3.2808     0.0000     0.0000 -124.88326   44.65180      99.85          5  0.000e+00
      38502   1604.208    197.915    199.625     7.1139     7.1137  34.561790  34.562290     7.0954     7.0951    33.9933    33.9941    26.6126    26.6133     2.2558     2.3615     68.666     71.886     0.9597     0.9573     0.0403    -0.0177     3.2808     0.0000     0.0000 -124.88326   44.65180      99.85          5  0.000e+00
      38503   1604.250    197.915    199.625     7.1139     7.1138  34.561915  34.562040     7.0953     7.0952    33.9935    33.9938    26.6128    26.6130     2.2558     2.3615     68.666     71.886     0.9597     0.9573     0.0403    -0.0177     3.2808     0.0000     0.0000 -124.88326   44.65180      99.85          5  0.000e+00
      38504   1604.292    197.915    199.625     7.1141     7.1137  34.561728  34.562040     7.0955     7.0951    33.9931    33.9938    26.6124    26.6131     2.2557     2.3615     68.666     71.886     0.9597     0.9573     0.0403    -0.0177     3.2796     0.0000     0.0000 -124.88326   44.65180      99.83          5  0.000e+00
      38505   1604.333    197.888    199.598     7.1141     7.1138  34.561602  34.561852     7.0955     7.0952    33.9930    33.9936    26.6124    26.6129     2.2557     2.3615     68.666     71.886     0.9597     0.9573     0.0403    -0.0177     3.2796     0.0000     0.0000 -124.88326   44.65180      99.83          5  0.000e+00
      38506   1604.375    197.961    199.672     7.1141     7.1137  34.561790  34.561977     7.0955     7.0951    33.9931    33.9938    26.6125    26.6130     2.2558     2.3616     68.666     71.886     0.9597     0.9573     0.0403    -0.0177     3.2808     0.0000     0.0000 -124.88326   44.65180      99.83          5  0.000e+00
      38507   1604.417    197.862    199.571     7.1139     7.1138  34.561415  34.561727     7.0954     7.0952    33.9929    33.9934    26.6123    26.6128     2.2557     2.3615     68.666     71.885     0.9597     0.9573     0.0403    -0.0177     3.2808     0.0000     0.0000 -124.88326   44.65180      99.83          5  0.000e+00
      38508   1604.458    197.915    199.625     7.1142     7.1137  34.561290  34.561977     7.0957     7.0951    33.9925    33.9938    26.6119    26.6130     2.2557     2.3615     68.666     71.886     0.9597     0.9573     0.0403    -0.0177     3.2808     0.0000     0.0000 -124.88326   44.65180      99.85          5  0.000e+00
      38509   1604.500    197.915    199.625     7.1139     7.1138  34.561853  34.562102     7.0953     7.0952    33.9934    33.9938    26.6127    26.6131     2.2558     2.3615     68.666     71.886     0.9597     0.9573     0.0403    -0.0177     3.2808     0.0000     0.0000 -124.88326   44.65180      99.83          5  0.000e+00
      38510   1604.542    197.915    199.625     7.1139     7.1138  34.561665  34.562290     7.0953     7.0952    33.9932    33.9940    26.6126    26.6132     2.2558     2.3615     68.666     71.886     0.9597     0.9573     0.0403    -0.0177     3.2808     0.0000     0.0000 -124.88326   44.65180      99.83          5  0.000e+00
      38511   1604.583    197.915    199.625     7.1142     7.1137  34.561603  34.562227     7.0957     7.0951    33.9928    33.9941    26.6122    26.6133     2.2557     2.3615     68.666     71.886     0.9597     0.9573     0.0403    -0.0177     3.2808     0.0000     0.0000 -124.88326   44.65180      99.83          5  0.000e+00
      38512   1604.625    197.888    199.598     7.1142     7.1138  34.561602  34.561602     7.0957     7.0952    33.9928    33.9933    26.6122    26.6126     2.2557     2.3615     68.665     71.886     0.9597     0.9573     0.0403    -0.0177     3.2808     0.0000     0.0000 -124.88326   44.65180      99.83          5  0.000e+00
      38513   1604.667    197.915    199.625     7.1143     7.1137  34.561602  34.561664     7.0957     7.0951    33.9928    33.9934    26.6122    26.6128     2.2557     2.3615     68.666     71.886     0.9597     0.9573     0.0403    -0.0177     3.2808     0.0000     0.0000 -124.88326   44.65180      99.83          5  0.000e+00
      38514   1604.708    197.915    199.625     7.1142     7.1136  34.561665  34.561789     7.0957     7.0950    33.9929    33.9936    26.6123    26.6129     2.2557     2.3615     68.666     71.886     0.9597     0.9573     0.0403    -0.0177     3.2808     0.0000     0.0000 -124.88326   44.65180      99.83          5  0.000e+00
      38515   1604.750    197.915    199.625     7.1141     7.1139  34.561853  34.561602     7.0955     7.0953    33.9932    33.9932    26.6126    26.6125     2.2557     2.3615     68.666     71.886     0.9597     0.9573     0.0403    -0.0177     3.2808     0.0000     0.0000 -124.88326   44.65180      99.83          5  0.000e+00
      38516   1604.792    197.862    199.571     7.1142     7.1138  34.562103  34.561727     7.0957     7.0952    33.9934    33.9934    26.6127    26.6128     2.2557     2.3615     68.665     71.885     0.9597     0.9573     0.0403    -0.0177     3.2808     0.0000     0.0000 -124.88326   44.65180      99.83          5  0.000e+00
      38517   1604.833    197.915    199.625     7.1141     7.1139  34.561728  34.561789     7.0955     7.0953    33.9931    33.9933    26.6124    26.6127     2.2557     2.3615     68.666     71.886     0.9597     0.9573     0.0403    -0.0177     3.2796     0.0000     0.0000 -124.88326   44.65180      99.83          5  0.000e+00
      38518   1604.875    197.915    199.625     7.1141     7.1137  34.561790  34.561977     7.0955     7.0951    33.9932    33.9938    26.6125    26.6130     2.2557     2.3615     68.666     71.886     0.9597     0.9573     0.0403    -0.0177     3.2808     0.0000     0.0000 -124.88326   44.65180      99.83          5  0.000e+00
      38519   1604.917    197.915    199.625     7.1141     7.1136  34.561728  34.561915     7.0956     7.0950    33.9931    33.9938    26.6124    26.6130     2.2557     2.3615     68.666     71.886     0.9597     0.9573     0.0403    -0.0177     3.2808     0.0000     0.0000 -124.88326   44.65180      99.83          5  0.000e+00
      38520   1604.958    197.889    199.598     7.1142     7.1139  34.562103  34.561789     7.0957     7.0953    33.9934    33.9934    26.6127    26.6127     2.2557     2.3615     68.665     71.886     0.9597     0.9573     0.0403    -0.0177     3.2821     0.0000     0.0000 -124.88326   44.65180      99.83          5  0.000e+00
      38521   1605.000    197.862    199.571     7.1142     7.1138  34.561978  34.561977     7.0957     7.0952    33.9933    33.9937    26.6126    26.6130     2.2557     2.3615     68.665     71.885     0.9597     0.9573     0.0403    -0.0177     3.2821     0.0000     0.0000 -124.88326   44.65180      99.83          5  0.000e+00
