WCOA/WCOA-6/CTD_Data/RB2102_CTD_060_01.ros
* Sea-Bird SBE 9 Data File:
* FileName = C:\Users\scs.user.rb\CTD\RB2102\Data\RB2102_CTD_060_01.hex
* Software Version Seasave V 7.26.7.107
* Temperature SN = 6202
* Conductivity SN = 4907
* Number of Bytes Per Scan = 41
* Number of Voltage Words = 4
* Number of Scans Averaged by the Deck Unit = 1
* NMEA Latitude = 41 43.01 N
* NMEA Longitude = 125 39.36 W
* NMEA UTC (Time) = Jul 06 2021  03:01:18
* NMEA baud rate = 4800
# nquan = 30
# nvalues = 1176                                  
# units = specified
# name 0 = scan: Scan Count
# name 1 = timeS: Time, Elapsed [seconds]
# name 2 = depSM: Depth [salt water, m]
# name 3 = prDM: Pressure, Digiquartz [db]
# name 4 = t090C: Temperature [ITS-90, deg C]
# name 5 = t190C: Temperature, 2 [ITS-90, deg C]
# name 6 = c0mS/cm: Conductivity [mS/cm]
# name 7 = c1mS/cm: Conductivity, 2 [mS/cm]
# name 8 = potemp090C: Potential Temperature [ITS-90, deg C]
# name 9 = potemp190C: Potential Temperature, 2 [ITS-90, deg C]
# name 10 = sal00: Salinity, Practical [PSU]
# name 11 = sal11: Salinity, Practical, 2 [PSU]
# name 12 = sigma-é00: Density [sigma-theta, kg/m^3]
# name 13 = sigma-é11: Density, 2 [sigma-theta, kg/m^3]
# name 14 = sbeox0Mg/L: Oxygen, SBE 43 [mg/l]
# name 15 = sbeox1Mg/L: Oxygen, SBE 43, 2 [mg/l]
# name 16 = sbox0Mm/Kg: Oxygen, SBE 43 [umol/kg]
# name 17 = sbox1Mm/Kg: Oxygen, SBE 43, 2 [umol/kg]
# name 18 = sbeox0V: Oxygen raw, SBE 43 [V]
# name 19 = sbeox1V: Oxygen raw, SBE 43, 2 [V]
# name 20 = v4: Voltage 4
# name 21 = flECO-AFL: Fluorescence, WET Labs ECO-AFL/FL [mg/m^3]
# name 22 = v3: Voltage 3
# name 23 = v6: Voltage 6
# name 24 = v7: Voltage 7
# name 25 = longitude: Longitude [deg]
# name 26 = latitude: Latitude [deg]
# name 27 = altM: Altimeter [m]
# name 28 = nbf: Bottles Fired
# name 29 = flag:  0.000e+00
# interval = seconds: 0.0416667
# start_time = Jul 06 2021 03:01:18 [NMEA time, header]
# bad_flag = -9.990e-29
*END*
[from data line 339]
     176277   7344.833    743.564    750.780     4.1935     4.1944  32.450704  32.451824     4.1372     4.1382    34.2767    34.2770    27.1965    27.1967     0.2576     0.2826      7.838      8.597     0.5336     0.5507     0.0403    -0.0177     3.1722     0.0024     0.0000 -125.65784   41.71690     100.00          7  0.000e+00
     176278   7344.875    743.617    750.834     4.1933     4.1943  32.450704  32.451825     4.1371     4.1380    34.2768    34.2771    27.1967    27.1968     0.2576     0.2752      7.838      8.374     0.5336     0.5495     0.0403    -0.0177     3.1722     0.0024     0.0000 -125.65784   41.71690     100.00          7  0.000e+00
     176279   7344.917    743.664    750.881     4.1935     4.1941  32.450704  32.451581     4.1372     4.1379    34.2767    34.2770    27.1965    27.1967     0.2576     0.2826      7.838      8.598     0.5336     0.5507     0.0403    -0.0177     3.1722     0.0024     0.0000 -125.65784   41.71690     100.00          7  0.000e+00
     176280   7344.958    743.618    750.834     4.1935     4.1943  32.450704  32.451702     4.1372     4.1380    34.2767    34.2770    27.1965    27.1967     0.2644     0.2826      8.043      8.598     0.5348     0.5507     0.0403    -0.0177     3.1709     0.0024     0.0000 -125.65784   41.71690     100.00          7  0.000e+00
     187644   7818.458    496.213    500.728     5.0161     5.0163  32.927054  32.927983     4.9765     4.9767    34.1120    34.1130    26.9739    26.9746     0.8503     0.8888     25.875     27.046     0.6496     0.6593     0.0403    -0.0177     3.1673     0.0000     0.0000 -125.65760   41.71686     100.00          8  0.000e+00
     187645   7818.500    496.260    500.775     5.0160     5.0161  32.927177  32.927983     4.9764     4.9765    34.1123    34.1131    26.9742    26.9748     0.8567     0.8888     26.069     27.046     0.6508     0.6593     0.0403    -0.0177     3.1685     0.0000     0.0000 -125.65760   41.71686     100.00          8  0.000e+00
     187646   7818.542    496.260    500.775     5.0160     5.0156  32.927177  32.927124     4.9764     4.9760    34.1123    34.1127    26.9742    26.9745     0.8567     0.8888     26.069     27.047     0.6508     0.6593     0.0403    -0.0177     3.1673     0.0000     0.0000 -125.65760   41.71686     100.00          8  0.000e+00
     187647   7818.583    496.313    500.829     5.0160     5.0153  32.927423  32.927062     4.9764     4.9757    34.1126    34.1129    26.9744    26.9747     0.8567     0.8888     26.069     27.047     0.6508     0.6593     0.0403    -0.0177     3.1673     0.0000     0.0000 -125.65760   41.71686     100.00          8  0.000e+00
     187648   7818.625    496.313    500.829     5.0160     5.0150  32.927485  32.927124     4.9764     4.9753    34.1126    34.1133    26.9744    26.9751     0.8567     0.8888     26.069     27.047     0.6508     0.6593     0.0403    -0.0177     3.1673     0.0000     0.0000 -125.65760   41.71686     100.00          8  0.000e+00
     187649   7818.667    496.313    500.829     5.0160     5.0148  32.927239  32.927124     4.9764     4.9752    34.1124    34.1134    26.9742    26.9752     0.8567     0.8888     26.070     27.047     0.6508     0.6593     0.0403    -0.0177     3.1685     0.0000     0.0000 -125.65760   41.71686     100.00          8  0.000e+00
     187650   7818.708    496.313    500.829     5.0158     5.0147  32.927178  32.926449     4.9762     4.9750    34.1125    34.1128    26.9743    26.9747     0.8567     0.8889     26.070     27.048     0.6508     0.6593     0.0403    -0.0177     3.1673     0.0000     0.0000 -125.65760   41.71686     100.00          8  0.000e+00
     187651   7818.750    496.367    500.883     5.0160     5.0148  32.926932  32.926449     4.9763     4.9752    34.1120    34.1126    26.9739    26.9746     0.8567     0.8958     26.070     27.260     0.6508     0.6606     0.0403    -0.0177     3.1685     0.0000     0.0000 -125.65760   41.71686     100.00          8  0.000e+00
     187652   7818.792    496.313    500.829     5.0158     5.0149  32.926870  32.926940     4.9762     4.9752    34.1121    34.1132    26.9740    26.9750     0.8503     0.8888     25.876     27.047     0.6496     0.6593     0.0403    -0.0177     3.1685     0.0000     0.0000 -125.65760   41.71686     100.00          8  0.000e+00
     187653   7818.833    496.413    500.930     5.0155     5.0152  32.926871  32.926695     4.9759     4.9755    34.1124    34.1125    26.9743    26.9745     0.8504     0.8889     25.876     27.048     0.6496     0.6593     0.0403    -0.0177     3.1685     0.0000     0.0000 -125.65760   41.71686     100.00          8  0.000e+00
     187654   7818.875    496.360    500.877     5.0161     5.0155  32.927055  32.927124     4.9765     4.9758    34.1120    34.1128    26.9739    26.9746     0.8503     0.8958     25.876     27.259     0.6496     0.6606     0.0403    -0.0177     3.1673     0.0000     0.0000 -125.65760   41.71686     100.00          8  0.000e+00
     187655   7818.917    496.360    500.877     5.0160     5.0157  32.926932  32.927431     4.9763     4.9760    34.1120    34.1129    26.9739    26.9747     0.8503     0.8958     25.876     27.259     0.6496     0.6606     0.0403    -0.0177     3.1685     0.0000     0.0000 -125.65760   41.71686     100.00          8  0.000e+00
     187656   7818.958    496.413    500.930     5.0160     5.0158  32.926871  32.927185     4.9763     4.9761    34.1119    34.1125    26.9738    26.9743     0.8503     0.8958     25.876     27.259     0.6496     0.6606     0.0403    -0.0177     3.1673     0.0000     0.0000 -125.65760   41.71686     100.00          8  0.000e+00
     187657   7819.000    496.360    500.877     5.0157     5.0157  32.927178  32.926940     4.9760     4.9760    34.1126    34.1123    26.9745    26.9742     0.8503     0.8888     25.876     27.047     0.6496     0.6593     0.0403    -0.0177     3.1685     0.0000     0.0000 -125.65760   41.71686     100.00          8  0.000e+00
     187658   7819.042    496.360    500.877     5.0160     5.0153  32.926932  32.927247     4.9763     4.9757    34.1120    34.1130    26.9739    26.9748     0.8567     0.8888     26.070     27.047     0.6508     0.6593     0.0403    -0.0177     3.1673     0.0000     0.0000 -125.65760   41.71686     100.00          8  0.000e+00
     187659   7819.083    496.413    500.930     5.0160     5.0152  32.927055  32.927001     4.9763     4.9755    34.1121    34.1129    26.9740    26.9747     0.8567     0.8889     26.070     27.048     0.6508     0.6593     0.0403    -0.0177     3.1685     0.0000     0.0000 -125.65760   41.71686     100.00          8  0.000e+00
     187660   7819.125    496.360    500.877     5.0158     5.0150  32.926932  32.927063     4.9762     4.9754    34.1122    34.1131    26.9741    26.9749     0.8567     0.8889     26.070     27.047     0.6508     0.6593     0.0403    -0.0177     3.1685     0.0000     0.0000 -125.65760   41.71686     100.00          8  0.000e+00
     187661   7819.167    496.413    500.930     5.0155     5.0150  32.926871  32.926940     4.9759     4.9753    34.1124    34.1130    26.9743    26.9749     0.8567     0.8889     26.070     27.048     0.6508     0.6593     0.0403    -0.0177     3.1673     0.0000     0.0000 -125.65760   41.71686     100.00          8  0.000e+00
     187662   7819.208    496.413    500.930     5.0160     5.0150  32.926871  32.926817     4.9763     4.9753    34.1119    34.1129    26.9738    26.9747     0.8567     0.8889     26.070     27.048     0.6508     0.6593     0.0403    -0.0177     3.1673     0.0000     0.0000 -125.65760   41.71686     100.00          8  0.000e+00
     187663   7819.250    496.413    500.930     5.0160     5.0147  32.926871  32.926817     4.9763     4.9750    34.1119    34.1132    26.9738    26.9750     0.8567     0.8889     26.070     27.048     0.6508     0.6593     0.0403    -0.0177     3.1685     0.0000     0.0000 -125.65760   41.71686     100.00          8  0.000e+00
     187664   7819.292    496.413    500.930     5.0158     5.0148  32.927055  32.926817     4.9761     4.9752    34.1123    34.1130    26.9742    26.9749     0.8567     0.8889     26.070     27.048     0.6508     0.6593     0.0403    -0.0177     3.1673     0.0000     0.0000 -125.65760   41.71686     100.00          8  0.000e+00
     187665   7819.333    496.360    500.877     5.0161     5.0150  32.927178  32.926817     4.9765     4.9754    34.1121    34.1129    26.9740    26.9747     0.8503     0.8889     25.876     27.047     0.6496     0.6593     0.0403    -0.0177     3.1673     0.0000     0.0000 -125.65760   41.71686     100.00          8  0.000e+00
     187666   7819.375    496.367    500.883     5.0161     5.0150  32.927178  32.926817     4.9765     4.9753    34.1121    34.1129    26.9740    26.9748     0.8503     0.8889     25.876     27.047     0.6496     0.6593     0.0403    -0.0177     3.1685     0.0000     0.0000 -125.65760   41.71686     100.00          8  0.000e+00
     187667   7819.417    496.360    500.877     5.0161     5.0152  32.927423  32.926572     4.9765     4.9755    34.1124    34.1124    26.9742    26.9744     0.8503     0.8889     25.875     27.047     0.6496     0.6593     0.0403    -0.0177     3.1673     0.0000     0.0000 -125.65760   41.71686     100.00          8  0.000e+00
     187668   7819.458    496.360    500.877     5.0161     5.0150  32.927485  32.926756     4.9765     4.9754    34.1125    34.1128    26.9743    26.9747     0.8503     0.8958     25.875     27.260     0.6496     0.6606     0.0403    -0.0177     3.1673     0.0000     0.0000 -125.65760   41.71686     100.00          8  0.000e+00
     187669   7819.500    496.360    500.877     5.0160     5.0153  32.927239  32.927431     4.9763     4.9757    34.1123    34.1133    26.9742    26.9750     0.8503     0.8888     25.876     27.047     0.6496     0.6593     0.0403    -0.0177     3.1685     0.0000     0.0000 -125.65760   41.71686     100.00          8  0.000e+00
     187670   7819.542    496.360    500.877     5.0161     5.0156  32.927178  32.927308     4.9765     4.9760    34.1121    34.1128    26.9740    26.9746     0.8503     0.8888     25.876     27.047     0.6496     0.6593     0.0403    -0.0177     3.1673     0.0000     0.0000 -125.65760   41.71686     100.00          8  0.000e+00
     187671   7819.583    496.313    500.829     5.0160     5.0157  32.927177  32.927553     4.9764     4.9760    34.1123    34.1131    26.9742    26.9748     0.8503     0.8888     25.875     27.047     0.6496     0.6593     0.0403    -0.0177     3.1673     0.0000     0.0000 -125.65760   41.71686     100.00          8  0.000e+00
     187672   7819.625    496.360    500.877     5.0158     5.0159  32.926932  32.927247     4.9762     4.9763    34.1122    34.1124    26.9741    26.9743     0.8567     0.8888     26.070     27.047     0.6508     0.6593     0.0403    -0.0177     3.1685     0.0000     0.0000 -125.65760   41.71686     100.00          8  0.000e+00
     187673   7819.667    496.260    500.775     5.0158     5.0158  32.927055  32.927369     4.9762     4.9762    34.1124    34.1127    26.9742    26.9745     0.8567     0.8888     26.069     27.047     0.6508     0.6593     0.0403    -0.0177     3.1673     0.0000     0.0000 -125.65760   41.71686     100.00          8  0.000e+00
     187674   7819.708    496.313    500.829     5.0160     5.0161  32.926932  32.927615     4.9764     4.9765    34.1120    34.1127    26.9739    26.9745     0.8567     0.8888     26.070     27.047     0.6508     0.6593     0.0403    -0.0177     3.1673     0.0000     0.0000 -125.65760   41.71686     100.00          8  0.000e+00
     187675   7819.750    496.260    500.775     5.0161     5.0163  32.927054  32.927676     4.9765     4.9766    34.1120    34.1126    26.9739    26.9744     0.8567     0.8888     26.069     27.046     0.6508     0.6593     0.0403    -0.0177     3.1673     0.0000     0.0000 -125.65760   41.71686     100.00          8  0.000e+00
     187676   7819.792    496.260    500.775     5.0161     5.0165  32.927177  32.927921     4.9765     4.9768    34.1122    34.1127    26.9740    26.9744     0.8567     0.8888     26.069     27.046     0.6508     0.6593     0.0403    -0.0177     3.1673     0.0000     0.0000 -125.65760   41.71686     100.00          8  0.000e+00
     187677   7819.833    496.260    500.775     5.0158     5.0167  32.927239  32.927799     4.9762     4.9771    34.1126    34.1123    26.9744    26.9741     0.8567     0.8888     26.069     27.046     0.6508     0.6593     0.0403    -0.0177     3.1673     0.0000     0.0000 -125.65760   41.71686     100.00          8  0.000e+00
     187678   7819.875    496.213    500.728     5.0160     5.0172  32.927423  32.928105     4.9764     4.9776    34.1126    34.1122    26.9744    26.9739     0.8567     0.8958     26.069     27.258     0.6508     0.6606     0.0403    -0.0177     3.1685     0.0000     0.0000 -125.65760   41.71686     100.00          8  0.000e+00
     187679   7819.917    496.213    500.728     5.0161     5.0173  32.927239  32.928289     4.9765     4.9776    34.1123    34.1123    26.9741    26.9740     0.8567     0.8888     26.069     27.045     0.6508     0.6593     0.0403    -0.0177     3.1673     0.0000     0.0000 -125.65760   41.71686     100.00          8  0.000e+00
     187680   7819.958    496.160    500.674     5.0158     5.0174  32.926931  32.928289     4.9762     4.9777    34.1122    34.1123    26.9741    26.9740     0.8567     0.8888     26.069     27.045     0.6508     0.6593     0.0403    -0.0177     3.1685     0.0000     0.0000 -125.65760   41.71686     100.00          8  0.000e+00
     187681   7820.000    496.213    500.728     5.0158     5.0171  32.927054  32.927860     4.9762     4.9774    34.1124    34.1120    26.9743    26.9738     0.8567     0.8888     26.069     27.046     0.6508     0.6593     0.0403    -0.0177     3.1673     0.0000     0.0000 -125.65760   41.71686     100.00          8  0.000e+00
     187682   7820.042    496.173    500.688     5.0157     5.0173  32.926931  32.928105     4.9760     4.9776    34.1124    34.1121    26.9743    26.9739     0.8503     0.8888     25.875     27.045     0.6496     0.6593     0.0403    -0.0177     3.1673     0.0000     0.0000 -125.65760   41.71686     100.00          8  0.000e+00
     187683   7820.083    496.113    500.627     5.0157     5.0172  32.926686  32.928289     4.9760     4.9776    34.1122    34.1124    26.9741    26.9741     0.8503     0.8888     25.875     27.045     0.6496     0.6593     0.0403    -0.0177     3.1685     0.0000     0.0000 -125.65760   41.71686     100.00          8  0.000e+00
     187684   7820.125    496.113    500.627     5.0160     5.0173  32.926993  32.928780     4.9764     4.9776    34.1122    34.1130    26.9741    26.9745     0.8503     0.8957     25.875     27.257     0.6496     0.6606     0.0403    -0.0177     3.1685     0.0000     0.0000 -125.65760   41.71686     100.00          8  0.000e+00
     187685   7820.167    496.060    500.573     5.0157     5.0174  32.926931  32.928227     4.9760     4.9777    34.1125    34.1122    26.9743    26.9740     0.8503     0.8888     25.875     27.045     0.6496     0.6593     0.0403    -0.0177     3.1673     0.0000     0.0000 -125.65760   41.71686     100.00          8  0.000e+00
     187686   7820.208    496.113    500.627     5.0157     5.0172  32.926870  32.928228     4.9760     4.9776    34.1124    34.1124    26.9743    26.9741     0.8567     0.8888     26.069     27.045     0.6508     0.6593     0.0403    -0.0177     3.1685     0.0000     0.0000 -125.65760   41.71686     100.00          8  0.000e+00
