WCOA/WCOA-6/CTD_Data/RB2102_CTD_110_01.ros
* Sea-Bird SBE 9 Data File:
* FileName = C:\Users\scs.user.rb\CTD\RB2102\Data\RB2102_CTD_110_01.hex
* Software Version Seasave V 7.26.7.107
* Temperature SN = 6202
* Conductivity SN = 4907
* Number of Bytes Per Scan = 41
* Number of Voltage Words = 4
* Number of Scans Averaged by the Deck Unit = 1
* NMEA Latitude = 33 49.03 N
* NMEA Longitude = 121 50.63 W
* NMEA UTC (Time) = Jul 17 2021  13:15:45
* NMEA baud rate = 4800
# nquan = 30
# nvalues = 1176                                  
# units = specified
# name 0 = scan: Scan Count
# name 1 = timeS: Time, Elapsed [seconds]
# name 2 = depSM: Depth [salt water, m]
# name 3 = prDM: Pressure, Digiquartz [db]
# name 4 = t090C: Temperature [ITS-90, deg C]
# name 5 = t190C: Temperature, 2 [ITS-90, deg C]
# name 6 = c0mS/cm: Conductivity [mS/cm]
# name 7 = c1mS/cm: Conductivity, 2 [mS/cm]
# name 8 = potemp090C: Potential Temperature [ITS-90, deg C]
# name 9 = potemp190C: Potential Temperature, 2 [ITS-90, deg C]
# name 10 = sal00: Salinity, Practical [PSU]
# name 11 = sal11: Salinity, Practical, 2 [PSU]
# name 12 = sigma-é00: Density [sigma-theta, kg/m^3]
# name 13 = sigma-é11: Density, 2 [sigma-theta, kg/m^3]
# name 14 = sbeox0Mg/L: Oxygen, SBE 43 [mg/l]
# name 15 = sbeox1Mg/L: Oxygen, SBE 43, 2 [mg/l]
# name 16 = sbox0Mm/Kg: Oxygen, SBE 43 [umol/kg]
# name 17 = sbox1Mm/Kg: Oxygen, SBE 43, 2 [umol/kg]
# name 18 = sbeox0V: Oxygen raw, SBE 43 [V]
# name 19 = sbeox1V: Oxygen raw, SBE 43, 2 [V]
# name 20 = v4: Voltage 4
# name 21 = flECO-AFL: Fluorescence, WET Labs ECO-AFL/FL [mg/m^3]
# name 22 = v3: Voltage 3
# name 23 = v6: Voltage 6
# name 24 = v7: Voltage 7
# name 25 = longitude: Longitude [deg]
# name 26 = latitude: Latitude [deg]
# name 27 = altM: Altimeter [m]
# name 28 = nbf: Bottles Fired
# name 29 = flag:  0.000e+00
# interval = seconds: 0.0416667
# start_time = Jul 17 2021 13:15:45 [NMEA time, header]
# bad_flag = -9.990e-29
*END*
[from data line 242]
     173169   7215.333   1975.689   1999.366     2.1299     2.1314  31.444702  31.445614     1.9916     1.9930    34.6136    34.6132    27.6628    27.6623     2.3175     2.3775     70.473     72.297     0.8254     0.8205     0.0403    -0.0177     3.1880     0.0415     0.0000 -121.84490   33.81666      99.98          5  0.000e+00
     173170   7215.375   1975.709   1999.387     2.1300     2.1314  31.444461  31.446157     1.9917     1.9930    34.6132    34.6139    27.6624    27.6629     2.3175     2.3774     70.473     72.296     0.8254     0.8205     0.0403    -0.0177     3.1893     0.0415     0.0000 -121.84490   33.81666      99.98          5  0.000e+00
     173171   7215.417   1975.634   1999.310     2.1299     2.1315  31.444400  31.445855     1.9916     1.9931    34.6133    34.6134    27.6625    27.6625     2.3175     2.3774     70.473     72.296     0.8254     0.8205     0.0403    -0.0177     3.1880     0.0415     0.0000 -121.84490   33.81666      99.98          5  0.000e+00
     188935   7872.250   1484.401   1500.427     2.8283     2.8313  31.804834  31.807868     2.7224     2.7254    34.5577    34.5582    27.5569    27.5571     1.4462     1.4931     43.983     45.409     0.7167     0.7204     0.0403    -0.0177     3.1868     0.0452     0.0000 -121.84486   33.81666     100.00          6  0.000e+00
     188936   7872.292   1484.401   1500.427     2.8286     2.8316  31.804531  31.807323     2.7227     2.7257    34.5570    34.5572    27.5563    27.5563     1.4462     1.4931     43.983     45.409     0.7167     0.7204     0.0403    -0.0177     3.1868     0.0452     0.0000 -121.84486   33.81666     100.00          6  0.000e+00
     188937   7872.333   1484.455   1500.482     2.8285     2.8316  31.804592  31.807626     2.7227     2.7257    34.5571    34.5575    27.5564    27.5565     1.4462     1.4931     43.984     45.409     0.7167     0.7204     0.0403    -0.0177     3.1856     0.0452     0.0000 -121.84486   33.81666     100.00          6  0.000e+00
     188938   7872.375   1484.401   1500.427     2.8287     2.8314  31.804713  31.807262     2.7229     2.7255    34.5570    34.5573    27.5564    27.5563     1.4462     1.4931     43.983     45.409     0.7167     0.7204     0.0403    -0.0177     3.1868     0.0440     0.0000 -121.84486   33.81666     100.00          6  0.000e+00
     188939   7872.417   1484.401   1500.427     2.8289     2.8311  31.804894  31.807323     2.7230     2.7252    34.5571    34.5577    27.5564    27.5567     1.4462     1.4931     43.983     45.409     0.7167     0.7204     0.0403    -0.0177     3.1856     0.0452     0.0000 -121.84486   33.81666     100.00          6  0.000e+00
     188940   7872.458   1484.455   1500.482     2.8286     2.8314  31.804955  31.807444     2.7227     2.7255    34.5575    34.5575    27.5567    27.5565     1.4462     1.4931     43.983     45.409     0.7167     0.7204     0.0403    -0.0177     3.1856     0.0440     0.0000 -121.84486   33.81666     100.00          6  0.000e+00
     188941   7872.500   1484.387   1500.413     2.8285     2.8313  31.805379  31.807686     2.7227     2.7254    34.5581    34.5580    27.5572    27.5569     1.4462     1.4847     43.983     45.153     0.7167     0.7192     0.0403    -0.0177     3.1868     0.0440     0.0000 -121.84486   33.81666     100.00          6  0.000e+00
     188942   7872.542   1484.401   1500.427     2.8287     2.8314  31.804894  31.807747     2.7229     2.7255    34.5573    34.5579    27.5566    27.5568     1.4462     1.4931     43.983     45.409     0.7167     0.7204     0.0403    -0.0177     3.1856     0.0440     0.0000 -121.84486   33.81666     100.00          6  0.000e+00
     188943   7872.583   1484.455   1500.482     2.8286     2.8311  31.804895  31.807081     2.7227     2.7252    34.5574    34.5574    27.5567    27.5564     1.4462     1.4931     43.983     45.410     0.7167     0.7204     0.0403    -0.0177     3.1856     0.0440     0.0000 -121.84486   33.81666     100.00          6  0.000e+00
     188944   7872.625   1484.401   1500.427     2.8287     2.8311  31.805016  31.807565     2.7228     2.7252    34.5575    34.5580    27.5567    27.5569     1.4385     1.4931     43.749     45.409     0.7155     0.7204     0.0403    -0.0177     3.1868     0.0440     0.0000 -121.84486   33.81666     100.00          6  0.000e+00
     188945   7872.667   1484.401   1500.427     2.8289     2.8308  31.805197  31.807081     2.7230     2.7249    34.5575    34.5577    27.5567    27.5567     1.4462     1.4931     43.983     45.410     0.7167     0.7204     0.0403    -0.0177     3.1856     0.0440     0.0000 -121.84486   33.81666     100.00          6  0.000e+00
     188946   7872.708   1484.401   1500.427     2.8294     2.8311  31.805016  31.807081     2.7235     2.7252    34.5568    34.5574    27.5561    27.5565     1.4385     1.4931     43.749     45.409     0.7155     0.7204     0.0403    -0.0177     3.1856     0.0440     0.0000 -121.84486   33.81666     100.00          6  0.000e+00
     188947   7872.750   1484.401   1500.427     2.8291     2.8311  31.805137  31.807141     2.7232     2.7252    34.5572    34.5575    27.5565    27.5565     1.4462     1.4847     43.983     45.153     0.7167     0.7192     0.0403    -0.0177     3.1856     0.0440     0.0000 -121.84486   33.81666     100.00          6  0.000e+00
     188948   7872.792   1484.401   1500.427     2.8292     2.8310  31.805258  31.807141     2.7233     2.7251    34.5572    34.5576    27.5565    27.5567     1.4462     1.4931     43.982     45.410     0.7167     0.7204     0.0403    -0.0177     3.1856     0.0440     0.0000 -121.84486   33.81666     100.00          6  0.000e+00
     188949   7872.833   1484.455   1500.482     2.8294     2.8307  31.805016  31.807141     2.7235     2.7248    34.5567    34.5579    27.5561    27.5569     1.4462     1.4931     43.983     45.410     0.7167     0.7204     0.0403    -0.0177     3.1868     0.0452     0.0000 -121.84486   33.81666     100.00          6  0.000e+00
     188950   7872.875   1484.347   1500.372     2.8294     2.8310  31.805137  31.806959     2.7235     2.7251    34.5569    34.5574    27.5562    27.5565     1.4462     1.4931     43.982     45.409     0.7167     0.7204     0.0403    -0.0177     3.1856     0.0440     0.0000 -121.84486   33.81666     100.00          6  0.000e+00
     188951   7872.917   1484.347   1500.372     2.8292     2.8310  31.805015  31.806899     2.7234     2.7251    34.5570    34.5574    27.5563    27.5564     1.4462     1.4931     43.982     45.409     0.7167     0.7204     0.0403    -0.0177     3.1856     0.0440     0.0000 -121.84486   33.81666     100.00          6  0.000e+00
     188952   7872.958   1484.401   1500.427     2.8292     2.8308  31.804955  31.807081     2.7233     2.7249    34.5569    34.5577    27.5562    27.5567     1.4462     1.4847     43.983     45.154     0.7167     0.7192     0.0403    -0.0177     3.1856     0.0440     0.0000 -121.84486   33.81666     100.00          6  0.000e+00
     188953   7873.000   1484.347   1500.372     2.8289     2.8310  31.804591  31.807141     2.7230     2.7251    34.5568    34.5577    27.5561    27.5567     1.4462     1.4931     43.983     45.409     0.7167     0.7204     0.0403    -0.0177     3.1856     0.0440     0.0000 -121.84486   33.81666     100.00          6  0.000e+00
     188954   7873.042   1484.347   1500.372     2.8287     2.8308  31.804652  31.806959     2.7228     2.7249    34.5571    34.5576    27.5564    27.5567     1.4462     1.4931     43.983     45.409     0.7167     0.7204     0.0403    -0.0177     3.1856     0.0440     0.0000 -121.84486   33.81666     100.00          6  0.000e+00
     188955   7873.083   1484.347   1500.372     2.8281     2.8308  31.804228  31.806657     2.7223     2.7249    34.5571    34.5572    27.5565    27.5564     1.4386     1.4931     43.750     45.410     0.7155     0.7204     0.0391    -0.0482     3.1868     0.0440     0.0000 -121.84486   33.81666     100.00          6  0.000e+00
     188956   7873.125   1484.299   1500.324     2.8281     2.8308  31.804106  31.806596     2.7223     2.7249    34.5570    34.5572    27.5564    27.5563     1.4462     1.4931     43.983     45.409     0.7167     0.7204     0.0403    -0.0177     3.1856     0.0440     0.0000 -121.84486   33.81666     100.00          6  0.000e+00
     188957   7873.167   1484.347   1500.372     2.8279     2.8308  31.804106  31.806414     2.7221     2.7249    34.5572    34.5569    27.5566    27.5561     1.4386     1.4931     43.750     45.410     0.7155     0.7204     0.0403    -0.0177     3.1856     0.0452     0.0000 -121.84486   33.81666     100.00          6  0.000e+00
     188958   7873.208   1484.299   1500.324     2.8283     2.8303  31.803864  31.806535     2.7224     2.7245    34.5566    34.5576    27.5560    27.5567     1.4462     1.4931     43.983     45.410     0.7167     0.7204     0.0403    -0.0177     3.1868     0.0440     0.0000 -121.84486   33.81666     100.00          6  0.000e+00
     188959   7873.250   1484.299   1500.324     2.8281     2.8303  31.803985  31.806354     2.7223     2.7245    34.5569    34.5574    27.5563    27.5565     1.4462     1.4931     43.983     45.410     0.7167     0.7204     0.0403    -0.0177     3.1868     0.0440     0.0000 -121.84486   33.81666     100.00          6  0.000e+00
     188960   7873.292   1484.299   1500.324     2.8281     2.8300  31.804288  31.806112     2.7223     2.7242    34.5572    34.5574    27.5566    27.5566     1.4462     1.4931     43.983     45.410     0.7167     0.7204     0.0403    -0.0177     3.1868     0.0513     0.0000 -121.84486   33.81666     100.00          6  0.000e+00
     188961   7873.333   1484.299   1500.324     2.8282     2.8302  31.804773  31.805748     2.7224     2.7243    34.5577    34.5568    27.5570    27.5561     1.4462     1.4931     43.983     45.410     0.7167     0.7204     0.0403    -0.0177     3.1868     0.0708     0.0000 -121.84486   33.81666     100.00          6  0.000e+00
     188962   7873.375   1484.245   1500.269     2.8283     2.8302  31.804530  31.806172     2.7225     2.7243    34.5574    34.5574    27.5567    27.5565     1.4462     1.4847     43.983     45.154     0.7167     0.7192     0.0403    -0.0177     3.1868     0.0781     0.0000 -121.84486   33.81666     100.00          6  0.000e+00
     188963   7873.417   1484.245   1500.269     2.8286     2.8299  31.804470  31.806051     2.7228     2.7240    34.5570    34.5575    27.5564    27.5567     1.4462     1.4931     43.982     45.410     0.7167     0.7204     0.0403    -0.0177     3.1868     0.0794     0.0000 -121.84486   33.81666     100.00          6  0.000e+00
     188964   7873.458   1484.245   1500.269     2.8284     2.8296  31.804651  31.805566     2.7226     2.7237    34.5574    34.5573    27.5567    27.5565     1.4385     1.4932     43.749     45.411     0.7155     0.7204     0.0403    -0.0177     3.1856     0.0806     0.0000 -121.84486   33.81666     100.00          6  0.000e+00
     188965   7873.500   1484.198   1500.221     2.8286     2.8291  31.804470  31.805203     2.7228     2.7233    34.5570    34.5574    27.5564    27.5566     1.4385     1.4932     43.748     45.411     0.7155     0.7204     0.0403    -0.0177     3.1868     0.0806     0.0000 -121.84486   33.81666     100.00          6  0.000e+00
     188966   7873.542   1484.245   1500.269     2.8287     2.8287  31.804591  31.804961     2.7229     2.7229    34.5570    34.5574    27.5563    27.5567     1.4462     1.4932     43.982     45.412     0.7167     0.7204     0.0403    -0.0177     3.1856     0.0818     0.0000 -121.84486   33.81666     100.00          6  0.000e+00
     188967   7873.583   1484.198   1500.221     2.8287     2.8288  31.804712  31.805264     2.7229     2.7229    34.5572    34.5578    27.5565    27.5570     1.4385     1.4932     43.748     45.411     0.7155     0.7204     0.0403    -0.0177     3.1856     0.0818     0.0000 -121.84486   33.81666     100.00          6  0.000e+00
     188968   7873.625   1484.144   1500.166     2.8289     2.8292  31.804712  31.805203     2.7231     2.7234    34.5570    34.5573    27.5563    27.5565     1.4385     1.4932     43.748     45.410     0.7155     0.7204     0.0403    -0.0177     3.1880     0.0830     0.0000 -121.84486   33.81666     100.00          6  0.000e+00
     188969   7873.667   1484.198   1500.221     2.8289     2.8296  31.804894  31.805808     2.7231     2.7237    34.5572    34.5576    27.5565    27.5568     1.4462     1.4931     43.982     45.410     0.7167     0.7204     0.0403    -0.0177     3.1868     0.0830     0.0000 -121.84486   33.81666     100.00          6  0.000e+00
     188970   7873.708   1484.144   1500.166     2.8289     2.8296  31.804772  31.805748     2.7231     2.7237    34.5571    34.5576    27.5564    27.5567     1.4462     1.4931     43.981     45.410     0.7167     0.7204     0.0403    -0.0177     3.1868     0.0830     0.0000 -121.84486   33.81666     100.00          6  0.000e+00
     188971   7873.750   1484.144   1500.166     2.8289     2.8296  31.804894  31.805929     2.7231     2.7237    34.5572    34.5578    27.5565    27.5569     1.4462     1.4931     43.981     45.410     0.7167     0.7204     0.0403    -0.0177     3.1868     0.0830     0.0000 -121.84486   33.81666     100.00          6  0.000e+00
     188972   7873.792   1484.144   1500.166     2.8287     2.8296  31.804833  31.805990     2.7229     2.7237    34.5573    34.5579    27.5566    27.5570     1.4462     1.4931     43.981     45.410     0.7167     0.7204     0.0403    -0.0177     3.1868     0.0842     0.0000 -121.84486   33.81666     100.00          6  0.000e+00
     188973   7873.833   1484.042   1500.063     2.8286     2.8300  31.804711  31.805808     2.7228     2.7242    34.5574    34.5572    27.5567    27.5564     1.4462     1.4931     43.981     45.409     0.7167     0.7204     0.0403    -0.0177     3.1868     0.0842     0.0000 -121.84486   33.81666     100.00          6  0.000e+00
     188974   7873.875   1484.144   1500.166     2.8287     2.8299  31.804712  31.805929     2.7229     2.7240    34.5572    34.5575    27.5565    27.5566     1.4385     1.4931     43.748     45.409     0.7155     0.7204     0.0403    -0.0177     3.1856     0.0842     0.0000 -121.84486   33.81666     100.00          6  0.000e+00
     188975   7873.917   1484.042   1500.063     2.8289     2.8300  31.804893  31.805808     2.7231     2.7242    34.5573    34.5572    27.5566    27.5564     1.4385     1.4847     43.747     45.153     0.7155     0.7192     0.0403    -0.0177     3.1868     0.0842     0.0000 -121.84486   33.81666     100.00          6  0.000e+00
     188976   7873.958   1484.130   1500.152     2.8291     2.8296  31.804530  31.805687     2.7232     2.7237    34.5566    34.5575    27.5560    27.5567     1.4385     1.4931     43.748     45.410     0.7155     0.7204     0.0403    -0.0177     3.1856     0.0842     0.0000 -121.84486   33.81666     100.00          6  0.000e+00
     188977   7874.000   1483.988   1500.008     2.8289     2.8296  31.804772  31.805263     2.7231     2.7237    34.5572    34.5571    27.5565    27.5563     1.4461     1.4847     43.980     45.153     0.7167     0.7192     0.0403    -0.0177     3.1856     0.0842     0.0000 -121.84486   33.81666     100.00          6  0.000e+00
     188978   7874.042   1484.042   1500.063     2.8289     2.8291  31.804772  31.805566     2.7231     2.7233    34.5571    34.5579    27.5564    27.5570     1.4385     1.4847     43.747     45.154     0.7155     0.7192     0.0403    -0.0177     3.1868     0.0842     0.0000 -121.84486   33.81666     100.00          6  0.000e+00
     188979   7874.083   1483.988   1500.008     2.8286     2.8294  31.804893  31.805505     2.7228     2.7236    34.5576    34.5575    27.5569    27.5567     1.4461     1.4931     43.981     45.409     0.7167     0.7204     0.0403    -0.0177     3.1868     0.0842     0.0000 -121.84486   33.81666     100.00          6  0.000e+00
