WCOA/WCOA-6/CTD_Data/RB2102_CTD_058_01.ros
* Sea-Bird SBE 9 Data File:
* FileName = C:\Users\scs.user.rb\CTD\RB2102\Data\RB2102_CTD_058_01.hex
* Software Version Seasave V 7.26.7.107
* Temperature SN = 6202
* Conductivity SN = 4907
* Number of Bytes Per Scan = 41
* Number of Voltage Words = 4
* Number of Scans Averaged by the Deck Unit = 1
* NMEA Latitude = 44 00.00 N
* NMEA Longitude = 124 12.11 W
* NMEA UTC (Time) = Jul 05 2021  13:15:54
* NMEA baud rate = 4800
# nquan = 30
# nvalues = 490                                   
# units = specified
# name 0 = scan: Scan Count
# name 1 = timeS: Time, Elapsed [seconds]
# name 2 = depSM: Depth [salt water, m]
# name 3 = prDM: Pressure, Digiquartz [db]
# name 4 = t090C: Temperature [ITS-90, deg C]
# name 5 = t190C: Temperature, 2 [ITS-90, deg C]
# name 6 = c0mS/cm: Conductivity [mS/cm]
# name 7 = c1mS/cm: Conductivity, 2 [mS/cm]
# name 8 = potemp090C: Potential Temperature [ITS-90, deg C]
# name 9 = potemp190C: Potential Temperature, 2 [ITS-90, deg C]
# name 10 = sal00: Salinity, Practical [PSU]
# name 11 = sal11: Salinity, Practical, 2 [PSU]
# name 12 = sigma-é00: Density [sigma-theta, kg/m^3]
# name 13 = sigma-é11: Density, 2 [sigma-theta, kg/m^3]
# name 14 = sbeox0Mg/L: Oxygen, SBE 43 [mg/l]
# name 15 = sbeox1Mg/L: Oxygen, SBE 43, 2 [mg/l]
# name 16 = sbox0Mm/Kg: Oxygen, SBE 43 [umol/kg]
# name 17 = sbox1Mm/Kg: Oxygen, SBE 43, 2 [umol/kg]
# name 18 = sbeox0V: Oxygen raw, SBE 43 [V]
# name 19 = sbeox1V: Oxygen raw, SBE 43, 2 [V]
# name 20 = v4: Voltage 4
# name 21 = flECO-AFL: Fluorescence, WET Labs ECO-AFL/FL [mg/m^3]
# name 22 = v3: Voltage 3
# name 23 = v6: Voltage 6
# name 24 = v7: Voltage 7
# name 25 = longitude: Longitude [deg]
# name 26 = latitude: Latitude [deg]
# name 27 = altM: Altimeter [m]
# name 28 = nbf: Bottles Fired
# name 29 = flag:  0.000e+00
# interval = seconds: 0.0416667
# start_time = Jul 05 2021 13:15:54 [NMEA time, header]
# bad_flag = -9.990e-29
*END*
[from data line 387]
      32465   1352.667      3.537      3.565    10.5516    10.5124  36.560796  36.538094    10.5512    10.5120    32.9327    32.9454    25.2444    25.2611     7.2186     7.4211    220.030    226.198     2.1575     2.0806     0.1160     1.8749     3.2576     0.1880     0.2650 -124.20252   43.99998      51.48          8  0.000e+00
      32466   1352.708      3.537      3.565    10.5605    10.5116  36.562906  36.538669    10.5601    10.5112    32.9267    32.9466    25.2383    25.2622     7.2227     7.4269    220.156    226.375     2.1587     2.0818     0.1160     1.8749     3.2576     0.1868     0.2662 -124.20252   43.99998      51.43          8  0.000e+00
      32467   1352.750      3.537      3.565    10.5679    10.5135  36.563162  36.539053    10.5675    10.5131    32.9203    32.9454    25.2320    25.2609     7.2218     7.4209    220.130    226.193     2.1587     2.0806     0.1160     1.8749     3.2589     0.1868     0.2650 -124.20252   43.99998      51.40          8  0.000e+00
      32468   1352.792      3.583      3.612    10.5736    10.5143  36.562905  36.539181    10.5732    10.5138    32.9149    32.9448    25.2268    25.2603     7.2212     7.4208    220.112    226.191     2.1587     2.0806     0.1160     1.8749     3.2589     0.1856     0.2662 -124.20252   43.99996      51.40          8  0.000e+00
      32469   1352.833      3.537      3.565    10.5753    10.5149  36.562905  36.540395    10.5749    10.5145    32.9134    32.9454    25.2253    25.2607     7.2209     7.4264    220.105    226.360     2.1587     2.0818     0.1160     1.8749     3.2589     0.1856     0.2662 -124.20252   43.99996      51.40          8  0.000e+00
      32536   1355.625      4.119      4.152    10.5332    10.4683  36.549414  36.533116    10.5328    10.4678    32.9376    32.9801    25.2515    25.2957     7.3275     7.4564    223.347    227.268     2.1819     2.0867     0.1111     1.7528     3.2589     0.2540     0.2344 -124.20252   43.99998      51.67          9  0.000e+00
      32537   1355.667      3.927      3.959    10.5341    10.4699  36.549925  36.534138    10.5336    10.4695    32.9374    32.9797    25.2512    25.2951     7.3271     7.4560    223.337    227.255     2.1819     2.0867     0.1111     1.7528     3.2576     0.2527     0.2357 -124.20252   43.99998      51.67          9  0.000e+00
      32538   1355.708      3.973      4.006    10.5340    10.4703  36.549669  36.533371    10.5335    10.4698    32.9373    32.9786    25.2511    25.2942     7.3325     7.4560    223.500    227.256     2.1832     2.0867     0.1111     1.7528     3.2589     0.2527     0.2357 -124.20252   43.99998      51.67          9  0.000e+00
      32539   1355.750      3.973      4.006    10.5312    10.4698  36.547814  36.533243    10.5307    10.4693    32.9380    32.9789    25.2521    25.2945     7.3329     7.4561    223.513    227.258     2.1832     2.0867     0.1111     1.7528     3.2589     0.2515     0.2357 -124.20252   43.99998      51.67          9  0.000e+00
      32540   1355.792      3.973      4.006    10.5264    10.4703  36.546472  36.533882    10.5259    10.4698    32.9409    32.9791    25.2552    25.2946     7.3336     7.4560    223.532    227.255     2.1832     2.0867     0.1111     1.7528     3.2589     0.2515     0.2357 -124.20252   43.99998      51.67          9  0.000e+00
      32541   1355.833      3.973      4.006    10.5215    10.4708  36.545257  36.534266    10.5211    10.4703    32.9441    32.9790    25.2585    25.2945     7.3342     7.4559    223.551    227.253     2.1832     2.0867     0.1111     1.7528     3.2576     0.2503     0.2369 -124.20252   43.99998      51.67          9  0.000e+00
      32542   1355.875      3.973      4.006    10.5223    10.4722  36.545704  36.534841    10.5219    10.4718    32.9438    32.9783    25.2582    25.2936     7.3394     7.4557    223.709    227.246     2.1844     2.0867     0.1111     1.7528     3.2589     0.2491     0.2369 -124.20252   43.99998      51.67          9  0.000e+00
      32543   1355.917      3.927      3.959    10.5254    10.4741  36.546599  36.535479    10.5249    10.4736    32.9420    32.9773    25.2562    25.2925     7.3389     7.4554    223.695    227.237     2.1844     2.0867     0.1111     1.7528     3.2589     0.2491     0.2369 -124.20252   43.99998      51.70          9  0.000e+00
      32544   1355.958      3.940      3.972    10.5285    10.4752  36.547175  36.536119    10.5281    10.4747    32.9397    32.9769    25.2539    25.2921     7.3438     7.4552    223.844    227.232     2.1856     2.0867     0.1111     1.7528     3.2589     0.2479     0.2381 -124.20252   43.99998      51.75          9  0.000e+00
      32545   1356.000      3.874      3.906    10.5319    10.4757  36.548006  36.536054    10.5315    10.4753    32.9375    32.9764    25.2516    25.2916     7.3433     7.4493    223.829    227.052     2.1856     2.0855     0.1111     1.7528     3.2589     0.2466     0.2381 -124.20252   43.99998      51.75          9  0.000e+00
      32546   1356.042      3.973      4.006    10.5351    10.4764  36.549093  36.536182    10.5346    10.4759    32.9357    32.9759    25.2496    25.2911     7.3429     7.4493    223.819    227.053     2.1856     2.0855     0.1099     1.7223     3.2589     0.2454     0.2393 -124.20252   43.99998      51.75          9  0.000e+00
      32547   1356.083      3.874      3.906    10.5364    10.4782  36.550180  36.536310    10.5360    10.4778    32.9356    32.9744    25.2494    25.2896     7.3426     7.4547    223.809    227.218     2.1856     2.0867     0.1111     1.7528     3.2589     0.2442     0.2393 -124.20252   43.99998      51.75          9  0.000e+00
      32548   1356.125      3.874      3.906    10.5370    10.4784  36.550244  36.536310    10.5366    10.4779    32.9351    32.9742    25.2489    25.2895     7.3426     7.4490    223.807    227.042     2.1856     2.0855     0.1111     1.7528     3.2589     0.2418     0.2393 -124.20252   43.99998      51.75          9  0.000e+00
      32549   1356.167      3.874      3.906    10.5362    10.4789  36.550884  36.536501    10.5358    10.4784    32.9365    32.9740    25.2501    25.2892     7.3426     7.4489    223.809    227.040     2.1856     2.0855     0.1111     1.7528     3.2576     0.2405     0.2405 -124.20252   43.99998      51.77          9  0.000e+00
      32550   1356.208      3.828      3.859    10.5360    10.4785  36.551267  36.537076    10.5356    10.4780    32.9371    32.9750    25.2505    25.2900     7.3426     7.4489    223.808    227.039     2.1856     2.0855     0.1111     1.7528     3.2589     0.2393     0.2418 -124.20252   43.99998      51.79          9  0.000e+00
      32551   1356.250      3.828      3.859    10.5395    10.4774  36.552163  36.537013    10.5391    10.4770    32.9348    32.9759    25.2482    25.2909     7.3421     7.4490    223.794    227.043     2.1856     2.0855     0.1111     1.7528     3.2589     0.2369     0.2430 -124.20252   43.99998      51.79          9  0.000e+00
      32552   1356.292      3.828      3.859    10.5417    10.4777  36.552674  36.537907    10.5412    10.4773    32.9334    32.9765    25.2467    25.2913     7.3418     7.4489    223.785    227.040     2.1856     2.0855     0.1111     1.7528     3.2589     0.2357     0.2430 -124.20252   43.99998      51.79          9  0.000e+00
      32553   1356.333      3.828      3.859    10.5428    10.4784  36.552674  36.537716    10.5424    10.4779    32.9324    32.9757    25.2457    25.2906     7.3417     7.4489    223.781    227.038     2.1856     2.0855     0.1111     1.7528     3.2576     0.2344     0.2442 -124.20252   43.99998      51.79          9  0.000e+00
      32554   1356.375      3.782      3.812    10.5423    10.4761  36.552290  36.535862    10.5419    10.4756    32.9325    32.9759    25.2459    25.2912     7.3417     7.4492    223.782    227.049     2.1856     2.0855     0.1111     1.7528     3.2589     0.2320     0.2442 -124.20252   43.99998      51.79          9  0.000e+00
      32555   1356.417      3.782      3.812    10.5415    10.4711  36.551586  36.533818    10.5410    10.4707    32.9325    32.9784    25.2460    25.2939     7.3419     7.4500    223.786    227.071     2.1856     2.0855     0.1111     1.7528     3.2589     0.2295     0.2454 -124.20252   43.99998      51.87          9  0.000e+00
      32556   1356.458      3.748      3.779    10.5402    10.4665  36.551331  36.532156    10.5397    10.4661    32.9334    32.9809    25.2470    25.2967     7.3420     7.4449    223.791    226.915     2.1856     2.0842     0.1111     1.7528     3.2589     0.2283     0.2466 -124.20252   43.99998      51.94          9  0.000e+00
      32557   1356.500      3.782      3.812    10.5385    10.4593  36.550435  36.530048    10.5381    10.4588    32.9340    32.9853    25.2477    25.3014     7.3423     7.4517    223.799    227.122     2.1856     2.0855     0.1111     1.7528     3.2589     0.2259     0.2466 -124.20252   43.99998      51.97          9  0.000e+00
      32558   1356.542      3.729      3.759    10.5370    10.4574  36.549924  36.529537    10.5366    10.4569    32.9349    32.9865    25.2487    25.3026     7.3372     7.4462    223.642    226.954     2.1844     2.0842     0.1111     1.7528     3.2589     0.2234     0.2466 -124.20252   43.99998      51.97          9  0.000e+00
      32559   1356.583      3.729      3.759    10.5359    10.4559  36.549732  36.528514    10.5355    10.4555    32.9357    32.9868    25.2495    25.3031     7.3373     7.4464    223.647    226.961     2.1844     2.0842     0.1111     1.7528     3.2589     0.2210     0.2479 -124.20252   43.99998      51.94          9  0.000e+00
      32560   1356.625      3.729      3.759    10.5359    10.4537  36.549348  36.527237    10.5355    10.4533    32.9353    32.9875    25.2492    25.3040     7.3373     7.4410    223.647    226.796     2.1844     2.0830     0.1111     1.7528     3.2589     0.2198     0.2479 -124.20252   43.99998      51.94          9  0.000e+00
      32561   1356.667      3.729      3.759    10.5359    10.4572  36.549668  36.528131    10.5355    10.4568    32.9356    32.9852    25.2494    25.3017     7.3373     7.4463    223.647    226.956     2.1844     2.0842     0.1111     1.7528     3.2589     0.2173     0.2479 -124.20252   43.99998      51.97          9  0.000e+00
      32562   1356.708      3.682      3.712    10.5357    10.4622  36.549732  36.529984    10.5353    10.4617    32.9359    32.9827    25.2497    25.2988     7.3373     7.4397    223.646    226.758     2.1844     2.0830     0.1111     1.7528     3.2589     0.2161     0.2479 -124.20252   43.99998      51.97          9  0.000e+00
      32563   1356.750      3.682      3.712    10.5353    10.4625  36.549540  36.530942    10.5348    10.4621    32.9361    32.9833    25.2499    25.2992     7.3373     7.4396    223.648    226.755     2.1844     2.0830     0.1111     1.7528     3.2576     0.2137     0.2479 -124.20252   43.99998      51.97          9  0.000e+00
      32564   1356.792      3.682      3.712    10.5344    10.4623  36.549540  36.531581    10.5340    10.4619    32.9369    32.9841    25.2507    25.2999     7.3322     7.4396    223.490    226.755     2.1832     2.0830     0.1111     1.7528     3.2576     0.2112     0.2491 -124.20252   43.99996      51.97          9  0.000e+00
      32565   1356.833      3.682      3.712    10.5335    10.4635  36.549540  36.531773    10.5330    10.4631    32.9377    32.9833    25.2515    25.2990     7.3323     7.4395    223.494    226.750     2.1832     2.0830     0.1111     1.7528     3.2576     0.2100     0.2491 -124.20252   43.99996      51.97          9  0.000e+00
      32566   1356.875      3.629      3.659    10.5334    10.4658  36.549412  36.532220    10.5330    10.4654    32.9377    32.9816    25.2515    25.2974     7.3322     7.4333    223.492    226.563     2.1832     2.0818     0.1111     1.7528     3.2576     0.2088     0.2503 -124.20252   43.99996      51.97          9  0.000e+00
      32567   1356.917      3.629      3.659    10.5328    10.4653  36.549476  36.532412    10.5324    10.4649    32.9383    32.9822    25.2521    25.2979     7.3323     7.4334    223.495    226.565     2.1832     2.0818     0.1111     1.7528     3.2576     0.2063     0.2515 -124.20252   43.99996      51.97          9  0.000e+00
      32568   1356.958      3.682      3.712    10.5317    10.4648  36.549732  36.532859    10.5312    10.4644    32.9396    32.9831    25.2532    25.2987     7.3325     7.4335    223.500    226.568     2.1832     2.0818     0.1111     1.7528     3.2576     0.2051     0.2515 -124.20252   43.99996      51.97          9  0.000e+00
      32569   1357.000      3.649      3.679    10.5323    10.4665  36.549988  36.533051    10.5319    10.4661    32.9393    32.9818    25.2529    25.2974     7.3324     7.4332    223.496    226.560     2.1832     2.0818     0.1111     1.7528     3.2576     0.2027     0.2527 -124.20252   43.99996      51.99          9  0.000e+00
      32570   1357.042      3.629      3.659    10.5328    10.4688  36.549668  36.533498    10.5324    10.4684    32.9385    32.9802    25.2522    25.2957     7.3270     7.4271    223.333    226.375     2.1819     2.0806     0.1111     1.7528     3.2589     0.2015     0.2527 -124.20252   43.99996      51.99          9  0.000e+00
      32571   1357.083      3.629      3.659    10.5323    10.4703  36.549540  36.534201    10.5319    10.4698    32.9388    32.9796    25.2526    25.2950     7.3271     7.4269    223.335    226.368     2.1819     2.0806     0.1111     1.7528     3.2576     0.2002     0.2540 -124.20252   43.99996      51.97          9  0.000e+00
      32572   1357.125      3.629      3.659    10.5317    10.4711  36.548964  36.534137    10.5312    10.4707    32.9388    32.9788    25.2527    25.2942     7.3272     7.4268    223.339    226.365     2.1819     2.0806     0.1111     1.7528     3.2576     0.1990     0.2540 -124.20252   43.99996      51.99          9  0.000e+00
      32573   1357.167      3.629      3.659    10.5305    10.4718  36.548389  36.535031    10.5301    10.4714    32.9393    32.9790    25.2532    25.2943     7.3274     7.4267    223.344    226.361     2.1819     2.0806     0.1111     1.7528     3.2576     0.1978     0.2552 -124.20252   43.99996      51.97          9  0.000e+00
      32574   1357.208      3.629      3.659    10.5292    10.4739  36.548709  36.535095    10.5288    10.4734    32.9408    32.9772    25.2546    25.2925     7.3222     7.4264    223.187    226.353     2.1807     2.0806     0.1099     1.7223     3.2576     0.1978     0.2564 -124.20252   43.99996      51.94          9  0.000e+00
      32575   1357.250      3.629      3.659    10.5288    10.4752  36.548517  36.535478    10.5284    10.4748    32.9410    32.9764    25.2548    25.2916     7.3223     7.4262    223.189    226.347     2.1807     2.0806     0.1111     1.7528     3.2589     0.1966     0.2564 -124.20252   43.99996      51.92          9  0.000e+00
      32576   1357.292      3.629      3.659    10.5292    10.4784  36.548773  36.536373    10.5288    10.4779    32.9408    32.9744    25.2547    25.2896     7.3222     7.4200    223.187    226.158     2.1807     2.0794     0.1111     1.7528     3.2589     0.1978     0.2564 -124.20252   43.99996      51.94          9  0.000e+00
      32577   1357.333      3.629      3.659    10.5303    10.4809  36.549348  36.536628    10.5299    10.4804    32.9404    32.9724    25.2541    25.2876     7.3221     7.4196    223.182    226.148     2.1807     2.0794     0.1111     1.7528     3.2589     0.1978     0.2564 -124.20252   43.99996      51.94          9  0.000e+00
      32578   1357.375      3.629      3.659    10.5310    10.4820  36.549732  36.536628    10.5305    10.4816    32.9402    32.9714    25.2539    25.2866     7.3220     7.4195    223.179    226.144     2.1807     2.0794     0.1111     1.7528     3.2589     0.1978     0.2564 -124.20252   43.99996      51.94          9  0.000e+00
