WCOA/WCOA-6/CTD_Data/RB2102_CTD_026_01.ros
* Sea-Bird SBE 9 Data File:
* FileName = C:\Users\scs.user.rb\CTD\RB2102\Data\RB2102_CTD_026_01.hex
* Software Version Seasave V 7.26.7.107
* Temperature SN = 6202
* Conductivity SN = 4907
* Number of Bytes Per Scan = 41
* Number of Voltage Words = 4
* Number of Scans Averaged by the Deck Unit = 1
* NMEA Latitude = 46 07.79 N
* NMEA Longitude = 124 54.65 W
* NMEA UTC (Time) = Jun 30 2021  09:37:12
* NMEA baud rate = 4800
# nquan = 30
# nvalues = 1176                                  
# units = specified
# name 0 = scan: Scan Count
# name 1 = timeS: Time, Elapsed [seconds]
# name 2 = depSM: Depth [salt water, m]
# name 3 = prDM: Pressure, Digiquartz [db]
# name 4 = t090C: Temperature [ITS-90, deg C]
# name 5 = t190C: Temperature, 2 [ITS-90, deg C]
# name 6 = c0mS/cm: Conductivity [mS/cm]
# name 7 = c1mS/cm: Conductivity, 2 [mS/cm]
# name 8 = potemp090C: Potential Temperature [ITS-90, deg C]
# name 9 = potemp190C: Potential Temperature, 2 [ITS-90, deg C]
# name 10 = sal00: Salinity, Practical [PSU]
# name 11 = sal11: Salinity, Practical, 2 [PSU]
# name 12 = sigma-é00: Density [sigma-theta, kg/m^3]
# name 13 = sigma-é11: Density, 2 [sigma-theta, kg/m^3]
# name 14 = sbeox0Mg/L: Oxygen, SBE 43 [mg/l]
# name 15 = sbeox1Mg/L: Oxygen, SBE 43, 2 [mg/l]
# name 16 = sbox0Mm/Kg: Oxygen, SBE 43 [umol/kg]
# name 17 = sbox1Mm/Kg: Oxygen, SBE 43, 2 [umol/kg]
# name 18 = sbeox0V: Oxygen raw, SBE 43 [V]
# name 19 = sbeox1V: Oxygen raw, SBE 43, 2 [V]
# name 20 = v4: Voltage 4
# name 21 = flECO-AFL: Fluorescence, WET Labs ECO-AFL/FL [mg/m^3]
# name 22 = v3: Voltage 3
# name 23 = v6: Voltage 6
# name 24 = v7: Voltage 7
# name 25 = longitude: Longitude [deg]
# name 26 = latitude: Latitude [deg]
# name 27 = altM: Altimeter [m]
# name 28 = nbf: Bottles Fired
# name 29 = flag:  0.000e+00
# interval = seconds: 0.0416667
# start_time = Jun 30 2021 09:37:12 [NMEA time, header]
# bad_flag = -9.990e-29
*END*
[from data line 532]
     109793   4574.667    100.957    101.819     8.0538     8.0555  34.500805  34.500912     8.0438     8.0455    33.0681    33.0666    25.7504    25.7490     6.7553     6.6350    205.806    202.142     1.9451     1.8168     0.0415     0.0129     3.1136     1.3492     0.0000 -124.90642   46.12922      99.32         11  0.000e+00
     109794   4574.708    101.050    101.913     8.0537     8.0548  34.500743  34.500599     8.0437     8.0448    33.0681    33.0669    25.7504    25.7493     6.7610     6.6352    205.981    202.147     1.9463     1.8168     0.0427     0.0434     3.1123     1.3480     0.0000 -124.90642   46.12922      99.32         11  0.000e+00
     109795   4574.750    101.050    101.913     8.0538     8.0543  34.500743  34.500599     8.0438     8.0443    33.0680    33.0673    25.7503    25.7497     6.7610     6.6352    205.981    202.149     1.9463     1.8168     0.0427     0.0434     3.1123     1.3492     0.0000 -124.90642   46.12922      99.32         11  0.000e+00
     109796   4574.792    100.997    101.859     8.0537     8.0535  34.501181  34.500224     8.0437     8.0435    33.0686    33.0677    25.7508    25.7502     6.7610     6.6353    205.979    202.151     1.9463     1.8168     0.0427     0.0434     3.1123     1.3480     0.0000 -124.90642   46.12922      99.32         11  0.000e+00
     109797   4574.833    101.103    101.966     8.0538     8.0534  34.501119  34.500225     8.0438     8.0434    33.0683    33.0678    25.7506    25.7503     6.7554     6.6354    205.809    202.154     1.9451     1.8168     0.0415     0.0129     3.1123     1.3492     0.0000 -124.90642   46.12922      99.32         11  0.000e+00
     109798   4574.875    101.050    101.913     8.0537     8.0534  34.501244  34.500100     8.0437     8.0434    33.0686    33.0677    25.7508    25.7502     6.7610     6.6354    205.981    202.153     1.9463     1.8168     0.0427     0.0434     3.1123     1.3480     0.0000 -124.90642   46.12922      99.32         11  0.000e+00
     109799   4574.917    101.050    101.913     8.0535     8.0538  34.501556  34.500475     8.0435     8.0438    33.0691    33.0677    25.7512    25.7501     6.7610     6.6353    205.981    202.151     1.9463     1.8168     0.0427     0.0434     3.1136     1.3492     0.0000 -124.90642   46.12922      99.32         11  0.000e+00
     114004   4750.125     80.429     81.111     8.5042     8.5045  34.596356  34.611344     8.4960     8.4963    32.7572    32.7726    25.4395    25.4515     7.4116     7.3800    225.870    224.905     2.1050     1.9817     0.0464     0.1350     3.1136     1.2650     0.0000 -124.90632   46.12918      99.29         12  0.000e+00
     114005   4750.167     80.429     81.111     8.5042     8.5046  34.596105  34.610406     8.4960     8.4964    32.7570    32.7716    25.4393    25.4507     7.4004     7.3862    225.529    225.092     2.1026     1.9829     0.0464     0.1350     3.1136     1.2650     0.0000 -124.90632   46.12918      99.29         12  0.000e+00
     114006   4750.208     80.475     81.158     8.5042     8.5044  34.598422  34.606089     8.4960     8.4962    32.7594    32.7672    25.4412    25.4473     7.4059     7.3803    225.697    224.916     2.1038     1.9817     0.0452     0.1044     3.1136     1.2650     0.0000 -124.90632   46.12918      99.32         12  0.000e+00
     114007   4750.250     80.429     81.111     8.5044     8.5044  34.603806  34.601334     8.4962     8.4962    32.7649    32.7623    25.4455    25.4434     7.4056     7.3805    225.686    224.922     2.1038     1.9817     0.0464     0.1350     3.1136     1.2650     0.0000 -124.90632   46.12918      99.32         12  0.000e+00
     114008   4750.292     80.475     81.158     8.5043     8.5042  34.609879  34.600208     8.4961     8.4960    32.7713    32.7612    25.4505    25.4426     7.4109     7.3807    225.847    224.926     2.1050     1.9817     0.0452     0.1044     3.1136     1.2650     0.0000 -124.90632   46.12918      99.32         12  0.000e+00
     114009   4750.333     80.475     81.158     8.5045     8.5043  34.614200  34.600646     8.4963     8.4962    32.7757    32.7615    25.4539    25.4428     7.4107     7.3806    225.839    224.925     2.1050     1.9817     0.0464     0.1350     3.1136     1.2650     0.0000 -124.90632   46.12918      99.32         12  0.000e+00
     114010   4750.375     80.429     81.111     8.5046     8.5041  34.616829  34.600333     8.4965     8.4959    32.7783    32.7615    25.4559    25.4429     7.4105     7.3806    225.833    224.925     2.1050     1.9817     0.0452     0.1044     3.1136     1.2650     0.0000 -124.90632   46.12918      99.32         12  0.000e+00
     114011   4750.417     80.528     81.212     8.5046     8.5042  34.616579  34.598957     8.4964     8.4960    32.7780    32.7599    25.4557    25.4416     7.4106     7.3808    225.836    224.930     2.1050     1.9817     0.0452     0.1044     3.1148     1.2650     0.0000 -124.90632   46.12918      99.32         12  0.000e+00
     114012   4750.458     80.475     81.158     8.5046     8.5042  34.611632  34.597205     8.4964     8.4960    32.7728    32.7581    25.4516    25.4402     7.4108     7.3808    225.843    224.932     2.1050     1.9817     0.0464     0.1350     3.1136     1.2650     0.0000 -124.90632   46.12918      99.32         12  0.000e+00
     114013   4750.500     80.475     81.158     8.5044     8.5042  34.605935  34.596079     8.4962     8.4960    32.7671    32.7569    25.4472    25.4392     7.4111     7.3809    225.854    224.934     2.1050     1.9817     0.0464     0.1350     3.1136     1.2650     0.0000 -124.90632   46.12918      99.32         12  0.000e+00
     114014   4750.542     80.528     81.212     8.5043     8.5041  34.601177  34.595141     8.4961     8.4959    32.7621    32.7560    25.4433    25.4385     7.4170     7.3810    226.034    224.937     2.1062     1.9817     0.0464     0.1350     3.1136     1.2650     0.0000 -124.90632   46.12918      99.32         12  0.000e+00
     114015   4750.583     80.475     81.158     8.5044     8.5039  34.596419  34.594202     8.4962     8.4957    32.7571    32.7552    25.4394    25.4380     7.4172     7.3810    226.041    224.938     2.1062     1.9817     0.0452     0.1044     3.1136     1.2650     0.0000 -124.90632   46.12918      99.32         12  0.000e+00
     114016   4750.625     80.515     81.198     8.5040     8.5040  34.592600  34.593264     8.4958     8.4958    32.7534    32.7541    25.4365    25.4370     7.4175     7.3811    226.050    224.940     2.1062     1.9817     0.0464     0.1350     3.1123     1.2650     0.0000 -124.90632   46.12918      99.32         12  0.000e+00
     114017   4750.667     80.475     81.158     8.5040     8.5042  34.590847  34.593264     8.4958     8.4960    32.7515    32.7539    25.4350    25.4369     7.4231     7.3810    226.222    224.938     2.1074     1.9817     0.0464     0.1350     3.1148     1.2650     0.0000 -124.90632   46.12918      99.32         12  0.000e+00
     114018   4750.708     80.528     81.212     8.5038     8.5041  34.590534  34.592889     8.4957     8.4959    32.7514    32.7536    25.4349    25.4367     7.4232     7.3811    226.225    224.941     2.1074     1.9817     0.0464     0.1350     3.1136     1.2650     0.0000 -124.90632   46.12918      99.32         12  0.000e+00
     114019   4750.750     80.528     81.212     8.5037     8.5042  34.590096  34.592514     8.4955     8.4960    32.7511    32.7532    25.4347    25.4363     7.4233     7.3811    226.226    224.941     2.1074     1.9817     0.0452     0.1044     3.1148     1.2650     0.0000 -124.90632   46.12918      99.32         12  0.000e+00
     114020   4750.792     80.528     81.212     8.5038     8.5042  34.589971  34.592639     8.4957     8.4960    32.7508    32.7532    25.4345    25.4364     7.4232     7.3750    226.226    224.755     2.1074     1.9805     0.0452     0.1044     3.1148     1.2650     0.0000 -124.90632   46.12918      99.32         12  0.000e+00
     114021   4750.833     80.528     81.212     8.5035     8.5044  34.589908  34.592951     8.4953     8.4962    32.7510    32.7534    25.4347    25.4364     7.4233     7.3811    226.227    224.940     2.1074     1.9817     0.0464     0.1350     3.1136     1.2650     0.0000 -124.90632   46.12918      99.32         12  0.000e+00
     114022   4750.875     80.575     81.258     8.5037     8.5039  34.590660  34.592326     8.4955     8.4957    32.7516    32.7532    25.4351    25.4364     7.4233     7.3812    226.226    224.944     2.1074     1.9817     0.0464     0.1350     3.1136     1.2650     0.0000 -124.90632   46.12918      99.29         12  0.000e+00
     114023   4750.917     80.528     81.212     8.5037     8.5042  34.590910  34.591137     8.4955     8.4960    32.7519    32.7517    25.4354    25.4352     7.4232     7.3812    226.225    224.944     2.1074     1.9817     0.0464     0.1350     3.1148     1.2650     0.0000 -124.90632   46.12918      99.32         12  0.000e+00
     114024   4750.958     80.528     81.212     8.5033     8.5039  34.590159  34.590637     8.4951     8.4957    32.7514    32.7514    25.4351    25.4350     7.4289     7.3813    226.398    224.946     2.1087     1.9817     0.0464     0.1350     3.1136     1.2650     0.0000 -124.90632   46.12918      99.32         12  0.000e+00
     114025   4751.000     80.575     81.259     8.5037     8.5039  34.589658  34.590387     8.4955     8.4957    32.7505    32.7512    25.4343    25.4348     7.4289     7.3813    226.399    224.948     2.1087     1.9817     0.0464     0.1350     3.1136     1.2650     0.0000 -124.90632   46.12918      99.32         12  0.000e+00
     114026   4751.042     80.528     81.212     8.5034     8.5040  34.589595  34.590700     8.4952     8.4958    32.7508    32.7514    25.4346    25.4349     7.4289     7.3812    226.399    224.945     2.1087     1.9817     0.0464     0.1350     3.1136     1.2650     0.0000 -124.90632   46.12918      99.32         12  0.000e+00
     114027   4751.083     80.575     81.259     8.5035     8.5041  34.589658  34.591325     8.4953     8.4959    32.7507    32.7520    25.4345    25.4354     7.4289     7.3812    226.399    224.945     2.1087     1.9817     0.0452     0.1044     3.1136     1.2650     0.0000 -124.90632   46.12918      99.32         12  0.000e+00
     114028   4751.125     80.528     81.212     8.5037     8.5041  34.589595  34.591513     8.4955     8.4959    32.7505    32.7522    25.4343    25.4356     7.4345     7.3751    226.568    224.758     2.1099     1.9805     0.0464     0.1350     3.1123     1.2650     0.0000 -124.90632   46.12918      99.32         12  0.000e+00
     114029   4751.167     80.575     81.259     8.5033     8.5041  34.589595  34.591200     8.4951     8.4959    32.7508    32.7518    25.4346    25.4353     7.4290     7.3812    226.400    224.945     2.1087     1.9817     0.0452     0.1044     3.1148     1.2650     0.0000 -124.90632   46.12918      99.32         12  0.000e+00
     114030   4751.208     80.528     81.212     8.5035     8.5042  34.589407  34.591137     8.4953     8.4960    32.7505    32.7517    25.4343    25.4352     7.4345     7.3751    226.569    224.758     2.1099     1.9805     0.0452     0.1044     3.1136     1.2650     0.0000 -124.90632   46.12918      99.32         12  0.000e+00
     114031   4751.250     80.528     81.212     8.5035     8.5041  34.589094  34.591200     8.4953     8.4959    32.7501    32.7519    25.4340    25.4353     7.4345     7.3751    226.569    224.758     2.1099     1.9805     0.0464     0.1350     3.1136     1.2650     0.0000 -124.90632   46.12918      99.32         12  0.000e+00
     114032   4751.292     80.575     81.259     8.5035     8.5041  34.589032  34.590950     8.4953     8.4959    32.7501    32.7516    25.4340    25.4351     7.4346     7.3813    226.571    224.946     2.1099     1.9817     0.0452     0.1044     3.1148     1.2650     0.0000 -124.90632   46.12918      99.32         12  0.000e+00
     114033   4751.333     80.528     81.212     8.5035     8.5040  34.588781  34.591075     8.4953     8.4958    32.7498    32.7518    25.4338    25.4352     7.4345     7.3812    226.570    224.944     2.1099     1.9817     0.0464     0.1350     3.1148     1.2650     0.0000 -124.90632   46.12918      99.32         12  0.000e+00
     114034   4751.375     80.575     81.259     8.5033     8.5039  34.589157  34.590762     8.4951     8.4957    32.7504    32.7516    25.4342    25.4351     7.4402     7.3752    226.742    224.761     2.1111     1.9805     0.0464     0.1350     3.1148     1.2650     0.0000 -124.90632   46.12918      99.32         12  0.000e+00
     114035   4751.417     80.528     81.212     8.5034     8.5039  34.589094  34.591012     8.4952     8.4957    32.7503    32.7518    25.4342    25.4353     7.4401     7.3812    226.740    224.945     2.1111     1.9817     0.0452     0.1044     3.1148     1.2650     0.0000 -124.90632   46.12918      99.32         12  0.000e+00
     114036   4751.458     80.528     81.212     8.5035     8.5041  34.589220  34.590512     8.4953     8.4959    32.7503    32.7511    25.4341    25.4347     7.4457     7.3812    226.910    224.945     2.1123     1.9817     0.0464     0.1350     3.1136     1.2650     0.0000 -124.90632   46.12918      99.32         12  0.000e+00
     114037   4751.500     80.575     81.259     8.5035     8.5040  34.589345  34.590512     8.4953     8.4958    32.7504    32.7512    25.4342    25.4348     7.4457     7.3813    226.911    224.947     2.1123     1.9817     0.0452     0.1044     3.1136     1.2650     0.0000 -124.90632   46.12918      99.32         12  0.000e+00
     114038   4751.542     80.475     81.158     8.5034     8.5039  34.589345  34.591012     8.4952     8.4957    32.7506    32.7519    25.4344    25.4353     7.4457     7.3751    226.909    224.758     2.1123     1.9805     0.0464     0.1350     3.1136     1.2650     0.0000 -124.90632   46.12918      99.32         12  0.000e+00
     114039   4751.583     80.562     81.245     8.5035     8.5041  34.589533  34.590950     8.4953     8.4959    32.7506    32.7516    25.4344    25.4351     7.4457     7.3751    226.910    224.760     2.1123     1.9805     0.0452     0.1044     3.1136     1.2650     0.0000 -124.90632   46.12918      99.32         12  0.000e+00
     114040   4751.625     80.528     81.212     8.5035     8.5040  34.589846  34.591075     8.4953     8.4958    32.7509    32.7518    25.4347    25.4352     7.4513     7.3751    227.079    224.759     2.1136     1.9805     0.0452     0.1044     3.1148     1.2662     0.0000 -124.90632   46.12918      99.32         12  0.000e+00
     114041   4751.667     80.528     81.212     8.5032     8.5039  34.589908  34.591638     8.4950     8.4957    32.7513    32.7525    25.4350    25.4358     7.4513     7.3812    227.081    224.944     2.1136     1.9817     0.0464     0.1350     3.1123     1.2650     0.0000 -124.90632   46.12918      99.32         12  0.000e+00
     114042   4751.708     80.528     81.212     8.5035     8.5041  34.590659  34.592013     8.4953     8.4959    32.7518    32.7527    25.4353    25.4360     7.4512     7.3812    227.078    224.943     2.1136     1.9817     0.0452     0.1044     3.1148     1.2662     0.0000 -124.90632   46.12918      99.32         12  0.000e+00
     114043   4751.750     80.475     81.158     8.5035     8.5042  34.590847  34.591888     8.4953     8.4960    32.7520    32.7525    25.4355    25.4358     7.4512     7.3811    227.076    224.941     2.1136     1.9817     0.0464     0.1350     3.1136     1.2650     0.0000 -124.90632   46.12918      99.32         12  0.000e+00
     114044   4751.792     80.528     81.212     8.5034     8.5040  34.591035  34.592013     8.4952     8.4958    32.7523    32.7528    25.4358    25.4360     7.4568     7.3812    227.248    224.943     2.1148     1.9817     0.0452     0.1044     3.1148     1.2650     0.0000 -124.90632   46.12918      99.32         12  0.000e+00
