WCOA/WCOA-6/CTD_Data/RB2102_CTD_085_01.ros
* Sea-Bird SBE 9 Data File:
* FileName = C:\Users\scs.user.rb\CTD\RB2102\Data\RB2102_CTD_085_01.hex
* Software Version Seasave V 7.26.7.107
* Temperature SN = 6202
* Conductivity SN = 4907
* Number of Bytes Per Scan = 41
* Number of Voltage Words = 4
* Number of Scans Averaged by the Deck Unit = 1
* NMEA Latitude = 37 40.03 N
* NMEA Longitude = 123 29.05 W
* NMEA UTC (Time) = Jul 11 2021  14:38:57
* NMEA baud rate = 4800
# nquan = 30
# nvalues = 1176                                  
# units = specified
# name 0 = scan: Scan Count
# name 1 = timeS: Time, Elapsed [seconds]
# name 2 = depSM: Depth [salt water, m]
# name 3 = prDM: Pressure, Digiquartz [db]
# name 4 = t090C: Temperature [ITS-90, deg C]
# name 5 = t190C: Temperature, 2 [ITS-90, deg C]
# name 6 = c0mS/cm: Conductivity [mS/cm]
# name 7 = c1mS/cm: Conductivity, 2 [mS/cm]
# name 8 = potemp090C: Potential Temperature [ITS-90, deg C]
# name 9 = potemp190C: Potential Temperature, 2 [ITS-90, deg C]
# name 10 = sal00: Salinity, Practical [PSU]
# name 11 = sal11: Salinity, Practical, 2 [PSU]
# name 12 = sigma-é00: Density [sigma-theta, kg/m^3]
# name 13 = sigma-é11: Density, 2 [sigma-theta, kg/m^3]
# name 14 = sbeox0Mg/L: Oxygen, SBE 43 [mg/l]
# name 15 = sbeox1Mg/L: Oxygen, SBE 43, 2 [mg/l]
# name 16 = sbox0Mm/Kg: Oxygen, SBE 43 [umol/kg]
# name 17 = sbox1Mm/Kg: Oxygen, SBE 43, 2 [umol/kg]
# name 18 = sbeox0V: Oxygen raw, SBE 43 [V]
# name 19 = sbeox1V: Oxygen raw, SBE 43, 2 [V]
# name 20 = v4: Voltage 4
# name 21 = flECO-AFL: Fluorescence, WET Labs ECO-AFL/FL [mg/m^3]
# name 22 = v3: Voltage 3
# name 23 = v6: Voltage 6
# name 24 = v7: Voltage 7
# name 25 = longitude: Longitude [deg]
# name 26 = latitude: Latitude [deg]
# name 27 = altM: Altimeter [m]
# name 28 = nbf: Bottles Fired
# name 29 = flag:  0.000e+00
# interval = seconds: 0.0416667
# start_time = Jul 11 2021 14:38:57 [NMEA time, header]
# bad_flag = -9.990e-29
*END*
[from data line 581]
     199080   8294.958    149.220    150.396     9.2262     9.2268  36.487988  36.489301     9.2098     9.2105    34.0228    34.0235    26.3193    26.3198     2.9012     2.9940     88.340     91.164     1.1306     1.1136     0.0403    -0.0177     3.2527     0.0000     0.0000 -123.48776   37.66584      99.78         12  0.000e+00
     199081   8295.000    149.207    150.382     9.2262     9.2270  36.487796  36.489301     9.2098     9.2107    34.0226    34.0233    26.3192    26.3196     2.9012     2.9940     88.340     91.163     1.1306     1.1136     0.0403    -0.0177     3.2527     0.0000     0.0000 -123.48776   37.66584      99.76         12  0.000e+00
     199082   8295.042    149.174    150.349     9.2262     9.2268  36.487413  36.489940     9.2098     9.2105    34.0222    34.0242    26.3189    26.3203     2.9012     2.9939     88.340     91.162     1.1306     1.1136     0.0403    -0.0177     3.2527     0.0000     0.0000 -123.48776   37.66584      99.78         12  0.000e+00
     199083   8295.083    149.220    150.396     9.2262     9.2270  36.487349  36.489429     9.2098     9.2107    34.0221    34.0234    26.3188    26.3197     2.9012     2.9940     88.340     91.163     1.1306     1.1136     0.0403    -0.0177     3.2527     0.0000     0.0000 -123.48776   37.66584      99.78         12  0.000e+00
     199084   8295.125    149.207    150.382     9.2262     9.2268  36.487540  36.489429     9.2098     9.2105    34.0223    34.0236    26.3190    26.3199     2.9012     2.9940     88.340     91.163     1.1306     1.1136     0.0403    -0.0177     3.2540     0.0000     0.0000 -123.48776   37.66584      99.76         12  0.000e+00
     199085   8295.167    149.220    150.396     9.2262     9.2268  36.487413  36.489365     9.2098     9.2105    34.0222    34.0236    26.3189    26.3199     2.9012     2.9940     88.340     91.163     1.1306     1.1136     0.0403    -0.0177     3.2527     0.0000     0.0000 -123.48776   37.66584      99.76         12  0.000e+00
     199086   8295.208    149.207    150.382     9.2262     9.2268  36.487349  36.489237     9.2098     9.2105    34.0221    34.0234    26.3188    26.3197     2.9012     2.9940     88.340     91.163     1.1306     1.1136     0.0403    -0.0177     3.2527     0.0000     0.0000 -123.48776   37.66584      99.78         12  0.000e+00
     201564   8398.458    122.845    123.805     9.5284     9.5461  36.721609  36.735961     9.5147     9.5324    33.9894    33.9874    26.2437    26.2392     3.1878     3.2819     97.071     99.940     1.2015     1.1795     0.0403    -0.0177     3.2515     0.0000     0.0000 -123.48790   37.66576      99.73         13  0.000e+00
     201565   8398.500    122.792    123.751     9.5299     9.5464  36.723788  36.736281     9.5162     9.5327    33.9903    33.9875    26.2441    26.2393     3.1876     3.2819     97.067     99.938     1.2015     1.1795     0.0403    -0.0177     3.2527     0.0000     0.0000 -123.48790   37.66576      99.73         13  0.000e+00
     201566   8398.542    122.745    123.704     9.5323     9.5468  36.726159  36.736537     9.5186     9.5331    33.9905    33.9874    26.2439    26.2391     3.1874     3.2818     97.061     99.937     1.2015     1.1795     0.0403    -0.0177     3.2503     0.0000     0.0000 -123.48790   37.66576      99.73         13  0.000e+00
     201567   8398.583    122.792    123.751     9.5347     9.5468  36.728466  36.736794     9.5210     9.5331    33.9905    33.9877    26.2435    26.2393     3.1872     3.2819     97.056     99.937     1.2015     1.1795     0.0403    -0.0177     3.2527     0.0000     0.0000 -123.48790   37.66576      99.73         13  0.000e+00
     201568   8398.625    122.646    123.604     9.5377     9.5473  36.730388  36.736985     9.5240     9.5336    33.9898    33.9875    26.2424    26.2391     3.1870     3.2818     97.048     99.935     1.2015     1.1795     0.0403    -0.0177     3.2527     0.0000     0.0000 -123.48790   37.66576      99.73         13  0.000e+00
     201569   8398.667    122.745    123.704     9.5400     9.5476  36.731926  36.737178     9.5263     9.5339    33.9891    33.9873    26.2416    26.2389     3.1869     3.2818     97.044     99.935     1.2015     1.1795     0.0403    -0.0177     3.2515     0.0000     0.0000 -123.48790   37.66576      99.73         13  0.000e+00
     201570   8398.708    122.646    123.604     9.5421     9.5484  36.733015  36.737434     9.5285     9.5347    33.9882    33.9868    26.2405    26.2384     3.1867     3.2817     97.039     99.932     1.2015     1.1795     0.0403    -0.0177     3.2527     0.0000     0.0000 -123.48790   37.66576      99.73         13  0.000e+00
     201571   8398.750    122.600    123.557     9.5438     9.5496  36.734232  36.738586     9.5301     9.5359    33.9880    33.9870    26.2401    26.2383     3.1865     3.2816     97.035     99.929     1.2015     1.1795     0.0403    -0.0177     3.2515     0.0000     0.0000 -123.48790   37.66576      99.73         13  0.000e+00
     201572   8398.792    122.600    123.557     9.5449     9.5503  36.734937  36.739099     9.5312     9.5366    33.9877    33.9869    26.2396    26.2381     3.1865     3.2815     97.033     99.927     1.2015     1.1795     0.0403    -0.0177     3.2515     0.0000     0.0000 -123.48790   37.66576      99.73         13  0.000e+00
     201573   8398.833    122.520    123.477     9.5462     9.5506  36.735386  36.739611     9.5325     9.5369    33.9869    33.9871    26.2388    26.2382     3.1864     3.2815     97.029     99.925     1.2015     1.1795     0.0403    -0.0177     3.2515     0.0000     0.0000 -123.48790   37.66576      99.73         13  0.000e+00
     201574   8398.875    122.546    123.504     9.5472     9.5510  36.736475  36.739867     9.5335     9.5374    33.9871    33.9869    26.2388    26.2380     3.1863     3.2814     97.027     99.925     1.2015     1.1795     0.0403    -0.0177     3.2515     0.0000     0.0000 -123.48790   37.66576      99.73         13  0.000e+00
     201575   8398.917    122.447    123.403     9.5480     9.5513  36.736859  36.740059     9.5343     9.5377    33.9868    33.9869    26.2384    26.2380     3.1862     3.2814     97.024     99.923     1.2015     1.1795     0.0403    -0.0177     3.2527     0.0000     0.0000 -123.48790   37.66576      99.73         13  0.000e+00
     201576   8398.958    122.401    123.356     9.5488     9.5512  36.737308  36.740379     9.5351     9.5376    33.9865    33.9873    26.2380    26.2383     3.1861     3.2814     97.022     99.922     1.2015     1.1795     0.0403    -0.0177     3.2515     0.0000     0.0000 -123.48790   37.66576      99.73         13  0.000e+00
     201577   8399.000    122.401    123.356     9.5495     9.5510  36.737885  36.740059     9.5358     9.5374    33.9864    33.9872    26.2379    26.2382     3.1861     3.2814     97.021     99.923     1.2015     1.1795     0.0403    -0.0177     3.2515     0.0000     0.0000 -123.48790   37.66576      99.73         13  0.000e+00
     201578   8399.042    122.354    123.310     9.5496     9.5512  36.737884  36.739546     9.5360     9.5376    33.9863    33.9865    26.2378    26.2377     3.1861     3.2814     97.020     99.922     1.2015     1.1795     0.0403    -0.0177     3.2515     0.0000     0.0000 -123.48790   37.66576      99.73         13  0.000e+00
     201579   8399.083    122.354    123.310     9.5496     9.5510  36.737820  36.739930     9.5360     9.5374    33.9862    33.9871    26.2377    26.2381     3.1861     3.2814     97.020     99.922     1.2015     1.1795     0.0403    -0.0177     3.2515     0.0000     0.0000 -123.48790   37.66576      99.73         13  0.000e+00
     201580   8399.125    122.255    123.209     9.5496     9.5510  36.737564  36.740186     9.5360     9.5374    33.9860    33.9874    26.2375    26.2384     3.1860     3.2813     97.019     99.921     1.2015     1.1795     0.0403    -0.0177     3.2515     0.0000     0.0000 -123.48790   37.66576      99.73         13  0.000e+00
     201581   8399.167    122.201    123.156     9.5493     9.5510  36.737435  36.739866     9.5356     9.5374    33.9862    33.9871    26.2378    26.2381     3.1860     3.2813     97.019     99.920     1.2015     1.1795     0.0403    -0.0177     3.2515     0.0000     0.0000 -123.48790   37.66576      99.73         13  0.000e+00
     201582   8399.208    122.221    123.176     9.5490     9.5510  36.737243  36.739994     9.5353     9.5374    33.9863    33.9872    26.2379    26.2382     3.1860     3.2813     97.020     99.920     1.2015     1.1795     0.0403    -0.0177     3.2515     0.0000     0.0000 -123.48790   37.66576      99.73         13  0.000e+00
     201583   8399.250    122.201    123.156     9.5491     9.5510  36.736922  36.739738     9.5355     9.5374    33.9858    33.9869    26.2375    26.2380     3.1860     3.2754     97.019     99.740     1.2015     1.1783     0.0403    -0.0177     3.2515     0.0000     0.0000 -123.48790   37.66576      99.73         13  0.000e+00
     201584   8399.292    122.109    123.062     9.5490     9.5509  36.737307  36.739737     9.5353     9.5373    33.9865    33.9871    26.2380    26.2382     3.1860     3.2813     97.018     99.919     1.2015     1.1795     0.0403    -0.0177     3.2515     0.0000     0.0000 -123.48790   37.66576      99.73         13  0.000e+00
     201585   8399.333    122.056    123.009     9.5490     9.5507  36.737242  36.739545     9.5353     9.5370    33.9864    33.9872    26.2380    26.2383     3.1860     3.2813     97.018     99.919     1.2015     1.1795     0.0403    -0.0177     3.2515     0.0000     0.0000 -123.48790   37.66576      99.73         13  0.000e+00
     201586   8399.375    122.056    123.009     9.5491     9.5507  36.737114  36.740058     9.5355     9.5371    33.9861    33.9876    26.2377    26.2386     3.1805     3.2812     96.852     99.919     1.2002     1.1795     0.0403    -0.0177     3.2515     0.0000     0.0000 -123.48790   37.66576      99.73         13  0.000e+00
     201587   8399.417    121.956    122.908     9.5491     9.5509  36.737114  36.739673     9.5355     9.5373    33.9862    33.9871    26.2377    26.2382     3.1805     3.2812     96.850     99.917     1.2002     1.1795     0.0403    -0.0177     3.2515     0.0000     0.0000 -123.48790   37.66576      99.73         13  0.000e+00
     201588   8399.458    122.009    122.962     9.5491     9.5509  36.737178  36.739545     9.5355     9.5373    33.9862    33.9870    26.2378    26.2381     3.1805     3.2753     96.851     99.738     1.2002     1.1783     0.0403    -0.0177     3.2527     0.0000     0.0000 -123.48790   37.66576      99.73         13  0.000e+00
     201589   8399.500    121.910    122.862     9.5493     9.5504  36.737178  36.739481     9.5357     9.5368    33.9861    33.9874    26.2377    26.2385     3.1805     3.2753     96.850     99.737     1.2002     1.1783     0.0403    -0.0177     3.2515     0.0000     0.0000 -123.48790   37.66576      99.73         13  0.000e+00
     201590   8399.542    121.910    122.862     9.5491     9.5504  36.737178  36.738968     9.5355     9.5368    33.9862    33.9869    26.2378    26.2381     3.1805     3.2812     96.850     99.918     1.2002     1.1795     0.0403    -0.0177     3.2515     0.0000     0.0000 -123.48790   37.66576      99.73         13  0.000e+00
     201591   8399.583    121.810    122.761     9.5495     9.5499  36.737113  36.738904     9.5359     9.5363    33.9859    33.9873    26.2375    26.2385     3.1804     3.2753     96.848     99.737     1.2002     1.1783     0.0403    -0.0177     3.2527     0.0000     0.0000 -123.48790   37.66576      99.73         13  0.000e+00
     201592   8399.625    121.830    122.781     9.5495     9.5497  36.737370  36.738584     9.5359     9.5361    33.9862    33.9872    26.2377    26.2384     3.1804     3.2753     96.848     99.738     1.2002     1.1783     0.0403    -0.0177     3.2515     0.0000     0.0000 -123.48790   37.66576      99.73         13  0.000e+00
     201593   8399.667    121.764    122.714     9.5495     9.5492  36.737690  36.738263     9.5359     9.5356    33.9865    33.9873    26.2380    26.2386     3.1804     3.2753     96.847     99.738     1.2002     1.1783     0.0403    -0.0177     3.2515     0.0000     0.0000 -123.48790   37.66576      99.73         13  0.000e+00
     201594   8399.708    121.717    122.668     9.5496     9.5491  36.737562  36.738519     9.5361     9.5355    33.9863    33.9878    26.2377    26.2390     3.1803     3.2812     96.846     99.918     1.2002     1.1795     0.0403    -0.0177     3.2515     0.0000     0.0000 -123.48790   37.66576      99.73         13  0.000e+00
     201595   8399.750    121.717    122.668     9.5495     9.5492  36.737177  36.738263     9.5359     9.5356    33.9860    33.9874    26.2376    26.2387     3.1749     3.2753     96.681     99.737     1.1990     1.1783     0.0403    -0.0177     3.2527     0.0000     0.0000 -123.48790   37.66576      99.73         13  0.000e+00
     201596   8399.792    121.618    122.567     9.5496     9.5492  36.736920  36.738391     9.5361     9.5356    33.9856    33.9876    26.2372    26.2388     3.1749     3.2753     96.680     99.736     1.1990     1.1783     0.0403    -0.0177     3.2527     0.0000     0.0000 -123.48790   37.66574      99.73         13  0.000e+00
     201597   8399.833    121.664    122.614     9.5496     9.5494  36.737305  36.738839     9.5361     9.5358    33.9860    33.9878    26.2375    26.2390     3.1749     3.2753     96.680     99.736     1.1990     1.1783     0.0403    -0.0177     3.2515     0.0000     0.0000 -123.48790   37.66574      99.73         13  0.000e+00
     201598   8399.875    121.565    122.514     9.5496     9.5492  36.737497  36.738391     9.5360     9.5357    33.9863    33.9876    26.2378    26.2388     3.1748     3.2752     96.679     99.735     1.1990     1.1783     0.0403    -0.0177     3.2527     0.0000     0.0000 -123.48790   37.66574      99.73         13  0.000e+00
     201599   8399.917    121.565    122.514     9.5496     9.5491  36.737241  36.738391     9.5361     9.5355    33.9860    33.9877    26.2375    26.2389     3.1748     3.2752     96.679     99.736     1.1990     1.1783     0.0403    -0.0177     3.2515     0.0000     0.0000 -123.48790   37.66574      99.73         13  0.000e+00
     201600   8399.958    121.538    122.487     9.5498     9.5488  36.737369  36.738134     9.5362     9.5352    33.9860    33.9878    26.2375    26.2390     3.1748     3.2752     96.678     99.736     1.1990     1.1783     0.0403    -0.0177     3.2527     0.0000     0.0000 -123.48790   37.66574      99.73         13  0.000e+00
     201601   8400.000    121.472    122.420     9.5496     9.5479  36.737240  36.737622     9.5361     9.5344    33.9860    33.9881    26.2375    26.2394     3.1748     3.2753     96.678     99.737     1.1990     1.1783     0.0403    -0.0177     3.2527     0.0000     0.0000 -123.48790   37.66574      99.73         13  0.000e+00
     201602   8400.042    121.472    122.420     9.5496     9.5479  36.737368  36.737301     9.5360     9.5344    33.9862    33.9877    26.2377    26.2391     3.1748     3.2753     96.678     99.737     1.1990     1.1783     0.0403    -0.0177     3.2515     0.0000     0.0000 -123.48790   37.66574      99.73         13  0.000e+00
     201603   8400.083    121.419    122.367     9.5495     9.5475  36.737240  36.737045     9.5359     9.5339    33.9862    33.9879    26.2377    26.2394     3.1748     3.2753     96.677     99.737     1.1990     1.1783     0.0403    -0.0177     3.2515     0.0000     0.0000 -123.48790   37.66574      99.73         13  0.000e+00
