WCOA/WCOA-6/CTD_Data/RB2102_CTD_095_01.ros
* Sea-Bird SBE 9 Data File:
* FileName = C:\Users\scs.user.rb\CTD\RB2102\Data\RB2102_CTD_095_01.hex
* Software Version Seasave V 7.26.7.107
* Temperature SN = 6202
* Conductivity SN = 4907
* Number of Bytes Per Scan = 41
* Number of Voltage Words = 4
* Number of Scans Averaged by the Deck Unit = 1
* NMEA Latitude = 35 54.63 N
* NMEA Longitude = 123 55.74 W
* NMEA UTC (Time) = Jul 13 2021  18:06:41
* NMEA baud rate = 4800
# nquan = 30
# nvalues = 1176                                  
# units = specified
# name 0 = scan: Scan Count
# name 1 = timeS: Time, Elapsed [seconds]
# name 2 = depSM: Depth [salt water, m]
# name 3 = prDM: Pressure, Digiquartz [db]
# name 4 = t090C: Temperature [ITS-90, deg C]
# name 5 = t190C: Temperature, 2 [ITS-90, deg C]
# name 6 = c0mS/cm: Conductivity [mS/cm]
# name 7 = c1mS/cm: Conductivity, 2 [mS/cm]
# name 8 = potemp090C: Potential Temperature [ITS-90, deg C]
# name 9 = potemp190C: Potential Temperature, 2 [ITS-90, deg C]
# name 10 = sal00: Salinity, Practical [PSU]
# name 11 = sal11: Salinity, Practical, 2 [PSU]
# name 12 = sigma-é00: Density [sigma-theta, kg/m^3]
# name 13 = sigma-é11: Density, 2 [sigma-theta, kg/m^3]
# name 14 = sbeox0Mg/L: Oxygen, SBE 43 [mg/l]
# name 15 = sbeox1Mg/L: Oxygen, SBE 43, 2 [mg/l]
# name 16 = sbox0Mm/Kg: Oxygen, SBE 43 [umol/kg]
# name 17 = sbox1Mm/Kg: Oxygen, SBE 43, 2 [umol/kg]
# name 18 = sbeox0V: Oxygen raw, SBE 43 [V]
# name 19 = sbeox1V: Oxygen raw, SBE 43, 2 [V]
# name 20 = v4: Voltage 4
# name 21 = flECO-AFL: Fluorescence, WET Labs ECO-AFL/FL [mg/m^3]
# name 22 = v3: Voltage 3
# name 23 = v6: Voltage 6
# name 24 = v7: Voltage 7
# name 25 = longitude: Longitude [deg]
# name 26 = latitude: Latitude [deg]
# name 27 = altM: Altimeter [m]
# name 28 = nbf: Bottles Fired
# name 29 = flag:  0.000e+00
# interval = seconds: 0.0416667
# start_time = Jul 13 2021 18:06:41 [NMEA time, header]
# bad_flag = -9.990e-29
*END*
     125213   5217.167   3877.747   3942.560     1.4807     1.4831  31.663836  31.665478     1.1686     1.1710    34.6822    34.6816    27.7786    27.7779     4.0879     4.2098    124.295    128.003     0.9414     0.9304     0.0403    -0.0177     3.3077     0.0147     0.0000 -123.92994   35.91016      12.67          1  0.000e+00
     125214   5217.208   3877.705   3942.517     1.4805     1.4835  31.663836  31.665478     1.1684     1.1713    34.6824    34.6812    27.7788    27.7776     4.0879     4.2097    124.295    128.001     0.9414     0.9304     0.0403    -0.0177     3.3065     0.0147     0.0000 -123.92994   35.91016      12.65          1  0.000e+00
     125215   5217.250   3877.705   3942.517     1.4805     1.4835  31.663836  31.665236     1.1684     1.1713    34.6824    34.6810    27.7787    27.7774     4.0879     4.2098    124.294    128.001     0.9414     0.9304     0.0403    -0.0177     3.3065     0.0147     0.0000 -123.92994   35.91016      12.60          1  0.000e+00
     125216   5217.292   3877.698   3942.510     1.4810     1.4834  31.663836  31.665175     1.1688     1.1712    34.6819    34.6810    27.7783    27.7775     4.0878     4.2098    124.293    128.001     0.9414     0.9304     0.0403    -0.0177     3.3077     0.0147     0.0000 -123.92994   35.91016      12.60          1  0.000e+00
     125217   5217.333   3877.761   3942.575     1.4809     1.4831  31.663836  31.665357     1.1687     1.1710    34.6820    34.6814    27.7784    27.7778     4.0879     4.2098    124.295    128.003     0.9414     0.9304     0.0403    -0.0177     3.3065     0.0147     0.0000 -123.92994   35.91016      12.60          1  0.000e+00
     125218   5217.375   3877.747   3942.560     1.4808     1.4834  31.664018  31.664994     1.1687     1.1712    34.6823    34.6808    27.7786    27.7773     4.0878     4.2098    124.294    128.002     0.9414     0.9304     0.0403    -0.0177     3.3065     0.0147     0.0000 -123.92994   35.91016      12.60          1  0.000e+00
     125219   5217.417   3877.761   3942.575     1.4807     1.4833  31.663715  31.665054     1.1686     1.1711    34.6820    34.6809    27.7784    27.7774     4.0879     4.2098    124.295    128.003     0.9414     0.9304     0.0403    -0.0177     3.3065     0.0147     0.0000 -123.92994   35.91016      12.60          1  0.000e+00
     125220   5217.458   3877.761   3942.575     1.4810     1.4831  31.663957  31.664934     1.1688     1.1710    34.6820    34.6809    27.7784    27.7774     4.0878     4.2098    124.294    128.003     0.9414     0.9304     0.0403    -0.0177     3.3089     0.0134     0.0000 -123.92994   35.91016      12.58          1  0.000e+00
     125221   5217.500   3877.747   3942.560     1.4810     1.4830  31.663896  31.664873     1.1688     1.1709    34.6820    34.6810    27.7784    27.7775     4.0878     4.2098    124.294    128.004     0.9414     0.9304     0.0403    -0.0177     3.3065     0.0134     0.0000 -123.92994   35.91016      12.53          1  0.000e+00
     125222   5217.542   3877.817   3942.632     1.4809     1.4830  31.663836  31.664873     1.1687     1.1708    34.6820    34.6810    27.7784    27.7775     4.0879     4.2099    124.295    128.005     0.9414     0.9304     0.0403    -0.0177     3.3077     0.0134     0.0000 -123.92994   35.91016      12.50          1  0.000e+00
     125223   5217.583   3877.747   3942.560     1.4808     1.4830  31.663836  31.664873     1.1687     1.1709    34.6821    34.6810    27.7785    27.7775     4.0879     4.2098    124.294    128.004     0.9414     0.9304     0.0403    -0.0177     3.3065     0.0134     0.0000 -123.92994   35.91016      12.53          1  0.000e+00
     125224   5217.625   3877.817   3942.632     1.4810     1.4828  31.663594  31.664692     1.1689     1.1706    34.6815    34.6809    27.7780    27.7774     4.0879     4.2099    124.295    128.006     0.9414     0.9304     0.0403    -0.0177     3.3065     0.0171     0.0000 -123.92994   35.91016      12.53          1  0.000e+00
     125225   5217.667   3877.803   3942.618     1.4808     1.4830  31.663957  31.664813     1.1687     1.1709    34.6822    34.6809    27.7786    27.7774     4.0879     4.2219    124.295    128.371     0.9414     0.9316     0.0403    -0.0177     3.3065     0.0183     0.0000 -123.92994   35.91016      12.53          1  0.000e+00
     125226   5217.708   3877.762   3942.575     1.4810     1.4828  31.663897  31.664873     1.1689     1.1706    34.6819    34.6812    27.7783    27.7776     4.0769     4.2099    123.960    128.004     0.9402     0.9304     0.0403    -0.0177     3.3065     0.0183     0.0000 -123.92994   35.91016      12.50          1  0.000e+00
     125227   5217.750   3877.818   3942.632     1.4808     1.4830  31.664018  31.665055     1.1687     1.1708    34.6823    34.6812    27.7786    27.7776     4.0769     4.2099    123.962    128.005     0.9402     0.9304     0.0403    -0.0177     3.3077     0.0183     0.0000 -123.92994   35.91016      12.48          1  0.000e+00
     125228   5217.792   3877.860   3942.675     1.4807     1.4830  31.664078  31.664753     1.1686     1.1708    34.6824    34.6808    27.7788    27.7773     4.0769     4.2099    123.963    128.006     0.9402     0.9304     0.0403    -0.0177     3.3077     0.0183     0.0000 -123.92994   35.91016      12.48          1  0.000e+00
     125229   5217.833   3877.818   3942.632     1.4811     1.4827  31.663897  31.664994     1.1690     1.1705    34.6818    34.6815    27.7782    27.7779     4.0769     4.2099    123.961    128.006     0.9402     0.9304     0.0403    -0.0177     3.3065     0.0171     0.0000 -123.92994   35.91016      12.48          1  0.000e+00
     125230   5217.875   3877.804   3942.618     1.4812     1.4830  31.663836  31.664934     1.1690     1.1709    34.6816    34.6810    27.7781    27.7775     4.0878     4.2099    124.294    128.004     0.9414     0.9304     0.0403    -0.0177     3.3077     0.0159     0.0000 -123.92994   35.91016      12.48          1  0.000e+00
     125231   5217.917   3877.818   3942.632     1.4808     1.4830  31.664018  31.665176     1.1687     1.1708    34.6823    34.6814    27.7786    27.7778     4.0879     4.2099    124.295    128.005     0.9414     0.9304     0.0403    -0.0177     3.3065     0.0159     0.0000 -123.92994   35.91016      12.48          1  0.000e+00
     125232   5217.958   3877.762   3942.575     1.4811     1.4830  31.664078  31.665175     1.1690     1.1709    34.6820    34.6813    27.7784    27.7777     4.0878     4.2098    124.294    128.003     0.9414     0.9304     0.0391    -0.0482     3.3065     0.0159     0.0000 -123.92994   35.91016      12.45          1  0.000e+00
     125233   5218.000   3877.860   3942.676     1.4809     1.4830  31.663897  31.665176     1.1687     1.1708    34.6820    34.6814    27.7784    27.7778     4.0989     4.2099    124.630    128.005     0.9426     0.9304     0.0403    -0.0177     3.3077     0.0147     0.0000 -123.92994   35.91016      12.45          1  0.000e+00
     125234   5218.042   3877.818   3942.633     1.4810     1.4830  31.663836  31.665357     1.1688     1.1708    34.6819    34.6815    27.7783    27.7779     4.0879     4.2099    124.295    128.004     0.9414     0.9304     0.0403    -0.0177     3.3065     0.0147     0.0000 -123.92994   35.91016      12.45          1  0.000e+00
     125235   5218.083   3877.860   3942.676     1.4810     1.4830  31.664260  31.665236     1.1689     1.1708    34.6823    34.6814    27.7787    27.7778     4.0879     4.2099    124.295    128.005     0.9414     0.9304     0.0391    -0.0482     3.3065     0.0134     0.0000 -123.92994   35.91016      12.43          1  0.000e+00
     125236   5218.125   3877.818   3942.633     1.4808     1.4829  31.663957  31.665176     1.1687     1.1707    34.6822    34.6815    27.7786    27.7779     4.0879     4.2099    124.296    128.005     0.9414     0.9304     0.0391    -0.0482     3.3065     0.0134     0.0000 -123.92994   35.91016      12.43          1  0.000e+00
     125237   5218.167   3877.860   3942.676     1.4810     1.4830  31.664018  31.664934     1.1689     1.1708    34.6820    34.6811    27.7784    27.7775     4.0879     4.2099    124.296    128.006     0.9414     0.9304     0.0391    -0.0482     3.3077     0.0134     0.0000 -123.92994   35.91016      12.45          1  0.000e+00
     125238   5218.208   3877.818   3942.633     1.4810     1.4827  31.664078  31.665055     1.1688     1.1705    34.6822    34.6815    27.7785    27.7779     4.0879     4.2099    124.295    128.006     0.9414     0.9304     0.0391    -0.0482     3.3077     0.0122     0.0000 -123.92994   35.91016      12.43          1  0.000e+00
     125239   5218.250   3877.818   3942.633     1.4810     1.4831  31.663897  31.664752     1.1689     1.1710    34.6819    34.6807    27.7783    27.7772     4.0879     4.2099    124.295    128.005     0.9414     0.9304     0.0391    -0.0482     3.3065     0.0122     0.0000 -123.92994   35.91016      12.43          1  0.000e+00
     125240   5218.292   3877.860   3942.676     1.4810     1.4830  31.663352  31.664994     1.1688     1.1708    34.6813    34.6811    27.7778    27.7776     4.0879     4.2099    124.297    128.006     0.9414     0.9304     0.0391    -0.0482     3.3077     0.0122     0.0000 -123.92994   35.91016      12.41          1  0.000e+00
     125241   5218.333   3877.818   3942.633     1.4812     1.4830  31.663473  31.664934     1.1690     1.1708    34.6812    34.6810    27.7778    27.7775     4.0879     4.2099    124.295    128.005     0.9414     0.9304     0.0391    -0.0482     3.3077     0.0122     0.0000 -123.92994   35.91016      12.43          1  0.000e+00
     125242   5218.375   3877.860   3942.676     1.4811     1.4831  31.663957  31.664450     1.1690     1.1710    34.6818    34.6803    27.7783    27.7769     4.0879     4.2099    124.295    128.006     0.9414     0.9304     0.0391    -0.0482     3.3065     0.0122     0.0000 -123.92994   35.91016      12.43          1  0.000e+00
     125243   5218.417   3877.818   3942.633     1.4808     1.4832  31.664078  31.664934     1.1687     1.1710    34.6823    34.6809    27.7787    27.7773     4.0879     4.2099    124.295    128.004     0.9414     0.9304     0.0391    -0.0482     3.3077     0.0122     0.0000 -123.92994   35.91016      12.43          1  0.000e+00
     125244   5218.458   3877.818   3942.633     1.4810     1.4831  31.664078  31.664752     1.1689     1.1710    34.6821    34.6807    27.7785    27.7772     4.0879     4.2099    124.295    128.005     0.9414     0.9304     0.0391    -0.0482     3.3077     0.0122     0.0000 -123.92994   35.91016      12.41          1  0.000e+00
     125245   5218.500   3877.860   3942.676     1.4810     1.4832  31.663715  31.664632     1.1688     1.1710    34.6817    34.6805    27.7782    27.7770     4.0879     4.2099    124.296    128.005     0.9414     0.9304     0.0391    -0.0482     3.3077     0.0110     0.0000 -123.92994   35.91016      12.38          1  0.000e+00
     125246   5218.542   3877.818   3942.633     1.4812     1.4831  31.663957  31.664813     1.1690     1.1710    34.6818    34.6808    27.7782    27.7773     4.0879     4.2099    124.295    128.005     0.9414     0.9304     0.0391    -0.0482     3.3077     0.0110     0.0000 -123.92994   35.91016      12.41          1  0.000e+00
     125247   5218.583   3877.804   3942.619     1.4811     1.4834  31.664078  31.664873     1.1690     1.1712    34.6820    34.6806    27.7784    27.7771     4.0878     4.2098    124.294    128.004     0.9414     0.9304     0.0391    -0.0482     3.3065     0.0122     0.0000 -123.92994   35.91016      12.38          1  0.000e+00
     125248   5218.625   3877.818   3942.633     1.4810     1.4831  31.663655  31.665055     1.1689     1.1710    34.6816    34.6811    27.7781    27.7775     4.0879     4.2099    124.295    128.004     0.9414     0.9304     0.0391    -0.0482     3.3065     0.0110     0.0000 -123.92994   35.91016      12.38          1  0.000e+00
     125249   5218.667   3877.860   3942.676     1.4807     1.4830  31.663715  31.665176     1.1685     1.1708    34.6820    34.6814    27.7785    27.7778     4.0879     4.2099    124.297    128.005     0.9414     0.9304     0.0391    -0.0482     3.3065     0.0122     0.0000 -123.92994   35.91016      12.41          1  0.000e+00
     125250   5218.708   3877.762   3942.576     1.4810     1.4834  31.663836  31.665175     1.1689     1.1712    34.6818    34.6810    27.7783    27.7775     4.0878     4.2098    124.294    128.003     0.9414     0.9304     0.0391    -0.0482     3.3065     0.0122     0.0000 -123.92994   35.91016      12.41          1  0.000e+00
     125251   5218.750   3877.818   3942.633     1.4808     1.4831  31.663836  31.665176     1.1687     1.1710    34.6820    34.6812    27.7784    27.7776     4.0989     4.2099    124.630    128.004     0.9426     0.9304     0.0391    -0.0482     3.3077     0.0122     0.0000 -123.92994   35.91016      12.43          1  0.000e+00
     125252   5218.792   3877.804   3942.619     1.4811     1.4832  31.664018  31.664994     1.1690     1.1710    34.6819    34.6809    27.7783    27.7774     4.0878     4.2098    124.294    128.004     0.9414     0.9304     0.0391    -0.0482     3.3077     0.0110     0.0000 -123.92994   35.91016      12.43          1  0.000e+00
     125253   5218.833   3877.818   3942.633     1.4809     1.4833  31.663897  31.665115     1.1687     1.1711    34.6820    34.6810    27.7785    27.7774     4.0879     4.2098    124.295    128.004     0.9414     0.9304     0.0391    -0.0482     3.3065     0.0110     0.0000 -123.92994   35.91016      12.43          1  0.000e+00
     125254   5218.875   3877.748   3942.561     1.4811     1.4832  31.663836  31.665357     1.1690     1.1710    34.6817    34.6814    27.7782    27.7778     4.0878     4.2098    124.294    128.003     0.9414     0.9304     0.0391    -0.0482     3.3065     0.0110     0.0000 -123.92994   35.91016      12.43          1  0.000e+00
     125255   5218.917   3877.818   3942.633     1.4809     1.4833  31.663836  31.665236     1.1687     1.1711    34.6820    34.6811    27.7784    27.7775     4.0879     4.2098    124.296    128.004     0.9414     0.9304     0.0391    -0.0482     3.3065     0.0122     0.0000 -123.92994   35.91016      12.43          1  0.000e+00
     125256   5218.958   3877.762   3942.576     1.4810     1.4834  31.664018  31.665175     1.1688     1.1712    34.6821    34.6810    27.7785    27.7775     4.0878     4.2098    124.294    128.003     0.9414     0.9304     0.0391    -0.0482     3.3065     0.0122     0.0000 -123.92994   35.91016      12.43          1  0.000e+00
     125257   5219.000   3877.805   3942.619     1.4810     1.4833  31.664078  31.665176     1.1689     1.1711    34.6821    34.6810    27.7785    27.7775     4.0879     4.2219    124.295    128.370     0.9414     0.9316     0.0391    -0.0482     3.3065     0.0110     0.0000 -123.92994   35.91016      12.45          1  0.000e+00
     125258   5219.042   3877.763   3942.576     1.4808     1.4834  31.663654  31.665175     1.1687     1.1712    34.6818    34.6810    27.7783    27.7775     4.0879     4.2098    124.295    128.003     0.9414     0.9304     0.0391    -0.0482     3.3077     0.0110     0.0000 -123.92994   35.91016      12.45          1  0.000e+00
     125259   5219.083   3877.749   3942.562     1.4810     1.4833  31.663533  31.664934     1.1689     1.1711    34.6815    34.6808    27.7780    27.7773     4.0878     4.2098    124.294    128.003     0.9414     0.9304     0.0391    -0.0482     3.3065     0.0122     0.0000 -123.92994   35.91016      12.43          1  0.000e+00
     125260   5219.125   3877.763   3942.576     1.4810     1.4831  31.663775  31.664873     1.1688     1.1710    34.6818    34.6809    27.7783    27.7773     4.0988     4.2098    124.628    128.004     0.9426     0.9304     0.0391    -0.0482     3.3077     0.0122     0.0000 -123.92994   35.91016      12.45          1  0.000e+00
