WCOA/WCOA-6/CTD_Data/RB2102_CTD_118_01.ros
* Sea-Bird SBE 9 Data File:
* FileName = C:\Users\scs.user.rb\CTD\RB2102\Data\RB2102_CTD_118_01.hex
* Software Version Seasave V 7.26.7.107
* Temperature SN = 6202
* Conductivity SN = 4907
* Number of Bytes Per Scan = 41
* Number of Voltage Words = 4
* Number of Scans Averaged by the Deck Unit = 1
* NMEA Latitude = 34 22.91 N
* NMEA Longitude = 120 17.02 W
* NMEA UTC (Time) = Jul 19 2021  00:40:08
* NMEA baud rate = 4800
# nquan = 30
# nvalues = 931                                   
# units = specified
# name 0 = scan: Scan Count
# name 1 = timeS: Time, Elapsed [seconds]
# name 2 = depSM: Depth [salt water, m]
# name 3 = prDM: Pressure, Digiquartz [db]
# name 4 = t090C: Temperature [ITS-90, deg C]
# name 5 = t190C: Temperature, 2 [ITS-90, deg C]
# name 6 = c0mS/cm: Conductivity [mS/cm]
# name 7 = c1mS/cm: Conductivity, 2 [mS/cm]
# name 8 = potemp090C: Potential Temperature [ITS-90, deg C]
# name 9 = potemp190C: Potential Temperature, 2 [ITS-90, deg C]
# name 10 = sal00: Salinity, Practical [PSU]
# name 11 = sal11: Salinity, Practical, 2 [PSU]
# name 12 = sigma-é00: Density [sigma-theta, kg/m^3]
# name 13 = sigma-é11: Density, 2 [sigma-theta, kg/m^3]
# name 14 = sbeox0Mg/L: Oxygen, SBE 43 [mg/l]
# name 15 = sbeox1Mg/L: Oxygen, SBE 43, 2 [mg/l]
# name 16 = sbox0Mm/Kg: Oxygen, SBE 43 [umol/kg]
# name 17 = sbox1Mm/Kg: Oxygen, SBE 43, 2 [umol/kg]
# name 18 = sbeox0V: Oxygen raw, SBE 43 [V]
# name 19 = sbeox1V: Oxygen raw, SBE 43, 2 [V]
# name 20 = v4: Voltage 4
# name 21 = flECO-AFL: Fluorescence, WET Labs ECO-AFL/FL [mg/m^3]
# name 22 = v3: Voltage 3
# name 23 = v6: Voltage 6
# name 24 = v7: Voltage 7
# name 25 = longitude: Longitude [deg]
# name 26 = latitude: Latitude [deg]
# name 27 = altM: Altimeter [m]
# name 28 = nbf: Bottles Fired
# name 29 = flag:  0.000e+00
# interval = seconds: 0.0416667
# start_time = Jul 19 2021 00:40:08 [NMEA time, header]
# bad_flag = -9.990e-29
*END*
[from data line 581]
      43535   1813.917     59.549     59.988    11.3413    11.3511  38.018816  38.026032    11.3339    11.3437    33.6405    33.6387    25.6567    25.6535     5.4638     5.0882    166.476    155.033     1.7705     1.6032     0.0635     0.5623     3.1734     0.0269     0.0000 -120.28364   34.38106      99.37         12  0.000e+00
      43536   1813.958     59.523     59.961    11.3415    11.3491  38.018426  38.024213    11.3341    11.3417    33.6399    33.6387    25.6562    25.6539     5.4586     5.0885    166.317    155.039     1.7692     1.6032     0.0635     0.5623     3.1722     0.0269     0.0000 -120.28364   34.38106      99.37         12  0.000e+00
      43537   1814.000     59.549     59.988    11.3416    11.3468  38.018816  38.023759    11.3343    11.3394    33.6401    33.6403    25.6564    25.6555     5.4586     5.0887    166.316    155.046     1.7692     1.6032     0.0635     0.5623     3.1734     0.0269     0.0000 -120.28364   34.38106      99.39         12  0.000e+00
      43538   1814.042     59.523     59.961    11.3419    11.3452  38.019011  38.022461    11.3345    11.3379    33.6401    33.6405    25.6563    25.6560     5.4586     5.0888    166.315    155.051     1.7692     1.6032     0.0635     0.5623     3.1722     0.0269     0.0000 -120.28364   34.38106      99.37         12  0.000e+00
      43539   1814.083     59.549     59.988    11.3413    11.3436  38.018426  38.021617    11.3339    11.3362    33.6401    33.6412    25.6564    25.6568     5.4586     5.0890    166.318    155.056     1.7692     1.6032     0.0635     0.5623     3.1734     0.0269     0.0000 -120.28364   34.38106      99.39         12  0.000e+00
      43540   1814.125     59.569     60.008    11.3405    11.3422  38.018036  38.020708    11.3331    11.3349    33.6404    33.6414    25.6568    25.6573     5.4639     5.0892    166.479    155.061     1.7705     1.6032     0.0635     0.5623     3.1734     0.0256     0.0000 -120.28364   34.38106      99.37         12  0.000e+00
      43541   1814.167     59.549     59.988    11.3404    11.3416  38.017711  38.020188    11.3330    11.3342    33.6402    33.6416    25.6566    25.6575     5.4639     5.0949    166.479    155.235     1.7705     1.6044     0.0635     0.5623     3.1734     0.0256     0.0000 -120.28364   34.38106      99.37         12  0.000e+00
      45629   1901.167     49.546     49.910    11.7031    11.7055  38.309681  38.312635    11.6969    11.6993    33.6016    33.6023    25.5598    25.5599     5.8115     5.4114    177.086    164.893     1.8645     1.6838     0.0647     0.5928     3.1709     0.0256     0.0000 -120.28364   34.38100      99.34         13  0.000e+00
      45630   1901.208     49.546     49.910    11.7028    11.7054  38.309877  38.312114    11.6965    11.6991    33.6021    33.6020    25.5602    25.5596     5.8115     5.4114    177.087    164.894     1.8645     1.6838     0.0635     0.5623     3.1722     0.0256     0.0000 -120.28364   34.38100      99.34         13  0.000e+00
      45631   1901.250     49.573     49.936    11.7031    11.7054  38.309421  38.312831    11.6969    11.6991    33.6013    33.6026    25.5596    25.5602     5.8115     5.4114    177.087    164.894     1.8645     1.6838     0.0647     0.5928     3.1722     0.0256     0.0000 -120.28364   34.38100      99.34         13  0.000e+00
      45632   1901.292     49.447     49.810    11.7026    11.7054  38.309290  38.312635    11.6964    11.6991    33.6017    33.6025    25.5599    25.5601     5.8115     5.4113    177.085    164.891     1.8645     1.6838     0.0647     0.5928     3.1709     0.0256     0.0000 -120.28364   34.38100      99.34         13  0.000e+00
      45633   1901.333     49.493     49.856    11.7026    11.7054  38.309811  38.312244    11.6964    11.6991    33.6022    33.6021    25.5603    25.5597     5.8115     5.4114    177.086    164.893     1.8645     1.6838     0.0647     0.5928     3.1709     0.0256     0.0000 -120.28364   34.38100      99.34         13  0.000e+00
      45634   1901.375     49.546     49.910    11.7025    11.7054  38.309486  38.311984    11.6962    11.6991    33.6020    33.6018    25.5602    25.5595     5.8064     5.4114    176.931    164.894     1.8632     1.6838     0.0635     0.5623     3.1734     0.0256     0.0000 -120.28364   34.38100      99.34         13  0.000e+00
      45635   1901.417     49.526     49.890    11.7025    11.7054  38.308964  38.312114    11.6962    11.6991    33.6015    33.6020    25.5598    25.5596     5.8064     5.4114    176.931    164.893     1.8632     1.6838     0.0647     0.5928     3.1722     0.0256     0.0000 -120.28364   34.38100      99.34         13  0.000e+00
      45636   1901.458     49.546     49.910    11.7025    11.7052  38.309486  38.312179    11.6962    11.6989    33.6020    33.6022    25.5602    25.5598     5.8064     5.4114    176.931    164.894     1.8632     1.6838     0.0647     0.5928     3.1709     0.0256     0.0000 -120.28364   34.38100      99.34         13  0.000e+00
      45637   1901.500     49.493     49.857    11.7026    11.7052  38.309681  38.311984    11.6964    11.6990    33.6021    33.6020    25.5602    25.5597     5.8064     5.4114    176.929    164.893     1.8632     1.6838     0.0647     0.5928     3.1722     0.0256     0.0000 -120.28364   34.38100      99.34         13  0.000e+00
      45638   1901.542     49.493     49.857    11.7028    11.7052  38.309681  38.312375    11.6966    11.6989    33.6019    33.6024    25.5601    25.5600     5.8063     5.4114    176.929    164.893     1.8632     1.6838     0.0659     0.6234     3.1722     0.0256     0.0000 -120.28364   34.38100      99.34         13  0.000e+00
      45639   1901.583     49.526     49.890    11.7026    11.7050  38.309812  38.311919    11.6964    11.6988    33.6022    33.6021    25.5603    25.5598     5.8064     5.4114    176.930    164.895     1.8632     1.6838     0.0659     0.6234     3.1709     0.0256     0.0000 -120.28364   34.38100      99.34         13  0.000e+00
      45640   1901.625     49.493     49.857    11.7030    11.7050  38.309942  38.311919    11.6967    11.6987    33.6020    33.6021    25.5601    25.5598     5.8063     5.4114    176.928    164.894     1.8632     1.6838     0.0659     0.6234     3.1709     0.0256     0.0000 -120.28364   34.38100      99.34         13  0.000e+00
      45641   1901.667     49.493     49.857    11.7031    11.7052  38.310007  38.311788    11.6969    11.6990    33.6019    33.6018    25.5600    25.5595     5.8063     5.4114    176.927    164.894     1.8632     1.6838     0.0647     0.5928     3.1722     0.0256     0.0000 -120.28364   34.38100      99.34         13  0.000e+00
      45642   1901.708     49.527     49.890    11.7031    11.7050  38.310203  38.312049    11.6969    11.6987    33.6021    33.6022    25.5602    25.5599     5.8063     5.4114    176.928    164.895     1.8632     1.6838     0.0659     0.6234     3.1722     0.0256     0.0000 -120.28364   34.38100      99.34         13  0.000e+00
      45643   1901.750     49.494     49.857    11.7033    11.7052  38.310268  38.311984    11.6970    11.6990    33.6020    33.6020    25.5601    25.5597     5.8063     5.4114    176.927    164.893     1.8632     1.6838     0.0659     0.6234     3.1709     0.0256     0.0000 -120.28364   34.38100      99.34         13  0.000e+00
      45644   1901.792     49.494     49.857    11.7033    11.7050  38.310072  38.312114    11.6970    11.6988    33.6018    33.6023    25.5599    25.5599     5.8063     5.4114    176.927    164.894     1.8632     1.6838     0.0659     0.6234     3.1722     0.0256     0.0000 -120.28364   34.38100      99.34         13  0.000e+00
      45645   1901.833     49.494     49.857    11.7033    11.7050  38.310007  38.311593    11.6970    11.6987    33.6018    33.6018    25.5599    25.5596     5.8063     5.4114    176.927    164.894     1.8632     1.6838     0.0659     0.6234     3.1722     0.0256     0.0000 -120.28364   34.38100      99.34         13  0.000e+00
      45646   1901.875     49.474     49.837    11.7033    11.7050  38.310007  38.311593    11.6970    11.6988    33.6018    33.6018    25.5599    25.5595     5.8063     5.4114    176.926    164.894     1.8632     1.6838     0.0659     0.6234     3.1722     0.0256     0.0000 -120.28364   34.38100      99.34         13  0.000e+00
      45647   1901.917     49.494     49.857    11.7034    11.7050  38.310398  38.311723    11.6972    11.6987    33.6020    33.6019    25.5600    25.5597     5.8063     5.4114    176.926    164.894     1.8632     1.6838     0.0659     0.6234     3.1722     0.0256     0.0000 -120.28364   34.38100      99.34         13  0.000e+00
      45648   1901.958     49.494     49.857    11.7033    11.7050  38.310137  38.311528    11.6970    11.6988    33.6019    33.6017    25.5600    25.5595     5.8063     5.4114    176.927    164.894     1.8632     1.6838     0.0659     0.6234     3.1722     0.0256     0.0000 -120.28364   34.38100      99.34         13  0.000e+00
      45649   1902.000     49.447     49.810    11.7033    11.7050  38.310202  38.311658    11.6971    11.6987    33.6020    33.6019    25.5600    25.5596     5.8062     5.4114    176.926    164.893     1.8632     1.6838     0.0659     0.6234     3.1722     0.0256     0.0000 -120.28364   34.38100      99.34         13  0.000e+00
      45650   1902.042     49.527     49.891    11.7033    11.7049  38.309812  38.311919    11.6970    11.6986    33.6016    33.6022    25.5597    25.5599     5.8063     5.4114    176.928    164.895     1.8632     1.6838     0.0647     0.5928     3.1722     0.0256     0.0000 -120.28364   34.38100      99.34         13  0.000e+00
      45651   1902.083     49.401     49.764    11.7030    11.7049  38.309811  38.312114    11.6967    11.6986    33.6019    33.6025    25.5601    25.5601     5.8063     5.4113    176.926    164.892     1.8632     1.6838     0.0659     0.6234     3.1709     0.0256     0.0000 -120.28364   34.38100      99.34         13  0.000e+00
      45652   1902.125     49.494     49.857    11.7030    11.7049  38.309681  38.311593    11.6967    11.6986    33.6018    33.6019    25.5599    25.5597     5.8063     5.4114    176.928    164.895     1.8632     1.6838     0.0659     0.6234     3.1709     0.0256     0.0000 -120.28364   34.38100      99.34         13  0.000e+00
      45653   1902.167     49.494     49.857    11.7028    11.7047  38.309877  38.311854    11.6966    11.6984    33.6021    33.6023    25.5602    25.5601     5.8063     5.4170    176.928    165.066     1.8632     1.6850     0.0659     0.6234     3.1709     0.0256     0.0000 -120.28364   34.38100      99.34         13  0.000e+00
      45654   1902.208     49.428     49.791    11.7028    11.7047  38.309876  38.311593    11.6966    11.6985    33.6021    33.6021    25.5602    25.5598     5.8063     5.4114    176.927    164.894     1.8632     1.6838     0.0659     0.6234     3.1709     0.0256     0.0000 -120.28364   34.38100      99.34         13  0.000e+00
      45655   1902.250     49.494     49.857    11.7031    11.7049  38.309942  38.311658    11.6969    11.6986    33.6019    33.6020    25.5600    25.5597     5.8012     5.4114    176.770    164.895     1.8620     1.6838     0.0647     0.5928     3.1722     0.0256     0.0000 -120.28364   34.38100      99.34         13  0.000e+00
      45656   1902.292     49.448     49.811    11.7031    11.7047  38.309746  38.311919    11.6969    11.6985    33.6017    33.6024    25.5598    25.5601     5.8063     5.4170    176.927    165.064     1.8632     1.6850     0.0659     0.6234     3.1709     0.0256     0.0000 -120.28364   34.38100      99.34         13  0.000e+00
      45657   1902.333     49.428     49.791    11.7028    11.7044  38.309681  38.311788    11.6966    11.6981    33.6019    33.6026    25.5601    25.5603     5.8063     5.4114    176.927    164.894     1.8632     1.6838     0.0659     0.6234     3.1722     0.0256     0.0000 -120.28364   34.38100      99.34         13  0.000e+00
      45658   1902.375     49.494     49.857    11.7030    11.7047  38.309811  38.311788    11.6967    11.6984    33.6019    33.6023    25.5600    25.5600     5.8063     5.4170    176.928    165.066     1.8632     1.6850     0.0659     0.6234     3.1709     0.0256     0.0000 -120.28364   34.38100      99.34         13  0.000e+00
      45659   1902.417     49.401     49.764    11.7030    11.7047  38.309681  38.311658    11.6967    11.6985    33.6018    33.6021    25.5600    25.5599     5.8063     5.4114    176.926    164.893     1.8632     1.6838     0.0659     0.6234     3.1709     0.0256     0.0000 -120.28364   34.38100      99.34         13  0.000e+00
      45660   1902.458     49.448     49.811    11.7028    11.7049  38.309876  38.311463    11.6966    11.6986    33.6021    33.6018    25.5602    25.5596     5.8063     5.4170    176.927    165.064     1.8632     1.6850     0.0659     0.6234     3.1709     0.0256     0.0000 -120.28364   34.38100      99.34         13  0.000e+00
      45661   1902.500     49.474     49.838    11.7026    11.7047  38.309746  38.311984    11.6964    11.6985    33.6021    33.6024    25.5603    25.5601     5.8063     5.4170    176.929    165.065     1.8632     1.6850     0.0659     0.6234     3.1709     0.0256     0.0000 -120.28364   34.38100      99.34         13  0.000e+00
      45662   1902.542     49.402     49.764    11.7026    11.7047  38.309550  38.311853    11.6964    11.6984    33.6020    33.6024    25.5601    25.5601     5.8063     5.4170    176.927    165.064     1.8632     1.6850     0.0659     0.6234     3.1709     0.0256     0.0000 -120.28364   34.38100      99.34         13  0.000e+00
      45663   1902.583     49.448     49.811    11.7028    11.7047  38.309616  38.311919    11.6966    11.6985    33.6019    33.6024    25.5600    25.5601     5.8115     5.4170    177.085    165.064     1.8645     1.6850     0.0647     0.5928     3.1709     0.0269     0.0000 -120.28364   34.38100      99.34         13  0.000e+00
      45664   1902.625     49.448     49.811    11.7030    11.7047  38.309681  38.311788    11.6967    11.6984    33.6018    33.6023    25.5599    25.5600     5.8063     5.4170    176.927    165.065     1.8632     1.6850     0.0647     0.5928     3.1709     0.0256     0.0000 -120.28364   34.38100      99.34         13  0.000e+00
      45665   1902.667     49.428     49.791    11.7030    11.7049  38.309876  38.311528    11.6967    11.6986    33.6020    33.6019    25.5601    25.5597     5.8063     5.4114    176.926    164.893     1.8632     1.6838     0.0647     0.5928     3.1709     0.0256     0.0000 -120.28364   34.38100      99.34         13  0.000e+00
      45666   1902.708     49.448     49.811    11.7033    11.7049  38.309876  38.311853    11.6971    11.6986    33.6017    33.6022    25.5598    25.5599     5.8063     5.4170    176.926    165.064     1.8632     1.6850     0.0647     0.5928     3.1722     0.0269     0.0000 -120.28364   34.38100      99.34         13  0.000e+00
      45667   1902.750     49.402     49.764    11.7034    11.7049  38.309681  38.311593    11.6972    11.6986    33.6014    33.6020    25.5595    25.5597     5.8062     5.4170    176.925    165.063     1.8632     1.6850     0.0647     0.5928     3.1709     0.0269     0.0000 -120.28364   34.38100      99.34         13  0.000e+00
      45668   1902.792     49.428     49.791    11.7033    11.7047  38.309876  38.311463    11.6971    11.6985    33.6017    33.6019    25.5598    25.5597     5.8062     5.4170    176.926    165.064     1.8632     1.6850     0.0647     0.5928     3.1722     0.0269     0.0000 -120.28364   34.38100      99.34         13  0.000e+00
