WCOA/WCOA-6/CTD_Data/RB2102_CTD_131_01.ros
* Sea-Bird SBE 9 Data File:
* FileName = C:\Users\scs.user.rb\CTD\RB2102\Data\RB2102_CTD_131_01.hex
* Software Version Seasave V 7.26.7.107
* Temperature SN = 6202
* Conductivity SN = 4907
* Number of Bytes Per Scan = 41
* Number of Voltage Words = 4
* Number of Scans Averaged by the Deck Unit = 1
* NMEA Latitude = 32 25.08 N
* NMEA Longitude = 119 57.54 W
* NMEA UTC (Time) = Jul 22 2021  09:38:14
* NMEA baud rate = 4800
# nquan = 30
# nvalues = 1176                                  
# units = specified
# name 0 = scan: Scan Count
# name 1 = timeS: Time, Elapsed [seconds]
# name 2 = depSM: Depth [salt water, m]
# name 3 = prDM: Pressure, Digiquartz [db]
# name 4 = t090C: Temperature [ITS-90, deg C]
# name 5 = t190C: Temperature, 2 [ITS-90, deg C]
# name 6 = c0mS/cm: Conductivity [mS/cm]
# name 7 = c1mS/cm: Conductivity, 2 [mS/cm]
# name 8 = potemp090C: Potential Temperature [ITS-90, deg C]
# name 9 = potemp190C: Potential Temperature, 2 [ITS-90, deg C]
# name 10 = sal00: Salinity, Practical [PSU]
# name 11 = sal11: Salinity, Practical, 2 [PSU]
# name 12 = sigma-é00: Density [sigma-theta, kg/m^3]
# name 13 = sigma-é11: Density, 2 [sigma-theta, kg/m^3]
# name 14 = sbeox0Mg/L: Oxygen, SBE 43 [mg/l]
# name 15 = sbeox1Mg/L: Oxygen, SBE 43, 2 [mg/l]
# name 16 = sbox0Mm/Kg: Oxygen, SBE 43 [umol/kg]
# name 17 = sbox1Mm/Kg: Oxygen, SBE 43, 2 [umol/kg]
# name 18 = sbeox0V: Oxygen raw, SBE 43 [V]
# name 19 = sbeox1V: Oxygen raw, SBE 43, 2 [V]
# name 20 = v4: Voltage 4
# name 21 = flECO-AFL: Fluorescence, WET Labs ECO-AFL/FL [mg/m^3]
# name 22 = v3: Voltage 3
# name 23 = v6: Voltage 6
# name 24 = v7: Voltage 7
# name 25 = longitude: Longitude [deg]
# name 26 = latitude: Latitude [deg]
# name 27 = altM: Altimeter [m]
# name 28 = nbf: Bottles Fired
# name 29 = flag:  0.000e+00
# interval = seconds: 0.0416667
# start_time = Jul 22 2021 09:38:14 [NMEA time, header]
# bad_flag = -9.990e-29
*END*
[from data line 49]
      38939   1622.417    881.605    889.725     4.6247     4.6248  33.019516  33.020189     4.5540     4.5540    34.4248    34.4255    27.2694    27.2700     0.4146     0.4099     12.614     12.469     0.5617     0.5714     0.0403    -0.0177     3.2283     0.0000     0.0000 -119.95892   32.41810       9.35          2  0.000e+00
      38940   1622.458    881.538    889.658     4.6253     4.6251  33.019823  33.020127     4.5545     4.5544    34.4246    34.4251    27.2692    27.2697     0.4146     0.4173     12.613     12.694     0.5617     0.5726     0.0403    -0.0177     3.2283     0.0000     0.0000 -119.95892   32.41810       9.35          2  0.000e+00
      38941   1622.500    881.639    889.759     4.6259     4.6253  33.020131  33.020250     4.5551     4.5545    34.4243    34.4250    27.2689    27.2696     0.4146     0.4099     12.613     12.469     0.5617     0.5714     0.0403    -0.0177     3.2283     0.0000     0.0000 -119.95892   32.41810       9.35          2  0.000e+00
      38942   1622.542    881.505    889.624     4.6262     4.6253  33.020438  33.020618     4.5555     4.5545    34.4244    34.4255    27.2690    27.2700     0.4146     0.4099     12.613     12.469     0.5617     0.5714     0.0403    -0.0177     3.2283     0.0000     0.0000 -119.95892   32.41810       9.38          2  0.000e+00
      38943   1622.583    881.484    889.603     4.6260     4.6256  33.020560  33.020434     4.5553     4.5548    34.4247    34.4250    27.2693    27.2695     0.4146     0.4173     12.613     12.694     0.5617     0.5726     0.0403    -0.0177     3.2283     0.0000     0.0000 -119.95892   32.41810       9.40          2  0.000e+00
      38944   1622.625    881.458    889.576     4.6264     4.6256  33.020314  33.020557     4.5556     4.5548    34.4241    34.4252    27.2687    27.2697     0.4146     0.4173     12.613     12.694     0.5617     0.5726     0.0403    -0.0177     3.2283     0.0000     0.0000 -119.95892   32.41810       9.40          2  0.000e+00
      38945   1622.667    881.384    889.502     4.6263     4.6258  33.020683  33.020495     4.5556     4.5550    34.4246    34.4249    27.2691    27.2694     0.4146     0.4099     12.613     12.468     0.5617     0.5714     0.0403    -0.0177     3.2283     0.0000     0.0000 -119.95892   32.41810       9.40          2  0.000e+00
      38946   1622.708    881.404    889.522     4.6264     4.6254  33.020622  33.020372     4.5556     4.5547    34.4245    34.4251    27.2690    27.2697     0.4146     0.4099     12.613     12.469     0.5617     0.5714     0.0403    -0.0177     3.2283     0.0000     0.0000 -119.95892   32.41810       9.40          2  0.000e+00
      38947   1622.750    881.337    889.454     4.6265     4.6257  33.020314  33.020802     4.5557     4.5550    34.4240    34.4254    27.2687    27.2698     0.4146     0.4099     12.613     12.468     0.5617     0.5714     0.0403    -0.0177     3.2295     0.0000     0.0000 -119.95892   32.41810       9.40          2  0.000e+00
      38948   1622.792    881.303    889.420     4.6265     4.6259  33.020437  33.020802     4.5558     4.5552    34.4242    34.4252    27.2688    27.2696     0.4146     0.4099     12.613     12.468     0.5617     0.5714     0.0403    -0.0177     3.2283     0.0000     0.0000 -119.95892   32.41810       9.50          2  0.000e+00
      38949   1622.833    881.283    889.400     4.6266     4.6261  33.020314  33.020925     4.5559     4.5554    34.4239    34.4252    27.2685    27.2696     0.4146     0.4173     12.613     12.693     0.5617     0.5726     0.0403    -0.0177     3.2283     0.0000     0.0000 -119.95892   32.41810       9.60          2  0.000e+00
      38950   1622.875    881.256    889.373     4.6267     4.6261  33.020744  33.020986     4.5560     4.5554    34.4243    34.4252    27.2689    27.2697     0.4146     0.4099     12.612     12.468     0.5617     0.5714     0.0403    -0.0177     3.2283     0.0000     0.0000 -119.95892   32.41810       9.62          2  0.000e+00
      38951   1622.917    881.182    889.298     4.6268     4.6264  33.020621  33.021170     4.5561     4.5557    34.4241    34.4252    27.2687    27.2696     0.4146     0.4098     12.612     12.468     0.5617     0.5714     0.0403    -0.0177     3.2283     0.0000     0.0000 -119.95892   32.41810       9.60          2  0.000e+00
      38952   1622.958    881.182    889.298     4.6268     4.6265  33.020744  33.021047     4.5561     4.5558    34.4242    34.4249    27.2688    27.2693     0.4146     0.4098     12.612     12.468     0.5617     0.5714     0.0403    -0.0177     3.2283     0.0000     0.0000 -119.95892   32.41810       9.62          2  0.000e+00
      38953   1623.000    881.102    889.217     4.6268     4.6267  33.020621  33.021354     4.5561     4.5560    34.4242    34.4251    27.2687    27.2695     0.4146     0.4098     12.612     12.468     0.5617     0.5714     0.0403    -0.0177     3.2283     0.0000     0.0000 -119.95892   32.41810       9.60          2  0.000e+00
      38954   1623.042    881.082    889.196     4.6270     4.6267  33.020744  33.021538     4.5563     4.5560    34.4241    34.4253    27.2687    27.2696     0.4146     0.4098     12.612     12.468     0.5617     0.5714     0.0403    -0.0177     3.2283     0.0000     0.0000 -119.95892   32.41810       9.72          2  0.000e+00
      38955   1623.083    881.055    889.169     4.6269     4.6268  33.020866  33.021354     4.5562     4.5561    34.4243    34.4250    27.2688    27.2694     0.4146     0.4098     12.612     12.468     0.5617     0.5714     0.0403    -0.0177     3.2283     0.0000     0.0000 -119.95892   32.41810       9.82          2  0.000e+00
      38956   1623.125    881.035    889.149     4.6270     4.6269  33.020866  33.021477     4.5563     4.5562    34.4243    34.4251    27.2688    27.2695     0.4146     0.4172     12.612     12.693     0.5617     0.5726     0.0403    -0.0177     3.2283     0.0000     0.0000 -119.95892   32.41810       9.84          2  0.000e+00
      38957   1623.167    880.954    889.067     4.6269     4.6268  33.020866  33.021354     4.5562     4.5561    34.4244    34.4250    27.2689    27.2694     0.4146     0.4172     12.612     12.692     0.5617     0.5726     0.0403    -0.0177     3.2283     0.0000     0.0000 -119.95892   32.41810       9.82          2  0.000e+00
      38958   1623.208    880.881    888.993     4.6270     4.6272  33.020866  33.021292     4.5563     4.5565    34.4244    34.4246    27.2689    27.2691     0.4146     0.4098     12.612     12.467     0.5617     0.5714     0.0403    -0.0177     3.2295     0.0000     0.0000 -119.95892   32.41810       9.82          2  0.000e+00
      38959   1623.250    880.901    889.013     4.6271     4.6269  33.020866  33.021661     4.5564     4.5562    34.4242    34.4254    27.2688    27.2697     0.4146     0.4172     12.612     12.692     0.5617     0.5726     0.0403    -0.0177     3.2283     0.0000     0.0000 -119.95892   32.41810       9.82          2  0.000e+00
      38960   1623.292    880.834    888.945     4.6274     4.6272  33.020866  33.021599     4.5567     4.5565    34.4239    34.4250    27.2685    27.2694     0.4146     0.4098     12.612     12.467     0.5617     0.5714     0.0403    -0.0177     3.2283     0.0000     0.0000 -119.95892   32.41810       9.94          2  0.000e+00
      38961   1623.333    880.800    888.911     4.6272     4.6273  33.021050  33.021783     4.5566     4.5566    34.4243    34.4251    27.2688    27.2694     0.4146     0.4172     12.612     12.692     0.5617     0.5726     0.0403    -0.0177     3.2283     0.0000     0.0000 -119.95892   32.41810      10.06          2  0.000e+00
      38962   1623.375    880.780    888.891     4.6273     4.6273  33.020927  33.021415     4.5566     4.5567    34.4242    34.4247    27.2687    27.2691     0.4213     0.4098     12.817     12.467     0.5629     0.5714     0.0403    -0.0177     3.2283     0.0000     0.0000 -119.95892   32.41810      10.06          2  0.000e+00
      38963   1623.417    880.699    888.809     4.6271     4.6275  33.020865  33.021660     4.5564     4.5568    34.4243    34.4249    27.2688    27.2692     0.4146     0.4098     12.611     12.467     0.5617     0.5714     0.0403    -0.0177     3.2283     0.0000     0.0000 -119.95892   32.41810      10.06          2  0.000e+00
      38964   1623.458    880.679    888.789     4.6274     4.6272  33.021111  33.021844     4.5568     4.5565    34.4243    34.4254    27.2687    27.2697     0.4146     0.4098     12.611     12.467     0.5617     0.5714     0.0403    -0.0177     3.2283     0.0000     0.0000 -119.95892   32.41810      10.06          2  0.000e+00
      38965   1623.500    880.632    888.742     4.6276     4.6276  33.020926  33.021660     4.5569     4.5570    34.4239    34.4247    27.2685    27.2691     0.4146     0.4098     12.611     12.467     0.5617     0.5714     0.0403    -0.0177     3.2283     0.0000     0.0000 -119.95892   32.41810      10.06          2  0.000e+00
      38966   1623.542    880.552    888.660     4.6274     4.6275  33.021049  33.021782     4.5568     4.5568    34.4243    34.4251    27.2687    27.2694     0.4146     0.4098     12.611     12.466     0.5617     0.5714     0.0403    -0.0177     3.2283     0.0000     0.0000 -119.95892   32.41810      10.18          2  0.000e+00
      38967   1623.583    880.579    888.687     4.6276     4.6275  33.021111  33.022028     4.5570     4.5569    34.4241    34.4253    27.2686    27.2695     0.4146     0.4098     12.611     12.466     0.5617     0.5714     0.0403    -0.0177     3.2271     0.0000     0.0000 -119.95892   32.41810      10.28          2  0.000e+00
      38968   1623.625    880.498    888.606     4.6274     4.6278  33.021111  33.021966     4.5568     4.5571    34.4244    34.4250    27.2688    27.2693     0.4145     0.4098     12.611     12.466     0.5617     0.5714     0.0403    -0.0177     3.2283     0.0000     0.0000 -119.95892   32.41810      10.31          2  0.000e+00
      38969   1623.667    880.485    888.592     4.6278     4.6275  33.021110  33.022089     4.5571     4.5568    34.4240    34.4255    27.2685    27.2697     0.4145     0.4098     12.611     12.466     0.5617     0.5714     0.0403    -0.0177     3.2283     0.0000     0.0000 -119.95892   32.41810      10.28          2  0.000e+00
      38970   1623.708    880.397    888.504     4.6277     4.6278  33.021418  33.021905     4.5571     4.5572    34.4245    34.4249    27.2689    27.2692     0.4213     0.4098     12.816     12.466     0.5629     0.5714     0.0403    -0.0177     3.2283     0.0000     0.0000 -119.95892   32.41810      10.31          2  0.000e+00
      38971   1623.750    880.384    888.491     4.6278     4.6278  33.021418  33.021659     4.5571     4.5571    34.4244    34.4247    27.2688    27.2690     0.4145     0.4098     12.611     12.466     0.5617     0.5714     0.0403    -0.0177     3.2271     0.0000     0.0000 -119.95892   32.41810      10.28          2  0.000e+00
      38972   1623.792    880.351    888.457     4.6279     4.6278  33.020987  33.021782     4.5572     4.5571    34.4238    34.4249    27.2683    27.2692     0.4145     0.4172     12.611     12.691     0.5617     0.5726     0.0403    -0.0177     3.2283     0.0000     0.0000 -119.95892   32.41810      10.40          2  0.000e+00
      38973   1623.833    880.283    888.389     4.6276     4.6280  33.021233  33.022273     4.5570     4.5573    34.4244    34.4253    27.2688    27.2695     0.4145     0.4098     12.611     12.466     0.5617     0.5714     0.0403    -0.0177     3.2283     0.0000     0.0000 -119.95892   32.41810      10.53          2  0.000e+00
      38974   1623.875    880.250    888.355     4.6279     4.6280  33.021171  33.022273     4.5572     4.5573    34.4241    34.4253    27.2686    27.2695     0.4213     0.4098     12.816     12.466     0.5629     0.5714     0.0403    -0.0177     3.2283     0.0000     0.0000 -119.95892   32.41810      10.55          2  0.000e+00
      38975   1623.917    880.230    888.334     4.6279     4.6278  33.021110  33.021904     4.5573     4.5572    34.4240    34.4250    27.2685    27.2693     0.4145     0.4172     12.610     12.691     0.5617     0.5726     0.0403    -0.0177     3.2283     0.0000     0.0000 -119.95892   32.41810      10.55          2  0.000e+00
      38976   1623.958    880.196    888.301     4.6279     4.6278  33.021110  33.022027     4.5572     4.5572    34.4241    34.4252    27.2685    27.2695     0.4213     0.4172     12.816     12.691     0.5629     0.5726     0.0403    -0.0177     3.2283     0.0000     0.0000 -119.95892   32.41810      10.55          2  0.000e+00
      38977   1624.000    880.129    888.233     4.6281     4.6281  33.021171  33.022150     4.5575     4.5575    34.4240    34.4250    27.2684    27.2693     0.4145     0.4172     12.610     12.691     0.5617     0.5726     0.0403    -0.0177     3.2283     0.0000     0.0000 -119.95892   32.41810      10.55          2  0.000e+00
      38978   1624.042    880.096    888.199     4.6279     4.6281  33.021355  33.021965     4.5573     4.5575    34.4244    34.4248    27.2688    27.2691     0.4145     0.4098     12.610     12.466     0.5617     0.5714     0.0403    -0.0177     3.2283     0.0000     0.0000 -119.95892   32.41810      10.70          2  0.000e+00
      38979   1624.083    880.082    888.185     4.6279     4.6281  33.021171  33.022272     4.5573     4.5575    34.4241    34.4252    27.2686    27.2694     0.4145     0.4172     12.610     12.691     0.5617     0.5726     0.0403    -0.0177     3.2283     0.0000     0.0000 -119.95892   32.41810      10.82          2  0.000e+00
      38980   1624.125    880.049    888.151     4.6280     4.6285  33.021293  33.022211     4.5574     4.5578    34.4242    34.4248    27.2686    27.2691     0.4145     0.4098     12.610     12.465     0.5617     0.5714     0.0403    -0.0177     3.2283     0.0000     0.0000 -119.95892   32.41810      10.84          2  0.000e+00
      38981   1624.167    879.982    888.083     4.6279     4.6283  33.021170  33.022149     4.5573     4.5577    34.4242    34.4250    27.2686    27.2692     0.4145     0.4098     12.610     12.465     0.5617     0.5714     0.0403    -0.0177     3.2283     0.0000     0.0000 -119.95892   32.41810      10.84          2  0.000e+00
      38982   1624.208    879.948    888.049     4.6280     4.6286  33.021109  33.022395     4.5574     4.5580    34.4240    34.4249    27.2685    27.2691     0.4145     0.4172     12.610     12.690     0.5617     0.5726     0.0403    -0.0177     3.2283     0.0000     0.0000 -119.95892   32.41810      10.84          2  0.000e+00
      38983   1624.250    879.881    887.982     4.6281     4.6288  33.021108  33.022456     4.5575     4.5582    34.4240    34.4248    27.2685    27.2690     0.4145     0.4171     12.610     12.690     0.5617     0.5726     0.0403    -0.0177     3.2283     0.0000     0.0000 -119.95892   32.41810      10.84          2  0.000e+00
      38984   1624.292    879.847    887.948     4.6279     4.6290  33.021416  33.022271     4.5573     4.5583    34.4246    34.4245    27.2689    27.2687     0.4145     0.4097     12.610     12.465     0.5617     0.5714     0.0403    -0.0177     3.2283     0.0000     0.0000 -119.95892   32.41810      10.94          2  0.000e+00
      38985   1624.333    879.881    887.982     4.6279     4.6288  33.021170  33.022149     4.5573     4.5582    34.4242    34.4245    27.2687    27.2688     0.4145     0.4098     12.610     12.465     0.5617     0.5714     0.0403    -0.0177     3.2283     0.0000     0.0000 -119.95892   32.41810      11.04          2  0.000e+00
