WCOA/WCOA-6/CTD_Data/RB2102_CTD_063_01.ros
* Sea-Bird SBE 9 Data File:
* FileName = C:\Users\scs.user.rb\CTD\RB2102\Data\RB2102_CTD_063_01.hex
* Software Version Seasave V 7.26.7.107
* Temperature SN = 6202
* Conductivity SN = 4907
* Number of Bytes Per Scan = 41
* Number of Voltage Words = 4
* Number of Scans Averaged by the Deck Unit = 1
* NMEA Latitude = 41 56.42 N
* NMEA Longitude = 124 36.30 W
* NMEA UTC (Time) = Jul 06 2021  18:52:24
* NMEA baud rate = 4800
# nquan = 30
# nvalues = 1078                                  
# units = specified
# name 0 = scan: Scan Count
# name 1 = timeS: Time, Elapsed [seconds]
# name 2 = depSM: Depth [salt water, m]
# name 3 = prDM: Pressure, Digiquartz [db]
# name 4 = t090C: Temperature [ITS-90, deg C]
# name 5 = t190C: Temperature, 2 [ITS-90, deg C]
# name 6 = c0mS/cm: Conductivity [mS/cm]
# name 7 = c1mS/cm: Conductivity, 2 [mS/cm]
# name 8 = potemp090C: Potential Temperature [ITS-90, deg C]
# name 9 = potemp190C: Potential Temperature, 2 [ITS-90, deg C]
# name 10 = sal00: Salinity, Practical [PSU]
# name 11 = sal11: Salinity, Practical, 2 [PSU]
# name 12 = sigma-é00: Density [sigma-theta, kg/m^3]
# name 13 = sigma-é11: Density, 2 [sigma-theta, kg/m^3]
# name 14 = sbeox0Mg/L: Oxygen, SBE 43 [mg/l]
# name 15 = sbeox1Mg/L: Oxygen, SBE 43, 2 [mg/l]
# name 16 = sbox0Mm/Kg: Oxygen, SBE 43 [umol/kg]
# name 17 = sbox1Mm/Kg: Oxygen, SBE 43, 2 [umol/kg]
# name 18 = sbeox0V: Oxygen raw, SBE 43 [V]
# name 19 = sbeox1V: Oxygen raw, SBE 43, 2 [V]
# name 20 = v4: Voltage 4
# name 21 = flECO-AFL: Fluorescence, WET Labs ECO-AFL/FL [mg/m^3]
# name 22 = v3: Voltage 3
# name 23 = v6: Voltage 6
# name 24 = v7: Voltage 7
# name 25 = longitude: Longitude [deg]
# name 26 = latitude: Latitude [deg]
# name 27 = altM: Altimeter [m]
# name 28 = nbf: Bottles Fired
# name 29 = flag:  0.000e+00
# interval = seconds: 0.0416667
# start_time = Jul 06 2021 18:52:24 [NMEA time, header]
# bad_flag = -9.990e-29
*END*
[from data line 194]
      32262   1344.208    396.546    400.065     6.7284     6.7240  34.415303  34.411915     6.6918     6.6874    34.1163    34.1169    26.7644    26.7655     1.4547     1.5170     44.275     46.172     0.7814     0.7851     0.0403    -0.0177     3.1551     0.0000     0.0000 -124.60294   41.94158      36.65          4  0.000e+00
      32263   1344.250    396.566    400.086     6.7283     6.7237  34.415116  34.411603     6.6916     6.6871    34.1162    34.1169    26.7644    26.7655     1.4487     1.5104     44.092     45.972     0.7802     0.7839     0.0403    -0.0177     3.1563     0.0000     0.0000 -124.60294   41.94158      36.68          4  0.000e+00
      39440   1643.292    297.631    300.201     7.2963     7.2967  34.848305  34.849412     7.2677     7.2681    34.0778    34.0787    26.6552    26.6558     1.9625     2.0402     59.737     62.102     0.8950     0.8926     0.0403    -0.0177     3.1551     0.0000     0.0000 -124.60232   41.94132      99.88          5  0.000e+00
      39441   1643.333    297.631    300.201     7.2961     7.2967  34.847991  34.848910     7.2675     7.2681    34.0777    34.0781    26.6551    26.6554     1.9625     2.0402     59.737     62.102     0.8950     0.8926     0.0403    -0.0177     3.1551     0.0000     0.0000 -124.60232   41.94132      99.88          5  0.000e+00
      39442   1643.375    297.678    300.248     7.2960     7.2967  34.847928  34.849036     7.2674     7.2681    34.0777    34.0782    26.6551    26.6554     1.9625     2.0402     59.738     62.102     0.8950     0.8926     0.0403    -0.0177     3.1538     0.0000     0.0000 -124.60232   41.94132      99.88          5  0.000e+00
      39443   1643.417    297.578    300.147     7.2962     7.2967  34.848367  34.848847     7.2676     7.2681    34.0780    34.0781    26.6554    26.6553     1.9625     2.0402     59.737     62.102     0.8950     0.8926     0.0403    -0.0177     3.1551     0.0000     0.0000 -124.60232   41.94132      99.88          5  0.000e+00
      39444   1643.458    297.632    300.201     7.2963     7.2965  34.848305  34.849287     7.2677     7.2680    34.0779    34.0787    26.6552    26.6558     1.9625     2.0402     59.737     62.102     0.8950     0.8926     0.0403    -0.0177     3.1551     0.0000     0.0000 -124.60232   41.94132      99.88          5  0.000e+00
      39445   1643.500    297.678    300.248     7.2962     7.2970  34.848431  34.849224     7.2676     7.2684    34.0781    34.0781    26.6554    26.6553     1.9625     2.0402     59.737     62.102     0.8950     0.8926     0.0403    -0.0177     3.1551     0.0000     0.0000 -124.60232   41.94132      99.88          5  0.000e+00
      39446   1643.542    297.632    300.201     7.2961     7.2967  34.848430  34.849349     7.2675     7.2681    34.0782    34.0786    26.6555    26.6557     1.9625     2.0402     59.737     62.102     0.8950     0.8926     0.0403    -0.0177     3.1538     0.0000     0.0000 -124.60232   41.94132      99.88          5  0.000e+00
      39447   1643.583    297.678    300.248     7.2958     7.2971  34.848493  34.848973     7.2673     7.2685    34.0785    34.0778    26.6557    26.6550     1.9625     2.0402     59.738     62.102     0.8950     0.8926     0.0403    -0.0177     3.1538     0.0000     0.0000 -124.60232   41.94132      99.88          5  0.000e+00
      39448   1643.625    297.632    300.201     7.2958     7.2972  34.848305  34.849475     7.2672     7.2686    34.0783    34.0782    26.6556    26.6554     1.9625     2.0402     59.738     62.101     0.8950     0.8926     0.0403    -0.0177     3.1551     0.0000     0.0000 -124.60232   41.94132      99.88          5  0.000e+00
      39449   1643.667    297.678    300.248     7.2962     7.2973  34.848431  34.849538     7.2676     7.2687    34.0781    34.0781    26.6554    26.6553     1.9684     2.0402     59.916     62.101     0.8962     0.8926     0.0403    -0.0177     3.1551     0.0000     0.0000 -124.60232   41.94132      99.88          5  0.000e+00
      39450   1643.708    297.678    300.248     7.2959     7.2972  34.848556  34.849851     7.2674     7.2686    34.0784    34.0786    26.6557    26.6557     1.9625     2.0338     59.738     61.906     0.8950     0.8913     0.0403    -0.0177     3.1551     0.0000     0.0000 -124.60232   41.94132      99.88          5  0.000e+00
      39451   1643.750    297.678    300.248     7.2960     7.2973  34.848556  34.849851     7.2674     7.2687    34.0784    34.0785    26.6557    26.6556     1.9625     2.0402     59.738     62.101     0.8950     0.8926     0.0403    -0.0177     3.1551     0.0000     0.0000 -124.60232   41.94132      99.88          5  0.000e+00
      39452   1643.792    297.678    300.248     7.2962     7.2972  34.848556  34.849726     7.2676     7.2686    34.0782    34.0785    26.6555    26.6556     1.9625     2.0402     59.737     62.102     0.8950     0.8926     0.0403    -0.0177     3.1551     0.0000     0.0000 -124.60232   41.94132      99.88          5  0.000e+00
      39453   1643.833    297.678    300.248     7.2964     7.2972  34.848305  34.849287     7.2678     7.2686    34.0777    34.0780    26.6551    26.6552     1.9625     2.0402     59.737     62.102     0.8950     0.8926     0.0403    -0.0177     3.1538     0.0000     0.0000 -124.60232   41.94132      99.88          5  0.000e+00
      39454   1643.875    297.678    300.248     7.2962     7.2970  34.848431  34.849350     7.2676     7.2684    34.0781    34.0782    26.6554    26.6554     1.9625     2.0402     59.737     62.102     0.8950     0.8926     0.0403    -0.0177     3.1551     0.0000     0.0000 -124.60232   41.94132      99.88          5  0.000e+00
      39455   1643.917    297.678    300.248     7.2963     7.2972  34.848556  34.849224     7.2677     7.2686    34.0781    34.0780    26.6554    26.6552     1.9625     2.0402     59.737     62.102     0.8950     0.8926     0.0403    -0.0177     3.1551     0.0000     0.0000 -124.60232   41.94132      99.88          5  0.000e+00
      39456   1643.958    297.632    300.201     7.2963     7.2968  34.848556  34.849538     7.2677     7.2682    34.0781    34.0786    26.6554    26.6558     1.9625     2.0402     59.737     62.102     0.8950     0.8926     0.0403    -0.0177     3.1551     0.0000     0.0000 -124.60232   41.94132      99.88          5  0.000e+00
      39457   1644.000    297.678    300.248     7.2964     7.2970  34.848054  34.849287     7.2678     7.2684    34.0774    34.0782    26.6548    26.6553     1.9625     2.0402     59.737     62.102     0.8950     0.8926     0.0403    -0.0177     3.1551     0.0000     0.0000 -124.60232   41.94132      99.88          5  0.000e+00
      39458   1644.042    297.731    300.301     7.2963     7.2967  34.848368  34.849350     7.2677     7.2681    34.0778    34.0785    26.6552    26.6556     1.9625     2.0402     59.738     62.103     0.8950     0.8926     0.0403    -0.0177     3.1538     0.0000     0.0000 -124.60232   41.94132      99.88          5  0.000e+00
      39459   1644.083    297.632    300.201     7.2964     7.2967  34.848054  34.849224     7.2678     7.2681    34.0774    34.0784    26.6549    26.6556     1.9625     2.0402     59.737     62.102     0.8950     0.8926     0.0403    -0.0177     3.1538     0.0000     0.0000 -124.60232   41.94132      99.88          5  0.000e+00
      39460   1644.125    297.731    300.301     7.2963     7.2967  34.848368  34.849538     7.2677     7.2681    34.0778    34.0787    26.6552    26.6559     1.9625     2.0402     59.738     62.103     0.8950     0.8926     0.0403    -0.0177     3.1551     0.0000     0.0000 -124.60232   41.94132      99.88          5  0.000e+00
      39461   1644.167    297.632    300.201     7.2967     7.2965  34.848744  34.849036     7.2682     7.2680    34.0779    34.0784    26.6552    26.6556     1.9566     2.0402     59.558     62.102     0.8938     0.8926     0.0403    -0.0177     3.1551     0.0000     0.0000 -124.60232   41.94132      99.88          5  0.000e+00
      39462   1644.208    297.678    300.248     7.2965     7.2965  34.848744  34.849036     7.2679     7.2680    34.0781    34.0784    26.6554    26.6556     1.9625     2.0402     59.737     62.103     0.8950     0.8926     0.0403    -0.0177     3.1538     0.0000     0.0000 -124.60232   41.94132      99.88          5  0.000e+00
      39463   1644.250    297.678    300.248     7.2966     7.2967  34.848807  34.849350     7.2681     7.2681    34.0780    34.0786    26.6553    26.6557     1.9566     2.0402     59.558     62.102     0.8938     0.8926     0.0403    -0.0177     3.1538     0.0000     0.0000 -124.60232   41.94132      99.88          5  0.000e+00
      39464   1644.292    297.632    300.201     7.2966     7.2966  34.848870  34.849161     7.2680     7.2680    34.0781    34.0785    26.6554    26.6557     1.9625     2.0402     59.736     62.102     0.8950     0.8926     0.0403    -0.0177     3.1538     0.0000     0.0000 -124.60232   41.94132      99.88          5  0.000e+00
      39465   1644.333    297.678    300.248     7.2966     7.2965  34.848619  34.849350     7.2681     7.2680    34.0778    34.0787    26.6551    26.6558     1.9625     2.0402     59.737     62.102     0.8950     0.8926     0.0403    -0.0177     3.1538     0.0000     0.0000 -124.60232   41.94132      99.88          5  0.000e+00
      39466   1644.375    297.678    300.248     7.2964     7.2967  34.848744  34.849412     7.2678     7.2681    34.0782    34.0786    26.6554    26.6558     1.9625     2.0402     59.737     62.102     0.8950     0.8926     0.0403    -0.0177     3.1551     0.0000     0.0000 -124.60232   41.94132      99.88          5  0.000e+00
      39467   1644.417    297.632    300.201     7.2965     7.2965  34.848870  34.849412     7.2679     7.2680    34.0783    34.0788    26.6555    26.6559     1.9625     2.0402     59.737     62.102     0.8950     0.8926     0.0403    -0.0177     3.1538     0.0000     0.0000 -124.60232   41.94132      99.88          5  0.000e+00
      39468   1644.458    297.632    300.201     7.2966     7.2967  34.848368  34.849161     7.2680     7.2681    34.0776    34.0784    26.6550    26.6556     1.9625     2.0402     59.737     62.102     0.8950     0.8926     0.0403    -0.0177     3.1551     0.0000     0.0000 -124.60232   41.94132      99.88          5  0.000e+00
      39469   1644.500    297.678    300.248     7.2965     7.2968  34.848682  34.849350     7.2679     7.2682    34.0781    34.0784    26.6553    26.6556     1.9566     2.0402     59.558     62.102     0.8938     0.8926     0.0403    -0.0177     3.1538     0.0000     0.0000 -124.60232   41.94132      99.88          5  0.000e+00
      39470   1644.542    297.632    300.201     7.2966     7.2971  34.848870  34.849663     7.2680     7.2685    34.0781    34.0785    26.6554    26.6556     1.9625     2.0402     59.736     62.101     0.8950     0.8926     0.0403    -0.0177     3.1551     0.0000     0.0000 -124.60232   41.94132      99.88          5  0.000e+00
      39471   1644.583    297.632    300.201     7.2965     7.2970  34.848870  34.849726     7.2679     7.2684    34.0783    34.0787    26.6555    26.6557     1.9625     2.0402     59.737     62.101     0.8950     0.8926     0.0403    -0.0177     3.1538     0.0000     0.0000 -124.60232   41.94132      99.88          5  0.000e+00
      39472   1644.625    297.632    300.201     7.2966     7.2973  34.849058  34.849475     7.2681     7.2687    34.0783    34.0781    26.6555    26.6553     1.9625     2.0402     59.736     62.101     0.8950     0.8926     0.0403    -0.0177     3.1551     0.0000     0.0000 -124.60232   41.94132      99.88          5  0.000e+00
      39473   1644.667    297.632    300.201     7.2971     7.2973  34.849184  34.849914     7.2685     7.2687    34.0780    34.0786    26.6552    26.6556     1.9625     2.0402     59.736     62.101     0.8950     0.8926     0.0403    -0.0177     3.1551     0.0000     0.0000 -124.60232   41.94132      99.88          5  0.000e+00
      39474   1644.708    297.632    300.201     7.2968     7.2973  34.849372  34.849789     7.2682     7.2687    34.0785    34.0784    26.6556    26.6555     1.9625     2.0402     59.736     62.101     0.8950     0.8926     0.0403    -0.0177     3.1551     0.0000     0.0000 -124.60232   41.94132      99.88          5  0.000e+00
      39475   1644.750    297.579    300.147     7.2972     7.2975  34.849937  34.850228     7.2686     7.2690    34.0787    34.0787    26.6558    26.6557     1.9566     2.0401     59.556     62.100     0.8938     0.8926     0.0403    -0.0177     3.1551     0.0000     0.0000 -124.60232   41.94132      99.88          5  0.000e+00
      39476   1644.792    297.632    300.201     7.2971     7.2976  34.849874  34.850353     7.2685     7.2691    34.0787    34.0787    26.6558    26.6557     1.9566     2.0402     59.557     62.100     0.8938     0.8926     0.0403    -0.0177     3.1551     0.0000     0.0000 -124.60232   41.94132      99.88          5  0.000e+00
      39477   1644.833    297.579    300.147     7.2971     7.2978  34.849309  34.850353     7.2685     7.2693    34.0782    34.0786    26.6554    26.6555     1.9566     2.0401     59.557     62.100     0.8938     0.8926     0.0403    -0.0177     3.1551     0.0000     0.0000 -124.60232   41.94132      99.88          5  0.000e+00
      39478   1644.875    297.585    300.154     7.2970     7.2978  34.849560  34.850102     7.2684     7.2693    34.0785    34.0783    26.6557    26.6553     1.9566     2.0401     59.557     62.100     0.8938     0.8926     0.0403    -0.0177     3.1551     0.0000     0.0000 -124.60232   41.94132      99.88          5  0.000e+00
      39479   1644.917    297.632    300.201     7.2972     7.2976  34.849309  34.850290     7.2686     7.2691    34.0780    34.0787    26.6552    26.6557     1.9625     2.0402     59.736     62.100     0.8950     0.8926     0.0403    -0.0177     3.1538     0.0000     0.0000 -124.60232   41.94132      99.88          5  0.000e+00
      39480   1644.958    297.532    300.100     7.2971     7.2978  34.849183  34.850102     7.2686     7.2693    34.0780    34.0783    26.6552    26.6554     1.9566     2.0401     59.556     62.099     0.8938     0.8926     0.0403    -0.0177     3.1551     0.0000     0.0000 -124.60232   41.94132      99.88          5  0.000e+00
      39481   1645.000    297.579    300.147     7.2971     7.2977  34.849623  34.850039     7.2685     7.2691    34.0785    34.0784    26.6556    26.6554     1.9625     2.0401     59.735     62.100     0.8950     0.8926     0.0403    -0.0177     3.1538     0.0000     0.0000 -124.60232   41.94132      99.88          5  0.000e+00
      39482   1645.042    297.585    300.154     7.2975     7.2976  34.849560  34.850039     7.2689     7.2691    34.0781    34.0784    26.6552    26.6555     1.9624     2.0401     59.735     62.100     0.8950     0.8926     0.0403    -0.0177     3.1538     0.0000     0.0000 -124.60232   41.94132      99.88          5  0.000e+00
      39483   1645.083    297.532    300.100     7.2971     7.2978  34.849246  34.850290     7.2686     7.2693    34.0781    34.0785    26.6553    26.6555     1.9566     2.0401     59.556     62.099     0.8938     0.8926     0.0403    -0.0177     3.1551     0.0000     0.0000 -124.60232   41.94132      99.88          5  0.000e+00
      39484   1645.125    297.579    300.147     7.2974     7.2976  34.849183  34.850353     7.2688     7.2691    34.0778    34.0788    26.6550    26.6557     1.9624     2.0401     59.735     62.100     0.8950     0.8926     0.0403    -0.0177     3.1538     0.0000     0.0000 -124.60232   41.94132      99.88          5  0.000e+00
