WCOA/WCOA-6/CTD_Data/RB2102_CTD_002_01.ros
* Sea-Bird SBE 9 Data File:
* FileName = C:\Users\scs.user.rb\CTD\RB2102\Data\RB2102_CTD_002_01.hex
* Software Version Seasave V 7.26.7.107
* Temperature SN = 6202
* Conductivity SN = 4907
* Number of Bytes Per Scan = 41
* Number of Voltage Words = 4
* Number of Scans Averaged by the Deck Unit = 1
* NMEA Latitude = 51 42.56 N
* NMEA Longitude = 130 38.01 W
* NMEA UTC (Time) = Jun 25 2021  13:13:35
* NMEA baud rate = 4800
# nquan = 30
# nvalues = 1176                                  
# units = specified
# name 0 = scan: Scan Count
# name 1 = timeS: Time, Elapsed [seconds]
# name 2 = depSM: Depth [salt water, m]
# name 3 = prDM: Pressure, Digiquartz [db]
# name 4 = t090C: Temperature [ITS-90, deg C]
# name 5 = t190C: Temperature, 2 [ITS-90, deg C]
# name 6 = c0mS/cm: Conductivity [mS/cm]
# name 7 = c1mS/cm: Conductivity, 2 [mS/cm]
# name 8 = potemp090C: Potential Temperature [ITS-90, deg C]
# name 9 = potemp190C: Potential Temperature, 2 [ITS-90, deg C]
# name 10 = sal00: Salinity, Practical [PSU]
# name 11 = sal11: Salinity, Practical, 2 [PSU]
# name 12 = sigma-é00: Density [sigma-theta, kg/m^3]
# name 13 = sigma-é11: Density, 2 [sigma-theta, kg/m^3]
# name 14 = sbeox0Mg/L: Oxygen, SBE 43 [mg/l]
# name 15 = sbeox1Mg/L: Oxygen, SBE 43, 2 [mg/l]
# name 16 = sbox0Mm/Kg: Oxygen, SBE 43 [umol/kg]
# name 17 = sbox1Mm/Kg: Oxygen, SBE 43, 2 [umol/kg]
# name 18 = sbeox0V: Oxygen raw, SBE 43 [V]
# name 19 = sbeox1V: Oxygen raw, SBE 43, 2 [V]
# name 20 = v4: Voltage 4
# name 21 = flECO-AFL: Fluorescence, WET Labs ECO-AFL/FL [mg/m^3]
# name 22 = v3: Voltage 3
# name 23 = v6: Voltage 6
# name 24 = v7: Voltage 7
# name 25 = longitude: Longitude [deg]
# name 26 = latitude: Latitude [deg]
# name 27 = altM: Altimeter [m]
# name 28 = nbf: Bottles Fired
# name 29 = flag:  0.000e+00
# interval = seconds: 0.0416667
# start_time = Jun 25 2021 13:13:35 [NMEA time, header]
# bad_flag = -9.990e-29
*END*
[from data line 1161]
     155116   6463.125      3.708      3.741     9.9756     9.9623  35.149243  35.144661     9.9752     9.9619    32.0269    32.0341    24.6354    24.6431     9.0498     8.6691    276.010    264.397     2.5421     2.3114     0.0781     0.9286     3.2173     1.0415     1.5324 -130.64434   51.71596      64.35         24  0.000e+00
     155117   6463.167      3.708      3.741     9.9699     9.9682  35.144204  35.150200     9.9695     9.9678    32.0269    32.0344    24.6362    24.6424     9.0510     8.6678    276.046    264.359     2.5421     2.3114     0.0794     0.9591     3.2161     1.0415     1.5324 -130.64434   51.71596      64.32         24  0.000e+00
     155118   6463.208      3.754      3.787     9.9651     9.9737  35.142252  35.155046     9.9646     9.9733    32.0292    32.0345    24.6389    24.6416     9.0519     8.6668    276.073    264.327     2.5421     2.3114     0.0781     0.9286     3.2161     1.0415     1.5324 -130.64434   51.71596      64.32         24  0.000e+00
     155119   6463.250      3.708      3.741     9.9616     9.9770  35.139607  35.156557     9.9612     9.9766    32.0296    32.0331    24.6397    24.6400     9.0525     8.6661    276.092    264.307     2.5421     2.3114     0.0781     0.9286     3.2173     1.0415     1.5324 -130.64434   51.71596      64.35         24  0.000e+00
     155120   6463.292      3.801      3.834     9.9572     9.9773  35.133498  35.154354     9.9568     9.9769    32.0273    32.0306    24.6387    24.6379     9.0591     8.6721    276.292    264.492     2.5433     2.3126     0.0794     0.9591     3.2173     1.0415     1.5324 -130.64434   51.71596      64.35         24  0.000e+00
     155121   6463.333      3.754      3.787     9.9514     9.9739  35.133310  35.149947     9.9510     9.9734    32.0322    32.0292    24.6435    24.6374     9.0599     8.6670    276.317    264.336     2.5433     2.3114     0.0794     0.9591     3.2161     1.0415     1.5324 -130.64434   51.71596      64.32         24  0.000e+00
     155122   6463.375      3.754      3.787     9.9528     9.9668  35.138034  35.143465     9.9524     9.9663    32.0358    32.0289    24.6460    24.6384     9.0594     8.6744    276.301    264.559     2.5433     2.3126     0.0781     0.9286     3.2173     1.0415     1.5324 -130.64434   51.71596      64.35         24  0.000e+00
     155123   6463.417      3.853      3.887     9.9544     9.9577  35.138160  35.134403     9.9540     9.9572    32.0345    32.0278    24.6447    24.6390     9.0593     8.6705    276.297    264.443     2.5433     2.3114     0.0781     0.9286     3.2173     1.0415     1.5324 -130.64434   51.71596      64.35         24  0.000e+00
     155124   6463.458      3.801      3.834     9.9508     9.9399  35.132240  35.120937     9.9504     9.9394    32.0317    32.0300    24.6432    24.6436     9.0655     8.6799    276.488    264.727     2.5446     2.3126     0.0781     0.9286     3.2173     1.0415     1.5324 -130.64434   51.71596      64.35         24  0.000e+00
     155125   6463.500      3.853      3.887     9.9392     9.9244  35.121661  35.110934     9.9388     9.9240    32.0312    32.0335    24.6447    24.6489     9.0680     8.6830    276.563    264.819     2.5446     2.3126     0.0794     0.9591     3.2161     1.0415     1.5324 -130.64434   51.71596      64.32         24  0.000e+00
     155126   6463.542      3.853      3.887     9.9275     9.9147  35.113665  35.107097     9.9271     9.9142    32.0336    32.0383    24.6484    24.6542     9.0703     8.6847    276.632    264.871     2.5446     2.3126     0.0781     0.9286     3.2173     1.0415     1.5324 -130.64434   51.71596      64.35         24  0.000e+00
     155127   6463.583      3.853      3.887     9.9194     9.9110  35.110014  35.107035     9.9190     9.9106    32.0370    32.0414    24.6525    24.6573     9.0718     8.6853    276.676    264.888     2.5446     2.3126     0.0794     0.9591     3.2173     1.0415     1.5324 -130.64434   51.71596      64.35         24  0.000e+00
     155128   6463.625      3.900      3.934     9.9164     9.9110  35.110077  35.107916     9.9160     9.9106    32.0397    32.0423    24.6551    24.6580     9.0777     8.6853    276.856    264.888     2.5458     2.3126     0.0781     0.9286     3.2173     1.0415     1.5324 -130.64434   51.71596      64.35         24  0.000e+00
     155129   6463.667      3.900      3.934     9.9165     9.9129  35.110329  35.108608     9.9160     9.9124    32.0399    32.0414    24.6552    24.6570     9.0777     8.6850    276.855    264.878     2.5458     2.3126     0.0794     0.9591     3.2149     1.0415     1.5324 -130.64434   51.71596      64.30         24  0.000e+00
     155130   6463.708      3.953      3.988     9.9128     9.9145  35.104915  35.109929     9.9124     9.9141    32.0377    32.0412    24.6541    24.6566     9.0786     8.6847    276.884    264.870     2.5458     2.3126     0.0794     0.9591     3.2161     1.0415     1.5324 -130.64434   51.71596      64.32         24  0.000e+00
