WCOA/WCOA-6/CTD_Data/RB2102_CTD_065_01.ros
* Sea-Bird SBE 9 Data File:
* FileName = C:\Users\scs.user.rb\CTD\RB2102\Data\RB2102_CTD_065_01.hex
* Software Version Seasave V 7.26.7.107
* Temperature SN = 6202
* Conductivity SN = 4907
* Number of Bytes Per Scan = 41
* Number of Voltage Words = 4
* Number of Scans Averaged by the Deck Unit = 1
* NMEA Latitude = 41 58.52 N
* NMEA Longitude = 124 24.95 W
* NMEA UTC (Time) = Jul 06 2021  22:51:55
* NMEA baud rate = 4800
# nquan = 30
# nvalues = 637                                   
# units = specified
# name 0 = scan: Scan Count
# name 1 = timeS: Time, Elapsed [seconds]
# name 2 = depSM: Depth [salt water, m]
# name 3 = prDM: Pressure, Digiquartz [db]
# name 4 = t090C: Temperature [ITS-90, deg C]
# name 5 = t190C: Temperature, 2 [ITS-90, deg C]
# name 6 = c0mS/cm: Conductivity [mS/cm]
# name 7 = c1mS/cm: Conductivity, 2 [mS/cm]
# name 8 = potemp090C: Potential Temperature [ITS-90, deg C]
# name 9 = potemp190C: Potential Temperature, 2 [ITS-90, deg C]
# name 10 = sal00: Salinity, Practical [PSU]
# name 11 = sal11: Salinity, Practical, 2 [PSU]
# name 12 = sigma-é00: Density [sigma-theta, kg/m^3]
# name 13 = sigma-é11: Density, 2 [sigma-theta, kg/m^3]
# name 14 = sbeox0Mg/L: Oxygen, SBE 43 [mg/l]
# name 15 = sbeox1Mg/L: Oxygen, SBE 43, 2 [mg/l]
# name 16 = sbox0Mm/Kg: Oxygen, SBE 43 [umol/kg]
# name 17 = sbox1Mm/Kg: Oxygen, SBE 43, 2 [umol/kg]
# name 18 = sbeox0V: Oxygen raw, SBE 43 [V]
# name 19 = sbeox1V: Oxygen raw, SBE 43, 2 [V]
# name 20 = v4: Voltage 4
# name 21 = flECO-AFL: Fluorescence, WET Labs ECO-AFL/FL [mg/m^3]
# name 22 = v3: Voltage 3
# name 23 = v6: Voltage 6
# name 24 = v7: Voltage 7
# name 25 = longitude: Longitude [deg]
# name 26 = latitude: Latitude [deg]
# name 27 = altM: Altimeter [m]
# name 28 = nbf: Bottles Fired
# name 29 = flag:  0.000e+00
# interval = seconds: 0.0416667
# start_time = Jul 06 2021 22:51:55 [NMEA time, header]
# bad_flag = -9.990e-29
*END*
[from data line 484]
      33732   1405.458      9.725      9.802    10.5640    10.4937  37.096744  37.032103    10.5628    10.4926    33.4562    33.4558    25.6504    25.6622     8.4345     8.2720    256.989    252.037     2.4444     2.2650     0.4286     9.6893     3.2674     0.0269     0.0024 -124.41602   41.97524      74.53         10  0.000e+00
      33733   1405.500      9.725      9.802    10.5702    10.5099  37.094684  37.044632    10.5691    10.5087    33.4484    33.4535    25.6432    25.6577     8.4390     8.2690    257.128    251.946     2.4457     2.2650     0.4286     9.6893     3.2662     0.0256     0.0024 -124.41602   41.97524      74.53         10  0.000e+00
      33734   1405.542      9.725      9.802    10.5684    10.5341  37.090245  37.060247    10.5672    10.5330    33.4456    33.4470    25.6414    25.6484     8.4447     8.2647    257.304    251.816     2.4469     2.2650     0.4286     9.6893     3.2674     0.0269     0.0024 -124.41602   41.97524      74.63         10  0.000e+00
      33735   1405.583      9.738      9.815    10.5626    10.5505  37.085549  37.071880    10.5615    10.5493    33.4462    33.4436    25.6428    25.6429     8.4563     8.2617    257.657    251.727     2.4493     2.2650     0.4286     9.6893     3.2674     0.0269     0.0024 -124.41602   41.97524      74.65         10  0.000e+00
      33736   1405.625      9.778      9.855    10.5518    10.5432  37.081047  37.063332    10.5507    10.5421    33.4516    33.4417    25.6489    25.6427     8.4634     8.2690    257.871    251.948     2.4505     2.2662     0.4286     9.6893     3.2674     0.0269     0.0024 -124.41602   41.97524      74.65         10  0.000e+00
      33737   1405.667      9.778      9.855    10.5434    10.5255  37.077188  37.041931    10.5423    10.5244    33.4554    33.4364    25.6533    25.6417     8.4701     8.2727    258.073    252.062     2.4518     2.2662     0.4286     9.6893     3.2662     0.0269     0.0024 -124.41602   41.97524      74.63         10  0.000e+00
      36537   1522.333      3.874      3.905    10.8520    10.8406  37.365454  37.357236    10.8515    10.8402    33.4637    33.4659    25.6057    25.6094     9.2091     9.4377    280.605    287.569     2.6398     2.5311     0.3382     7.4304     3.2625     0.0440     0.0611 -124.41602   41.97526      81.39         11  0.000e+00
      36538   1522.375      3.828      3.858    10.8505    10.8393  37.363776  37.356140    10.8500    10.8389    33.4635    33.4660    25.6057    25.6097     9.2094     9.4380    280.613    287.576     2.6398     2.5311     0.3370     7.3999     3.2625     0.0440     0.0623 -124.41602   41.97526      81.39         11  0.000e+00
      36539   1522.417      3.927      3.958    10.8500    10.8383  37.362808  37.355431    10.8495    10.8379    33.4629    33.4662    25.6054    25.6100     9.2097     9.4383    280.621    287.586     2.6398     2.5311     0.3370     7.3999     3.2625     0.0440     0.0635 -124.41602   41.97526      81.39         11  0.000e+00
      36540   1522.458      3.874      3.905    10.8490    10.8372  37.361905  37.355044    10.8486    10.8367    33.4629    33.4669    25.6056    25.6107     9.2098     9.4384    280.625    287.590     2.6398     2.5311     0.3370     7.3999     3.2613     0.0440     0.0659 -124.41602   41.97526      81.37         11  0.000e+00
      36541   1522.500      4.026      4.058    10.8479    10.8388  37.361712  37.356399    10.8474    10.8384    33.4637    33.4667    25.6064    25.6103     9.2102     9.4383    280.636    287.585     2.6398     2.5311     0.3370     7.3999     3.2625     0.0440     0.0684 -124.41602   41.97526      81.42         11  0.000e+00
      36542   1522.542      3.993      4.025    10.8474    10.8420  37.362164  37.359364    10.8469    10.8415    33.4646    33.4668    25.6072    25.6098     9.2102     9.4376    280.636    287.563     2.6398     2.5311     0.3370     7.3999     3.2625     0.0440     0.0684 -124.41602   41.97526      81.51         11  0.000e+00
      36543   1522.583      3.973      4.005    10.8475    10.8425  37.362357  37.360396    10.8471    10.8420    33.4647    33.4673    25.6072    25.6101     9.2101     9.4374    280.634    287.558     2.6398     2.5311     0.3370     7.3999     3.2625     0.0427     0.0672 -124.41602   41.97526      81.56         11  0.000e+00
      36544   1522.625      4.026      4.058    10.8475    10.8425  37.362615  37.359945    10.8470    10.8420    33.4649    33.4669    25.6074    25.6098     9.2102     9.4375    280.636    287.561     2.6398     2.5311     0.3370     7.3999     3.2625     0.0440     0.0672 -124.41602   41.97526      81.56         11  0.000e+00
      36545   1522.667      4.073      4.105    10.8471    10.8453  37.360873  37.362266    10.8466    10.8449    33.4636    33.4666    25.6064    25.6090     9.2104     9.4369    280.643    287.544     2.6398     2.5311     0.3370     7.3999     3.2613     0.0440     0.0672 -124.41602   41.97526      81.56         11  0.000e+00
      36546   1522.708      4.026      4.058    10.8449    10.8494  37.357905  37.365103    10.8444    10.8489    33.4626    33.4657    25.6060    25.6077     9.2109     9.4360    280.657    287.517     2.6398     2.5311     0.3346     7.3389     3.2625     0.0440     0.0659 -124.41602   41.97526      81.56         11  0.000e+00
      36547   1522.750      4.119      4.151    10.8406    10.8513  37.354809  37.355624    10.8401    10.8508    33.4634    33.4545    25.6074    25.5986     9.2118     9.4364    280.685    287.531     2.6398     2.5311     0.3346     7.3389     3.2625     0.0440     0.0659 -124.41602   41.97526      81.56         11  0.000e+00
      36548   1522.792      4.073      4.105    10.8362    10.8472  37.351584  37.358010    10.8357    10.8467    33.4643    33.4606    25.6089    25.6041     9.2126     9.4369    280.709    287.544     2.6398     2.5311     0.3346     7.3389     3.2625     0.0440     0.0647 -124.41600   41.97526      81.59         11  0.000e+00
      36549   1522.833      4.119      4.151    10.8308    10.8424  37.348358  37.358655    10.8303    10.8419    33.4660    33.4657    25.6111    25.6089     9.2137     9.4377    280.741    287.567     2.6398     2.5311     0.3346     7.3389     3.2625     0.0440     0.0647 -124.41600   41.97526      81.61         11  0.000e+00
      36550   1522.875      4.172      4.205    10.8272    10.8395  37.347004  37.356979    10.8267    10.8390    33.4679    33.4666    25.6133    25.6101     9.2091     9.4383    280.602    287.587     2.6386     2.5311     0.3346     7.3389     3.2625     0.0427     0.0635 -124.41600   41.97526      81.61         11  0.000e+00
      36551   1522.917      4.172      4.205    10.8291    10.8369  37.350036  37.355368    10.8286    10.8364    33.4692    33.4674    25.6139    25.6112     9.2139     9.4388    280.747    287.602     2.6398     2.5311     0.3346     7.3389     3.2625     0.0440     0.0635 -124.41600   41.97526      81.61         11  0.000e+00
      36552   1522.958      4.172      4.205    10.8280    10.8339  37.350424  37.352982    10.8275    10.8334    33.4706    33.4678    25.6152    25.6120     9.2140     9.4395    280.751    287.622     2.6398     2.5311     0.3346     7.3389     3.2613     0.0427     0.0635 -124.41600   41.97526      81.61         11  0.000e+00
      36553   1523.000      4.172      4.205    10.8259    10.8311  37.348424  37.350533    10.8254    10.8306    33.4705    33.4679    25.6156    25.6126     9.2145     9.4401    280.765    287.640     2.6398     2.5311     0.3346     7.3389     3.2625     0.0427     0.0623 -124.41600   41.97526      81.56         11  0.000e+00
      36554   1523.042      4.231      4.265    10.8266    10.8304  37.347843  37.347825    10.8260    10.8299    33.4693    33.4657    25.6145    25.6110     9.2145     9.4347    280.765    287.477     2.6398     2.5299     0.3333     7.3083     3.2625     0.0440     0.0611 -124.41600   41.97526      81.39         11  0.000e+00
      36555   1523.083      4.172      4.205    10.8309    10.8311  37.353843  37.347180    10.8304    10.8306    33.4713    33.4645    25.6153    25.6100     9.2082     9.4346    280.572    287.473     2.6386     2.5299     0.3346     7.3389     3.2613     0.0440     0.0611 -124.41600   41.97526      81.32         11  0.000e+00
      36556   1523.125      4.218      4.252    10.8413    10.8306  37.359713  37.347116    10.8408    10.8301    33.4676    33.4649    25.6106    25.6104     9.2063     9.4404    280.517    287.651     2.6386     2.5311     0.3346     7.3389     3.2625     0.0440     0.0598 -124.41600   41.97526      81.32         11  0.000e+00
      36557   1523.167      4.265      4.298    10.8420    10.8301  37.357842  37.346793    10.8415    10.8295    33.4651    33.4650    25.6085    25.6105     9.2064     9.4406    280.519    287.656     2.6386     2.5311     0.3346     7.3389     3.2625     0.0440     0.0598 -124.41600   41.97526      81.34         11  0.000e+00
      36558   1523.208      4.218      4.252    10.8392    10.8306  37.354487  37.348212    10.8387    10.8301    33.4644    33.4660    25.6084    25.6112     9.2069     9.4404    280.536    287.649     2.6386     2.5311     0.3346     7.3389     3.2613     0.0440     0.0586 -124.41600   41.97526      81.34         11  0.000e+00
      36559   1523.250      4.218      4.252    10.8397    10.8317  37.356229  37.350210    10.8392    10.8312    33.4657    33.4669    25.6093    25.6117     9.2068     9.4401    280.531    287.639     2.6386     2.5311     0.3346     7.3389     3.2625     0.0440     0.0574 -124.41600   41.97526      81.32         11  0.000e+00
      36560   1523.292      4.318      4.352    10.8479    10.8329  37.363778  37.350920    10.8474    10.8324    33.4656    33.4665    25.6079    25.6112     9.2052     9.4399    280.483    287.636     2.6386     2.5311     0.3346     7.3389     3.2613     0.0440     0.0562 -124.41600   41.97526      81.25         11  0.000e+00
      36561   1523.333      4.265      4.298    10.8543    10.8344  37.368939  37.351048    10.8538    10.8339    33.4649    33.4653    25.6062    25.6100     9.2038     9.4339    280.443    287.453     2.6386     2.5299     0.3346     7.3389     3.2625     0.0440     0.0562 -124.41600   41.97526      81.25         11  0.000e+00
      36562   1523.375      4.265      4.298    10.8464    10.8342  37.364939  37.351500    10.8459    10.8337    33.4682    33.4660    25.6101    25.6105     9.2053     9.4396    280.486    287.627     2.6386     2.5311     0.3346     7.3389     3.2625     0.0440     0.0549 -124.41600   41.97526      81.25         11  0.000e+00
      36563   1523.417      4.318      4.352    10.8400    10.8324  37.365328  37.352661    10.8395    10.8319    33.4744    33.4687    25.6161    25.6130     9.2063     9.4399    280.515    287.635     2.6386     2.5311     0.3346     7.3389     3.2625     0.0440     0.0537 -124.41600   41.97526      81.25         11  0.000e+00
      36564   1523.458      4.265      4.298    10.8469    10.8321  37.371715  37.353112    10.8464    10.8316    33.4745    33.4695    25.6149    25.6137     9.2048     9.4399    280.470    287.633     2.6386     2.5311     0.3333     7.3083     3.2625     0.0440     0.0537 -124.41600   41.97526      81.25         11  0.000e+00
      36565   1523.500      4.318      4.352    10.8566    10.8319  37.378490  37.351307    10.8561    10.8314    33.4723    33.4678    25.6115    25.6124     9.2030     9.4401    280.416    287.640     2.6386     2.5311     0.3346     7.3389     3.2625     0.0440     0.0537 -124.41600   41.97526      81.22         11  0.000e+00
      36566   1523.542      4.284      4.318    10.8645    10.8306  37.381394  37.349695    10.8640    10.8300    33.4680    33.4675    25.6068    25.6123     9.2016     9.4404    280.374    287.648     2.6386     2.5311     0.3346     7.3389     3.2625     0.0452     0.0537 -124.41600   41.97526      81.22         11  0.000e+00
      36567   1523.583      4.318      4.352    10.8693    10.8304  37.381845  37.349566    10.8687    10.8299    33.4641    33.4674    25.6029    25.6124     9.2009     9.4404    280.354    287.650     2.6386     2.5311     0.3346     7.3389     3.2625     0.0452     0.0537 -124.41600   41.97526      81.20         11  0.000e+00
      36568   1523.625      4.318      4.352    10.8706    10.8316  37.380296  37.350920    10.8701    10.8310    33.4614    33.4677    25.6005    25.6124     9.2060     9.4402    280.510    287.642     2.6398     2.5311     0.3346     7.3389     3.2613     0.0452     0.0525 -124.41600   41.97526      81.20         11  0.000e+00
      36569   1523.667      4.318      4.352    10.8691    10.8317  37.377843  37.352080    10.8686    10.8312    33.4603    33.4688    25.6000    25.6132     9.2064     9.4401    280.521    287.639     2.6398     2.5311     0.3346     7.3389     3.2625     0.0452     0.0537 -124.41600   41.97526      81.20         11  0.000e+00
      36570   1523.708      4.318      4.352    10.8663    10.8324  37.375391  37.352338    10.8658    10.8319    33.4604    33.4684    25.6005    25.6128     9.2069     9.4399    280.539    287.635     2.6398     2.5311     0.3346     7.3389     3.2613     0.0452     0.0525 -124.41600   41.97526      81.20         11  0.000e+00
      36571   1523.750      4.265      4.298    10.8633    10.8323  37.374101  37.351822    10.8628    10.8317    33.4619    33.4680    25.6022    25.6125     9.2074     9.4399    280.552    287.635     2.6398     2.5311     0.3358     7.3694     3.2613     0.0452     0.0525 -124.41600   41.97526      81.12         11  0.000e+00
      36572   1523.792      4.318      4.352    10.8617    10.8330  37.373650  37.352145    10.8612    10.8325    33.4629    33.4676    25.6033    25.6120     9.2077     9.4399    280.562    287.633     2.6398     2.5311     0.3394     7.4610     3.2613     0.0452     0.0525 -124.41600   41.97526      80.90         11  0.000e+00
      36573   1523.833      4.318      4.352    10.8597    10.8352  37.371327  37.353305    10.8592    10.8347    33.4624    33.4668    25.6032    25.6110     9.2134     9.4394    280.735    287.620     2.6410     2.5311     0.3394     7.4610     3.2625     0.0452     0.0525 -124.41600   41.97526      80.83         11  0.000e+00
      36574   1523.875      4.318      4.352    10.8551    10.8382  37.367068  37.355820    10.8546    10.8376    33.4623    33.4666    25.6040    25.6103     9.2143     9.4388    280.763    287.601     2.6410     2.5311     0.3407     7.4915     3.2613     0.0452     0.0525 -124.41600   41.97526      80.83         11  0.000e+00
      36575   1523.917      4.318      4.352    10.8482    10.8404  37.363004  37.357173    10.8477    10.8398    33.4646    33.4659    25.6070    25.6094     9.2156     9.4383    280.802    287.587     2.6410     2.5311     0.3394     7.4610     3.2625     0.0464     0.0525 -124.41600   41.97526      80.83         11  0.000e+00
      36576   1523.958      4.318      4.352    10.8457    10.8406  37.362036  37.357044    10.8452    10.8401    33.4659    33.4656    25.6084    25.6091     9.2161     9.4383    280.815    287.586     2.6410     2.5311     0.3394     7.4610     3.2613     0.0452     0.0513 -124.41600   41.97526      80.83         11  0.000e+00
      36577   1524.000      4.284      4.318    10.8480    10.8397  37.364939  37.356142    10.8475    10.8392    33.4667    33.4655    25.6087    25.6092     9.2207     9.4385    280.957    287.591     2.6422     2.5311     0.3394     7.4610     3.2625     0.0464     0.0513 -124.41600   41.97526      80.81         11  0.000e+00
