WCOA/WCOA-6/CTD_Data/RB2102_CTD_047_01.ros
* Sea-Bird SBE 9 Data File:
* FileName = C:\Users\scs.user.rb\CTD\RB2102\Data\RB2102_CTD_047_01.hex
* Software Version Seasave V 7.26.7.107
* Temperature SN = 6202
* Conductivity SN = 4907
* Number of Bytes Per Scan = 41
* Number of Voltage Words = 4
* Number of Scans Averaged by the Deck Unit = 1
* NMEA Latitude = 44 39.12 N
* NMEA Longitude = 124 52.92 W
* NMEA UTC (Time) = Jul 03 2021  22:02:20
* NMEA baud rate = 4800
# nquan = 30
# nvalues = 972                                   
# units = specified
# name 0 = scan: Scan Count
# name 1 = timeS: Time, Elapsed [seconds]
# name 2 = depSM: Depth [salt water, m]
# name 3 = prDM: Pressure, Digiquartz [db]
# name 4 = t090C: Temperature [ITS-90, deg C]
# name 5 = t190C: Temperature, 2 [ITS-90, deg C]
# name 6 = c0mS/cm: Conductivity [mS/cm]
# name 7 = c1mS/cm: Conductivity, 2 [mS/cm]
# name 8 = potemp090C: Potential Temperature [ITS-90, deg C]
# name 9 = potemp190C: Potential Temperature, 2 [ITS-90, deg C]
# name 10 = sal00: Salinity, Practical [PSU]
# name 11 = sal11: Salinity, Practical, 2 [PSU]
# name 12 = sigma-é00: Density [sigma-theta, kg/m^3]
# name 13 = sigma-é11: Density, 2 [sigma-theta, kg/m^3]
# name 14 = sbeox0Mg/L: Oxygen, SBE 43 [mg/l]
# name 15 = sbeox1Mg/L: Oxygen, SBE 43, 2 [mg/l]
# name 16 = sbox0Mm/Kg: Oxygen, SBE 43 [umol/kg]
# name 17 = sbox1Mm/Kg: Oxygen, SBE 43, 2 [umol/kg]
# name 18 = sbeox0V: Oxygen raw, SBE 43 [V]
# name 19 = sbeox1V: Oxygen raw, SBE 43, 2 [V]
# name 20 = v4: Voltage 4
# name 21 = flECO-AFL: Fluorescence, WET Labs ECO-AFL/FL [mg/m^3]
# name 22 = v3: Voltage 3
# name 23 = v6: Voltage 6
# name 24 = v7: Voltage 7
# name 25 = longitude: Longitude [deg]
# name 26 = latitude: Latitude [deg]
# name 27 = altM: Altimeter [m]
# name 28 = nbf: Bottles Fired
# name 29 = flag:  0.000e+00
# interval = seconds: 0.0416667
# start_time = Jul 03 2021 22:02:20 [NMEA time, header]
# bad_flag = -9.990e-29
*END*
[from data line 484]
      57490   2395.375     59.908     60.405     7.9166     7.9170  34.119227  34.119740     7.9108     7.9111    32.8097    32.8099    25.5669    25.5670     6.1254     6.3562    186.651    193.682     1.8095     1.7619     0.0525     0.2876     3.2698     0.0000     0.0000 -124.88332   44.65180      99.37         11  0.000e+00
      57491   2395.417     59.808     60.305     7.9166     7.9171  34.118854  34.119429     7.9108     7.9113    32.8093    32.8094    25.5666    25.5666     6.1254     6.3499    186.649    193.492     1.8095     1.7607     0.0525     0.2876     3.2698     0.0000     0.0000 -124.88332   44.65180      99.37         11  0.000e+00
      57492   2395.458     59.881     60.378     7.9165     7.9171  34.118916  34.119305     7.9107     7.9113    32.8094    32.8093    25.5667    25.5665     6.1311     6.3500    186.823    193.494     1.8107     1.7607     0.0525     0.2876     3.2698     0.0000     0.0000 -124.88332   44.65180      99.34         11  0.000e+00
      57493   2395.500     59.855     60.351     7.9166     7.9170  34.119040  34.119491     7.9108     7.9111    32.8095    32.8097    25.5667    25.5668     6.1311     6.3562    186.822    193.681     1.8107     1.7619     0.0525     0.2876     3.2686     0.0000     0.0000 -124.88332   44.65180      99.37         11  0.000e+00
      57494   2395.542     59.881     60.378     7.9165     7.9170  34.119041  34.119803     7.9107     7.9112    32.8096    32.8099    25.5668    25.5670     6.1311     6.3562    186.823    193.682     1.8107     1.7619     0.0537     0.3181     3.2698     0.0000     0.0000 -124.88332   44.65180      99.37         11  0.000e+00
      57495   2395.583     59.855     60.351     7.9166     7.9168  34.119040  34.119429     7.9108     7.9110    32.8095    32.8097    25.5667    25.5669     6.1311     6.3500    186.822    193.494     1.8107     1.7607     0.0525     0.2876     3.2686     0.0000     0.0000 -124.88332   44.65180      99.37         11  0.000e+00
      57496   2395.625     59.881     60.378     7.9168     7.9171  34.119041  34.119491     7.9110     7.9113    32.8093    32.8095    25.5666    25.5666     6.1311     6.3562    186.822    193.682     1.8107     1.7619     0.0525     0.2876     3.2686     0.0000     0.0000 -124.88332   44.65180      99.37         11  0.000e+00
      57497   2395.667     59.855     60.351     7.9165     7.9168  34.119165  34.119554     7.9107     7.9110    32.8097    32.8099    25.5669    25.5670     6.1311     6.3562    186.822    193.682     1.8107     1.7619     0.0525     0.2876     3.2686     0.0000     0.0000 -124.88332   44.65180      99.34         11  0.000e+00
      57498   2395.708     59.828     60.325     7.9165     7.9167  34.119040  34.119554     7.9106     7.9109    32.8097    32.8100    25.5669    25.5671     6.1311     6.3500    186.822    193.494     1.8107     1.7607     0.0513     0.2571     3.2698     0.0000     0.0000 -124.88332   44.65180      99.37         11  0.000e+00
      57499   2395.750     59.855     60.351     7.9165     7.9170  34.119040  34.119554     7.9107     7.9111    32.8096    32.8097    25.5668    25.5669     6.1311     6.3562    186.822    193.681     1.8107     1.7619     0.0513     0.2571     3.2686     0.0000     0.0000 -124.88332   44.65180      99.37         11  0.000e+00
      57500   2395.792     59.928     60.425     7.9166     7.9171  34.119041  34.119989     7.9108     7.9113    32.8095    32.8100    25.5667    25.5670     6.1311     6.3500    186.824    193.494     1.8107     1.7607     0.0513     0.2571     3.2698     0.0000     0.0000 -124.88332   44.65180      99.34         11  0.000e+00
      57501   2395.833     59.855     60.352     7.9165     7.9171  34.119227  34.119740     7.9107     7.9113    32.8098    32.8098    25.5670    25.5669     6.1311     6.3500    186.822    193.492     1.8107     1.7607     0.0513     0.2571     3.2686     0.0000     0.0000 -124.88332   44.65180      99.37         11  0.000e+00
      57502   2395.875     59.881     60.378     7.9166     7.9174  34.118854  34.119554     7.9108     7.9116    32.8093    32.8093    25.5665    25.5664     6.1311     6.3561    186.823    193.680     1.8107     1.7619     0.0513     0.2571     3.2698     0.0000     0.0000 -124.88332   44.65180      99.37         11  0.000e+00
      57503   2395.917     59.908     60.405     7.9168     7.9174  34.118916  34.119803     7.9110     7.9116    32.8092    32.8095    25.5665    25.5666     6.1311     6.3562    186.823    193.681     1.8107     1.7619     0.0513     0.2571     3.2686     0.0000     0.0000 -124.88332   44.65180      99.37         11  0.000e+00
      57504   2395.958     59.828     60.325     7.9167     7.9173  34.119040  34.119616     7.9109     7.9115    32.8095    32.8095    25.5667    25.5666     6.1310     6.3499    186.821    193.491     1.8107     1.7607     0.0525     0.2876     3.2686     0.0000     0.0000 -124.88332   44.65180      99.37         11  0.000e+00
      57505   2396.000     59.855     60.352     7.9170     7.9175  34.118791  34.119554     7.9112     7.9117    32.8089    32.8092    25.5662    25.5664     6.1310     6.3499    186.821    193.492     1.8107     1.7607     0.0513     0.2571     3.2698     0.0000     0.0000 -124.88332   44.65180      99.37         11  0.000e+00
      57506   2396.042     59.881     60.378     7.9170     7.9174  34.119165  34.119367     7.9112     7.9116    32.8093    32.8091    25.5665    25.5663     6.1310     6.3500    186.821    193.493     1.8107     1.7607     0.0513     0.2571     3.2698     0.0000     0.0000 -124.88332   44.65180      99.34         11  0.000e+00
      57507   2396.083     59.855     60.352     7.9173     7.9173  34.119103  34.119678     7.9114     7.9115    32.8090    32.8096    25.5662    25.5667     6.1310     6.3500    186.820    193.492     1.8107     1.7607     0.0513     0.2571     3.2698     0.0000     0.0000 -124.88332   44.65180      99.37         11  0.000e+00
      57508   2396.125     59.908     60.405     7.9172     7.9173  34.119041  34.119678     7.9114     7.9115    32.8089    32.8095    25.5662    25.5667     6.1310     6.3500    186.821    193.493     1.8107     1.7607     0.0513     0.2571     3.2698     0.0000     0.0000 -124.88332   44.65180      99.37         11  0.000e+00
      57509   2396.167     59.828     60.325     7.9174     7.9175  34.119227  34.119802     7.9116     7.9117    32.8089    32.8095    25.5662    25.5666     6.1309     6.3499    186.818    193.491     1.8107     1.7607     0.0513     0.2571     3.2698     0.0000     0.0000 -124.88332   44.65180      99.37         11  0.000e+00
      57510   2396.208     59.855     60.352     7.9174     7.9173  34.119352  34.119865     7.9116     7.9115    32.8091    32.8098    25.5663    25.5668     6.1310     6.3500    186.819    193.492     1.8107     1.7607     0.0513     0.2571     3.2698     0.0000     0.0000 -124.88332   44.65180      99.37         11  0.000e+00
      57511   2396.250     59.881     60.378     7.9173     7.9176  34.119103  34.119616     7.9115     7.9118    32.8089    32.8092    25.5661    25.5663     6.1310     6.3499    186.820    193.492     1.8107     1.7607     0.0513     0.2571     3.2686     0.0000     0.0000 -124.88332   44.65180      99.37         11  0.000e+00
      57512   2396.292     59.855     60.352     7.9176     7.9173  34.118791  34.119554     7.9118     7.9115    32.8083    32.8094    25.5657    25.5666     6.1310     6.3500    186.819    193.492     1.8107     1.7607     0.0513     0.2571     3.2698     0.0000     0.0000 -124.88332   44.65180      99.37         11  0.000e+00
      57513   2396.333     59.882     60.378     7.9177     7.9173  34.119165  34.119803     7.9119     7.9115    32.8086    32.8097    25.5659    25.5668     6.1310     6.3500    186.819    193.493     1.8107     1.7607     0.0513     0.2571     3.2686     0.0000     0.0000 -124.88332   44.65180      99.37         11  0.000e+00
      57514   2396.375     59.855     60.352     7.9176     7.9173  34.119352  34.119429     7.9118     7.9115    32.8089    32.8093    25.5661    25.5665     6.1309     6.3500    186.818    193.492     1.8107     1.7607     0.0525     0.2876     3.2686     0.0000     0.0000 -124.88332   44.65180      99.37         11  0.000e+00
      57515   2396.417     59.829     60.325     7.9178     7.9174  34.119103  34.119740     7.9120     7.9116    32.8085    32.8095    25.5658    25.5666     6.1309     6.3499    186.818    193.491     1.8107     1.7607     0.0513     0.2571     3.2698     0.0000     0.0000 -124.88332   44.65180      99.37         11  0.000e+00
      57516   2396.458     59.855     60.352     7.9175     7.9175  34.119227  34.119865     7.9117     7.9117    32.8088    32.8096    25.5661    25.5667     6.1310     6.3499    186.819    193.491     1.8107     1.7607     0.0513     0.2571     3.2698     0.0000     0.0000 -124.88332   44.65180      99.37         11  0.000e+00
      57517   2396.500     59.829     60.325     7.9176     7.9171  34.119352  34.119429     7.9118     7.9113    32.8089    32.8094    25.5662    25.5666     6.1309     6.3500    186.818    193.492     1.8107     1.7607     0.0513     0.2571     3.2698     0.0000     0.0000 -124.88332   44.65180      99.37         11  0.000e+00
      57518   2396.542     59.809     60.305     7.9180     7.9173  34.119102  34.119491     7.9122     7.9115    32.8083    32.8094    25.5656    25.5665     6.1309     6.3499    186.816    193.491     1.8107     1.7607     0.0513     0.2571     3.2686     0.0000     0.0000 -124.88332   44.65180      99.37         11  0.000e+00
      57519   2396.583     59.829     60.325     7.9179     7.9178  34.119040  34.119553     7.9121     7.9120    32.8083    32.8089    25.5656    25.5661     6.1309     6.3499    186.817    193.490     1.8107     1.7607     0.0513     0.2571     3.2698     0.0000     0.0000 -124.88332   44.65180      99.37         11  0.000e+00
      57520   2396.625     59.809     60.305     7.9180     7.9176  34.119227  34.119553     7.9122     7.9118    32.8084    32.8091    25.5657    25.5663     6.1365     6.3499    186.988    193.490     1.8120     1.7607     0.0513     0.2571     3.2698     0.0000     0.0000 -124.88332   44.65180      99.34         11  0.000e+00
      57521   2396.667     59.782     60.278     7.9181     7.9176  34.119351  34.119367     7.9122     7.9118    32.8085    32.8089    25.5658    25.5661     6.1308     6.3499    186.815    193.490     1.8107     1.7607     0.0513     0.2571     3.2698     0.0000     0.0000 -124.88332   44.65180      99.34         11  0.000e+00
      57522   2396.708     59.809     60.305     7.9184     7.9176  34.119476  34.119491     7.9126     7.9118    32.8083    32.8091    25.5656    25.5662     6.1308     6.3499    186.815    193.490     1.8107     1.7607     0.0513     0.2571     3.2698     0.0000     0.0000 -124.88332   44.65180      99.37         11  0.000e+00
      57523   2396.750     59.782     60.278     7.9187     7.9178  34.119351  34.119802     7.9129     7.9120    32.8079    32.8092    25.5652    25.5663     6.1308     6.3498    186.813    193.488     1.8107     1.7607     0.0513     0.2571     3.2698     0.0000     0.0000 -124.88332   44.65180      99.37         11  0.000e+00
      57524   2396.792     59.756     60.252     7.9189     7.9178  34.119102  34.119615     7.9131     7.9120    32.8075    32.8091    25.5648    25.5662     6.1307     6.3498    186.812    193.488     1.8107     1.7607     0.0513     0.2571     3.2698     0.0000     0.0000 -124.88332   44.65180      99.37         11  0.000e+00
      57525   2396.833     59.756     60.252     7.9188     7.9181  34.119476  34.119366     7.9130     7.9123    32.8080    32.8085    25.5652    25.5657     6.1307     6.3498    186.812    193.487     1.8107     1.7607     0.0513     0.2571     3.2686     0.0000     0.0000 -124.88332   44.65180      99.37         11  0.000e+00
      57526   2396.875     59.782     60.279     7.9190     7.9178  34.119165  34.119491     7.9132     7.9120    32.8074    32.8089    25.5647    25.5661     6.1307     6.3498    186.812    193.489     1.8107     1.7607     0.0513     0.2571     3.2698     0.0000     0.0000 -124.88332   44.65180      99.37         11  0.000e+00
      57527   2396.917     59.710     60.205     7.9190     7.9180  34.119227  34.119366     7.9132     7.9122    32.8075    32.8087    25.5648    25.5659     6.1307     6.3498    186.810    193.486     1.8107     1.7607     0.0513     0.2571     3.2698     0.0000     0.0000 -124.88332   44.65180      99.37         11  0.000e+00
      57528   2396.958     59.782     60.279     7.9195     7.9181  34.119351  34.119304     7.9137     7.9123    32.8072    32.8084    25.5645    25.5657     6.1307     6.3498    186.811    193.488     1.8107     1.7607     0.0513     0.2571     3.2698     0.0000     0.0000 -124.88332   44.65180      99.37         11  0.000e+00
      57529   2397.000     59.710     60.205     7.9194     7.9184  34.119351  34.119491     7.9136     7.9126    32.8073    32.8083    25.5646    25.5656     6.1306     6.3497    186.809    193.485     1.8107     1.7607     0.0513     0.2571     3.2698     0.0000     0.0000 -124.88332   44.65180      99.37         11  0.000e+00
      57530   2397.042     59.683     60.178     7.9196     7.9183  34.119538  34.119802     7.9138     7.9125    32.8073    32.8088    25.5646    25.5660     6.1249     6.3497    186.635    193.484     1.8095     1.7607     0.0513     0.2571     3.2686     0.0000     0.0000 -124.88332   44.65180      99.37         11  0.000e+00
      57531   2397.083     59.710     60.205     7.9195     7.9186  34.119164  34.119428     7.9137     7.9128    32.8070    32.8081    25.5643    25.5654     6.1250     6.3497    186.637    193.484     1.8095     1.7607     0.0513     0.2571     3.2686     0.0000     0.0000 -124.88332   44.65180      99.37         11  0.000e+00
      57532   2397.125     59.683     60.178     7.9196     7.9189  34.119226  34.119926     7.9138     7.9131    32.8070    32.8084    25.5643    25.5655     6.1249     6.3496    186.636    193.482     1.8095     1.7607     0.0513     0.2571     3.2698     0.0000     0.0000 -124.88332   44.65180      99.37         11  0.000e+00
      57533   2397.167     59.663     60.158     7.9195     7.9191  34.119351  34.119988     7.9137     7.9133    32.8072    32.8083    25.5645    25.5654     6.1249     6.3496    186.635    193.480     1.8095     1.7607     0.0513     0.2571     3.2698     0.0000     0.0000 -124.88332   44.65180      99.37         11  0.000e+00
      57534   2397.208     59.683     60.178     7.9197     7.9194  34.119102  34.120113     7.9139     7.9136    32.8068    32.8081    25.5641    25.5652     6.1249     6.3495    186.635    193.480     1.8095     1.7607     0.0513     0.2571     3.2698     0.0000     0.0000 -124.88332   44.65180      99.37         11  0.000e+00
      57535   2397.250     59.663     60.158     7.9196     7.9196  34.119475  34.120175     7.9138     7.9138    32.8073    32.8080    25.5645    25.5651     6.1249     6.3495    186.635    193.478     1.8095     1.7607     0.0513     0.2571     3.2686     0.0000     0.0000 -124.88332   44.65180      99.37         11  0.000e+00
      57536   2397.292     59.637     60.132     7.9197     7.9197  34.119413  34.119926     7.9139     7.9139    32.8071    32.8076    25.5644    25.5648     6.1249     6.3495    186.634    193.478     1.8095     1.7607     0.0513     0.2571     3.2686     0.0000     0.0000 -124.88332   44.65180      99.37         11  0.000e+00
