WCOA/WCOA-6/CTD_Data/RB2102_CTD_006_01.ros
* Sea-Bird SBE 9 Data File:
* FileName = C:\Users\scs.user.rb\CTD\RB2102\Data\RB2102_CTD_006_01.hex
* Software Version Seasave V 7.26.7.107
* Temperature SN = 6202
* Conductivity SN = 4907
* Number of Bytes Per Scan = 41
* Number of Voltage Words = 4
* Number of Scans Averaged by the Deck Unit = 1
* NMEA Latitude = 52 01.06 N
* NMEA Longitude = 129 58.22 W
* NMEA UTC (Time) = Jun 26 2021  04:00:57
* NMEA baud rate = 4800
# nquan = 30
# nvalues = 882                                   
# units = specified
# name 0 = scan: Scan Count
# name 1 = timeS: Time, Elapsed [seconds]
# name 2 = depSM: Depth [salt water, m]
# name 3 = prDM: Pressure, Digiquartz [db]
# name 4 = t090C: Temperature [ITS-90, deg C]
# name 5 = t190C: Temperature, 2 [ITS-90, deg C]
# name 6 = c0mS/cm: Conductivity [mS/cm]
# name 7 = c1mS/cm: Conductivity, 2 [mS/cm]
# name 8 = potemp090C: Potential Temperature [ITS-90, deg C]
# name 9 = potemp190C: Potential Temperature, 2 [ITS-90, deg C]
# name 10 = sal00: Salinity, Practical [PSU]
# name 11 = sal11: Salinity, Practical, 2 [PSU]
# name 12 = sigma-é00: Density [sigma-theta, kg/m^3]
# name 13 = sigma-é11: Density, 2 [sigma-theta, kg/m^3]
# name 14 = sbeox0Mg/L: Oxygen, SBE 43 [mg/l]
# name 15 = sbeox1Mg/L: Oxygen, SBE 43, 2 [mg/l]
# name 16 = sbox0Mm/Kg: Oxygen, SBE 43 [umol/kg]
# name 17 = sbox1Mm/Kg: Oxygen, SBE 43, 2 [umol/kg]
# name 18 = sbeox0V: Oxygen raw, SBE 43 [V]
# name 19 = sbeox1V: Oxygen raw, SBE 43, 2 [V]
# name 20 = v4: Voltage 4
# name 21 = flECO-AFL: Fluorescence, WET Labs ECO-AFL/FL [mg/m^3]
# name 22 = v3: Voltage 3
# name 23 = v6: Voltage 6
# name 24 = v7: Voltage 7
# name 25 = longitude: Longitude [deg]
# name 26 = latitude: Latitude [deg]
# name 27 = altM: Altimeter [m]
# name 28 = nbf: Bottles Fired
# name 29 = flag:  0.000e+00
# interval = seconds: 0.0416667
# start_time = Jun 26 2021 04:00:57 [NMEA time, header]
# bad_flag = -9.990e-29
*END*
[from data line 581]
      48084   2003.458     20.431     20.613    11.0476    11.0478  35.757586  35.757041    11.0452    11.0453    31.6897    31.6890    24.1910    24.1905     9.8460     9.6454    300.424    294.303     2.7680     2.5580     0.1099     1.7223     3.3541     0.9255     2.4725 -129.97094   52.01750      99.78         12  0.000e+00
      48085   2003.500     20.438     20.619    11.0479    11.0477  35.757967  35.757231    11.0455    11.0453    31.6898    31.6892    24.1910    24.1906     9.8459     9.6454    300.422    294.303     2.7680     2.5580     0.1099     1.7223     3.3541     0.9255     2.4725 -129.97094   52.01750      99.78         12  0.000e+00
      48086   2003.542     20.484     20.666    11.0483    11.0478  35.758348  35.757485    11.0458    11.0454    31.6899    31.6894    24.1910    24.1907     9.8459     9.6511    300.422    294.479     2.7680     2.5592     0.1111     1.7528     3.3553     0.9255     2.4725 -129.97094   52.01750      99.78         12  0.000e+00
      48087   2003.583     20.385     20.566    11.0481    11.0478  35.758284  35.757358    11.0457    11.0454    31.6899    31.6893    24.1911    24.1906     9.8458     9.6453    300.419    294.300     2.7680     2.5580     0.1123     1.7833     3.3565     0.9255     2.4725 -129.97094   52.01750      99.80         12  0.000e+00
      48088   2003.625     20.484     20.666    11.0479    11.0478  35.757904  35.757548    11.0455    11.0454    31.6897    31.6894    24.1909    24.1908     9.8460     9.6454    300.424    294.304     2.7680     2.5580     0.1123     1.7833     3.3553     0.9255     2.4725 -129.97094   52.01750      99.78         12  0.000e+00
      48089   2003.667     20.385     20.566    11.0479    11.0480  35.758284  35.757421    11.0455    11.0456    31.6901    31.6892    24.1913    24.1905     9.8511     9.6510    300.580    294.474     2.7692     2.5592     0.1123     1.7833     3.3541     0.9255     2.4725 -129.97094   52.01750      99.80         12  0.000e+00
      48090   2003.708     20.432     20.613    11.0478    11.0479  35.758284  35.757105    11.0454    11.0455    31.6902    31.6890    24.1914    24.1904     9.8512     9.6511    300.583    294.477     2.7692     2.5592     0.1123     1.7833     3.3553     0.9255     2.4725 -129.97094   52.01750      99.78         12  0.000e+00
      51329   2138.667      9.708      9.794    12.2880    12.2882  36.797236  36.797001    12.2867    12.2870    31.6444    31.6440    23.9309    23.9305    10.0877     9.9045    307.877    302.287     2.8913     2.6764     0.1099     1.7223     3.3529     0.8645     2.2637 -129.97096   52.01748      99.88         13  0.000e+00
      51330   2138.708      9.708      9.794    12.2877    12.2887  36.796467  36.797513    12.2865    12.2875    31.6439    31.6441    23.9305    23.9305    10.0929     9.9044    308.036    302.283     2.8926     2.6764     0.1099     1.7223     3.3541     0.8657     2.2637 -129.97096   52.01748      99.88         13  0.000e+00
      51331   2138.750      9.761      9.847    12.2874    12.2890  36.796018  36.797513    12.2861    12.2878    31.6438    31.6438    23.9305    23.9302    10.0931     9.9044    308.041    302.284     2.8926     2.6764     0.1099     1.7223     3.3529     0.8645     2.2637 -129.97096   52.01748      99.85         13  0.000e+00
      51332   2138.792      9.820      9.907    12.2871    12.2899  36.795377  36.798283    12.2858    12.2886    31.6434    31.6438    23.9303    23.9300    10.0932     9.9043    308.046    302.281     2.8926     2.6764     0.1099     1.7223     3.3516     0.8657     2.2637 -129.97096   52.01748      99.15         13  0.000e+00
      51333   2138.833      9.708      9.794    12.2865    12.2910  36.794992  36.798987    12.2853    12.2898    31.6435    31.6435    23.9304    23.9296    10.0932     9.9095    308.045    302.439     2.8926     2.6777     0.1111     1.7528     3.3516     0.8657     2.2637 -129.97096   52.01748      94.04         13  0.000e+00
      51334   2138.875      9.708      9.794    12.2867    12.2920  36.794671  36.800654    12.2855    12.2908    31.6431    31.6443    23.9301    23.9300    10.0881     9.9037    307.889    302.261     2.8913     2.6764     0.1111     1.7528     3.3529     0.8645     2.2637 -129.97096   52.01748      91.70         13  0.000e+00
      51335   2138.917      9.761      9.847    12.2862    12.2954  36.794607  36.803025    12.2849    12.2941    31.6434    31.6437    23.9304    23.9289    10.0882     9.9086    307.893    302.411     2.8913     2.6777     0.1111     1.7528     3.3516     0.8657     2.2637 -129.97096   52.01748      91.60         13  0.000e+00
      51336   2138.958      9.721      9.807    12.2856    12.3024  36.793645  36.808152    12.2843    12.3011    31.6431    31.6427    23.9303    23.9269    10.0883     9.9070    307.897    302.364     2.8913     2.6777     0.1111     1.7528     3.3529     0.8657     2.2637 -129.97096   52.01748      91.87         13  0.000e+00
      51337   2139.000      9.761      9.847    12.2842    12.3077  36.792747  36.812960    12.2830    12.3065    31.6433    31.6428    23.9307    23.9259    10.0887     9.9059    307.906    302.329     2.8913     2.6777     0.1111     1.7528     3.3516     0.8645     2.2637 -129.97096   52.01748      91.94         13  0.000e+00
      51338   2139.042      9.708      9.794    12.2830    12.3109  36.791914  36.815844    12.2818    12.3096    31.6435    31.6429    23.9311    23.9254    10.0940     9.9051    308.068    302.305     2.8926     2.6777     0.1111     1.7528     3.3516     0.8645     2.2637 -129.97096   52.01748      92.94         13  0.000e+00
      51339   2139.083      9.761      9.847    12.2827    12.3132  36.791208  36.818024    12.2815    12.3119    31.6431    31.6430    23.9308    23.9251    10.0890     9.9046    307.917    302.292     2.8913     2.6777     0.1111     1.7528     3.3529     0.8645     2.2869 -129.97096   52.01748      98.05         13  0.000e+00
      51340   2139.125      9.768      9.854    12.2819    12.3149  36.789541  36.819177    12.2806    12.3136    31.6422    31.6427    23.9303    23.9245    10.0892     9.9043    307.925    302.281     2.8913     2.6777     0.1111     1.7528     3.3529     0.8657     2.3028 -129.97096   52.01748      99.76         13  0.000e+00
      51341   2139.167      9.708      9.794    12.2788    12.3160  36.786335  36.819754    12.2775    12.3148    31.6418    31.6423    23.9306    23.9239    10.0899     9.9040    307.944    302.272     2.8913     2.6777     0.1111     1.7528     3.3529     0.8657     2.3053 -129.97096   52.01748      99.76         13  0.000e+00
      51342   2139.208      9.807      9.894    12.2751    12.3177  36.783321  36.820844    12.2738    12.3164    31.6420    31.6419    23.9314    23.9233    10.0908     9.9037    307.972    302.265     2.8913     2.6777     0.1111     1.7528     3.3529     0.8645     2.3028 -129.97096   52.01748      99.88         13  0.000e+00
      51343   2139.250      9.708      9.794    12.2728    12.3185  36.782039  36.820587    12.2715    12.3173    31.6428    31.6410    23.9324    23.9225    10.0911     9.9091    307.982    302.427     2.8913     2.6789     0.1111     1.7528     3.3516     0.8657     2.3028 -129.97096   52.01748      99.85         13  0.000e+00
      51344   2139.292      9.768      9.854    12.2714    12.3160  36.781911  36.817767    12.2702    12.3148    31.6437    31.6404    23.9334    23.9225    10.0914     9.9042    307.991    302.278     2.8913     2.6777     0.1111     1.7528     3.3529     0.8657     2.3028 -129.97096   52.01748      99.85         13  0.000e+00
      51345   2139.333      9.807      9.894    12.2703    12.3115  36.780949  36.813152    12.2690    12.3103    31.6438    31.6398    23.9337    23.9228    10.0917     9.9108    308.000    302.481     2.8913     2.6789     0.1111     1.7528     3.3529     0.8657     2.3028 -129.97096   52.01748      99.85         13  0.000e+00
      51346   2139.375      9.761      9.848    12.2694    12.3050  36.780821  36.807896    12.2682    12.3038    31.6444    31.6402    23.9343    23.9244    10.0918     9.9122    308.002    302.523     2.8913     2.6789     0.1111     1.7528     3.3529     0.8657     2.3028 -129.97096   52.01748      99.85         13  0.000e+00
      51347   2139.417      9.807      9.894    12.2691    12.2969  36.780693  36.801294    12.2679    12.2957    31.6445    31.6407    23.9345    23.9263    10.0919     9.9140    308.006    302.579     2.8913     2.6789     0.1111     1.7528     3.3529     0.8645     2.3028 -129.97096   52.01748      99.85         13  0.000e+00
      51348   2139.458      9.768      9.854    12.2688    12.2902  36.780244  36.796552    12.2675    12.2889    31.6444    31.6419    23.9344    23.9285    10.0920     9.9154    308.007    302.620     2.8913     2.6789     0.1111     1.7528     3.3529     0.8657     2.3028 -129.97096   52.01748      99.85         13  0.000e+00
      51349   2139.500      9.807      9.894    12.2694    12.2857  36.781206  36.793925    12.2682    12.2845    31.6447    31.6432    23.9346    23.9303    10.0919     9.9164    308.003    302.649     2.8913     2.6789     0.1111     1.7528     3.3529     0.8645     2.3028 -129.97096   52.01748      99.88         13  0.000e+00
      51350   2139.542      9.854      9.941    12.2706    12.2836  36.781783  36.793028    12.2694    12.2823    31.6443    31.6441    23.9340    23.9314    10.0917     9.9169    307.998    302.664     2.8913     2.6789     0.1111     1.7528     3.3529     0.8645     2.3028 -129.97096   52.01748      99.88         13  0.000e+00
      51351   2139.583      9.761      9.848    12.2706    12.2830  36.781911  36.793284    12.2693    12.2818    31.6444    31.6448    23.9341    23.9321    10.0916     9.9168    307.994    302.662     2.8913     2.6789     0.1111     1.7528     3.3529     0.8645     2.3028 -129.97096   52.01748      99.85         13  0.000e+00
      51352   2139.625      9.867      9.954    12.2709    12.2827  36.781911  36.793028    12.2697    12.2814    31.6441    31.6448    23.9338    23.9322    10.0917     9.9115    307.997    302.499     2.8913     2.6777     0.1111     1.7528     3.3529     0.8645     2.3028 -129.97096   52.01748      99.88         13  0.000e+00
      51353   2139.667      9.808      9.894    12.2713    12.2824  36.782424  36.792771    12.2700    12.2811    31.6444    31.6449    23.9340    23.9323    10.0915     9.9171    307.992    302.669     2.8913     2.6789     0.1111     1.7528     3.3529     0.8645     2.3028 -129.97096   52.01748      99.88         13  0.000e+00
      51354   2139.708      9.854      9.941    12.2713    12.2819  36.782617  36.791233    12.2700    12.2806    31.6445    31.6438    23.9341    23.9315    10.0915     9.9117    307.993    302.506     2.8913     2.6777     0.1111     1.7528     3.3529     0.8657     2.3028 -129.97096   52.01748      99.88         13  0.000e+00
      51355   2139.750      9.854      9.941    12.2709    12.2800  36.781334  36.789055    12.2697    12.2787    31.6436    31.6433    23.9334    23.9315    10.0917     9.9177    307.998    302.690     2.8913     2.6789     0.1111     1.7528     3.3529     0.8645     2.3028 -129.97096   52.01748      99.85         13  0.000e+00
      51356   2139.792      9.867      9.955    12.2696    12.2777  36.778962  36.786748    12.2684    12.2764    31.6424    31.6430    23.9327    23.9317    10.0869     9.9183    307.853    302.707     2.8901     2.6789     0.1111     1.7528     3.3529     0.8657     2.3028 -129.97096   52.01748      99.85         13  0.000e+00
      51357   2139.833      9.854      9.941    12.2675    12.2760  36.776846  36.785466    12.2662    12.2748    31.6422    31.6432    23.9330    23.9322    10.0874     9.9186    307.867    302.717     2.8901     2.6789     0.1111     1.7528     3.3529     0.8645     2.3028 -129.97096   52.01748      99.85         13  0.000e+00
      51358   2139.875      9.907      9.995    12.2660    12.2756  36.776205  36.785210    12.2648    12.2744    31.6428    31.6433    23.9337    23.9323    10.0877     9.9132    307.878    302.552     2.8901     2.6777     0.1111     1.7528     3.3541     0.8645     2.3028 -129.97096   52.01748      99.85         13  0.000e+00
      51359   2139.917      9.907      9.995    12.2651    12.2755  36.776077  36.785466    12.2638    12.2743    31.6434    31.6436    23.9344    23.9326    10.0879     9.9132    307.882    302.552     2.8901     2.6777     0.1074     1.6612     3.3529     0.8657     2.3028 -129.97096   52.01748      99.88         13  0.000e+00
      51360   2139.958      9.867      9.955    12.2643    12.2751  36.776077  36.784825    12.2631    12.2739    31.6441    31.6434    23.9351    23.9325    10.0880     9.9133    307.884    302.553     2.8901     2.6777     0.1062     1.6307     3.3541     0.8645     2.3028 -129.97096   52.01748      99.88         13  0.000e+00
      51361   2140.000      9.953     10.041    12.2630    12.2752  36.775308  36.785274    12.2617    12.2740    31.6445    31.6437    23.9356    23.9327    10.0884     9.9189    307.896    302.725     2.8901     2.6789     0.1050     1.6002     3.3516     0.8657     2.3028 -129.97096   52.01748      99.85         13  0.000e+00
      51362   2140.042      9.854      9.941    12.2625    12.2741  36.775564  36.783544    12.2612    12.2728    31.6452    31.6430    23.9363    23.9324    10.0883     9.9191    307.894    302.731     2.8901     2.6789     0.1062     1.6307     3.3529     0.8657     2.3028 -129.97096   52.01748      99.85         13  0.000e+00
      51363   2140.083      9.953     10.041    12.2623    12.2711  36.774987  36.780468    12.2610    12.2698    31.6448    31.6426    23.9359    23.9326    10.0885     9.9199    307.900    302.756     2.8901     2.6789     0.1062     1.6307     3.3516     0.8657     2.2833 -129.97096   52.01748      99.85         13  0.000e+00
      51364   2140.125      9.914     10.001    12.2623    12.2686  36.774795  36.778226    12.2610    12.2673    31.6446    31.6426    23.9358    23.9331    10.0833     9.9204    307.742    302.771     2.8889     2.6789     0.1062     1.6307     3.3529     0.8657     2.2698 -129.97096   52.01748      99.85         13  0.000e+00
      51365   2140.167      9.953     10.041    12.2620    12.2659  36.774987  36.777009    12.2607    12.2646    31.6450    31.6436    23.9362    23.9344    10.0834     9.9210    307.745    302.789     2.8889     2.6789     0.1062     1.6307     3.3529     0.8645     2.2674 -129.97096   52.01748      99.88         13  0.000e+00
      51366   2140.208      9.953     10.041    12.2618    12.2646  36.774410  36.775791    12.2605    12.2633    31.6446    31.6436    23.9359    23.9346    10.0835     9.9157    307.747    302.628     2.8889     2.6777     0.1062     1.6307     3.3516     0.8657     2.2686 -129.97096   52.01748      99.85         13  0.000e+00
      51367   2140.250      9.953     10.042    12.2620    12.2636  36.774153  36.775471    12.2607    12.2623    31.6442    31.6441    23.9356    23.9352    10.0835     9.9215    307.747    302.803     2.8889     2.6789     0.1062     1.6307     3.3541     0.8645     2.2698 -129.97096   52.01748      99.88         13  0.000e+00
      51368   2140.292      9.967     10.055    12.2620    12.2630  36.774346  36.774958    12.2607    12.2618    31.6444    31.6441    23.9357    23.9353    10.0835     9.9216    307.747    302.808     2.8889     2.6789     0.1062     1.6307     3.3529     0.8657     2.2698 -129.97096   52.01748      99.85         13  0.000e+00
