WCOA/WCOA-6/CTD_Data/RB2102_CTD_032_01.ros
* Sea-Bird SBE 9 Data File:
* FileName = C:\Users\scs.user.rb\CTD\RB2102\Data\RB2102_CTD_032_01.hex
* Software Version Seasave V 7.26.7.107
* Temperature SN = 6202
* Conductivity SN = 4907
* Number of Bytes Per Scan = 41
* Number of Voltage Words = 4
* Number of Scans Averaged by the Deck Unit = 1
* NMEA Latitude = 46 07.72 N
* NMEA Longitude = 124 16.15 W
* NMEA UTC (Time) = Jul 01 2021  03:09:19
* NMEA baud rate = 4800
# nquan = 30
# nvalues = 784                                   
# units = specified
# name 0 = scan: Scan Count
# name 1 = timeS: Time, Elapsed [seconds]
# name 2 = depSM: Depth [salt water, m]
# name 3 = prDM: Pressure, Digiquartz [db]
# name 4 = t090C: Temperature [ITS-90, deg C]
# name 5 = t190C: Temperature, 2 [ITS-90, deg C]
# name 6 = c0mS/cm: Conductivity [mS/cm]
# name 7 = c1mS/cm: Conductivity, 2 [mS/cm]
# name 8 = potemp090C: Potential Temperature [ITS-90, deg C]
# name 9 = potemp190C: Potential Temperature, 2 [ITS-90, deg C]
# name 10 = sal00: Salinity, Practical [PSU]
# name 11 = sal11: Salinity, Practical, 2 [PSU]
# name 12 = sigma-é00: Density [sigma-theta, kg/m^3]
# name 13 = sigma-é11: Density, 2 [sigma-theta, kg/m^3]
# name 14 = sbeox0Mg/L: Oxygen, SBE 43 [mg/l]
# name 15 = sbeox1Mg/L: Oxygen, SBE 43, 2 [mg/l]
# name 16 = sbox0Mm/Kg: Oxygen, SBE 43 [umol/kg]
# name 17 = sbox1Mm/Kg: Oxygen, SBE 43, 2 [umol/kg]
# name 18 = sbeox0V: Oxygen raw, SBE 43 [V]
# name 19 = sbeox1V: Oxygen raw, SBE 43, 2 [V]
# name 20 = v4: Voltage 4
# name 21 = flECO-AFL: Fluorescence, WET Labs ECO-AFL/FL [mg/m^3]
# name 22 = v3: Voltage 3
# name 23 = v6: Voltage 6
# name 24 = v7: Voltage 7
# name 25 = longitude: Longitude [deg]
# name 26 = latitude: Latitude [deg]
# name 27 = altM: Altimeter [m]
# name 28 = nbf: Bottles Fired
# name 29 = flag:  0.000e+00
# interval = seconds: 0.0416667
# start_time = Jul 01 2021 03:09:19 [NMEA time, header]
# bad_flag = -9.990e-29
*END*
[from data line 436]
      36393   1516.333     20.866     21.040     9.7854     9.6841  35.400698  35.262975     9.7831     9.6818    32.4447    32.3956    24.9929    24.9711     6.4404     6.4506    196.358    196.673     1.9438     1.8400     0.0879     1.1728     3.2991     1.1819     0.0000 -124.26972   46.12916      77.73          9  0.000e+00
      36394   1516.375     20.820     20.994     9.8021     9.6830  35.408340  35.263227     9.7998     9.6807    32.4375    32.3968    24.9845    24.9722     6.4436     6.4566    196.457    196.855     1.9451     1.8413     0.0879     1.1728     3.2991     1.1819     0.0000 -124.26972   46.12916      77.73          9  0.000e+00
      36395   1516.417     20.866     21.040     9.8123     9.6814  35.410929  35.262660     9.8100     9.6791    32.4309    32.3977    24.9778    24.9732     6.4424     6.4568    196.421    196.863     1.9451     1.8413     0.0879     1.1728     3.2979     1.1819     0.0000 -124.26972   46.12916      77.78          9  0.000e+00
      36396   1516.458     20.820     20.994     9.8178     9.6821  35.412570  35.262912     9.8155     9.6798    32.4276    32.3974    24.9743    24.9728     6.4417     6.4626    196.400    197.039     1.9451     1.8425     0.0879     1.1728     3.2991     1.1819     0.0000 -124.26972   46.12916      77.80          9  0.000e+00
      36397   1516.500     20.814     20.987     9.8216     9.6845  35.414655  35.263731     9.8193     9.6822    32.4264    32.3960    24.9727    24.9713     6.4466     6.4623    196.549    197.029     1.9463     1.8425     0.0879     1.1728     3.2991     1.1819     0.0000 -124.26972   46.12916      77.83          9  0.000e+00
      39015   1625.583     14.350     14.469    11.1795    11.2475  36.204149  36.249085    11.1777    11.2457    32.0174    32.0025    24.4225    24.3989     7.6461     7.4231    233.248    226.451     2.2686     2.0965     0.1136     1.8138     3.2930     1.0415     0.0000 -124.26976   46.12924      84.44         10  0.000e+00
      39016   1625.625     14.304     14.423    11.1791    11.2586  36.207272  36.259088    11.1774    11.2568    32.0208    32.0027    24.4252    24.3970     7.6512     7.4212    233.402    226.391     2.2698     2.0965     0.1136     1.8138     3.2918     1.0415     0.0000 -124.26976   46.12924      84.44         10  0.000e+00
      39017   1625.667     14.396     14.516    11.1801    11.2698  36.204149  36.267244    11.1783    11.2681    32.0169    32.0008    24.4220    24.3936     7.6566     7.4251    233.567    226.512     2.2711     2.0977     0.1136     1.8138     3.2930     1.0415     0.0000 -124.26976   46.12924      84.40         10  0.000e+00
      39018   1625.708     14.357     14.476    11.1762    11.2868  36.198223  36.275845    11.1745    11.2850    32.0144    31.9946    24.4208    24.3858     7.6625     7.4224    233.749    226.433     2.2723     2.0977     0.1136     1.8138     3.2930     1.0415     0.0000 -124.26976   46.12924      84.35         10  0.000e+00
      39019   1625.750     14.449     14.569    11.1710    11.3055  36.194018  36.285022    11.1693    11.3038    32.0148    31.9873    24.4220    24.3767     7.6687     7.4253    233.938    226.523     2.2735     2.0989     0.1136     1.8138     3.2930     1.0415     0.0000 -124.26976   46.12924      84.35         10  0.000e+00
      39020   1625.792     14.396     14.516    11.1666    11.3243  36.193636  36.292222    11.1648    11.3226    32.0183    31.9781    24.4255    24.3662     7.6693     7.4225    233.954    226.439     2.2735     2.0989     0.1136     1.8138     3.2930     1.0415     0.0000 -124.26976   46.12924      84.35         10  0.000e+00
      39021   1625.833     14.502     14.623    11.1649    11.3243  36.191661  36.282980    11.1632    11.3225    32.0177    31.9690    24.4253    24.3592     7.6749     7.4287    234.126    226.630     2.2747     2.1001     0.1148     1.8444     3.2930     1.0427     0.0000 -124.26976   46.12924      84.35         10  0.000e+00
      39022   1625.875     14.449     14.569    11.1613    11.3027  36.188030  36.263862    11.1596    11.3010    32.0173    31.9690    24.4256    24.3630     7.6755     7.4380    234.144    226.914     2.2747     2.1013     0.1136     1.8138     3.2943     1.0427     0.0000 -124.26976   46.12924      84.35         10  0.000e+00
      39023   1625.917     14.548     14.670    11.1547    11.2873  36.184463  36.256345    11.1530    11.2855    32.0195    31.9750    24.4285    24.3704     7.6819     7.4405    234.337    226.988     2.2759     2.1013     0.1136     1.8138     3.2943     1.0427     0.0000 -124.26976   46.12924      84.10         10  0.000e+00
      39024   1625.958     14.542     14.663    11.1514    11.2815  36.189305  36.256282    11.1497    11.2797    32.0271    31.9799    24.4351    24.3753     7.6821     7.4470    234.341    227.183     2.2759     2.1026     0.1136     1.8138     3.2943     1.0415     0.0000 -124.26976   46.12924      83.91         10  0.000e+00
      39025   1626.000     14.542     14.663    11.1552    11.2747  36.202814  36.249975    11.1535    11.2729    32.0371    31.9797    24.4421    24.3763     7.6862     7.4481    234.465    227.219     2.2772     2.1026     0.1136     1.8138     3.2918     1.0415     0.0000 -124.26976   46.12924      83.86         10  0.000e+00
      39026   1626.042     14.601     14.723    11.1668    11.2589  36.215368  36.236279    11.1650    11.2572    32.0394    31.9799    24.4419    24.3792     7.6841     7.4566    234.403    227.476     2.2772     2.1038     0.1136     1.8138     3.2943     1.0415     0.0000 -124.26976   46.12924      83.86         10  0.000e+00
      39027   1626.083     14.641     14.763    11.1801    11.2435  36.218745  36.221566    11.1783    11.2417    32.0311    31.9788    24.4331    24.3811     7.6875     7.4593    234.509    227.560     2.2784     2.1038     0.1136     1.8138     3.2918     1.0427     0.0000 -124.26976   46.12924      83.88         10  0.000e+00
      39028   1626.125     14.701     14.823    11.1877    11.2276  36.210905  36.206919    11.1859    11.2258    32.0168    31.9782    24.4206    24.3835     7.6870     7.4679    234.495    227.819     2.2784     2.1050     0.1087     1.6917     3.2943     1.0415     0.0000 -124.26976   46.12924      83.88         10  0.000e+00
      39029   1626.167     14.641     14.763    11.1883    11.2227  36.204149  36.208575    11.1866    11.2210    32.0096    31.9840    24.4149    24.3889     7.6924     7.4684    234.662    227.833     2.2796     2.1050     0.1038     1.5696     3.2918     1.0415     0.0000 -124.26976   46.12924      83.79         10  0.000e+00
      39030   1626.208     14.741     14.863    11.1872    11.2266  36.197777  36.215835    11.1854    11.2248    32.0043    31.9878    24.4110    24.3912     7.6930     7.4733    234.680    227.984     2.2796     2.1062     0.1038     1.5696     3.2918     1.0427     0.0000 -124.26976   46.12924      83.69         10  0.000e+00
      39031   1626.250     14.747     14.870    11.1799    11.2247  36.189558  36.213606    11.1782    11.2230    32.0025    31.9872    24.4108    24.3910     7.6995     7.4737    234.880    227.995     2.2808     2.1062     0.1038     1.5696     3.2930     1.0427     0.0000 -124.26976   46.12924      83.69         10  0.000e+00
      39032   1626.292     14.840     14.963    11.1725    11.2186  36.188794  36.207875    11.1707    11.2168    32.0082    31.9869    24.4166    24.3918     7.7006     7.4748    234.912    228.030     2.2808     2.1062     0.1038     1.5696     3.2918     1.0415     0.0000 -124.26976   46.12924      83.69         10  0.000e+00
      39033   1626.333     14.794     14.917    11.1699    11.2138  36.193446  36.203354    11.1681    11.2120    32.0150    31.9866    24.4224    24.3925     7.7007     7.4813    234.913    228.228     2.2808     2.1074     0.1038     1.5696     3.2918     1.0427     0.0000 -124.26976   46.12924      83.69         10  0.000e+00
      39034   1626.375     14.840     14.963    11.1714    11.2084  36.198161  36.195076    11.1696    11.2066    32.0184    31.9832    24.4247    24.3908     7.7003     7.4768    234.901    228.090     2.2808     2.1062     0.1038     1.5696     3.2918     1.0427     0.0000 -124.26976   46.12924      83.69         10  0.000e+00
      39035   1626.417     14.933     15.057    11.1742    11.2039  36.189432  36.188582    11.1724    11.2021    32.0073    31.9806    24.4156    24.3896     7.7057     7.4892    235.068    228.467     2.2821     2.1087     0.1038     1.5696     3.2930     1.0415     0.0000 -124.26976   46.12924      83.49         10  0.000e+00
      39036   1626.458     14.939     15.064    11.1659    11.2049  36.169618  36.190110    11.1641    11.2031    31.9950    31.9812    24.4075    24.3899     7.7077     7.4890    235.131    228.461     2.2821     2.1087     0.1038     1.5696     3.2930     1.0427     0.0000 -124.26976   46.12924      83.30         10  0.000e+00
      39037   1626.500     14.986     15.110    11.1523    11.2110  36.159110  36.195650    11.1505    11.2092    31.9965    31.9814    24.4111    24.3889     7.7101     7.4879    235.201    228.431     2.2821     2.1087     0.1038     1.5696     3.2930     1.0415     0.0000 -124.26976   46.12924      83.30         10  0.000e+00
      39038   1626.542     14.992     15.117    11.1415    11.2122  36.155735  36.200044    11.1397    11.2104    32.0025    31.9847    24.4177    24.3913     7.7116     7.4933    235.247    228.593     2.2821     2.1099     0.1038     1.5696     3.2930     1.0415     0.0000 -124.26976   46.12924      83.30         10  0.000e+00
      39039   1626.583     15.085     15.210    11.1351    11.2072  36.153443  36.201509    11.1333    11.2054    32.0058    31.9904    24.4214    24.3966     7.7126     7.4997    235.278    228.786     2.2821     2.1111     0.1038     1.5696     3.2943     1.0427     0.0000 -124.26976   46.12924      83.30         10  0.000e+00
      39040   1626.625     15.131     15.257    11.1300    11.1993  36.150259  36.197817    11.1282    11.1974    32.0071    31.9937    24.4233    24.4006     7.7083     7.5009    235.144    228.824     2.2808     2.1111     0.1038     1.5696     3.2930     1.0415     0.0000 -124.26976   46.12924      83.30         10  0.000e+00
      39041   1626.667     15.138     15.264    11.1259    11.1910  36.148222  36.194379    11.1241    11.1891    32.0087    31.9975    24.4252    24.4050     7.7141     7.5079    235.322    229.036     2.2821     2.1123     0.1038     1.5696     3.2930     1.0415     0.0000 -124.26976   46.12924      83.10         10  0.000e+00
      39042   1626.708     15.178     15.304    11.1249    11.1868  36.151852  36.194825    11.1231    11.1850    32.0131    32.0015    24.4288    24.4089     7.7194     7.5085    235.481    229.052     2.2833     2.1123     0.1050     1.6002     3.2930     1.0415     0.0000 -124.26976   46.12924      82.95         10  0.000e+00
      39043   1626.750     15.284     15.411    11.1270    11.1893  36.158349  36.198901    11.1252    11.1875    32.0176    32.0033    24.4319    24.4098     7.7137     7.5137    235.306    229.213     2.2821     2.1136     0.1038     1.5696     3.2930     1.0415     0.0000 -124.26976   46.12924      82.93         10  0.000e+00
      39044   1626.792     15.231     15.357    11.1325    11.1988  36.164846  36.202975    11.1306    11.1969    32.0193    31.9991    24.4323    24.4049     7.7073     7.5123    235.113    229.168     2.2808     2.1136     0.1038     1.5696     3.2930     1.0415     0.0000 -124.26976   46.12924      82.93         10  0.000e+00
      39045   1626.833     15.330     15.458    11.1376    11.2039  36.167330  36.201956    11.1357    11.2021    32.0172    31.9936    24.4298    24.3997     7.7119     7.5117    235.253    229.153     2.2821     2.1136     0.1038     1.5696     3.2930     1.0415     0.0000 -124.26976   46.12924      82.95         10  0.000e+00
      39046   1626.875     15.383     15.511    11.1387    11.2067  36.166693  36.201128    11.1369    11.2048    32.0156    31.9904    24.4283    24.3967     7.7171     7.5171    235.412    229.319     2.2833     2.1148     0.1038     1.5696     3.2930     1.0403     0.0000 -124.26976   46.12924      82.95         10  0.000e+00
      39047   1626.917     15.376     15.504    11.1394    11.1984  36.170515  36.176933    11.1375    11.1966    32.0188    31.9738    24.4307    24.3852     7.7116     7.5194    235.243    229.390     2.2821     2.1148     0.1038     1.5696     3.2930     1.0403     0.0000 -124.26976   46.12924      82.81         10  0.000e+00
      39048   1626.958     15.482     15.611    11.1442    11.1556  36.177586  36.123347    11.1423    11.1537    32.0215    31.9582    24.4320    24.3808     7.7107     7.5277    235.216    229.644     2.2821     2.1148     0.1038     1.5696     3.2930     1.0403     0.0000 -124.26976   46.12924      82.71         10  0.000e+00
      39049   1627.000     15.476     15.604    11.1521    11.1075  36.176439  36.083276    11.1502    11.1056    32.0135    31.9606    24.4244    24.3911     7.7097     7.5360    235.188    229.895     2.2821     2.1148     0.1038     1.5696     3.2930     1.0403     0.0000 -124.26976   46.12924      82.69         10  0.000e+00
      39050   1627.042     15.522     15.651    11.1550    11.0791  36.163570  36.081244    11.1532    11.0772    31.9983    31.9833    24.4120    24.4137     7.7048     7.5456    235.040    230.184     2.2808     2.1160     0.1038     1.5696     3.2930     1.0403     0.0000 -124.26976   46.12924      82.69         10  0.000e+00
      39051   1627.083     15.575     15.705    11.1531    11.0847  36.156755  36.105224    11.1512    11.0828    31.9932    32.0020    24.4084    24.4273     7.7054     7.5495    235.060    230.299     2.2808     2.1172     0.1038     1.5696     3.2918     1.0403     0.0000 -124.26976   46.12924      82.71         10  0.000e+00
      39052   1627.125     15.668     15.798    11.1523    11.0930  36.164526  36.122465    11.1504    11.0911    32.0016    32.0117    24.4150    24.4334     7.7052     7.5419    235.053    230.068     2.2808     2.1160     0.1038     1.5696     3.2930     1.0403     0.0000 -124.26976   46.12924      82.69         10  0.000e+00
      39053   1627.167     15.674     15.805    11.1562    11.0967  36.168157  36.128445    11.1543    11.0949    32.0017    32.0143    24.4144    24.4348     7.7046     7.5469    235.033    230.218     2.2808     2.1172     0.1038     1.5696     3.2930     1.0403     0.0000 -124.26976   46.12924      82.59         10  0.000e+00
      39054   1627.208     15.721     15.851    11.1560    11.0980  36.158921  36.131436    11.1541    11.0961    31.9927    32.0162    24.4075    24.4360     7.7051     7.5466    235.050    230.210     2.2808     2.1172     0.1001     1.4781     3.2930     1.0403     0.0000 -124.26976   46.12924      82.49         10  0.000e+00
      39055   1627.250     15.721     15.851    11.1478    11.0996  36.152680  36.132645    11.1459    11.0977    31.9937    32.0160    24.4097    24.4356     7.7012     7.5521    234.931    230.376     2.2796     2.1184     0.0965     1.3865     3.2930     1.0403     0.0000 -124.26976   46.12924      82.47         10  0.000e+00
      39056   1627.292     15.813     15.945    11.1402    11.0948  36.157649  36.124056    11.1383    11.0929    32.0052    32.0116    24.4200    24.4330     7.7020     7.5532    234.954    230.411     2.2796     2.1184     0.0952     1.3560     3.2930     1.0403     0.0000 -124.26976   46.12924      82.47         10  0.000e+00
