WCOA/WCOA-6/CTD_Data/RB2102_CTD_013_01.ros
* Sea-Bird SBE 9 Data File:
* FileName = C:\Users\scs.user.rb\CTD\RB2102\Data\RB2102_CTD_013_01.hex
* Software Version Seasave V 7.26.7.107
* Temperature SN = 6202
* Conductivity SN = 4907
* Number of Bytes Per Scan = 41
* Number of Voltage Words = 4
* Number of Scans Averaged by the Deck Unit = 1
* NMEA Latitude = 48 46.85 N
* NMEA Longitude = 125 34.43 W
* NMEA UTC (Time) = Jun 28 2021  04:51:23
* NMEA baud rate = 4800
# nquan = 30
# nvalues = 686                                   
# units = specified
# name 0 = scan: Scan Count
# name 1 = timeS: Time, Elapsed [seconds]
# name 2 = depSM: Depth [salt water, m]
# name 3 = prDM: Pressure, Digiquartz [db]
# name 4 = t090C: Temperature [ITS-90, deg C]
# name 5 = t190C: Temperature, 2 [ITS-90, deg C]
# name 6 = c0mS/cm: Conductivity [mS/cm]
# name 7 = c1mS/cm: Conductivity, 2 [mS/cm]
# name 8 = potemp090C: Potential Temperature [ITS-90, deg C]
# name 9 = potemp190C: Potential Temperature, 2 [ITS-90, deg C]
# name 10 = sal00: Salinity, Practical [PSU]
# name 11 = sal11: Salinity, Practical, 2 [PSU]
# name 12 = sigma-é00: Density [sigma-theta, kg/m^3]
# name 13 = sigma-é11: Density, 2 [sigma-theta, kg/m^3]
# name 14 = sbeox0Mg/L: Oxygen, SBE 43 [mg/l]
# name 15 = sbeox1Mg/L: Oxygen, SBE 43, 2 [mg/l]
# name 16 = sbox0Mm/Kg: Oxygen, SBE 43 [umol/kg]
# name 17 = sbox1Mm/Kg: Oxygen, SBE 43, 2 [umol/kg]
# name 18 = sbeox0V: Oxygen raw, SBE 43 [V]
# name 19 = sbeox1V: Oxygen raw, SBE 43, 2 [V]
# name 20 = v4: Voltage 4
# name 21 = flECO-AFL: Fluorescence, WET Labs ECO-AFL/FL [mg/m^3]
# name 22 = v3: Voltage 3
# name 23 = v6: Voltage 6
# name 24 = v7: Voltage 7
# name 25 = longitude: Longitude [deg]
# name 26 = latitude: Latitude [deg]
# name 27 = altM: Altimeter [m]
# name 28 = nbf: Bottles Fired
# name 29 = flag:  0.000e+00
# interval = seconds: 0.0416667
# start_time = Jun 28 2021 04:51:23 [NMEA time, header]
# bad_flag = -9.990e-29
*END*
[from data line 291]
      33915   1413.083     59.863     60.383     8.5484     8.5474  34.683594  34.681938     8.5423     8.5413    32.8173    32.8165    25.4796    25.4791     4.6245     4.5510    140.925    138.687     1.5006     1.4188     0.0440     0.0739     3.2601     1.5201     0.5983 -125.57496   48.78054      83.52          6  0.000e+00
      33916   1413.125     59.936     60.457     8.5488     8.5476  34.684096  34.681876     8.5427     8.5415    32.8174    32.8162    25.4796    25.4789     4.6189     4.5450    140.756    138.503     1.4994     1.4176     0.0440     0.0739     3.2601     1.5201     0.5983 -125.57496   48.78054      83.52          6  0.000e+00
      33917   1413.167     59.916     60.437     8.5488     8.5476  34.683845  34.681625     8.5427     8.5415    32.8171    32.8160    25.4794    25.4787     4.6189     4.5450    140.755    138.503     1.4994     1.4176     0.0452     0.1044     3.2601     1.5214     0.5983 -125.57496   48.78054      83.54          6  0.000e+00
      37239   1551.583     50.311     50.747     8.6985     8.6978  34.624221  34.623111     8.6933     8.6926    32.6205    32.6200    25.3025    25.3022     4.8081     4.7281    146.547    144.108     1.5446     1.4579     0.0452     0.1044     3.2589     1.5189     0.0940 -125.57492   48.78054      93.43          7  0.000e+00
      37240   1551.625     50.331     50.767     8.6985     8.6978  34.624034  34.622485     8.6933     8.6926    32.6203    32.6193    25.3023    25.3017     4.8081     4.7281    146.548    144.109     1.5446     1.4579     0.0464     0.1350     3.2589     1.5189     0.0940 -125.57492   48.78054      93.28          7  0.000e+00
      37241   1551.667     50.232     50.667     8.6982     8.6978  34.623532  34.622797     8.6931     8.6926    32.6201    32.6197    25.3022    25.3020     4.8025     4.7220    146.378    143.923     1.5433     1.4567     0.0464     0.1350     3.2589     1.5189     0.0940 -125.57492   48.78054      93.24          7  0.000e+00
      37242   1551.708     50.278     50.713     8.6982     8.6978  34.624159  34.622985     8.6930     8.6926    32.6208    32.6199    25.3028    25.3021     4.8081     4.7220    146.547    143.923     1.5446     1.4567     0.0464     0.1350     3.2589     1.5189     0.0940 -125.57492   48.78054      93.24          7  0.000e+00
      37243   1551.750     50.311     50.747     8.6980     8.6976  34.623908  34.623424     8.6928     8.6924    32.6207    32.6205    25.3027    25.3026     4.8081     4.7281    146.549    144.108     1.5446     1.4579     0.0452     0.1044     3.2613     1.5189     0.0940 -125.57492   48.78054      93.26          7  0.000e+00
      37244   1551.792     50.278     50.713     8.6976     8.6976  34.623470  34.623611     8.6925     8.6924    32.6205    32.6207    25.3026    25.3028     4.8026     4.7281    146.380    144.107     1.5433     1.4579     0.0464     0.1350     3.2601     1.5189     0.0940 -125.57492   48.78054      93.26          7  0.000e+00
      37245   1551.833     50.331     50.767     8.6975     8.6978  34.623721  34.623611     8.6923     8.6926    32.6209    32.6205    25.3030    25.3026     4.8027     4.7281    146.381    144.108     1.5433     1.4579     0.0464     0.1350     3.2589     1.5189     0.0940 -125.57492   48.78054      93.28          7  0.000e+00
      37246   1551.875     50.258     50.693     8.6970     8.6978  34.623720  34.623799     8.6918     8.6926    32.6214    32.6207    25.3034    25.3028     4.8082     4.7280    146.550    144.106     1.5446     1.4579     0.0452     0.1044     3.2601     1.5189     0.0940 -125.57492   48.78054      93.41          7  0.000e+00
      37247   1551.917     50.278     50.713     8.6972     8.6977  34.623533  34.623861     8.6920     8.6926    32.6210    32.6208    25.3031    25.3029     4.8027     4.7280    146.381    144.107     1.5433     1.4579     0.0452     0.1044     3.2601     1.5189     0.0940 -125.57492   48.78054      93.43          7  0.000e+00
      37248   1551.958     50.331     50.767     8.6971     8.6976  34.623408  34.624049     8.6920     8.6924    32.6209    32.6211    25.3030    25.3031     4.8082     4.7281    146.552    144.108     1.5446     1.4579     0.0464     0.1350     3.2589     1.5189     0.0940 -125.57492   48.78054      93.43          7  0.000e+00
      37249   1552.000     50.278     50.713     8.6970     8.6978  34.623157  34.623486     8.6918     8.6926    32.6208    32.6204    25.3030    25.3025     4.8082     4.7280    146.551    144.107     1.5446     1.4579     0.0464     0.1350     3.2589     1.5189     0.0940 -125.57492   48.78054      93.43          7  0.000e+00
      37250   1552.042     50.258     50.693     8.6968     8.6979  34.623157  34.622798     8.6917     8.6928    32.6209    32.6196    25.3031    25.3018     4.8082     4.7280    146.551    144.107     1.5446     1.4579     0.0464     0.1350     3.2589     1.5189     0.0940 -125.57492   48.78054      93.43          7  0.000e+00
      37251   1552.083     50.278     50.714     8.6965     8.6981  34.623345  34.623361     8.6914     8.6930    32.6214    32.6200    25.3035    25.3021     4.8083     4.7280    146.552    144.106     1.5446     1.4579     0.0464     0.1350     3.2601     1.5189     0.0940 -125.57492   48.78054      93.41          7  0.000e+00
      37252   1552.125     50.232     50.667     8.6966     8.6979  34.623157  34.623110     8.6915     8.6928    32.6212    32.6199    25.3033    25.3021     4.8027     4.7280    146.382    144.106     1.5433     1.4579     0.0452     0.1044     3.2601     1.5189     0.0940 -125.57492   48.78054      93.31          7  0.000e+00
      37253   1552.167     50.311     50.747     8.6963     8.6979  34.623658  34.622985     8.6912     8.6928    32.6219    32.6197    25.3039    25.3020     4.8027     4.7281    146.384    144.108     1.5433     1.4579     0.0452     0.1044     3.2601     1.5189     0.0940 -125.57492   48.78054      93.28          7  0.000e+00
      37254   1552.208     50.278     50.714     8.6968     8.6981  34.623721  34.623173     8.6917     8.6930    32.6215    32.6198    25.3035    25.3020     4.8027     4.7280    146.382    144.107     1.5433     1.4579     0.0452     0.1044     3.2601     1.5189     0.0940 -125.57492   48.78054      93.28          7  0.000e+00
      37255   1552.250     50.278     50.714     8.6968     8.6979  34.623220  34.623298     8.6916     8.6928    32.6210    32.6201    25.3032    25.3022     4.8082     4.7280    146.552    144.107     1.5446     1.4579     0.0464     0.1350     3.2589     1.5189     0.0940 -125.57492   48.78054      93.28          7  0.000e+00
      37256   1552.292     50.278     50.714     8.6968     8.6981  34.623157  34.623674     8.6917     8.6930    32.6209    32.6203    25.3031    25.3024     4.8082     4.7280    146.552    144.106     1.5446     1.4579     0.0452     0.1044     3.2601     1.5189     0.0940 -125.57492   48.78054      93.28          7  0.000e+00
      37257   1552.333     50.258     50.694     8.6970     8.6978  34.623094  34.623674     8.6918     8.6926    32.6207    32.6206    25.3029    25.3027     4.8082     4.7280    146.551    144.107     1.5446     1.4579     0.0452     0.1044     3.2601     1.5189     0.0940 -125.57492   48.78054      93.31          7  0.000e+00
      37258   1552.375     50.278     50.714     8.6970     8.6979  34.623282  34.623799     8.6918     8.6928    32.6209    32.6206    25.3031    25.3027     4.8027     4.7220    146.382    143.922     1.5433     1.4567     0.0464     0.1350     3.2601     1.5189     0.0940 -125.57492   48.78054      93.36          7  0.000e+00
      37259   1552.417     50.232     50.667     8.6968     8.6981  34.623720  34.623423     8.6916     8.6930    32.6216    32.6201    25.3036    25.3022     4.8082     4.7280    146.550    144.105     1.5446     1.4579     0.0452     0.1044     3.2601     1.5189     0.0940 -125.57492   48.78054      93.38          7  0.000e+00
      37260   1552.458     50.311     50.747     8.6968     8.6981  34.623721  34.623486     8.6917     8.6930    32.6215    32.6201    25.3035    25.3022     4.8082     4.7280    146.552    144.107     1.5446     1.4579     0.0452     0.1044     3.2601     1.5189     0.0940 -125.57492   48.78054      93.41          7  0.000e+00
      37261   1552.500     50.232     50.667     8.6970     8.6981  34.623783  34.623361     8.6918     8.6930    32.6215    32.6200    25.3035    25.3021     4.8082     4.7280    146.550    144.106     1.5446     1.4579     0.0464     0.1350     3.2601     1.5189     0.0940 -125.57492   48.78054      93.38          7  0.000e+00
      37262   1552.542     50.278     50.714     8.6969     8.6981  34.623971  34.623048     8.6918     8.6930    32.6217    32.6196    25.3037    25.3019     4.8082     4.7280    146.550    144.107     1.5446     1.4579     0.0452     0.1044     3.2601     1.5189     0.0940 -125.57492   48.78054      93.38          7  0.000e+00
      37263   1552.583     50.232     50.667     8.6970     8.6983  34.623783  34.623173     8.6918     8.6931    32.6215    32.6197    25.3035    25.3019     4.8082     4.7280    146.550    144.105     1.5446     1.4579     0.0464     0.1350     3.2601     1.5189     0.0940 -125.57492   48.78054      93.38          7  0.000e+00
      37264   1552.625     50.258     50.694     8.6972     8.6981  34.623783  34.623298     8.6920     8.6930    32.6213    32.6199    25.3033    25.3021     4.8026     4.7280    146.380    144.106     1.5433     1.4579     0.0452     0.1044     3.2601     1.5189     0.0940 -125.57492   48.78054      93.41          7  0.000e+00
      37265   1552.667     50.278     50.714     8.6972     8.6981  34.623971  34.623048     8.6920     8.6930    32.6215    32.6196    25.3035    25.3019     4.8082     4.7280    146.550    144.107     1.5446     1.4579     0.0464     0.1350     3.2589     1.5189     0.0940 -125.57492   48.78054      93.41          7  0.000e+00
      37266   1552.708     50.232     50.667     8.6973     8.6981  34.624221  34.623173     8.6921     8.6930    32.6217    32.6198    25.3036    25.3020     4.8026     4.7280    146.379    144.106     1.5433     1.4579     0.0464     0.1350     3.2589     1.5189     0.0940 -125.57492   48.78054      93.41          7  0.000e+00
      37267   1552.750     50.259     50.694     8.6978     8.6981  34.624409  34.623298     8.6927     8.6930    32.6213    32.6199    25.3033    25.3021     4.8026     4.7280    146.378    144.106     1.5433     1.4579     0.0464     0.1350     3.2589     1.5189     0.0940 -125.57492   48.78054      93.38          7  0.000e+00
      37268   1552.792     50.232     50.667     8.6983     8.6979  34.624284  34.623298     8.6931     8.6927    32.6208    32.6201    25.3028    25.3023     4.8081     4.7280    146.546    144.106     1.5446     1.4579     0.0452     0.1044     3.2601     1.5189     0.0940 -125.57492   48.78054      93.41          7  0.000e+00
      37269   1552.833     50.232     50.667     8.6984     8.6979  34.624472  34.623674     8.6933     8.6928    32.6209    32.6205    25.3028    25.3026     4.8080     4.7280    146.545    144.106     1.5446     1.4579     0.0452     0.1044     3.2601     1.5189     0.0940 -125.57492   48.78054      93.38          7  0.000e+00
      37270   1552.875     50.278     50.714     8.6985     8.6979  34.624221  34.623674     8.6933     8.6928    32.6205    32.6205    25.3025    25.3025     4.8081     4.7280    146.546    144.107     1.5446     1.4579     0.0464     0.1350     3.2589     1.5189     0.0940 -125.57492   48.78054      93.28          7  0.000e+00
      37271   1552.917     50.212     50.647     8.6980     8.6983  34.624472  34.623361     8.6928     8.6931    32.6213    32.6199    25.3032    25.3020     4.8081     4.7280    146.546    144.105     1.5446     1.4579     0.0452     0.1044     3.2601     1.5189     0.0940 -125.57492   48.78054      93.26          7  0.000e+00
      37272   1552.958     50.232     50.667     8.6980     8.6979  34.624159  34.622797     8.6928     8.6928    32.6210    32.6196    25.3029    25.3018     4.8081     4.7220    146.547    143.922     1.5446     1.4567     0.0452     0.1044     3.2601     1.5189     0.0940 -125.57492   48.78054      93.26          7  0.000e+00
      37273   1553.000     50.278     50.714     8.6984     8.6981  34.624347  34.623110     8.6933     8.6930    32.6207    32.6197    25.3027    25.3019     4.8081     4.7220    146.546    143.922     1.5446     1.4567     0.0452     0.1044     3.2601     1.5189     0.0940 -125.57492   48.78054      93.26          7  0.000e+00
      37274   1553.042     50.212     50.647     8.6983     8.6983  34.624096  34.622547     8.6931     8.6931    32.6206    32.6190    25.3026    25.3014     4.8080     4.7280    146.546    144.106     1.5446     1.4579     0.0464     0.1350     3.2589     1.5189     0.0940 -125.57492   48.78054      93.26          7  0.000e+00
      37275   1553.083     50.232     50.667     8.6982     8.6981  34.624096  34.622797     8.6930     8.6930    32.6207    32.6194    25.3027    25.3017     4.8081     4.7220    146.546    143.922     1.5446     1.4567     0.0464     0.1350     3.2601     1.5189     0.0940 -125.57492   48.78054      93.28          7  0.000e+00
      37276   1553.125     50.232     50.667     8.6982     8.6981  34.624472  34.623173     8.6931     8.6930    32.6210    32.6198    25.3029    25.3020     4.8081     4.7280    146.546    144.106     1.5446     1.4579     0.0464     0.1350     3.2589     1.5189     0.0940 -125.57492   48.78054      93.31          7  0.000e+00
      37277   1553.167     50.232     50.667     8.6983     8.6981  34.624346  34.623048     8.6931     8.6930    32.6209    32.6197    25.3028    25.3019     4.8081     4.7219    146.546    143.921     1.5446     1.4567     0.0464     0.1350     3.2589     1.5189     0.0940 -125.57492   48.78054      93.31          7  0.000e+00
      37278   1553.208     50.259     50.694     8.6983     8.6981  34.624409  34.623423     8.6931     8.6930    32.6209    32.6200    25.3028    25.3022     4.8081     4.7220    146.546    143.922     1.5446     1.4567     0.0452     0.1044     3.2601     1.5189     0.0940 -125.57492   48.78054      93.31          7  0.000e+00
      37279   1553.250     50.232     50.667     8.6984     8.6983  34.624284  34.623611     8.6933     8.6931    32.6207    32.6201    25.3026    25.3022     4.8025     4.7219    146.376    143.920     1.5433     1.4567     0.0464     0.1350     3.2601     1.5201     0.0940 -125.57492   48.78054      93.31          7  0.000e+00
      37280   1553.292     50.186     50.620     8.6985     8.6983  34.624472  34.623799     8.6933     8.6931    32.6208    32.6203    25.3028    25.3024     4.8080     4.7219    146.544    143.919     1.5446     1.4567     0.0452     0.1044     3.2589     1.5201     0.0940 -125.57492   48.78054      93.31          7  0.000e+00
      37281   1553.333     50.259     50.694     8.6986     8.6981  34.624472  34.623674     8.6935     8.6930    32.6207    32.6203    25.3026    25.3024     4.8080     4.7219    146.545    143.921     1.5446     1.4567     0.0464     0.1350     3.2601     1.5201     0.0940 -125.57492   48.78054      93.31          7  0.000e+00
      37282   1553.375     50.186     50.620     8.6988     8.6983  34.625035  34.623360     8.6936     8.6931    32.6211    32.6199    25.3029    25.3020     4.8080     4.7219    146.543    143.920     1.5446     1.4567     0.0452     0.1044     3.2601     1.5201     0.0940 -125.57492   48.78054      93.26          7  0.000e+00
