WCOA/WCOA-6/CTD_Data/RB2102_CTD_034_01.ros
* Sea-Bird SBE 9 Data File:
* FileName = C:\Users\scs.user.rb\CTD\RB2102\Data\RB2102_CTD_034_01.hex
* Software Version Seasave V 7.26.7.107
* Temperature SN = 6202
* Conductivity SN = 4907
* Number of Bytes Per Scan = 41
* Number of Voltage Words = 4
* Number of Scans Averaged by the Deck Unit = 1
* NMEA Latitude = 46 07.71 N
* NMEA Longitude = 124 40.07 W
* NMEA UTC (Time) = Jul 01 2021  10:14:28
* NMEA baud rate = 4800
# nquan = 30
# nvalues = 1176                                  
# units = specified
# name 0 = scan: Scan Count
# name 1 = timeS: Time, Elapsed [seconds]
# name 2 = depSM: Depth [salt water, m]
# name 3 = prDM: Pressure, Digiquartz [db]
# name 4 = t090C: Temperature [ITS-90, deg C]
# name 5 = t190C: Temperature, 2 [ITS-90, deg C]
# name 6 = c0mS/cm: Conductivity [mS/cm]
# name 7 = c1mS/cm: Conductivity, 2 [mS/cm]
# name 8 = potemp090C: Potential Temperature [ITS-90, deg C]
# name 9 = potemp190C: Potential Temperature, 2 [ITS-90, deg C]
# name 10 = sal00: Salinity, Practical [PSU]
# name 11 = sal11: Salinity, Practical, 2 [PSU]
# name 12 = sigma-é00: Density [sigma-theta, kg/m^3]
# name 13 = sigma-é11: Density, 2 [sigma-theta, kg/m^3]
# name 14 = sbeox0Mg/L: Oxygen, SBE 43 [mg/l]
# name 15 = sbeox1Mg/L: Oxygen, SBE 43, 2 [mg/l]
# name 16 = sbox0Mm/Kg: Oxygen, SBE 43 [umol/kg]
# name 17 = sbox1Mm/Kg: Oxygen, SBE 43, 2 [umol/kg]
# name 18 = sbeox0V: Oxygen raw, SBE 43 [V]
# name 19 = sbeox1V: Oxygen raw, SBE 43, 2 [V]
# name 20 = v4: Voltage 4
# name 21 = flECO-AFL: Fluorescence, WET Labs ECO-AFL/FL [mg/m^3]
# name 22 = v3: Voltage 3
# name 23 = v6: Voltage 6
# name 24 = v7: Voltage 7
# name 25 = longitude: Longitude [deg]
# name 26 = latitude: Latitude [deg]
# name 27 = altM: Altimeter [m]
# name 28 = nbf: Bottles Fired
# name 29 = flag:  0.000e+00
# interval = seconds: 0.0416667
# start_time = Jul 01 2021 10:14:28 [NMEA time, header]
# bad_flag = -9.990e-29
*END*
      22813    950.500    345.576    348.734     6.4634     6.4627  34.060636  34.060571     6.4323     6.4317    34.0121    34.0127    26.7166    26.7171     1.2204     1.2481     37.146     37.988     0.7338     0.7350     0.0415     0.0129     3.3138     1.7888     0.0000 -124.66924   46.12778      10.48          1  0.000e+00
      22814    950.542    345.642    348.801     6.4635     6.4628  34.061320  34.060820     6.4324     6.4318    34.0128    34.0129    26.7171    26.7172     1.2265     1.2481     37.330     37.988     0.7350     0.7350     0.0415     0.0129     3.3126     1.7888     0.0000 -124.66924   46.12778      10.50          1  0.000e+00
      22815    950.583    345.529    348.687     6.4634     6.4627  34.061071  34.060882     6.4323     6.4317    34.0126    34.0131    26.7170    26.7174     1.2264     1.2415     37.330     37.787     0.7350     0.7338     0.0415     0.0129     3.3138     1.7875     0.0000 -124.66924   46.12778      10.55          1  0.000e+00
      22816    950.625    345.589    348.747     6.4633     6.4627  34.061133  34.060882     6.4322     6.4316    34.0128    34.0131    26.7171    26.7174     1.2265     1.2415     37.330     37.787     0.7350     0.7338     0.0415     0.0129     3.3138     1.7888     0.0000 -124.66924   46.12778      10.55          1  0.000e+00
      22817    950.667    345.542    348.700     6.4633     6.4628  34.061009  34.061131     6.4323     6.4318    34.0126    34.0132    26.7170    26.7175     1.2265     1.2415     37.330     37.787     0.7350     0.7338     0.0415     0.0129     3.3138     1.7875     0.0000 -124.66924   46.12778      10.55          1  0.000e+00
      22818    950.708    345.529    348.687     6.4634     6.4632  34.060946  34.061193     6.4323     6.4322    34.0125    34.0129    26.7169    26.7172     1.2264     1.2415     37.330     37.787     0.7350     0.7338     0.0415     0.0129     3.3138     1.7875     0.0000 -124.66924   46.12778      10.55          1  0.000e+00
      22819    950.750    345.496    348.653     6.4635     6.4633  34.060822  34.061628     6.4324     6.4323    34.0123    34.0133    26.7167    26.7175     1.2264     1.2480     37.330     37.987     0.7350     0.7350     0.0415     0.0129     3.3126     1.7875     0.0000 -124.66924   46.12778      10.55          1  0.000e+00
      22820    950.792    345.483    348.640     6.4634     6.4636  34.061382  34.061379     6.4324     6.4325    34.0130    34.0128    26.7173    26.7171     1.2264     1.2414     37.329     37.786     0.7350     0.7338     0.0403    -0.0177     3.3138     1.7875     0.0000 -124.66926   46.12778      10.57          1  0.000e+00
      22821    950.833    345.496    348.653     6.4636     6.4635  34.061569  34.061628     6.4325     6.4324    34.0130    34.0132    26.7173    26.7174     1.2264     1.2414     37.329     37.786     0.7350     0.7338     0.0403    -0.0177     3.3126     1.7875     0.0000 -124.66926   46.12778      10.67          1  0.000e+00
      22822    950.875    345.483    348.640     6.4636     6.4638  34.061071  34.061566     6.4325     6.4328    34.0125    34.0128    26.7168    26.7170     1.2264     1.2414     37.329     37.786     0.7350     0.7338     0.0403    -0.0177     3.3114     1.7875     0.0000 -124.66926   46.12778      10.70          1  0.000e+00
      22823    950.917    345.443    348.600     6.4637     6.4637  34.061133  34.061503     6.4327     6.4327    34.0124    34.0128    26.7167    26.7171     1.2264     1.2480     37.329     37.986     0.7350     0.7350     0.0403    -0.0177     3.3126     1.7875     0.0000 -124.66926   46.12778      10.70          1  0.000e+00
      22824    950.958    345.429    348.586     6.4636     6.4637  34.061257  34.061441     6.4326     6.4326    34.0127    34.0128    26.7170    26.7171     1.2264     1.2480     37.329     37.986     0.7350     0.7350     0.0415     0.0129     3.3138     1.7875     0.0000 -124.66926   46.12778      10.70          1  0.000e+00
      22825    951.000    345.396    348.553     6.4639     6.4637  34.061257  34.061441     6.4328     6.4326    34.0124    34.0128    26.7167    26.7171     1.2264     1.2480     37.329     37.986     0.7350     0.7350     0.0403    -0.0177     3.3126     1.7875     0.0000 -124.66926   46.12778      10.70          1  0.000e+00
      22826    951.042    345.429    348.586     6.4637     6.4639  34.061257  34.061006     6.4327     6.4328    34.0125    34.0121    26.7169    26.7165     1.2264     1.2480     37.329     37.986     0.7350     0.7350     0.0403    -0.0177     3.3126     1.7875     0.0000 -124.66926   46.12778      10.70          1  0.000e+00
      22827    951.083    345.343    348.499     6.4635     6.4635  34.061133  34.061317     6.4324     6.4324    34.0127    34.0129    26.7170    26.7172     1.2264     1.2480     37.329     37.986     0.7350     0.7350     0.0403    -0.0177     3.3126     1.7888     0.0000 -124.66926   46.12778      10.72          1  0.000e+00
      22828    951.125    345.383    348.539     6.4636     6.4637  34.060759  34.061441     6.4325     6.4327    34.0122    34.0128    26.7166    26.7171     1.2264     1.2480     37.329     37.986     0.7350     0.7350     0.0403    -0.0177     3.3126     1.7875     0.0000 -124.66926   46.12778      10.74          1  0.000e+00
      22829    951.167    345.343    348.499     6.4637     6.4637  34.061319  34.061068     6.4327     6.4326    34.0127    34.0124    26.7169    26.7168     1.2264     1.2480     37.328     37.986     0.7350     0.7350     0.0403    -0.0177     3.3126     1.7888     0.0000 -124.66926   46.12778      10.74          1  0.000e+00
      22830    951.208    345.383    348.539     6.4636     6.4637  34.061568  34.061814     6.4326     6.4326    34.0131    34.0133    26.7173    26.7174     1.2264     1.2414     37.329     37.785     0.7350     0.7338     0.0403    -0.0177     3.3126     1.7875     0.0000 -124.66926   46.12778      10.72          1  0.000e+00
      22831    951.250    345.296    348.452     6.4636     6.4639  34.061319  34.061565     6.4325     6.4328    34.0129    34.0128    26.7171    26.7171     1.2264     1.2414     37.328     37.785     0.7350     0.7338     0.0403    -0.0177     3.3126     1.7875     0.0000 -124.66926   46.12778      10.74          1  0.000e+00
      22832    951.292    345.283    348.438     6.4636     6.4637  34.061008  34.061441     6.4326     6.4326    34.0125    34.0129    26.7168    26.7171     1.2264     1.2480     37.328     37.986     0.7350     0.7350     0.0403    -0.0177     3.3126     1.7875     0.0000 -124.66926   46.12778      10.77          1  0.000e+00
      22833    951.333    345.296    348.452     6.4636     6.4637  34.061132  34.061254     6.4325     6.4327    34.0127    34.0126    26.7170    26.7169     1.2264     1.2480     37.328     37.986     0.7350     0.7350     0.0403    -0.0177     3.3138     1.7875     0.0000 -124.66926   46.12778      10.87          1  0.000e+00
      22834    951.375    345.330    348.486     6.4637     6.4638  34.061008  34.061379     6.4327     6.4328    34.0123    34.0127    26.7167    26.7169     1.2264     1.2480     37.328     37.986     0.7350     0.7350     0.0403    -0.0177     3.3126     1.7875     0.0000 -124.66926   46.12778      10.92          1  0.000e+00
      22835    951.417    345.243    348.398     6.4638     6.4637  34.060946  34.061689     6.4328     6.4326    34.0122    34.0132    26.7166    26.7174     1.2324     1.2480     37.512     37.985     0.7363     0.7350     0.0403    -0.0177     3.3126     1.7875     0.0000 -124.66926   46.12778      10.89          1  0.000e+00
      22836    951.458    345.230    348.385     6.4636     6.4639  34.061506  34.061378     6.4325     6.4328    34.0131    34.0127    26.7173    26.7169     1.2264     1.2414     37.328     37.785     0.7350     0.7338     0.0403    -0.0177     3.3126     1.7875     0.0000 -124.66926   46.12778      10.92          1  0.000e+00
      22837    951.500    345.197    348.351     6.4639     6.4637  34.061568  34.061627     6.4329     6.4326    34.0129    34.0131    26.7171    26.7173     1.2324     1.2414     37.511     37.784     0.7363     0.7338     0.0403    -0.0177     3.3126     1.7888     0.0000 -124.66926   46.12778      10.92          1  0.000e+00
      22838    951.542    345.230    348.385     6.4636     6.4637  34.061319  34.061378     6.4326     6.4327    34.0129    34.0128    26.7171    26.7171     1.2264     1.2480     37.328     37.985     0.7350     0.7350     0.0403    -0.0177     3.3126     1.7875     0.0000 -124.66926   46.12778      10.94          1  0.000e+00
      22839    951.583    345.197    348.351     6.4637     6.4635  34.061008  34.061440     6.4327     6.4324    34.0124    34.0131    26.7167    26.7174     1.2324     1.2480     37.511     37.985     0.7363     0.7350     0.0403    -0.0177     3.3126     1.7875     0.0000 -124.66926   46.12778      10.99          1  0.000e+00
      22840    951.625    345.183    348.338     6.4635     6.4640  34.060945  34.061440     6.4324     6.4329    34.0126    34.0126    26.7169    26.7169     1.2264     1.2414     37.328     37.784     0.7350     0.7338     0.0403    -0.0177     3.3126     1.7875     0.0000 -124.66926   46.12778      11.01          1  0.000e+00
      22841    951.667    345.197    348.351     6.4637     6.4636  34.060945  34.061254     6.4327     6.4325    34.0123    34.0128    26.7167    26.7171     1.2264     1.2414     37.328     37.785     0.7350     0.7338     0.0403    -0.0177     3.3126     1.7875     0.0000 -124.66926   46.12778      11.01          1  0.000e+00
      22842    951.708    345.130    348.284     6.4637     6.4638  34.061132  34.061627     6.4327     6.4328    34.0126    34.0130    26.7169    26.7172     1.2264     1.2414     37.327     37.784     0.7350     0.7338     0.0403    -0.0177     3.3126     1.7875     0.0000 -124.66926   46.12778      11.01          1  0.000e+00
      22843    951.750    345.150    348.304     6.4638     6.4640  34.061007  34.061378     6.4328     6.4329    34.0124    34.0126    26.7167    26.7169     1.2264     1.2414     37.328     37.784     0.7350     0.7338     0.0403    -0.0177     3.3126     1.7875     0.0000 -124.66926   46.12778      11.01          1  0.000e+00
      22844    951.792    345.130    348.284     6.4637     6.4636  34.061132  34.061378     6.4327     6.4326    34.0126    34.0130    26.7169    26.7172     1.2264     1.2414     37.327     37.784     0.7350     0.7338     0.0403    -0.0177     3.3138     1.7875     0.0000 -124.66926   46.12778      11.01          1  0.000e+00
      22845    951.833    345.097    348.250     6.4638     6.4640  34.061630  34.061254     6.4328     6.4329    34.0131    34.0125    26.7173    26.7168     1.2264     1.2414     37.327     37.784     0.7350     0.7338     0.0403    -0.0177     3.3126     1.7875     0.0000 -124.66926   46.12778      11.04          1  0.000e+00
      22846    951.875    345.084    348.237     6.4636     6.4637  34.061132  34.061813     6.4325     6.4327    34.0128    34.0134    26.7171    26.7175     1.2264     1.2480     37.327     37.984     0.7350     0.7350     0.0403    -0.0177     3.3126     1.7875     0.0000 -124.66926   46.12778      11.04          1  0.000e+00
      22847    951.917    345.050    348.203     6.4639     6.4637  34.061132  34.061191     6.4329     6.4327    34.0124    34.0127    26.7168    26.7170     1.2264     1.2480     37.327     37.984     0.7350     0.7350     0.0403    -0.0177     3.3126     1.7875     0.0000 -124.66926   46.12778      11.04          1  0.000e+00
      22848    951.958    345.130    348.284     6.4638     6.4638  34.061256  34.061565     6.4328     6.4328    34.0126    34.0130    26.7169    26.7172     1.2264     1.2414     37.327     37.784     0.7350     0.7338     0.0403    -0.0177     3.3126     1.7875     0.0000 -124.66926   46.12778      11.04          1  0.000e+00
      22849    952.000    344.997    348.150     6.4637     6.4636  34.061256  34.061315     6.4327     6.4326    34.0128    34.0130    26.7170    26.7172     1.2264     1.2414     37.327     37.784     0.7350     0.7338     0.0403    -0.0177     3.3126     1.7875     0.0000 -124.66926   46.12778      11.04          1  0.000e+00
      22850    952.042    345.084    348.237     6.4637     6.4638  34.056652  34.061378     6.4327     6.4328    34.0076    34.0128    26.7130    26.7170     1.2264     1.2414     37.329     37.784     0.7350     0.7338     0.0403    -0.0177     3.3126     1.7875     0.0000 -124.66926   46.12778      11.06          1  0.000e+00
      22851    952.083    344.997    348.150     6.4636     6.4636  34.057398  34.061440     6.4326     6.4326    34.0086    34.0131    26.7138    26.7173     1.2264     1.2414     37.328     37.784     0.7350     0.7338     0.0403    -0.0177     3.3126     1.7875     0.0000 -124.66926   46.12778      11.11          1  0.000e+00
      22852    952.125    344.984    348.136     6.4639     6.4637  34.060447  34.061440     6.4329     6.4327    34.0117    34.0130    26.7162    26.7173     1.2264     1.2414     37.327     37.783     0.7350     0.7338     0.0403    -0.0177     3.3126     1.7875     0.0000 -124.66926   46.12778      11.14          1  0.000e+00
      22853    952.167    344.997    348.150     6.4636     6.4638  34.061256  34.061440     6.4326     6.4328    34.0129    34.0129    26.7172    26.7171     1.2264     1.2414     37.327     37.783     0.7350     0.7338     0.0403    -0.0177     3.3126     1.7875     0.0000 -124.66926   46.12778      11.14          1  0.000e+00
      22854    952.208    344.984    348.136     6.4637     6.4637  34.061380  34.061253     6.4327     6.4327    34.0129    34.0128    26.7171    26.7170     1.2263     1.2479     37.327     37.984     0.7350     0.7350     0.0403    -0.0177     3.3126     1.7875     0.0000 -124.66926   46.12778      11.14          1  0.000e+00
      22855    952.250    344.951    348.103     6.4639     6.4637  34.061256  34.061253     6.4329     6.4327    34.0126    34.0128    26.7169    26.7171     1.2263     1.2479     37.326     37.984     0.7350     0.7350     0.0403    -0.0177     3.3126     1.7875     0.0000 -124.66926   46.12778      11.14          1  0.000e+00
      22856    952.292    344.984    348.136     6.4636     6.4637  34.061256  34.061191     6.4326     6.4327    34.0129    34.0127    26.7172    26.7170     1.2324     1.2479     37.510     37.984     0.7363     0.7350     0.0403    -0.0177     3.3126     1.7875     0.0000 -124.66926   46.12778      11.16          1  0.000e+00
      22857    952.333    344.904    348.056     6.4639     6.4638  34.060758  34.061377     6.4329     6.4328    34.0121    34.0129    26.7165    26.7171     1.2324     1.2413     37.510     37.783     0.7363     0.7338     0.0403    -0.0177     3.3126     1.7875     0.0000 -124.66926   46.12778      11.23          1  0.000e+00
      22858    952.375    344.937    348.089     6.4639     6.4638  34.060820  34.061253     6.4329     6.4328    34.0122    34.0127    26.7165    26.7170     1.2324     1.2479     37.510     37.984     0.7363     0.7350     0.0403    -0.0177     3.3126     1.7875     0.0000 -124.66926   46.12778      11.26          1  0.000e+00
      22859    952.417    344.904    348.056     6.4638     6.4639  34.061131  34.061377     6.4328     6.4329    34.0126    34.0128    26.7169    26.7171     1.2263     1.2413     37.326     37.783     0.7350     0.7338     0.0403    -0.0177     3.3126     1.7875     0.0000 -124.66926   46.12778      11.26          1  0.000e+00
      22860    952.458    344.884    348.036     6.4640     6.4638  34.061255  34.061253     6.4330     6.4328    34.0125    34.0127    26.7168    26.7170     1.2263     1.2413     37.326     37.783     0.7350     0.7338     0.0403    -0.0177     3.3126     1.7875     0.0000 -124.66926   46.12778      11.26          1  0.000e+00
