WCOA/WCOA-6/CTD_Data/RB2102_CTD_071_01.ros
* Sea-Bird SBE 9 Data File:
* FileName = C:\Users\scs.user.rb\CTD\RB2102\Data\RB2102_CTD_071_01.hex
* Software Version Seasave V 7.26.7.107
* Temperature SN = 6202
* Conductivity SN = 4907
* Number of Bytes Per Scan = 41
* Number of Voltage Words = 4
* Number of Scans Averaged by the Deck Unit = 1
* NMEA Latitude = 40 06.02 N
* NMEA Longitude = 124 42.82 W
* NMEA UTC (Time) = Jul 07 2021  23:51:19
* NMEA baud rate = 4800
# nquan = 30
# nvalues = 1042                                  
# units = specified
# name 0 = scan: Scan Count
# name 1 = timeS: Time, Elapsed [seconds]
# name 2 = depSM: Depth [salt water, m]
# name 3 = prDM: Pressure, Digiquartz [db]
# name 4 = t090C: Temperature [ITS-90, deg C]
# name 5 = t190C: Temperature, 2 [ITS-90, deg C]
# name 6 = c0mS/cm: Conductivity [mS/cm]
# name 7 = c1mS/cm: Conductivity, 2 [mS/cm]
# name 8 = potemp090C: Potential Temperature [ITS-90, deg C]
# name 9 = potemp190C: Potential Temperature, 2 [ITS-90, deg C]
# name 10 = sal00: Salinity, Practical [PSU]
# name 11 = sal11: Salinity, Practical, 2 [PSU]
# name 12 = sigma-é00: Density [sigma-theta, kg/m^3]
# name 13 = sigma-é11: Density, 2 [sigma-theta, kg/m^3]
# name 14 = sbeox0Mg/L: Oxygen, SBE 43 [mg/l]
# name 15 = sbeox1Mg/L: Oxygen, SBE 43, 2 [mg/l]
# name 16 = sbox0Mm/Kg: Oxygen, SBE 43 [umol/kg]
# name 17 = sbox1Mm/Kg: Oxygen, SBE 43, 2 [umol/kg]
# name 18 = sbeox0V: Oxygen raw, SBE 43 [V]
# name 19 = sbeox1V: Oxygen raw, SBE 43, 2 [V]
# name 20 = v4: Voltage 4
# name 21 = flECO-AFL: Fluorescence, WET Labs ECO-AFL/FL [mg/m^3]
# name 22 = v3: Voltage 3
# name 23 = v6: Voltage 6
# name 24 = v7: Voltage 7
# name 25 = longitude: Longitude [deg]
# name 26 = latitude: Latitude [deg]
# name 27 = altM: Altimeter [m]
# name 28 = nbf: Bottles Fired
# name 29 = flag:  0.000e+00
# interval = seconds: 0.0416667
# start_time = Jul 07 2021 23:51:19 [NMEA time, header]
# bad_flag = -9.990e-29
*END*
[from data line 242]
      52577   2190.667    394.805    398.240     5.8147     5.8065  33.537874  33.531533     5.7810     5.7729    34.0511    34.0522    26.8301    26.8320     1.4887     1.5540     45.308     47.293     0.7814     0.7851     0.0403    -0.0177     3.2637     0.0000     0.0000 -124.71554   40.10008      99.95          5  0.000e+00
      52578   2190.708    394.738    398.173     5.8143     5.8070  33.537627  33.531038     5.7807     5.7734    34.0512    34.0512    26.8303    26.8311     1.4887     1.5539     45.308     47.292     0.7814     0.7851     0.0403    -0.0177     3.2637     0.0000     0.0000 -124.71554   40.10008      99.95          5  0.000e+00
      52579   2190.750    394.738    398.173     5.8156     5.8080  33.537750  33.530853     5.7820     5.7743    34.0501    34.0500    26.8292    26.8301     1.4887     1.5539     45.307     47.292     0.7814     0.7851     0.0403    -0.0177     3.2637     0.0000     0.0000 -124.71554   40.10008      99.95          5  0.000e+00
      55113   2296.333    298.423    300.949     6.7469     6.7547  34.299906  34.307954     6.7196     6.7273    34.0189    34.0201    26.6839    26.6838     2.1866     2.2711     66.557     69.128     0.9353     0.9304     0.0403    -0.0177     3.2625     0.0000     0.0000 -124.71568   40.10006      99.88          6  0.000e+00
      55114   2296.375    298.270    300.794     6.7479     6.7563  34.300779  34.308889     6.7206     6.7290    34.0189    34.0195    26.6838    26.6831     2.1865     2.2710     66.554     69.124     0.9353     0.9304     0.0403    -0.0177     3.2613     0.0000     0.0000 -124.71568   40.10006      99.88          6  0.000e+00
      55115   2296.417    298.270    300.794     6.7500     6.7580  34.300779  34.310697     6.7227     6.7306    34.0169    34.0199    26.6819    26.6832     2.1864     2.2709     66.552     69.121     0.9353     0.9304     0.0403    -0.0177     3.2625     0.0000     0.0000 -124.71568   40.10006      99.88          6  0.000e+00
      55116   2296.458    298.323    300.848     6.7510     6.7591  34.300716  34.311196     6.7237     6.7317    34.0158    34.0193    26.6809    26.6826     2.1864     2.2708     66.551     69.120     0.9353     0.9304     0.0403    -0.0177     3.2625     0.0000     0.0000 -124.71568   40.10006      99.85          6  0.000e+00
      55117   2296.500    298.177    300.700     6.7508     6.7595  34.300903  34.311195     6.7235     6.7321    34.0162    34.0190    26.6813    26.6823     2.1864     2.2708     66.550     69.118     0.9353     0.9304     0.0403    -0.0177     3.2625     0.0000     0.0000 -124.71568   40.10006      99.88          6  0.000e+00
      55118   2296.542    298.177    300.700     6.7502     6.7602  34.300778  34.311819     6.7228     6.7329    34.0168    34.0189    26.6818    26.6822     2.1864     2.2707     66.551     69.117     0.9353     0.9304     0.0403    -0.0177     3.2625     0.0000     0.0000 -124.71568   40.10006      99.88          6  0.000e+00
      55119   2296.583    298.177    300.700     6.7502     6.7611  34.301839  34.313003     6.7229     6.7337    34.0179    34.0194    26.6827    26.6824     2.1864     2.2707     66.550     69.115     0.9353     0.9304     0.0403    -0.0177     3.2625     0.0000     0.0000 -124.71568   40.10006      99.88          6  0.000e+00
      55120   2296.625    298.077    300.600     6.7523     6.7617  34.303585  34.314936     6.7249     6.7343    34.0178    34.0210    26.6823    26.6836     2.1863     2.2706     66.546     69.112     0.9353     0.9304     0.0403    -0.0177     3.2625     0.0000     0.0000 -124.71568   40.10006      99.88          6  0.000e+00
      55121   2296.667    298.077    300.600     6.7539     6.7632  34.304521  34.317742     6.7266     6.7358    34.0172    34.0226    26.6817    26.6846     2.1862     2.2705     66.543     69.109     0.9353     0.9304     0.0403    -0.0177     3.2625     0.0000     0.0000 -124.71568   40.10006      99.88          6  0.000e+00
      55122   2296.708    298.077    300.600     6.7555     6.7645  34.304708  34.318989     6.7281     6.7371    34.0159    34.0227    26.6804    26.6846     2.1861     2.2704     66.541     69.107     0.9353     0.9304     0.0403    -0.0177     3.2613     0.0000     0.0000 -124.71568   40.10006      99.88          6  0.000e+00
      55123   2296.750    297.977    300.499     6.7544     6.7656  34.303959  34.319363     6.7270     6.7382    34.0162    34.0221    26.6808    26.6839     2.1861     2.2768     66.542     69.302     0.9353     0.9316     0.0403    -0.0177     3.2613     0.0000     0.0000 -124.71568   40.10006      99.88          6  0.000e+00
      55124   2296.792    298.024    300.546     6.7531     6.7663  34.303523  34.318989     6.7257     6.7389    34.0170    34.0209    26.6816    26.6829     2.1862     2.2703     66.544     69.104     0.9353     0.9304     0.0403    -0.0177     3.2613     0.0000     0.0000 -124.71568   40.10006      99.88          6  0.000e+00
      55125   2296.833    297.924    300.445     6.7516     6.7664  34.303211  34.317679     6.7243     6.7390    34.0181    34.0195    26.6826    26.6817     2.1862     2.2703     66.545     69.104     0.9353     0.9304     0.0403    -0.0177     3.2613     0.0000     0.0000 -124.71568   40.10006      99.88          6  0.000e+00
      55126   2296.875    297.924    300.445     6.7513     6.7658  34.303335  34.315434     6.7240     6.7384    34.0186    34.0176    26.6831    26.6803     2.1863     2.2703     66.546     69.106     0.9353     0.9304     0.0403    -0.0177     3.2625     0.0000     0.0000 -124.71568   40.10006      99.88          6  0.000e+00
      55127   2296.917    297.831    300.352     6.7523     6.7648  34.304396  34.314374     6.7249     6.7374    34.0188    34.0174    26.6831    26.6804     2.1862     2.2704     66.543     69.107     0.9353     0.9304     0.0403    -0.0177     3.2625     0.0000     0.0000 -124.71568   40.10006      99.88          6  0.000e+00
      55128   2296.958    297.878    300.398     6.7536     6.7643  34.304708  34.314935     6.7262     6.7369    34.0179    34.0185    26.6822    26.6813     2.1861     2.2704     66.542     69.107     0.9353     0.9304     0.0403    -0.0177     3.2613     0.0000     0.0000 -124.71568   40.10006      99.88          6  0.000e+00
      55129   2297.000    297.778    300.298     6.7539     6.7640  34.303522  34.315371     6.7266     6.7367    34.0163    34.0193    26.6809    26.6819     2.1861     2.2704     66.541     69.106     0.9353     0.9304     0.0403    -0.0177     3.2613     0.0000     0.0000 -124.71568   40.10006      99.88          6  0.000e+00
      55130   2297.042    297.831    300.352     6.7524     6.7641  34.303148  34.315870     6.7251     6.7368    34.0173    34.0197    26.6819    26.6823     2.1862     2.2704     66.544     69.107     0.9353     0.9304     0.0403    -0.0177     3.2625     0.0000     0.0000 -124.71568   40.10006      99.88          6  0.000e+00
      55131   2297.083    297.731    300.251     6.7525     6.7645  34.304957  34.316057     6.7251     6.7372    34.0193    34.0196    26.6835    26.6821     2.1861     2.2703     66.542     69.105     0.9353     0.9304     0.0403    -0.0177     3.2625     0.0000     0.0000 -124.71568   40.10006      99.88          6  0.000e+00
      55132   2297.125    297.678    300.197     6.7549     6.7653  34.307453  34.316057     6.7275     6.7379    34.0197    34.0189    26.6835    26.6814     2.1800     2.2703     66.356     69.104     0.9341     0.9304     0.0403    -0.0177     3.2613     0.0000     0.0000 -124.71568   40.10006      99.88          6  0.000e+00
      55133   2297.167    297.678    300.197     6.7576     6.7651  34.309636  34.315620     6.7303     6.7378    34.0194    34.0186    26.6829    26.6812     2.1799     2.2703     66.352     69.104     0.9341     0.9304     0.0403    -0.0177     3.2625     0.0000     0.0000 -124.71568   40.10006      99.88          6  0.000e+00
      55134   2297.208    297.678    300.197     6.7590     6.7642  34.310697  34.314997     6.7317     6.7369    34.0192    34.0188    26.6825    26.6815     2.1798     2.2703     66.350     69.106     0.9341     0.9304     0.0403    -0.0177     3.2613     0.0000     0.0000 -124.71568   40.10006      99.88          6  0.000e+00
      55135   2297.250    297.585    300.103     6.7579     6.7638  34.310135  34.315495     6.7306     6.7365    34.0197    34.0198    26.6831    26.6823     2.1798     2.2768     66.350     69.303     0.9341     0.9316     0.0403    -0.0177     3.2637     0.0000     0.0000 -124.71568   40.10006      99.88          6  0.000e+00
      55136   2297.292    297.578    300.097     6.7568     6.7643  34.308513  34.316680     6.7295     6.7370    34.0190    34.0205    26.6827    26.6829     2.1799     2.2703     66.352     69.104     0.9341     0.9304     0.0403    -0.0177     3.2613     0.0000     0.0000 -124.71568   40.10006      99.88          6  0.000e+00
      55137   2297.333    297.532    300.050     6.7553     6.7643  34.307826  34.317179     6.7280     6.7370    34.0197    34.0212    26.6834    26.6834     2.1859     2.2703     66.535     69.103     0.9353     0.9304     0.0403    -0.0177     3.2613     0.0000     0.0000 -124.71568   40.10006      99.88          6  0.000e+00
      55138   2297.375    297.532    300.050     6.7556     6.7650  34.308887  34.317740     6.7283     6.7376    34.0206    34.0211    26.6841    26.6832     2.1859     2.2702     66.534     69.102     0.9353     0.9304     0.0403    -0.0177     3.2625     0.0000     0.0000 -124.71568   40.10006      99.88          6  0.000e+00
      55139   2297.417    297.485    300.003     6.7566     6.7650  34.310447  34.317927     6.7293     6.7377    34.0214    34.0213    26.6846    26.6834     2.1858     2.2702     66.532     69.101     0.9353     0.9304     0.0403    -0.0177     3.2625     0.0000     0.0000 -124.71568   40.10006      99.88          6  0.000e+00
      55140   2297.458    297.432    299.949     6.7588     6.7653  34.312194  34.318176     6.7315     6.7379    34.0211    34.0214    26.6840    26.6834     2.1857     2.2702     66.528     69.100     0.9353     0.9304     0.0403    -0.0177     3.2625     0.0000     0.0000 -124.71568   40.10006      99.88          6  0.000e+00
      55141   2297.500    297.432    299.949     6.7599     6.7655  34.312943  34.318675     6.7326     6.7382    34.0208    34.0217    26.6837    26.6836     2.1856     2.2702     66.526     69.100     0.9353     0.9304     0.0403    -0.0177     3.2613     0.0000     0.0000 -124.71568   40.10006      99.88          6  0.000e+00
      55142   2297.542    297.386    299.902     6.7614     6.7659  34.313254  34.318862     6.7341     6.7386    34.0198    34.0215    26.6827    26.6834     2.1855     2.2701     66.524     69.099     0.9353     0.9304     0.0403    -0.0177     3.2625     0.0000     0.0000 -124.71568   40.10006      99.88          6  0.000e+00
      55143   2297.583    297.332    299.848     6.7618     6.7659  34.313566  34.319298     6.7345     6.7386    34.0198    34.0220    26.6826    26.6838     2.1855     2.2701     66.523     69.098     0.9353     0.9304     0.0403    -0.0177     3.2613     0.0000     0.0000 -124.71568   40.10006      99.88          6  0.000e+00
      55144   2297.625    297.332    299.848     6.7622     6.7660  34.313628  34.318301     6.7349     6.7387    34.0194    34.0208    26.6823    26.6829     2.1855     2.2701     66.522     69.098     0.9353     0.9304     0.0403    -0.0177     3.2613     0.0000     0.0000 -124.71568   40.10006      99.88          6  0.000e+00
      55145   2297.667    297.286    299.801     6.7621     6.7659  34.313192  34.317427     6.7348     6.7386    34.0191    34.0200    26.6820    26.6822     2.1855     2.2701     66.522     69.098     0.9353     0.9304     0.0403    -0.0177     3.2625     0.0000     0.0000 -124.71568   40.10006      99.88          6  0.000e+00
      55146   2297.708    297.239    299.754     6.7618     6.7656  34.312505  34.317490     6.7345     6.7384    34.0186    34.0203    26.6817    26.6825     2.1795     2.2701     66.341     69.098     0.9341     0.9304     0.0403    -0.0177     3.2613     0.0000     0.0000 -124.71568   40.10006      99.88          6  0.000e+00
      55147   2297.750    297.186    299.701     6.7619     6.7656  34.312193  34.317365     6.7346     6.7383    34.0182    34.0202    26.6814    26.6825     2.1855     2.2701     66.522     69.098     0.9353     0.9304     0.0403    -0.0177     3.2613     0.0000     0.0000 -124.71568   40.10006      99.88          6  0.000e+00
      55148   2297.792    297.186    299.701     6.7613     6.7650  34.312505  34.317302     6.7340     6.7377    34.0191    34.0208    26.6822    26.6830     2.1795     2.2701     66.342     69.099     0.9341     0.9304     0.0403    -0.0177     3.2625     0.0000     0.0000 -124.71570   40.10006      99.85          6  0.000e+00
      55149   2297.833    297.140    299.654     6.7616     6.7652  34.312879  34.317115     6.7343     6.7379    34.0193    34.0204    26.6823    26.6827     2.1855     2.2636     66.522     68.900     0.9353     0.9292     0.0403    -0.0177     3.2625     0.0000     0.0000 -124.71570   40.10006      99.88          6  0.000e+00
      55150   2297.875    297.140    299.654     6.7617     6.7646  34.312817  34.316741     6.7344     6.7373    34.0191    34.0205    26.6821    26.6828     2.1855     2.2636     66.522     68.901     0.9353     0.9292     0.0403    -0.0177     3.2625     0.0000     0.0000 -124.71570   40.10006      99.88          6  0.000e+00
      55151   2297.917    297.086    299.600     6.7616     6.7648  34.313628  34.316678     6.7343     6.7375    34.0202    34.0204    26.6829    26.6827     2.1854     2.2701     66.521     69.098     0.9353     0.9304     0.0403    -0.0177     3.2625     0.0000     0.0000 -124.71570   40.10006      99.88          6  0.000e+00
      55152   2297.958    297.040    299.553     6.7619     6.7645  34.313752  34.316429     6.7346     6.7373    34.0200    34.0203    26.6828    26.6827     2.1854     2.2701     66.520     69.098     0.9353     0.9304     0.0403    -0.0177     3.2613     0.0000     0.0000 -124.71570   40.10006      99.88          6  0.000e+00
      55153   2298.000    296.993    299.506     6.7603     6.7638  34.313378  34.316117     6.7330     6.7365    34.0212    34.0207    26.6839    26.6831     2.1855     2.2701     66.522     69.099     0.9353     0.9304     0.0403    -0.0177     3.2625     0.0000     0.0000 -124.71570   40.10006      99.88          6  0.000e+00
      55154   2298.042    296.987    299.499     6.7603     6.7636  34.312629  34.316055     6.7331     6.7363    34.0203    34.0209    26.6832    26.6833     2.1855     2.2702     66.522     69.099     0.9353     0.9304     0.0403    -0.0177     3.2625     0.0000     0.0000 -124.71570   40.10006      99.88          6  0.000e+00
      55155   2298.083    296.940    299.453     6.7619     6.7635  34.313066  34.315805     6.7346     6.7362    34.0193    34.0207    26.6822    26.6831     2.1794     2.2701     66.338     69.099     0.9341     0.9304     0.0403    -0.0177     3.2625     0.0000     0.0000 -124.71570   40.10006      99.88          6  0.000e+00
      55156   2298.125    296.894    299.406     6.7618     6.7632  34.313315  34.316429     6.7345     6.7359    34.0197    34.0218    26.6825    26.6840     2.1854     2.2636     66.519     68.901     0.9353     0.9292     0.0403    -0.0177     3.2625     0.0000     0.0000 -124.71570   40.10006      99.88          6  0.000e+00
      55157   2298.167    296.894    299.406     6.7628     6.7632  34.313752  34.316429     6.7356     6.7360    34.0191    34.0217    26.6820    26.6839     2.1794     2.2636     66.337     68.901     0.9341     0.9292     0.0403    -0.0177     3.2625     0.0000     0.0000 -124.71570   40.10006      99.88          6  0.000e+00
