WCOA/WCOA-6/CTD_Data/RB2102_CTD_047_01.ros
* Sea-Bird SBE 9 Data File:
* FileName = C:\Users\scs.user.rb\CTD\RB2102\Data\RB2102_CTD_047_01.hex
* Software Version Seasave V 7.26.7.107
* Temperature SN = 6202
* Conductivity SN = 4907
* Number of Bytes Per Scan = 41
* Number of Voltage Words = 4
* Number of Scans Averaged by the Deck Unit = 1
* NMEA Latitude = 44 39.12 N
* NMEA Longitude = 124 52.92 W
* NMEA UTC (Time) = Jul 03 2021  22:02:20
* NMEA baud rate = 4800
# nquan = 30
# nvalues = 972                                   
# units = specified
# name 0 = scan: Scan Count
# name 1 = timeS: Time, Elapsed [seconds]
# name 2 = depSM: Depth [salt water, m]
# name 3 = prDM: Pressure, Digiquartz [db]
# name 4 = t090C: Temperature [ITS-90, deg C]
# name 5 = t190C: Temperature, 2 [ITS-90, deg C]
# name 6 = c0mS/cm: Conductivity [mS/cm]
# name 7 = c1mS/cm: Conductivity, 2 [mS/cm]
# name 8 = potemp090C: Potential Temperature [ITS-90, deg C]
# name 9 = potemp190C: Potential Temperature, 2 [ITS-90, deg C]
# name 10 = sal00: Salinity, Practical [PSU]
# name 11 = sal11: Salinity, Practical, 2 [PSU]
# name 12 = sigma-é00: Density [sigma-theta, kg/m^3]
# name 13 = sigma-é11: Density, 2 [sigma-theta, kg/m^3]
# name 14 = sbeox0Mg/L: Oxygen, SBE 43 [mg/l]
# name 15 = sbeox1Mg/L: Oxygen, SBE 43, 2 [mg/l]
# name 16 = sbox0Mm/Kg: Oxygen, SBE 43 [umol/kg]
# name 17 = sbox1Mm/Kg: Oxygen, SBE 43, 2 [umol/kg]
# name 18 = sbeox0V: Oxygen raw, SBE 43 [V]
# name 19 = sbeox1V: Oxygen raw, SBE 43, 2 [V]
# name 20 = v4: Voltage 4
# name 21 = flECO-AFL: Fluorescence, WET Labs ECO-AFL/FL [mg/m^3]
# name 22 = v3: Voltage 3
# name 23 = v6: Voltage 6
# name 24 = v7: Voltage 7
# name 25 = longitude: Longitude [deg]
# name 26 = latitude: Latitude [deg]
# name 27 = altM: Altimeter [m]
# name 28 = nbf: Bottles Fired
# name 29 = flag:  0.000e+00
# interval = seconds: 0.0416667
# start_time = Jul 03 2021 22:02:20 [NMEA time, header]
# bad_flag = -9.990e-29
*END*
[from data line 532]
      60594   2524.708     49.729     50.141     8.0164     8.0117  34.085566  34.086913     8.0115     8.0069    32.6852    32.6909    25.4546    25.4598     6.5024     6.7253    198.158    204.951     1.8950     1.8388     0.0586     0.4402     3.2674     0.0000     0.0000 -124.88328   44.65180      99.32         12  0.000e+00
      60595   2524.750     49.630     50.041     8.0144     8.0105  34.086064  34.087348     8.0096     8.0056    32.6876    32.6926    25.4567    25.4613     6.5025     6.7254    198.162    204.952     1.8950     1.8388     0.0586     0.4402     3.2662     0.0000     0.0000 -124.88328   44.65180      99.32         12  0.000e+00
      60596   2524.792     49.729     50.141     8.0118     8.0097  34.086624  34.087100     8.0070     8.0048    32.6905    32.6931    25.4594    25.4617     6.5029     6.7256    198.172    204.958     1.8950     1.8388     0.0586     0.4402     3.2662     0.0000     0.0000 -124.88328   44.65180      92.67         12  0.000e+00
      60597   2524.833     49.809     50.221     8.0100     8.0091  34.086998  34.087598     8.0052     8.0042    32.6926    32.6941    25.4613    25.4626     6.5031     6.7257    198.180    204.962     1.8950     1.8388     0.0586     0.4402     3.2674     0.0000     0.0000 -124.88328   44.65180      74.38         12  0.000e+00
      60598   2524.875     49.683     50.094     8.0091     8.0088  34.087123  34.087224     8.0042     8.0040    32.6937    32.6940    25.4623    25.4626     6.5031     6.7256    198.180    204.960     1.8950     1.8388     0.0586     0.4402     3.2662     0.0000     0.0000 -124.88328   44.65180      68.40         12  0.000e+00
      60599   2524.917     49.729     50.141     8.0075     8.0087  34.087123  34.087100     8.0026     8.0039    32.6951    32.6939    25.4637    25.4625     6.5034     6.7257    198.186    204.962     1.8950     1.8388     0.0586     0.4402     3.2662     0.0000     0.0000 -124.88328   44.65180      68.82         12  0.000e+00
      60600   2524.958     49.729     50.141     8.0065     8.0082  34.087123  34.087597     8.0017     8.0034    32.6960    32.6949    25.4645    25.4634     6.5035     6.7257    198.189    204.963     1.8950     1.8388     0.0586     0.4402     3.2662     0.0000     0.0000 -124.88328   44.65180      69.72         12  0.000e+00
      60601   2525.000     49.763     50.174     8.0063     8.0074  34.087497  34.087909     8.0015     8.0026    32.6966    32.6960    25.4650    25.4644     6.5035     6.7258    198.190    204.966     1.8950     1.8388     0.0586     0.4402     3.2662     0.0000     0.0000 -124.88328   44.65180      69.94         12  0.000e+00
      60602   2525.042     49.729     50.141     8.0057     8.0065  34.087434  34.087598     8.0008     8.0016    32.6972    32.6966    25.4655    25.4650     6.5035     6.7260    198.192    204.969     1.8950     1.8388     0.0586     0.4402     3.2662     0.0000     0.0000 -124.88328   44.65180      80.34         12  0.000e+00
      60603   2525.083     49.776     50.188     8.0053     8.0058  34.087185  34.087847     8.0005     8.0009    32.6972    32.6975    25.4656    25.4657     6.5036     6.7261    198.194    204.973     1.8950     1.8388     0.0586     0.4402     3.2674     0.0000     0.0000 -124.88328   44.65180      97.07         12  0.000e+00
      60604   2525.125     49.729     50.141     8.0051     8.0058  34.086874  34.087349     8.0002     8.0010    32.6971    32.6969    25.4656    25.4653     6.5036     6.7260    198.195    204.972     1.8950     1.8388     0.0586     0.4402     3.2674     0.0000     0.0000 -124.88328   44.65180     100.00         12  0.000e+00
      60605   2525.167     49.776     50.188     8.0051     8.0053  34.086812  34.087536     8.0002     8.0005    32.6970    32.6976    25.4655    25.4659     6.5037     6.7261    198.196    204.975     1.8950     1.8388     0.0586     0.4402     3.2674     0.0000     0.0000 -124.88328   44.65180     100.00         12  0.000e+00
      60606   2525.208     49.763     50.174     8.0047     8.0055  34.087186  34.087473     7.9999     8.0006    32.6978    32.6974    25.4661    25.4657     6.5037     6.7323    198.196    205.162     1.8950     1.8400     0.0586     0.4402     3.2674     0.0000     0.0000 -124.88328   44.65180      99.54         12  0.000e+00
      60607   2525.250     49.729     50.141     8.0045     8.0047  34.086936  34.087847     7.9997     7.9998    32.6977    32.6985    25.4661    25.4667     6.5037     6.7262    198.196    204.976     1.8950     1.8388     0.0586     0.4402     3.2674     0.0000     0.0000 -124.88328   44.65180      99.19         12  0.000e+00
      60608   2525.292     49.776     50.188     8.0042     8.0043  34.086999  34.087785     7.9993     7.9994    32.6980    32.6988    25.4664    25.4670     6.5038     6.7263    198.199    204.978     1.8950     1.8388     0.0586     0.4402     3.2662     0.0000     0.0000 -124.88328   44.65180      99.27         12  0.000e+00
      60609   2525.333     49.776     50.188     8.0037     8.0044  34.086874  34.087411     7.9989     7.9995    32.6983    32.6983    25.4667    25.4666     6.5038     6.7263    198.200    204.979     1.8950     1.8388     0.0586     0.4402     3.2674     0.0000     0.0000 -124.88328   44.65180      99.32         12  0.000e+00
      60610   2525.375     49.763     50.174     8.0033     8.0042  34.087186  34.087163     7.9984     7.9993    32.6991    32.6983    25.4674    25.4666     6.5039     6.7324    198.201    205.167     1.8950     1.8400     0.0598     0.4707     3.2674     0.0000     0.0000 -124.88328   44.65180      99.34         12  0.000e+00
      60611   2525.417     49.829     50.241     8.0033     8.0045  34.086937  34.087536     7.9984     7.9996    32.6988    32.6983    25.4672    25.4666     6.5039     6.7324    198.203    205.167     1.8950     1.8400     0.0598     0.4707     3.2662     0.0000     0.0000 -124.88328   44.65180      99.32         12  0.000e+00
      60612   2525.458     49.776     50.188     8.0034     8.0046  34.087186  34.087722     7.9985     7.9998    32.6990    32.6984    25.4673    25.4666     6.5039     6.7324    198.201    205.165     1.8950     1.8400     0.0611     0.5013     3.2674     0.0000     0.0000 -124.88328   44.65180      99.32         12  0.000e+00
      60613   2525.500     49.776     50.188     8.0033     8.0051  34.087186  34.087225     7.9984     8.0003    32.6991    32.6974    25.4674    25.4658     6.5039     6.7323    198.201    205.164     1.8950     1.8400     0.0623     0.5318     3.2662     0.0000     0.0000 -124.88328   44.65180      99.32         12  0.000e+00
      60614   2525.542     49.776     50.188     8.0036     8.0050  34.086874  34.087349     7.9987     8.0002    32.6985    32.6976    25.4669    25.4660     6.5095     6.7323    198.373    205.164     1.8962     1.8400     0.0623     0.5318     3.2674     0.0000     0.0000 -124.88328   44.65180      99.32         12  0.000e+00
      60615   2525.583     49.809     50.221     8.0034     8.0053  34.086812  34.087100     7.9985     8.0004    32.6986    32.6971    25.4670    25.4655     6.5095     6.7323    198.374    205.164     1.8962     1.8400     0.0611     0.5013     3.2674     0.0000     0.0000 -124.88328   44.65180      99.32         12  0.000e+00
      60616   2525.625     49.829     50.241     8.0036     8.0053  34.087186  34.087101     7.9987     8.0004    32.6988    32.6971    25.4671    25.4655     6.5095     6.7324    198.374    205.165     1.8962     1.8400     0.0611     0.5013     3.2662     0.0000     0.0000 -124.88328   44.65180      99.32         12  0.000e+00
      60617   2525.667     49.829     50.241     8.0034     8.0053  34.087186  34.087038     7.9985     8.0004    32.6990    32.6970    25.4673    25.4655     6.5095     6.7324    198.374    205.165     1.8962     1.8400     0.0623     0.5318     3.2674     0.0000     0.0000 -124.88328   44.65180      99.32         12  0.000e+00
      60618   2525.708     49.776     50.188     8.0031     8.0045  34.087123  34.087598     7.9982     7.9996    32.6992    32.6984    25.4675    25.4667     6.5095     6.7324    198.374    205.165     1.8962     1.8400     0.0611     0.5013     3.2674     0.0000     0.0000 -124.88328   44.65180      99.32         12  0.000e+00
      60619   2525.750     49.809     50.221     8.0033     8.0045  34.087310  34.087660     7.9984     7.9996    32.6992    32.6984    25.4675    25.4667     6.5095     6.7324    198.374    205.166     1.8962     1.8400     0.0611     0.5013     3.2674     0.0000     0.0000 -124.88328   44.65180      99.34         12  0.000e+00
      60620   2525.792     49.829     50.241     8.0029     8.0042  34.087373  34.087474     7.9981     7.9993    32.6996    32.6986    25.4678    25.4668     6.5096     6.7325    198.375    205.168     1.8962     1.8400     0.0611     0.5013     3.2674     0.0000     0.0000 -124.88328   44.65180      99.32         12  0.000e+00
      60621   2525.833     49.829     50.241     8.0028     8.0035  34.087373  34.087349     7.9979     7.9987    32.6997    32.6990    25.4680    25.4673     6.5096     6.7326    198.376    205.171     1.8962     1.8400     0.0623     0.5318     3.2674     0.0000     0.0000 -124.88328   44.65180      99.32         12  0.000e+00
      60622   2525.875     49.875     50.288     8.0025     8.0038  34.087373  34.087163     7.9976     7.9990    32.7000    32.6985    25.4682    25.4669     6.5097     6.7326    198.378    205.171     1.8962     1.8400     0.0611     0.5013     3.2674     0.0000     0.0000 -124.88328   44.65180      99.32         12  0.000e+00
      60623   2525.917     49.829     50.241     8.0015     8.0044  34.087373  34.087038     7.9966     7.9995    32.7010    32.6979    25.4691    25.4663     6.5098     6.7325    198.380    205.168     1.8962     1.8400     0.0611     0.5013     3.2674     0.0000     0.0000 -124.88328   44.65180      99.32         12  0.000e+00
      60624   2525.958     49.855     50.268     8.0008     8.0055  34.087560  34.086665     7.9959     8.0006    32.7018    32.6965    25.4698    25.4650     6.5099     6.7324    198.383    205.165     1.8962     1.8400     0.0611     0.5013     3.2674     0.0000     0.0000 -124.88328   44.65180      99.32         12  0.000e+00
      60625   2526.000     49.829     50.241     8.0005     8.0051  34.087248  34.087101     7.9957     8.0003    32.7017    32.6973    25.4698    25.4657     6.5099     6.7324    198.384    205.165     1.8962     1.8400     0.0611     0.5013     3.2662     0.0000     0.0000 -124.88328   44.65180      99.32         12  0.000e+00
      60626   2526.042     49.875     50.288     8.0008     8.0045  34.087747  34.087412     7.9959     7.9996    32.7019    32.6982    25.4700    25.4665     6.5099     6.7386    198.383    205.356     1.8962     1.8413     0.0611     0.5013     3.2674     0.0000     0.0000 -124.88328   44.65180      99.32         12  0.000e+00
      60627   2526.083     49.829     50.241     8.0011     8.0038  34.087995  34.087598     7.9963     7.9990    32.7019    32.6990    25.4699    25.4672     6.5041     6.7325    198.209    205.169     1.8950     1.8400     0.0623     0.5318     3.2674     0.0000     0.0000 -124.88328   44.65180      99.32         12  0.000e+00
      60628   2526.125     49.908     50.321     8.0007     8.0035  34.087311  34.087288     7.9958     7.9987    32.7016    32.6989    25.4697    25.4672     6.5099     6.7326    198.385    205.173     1.8962     1.8400     0.0623     0.5318     3.2674     0.0000     0.0000 -124.88328   44.65180      99.32         12  0.000e+00
      60629   2526.167     49.875     50.288     7.9995     8.0035  34.087498  34.087536     7.9947     7.9986    32.7029    32.6992    25.4709    25.4675     6.5100     6.7326    198.388    205.172     1.8962     1.8400     0.0611     0.5013     3.2674     0.0000     0.0000 -124.88328   44.65180      99.32         12  0.000e+00
      60630   2526.208     49.829     50.241     7.9991     8.0033  34.087249  34.087287     7.9942     7.9985    32.7031    32.6991    25.4711    25.4674     6.5100     6.7326    198.389    205.171     1.8962     1.8400     0.0611     0.5013     3.2674     0.0000     0.0000 -124.88328   44.65180      99.32         12  0.000e+00
      60631   2526.250     49.928     50.341     7.9987     8.0033  34.087311  34.087536     7.9939     7.9985    32.7034    32.6993    25.4714    25.4676     6.5045     6.7327    198.220    205.174     1.8950     1.8400     0.0611     0.5013     3.2674     0.0000     0.0000 -124.88328   44.65180      99.32         12  0.000e+00
      60632   2526.292     49.875     50.288     7.9987     8.0033  34.087373  34.087287     7.9939     7.9985    32.7035    32.6991    25.4715    25.4674     6.5045     6.7326    198.219    205.173     1.8950     1.8400     0.0611     0.5013     3.2674     0.0000     0.0000 -124.88328   44.65180      99.32         12  0.000e+00
      60633   2526.333     49.908     50.321     7.9987     8.0033  34.087373  34.087536     7.9938     7.9985    32.7035    32.6993    25.4715    25.4676     6.5045     6.7327    198.220    205.173     1.8950     1.8400     0.0623     0.5318     3.2674     0.0000     0.0000 -124.88328   44.65180      99.34         12  0.000e+00
      60634   2526.375     49.875     50.288     7.9989     8.0040  34.086938  34.087287     7.9940     7.9991    32.7029    32.6985    25.4710    25.4668     6.5045     6.7326    198.219    205.170     1.8950     1.8400     0.0611     0.5013     3.2674     0.0000     0.0000 -124.88328   44.65180      99.32         12  0.000e+00
      60635   2526.417     49.928     50.342     7.9999     8.0040  34.086564  34.087288     7.9950     7.9991    32.7015    32.6984    25.4698    25.4668     6.5044     6.7326    198.218    205.172     1.8950     1.8400     0.0623     0.5318     3.2674     0.0000     0.0000 -124.88328   44.65180      99.32         12  0.000e+00
      60636   2526.458     49.875     50.288     7.9997     8.0045  34.086688  34.087412     7.9948     7.9996    32.7019    32.6982    25.4701    25.4665     6.5044     6.7386    198.217    205.356     1.8950     1.8413     0.0623     0.5318     3.2662     0.0000     0.0000 -124.88328   44.65180      99.32         12  0.000e+00
      60637   2526.500     49.955     50.368     7.9999     8.0044  34.087000  34.087847     7.9950     7.9995    32.7020    32.6987    25.4702    25.4669     6.5044     6.7326    198.218    205.170     1.8950     1.8400     0.0611     0.5013     3.2674     0.0000     0.0000 -124.88328   44.65180      99.32         12  0.000e+00
      60638   2526.542     49.928     50.342     7.9999     8.0040  34.087124  34.087785     7.9950     7.9991    32.7021    32.6990    25.4703    25.4672     6.5044     6.7387    198.217    205.359     1.8950     1.8413     0.0598     0.4707     3.2674     0.0000     0.0000 -124.88328   44.65180      99.32         12  0.000e+00
      60639   2526.583     49.928     50.342     8.0002     8.0037  34.087124  34.087225     7.9953     7.9988    32.7018    32.6987    25.4700    25.4670     6.5044     6.7326    198.216    205.173     1.8950     1.8400     0.0598     0.4707     3.2674     0.0000     0.0000 -124.88328   44.65180      99.32         12  0.000e+00
      60640   2526.625     49.928     50.342     8.0008     8.0039  34.087311  34.087101     7.9959     7.9990    32.7015    32.6984    25.4696    25.4667     6.5043     6.7326    198.213    205.173     1.8950     1.8400     0.0598     0.4707     3.2674     0.0000     0.0000 -124.88328   44.65180      99.32         12  0.000e+00
      60641   2526.667     49.975     50.388     8.0002     8.0042  34.087187  34.087288     7.9953     7.9993    32.7019    32.6983    25.4700    25.4666     6.5044     6.7326    198.217    205.172     1.8950     1.8400     0.0611     0.5013     3.2674     0.0000     0.0000 -124.88328   44.65180      99.32         12  0.000e+00
