WCOA/WCOA-6/CTD_Data/RB2102_CTD_003_01.ros
* Sea-Bird SBE 9 Data File:
* FileName = C:\Users\scs.user.rb\CTD\RB2102\Data\RB2102_CTD_003_01.hex
* Software Version Seasave V 7.26.7.107
* Temperature SN = 6202
* Conductivity SN = 4907
* Number of Bytes Per Scan = 41
* Number of Voltage Words = 4
* Number of Scans Averaged by the Deck Unit = 1
* NMEA Latitude = 51 49.79 N
* NMEA Longitude = 130 22.48 W
* NMEA UTC (Time) = Jun 25 2021  16:51:02
* NMEA baud rate = 4800
# nquan = 30
# nvalues = 784                                   
# units = specified
# name 0 = scan: Scan Count
# name 1 = timeS: Time, Elapsed [seconds]
# name 2 = depSM: Depth [salt water, m]
# name 3 = prDM: Pressure, Digiquartz [db]
# name 4 = t090C: Temperature [ITS-90, deg C]
# name 5 = t190C: Temperature, 2 [ITS-90, deg C]
# name 6 = c0mS/cm: Conductivity [mS/cm]
# name 7 = c1mS/cm: Conductivity, 2 [mS/cm]
# name 8 = potemp090C: Potential Temperature [ITS-90, deg C]
# name 9 = potemp190C: Potential Temperature, 2 [ITS-90, deg C]
# name 10 = sal00: Salinity, Practical [PSU]
# name 11 = sal11: Salinity, Practical, 2 [PSU]
# name 12 = sigma-é00: Density [sigma-theta, kg/m^3]
# name 13 = sigma-é11: Density, 2 [sigma-theta, kg/m^3]
# name 14 = sbeox0Mg/L: Oxygen, SBE 43 [mg/l]
# name 15 = sbeox1Mg/L: Oxygen, SBE 43, 2 [mg/l]
# name 16 = sbox0Mm/Kg: Oxygen, SBE 43 [umol/kg]
# name 17 = sbox1Mm/Kg: Oxygen, SBE 43, 2 [umol/kg]
# name 18 = sbeox0V: Oxygen raw, SBE 43 [V]
# name 19 = sbeox1V: Oxygen raw, SBE 43, 2 [V]
# name 20 = v4: Voltage 4
# name 21 = flECO-AFL: Fluorescence, WET Labs ECO-AFL/FL [mg/m^3]
# name 22 = v3: Voltage 3
# name 23 = v6: Voltage 6
# name 24 = v7: Voltage 7
# name 25 = longitude: Longitude [deg]
# name 26 = latitude: Latitude [deg]
# name 27 = altM: Altimeter [m]
# name 28 = nbf: Bottles Fired
# name 29 = flag:  0.000e+00
# interval = seconds: 0.0416667
# start_time = Jun 25 2021 16:51:02 [NMEA time, header]
# bad_flag = -9.990e-29
*END*
[from data line 677]
      64341   2680.833     10.832     10.928    10.1084    10.1491  35.019519  35.061302    10.1072    10.1478    31.7757    31.7821    24.4176    24.4159     9.6631     9.4533    294.778    288.378     2.6825     2.4786     0.0940     1.3254     3.2418     0.9280     1.6850 -130.37130   51.83002      64.84         14  0.000e+00
      64342   2680.875     10.832     10.928    10.1246    10.1743  35.035558  35.081299    10.1234    10.1731    31.7776    31.7801    24.4164    24.4101     9.6540     9.4477    294.502    288.211     2.6813     2.4786     0.0940     1.3254     3.2418     0.9280     1.6850 -130.37130   51.83002      64.84         14  0.000e+00
      64343   2680.917     10.786     10.881    10.1510    10.2226  35.068590  35.109225    10.1498    10.2214    31.7877    31.7658    24.4200    24.3910     9.6422     9.4377    294.139    287.911     2.6801     2.4786     0.0940     1.3254     3.2418     0.9280     1.6850 -130.37130   51.83002      64.84         14  0.000e+00
      64344   2680.958     10.845     10.941    10.1957    10.2641  35.108684  35.131434    10.1945    10.2629    31.7888    31.7518    24.4134    24.3731     9.6270     9.4236    293.678    287.484     2.6789     2.4774     0.0940     1.3254     3.2418     0.9280     1.6862 -130.37130   51.83002      64.84         14  0.000e+00
      64345   2681.000     10.786     10.881    10.2488    10.2819  35.157425  35.142257    10.2475    10.2807    31.7914    31.7471    24.4065    24.3665     9.6098     9.4198    293.155    287.371     2.6777     2.4774     0.0940     1.3254     3.2418     0.9280     1.6850 -130.37130   51.83002      64.84         14  0.000e+00
      64346   2681.042     10.786     10.881    10.3120    10.2988  35.200897  35.151823    10.3108    10.2976    31.7796    31.7419    24.3868    24.3596     9.5967     9.4105    292.761    287.090     2.6777     2.4762     0.0940     1.3254     3.2418     0.9280     1.6850 -130.37130   51.83002      64.84         14  0.000e+00
      64347   2681.083     10.786     10.881    10.3682    10.3064  35.228753  35.158998    10.3670    10.3052    31.7583    31.7425    24.3608    24.3588     9.5804     9.4088    292.272    287.038     2.6764     2.4762     0.0940     1.3254     3.2418     0.9280     1.6850 -130.37130   51.83002      64.84         14  0.000e+00
      64348   2681.125     10.746     10.841    10.4070    10.3069  35.237450  35.168064    10.4058    10.3057    31.7332    31.7511    24.3347    24.3654     9.5681     9.4023    291.905    286.837     2.6752     2.4750     0.0940     1.3254     3.2418     0.9280     1.6850 -130.37130   51.83002      64.84         14  0.000e+00
      64349   2681.167     10.786     10.881    10.3893    10.3370  35.200888  35.195515    10.3881    10.3358    31.7121    31.7523    24.3212    24.3613     9.5680     9.3956    291.904    286.634     2.6740     2.4750     0.0940     1.3254     3.2418     0.9280     1.6850 -130.37130   51.83002      64.84         14  0.000e+00
      66820   2784.125      4.039      4.075    13.2068    13.2131  37.556302  37.577798    13.2062    13.2126    31.5950    31.6099    23.7162    23.7264     9.9065     9.3913    302.411    286.679     2.8962     2.6081     0.0672     0.6539     3.2418     0.8510     1.4518 -130.37112   51.83004      64.84         15  0.000e+00
      66821   2784.167      4.039      4.075    13.2008    13.2208  37.555656  37.580706    13.2003    13.2203    31.5994    31.6062    23.7207    23.7220     9.9075     9.3899    302.440    286.638     2.8962     2.6081     0.0659     0.6234     3.2418     0.8510     1.4518 -130.37112   51.83004      64.84         15  0.000e+00
      66822   2784.208      4.039      4.075    13.2066    13.2166  37.567941  37.574695    13.2061    13.2161    31.6061    31.6041    23.7247    23.7212     9.9059     9.3909    302.389    286.668     2.8962     2.6081     0.0672     0.6539     3.2393     0.8510     1.4518 -130.37112   51.83004      64.79         15  0.000e+00
      66823   2784.250      4.184      4.221    13.2202    13.2144  37.581456  37.569655    13.2197    13.2139    31.6073    31.6011    23.7231    23.7194     9.9031     9.3917    302.305    286.693     2.8962     2.6081     0.0684     0.6844     3.2405     0.8510     1.4518 -130.37112   51.83004      64.81         15  0.000e+00
      66824   2784.292      4.085      4.121    13.2296    13.2106  37.587923  37.563063    13.2290    13.2100    31.6057    31.5982    23.7199    23.7179     9.8961     9.3925    302.092    286.720     2.8950     2.6081     0.0684     0.6844     3.2418     0.8510     1.4518 -130.37112   51.83004      64.84         15  0.000e+00
      66825   2784.333      4.138      4.175    13.2344    13.2010  37.591738  37.553307    13.2339    13.2004    31.6052    31.5970    23.7186    23.7188     9.8952     9.3947    302.064    286.785     2.8950     2.6081     0.0672     0.6539     3.2405     0.8498     1.4518 -130.37112   51.83004      64.81         15  0.000e+00
      66826   2784.375      4.231      4.268    13.2453    13.1884  37.603640  37.547752    13.2448    13.1879    31.6072    31.6022    23.7180    23.7253     9.8929     9.3971    301.994    286.857     2.8950     2.6081     0.0684     0.6844     3.2418     0.8510     1.4518 -130.37112   51.83004      64.84         15  0.000e+00
      66827   2784.417      4.085      4.121    13.2606    13.1904  37.617418  37.555699    13.2600    13.1899    31.6075    31.6080    23.7152    23.7294     9.8895     9.3961    301.891    286.827     2.8950     2.6081     0.0684     0.6844     3.2393     0.8510     1.4518 -130.37112   51.83004      64.79         15  0.000e+00
      66828   2784.458      4.231      4.268    13.2734    13.2044  37.626475  37.569850    13.2728    13.2038    31.6052    31.6097    23.7110    23.7280     9.8821     9.3933    301.667    286.742     2.8938     2.6081     0.0684     0.6844     3.2393     0.8510     1.4518 -130.37112   51.83004      64.79         15  0.000e+00
      66829   2784.500      4.231      4.268    13.2819    13.2056  37.628869  37.573211    13.2813    13.2050    31.6004    31.6118    23.7055    23.7294     9.8806     9.3929    301.623    286.730     2.8938     2.6081     0.0684     0.6844     3.2393     0.8510     1.4493 -130.37112   51.83004      64.79         15  0.000e+00
      66830   2784.542      4.231      4.268    13.2794    13.2074  37.622592  37.574439    13.2788    13.2068    31.5966    31.6114    23.7031    23.7287     9.8763     9.3926    301.494    286.719     2.8926     2.6081     0.0684     0.6844     3.2405     0.8510     1.4469 -130.37112   51.83004      64.81         15  0.000e+00
      66831   2784.583      4.231      4.268    13.2724    13.2213  37.615217  37.583227    13.2718    13.2208    31.5956    31.6081    23.7037    23.7234     9.8779     9.3899    301.541    286.638     2.8926     2.6081     0.0684     0.6844     3.2405     0.8510     1.4469 -130.37112   51.83004      64.81         15  0.000e+00
      66832   2784.625      4.231      4.268    13.2698    13.2318  37.618970  37.589560    13.2692    13.2312    31.6012    31.6053    23.7085    23.7192     9.8781     9.3879    301.545    286.577     2.8926     2.6081     0.0684     0.6844     3.2393     0.8510     1.4469 -130.37112   51.83004      64.79         15  0.000e+00
      66833   2784.667      4.297      4.335    13.2790    13.2485  37.631781  37.603716    13.2785    13.2480    31.6055    31.6046    23.7100    23.7154     9.8709     9.3790    301.327    286.309     2.8913     2.6068     0.0684     0.6844     3.2393     0.8510     1.4469 -130.37112   51.83004      64.79         15  0.000e+00
      66834   2784.708      4.330      4.368    13.2887    13.2576  37.640128  37.612443    13.2882    13.2570    31.6052    31.6052    23.7079    23.7141     9.8690     9.3772    301.267    286.252     2.8913     2.6068     0.0684     0.6844     3.2418     0.8510     1.4469 -130.37112   51.83004      64.84         15  0.000e+00
      66835   2784.750      4.284      4.322    13.2956    13.2571  37.642651  37.611732    13.2950    13.2565    31.6019    31.6050    23.7040    23.7140     9.8677     9.3772    301.229    286.254     2.8913     2.6068     0.0684     0.6844     3.2405     0.8510     1.4469 -130.37112   51.83004      64.81         15  0.000e+00
      66836   2784.792      4.383      4.422    13.2972    13.2640  37.640192  37.612960    13.2966    13.2634    31.5982    31.6004    23.7008    23.7090     9.8677     9.3762    301.230    286.224     2.8913     2.6068     0.0684     0.6844     3.2393     0.8510     1.4469 -130.37112   51.83004      64.79         15  0.000e+00
      66837   2784.833      4.330      4.368    13.2962    13.2697  37.635533  37.620072    13.2956    13.2691    31.5947    31.6023    23.6983    23.7094     9.8630     9.3748    301.089    286.182     2.8901     2.6068     0.0684     0.6844     3.2393     0.8510     1.4469 -130.37112   51.83004      64.79         15  0.000e+00
      66838   2784.875      4.383      4.422    13.2914    13.2793  37.631133  37.627701    13.2908    13.2787    31.5946    31.6014    23.6992    23.7068     9.8641     9.3729    301.122    286.125     2.8901     2.6068     0.0684     0.6844     3.2393     0.8510     1.4469 -130.37112   51.83004      64.79         15  0.000e+00
      66839   2784.917      4.383      4.422    13.2880    13.2800  37.629580  37.627960    13.2874    13.2794    31.5959    31.6011    23.7009    23.7065     9.8647     9.3674    301.140    285.956     2.8901     2.6056     0.0684     0.6844     3.2418     0.8510     1.4469 -130.37112   51.83004      64.84         15  0.000e+00
      66840   2784.958      4.429      4.468    13.2852    13.2727  37.628869  37.622529    13.2846    13.2721    31.5976    31.6020    23.7027    23.7086     9.8653     9.3689    301.156    286.001     2.8901     2.6056     0.0684     0.6844     3.2405     0.8510     1.4469 -130.37112   51.83004      64.81         15  0.000e+00
      66841   2785.000      4.383      4.422    13.2820    13.2682  37.627251  37.618649    13.2814    13.2676    31.5987    31.6022    23.7042    23.7096     9.8658     9.3698    301.172    286.027     2.8901     2.6056     0.0684     0.6844     3.2393     0.8510     1.4469 -130.37112   51.83004      64.79         15  0.000e+00
      66842   2785.042      4.429      4.468    13.2815    13.2689  37.627963  37.618455    13.2809    13.2683    31.5998    31.6014    23.7052    23.7089     9.8659     9.3697    301.175    286.026     2.8901     2.6056     0.0684     0.6844     3.2393     0.8510     1.4469 -130.37112   51.83004      64.79         15  0.000e+00
      66843   2785.083      4.429      4.468    13.2839    13.2702  37.631134  37.618649    13.2833    13.2696    31.6008    31.6005    23.7055    23.7079     9.8654     9.3695    301.158    286.020     2.8901     2.6056     0.0684     0.6844     3.2418     0.8510     1.4469 -130.37112   51.83004      64.84         15  0.000e+00
      66844   2785.125      4.476      4.515    13.2860    13.2729  37.635017  37.622787    13.2854    13.2723    31.6026    31.6021    23.7065    23.7086     9.8649     9.3689    301.142    286.001     2.8901     2.6056     0.0684     0.6844     3.2418     0.8510     1.4469 -130.37112   51.83004      64.84         15  0.000e+00
      66845   2785.167      4.476      4.515    13.2901    13.2804  37.638770  37.629124    13.2895    13.2798    31.6028    31.6018    23.7058    23.7070     9.8640     9.3674    301.116    285.955     2.8901     2.6056     0.0684     0.6844     3.2393     0.8510     1.4469 -130.37112   51.83004      64.79         15  0.000e+00
      66846   2785.208      4.429      4.468    13.2936    13.2859  37.641163  37.633779    13.2930    13.2853    31.6021    31.6016    23.7046    23.7057     9.8633     9.3607    301.094    285.753     2.8901     2.6044     0.0684     0.6844     3.2418     0.8510     1.4469 -130.37112   51.83004      64.84         15  0.000e+00
      66847   2785.250      4.542      4.582    13.2972    13.2891  37.643170  37.635267    13.2966    13.2885    31.6009    31.6003    23.7030    23.7041     9.8627     9.3657    301.078    285.906     2.8901     2.6056     0.0684     0.6844     3.2418     0.8510     1.4469 -130.37112   51.83004      64.84         15  0.000e+00
      66848   2785.292      4.476      4.515    13.3009    13.2903  37.645887  37.635654    13.3003    13.2897    31.6004    31.5997    23.7018    23.7034     9.8619     9.3654    301.053    285.897     2.8901     2.6056     0.0684     0.6844     3.2393     0.8510     1.4469 -130.37112   51.83004      64.79         15  0.000e+00
      66849   2785.333      4.528      4.568    13.3031    13.2902  37.647117  37.635266    13.3025    13.2896    31.5998    31.5994    23.7009    23.7031     9.8615     9.3601    301.042    285.734     2.8901     2.6044     0.0684     0.6844     3.2405     0.8510     1.4469 -130.37112   51.83004      64.81         15  0.000e+00
      66850   2785.375      4.528      4.568    13.3044    13.2892  37.648282  37.634102    13.3038    13.2886    31.5997    31.5991    23.7006    23.7031     9.8613     9.3603    301.034    285.741     2.8901     2.6044     0.0684     0.6844     3.2393     0.8510     1.4469 -130.37112   51.83004      64.79         15  0.000e+00
      66851   2785.417      4.528      4.568    13.3067    13.2871  37.649382  37.632809    13.3061    13.2865    31.5988    31.5997    23.6995    23.7040     9.8608     9.3607    301.021    285.753     2.8901     2.6044     0.0684     0.6844     3.2393     0.8510     1.4469 -130.37112   51.83004      64.79         15  0.000e+00
      66852   2785.458      4.528      4.568    13.3076    13.2857  37.650741  37.630934    13.3069    13.2851    31.5994    31.5991    23.6997    23.7038     9.8606     9.3610    301.015    285.763     2.8901     2.6044     0.0684     0.6844     3.2393     0.8510     1.4469 -130.37112   51.83004      64.79         15  0.000e+00
      66853   2785.500      4.528      4.568    13.3084    13.2854  37.650741  37.630999    13.3078    13.2848    31.5987    31.5994    23.6990    23.7041     9.8605     9.3611    301.011    285.764     2.8901     2.6044     0.0684     0.6844     3.2405     0.8510     1.4640 -130.37112   51.83004      64.81         15  0.000e+00
      66854   2785.542      4.528      4.568    13.3084    13.2874  37.650870  37.631645    13.3078    13.2868    31.5988    31.5983    23.6991    23.7029     9.8605     9.3607    301.011    285.754     2.8901     2.6044     0.0684     0.6844     3.2393     0.8510     1.4737 -130.37112   51.83004      64.79         15  0.000e+00
      66855   2785.583      4.575      4.615    13.3081    13.2897  37.650417  37.633003    13.3075    13.2891    31.5987    31.5976    23.6991    23.7019     9.8606     9.3603    301.015    285.742     2.8901     2.6044     0.0684     0.6844     3.2405     0.8510     1.4750 -130.37112   51.83004      64.81         15  0.000e+00
      66856   2785.625      4.575      4.615    13.3093    13.2870  37.650482  37.632680    13.3086    13.2864    31.5978    31.5996    23.6981    23.7039     9.8604     9.3608    301.009    285.755     2.8901     2.6044     0.0684     0.6844     3.2418     0.8510     1.4750 -130.37112   51.83004      64.84         15  0.000e+00
      66857   2785.667      4.575      4.615    13.3097    13.2844  37.650352  37.630934    13.3091    13.2837    31.5972    31.6002    23.6976    23.7049     9.8654     9.3613    301.160    285.771     2.8913     2.6044     0.0684     0.6844     3.2405     0.8510     1.4737 -130.37112   51.83004      64.81         15  0.000e+00
      66858   2785.708      4.575      4.615    13.3089    13.2831  37.650029  37.630223    13.3083    13.2825    31.5976    31.6006    23.6981    23.7055     9.8605     9.3615    301.012    285.778     2.8901     2.6044     0.0672     0.6539     3.2393     0.8510     1.4737 -130.37112   51.83004      64.79         15  0.000e+00
