WCOA/WCOA-6/CTD_Data/RB2102_CTD_118_01.ros
* Sea-Bird SBE 9 Data File:
* FileName = C:\Users\scs.user.rb\CTD\RB2102\Data\RB2102_CTD_118_01.hex
* Software Version Seasave V 7.26.7.107
* Temperature SN = 6202
* Conductivity SN = 4907
* Number of Bytes Per Scan = 41
* Number of Voltage Words = 4
* Number of Scans Averaged by the Deck Unit = 1
* NMEA Latitude = 34 22.91 N
* NMEA Longitude = 120 17.02 W
* NMEA UTC (Time) = Jul 19 2021  00:40:08
* NMEA baud rate = 4800
# nquan = 30
# nvalues = 931                                   
# units = specified
# name 0 = scan: Scan Count
# name 1 = timeS: Time, Elapsed [seconds]
# name 2 = depSM: Depth [salt water, m]
# name 3 = prDM: Pressure, Digiquartz [db]
# name 4 = t090C: Temperature [ITS-90, deg C]
# name 5 = t190C: Temperature, 2 [ITS-90, deg C]
# name 6 = c0mS/cm: Conductivity [mS/cm]
# name 7 = c1mS/cm: Conductivity, 2 [mS/cm]
# name 8 = potemp090C: Potential Temperature [ITS-90, deg C]
# name 9 = potemp190C: Potential Temperature, 2 [ITS-90, deg C]
# name 10 = sal00: Salinity, Practical [PSU]
# name 11 = sal11: Salinity, Practical, 2 [PSU]
# name 12 = sigma-é00: Density [sigma-theta, kg/m^3]
# name 13 = sigma-é11: Density, 2 [sigma-theta, kg/m^3]
# name 14 = sbeox0Mg/L: Oxygen, SBE 43 [mg/l]
# name 15 = sbeox1Mg/L: Oxygen, SBE 43, 2 [mg/l]
# name 16 = sbox0Mm/Kg: Oxygen, SBE 43 [umol/kg]
# name 17 = sbox1Mm/Kg: Oxygen, SBE 43, 2 [umol/kg]
# name 18 = sbeox0V: Oxygen raw, SBE 43 [V]
# name 19 = sbeox1V: Oxygen raw, SBE 43, 2 [V]
# name 20 = v4: Voltage 4
# name 21 = flECO-AFL: Fluorescence, WET Labs ECO-AFL/FL [mg/m^3]
# name 22 = v3: Voltage 3
# name 23 = v6: Voltage 6
# name 24 = v7: Voltage 7
# name 25 = longitude: Longitude [deg]
# name 26 = latitude: Latitude [deg]
# name 27 = altM: Altimeter [m]
# name 28 = nbf: Bottles Fired
# name 29 = flag:  0.000e+00
# interval = seconds: 0.0416667
# start_time = Jul 19 2021 00:40:08 [NMEA time, header]
# bad_flag = -9.990e-29
*END*
[from data line 726]
      50088   2086.958     29.567     29.783    12.5750    12.5763  39.073473  39.075789    12.5711    12.5724    33.5654    33.5664    25.3657    25.3663     6.6425     6.1755    202.444    188.212     2.0952     1.8803     0.0989     1.4475     3.1661     0.0281     0.0000 -120.28360   34.38084      99.32         15  0.000e+00
      50089   2087.000     29.521     29.736    12.5752    12.5764  39.073801  39.075526    12.5713    12.5725    33.5655    33.5662    25.3658    25.3661     6.6373     6.1754    202.288    188.211     2.0940     1.8803     0.0989     1.4475     3.1673     0.0293     0.0000 -120.28360   34.38084      99.32         15  0.000e+00
      50090   2087.042     29.474     29.689    12.5754    12.5764  39.074129  39.075198    12.5714    12.5725    33.5657    33.5659    25.3659    25.3658     6.6373     6.1754    202.286    188.210     2.0940     1.8803     0.0989     1.4475     3.1673     0.0293     0.0000 -120.28360   34.38084      99.32         15  0.000e+00
      50091   2087.083     29.567     29.783    12.5757    12.5763  39.074261  39.075592    12.5718    12.5724    33.5655    33.5662    25.3657    25.3661     6.6423     6.1755    202.441    188.212     2.0952     1.8803     0.0989     1.4475     3.1661     0.0293     0.0000 -120.28360   34.38084      99.32         15  0.000e+00
      50092   2087.125     29.521     29.736    12.5757    12.5764  39.074261  39.075592    12.5717    12.5725    33.5656    33.5662    25.3657    25.3661     6.6373     6.1754    202.286    188.211     2.0940     1.8803     0.0989     1.4475     3.1673     0.0281     0.0000 -120.28360   34.38084      99.32         15  0.000e+00
      50093   2087.167     29.567     29.783    12.5757    12.5764  39.073998  39.075723    12.5718    12.5725    33.5653    33.5663    25.3655    25.3662     6.6424     6.1809    202.442    188.379     2.0952     1.8816     0.0989     1.4475     3.1673     0.0293     0.0000 -120.28360   34.38084      99.32         15  0.000e+00
      50094   2087.208     29.521     29.736    12.5757    12.5765  39.074392  39.075789    12.5718    12.5726    33.5657    33.5663    25.3658    25.3661     6.6423     6.1754    202.440    188.210     2.0952     1.8803     0.0989     1.4475     3.1673     0.0293     0.0000 -120.28360   34.38084      99.32         15  0.000e+00
      50095   2087.250     29.521     29.736    12.5759    12.5765  39.074326  39.075526    12.5720    12.5726    33.5654    33.5660    25.3656    25.3659     6.6423     6.1809    202.439    188.377     2.0952     1.8816     0.0989     1.4475     3.1673     0.0293     0.0000 -120.28360   34.38084      99.32         15  0.000e+00
      50096   2087.292     29.567     29.783    12.5755    12.5764  39.073735  39.075461    12.5716    12.5725    33.5652    33.5661    25.3655    25.3660     6.6424     6.1809    202.443    188.379     2.0952     1.8816     0.0989     1.4475     3.1673     0.0281     0.0000 -120.28360   34.38084      99.32         15  0.000e+00
      52331   2180.417     19.936     20.081    13.6288    13.6684  40.027928  40.066372    13.6260    13.6656    33.5402    33.5413    25.1361    25.1289     7.7742     7.2392    236.991    220.684     2.4139     2.1587     0.1514     2.7601     3.1624     0.0354     0.0000 -120.28362   34.38076      99.49         16  0.000e+00
      52332   2180.458     19.790     19.934    13.6272    13.6697  40.026204  40.066239    13.6245    13.6669    33.5399    33.5401    25.1362    25.1277     7.7694     7.2390    236.845    220.676     2.4127     2.1587     0.1502     2.7296     3.1624     0.0354     0.0000 -120.28362   34.38076      99.49         16  0.000e+00
      52333   2180.500     19.790     19.934    13.6279    13.6705  40.027132  40.065642    13.6252    13.6677    33.5402    33.5389    25.1363    25.1266     7.7693     7.2389    236.841    220.674     2.4127     2.1587     0.1514     2.7601     3.1636     0.0342     0.0000 -120.28362   34.38076      99.49         16  0.000e+00
      52334   2180.542     19.889     20.034    13.6282    13.6702  40.027862  40.065112    13.6254    13.6674    33.5406    33.5386    25.1366    25.1265     7.7693     7.2390    236.842    220.679     2.4127     2.1587     0.1502     2.7296     3.1648     0.0354     0.0000 -120.28362   34.38076      99.49         16  0.000e+00
      52335   2180.583     19.889     20.034    13.6286    13.6698  40.028459  40.063520    13.6258    13.6670    33.5408    33.5374    25.1367    25.1256     7.7693     7.2392    236.839    220.682     2.4127     2.1587     0.1514     2.7601     3.1636     0.0342     0.0000 -120.28362   34.38076      99.49         16  0.000e+00
      52336   2180.625     19.889     20.034    13.6297    13.6682  40.029188  40.061465    13.6270    13.6654    33.5405    33.5369    25.1362    25.1255     7.7691     7.2394    236.834    220.690     2.4127     2.1587     0.1514     2.7601     3.1624     0.0354     0.0000 -120.28362   34.38076      99.49         16  0.000e+00
      52337   2180.667     19.790     19.934    13.6314    13.6671  40.030116  40.059806    13.6287    13.6643    33.5399    33.5364    25.1354    25.1253     7.7687     7.2395    236.824    220.694     2.4127     2.1587     0.1514     2.7601     3.1636     0.0342     0.0000 -120.28362   34.38076      99.49         16  0.000e+00
      52338   2180.708     19.889     20.034    13.6326    13.6651  40.031178  40.057751    13.6298    13.6623    33.5398    33.5362    25.1351    25.1256     7.7637     7.2400    236.671    220.706     2.4115     2.1587     0.1502     2.7296     3.1648     0.0342     0.0000 -120.28362   34.38076      99.49         16  0.000e+00
      52339   2180.750     19.889     20.034    13.6341    13.6625  40.032239  40.056028    13.6313    13.6597    33.5395    33.5369    25.1345    25.1267     7.7635     7.2403    236.664    220.718     2.4115     2.1587     0.1490     2.6991     3.1624     0.0342     0.0000 -120.28362   34.38076      99.49         16  0.000e+00
      52340   2180.792     19.837     19.981    13.6368    13.6607  40.033300  40.056823    13.6341    13.6579    33.5381    33.5392    25.1329    25.1288     7.7631     7.2351    236.652    220.559     2.4115     2.1575     0.1477     2.6685     3.1636     0.0342     0.0000 -120.28362   34.38076      99.49         16  0.000e+00
      52341   2180.833     19.837     19.981    13.6388    13.6604  40.034295  40.058216    13.6360    13.6576    33.5374    33.5407    25.1319    25.1301     7.7628     7.2351    236.643    220.558     2.4115     2.1575     0.1490     2.6991     3.1636     0.0342     0.0000 -120.28362   34.38076      99.49         16  0.000e+00
      52342   2180.875     19.890     20.034    13.6400    13.6611  40.035356  40.059211    13.6372    13.6583    33.5373    33.5410    25.1316    25.1302     7.7627     7.2350    236.639    220.555     2.4115     2.1575     0.1477     2.6685     3.1636     0.0342     0.0000 -120.28362   34.38076      99.49         16  0.000e+00
      52343   2180.917     19.837     19.981    13.6406    13.6612  40.035820  40.059807    13.6379    13.6585    33.5371    33.5415    25.1314    25.1305     7.7625     7.2349    236.634    220.552     2.4115     2.1575     0.1477     2.6685     3.1636     0.0342     0.0000 -120.28362   34.38076      99.49         16  0.000e+00
      52344   2180.958     19.890     20.034    13.6400    13.6619  40.034892  40.060471    13.6372    13.6591    33.5368    33.5415    25.1312    25.1304     7.7627     7.2349    236.640    220.551     2.4115     2.1575     0.1477     2.6685     3.1636     0.0342     0.0000 -120.28362   34.38076      99.49         16  0.000e+00
      52345   2181.000     19.837     19.981    13.6381    13.6624  40.033499  40.061067    13.6354    13.6596    33.5372    33.5416    25.1319    25.1304     7.7629     7.2347    236.647    220.547     2.4115     2.1575     0.1490     2.6991     3.1636     0.0342     0.0000 -120.28362   34.38076      99.49         16  0.000e+00
      52346   2181.042     19.837     19.981    13.6370    13.6635  40.031840  40.062327    13.6342    13.6607    33.5367    33.5419    25.1317    25.1303     7.7631     7.2346    236.653    220.541     2.4115     2.1575     0.1477     2.6685     3.1624     0.0342     0.0000 -120.28362   34.38076      99.49         16  0.000e+00
      52347   2181.083     19.890     20.034    13.6363    13.6653  40.030912  40.062924    13.6335    13.6625    33.5364    33.5408    25.1316    25.1292     7.7584     7.2344    236.509    220.536     2.4103     2.1575     0.1490     2.6991     3.1624     0.0342     0.0000 -120.28362   34.38076      99.49         16  0.000e+00
      52348   2181.125     19.837     19.981    13.6349    13.6666  40.029983  40.063255    13.6322    13.6638    33.5367    33.5400    25.1322    25.1283     7.7634     7.2342    236.663    220.529     2.4115     2.1575     0.1490     2.6991     3.1624     0.0342     0.0000 -120.28362   34.38076      99.49         16  0.000e+00
      52349   2181.167     19.890     20.034    13.6330    13.6675  40.029918  40.063653    13.6302    13.6647    33.5383    33.5396    25.1338    25.1277     7.7588     7.2287    236.521    220.364     2.4103     2.1563     0.1477     2.6685     3.1648     0.0342     0.0000 -120.28362   34.38076      99.49         16  0.000e+00
      52350   2181.208     19.837     19.981    13.6323    13.6681  40.029785  40.064581    13.6295    13.6654    33.5389    33.5399    25.1344    25.1279     7.7589     7.2339    236.523    220.522     2.4103     2.1575     0.1477     2.6685     3.1636     0.0342     0.0000 -120.28362   34.38076      99.49         16  0.000e+00
      52351   2181.250     19.837     19.981    13.6313    13.6688  40.029719  40.064714    13.6285    13.6660    33.5397    33.5395    25.1352    25.1274     7.7541     7.2338    236.376    220.519     2.4090     2.1575     0.1477     2.6685     3.1636     0.0342     0.0000 -120.28362   34.38076      99.49         16  0.000e+00
      52352   2181.292     19.837     19.981    13.6306    13.6690  40.029719  40.064249    13.6278    13.6662    33.5402    33.5389    25.1358    25.1269     7.7541     7.2285    236.378    220.357     2.4090     2.1563     0.1477     2.6685     3.1636     0.0342     0.0000 -120.28362   34.38076      99.49         16  0.000e+00
      52353   2181.333     19.837     19.981    13.6301    13.6679  40.030515  40.063520    13.6273    13.6651    33.5414    33.5392    25.1368    25.1273     7.7542     7.2287    236.379    220.362     2.4090     2.1563     0.1477     2.6685     3.1636     0.0342     0.0000 -120.28362   34.38076      99.49         16  0.000e+00
      52354   2181.375     19.890     20.034    13.6323    13.6673  40.032571  40.064117    13.6295    13.6645    33.5415    33.5402    25.1364    25.1283     7.7489     7.2287    236.220    220.364     2.4078     2.1563     0.1477     2.6685     3.1636     0.0342     0.0000 -120.28362   34.38076      99.49         16  0.000e+00
      52355   2181.417     19.837     19.981    13.6350    13.6673  40.034759  40.064449    13.6322    13.6645    33.5411    33.5405    25.1355    25.1285     7.7484     7.2287    236.205    220.362     2.4078     2.1563     0.1490     2.6991     3.1624     0.0342     0.0000 -120.28362   34.38076      99.49         16  0.000e+00
      52356   2181.458     19.837     19.981    13.6363    13.6669  40.035754  40.064648    13.6335    13.6641    33.5409    33.5411    25.1352    25.1290     7.7483     7.2287    236.199    220.363     2.4078     2.1563     0.1490     2.6991     3.1624     0.0342     0.0000 -120.28362   34.38076      99.46         16  0.000e+00
      52357   2181.500     19.837     19.981    13.6363    13.6670  40.035157  40.064250    13.6335    13.6642    33.5404    33.5406    25.1347    25.1287     7.7483     7.2287    236.200    220.364     2.4078     2.1563     0.1477     2.6685     3.1636     0.0342     0.0000 -120.28362   34.38076      99.49         16  0.000e+00
      52358   2181.542     19.837     19.981    13.6346    13.6666  40.033897  40.063852    13.6318    13.6638    33.5407    33.5406    25.1353    25.1287     7.7485     7.2288    236.208    220.365     2.4078     2.1563     0.1490     2.6991     3.1624     0.0342     0.0000 -120.28362   34.38076      99.49         16  0.000e+00
      52359   2181.583     19.791     19.934    13.6326    13.6663  40.032504  40.063918    13.6298    13.6636    33.5411    33.5409    25.1361    25.1290     7.7488     7.2234    236.216    220.202     2.4078     2.1551     0.1477     2.6685     3.1636     0.0342     0.0000 -120.28362   34.38076      99.46         16  0.000e+00
      52360   2181.625     19.890     20.035    13.6317    13.6668  40.032173  40.063786    13.6289    13.6640    33.5416    33.5403    25.1366    25.1285     7.7441     7.2235    236.072    220.204     2.4066     2.1551     0.1490     2.6991     3.1636     0.0342     0.0000 -120.28362   34.38076      99.46         16  0.000e+00
      52361   2181.667     19.791     19.934    13.6306    13.6668  40.031111  40.063188    13.6278    13.6640    33.5416    33.5398    25.1368    25.1281     7.7491     7.2234    236.225    220.202     2.4078     2.1551     0.1490     2.6991     3.1624     0.0342     0.0000 -120.28362   34.38076      99.49         16  0.000e+00
      52362   2181.708     19.837     19.981    13.6296    13.6671  40.029984  40.062459    13.6268    13.6643    33.5414    33.5388    25.1369    25.1272     7.7444     7.2234    236.081    220.203     2.4066     2.1551     0.1477     2.6685     3.1636     0.0342     0.0000 -120.28362   34.38076      99.49         16  0.000e+00
      52363   2181.750     19.837     19.981    13.6307    13.6663  40.030515  40.060470    13.6280    13.6636    33.5409    33.5377    25.1363    25.1265     7.7442     7.2236    236.076    220.208     2.4066     2.1551     0.1490     2.6991     3.1636     0.0342     0.0000 -120.28362   34.38076      99.49         16  0.000e+00
      52364   2181.792     19.837     19.981    13.6333    13.6651  40.031244  40.057287    13.6305    13.6623    33.5393    33.5358    25.1345    25.1253     7.7390     7.2239    235.916    220.217     2.4054     2.1551     0.1490     2.6991     3.1624     0.0342     0.0000 -120.28362   34.38076      99.49         16  0.000e+00
      52365   2181.833     19.791     19.935    13.6349    13.6633  40.031642  40.055828    13.6321    13.6605    33.5383    33.5360    25.1335    25.1259     7.7387     7.2241    235.909    220.224     2.4054     2.1551     0.1477     2.6685     3.1636     0.0342     0.0000 -120.28362   34.38076      99.49         16  0.000e+00
      52366   2181.875     19.837     19.981    13.6341    13.6609  40.032305  40.055232    13.6313    13.6582    33.5396    33.5375    25.1346    25.1275     7.7388     7.2245    235.912    220.234     2.4054     2.1551     0.1490     2.6991     3.1636     0.0342     0.0000 -120.28362   34.38076      99.49         16  0.000e+00
      52367   2181.917     19.837     19.981    13.6323    13.6582  40.031907  40.053641    13.6295    13.6554    33.5409    33.5384    25.1359    25.1287     7.7341     7.2249    235.769    220.246     2.4042     2.1551     0.1477     2.6685     3.1636     0.0342     0.0000 -120.28362   34.38076      99.49         16  0.000e+00
      52368   2181.958     19.791     19.935    13.6316    13.6560  40.031244  40.052514    13.6288    13.6532    33.5408    33.5393    25.1360    25.1299     7.7342     7.2251    235.771    220.254     2.4042     2.1551     0.1477     2.6685     3.1636     0.0342     0.0000 -120.28362   34.38076      99.49         16  0.000e+00
