WCOA/WCOA-6/CTD_Data/RB2102_CTD_060_01.ros
* Sea-Bird SBE 9 Data File:
* FileName = C:\Users\scs.user.rb\CTD\RB2102\Data\RB2102_CTD_060_01.hex
* Software Version Seasave V 7.26.7.107
* Temperature SN = 6202
* Conductivity SN = 4907
* Number of Bytes Per Scan = 41
* Number of Voltage Words = 4
* Number of Scans Averaged by the Deck Unit = 1
* NMEA Latitude = 41 43.01 N
* NMEA Longitude = 125 39.36 W
* NMEA UTC (Time) = Jul 06 2021  03:01:18
* NMEA baud rate = 4800
# nquan = 30
# nvalues = 1176                                  
# units = specified
# name 0 = scan: Scan Count
# name 1 = timeS: Time, Elapsed [seconds]
# name 2 = depSM: Depth [salt water, m]
# name 3 = prDM: Pressure, Digiquartz [db]
# name 4 = t090C: Temperature [ITS-90, deg C]
# name 5 = t190C: Temperature, 2 [ITS-90, deg C]
# name 6 = c0mS/cm: Conductivity [mS/cm]
# name 7 = c1mS/cm: Conductivity, 2 [mS/cm]
# name 8 = potemp090C: Potential Temperature [ITS-90, deg C]
# name 9 = potemp190C: Potential Temperature, 2 [ITS-90, deg C]
# name 10 = sal00: Salinity, Practical [PSU]
# name 11 = sal11: Salinity, Practical, 2 [PSU]
# name 12 = sigma-é00: Density [sigma-theta, kg/m^3]
# name 13 = sigma-é11: Density, 2 [sigma-theta, kg/m^3]
# name 14 = sbeox0Mg/L: Oxygen, SBE 43 [mg/l]
# name 15 = sbeox1Mg/L: Oxygen, SBE 43, 2 [mg/l]
# name 16 = sbox0Mm/Kg: Oxygen, SBE 43 [umol/kg]
# name 17 = sbox1Mm/Kg: Oxygen, SBE 43, 2 [umol/kg]
# name 18 = sbeox0V: Oxygen raw, SBE 43 [V]
# name 19 = sbeox1V: Oxygen raw, SBE 43, 2 [V]
# name 20 = v4: Voltage 4
# name 21 = flECO-AFL: Fluorescence, WET Labs ECO-AFL/FL [mg/m^3]
# name 22 = v3: Voltage 3
# name 23 = v6: Voltage 6
# name 24 = v7: Voltage 7
# name 25 = longitude: Longitude [deg]
# name 26 = latitude: Latitude [deg]
# name 27 = altM: Altimeter [m]
# name 28 = nbf: Bottles Fired
# name 29 = flag:  0.000e+00
# interval = seconds: 0.0416667
# start_time = Jul 06 2021 03:01:18 [NMEA time, header]
# bad_flag = -9.990e-29
*END*
[from data line 919]
     227989   9499.500     40.277     40.599    11.2588    11.2571  36.685293  36.684492    11.2539    11.2522    32.4100    32.4108    24.7142    24.7151     9.6437     9.9206    294.102    302.547     2.7363     2.6313     0.0830     1.0507     3.1514     0.0049     0.0037 -125.65886   41.71692      99.76         19  0.000e+00
     227990   9499.542     40.277     40.599    11.2588    11.2572  36.685101  36.684492    11.2539    11.2523    32.4098    32.4106    24.7141    24.7150     9.6437     9.9206    294.102    302.546     2.7363     2.6313     0.0830     1.0507     3.1526     0.0049     0.0037 -125.65886   41.71692      99.76         19  0.000e+00
     227991   9499.583     40.224     40.545    11.2592    11.2569  36.685741  36.684492    11.2543    11.2520    32.4101    32.4109    24.7142    24.7153     9.6436     9.9206    294.097    302.546     2.7363     2.6313     0.0830     1.0507     3.1538     0.0049     0.0037 -125.65886   41.71692      99.78         19  0.000e+00
     227992   9499.625     40.224     40.545    11.2592    11.2572  36.685549  36.684940    11.2543    11.2523    32.4100    32.4111    24.7141    24.7153     9.6488     9.9205    294.257    302.543     2.7375     2.6313     0.0830     1.0507     3.1526     0.0049     0.0037 -125.65886   41.71692      99.78         19  0.000e+00
     227993   9499.667     40.178     40.499    11.2594    11.2571  36.685805  36.685132    11.2545    11.2522    32.4100    32.4114    24.7141    24.7157     9.6435     9.9205    294.094    302.542     2.7363     2.6313     0.0830     1.0507     3.1526     0.0049     0.0037 -125.65886   41.71692      99.76         19  0.000e+00
     227994   9499.708     40.224     40.545    11.2593    11.2574  36.685998  36.685132    11.2544    11.2525    32.4103    32.4111    24.7144    24.7153     9.6488     9.9205    294.256    302.542     2.7375     2.6313     0.0830     1.0507     3.1514     0.0049     0.0037 -125.65886   41.71692      99.78         19  0.000e+00
     227995   9499.750     40.185     40.505    11.2593    11.2574  36.686254  36.684876    11.2544    11.2525    32.4106    32.4109    24.7146    24.7151     9.6435     9.9147    294.094    302.367     2.7363     2.6300     0.0830     1.0507     3.1538     0.0049     0.0037 -125.65886   41.71692      99.78         19  0.000e+00
     227996   9499.792     40.224     40.545    11.2597    11.2581  36.686318  36.684812    11.2548    11.2532    32.4102    32.4102    24.7143    24.7145     9.6487     9.9147    294.253    302.366     2.7375     2.6300     0.0830     1.0507     3.1514     0.0049     0.0037 -125.65886   41.71692      99.76         19  0.000e+00
     227997   9499.833     40.178     40.499    11.2600    11.2584  36.685805  36.685260    11.2551    11.2535    32.4095    32.4104    24.7136    24.7146     9.6486     9.9145    294.251    302.361     2.7375     2.6300     0.0830     1.0507     3.1538     0.0049     0.0037 -125.65886   41.71692      99.78         19  0.000e+00
     227998   9499.875     40.178     40.499    11.2599    11.2586  36.686190  36.685452    11.2550    11.2537    32.4100    32.4104    24.7140    24.7146     9.6486     9.9145    294.251    302.360     2.7375     2.6300     0.0842     1.0812     3.1538     0.0049     0.0037 -125.65886   41.71692      99.78         19  0.000e+00
     227999   9499.917     40.132     40.452    11.2597    11.2587  36.686574  36.685644    11.2548    11.2539    32.4106    32.4105    24.7145    24.7146     9.6486     9.9144    294.249    302.357     2.7375     2.6300     0.0842     1.0812     3.1514     0.0049     0.0037 -125.65886   41.71692      99.78         19  0.000e+00
     228000   9499.958     40.178     40.499    11.2594    11.2591  36.686382  36.685772    11.2545    11.2542    32.4106    32.4103    24.7146    24.7144     9.6487     9.9144    294.253    302.357     2.7375     2.6300     0.0842     1.0812     3.1538     0.0049     0.0037 -125.65886   41.71692      99.78         19  0.000e+00
     230858   9619.042     30.241     30.481    14.9695    14.9692  39.602015  39.601920    14.9650    14.9647    32.0084    32.0085    23.6742    23.6743     8.4520     8.6630    258.020    264.461     2.6178     2.5189     0.0513     0.2571     3.1477     0.0012     0.0000 -125.65882   41.71692      99.68         20  0.000e+00
     230859   9619.083     30.194     30.435    14.9693    14.9685  39.602147  39.601128    14.9648    14.9641    32.0087    32.0084    23.6744    23.6744     8.4471     8.6631    257.871    264.464     2.6166     2.5189     0.0501     0.2265     3.1490     0.0012     0.0000 -125.65882   41.71692      99.68         20  0.000e+00
     230860   9619.125     30.194     30.435    14.9695    14.9681  39.601882  39.601128    14.9650    14.9637    32.0083    32.0087    23.6741    23.6747     8.4519     8.6631    258.019    264.465     2.6178     2.5189     0.0501     0.2265     3.1490     0.0012     0.0000 -125.65882   41.71692      99.66         20  0.000e+00
     230861   9619.167     30.095     30.334    14.9695    14.9680  39.601552  39.600930    14.9650    14.9636    32.0080    32.0087    23.6739    23.6747     8.4519     8.6630    258.016    264.463     2.6178     2.5189     0.0501     0.2265     3.1477     0.0012     0.0000 -125.65882   41.71692      99.68         20  0.000e+00
     230862   9619.208     30.194     30.435    14.9691    14.9685  39.600694  39.600864    14.9646    14.9640    32.0075    32.0082    23.6736    23.6742     8.4520     8.6631    258.022    264.464     2.6178     2.5189     0.0513     0.2571     3.1477     0.0000     0.0000 -125.65882   41.71692      99.66         20  0.000e+00
     230863   9619.250     30.095     30.334    14.9683    14.9689  39.600429  39.601392    14.9638    14.9644    32.0080    32.0084    23.6741    23.6743     8.4521     8.6629    258.022    264.459     2.6178     2.5189     0.0501     0.2265     3.1490     0.0012     0.0000 -125.65882   41.71692      99.68         20  0.000e+00
     230864   9619.292     30.095     30.334    14.9683    14.9692  39.600165  39.601326    14.9639    14.9648    32.0077    32.0080    23.6739    23.6739     8.4521     8.6681    258.022    264.617     2.6178     2.5201     0.0501     0.2265     3.1477     0.0000     0.0000 -125.65882   41.71692      99.66         20  0.000e+00
     230865   9619.333     30.095     30.334    14.9679    14.9692  39.599835  39.601458    14.9635    14.9647    32.0077    32.0082    23.6740    23.6741     8.4521     8.6681    258.024    264.617     2.6178     2.5201     0.0501     0.2265     3.1490     0.0012     0.0000 -125.65882   41.71692      99.68         20  0.000e+00
     230866   9619.375     30.049     30.288    14.9678    14.9690  39.599438  39.600798    14.9633    14.9646    32.0075    32.0077    23.6739    23.6737     8.4521     8.6681    258.024    264.617     2.6178     2.5201     0.0501     0.2265     3.1490     0.0012     0.0000 -125.65882   41.71692      99.66         20  0.000e+00
     230867   9619.417     30.095     30.334    14.9676    14.9687  39.599373  39.600534    14.9631    14.9642    32.0076    32.0078    23.6740    23.6739     8.4522     8.6682    258.026    264.621     2.6178     2.5201     0.0501     0.2265     3.1477     0.0012     0.0000 -125.65882   41.71692      99.68         20  0.000e+00
     230868   9619.458     29.996     30.234    14.9673    14.9685  39.598580  39.600797    14.9629    14.9641    32.0072    32.0082    23.6737    23.6742     8.4522     8.6681    258.026    264.618     2.6178     2.5201     0.0501     0.2265     3.1490     0.0012     0.0000 -125.65882   41.71692      99.68         20  0.000e+00
     230869   9619.500     30.049     30.288    14.9667    14.9682  39.598052  39.600600    14.9623    14.9637    32.0071    32.0082    23.6738    23.6743     8.4523     8.6682    258.030    264.621     2.6178     2.5201     0.0501     0.2265     3.1490     0.0012     0.0000 -125.65882   41.71692      99.68         20  0.000e+00
     230870   9619.542     29.996     30.234    14.9667    14.9681  39.597985  39.600335    14.9623    14.9637    32.0071    32.0081    23.6737    23.6742     8.4523     8.6682    258.029    264.620     2.6178     2.5201     0.0513     0.2571     3.1477     0.0012     0.0000 -125.65882   41.71692      99.66         20  0.000e+00
     230871   9619.583     29.949     30.187    14.9667    14.9680  39.597787  39.600665    14.9623    14.9636    32.0069    32.0085    23.6736    23.6745     8.4522     8.6681    258.027    264.619     2.6178     2.5201     0.0501     0.2265     3.1490     0.0012     0.0000 -125.65882   41.71692      99.68         20  0.000e+00
     230872   9619.625     29.996     30.234    14.9669    14.9678  39.597919  39.600863    14.9625    14.9634    32.0069    32.0088    23.6735    23.6748     8.4522     8.6682    258.028    264.621     2.6178     2.5201     0.0501     0.2265     3.1490     0.0012     0.0000 -125.65882   41.71692      99.68         20  0.000e+00
     230873   9619.667     29.896     30.134    14.9671    14.9682  39.597721  39.601127    14.9627    14.9638    32.0066    32.0088    23.6733    23.6747     8.4521     8.6733    258.024    264.776     2.6178     2.5214     0.0513     0.2571     3.1490     0.0012     0.0000 -125.65882   41.71692      99.68         20  0.000e+00
     230874   9619.708     29.949     30.187    14.9672    14.9678  39.597655  39.600203    14.9628    14.9634    32.0064    32.0082    23.6731    23.6744     8.4522     8.6682    258.026    264.620     2.6178     2.5201     0.0501     0.2265     3.1490     0.0012     0.0000 -125.65882   41.71692      99.68         20  0.000e+00
     230875   9619.750     29.896     30.134    14.9671    14.9678  39.597853  39.600599    14.9627    14.9634    32.0067    32.0086    23.6734    23.6746     8.4521     8.6734    258.024    264.778     2.6178     2.5214     0.0501     0.2265     3.1490     0.0012     0.0000 -125.65882   41.71692      99.68         20  0.000e+00
     230876   9619.792     29.903     30.141    14.9671    14.9680  39.597457  39.600401    14.9627    14.9636    32.0063    32.0083    23.6731    23.6744     8.4521     8.6681    258.025    264.617     2.6178     2.5201     0.0513     0.2571     3.1477     0.0012     0.0000 -125.65882   41.71692      99.66         20  0.000e+00
     230877   9619.833     29.896     30.134    14.9669    14.9675  39.597523  39.600203    14.9625    14.9630    32.0066    32.0085    23.6733    23.6747     8.4522     8.6682    258.025    264.620     2.6178     2.5201     0.0501     0.2265     3.1490     0.0012     0.0000 -125.65882   41.71692      99.68         20  0.000e+00
     230878   9619.875     29.850     30.087    14.9674    14.9675  39.597390  39.599939    14.9630    14.9631    32.0061    32.0083    23.6728    23.6745     8.4520     8.6681    258.022    264.619     2.6178     2.5201     0.0501     0.2265     3.1490     0.0012     0.0000 -125.65882   41.71692      99.68         20  0.000e+00
     230879   9619.917     29.850     30.087    14.9674    14.9669  39.597060  39.599543    14.9630    14.9625    32.0058    32.0084    23.6726    23.6747     8.4521     8.6682    258.023    264.621     2.6178     2.5201     0.0501     0.2265     3.1490     0.0012     0.0000 -125.65882   41.71692      99.68         20  0.000e+00
     230880   9619.958     29.896     30.134    14.9675    14.9670  39.597457  39.599279    14.9630    14.9626    32.0061    32.0081    23.6728    23.6744     8.4521     8.6683    258.023    264.623     2.6178     2.5201     0.0513     0.2571     3.1477     0.0012     0.0000 -125.65882   41.71692      99.66         20  0.000e+00
     230881   9620.000     29.803     30.040    14.9676    14.9662  39.597126  39.599147    14.9632    14.9618    32.0057    32.0087    23.6725    23.6751     8.4520     8.6683    258.020    264.624     2.6178     2.5201     0.0501     0.2265     3.1477     0.0012     0.0000 -125.65882   41.71692      99.68         20  0.000e+00
     230882   9620.042     29.803     30.040    14.9674    14.9664  39.597192  39.599147    14.9630    14.9620    32.0059    32.0085    23.6727    23.6749     8.4520     8.6683    258.021    264.623     2.6178     2.5201     0.0513     0.2571     3.1490     0.0012     0.0000 -125.65882   41.71692      99.66         20  0.000e+00
     230883   9620.083     29.803     30.040    14.9676    14.9660  39.597522  39.598883    14.9632    14.9616    32.0060    32.0086    23.6727    23.6750     8.4520     8.6631    258.020    264.465     2.6178     2.5189     0.0501     0.2265     3.1490     0.0012     0.0000 -125.65882   41.71692      99.68         20  0.000e+00
     230884   9620.125     29.750     29.987    14.9676    14.9659  39.597390  39.598025    14.9632    14.9615    32.0059    32.0079    23.6727    23.6745     8.4519     8.6683    258.018    264.625     2.6178     2.5201     0.0501     0.2265     3.1490     0.0012     0.0000 -125.65882   41.71692      99.66         20  0.000e+00
     230885   9620.167     29.750     29.987    14.9674    14.9662  39.596796  39.597233    14.9630    14.9618    32.0056    32.0070    23.6724    23.6738     8.4520     8.6684    258.020    264.625     2.6178     2.5201     0.0501     0.2265     3.1477     0.0012     0.0000 -125.65882   41.71692      99.68         20  0.000e+00
     230886   9620.208     29.803     30.040    14.9672    14.9661  39.596664  39.597101    14.9628    14.9617    32.0056    32.0069    23.6724    23.6737     8.4521     8.6632    258.022    264.467     2.6178     2.5189     0.0501     0.2265     3.1490     0.0012     0.0000 -125.65882   41.71692      99.68         20  0.000e+00
     230887   9620.250     29.704     29.940    14.9671    14.9660  39.596663  39.597100    14.9627    14.9616    32.0057    32.0070    23.6726    23.6738     8.4520     8.6631    258.020    264.464     2.6178     2.5189     0.0513     0.2571     3.1490     0.0012     0.0000 -125.65882   41.71692      99.68         20  0.000e+00
     230888   9620.292     29.750     29.987    14.9672    14.9660  39.596399  39.597365    14.9628    14.9616    32.0053    32.0072    23.6723    23.6740     8.4520     8.6631    258.021    264.465     2.6178     2.5189     0.0501     0.2265     3.1490     0.0012     0.0000 -125.65882   41.71692      99.68         20  0.000e+00
     230889   9620.333     29.704     29.940    14.9672    14.9662  39.597060  39.597430    14.9629    14.9619    32.0059    32.0071    23.6727    23.6738     8.4519     8.6630    258.018    264.463     2.6178     2.5189     0.0501     0.2265     3.1490     0.0012     0.0000 -125.65882   41.71692      99.68         20  0.000e+00
     230890   9620.375     29.704     29.940    14.9679    14.9667  39.597324  39.597430    14.9635    14.9623    32.0056    32.0067    23.6724    23.6735     8.4518     8.6630    258.015    264.461     2.6178     2.5189     0.0513     0.2571     3.1490     0.0012     0.0000 -125.65882   41.71692      99.68         20  0.000e+00
     230891   9620.417     29.704     29.940    14.9683    14.9668  39.597786  39.598222    14.9639    14.9624    32.0057    32.0074    23.6723    23.6740     8.4518     8.6629    258.013    264.459     2.6178     2.5189     0.0501     0.2265     3.1490     0.0012     0.0000 -125.65882   41.71692      99.68         20  0.000e+00
     230892   9620.458     29.704     29.940    14.9683    14.9669  39.597720  39.598222    14.9639    14.9625    32.0057    32.0073    23.6723    23.6739     8.4518     8.6629    258.014    264.459     2.6178     2.5189     0.0513     0.2571     3.1490     0.0012     0.0000 -125.65882   41.71692      99.68         20  0.000e+00
