WCOA/WCOA-6/CTD_Data/RB2102_CTD_024_01.ros
* Sea-Bird SBE 9 Data File:
* FileName = C:\Users\scs.user.rb\CTD\RB2102\Data\RB2102_CTD_024_01.hex
* Software Version Seasave V 7.26.7.107
* Temperature SN = 6202
* Conductivity SN = 4907
* Number of Bytes Per Scan = 41
* Number of Voltage Words = 4
* Number of Scans Averaged by the Deck Unit = 1
* NMEA Latitude = 47 40.78 N
* NMEA Longitude = 125 34.80 W
* NMEA UTC (Time) = Jun 29 2021  15:53:42
* NMEA baud rate = 4800
# nquan = 30
# nvalues = 1127                                  
# units = specified
# name 0 = scan: Scan Count
# name 1 = timeS: Time, Elapsed [seconds]
# name 2 = depSM: Depth [salt water, m]
# name 3 = prDM: Pressure, Digiquartz [db]
# name 4 = t090C: Temperature [ITS-90, deg C]
# name 5 = t190C: Temperature, 2 [ITS-90, deg C]
# name 6 = c0mS/cm: Conductivity [mS/cm]
# name 7 = c1mS/cm: Conductivity, 2 [mS/cm]
# name 8 = potemp090C: Potential Temperature [ITS-90, deg C]
# name 9 = potemp190C: Potential Temperature, 2 [ITS-90, deg C]
# name 10 = sal00: Salinity, Practical [PSU]
# name 11 = sal11: Salinity, Practical, 2 [PSU]
# name 12 = sigma-é00: Density [sigma-theta, kg/m^3]
# name 13 = sigma-é11: Density, 2 [sigma-theta, kg/m^3]
# name 14 = sbeox0Mg/L: Oxygen, SBE 43 [mg/l]
# name 15 = sbeox1Mg/L: Oxygen, SBE 43, 2 [mg/l]
# name 16 = sbox0Mm/Kg: Oxygen, SBE 43 [umol/kg]
# name 17 = sbox1Mm/Kg: Oxygen, SBE 43, 2 [umol/kg]
# name 18 = sbeox0V: Oxygen raw, SBE 43 [V]
# name 19 = sbeox1V: Oxygen raw, SBE 43, 2 [V]
# name 20 = v4: Voltage 4
# name 21 = flECO-AFL: Fluorescence, WET Labs ECO-AFL/FL [mg/m^3]
# name 22 = v3: Voltage 3
# name 23 = v6: Voltage 6
# name 24 = v7: Voltage 7
# name 25 = longitude: Longitude [deg]
# name 26 = latitude: Latitude [deg]
# name 27 = altM: Altimeter [m]
# name 28 = nbf: Bottles Fired
# name 29 = flag:  0.000e+00
# interval = seconds: 0.0416667
# start_time = Jun 29 2021 15:53:42 [NMEA time, header]
# bad_flag = -9.990e-29
*END*
[from data line 871]
     120290   5012.042     29.659     29.911     8.9898     8.8258  34.475452  34.424134     8.9867     8.8227    32.2087    32.3044    24.9351    25.0352    10.5135    10.1057    320.559    308.093     2.8156     2.5507     0.1587     2.9433     3.1709     0.9988     0.0000 -125.57674   47.67988      99.83         18  0.000e+00
     120291   5012.083     29.705     29.958     8.9902     8.8257  34.475640  34.424321     8.9871     8.8226    32.2086    32.3046    24.9350    25.0354    10.5135    10.1057    320.559    308.095     2.8156     2.5507     0.1587     2.9433     3.1685     0.9988     0.0000 -125.57674   47.67988      99.83         18  0.000e+00
     120292   5012.125     29.705     29.958     8.9902     8.8260  34.475202  34.424383     8.9871     8.8230    32.2081    32.3044    24.9346    25.0352    10.5136    10.1057    320.560    308.093     2.8156     2.5507     0.1587     2.9433     3.1709     0.9988     0.0000 -125.57674   47.67988      99.83         18  0.000e+00
     120293   5012.167     29.659     29.911     8.9888     8.8263  34.475453  34.424945     8.9857     8.8232    32.2096    32.3048    24.9360    25.0355    10.5137    10.1055    320.565    308.089     2.8156     2.5507     0.1587     2.9433     3.1709     0.9988     0.0000 -125.57674   47.67988      99.83         18  0.000e+00
     120294   5012.208     29.705     29.958     8.9903     8.8263  34.476578  34.424820     8.9872     8.8233    32.2094    32.3046    24.9356    25.0353    10.5189    10.1056    320.724    308.091     2.8168     2.5507     0.1612     3.0043     3.1697     0.9988     0.0000 -125.57674   47.67988      99.83         18  0.000e+00
     120295   5012.250     29.659     29.911     8.9898     8.8264  34.477328  34.424883     8.9867     8.8234    32.2106    32.3046    24.9366    25.0352    10.5189    10.1055    320.723    308.088     2.8168     2.5507     0.1832     3.5538     3.1697     0.9988     0.0000 -125.57674   47.67988      99.83         18  0.000e+00
     120296   5012.292     29.758     30.011     8.9878     8.8265  34.477016  34.425570     8.9847     8.8235    32.2121    32.3051    24.9381    25.0357    10.5194    10.1056    320.738    308.090     2.8168     2.5507     0.1941     3.8285     3.1697     0.9988     0.0000 -125.57674   47.67988      99.83         18  0.000e+00
     120297   5012.333     29.659     29.911     8.9869     8.8267  34.476391  34.425819     8.9838     8.8236    32.2123    32.3053    24.9384    25.0358    10.5140    10.1054    320.573    308.085     2.8156     2.5507     0.1954     3.8590     3.1697     0.9988     0.0000 -125.57674   47.67988      99.80         18  0.000e+00
     120298   5012.375     29.705     29.958     8.9866     8.8268  34.476016  34.425819     8.9835     8.8237    32.2122    32.3052    24.9383    25.0357    10.5142    10.1054    320.577    308.086     2.8156     2.5507     0.1954     3.8590     3.1697     0.9988     0.0000 -125.57674   47.67988      99.83         18  0.000e+00
     120299   5012.417     29.705     29.958     8.9858     8.8269  34.475453  34.425819     8.9827     8.8238    32.2124    32.3051    24.9386    25.0356    10.5143    10.1054    320.583    308.085     2.8156     2.5507     0.1941     3.8285     3.1697     0.9988     0.0000 -125.57674   47.67988      99.83         18  0.000e+00
     120300   5012.458     29.659     29.911     8.9843     8.8271  34.474640  34.425632     8.9812     8.8240    32.2129    32.3047    24.9392    25.0353    10.5146    10.1113    320.591    308.266     2.8156     2.5519     0.1941     3.8285     3.1697     0.9988     0.0000 -125.57674   47.67988      99.83         18  0.000e+00
     123391   5141.250     19.979     20.148    12.4813    12.3057  37.254454  37.239834    12.4787    12.3031    31.9131    32.0487    24.1028    24.2412    10.2661     9.8884    313.268    301.702     2.9451     2.6764     0.0501     0.2265     3.1673     0.8791     0.0000 -125.57670   47.67986      99.88         19  0.000e+00
     123392   5141.292     19.879     20.048    12.4815    12.3063  37.254067  37.239253    12.4789    12.3038    31.9126    32.0477    24.1024    24.2403    10.2659     9.8882    313.264    301.696     2.9451     2.6764     0.0501     0.2265     3.1648     0.8791     0.0000 -125.57670   47.67986      99.88         19  0.000e+00
     123393   5141.333     19.939     20.108    12.4846    12.3064  37.257032  37.238610    12.4821    12.3038    31.9127    32.0470    24.1019    24.2397    10.2653     9.8883    313.245    301.700     2.9451     2.6764     0.0501     0.2265     3.1661     0.8791     0.0000 -125.57670   47.67986      99.88         19  0.000e+00
     123394   5141.375     19.932     20.101    12.4923    12.3072  37.264701  37.238159    12.4897    12.3046    31.9135    32.0458    24.1011    24.2387    10.2584     9.8881    313.036    301.696     2.9438     2.6764     0.0501     0.2265     3.1673     0.8791     0.0000 -125.57670   47.67986      99.88         19  0.000e+00
     123395   5141.417     19.985     20.155    12.5007    12.3079  37.271856  37.237837    12.4982    12.3053    31.9131    32.0449    24.0992    24.2378    10.2567     9.8881    312.983    301.695     2.9438     2.6764     0.0513     0.2571     3.1661     0.8791     0.0000 -125.57670   47.67986      99.88         19  0.000e+00
     123396   5141.458     19.932     20.101    12.5087    12.3083  37.275014  37.237515    12.5061    12.3058    31.9094    32.0443    24.0948    24.2372    10.2551     9.8935    312.935    301.861     2.9438     2.6777     0.0501     0.2265     3.1648     0.8791     0.0000 -125.57670   47.67986      99.88         19  0.000e+00
     123397   5141.500     19.985     20.155    12.5139    12.3089  37.276496  37.237193    12.5113    12.3063    31.9064    32.0435    24.0915    24.2365    10.2542     9.8880    312.910    301.692     2.9438     2.6764     0.0501     0.2265     3.1673     0.8791     0.0000 -125.57670   47.67986      99.90         19  0.000e+00
     123398   5141.542     19.932     20.101    12.5160    12.3094  37.277333  37.237836    12.5134    12.3068    31.9054    32.0437    24.0903    24.2366    10.2537     9.8934    312.895    301.856     2.9438     2.6777     0.0501     0.2265     3.1661     0.8791     0.0000 -125.57670   47.67986      99.88         19  0.000e+00
     123399   5141.583     19.985     20.155    12.5165    12.3100  37.279268  37.238287    12.5139    12.3074    31.9068    32.0436    24.0913    24.2364    10.2536     9.8877    312.891    301.684     2.9438     2.6764     0.0501     0.2265     3.1648     0.8791     0.0000 -125.57670   47.67986      99.88         19  0.000e+00
     123400   5141.625     19.979     20.148    12.5165    12.3105  37.281266  37.239897    12.5139    12.3080    31.9087    32.0446    24.0928    24.2371    10.2534     9.8875    312.886    301.678     2.9438     2.6764     0.0501     0.2265     3.1648     0.8791     0.0000 -125.57670   47.67986      99.90         19  0.000e+00
     123401   5141.667     19.985     20.155    12.5192    12.3110  37.282749  37.241636    12.5166    12.3084    31.9079    32.0459    24.0916    24.2380    10.2478     9.8874    312.715    301.672     2.9426     2.6764     0.0501     0.2265     3.1673     0.8791     0.0000 -125.57670   47.67986      99.88         19  0.000e+00
     123402   5141.708     19.979     20.148    12.5225    12.3119  37.285263  37.243504    12.5199    12.3093    31.9074    32.0469    24.0906    24.2387    10.2471     9.8926    312.694    301.834     2.9426     2.6777     0.0501     0.2265     3.1673     0.8791     0.0000 -125.57670   47.67986      99.88         19  0.000e+00
     123403   5141.750     20.032     20.202    12.5256    12.3120  37.287971  37.244985    12.5230    12.3094    31.9073    32.0482    24.0900    24.2396    10.2465     9.8926    312.675    301.832     2.9426     2.6777     0.0501     0.2265     3.1673     0.8791     0.0000 -125.57670   47.67986      99.88         19  0.000e+00
     123404   5141.792     19.979     20.148    12.5288    12.3124  37.290613  37.246273    12.5262    12.3098    31.9072    32.0492    24.0893    24.2403    10.2457     9.8924    312.652    301.825     2.9426     2.6777     0.0501     0.2265     3.1673     0.8791     0.0000 -125.57668   47.67986      99.88         19  0.000e+00
     123405   5141.833     20.032     20.202    12.5315    12.3130  37.292096  37.246853    12.5289    12.3105    31.9063    32.0491    24.0881    24.2401    10.2453     9.8868    312.638    301.653     2.9426     2.6764     0.0501     0.2265     3.1673     0.8791     0.0000 -125.57668   47.67986      99.88         19  0.000e+00
     123406   5141.875     20.032     20.202    12.5333    12.3130  37.292805  37.247948    12.5307    12.3105    31.9054    32.0502    24.0871    24.2410    10.2449     9.8867    312.628    301.651     2.9426     2.6764     0.0501     0.2265     3.1673     0.8791     0.0000 -125.57668   47.67986      99.88         19  0.000e+00
     123407   5141.917     20.032     20.202    12.5354    12.3133  37.294933  37.248978    12.5328    12.3108    31.9056    32.0509    24.0868    24.2414    10.2393     9.8921    312.458    301.817     2.9414     2.6777     0.0501     0.2265     3.1648     0.8791     0.0000 -125.57668   47.67986      99.88         19  0.000e+00
     123408   5141.958     20.032     20.202    12.5375    12.3139  37.296351  37.250459    12.5349    12.3113    31.9053    32.0519    24.0861    24.2421    10.2389     9.8920    312.445    301.811     2.9414     2.6777     0.0501     0.2265     3.1661     0.8791     0.0000 -125.57668   47.67986      99.88         19  0.000e+00
     123409   5142.000     20.078     20.249    12.5381    12.3142  37.295320  37.252392    12.5355    12.3116    31.9037    32.0534    24.0848    24.2432    10.2389     9.8863    312.446    301.638     2.9414     2.6764     0.0513     0.2571     3.1661     0.8791     0.0000 -125.57668   47.67986      99.88         19  0.000e+00
     123410   5142.042     20.085     20.255    12.5376    12.3147  37.291709  37.254066    12.5350    12.3121    31.9007    32.0546    24.0825    24.2441    10.2392     9.8917    312.456    301.802     2.9414     2.6777     0.0525     0.2876     3.1673     0.8791     0.0000 -125.57668   47.67986      99.90         19  0.000e+00
     123411   5142.083     20.032     20.202    12.5341    12.3150  37.286938  37.256192    12.5315    12.3124    31.8991    32.0564    24.0820    24.2454    10.2350     9.8859    312.325    301.625     2.9402     2.6764     0.0525     0.2876     3.1648     0.8791     0.0000 -125.57668   47.67986      99.88         19  0.000e+00
     123412   5142.125     20.085     20.256    12.5309    12.3152  37.284746  37.258768    12.5283    12.3126    31.8998    32.0587    24.0832    24.2471    10.2357     9.8858    312.348    301.621     2.9402     2.6764     0.0525     0.2876     3.1648     0.8791     0.0000 -125.57668   47.67986      99.88         19  0.000e+00
     123413   5142.167     20.125     20.296    12.5263    12.3159  37.278945  37.261345    12.5237    12.3133    31.8981    32.0606    24.0827    24.2485    10.2369     9.8855    312.383    301.614     2.9402     2.6764     0.0525     0.2876     3.1673     0.8791     0.0000 -125.57668   47.67986      99.88         19  0.000e+00
     123414   5142.208     20.085     20.256    12.5170    12.3162  37.273659  37.263728    12.5144    12.3136    31.9010    32.0626    24.0867    24.2499    10.2387     9.8853    312.438    301.606     2.9402     2.6764     0.0525     0.2876     3.1673     0.8791     0.0000 -125.57668   47.67986      99.88         19  0.000e+00
     123415   5142.250     20.125     20.296    12.5135    12.3163  37.275271  37.265597    12.5109    12.3138    31.9055    32.0642    24.0908    24.2512    10.2392     9.8852    312.453    301.603     2.9402     2.6764     0.0525     0.2876     3.1673     0.8791     0.0000 -125.57668   47.67986      99.90         19  0.000e+00
     123416   5142.292     20.178     20.349    12.5149    12.3172  37.277721  37.265468    12.5122    12.3146    31.9066    32.0633    24.0915    24.2504    10.2389     9.8851    312.443    301.601     2.9402     2.6764     0.0537     0.3181     3.1661     0.8791     0.0000 -125.57668   47.67986      99.88         19  0.000e+00
     123417   5142.333     20.032     20.202    12.5114    12.3175  37.275916  37.263792    12.5088    12.3149    31.9079    32.0615    24.0932    24.2489    10.2394     9.8850    312.458    301.597     2.9402     2.6764     0.0525     0.2876     3.1673     0.8791     0.0000 -125.57668   47.67986      99.88         19  0.000e+00
     123418   5142.375     20.224     20.396    12.5049    12.3182  37.273919  37.261410    12.5023    12.3156    31.9115    32.0586    24.0972    24.2465    10.2358     9.8853    312.346    301.606     2.9389     2.6764     0.0525     0.2876     3.1673     0.8791     0.0000 -125.57668   47.67986      99.88         19  0.000e+00
     123419   5142.417     20.085     20.256    12.5036    12.3185  37.273983  37.259026    12.5010    12.3160    31.9127    32.0561    24.0984    24.2445    10.2358     9.8852    312.346    301.604     2.9389     2.6764     0.0537     0.3181     3.1648     0.8791     0.0000 -125.57668   47.67986      99.88         19  0.000e+00
     123420   5142.458     20.178     20.349    12.5072    12.3192  37.277142  37.256643    12.5046    12.3166    31.9126    32.0532    24.0976    24.2421    10.2351     9.8798    312.326    301.439     2.9389     2.6752     0.0525     0.2876     3.1661     0.8791     0.0000 -125.57668   47.67986      99.88         19  0.000e+00
     123421   5142.500     20.178     20.349    12.5144    12.3193  37.279849  37.254710    12.5118    12.3167    31.9091    32.0512    24.0935    24.2406    10.2338     9.8854    312.286    301.612     2.9389     2.6764     0.0525     0.2876     3.1661     0.8791     0.0000 -125.57668   47.67986      99.88         19  0.000e+00
     123422   5142.542     20.178     20.349    12.5165    12.3200  37.273595  37.252714    12.5139    12.3174    31.9013    32.0487    24.0870    24.2385    10.2338     9.8854    312.288    301.613     2.9389     2.6764     0.0537     0.3181     3.1661     0.8791     0.0000 -125.57668   47.67986      99.88         19  0.000e+00
     123423   5142.583     20.178     20.349    12.5048    12.3204  37.260382  37.250652    12.5021    12.3178    31.8987    32.0464    24.0873    24.2367    10.2315     9.8799    312.217    301.446     2.9377     2.6752     0.0525     0.2876     3.1661     0.8791     0.0000 -125.57668   47.67986      99.88         19  0.000e+00
     123424   5142.625     20.178     20.349    12.4896    12.3207  37.250071  37.248012    12.4870    12.3181    31.9017    32.0436    24.0925    24.2344    10.2346     9.8800    312.312    301.449     2.9377     2.6752     0.0537     0.3181     3.1661     0.8791     0.0000 -125.57668   47.67986      99.90         19  0.000e+00
     123425   5142.667     20.178     20.349    12.4776    12.3214  37.245626  37.245757    12.4750    12.3188    31.9077    32.0409    24.0994    24.2322    10.2420     9.8800    312.535    301.451     2.9389     2.6752     0.0525     0.2876     3.1661     0.8791     0.0000 -125.57668   47.67986      99.90         19  0.000e+00
     123426   5142.708     20.225     20.396    12.4772    12.3219  37.253296  37.243310    12.4745    12.3192    31.9154    32.0381    24.1054    24.2299    10.2366     9.8802    312.367    301.455     2.9377     2.6752     0.0537     0.3181     3.1661     0.8791     0.0000 -125.57668   47.67986      99.88         19  0.000e+00
