WCOA/WCOA-6/CTD_Data/RB2102_CTD_110_01.ros
* Sea-Bird SBE 9 Data File:
* FileName = C:\Users\scs.user.rb\CTD\RB2102\Data\RB2102_CTD_110_01.hex
* Software Version Seasave V 7.26.7.107
* Temperature SN = 6202
* Conductivity SN = 4907
* Number of Bytes Per Scan = 41
* Number of Voltage Words = 4
* Number of Scans Averaged by the Deck Unit = 1
* NMEA Latitude = 33 49.03 N
* NMEA Longitude = 121 50.63 W
* NMEA UTC (Time) = Jul 17 2021  13:15:45
* NMEA baud rate = 4800
# nquan = 30
# nvalues = 1176                                  
# units = specified
# name 0 = scan: Scan Count
# name 1 = timeS: Time, Elapsed [seconds]
# name 2 = depSM: Depth [salt water, m]
# name 3 = prDM: Pressure, Digiquartz [db]
# name 4 = t090C: Temperature [ITS-90, deg C]
# name 5 = t190C: Temperature, 2 [ITS-90, deg C]
# name 6 = c0mS/cm: Conductivity [mS/cm]
# name 7 = c1mS/cm: Conductivity, 2 [mS/cm]
# name 8 = potemp090C: Potential Temperature [ITS-90, deg C]
# name 9 = potemp190C: Potential Temperature, 2 [ITS-90, deg C]
# name 10 = sal00: Salinity, Practical [PSU]
# name 11 = sal11: Salinity, Practical, 2 [PSU]
# name 12 = sigma-é00: Density [sigma-theta, kg/m^3]
# name 13 = sigma-é11: Density, 2 [sigma-theta, kg/m^3]
# name 14 = sbeox0Mg/L: Oxygen, SBE 43 [mg/l]
# name 15 = sbeox1Mg/L: Oxygen, SBE 43, 2 [mg/l]
# name 16 = sbox0Mm/Kg: Oxygen, SBE 43 [umol/kg]
# name 17 = sbox1Mm/Kg: Oxygen, SBE 43, 2 [umol/kg]
# name 18 = sbeox0V: Oxygen raw, SBE 43 [V]
# name 19 = sbeox1V: Oxygen raw, SBE 43, 2 [V]
# name 20 = v4: Voltage 4
# name 21 = flECO-AFL: Fluorescence, WET Labs ECO-AFL/FL [mg/m^3]
# name 22 = v3: Voltage 3
# name 23 = v6: Voltage 6
# name 24 = v7: Voltage 7
# name 25 = longitude: Longitude [deg]
# name 26 = latitude: Latitude [deg]
# name 27 = altM: Altimeter [m]
# name 28 = nbf: Bottles Fired
# name 29 = flag:  0.000e+00
# interval = seconds: 0.0416667
# start_time = Jul 17 2021 13:15:45 [NMEA time, header]
# bad_flag = -9.990e-29
*END*
[from data line 97]
     124218   5175.708   3448.392   3501.878     1.5631     1.5652  31.569780  31.571316     1.2953     1.2973    34.6702    34.6699    27.7601    27.7598     3.7356     3.8164    113.585    116.042     0.9280     0.9145     0.0403    -0.0177     3.1954     0.0330     0.0000 -121.84462   33.81682      99.93          2  0.000e+00
     141345   5889.333   2958.509   3000.944     1.6599     1.6618  31.461587  31.463332     1.4396     1.4414    34.6596    34.6597    27.7413    27.7413     3.4499     3.5107    104.901    106.750     0.9231     0.9084     0.0403    -0.0177     3.1929     0.0391     0.0000 -121.84498   33.81662      99.93          3  0.000e+00
     141346   5889.375   2958.454   3000.887     1.6599     1.6616  31.461768  31.463452     1.4396     1.4412    34.6598    34.6600    27.7415    27.7416     3.4402     3.5213    104.607    107.071     0.9219     0.9096     0.0403    -0.0177     3.1929     0.0427     0.0000 -121.84498   33.81662      99.93          3  0.000e+00
     141347   5889.417   2958.509   3000.944     1.6599     1.6616  31.461889  31.463453     1.4395     1.4412    34.6599    34.6600    27.7416    27.7416     3.4402     3.5213    104.607    107.072     0.9219     0.9096     0.0403    -0.0177     3.1917     0.0440     0.0000 -121.84498   33.81662      99.93          3  0.000e+00
     141348   5889.458   2958.550   3000.986     1.6599     1.6619  31.461889  31.463091     1.4395     1.4415    34.6599    34.6592    27.7416    27.7409     3.4499     3.5213    104.901    107.072     0.9231     0.9096     0.0403    -0.0177     3.1917     0.0440     0.0000 -121.84498   33.81662      99.93          3  0.000e+00
     141349   5889.500   2958.509   3000.944     1.6600     1.6618  31.461889  31.463573     1.4397     1.4414    34.6598    34.6600    27.7415    27.7416     3.4402     3.5107    104.607    106.749     0.9219     0.9084     0.0403    -0.0177     3.1941     0.0440     0.0000 -121.84498   33.81662      99.93          3  0.000e+00
     141350   5889.542   2958.564   3001.001     1.6599     1.6618  31.461889  31.463392     1.4395     1.4414    34.6599    34.6598    27.7416    27.7414     3.4403     3.5107    104.608    106.750     0.9219     0.9084     0.0403    -0.0177     3.1941     0.0440     0.0000 -121.84498   33.81662      99.93          3  0.000e+00
     141351   5889.583   2958.509   3000.944     1.6599     1.6616  31.461889  31.463633     1.4395     1.4412    34.6599    34.6602    27.7416    27.7418     3.4499     3.5213    104.901    107.072     0.9231     0.9096     0.0403    -0.0177     3.1917     0.0440     0.0000 -121.84498   33.81662      99.93          3  0.000e+00
     141352   5889.625   2958.509   3000.944     1.6599     1.6618  31.461647  31.463392     1.4396     1.4414    34.6596    34.6598    27.7414    27.7414     3.4499     3.5213    104.901    107.072     0.9231     0.9096     0.0403    -0.0177     3.1929     0.0427     0.0000 -121.84498   33.81662      99.93          3  0.000e+00
     141353   5889.667   2958.509   3000.944     1.6600     1.6618  31.461768  31.463392     1.4397     1.4414    34.6596    34.6598    27.7414    27.7414     3.4402     3.5107    104.607    106.750     0.9219     0.9084     0.0403    -0.0177     3.1917     0.0427     0.0000 -121.84498   33.81662      99.93          3  0.000e+00
     141354   5889.708   2958.509   3000.944     1.6600     1.6616  31.461889  31.463513     1.4397     1.4412    34.6598    34.6601    27.7415    27.7417     3.4499     3.5107    104.901    106.750     0.9231     0.9084     0.0403    -0.0177     3.1929     0.0427     0.0000 -121.84498   33.81662      99.90          3  0.000e+00
     141355   5889.750   2958.564   3001.001     1.6600     1.6616  31.461889  31.463694     1.4397     1.4412    34.6597    34.6603    27.7415    27.7418     3.4403     3.5213    104.608    107.073     0.9219     0.9096     0.0403    -0.0177     3.1929     0.0427     0.0000 -121.84498   33.81662      99.93          3  0.000e+00
     141356   5889.792   2958.509   3000.944     1.6600     1.6619  31.461889  31.463392     1.4397     1.4415    34.6598    34.6596    27.7415    27.7412     3.4402     3.5107    104.607    106.749     0.9219     0.9084     0.0403    -0.0177     3.1917     0.0427     0.0000 -121.84498   33.81662      99.93          3  0.000e+00
     141357   5889.833   2958.454   3000.888     1.6599     1.6614  31.462070  31.463392     1.4396     1.4411    34.6602    34.6601    27.7418    27.7417     3.4402     3.5213    104.606    107.072     0.9219     0.9096     0.0403    -0.0177     3.1917     0.0427     0.0000 -121.84498   33.81662      99.93          3  0.000e+00
     141358   5889.875   2958.509   3000.944     1.6602     1.6619  31.462191  31.463332     1.4399     1.4415    34.6600    34.6595    27.7416    27.7412     3.4402     3.5213    104.606    107.071     0.9219     0.9096     0.0403    -0.0177     3.1917     0.0427     0.0000 -121.84498   33.81662      99.93          3  0.000e+00
     141359   5889.917   2958.454   3000.888     1.6600     1.6619  31.461949  31.463392     1.4397     1.4415    34.6599    34.6596    27.7416    27.7413     3.4402     3.5213    104.606    107.070     0.9219     0.9096     0.0403    -0.0177     3.1941     0.0427     0.0000 -121.84498   33.81662      99.93          3  0.000e+00
     141360   5889.958   2958.509   3000.944     1.6600     1.6618  31.462070  31.463513     1.4397     1.4414    34.6600    34.6599    27.7417    27.7415     3.4499     3.5213    104.900    107.072     0.9231     0.9096     0.0403    -0.0177     3.1929     0.0427     0.0000 -121.84498   33.81662      99.93          3  0.000e+00
     141361   5890.000   2958.454   3000.888     1.6603     1.6618  31.462371  31.463452     1.4400     1.4414    34.6600    34.6599    27.7417    27.7415     3.4498     3.5213    104.899    107.071     0.9231     0.9096     0.0403    -0.0177     3.1929     0.0415     0.0000 -121.84498   33.81662      99.93          3  0.000e+00
     141362   5890.042   2958.454   3000.888     1.6602     1.6619  31.462432  31.463332     1.4399     1.4415    34.6603    34.6596    27.7419    27.7412     3.4498     3.5107    104.899    106.748     0.9231     0.9084     0.0403    -0.0177     3.1929     0.0427     0.0000 -121.84498   33.81662      99.93          3  0.000e+00
     141363   5890.083   2958.454   3000.888     1.6603     1.6618  31.462009  31.463392     1.4400     1.4414    34.6596    34.6598    27.7413    27.7414     3.4402     3.5213    104.605    107.071     0.9219     0.9096     0.0403    -0.0177     3.1929     0.0415     0.0000 -121.84498   33.81662      99.93          3  0.000e+00
     141364   5890.125   2958.385   3000.817     1.6603     1.6622  31.462069  31.463512     1.4400     1.4418    34.6597    34.6595    27.7414    27.7412     3.4401     3.5106    104.604    106.747     0.9219     0.9084     0.0403    -0.0177     3.1917     0.0415     0.0000 -121.84498   33.81662      99.93          3  0.000e+00
     141365   5890.167   2958.454   3000.888     1.6603     1.6618  31.461949  31.463452     1.4400     1.4414    34.6595    34.6599    27.7413    27.7415     3.4402     3.5107    104.605    106.749     0.9219     0.9084     0.0403    -0.0177     3.1929     0.0415     0.0000 -121.84498   33.81662      99.93          3  0.000e+00
     141366   5890.208   2958.350   3000.782     1.6600     1.6620  31.461888  31.463331     1.4397     1.4417    34.6598    34.6595    27.7416    27.7411     3.4402     3.5106    104.605    106.747     0.9219     0.9084     0.0403    -0.0177     3.1917     0.0415     0.0000 -121.84498   33.81662      99.93          3  0.000e+00
     141367   5890.250   2958.399   3000.832     1.6602     1.6620  31.461888  31.463633     1.4399     1.4417    34.6596    34.6598    27.7414    27.7414     3.4402     3.5212    104.605    107.069     0.9219     0.9096     0.0403    -0.0177     3.1929     0.0415     0.0000 -121.84498   33.81662      99.93          3  0.000e+00
     141368   5890.292   2958.399   3000.832     1.6603     1.6620  31.461888  31.463573     1.4400     1.4417    34.6595    34.6598    27.7412    27.7414     3.4402     3.5212    104.605    107.069     0.9219     0.9096     0.0403    -0.0177     3.1941     0.0415     0.0000 -121.84498   33.81662      99.93          3  0.000e+00
     141369   5890.333   2958.295   3000.726     1.6603     1.6619  31.462069  31.463693     1.4400     1.4416    34.6597    34.6601    27.7415    27.7416     3.4401     3.5106    104.603    106.746     0.9219     0.9084     0.0403    -0.0177     3.1941     0.0415     0.0000 -121.84498   33.81662      99.93          3  0.000e+00
     141370   5890.375   2958.351   3000.782     1.6600     1.6622  31.462190  31.463814     1.4397     1.4418    34.6602    34.6599    27.7418    27.7415     3.4402     3.5106    104.604    106.746     0.9219     0.9084     0.0391    -0.0482     3.1917     0.0403     0.0000 -121.84498   33.81662      99.93          3  0.000e+00
     141371   5890.417   2958.295   3000.726     1.6603     1.6622  31.461948  31.463512     1.4400     1.4418    34.6596    34.6596    27.7413    27.7412     3.4401     3.5212    104.603    107.067     0.9219     0.9096     0.0391    -0.0482     3.1929     0.0415     0.0000 -121.84498   33.81662      99.93          3  0.000e+00
     141372   5890.458   2958.295   3000.726     1.6603     1.6622  31.462069  31.463512     1.4400     1.4418    34.6597    34.6596    27.7415    27.7412     3.4401     3.5106    104.603    106.745     0.9219     0.9084     0.0391    -0.0482     3.1929     0.0415     0.0000 -121.84498   33.81662      99.93          3  0.000e+00
     141373   5890.500   2958.240   3000.669     1.6603     1.6622  31.461948  31.463693     1.4400     1.4418    34.6596    34.6598    27.7414    27.7414     3.4401     3.5211    104.602    107.066     0.9219     0.9096     0.0391    -0.0482     3.1917     0.0440     0.0000 -121.84498   33.81662      99.93          3  0.000e+00
     141374   5890.542   2958.240   3000.669     1.6600     1.6623  31.462069  31.463572     1.4397     1.4420    34.6601    34.6595    27.7418    27.7411     3.4401     3.5105    104.603    106.744     0.9219     0.9084     0.0391    -0.0482     3.1929     0.0440     0.0000 -121.84498   33.81662      99.93          3  0.000e+00
     141375   5890.583   2958.185   3000.613     1.6600     1.6622  31.461948  31.463451     1.4397     1.4418    34.6600    34.6596    27.7417    27.7412     3.4401     3.5211    104.602    107.066     0.9219     0.9096     0.0391    -0.0482     3.1929     0.0427     0.0000 -121.84498   33.81662      99.93          3  0.000e+00
     141376   5890.625   2958.185   3000.613     1.6602     1.6620  31.461888  31.463512     1.4399     1.4417    34.6597    34.6598    27.7415    27.7414     3.4401     3.5211    104.602    107.066     0.9219     0.9096     0.0391    -0.0482     3.1929     0.0427     0.0000 -121.84498   33.81662      99.93          3  0.000e+00
     141377   5890.667   2958.136   3000.564     1.6599     1.6620  31.461888  31.463572     1.4396     1.4417    34.6601    34.6599    27.7418    27.7415     3.4401     3.5211    104.602    107.065     0.9219     0.9096     0.0391    -0.0482     3.1917     0.0427     0.0000 -121.84498   33.81662      99.93          3  0.000e+00
     141378   5890.708   2958.185   3000.613     1.6599     1.6620  31.462069  31.463693     1.4396     1.4417    34.6603    34.6600    27.7419    27.7416     3.4401     3.5211    104.602    107.066     0.9219     0.9096     0.0391    -0.0482     3.1917     0.0427     0.0000 -121.84498   33.81662      99.93          3  0.000e+00
     141379   5890.750   2958.081   3000.507     1.6600     1.6622  31.462370  31.463391     1.4397     1.4418    34.6606    34.6595    27.7421    27.7412     3.4400     3.5211    104.600    107.064     0.9219     0.9096     0.0391    -0.0482     3.1917     0.0415     0.0000 -121.84498   33.81662      99.93          3  0.000e+00
     141380   5890.792   2958.081   3000.507     1.6602     1.6620  31.462008  31.463632     1.4399     1.4417    34.6599    34.6600    27.7416    27.7415     3.4497     3.5105    104.894    106.742     0.9231     0.9084     0.0391    -0.0482     3.1929     0.0415     0.0000 -121.84498   33.81662      99.93          3  0.000e+00
     141381   5890.833   2958.081   3000.507     1.6600     1.6619  31.462069  31.463572     1.4397     1.4416    34.6602    34.6600    27.7418    27.7416     3.4400     3.5211    104.601    107.065     0.9219     0.9096     0.0391    -0.0482     3.1929     0.0415     0.0000 -121.84498   33.81662      99.93          3  0.000e+00
     141382   5890.875   2958.012   3000.437     1.6602     1.6620  31.461948  31.463451     1.4399     1.4417    34.6599    34.6598    27.7416    27.7414     3.4400     3.5104    104.599    106.742     0.9219     0.9084     0.0391    -0.0482     3.1929     0.0415     0.0000 -121.84498   33.81662      99.93          3  0.000e+00
     141383   5890.917   2958.026   3000.451     1.6600     1.6620  31.462068  31.463511     1.4397     1.4417    34.6602    34.6599    27.7418    27.7414     3.4400     3.5104    104.600    106.742     0.9219     0.9084     0.0391    -0.0482     3.1929     0.0415     0.0000 -121.84498   33.81662      99.93          3  0.000e+00
     141384   5890.958   2957.971   3000.394     1.6600     1.6620  31.461947  31.463451     1.4398     1.4417    34.6601    34.6598    27.7418    27.7414     3.4400     3.5104    104.599    106.741     0.9219     0.9084     0.0391    -0.0482     3.1929     0.0427     0.0000 -121.84498   33.81662      99.93          3  0.000e+00
     141385   5891.000   2957.922   3000.345     1.6599     1.6622  31.462068  31.463511     1.4396     1.4419    34.6604    34.6597    27.7420    27.7413     3.4400     3.5104    104.599    106.740     0.9219     0.9084     0.0391    -0.0482     3.1917     0.0415     0.0000 -121.84498   33.81662      99.93          3  0.000e+00
     141386   5891.042   2957.922   3000.345     1.6599     1.6620  31.461706  31.463451     1.4396     1.4417    34.6600    34.6598    27.7417    27.7414     3.4400     3.5210    104.599    107.062     0.9219     0.9096     0.0391    -0.0482     3.1917     0.0415     0.0000 -121.84498   33.81662      99.93          3  0.000e+00
     141387   5891.083   2957.923   3000.345     1.6600     1.6620  31.461766  31.463511     1.4398     1.4417    34.6599    34.6599    27.7416    27.7415     3.4400     3.5210    104.599    107.062     0.9219     0.9096     0.0391    -0.0482     3.1929     0.0415     0.0000 -121.84498   33.81662      99.93          3  0.000e+00
     141388   5891.125   2957.923   3000.345     1.6600     1.6620  31.461887  31.463209     1.4398     1.4417    34.6600    34.6595    27.7417    27.7412     3.4400     3.5210    104.599    107.063     0.9219     0.9096     0.0391    -0.0482     3.1941     0.0415     0.0000 -121.84498   33.81662      99.93          3  0.000e+00
     141389   5891.167   2957.867   3000.289     1.6600     1.6618  31.461887  31.463270     1.4398     1.4414    34.6601    34.6599    27.7417    27.7415     3.4399     3.5210    104.598    107.062     0.9219     0.9096     0.0391    -0.0482     3.1917     0.0415     0.0000 -121.84498   33.81662      99.93          3  0.000e+00
     141390   5891.208   2957.812   3000.232     1.6600     1.6620  31.461645  31.463631     1.4398     1.4417    34.6598    34.6601    27.7415    27.7416     3.4496     3.5103    104.891    106.738     0.9231     0.9084     0.0391    -0.0482     3.1929     0.0415     0.0000 -121.84498   33.81662      99.93          3  0.000e+00
     141391   5891.250   2957.812   3000.232     1.6600     1.6619  31.461766  31.463390     1.4398     1.4416    34.6599    34.6599    27.7416    27.7415     3.4496     3.5104    104.891    106.739     0.9231     0.9084     0.0391    -0.0482     3.1929     0.0415     0.0000 -121.84498   33.81662      99.93          3  0.000e+00
