WCOA/WCOA-6/CTD_Data/RB2102_CTD_011_01.ros
* Sea-Bird SBE 9 Data File:
* FileName = C:\Users\scs.user.rb\CTD\RB2102\Data\RB2102_CTD_011_01.hex
* Software Version Seasave V 7.26.7.107
* Temperature SN = 6202
* Conductivity SN = 4907
* Number of Bytes Per Scan = 41
* Number of Voltage Words = 4
* Number of Scans Averaged by the Deck Unit = 1
* NMEA Latitude = 48 39.44 N
* NMEA Longitude = 125 46.92 W
* NMEA UTC (Time) = Jun 27 2021  23:13:02
* NMEA baud rate = 4800
# nquan = 30
# nvalues = 441                                   
# units = specified
# name 0 = scan: Scan Count
# name 1 = timeS: Time, Elapsed [seconds]
# name 2 = depSM: Depth [salt water, m]
# name 3 = prDM: Pressure, Digiquartz [db]
# name 4 = t090C: Temperature [ITS-90, deg C]
# name 5 = t190C: Temperature, 2 [ITS-90, deg C]
# name 6 = c0mS/cm: Conductivity [mS/cm]
# name 7 = c1mS/cm: Conductivity, 2 [mS/cm]
# name 8 = potemp090C: Potential Temperature [ITS-90, deg C]
# name 9 = potemp190C: Potential Temperature, 2 [ITS-90, deg C]
# name 10 = sal00: Salinity, Practical [PSU]
# name 11 = sal11: Salinity, Practical, 2 [PSU]
# name 12 = sigma-é00: Density [sigma-theta, kg/m^3]
# name 13 = sigma-é11: Density, 2 [sigma-theta, kg/m^3]
# name 14 = sbeox0Mg/L: Oxygen, SBE 43 [mg/l]
# name 15 = sbeox1Mg/L: Oxygen, SBE 43, 2 [mg/l]
# name 16 = sbox0Mm/Kg: Oxygen, SBE 43 [umol/kg]
# name 17 = sbox1Mm/Kg: Oxygen, SBE 43, 2 [umol/kg]
# name 18 = sbeox0V: Oxygen raw, SBE 43 [V]
# name 19 = sbeox1V: Oxygen raw, SBE 43, 2 [V]
# name 20 = v4: Voltage 4
# name 21 = flECO-AFL: Fluorescence, WET Labs ECO-AFL/FL [mg/m^3]
# name 22 = v3: Voltage 3
# name 23 = v6: Voltage 6
# name 24 = v7: Voltage 7
# name 25 = longitude: Longitude [deg]
# name 26 = latitude: Latitude [deg]
# name 27 = altM: Altimeter [m]
# name 28 = nbf: Bottles Fired
# name 29 = flag:  0.000e+00
# interval = seconds: 0.0416667
# start_time = Jun 27 2021 23:13:02 [NMEA time, header]
# bad_flag = -9.990e-29
*END*
[from data line 387]
      29189   1216.167      3.215      3.242    12.8652    12.7853  37.413551  37.377118    12.8648    12.7848    31.7466    31.7793    23.8999    23.9407     9.1400     8.6020    278.963    262.531     2.6960     2.4151     0.0745     0.8370     3.1612     1.5104     0.0000 -125.78188   48.65752      64.22          8  0.000e+00
      29190   1216.208      3.261      3.289    12.8638    12.7890  37.411744  37.379246    12.8634    12.7885    31.7460    31.7782    23.8997    23.9391     9.1404     8.6014    278.974    262.513     2.6960     2.4151     0.0745     0.8370     3.1612     1.5104     0.0000 -125.78188   48.65752      64.20          8  0.000e+00
      29191   1216.250      3.261      3.289    12.8589    12.7931  37.409549  37.392146    12.8585    12.7927    31.7480    31.7869    23.9023    23.9451     9.1412     8.6001    278.999    262.472     2.6960     2.4151     0.0745     0.8370     3.1600     1.5104     0.0000 -125.78188   48.65752      64.20          8  0.000e+00
      29192   1216.292      3.215      3.242    12.8550    12.8015  37.408581  37.410982    12.8546    12.8010    31.7504    31.7977    23.9049    23.9518     9.1418     8.5924    279.016    262.235     2.6960     2.4139     0.0745     0.8370     3.1624     1.5104     0.0000 -125.78188   48.65752      64.20          8  0.000e+00
      29193   1216.333      3.307      3.336    12.8530    12.8106  37.407613  37.422918    12.8526    12.8102    31.7511    31.8012    23.9058    23.9528     9.1423     8.5905    279.030    262.178     2.6960     2.4139     0.0733     0.8065     3.1612     1.5104     0.0000 -125.78188   48.65752      64.20          8  0.000e+00
      29272   1219.625      3.215      3.242    13.1553    13.1735  37.641694  37.553889    13.1549    13.1731    31.7182    31.6208    23.8215    23.7426     9.2459     8.6017    282.215    262.574     2.7350     2.4298     0.0733     0.8065     3.1600     1.5116     0.0000 -125.78188   48.65752      63.91          9  0.000e+00
      29273   1219.667      3.175      3.202    13.1610    13.1485  37.642405  37.497047    13.1606    13.1481    31.7142    31.5883    23.8173    23.7224     9.2450     8.6082    282.188    262.777     2.7350     2.4298     0.0733     0.8065     3.1612     1.5116     0.0000 -125.78188   48.65752      63.91          9  0.000e+00
      29274   1219.708      3.261      3.289    13.1547    13.1180  37.640335  37.453084    13.1543    13.1176    31.7174    31.5724    23.8210    23.7161     9.2511     8.6205    282.375    263.152     2.7363     2.4310     0.0733     0.8065     3.1600     1.5116     0.0000 -125.78188   48.65752      63.91          9  0.000e+00
      29275   1219.750      3.261      3.289    13.1478    13.0862  37.637165  37.426369    13.1474    13.0858    31.7202    31.5738    23.8246    23.7233     9.2573     8.6319    282.564    263.501     2.7375     2.4322     0.0720     0.7760     3.1612     1.5116     0.0000 -125.78188   48.65752      63.91          9  0.000e+00
      29276   1219.792      3.215      3.242    13.1389    13.0561  37.633153  37.412112    13.1385    13.0557    31.7239    31.5855    23.8291    23.7383     9.2588     8.6371    282.608    263.653     2.7375     2.4322     0.0733     0.8065     3.1600     1.5116     0.0000 -125.78188   48.65752      63.88          9  0.000e+00
      29277   1219.833      3.215      3.242    13.1384    13.0272  37.633801  37.403600    13.1380    13.0268    31.7249    31.6016    23.8300    23.7563     9.2639     8.6472    282.762    263.959     2.7387     2.4335     0.0733     0.8065     3.1612     1.5104     0.0000 -125.78188   48.65752      63.91          9  0.000e+00
      29278   1219.875      3.215      3.242    13.1451    13.0012  37.640659  37.400958    13.1447    13.0008    31.7258    31.6208    23.8293    23.7763     9.2675     8.6512    282.874    264.075     2.7399     2.4335     0.0733     0.8065     3.1600     1.5104     0.0000 -125.78188   48.65752      63.91          9  0.000e+00
      29279   1219.917      3.215      3.242    13.1522    12.9792  37.645642  37.400445    13.1518    12.9788    31.7245    31.6387    23.8270    23.7944     9.2712     8.6545    282.988    264.170     2.7411     2.4335     0.0733     0.8065     3.1600     1.5104     0.0000 -125.78188   48.65752      63.98          9  0.000e+00
      29280   1219.958      3.215      3.242    13.1567    12.9613  37.643894  37.401350    13.1562    12.9608    31.7192    31.6545    23.8220    23.8101     9.2757     8.6626    283.125    264.413     2.7424     2.4347     0.0733     0.8065     3.1612     1.5104     0.0000 -125.78188   48.65752      64.00          9  0.000e+00
      29281   1220.000      3.215      3.242    13.1555    12.9498  37.641500  37.415545    13.1550    12.9494    31.7179    31.6775    23.8213    23.8301     9.2810     8.6635    283.288    264.438     2.7436     2.4347     0.0733     0.8065     3.1612     1.5116     0.0000 -125.78188   48.65752      64.00          9  0.000e+00
      29282   1220.042      3.228      3.256    13.1531    12.9494  37.644736  37.465498    13.1526    12.9490    31.7229    31.7249    23.8256    23.8669     9.2812     8.6665    283.293    264.520     2.7436     2.4359     0.0733     0.8065     3.1600     1.5104     0.0000 -125.78188   48.65752      64.00          9  0.000e+00
      29283   1220.083      3.215      3.242    13.1678    12.9616  37.651983  37.523873    13.1674    12.9612    31.7174    31.7697    23.8184    23.8991     9.2836     8.6617    283.368    264.365     2.7448     2.4359     0.0733     0.8065     3.1600     1.5104     0.0000 -125.78188   48.65752      64.00          9  0.000e+00
      29284   1220.125      3.215      3.242    13.1786    12.9665  37.656189  37.542930    13.1782    12.9660    31.7123    31.7835    23.8124    23.9089     9.2818     8.6655    283.314    264.478     2.7448     2.4371     0.0720     0.7760     3.1612     1.5104     0.0000 -125.78188   48.65752      64.00          9  0.000e+00
      29285   1220.167      3.162      3.189    13.1760    12.9587  37.656318  37.539248    13.1756    12.9583    31.7147    31.7866    23.8147    23.9128     9.2871     8.6723    283.476    264.683     2.7460     2.4383     0.0733     0.8065     3.1600     1.5104     0.0000 -125.78188   48.65752      64.03          9  0.000e+00
      29286   1220.208      3.215      3.242    13.1712    12.9551  37.654960  37.567357    13.1707    12.9546    31.7174    31.8161    23.8178    23.9363     9.2930     8.6714    283.655    264.651     2.7473     2.4383     0.0733     0.8065     3.1624     1.5104     0.0000 -125.78188   48.65752      64.03          9  0.000e+00
      29287   1220.250      3.215      3.242    13.1734    12.9708  37.656578  37.620751    13.1729    12.9704    31.7171    31.8532    23.8171    23.9620     9.2976     8.6664    283.795    264.490     2.7485     2.4383     0.0733     0.8065     3.1600     1.5104     0.0000 -125.78188   48.65752      64.03          9  0.000e+00
      29288   1220.292      3.215      3.242    13.1838    12.9970  37.664215  37.655995    13.1834    12.9966    31.7155    31.8643    23.8138    23.9655     9.2956     8.6662    283.736    264.483     2.7485     2.4396     0.0733     0.8065     3.1600     1.5104     0.0000 -125.78188   48.65752      64.03          9  0.000e+00
      29289   1220.333      3.215      3.242    13.1986    13.0252  37.675283  37.660972    13.1982    13.0248    31.7135    31.8453    23.8094    23.9453     9.2978     8.6618    283.804    264.354     2.7497     2.4396     0.0720     0.7760     3.1612     1.5104     0.0000 -125.78188   48.65752      64.03          9  0.000e+00
      29290   1220.375      3.215      3.242    13.2074    13.0508  37.683893  37.655083    13.2070    13.0503    31.7143    31.8183    23.8082    23.9194     9.3011     8.6638    283.904    264.421     2.7509     2.4408     0.0720     0.7760     3.1612     1.5104     0.0000 -125.78188   48.65752      64.03          9  0.000e+00
      29291   1220.417      3.175      3.202    13.2139    13.0720  37.688748  37.655792    13.2134    13.0716    31.7135    31.8012    23.8063    23.9020     9.3048     8.6605    284.018    264.328     2.7521     2.4408     0.0733     0.8065     3.1612     1.5104     0.0000 -125.78188   48.65752      64.05          9  0.000e+00
      29292   1220.458      3.261      3.289    13.2103    13.0878  37.686029  37.654431    13.2098    13.0873    31.7139    31.7867    23.8074    23.8877     9.3056     8.6584    284.042    264.266     2.7521     2.4408     0.0733     0.8065     3.1600     1.5104     0.0000 -125.78188   48.65752      64.08          9  0.000e+00
      29293   1220.500      3.215      3.242    13.2043    13.1015  37.679102  37.647444    13.2039    13.1010    31.7124    31.7686    23.8074    23.8711     9.3118     8.6567    284.232    264.218     2.7534     2.4408     0.0720     0.7760     3.1612     1.5104     0.0000 -125.78188   48.65752      64.08          9  0.000e+00
      29294   1220.542      3.215      3.242    13.1990    13.1092  37.674182  37.638906    13.1985    13.1087    31.7122    31.7542    23.8083    23.8584     9.3129     8.6614    284.264    264.366     2.7534     2.4420     0.0733     0.8065     3.1600     1.5104     0.0000 -125.78188   48.65752      64.08          9  0.000e+00
      29295   1220.583      3.261      3.289    13.1988    13.1130  37.672693  37.640781    13.1983    13.1126    31.7110    31.7527    23.8074    23.8565     9.3181     8.6608    284.423    264.348     2.7546     2.4420     0.0733     0.8065     3.1600     1.5104     0.0000 -125.78188   48.65752      64.08          9  0.000e+00
      29296   1220.625      3.215      3.242    13.1998    13.1201  37.676060  37.651517    13.1994    13.1196    31.7133    31.7569    23.8090    23.8584     9.3177     8.6592    284.410    264.298     2.7546     2.4420     0.0720     0.7760     3.1612     1.5116     0.0000 -125.78188   48.65752      64.08          9  0.000e+00
      29297   1220.667      3.215      3.242    13.2111    13.1282  37.685446  37.657337    13.2106    13.1278    31.7127    31.7555    23.8063    23.8557     9.3205     8.6577    284.497    264.253     2.7558     2.4420     0.0733     0.8065     3.1612     1.5104     0.0000 -125.78188   48.65752      64.08          9  0.000e+00
      29298   1220.708      3.261      3.289    13.2163    13.1371  37.694381  37.658565    13.2158    13.1367    31.7167    31.7493    23.8084    23.8491     9.3193     8.6564    284.460    264.214     2.7558     2.4420     0.0733     0.8065     3.1612     1.5104     0.0000 -125.78188   48.65752      64.10          9  0.000e+00
      29299   1220.750      3.261      3.289    13.2212    13.1460  37.699367  37.660828    13.2208    13.1456    31.7172    31.7439    23.8078    23.8432     9.3233     8.6550    284.582    264.172     2.7570     2.4420     0.0733     0.8065     3.1600     1.5104     0.0000 -125.78188   48.65752      64.08          9  0.000e+00
      29300   1220.792      3.274      3.302    13.2246    13.1559  37.700403  37.672731    13.2241    13.1555    31.7154    31.7468    23.8057    23.8435     9.3228     8.6529    284.566    264.110     2.7570     2.4420     0.0720     0.7760     3.1624     1.5104     0.0000 -125.78188   48.65752      64.10          9  0.000e+00
      29301   1220.833      3.215      3.242    13.2261    13.1656  37.695675  37.683276    13.2256    13.1652    31.7098    31.7486    23.8011    23.8430     9.3227     8.6509    284.566    264.048     2.7570     2.4420     0.0733     0.8065     3.1600     1.5104     0.0000 -125.78188   48.65752      64.08          9  0.000e+00
      29302   1220.875      3.307      3.336    13.2169    13.1731  37.686352  37.688322    13.2164    13.1727    31.7087    31.7470    23.8020    23.8403     9.3297     8.6496    284.780    264.010     2.7582     2.4420     0.0733     0.8065     3.1600     1.5116     0.0000 -125.78188   48.65752      64.10          9  0.000e+00
      29303   1220.917      3.261      3.289    13.2066    13.1790  37.678584  37.691492    13.2062    13.1786    31.7100    31.7451    23.8051    23.8376     9.3316     8.6540    284.837    264.144     2.7582     2.4432     0.0733     0.8065     3.1624     1.5116     0.0000 -125.78188   48.65752      64.10          9  0.000e+00
      29304   1220.958      3.307      3.336    13.1931    13.1842  37.669393  37.692721    13.1927    13.1838    31.7126    31.7419    23.8098    23.8341     9.3342     8.6532    284.915    264.122     2.7582     2.4432     0.0733     0.8065     3.1612     1.5116     0.0000 -125.78188   48.65752      64.10          9  0.000e+00
      29305   1221.000      3.307      3.336    13.1833    13.1893  37.666351  37.692850    13.1829    13.1888    31.7179    31.7378    23.8158    23.8300     9.3409     8.6525    285.116    264.100     2.7595     2.4432     0.0733     0.8065     3.1612     1.5116     0.0000 -125.78188   48.65752      64.08          9  0.000e+00
      29306   1221.042      3.261      3.289    13.1807    13.1938  37.676192  37.693173    13.1803    13.1934    31.7293    31.7343    23.8251    23.8264     9.3457     8.6572    285.260    264.245     2.7607     2.4444     0.0733     0.8065     3.1600     1.5116     0.0000 -125.78188   48.65752      64.08          9  0.000e+00
      29307   1221.083      3.307      3.336    13.1950    13.1973  37.691470  37.699968    13.1945    13.1969    31.7317    31.7377    23.8242    23.8284     9.3428     8.6564    285.172    264.219     2.7607     2.4444     0.0720     0.7760     3.1612     1.5116     0.0000 -125.78188   48.65752      64.10          9  0.000e+00
      29308   1221.125      3.307      3.336    13.2152    13.2025  37.703188  37.727346    13.2148    13.2021    31.7258    31.7590    23.8156    23.8438     9.3441     8.6597    285.215    264.316     2.7619     2.4457     0.0733     0.8065     3.1600     1.5116     0.0000 -125.78188   48.65752      64.08          9  0.000e+00
      29309   1221.167      3.327      3.356    13.2262    13.2133  37.709922  37.750782    13.2258    13.2128    31.7229    31.7720    23.8112    23.8517     9.3421     8.6624    285.155    264.396     2.7619     2.4469     0.0733     0.8065     3.1600     1.5116     0.0000 -125.78188   48.65752      64.15          9  0.000e+00
      29310   1221.208      3.360      3.389    13.2291    13.2228  37.712319  37.756026    13.2286    13.2224    31.7228    31.7689    23.8106    23.8474     9.3466     8.6607    285.293    264.348     2.7631     2.4469     0.0733     0.8065     3.1600     1.5116     0.0000 -125.78188   48.65752      64.20          9  0.000e+00
      29311   1221.250      3.307      3.336    13.2279    13.2319  37.709145  37.775582    13.2275    13.2314    31.7208    31.7797    23.8092    23.8540     9.3519     8.6638    285.455    264.439     2.7643     2.4481     0.0733     0.8065     3.1600     1.5116     0.0000 -125.78188   48.65752      64.20          9  0.000e+00
      29312   1221.292      3.307      3.336    13.2226    13.2504  37.701763  37.825918    13.2221    13.2499    31.7183    31.8113    23.8084    23.8748     9.3531     8.6585    285.492    264.273     2.7643     2.4481     0.0733     0.8065     3.1612     1.5116     0.0000 -125.78188   48.65752      64.22          9  0.000e+00
      29313   1221.333      3.360      3.389    13.2196    13.2775  37.700209  37.867657    13.2191    13.2770    31.7194    31.8277    23.8098    23.8821     9.3537     8.6579    285.510    264.254     2.7643     2.4493     0.0733     0.8065     3.1600     1.5104     0.0000 -125.78188   48.65752      64.20          9  0.000e+00
      29314   1221.375      3.360      3.389    13.2293    13.3056  37.710894  37.879843    13.2288    13.3052    31.7213    31.8155    23.8093    23.8672     9.3567     8.6532    285.601    264.113     2.7656     2.4493     0.0733     0.8065     3.1600     1.5116     0.0000 -125.78188   48.65752      64.20          9  0.000e+00
