WCOA/WCOA-6/CTD_Data/RB2102_CTD_069_01.ros
* Sea-Bird SBE 9 Data File:
* FileName = C:\Users\scs.user.rb\CTD\RB2102\Data\RB2102_CTD_069_01.hex
* Software Version Seasave V 7.26.7.107
* Temperature SN = 6202
* Conductivity SN = 4907
* Number of Bytes Per Scan = 41
* Number of Voltage Words = 4
* Number of Scans Averaged by the Deck Unit = 1
* NMEA Latitude = 39 53.56 N
* NMEA Longitude = 125 12.00 W
* NMEA UTC (Time) = Jul 07 2021  16:56:21
* NMEA baud rate = 4800
# nquan = 30
# nvalues = 1176                                  
# units = specified
# name 0 = scan: Scan Count
# name 1 = timeS: Time, Elapsed [seconds]
# name 2 = depSM: Depth [salt water, m]
# name 3 = prDM: Pressure, Digiquartz [db]
# name 4 = t090C: Temperature [ITS-90, deg C]
# name 5 = t190C: Temperature, 2 [ITS-90, deg C]
# name 6 = c0mS/cm: Conductivity [mS/cm]
# name 7 = c1mS/cm: Conductivity, 2 [mS/cm]
# name 8 = potemp090C: Potential Temperature [ITS-90, deg C]
# name 9 = potemp190C: Potential Temperature, 2 [ITS-90, deg C]
# name 10 = sal00: Salinity, Practical [PSU]
# name 11 = sal11: Salinity, Practical, 2 [PSU]
# name 12 = sigma-é00: Density [sigma-theta, kg/m^3]
# name 13 = sigma-é11: Density, 2 [sigma-theta, kg/m^3]
# name 14 = sbeox0Mg/L: Oxygen, SBE 43 [mg/l]
# name 15 = sbeox1Mg/L: Oxygen, SBE 43, 2 [mg/l]
# name 16 = sbox0Mm/Kg: Oxygen, SBE 43 [umol/kg]
# name 17 = sbox1Mm/Kg: Oxygen, SBE 43, 2 [umol/kg]
# name 18 = sbeox0V: Oxygen raw, SBE 43 [V]
# name 19 = sbeox1V: Oxygen raw, SBE 43, 2 [V]
# name 20 = v4: Voltage 4
# name 21 = flECO-AFL: Fluorescence, WET Labs ECO-AFL/FL [mg/m^3]
# name 22 = v3: Voltage 3
# name 23 = v6: Voltage 6
# name 24 = v7: Voltage 7
# name 25 = longitude: Longitude [deg]
# name 26 = latitude: Latitude [deg]
# name 27 = altM: Altimeter [m]
# name 28 = nbf: Bottles Fired
# name 29 = flag:  0.000e+00
# interval = seconds: 0.0416667
# start_time = Jul 07 2021 16:56:21 [NMEA time, header]
# bad_flag = -9.990e-29
*END*
[from data line 532]
     143946   5997.708    124.550    125.549     9.3063     9.3079  36.389563  36.390686     9.2926     9.2942    33.8560    33.8557    26.1755    26.1750     5.3943     5.5495    164.273    169.000     1.6886     1.6386     0.0403    -0.0177     3.3114     0.0000     0.0000 -125.20068   39.89236      99.41         11  0.000e+00
     143947   5997.750    124.604    125.603     9.3064     9.3078  36.389436  36.390686     9.2928     9.2941    33.8557    33.8557    26.1752    26.1751     5.3943     5.5495    164.274    169.001     1.6886     1.6386     0.0403    -0.0177     3.3126     0.0000     0.0000 -125.20068   39.89236      99.41         11  0.000e+00
     143948   5997.792    124.504    125.502     9.3072     9.3076  36.390074  36.390685     9.2936     9.2940    33.8557    33.8559    26.1751    26.1752     5.3886     5.5495    164.102    168.999     1.6874     1.6386     0.0403    -0.0177     3.3114     0.0000     0.0000 -125.20068   39.89236      99.44         11  0.000e+00
     143949   5997.833    124.550    125.549     9.3079     9.3076  36.390074  36.390686     9.2942     9.2940    33.8550    33.8559    26.1745    26.1752     5.3886     5.5495    164.101    169.000     1.6874     1.6386     0.0403    -0.0177     3.3126     0.0000     0.0000 -125.20068   39.89236      99.44         11  0.000e+00
     143950   5997.875    124.550    125.549     9.3087     9.3080  36.390712  36.391196     9.2950     9.2943    33.8549    33.8561    26.1743    26.1753     5.3885     5.5494    164.098    168.999     1.6874     1.6386     0.0403    -0.0177     3.3114     0.0000     0.0000 -125.20068   39.89236      99.44         11  0.000e+00
     143951   5997.917    124.504    125.502     9.3094     9.3083  36.391414  36.391324     9.2957     9.2946    33.8550    33.8559    26.1743    26.1751     5.3884     5.5494    164.095    168.997     1.6874     1.6386     0.0403    -0.0177     3.3126     0.0000     0.0000 -125.20068   39.89236      99.41         11  0.000e+00
     143952   5997.958    124.551    125.549     9.3099     9.3090  36.390840  36.391324     9.2962     9.2953    33.8539    33.8553    26.1733    26.1745     5.3884     5.5493    164.095    168.996     1.6874     1.6386     0.0403    -0.0177     3.3126     0.0000     0.0000 -125.20068   39.89236      99.44         11  0.000e+00
     147873   6161.333     99.040     99.828     9.7448     9.7447  36.526625  36.527912     9.7336     9.7336    33.5966    33.5979    25.9006    25.9017     6.5609     6.7747    199.854    206.366     1.9658     1.9060     0.0427     0.0434     3.3077     0.0000     0.0000 -125.20062   39.89238      99.32         12  0.000e+00
     147874   6161.375     99.047     99.835     9.7451     9.7446  36.526369  36.528040     9.7340     9.7334    33.5960    33.5982    25.9001    25.9019     6.5554     6.7747    199.688    206.367     1.9646     1.9060     0.0427     0.0434     3.3077     0.0000     0.0000 -125.20062   39.89238      99.32         12  0.000e+00
     147875   6161.417     98.994     99.782     9.7456     9.7445  36.526305  36.527720     9.7344     9.7334    33.5955    33.5979    25.8996    25.9017     6.5608     6.7747    199.850    206.366     1.9658     1.9060     0.0427     0.0434     3.3077     0.0000     0.0000 -125.20062   39.89238      99.32         12  0.000e+00
     147876   6161.458     98.994     99.782     9.7454     9.7442  36.526752  36.527912     9.7343     9.7331    33.5961    33.5984    25.9001    25.9021     6.5608     6.7806    199.850    206.547     1.9658     1.9072     0.0427     0.0434     3.3077     0.0000     0.0000 -125.20062   39.89238      99.32         12  0.000e+00
     147877   6161.500     98.948     99.735     9.7456     9.7440  36.526432  36.528040     9.7344     9.7329    33.5957    33.5987    25.8998    25.9024     6.5607     6.7806    199.849    206.546     1.9658     1.9072     0.0427     0.0434     3.3077     0.0000     0.0000 -125.20062   39.89238      99.32         12  0.000e+00
     147878   6161.542     99.047     99.835     9.7454     9.7442  36.526049  36.527784     9.7343     9.7331    33.5954    33.5982    25.8995    25.9020     6.5608     6.7747    199.853    206.368     1.9658     1.9060     0.0440     0.0739     3.3077     0.0000     0.0000 -125.20062   39.89238      99.32         12  0.000e+00
     147879   6161.583     98.941     99.728     9.7454     9.7441  36.526176  36.527912     9.7343     9.7329    33.5955    33.5986    25.8997    25.9023     6.5607     6.7747    199.850    206.366     1.9658     1.9060     0.0427     0.0434     3.3077     0.0000     0.0000 -125.20062   39.89238      99.32         12  0.000e+00
     147880   6161.625     98.994     99.782     9.7456     9.7440  36.526496  36.527720     9.7344     9.7329    33.5957    33.5984    25.8998    25.9022     6.5607     6.7806    199.850    206.548     1.9658     1.9072     0.0427     0.0434     3.3089     0.0000     0.0000 -125.20062   39.89238      99.32         12  0.000e+00
     147881   6161.667     98.941     99.728     9.7459     9.7439  36.526816  36.527912     9.7348     9.7328    33.5957    33.5987    25.8997    25.9024     6.5606     6.7806    199.847    206.546     1.9658     1.9072     0.0427     0.0434     3.3077     0.0000     0.0000 -125.20062   39.89238      99.32         12  0.000e+00
     147882   6161.708     98.948     99.735     9.7459     9.7439  36.526432  36.528040     9.7348     9.7328    33.5953    33.5989    25.8994    25.9025     6.5607     6.7747    199.848    206.367     1.9658     1.9060     0.0427     0.0434     3.3089     0.0000     0.0000 -125.20062   39.89238      99.32         12  0.000e+00
     147883   6161.750     98.948     99.735     9.7459     9.7436  36.526496  36.527784     9.7348     9.7325    33.5954    33.5989    25.8995    25.9026     6.5607     6.7865    199.848    206.727     1.9658     1.9084     0.0427     0.0434     3.3077     0.0000     0.0000 -125.20062   39.89238      99.32         12  0.000e+00
     147884   6161.792     98.941     99.728     9.7461     9.7436  36.526624  36.527912     9.7349     9.7325    33.5954    33.5990    25.8995    25.9027     6.5606     6.7747    199.847    206.368     1.9658     1.9060     0.0427     0.0434     3.3089     0.0000     0.0000 -125.20062   39.89238      99.32         12  0.000e+00
     147885   6161.833     98.895     99.681     9.7457     9.7437  36.526368  36.527784     9.7346     9.7326    33.5955    33.5988    25.8996    25.9025     6.5606     6.7806    199.847    206.546     1.9658     1.9072     0.0427     0.0434     3.3089     0.0000     0.0000 -125.20062   39.89238      99.32         12  0.000e+00
     147886   6161.875     98.948     99.735     9.7459     9.7434  36.526304  36.527656     9.7348     9.7323    33.5952    33.5989    25.8993    25.9027     6.5607     6.7807    199.848    206.549     1.9658     1.9072     0.0427     0.0434     3.3089     0.0000     0.0000 -125.20062   39.89238      99.32         12  0.000e+00
     147887   6161.917     98.941     99.728     9.7464     9.7437  36.526304  36.527656     9.7353     9.7326    33.5948    33.5987    25.8989    25.9024     6.5660     6.7806    200.011    206.547     1.9670     1.9072     0.0427     0.0434     3.3089     0.0000     0.0000 -125.20062   39.89238      99.32         12  0.000e+00
     147888   6161.958     98.895     99.681     9.7462     9.7436  36.526752  36.527720     9.7351     9.7325    33.5954    33.5988    25.8994    25.9026     6.5606     6.7806    199.845    206.546     1.9658     1.9072     0.0427     0.0434     3.3077     0.0000     0.0000 -125.20062   39.89238      99.32         12  0.000e+00
     147889   6162.000     98.895     99.681     9.7462     9.7439  36.526688  36.527720     9.7351     9.7328    33.5953    33.5986    25.8994    25.9023     6.5606     6.7806    199.845    206.545     1.9658     1.9072     0.0427     0.0434     3.3077     0.0000     0.0000 -125.20062   39.89238      99.32         12  0.000e+00
     147890   6162.042     98.895     99.681     9.7459     9.7437  36.526112  36.527720     9.7348     9.7326    33.5950    33.5987    25.8992    25.9024     6.5606     6.7806    199.847    206.546     1.9658     1.9072     0.0427     0.0434     3.3089     0.0000     0.0000 -125.20062   39.89238      99.32         12  0.000e+00
     147891   6162.083     98.895     99.681     9.7457     9.7439  36.526432  36.527656     9.7346     9.7328    33.5955    33.5985    25.8996    25.9022     6.5606     6.7806    199.847    206.545     1.9658     1.9072     0.0427     0.0434     3.3089     0.0000     0.0000 -125.20062   39.89238      99.32         12  0.000e+00
     147892   6162.125     98.948     99.735     9.7454     9.7440  36.526368  36.527656     9.7343     9.7329    33.5957    33.5984    25.8998    25.9021     6.5607     6.7806    199.850    206.546     1.9658     1.9072     0.0427     0.0434     3.3077     0.0000     0.0000 -125.20062   39.89238      99.32         12  0.000e+00
     147893   6162.167     98.848     99.634     9.7451     9.7442  36.526304  36.527720     9.7340     9.7331    33.5960    33.5982    25.9001    25.9020     6.5607     6.7805    199.848    206.543     1.9658     1.9072     0.0427     0.0434     3.3089     0.0000     0.0000 -125.20062   39.89238      99.32         12  0.000e+00
     147894   6162.208     98.895     99.681     9.7448     9.7442  36.526496  36.527400     9.7337     9.7331    33.5965    33.5979    25.9005    25.9018     6.5662     6.7805    200.015    206.545     1.9670     1.9072     0.0427     0.0434     3.3077     0.0000     0.0000 -125.20062   39.89238      99.32         12  0.000e+00
     147895   6162.250     98.895     99.681     9.7444     9.7444  36.526624  36.527592     9.7333     9.7333    33.5970    33.5979    25.9010    25.9017     6.5662     6.7805    200.016    206.544     1.9670     1.9072     0.0427     0.0434     3.3089     0.0000     0.0000 -125.20062   39.89238      99.32         12  0.000e+00
     147896   6162.292     98.848     99.634     9.7441     9.7441  36.526368  36.527656     9.7330     9.7330    33.5970    33.5984    25.9011    25.9021     6.5662     6.7805    200.016    206.544     1.9670     1.9072     0.0427     0.0434     3.3077     0.0000     0.0000 -125.20062   39.89238      99.32         12  0.000e+00
     147897   6162.333     98.895     99.681     9.7439     9.7440  36.526049  36.527400     9.7328     9.7329    33.5968    33.5981    25.9009    25.9019     6.5663     6.7806    200.018    206.545     1.9670     1.9072     0.0427     0.0434     3.3089     0.0000     0.0000 -125.20062   39.89238      99.32         12  0.000e+00
     147898   6162.375     98.895     99.681     9.7438     9.7441  36.526432  36.527592     9.7326     9.7329    33.5974    33.5983    25.9014    25.9020     6.5663     6.7805    200.018    206.545     1.9670     1.9072     0.0427     0.0434     3.3077     0.0000     0.0000 -125.20062   39.89238      99.32         12  0.000e+00
     147899   6162.417     98.848     99.634     9.7439     9.7439  36.526112  36.527720     9.7328     9.7328    33.5969    33.5986    25.9010    25.9023     6.5662     6.7864    200.017    206.724     1.9670     1.9084     0.0427     0.0434     3.3089     0.0000     0.0000 -125.20062   39.89238      99.32         12  0.000e+00
     147900   6162.458     98.895     99.681     9.7436     9.7441  36.526432  36.527720     9.7325     9.7329    33.5975    33.5984    25.9015    25.9021     6.5663     6.7805    200.019    206.545     1.9670     1.9072     0.0440     0.0739     3.3077     0.0000     0.0000 -125.20062   39.89238      99.32         12  0.000e+00
     147901   6162.500     98.848     99.634     9.7438     9.7440  36.526624  36.527400     9.7327     9.7329    33.5976    33.5981    25.9015    25.9019     6.5662     6.7805    200.017    206.544     1.9670     1.9072     0.0427     0.0434     3.3089     0.0000     0.0000 -125.20062   39.89238      99.32         12  0.000e+00
     147902   6162.542     98.848     99.634     9.7436     9.7441  36.526368  36.527592     9.7325     9.7330    33.5974    33.5983    25.9015    25.9021     6.5663     6.7805    200.018    206.544     1.9670     1.9072     0.0427     0.0434     3.3089     0.0000     0.0000 -125.20062   39.89238      99.32         12  0.000e+00
     147903   6162.583     98.895     99.681     9.7436     9.7442  36.526304  36.527720     9.7325     9.7331    33.5974    33.5982    25.9014    25.9020     6.5663     6.7805    200.019    206.544     1.9670     1.9072     0.0427     0.0434     3.3089     0.0000     0.0000 -125.20062   39.89238      99.32         12  0.000e+00
     147904   6162.625     98.895     99.681     9.7438     9.7442  36.526304  36.527400     9.7326     9.7331    33.5972    33.5979    25.9013    25.9018     6.5663     6.7805    200.019    206.545     1.9670     1.9072     0.0427     0.0434     3.3089     0.0000     0.0000 -125.20062   39.89238      99.32         12  0.000e+00
     147905   6162.667     98.848     99.634     9.7438     9.7444  36.526304  36.527592     9.7327     9.7333    33.5973    33.5979    25.9013    25.9017     6.5662     6.7805    200.017    206.542     1.9670     1.9072     0.0427     0.0434     3.3077     0.0000     0.0000 -125.20062   39.89238      99.32         12  0.000e+00
     147906   6162.708     98.848     99.634     9.7438     9.7445  36.526496  36.527400     9.7327     9.7334    33.5974    33.5977    25.9014    25.9015     6.5717     6.7805    200.182    206.542     1.9683     1.9072     0.0427     0.0434     3.3077     0.0000     0.0000 -125.20062   39.89238      99.32         12  0.000e+00
     147907   6162.750     98.895     99.681     9.7436     9.7442  36.526368  36.527528     9.7325     9.7331    33.5974    33.5980    25.9015    25.9018     6.5717     6.7805    200.184    206.544     1.9683     1.9072     0.0440     0.0739     3.3077     0.0000     0.0000 -125.20062   39.89238      99.32         12  0.000e+00
     147908   6162.792     98.895     99.681     9.7438     9.7444  36.526304  36.527145     9.7326     9.7333    33.5972    33.5975    25.9013    25.9013     6.5717     6.7805    200.184    206.544     1.9683     1.9072     0.0427     0.0434     3.3077     0.0000     0.0000 -125.20062   39.89238      99.32         12  0.000e+00
     147909   6162.833     98.848     99.634     9.7438     9.7447  36.526496  36.527528     9.7327     9.7336    33.5974    33.5976    25.9014    25.9014     6.5717     6.7804    200.182    206.542     1.9683     1.9072     0.0427     0.0434     3.3077     0.0000     0.0000 -125.20062   39.89238      99.32         12  0.000e+00
     147910   6162.875     98.848     99.634     9.7436     9.7446  36.526112  36.527145     9.7325     9.7335    33.5972    33.5974    25.9013    25.9012     6.5717     6.7805    200.183    206.543     1.9683     1.9072     0.0427     0.0434     3.3077     0.0000     0.0000 -125.20062   39.89238      99.32         12  0.000e+00
     147911   6162.917     98.895     99.681     9.7436     9.7449  36.526432  36.527209     9.7325     9.7337    33.5975    33.5971    25.9015    25.9010     6.5717     6.7805    200.184    206.543     1.9683     1.9072     0.0427     0.0434     3.3077     0.0000     0.0000 -125.20062   39.89238      99.32         12  0.000e+00
     147912   6162.958     98.895     99.681     9.7433     9.7452  36.526624  36.527528     9.7322     9.7341    33.5980    33.5971    25.9019    25.9009     6.5717     6.7804    200.185    206.541     1.9683     1.9072     0.0427     0.0434     3.3077     0.0000     0.0000 -125.20062   39.89238      99.32         12  0.000e+00
     147913   6163.000     98.848     99.634     9.7431     9.7449  36.526624  36.527656     9.7320     9.7337    33.5982    33.5976    25.9021    25.9014     6.5717     6.7804    200.184    206.541     1.9683     1.9072     0.0427     0.0434     3.3077     0.0000     0.0000 -125.20062   39.89238      99.32         12  0.000e+00
