WCOA/WCOA-6/CTD_Data/RB2102_CTD_058_01.ros
* Sea-Bird SBE 9 Data File:
* FileName = C:\Users\scs.user.rb\CTD\RB2102\Data\RB2102_CTD_058_01.hex
* Software Version Seasave V 7.26.7.107
* Temperature SN = 6202
* Conductivity SN = 4907
* Number of Bytes Per Scan = 41
* Number of Voltage Words = 4
* Number of Scans Averaged by the Deck Unit = 1
* NMEA Latitude = 44 00.00 N
* NMEA Longitude = 124 12.11 W
* NMEA UTC (Time) = Jul 05 2021  13:15:54
* NMEA baud rate = 4800
# nquan = 30
# nvalues = 490                                   
# units = specified
# name 0 = scan: Scan Count
# name 1 = timeS: Time, Elapsed [seconds]
# name 2 = depSM: Depth [salt water, m]
# name 3 = prDM: Pressure, Digiquartz [db]
# name 4 = t090C: Temperature [ITS-90, deg C]
# name 5 = t190C: Temperature, 2 [ITS-90, deg C]
# name 6 = c0mS/cm: Conductivity [mS/cm]
# name 7 = c1mS/cm: Conductivity, 2 [mS/cm]
# name 8 = potemp090C: Potential Temperature [ITS-90, deg C]
# name 9 = potemp190C: Potential Temperature, 2 [ITS-90, deg C]
# name 10 = sal00: Salinity, Practical [PSU]
# name 11 = sal11: Salinity, Practical, 2 [PSU]
# name 12 = sigma-é00: Density [sigma-theta, kg/m^3]
# name 13 = sigma-é11: Density, 2 [sigma-theta, kg/m^3]
# name 14 = sbeox0Mg/L: Oxygen, SBE 43 [mg/l]
# name 15 = sbeox1Mg/L: Oxygen, SBE 43, 2 [mg/l]
# name 16 = sbox0Mm/Kg: Oxygen, SBE 43 [umol/kg]
# name 17 = sbox1Mm/Kg: Oxygen, SBE 43, 2 [umol/kg]
# name 18 = sbeox0V: Oxygen raw, SBE 43 [V]
# name 19 = sbeox1V: Oxygen raw, SBE 43, 2 [V]
# name 20 = v4: Voltage 4
# name 21 = flECO-AFL: Fluorescence, WET Labs ECO-AFL/FL [mg/m^3]
# name 22 = v3: Voltage 3
# name 23 = v6: Voltage 6
# name 24 = v7: Voltage 7
# name 25 = longitude: Longitude [deg]
# name 26 = latitude: Latitude [deg]
# name 27 = altM: Altimeter [m]
# name 28 = nbf: Bottles Fired
# name 29 = flag:  0.000e+00
# interval = seconds: 0.0416667
# start_time = Jul 05 2021 13:15:54 [NMEA time, header]
# bad_flag = -9.990e-29
*END*
[from data line 339]
      29940   1247.458     10.260     10.343     9.1797     9.1095  35.807438  35.750324     9.1786     9.1084    33.4244    33.4310    25.8562    25.8725     4.8302     4.9230    147.140    149.965     1.5726     1.5177     0.0891     1.2033     3.2637     0.2247     0.0904 -124.20262   43.99998      44.88          7  0.000e+00
      29941   1247.500     10.299     10.383     9.1783     9.1237  35.807185  35.758624     9.1772     9.1226    33.4255    33.4263    25.8573    25.8666     4.8303     4.9215    147.145    149.920     1.5726     1.5177     0.0891     1.2033     3.2637     0.2247     0.0904 -124.20262   43.99998      44.88          7  0.000e+00
      29942   1247.542     10.299     10.383     9.1783     9.1329  35.808200  35.763756     9.1772     9.1318    33.4266    33.4230    25.8581    25.8625     4.8303     4.9205    147.143    149.890     1.5726     1.5177     0.0891     1.2033     3.2637     0.2259     0.0904 -124.20262   43.99998      44.88          7  0.000e+00
      29943   1247.583     10.253     10.336     9.1794     9.1349  35.809405  35.766481     9.1783     9.1338    33.4268    33.4240    25.8581    25.8630     4.8301     4.9261    147.138    150.062     1.5726     1.5189     0.0879     1.1728     3.2637     0.2259     0.0904 -124.20262   43.99998      44.88          7  0.000e+00
      32421   1350.833      3.782      3.812    10.4823    10.5032  36.522684  36.540269    10.4819    10.5027    32.9570    32.9558    25.2753    25.2708     7.1973     7.3994    219.374    225.536     2.1502     2.0757     0.1294     2.2107     3.2601     0.2247     0.2601 -124.20252   43.99998      51.50          8  0.000e+00
      32422   1350.875      3.682      3.712    10.4822    10.5032  36.523195  36.539630    10.4818    10.5027    32.9577    32.9552    25.2759    25.2703     7.1972     7.3994    219.371    225.535     2.1502     2.0757     0.1294     2.2107     3.2601     0.2234     0.2601 -124.20252   43.99998      51.50          8  0.000e+00
      32423   1350.917      3.828      3.859    10.4827    10.5032  36.523516  36.538991    10.4822    10.5027    32.9575    32.9545    25.2757    25.2698     7.1973     7.4053    219.373    225.715     2.1502     2.0769     0.1294     2.2107     3.2576     0.2222     0.2601 -124.20252   43.99998      51.50          8  0.000e+00
      32424   1350.958      3.729      3.759    10.4835    10.5034  36.523579  36.538096    10.4830    10.5030    32.9569    32.9534    25.2751    25.2689     7.2023     7.4052    219.528    225.713     2.1514     2.0769     0.1282     2.1801     3.2589     0.2222     0.2601 -124.20252   43.99998      51.48          8  0.000e+00
      32425   1351.000      3.729      3.759    10.4840    10.5040  36.524346  36.537393    10.4835    10.5036    32.9572    32.9522    25.2752    25.2679     7.2022     7.3994    219.525    225.536     2.1514     2.0757     0.1197     1.9665     3.2576     0.2210     0.2601 -124.20252   43.99998      51.48          8  0.000e+00
      32426   1351.042      3.782      3.812    10.4845    10.5045  36.524347  36.537009    10.4840    10.5041    32.9568    32.9513    25.2748    25.2671     7.2022     7.3994    219.525    225.537     2.1514     2.0757     0.1148     1.8444     3.2576     0.2198     0.2601 -124.20252   43.99998      51.48          8  0.000e+00
      32427   1351.083      3.682      3.712    10.4853    10.5055  36.524730  36.536434    10.4849    10.5050    32.9564    32.9499    25.2744    25.2658     7.2020     7.4050    219.518    225.706     2.1514     2.0769     0.1148     1.8444     3.2576     0.2186     0.2601 -124.20252   43.99998      51.48          8  0.000e+00
      32428   1351.125      3.729      3.759    10.4858    10.5077  36.524410  36.537264    10.4853    10.5073    32.9557    32.9487    25.2737    25.2645     7.2020     7.4047    219.518    225.698     2.1514     2.0769     0.1148     1.8444     3.2576     0.2173     0.2601 -124.20252   43.99998      51.48          8  0.000e+00
      32429   1351.167      3.729      3.759    10.4864    10.5096  36.524474  36.537328    10.4860    10.5092    32.9551    32.9470    25.2732    25.2629     7.2019     7.4044    219.516    225.690     2.1514     2.0769     0.1148     1.8444     3.2601     0.2161     0.2601 -124.20252   43.99998      51.55          8  0.000e+00
      32430   1351.208      3.682      3.712    10.4865    10.5114  36.524346  36.537456    10.4860    10.5110    32.9550    32.9455    25.2730    25.2614     7.2072     7.4041    219.676    225.682     2.1526     2.0769     0.1148     1.8444     3.2576     0.2149     0.2589 -124.20252   43.99998      51.65          8  0.000e+00
      32431   1351.250      3.748      3.779    10.4866    10.5128  36.524218  36.537583    10.4862    10.5124    32.9547    32.9444    25.2728    25.2602     7.2072     7.4040    219.678    225.678     2.1526     2.0769     0.1148     1.8444     3.2589     0.2137     0.2589 -124.20252   43.99998      51.67          8  0.000e+00
      32432   1351.292      3.682      3.712    10.4861    10.5132  36.524218  36.537775    10.4857    10.5128    32.9552    32.9442    25.2733    25.2601     7.2072     7.4096    219.677    225.850     2.1526     2.0781     0.1148     1.8444     3.2576     0.2137     0.2601 -124.20252   43.99998      51.67          8  0.000e+00
      32433   1351.333      3.729      3.759    10.4880    10.5141  36.525945  36.538095    10.4875    10.5136    32.9552    32.9438    25.2730    25.2596     7.2070     7.4096    219.669    225.847     2.1526     2.0781     0.1148     1.8444     3.2576     0.2125     0.2601 -124.20252   43.99998      51.65          8  0.000e+00
      32434   1351.375      3.682      3.712    10.4933    10.5137  36.528438  36.538222    10.4929    10.5133    32.9529    32.9442    25.2702    25.2600     7.2115     7.4096    219.806    225.847     2.1538     2.0781     0.1148     1.8444     3.2576     0.2112     0.2589 -124.20252   43.99998      51.67          8  0.000e+00
      32435   1351.417      3.682      3.712    10.5012    10.5130  36.532466  36.537455    10.5008    10.5126    32.9498    32.9441    25.2665    25.2600     7.2103     7.4097    219.773    225.851     2.1538     2.0781     0.1148     1.8444     3.2601     0.2100     0.2589 -124.20252   43.99998      51.62          8  0.000e+00
      32436   1351.458      3.682      3.712    10.5117    10.5121  36.537773  36.537264    10.5112    10.5117    32.9457    32.9448    25.2614    25.2607     7.2088     7.4098    219.728    225.855     2.1538     2.0781     0.1148     1.8444     3.2601     0.2088     0.2589 -124.20252   43.99998      51.58          8  0.000e+00
      32437   1351.500      3.682      3.712    10.5221    10.5114  36.541866  36.537008    10.5217    10.5110    32.9403    32.9451    25.2554    25.2610     7.2073     7.4157    219.684    226.033     2.1538     2.0794     0.1148     1.8444     3.2601     0.2076     0.2589 -124.20252   43.99998      51.58          8  0.000e+00
      32438   1351.542      3.629      3.659    10.5302    10.5103  36.544295  36.536688    10.5297    10.5099    32.9355    32.9458    25.2503    25.2618     7.2062     7.4100    219.651    225.861     2.1538     2.0781     0.1148     1.8444     3.2601     0.2063     0.2589 -124.20252   43.99998      51.58          8  0.000e+00
      32439   1351.583      3.682      3.712    10.5349    10.5103  36.544679  36.536369    10.5345    10.5099    32.9315    32.9455    25.2464    25.2615     7.2057     7.4158    219.635    226.038     2.1538     2.0794     0.1148     1.8444     3.2601     0.2051     0.2601 -124.20252   43.99998      51.58          8  0.000e+00
      32440   1351.625      3.629      3.659    10.5336    10.5100  36.544423  36.536497    10.5332    10.5096    32.9325    32.9459    25.2474    25.2619     7.2111     7.4158    219.800    226.038     2.1551     2.0794     0.1148     1.8444     3.2589     0.2051     0.2601 -124.20252   43.99998      51.58          8  0.000e+00
      32441   1351.667      3.629      3.659    10.5365    10.5101  36.545510  36.535858    10.5361    10.5097    32.9309    32.9452    25.2457    25.2613     7.2054     7.4158    219.627    226.038     2.1538     2.0794     0.1148     1.8444     3.2589     0.2039     0.2613 -124.20252   43.99998      51.50          8  0.000e+00
      32442   1351.708      3.629      3.659    10.5426    10.5112  36.548515  36.535857    10.5422    10.5107    32.9285    32.9442    25.2427    25.2604     7.2045     7.4157    219.601    226.034     2.1538     2.0794     0.1148     1.8444     3.2576     0.2027     0.2613 -124.20252   43.99998      51.40          8  0.000e+00
      32443   1351.750      3.649      3.679    10.5539    10.5109  36.552864  36.535410    10.5535    10.5105    32.9226    32.9440    25.2362    25.2602     7.2082     7.4215    219.716    226.212     2.1551     2.0806     0.1148     1.8444     3.2589     0.2015     0.2601 -124.20252   43.99998      51.38          8  0.000e+00
      32444   1351.792      3.629      3.659    10.5686    10.5096  36.556956  36.535538    10.5681    10.5092    32.9135    32.9453    25.2265    25.2615     7.2063     7.4159    219.658    226.041     2.1551     2.0794     0.1148     1.8444     3.2576     0.2015     0.2613 -124.20252   43.99998      51.40          8  0.000e+00
      32445   1351.833      3.583      3.612    10.5753    10.5091  36.559322  36.536113    10.5749    10.5087    32.9098    32.9463    25.2225    25.2624     7.2053     7.4217    219.629    226.215     2.1551     2.0806     0.1148     1.8444     3.2576     0.2002     0.2613 -124.20252   43.99998      51.40          8  0.000e+00
      32446   1351.875      3.629      3.659    10.5741    10.5105  36.559834  36.537264    10.5737    10.5101    32.9113    32.9462    25.2239    25.2621     7.2055     7.4215    219.634    226.210     2.1551     2.0806     0.1148     1.8444     3.2601     0.1990     0.2613 -124.20252   43.99998      51.40          8  0.000e+00
      32447   1351.917      3.583      3.612    10.5702    10.5134  36.559643  36.537775    10.5698    10.5130    32.9147    32.9441    25.2272    25.2599     7.2059     7.4210    219.647    226.196     2.1551     2.0806     0.1148     1.8444     3.2589     0.1990     0.2613 -124.20252   43.99998      51.43          8  0.000e+00
      32448   1351.958      3.583      3.612    10.5684    10.5157  36.560155  36.539053    10.5680    10.5153    32.9169    32.9433    25.2292    25.2589     7.2061     7.4207    219.652    226.186     2.1551     2.0806     0.1148     1.8444     3.2589     0.1978     0.2613 -124.20252   43.99998      51.45          8  0.000e+00
      32449   1352.000      3.583      3.612    10.5677    10.5168  36.560475  36.539500    10.5673    10.5164    32.9178    32.9428    25.2301    25.2583     7.2062     7.4205    219.654    226.181     2.1551     2.0806     0.1148     1.8444     3.2576     0.1966     0.2625 -124.20252   43.99998      51.45          8  0.000e+00
      32450   1352.042      3.583      3.612    10.5707    10.5171  36.561050  36.539692    10.5703    10.5166    32.9157    32.9427    25.2279    25.2582     7.2058     7.4204    219.643    226.179     2.1551     2.0806     0.1136     1.8138     3.2589     0.1966     0.2625 -124.20252   43.99998      51.48          8  0.000e+00
      32451   1352.083      3.583      3.612    10.5748    10.5169  36.561306  36.539819    10.5744    10.5165    32.9122    32.9430    25.2245    25.2585     7.2053     7.4205    219.628    226.180     2.1551     2.0806     0.1148     1.8444     3.2601     0.1966     0.2613 -124.20252   43.99998      51.45          8  0.000e+00
      32452   1352.125      3.537      3.565    10.5768    10.5166  36.560729  36.540011    10.5764    10.5162    32.9099    32.9435    25.2223    25.2589     7.2103     7.4204    219.781    226.179     2.1563     2.0806     0.1160     1.8749     3.2589     0.1954     0.2625 -124.20252   43.99998      51.45          8  0.000e+00
      32453   1352.167      3.583      3.612    10.5750    10.5164  36.559770  36.540139    10.5745    10.5160    32.9105    32.9438    25.2232    25.2591     7.2106     7.4263    219.790    226.356     2.1563     2.0818     0.1160     1.8749     3.2589     0.1954     0.2625 -124.20252   43.99998      51.45          8  0.000e+00
      32454   1352.208      3.583      3.612    10.5743    10.5156  36.559962  36.540139    10.5739    10.5152    32.9113    32.9445    25.2239    25.2599     7.2107     7.4206    219.793    226.184     2.1563     2.0806     0.1160     1.8749     3.2589     0.1954     0.2625 -124.20252   43.99998      51.43          8  0.000e+00
      32455   1352.250      3.537      3.565    10.5753    10.5151  36.560410  36.540139    10.5749    10.5147    32.9109    32.9450    25.2234    25.2603     7.2105     7.4206    219.787    226.185     2.1563     2.0806     0.1160     1.8749     3.2589     0.1954     0.2625 -124.20252   43.99998      51.45          8  0.000e+00
      32456   1352.292      3.583      3.612    10.5768    10.5128  36.559770  36.540140    10.5763    10.5124    32.9089    32.9470    25.2216    25.2623     7.2157     7.4267    219.945    226.370     2.1575     2.0818     0.1160     1.8749     3.2589     0.1941     0.2637 -124.20252   43.99998      51.45          8  0.000e+00
      32457   1352.333      3.504      3.532    10.5728    10.5080  36.559194  36.539181    10.5724    10.5075    32.9119    32.9505    25.2246    25.2658     7.2161     7.4273    219.957    226.388     2.1575     2.0818     0.1160     1.8749     3.2589     0.1929     0.2625 -124.20252   43.99998      51.45          8  0.000e+00
      32458   1352.375      3.583      3.612    10.5733    10.5053  36.558747  36.538862    10.5729    10.5049    32.9110    32.9525    25.2238    25.2679     7.2161     7.4220    219.959    226.225     2.1575     2.0806     0.1160     1.8749     3.2601     0.1929     0.2637 -124.20252   43.99998      51.45          8  0.000e+00
      32459   1352.417      3.537      3.565    10.5718    10.5082  36.557851  36.538862    10.5714    10.5078    32.9115    32.9499    25.2244    25.2653     7.2163     7.4273    219.964    226.388     2.1575     2.0818     0.1160     1.8749     3.2576     0.1917     0.2637 -124.20252   43.99998      51.48          8  0.000e+00
      32460   1352.458      3.583      3.612    10.5626    10.5104  36.555805  36.538861    10.5622    10.5100    32.9177    32.9479    25.2309    25.2634     7.2175     7.4271    220.001    226.381     2.1575     2.0818     0.1172     1.9054     3.2576     0.1917     0.2637 -124.20252   43.99998      51.53          8  0.000e+00
      32461   1352.500      3.537      3.565    10.5525    10.5106  36.553887  36.538350    10.5521    10.5102    32.9250    32.9472    25.2383    25.2628     7.2188     7.4271    220.038    226.380     2.1575     2.0818     0.1160     1.8749     3.2576     0.1905     0.2637 -124.20252   43.99998      51.53          8  0.000e+00
      32462   1352.542      3.537      3.565    10.5477    10.5113  36.552672  36.538222    10.5473    10.5109    32.9280    32.9465    25.2415    25.2622     7.2194     7.4270    220.056    226.378     2.1575     2.0818     0.1160     1.8749     3.2576     0.1905     0.2650 -124.20252   43.99998      51.53          8  0.000e+00
      32463   1352.583      3.537      3.565    10.5488    10.5123  36.553312  36.537966    10.5484    10.5119    32.9277    32.9453    25.2411    25.2611     7.2193     7.4269    220.052    226.374     2.1575     2.0818     0.1160     1.8749     3.2576     0.1893     0.2650 -124.20252   43.99998      51.53          8  0.000e+00
