WCOA/WCOA-6/CTD_Data/RB2102_CTD_091_01.ros
* Sea-Bird SBE 9 Data File:
* FileName = C:\Users\scs.user.rb\CTD\RB2102\Data\RB2102_CTD_091_01.hex
* Software Version Seasave V 7.26.7.107
* Temperature SN = 6202
* Conductivity SN = 4907
* Number of Bytes Per Scan = 41
* Number of Voltage Words = 4
* Number of Scans Averaged by the Deck Unit = 1
* NMEA Latitude = 37 47.57 N
* NMEA Longitude = 122 33.73 W
* NMEA UTC (Time) = Jul 12 2021  22:35:58
* NMEA baud rate = 4800
# nquan = 30
# nvalues = 463                                   
# units = specified
# name 0 = scan: Scan Count
# name 1 = timeS: Time, Elapsed [seconds]
# name 2 = depSM: Depth [salt water, m]
# name 3 = prDM: Pressure, Digiquartz [db]
# name 4 = t090C: Temperature [ITS-90, deg C]
# name 5 = t190C: Temperature, 2 [ITS-90, deg C]
# name 6 = c0mS/cm: Conductivity [mS/cm]
# name 7 = c1mS/cm: Conductivity, 2 [mS/cm]
# name 8 = potemp090C: Potential Temperature [ITS-90, deg C]
# name 9 = potemp190C: Potential Temperature, 2 [ITS-90, deg C]
# name 10 = sal00: Salinity, Practical [PSU]
# name 11 = sal11: Salinity, Practical, 2 [PSU]
# name 12 = sigma-é00: Density [sigma-theta, kg/m^3]
# name 13 = sigma-é11: Density, 2 [sigma-theta, kg/m^3]
# name 14 = sbeox0Mg/L: Oxygen, SBE 43 [mg/l]
# name 15 = sbeox1Mg/L: Oxygen, SBE 43, 2 [mg/l]
# name 16 = sbox0Mm/Kg: Oxygen, SBE 43 [umol/kg]
# name 17 = sbox1Mm/Kg: Oxygen, SBE 43, 2 [umol/kg]
# name 18 = sbeox0V: Oxygen raw, SBE 43 [V]
# name 19 = sbeox1V: Oxygen raw, SBE 43, 2 [V]
# name 20 = v4: Voltage 4
# name 21 = flECO-AFL: Fluorescence, WET Labs ECO-AFL/FL [mg/m^3]
# name 22 = v3: Voltage 3
# name 23 = v6: Voltage 6
# name 24 = v7: Voltage 7
# name 25 = longitude: Longitude [deg]
# name 26 = latitude: Latitude [deg]
# name 27 = altM: Altimeter [m]
# name 28 = nbf: Bottles Fired
# name 29 = flag:  0.000e+00
# interval = seconds: 0.0416667
# start_time = Jul 12 2021 22:35:58 [NMEA time, header]
# bad_flag = -9.990e-29
*END*
[from data line 49]
      10182    424.208     18.195     18.333    12.6141    12.5713  39.186674  39.156072    12.6117    12.5689    33.6437    33.6526    25.4185    25.4338     5.7391     5.9288    174.902    180.683     1.8803     1.8278     0.1514     2.7601     3.3504     0.2088     0.2186 -122.56222   37.79262       5.45          2  0.000e+00
      10183    424.250     18.202     18.339    12.6150    12.5730  39.187331  39.156861    12.6126    12.5706    33.6435    33.6518    25.4182    25.4328     5.7390     5.9286    174.899    180.677     1.8803     1.8278     0.1514     2.7601     3.3504     0.2100     0.2198 -122.56222   37.79262       5.47          2  0.000e+00
      10184    424.292     18.195     18.333    12.6158    12.5745  39.187857  39.157452    12.6134    12.5721    33.6433    33.6511    25.4179    25.4320     5.7389     5.9285    174.896    180.672     1.8803     1.8278     0.1514     2.7601     3.3504     0.2088     0.2186 -122.56222   37.79262       5.47          2  0.000e+00
      10185    424.333     18.248     18.386    12.6129    12.5758  39.184832  39.158635    12.6105    12.5734    33.6429    33.6510    25.4182    25.4316     5.7393     5.9283    174.909    180.668     1.8803     1.8278     0.1514     2.7601     3.3504     0.2088     0.2198 -122.56222   37.79262       5.47          2  0.000e+00
      10186    424.375     18.195     18.333    12.6019    12.5767  39.176679  39.160343    12.5994    12.5743    33.6450    33.6519    25.4220    25.4322     5.7405     5.9281    174.946    180.662     1.8803     1.8278     0.1514     2.7601     3.3504     0.2088     0.2186 -122.56222   37.79262       5.45          2  0.000e+00
      10187    424.417     18.202     18.339    12.5905    12.5774  39.168330  39.162248    12.5881    12.5749    33.6472    33.6531    25.4258    25.4330     5.7418     5.9280    174.986    180.658     1.8803     1.8278     0.1514     2.7601     3.3504     0.2088     0.2186 -122.56222   37.79262       5.47          2  0.000e+00
      10188    424.458     18.195     18.333    12.5801    12.5785  39.162808  39.163562    12.5777    12.5761    33.6512    33.6534    25.4309    25.4329     5.7430     5.9278    175.019    180.653     1.8803     1.8278     0.1514     2.7601     3.3504     0.2088     0.2186 -122.56222   37.79262       5.47          2  0.000e+00
      10189    424.500     18.202     18.339    12.5719    12.5795  39.158996  39.163299    12.5695    12.5771    33.6549    33.6522    25.4354    25.4318     5.7489     5.9277    175.199    180.650     1.8816     1.8278     0.1514     2.7601     3.3516     0.2088     0.2186 -122.56222   37.79262       5.47          2  0.000e+00
      10190    424.542     18.195     18.333    12.5654    12.5795  39.155380  39.163365    12.5630    12.5771    33.6573    33.6522    25.4385    25.4319     5.7496     5.9277    175.220    180.650     1.8816     1.8278     0.1514     2.7601     3.3504     0.2100     0.2186 -122.56222   37.79262       5.47          2  0.000e+00
      10191    424.583     18.195     18.333    12.5591    12.5805  39.151371  39.163233    12.5566    12.5781    33.6591    33.6512    25.4412    25.4309     5.7503     5.9276    175.241    180.648     1.8816     1.8278     0.1514     2.7601     3.3504     0.2088     0.2198 -122.56222   37.79262       5.47          2  0.000e+00
      10192    424.625     18.149     18.286    12.5543    12.5822  39.147230  39.163627    12.5519    12.5798    33.6594    33.6501    25.4424    25.4297     5.7509     5.9274    175.258    180.641     1.8816     1.8278     0.1514     2.7601     3.3504     0.2088     0.2186 -122.56222   37.79262       5.47          2  0.000e+00
      10193    424.667     18.241     18.379    12.5485    12.5837  39.144207  39.164087    12.5461    12.5813    33.6616    33.6492    25.4452    25.4287     5.7516     5.9273    175.279    180.638     1.8816     1.8278     0.1514     2.7601     3.3504     0.2088     0.2198 -122.56222   37.79262       5.47          2  0.000e+00
      10194    424.708     18.202     18.339    12.5484    12.5855  39.144207  39.164678    12.5460    12.5831    33.6617    33.6482    25.4453    25.4276     5.7515     5.9271    175.278    180.632     1.8816     1.8278     0.1514     2.7601     3.3504     0.2088     0.2186 -122.56222   37.79262       5.47          2  0.000e+00
      10195    424.750     18.149     18.286    12.5526    12.5856  39.146835  39.165072    12.5502    12.5832    33.6605    33.6485    25.4436    25.4278     5.7510     5.9270    175.263    180.630     1.8816     1.8278     0.1514     2.7601     3.3504     0.2088     0.2198 -122.56222   37.79262       5.47          2  0.000e+00
      10196    424.792     18.202     18.339    12.5564    12.5854  39.147624  39.166190    12.5540    12.5830    33.6579    33.6497    25.4407    25.4288     5.7507     5.9271    175.253    180.630     1.8816     1.8278     0.1514     2.7601     3.3516     0.2088     0.2186 -122.56222   37.79262       5.47          2  0.000e+00
      10197    424.833     18.241     18.379    12.5571    12.5884  39.146046  39.168884    12.5547    12.5860    33.6557    33.6496    25.4390    25.4281     5.7507     5.9322    175.254    180.786     1.8816     1.8291     0.1514     2.7601     3.3504     0.2088     0.2186 -122.56222   37.79262       5.47          2  0.000e+00
      10198    424.875     18.149     18.286    12.5564    12.5924  39.144994  39.172235    12.5540    12.5900    33.6554    33.6493    25.4388    25.4271     5.7507     5.9316    175.255    180.768     1.8816     1.8291     0.1514     2.7601     3.3516     0.2088     0.2186 -122.56222   37.79262       5.47          2  0.000e+00
      10199    424.917     18.241     18.379    12.5563    12.5952  39.145389  39.175586    12.5539    12.5927    33.6558    33.6500    25.4391    25.4271     5.7558     5.9258    175.410    180.592     1.8828     1.8278     0.1514     2.7601     3.3516     0.2088     0.2186 -122.56222   37.79262       5.47          2  0.000e+00
      10200    424.958     18.149     18.286    12.5561    12.6004  39.145257  39.179003    12.5537    12.5980    33.6559    33.6486    25.4393    25.4250     5.7558     5.9305    175.409    180.737     1.8828     1.8291     0.1514     2.7601     3.3504     0.2088     0.2186 -122.56222   37.79262       5.47          2  0.000e+00
      10201    425.000     18.241     18.379    12.5518    12.6049  39.141840  39.181434    12.5493    12.6025    33.6565    33.6468    25.4406    25.4228     5.7564     5.9301    175.426    180.723     1.8828     1.8291     0.1514     2.7601     3.3504     0.2088     0.2186 -122.56222   37.79262       5.37          2  0.000e+00
      10202    425.042     18.149     18.286    12.5423    12.6071  39.135859  39.182419    12.5399    12.6047    33.6593    33.6459    25.4446    25.4216     5.7574     5.9297    175.456    180.713     1.8828     1.8291     0.1514     2.7601     3.3504     0.2088     0.2186 -122.56222   37.79262       5.35          2  0.000e+00
      10203    425.083     18.195     18.333    12.5365    12.6069  39.131653  39.182617    12.5340    12.6045    33.6604    33.6462    25.4466    25.4219     5.7581     5.9298    175.478    180.715     1.8828     1.8291     0.1514     2.7601     3.3504     0.2088     0.2186 -122.56222   37.79262       5.32          2  0.000e+00
      10204    425.125     18.195     18.333    12.5358    12.6089  39.130601  39.183339    12.5334    12.6065    33.6600    33.6451    25.4464    25.4206     5.7582     5.9296    175.481    180.708     1.8828     1.8291     0.1514     2.7601     3.3516     0.2100     0.2186 -122.56222   37.79262       5.35          2  0.000e+00
      10205    425.167     18.248     18.386    12.5371    12.6101  39.131456  39.184128    12.5347    12.6077    33.6596    33.6448    25.4458    25.4202     5.7581     5.9295    175.477    180.705     1.8828     1.8291     0.1502     2.7296     3.3516     0.2088     0.2186 -122.56222   37.79262       5.35          2  0.000e+00
      10206    425.208     18.195     18.333    12.5399    12.6069  39.133953  39.183734    12.5375    12.6045    33.6595    33.6473    25.4452    25.4227     5.7627     5.9298    175.619    180.713     1.8840     1.8291     0.1416     2.5159     3.3492     0.2088     0.2186 -122.56222   37.79262       5.35          2  0.000e+00
      10207    425.250     18.202     18.339    12.5439    12.6012  39.136648  39.182092    12.5415    12.5988    33.6585    33.6508    25.4437    25.4265     5.7623     5.9304    175.606    180.732     1.8840     1.8291     0.1368     2.3938     3.3504     0.2088     0.2186 -122.56222   37.79262       5.37          2  0.000e+00
      10208    425.292     18.195     18.333    12.5476    12.6007  39.139145  39.181040    12.5452    12.5983    33.6576    33.6502    25.4423    25.4262     5.7619     5.9305    175.593    180.734     1.8840     1.8291     0.1368     2.3938     3.3492     0.2088     0.2198 -122.56222   37.79262       5.40          2  0.000e+00
      10209    425.333     18.202     18.339    12.5506    12.5983  39.140985  39.179332    12.5482    12.5959    33.6567    33.6507    25.4410    25.4271     5.7565     5.9308    175.430    180.743     1.8828     1.8291     0.1368     2.3938     3.3516     0.2088     0.2186 -122.56222   37.79262       5.40          2  0.000e+00
      10210    425.375     18.242     18.380    12.5524    12.5946  39.142628  39.176046    12.5500    12.5921    33.6566    33.6509    25.4406    25.4279     5.7613     5.9313    175.577    180.759     1.8840     1.8291     0.1368     2.3938     3.3492     0.2088     0.2186 -122.56222   37.79262       5.40          2  0.000e+00
      10211    425.417     18.202     18.339    12.5543    12.5881  39.143877  39.169935    12.5518    12.5856    33.6562    33.6509    25.4399    25.4292     5.7611     5.9321    175.570    180.784     1.8840     1.8291     0.1368     2.3938     3.3504     0.2088     0.2186 -122.56222   37.79262       5.40          2  0.000e+00
      10212    425.458     18.195     18.333    12.5559    12.5774  39.144403  39.162380    12.5535    12.5749    33.6552    33.6533    25.4388    25.4331     5.7609     5.9389    175.565    180.991     1.8840     1.8303     0.1368     2.3938     3.3516     0.2088     0.2186 -122.56222   37.79262       5.40          2  0.000e+00
      10213    425.500     18.248     18.386    12.5549    12.5693  39.141905  39.156533    12.5525    12.5669    33.6537    33.6549    25.4378    25.4359     5.7611     5.9400    175.572    181.023     1.8840     1.8303     0.1368     2.3938     3.3492     0.2088     0.2186 -122.56222   37.79262       5.37          2  0.000e+00
      10214    425.542     18.195     18.333    12.5482    12.5663  39.135727  39.153970    12.5458    12.5639    33.6538    33.6551    25.4391    25.4366     5.7619     5.9403    175.595    181.033     1.8840     1.8303     0.1368     2.3938     3.3504     0.1844     0.2002 -122.56222   37.79262       5.35          2  0.000e+00
      10215    425.583     18.248     18.386    12.5394    12.5647  39.130207  39.152854    12.5370    12.5623    33.6563    33.6554    25.4428    25.4373     5.7629     5.9406    175.626    181.040     1.8840     1.8303     0.1368     2.3938     3.3516     0.1514     0.1746 -122.56222   37.79262       5.35          2  0.000e+00
      10216    425.625     18.195     18.333    12.5325    12.5609  39.125212  39.150226    12.5300    12.5585    33.6578    33.6563    25.4453    25.4387     5.7637     5.9410    175.649    181.053     1.8840     1.8303     0.1368     2.3938     3.3516     0.1429     0.1673 -122.56222   37.79262       5.35          2  0.000e+00
      10217    425.667     18.241     18.379    12.5270    12.5590  39.122453  39.148518    12.5246    12.5566    33.6600    33.6564    25.4481    25.4391     5.7643     5.9413    175.668    181.062     1.8840     1.8303     0.1368     2.3938     3.3516     0.1429     0.1673 -122.56222   37.79262       5.35          2  0.000e+00
      10218    425.708     18.248     18.386    12.5232    12.5590  39.119956  39.148124    12.5208    12.5566    33.6611    33.6560    25.4497    25.4388     5.7698     5.9468    175.835    181.229     1.8852     1.8315     0.1368     2.3938     3.3504     0.1441     0.1685 -122.56222   37.79262       5.35          2  0.000e+00
      10219    425.750     18.241     18.379    12.5208    12.5579  39.118905  39.147336    12.5184    12.5554    33.6621    33.6563    25.4510    25.4392     5.7701     5.9414    175.842    181.066     1.8852     1.8303     0.1368     2.3938     3.3504     0.1441     0.1685 -122.56222   37.79262       5.32          2  0.000e+00
      10220    425.792     18.248     18.386    12.5204    12.5538  39.119168  39.145300    12.5179    12.5514    33.6628    33.6579    25.4516    25.4413     5.7701     5.9474    175.843    181.247     1.8852     1.8315     0.1368     2.3938     3.3504     0.1429     0.1673 -122.56222   37.79262       5.32          2  0.000e+00
      10221    425.833     18.241     18.379    12.5200    12.5510  39.119759  39.143920    12.5176    12.5486    33.6637    33.6591    25.4523    25.4428     5.7701     5.9477    175.843    181.257     1.8852     1.8315     0.1368     2.3938     3.3504     0.1416     0.1673 -122.56222   37.79262       5.32          2  0.000e+00
      10222    425.875     18.248     18.386    12.5205    12.5517  39.120153  39.143986    12.5181    12.5492    33.6637    33.6586    25.4522    25.4422     5.7701     5.9477    175.842    181.255     1.8852     1.8315     0.1368     2.3938     3.3504     0.1416     0.1661 -122.56222   37.79262       5.32          2  0.000e+00
      12800    533.292      9.730      9.804    14.5666    14.5668  40.657622  40.659396    14.5652    14.5654    33.3124    33.3138    24.7644    24.7655     6.9972     7.2261    213.380    220.360     2.2552     2.1880     0.1502     2.7296     3.3394     0.1685     0.1770 -122.56220   37.79250      14.02          3  0.000e+00
      12801    533.333      9.644      9.717    14.5668    14.5680  40.658022  40.659929    14.5654    14.5666    33.3126    33.3134    24.7646    24.7649     6.9971     7.2258    213.377    220.353     2.2552     2.1880     0.1502     2.7296     3.3382     0.1685     0.1758 -122.56220   37.79250      14.02          3  0.000e+00
      12802    533.375      9.783      9.857    14.5667    14.5681  40.658022  40.660330    14.5652    14.5667    33.3127    33.3135    24.7647    24.7650     6.9972     7.2259    213.381    220.356     2.2552     2.1880     0.1514     2.7601     3.3394     0.1673     0.1758 -122.56220   37.79250      14.02          3  0.000e+00
      12803    533.417      9.637      9.710    14.5668    14.5685  40.658622  40.660129    14.5654    14.5671    33.3131    33.3131    24.7650    24.7646     6.9970     7.2205    213.376    220.191     2.2552     2.1868     0.1514     2.7601     3.3382     0.1673     0.1758 -122.56220   37.79250      14.02          3  0.000e+00
      12804    533.458      9.684      9.757    14.5663    14.5681  40.658222  40.660062    14.5649    14.5667    33.3132    33.3133    24.7651    24.7648     6.9971     7.2206    213.379    220.194     2.2552     2.1868     0.1514     2.7601     3.3370     0.1673     0.1758 -122.56220   37.79250      14.02          3  0.000e+00
      12805    533.500      9.697      9.770    14.5650    14.5675  40.657288  40.659796    14.5635    14.5661    33.3135    33.3136    24.7657    24.7652     6.9973     7.2207    213.385    220.197     2.2552     2.1868     0.1502     2.7296     3.3382     0.1685     0.1758 -122.56220   37.79250      13.97          3  0.000e+00
