WCOA/WCOA-6/CTD_Data/RB2102_CTD_063_01.ros
* Sea-Bird SBE 9 Data File:
* FileName = C:\Users\scs.user.rb\CTD\RB2102\Data\RB2102_CTD_063_01.hex
* Software Version Seasave V 7.26.7.107
* Temperature SN = 6202
* Conductivity SN = 4907
* Number of Bytes Per Scan = 41
* Number of Voltage Words = 4
* Number of Scans Averaged by the Deck Unit = 1
* NMEA Latitude = 41 56.42 N
* NMEA Longitude = 124 36.30 W
* NMEA UTC (Time) = Jul 06 2021  18:52:24
* NMEA baud rate = 4800
# nquan = 30
# nvalues = 1078                                  
# units = specified
# name 0 = scan: Scan Count
# name 1 = timeS: Time, Elapsed [seconds]
# name 2 = depSM: Depth [salt water, m]
# name 3 = prDM: Pressure, Digiquartz [db]
# name 4 = t090C: Temperature [ITS-90, deg C]
# name 5 = t190C: Temperature, 2 [ITS-90, deg C]
# name 6 = c0mS/cm: Conductivity [mS/cm]
# name 7 = c1mS/cm: Conductivity, 2 [mS/cm]
# name 8 = potemp090C: Potential Temperature [ITS-90, deg C]
# name 9 = potemp190C: Potential Temperature, 2 [ITS-90, deg C]
# name 10 = sal00: Salinity, Practical [PSU]
# name 11 = sal11: Salinity, Practical, 2 [PSU]
# name 12 = sigma-é00: Density [sigma-theta, kg/m^3]
# name 13 = sigma-é11: Density, 2 [sigma-theta, kg/m^3]
# name 14 = sbeox0Mg/L: Oxygen, SBE 43 [mg/l]
# name 15 = sbeox1Mg/L: Oxygen, SBE 43, 2 [mg/l]
# name 16 = sbox0Mm/Kg: Oxygen, SBE 43 [umol/kg]
# name 17 = sbox1Mm/Kg: Oxygen, SBE 43, 2 [umol/kg]
# name 18 = sbeox0V: Oxygen raw, SBE 43 [V]
# name 19 = sbeox1V: Oxygen raw, SBE 43, 2 [V]
# name 20 = v4: Voltage 4
# name 21 = flECO-AFL: Fluorescence, WET Labs ECO-AFL/FL [mg/m^3]
# name 22 = v3: Voltage 3
# name 23 = v6: Voltage 6
# name 24 = v7: Voltage 7
# name 25 = longitude: Longitude [deg]
# name 26 = latitude: Latitude [deg]
# name 27 = altM: Altimeter [m]
# name 28 = nbf: Bottles Fired
# name 29 = flag:  0.000e+00
# interval = seconds: 0.0416667
# start_time = Jul 06 2021 18:52:24 [NMEA time, header]
# bad_flag = -9.990e-29
*END*
[from data line 919]
      84760   3531.625      3.551      3.579    11.6543    11.6675  37.933947  37.944842    11.6539    11.6670    33.2981    33.2969    25.3319    25.3286     8.9586     9.1351    273.043    278.424     2.6166     2.5018     0.0842     1.0812     3.1380     0.0000     0.0000 -124.60198   41.94160      99.68         19  0.000e+00
      84761   3531.667      3.597      3.626    11.6572    11.6678  37.937907  37.945232    11.6568    11.6674    33.2993    33.2970    25.3323    25.3285     8.9529     9.1351    272.868    278.424     2.6154     2.5018     0.0842     1.0812     3.1380     0.0000     0.0000 -124.60198   41.94160      99.66         19  0.000e+00
      84762   3531.708      3.551      3.579    11.6607    11.6686  37.939205  37.944907    11.6602    11.6681    33.2975    33.2960    25.3303    25.3276     8.9522     9.1349    272.849    278.419     2.6154     2.5018     0.0842     1.0812     3.1355     0.0000     0.0000 -124.60198   41.94160      92.26         19  0.000e+00
      84763   3531.750      3.551      3.579    11.6638    11.6695  37.940827  37.946269    11.6634    11.6691    33.2963    33.2965    25.3287    25.3278     8.9517     9.1347    272.833    278.412     2.6154     2.5018     0.0842     1.0812     3.1355     0.0000     0.0000 -124.60198   41.94160      29.18         19  0.000e+00
      84764   3531.792      3.597      3.626    11.6648    11.6701  37.940308  37.946983    11.6643    11.6696    33.2949    33.2967    25.3275    25.3279     8.9516     9.1291    272.832    278.240     2.6154     2.5006     0.0842     1.0812     3.1368     0.0000     0.0000 -124.60198   41.94160       0.00         19  0.000e+00
      84765   3531.833      3.551      3.579    11.6638    11.6708  37.939010  37.947113    11.6634    11.6704    33.2945    33.2961    25.3274    25.3273     8.9466     9.1345    272.680    278.405     2.6142     2.5018     0.0842     1.0812     3.1368     0.0000     0.0000 -124.60198   41.94160       0.00         19  0.000e+00
      84766   3531.875      3.597      3.626    11.6633    11.6708  37.938685  37.947827    11.6629    11.6704    33.2946    33.2968    25.3275    25.3279     8.9468     9.1345    272.684    278.405     2.6142     2.5018     0.0842     1.0812     3.1380     0.0000     0.0000 -124.60198   41.94160       0.07         19  0.000e+00
      84767   3531.917      3.597      3.626    11.6626    11.6707  37.938685  37.947308    11.6622    11.6703    33.2952    33.2964    25.3281    25.3275     8.9469     9.1289    272.687    278.236     2.6142     2.5006     0.0842     1.0812     3.1368     0.0000     0.0000 -124.60198   41.94160       1.34         19  0.000e+00
      84768   3531.958      3.597      3.626    11.6618    11.6688  37.938361  37.945816    11.6614    11.6684    33.2956    33.2966    25.3286    25.3281     8.9470     9.1293    272.691    278.248     2.6142     2.5006     0.0842     1.0812     3.1368     0.0000     0.0000 -124.60198   41.94160       1.71         19  0.000e+00
      84769   3532.000      3.597      3.626    11.6616    11.6669  37.939075  37.944453    11.6612    11.6664    33.2965    33.2971    25.3293    25.3288     8.9470     9.1241    272.691    278.089     2.6142     2.4994     0.0842     1.0812     3.1368     0.0000     0.0000 -124.60198   41.94160       1.44         19  0.000e+00
      84770   3532.042      3.564      3.593    11.6622    11.6662  37.939334  37.943804    11.6617    11.6657    33.2963    33.2971    25.3291    25.3289     8.9417     9.1298    272.530    278.263     2.6129     2.5006     0.0842     1.0812     3.1368     0.0000     0.0000 -124.60198   41.94160       1.27         19  0.000e+00
      84771   3532.083      3.598      3.626    11.6623    11.6655  37.939335  37.943740    11.6619    11.6650    33.2961    33.2976    25.3289    25.3295     8.9418     9.1300    272.531    278.267     2.6129     2.5006     0.0842     1.0812     3.1368     0.0000     0.0000 -124.60198   41.94160       1.25         19  0.000e+00
      84944   3539.292      3.646      3.674    11.6339    11.6272  37.911751  37.907871    11.6335    11.6267    33.2947    33.2969    25.3330    25.3360     8.9526     9.1325    272.861    278.342     2.6142     2.4994     0.1038     1.5696     3.1368     0.0000     0.0000 -124.60198   41.94160       1.17         20  0.000e+00
      84945   3539.333      3.646      3.674    11.6337    11.6268  37.908960  37.907611    11.6333    11.6264    33.2921    33.2970    25.3310    25.3361     8.9528     9.1325    272.867    278.344     2.6142     2.4994     0.1038     1.5696     3.1368     0.0000     0.0000 -124.60198   41.94160       1.20         20  0.000e+00
      84946   3539.375      3.646      3.674    11.6315    11.6275  37.906364  37.908195    11.6310    11.6270    33.2916    33.2970    25.3311    25.3360     8.9533     9.1436    272.881    278.680     2.6142     2.5018     0.1038     1.5696     3.1368     0.0000     0.0000 -124.60198   41.94160       1.20         20  0.000e+00
      84947   3539.417      3.699      3.728    11.6268    11.6285  37.903315  37.909557    11.6264    11.6280    33.2928    33.2974    25.3328    25.3361     8.9593     9.1378    273.065    278.505     2.6154     2.5006     0.1038     1.5696     3.1368     0.0000     0.0000 -124.60198   41.94160       1.17         20  0.000e+00
      84948   3539.458      3.599      3.628    11.6229    11.6297  37.900589  37.910335    11.6224    11.6292    33.2937    33.2971    25.3343    25.3357     8.9548     9.1319    272.927    278.324     2.6142     2.4994     0.1038     1.5696     3.1368     0.0000     0.0000 -124.60198   41.94160       1.20         20  0.000e+00
      84949   3539.500      3.699      3.728    11.6201    11.6300  37.897994  37.910465    11.6196    11.6295    33.2936    33.2969    25.3347    25.3355     8.9554     9.1375    272.947    278.496     2.6142     2.5006     0.1038     1.5696     3.1355     0.0000     0.0000 -124.60198   41.94160      10.77         20  0.000e+00
      84950   3539.542      3.599      3.628    11.6169    11.6303  37.895529  37.910530    11.6165    11.6299    33.2941    33.2967    25.3357    25.3352     8.9559     9.1374    272.961    278.491     2.6142     2.5006     0.1038     1.5696     3.1355     0.0000     0.0000 -124.60198   41.94160      29.35         20  0.000e+00
      84951   3539.583      3.646      3.675    11.6143    11.6303  37.893842  37.910465    11.6138    11.6299    33.2948    33.2966    25.3367    25.3352     8.9565     9.1430    272.977    278.663     2.6142     2.5018     0.1038     1.5696     3.1368     0.0000     0.0000 -124.60198   41.94160      34.65         20  0.000e+00
      84952   3539.625      3.646      3.675    11.6115    11.6298  37.891376  37.909687    11.6110    11.6294    33.2949    33.2963    25.3373    25.3350     8.9570     9.1320    272.993    278.326     2.6142     2.4994     0.1038     1.5696     3.1368     0.0000     0.0000 -124.60198   41.94160      33.99         20  0.000e+00
      84953   3539.667      3.599      3.628    11.6103    11.6293  37.890468  37.909492    11.6099    11.6289    33.2951    33.2966    25.3376    25.3354     8.9572     9.1320    272.998    278.327     2.6142     2.4994     0.1038     1.5696     3.1368     0.0000     0.0000 -124.60198   41.94160      33.11         20  0.000e+00
      84954   3539.708      3.699      3.728    11.6117    11.6287  37.893518  37.908844    11.6112    11.6282    33.2968    33.2965    25.3388    25.3354     8.9569     9.1378    272.991    278.505     2.6142     2.5006     0.1038     1.5696     3.1355     0.0000     0.0000 -124.60198   41.94160      32.92         20  0.000e+00
      84955   3539.750      3.599      3.628    11.6128    11.6284  37.895399  37.908260    11.6124    11.6279    33.2976    33.2963    25.3392    25.3353     8.9514     9.1434    272.822    278.674     2.6129     2.5018     0.1038     1.5696     3.1355     0.0000     0.0000 -124.60198   41.94160      19.80         20  0.000e+00
      84956   3539.792      3.646      3.675    11.6127    11.6283  37.893907  37.906314    11.6122    11.6279    33.2963    33.2944    25.3382    25.3338     8.9516     9.1380    272.827    278.510     2.6129     2.5006     0.1038     1.5696     3.1380     0.0000     0.0000 -124.60198   41.94160       3.25         20  0.000e+00
      84957   3539.833      3.646      3.675    11.6103    11.6280  37.890338  37.904174    11.6099    11.6275    33.2949    33.2926    25.3375    25.3325     8.9521     9.1326    272.844    278.345     2.6129     2.4994     0.1038     1.5696     3.1380     0.0000     0.0000 -124.60198   41.94160       0.00         20  0.000e+00
      84958   3539.875      3.599      3.628    11.6069    11.6272  37.886186  37.905730    11.6064    11.6267    33.2940    33.2949    25.3374    25.3344     8.9579     9.1381    273.021    278.514     2.6142     2.5006     0.1038     1.5696     3.1368     0.0000     0.0000 -124.60198   41.94160       0.51         20  0.000e+00
      84959   3539.917      3.646      3.675    11.6027    11.6255  37.880542  37.905925    11.6023    11.6250    33.2922    33.2965    25.3368    25.3360     8.9537     9.1440    272.894    278.694     2.6129     2.5018     0.1038     1.5696     3.1368     0.0000     0.0000 -124.60198   41.94160       1.17         20  0.000e+00
      84960   3539.958      3.553      3.581    11.5988    11.6237  37.876260  37.904887    11.5983    11.6232    33.2916    33.2972    25.3370    25.3368     8.9544     9.1443    272.916    278.701     2.6129     2.5018     0.1038     1.5696     3.1368     0.0000     0.0000 -124.60198   41.94160       1.32         20  0.000e+00
      84961   3540.000      3.666      3.695    11.5955    11.6218  37.875223  37.903721    11.5950    11.6214    33.2935    33.2977    25.3391    25.3375     8.9551     9.1392    272.935    278.545     2.6129     2.5006     0.1026     1.5391     3.1380     0.0000     0.0000 -124.60198   41.94160       1.20         20  0.000e+00
      84962   3540.042      3.599      3.628    11.5919    11.6205  37.873601  37.902488    11.5915    11.6201    33.2951    33.2977    25.3411    25.3378     8.9556     9.1394    272.951    278.551     2.6129     2.5006     0.0940     1.3254     3.1380     0.0000     0.0000 -124.60198   41.94160       1.10         20  0.000e+00
      84963   3540.083      3.599      3.628    11.5891    11.6202  37.871525  37.901905    11.5886    11.6197    33.2956    33.2974    25.3420    25.3377     8.9562     9.1450    272.967    278.724     2.6129     2.5018     0.0891     1.2033     3.1368     0.0000     0.0000 -124.60198   41.94160       1.07         20  0.000e+00
      84964   3540.125      3.553      3.581    11.5871    11.6202  37.870617  37.901969    11.5867    11.6198    33.2965    33.2975    25.3431    25.3377     8.9565     9.1450    272.975    278.722     2.6129     2.5018     0.0867     1.1423     3.1380     0.0000     0.0000 -124.60198   41.94160       1.07         20  0.000e+00
      84965   3540.167      3.646      3.675    11.5855    11.6203  37.869904  37.901840    11.5850    11.6199    33.2973    33.2972    25.3439    25.3374     8.9569     9.1339    272.987    278.384     2.6129     2.4994     0.0879     1.1728     3.1368     0.0000     0.0000 -124.60198   41.94160       1.10         20  0.000e+00
      84966   3540.208      3.553      3.581    11.5856    11.6205  37.870033  37.901515    11.5852    11.6201    33.2973    33.2967    25.3439    25.3371     8.9567     9.1338    272.983    278.381     2.6129     2.4994     0.0879     1.1728     3.1380     0.0000     0.0000 -124.60198   41.94160       1.10         20  0.000e+00
      84967   3540.250      3.599      3.628    11.5864    11.6190  37.871331  37.900608    11.5860    11.6186    33.2978    33.2972    25.3442    25.3377     8.9566     9.1397    272.978    278.561     2.6129     2.5006     0.0879     1.1728     3.1380     0.0000     0.0000 -124.60198   41.94160       1.15         20  0.000e+00
      84968   3540.292      3.553      3.581    11.5873    11.6184  37.871979  37.899181    11.5868    11.6179    33.2977    33.2964    25.3439    25.3372     8.9564     9.1454    272.972    278.736     2.6129     2.5018     0.0879     1.1728     3.1380     0.0000     0.0000 -124.60198   41.94160       1.20         20  0.000e+00
      84969   3540.333      3.599      3.628    11.5876    11.6165  37.872369  37.897819    11.5871    11.6161    33.2978    33.2967    25.3439    25.3377     8.9512     9.1402    272.815    278.578     2.6117     2.5006     0.0879     1.1728     3.1380     0.0000     0.0000 -124.60198   41.94160       1.22         20  0.000e+00
      84970   3540.375      3.553      3.581    11.5886    11.6135  37.873407  37.894188    11.5882    11.6131    33.2979    33.2959    25.3438    25.3377     8.9561     9.1409    272.964    278.597     2.6129     2.5006     0.0879     1.1728     3.1380     0.0000     0.0000 -124.60198   41.94160       1.22         20  0.000e+00
      84971   3540.417      3.553      3.581    11.5888    11.6107  37.872952  37.891594    11.5883    11.6103    33.2973    33.2958    25.3434    25.3382     8.9561     9.1470    272.964    278.785     2.6129     2.5018     0.0879     1.1728     3.1368     0.0000     0.0000 -124.60198   41.94160       1.22         20  0.000e+00
      84972   3540.458      3.553      3.581    11.5881    11.6080  37.872563  37.890363    11.5877    11.6076    33.2975    33.2970    25.3436    25.3396     8.9511     9.1419    272.811    278.629     2.6117     2.5006     0.0879     1.1728     3.1380     0.0000     0.0000 -124.60198   41.94160       1.22         20  0.000e+00
      84973   3540.500      3.553      3.581    11.5888    11.6052  37.873666  37.888872    11.5883    11.6047    33.2980    33.2981    25.3439    25.3410     8.9509     9.1481    272.806    278.816     2.6117     2.5018     0.0879     1.1728     3.1380     0.0000     0.0000 -124.60198   41.94160       1.27         20  0.000e+00
      84974   3540.542      3.553      3.581    11.5902    11.6022  37.875288  37.887251    11.5898    11.6017    33.2983    33.2993    25.3439    25.3424     8.9506     9.1486    272.797    278.833     2.6117     2.5018     0.0879     1.1728     3.1368     0.0000     0.0000 -124.60198   41.94160       1.37         20  0.000e+00
      84975   3540.583      3.553      3.581    11.5914    11.5999  37.876780  37.885760    11.5910    11.5994    33.2987    33.2999    25.3439    25.3433     8.9503     9.1491    272.789    278.846     2.6117     2.5018     0.0879     1.1728     3.1368     0.0000     0.0000 -124.60198   41.94160       1.37         20  0.000e+00
      84976   3540.625      3.553      3.581    11.5929    11.5992  37.878531  37.884982    11.5924    11.5988    33.2991    33.2997    25.3440    25.3433     8.9500     9.1436    272.779    278.680     2.6117     2.5006     0.0879     1.1728     3.1368     0.0000     0.0000 -124.60198   41.94160       1.37         20  0.000e+00
      84977   3540.667      3.500      3.528    11.5949    11.5999  37.880542  37.885565    11.5944    11.5995    33.2993    33.2997    25.3438    25.3432     8.9496     9.1323    272.765    278.333     2.6117     2.4982     0.0879     1.1728     3.1380     0.0000     0.0000 -124.60198   41.94160       1.37         20  0.000e+00
      84978   3540.708      3.553      3.581    11.5966    11.6010  37.883137  37.886797    11.5961    11.6006    33.3003    33.2999    25.3442    25.3431     8.9492     9.1433    272.755    278.668     2.6117     2.5006     0.0879     1.1728     3.1380     0.0000     0.0000 -124.60198   41.94160       1.37         20  0.000e+00
