WCOA/WCOA-6/CTD_Data/RB2102_CTD_049_01.ros
* Sea-Bird SBE 9 Data File:
* FileName = C:\Users\scs.user.rb\CTD\RB2102\Data\RB2102_CTD_049_01.hex
* Software Version Seasave V 7.26.7.107
* Temperature SN = 6202
* Conductivity SN = 4907
* Number of Bytes Per Scan = 41
* Number of Voltage Words = 4
* Number of Scans Averaged by the Deck Unit = 1
* NMEA Latitude = 44 39.16 N
* NMEA Longitude = 124 39.14 W
* NMEA UTC (Time) = Jul 04 2021  03:19:21
* NMEA baud rate = 4800
# nquan = 30
# nvalues = 882                                   
# units = specified
# name 0 = scan: Scan Count
# name 1 = timeS: Time, Elapsed [seconds]
# name 2 = depSM: Depth [salt water, m]
# name 3 = prDM: Pressure, Digiquartz [db]
# name 4 = t090C: Temperature [ITS-90, deg C]
# name 5 = t190C: Temperature, 2 [ITS-90, deg C]
# name 6 = c0mS/cm: Conductivity [mS/cm]
# name 7 = c1mS/cm: Conductivity, 2 [mS/cm]
# name 8 = potemp090C: Potential Temperature [ITS-90, deg C]
# name 9 = potemp190C: Potential Temperature, 2 [ITS-90, deg C]
# name 10 = sal00: Salinity, Practical [PSU]
# name 11 = sal11: Salinity, Practical, 2 [PSU]
# name 12 = sigma-é00: Density [sigma-theta, kg/m^3]
# name 13 = sigma-é11: Density, 2 [sigma-theta, kg/m^3]
# name 14 = sbeox0Mg/L: Oxygen, SBE 43 [mg/l]
# name 15 = sbeox1Mg/L: Oxygen, SBE 43, 2 [mg/l]
# name 16 = sbox0Mm/Kg: Oxygen, SBE 43 [umol/kg]
# name 17 = sbox1Mm/Kg: Oxygen, SBE 43, 2 [umol/kg]
# name 18 = sbeox0V: Oxygen raw, SBE 43 [V]
# name 19 = sbeox1V: Oxygen raw, SBE 43, 2 [V]
# name 20 = v4: Voltage 4
# name 21 = flECO-AFL: Fluorescence, WET Labs ECO-AFL/FL [mg/m^3]
# name 22 = v3: Voltage 3
# name 23 = v6: Voltage 6
# name 24 = v7: Voltage 7
# name 25 = longitude: Longitude [deg]
# name 26 = latitude: Latitude [deg]
# name 27 = altM: Altimeter [m]
# name 28 = nbf: Bottles Fired
# name 29 = flag:  0.000e+00
# interval = seconds: 0.0416667
# start_time = Jul 04 2021 03:19:21 [NMEA time, header]
# bad_flag = -9.990e-29
*END*
[from data line 49]
      23326    971.875    283.432    285.940     6.8876     6.8885  34.417034  34.418388     6.8613     6.8623    34.0160    34.0165    26.6625    26.6628     2.0565     2.1620     62.596     65.810     0.9109     0.9121     0.0415     0.0129     3.3529     0.0000     0.0000 -124.65332   44.65282       9.65          2  0.000e+00
      23327    971.917    283.432    285.940     6.8876     6.8887  34.417534  34.418326     6.8613     6.8625    34.0165    34.0163    26.6629    26.6626     2.0564     2.1685     62.596     66.006     0.9109     0.9133     0.0415     0.0129     3.3529     0.0000     0.0000 -124.65332   44.65282       9.65          2  0.000e+00
      23328    971.958    283.485    285.994     6.8876     6.8885  34.417471  34.418701     6.8613     6.8623    34.0164    34.0169    26.6629    26.6631     2.0565     2.1620     62.596     65.810     0.9109     0.9121     0.0415     0.0129     3.3516     0.0000     0.0000 -124.65332   44.65282       9.65          2  0.000e+00
      23329    972.000    283.432    285.940     6.8879     6.8888  34.417409  34.418451     6.8616     6.8625    34.0161    34.0164    26.6625    26.6627     2.0564     2.1620     62.596     65.809     0.9109     0.9121     0.0415     0.0129     3.3516     0.0000     0.0000 -124.65332   44.65282       9.67          2  0.000e+00
      23330    972.042    283.432    285.940     6.8877     6.8885  34.417846  34.418513     6.8615     6.8623    34.0167    34.0167    26.6631    26.6629     2.0564     2.1620     62.596     65.810     0.9109     0.9121     0.0415     0.0129     3.3529     0.0000     0.0000 -124.65332   44.65282       9.67          2  0.000e+00
      23331    972.083    283.432    285.940     6.8877     6.8887  34.417284  34.418576     6.8615     6.8625    34.0161    34.0165    26.6626    26.6628     2.0564     2.1620     62.596     65.809     0.9109     0.9121     0.0415     0.0129     3.3516     0.0000     0.0000 -124.65332   44.65282       9.67          2  0.000e+00
      23332    972.125    283.385    285.893     6.8879     6.8887  34.417221  34.418638     6.8616     6.8625    34.0159    34.0166    26.6624    26.6629     2.0564     2.1620     62.595     65.809     0.9109     0.9121     0.0415     0.0129     3.3516     0.0000     0.0000 -124.65332   44.65282       9.67          2  0.000e+00
      23333    972.167    283.385    285.893     6.8876     6.8889  34.417346  34.419013     6.8613     6.8626    34.0164    34.0169    26.6628    26.6631     2.0564     2.1685     62.596     66.005     0.9109     0.9133     0.0415     0.0129     3.3529     0.0000     0.0000 -124.65332   44.65282       9.65          2  0.000e+00
      23334    972.208    283.332    285.839     6.8877     6.8888  34.417408  34.418950     6.8615     6.8625    34.0163    34.0170    26.6627    26.6631     2.0564     2.1684     62.595     66.005     0.9109     0.9133     0.0415     0.0129     3.3529     0.0000     0.0000 -124.65332   44.65282       9.67          2  0.000e+00
      23335    972.250    283.385    285.893     6.8879     6.8889  34.417846  34.418700     6.8616     6.8626    34.0166    34.0166    26.6629    26.6628     2.0564     2.1620     62.595     65.809     0.9109     0.9121     0.0415     0.0129     3.3529     0.0000     0.0000 -124.65332   44.65282       9.72          2  0.000e+00
      23336    972.292    283.332    285.839     6.8879     6.8889  34.417283  34.419012     6.8617     6.8626    34.0160    34.0169    26.6625    26.6631     2.0564     2.1684     62.595     66.005     0.9109     0.9133     0.0415     0.0129     3.3516     0.0000     0.0000 -124.65332   44.65282       9.72          2  0.000e+00
      23337    972.333    283.332    285.839     6.8879     6.8887  34.417471  34.418513     6.8617     6.8625    34.0162    34.0165    26.6626    26.6628     2.0564     2.1620     62.595     65.809     0.9109     0.9121     0.0415     0.0129     3.3529     0.0000     0.0000 -124.65332   44.65282       9.74          2  0.000e+00
      23338    972.375    283.286    285.792     6.8879     6.8887  34.417658  34.418263     6.8617     6.8625    34.0164    34.0163    26.6628    26.6626     2.0564     2.1684     62.594     66.005     0.9109     0.9133     0.0415     0.0129     3.3529     0.0000     0.0000 -124.65332   44.65282       9.72          2  0.000e+00
      23339    972.417    283.286    285.792     6.8879     6.8887  34.417721  34.418513     6.8617     6.8625    34.0165    34.0166    26.6629    26.6628     2.0564     2.1684     62.594     66.005     0.9109     0.9133     0.0415     0.0129     3.3504     0.0000     0.0000 -124.65332   44.65282       9.72          2  0.000e+00
      23340    972.458    283.286    285.792     6.8879     6.8886  34.417221  34.418388     6.8616     6.8624    34.0160    34.0165    26.6625    26.6628     2.0564     2.1620     62.595     65.808     0.9109     0.9121     0.0415     0.0129     3.3529     0.0000     0.0000 -124.65332   44.65282       9.74          2  0.000e+00
      23341    972.500    283.239    285.745     6.8879     6.8889  34.417283  34.418513     6.8617     6.8626    34.0160    34.0164    26.6625    26.6627     2.0505     2.1620     62.414     65.808     0.9096     0.9121     0.0415     0.0129     3.3529     0.0000     0.0000 -124.65332   44.65282       9.79          2  0.000e+00
      23342    972.542    283.239    285.745     6.8877     6.8887  34.417158  34.418388     6.8615     6.8625    34.0161    34.0164    26.6626    26.6627     2.0564     2.1620     62.594     65.808     0.9109     0.9121     0.0403    -0.0177     3.3529     0.0000     0.0000 -124.65332   44.65282       9.79          2  0.000e+00
      23343    972.583    283.286    285.792     6.8879     6.8887  34.417221  34.418325     6.8617     6.8625    34.0159    34.0163    26.6624    26.6626     2.0564     2.1620     62.594     65.808     0.9109     0.9121     0.0403    -0.0177     3.3516     0.0000     0.0000 -124.65332   44.65282       9.79          2  0.000e+00
      23344    972.625    283.139    285.645     6.8877     6.8890  34.417345  34.418887     6.8615     6.8628    34.0163    34.0167    26.6628    26.6629     2.0564     2.1619     62.593     65.806     0.9109     0.9121     0.0403    -0.0177     3.3529     0.0000     0.0000 -124.65332   44.65282       9.79          2  0.000e+00
      23345    972.667    283.239    285.745     6.8877     6.8890  34.417408  34.418513     6.8615     6.8627    34.0164    34.0163    26.6628    26.6626     2.0564     2.1620     62.594     65.807     0.9109     0.9121     0.0403    -0.0177     3.3529     0.0000     0.0000 -124.65332   44.65282       9.79          2  0.000e+00
      23346    972.708    283.179    285.685     6.8876     6.8887  34.417408  34.418512     6.8613     6.8625    34.0165    34.0166    26.6629    26.6628     2.0564     2.1684     62.594     66.004     0.9109     0.9133     0.0403    -0.0177     3.3529     0.0000     0.0000 -124.65332   44.65282       9.82          2  0.000e+00
      23347    972.750    283.139    285.645     6.8879     6.8887  34.417408  34.418824     6.8617     6.8625    34.0162    34.0170    26.6626    26.6631     2.0564     2.1619     62.593     65.807     0.9109     0.9121     0.0403    -0.0177     3.3529     0.0000     0.0000 -124.65332   44.65282       9.87          2  0.000e+00
      23348    972.792    283.139    285.645     6.8881     6.8887  34.417283  34.418700     6.8618     6.8625    34.0159    34.0168    26.6624    26.6630     2.0564     2.1619     62.593     65.807     0.9109     0.9121     0.0403    -0.0177     3.3529     0.0000     0.0000 -124.65332   44.65282       9.87          2  0.000e+00
      23349    972.833    283.086    285.591     6.8879     6.8889  34.417345  34.418824     6.8617     6.8626    34.0162    34.0168    26.6626    26.6630     2.0563     2.1619     62.593     65.806     0.9109     0.9121     0.0403    -0.0177     3.3529     0.0000     0.0000 -124.65332   44.65282       9.87          2  0.000e+00
      23350    972.875    283.139    285.645     6.8879     6.8886  34.417595  34.418700     6.8617     6.8624    34.0164    34.0169    26.6628    26.6631     2.0564     2.1619     62.593     65.807     0.9109     0.9121     0.0403    -0.0177     3.3516     0.0000     0.0000 -124.65332   44.65282       9.87          2  0.000e+00
      23351    972.917    283.086    285.591     6.8877     6.8889  34.417720  34.418637     6.8615     6.8626    34.0168    34.0166    26.6631    26.6629     2.0563     2.1684     62.593     66.003     0.9109     0.9133     0.0403    -0.0177     3.3516     0.0000     0.0000 -124.65332   44.65282       9.87          2  0.000e+00
      23352    972.958    283.040    285.544     6.8879     6.8889  34.417720  34.418574     6.8617     6.8626    34.0166    34.0166    26.6630    26.6628     2.0563     2.1619     62.592     65.806     0.9109     0.9121     0.0391    -0.0482     3.3529     0.0000     0.0000 -124.65332   44.65282       9.89          2  0.000e+00
      23353    973.000    283.086    285.591     6.8881     6.8889  34.417595  34.418574     6.8618     6.8626    34.0163    34.0166    26.6627    26.6628     2.0563     2.1619     62.592     65.806     0.9109     0.9121     0.0403    -0.0177     3.3529     0.0000     0.0000 -124.65332   44.65282       9.99          2  0.000e+00
      23354    973.042    283.040    285.544     6.8881     6.8889  34.417407  34.418824     6.8618     6.8626    34.0161    34.0169    26.6625    26.6630     2.0563     2.1619     62.592     65.806     0.9109     0.9121     0.0403    -0.0177     3.3516     0.0000     0.0000 -124.65332   44.65282      10.01          2  0.000e+00
      23355    973.083    282.993    285.497     6.8881     6.8890  34.417407  34.418637     6.8618     6.8627    34.0161    34.0166    26.6626    26.6628     2.0563     2.1619     62.592     65.805     0.9109     0.9121     0.0403    -0.0177     3.3529     0.0000     0.0000 -124.65332   44.65282      10.01          2  0.000e+00
      23356    973.125    282.993    285.497     6.8882     6.8889  34.417595  34.418824     6.8620     6.8626    34.0162    34.0169    26.6626    26.6630     2.0563     2.1683     62.592     66.002     0.9109     0.9133     0.0403    -0.0177     3.3529     0.0000     0.0000 -124.65332   44.65282      10.01          2  0.000e+00
      23357    973.167    282.993    285.497     6.8884     6.8889  34.417720  34.418637     6.8622     6.8626    34.0162    34.0167    26.6625    26.6629     2.0563     2.1684     62.591     66.002     0.9109     0.9133     0.0403    -0.0177     3.3529     0.0000     0.0000 -124.65332   44.65282      10.01          2  0.000e+00
      23358    973.208    282.993    285.497     6.8885     6.8889  34.417720  34.418824     6.8623     6.8626    34.0161    34.0169    26.6624    26.6630     2.0563     2.1683     62.591     66.002     0.9109     0.9133     0.0403    -0.0177     3.3529     0.0000     0.0000 -124.65332   44.65282      10.01          2  0.000e+00
      23359    973.250    282.940    285.444     6.8885     6.8889  34.418094  34.418449     6.8623     6.8626    34.0164    34.0165    26.6627    26.6627     2.0563     2.1683     62.590     66.002     0.9109     0.9133     0.0403    -0.0177     3.3529     0.0000     0.0000 -124.65332   44.65282      10.06          2  0.000e+00
      23360    973.292    282.940    285.444     6.8887     6.8890  34.418032  34.418699     6.8625     6.8627    34.0162    34.0167    26.6626    26.6629     2.0563     2.1683     62.590     66.002     0.9109     0.9133     0.0403    -0.0177     3.3516     0.0000     0.0000 -124.65332   44.65282      10.09          2  0.000e+00
      23361    973.333    282.940    285.444     6.8887     6.8890  34.418219  34.418449     6.8625     6.8628    34.0164    34.0164    26.6627    26.6626     2.0563     2.1683     62.590     66.002     0.9109     0.9133     0.0403    -0.0177     3.3529     0.0000     0.0000 -124.65332   44.65282      10.09          2  0.000e+00
      23362    973.375    282.894    285.397     6.8887     6.8889  34.418094  34.418324     6.8625     6.8627    34.0163    34.0164    26.6626    26.6627     2.0563     2.1683     62.590     66.001     0.9109     0.9133     0.0403    -0.0177     3.3529     0.0000     0.0000 -124.65332   44.65282      10.09          2  0.000e+00
      23363    973.417    282.894    285.397     6.8885     6.8890  34.418032  34.418699     6.8623     6.8628    34.0164    34.0167    26.6627    26.6628     2.0563     2.1683     62.590     66.001     0.9109     0.9133     0.0403    -0.0177     3.3529     0.0000     0.0000 -124.65332   44.65282      10.09          2  0.000e+00
      23364    973.458    282.894    285.397     6.8887     6.8889  34.417907  34.418699     6.8625     6.8627    34.0161    34.0168    26.6625    26.6630     2.0563     2.1683     62.590     66.001     0.9109     0.9133     0.0403    -0.0177     3.3516     0.0000     0.0000 -124.65332   44.65282      10.11          2  0.000e+00
      23365    973.500    282.840    285.343     6.8885     6.8889  34.417969  34.418324     6.8623     6.8627    34.0164    34.0164    26.6627    26.6627     2.0503     2.1618     62.409     65.804     0.9096     0.9121     0.0403    -0.0177     3.3516     0.0000     0.0000 -124.65332   44.65282      10.16          2  0.000e+00
      23366    973.542    282.840    285.343     6.8887     6.8888  34.418031  34.418262     6.8625     6.8626    34.0163    34.0164    26.6626    26.6627     2.0562     2.1619     62.590     65.804     0.9109     0.9121     0.0403    -0.0177     3.3529     0.0000     0.0000 -124.65332   44.65282      10.18          2  0.000e+00
      23367    973.583    282.894    285.397     6.8887     6.8889  34.418032  34.418511     6.8625     6.8627    34.0163    34.0166    26.6626    26.6628     2.0563     2.1683     62.590     66.001     0.9109     0.9133     0.0403    -0.0177     3.3516     0.0000     0.0000 -124.65332   44.65282      10.18          2  0.000e+00
      23368    973.625    282.834    285.336     6.8887     6.8890  34.418219  34.418823     6.8625     6.8628    34.0165    34.0168    26.6628    26.6630     2.0562     2.1618     62.589     65.804     0.9109     0.9121     0.0403    -0.0177     3.3516     0.0000     0.0000 -124.65332   44.65282      10.18          2  0.000e+00
      23369    973.667    282.840    285.343     6.8887     6.8890  34.418094  34.418699     6.8625     6.8628    34.0164    34.0167    26.6626    26.6629     2.0562     2.1618     62.589     65.804     0.9109     0.9121     0.0403    -0.0177     3.3529     0.0000     0.0000 -124.65332   44.65282      10.18          2  0.000e+00
      23370    973.708    282.794    285.296     6.8889     6.8889  34.417656  34.418636     6.8627     6.8627    34.0157    34.0168    26.6621    26.6630     2.0562     2.1683     62.589     66.000     0.9109     0.9133     0.0403    -0.0177     3.3516     0.0000     0.0000 -124.65332   44.65282      10.18          2  0.000e+00
      23371    973.750    282.794    285.296     6.8887     6.8888  34.418156  34.418823     6.8625     6.8626    34.0164    34.0171    26.6627    26.6632     2.0562     2.1683     62.589     66.000     0.9109     0.9133     0.0403    -0.0177     3.3516     0.0000     0.0000 -124.65332   44.65282      10.23          2  0.000e+00
      23372    973.792    282.794    285.296     6.8885     6.8887  34.418344  34.418698     6.8623     6.8625    34.0168    34.0170    26.6630    26.6631     2.0562     2.1618     62.589     65.804     0.9109     0.9121     0.0403    -0.0177     3.3516     0.0000     0.0000 -124.65334   44.65282      10.26          2  0.000e+00
