WCOA/WCOA-6/CTD_Data/RB2102_CTD_033_01.ros
* Sea-Bird SBE 9 Data File:
* FileName = C:\Users\scs.user.rb\CTD\RB2102\Data\RB2102_CTD_033_01.hex
* Software Version Seasave V 7.26.7.107
* Temperature SN = 6202
* Conductivity SN = 4907
* Number of Bytes Per Scan = 41
* Number of Voltage Words = 4
* Number of Scans Averaged by the Deck Unit = 1
* NMEA Latitude = 46 07.71 N
* NMEA Longitude = 124 31.57 W
* NMEA UTC (Time) = Jul 01 2021  05:01:31
* NMEA baud rate = 4800
# nquan = 30
# nvalues = 980                                   
# units = specified
# name 0 = scan: Scan Count
# name 1 = timeS: Time, Elapsed [seconds]
# name 2 = depSM: Depth [salt water, m]
# name 3 = prDM: Pressure, Digiquartz [db]
# name 4 = t090C: Temperature [ITS-90, deg C]
# name 5 = t190C: Temperature, 2 [ITS-90, deg C]
# name 6 = c0mS/cm: Conductivity [mS/cm]
# name 7 = c1mS/cm: Conductivity, 2 [mS/cm]
# name 8 = potemp090C: Potential Temperature [ITS-90, deg C]
# name 9 = potemp190C: Potential Temperature, 2 [ITS-90, deg C]
# name 10 = sal00: Salinity, Practical [PSU]
# name 11 = sal11: Salinity, Practical, 2 [PSU]
# name 12 = sigma-é00: Density [sigma-theta, kg/m^3]
# name 13 = sigma-é11: Density, 2 [sigma-theta, kg/m^3]
# name 14 = sbeox0Mg/L: Oxygen, SBE 43 [mg/l]
# name 15 = sbeox1Mg/L: Oxygen, SBE 43, 2 [mg/l]
# name 16 = sbox0Mm/Kg: Oxygen, SBE 43 [umol/kg]
# name 17 = sbox1Mm/Kg: Oxygen, SBE 43, 2 [umol/kg]
# name 18 = sbeox0V: Oxygen raw, SBE 43 [V]
# name 19 = sbeox1V: Oxygen raw, SBE 43, 2 [V]
# name 20 = v4: Voltage 4
# name 21 = flECO-AFL: Fluorescence, WET Labs ECO-AFL/FL [mg/m^3]
# name 22 = v3: Voltage 3
# name 23 = v6: Voltage 6
# name 24 = v7: Voltage 7
# name 25 = longitude: Longitude [deg]
# name 26 = latitude: Latitude [deg]
# name 27 = altM: Altimeter [m]
# name 28 = nbf: Bottles Fired
# name 29 = flag:  0.000e+00
# interval = seconds: 0.0416667
# start_time = Jul 01 2021 05:01:31 [NMEA time, header]
# bad_flag = -9.990e-29
*END*
[from data line 291]
      28006   1166.875    100.318    101.175     6.9366     6.9360  34.326811  34.326485     6.9274     6.9268    33.9586    33.9588    26.6083    26.6086     1.3364     1.3462     40.679     40.979     0.7692     0.7643     0.0403    -0.0177     3.3333     1.7473     0.0000 -124.52628   46.12848      41.27          6  0.000e+00
      28007   1166.917    100.312    101.168     6.9366     6.9360  34.326624  34.326921     6.9274     6.9268    33.9584    33.9593    26.6082    26.6090     1.3364     1.3462     40.679     40.978     0.7692     0.7643     0.0403    -0.0177     3.3321     1.7473     0.0000 -124.52628   46.12848      41.27          6  0.000e+00
      28008   1166.958    100.318    101.175     6.9364     6.9359  34.326499  34.326859     6.9272     6.9267    33.9584    33.9594    26.6082    26.6090     1.3364     1.3462     40.680     40.979     0.7692     0.7643     0.0403    -0.0177     3.3333     1.7473     0.0000 -124.52628   46.12848      41.27          6  0.000e+00
      32268   1344.458     79.626     80.301     7.5428     7.5459  34.670866  34.672788     7.5352     7.5382    33.7501    33.7492    26.3596    26.3584     2.2929     2.2731     69.813     69.210     0.9792     0.9512     0.0403    -0.0177     3.3309     1.7033     0.0000 -124.52630   46.12846      62.30          7  0.000e+00
      32269   1344.500     79.626     80.301     7.5430     7.5459  34.671116  34.672913     7.5353     7.5382    33.7502    33.7493    26.3596    26.3586     2.2872     2.2731     69.639     69.210     0.9780     0.9512     0.0403    -0.0177     3.3309     1.7033     0.0000 -124.52630   46.12846      62.30          7  0.000e+00
      32270   1344.542     79.626     80.301     7.5442     7.5457  34.671868  34.672788     7.5366     7.5381    33.7498    33.7493    26.3591    26.3586     2.2928     2.2669     69.810     69.021     0.9792     0.9499     0.0403    -0.0177     3.3309     1.7033     0.0000 -124.52630   46.12846      62.27          7  0.000e+00
      32271   1344.583     79.579     80.254     7.5454     7.5452  34.672557  34.672475     7.5377     7.5375    33.7494    33.7495    26.3587    26.3588     2.2927     2.2731     69.808     69.211     0.9792     0.9512     0.0403    -0.0177     3.3321     1.7033     0.0000 -124.52630   46.12846      62.27          7  0.000e+00
      32272   1344.625     79.626     80.301     7.5463     7.5447  34.672933  34.672600     7.5387     7.5371    33.7489    33.7501    26.3581    26.3593     2.2927     2.2731     69.807     69.212     0.9792     0.9512     0.0403    -0.0177     3.3297     1.7033     0.0000 -124.52630   46.12846      62.25          7  0.000e+00
      32273   1344.667     79.626     80.301     7.5470     7.5444  34.672995  34.672725     7.5394     7.5368    33.7483    33.7505    26.3576    26.3597     2.2870     2.2669     69.633     69.023     0.9780     0.9499     0.0403    -0.0177     3.3297     1.7033     0.0000 -124.52630   46.12846      62.27          7  0.000e+00
      32274   1344.708     79.679     80.355     7.5467     7.5436  34.673058  34.672225     7.5391     7.5360    33.7486    33.7508    26.3579    26.3600     2.2870     2.2670     69.634     69.025     0.9780     0.9499     0.0403    -0.0177     3.3309     1.7033     0.0000 -124.52630   46.12846      62.27          7  0.000e+00
      32275   1344.750     79.626     80.301     7.5465     7.5426  34.672745  34.672099     7.5389     7.5349    33.7485    33.7516    26.3578    26.3608     2.2870     2.2670     69.634     69.026     0.9780     0.9499     0.0403    -0.0177     3.3309     1.7033     0.0000 -124.52630   46.12846      62.27          7  0.000e+00
      32276   1344.792     79.679     80.355     7.5462     7.5424  34.672682  34.672287     7.5385     7.5348    33.7487    33.7520    26.3580    26.3611     2.2870     2.2670     69.635     69.026     0.9780     0.9499     0.0403    -0.0177     3.3309     1.7033     0.0000 -124.52630   46.12846      62.22          7  0.000e+00
      32277   1344.833     79.679     80.355     7.5464     7.5424  34.672682  34.672600     7.5387     7.5348    33.7486    33.7523    26.3579    26.3614     2.2870     2.2670     69.635     69.026     0.9780     0.9499     0.0403    -0.0177     3.3309     1.7033     0.0000 -124.52630   46.12846      62.22          7  0.000e+00
      32278   1344.875     79.679     80.355     7.5462     7.5426  34.672494  34.672475     7.5385     7.5349    33.7485    33.7520    26.3579    26.3611     2.2870     2.2670     69.635     69.026     0.9780     0.9499     0.0403    -0.0177     3.3309     1.7045     0.0000 -124.52630   46.12846      62.22          7  0.000e+00
      32279   1344.917     79.665     80.341     7.5463     7.5429  34.672808  34.672851     7.5387     7.5353    33.7487    33.7521    26.3580    26.3611     2.2870     2.2670     69.635     69.025     0.9780     0.9499     0.0403    -0.0177     3.3309     1.7033     0.0000 -124.52630   46.12846      62.22          7  0.000e+00
      32280   1344.958     79.679     80.355     7.5464     7.5434  34.672996  34.672788     7.5387     7.5358    33.7489    33.7516    26.3581    26.3607     2.2870     2.2670     69.635     69.025     0.9780     0.9499     0.0403    -0.0177     3.3309     1.7033     0.0000 -124.52630   46.12846      62.22          7  0.000e+00
      32281   1345.000     79.679     80.355     7.5468     7.5442  34.673434  34.672725     7.5392     7.5366    33.7489    33.7507    26.3581    26.3599     2.2870     2.2670     69.634     69.024     0.9780     0.9499     0.0403    -0.0177     3.3309     1.7033     0.0000 -124.52630   46.12846      62.22          7  0.000e+00
      32282   1345.042     79.679     80.355     7.5470     7.5447  34.673873  34.672976     7.5393     7.5371    33.7492    33.7505    26.3583    26.3596     2.2870     2.2669     69.633     69.023     0.9780     0.9499     0.0415     0.0129     3.3297     1.7033     0.0000 -124.52630   46.12846      62.22          7  0.000e+00
      32283   1345.083     79.725     80.402     7.5470     7.5450  34.673685  34.673039     7.5393     7.5374    33.7490    33.7502    26.3581    26.3594     2.2870     2.2669     69.634     69.023     0.9780     0.9499     0.0415     0.0129     3.3309     1.7033     0.0000 -124.52630   46.12846      62.22          7  0.000e+00
      32284   1345.125     79.679     80.355     7.5464     7.5452  34.673434  34.672788     7.5387     7.5375    33.7494    33.7498    26.3585    26.3590     2.2870     2.2669     69.634     69.023     0.9780     0.9499     0.0415     0.0129     3.3309     1.7033     0.0000 -124.52630   46.12846      62.22          7  0.000e+00
      32285   1345.167     79.725     80.402     7.5455     7.5449  34.672808  34.672475     7.5379     7.5372    33.7495    33.7497    26.3587    26.3590     2.2871     2.2669     69.636     69.023     0.9780     0.9499     0.0415     0.0129     3.3297     1.7033     0.0000 -124.52630   46.12846      62.20          7  0.000e+00
      32286   1345.208     79.725     80.402     7.5440     7.5447  34.672056  34.672412     7.5363     7.5371    33.7502    33.7499    26.3595    26.3591     2.2871     2.2669     69.638     69.024     0.9780     0.9499     0.0415     0.0129     3.3297     1.7021     0.0000 -124.52630   46.12846      62.20          7  0.000e+00
      32287   1345.250     79.679     80.355     7.5433     7.5439  34.672244  34.671724     7.5357     7.5362    33.7511    33.7499    26.3603    26.3593     2.2871     2.2670     69.639     69.025     0.9780     0.9499     0.0415     0.0129     3.3309     1.7033     0.0000 -124.52630   46.12846      62.22          7  0.000e+00
      32288   1345.292     79.725     80.402     7.5436     7.5433  34.671994  34.672162     7.5360     7.5356    33.7505    33.7510    26.3598    26.3602     2.2872     2.2670     69.639     69.026     0.9780     0.9499     0.0415     0.0129     3.3297     1.7033     0.0000 -124.52630   46.12846      62.17          7  0.000e+00
      32289   1345.333     79.725     80.402     7.5438     7.5429  34.672683  34.671912     7.5361     7.5353    33.7511    33.7511    26.3602    26.3603     2.2871     2.2670     69.638     69.026     0.9780     0.9499     0.0415     0.0129     3.3297     1.7033     0.0000 -124.52630   46.12846      62.15          7  0.000e+00
      32290   1345.375     79.725     80.402     7.5448     7.5426  34.672808  34.672225     7.5371     7.5349    33.7502    33.7517    26.3594    26.3609     2.2871     2.2670     69.637     69.026     0.9780     0.9499     0.0415     0.0129     3.3309     1.7033     0.0000 -124.52630   46.12846      62.15          7  0.000e+00
      32291   1345.417     79.725     80.402     7.5456     7.5428  34.673372  34.672601     7.5379     7.5351    33.7501    33.7519    26.3592    26.3610     2.2814     2.2670     69.463     69.026     0.9768     0.9499     0.0415     0.0129     3.3297     1.7033     0.0000 -124.52630   46.12846      62.15          7  0.000e+00
      32292   1345.458     79.725     80.402     7.5462     7.5420  34.673622  34.671975     7.5385     7.5343    33.7497    33.7521    26.3588    26.3612     2.2813     2.2671     69.462     69.027     0.9768     0.9499     0.0415     0.0129     3.3309     1.7033     0.0000 -124.52630   46.12846      62.15          7  0.000e+00
      32293   1345.500     79.772     80.448     7.5459     7.5407  34.673372  34.671787     7.5382     7.5330    33.7498    33.7531    26.3589    26.3623     2.2814     2.2671     69.463     69.029     0.9768     0.9499     0.0415     0.0129     3.3321     1.7021     0.0000 -124.52630   46.12846      62.15          7  0.000e+00
      32294   1345.542     79.725     80.402     7.5460     7.5390  34.674061  34.671787     7.5384     7.5314    33.7503    33.7547    26.3593    26.3638     2.2813     2.2672     69.462     69.031     0.9768     0.9499     0.0415     0.0129     3.3309     1.7033     0.0000 -124.52630   46.12846      62.15          7  0.000e+00
      32295   1345.583     79.725     80.402     7.5465     7.5377  34.674500  34.671599     7.5389     7.5301    33.7504    33.7558    26.3593    26.3648     2.2813     2.2673     69.461     69.033     0.9768     0.9499     0.0415     0.0129     3.3297     1.7033     0.0000 -124.52630   46.12846      62.15          7  0.000e+00
      32296   1345.625     79.772     80.449     7.5467     7.5379  34.674124  34.671725     7.5391     7.5303    33.7497    33.7557    26.3588    26.3647     2.2813     2.2673     69.461     69.033     0.9768     0.9499     0.0415     0.0129     3.3309     1.7033     0.0000 -124.52630   46.12846      62.15          7  0.000e+00
      32297   1345.667     79.772     80.449     7.5460     7.5389  34.673685  34.671787     7.5384     7.5312    33.7499    33.7548    26.3590    26.3639     2.2814     2.2672     69.462     69.032     0.9768     0.9499     0.0415     0.0129     3.3309     1.7033     0.0000 -124.52630   46.12846      62.15          7  0.000e+00
      32298   1345.708     79.725     80.402     7.5452     7.5392  34.673623  34.671787     7.5376     7.5316    33.7507    33.7545    26.3597    26.3636     2.2814     2.2672     69.463     69.031     0.9768     0.9499     0.0415     0.0129     3.3321     1.7033     0.0000 -124.52630   46.12846      62.15          7  0.000e+00
      32299   1345.750     79.825     80.502     7.5446     7.5395  34.673372  34.671599     7.5369     7.5319    33.7510    33.7540    26.3600    26.3631     2.2871     2.2672     69.638     69.032     0.9780     0.9499     0.0415     0.0129     3.3297     1.7033     0.0000 -124.52630   46.12846      62.15          7  0.000e+00
      32300   1345.792     79.725     80.402     7.5442     7.5400  34.673309  34.671912     7.5366     7.5324    33.7513    33.7539    26.3603    26.3629     2.2871     2.2672     69.637     69.030     0.9780     0.9499     0.0415     0.0129     3.3309     1.7033     0.0000 -124.52630   46.12846      62.17          7  0.000e+00
      32301   1345.833     79.772     80.449     7.5444     7.5402  34.673748  34.671662     7.5368     7.5325    33.7516    33.7534    26.3605    26.3626     2.2814     2.2672     69.464     69.030     0.9768     0.9499     0.0415     0.0129     3.3297     1.7033     0.0000 -124.52630   46.12846      62.20          7  0.000e+00
      32302   1345.875     79.772     80.449     7.5450     7.5408  34.673748  34.671724     7.5374     7.5332    33.7510    33.7529    26.3599    26.3621     2.2814     2.2671     69.464     69.029     0.9768     0.9499     0.0415     0.0129     3.3309     1.7033     0.0000 -124.52630   46.12846      62.20          7  0.000e+00
      32303   1345.917     79.772     80.449     7.5456     7.5411  34.673873  34.671975     7.5379     7.5335    33.7506    33.7528    26.3596    26.3620     2.2814     2.2671     69.463     69.029     0.9768     0.9499     0.0415     0.0129     3.3297     1.7033     0.0000 -124.52630   46.12846      62.20          7  0.000e+00
      32304   1345.958     79.772     80.449     7.5465     7.5415  34.674688  34.671849     7.5389     7.5338    33.7505    33.7524    26.3594    26.3616     2.2813     2.2671     69.461     69.028     0.9768     0.9499     0.0415     0.0129     3.3309     1.7033     0.0000 -124.52630   46.12846      62.20          7  0.000e+00
      32305   1346.000     79.772     80.449     7.5479     7.5416  34.674876  34.671787     7.5403     7.5340    33.7494    33.7522    26.3583    26.3614     2.2813     2.2671     69.460     69.028     0.9768     0.9499     0.0415     0.0129     3.3309     1.7033     0.0000 -124.52630   46.12846      62.20          7  0.000e+00
      32306   1346.042     79.772     80.449     7.5483     7.5416  34.674876  34.671787     7.5407     7.5340    33.7490    33.7522    26.3579    26.3614     2.2869     2.2671     69.632     69.028     0.9780     0.9499     0.0415     0.0129     3.3297     1.7033     0.0000 -124.52630   46.12846      62.10          7  0.000e+00
      32307   1346.083     79.825     80.502     7.5488     7.5415  34.675126  34.671599     7.5411     7.5338    33.7488    33.7521    26.3577    26.3613     2.2869     2.2671     69.632     69.029     0.9780     0.9499     0.0415     0.0129     3.3297     1.7021     0.0000 -124.52630   46.12846      62.05          7  0.000e+00
      32308   1346.125     79.772     80.449     7.5496     7.5415  34.675878  34.671724     7.5419     7.5338    33.7489    33.7522    26.3577    26.3615     2.2869     2.2671     69.630     69.029     0.9780     0.9499     0.0415     0.0129     3.3309     1.7033     0.0000 -124.52630   46.12846      62.05          7  0.000e+00
      32309   1346.167     79.772     80.449     7.5494     7.5411  34.675690  34.671787     7.5418     7.5335    33.7488    33.7526    26.3576    26.3618     2.2869     2.2671     69.630     69.029     0.9780     0.9499     0.0415     0.0129     3.3297     1.7033     0.0000 -124.52630   46.12846      62.03          7  0.000e+00
      32310   1346.208     79.825     80.502     7.5496     7.5411  34.675753  34.671787     7.5419     7.5335    33.7487    33.7526    26.3575    26.3618     2.2869     2.2671     69.631     69.029     0.9780     0.9499     0.0415     0.0129     3.3309     1.7033     0.0000 -124.52630   46.12846      62.05          7  0.000e+00
      32311   1346.250     79.772     80.449     7.5494     7.5410  34.675377  34.671787     7.5418     7.5333    33.7485    33.7528    26.3574    26.3619     2.2812     2.2671     69.458     69.029     0.9768     0.9499     0.0415     0.0129     3.3297     1.7033     0.0000 -124.52630   46.12846      62.05          7  0.000e+00
