WCOA/WCOA-6/CTD_Data/RB2102_CTD_077_01.ros
* Sea-Bird SBE 9 Data File:
* FileName = C:\Users\scs.user.rb\CTD\RB2102\Data\RB2102_CTD_077_01.hex
* Software Version Seasave V 7.26.7.107
* Temperature SN = 6202
* Conductivity SN = 4907
* Number of Bytes Per Scan = 41
* Number of Voltage Words = 4
* Number of Scans Averaged by the Deck Unit = 1
* NMEA Latitude = 38 51.17 N
* NMEA Longitude = 123 54.36 W
* NMEA UTC (Time) = Jul 10 2021  02:11:27
* NMEA baud rate = 4800
# nquan = 30
# nvalues = 927                                   
# units = specified
# name 0 = scan: Scan Count
# name 1 = timeS: Time, Elapsed [seconds]
# name 2 = depSM: Depth [salt water, m]
# name 3 = prDM: Pressure, Digiquartz [db]
# name 4 = t090C: Temperature [ITS-90, deg C]
# name 5 = t190C: Temperature, 2 [ITS-90, deg C]
# name 6 = c0mS/cm: Conductivity [mS/cm]
# name 7 = c1mS/cm: Conductivity, 2 [mS/cm]
# name 8 = potemp090C: Potential Temperature [ITS-90, deg C]
# name 9 = potemp190C: Potential Temperature, 2 [ITS-90, deg C]
# name 10 = sal00: Salinity, Practical [PSU]
# name 11 = sal11: Salinity, Practical, 2 [PSU]
# name 12 = sigma-é00: Density [sigma-theta, kg/m^3]
# name 13 = sigma-é11: Density, 2 [sigma-theta, kg/m^3]
# name 14 = sbeox0Mg/L: Oxygen, SBE 43 [mg/l]
# name 15 = sbeox1Mg/L: Oxygen, SBE 43, 2 [mg/l]
# name 16 = sbox0Mm/Kg: Oxygen, SBE 43 [umol/kg]
# name 17 = sbox1Mm/Kg: Oxygen, SBE 43, 2 [umol/kg]
# name 18 = sbeox0V: Oxygen raw, SBE 43 [V]
# name 19 = sbeox1V: Oxygen raw, SBE 43, 2 [V]
# name 20 = v4: Voltage 4
# name 21 = flECO-AFL: Fluorescence, WET Labs ECO-AFL/FL [mg/m^3]
# name 22 = v3: Voltage 3
# name 23 = v6: Voltage 6
# name 24 = v7: Voltage 7
# name 25 = longitude: Longitude [deg]
# name 26 = latitude: Latitude [deg]
# name 27 = altM: Altimeter [m]
# name 28 = nbf: Bottles Fired
# name 29 = flag:  0.000e+00
# interval = seconds: 0.0416667
# start_time = Jul 10 2021 02:11:27 [NMEA time, header]
# bad_flag = -9.990e-29
*END*
[from data line 194]
      21945    914.333    199.333    200.949     8.2263     8.2282  35.636405  35.638730     8.2059     8.2078    34.0650    34.0657    26.5088    26.5090     2.4106     2.5183     73.388     76.666     1.0061     1.0012     0.0403    -0.0177     3.2393     0.0391     0.0000 -123.90660   38.85276      58.46          4  0.000e+00
      21946    914.375    199.333    200.949     8.2266     8.2284  35.636785  35.638920     8.2062     8.2080    34.0652    34.0657    26.5088    26.5090     2.4050     2.5183     73.215     76.665     1.0049     1.0012     0.0403    -0.0177     3.2393     0.0403     0.0000 -123.90660   38.85276      58.44          4  0.000e+00
      26404   1100.125    149.680    150.875     8.4142     8.4152  35.756880  35.758363     8.3987     8.3998    34.0348    34.0353    26.4559    26.4561     2.7327     2.8459     83.198     86.642     1.0818     1.0720     0.0403    -0.0177     3.2393     0.0366     0.0000 -123.90654   38.85278      99.76          5  0.000e+00
      26405   1100.167    149.634    150.828     8.4144     8.4152  35.756689  35.758617     8.3990     8.3998    34.0344    34.0356    26.4555    26.4564     2.7327     2.8397     83.197     86.455     1.0818     1.0708     0.0403    -0.0177     3.2369     0.0415     0.0000 -123.90654   38.85278      99.78          5  0.000e+00
      26406   1100.208    149.673    150.868     8.4141     8.4152  35.757133  35.758236     8.3986     8.3998    34.0351    34.0352    26.4561    26.4560     2.7327     2.8397     83.198     86.456     1.0818     1.0708     0.0403    -0.0177     3.2393     0.0415     0.0000 -123.90654   38.85278      99.78          5  0.000e+00
      26407   1100.250    149.634    150.828     8.4143     8.4154  35.757070  35.758300     8.3989     8.4000    34.0348    34.0351    26.4559    26.4559     2.7327     2.8458     83.197     86.641     1.0818     1.0720     0.0403    -0.0177     3.2369     0.0354     0.0000 -123.90654   38.85278      99.78          5  0.000e+00
      26408   1100.292    149.634    150.828     8.4141     8.4151  35.757006  35.758426     8.3986     8.3996    34.0350    34.0355    26.4561    26.4563     2.7327     2.8459     83.197     86.642     1.0818     1.0720     0.0403    -0.0177     3.2381     0.0354     0.0000 -123.90654   38.85278      98.75          5  0.000e+00
      26409   1100.333    149.620    150.815     8.4141     8.4151  35.757006  35.758426     8.3986     8.3996    34.0350    34.0356    26.4561    26.4563     2.7327     2.8458     83.197     86.642     1.0818     1.0720     0.0403    -0.0177     3.2369     0.0342     0.0000 -123.90654   38.85278      97.26          5  0.000e+00
      26410   1100.375    149.634    150.828     8.4142     8.4151  35.757196  35.758300     8.3987     8.3996    34.0351    34.0354    26.4561    26.4562     2.7327     2.8397     83.197     86.456     1.0818     1.0708     0.0403    -0.0177     3.2393     0.0342     0.0000 -123.90654   38.85278      96.92          5  0.000e+00
      26411   1100.417    149.634    150.828     8.4144     8.4152  35.757323  35.758617     8.3990     8.3998    34.0350    34.0356    26.4560    26.4564     2.7327     2.8458     83.197     86.642     1.0818     1.0720     0.0403    -0.0177     3.2369     0.0391     0.0000 -123.90654   38.85278      97.02          5  0.000e+00
      26412   1100.458    149.574    150.768     8.4143     8.4151  35.757133  35.758490     8.3988     8.3996    34.0350    34.0356    26.4560    26.4564     2.7327     2.8458     83.196     86.641     1.0818     1.0720     0.0403    -0.0177     3.2369     0.0440     0.0000 -123.90654   38.85278      97.07          5  0.000e+00
      26413   1100.500    149.580    150.775     8.4143     8.4152  35.756752  35.757919     8.3988     8.3998    34.0346    34.0349    26.4557    26.4558     2.7327     2.8397     83.197     86.455     1.0818     1.0708     0.0403    -0.0177     3.2369     0.0452     0.0000 -123.90654   38.85278      97.09          5  0.000e+00
      26414   1100.542    149.634    150.828     8.4143     8.4151  35.757133  35.757983     8.3989     8.3996    34.0349    34.0351    26.4559    26.4560     2.7327     2.8459     83.197     86.642     1.0818     1.0720     0.0403    -0.0177     3.2393     0.0427     0.0000 -123.90654   38.85278      98.32          5  0.000e+00
      26415   1100.583    149.574    150.768     8.4144     8.4151  35.757323  35.758300     8.3990     8.3996    34.0351    34.0354    26.4560    26.4562     2.7327     2.8458     83.196     86.641     1.0818     1.0720     0.0403    -0.0177     3.2369     0.0379     0.0000 -123.90654   38.85278      99.24          5  0.000e+00
      26416   1100.625    149.580    150.775     8.4143     8.4149  35.757323  35.758046     8.3988     8.3994    34.0352    34.0354    26.4562    26.4562     2.7327     2.8458     83.196     86.642     1.0818     1.0720     0.0403    -0.0177     3.2393     0.0366     0.0000 -123.90654   38.85278     100.00          5  0.000e+00
      26417   1100.667    149.580    150.775     8.4145     8.4149  35.757323  35.758046     8.3991     8.3994    34.0350    34.0354    26.4560    26.4562     2.7327     2.8458     83.196     86.642     1.0818     1.0720     0.0403    -0.0177     3.2393     0.0379     0.0000 -123.90654   38.85278     100.00          5  0.000e+00
      26418   1100.708    149.521    150.715     8.4143     8.4152  35.756816  35.757602     8.3988     8.3998    34.0347    34.0346    26.4558    26.4556     2.7327     2.8458     83.196     86.641     1.0818     1.0720     0.0403    -0.0177     3.2393     0.0354     0.0000 -123.90654   38.85278      99.78          5  0.000e+00
      26419   1100.750    149.580    150.775     8.4140     8.4151  35.756499  35.758173     8.3985     8.3996    34.0346    34.0353    26.4558    26.4561     2.7327     2.8458     83.197     86.641     1.0818     1.0720     0.0403    -0.0177     3.2369     0.0342     0.0000 -123.90654   38.85278      99.76          5  0.000e+00
      26420   1100.792    149.521    150.715     8.4140     8.4151  35.756372  35.758173     8.3986     8.3996    34.0344    34.0353    26.4556    26.4562     2.7327     2.8397     83.197     86.455     1.0818     1.0708     0.0403    -0.0177     3.2393     0.0342     0.0000 -123.90654   38.85278      99.76          5  0.000e+00
      26421   1100.833    149.534    150.728     8.4140     8.4151  35.756816  35.758299     8.3985     8.3996    34.0350    34.0355    26.4561    26.4563     2.7327     2.8397     83.197     86.455     1.0818     1.0708     0.0403    -0.0177     3.2369     0.0342     0.0000 -123.90654   38.85278      99.78          5  0.000e+00
      26422   1100.875    149.534    150.728     8.4140     8.4149  35.756816  35.758046     8.3985     8.3994    34.0350    34.0354    26.4561    26.4562     2.7327     2.8458     83.197     86.641     1.0818     1.0720     0.0403    -0.0177     3.2381     0.0342     0.0000 -123.90654   38.85278      99.78          5  0.000e+00
      26423   1100.917    149.521    150.715     8.4140     8.4149  35.756435  35.757792     8.3985     8.3994    34.0346    34.0351    26.4558    26.4560     2.7327     2.8458     83.197     86.641     1.0818     1.0720     0.0403    -0.0177     3.2381     0.0366     0.0000 -123.90654   38.85278      99.78          5  0.000e+00
      26424   1100.958    149.534    150.728     8.4140     8.4149  35.756562  35.757792     8.3986     8.3994    34.0346    34.0351    26.4558    26.4560     2.7383     2.8458     83.367     86.641     1.0830     1.0720     0.0403    -0.0177     3.2381     0.0366     0.0000 -123.90654   38.85278      99.78          5  0.000e+00
      26425   1101.000    149.481    150.674     8.4140     8.4149  35.756689  35.758236     8.3985     8.3994    34.0349    34.0356    26.4560    26.4564     2.7327     2.8458     83.196     86.641     1.0818     1.0720     0.0403    -0.0177     3.2381     0.0342     0.0000 -123.90654   38.85278      99.78          5  0.000e+00
      26426   1101.042    149.521    150.715     8.4140     8.4151  35.756499  35.758173     8.3985     8.3996    34.0347    34.0353    26.4558    26.4562     2.7383     2.8458     83.367     86.641     1.0830     1.0720     0.0403    -0.0177     3.2381     0.0342     0.0000 -123.90654   38.85278      99.78          5  0.000e+00
      26427   1101.083    149.481    150.674     8.4142     8.4149  35.756372  35.757856     8.3987     8.3994    34.0343    34.0352    26.4555    26.4561     2.7383     2.8458     83.367     86.641     1.0830     1.0720     0.0403    -0.0177     3.2381     0.0342     0.0000 -123.90654   38.85278      99.78          5  0.000e+00
      26428   1101.125    149.481    150.674     8.4138     8.4149  35.756372  35.757919     8.3983     8.3994    34.0347    34.0353    26.4559    26.4561     2.7383     2.8397     83.367     86.455     1.0830     1.0708     0.0403    -0.0177     3.2381     0.0342     0.0000 -123.90654   38.85278      99.78          5  0.000e+00
      26429   1101.167    149.474    150.668     8.4140     8.4149  35.756625  35.758046     8.3985     8.3994    34.0348    34.0354    26.4559    26.4562     2.7383     2.8397     83.367     86.454     1.0830     1.0708     0.0403    -0.0177     3.2381     0.0342     0.0000 -123.90654   38.85278      99.78          5  0.000e+00
      26430   1101.208    149.481    150.674     8.4139     8.4149  35.756435  35.757856     8.3984     8.3994    34.0347    34.0352    26.4558    26.4561     2.7327     2.8458     83.196     86.641     1.0818     1.0720     0.0403    -0.0177     3.2381     0.0342     0.0000 -123.90654   38.85278      99.78          5  0.000e+00
      26431   1101.250    149.481    150.674     8.4140     8.4149  35.756372  35.757982     8.3985     8.3994    34.0345    34.0353    26.4557    26.4562     2.7383     2.8458     83.367     86.641     1.0830     1.0720     0.0403    -0.0177     3.2381     0.0342     0.0000 -123.90654   38.85278      99.78          5  0.000e+00
      26432   1101.292    149.474    150.668     8.4141     8.4151  35.756815  35.757856     8.3986     8.3996    34.0349    34.0350    26.4560    26.4559     2.7383     2.8458     83.366     86.640     1.0830     1.0720     0.0403    -0.0177     3.2381     0.0342     0.0000 -123.90654   38.85278      99.78          5  0.000e+00
      26433   1101.333    149.434    150.628     8.4140     8.4149  35.757006  35.757792     8.3985     8.3995    34.0352    34.0352    26.4563    26.4560     2.7383     2.8397     83.366     86.454     1.0830     1.0708     0.0403    -0.0177     3.2381     0.0342     0.0000 -123.90654   38.85278      99.78          5  0.000e+00
      26434   1101.375    149.474    150.668     8.4140     8.4149  35.757259  35.758236     8.3986     8.3994    34.0354    34.0356    26.4564    26.4564     2.7383     2.8458     83.366     86.640     1.0830     1.0720     0.0403    -0.0177     3.2381     0.0342     0.0000 -123.90654   38.85278      99.78          5  0.000e+00
      26435   1101.417    149.434    150.628     8.4141     8.4149  35.757323  35.757855     8.3986     8.3995    34.0354    34.0352    26.4564    26.4561     2.7382     2.8397     83.366     86.454     1.0830     1.0708     0.0403    -0.0177     3.2381     0.0342     0.0000 -123.90654   38.85278      99.78          5  0.000e+00
      26436   1101.458    149.481    150.674     8.4143     8.4148  35.756879  35.757729     8.3988     8.3993    34.0348    34.0352    26.4558    26.4561     2.7383     2.8397     83.366     86.455     1.0830     1.0708     0.0403    -0.0177     3.2381     0.0366     0.0000 -123.90654   38.85278      99.78          5  0.000e+00
      26437   1101.500    149.474    150.668     8.4142     8.4148  35.756689  35.757539     8.3987     8.3993    34.0347    34.0350    26.4558    26.4559     2.7383     2.8458     83.366     86.641     1.0830     1.0720     0.0403    -0.0177     3.2381     0.0354     0.0000 -123.90654   38.85278      99.78          5  0.000e+00
      26438   1101.542    149.434    150.628     8.4140     8.4149  35.756688  35.757475     8.3985     8.3995    34.0349    34.0348    26.4560    26.4558     2.7383     2.8397     83.366     86.454     1.0830     1.0708     0.0403    -0.0177     3.2381     0.0354     0.0000 -123.90654   38.85278      99.78          5  0.000e+00
      26439   1101.583    149.434    150.628     8.4141     8.4149  35.756879  35.757919     8.3986     8.3995    34.0350    34.0353    26.4560    26.4562     2.7382     2.8458     83.366     86.640     1.0830     1.0720     0.0403    -0.0177     3.2381     0.0342     0.0000 -123.90654   38.85278      99.78          5  0.000e+00
      26440   1101.625    149.428    150.621     8.4143     8.4149  35.756815  35.758109     8.3989     8.3995    34.0347    34.0355    26.4558    26.4563     2.7382     2.8397     83.366     86.454     1.0830     1.0708     0.0403    -0.0177     3.2381     0.0342     0.0000 -123.90654   38.85278      99.78          5  0.000e+00
      26441   1101.667    149.434    150.628     8.4141     8.4148  35.757132  35.757982     8.3986     8.3993    34.0352    34.0355    26.4562    26.4563     2.7326     2.8458     83.195     86.640     1.0818     1.0720     0.0403    -0.0177     3.2381     0.0330     0.0000 -123.90654   38.85278      99.78          5  0.000e+00
      26442   1101.708    149.481    150.674     8.4143     8.4148  35.756815  35.757792     8.3988     8.3993    34.0347    34.0353    26.4558    26.4562     2.7327     2.8458     83.196     86.641     1.0818     1.0720     0.0403    -0.0177     3.2381     0.0330     0.0000 -123.90654   38.85278      99.78          5  0.000e+00
      26443   1101.750    149.428    150.621     8.4142     8.4148  35.757132  35.757539     8.3987     8.3993    34.0351    34.0350    26.4562    26.4560     2.7382     2.8458     83.366     86.641     1.0830     1.0720     0.0403    -0.0177     3.2381     0.0330     0.0000 -123.90654   38.85278      99.78          5  0.000e+00
      26444   1101.792    149.434    150.628     8.4143     8.4146  35.757132  35.757665     8.3988     8.3992    34.0351    34.0353    26.4561    26.4562     2.7382     2.8458     83.366     86.641     1.0830     1.0720     0.0403    -0.0177     3.2381     0.0330     0.0000 -123.90654   38.85278      99.78          5  0.000e+00
      26445   1101.833    149.434    150.628     8.4143     8.4149  35.757006  35.757539     8.3988     8.3995    34.0349    34.0349    26.4560    26.4558     2.7382     2.8458     83.366     86.640     1.0830     1.0720     0.0403    -0.0177     3.2381     0.0330     0.0000 -123.90654   38.85278      99.78          5  0.000e+00
      26446   1101.875    149.474    150.668     8.4143     8.4148  35.757006  35.757665     8.3988     8.3993    34.0349    34.0351    26.4559    26.4561     2.7383     2.8458     83.366     86.641     1.0830     1.0720     0.0403    -0.0177     3.2381     0.0330     0.0000 -123.90654   38.85278      99.78          5  0.000e+00
      26447   1101.917    149.434    150.628     8.4143     8.4148  35.756815  35.757665     8.3989     8.3993    34.0347    34.0352    26.4558    26.4561     2.7382     2.8458     83.366     86.641     1.0830     1.0720     0.0403    -0.0177     3.2381     0.0342     0.0000 -123.90654   38.85278      99.78          5  0.000e+00
      26448   1101.958    149.474    150.668     8.4144     8.4149  35.757386  35.757475     8.3990     8.3994    34.0352    34.0348    26.4561    26.4558     2.7326     2.8458     83.195     86.641     1.0818     1.0720     0.0403    -0.0177     3.2381     0.0354     0.0000 -123.90654   38.85278      99.78          5  0.000e+00
