WCOA/WCOA-6/CTD_Data/RB2102_CTD_067_01.ros
* Sea-Bird SBE 9 Data File:
* FileName = C:\Users\scs.user.rb\CTD\RB2102\Data\RB2102_CTD_067_01.hex
* Software Version Seasave V 7.26.7.107
* Temperature SN = 6202
* Conductivity SN = 4907
* Number of Bytes Per Scan = 41
* Number of Voltage Words = 4
* Number of Scans Averaged by the Deck Unit = 1
* NMEA Latitude = 41 59.89 N
* NMEA Longitude = 124 17.00 W
* NMEA UTC (Time) = Jul 07 2021  01:36:00
* NMEA baud rate = 4800
# nquan = 30
# nvalues = 441                                   
# units = specified
# name 0 = scan: Scan Count
# name 1 = timeS: Time, Elapsed [seconds]
# name 2 = depSM: Depth [salt water, m]
# name 3 = prDM: Pressure, Digiquartz [db]
# name 4 = t090C: Temperature [ITS-90, deg C]
# name 5 = t190C: Temperature, 2 [ITS-90, deg C]
# name 6 = c0mS/cm: Conductivity [mS/cm]
# name 7 = c1mS/cm: Conductivity, 2 [mS/cm]
# name 8 = potemp090C: Potential Temperature [ITS-90, deg C]
# name 9 = potemp190C: Potential Temperature, 2 [ITS-90, deg C]
# name 10 = sal00: Salinity, Practical [PSU]
# name 11 = sal11: Salinity, Practical, 2 [PSU]
# name 12 = sigma-é00: Density [sigma-theta, kg/m^3]
# name 13 = sigma-é11: Density, 2 [sigma-theta, kg/m^3]
# name 14 = sbeox0Mg/L: Oxygen, SBE 43 [mg/l]
# name 15 = sbeox1Mg/L: Oxygen, SBE 43, 2 [mg/l]
# name 16 = sbox0Mm/Kg: Oxygen, SBE 43 [umol/kg]
# name 17 = sbox1Mm/Kg: Oxygen, SBE 43, 2 [umol/kg]
# name 18 = sbeox0V: Oxygen raw, SBE 43 [V]
# name 19 = sbeox1V: Oxygen raw, SBE 43, 2 [V]
# name 20 = v4: Voltage 4
# name 21 = flECO-AFL: Fluorescence, WET Labs ECO-AFL/FL [mg/m^3]
# name 22 = v3: Voltage 3
# name 23 = v6: Voltage 6
# name 24 = v7: Voltage 7
# name 25 = longitude: Longitude [deg]
# name 26 = latitude: Latitude [deg]
# name 27 = altM: Altimeter [m]
# name 28 = nbf: Bottles Fired
# name 29 = flag:  0.000e+00
# interval = seconds: 0.0416667
# start_time = Jul 07 2021 01:36:00 [NMEA time, header]
# bad_flag = -9.990e-29
*END*
[from data line 97]
      13494    562.208     26.057     26.265    10.1721    10.1446  36.736379  36.712619    10.1691    10.1416    33.4463    33.4476    25.7103    25.7160     7.7194     7.7787    235.188    236.994     2.2589     2.1429     0.5409    12.4976     3.2894     0.0684     0.0366 -124.28340   41.99824       4.44          2  0.000e+00
      16373    682.167     14.979     15.098    12.5386    12.2815  38.820584  38.811881    12.5366    12.2796    33.3617    33.5827    25.2145    25.4353    11.3393    11.5206    345.644    351.093     3.2320     3.0598     0.6313    14.7564     3.2747     0.0672     0.0452 -124.28342   41.99820      15.70          3  0.000e+00
      16374    682.208     15.032     15.151    12.5384    12.2817  38.819209  38.811947    12.5365    12.2797    33.3605    33.5826    25.2136    25.4352    11.3395    11.5151    345.651    350.927     3.2320     3.0586     0.6300    14.7259     3.2759     0.0672     0.0452 -124.28342   41.99820      15.70          3  0.000e+00
      16375    682.250     14.880     14.998    12.5381    12.2819  38.818815  38.812077    12.5362    12.2799    33.3605    33.5826    25.2136    25.4352    11.3394    11.5149    345.646    350.919     3.2320     3.0586     0.6313    14.7564     3.2759     0.0672     0.0452 -124.28342   41.99820      15.70          3  0.000e+00
      16376    682.292     15.025     15.144    12.5381    12.2822  38.819536  38.812471    12.5361    12.2802    33.3611    33.5827    25.2141    25.4352    11.3446    11.5150    345.805    350.923     3.2332     3.0586     0.6300    14.7259     3.2747     0.0672     0.0452 -124.28342   41.99820      15.70          3  0.000e+00
      16377    682.333     15.032     15.151    12.5380    12.2824  38.819995  38.812798    12.5360    12.2804    33.3616    33.5828    25.2146    25.4353    11.3396    11.5149    345.651    350.921     3.2320     3.0586     0.6313    14.7564     3.2747     0.0672     0.0452 -124.28342   41.99820      15.68          3  0.000e+00
      16378    682.375     14.926     15.044    12.5378    12.2827  38.819601  38.813649    12.5358    12.2808    33.3615    33.5834    25.2145    25.4356    11.3395    11.5091    345.648    350.744     3.2320     3.0574     0.6313    14.7564     3.2759     0.0672     0.0452 -124.28342   41.99820      15.70          3  0.000e+00
      16379    682.417     14.979     15.098    12.5378    12.2828  38.818684  38.813584    12.5358    12.2809    33.3606    33.5832    25.2138    25.4354    11.3396    11.5092    345.653    350.746     3.2320     3.0574     0.6313    14.7564     3.2759     0.0672     0.0452 -124.28342   41.99820      15.65          3  0.000e+00
      16380    682.458     14.985     15.104    12.5378    12.2836  38.818488  38.813845    12.5358    12.2816    33.3604    33.5828    25.2137    25.4350    11.3396    11.5091    345.654    350.742     3.2320     3.0574     0.6313    14.7564     3.2759     0.0672     0.0452 -124.28342   41.99820      15.68          3  0.000e+00
      16381    682.500     14.926     15.044    12.5369    12.2836  38.818488  38.813976    12.5350    12.2816    33.3612    33.5829    25.2144    25.4351    11.3397    11.5035    345.655    350.571     3.2320     3.0562     0.6313    14.7564     3.2759     0.0672     0.0452 -124.28342   41.99820      15.65          3  0.000e+00
      16382    682.542     14.979     15.098    12.5365    12.2838  38.817898  38.813387    12.5345    12.2819    33.3610    33.5821    25.2144    25.4344    11.3399    11.5035    345.662    350.574     3.2320     3.0562     0.6313    14.7564     3.2759     0.0672     0.0452 -124.28342   41.99820      15.68          3  0.000e+00
      16383    682.583     14.985     15.104    12.5358    12.2842  38.817243  38.813518    12.5338    12.2822    33.3610    33.5819    25.2145    25.4342    11.3401    11.4980    345.667    350.404     3.2320     3.0549     0.6300    14.7259     3.2759     0.0672     0.0452 -124.28342   41.99820      15.68          3  0.000e+00
      16384    682.625     14.979     15.098    12.5356    12.2844  38.817112  38.812732    12.5336    12.2824    33.3610    33.5810    25.2145    25.4334    11.3401    11.4980    345.668    350.404     3.2320     3.0549     0.6313    14.7564     3.2747     0.0672     0.0452 -124.28342   41.99820      15.65          3  0.000e+00
      16385    682.667     14.932     15.051    12.5350    12.2844  38.816522  38.812798    12.5330    12.2824    33.3611    33.5811    25.2147    25.4335    11.3453    11.4979    345.824    350.402     3.2332     3.0549     0.6313    14.7564     3.2747     0.0672     0.0452 -124.28342   41.99820      15.65          3  0.000e+00
      16386    682.708     14.979     15.098    12.5345    12.2847  38.816130  38.813125    12.5325    12.2828    33.3611    33.5810    25.2148    25.4334    11.3404    11.4924    345.676    350.234     3.2320     3.0537     0.6313    14.7564     3.2747     0.0672     0.0452 -124.28342   41.99820      15.65          3  0.000e+00
      16387    682.750     14.979     15.098    12.5335    12.2852  38.814230  38.812470    12.5315    12.2832    33.3601    33.5800    25.2143    25.4325    11.3407    11.4923    345.686    350.233     3.2320     3.0537     0.6313    14.7564     3.2759     0.0672     0.0452 -124.28342   41.99820      15.65          3  0.000e+00
      16388    682.792     14.932     15.051    12.5330    12.2852  38.813902  38.812143    12.5310    12.2833    33.3603    33.5797    25.2145    25.4323    11.3407    11.4868    345.687    350.063     3.2320     3.0525     0.6300    14.7259     3.2759     0.0672     0.0452 -124.28342   41.99820      15.65          3  0.000e+00
      16389    682.833     14.979     15.098    12.5325    12.2855  38.812461  38.810441    12.5305    12.2836    33.3594    33.5777    25.2139    25.4307    11.3410    11.4869    345.695    350.068     3.2320     3.0525     0.6313    14.7564     3.2747     0.0672     0.0464 -124.28342   41.99820      15.65          3  0.000e+00
      16390    682.875     14.926     15.044    12.5322    12.2858  38.812461  38.810113    12.5302    12.2839    33.3597    33.5772    25.2142    25.4302    11.3410    11.4868    345.694    350.064     3.2320     3.0525     0.6300    14.7259     3.2759     0.0672     0.0452 -124.28342   41.99820      15.65          3  0.000e+00
      16391    682.917     14.932     15.051    12.5316    12.2860  38.814950  38.810899    12.5297    12.2841    33.3625    33.5778    25.2165    25.4306    11.3409    11.4867    345.692    350.062     3.2320     3.0525     0.6227    14.5428     3.2759     0.0672     0.0464 -124.28342   41.99820      15.68          3  0.000e+00
      16392    682.958     14.979     15.097    12.5316    12.2864  38.815737  38.811488    12.5296    12.2844    33.3632    33.5780    25.2170    25.4307    11.3409    11.4867    345.692    350.061     3.2320     3.0525     0.6154    14.3596     3.2747     0.0672     0.0464 -124.28342   41.99820      15.68          3  0.000e+00
      16393    683.000     14.926     15.044    12.5311    12.2867  38.815933  38.811226    12.5292    12.2847    33.3639    33.5775    25.2176    25.4303    11.3409    11.4865    345.692    350.057     3.2320     3.0525     0.6129    14.2986     3.2747     0.0672     0.0464 -124.28342   41.99820      15.68          3  0.000e+00
      16394    683.042     14.886     15.004    12.5301    12.2869  38.815278  38.811749    12.5282    12.2849    33.3642    33.5778    25.2180    25.4305    11.3411    11.4864    345.697    350.053     3.2320     3.0525     0.6142    14.3291     3.2747     0.0672     0.0464 -124.28342   41.99820      15.68          3  0.000e+00
      16395    683.083     14.978     15.097    12.5292    12.2872  38.814492  38.811815    12.5272    12.2852    33.3642    33.5776    25.2183    25.4303    11.3364    11.4865    345.554    350.055     3.2308     3.0525     0.6142    14.3291     3.2747     0.0659     0.0464 -124.28342   41.99820      15.68          3  0.000e+00
      16396    683.125     14.879     14.997    12.5288    12.2872  38.813837  38.809851    12.5268    12.2852    33.3640    33.5757    25.2181    25.4288    11.3364    11.4865    345.553    350.055     3.2308     3.0525     0.6142    14.3291     3.2759     0.0659     0.0464 -124.28342   41.99820      15.68          3  0.000e+00
      16397    683.167     14.932     15.051    12.5286    12.2875  38.813444  38.809654    12.5267    12.2856    33.3637    33.5752    25.2180    25.4283    11.3365    11.4865    345.557    350.056     3.2308     3.0525     0.6142    14.3291     3.2759     0.0659     0.0464 -124.28342   41.99820      15.68          3  0.000e+00
      16398    683.208     14.925     15.044    12.5285    12.2877  38.813116  38.810571    12.5265    12.2857    33.3635    33.5760    25.2179    25.4289    11.3366    11.4864    345.558    350.053     3.2308     3.0525     0.6142    14.3291     3.2747     0.0672     0.0464 -124.28342   41.99820      15.68          3  0.000e+00
      16399    683.250     14.886     15.004    12.5285    12.2882  38.813051  38.811160    12.5265    12.2863    33.3635    33.5761    25.2178    25.4289    11.3365    11.4862    345.557    350.047     3.2308     3.0525     0.6142    14.3291     3.2759     0.0659     0.0464 -124.28342   41.99820      15.68          3  0.000e+00
      16400    683.292     14.879     14.997    12.5285    12.2882  38.813051  38.811422    12.5266    12.2863    33.3634    33.5763    25.2178    25.4291    11.3365    11.4917    345.556    350.214     3.2308     3.0537     0.6142    14.3291     3.2747     0.0659     0.0464 -124.28342   41.99820      15.68          3  0.000e+00
      16401    683.333     14.925     15.044    12.5288    12.2887  38.812723  38.810767    12.5268    12.2868    33.3629    33.5752    25.2173    25.4281    11.3315    11.4917    345.404    350.214     3.2295     3.0537     0.6142    14.3291     3.2747     0.0659     0.0464 -124.28342   41.99820      15.68          3  0.000e+00
      16402    683.375     14.839     14.957    12.5288    12.2885  38.813182  38.809719    12.5268    12.2866    33.3634    33.5744    25.2177    25.4275    11.3313    11.4917    345.399    350.214     3.2295     3.0537     0.6142    14.3291     3.2747     0.0672     0.0464 -124.28342   41.99820      15.68          3  0.000e+00
      16403    683.417     14.879     14.997    12.5290    12.2892  38.813378  38.808999    12.5270    12.2873    33.3634    33.5731    25.2176    25.4264    11.3313    11.4916    345.399    350.214     3.2295     3.0537     0.6142    14.3291     3.2759     0.0672     0.0476 -124.28342   41.99820      15.73          3  0.000e+00
      16404    683.458     14.879     14.997    12.5288    12.2892  38.812789  38.808737    12.5268    12.2873    33.3630    33.5728    25.2174    25.4262    11.3314    11.4972    345.401    350.382     3.2295     3.0549     0.6129    14.2986     3.2759     0.0672     0.0476 -124.28342   41.99820      15.73          3  0.000e+00
      16405    683.500     14.886     15.004    12.5292    12.2895  38.812134  38.809589    12.5272    12.2876    33.3620    33.5734    25.2166    25.4265    11.3314    11.4970    345.401    350.379     3.2295     3.0549     0.6142    14.3291     3.2759     0.0659     0.0476 -124.28342   41.99820      15.73          3  0.000e+00
      16406    683.542     14.879     14.997    12.5295    12.2897  38.812199  38.810047    12.5275    12.2878    33.3618    33.5737    25.2163    25.4267    11.3313    11.4970    345.399    350.376     3.2295     3.0549     0.6142    14.3291     3.2747     0.0672     0.0476 -124.28342   41.99820      15.73          3  0.000e+00
      16407    683.583     14.826     14.944    12.5293    12.2899  38.811806  38.809719    12.5274    12.2879    33.3616    33.5732    25.2162    25.4263    11.3313    11.4969    345.399    350.374     3.2295     3.0549     0.6142    14.3291     3.2759     0.0672     0.0476 -124.28342   41.99820      15.73          3  0.000e+00
      16408    683.625     14.839     14.957    12.5293    12.2904  38.809316  38.809588    12.5274    12.2884    33.3592    33.5726    25.2143    25.4258    11.3315    11.4968    345.405    350.372     3.2295     3.0549     0.6142    14.3291     3.2759     0.0659     0.0476 -124.28342   41.99820      15.75          3  0.000e+00
      16409    683.667     14.879     14.997    12.5290    12.2907  38.809579  38.809457    12.5270    12.2887    33.3597    33.5722    25.2148    25.4254    11.3316    11.5023    345.408    350.540     3.2295     3.0562     0.6142    14.3291     3.2759     0.0659     0.0476 -124.28342   41.99820      15.75          3  0.000e+00
      16410    683.708     14.779     14.897    12.5292    12.2905  38.809971  38.810046    12.5272    12.2886    33.3600    33.5729    25.2150    25.4260    11.3314    11.5077    345.402    350.702     3.2295     3.0574     0.6142    14.3291     3.2747     0.0672     0.0476 -124.28342   41.99820      15.75          3  0.000e+00
      16411    683.750     14.839     14.957    12.5288    12.2910  38.809185  38.810374    12.5268    12.2891    33.3595    33.5728    25.2147    25.4258    11.3316    11.5076    345.408    350.701     3.2295     3.0574     0.6142    14.3291     3.2759     0.0659     0.0476 -124.28342   41.99820      15.75          3  0.000e+00
      16412    683.792     14.779     14.897    12.5286    12.2912  38.808399  38.810505    12.5267    12.2893    33.3590    33.5728    25.2143    25.4258    11.3316    11.5075    345.408    350.697     3.2295     3.0574     0.6142    14.3291     3.2747     0.0672     0.0476 -124.28342   41.99820      15.75          3  0.000e+00
      16413    683.833     14.839     14.957    12.5290    12.2915  38.806958  38.810177    12.5270    12.2896    33.3572    33.5722    25.2129    25.4252    11.3317    11.5130    345.412    350.867     3.2295     3.0586     0.6142    14.3291     3.2747     0.0659     0.0476 -124.28342   41.99820      15.75          3  0.000e+00
      16414    683.875     14.826     14.944    12.5287    12.2917  38.804993  38.809130    12.5268    12.2898    33.3556    33.5710    25.2117    25.4243    11.3319    11.5131    345.418    350.868     3.2295     3.0586     0.6142    14.3291     3.2747     0.0672     0.0488 -124.28342   41.99820      15.75          3  0.000e+00
      16415    683.917     14.779     14.897    12.5286    12.2918  38.803486  38.809064    12.5267    12.2899    33.3542    33.5708    25.2106    25.4241    11.3319    11.5130    345.420    350.865     3.2295     3.0586     0.6142    14.3291     3.2759     0.0672     0.0488 -124.28342   41.99820      15.75          3  0.000e+00
      16416    683.958     14.786     14.903    12.5281    12.2921  38.804927  38.809915    12.5262    12.2901    33.3561    33.5714    25.2121    25.4246    11.3319    11.5184    345.419    351.030     3.2295     3.0598     0.6142    14.3291     3.2747     0.0672     0.0488 -124.28342   41.99820      15.75          3  0.000e+00
      16417    684.000     14.779     14.897    12.5270    12.2924  38.805779  38.810112    12.5251    12.2905    33.3579    33.5714    25.2138    25.4244    11.3321    11.5183    345.423    351.027     3.2295     3.0598     0.5824    13.5354     3.2747     0.0659     0.0488 -124.28342   41.99820      15.75          3  0.000e+00
      16418    684.042     14.733     14.850    12.5262    12.2925  38.806892  38.809915    12.5242    12.2906    33.3597    33.5711    25.2154    25.4242    11.3321    11.5182    345.422    351.025     3.2295     3.0598     0.5311    12.2534     3.2759     0.0672     0.0488 -124.28342   41.99820      15.75          3  0.000e+00
      16419    684.083     14.786     14.903    12.5255    12.2927  38.808006  38.809915    12.5236    12.2908    33.3613    33.5708    25.2167    25.4240    11.3322    11.5238    345.426    351.194     3.2295     3.0611     0.5177    11.9176     3.2747     0.0672     0.0488 -124.28342   41.99820      15.75          3  0.000e+00
