WCOA/WCOA-6/CTD_Data/RB2102_CTD_075_01.ros
* Sea-Bird SBE 9 Data File:
* FileName = C:\Users\scs.user.rb\CTD\RB2102\Data\RB2102_CTD_075_01.hex
* Software Version Seasave V 7.26.7.107
* Temperature SN = 6202
* Conductivity SN = 4907
* Number of Bytes Per Scan = 41
* Number of Voltage Words = 4
* Number of Scans Averaged by the Deck Unit = 1
* NMEA Latitude = 40 12.19 N
* NMEA Longitude = 124 29.26 W
* NMEA UTC (Time) = Jul 09 2021  14:04:43
* NMEA baud rate = 4800
# nquan = 30
# nvalues = 863                                   
# units = specified
# name 0 = scan: Scan Count
# name 1 = timeS: Time, Elapsed [seconds]
# name 2 = depSM: Depth [salt water, m]
# name 3 = prDM: Pressure, Digiquartz [db]
# name 4 = t090C: Temperature [ITS-90, deg C]
# name 5 = t190C: Temperature, 2 [ITS-90, deg C]
# name 6 = c0mS/cm: Conductivity [mS/cm]
# name 7 = c1mS/cm: Conductivity, 2 [mS/cm]
# name 8 = potemp090C: Potential Temperature [ITS-90, deg C]
# name 9 = potemp190C: Potential Temperature, 2 [ITS-90, deg C]
# name 10 = sal00: Salinity, Practical [PSU]
# name 11 = sal11: Salinity, Practical, 2 [PSU]
# name 12 = sigma-é00: Density [sigma-theta, kg/m^3]
# name 13 = sigma-é11: Density, 2 [sigma-theta, kg/m^3]
# name 14 = sbeox0Mg/L: Oxygen, SBE 43 [mg/l]
# name 15 = sbeox1Mg/L: Oxygen, SBE 43, 2 [mg/l]
# name 16 = sbox0Mm/Kg: Oxygen, SBE 43 [umol/kg]
# name 17 = sbox1Mm/Kg: Oxygen, SBE 43, 2 [umol/kg]
# name 18 = sbeox0V: Oxygen raw, SBE 43 [V]
# name 19 = sbeox1V: Oxygen raw, SBE 43, 2 [V]
# name 20 = v4: Voltage 4
# name 21 = flECO-AFL: Fluorescence, WET Labs ECO-AFL/FL [mg/m^3]
# name 22 = v3: Voltage 3
# name 23 = v6: Voltage 6
# name 24 = v7: Voltage 7
# name 25 = longitude: Longitude [deg]
# name 26 = latitude: Latitude [deg]
# name 27 = altM: Altimeter [m]
# name 28 = nbf: Bottles Fired
# name 29 = flag:  0.000e+00
# interval = seconds: 0.0416667
# start_time = Jul 09 2021 14:04:43 [NMEA time, header]
# bad_flag = -9.990e-29
*END*
[from data line 726]
      86609   3608.667      5.432      5.474     9.1093     9.1094  36.254211  36.255232     9.1087     9.1088    33.9580    33.9590    26.2848    26.2856     4.6125     4.7910    140.452    145.886     1.5263     1.4945     0.0488     0.1960     3.2088     0.0195     0.0171 -124.49574   40.20190      99.51         16  0.000e+00
      86610   3608.708      5.478      5.521     9.1095     9.1095  36.254466  36.255168     9.1089     9.1090    33.9580    33.9587    26.2849    26.2854     4.6071     4.7910    140.288    145.887     1.5250     1.4945     0.0488     0.1960     3.2088     0.0195     0.0171 -124.49574   40.20190      99.51         16  0.000e+00
      86611   3608.750      5.478      5.521     9.1095     9.1096  36.254211  36.254913     9.1089     9.1090    33.9578    33.9584    26.2847    26.2852     4.6071     4.7910    140.288    145.887     1.5250     1.4945     0.0488     0.1960     3.2088     0.0195     0.0171 -124.49574   40.20190      99.51         16  0.000e+00
      86612   3608.792      5.445      5.487     9.1095     9.1095  36.253955  36.254849     9.1089     9.1090    33.9576    33.9584    26.2845    26.2852     4.6071     4.7910    140.288    145.886     1.5250     1.4945     0.0488     0.1960     3.2088     0.0195     0.0171 -124.49574   40.20190      99.51         16  0.000e+00
      86613   3608.833      5.432      5.474     9.1093     9.1094  36.254274  36.254977     9.1087     9.1088    33.9580    33.9587    26.2849    26.2854     4.6125     4.7910    140.452    145.886     1.5263     1.4945     0.0488     0.1960     3.2100     0.0195     0.0171 -124.49574   40.20190      99.51         16  0.000e+00
      86614   3608.875      5.432      5.474     9.1096     9.1096  36.254402  36.255104     9.1091     9.1090    33.9579    33.9586    26.2847    26.2853     4.6125     4.7910    140.451    145.886     1.5263     1.4945     0.0488     0.1960     3.2088     0.0195     0.0171 -124.49574   40.20190      99.51         16  0.000e+00
      86615   3608.917      5.432      5.474     9.1095     9.1095  36.254529  36.255359     9.1089     9.1090    33.9582    33.9590    26.2850    26.2856     4.6125     4.7910    140.452    145.885     1.5263     1.4945     0.0501     0.2265     3.2100     0.0195     0.0159 -124.49574   40.20190      99.51         16  0.000e+00
      86616   3608.958      5.432      5.474     9.1093     9.1097  36.254211  36.255487     9.1087     9.1091    33.9580    33.9589    26.2848    26.2855     4.6125     4.7910    140.452    145.885     1.5263     1.4945     0.0501     0.2265     3.2100     0.0195     0.0159 -124.49574   40.20190      99.51         16  0.000e+00
      86617   3609.000      5.379      5.421     9.1096     9.1096  36.254210  36.255232     9.1091     9.1090    33.9577    33.9588    26.2846    26.2854     4.6125     4.7909    140.451    145.884     1.5263     1.4945     0.0513     0.2571     3.2088     0.0195     0.0159 -124.49574   40.20190      99.51         16  0.000e+00
      86618   3609.042      5.432      5.474     9.1095     9.1095  36.254083  36.254913     9.1089     9.1090    33.9577    33.9585    26.2846    26.2852     4.6071     4.7910    140.287    145.886     1.5250     1.4945     0.0501     0.2265     3.2112     0.0183     0.0159 -124.49574   40.20190      99.51         16  0.000e+00
      86619   3609.083      5.379      5.421     9.1095     9.1096  36.254210  36.254849     9.1089     9.1090    33.9579    33.9584    26.2847    26.2851     4.6125     4.7910    140.451    145.885     1.5263     1.4945     0.0501     0.2265     3.2112     0.0183     0.0159 -124.49574   40.20190      99.51         16  0.000e+00
      86620   3609.125      5.379      5.421     9.1095     9.1097  36.254083  36.254849     9.1089     9.1092    33.9577    33.9583    26.2846    26.2850     4.6125     4.7968    140.451    146.064     1.5263     1.4957     0.0513     0.2571     3.2088     0.0183     0.0159 -124.49574   40.20190      99.51         16  0.000e+00
      86621   3609.167      5.379      5.421     9.1095     9.1097  36.254210  36.255040     9.1089     9.1092    33.9578    33.9585    26.2847    26.2852     4.6071     4.7909    140.286    145.884     1.5250     1.4945     0.0501     0.2265     3.2100     0.0183     0.0159 -124.49574   40.20190      99.51         16  0.000e+00
      86622   3609.208      5.379      5.421     9.1095     9.1096  36.254083  36.255359     9.1089     9.1090    33.9577    33.9589    26.2846    26.2856     4.6125     4.7909    140.451    145.884     1.5263     1.4945     0.0513     0.2571     3.2088     0.0195     0.0159 -124.49574   40.20190      99.51         16  0.000e+00
      86623   3609.250      5.346      5.387     9.1095     9.1097  36.254529  36.255231     9.1089     9.1092    33.9582    33.9587    26.2850    26.2853     4.6125     4.7909    140.450    145.883     1.5263     1.4945     0.0513     0.2571     3.2088     0.0183     0.0159 -124.49574   40.20190      99.51         16  0.000e+00
      86624   3609.292      5.379      5.421     9.1093     9.1097  36.254147  36.254913     9.1087     9.1092    33.9579    33.9583    26.2848    26.2851     4.6071     4.7909    140.286    145.884     1.5250     1.4945     0.0501     0.2265     3.2100     0.0183     0.0159 -124.49574   40.20190      99.51         16  0.000e+00
      86625   3609.333      5.333      5.374     9.1096     9.1096  36.254274  36.255295     9.1091     9.1090    33.9578    33.9589    26.2846    26.2855     4.6125     4.7968    140.450    146.063     1.5263     1.4957     0.0501     0.2265     3.2112     0.0183     0.0147 -124.49574   40.20190      99.51         16  0.000e+00
      86626   3609.375      5.333      5.374     9.1095     9.1097  36.254274  36.254976     9.1089     9.1092    33.9579    33.9584    26.2848    26.2851     4.6125     4.7968    140.450    146.063     1.5263     1.4957     0.0501     0.2265     3.2100     0.0183     0.0159 -124.49574   40.20190      99.51         16  0.000e+00
      86627   3609.417      5.333      5.374     9.1093     9.1097  36.254083  36.254594     9.1087     9.1092    33.9579    33.9580    26.2848    26.2848     4.6125     4.7968    140.451    146.064     1.5263     1.4957     0.0501     0.2265     3.2088     0.0183     0.0159 -124.49574   40.20190      99.51         16  0.000e+00
      86628   3609.458      5.333      5.374     9.1096     9.1095  36.254465  36.254722     9.1091     9.1090    33.9580    33.9583    26.2848    26.2851     4.6125     4.7968    140.450    146.064     1.5263     1.4957     0.0513     0.2571     3.2088     0.0183     0.0147 -124.49574   40.20190      99.51         16  0.000e+00
      86629   3609.500      5.286      5.327     9.1095     9.1097  36.254401  36.254849     9.1089     9.1092    33.9581    33.9583    26.2849    26.2850     4.6124     4.7968    140.449    146.063     1.5263     1.4957     0.0501     0.2265     3.2100     0.0183     0.0147 -124.49574   40.20190      99.51         16  0.000e+00
      86630   3609.542      5.333      5.374     9.1095     9.1099  36.254529  36.254976     9.1089     9.1093    33.9582    33.9582    26.2850    26.2850     4.6125     4.7909    140.450    145.883     1.5263     1.4945     0.0501     0.2265     3.2100     0.0183     0.0159 -124.49574   40.20190      99.51         16  0.000e+00
      86631   3609.583      5.286      5.327     9.1096     9.1095  36.254210  36.254658     9.1091     9.1090    33.9577    33.9583    26.2846    26.2851     4.6124     4.7968    140.449    146.063     1.5263     1.4957     0.0513     0.2571     3.2100     0.0183     0.0147 -124.49574   40.20190      99.51         16  0.000e+00
      86632   3609.625      5.286      5.327     9.1096     9.1099  36.254274  36.254976     9.1091     9.1094    33.9578    33.9583    26.2847    26.2850     4.6178     4.7909    140.614    145.882     1.5275     1.4945     0.0501     0.2265     3.2088     0.0183     0.0147 -124.49574   40.20190      99.51         16  0.000e+00
      86633   3609.667      5.286      5.327     9.1096     9.1099  36.254529  36.255613     9.1091     9.1094    33.9581    33.9589    26.2849    26.2855     4.6124     4.7967    140.449    146.061     1.5263     1.4957     0.0501     0.2265     3.2100     0.0183     0.0147 -124.49574   40.20190      99.51         16  0.000e+00
      86634   3609.708      5.233      5.274     9.1095     9.1097  36.254210  36.255295     9.1089     9.1092    33.9579    33.9588    26.2848    26.2854     4.6124     4.7967    140.448    146.061     1.5263     1.4957     0.0513     0.2571     3.2100     0.0183     0.0147 -124.49574   40.20190      99.51         16  0.000e+00
      86635   3609.750      5.253      5.294     9.1095     9.1101  36.254210  36.255613     9.1089     9.1095    33.9579    33.9588    26.2847    26.2854     4.6178     4.7967    140.614    146.060     1.5275     1.4957     0.0501     0.2265     3.2088     0.0183     0.0147 -124.49574   40.20190      99.51         16  0.000e+00
      86636   3609.792      5.233      5.274     9.1093     9.1097  36.254337  36.255040     9.1087     9.1092    33.9582    33.9585    26.2850    26.2852     4.6124     4.7967    140.449    146.061     1.5263     1.4957     0.0501     0.2265     3.2088     0.0171     0.0147 -124.49574   40.20190      99.51         16  0.000e+00
      86637   3609.833      5.233      5.274     9.1095     9.1099  36.254018  36.254849     9.1089     9.1094    33.9577    33.9582    26.2846    26.2849     4.6124     4.7967    140.448    146.061     1.5263     1.4957     0.0501     0.2265     3.2100     0.0171     0.0147 -124.49574   40.20190      99.51         16  0.000e+00
      86638   3609.875      5.286      5.327     9.1095     9.1097  36.254274  36.255040     9.1089     9.1092    33.9580    33.9585    26.2848    26.2852     4.6124     4.7909    140.449    145.883     1.5263     1.4945     0.0513     0.2571     3.2088     0.0183     0.0147 -124.49574   40.20190      99.51         16  0.000e+00
      86639   3609.917      5.187      5.227     9.1095     9.1097  36.254528  36.255040     9.1089     9.1092    33.9582    33.9586    26.2850    26.2852     4.6124     4.7967    140.447    146.060     1.5263     1.4957     0.0501     0.2265     3.2100     0.0171     0.0147 -124.49574   40.20190      99.51         16  0.000e+00
      86640   3609.958      5.233      5.274     9.1093     9.1096  36.254656  36.254849     9.1087     9.1090    33.9585    33.9585    26.2853    26.2852     4.6124     4.7909    140.448    145.882     1.5263     1.4945     0.0501     0.2265     3.2100     0.0171     0.0134 -124.49574   40.20190      99.51         16  0.000e+00
      86641   3610.000      5.187      5.227     9.1095     9.1097  36.253955  36.255040     9.1089     9.1092    33.9576    33.9586    26.2846    26.2852     4.6124     4.7908    140.448    145.881     1.5263     1.4945     0.0501     0.2265     3.2100     0.0171     0.0134 -124.49574   40.20190      99.51         16  0.000e+00
      86642   3610.042      5.187      5.227     9.1096     9.1095  36.254146  36.255358     9.1090     9.1090    33.9578    33.9591    26.2846    26.2857     4.6124     4.7967    140.447    146.061     1.5263     1.4957     0.0488     0.1960     3.2100     0.0171     0.0147 -124.49574   40.20190      99.51         16  0.000e+00
      86643   3610.083      5.187      5.227     9.1095     9.1097  36.253891  36.255231     9.1089     9.1092    33.9576    33.9588    26.2845    26.2854     4.6178     4.7967    140.613    146.060     1.5275     1.4957     0.0488     0.1960     3.2100     0.0171     0.0134 -124.49574   40.20190      99.51         16  0.000e+00
      86644   3610.125      5.187      5.227     9.1095     9.1097  36.254337  36.254912     9.1089     9.1092    33.9580    33.9584    26.2849    26.2851     4.6178     4.7967    140.612    146.061     1.5275     1.4957     0.0488     0.1960     3.2100     0.0171     0.0147 -124.49574   40.20190      99.51         16  0.000e+00
      86645   3610.167      5.141      5.181     9.1093     9.1097  36.254209  36.254848     9.1087     9.1092    33.9582    33.9584    26.2850    26.2851     4.6124     4.7908    140.447    145.880     1.5263     1.4945     0.0488     0.1960     3.2100     0.0171     0.0147 -124.49574   40.20190      99.51         16  0.000e+00
      86646   3610.208      5.187      5.227     9.1095     9.1096  36.253955  36.254849     9.1089     9.1090    33.9576    33.9585    26.2846    26.2852     4.6178     4.7908    140.613    145.881     1.5275     1.4945     0.0488     0.1960     3.2100     0.0183     0.0147 -124.49574   40.20190      99.51         16  0.000e+00
      86647   3610.250      5.154      5.194     9.1093     9.1099  36.254528  36.255040     9.1088     9.1093    33.9584    33.9584    26.2852    26.2851     4.6124     4.7967    140.447    146.059     1.5263     1.4957     0.0488     0.1960     3.2088     0.0171     0.0147 -124.49574   40.20190      99.51         16  0.000e+00
      86655   3610.583      5.141      5.181     9.1093     9.1099  36.254146  36.254912     9.1088     9.1093    33.9580    33.9583    26.2849    26.2850     4.6124     4.7967    140.447    146.059     1.5263     1.4957     0.0488     0.1960     3.2100     0.0183     0.0147 -124.49574   40.20190      99.51         17  0.000e+00
      86656   3610.625      5.088      5.127     9.1095     9.1096  36.254337  36.254976     9.1090     9.1090    33.9581    33.9587    26.2849    26.2853     4.6177     4.7967    140.610    146.059     1.5275     1.4957     0.0501     0.2265     3.2100     0.0183     0.0147 -124.49574   40.20190      99.51         17  0.000e+00
      86657   3610.667      5.141      5.181     9.1091     9.1099  36.254273  36.255103     9.1086     9.1094    33.9584    33.9585    26.2852    26.2851     4.6178     4.7967    140.612    146.059     1.5275     1.4957     0.0488     0.1960     3.2100     0.0183     0.0147 -124.49574   40.20190      99.51         17  0.000e+00
      86658   3610.708      5.088      5.127     9.1093     9.1099  36.253890  36.255167     9.1088     9.1093    33.9578    33.9586    26.2847    26.2852     4.6178     4.7907    140.611    145.878     1.5275     1.4945     0.0488     0.1960     3.2100     0.0183     0.0147 -124.49574   40.20190      99.51         17  0.000e+00
      86659   3610.750      5.088      5.127     9.1092     9.1096  36.253954  36.255167     9.1086     9.1090    33.9580    33.9589    26.2849    26.2855     4.6178     4.7908    140.612    145.879     1.5275     1.4945     0.0488     0.1960     3.2100     0.0183     0.0147 -124.49574   40.20190      99.51         17  0.000e+00
      86660   3610.792      5.108      5.147     9.1093     9.1097  36.253954  36.255167     9.1087     9.1092    33.9579    33.9587    26.2848    26.2854     4.6178     4.7908    140.612    145.879     1.5275     1.4945     0.0488     0.1960     3.2100     0.0183     0.0147 -124.49574   40.20190      99.51         17  0.000e+00
      86661   3610.833      5.141      5.181     9.1093     9.1095  36.253763  36.255358     9.1088     9.1090    33.9576    33.9591    26.2846    26.2857     4.6178     4.7967    140.612    146.060     1.5275     1.4957     0.0488     0.1960     3.2100     0.0183     0.0147 -124.49574   40.20190      99.51         17  0.000e+00
      86662   3610.875      5.088      5.127     9.1093     9.1099  36.254146  36.254976     9.1088     9.1094    33.9581    33.9584    26.2849    26.2850     4.6178     4.7907    140.611    145.878     1.5275     1.4945     0.0488     0.1960     3.2100     0.0183     0.0147 -124.49574   40.20190      99.51         17  0.000e+00
