WCOA/WCOA-6/CTD_Data/RB2102_CTD_023_01.ros
* Sea-Bird SBE 9 Data File:
* FileName = C:\Users\scs.user.rb\CTD\RB2102\Data\RB2102_CTD_023_01.hex
* Software Version Seasave V 7.26.7.107
* Temperature SN = 6202
* Conductivity SN = 4907
* Number of Bytes Per Scan = 41
* Number of Voltage Words = 4
* Number of Scans Averaged by the Deck Unit = 1
* NMEA Latitude = 47 56.73 N
* NMEA Longitude = 124 44.79 W
* NMEA UTC (Time) = Jun 29 2021  11:35:40
* NMEA baud rate = 4800
# nquan = 30
# nvalues = 588                                   
# units = specified
# name 0 = scan: Scan Count
# name 1 = timeS: Time, Elapsed [seconds]
# name 2 = depSM: Depth [salt water, m]
# name 3 = prDM: Pressure, Digiquartz [db]
# name 4 = t090C: Temperature [ITS-90, deg C]
# name 5 = t190C: Temperature, 2 [ITS-90, deg C]
# name 6 = c0mS/cm: Conductivity [mS/cm]
# name 7 = c1mS/cm: Conductivity, 2 [mS/cm]
# name 8 = potemp090C: Potential Temperature [ITS-90, deg C]
# name 9 = potemp190C: Potential Temperature, 2 [ITS-90, deg C]
# name 10 = sal00: Salinity, Practical [PSU]
# name 11 = sal11: Salinity, Practical, 2 [PSU]
# name 12 = sigma-é00: Density [sigma-theta, kg/m^3]
# name 13 = sigma-é11: Density, 2 [sigma-theta, kg/m^3]
# name 14 = sbeox0Mg/L: Oxygen, SBE 43 [mg/l]
# name 15 = sbeox1Mg/L: Oxygen, SBE 43, 2 [mg/l]
# name 16 = sbox0Mm/Kg: Oxygen, SBE 43 [umol/kg]
# name 17 = sbox1Mm/Kg: Oxygen, SBE 43, 2 [umol/kg]
# name 18 = sbeox0V: Oxygen raw, SBE 43 [V]
# name 19 = sbeox1V: Oxygen raw, SBE 43, 2 [V]
# name 20 = v4: Voltage 4
# name 21 = flECO-AFL: Fluorescence, WET Labs ECO-AFL/FL [mg/m^3]
# name 22 = v3: Voltage 3
# name 23 = v6: Voltage 6
# name 24 = v7: Voltage 7
# name 25 = longitude: Longitude [deg]
# name 26 = latitude: Latitude [deg]
# name 27 = altM: Altimeter [m]
# name 28 = nbf: Bottles Fired
# name 29 = flag:  0.000e+00
# interval = seconds: 0.0416667
# start_time = Jun 29 2021 11:35:40 [NMEA time, header]
# bad_flag = -9.990e-29
*END*
      16331    680.417     25.696     25.915     8.2723     8.2756  35.016318  35.016174     8.2697     8.2731    33.4443    33.4410    26.0122    26.0091     1.5471     1.5967     47.121     48.633     0.8266     0.8254     0.2076     4.1643     3.2821     1.0598     0.0000 -124.74640   47.94566      10.33          1  0.000e+00
      16332    680.458     25.696     25.915     8.2715     8.2746  35.016193  35.015923     8.2689     8.2720    33.4450    33.4418    26.0128    26.0098     1.5471     1.5967     47.122     48.634     0.8266     0.8254     0.2076     4.1643     3.2821     1.0598     0.0000 -124.74640   47.94566      10.33          1  0.000e+00
      16333    680.500     25.597     25.815     8.2714     8.2735  35.016129  35.015860     8.2688     8.2709    33.4451    33.4428    26.0129    26.0108     1.5471     1.5968     47.121     48.634     0.8266     0.8254     0.2076     4.1643     3.2821     1.0598     0.0000 -124.74640   47.94566      10.33          1  0.000e+00
      16334    680.542     25.696     25.915     8.2711     8.2721  35.016130  35.015357     8.2685     8.2695    33.4453    33.4435    26.0132    26.0116     1.5471     1.6029     47.122     48.821     0.8266     0.8266     0.2076     4.1643     3.2808     1.0598     0.0000 -124.74640   47.94566      10.33          1  0.000e+00
      16335    680.583     25.696     25.915     8.2705     8.2713  35.015375  35.015420     8.2680     8.2687    33.4450    33.4444    26.0130    26.0124     1.5471     1.6029     47.123     48.822     0.8266     0.8266     0.2088     4.1948     3.2821     1.0623     0.0000 -124.74640   47.94566      10.33          1  0.000e+00
      16336    680.625     25.696     25.915     8.2699     8.2705  35.015627  35.014163     8.2673     8.2679    33.4459    33.4438    26.0138    26.0120     1.5471     1.5969     47.123     48.638     0.8266     0.8254     0.2076     4.1643     3.2821     1.0708     0.0000 -124.74640   47.94566      10.33          1  0.000e+00
      16337    680.667     25.696     25.915     8.2696     8.2705  35.015564  35.013912     8.2670     8.2679    33.4461    33.4436    26.0140    26.0119     1.5472     1.5969     47.123     48.638     0.8266     0.8254     0.2063     4.1337     3.2821     1.0745     0.0000 -124.74640   47.94566      10.33          1  0.000e+00
      16338    680.708     25.742     25.962     8.2699     8.2700  35.014746  35.014918     8.2673     8.2674    33.4449    33.4450    26.0130    26.0131     1.5472     1.5969     47.124     48.639     0.8266     0.8254     0.2076     4.1643     3.2808     1.0745     0.0000 -124.74640   47.94566      10.33          1  0.000e+00
      16339    680.750     25.696     25.915     8.2697     8.2699  35.015501  35.015106     8.2672     8.2673    33.4459    33.4453    26.0138    26.0133     1.5471     1.5969     47.123     48.638     0.8266     0.8254     0.2063     4.1337     3.2821     1.0745     0.0000 -124.74640   47.94566      10.33          1  0.000e+00
      16340    680.792     25.696     25.915     8.2699     8.2697  35.015061  35.015169     8.2673     8.2671    33.4453    33.4456    26.0133    26.0136     1.5471     1.5969     47.123     48.638     0.8266     0.8254     0.2063     4.1337     3.2821     1.0745     0.0000 -124.74640   47.94566      10.33          1  0.000e+00
      16341    680.833     25.742     25.962     8.2696     8.2691  35.014872  35.014981     8.2670     8.2665    33.4454    33.4460    26.0134    26.0139     1.5472     1.5969     47.124     48.639     0.8266     0.8254     0.2063     4.1337     3.2821     1.0745     0.0000 -124.74640   47.94566      10.33          1  0.000e+00
      16342    680.875     25.696     25.915     8.2696     8.2686  35.015312  35.014666     8.2670     8.2660    33.4459    33.4462    26.0138    26.0142     1.5472     1.5969     47.123     48.640     0.8266     0.8254     0.2063     4.1337     3.2808     1.0745     0.0000 -124.74640   47.94566      10.33          1  0.000e+00
      16343    680.917     25.742     25.962     8.2694     8.2686  35.014998  35.014792     8.2668     8.2661    33.4457    33.4462    26.0137    26.0142     1.5472     1.5969     47.124     48.640     0.8266     0.8254     0.2063     4.1337     3.2821     1.0745     0.0000 -124.74640   47.94566      10.33          1  0.000e+00
      16344    680.958     25.696     25.915     8.2691     8.2689  35.014620  35.014918     8.2665     8.2663    33.4456    33.4461    26.0137    26.0141     1.5472     1.6030     47.124     48.824     0.8266     0.8266     0.2063     4.1337     3.2821     1.0745     0.0000 -124.74640   47.94566      10.33          1  0.000e+00
      16345    681.000     25.742     25.962     8.2693     8.2693  35.014998  35.014666     8.2667     8.2667    33.4458    33.4454    26.0138    26.0135     1.5472     1.6030     47.124     48.824     0.8266     0.8266     0.2063     4.1337     3.2821     1.0745     0.0000 -124.74640   47.94566      10.33          1  0.000e+00
      16346    681.042     25.742     25.962     8.2693     8.2700  35.015187  35.014603     8.2667     8.2674    33.4460    33.4447    26.0140    26.0128     1.5472     1.6030     47.124     48.823     0.8266     0.8266     0.2063     4.1337     3.2821     1.0745     0.0000 -124.74640   47.94566      10.33          1  0.000e+00
      16347    681.083     25.742     25.962     8.2694     8.2705  35.014683  35.015043     8.2668     8.2679    33.4454    33.4447    26.0134    26.0128     1.5472     1.6029     47.124     48.823     0.8266     0.8266     0.2063     4.1337     3.2821     1.0745     0.0000 -124.74640   47.94566      10.31          1  0.000e+00
      16348    681.125     25.742     25.962     8.2694     8.2707  35.014998  35.014980     8.2668     8.2681    33.4457    33.4445    26.0137    26.0125     1.5472     1.6029     47.124     48.823     0.8266     0.8266     0.2063     4.1337     3.2821     1.0745     0.0000 -124.74640   47.94566      10.31          1  0.000e+00
      16349    681.167     25.742     25.962     8.2694     8.2706  35.014935  35.014918     8.2668     8.2680    33.4456    33.4445    26.0136    26.0126     1.5472     1.5969     47.124     48.638     0.8266     0.8254     0.2063     4.1337     3.2821     1.0745     0.0000 -124.74640   47.94566      10.31          1  0.000e+00
      16350    681.208     25.789     26.008     8.2694     8.2707  35.014621  35.014918     8.2668     8.2681    33.4453    33.4444    26.0134    26.0125     1.5472     1.6030     47.124     48.823     0.8266     0.8266     0.2063     4.1337     3.2821     1.0745     0.0000 -124.74640   47.94566      10.31          1  0.000e+00
      16351    681.250     25.742     25.962     8.2696     8.2706  35.014558  35.014918     8.2670     8.2680    33.4450    33.4445    26.0132    26.0126     1.5472     1.6029     47.124     48.823     0.8266     0.8266     0.2063     4.1337     3.2833     1.0745     0.0000 -124.74640   47.94566      10.31          1  0.000e+00
      16352    681.292     25.742     25.962     8.2693     8.2700  35.014558  35.014792     8.2667     8.2674    33.4454    33.4449    26.0135    26.0130     1.5472     1.6030     47.124     48.823     0.8266     0.8266     0.2063     4.1337     3.2821     1.0745     0.0000 -124.74640   47.94566      10.31          1  0.000e+00
      16353    681.333     25.795     26.015     8.2696     8.2699  35.014998  35.014415     8.2670     8.2673    33.4455    33.4446    26.0135    26.0127     1.5472     1.6030     47.124     48.824     0.8266     0.8266     0.2063     4.1337     3.2808     1.0745     0.0000 -124.74640   47.94566      10.28          1  0.000e+00
      16354    681.375     25.742     25.962     8.2693     8.2698  35.014683  35.014980     8.2667     8.2672    33.4455    33.4453    26.0136    26.0133     1.5472     1.6030     47.124     48.823     0.8266     0.8266     0.2063     4.1337     3.2821     1.0745     0.0000 -124.74640   47.94566      10.31          1  0.000e+00
      16355    681.417     25.788     26.008     8.2694     8.2699  35.014998  35.014541     8.2668     8.2673    33.4457    33.4447    26.0137    26.0128     1.5472     1.6030     47.124     48.824     0.8266     0.8266     0.2063     4.1337     3.2821     1.0745     0.0000 -124.74640   47.94566      10.31          1  0.000e+00
      16356    681.458     25.795     26.015     8.2693     8.2698  35.015187  35.014352     8.2667     8.2672    33.4460    33.4446    26.0140    26.0128     1.5472     1.6030     47.124     48.824     0.8266     0.8266     0.2063     4.1337     3.2821     1.0745     0.0000 -124.74640   47.94566      10.28          1  0.000e+00
      16357    681.500     25.742     25.962     8.2691     8.2696  35.014935  35.014729     8.2665     8.2670    33.4459    33.4453    26.0139    26.0133     1.5472     1.6030     47.124     48.824     0.8266     0.8266     0.2063     4.1337     3.2808     1.0745     0.0000 -124.74640   47.94566      10.28          1  0.000e+00
      16358    681.542     25.788     26.008     8.2696     8.2696  35.014872  35.014478     8.2670     8.2671    33.4454    33.4449    26.0134    26.0130     1.5472     1.6030     47.124     48.824     0.8266     0.8266     0.2063     4.1337     3.2808     1.0745     0.0000 -124.74640   47.94566      10.28          1  0.000e+00
      16359    681.583     25.795     26.015     8.2694     8.2694  35.015061  35.014352     8.2668     8.2668    33.4457    33.4450    26.0137    26.0132     1.5472     1.6030     47.124     48.824     0.8266     0.8266     0.2063     4.1337     3.2821     1.0769     0.0000 -124.74640   47.94566      10.31          1  0.000e+00
      16360    681.625     25.742     25.961     8.2696     8.2695  35.014683  35.014352     8.2670     8.2669    33.4452    33.4450    26.0133    26.0131     1.5472     1.6030     47.124     48.824     0.8266     0.8266     0.2063     4.1337     3.2821     1.0855     0.0000 -124.74640   47.94566      10.28          1  0.000e+00
      16361    681.667     25.788     26.008     8.2697     8.2697  35.014746  35.014352     8.2672     8.2671    33.4451    33.4447    26.0132    26.0129     1.5472     1.6030     47.124     48.824     0.8266     0.8266     0.2063     4.1337     3.2821     1.0891     0.0000 -124.74640   47.94566      10.31          1  0.000e+00
      16362    681.708     25.795     26.015     8.2696     8.2698  35.014621  35.014729     8.2670     8.2672    33.4451    33.4450    26.0132    26.0131     1.5472     1.6030     47.124     48.824     0.8266     0.8266     0.2027     4.0422     3.2808     1.0891     0.0000 -124.74640   47.94566      10.28          1  0.000e+00
      16363    681.750     25.788     26.008     8.2694     8.2704  35.014746  35.014666     8.2668     8.2678    33.4454    33.4444    26.0135    26.0126     1.5472     1.6030     47.124     48.823     0.8266     0.8266     0.1905     3.7369     3.2821     1.0891     0.0000 -124.74640   47.94566      10.28          1  0.000e+00
      16364    681.792     25.788     26.008     8.2697     8.2703  35.014621  35.014792     8.2672     8.2677    33.4450    33.4446    26.0131    26.0127     1.5527     1.6030     47.293     48.823     0.8278     0.8266     0.1868     3.6453     3.2821     1.0879     0.0000 -124.74640   47.94566      10.31          1  0.000e+00
      16365    681.833     25.742     25.961     8.2694     8.2704  35.014746  35.014540     8.2668     8.2678    33.4454    33.4443    26.0135    26.0125     1.5527     1.6030     47.293     48.823     0.8278     0.8266     0.1868     3.6453     3.2808     1.0891     0.0000 -124.74640   47.94566      10.31          1  0.000e+00
      16366    681.875     25.788     26.008     8.2694     8.2703  35.015061  35.014792     8.2668     8.2677    33.4457    33.4446    26.0137    26.0127     1.5527     1.6030     47.293     48.823     0.8278     0.8266     0.1868     3.6453     3.2821     1.0891     0.0000 -124.74640   47.94566      10.28          1  0.000e+00
      16367    681.917     25.788     26.008     8.2691     8.2704  35.014935  35.014666     8.2665     8.2678    33.4459    33.4444    26.0139    26.0126     1.5527     1.6030     47.294     48.823     0.8278     0.8266     0.1868     3.6453     3.2808     1.0891     0.0000 -124.74640   47.94566      10.28          1  0.000e+00
      16368    681.958     25.742     25.961     8.2693     8.2703  35.014872  35.013472     8.2667     8.2677    33.4457    33.4433    26.0137    26.0117     1.5527     1.6030     47.293     48.824     0.8278     0.8266     0.1868     3.6453     3.2821     1.0891     0.0000 -124.74640   47.94566      10.28          1  0.000e+00
      16369    682.000     25.788     26.008     8.2690     8.2708  35.015061  35.012592     8.2664     8.2682    33.4462    33.4418    26.0141    26.0104     1.5528     1.6030     47.294     48.824     0.8278     0.8266     0.1868     3.6453     3.2808     1.0891     0.0000 -124.74640   47.94566      10.28          1  0.000e+00
      16370    682.042     25.788     26.008     8.2690     8.2709  35.014684  35.013158     8.2664     8.2683    33.4458    33.4423    26.0138    26.0108     1.5528     1.6030     47.294     48.823     0.8278     0.8266     0.1868     3.6453     3.2821     1.0891     0.0000 -124.74640   47.94566      10.28          1  0.000e+00
      16371    682.083     25.742     25.961     8.2694     8.2710  35.014558  35.013849     8.2668     8.2684    33.4452    33.4430    26.0133    26.0113     1.5527     1.6029     47.293     48.823     0.8278     0.8266     0.1868     3.6453     3.2808     1.0891     0.0000 -124.74640   47.94566      10.28          1  0.000e+00
      16372    682.125     25.788     26.008     8.2696     8.2709  35.014746  35.014038     8.2670     8.2683    33.4452    33.4432    26.0133    26.0115     1.5527     1.6030     47.293     48.823     0.8278     0.8266     0.1868     3.6453     3.2821     1.0891     0.0000 -124.74640   47.94566      10.28          1  0.000e+00
      16373    682.167     25.742     25.961     8.2697     8.2710  35.014369  35.013786     8.2672     8.2684    33.4447    33.4429    26.0129    26.0113     1.5527     1.6029     47.293     48.823     0.8278     0.8266     0.1868     3.6453     3.2821     1.0891     0.0000 -124.74640   47.94566      10.28          1  0.000e+00
      16374    682.208     25.742     25.961     8.2699     8.2706  35.014683  35.014163     8.2673     8.2680    33.4449    33.4437    26.0130    26.0119     1.5527     1.6030     47.293     48.823     0.8278     0.8266     0.1868     3.6453     3.2821     1.0891     0.0000 -124.74640   47.94566      10.28          1  0.000e+00
      16375    682.250     25.742     25.961     8.2701     8.2707  35.015061  35.014352     8.2675     8.2681    33.4451    33.4438    26.0132    26.0120     1.5527     1.6029     47.293     48.823     0.8278     0.8266     0.1868     3.6453     3.2808     1.0891     0.0000 -124.74640   47.94566      10.28          1  0.000e+00
      16376    682.292     25.742     25.961     8.2703     8.2706  35.014432  35.014540     8.2677     8.2680    33.4443    33.4441    26.0125    26.0123     1.5527     1.6030     47.293     48.823     0.8278     0.8266     0.1868     3.6453     3.2808     1.0891     0.0000 -124.74640   47.94566      10.28          1  0.000e+00
      16377    682.333     25.742     25.961     8.2701     8.2707  35.014683  35.014415     8.2675     8.2681    33.4447    33.4439    26.0128    26.0121     1.5527     1.6029     47.293     48.823     0.8278     0.8266     0.1868     3.6453     3.2821     1.0891     0.0000 -124.74640   47.94566      10.31          1  0.000e+00
      16378    682.375     25.742     25.961     8.2701     8.2707  35.014620  35.014666     8.2675     8.2682    33.4447    33.4441    26.0128    26.0122     1.5527     1.6029     47.293     48.823     0.8278     0.8266     0.1868     3.6453     3.2808     1.0879     0.0000 -124.74640   47.94566      10.31          1  0.000e+00
