WCOA/WCOA-6/CTD_Data/RB2102_CTD_006_01.ros
* Sea-Bird SBE 9 Data File:
* FileName = C:\Users\scs.user.rb\CTD\RB2102\Data\RB2102_CTD_006_01.hex
* Software Version Seasave V 7.26.7.107
* Temperature SN = 6202
* Conductivity SN = 4907
* Number of Bytes Per Scan = 41
* Number of Voltage Words = 4
* Number of Scans Averaged by the Deck Unit = 1
* NMEA Latitude = 52 01.06 N
* NMEA Longitude = 129 58.22 W
* NMEA UTC (Time) = Jun 26 2021  04:00:57
* NMEA baud rate = 4800
# nquan = 30
# nvalues = 882                                   
# units = specified
# name 0 = scan: Scan Count
# name 1 = timeS: Time, Elapsed [seconds]
# name 2 = depSM: Depth [salt water, m]
# name 3 = prDM: Pressure, Digiquartz [db]
# name 4 = t090C: Temperature [ITS-90, deg C]
# name 5 = t190C: Temperature, 2 [ITS-90, deg C]
# name 6 = c0mS/cm: Conductivity [mS/cm]
# name 7 = c1mS/cm: Conductivity, 2 [mS/cm]
# name 8 = potemp090C: Potential Temperature [ITS-90, deg C]
# name 9 = potemp190C: Potential Temperature, 2 [ITS-90, deg C]
# name 10 = sal00: Salinity, Practical [PSU]
# name 11 = sal11: Salinity, Practical, 2 [PSU]
# name 12 = sigma-é00: Density [sigma-theta, kg/m^3]
# name 13 = sigma-é11: Density, 2 [sigma-theta, kg/m^3]
# name 14 = sbeox0Mg/L: Oxygen, SBE 43 [mg/l]
# name 15 = sbeox1Mg/L: Oxygen, SBE 43, 2 [mg/l]
# name 16 = sbox0Mm/Kg: Oxygen, SBE 43 [umol/kg]
# name 17 = sbox1Mm/Kg: Oxygen, SBE 43, 2 [umol/kg]
# name 18 = sbeox0V: Oxygen raw, SBE 43 [V]
# name 19 = sbeox1V: Oxygen raw, SBE 43, 2 [V]
# name 20 = v4: Voltage 4
# name 21 = flECO-AFL: Fluorescence, WET Labs ECO-AFL/FL [mg/m^3]
# name 22 = v3: Voltage 3
# name 23 = v6: Voltage 6
# name 24 = v7: Voltage 7
# name 25 = longitude: Longitude [deg]
# name 26 = latitude: Latitude [deg]
# name 27 = altM: Altimeter [m]
# name 28 = nbf: Bottles Fired
# name 29 = flag:  0.000e+00
# interval = seconds: 0.0416667
# start_time = Jun 26 2021 04:00:57 [NMEA time, header]
# bad_flag = -9.990e-29
*END*
[from data line 484]
      47884   1995.125     20.180     20.359    11.0460    11.0474  35.756952  35.756850    11.0436    11.0450    31.6906    31.6893    24.1920    24.1907     9.8460     9.6337    300.424    293.946     2.7680     2.5556     0.1099     1.7223     3.3553     0.9292     2.4188 -129.97098   52.01746      99.80         10  0.000e+00
      47885   1995.167     20.140     20.319    11.0461    11.0474  35.757142  35.756850    11.0437    11.0450    31.6906    31.6892    24.1920    24.1907     9.8406     9.6336    300.260    293.944     2.7668     2.5556     0.1087     1.6917     3.3565     0.9292     2.4188 -129.97098   52.01746      99.80         10  0.000e+00
      47886   1995.208     20.133     20.312    11.0465    11.0469  35.756951  35.756977    11.0441    11.0445    31.6902    31.6898    24.1916    24.1912     9.8406     9.6337    300.259    293.946     2.7668     2.5556     0.1099     1.7223     3.3553     0.9292     2.4188 -129.97098   52.01746      99.78         10  0.000e+00
      47887   1995.250     20.140     20.319    11.0463    11.0465  35.757078  35.756787    11.0439    11.0441    31.6904    31.6900    24.1918    24.1914     9.8406     9.6338    300.259    293.949     2.7668     2.5556     0.1099     1.7223     3.3553     0.9304     2.4188 -129.97098   52.01746      99.80         10  0.000e+00
      47888   1995.292     20.180     20.359    11.0466    11.0465  35.756951  35.756724    11.0442    11.0441    31.6900    31.6899    24.1914    24.1913     9.8406     9.6338    300.260    293.950     2.7668     2.5556     0.1099     1.7223     3.3553     0.9292     2.4200 -129.97098   52.01746      99.80         10  0.000e+00
      47889   1995.333     20.140     20.319    11.0466    11.0467  35.757395  35.756470    11.0442    11.0443    31.6905    31.6895    24.1918    24.1910     9.8405     9.6338    300.257    293.948     2.7668     2.5556     0.1099     1.7223     3.3565     0.9292     2.4188 -129.97098   52.01746      99.80         10  0.000e+00
      47943   1997.583     20.426     20.608    11.0455    11.0477  35.756128  35.757168    11.0430    11.0453    31.6901    31.6892    24.1917    24.1906     9.8306     9.6454    299.955    294.303     2.7643     2.5580     0.1074     1.6612     3.3565     0.9280     2.4725 -129.97098   52.01746      99.78         11  0.000e+00
      47944   1997.625     20.334     20.514    11.0450    11.0454  35.755177  35.755077    11.0426    11.0430    31.6896    31.6891    24.1914    24.1910     9.8307     9.6458    299.956    294.315     2.7643     2.5580     0.1087     1.6917     3.3553     0.9280     2.4725 -129.97098   52.01746      99.78         11  0.000e+00
      47945   1997.667     20.334     20.514    11.0445    11.0434  35.755494  35.753556    11.0421    11.0410    31.6904    31.6894    24.1921    24.1915     9.8307     9.6462    299.958    294.328     2.7643     2.5580     0.1074     1.6612     3.3553     0.9280     2.4725 -129.97098   52.01746      99.78         11  0.000e+00
      47946   1997.708     20.433     20.614    11.0447    11.0422  35.755114  35.752986    11.0422    11.0398    31.6898    31.6898    24.1916    24.1920     9.8308     9.6466    299.961    294.339     2.7643     2.5580     0.1087     1.6917     3.3553     0.9280     2.4725 -129.97098   52.01746      99.78         11  0.000e+00
      47947   1997.750     20.334     20.514    11.0438    11.0422  35.754986  35.753619    11.0414    11.0398    31.6904    31.6905    24.1922    24.1925     9.8309     9.6464    299.962    294.334     2.7643     2.5580     0.1087     1.6917     3.3553     0.9280     2.4725 -129.97098   52.01746      99.80         11  0.000e+00
      47948   1997.792     20.380     20.561    11.0432    11.0424  35.754796  35.753683    11.0408    11.0400    31.6908    31.6903    24.1926    24.1924     9.8310     9.6464    299.967    294.335     2.7643     2.5580     0.1087     1.6917     3.3553     0.9280     2.4725 -129.97098   52.01748      99.78         11  0.000e+00
      47949   1997.833     20.380     20.561    11.0432    11.0425  35.754416  35.754253    11.0408    11.0401    31.6904    31.6908    24.1923    24.1927     9.8311     9.6464    299.968    294.333     2.7643     2.5580     0.1087     1.6917     3.3553     0.9280     2.4725 -129.97098   52.01748      99.78         11  0.000e+00
      47950   1997.875     20.380     20.561    11.0442    11.0418  35.754796  35.753049    11.0417    11.0394    31.6899    31.6902    24.1918    24.1924     9.8361     9.6466    300.123    294.339     2.7656     2.5580     0.1087     1.6917     3.3553     0.9280     2.4725 -129.97098   52.01748      99.78         11  0.000e+00
      47951   1997.917     20.433     20.614    11.0443    11.0391  35.755177  35.751592    11.0419    11.0366    31.6902    31.6911    24.1919    24.1936     9.8309     9.6472    299.963    294.358     2.7643     2.5580     0.1087     1.6917     3.3553     0.9280     2.4725 -129.97098   52.01748      99.80         11  0.000e+00
      47952   1997.958     20.426     20.608    11.0437    11.0392  35.755114  35.751782    11.0412    11.0368    31.6906    31.6912    24.1924    24.1936     9.8310     9.6472    299.966    294.356     2.7643     2.5580     0.1074     1.6612     3.3553     0.9280     2.4725 -129.97098   52.01748      99.80         11  0.000e+00
      47953   1998.000     20.380     20.561    11.0428    11.0401  35.754479  35.752669    11.0404    11.0377    31.6908    31.6914    24.1927    24.1936     9.8311     9.6526    299.970    294.523     2.7643     2.5592     0.1087     1.6917     3.3553     0.9280     2.4725 -129.97098   52.01748      99.78         11  0.000e+00
      47954   1998.042     20.479     20.661    11.0422    11.0410  35.753846  35.753493    11.0398    11.0386    31.6907    31.6913    24.1927    24.1934     9.8314     9.6468    299.978    294.346     2.7643     2.5580     0.1087     1.6917     3.3553     0.9280     2.4725 -129.97098   52.01748      99.78         11  0.000e+00
      47955   1998.083     20.380     20.561    11.0422    11.0414  35.754226  35.753810    11.0398    11.0390    31.6911    31.6913    24.1930    24.1934     9.8312     9.6466    299.973    294.339     2.7643     2.5580     0.1087     1.6917     3.3553     0.9280     2.4725 -129.97098   52.01748      99.78         11  0.000e+00
      47956   1998.125     20.479     20.661    11.0422    11.0423  35.754353  35.754063    11.0398    11.0399    31.6912    31.6908    24.1931    24.1928     9.8314     9.6466    299.977    294.338     2.7643     2.5580     0.1074     1.6612     3.3553     0.9280     2.4725 -129.97098   52.01748      99.80         11  0.000e+00
      47957   1998.167     20.380     20.561    11.0423    11.0425  35.754353  35.753936    11.0399    11.0401    31.6911    31.6905    24.1930    24.1925     9.8312     9.6464    299.972    294.333     2.7643     2.5580     0.1074     1.6612     3.3553     0.9280     2.4725 -129.97098   52.01748      99.78         11  0.000e+00
      47958   1998.208     20.480     20.661    11.0427    11.0424  35.754353  35.754317    11.0402    11.0400    31.6907    31.6909    24.1927    24.1929     9.8313     9.6465    299.974    294.337     2.7643     2.5580     0.1074     1.6612     3.3553     0.9280     2.4725 -129.97098   52.01748      99.78         11  0.000e+00
      47959   1998.250     20.433     20.615    11.0425    11.0425  35.754353  35.754000    11.0401    11.0401    31.6909    31.6905    24.1928    24.1925     9.8312     9.6465    299.973    294.335     2.7643     2.5580     0.1074     1.6612     3.3553     0.9280     2.4725 -129.97098   52.01748      99.80         11  0.000e+00
      47960   1998.292     20.427     20.608    11.0427    11.0422  35.754099  35.753493    11.0403    11.0398    31.6905    31.6903    24.1925    24.1924     9.8312     9.6465    299.973    294.338     2.7643     2.5580     0.1074     1.6612     3.3553     0.9280     2.4725 -129.97098   52.01748      99.78         11  0.000e+00
      47961   1998.333     20.480     20.662    11.0428    11.0417  35.754733  35.752986    11.0404    11.0393    31.6910    31.6902    24.1928    24.1924     9.8312     9.6467    299.973    294.343     2.7643     2.5580     0.1074     1.6612     3.3553     0.9280     2.4725 -129.97098   52.01748      99.78         11  0.000e+00
      47962   1998.375     20.427     20.608    11.0435    11.0415  35.754987  35.752923    11.0411    11.0390    31.6907    31.6904    24.1925    24.1926     9.8310     9.6467    299.967    294.343     2.7643     2.5580     0.1074     1.6612     3.3553     0.9267     2.4725 -129.97098   52.01748      99.78         11  0.000e+00
      47963   1998.417     20.480     20.662    11.0427    11.0415  35.754543  35.752923    11.0402    11.0391    31.6909    31.6903    24.1928    24.1925     9.8313     9.6468    299.974    294.344     2.7643     2.5580     0.1074     1.6612     3.3553     0.9267     2.4725 -129.97098   52.01748      99.78         11  0.000e+00
      47964   1998.458     20.480     20.662    11.0420    11.0417  35.753655  35.753620    11.0396    11.0393    31.6906    31.6908    24.1927    24.1929     9.8314     9.6467    299.979    294.342     2.7643     2.5580     0.1074     1.6612     3.3553     0.9267     2.4725 -129.97098   52.01748      99.80         11  0.000e+00
      47965   1998.500     20.433     20.615    11.0418    11.0425  35.753592  35.754317    11.0394    11.0401    31.6907    31.6908    24.1928    24.1928     9.8314     9.6464    299.978    294.335     2.7643     2.5580     0.1074     1.6612     3.3553     0.9267     2.4725 -129.97098   52.01748      99.80         11  0.000e+00
      47966   1998.542     20.526     20.708    11.0409    11.0439  35.753529  35.754887    11.0384    11.0414    31.6914    31.6902    24.1935    24.1921     9.8317     9.6463    299.987    294.330     2.7643     2.5580     0.1074     1.6612     3.3553     0.9267     2.4725 -129.97098   52.01748      99.78         11  0.000e+00
      47967   1998.583     20.480     20.662    11.0399    11.0451  35.753148  35.755774    11.0375    11.0426    31.6919    31.6901    24.1941    24.1917     9.8318     9.6460    299.990    294.321     2.7643     2.5580     0.1074     1.6612     3.3553     0.9267     2.4725 -129.97098   52.01748      99.78         11  0.000e+00
      47968   1998.625     20.427     20.608    11.0395    11.0456  35.752831  35.756281    11.0371    11.0432    31.6920    31.6901    24.1942    24.1917     9.8318     9.6458    299.991    294.315     2.7643     2.5580     0.1074     1.6612     3.3565     0.9267     2.4725 -129.97098   52.01748      99.78         11  0.000e+00
      47969   1998.667     20.533     20.715    11.0399    11.0460  35.752958  35.756155    11.0375    11.0436    31.6917    31.6896    24.1939    24.1912     9.8319     9.6459    299.993    294.317     2.7643     2.5580     0.1074     1.6612     3.3553     0.9267     2.4725 -129.97098   52.01748      99.80         11  0.000e+00
      47970   1998.708     20.427     20.608    11.0405    11.0462  35.753085  35.756534    11.0381    11.0438    31.6914    31.6899    24.1935    24.1914     9.8264     9.6457    299.825    294.312     2.7631     2.5580     0.1074     1.6612     3.3565     0.9267     2.4725 -129.97098   52.01748      99.78         11  0.000e+00
      47971   1998.750     20.480     20.662    11.0408    11.0462  35.752831  35.756725    11.0384    11.0438    31.6908    31.6900    24.1931    24.1915     9.8264     9.6457    299.826    294.313     2.7631     2.5580     0.1074     1.6612     3.3565     0.9267     2.4725 -129.97098   52.01748      99.78         11  0.000e+00
      47972   1998.792     20.480     20.662    11.0414    11.0462  35.752260  35.756851    11.0389    11.0438    31.6898    31.6902    24.1922    24.1916     9.8211     9.6457    299.663    294.313     2.7619     2.5580     0.1074     1.6612     3.3565     0.9267     2.4725 -129.97098   52.01746      99.80         11  0.000e+00
      47973   1998.833     20.533     20.715    11.0410    11.0462  35.751183  35.756535    11.0386    11.0438    31.6890    31.6898    24.1916    24.1914     9.8213     9.6458    299.670    294.316     2.7619     2.5580     0.1074     1.6612     3.3553     0.9267     2.4725 -129.97098   52.01746      99.78         11  0.000e+00
      47974   1998.875     20.480     20.662    11.0407    11.0466  35.751817  35.756598    11.0383    11.0441    31.6899    31.6896    24.1924    24.1911     9.8212     9.6457    299.668    294.312     2.7619     2.5580     0.1074     1.6612     3.3553     0.9267     2.4725 -129.97098   52.01746      99.80         11  0.000e+00
      47975   1998.917     20.480     20.662    11.0417    11.0462  35.752134  35.755521    11.0393    11.0438    31.6894    31.6888    24.1918    24.1906     9.8210     9.6458    299.662    294.316     2.7619     2.5580     0.1074     1.6612     3.3565     0.9267     2.4725 -129.97098   52.01746      99.78         11  0.000e+00
      47976   1998.958     20.526     20.709    11.0427    11.0452  35.752577  35.755141    11.0402    11.0428    31.6890    31.6893    24.1913    24.1911     9.8209     9.6461    299.658    294.323     2.7619     2.5580     0.1074     1.6612     3.3541     0.9267     2.4725 -129.97098   52.01746      99.78         11  0.000e+00
      47977   1999.000     20.480     20.662    11.0425    11.0444  35.753021  35.754887    11.0401    11.0419    31.6896    31.6898    24.1918    24.1916     9.8208     9.6462    299.656    294.326     2.7619     2.5580     0.1074     1.6612     3.3565     0.9267     2.4725 -129.97098   52.01746      99.78         11  0.000e+00
      47978   1999.042     20.480     20.662    11.0410    11.0434  35.752387  35.754253    11.0386    11.0409    31.6902    31.6900    24.1926    24.1920     9.8159     9.6464    299.504    294.333     2.7607     2.5580     0.1074     1.6612     3.3565     0.9267     2.4725 -129.97098   52.01746      99.78         11  0.000e+00
      47979   1999.083     20.533     20.715    11.0403    11.0402  35.752324  35.752923    11.0379    11.0377    31.6907    31.6915    24.1931    24.1937     9.8160     9.6471    299.510    294.353     2.7607     2.5580     0.1074     1.6612     3.3553     0.9267     2.4725 -129.97098   52.01746      99.78         11  0.000e+00
      47980   1999.125     20.480     20.662    11.0414    11.0389  35.753148  35.752353    11.0389    11.0365    31.6907    31.6920    24.1928    24.1943     9.8158     9.6472    299.501    294.359     2.7607     2.5580     0.1074     1.6612     3.3553     0.9267     2.4725 -129.97098   52.01746      99.78         11  0.000e+00
      47981   1999.167     20.527     20.709    11.0423    11.0392  35.754607  35.751783    11.0399    11.0368    31.6913    31.6912    24.1932    24.1936     9.8156     9.6473    299.495    294.360     2.7607     2.5580     0.1074     1.6612     3.3565     0.9267     2.4725 -129.97098   52.01746      99.78         11  0.000e+00
      47982   1999.208     20.480     20.662    11.0432    11.0394  35.754733  35.751085    11.0407    11.0370    31.6907    31.6903    24.1925    24.1929     9.8154     9.6472    299.489    294.359     2.7607     2.5580     0.1074     1.6612     3.3553     0.9267     2.4725 -129.97098   52.01746      99.78         11  0.000e+00
      47983   1999.250     20.480     20.662    11.0437    11.0394  35.755114  35.751909    11.0412    11.0370    31.6906    31.6912    24.1924    24.1936     9.8153     9.6472    299.486    294.357     2.7607     2.5580     0.1074     1.6612     3.3553     0.9267     2.4725 -129.97098   52.01746      99.78         11  0.000e+00
