WCOA/WCOA-6/CTD_Data/RB2102_CTD_040_01.ros
* Sea-Bird SBE 9 Data File:
* FileName = C:\Users\scs.user.rb\CTD\RB2102\Data\RB2102_CTD_040_01.hex
* Software Version Seasave V 7.26.7.107
* Temperature SN = 6202
* Conductivity SN = 4907
* Number of Bytes Per Scan = 41
* Number of Voltage Words = 4
* Number of Scans Averaged by the Deck Unit = 1
* NMEA Latitude = 47 06.83 N
* NMEA Longitude = 124 49.37 W
* NMEA UTC (Time) = Jul 02 2021  15:15:02
* NMEA baud rate = 4800
# nquan = 30
# nvalues = 784                                   
# units = specified
# name 0 = scan: Scan Count
# name 1 = timeS: Time, Elapsed [seconds]
# name 2 = depSM: Depth [salt water, m]
# name 3 = prDM: Pressure, Digiquartz [db]
# name 4 = t090C: Temperature [ITS-90, deg C]
# name 5 = t190C: Temperature, 2 [ITS-90, deg C]
# name 6 = c0mS/cm: Conductivity [mS/cm]
# name 7 = c1mS/cm: Conductivity, 2 [mS/cm]
# name 8 = potemp090C: Potential Temperature [ITS-90, deg C]
# name 9 = potemp190C: Potential Temperature, 2 [ITS-90, deg C]
# name 10 = sal00: Salinity, Practical [PSU]
# name 11 = sal11: Salinity, Practical, 2 [PSU]
# name 12 = sigma-é00: Density [sigma-theta, kg/m^3]
# name 13 = sigma-é11: Density, 2 [sigma-theta, kg/m^3]
# name 14 = sbeox0Mg/L: Oxygen, SBE 43 [mg/l]
# name 15 = sbeox1Mg/L: Oxygen, SBE 43, 2 [mg/l]
# name 16 = sbox0Mm/Kg: Oxygen, SBE 43 [umol/kg]
# name 17 = sbox1Mm/Kg: Oxygen, SBE 43, 2 [umol/kg]
# name 18 = sbeox0V: Oxygen raw, SBE 43 [V]
# name 19 = sbeox1V: Oxygen raw, SBE 43, 2 [V]
# name 20 = v4: Voltage 4
# name 21 = flECO-AFL: Fluorescence, WET Labs ECO-AFL/FL [mg/m^3]
# name 22 = v3: Voltage 3
# name 23 = v6: Voltage 6
# name 24 = v7: Voltage 7
# name 25 = longitude: Longitude [deg]
# name 26 = latitude: Latitude [deg]
# name 27 = altM: Altimeter [m]
# name 28 = nbf: Bottles Fired
# name 29 = flag:  0.000e+00
# interval = seconds: 0.0416667
# start_time = Jul 02 2021 15:15:02 [NMEA time, header]
# bad_flag = -9.990e-29
*END*
[from data line 242]
      32357   1348.167     59.948     60.459     7.5935     7.5953  34.514730  34.522513     7.5878     7.5896    33.5417    33.5485    26.1883    26.1933     3.9491     4.1303    120.261    125.778     1.3370     1.3187     0.0403    -0.0177     3.2882     1.5763     0.0000 -124.82388   47.11336      80.83          5  0.000e+00
      32358   1348.208     59.974     60.486     7.5935     7.5955  34.515105  34.522201     7.5878     7.5898    33.5421    33.5479    26.1886    26.1928     3.9434     4.1303    120.088    125.778     1.3358     1.3187     0.0403    -0.0177     3.2882     1.5763     0.0000 -124.82388   47.11336      80.73          5  0.000e+00
      32359   1348.250     59.948     60.459     7.5937     7.5952  34.516168  34.521763     7.5879     7.5895    33.5432    33.5477    26.1894    26.1928     3.9490     4.1303    120.259    125.779     1.3370     1.3187     0.0403    -0.0177     3.2882     1.5763     0.0000 -124.82388   47.11336      80.68          5  0.000e+00
      32526   1355.208     59.756     60.265     7.5924     7.5942  34.511039  34.515950     7.5867     7.5885    33.5389    33.5425    26.1862    26.1888     3.9718     4.1552    120.954    126.537     1.3419     1.3236     0.0415     0.0129     3.2882     1.5824     0.0000 -124.82388   47.11336      81.03          6  0.000e+00
      32527   1355.250     59.729     60.239     7.5927     7.5938  34.511101  34.515825     7.5870     7.5880    33.5387    33.5428    26.1860    26.1891     3.9718     4.1552    120.953    126.538     1.3419     1.3236     0.0415     0.0129     3.2869     1.5824     0.0000 -124.82388   47.11336      81.03          6  0.000e+00
      32528   1355.292     59.656     60.165     7.5926     7.5940  34.510976  34.516137     7.5868     7.5883    33.5388    33.5429    26.1861    26.1891     3.9718     4.1551    120.953    126.536     1.3419     1.3236     0.0415     0.0129     3.2882     1.5824     0.0000 -124.82388   47.11336      81.05          6  0.000e+00
      32529   1355.333     59.729     60.239     7.5926     7.5940  34.510914  34.516137     7.5869     7.5883    33.5386    33.5429    26.1860    26.1891     3.9661     4.1552    120.781    126.537     1.3407     1.3236     0.0415     0.0129     3.2869     1.5824     0.0000 -124.82388   47.11336      81.03          6  0.000e+00
      32530   1355.375     59.703     60.212     7.5923     7.5939  34.510914  34.515512     7.5866     7.5881    33.5390    33.5424    26.1863    26.1888     3.9662     4.1552    120.781    126.538     1.3407     1.3236     0.0415     0.0129     3.2869     1.5824     0.0000 -124.82388   47.11336      81.03          6  0.000e+00
      32531   1355.417     59.776     60.285     7.5924     7.5940  34.510914  34.515325     7.5867     7.5883    33.5388    33.5420    26.1861    26.1884     3.9662     4.1552    120.782    126.539     1.3407     1.3236     0.0415     0.0129     3.2882     1.5824     0.0000 -124.82388   47.11336      81.03          6  0.000e+00
      32532   1355.458     59.683     60.192     7.5921     7.5938  34.510664  34.514762     7.5864     7.5880    33.5389    33.5417    26.1862    26.1882     3.9662     4.1552    120.781    126.538     1.3407     1.3236     0.0415     0.0129     3.2882     1.5824     0.0000 -124.82388   47.11336      81.00          6  0.000e+00
      32533   1355.500     59.756     60.265     7.5923     7.5939  34.510351  34.514200     7.5865     7.5882    33.5383    33.5409    26.1858    26.1876     3.9662     4.1553    120.783    126.540     1.3407     1.3236     0.0415     0.0129     3.2882     1.5836     0.0000 -124.82388   47.11336      80.98          6  0.000e+00
      32534   1355.542     59.729     60.239     7.5923     7.5936  34.510476  34.514075     7.5865     7.5878    33.5385    33.5411    26.1859    26.1878     3.9662     4.1553    120.782    126.540     1.3407     1.3236     0.0415     0.0129     3.2869     1.5824     0.0000 -124.82388   47.11336      80.98          6  0.000e+00
      32535   1355.583     59.756     60.265     7.5921     7.5932  34.510601  34.513700     7.5864     7.5875    33.5388    33.5410    26.1862    26.1878     3.9662     4.1553    120.783    126.542     1.3407     1.3236     0.0415     0.0129     3.2869     1.5824     0.0000 -124.82388   47.11336      80.98          6  0.000e+00
      32536   1355.625     59.729     60.239     7.5923     7.5935  34.510789  34.513950     7.5865     7.5878    33.5388    33.5410    26.1862    26.1877     3.9662     4.1553    120.782    126.540     1.3407     1.3236     0.0415     0.0129     3.2882     1.5824     0.0000 -124.82388   47.11336      80.98          6  0.000e+00
      32537   1355.667     59.756     60.265     7.5921     7.5932  34.510914  34.514200     7.5864     7.5875    33.5391    33.5416    26.1864    26.1882     3.9662     4.1553    120.782    126.541     1.3407     1.3236     0.0427     0.0434     3.2869     1.5824     0.0000 -124.82388   47.11336      80.98          6  0.000e+00
      32538   1355.708     59.729     60.239     7.5923     7.5931  34.510414  34.513637     7.5865     7.5874    33.5384    33.5411    26.1858    26.1878     3.9662     4.1553    120.782    126.542     1.3407     1.3236     0.0415     0.0129     3.2869     1.5836     0.0000 -124.82388   47.11336      80.98          6  0.000e+00
      32539   1355.750     59.756     60.265     7.5921     7.5932  34.510726  34.513638     7.5864     7.5875    33.5389    33.5410    26.1863    26.1877     3.9662     4.1553    120.783    126.542     1.3407     1.3236     0.0415     0.0129     3.2882     1.5824     0.0000 -124.82388   47.11336      80.98          6  0.000e+00
      32540   1355.792     59.729     60.239     7.5923     7.5931  34.510414  34.513637     7.5865     7.5874    33.5384    33.5411    26.1858    26.1878     3.9662     4.1553    120.782    126.542     1.3407     1.3236     0.0415     0.0129     3.2869     1.5824     0.0000 -124.82388   47.11336      80.98          6  0.000e+00
      32541   1355.833     59.756     60.265     7.5921     7.5930  34.510476  34.513700     7.5864     7.5873    33.5387    33.5412    26.1861    26.1879     3.9662     4.1553    120.783    126.542     1.3407     1.3236     0.0415     0.0129     3.2869     1.5824     0.0000 -124.82388   47.11336      80.98          6  0.000e+00
      32542   1355.875     59.729     60.239     7.5923     7.5929  34.511039  34.513762     7.5865     7.5872    33.5391    33.5414    26.1864    26.1881     3.9662     4.1553    120.781    126.542     1.3407     1.3236     0.0415     0.0129     3.2869     1.5824     0.0000 -124.82388   47.11336      80.98          6  0.000e+00
      32543   1355.917     59.802     60.312     7.5923     7.5929  34.510977  34.513388     7.5865     7.5872    33.5390    33.5409    26.1863    26.1877     3.9605     4.1554    120.610    126.543     1.3394     1.3236     0.0415     0.0129     3.2882     1.5824     0.0000 -124.82388   47.11336      80.98          6  0.000e+00
      32544   1355.958     59.729     60.239     7.5921     7.5927  34.510914  34.513637     7.5864     7.5870    33.5391    33.5414    26.1864    26.1882     3.9605     4.1553    120.609    126.542     1.3394     1.3236     0.0415     0.0129     3.2869     1.5824     0.0000 -124.82388   47.11336      80.93          6  0.000e+00
      32545   1356.000     59.729     60.239     7.5926     7.5929  34.510914  34.513387     7.5868     7.5872    33.5387    33.5410    26.1860    26.1878     3.9605     4.1553    120.608    126.542     1.3394     1.3236     0.0415     0.0129     3.2869     1.5824     0.0000 -124.82388   47.11336      80.90          6  0.000e+00
      32546   1356.042     59.756     60.265     7.5923     7.5931  34.511102  34.513638     7.5865     7.5874    33.5391    33.5411    26.1864    26.1878     3.9605     4.1553    120.609    126.542     1.3394     1.3236     0.0415     0.0129     3.2882     1.5824     0.0000 -124.82388   47.11336      80.90          6  0.000e+00
      32547   1356.083     59.776     60.285     7.5924     7.5929  34.510977  34.513513     7.5867     7.5872    33.5389    33.5411    26.1862    26.1879     3.9605     4.1554    120.609    126.543     1.3394     1.3236     0.0415     0.0129     3.2882     1.5824     0.0000 -124.82388   47.11336      80.90          6  0.000e+00
      32548   1356.125     59.756     60.265     7.5923     7.5929  34.510914  34.513325     7.5865     7.5872    33.5389    33.5409    26.1863    26.1877     3.9605     4.1554    120.609    126.543     1.3394     1.3236     0.0415     0.0129     3.2869     1.5824     0.0000 -124.82388   47.11336      80.90          6  0.000e+00
      32549   1356.167     59.729     60.239     7.5924     7.5927  34.510914  34.513137     7.5867     7.5870    33.5388    33.5409    26.1861    26.1877     3.9605     4.1554    120.609    126.543     1.3394     1.3236     0.0415     0.0129     3.2882     1.5836     0.0000 -124.82388   47.11336      80.90          6  0.000e+00
      32550   1356.208     59.756     60.265     7.5923     7.5931  34.511102  34.513263     7.5865     7.5874    33.5391    33.5407    26.1864    26.1875     3.9605     4.1553    120.609    126.542     1.3394     1.3236     0.0415     0.0129     3.2882     1.5836     0.0000 -124.82388   47.11336      80.90          6  0.000e+00
      32551   1356.250     59.776     60.285     7.5924     7.5929  34.511227  34.513388     7.5867     7.5872    33.5391    33.5410    26.1864    26.1878     3.9548     4.1554    120.436    126.543     1.3382     1.3236     0.0415     0.0129     3.2882     1.5836     0.0000 -124.82388   47.11336      80.90          6  0.000e+00
      32552   1356.292     59.756     60.265     7.5924     7.5929  34.511227  34.513888     7.5867     7.5872    33.5391    33.5415    26.1864    26.1882     3.9605     4.1553    120.609    126.542     1.3394     1.3236     0.0415     0.0129     3.2869     1.5836     0.0000 -124.82388   47.11336      80.90          6  0.000e+00
      32553   1356.333     59.776     60.285     7.5923     7.5927  34.511227  34.513513     7.5865     7.5870    33.5393    33.5413    26.1865    26.1881     3.9605     4.1554    120.609    126.543     1.3394     1.3236     0.0415     0.0129     3.2882     1.5836     0.0000 -124.82388   47.11336      80.90          6  0.000e+00
      32554   1356.375     59.756     60.265     7.5924     7.5927  34.510977  34.513638     7.5867     7.5870    33.5389    33.5414    26.1862    26.1881     3.9548     4.1554    120.436    126.543     1.3382     1.3236     0.0415     0.0129     3.2869     1.5836     0.0000 -124.82388   47.11336      80.90          6  0.000e+00
      32555   1356.417     59.729     60.239     7.5923     7.5927  34.510664  34.513512     7.5865     7.5870    33.5387    33.5413    26.1861    26.1880     3.9548     4.1553    120.436    126.543     1.3382     1.3236     0.0415     0.0129     3.2869     1.5836     0.0000 -124.82388   47.11336      80.90          6  0.000e+00
      32556   1356.458     59.756     60.265     7.5923     7.5931  34.511039  34.513075     7.5865     7.5874    33.5391    33.5405    26.1864    26.1874     3.9548     4.1553    120.436    126.543     1.3382     1.3236     0.0415     0.0129     3.2869     1.5836     0.0000 -124.82388   47.11336      80.88          6  0.000e+00
      32557   1356.500     59.776     60.285     7.5924     7.5927  34.511665  34.513325     7.5867     7.5870    33.5396    33.5411    26.1868    26.1879     3.9548     4.1554    120.436    126.544     1.3382     1.3236     0.0415     0.0129     3.2869     1.5836     0.0000 -124.82388   47.11336      80.88          6  0.000e+00
      32558   1356.542     59.729     60.239     7.5923     7.5927  34.511102  34.513325     7.5865     7.5870    33.5392    33.5411    26.1864    26.1879     3.9548     4.1554    120.436    126.543     1.3382     1.3236     0.0415     0.0129     3.2869     1.5836     0.0000 -124.82388   47.11336      80.88          6  0.000e+00
      32559   1356.583     59.756     60.265     7.5923     7.5929  34.510914  34.513388     7.5865     7.5872    33.5389    33.5410    26.1863    26.1878     3.9548     4.1554    120.437    126.543     1.3382     1.3236     0.0415     0.0129     3.2869     1.5836     0.0000 -124.82388   47.11336      80.88          6  0.000e+00
      32560   1356.625     59.776     60.285     7.5924     7.5927  34.511102  34.513450     7.5867     7.5870    33.5390    33.5412    26.1863    26.1880     3.9548     4.1492    120.436    126.355     1.3382     1.3223     0.0415     0.0129     3.2882     1.5836     0.0000 -124.82388   47.11336      80.88          6  0.000e+00
      32561   1356.667     59.756     60.265     7.5924     7.5929  34.510977  34.513075     7.5867     7.5872    33.5389    33.5406    26.1862    26.1875     3.9548     4.1492    120.436    126.355     1.3382     1.3223     0.0415     0.0129     3.2882     1.5836     0.0000 -124.82388   47.11336      80.88          6  0.000e+00
      32562   1356.708     59.729     60.239     7.5924     7.5926  34.510914  34.513075     7.5867     7.5869    33.5388    33.5410    26.1861    26.1878     3.9491     4.1492    120.263    126.355     1.3370     1.3223     0.0415     0.0129     3.2882     1.5836     0.0000 -124.82388   47.11336      80.88          6  0.000e+00
      32563   1356.750     59.756     60.265     7.5923     7.5927  34.510914  34.513138     7.5865     7.5870    33.5389    33.5409    26.1863    26.1877     3.9548     4.1492    120.437    126.355     1.3382     1.3223     0.0415     0.0129     3.2869     1.5836     0.0000 -124.82388   47.11336      80.85          6  0.000e+00
      32564   1356.792     59.776     60.285     7.5924     7.5929  34.510914  34.513013     7.5867     7.5872    33.5388    33.5406    26.1861    26.1875     3.9548     4.1492    120.437    126.355     1.3382     1.3223     0.0415     0.0129     3.2869     1.5836     0.0000 -124.82388   47.11336      80.85          6  0.000e+00
      32565   1356.833     59.703     60.212     7.5924     7.5927  34.510914  34.513325     7.5867     7.5870    33.5388    33.5411    26.1862    26.1879     3.9491     4.1491    120.263    126.354     1.3370     1.3223     0.0415     0.0129     3.2869     1.5836     0.0000 -124.82388   47.11336      80.85          6  0.000e+00
      32566   1356.875     59.776     60.285     7.5926     7.5929  34.511102  34.513325     7.5869     7.5872    33.5388    33.5409    26.1861    26.1877     3.9548     4.1492    120.436    126.355     1.3382     1.3223     0.0415     0.0129     3.2869     1.5836     0.0000 -124.82388   47.11336      80.85          6  0.000e+00
      32567   1356.917     59.756     60.265     7.5924     7.5927  34.510977  34.513138     7.5867     7.5870    33.5389    33.5409    26.1862    26.1877     3.9548     4.1492    120.436    126.355     1.3382     1.3223     0.0415     0.0129     3.2869     1.5836     0.0000 -124.82388   47.11336      80.85          6  0.000e+00
      32568   1356.958     59.729     60.239     7.5923     7.5927  34.511102  34.513325     7.5865     7.5870    33.5392    33.5411    26.1864    26.1879     3.9491     4.1492    120.263    126.354     1.3370     1.3223     0.0415     0.0129     3.2882     1.5836     0.0000 -124.82388   47.11336      80.90          6  0.000e+00
      32569   1357.000     59.756     60.265     7.5924     7.5929  34.511227  34.512888     7.5867     7.5872    33.5391    33.5405    26.1864    26.1874     3.9548     4.1492    120.436    126.355     1.3382     1.3223     0.0415     0.0129     3.2882     1.5836     0.0000 -124.82388   47.11336      80.93          6  0.000e+00
      32570   1357.042     59.729     60.239     7.5924     7.5927  34.510976  34.513013     7.5867     7.5870    33.5389    33.5408    26.1862    26.1876     3.9548     4.1492    120.436    126.355     1.3382     1.3223     0.0415     0.0129     3.2869     1.5836     0.0000 -124.82388   47.11336      80.93          6  0.000e+00
