WCOA/WCOA-6/CTD_Data/RB2102_CTD_050_01.ros
* Sea-Bird SBE 9 Data File:
* FileName = C:\Users\scs.user.rb\CTD\RB2102\Data\RB2102_CTD_050_01.hex
* Software Version Seasave V 7.26.7.107
* Temperature SN = 6202
* Conductivity SN = 4907
* Number of Bytes Per Scan = 41
* Number of Voltage Words = 4
* Number of Scans Averaged by the Deck Unit = 1
* NMEA Latitude = 44 39.10 N
* NMEA Longitude = 124 17.75 W
* NMEA UTC (Time) = Jul 04 2021  09:34:07
* NMEA baud rate = 4800
# nquan = 30
# nvalues = 882                                   
# units = specified
# name 0 = scan: Scan Count
# name 1 = timeS: Time, Elapsed [seconds]
# name 2 = depSM: Depth [salt water, m]
# name 3 = prDM: Pressure, Digiquartz [db]
# name 4 = t090C: Temperature [ITS-90, deg C]
# name 5 = t190C: Temperature, 2 [ITS-90, deg C]
# name 6 = c0mS/cm: Conductivity [mS/cm]
# name 7 = c1mS/cm: Conductivity, 2 [mS/cm]
# name 8 = potemp090C: Potential Temperature [ITS-90, deg C]
# name 9 = potemp190C: Potential Temperature, 2 [ITS-90, deg C]
# name 10 = sal00: Salinity, Practical [PSU]
# name 11 = sal11: Salinity, Practical, 2 [PSU]
# name 12 = sigma-é00: Density [sigma-theta, kg/m^3]
# name 13 = sigma-é11: Density, 2 [sigma-theta, kg/m^3]
# name 14 = sbeox0Mg/L: Oxygen, SBE 43 [mg/l]
# name 15 = sbeox1Mg/L: Oxygen, SBE 43, 2 [mg/l]
# name 16 = sbox0Mm/Kg: Oxygen, SBE 43 [umol/kg]
# name 17 = sbox1Mm/Kg: Oxygen, SBE 43, 2 [umol/kg]
# name 18 = sbeox0V: Oxygen raw, SBE 43 [V]
# name 19 = sbeox1V: Oxygen raw, SBE 43, 2 [V]
# name 20 = v4: Voltage 4
# name 21 = flECO-AFL: Fluorescence, WET Labs ECO-AFL/FL [mg/m^3]
# name 22 = v3: Voltage 3
# name 23 = v6: Voltage 6
# name 24 = v7: Voltage 7
# name 25 = longitude: Longitude [deg]
# name 26 = latitude: Latitude [deg]
# name 27 = altM: Altimeter [m]
# name 28 = nbf: Bottles Fired
# name 29 = flag:  0.000e+00
# interval = seconds: 0.0416667
# start_time = Jul 04 2021 09:34:07 [NMEA time, header]
# bad_flag = -9.990e-29
*END*
[from data line 291]
      28155   1173.083     40.433     40.766     7.5955     7.5965  34.689277  34.688869     7.5916     7.5926    33.7378    33.7364    26.3419    26.3406     2.3972     2.4993     72.990     76.101     1.0049     0.9988     0.0464     0.1350     3.3504     0.0000     0.0000 -124.29758   44.65180      41.39          6  0.000e+00
      28156   1173.125     40.386     40.720     7.5952     7.5966  34.688963  34.689432     7.5913     7.5928    33.7378    33.7369    26.3419    26.3410     2.3972     2.5055     72.990     76.288     1.0049     1.0000     0.0464     0.1350     3.3504     0.0000     0.0000 -124.29758   44.65180      41.39          6  0.000e+00
      28157   1173.167     40.386     40.720     7.5953     7.5967  34.688963  34.689432     7.5914     7.5929    33.7377    33.7368    26.3418    26.3409     2.3972     2.5055     72.990     76.287     1.0049     1.0000     0.0464     0.1350     3.3504     0.0000     0.0000 -124.29758   44.65180      41.39          6  0.000e+00
      28196   1174.792     39.698     40.026     7.5970     7.5973  34.687707  34.688803     7.5932     7.5935    33.7351    33.7359    26.3395    26.3401     2.3913     2.4991     72.810     76.092     1.0037     0.9988     0.0464     0.1350     3.3504     0.0000     0.0000 -124.29758   44.65180      42.17          7  0.000e+00
      28197   1174.833     39.698     40.026     7.5971     7.5973  34.687457  34.688741     7.5933     7.5935    33.7346    33.7358    26.3391    26.3400     2.3913     2.4929     72.810     75.905     1.0037     0.9976     0.0464     0.1350     3.3504     0.0000     0.0000 -124.29758   44.65180      42.20          7  0.000e+00
      28198   1174.875     39.605     39.932     7.5972     7.5970  34.687519  34.688741     7.5934     7.5932    33.7346    33.7362    26.3391    26.3404     2.3912     2.4990     72.809     76.092     1.0037     0.9988     0.0464     0.1350     3.3492     0.0000     0.0000 -124.29758   44.65180      42.22          7  0.000e+00
      28199   1174.917     39.605     39.932     7.5969     7.5972  34.687958  34.688928     7.5931     7.5934    33.7354    33.7362    26.3398    26.3403     2.3912     2.4929     72.809     75.904     1.0037     0.9976     0.0464     0.1350     3.3504     0.0000     0.0000 -124.29758   44.65180      42.22          7  0.000e+00
      28200   1174.958     39.652     39.979     7.5971     7.5973  34.687456  34.689054     7.5933     7.5935    33.7347    33.7362    26.3392    26.3403     2.3912     2.4990     72.810     76.092     1.0037     0.9988     0.0464     0.1350     3.3504     0.0000     0.0000 -124.29758   44.65180      42.20          7  0.000e+00
      28201   1175.000     39.606     39.932     7.5969     7.5971  34.687394  34.688803     7.5931     7.5933    33.7348    33.7361    26.3393    26.3403     2.3912     2.4990     72.810     76.092     1.0037     0.9988     0.0464     0.1350     3.3504     0.0000     0.0000 -124.29758   44.65180      42.20          7  0.000e+00
      28202   1175.042     39.652     39.979     7.5970     7.5973  34.687519  34.688929     7.5932     7.5935    33.7349    33.7361    26.3393    26.3402     2.3913     2.4990     72.810     76.092     1.0037     0.9988     0.0464     0.1350     3.3504     0.0000     0.0000 -124.29758   44.65180      42.30          7  0.000e+00
      28203   1175.083     39.606     39.932     7.5971     7.5975  34.687456  34.688803     7.5933     7.5937    33.7347    33.7358    26.3392    26.3400     2.3912     2.4990     72.809     76.091     1.0037     0.9988     0.0464     0.1350     3.3504     0.0000     0.0000 -124.29758   44.65180      42.37          7  0.000e+00
      28204   1175.125     39.553     39.879     7.5970     7.5971  34.687268  34.688928     7.5932     7.5933    33.7346    33.7363    26.3392    26.3405     2.3912     2.4929     72.809     75.903     1.0037     0.9976     0.0464     0.1350     3.3504     0.0000     0.0000 -124.29758   44.65180      42.37          7  0.000e+00
      28205   1175.167     39.606     39.932     7.5971     7.5973  34.687832  34.688803     7.5933     7.5935    33.7351    33.7359    26.3395    26.3401     2.3912     2.4929     72.809     75.904     1.0037     0.9976     0.0464     0.1350     3.3504     0.0000     0.0000 -124.29758   44.65180      42.37          7  0.000e+00
      28206   1175.208     39.553     39.879     7.5972     7.5970  34.687707  34.688740     7.5935     7.5932    33.7348    33.7362    26.3393    26.3404     2.3912     2.4929     72.809     75.904     1.0037     0.9976     0.0464     0.1350     3.3504     0.0000     0.0000 -124.29758   44.65180      42.34          7  0.000e+00
      28207   1175.250     39.553     39.879     7.5970     7.5971  34.687456  34.688740     7.5932     7.5933    33.7349    33.7361    26.3393    26.3403     2.3912     2.4929     72.809     75.903     1.0037     0.9976     0.0464     0.1350     3.3504     0.0000     0.0000 -124.29758   44.65180      42.34          7  0.000e+00
      28208   1175.292     39.553     39.879     7.5972     7.5971  34.687268  34.688239     7.5935     7.5933    33.7344    33.7355    26.3389    26.3398     2.3912     2.4990     72.809     76.091     1.0037     0.9988     0.0464     0.1350     3.3504     0.0000     0.0000 -124.29758   44.65180      42.39          7  0.000e+00
      28209   1175.333     39.553     39.879     7.5972     7.5972  34.687143  34.688803     7.5935     7.5934    33.7342    33.7361    26.3388    26.3402     2.3912     2.4928     72.809     75.903     1.0037     0.9976     0.0464     0.1350     3.3516     0.0000     0.0000 -124.29758   44.65180      42.42          7  0.000e+00
      28210   1175.375     39.553     39.879     7.5972     7.5970  34.687456  34.688803     7.5935     7.5932    33.7346    33.7363    26.3391    26.3405     2.3912     2.4929     72.809     75.904     1.0037     0.9976     0.0464     0.1350     3.3504     0.0000     0.0000 -124.29758   44.65180      42.44          7  0.000e+00
      28211   1175.417     39.553     39.879     7.5972     7.5971  34.687707  34.688740     7.5935     7.5933    33.7348    33.7361    26.3393    26.3403     2.3912     2.4990     72.809     76.091     1.0037     0.9988     0.0464     0.1350     3.3504     0.0000     0.0000 -124.29758   44.65180      42.44          7  0.000e+00
      28212   1175.458     39.553     39.879     7.5972     7.5970  34.687519  34.688740     7.5935     7.5932    33.7346    33.7362    26.3391    26.3404     2.3856     2.4929     72.637     75.904     1.0024     0.9976     0.0464     0.1350     3.3492     0.0000     0.0000 -124.29758   44.65180      42.42          7  0.000e+00
      28213   1175.500     39.553     39.879     7.5974     7.5970  34.687268  34.688490     7.5936     7.5932    33.7342    33.7360    26.3387    26.3402     2.3912     2.4929     72.809     75.904     1.0037     0.9976     0.0464     0.1350     3.3504     0.0000     0.0000 -124.29758   44.65180      42.44          7  0.000e+00
      28214   1175.542     39.506     39.832     7.5972     7.5971  34.687393  34.688615     7.5935     7.5933    33.7345    33.7360    26.3390    26.3402     2.3912     2.4928     72.808     75.903     1.0037     0.9976     0.0464     0.1350     3.3516     0.0000     0.0000 -124.29758   44.65180      42.44          7  0.000e+00
      28215   1175.583     39.553     39.879     7.5972     7.5970  34.687080  34.688490     7.5935     7.5932    33.7342    33.7360    26.3387    26.3402     2.3912     2.4990     72.809     76.092     1.0037     0.9988     0.0464     0.1350     3.3492     0.0000     0.0000 -124.29758   44.65180      42.42          7  0.000e+00
      28216   1175.625     39.506     39.832     7.5974     7.5970  34.687331  34.688427     7.5936     7.5932    33.7343    33.7359    26.3388    26.3402     2.3912     2.4990     72.808     76.091     1.0037     0.9988     0.0464     0.1350     3.3504     0.0000     0.0000 -124.29758   44.65180      42.44          7  0.000e+00
      28217   1175.667     39.553     39.879     7.5972     7.5970  34.687268  34.688427     7.5935     7.5932    33.7344    33.7359    26.3389    26.3401     2.3912     2.4929     72.809     75.904     1.0037     0.9976     0.0476     0.1655     3.3516     0.0000     0.0000 -124.29758   44.65180      42.44          7  0.000e+00
      28218   1175.708     39.553     39.879     7.5972     7.5968  34.687393  34.688615     7.5935     7.5930    33.7345    33.7362    26.3390    26.3404     2.3912     2.4990     72.809     76.092     1.0037     0.9988     0.0476     0.1655     3.3492     0.0000     0.0000 -124.29758   44.65180      42.42          7  0.000e+00
      28219   1175.750     39.553     39.879     7.5972     7.5971  34.687519  34.688490     7.5935     7.5933    33.7346    33.7359    26.3391    26.3401     2.3912     2.4929     72.809     75.904     1.0037     0.9976     0.0476     0.1655     3.3492     0.0000     0.0000 -124.29758   44.65180      42.42          7  0.000e+00
      28220   1175.792     39.506     39.832     7.5974     7.5971  34.687205  34.688427     7.5936     7.5933    33.7342    33.7358    26.3387    26.3400     2.3912     2.4928     72.808     75.903     1.0037     0.9976     0.0476     0.1655     3.3492     0.0000     0.0000 -124.29758   44.65180      42.47          7  0.000e+00
      28221   1175.833     39.506     39.832     7.5972     7.5971  34.687205  34.688615     7.5935     7.5933    33.7343    33.7360    26.3389    26.3402     2.3912     2.4928     72.808     75.903     1.0037     0.9976     0.0476     0.1655     3.3492     0.0000     0.0000 -124.29758   44.65180      42.49          7  0.000e+00
      28222   1175.875     39.606     39.932     7.5974     7.5970  34.687143  34.688741     7.5936     7.5932    33.7341    33.7362    26.3387    26.3404     2.3912     2.4929     72.809     75.904     1.0037     0.9976     0.0476     0.1655     3.3492     0.0000     0.0000 -124.29758   44.65180      42.49          7  0.000e+00
      28223   1175.917     39.506     39.832     7.5974     7.5970  34.686955  34.688239     7.5936     7.5932    33.7339    33.7357    26.3385    26.3400     2.3912     2.4929     72.808     75.904     1.0037     0.9976     0.0476     0.1655     3.3492     0.0000     0.0000 -124.29758   44.65180      42.49          7  0.000e+00
      28224   1175.958     39.606     39.932     7.5976     7.5971  34.687331  34.689054     7.5938     7.5933    33.7341    33.7364    26.3386    26.3406     2.3912     2.4929     72.809     75.904     1.0037     0.9976     0.0476     0.1655     3.3504     0.0000     0.0000 -124.29758   44.65180      42.49          7  0.000e+00
      28225   1176.000     39.553     39.879     7.5974     7.5970  34.687080  34.688427     7.5936     7.5932    33.7340    33.7359    26.3386    26.3401     2.3912     2.4929     72.809     75.904     1.0037     0.9976     0.0476     0.1655     3.3516     0.0000     0.0000 -124.29758   44.65180      42.49          7  0.000e+00
      28226   1176.042     39.553     39.879     7.5974     7.5970  34.687331  34.688803     7.5936     7.5932    33.7343    33.7363    26.3388    26.3405     2.3912     2.4929     72.809     75.904     1.0037     0.9976     0.0476     0.1655     3.3504     0.0000     0.0000 -124.29758   44.65180      42.54          7  0.000e+00
      28227   1176.083     39.553     39.879     7.5972     7.5970  34.687080  34.689054     7.5935     7.5932    33.7342    33.7366    26.3387    26.3407     2.3912     2.4929     72.809     75.903     1.0037     0.9976     0.0476     0.1655     3.3492     0.0000     0.0000 -124.29758   44.65180      42.56          7  0.000e+00
      28228   1176.125     39.606     39.932     7.5974     7.5971  34.687331  34.688553     7.5936     7.5933    33.7343    33.7359    26.3388    26.3401     2.3912     2.4929     72.809     75.904     1.0037     0.9976     0.0476     0.1655     3.3516     0.0000     0.0000 -124.29758   44.65180      42.59          7  0.000e+00
      28229   1176.167     39.553     39.879     7.5976     7.5970  34.687769  34.688615     7.5938     7.5932    33.7346    33.7361    26.3390    26.3403     2.3912     2.4929     72.808     75.904     1.0037     0.9976     0.0476     0.1655     3.3492     0.0000     0.0000 -124.29758   44.65180      42.59          7  0.000e+00
      28230   1176.208     39.606     39.932     7.5972     7.5971  34.687519  34.688490     7.5934     7.5933    33.7346    33.7358    26.3391    26.3401     2.3912     2.4929     72.809     75.904     1.0037     0.9976     0.0476     0.1655     3.3492     0.0000     0.0000 -124.29758   44.65180      42.59          7  0.000e+00
      28231   1176.250     39.606     39.933     7.5974     7.5971  34.687519  34.688177     7.5936     7.5933    33.7345    33.7354    26.3390    26.3398     2.3912     2.4929     72.809     75.904     1.0037     0.9976     0.0476     0.1655     3.3492     0.0000     0.0000 -124.29758   44.65180      42.56          7  0.000e+00
      28232   1176.292     39.652     39.979     7.5974     7.5971  34.687206  34.688302     7.5936     7.5933    33.7341    33.7356    26.3386    26.3399     2.3912     2.4929     72.810     75.905     1.0037     0.9976     0.0476     0.1655     3.3504     0.0000     0.0000 -124.29758   44.65180      42.52          7  0.000e+00
      28233   1176.333     39.606     39.933     7.5972     7.5970  34.687206  34.688615     7.5934     7.5932    33.7343    33.7361    26.3388    26.3403     2.3969     2.4990     72.981     76.092     1.0049     0.9988     0.0476     0.1655     3.3492     0.0000     0.0000 -124.29758   44.65180      42.42          7  0.000e+00
      28234   1176.375     39.652     39.979     7.5974     7.5971  34.687644  34.688929     7.5936     7.5933    33.7345    33.7362    26.3390    26.3404     2.3969     2.4929     72.981     75.904     1.0049     0.9976     0.0476     0.1655     3.3492     0.0000     0.0000 -124.29758   44.65180      42.42          7  0.000e+00
      28235   1176.417     39.606     39.933     7.5974     7.5971  34.687268  34.688803     7.5936     7.5933    33.7342    33.7362    26.3388    26.3403     2.3969     2.4990     72.981     76.092     1.0049     0.9988     0.0476     0.1655     3.3492     0.0000     0.0000 -124.29758   44.65180      42.42          7  0.000e+00
      28236   1176.458     39.699     40.026     7.5972     7.5970  34.687457  34.688741     7.5934     7.5932    33.7345    33.7362    26.3390    26.3403     2.3969     2.4929     72.982     75.905     1.0049     0.9976     0.0476     0.1655     3.3492     0.0000     0.0000 -124.29758   44.65180      42.42          7  0.000e+00
      28237   1176.500     39.652     39.979     7.5972     7.5971  34.687018  34.688929     7.5934     7.5933    33.7341    33.7362    26.3387    26.3404     2.3969     2.4929     72.982     75.904     1.0049     0.9976     0.0476     0.1655     3.3492     0.0000     0.0000 -124.29758   44.65180      42.42          7  0.000e+00
      28238   1176.542     39.699     40.026     7.5974     7.5968  34.687394  34.689054     7.5936     7.5930    33.7343    33.7366    26.3388    26.3407     2.3969     2.4991     72.982     76.093     1.0049     0.9988     0.0476     0.1655     3.3492     0.0000     0.0000 -124.29758   44.65180      42.39          7  0.000e+00
      28239   1176.583     39.699     40.026     7.5974     7.5968  34.687457  34.689054     7.5936     7.5930    33.7344    33.7366    26.3389    26.3407     2.3969     2.4929     72.982     75.905     1.0049     0.9976     0.0476     0.1655     3.3504     0.0000     0.0000 -124.29758   44.65180      42.37          7  0.000e+00
