WCOA/WCOA-6/CTD_Data/RB2102_CTD_006_01.cnv
* Sea-Bird SBE 9 Data File:
* FileName = C:\Users\scs.user.rb\CTD\RB2102\Data\RB2102_CTD_006_01.hex
* Software Version Seasave V 7.26.7.107
* Temperature SN = 6202
* Conductivity SN = 4907
* Number of Bytes Per Scan = 41
* Number of Voltage Words = 4
* Number of Scans Averaged by the Deck Unit = 1
* NMEA Latitude = 52 01.06 N
* NMEA Longitude = 129 58.22 W
* NMEA UTC (Time) = Jun 26 2021  04:00:57
* NMEA baud rate = 4800
# nquan = 6
# nvalues = 58609                                 
# units = specified
# name 0 = prDM: Pressure, Digiquartz [db]
# name 1 = depSM: Depth [salt water, m]
# name 2 = t090C: Temperature [ITS-90, deg C]
# name 3 = sal00: Salinity, Practical [PSU]
# name 4 = c0S/m: Conductivity [S/m]
# name 5 = flag:  0.000e+00
# span 0 =      0.614,    121.312                 
# span 1 =      0.608,    120.214                 
# span 2 =     6.6431,    14.9953                 
# span 3 =     0.0000,    33.2906                 
# span 4 =  -0.000047,   3.794307                 
# span 5 = 0.0000e+00, 0.0000e+00                 
# interval = seconds: 0.0416667
# start_time = Jun 26 2021 04:00:58 [System UTC, first data scan.]
# bad_flag = -9.990e-29
*END*
[from data line 32239]
     70.445     69.816     7.4709    32.4199   3.337092  0.000e+00
     70.358     69.730     7.4718    32.4188   3.337067  0.000e+00
     70.411     69.783     7.4725    32.4179   3.337048  0.000e+00
     70.358     69.730     7.4722    32.4177   3.336999  0.000e+00
     70.391     69.763     7.4725    32.4173   3.336987  0.000e+00
     70.411     69.783     7.4723    32.4176   3.337005  0.000e+00
     70.358     69.730     7.4697    32.4199   3.336993  0.000e+00
     70.411     69.783     7.4699    32.4197   3.336987  0.000e+00
     70.391     69.763     7.4704    32.4187   3.336937  0.000e+00
     70.411     69.783     7.4722    32.4181   3.337036  0.000e+00
     70.411     69.783     7.4744    32.4167   3.337098  0.000e+00
     70.411     69.783     7.4760    32.4162   3.337196  0.000e+00
     70.391     69.763     7.4762    32.4166   3.337246  0.000e+00
     70.458     69.829     7.4763    32.4168   3.337277  0.000e+00
     70.458     69.829     7.4826    32.4120   3.337382  0.000e+00
     70.391     69.763     7.4897    32.4058   3.337412  0.000e+00
     70.458     69.829     7.4888    32.4051   3.337270  0.000e+00
     70.458     69.829     7.4865    32.4072   3.337270  0.000e+00
     70.458     69.829     7.4868    32.4076   3.337332  0.000e+00
     70.492     69.863     7.4880    32.4073   3.337412  0.000e+00
     70.458     69.830     7.4901    32.4061   3.337480  0.000e+00
     70.458     69.830     7.4925    32.4045   3.337542  0.000e+00
     70.458     69.830     7.4938    32.4033   3.337536  0.000e+00
     70.492     69.863     7.4926    32.4047   3.337573  0.000e+00
     70.505     69.876     7.4923    32.4057   3.337635  0.000e+00
     70.458     69.830     7.4892    32.4083   3.337610  0.000e+00
     70.505     69.876     7.4858    32.4110   3.337567  0.000e+00
     70.492     69.863     7.4866    32.4109   3.337629  0.000e+00
     70.505     69.876     7.4874    32.4104   3.337653  0.000e+00
     70.505     69.876     7.4881    32.4095   3.337628  0.000e+00
     70.559     69.929     7.4894    32.4077   3.337573  0.000e+00
     70.492     69.863     7.4857    32.4096   3.337425  0.000e+00
     70.605     69.975     7.4831    32.4117   3.337400  0.000e+00
     70.505     69.876     7.4813    32.4127   3.337338  0.000e+00
     70.639     70.008     7.4799    32.4138   3.337320  0.000e+00
     70.559     69.929     7.4800    32.4139   3.337338  0.000e+00
     70.559     69.929     7.4828    32.4127   3.337462  0.000e+00
     70.605     69.975     7.4852    32.4108   3.337499  0.000e+00
     70.639     70.008     7.4865    32.4098   3.337524  0.000e+00
     70.605     69.975     7.4872    32.4090   3.337505  0.000e+00
     70.605     69.975     7.4880    32.4087   3.337542  0.000e+00
     70.605     69.975     7.4878    32.4085   3.337511  0.000e+00
     70.639     70.009     7.4874    32.4092   3.337542  0.000e+00
     70.605     69.975     7.4881    32.4090   3.337579  0.000e+00
     70.659     70.028     7.4894    32.4081   3.337610  0.000e+00
     70.606     69.975     7.4905    32.4072   3.337622  0.000e+00
     70.639     70.009     7.4909    32.4070   3.337641  0.000e+00
     70.659     70.028     7.4926    32.4055   3.337653  0.000e+00
     70.659     70.029     7.4946    32.4042   3.337696  0.000e+00
     70.659     70.029     7.5000    32.4005   3.337826  0.000e+00
     70.692     70.062     7.5034    32.3971   3.337814  0.000e+00
     70.659     70.029     7.5063    32.3943   3.337801  0.000e+00
     70.706     70.075     7.5042    32.3952   3.337709  0.000e+00
     70.706     70.075     7.5016    32.3974   3.337684  0.000e+00
     70.693     70.062     7.4981    32.4004   3.337659  0.000e+00
     70.706     70.075     7.4929    32.4049   3.337629  0.000e+00
     70.706     70.075     7.4896    32.4077   3.337598  0.000e+00
     70.706     70.075     7.4854    32.4111   3.337542  0.000e+00
     70.739     70.108     7.4821    32.4139   3.337530  0.000e+00
     70.706     70.075     7.4807    32.4153   3.337530  0.000e+00
     70.706     70.075     7.4839    32.4117   3.337480  0.000e+00
     70.739     70.108     7.4868    32.4091   3.337487  0.000e+00
     70.706     70.075     7.4874    32.4089   3.337517  0.000e+00
     70.706     70.075     7.4873    32.4093   3.337548  0.000e+00
     70.753     70.121     7.4892    32.4076   3.337561  0.000e+00
     70.693     70.062     7.4917    32.4061   3.337629  0.000e+00
     70.659     70.029     7.4912    32.4063   3.337604  0.000e+00
     70.706     70.075     7.4917    32.4059   3.337610  0.000e+00
     70.706     70.075     7.4949    32.4042   3.337733  0.000e+00
     70.693     70.062     7.5022    32.3995   3.337925  0.000e+00
     70.706     70.075     7.5113    32.3926   3.338073  0.000e+00
     70.706     70.075     7.5159    32.3888   3.338122  0.000e+00
     70.659     70.029     7.5168    32.3893   3.338246  0.000e+00
     70.693     70.062     7.5173    32.3893   3.338283  0.000e+00
     70.706     70.075     7.5178    32.3886   3.338264  0.000e+00
     70.706     70.075     7.5191    32.3875   3.338276  0.000e+00
     70.659     70.029     7.5231    32.3850   3.338394  0.000e+00
     70.693     70.062     7.5268    32.3823   3.338455  0.000e+00
     70.659     70.029     7.5320    32.3782   3.338529  0.000e+00
     70.706     70.075     7.5336    32.3765   3.338511  0.000e+00
     70.606     69.976     7.5338    32.3760   3.338474  0.000e+00
     70.639     70.009     7.5348    32.3756   3.338529  0.000e+00
     70.606     69.976     7.5362    32.3746   3.338554  0.000e+00
     70.606     69.976     7.5388    32.3732   3.338647  0.000e+00
     70.606     69.976     7.5407    32.3717   3.338678  0.000e+00
     70.539     69.910     7.5430    32.3701   3.338721  0.000e+00
     70.559     69.930     7.5444    32.3691   3.338758  0.000e+00
     70.559     69.930     7.5449    32.3690   3.338789  0.000e+00
     70.539     69.910     7.5450    32.3690   3.338795  0.000e+00
     70.506     69.877     7.5448    32.3690   3.338776  0.000e+00
     70.459     69.830     7.5448    32.3692   3.338789  0.000e+00
     70.506     69.877     7.5444    32.3694   3.338776  0.000e+00
     70.493     69.864     7.5442    32.3692   3.338745  0.000e+00
     70.412     69.784     7.5448    32.3687   3.338739  0.000e+00
     70.459     69.831     7.5444    32.3694   3.338782  0.000e+00
     70.412     69.784     7.5438    32.3695   3.338727  0.000e+00
     70.446     69.817     7.5433    32.3699   3.338727  0.000e+00
     70.359     69.731     7.5440    32.3695   3.338739  0.000e+00
     70.413     69.784     7.5452    32.3685   3.338758  0.000e+00
     70.312     69.685     7.5462    32.3679   3.338789  0.000e+00
     70.346     69.718     7.5462    32.3683   3.338819  0.000e+00
     70.312     69.685     7.5467    32.3681   3.338844  0.000e+00
     70.266     69.639     7.5472    32.3682   3.338900  0.000e+00
     70.246     69.619     7.5472    32.3682   3.338893  0.000e+00
     70.266     69.639     7.5471    32.3681   3.338887  0.000e+00
     70.212     69.586     7.5470    32.3688   3.338931  0.000e+00
     70.165     69.539     7.5467    32.3690   3.338924  0.000e+00
     70.145     69.520     7.5472    32.3685   3.338918  0.000e+00
     70.112     69.487     7.5473    32.3678   3.338869  0.000e+00
     70.112     69.487     7.5468    32.3681   3.338856  0.000e+00
     70.065     69.440     7.5468    32.3679   3.338832  0.000e+00
     70.099     69.473     7.5457    32.3687   3.338807  0.000e+00
     70.019     69.394     7.5441    32.3699   3.338776  0.000e+00
     70.019     69.394     7.5428    32.3708   3.338745  0.000e+00
     69.999     69.374     7.5418    32.3714   3.338714  0.000e+00
     70.019     69.394     7.5413    32.3712   3.338659  0.000e+00
     69.918     69.295     7.5407    32.3711   3.338597  0.000e+00
     69.918     69.295     7.5389    32.3727   3.338585  0.000e+00
     69.952     69.328     7.5366    32.3749   3.338585  0.000e+00
     69.865     69.242     7.5342    32.3761   3.338492  0.000e+00
     69.865     69.242     7.5321    32.3778   3.338467  0.000e+00
     69.818     69.195     7.5317    32.3777   3.338418  0.000e+00
     69.805     69.182     7.5310    32.3784   3.338424  0.000e+00
     69.772     69.149     7.5291    32.3798   3.338387  0.000e+00
     69.772     69.149     7.5265    32.3818   3.338350  0.000e+00
     69.752     69.129     7.5234    32.3841   3.338295  0.000e+00
     69.718     69.096     7.5211    32.3857   3.338239  0.000e+00
     69.671     69.050     7.5220    32.3851   3.338264  0.000e+00
     69.671     69.050     7.5237    32.3844   3.338350  0.000e+00
     69.651     69.030     7.5242    32.3835   3.338301  0.000e+00
     69.618     68.997     7.5244    32.3832   3.338282  0.000e+00
     69.571     68.951     7.5241    32.3834   3.338282  0.000e+00
     69.605     68.984     7.5247    32.3826   3.338264  0.000e+00
     69.571     68.951     7.5247    32.3826   3.338258  0.000e+00
     69.571     68.951     7.5241    32.3826   3.338208  0.000e+00
     69.525     68.904     7.5240    32.3830   3.338239  0.000e+00
     69.558     68.938     7.5246    32.3829   3.338276  0.000e+00
     69.525     68.904     7.5252    32.3824   3.338282  0.000e+00
     69.471     68.852     7.5260    32.3817   3.338282  0.000e+00
     69.505     68.885     7.5265    32.3815   3.338301  0.000e+00
     69.471     68.852     7.5268    32.3811   3.338295  0.000e+00
     69.425     68.805     7.5268    32.3809   3.338282  0.000e+00
     69.471     68.852     7.5262    32.3815   3.338282  0.000e+00
     69.458     68.838     7.5260    32.3817   3.338282  0.000e+00
     69.378     68.759     7.5255    32.3822   3.338282  0.000e+00
     69.425     68.805     7.5254    32.3821   3.338264  0.000e+00
     69.358     68.739     7.5260    32.3819   3.338294  0.000e+00
     69.378     68.759     7.5264    32.3813   3.338270  0.000e+00
     69.378     68.759     7.5263    32.3814   3.338276  0.000e+00
     69.405     68.785     7.5262    32.3816   3.338282  0.000e+00
     69.278     68.660     7.5262    32.3819   3.338307  0.000e+00
     69.378     68.759     7.5252    32.3825   3.338288  0.000e+00
     69.324     68.706     7.5248    32.3826   3.338264  0.000e+00
     69.358     68.739     7.5244    32.3830   3.338257  0.000e+00
     69.324     68.706     7.5229    32.3838   3.338208  0.000e+00
     69.324     68.706     7.5207    32.3850   3.338122  0.000e+00
     69.311     68.693     7.5188    32.3868   3.338122  0.000e+00
     69.325     68.706     7.5170    32.3883   3.338109  0.000e+00
     69.325     68.706     7.5176    32.3878   3.338122  0.000e+00
     69.378     68.759     7.5188    32.3876   3.338202  0.000e+00
     69.311     68.693     7.5204    32.3862   3.338202  0.000e+00
     69.325     68.706     7.5209    32.3854   3.338171  0.000e+00
     69.325     68.706     7.5202    32.3857   3.338140  0.000e+00
     69.311     68.693     7.5194    32.3863   3.338134  0.000e+00
     69.325     68.706     7.5180    32.3877   3.338134  0.000e+00
     69.325     68.706     7.5162    32.3891   3.338109  0.000e+00
     69.325     68.706     7.5136    32.3904   3.338011  0.000e+00
     69.358     68.739     7.5129    32.3911   3.338023  0.000e+00
     69.278     68.660     7.5149    32.3900   3.338085  0.000e+00
     69.378     68.759     7.5184    32.3879   3.338196  0.000e+00
     69.311     68.693     7.5237    32.3842   3.338313  0.000e+00
     69.325     68.706     7.5273    32.3810   3.338319  0.000e+00
     69.325     68.706     7.5252    32.3818   3.338220  0.000e+00
     69.405     68.786     7.5239    32.3832   3.338239  0.000e+00
     69.325     68.706     7.5254    32.3828   3.338319  0.000e+00
     69.378     68.759     7.5271    32.3829   3.338480  0.000e+00
     69.378     68.759     7.5312    32.3802   3.338591  0.000e+00
     69.358     68.740     7.5346    32.3778   3.338659  0.000e+00
     69.425     68.806     7.5375    32.3755   3.338696  0.000e+00
     69.378     68.759     7.5393    32.3742   3.338727  0.000e+00
     69.458     68.839     7.5407    32.3734   3.338782  0.000e+00
     69.378     68.759     7.5417    32.3724   3.338776  0.000e+00
     69.425     68.806     7.5413    32.3719   3.338696  0.000e+00
     69.425     68.806     7.5391    32.3725   3.338566  0.000e+00
     69.459     68.839     7.5294    32.3787   3.338301  0.000e+00
     69.425     68.806     7.5221    32.3847   3.338227  0.000e+00
     69.472     68.852     7.5216    32.3857   3.338270  0.000e+00
     69.405     68.786     7.5228    32.3847   3.338282  0.000e+00
     69.472     68.852     7.5273    32.3819   3.338418  0.000e+00
     69.472     68.852     7.5288    32.3811   3.338467  0.000e+00
     69.472     68.852     7.5294    32.3810   3.338511  0.000e+00
     69.505     68.885     7.5335    32.3785   3.338640  0.000e+00
     69.472     68.852     7.5372    32.3760   3.338720  0.000e+00
     69.525     68.905     7.5399    32.3738   3.338757  0.000e+00
     69.459     68.839     7.5420    32.3727   3.338832  0.000e+00
     69.572     68.952     7.5434    32.3716   3.338856  0.000e+00
     69.525     68.905     7.5441    32.3712   3.338875  0.000e+00
     69.525     68.905     7.5430    32.3718   3.338838  0.000e+00
     69.559     68.938     7.5413    32.3730   3.338807  0.000e+00
     69.572     68.952     7.5418    32.3725   3.338801  0.000e+00
     69.526     68.905     7.5425    32.3719   3.338801  0.000e+00
     69.606     68.985     7.5423    32.3722   3.338819  0.000e+00
     69.572     68.952     7.5434    32.3717   3.338869  0.000e+00
     69.572     68.952     7.5434    32.3721   3.338906  0.000e+00
     69.619     68.998     7.5431    32.3722   3.338893  0.000e+00
     69.559     68.939     7.5446    32.3713   3.338930  0.000e+00
     69.619     68.998     7.5465    32.3701   3.338992  0.000e+00
     69.572     68.952     7.5478    32.3692   3.339011  0.000e+00
     69.606     68.985     7.5484    32.3690   3.339054  0.000e+00
     69.619     68.998     7.5489    32.3692   3.339109  0.000e+00
     69.572     68.952     7.5489    32.3689   3.339085  0.000e+00
     69.619     68.998     7.5494    32.3682   3.339066  0.000e+00
     69.559     68.939     7.5497    32.3682   3.339085  0.000e+00
     69.619     68.998     7.5501    32.3680   3.339097  0.000e+00
     69.619     68.998     7.5497    32.3681   3.339078  0.000e+00
     69.606     68.985     7.5499    32.3682   3.339109  0.000e+00
     69.619     68.998     7.5499    32.3680   3.339085  0.000e+00
     69.619     68.998     7.5500    32.3677   3.339072  0.000e+00
     69.673     69.051     7.5501    32.3677   3.339072  0.000e+00
     69.606     68.985     7.5501    32.3679   3.339091  0.000e+00
     69.619     68.998     7.5497    32.3683   3.339097  0.000e+00
     69.619     68.998     7.5497    32.3683   3.339097  0.000e+00
     69.653     69.031     7.5496    32.3682   3.339078  0.000e+00
     69.619     68.998     7.5493    32.3686   3.339091  0.000e+00
     69.573     68.952     7.5492    32.3686   3.339078  0.000e+00
     69.673     69.051     7.5488    32.3691   3.339091  0.000e+00
     69.559     68.939     7.5483    32.3694   3.339078  0.000e+00
     69.573     68.952     7.5481    32.3695   3.339066  0.000e+00
     69.619     68.998     7.5481    32.3696   3.339085  0.000e+00
     69.559     68.939     7.5483    32.3696   3.339097  0.000e+00
     69.573     68.952     7.5491    32.3689   3.339097  0.000e+00
     69.619     68.998     7.5496    32.3684   3.339097  0.000e+00
     69.526     68.906     7.5494    32.3688   3.339115  0.000e+00
     69.559     68.939     7.5499    32.3685   3.339128  0.000e+00
     69.573     68.952     7.5505    32.3681   3.339146  0.000e+00
     69.526     68.906     7.5505    32.3677   3.339109  0.000e+00
     69.559     68.939     7.5508    32.3675   3.339115  0.000e+00
     69.526     68.906     7.5509    32.3678   3.339146  0.000e+00
