WCOA/WCOA-6/CTD_Data/RB2102_CTD_121_01.ros
* Sea-Bird SBE 9 Data File:
* FileName = C:\Users\scs.user.rb\CTD\RB2102\Data\RB2102_CTD_121_01.hex
* Software Version Seasave V 7.26.7.107
* Temperature SN = 6202
* Conductivity SN = 4907
* Number of Bytes Per Scan = 41
* Number of Voltage Words = 4
* Number of Scans Averaged by the Deck Unit = 1
* NMEA Latitude = 34 04.68 N
* NMEA Longitude = 119 33.43 W
* NMEA UTC (Time) = Jul 19 2021  11:18:40
* NMEA baud rate = 4800
# nquan = 30
# nvalues = 980                                   
# units = specified
# name 0 = scan: Scan Count
# name 1 = timeS: Time, Elapsed [seconds]
# name 2 = depSM: Depth [salt water, m]
# name 3 = prDM: Pressure, Digiquartz [db]
# name 4 = t090C: Temperature [ITS-90, deg C]
# name 5 = t190C: Temperature, 2 [ITS-90, deg C]
# name 6 = c0mS/cm: Conductivity [mS/cm]
# name 7 = c1mS/cm: Conductivity, 2 [mS/cm]
# name 8 = potemp090C: Potential Temperature [ITS-90, deg C]
# name 9 = potemp190C: Potential Temperature, 2 [ITS-90, deg C]
# name 10 = sal00: Salinity, Practical [PSU]
# name 11 = sal11: Salinity, Practical, 2 [PSU]
# name 12 = sigma-é00: Density [sigma-theta, kg/m^3]
# name 13 = sigma-é11: Density, 2 [sigma-theta, kg/m^3]
# name 14 = sbeox0Mg/L: Oxygen, SBE 43 [mg/l]
# name 15 = sbeox1Mg/L: Oxygen, SBE 43, 2 [mg/l]
# name 16 = sbox0Mm/Kg: Oxygen, SBE 43 [umol/kg]
# name 17 = sbox1Mm/Kg: Oxygen, SBE 43, 2 [umol/kg]
# name 18 = sbeox0V: Oxygen raw, SBE 43 [V]
# name 19 = sbeox1V: Oxygen raw, SBE 43, 2 [V]
# name 20 = v4: Voltage 4
# name 21 = flECO-AFL: Fluorescence, WET Labs ECO-AFL/FL [mg/m^3]
# name 22 = v3: Voltage 3
# name 23 = v6: Voltage 6
# name 24 = v7: Voltage 7
# name 25 = longitude: Longitude [deg]
# name 26 = latitude: Latitude [deg]
# name 27 = altM: Altimeter [m]
# name 28 = nbf: Bottles Fired
# name 29 = flag:  0.000e+00
# interval = seconds: 0.0416667
# start_time = Jul 19 2021 11:18:40 [NMEA time, header]
# bad_flag = -9.990e-29
*END*
[from data line 919]
      41353   1723.000      3.245      3.268    19.5884    19.5895  45.790792  45.792707    19.5878    19.5889    33.5900    33.5907    23.7937    23.7939     8.3420     7.9493    254.634    242.645     2.8181     2.5629     0.0781     0.9286     3.2515     0.0269     0.0366 -119.55758   34.07738      85.69         19  0.000e+00
      41354   1723.042      3.245      3.268    19.5882    19.5896  45.790582  45.792917    19.5876    19.5890    33.5900    33.5908    23.7937    23.7940     8.3464     7.9493    254.768    242.645     2.8193     2.5629     0.0781     0.9286     3.2503     0.0269     0.0391 -119.55758   34.07738      85.62         19  0.000e+00
      41355   1723.083      3.245      3.268    19.5884    19.5892  45.790582  45.793338    19.5878    19.5886    33.5899    33.5915    23.7935    23.7945     8.3508     7.9493    254.901    242.645     2.8205     2.5629     0.0781     0.9286     3.2491     0.0269     0.0391 -119.55758   34.07738      85.62         19  0.000e+00
      41356   1723.125      3.212      3.235    19.5882    19.5895  45.791142  45.793618    19.5876    19.5889    33.5905    33.5915    23.7941    23.7945     8.3508     7.9445    254.900    242.499     2.8205     2.5617     0.0781     0.9286     3.2491     0.0269     0.0379 -119.55758   34.07738      85.59         19  0.000e+00
      41357   1723.167      3.199      3.222    19.5882    19.5896  45.791142  45.793477    19.5877    19.5890    33.5904    33.5913    23.7940    23.7943     8.3551     7.9492    255.033    242.643     2.8217     2.5629     0.0781     0.9286     3.2491     0.0269     0.0379 -119.55758   34.07738      85.62         19  0.000e+00
      41358   1723.208      3.245      3.268    19.5884    19.5896  45.790652  45.793127    19.5878    19.5890    33.5899    33.5910    23.7936    23.7941     8.3595     7.9493    255.168    242.644     2.8230     2.5629     0.0781     0.9286     3.2491     0.0269     0.0379 -119.55758   34.07738      85.62         19  0.000e+00
      41359   1723.250      3.199      3.222    19.5882    19.5895  45.790862  45.793477    19.5877    19.5889    33.5902    33.5913    23.7938    23.7944     8.3595     7.9445    255.166    242.499     2.8230     2.5617     0.0781     0.9286     3.2503     0.0269     0.0379 -119.55758   34.07738      85.62         19  0.000e+00
      41360   1723.292      3.245      3.268    19.5884    19.5897  45.791002  45.793478    19.5878    19.5891    33.5902    33.5912    23.7938    23.7942     8.3595     7.9445    255.167    242.500     2.8230     2.5617     0.0781     0.9286     3.2515     0.0269     0.0391 -119.55758   34.07738      85.64         19  0.000e+00
      41361   1723.333      3.199      3.222    19.5882    19.5897  45.790441  45.793688    19.5876    19.5891    33.5899    33.5914    23.7936    23.7943     8.3639     7.9445    255.300    242.498     2.8242     2.5617     0.0781     0.9286     3.2491     0.0269     0.0391 -119.55758   34.07738      85.64         19  0.000e+00
      41362   1723.375      3.199      3.222    19.5884    19.5897  45.790511  45.794038    19.5878    19.5891    33.5898    33.5917    23.7935    23.7946     8.3682     7.9445    255.433    242.498     2.8254     2.5617     0.0781     0.9286     3.2491     0.0269     0.0391 -119.55758   34.07738      85.64         19  0.000e+00
      41363   1723.417      3.146      3.168    19.5884    19.5901  45.790581  45.793897    19.5878    19.5895    33.5899    33.5913    23.7936    23.7941     8.3725     7.9444    255.565    242.495     2.8266     2.5617     0.0781     0.9286     3.2503     0.0269     0.0391 -119.55758   34.07738      85.67         19  0.000e+00
      41364   1723.458      3.212      3.235    19.5886    19.5898  45.790301  45.793828    19.5880    19.5893    33.5895    33.5914    23.7932    23.7943     8.3770     7.9445    255.700    242.498     2.8278     2.5617     0.0781     0.9286     3.2503     0.0269     0.0391 -119.55758   34.07738      85.64         19  0.000e+00
      41367   1723.583      3.245      3.268    19.5886    19.5897  45.791072  45.793338    19.5880    19.5891    33.5901    33.5911    23.7936    23.7941     8.3813     7.9445    255.833    242.500     2.8291     2.5617     0.0781     0.9286     3.2515     0.0269     0.0391 -119.55758   34.07738      85.81         20  0.000e+00
      41368   1723.625      3.099      3.122    19.5884    19.5899  45.791212  45.790675    19.5878    19.5894    33.5904    33.5888    23.7940    23.7923     8.3812     7.9492    255.829    242.642     2.8291     2.5629     0.0781     0.9286     3.2503     0.0269     0.0366 -119.55758   34.07738      85.81         20  0.000e+00
      41369   1723.667      3.146      3.168    19.5886    19.5899  45.791072  45.790815    19.5880    19.5893    33.5901    33.5889    23.7937    23.7924     8.3812     7.9445    255.830    242.499     2.8291     2.5617     0.0781     0.9286     3.2515     0.0269     0.0354 -119.55758   34.07738      85.81         20  0.000e+00
      41370   1723.708      3.199      3.222    19.5884    19.5895  45.791002  45.793127    19.5878    19.5889    33.5902    33.5911    23.7938    23.7941     8.3813     7.9445    255.832    242.499     2.8291     2.5617     0.0781     0.9286     3.2503     0.0269     0.0342 -119.55758   34.07738      85.81         20  0.000e+00
      41371   1723.750      3.146      3.168    19.5885    19.5896  45.790651  45.793407    19.5879    19.5890    33.5898    33.5913    23.7935    23.7943     8.3813     7.9444    255.831    242.497     2.8291     2.5617     0.0781     0.9286     3.2515     0.0269     0.0342 -119.55758   34.07738      85.81         20  0.000e+00
      41372   1723.792      3.159      3.182    19.5884    19.5897  45.791142  45.793687    19.5878    19.5891    33.5903    33.5914    23.7939    23.7944     8.3813     7.9444    255.831    242.497     2.8291     2.5617     0.0769     0.8981     3.2515     0.0269     0.0342 -119.55758   34.07738      85.76         20  0.000e+00
      41373   1723.833      3.146      3.168    19.5882    19.5899  45.790721  45.793547    19.5876    19.5893    33.5902    33.5911    23.7938    23.7941     8.3813     7.9444    255.832    242.496     2.8291     2.5617     0.0757     0.8676     3.2515     0.0269     0.0342 -119.55758   34.07738      85.74         20  0.000e+00
      41374   1723.875      3.099      3.122    19.5884    19.5896  45.790651  45.793617    19.5878    19.5890    33.5900    33.5915    23.7936    23.7944     8.3812     7.9444    255.830    242.495     2.8291     2.5617     0.0757     0.8676     3.2515     0.0269     0.0342 -119.55758   34.07738      85.74         20  0.000e+00
      41375   1723.917      3.146      3.168    19.5884    19.5893  45.791142  45.793197    19.5878    19.5887    33.5904    33.5913    23.7939    23.7944     8.3769     7.9445    255.697    242.498     2.8278     2.5617     0.0757     0.8676     3.2503     0.0269     0.0342 -119.55758   34.07738      85.74         20  0.000e+00
      41376   1723.958      3.146      3.168    19.5882    19.5896  45.790721  45.793337    19.5876    19.5890    33.5902    33.5912    23.7938    23.7943     8.3769     7.9444    255.698    242.497     2.8278     2.5617     0.0757     0.8676     3.2503     0.0269     0.0342 -119.55758   34.07738      85.74         20  0.000e+00
      41377   1724.000      3.099      3.122    19.5884    19.5896  45.790861  45.793267    19.5878    19.5890    33.5901    33.5912    23.7937    23.7942     8.3768     7.9444    255.696    242.496     2.8278     2.5617     0.0757     0.8676     3.2515     0.0269     0.0342 -119.55758   34.07738      85.74         20  0.000e+00
      41378   1724.042      3.146      3.168    19.5882    19.5895  45.790441  45.793407    19.5876    19.5889    33.5900    33.5913    23.7937    23.7943     8.3769     7.9444    255.699    242.497     2.8278     2.5617     0.0757     0.8676     3.2503     0.0269     0.0342 -119.55758   34.07738      85.74         20  0.000e+00
      41379   1724.083      3.099      3.122    19.5882    19.5896  45.790511  45.793477    19.5877    19.5890    33.5900    33.5913    23.7936    23.7944     8.3725     7.9444    255.564    242.496     2.8266     2.5617     0.0757     0.8676     3.2503     0.0269     0.0342 -119.55758   34.07738      85.74         20  0.000e+00
      41380   1724.125      3.146      3.168    19.5884    19.5897  45.790581  45.793267    19.5878    19.5891    33.5899    33.5910    23.7936    23.7941     8.3769     7.9444    255.698    242.497     2.8278     2.5617     0.0757     0.8676     3.2515     0.0269     0.0330 -119.55758   34.07738      85.76         20  0.000e+00
      41381   1724.167      3.066      3.088    19.5882    19.5895  45.790861  45.793407    19.5876    19.5890    33.5903    33.5913    23.7939    23.7944     8.3725     7.9444    255.562    242.495     2.8266     2.5617     0.0757     0.8676     3.2503     0.0269     0.0317 -119.55758   34.07738      85.74         20  0.000e+00
      41382   1724.208      3.146      3.168    19.5882    19.5894  45.790441  45.793127    19.5877    19.5888    33.5899    33.5912    23.7936    23.7943     8.3769     7.9445    255.699    242.498     2.8278     2.5617     0.0757     0.8676     3.2515     0.0269     0.0317 -119.55758   34.07738      85.74         20  0.000e+00
      41383   1724.250      3.099      3.122    19.5884    19.5895  45.790791  45.793197    19.5878    19.5890    33.5901    33.5911    23.7937    23.7942     8.3768     7.9444    255.696    242.496     2.8278     2.5617     0.0757     0.8676     3.2527     0.0269     0.0317 -119.55758   34.07738      85.74         20  0.000e+00
      41384   1724.292      3.146      3.168    19.5884    19.5896  45.791002  45.793057    19.5878    19.5890    33.5902    33.5910    23.7938    23.7941     8.3725     7.9445    255.564    242.498     2.8266     2.5617     0.0757     0.8676     3.2515     0.0269     0.0293 -119.55758   34.07738      85.69         20  0.000e+00
      41385   1724.333      3.099      3.122    19.5882    19.5894  45.791562  45.793057    19.5876    19.5888    33.5909    33.5911    23.7944    23.7942     8.3725     7.9444    255.562    242.497     2.8266     2.5617     0.0757     0.8676     3.2503     0.0269     0.0256 -119.55758   34.07738      85.67         20  0.000e+00
      41386   1724.375      3.146      3.168    19.5882    19.5891  45.790651  45.792917    19.5876    19.5886    33.5901    33.5912    23.7938    23.7943     8.3726     7.9445    255.565    242.499     2.8266     2.5617     0.0757     0.8676     3.2515     0.0269     0.0256 -119.55758   34.07738      85.67         20  0.000e+00
      41387   1724.417      3.146      3.168    19.5882    19.5894  45.790511  45.793337    19.5877    19.5888    33.5900    33.5913    23.7936    23.7944     8.3726     7.9492    255.565    242.642     2.8266     2.5629     0.0757     0.8676     3.2503     0.0269     0.0281 -119.55758   34.07738      85.67         20  0.000e+00
      41388   1724.458      3.099      3.122    19.5884    19.5894  45.790861  45.793477    19.5878    19.5888    33.5902    33.5915    23.7938    23.7945     8.3725     7.9491    255.563    242.640     2.8266     2.5629     0.0757     0.8676     3.2503     0.0269     0.0305 -119.55758   34.07738      85.67         20  0.000e+00
      41389   1724.500      3.159      3.182    19.5882    19.5895  45.791212  45.793617    19.5877    19.5889    33.5905    33.5915    23.7941    23.7945     8.3769     7.9492    255.698    242.641     2.8278     2.5629     0.0757     0.8676     3.2503     0.0269     0.0317 -119.55758   34.07738      85.67         20  0.000e+00
      41390   1724.542      3.146      3.168    19.5882    19.5894  45.791422  45.793477    19.5876    19.5888    33.5908    33.5915    23.7943    23.7945     8.3769     7.9492    255.697    242.642     2.8278     2.5629     0.0757     0.8676     3.2503     0.0269     0.0317 -119.55758   34.07738      85.71         20  0.000e+00
      41391   1724.583      3.099      3.122    19.5885    19.5896  45.791352  45.793127    19.5880    19.5890    33.5904    33.5911    23.7939    23.7941     8.3768     7.9491    255.695    242.640     2.8278     2.5629     0.0757     0.8676     3.2515     0.0269     0.0305 -119.55758   34.07738      85.71         20  0.000e+00
      41392   1724.625      3.199      3.222    19.5882    19.5893  45.791352  45.793197    19.5877    19.5887    33.5906    33.5913    23.7941    23.7944     8.3769     7.9492    255.699    242.644     2.8278     2.5629     0.0757     0.8676     3.2515     0.0269     0.0317 -119.55758   34.07738      85.74         20  0.000e+00
      41393   1724.667      3.146      3.168    19.5884    19.5892  45.791352  45.793407    19.5878    19.5886    33.5905    33.5916    23.7941    23.7946     8.3812     7.9492    255.830    242.642     2.8291     2.5629     0.0757     0.8676     3.2515     0.0269     0.0330 -119.55758   34.07738      85.71         20  0.000e+00
      41394   1724.708      3.146      3.168    19.5884    19.5893  45.790511  45.793477    19.5878    19.5887    33.5898    33.5915    23.7935    23.7946     8.3813     7.9492    255.831    242.642     2.8291     2.5629     0.0757     0.8676     3.2503     0.0269     0.0342 -119.55758   34.07738      85.71         20  0.000e+00
      41395   1724.750      3.245      3.268    19.5887    19.5894  45.790512  45.793268    19.5881    19.5888    33.5896    33.5913    23.7932    23.7943     8.3857     7.9493    255.967    242.645     2.8303     2.5629     0.0757     0.8676     3.2515     0.0269     0.0354 -119.55758   34.07738      85.74         20  0.000e+00
      41396   1724.792      3.199      3.222    19.5887    19.5894  45.791142  45.793057    19.5881    19.5888    33.5901    33.5911    23.7936    23.7942     8.3900     7.9492    256.098    242.644     2.8315     2.5629     0.0757     0.8676     3.2515     0.0269     0.0354 -119.55758   34.07738      85.76         20  0.000e+00
      41397   1724.833      3.159      3.182    19.5886    19.5893  45.791352  45.793337    19.5880    19.5887    33.5903    33.5914    23.7938    23.7945     8.3900     7.9492    256.097    242.642     2.8315     2.5629     0.0757     0.8676     3.2503     0.0269     0.0342 -119.55758   34.07738      85.76         20  0.000e+00
      41398   1724.875      3.199      3.222    19.5885    19.5894  45.791142  45.793618    19.5879    19.5888    33.5902    33.5916    23.7938    23.7946     8.3900     7.9492    256.098    242.643     2.8315     2.5629     0.0769     0.8981     3.2503     0.0269     0.0354 -119.55758   34.07738      85.76         20  0.000e+00
      41399   1724.917      3.245      3.268    19.5882    19.5896  45.791002  45.793197    19.5876    19.5890    33.5903    33.5911    23.7939    23.7941     8.3945     7.9493    256.234    242.644     2.8327     2.5629     0.0769     0.8981     3.2515     0.0269     0.0366 -119.55758   34.07738      85.76         20  0.000e+00
      41400   1724.958      3.199      3.222    19.5882    19.5891  45.790652  45.793057    19.5876    19.5886    33.5901    33.5913    23.7938    23.7944     8.3901     7.9493    256.100    242.645     2.8315     2.5629     0.0769     0.8981     3.2503     0.0269     0.0379 -119.55758   34.07738      85.76         20  0.000e+00
      41401   1725.000      3.245      3.268    19.5885    19.5894  45.791142  45.793478    19.5879    19.5888    33.5902    33.5914    23.7938    23.7945     8.3901     7.9493    256.100    242.645     2.8315     2.5629     0.0769     0.8981     3.2503     0.0269     0.0379 -119.55758   34.07738      85.76         20  0.000e+00
