WCOA/WCOA-6/CTD_Data/RB2102_CTD_005_01.ros
* Sea-Bird SBE 9 Data File:
* FileName = C:\Users\scs.user.rb\CTD\RB2102\Data\RB2102_CTD_005_01.hex
* Software Version Seasave V 7.26.7.107
* Temperature SN = 6202
* Conductivity SN = 4907
* Number of Bytes Per Scan = 41
* Number of Voltage Words = 4
* Number of Scans Averaged by the Deck Unit = 1
* NMEA Latitude = 52 14.94 N
* NMEA Longitude = 129 24.04 W
* NMEA UTC (Time) = Jun 26 2021  00:53:52
* NMEA baud rate = 4800
# nquan = 30
# nvalues = 784                                   
# units = specified
# name 0 = scan: Scan Count
# name 1 = timeS: Time, Elapsed [seconds]
# name 2 = depSM: Depth [salt water, m]
# name 3 = prDM: Pressure, Digiquartz [db]
# name 4 = t090C: Temperature [ITS-90, deg C]
# name 5 = t190C: Temperature, 2 [ITS-90, deg C]
# name 6 = c0mS/cm: Conductivity [mS/cm]
# name 7 = c1mS/cm: Conductivity, 2 [mS/cm]
# name 8 = potemp090C: Potential Temperature [ITS-90, deg C]
# name 9 = potemp190C: Potential Temperature, 2 [ITS-90, deg C]
# name 10 = sal00: Salinity, Practical [PSU]
# name 11 = sal11: Salinity, Practical, 2 [PSU]
# name 12 = sigma-é00: Density [sigma-theta, kg/m^3]
# name 13 = sigma-é11: Density, 2 [sigma-theta, kg/m^3]
# name 14 = sbeox0Mg/L: Oxygen, SBE 43 [mg/l]
# name 15 = sbeox1Mg/L: Oxygen, SBE 43, 2 [mg/l]
# name 16 = sbox0Mm/Kg: Oxygen, SBE 43 [umol/kg]
# name 17 = sbox1Mm/Kg: Oxygen, SBE 43, 2 [umol/kg]
# name 18 = sbeox0V: Oxygen raw, SBE 43 [V]
# name 19 = sbeox1V: Oxygen raw, SBE 43, 2 [V]
# name 20 = v4: Voltage 4
# name 21 = flECO-AFL: Fluorescence, WET Labs ECO-AFL/FL [mg/m^3]
# name 22 = v3: Voltage 3
# name 23 = v6: Voltage 6
# name 24 = v7: Voltage 7
# name 25 = longitude: Longitude [deg]
# name 26 = latitude: Latitude [deg]
# name 27 = altM: Altimeter [m]
# name 28 = nbf: Bottles Fired
# name 29 = flag:  0.000e+00
# interval = seconds: 0.0416667
# start_time = Jun 26 2021 00:53:52 [NMEA time, header]
# bad_flag = -9.990e-29
*END*
[from data line 436]
      44814   1867.208     49.032     49.472     8.0682     8.0777  33.645250  33.650944     8.0635     8.0729    32.1696    32.1670    25.0425    25.0390     8.3686     8.1969    255.135    249.900     2.2955     2.1282     0.0537     0.3181     3.2650     1.1758     0.0000 -129.40248   52.24836      99.39          9  0.000e+00
      44815   1867.250     49.079     49.519     8.0682     8.0767  33.645435  33.650449     8.0634     8.0720    32.1698    32.1673    25.0426    25.0394     8.3687     8.1971    255.136    249.906     2.2955     2.1282     0.0525     0.2876     3.2662     1.1758     0.0000 -129.40248   52.24836      99.39          9  0.000e+00
      44816   1867.292     49.112     49.553     8.0678     8.0769  33.645621  33.650449     8.0630     8.0721    32.1704    32.1671    25.0432    25.0393     8.3688     8.1971    255.139    249.907     2.2955     2.1282     0.0537     0.3181     3.2650     1.1758     0.0000 -129.40248   52.24836      99.39          9  0.000e+00
      44817   1867.333     49.033     49.472     8.0678     8.0767  33.644816  33.650696     8.0630     8.0720    32.1696    32.1676    25.0425    25.0397     8.3687     8.1971    255.137    249.904     2.2955     2.1282     0.0525     0.2876     3.2650     1.1758     0.0000 -129.40248   52.24836      99.39          9  0.000e+00
      44818   1867.375     49.079     49.519     8.0676     8.0769  33.643949  33.650573     8.0628     8.0721    32.1688    32.1673    25.0420    25.0394     8.3689     8.1971    255.142    249.906     2.2955     2.1282     0.0525     0.2876     3.2662     1.1758     0.0000 -129.40248   52.24836      99.39          9  0.000e+00
      47819   1992.417     40.090     40.449     8.7191     8.7187  34.060190  34.059814     8.7150     8.7146    32.0171    32.0171    24.8267    24.8267     8.9284     8.7156    272.257    265.767     2.4469     2.2589     0.0659     0.6234     3.2637     1.1026     0.0000 -129.40266   52.24832      99.51         10  0.000e+00
      47820   1992.458     40.044     40.402     8.7186     8.7190  34.060314  34.059192     8.7145     8.7149    32.0177    32.0162    24.8272    24.8260     8.9284     8.7155    272.258    265.765     2.4469     2.2589     0.0647     0.5928     3.2637     1.1026     0.0000 -129.40266   52.24832      99.51         10  0.000e+00
      47821   1992.500     40.090     40.449     8.7181     8.7193  34.060066  34.059441     8.7140     8.7153    32.0178    32.0161    24.8274    24.8259     8.9286     8.7155    272.262    265.764     2.4469     2.2589     0.0659     0.6234     3.2625     1.1026     0.0000 -129.40266   52.24832      99.51         10  0.000e+00
      47822   1992.542     40.090     40.449     8.7180     8.7195  34.060439  34.059192     8.7139     8.7154    32.0184    32.0157    24.8278    24.8255     8.9286     8.7094    272.262    265.579     2.4469     2.2576     0.0647     0.5928     3.2625     1.1026     0.0000 -129.40266   52.24832      99.51         10  0.000e+00
      47823   1992.583     40.044     40.402     8.7178     8.7198  34.060812  34.058757     8.7137     8.7157    32.0189    32.0150    24.8283    24.8249     8.9230     8.7093    272.091    265.577     2.4457     2.2576     0.0659     0.6234     3.2637     1.1026     0.0000 -129.40266   52.24832      99.51         10  0.000e+00
      47824   1992.625     40.189     40.549     8.7175     8.7205  34.060813  34.058695     8.7134     8.7164    32.0192    32.0143    24.8285    24.8242     8.9287     8.7094    272.267    265.579     2.4469     2.2576     0.0659     0.6234     3.2625     1.1026     0.0000 -129.40266   52.24832      99.51         10  0.000e+00
      47825   1992.667     40.090     40.449     8.7172     8.7208  34.061123  34.058197     8.7131     8.7167    32.0198    32.0135    24.8291    24.8236     8.9231     8.7092    272.095    265.575     2.4457     2.2576     0.0659     0.6234     3.2625     1.1026     0.0000 -129.40266   52.24832      99.51         10  0.000e+00
      47826   1992.708     40.143     40.502     8.7168     8.7205  34.061435  34.058819     8.7127     8.7164    32.0204    32.0144    24.8296    24.8244     8.9232     8.7093    272.097    265.577     2.4457     2.2576     0.0659     0.6234     3.2625     1.1026     0.0000 -129.40266   52.24832      99.51         10  0.000e+00
      47827   1992.750     40.143     40.502     8.7167     8.7203  34.061995  34.059006     8.7126     8.7162    32.0211    32.0147    24.8302    24.8246     8.9232     8.7093    272.097    265.577     2.4457     2.2576     0.0659     0.6234     3.2637     1.1026     0.0000 -129.40266   52.24832      99.51         10  0.000e+00
      47828   1992.792     40.090     40.449     8.7167     8.7201  34.062181  34.059254     8.7126     8.7161    32.0214    32.0152    24.8304    24.8250     8.9231     8.7032    272.095    265.391     2.4457     2.2564     0.0647     0.5928     3.2637     1.1026     0.0000 -129.40266   52.24834      99.51         10  0.000e+00
      47829   1992.833     40.189     40.549     8.7160     8.7193  34.062182  34.059814     8.7119     8.7152    32.0219    32.0164    24.8309    24.8261     8.9233     8.7095    272.101    265.582     2.4457     2.2576     0.0659     0.6234     3.2625     1.1026     0.0000 -129.40266   52.24834      99.51         10  0.000e+00
      47830   1992.875     40.189     40.549     8.7159     8.7182  34.062368  34.061058     8.7118     8.7141    32.0223    32.0188    24.8312    24.8281     8.9233     8.7035    272.102    265.400     2.4457     2.2564     0.0659     0.6234     3.2625     1.1026     0.0000 -129.40266   52.24834      99.51         10  0.000e+00
      47831   1992.917     40.143     40.502     8.7157     8.7180  34.062244  34.061680     8.7116     8.7139    32.0223    32.0196    24.8312    24.8288     8.9233     8.7035    272.101    265.398     2.4457     2.2564     0.0647     0.5928     3.2625     1.1026     0.0000 -129.40266   52.24834      99.49         10  0.000e+00
      47832   1992.958     40.190     40.549     8.7157     8.7172  34.061933  34.061991     8.7116     8.7131    32.0219    32.0206    24.8310    24.8297     8.9234     8.7036    272.103    265.403     2.4457     2.2564     0.0635     0.5623     3.2637     1.1026     0.0000 -129.40266   52.24834      99.51         10  0.000e+00
      47833   1993.000     40.190     40.549     8.7160     8.7175  34.061746  34.061618     8.7119     8.7135    32.0215    32.0200    24.8305    24.8291     8.9234     8.7036    272.102    265.402     2.4457     2.2564     0.0635     0.5623     3.2625     1.1026     0.0000 -129.40266   52.24834      99.51         10  0.000e+00
      47834   1993.042     40.143     40.503     8.7160     8.7177  34.062057  34.061182     8.7119     8.7136    32.0218    32.0193    24.8308    24.8286     8.9177     8.7036    271.930    265.400     2.4444     2.2564     0.0635     0.5623     3.2625     1.1026     0.0000 -129.40266   52.24834      99.51         10  0.000e+00
      47835   1993.083     40.190     40.549     8.7162     8.7180  34.062368  34.061120     8.7121     8.7139    32.0220    32.0190    24.8309    24.8283     8.9177     8.6975    271.931    265.216     2.4444     2.2552     0.0647     0.5928     3.2625     1.1026     0.0000 -129.40266   52.24834      99.51         10  0.000e+00
      47836   1993.125     40.190     40.549     8.7160     8.7179  34.062493  34.060685     8.7119     8.7138    32.0222    32.0187    24.8312    24.8281     8.9177     8.7036    271.931    265.402     2.4444     2.2564     0.0635     0.5623     3.2637     1.1026     0.0000 -129.40266   52.24834      99.51         10  0.000e+00
      47837   1993.167     40.190     40.549     8.7160     8.7184  34.062493  34.060498     8.7119     8.7143    32.0222    32.0181    24.8312    24.8275     8.9177     8.7036    271.931    265.401     2.4444     2.2564     0.0635     0.5623     3.2625     1.1026     0.0000 -129.40266   52.24834      99.51         10  0.000e+00
      47838   1993.208     40.190     40.549     8.7159     8.7187  34.062866  34.060312     8.7118     8.7146    32.0228    32.0176    24.8316    24.8271     8.9178     8.6974    271.931    265.214     2.4444     2.2552     0.0647     0.5928     3.2625     1.1026     0.0000 -129.40266   52.24834      99.51         10  0.000e+00
      47839   1993.250     40.236     40.596     8.7157     8.7190  34.063489  34.060188     8.7116     8.7149    32.0235    32.0171    24.8322    24.8267     8.9178     8.6975    271.932    265.215     2.4444     2.2552     0.0647     0.5928     3.2625     1.1026     0.0000 -129.40266   52.24834      99.51         10  0.000e+00
      47840   1993.292     40.190     40.549     8.7157     8.7195  34.063675  34.059814     8.7116     8.7154    32.0238    32.0163    24.8324    24.8260     8.9177     8.6973    271.930    265.211     2.4444     2.2552     0.0635     0.5623     3.2637     1.1026     0.0000 -129.40266   52.24834      99.51         10  0.000e+00
      47841   1993.333     40.190     40.549     8.7157     8.7195  34.063177  34.059130     8.7116     8.7154    32.0232    32.0156    24.8320    24.8254     8.9178     8.6974    271.931    265.213     2.4444     2.2552     0.0635     0.5623     3.2637     1.1026     0.0000 -129.40266   52.24834      99.51         10  0.000e+00
      47842   1993.375     40.236     40.596     8.7160     8.7198  34.062804  34.059006     8.7119     8.7157    32.0225    32.0152    24.8314    24.8250     8.9122     8.6974    271.762    265.213     2.4432     2.2552     0.0635     0.5623     3.2625     1.1038     0.0000 -129.40266   52.24834      99.51         10  0.000e+00
      47843   1993.417     40.236     40.596     8.7157     8.7203  34.062929  34.059255     8.7116     8.7162    32.0230    32.0149    24.8318    24.8248     8.9123     8.6973    271.764    265.210     2.4432     2.2552     0.0635     0.5623     3.2637     1.1038     0.0000 -129.40266   52.24834      99.51         10  0.000e+00
      47844   1993.458     40.190     40.549     8.7154     8.7207  34.063240  34.059130     8.7113     8.7166    32.0236    32.0145    24.8323    24.8244     8.9122     8.6972    271.763    265.207     2.4432     2.2552     0.0635     0.5623     3.2625     1.1038     0.0000 -129.40266   52.24834      99.51         10  0.000e+00
      47845   1993.500     40.190     40.549     8.7151     8.7205  34.062866  34.058819     8.7110     8.7164    32.0235    32.0144    24.8323    24.8243     8.9123     8.6972    271.765    265.209     2.4432     2.2552     0.0635     0.5623     3.2637     1.1038     0.0000 -129.40266   52.24834      99.51         10  0.000e+00
      47846   1993.542     40.176     40.536     8.7152     8.7203  34.063426  34.058944     8.7111     8.7162    32.0240    32.0146    24.8326    24.8246     8.9178     8.6972    271.932    265.209     2.4444     2.2552     0.0635     0.5623     3.2625     1.1038     0.0000 -129.40266   52.24834      99.51         10  0.000e+00
      47847   1993.583     40.236     40.596     8.7155     8.7200  34.063178  34.059255     8.7114     8.7159    32.0234    32.0152    24.8321    24.8251     8.9178     8.6973    271.934    265.212     2.4444     2.2552     0.0635     0.5623     3.2637     1.1038     0.0000 -129.40266   52.24834      99.49         10  0.000e+00
      47848   1993.625     40.190     40.549     8.7155     8.7198  34.062617  34.059566     8.7114     8.7157    32.0228    32.0158    24.8317    24.8255     8.9178     8.6973    271.933    265.211     2.4444     2.2552     0.0635     0.5623     3.2637     1.1026     0.0000 -129.40266   52.24834      99.51         10  0.000e+00
      47849   1993.667     40.190     40.549     8.7160     8.7198  34.061746  34.059193     8.7119     8.7157    32.0214    32.0154    24.8305    24.8253     8.9178     8.6973    271.933    265.212     2.4444     2.2552     0.0647     0.5928     3.2637     1.1038     0.0000 -129.40266   52.24834      99.51         10  0.000e+00
      47850   1993.708     40.190     40.549     8.7173     8.7195  34.060377  34.059690     8.7132     8.7154    32.0188    32.0161    24.8283    24.8259     8.9177     8.6973    271.929    265.212     2.4444     2.2552     0.0635     0.5623     3.2637     1.1038     0.0000 -129.40266   52.24834      99.51         10  0.000e+00
      47851   1993.750     40.190     40.549     8.7180     8.7190  34.059755  34.059939     8.7139     8.7149    32.0176    32.0169    24.8272    24.8265     8.9120     8.6974    271.758    265.214     2.4432     2.2552     0.0635     0.5623     3.2625     1.1038     0.0000 -129.40266   52.24834      99.51         10  0.000e+00
      47852   1993.792     40.190     40.549     8.7185     8.7192  34.059319  34.059752     8.7144     8.7151    32.0167    32.0165    24.8265    24.8262     8.9176     8.6974    271.926    265.213     2.4444     2.2552     0.0635     0.5623     3.2637     1.1038     0.0000 -129.40266   52.24832      99.51         10  0.000e+00
      47853   1993.833     40.190     40.549     8.7188     8.7193  34.059568  34.059628     8.7147     8.7152    32.0167    32.0163    24.8264    24.8260     8.9175     8.6974    271.924    265.213     2.4444     2.2552     0.0635     0.5623     3.2637     1.1038     0.0000 -129.40266   52.24832      99.51         10  0.000e+00
      47854   1993.875     40.190     40.549     8.7189     8.7187  34.058946  34.060312     8.7148     8.7146    32.0159    32.0176    24.8258    24.8271     8.9175     8.6974    271.925    265.214     2.4444     2.2552     0.0635     0.5623     3.2625     1.1038     0.0000 -129.40266   52.24832      99.51         10  0.000e+00
      47855   1993.917     40.143     40.503     8.7193     8.7180  34.058946  34.060934     8.7152     8.7139    32.0156    32.0188    24.8255    24.8282     8.9174     8.6975    271.922    265.215     2.4444     2.2552     0.0635     0.5623     3.2637     1.1038     0.0000 -129.40266   52.24832      99.49         10  0.000e+00
      47856   1993.958     40.143     40.503     8.7194     8.7175  34.059257  34.061120     8.7153     8.7135    32.0158    32.0195    24.8256    24.8288     8.9173     8.6975    271.920    265.217     2.4444     2.2552     0.0647     0.5928     3.2625     1.1038     0.0000 -129.40266   52.24832      99.51         10  0.000e+00
      47857   1994.000     40.190     40.549     8.7189     8.7179  34.059817  34.061120     8.7148     8.7138    32.0168    32.0191    24.8265    24.8285     8.9174     8.6975    271.923    265.217     2.4444     2.2552     0.0647     0.5928     3.2637     1.1038     0.0000 -129.40266   52.24832      99.51         10  0.000e+00
      47858   1994.042     40.143     40.503     8.7183     8.7179  34.061123  34.060934     8.7142     8.7138    32.0188    32.0190    24.8281    24.8283     8.9174     8.6975    271.922    265.215     2.4444     2.2552     0.0635     0.5623     3.2625     1.1038     0.0000 -129.40266   52.24832      99.51         10  0.000e+00
      47859   1994.083     40.143     40.503     8.7178     8.7182  34.062244  34.060312     8.7137     8.7141    32.0204    32.0180    24.8294    24.8275     8.9174     8.6975    271.922    265.215     2.4444     2.2552     0.0635     0.5623     3.2637     1.1026     0.0000 -129.40266   52.24832      99.49         10  0.000e+00
      47860   1994.125     40.144     40.503     8.7175     8.7187  34.062244  34.060187     8.7134     8.7146    32.0207    32.0175    24.8297    24.8270     8.9175     8.6974    271.923    265.213     2.4444     2.2552     0.0635     0.5623     3.2625     1.1038     0.0000 -129.40266   52.24832      99.51         10  0.000e+00
