WCOA/WCOA-6/CTD_Data/RB2102_CTD_026_01.ros
* Sea-Bird SBE 9 Data File:
* FileName = C:\Users\scs.user.rb\CTD\RB2102\Data\RB2102_CTD_026_01.hex
* Software Version Seasave V 7.26.7.107
* Temperature SN = 6202
* Conductivity SN = 4907
* Number of Bytes Per Scan = 41
* Number of Voltage Words = 4
* Number of Scans Averaged by the Deck Unit = 1
* NMEA Latitude = 46 07.79 N
* NMEA Longitude = 124 54.65 W
* NMEA UTC (Time) = Jun 30 2021  09:37:12
* NMEA baud rate = 4800
# nquan = 30
# nvalues = 1176                                  
# units = specified
# name 0 = scan: Scan Count
# name 1 = timeS: Time, Elapsed [seconds]
# name 2 = depSM: Depth [salt water, m]
# name 3 = prDM: Pressure, Digiquartz [db]
# name 4 = t090C: Temperature [ITS-90, deg C]
# name 5 = t190C: Temperature, 2 [ITS-90, deg C]
# name 6 = c0mS/cm: Conductivity [mS/cm]
# name 7 = c1mS/cm: Conductivity, 2 [mS/cm]
# name 8 = potemp090C: Potential Temperature [ITS-90, deg C]
# name 9 = potemp190C: Potential Temperature, 2 [ITS-90, deg C]
# name 10 = sal00: Salinity, Practical [PSU]
# name 11 = sal11: Salinity, Practical, 2 [PSU]
# name 12 = sigma-é00: Density [sigma-theta, kg/m^3]
# name 13 = sigma-é11: Density, 2 [sigma-theta, kg/m^3]
# name 14 = sbeox0Mg/L: Oxygen, SBE 43 [mg/l]
# name 15 = sbeox1Mg/L: Oxygen, SBE 43, 2 [mg/l]
# name 16 = sbox0Mm/Kg: Oxygen, SBE 43 [umol/kg]
# name 17 = sbox1Mm/Kg: Oxygen, SBE 43, 2 [umol/kg]
# name 18 = sbeox0V: Oxygen raw, SBE 43 [V]
# name 19 = sbeox1V: Oxygen raw, SBE 43, 2 [V]
# name 20 = v4: Voltage 4
# name 21 = flECO-AFL: Fluorescence, WET Labs ECO-AFL/FL [mg/m^3]
# name 22 = v3: Voltage 3
# name 23 = v6: Voltage 6
# name 24 = v7: Voltage 7
# name 25 = longitude: Longitude [deg]
# name 26 = latitude: Latitude [deg]
# name 27 = altM: Altimeter [m]
# name 28 = nbf: Bottles Fired
# name 29 = flag:  0.000e+00
# interval = seconds: 0.0416667
# start_time = Jun 30 2021 09:37:12 [NMEA time, header]
# bad_flag = -9.990e-29
*END*
[from data line 774]
     123853   5160.500     45.041     45.419     9.5593     9.5662  35.063046  35.068025     9.5544     9.5613    32.2930    32.2919    24.9116    24.9096    10.1884     9.9940    310.654    304.725     2.7705     2.5604     0.1319     2.2717     3.1148     0.9927     0.0000 -124.90606   46.12912      99.78         16  0.000e+00
     123854   5160.542     45.094     45.473     9.5594     9.5658  35.063046  35.067459     9.5545     9.5609    32.2928    32.2916    24.9114    24.9094    10.1885     9.9882    310.655    304.549     2.7705     2.5592     0.1319     2.2717     3.1160     0.9927     0.0000 -124.90606   46.12912      99.80         16  0.000e+00
     123855   5160.583     45.140     45.519     9.5595     9.5652  35.062732  35.067333     9.5546     9.5603    32.2924    32.2920    24.9110    24.9098    10.1885     9.9943    310.658    304.736     2.7705     2.5604     0.1319     2.2717     3.1148     0.9927     0.0000 -124.90606   46.12912      99.78         16  0.000e+00
     123856   5160.625     45.094     45.473     9.5593     9.5649  35.062732  35.067522     9.5543     9.5600    32.2927    32.2925    24.9113    24.9103    10.1940     9.9943    310.823    304.735     2.7717     2.5604     0.1319     2.2717     3.1160     0.9927     0.0000 -124.90606   46.12912      99.78         16  0.000e+00
     123857   5160.667     45.140     45.519     9.5593     9.5652  35.063361  35.067836     9.5543     9.5603    32.2933    32.2925    24.9118    24.9102    10.1885     9.9943    310.658    304.735     2.7705     2.5604     0.1319     2.2717     3.1148     0.9927     0.0000 -124.90606   46.12912      99.78         16  0.000e+00
     123858   5160.708     45.140     45.519     9.5595     9.5652  35.063424  35.067459     9.5546     9.5603    32.2931    32.2922    24.9116    24.9099    10.1939     9.9943    310.822    304.736     2.7717     2.5604     0.1319     2.2717     3.1148     0.9927     0.0000 -124.90606   46.12912      99.78         16  0.000e+00
     123859   5160.750     45.187     45.566     9.5598     9.5657  35.063739  35.067774     9.5548     9.5607    32.2932    32.2920    24.9116    24.9098    10.1939     9.9943    310.822    304.734     2.7717     2.5604     0.1319     2.2717     3.1148     0.9927     0.0000 -124.90606   46.12912      99.80         16  0.000e+00
     123860   5160.792     45.140     45.519     9.5601     9.5655  35.063991  35.067711     9.5552     9.5606    32.2932    32.2921    24.9116    24.9098    10.1938     9.9942    310.818    304.733     2.7717     2.5604     0.1319     2.2717     3.1148     0.9927     0.0000 -124.90606   46.12912      99.78         16  0.000e+00
     123861   5160.833     45.187     45.566     9.5602     9.5645  35.064117  35.066956     9.5553     9.5596    32.2932    32.2922    24.9116    24.9101    10.1938     9.9945    310.819    304.742     2.7717     2.5604     0.1306     2.2412     3.1160     0.9927     0.0000 -124.90606   46.12912      99.78         16  0.000e+00
     123862   5160.875     45.187     45.566     9.5603     9.5638  35.064054  35.066516     9.5554     9.5589    32.2931    32.2924    24.9114    24.9103    10.1938     9.9947    310.819    304.747     2.7717     2.5604     0.1221     2.0275     3.1148     0.9927     0.0000 -124.90606   46.12912      99.80         16  0.000e+00
     123906   5162.708     45.141     45.520     9.5550     9.5594  35.060089  35.063623     9.5501     9.5545    32.2938    32.2934    24.9128    24.9119    10.1786    10.0015    310.355    304.956     2.7680     2.5617     0.1221     2.0275     3.1160     0.9915     0.0000 -124.90606   46.12912      99.78         17  0.000e+00
     123907   5162.750     45.187     45.567     9.5550     9.5601  35.059964  35.064315     9.5501     9.5552    32.2936    32.2935    24.9127    24.9118    10.1841    10.0014    310.523    304.952     2.7692     2.5617     0.1233     2.0580     3.1160     0.9915     0.0000 -124.90606   46.12912      99.80         17  0.000e+00
     123908   5162.792     45.095     45.474     9.5551     9.5601  35.060089  35.064063     9.5502     9.5552    32.2937    32.2933    24.9127    24.9116    10.1840    10.0013    310.518    304.949     2.7692     2.5617     0.1233     2.0580     3.1160     0.9915     0.0000 -124.90606   46.12912      99.78         17  0.000e+00
     123909   5162.833     45.095     45.474     9.5547     9.5602  35.059775  35.064126     9.5498     9.5553    32.2938    32.2932    24.9128    24.9115    10.1841    10.0013    310.521    304.948     2.7692     2.5617     0.1233     2.0580     3.1160     0.9915     0.0000 -124.90606   46.12912      99.80         17  0.000e+00
     123910   5162.875     45.141     45.520     9.5545     9.5604  35.059271  35.064001     9.5496     9.5555    32.2934    32.2929    24.9126    24.9113    10.1788    10.0013    310.359    304.949     2.7680     2.5617     0.1233     2.0580     3.1160     0.9915     0.0000 -124.90606   46.12912      99.80         17  0.000e+00
     123911   5162.917     45.095     45.474     9.5543     9.5608  35.058831  35.064378     9.5494     9.5558    32.2931    32.2930    24.9124    24.9113    10.1788    10.0012    310.359    304.945     2.7680     2.5617     0.1233     2.0580     3.1160     0.9915     0.0000 -124.90606   46.12912      99.80         17  0.000e+00
     123912   5162.958     45.128     45.507     9.5536     9.5609  35.058579  35.065258     9.5486     9.5560    32.2935    32.2938    24.9129    24.9119    10.1844    10.0012    310.531    304.944     2.7692     2.5617     0.1233     2.0580     3.1148     0.9915     0.0000 -124.90606   46.12912      99.80         17  0.000e+00
     123913   5163.000     45.095     45.474     9.5530     9.5610  35.057950  35.065510     9.5481     9.5561    32.2934    32.2939    24.9128    24.9120    10.1791    10.0011    310.368    304.941     2.7680     2.5617     0.1233     2.0580     3.1160     0.9927     0.0000 -124.90606   46.12912      99.80         17  0.000e+00
     123914   5163.042     45.095     45.474     9.5530     9.5614  35.058139  35.065698     9.5481     9.5565    32.2936    32.2938    24.9130    24.9118    10.1845    10.0010    310.533    304.939     2.7692     2.5617     0.1209     1.9970     3.1148     0.9927     0.0000 -124.90606   46.12912      99.78         17  0.000e+00
     123915   5163.083     45.095     45.474     9.5529     9.5622  35.058076  35.066516     9.5480     9.5573    32.2936    32.2939    24.9130    24.9118    10.1791    10.0008    310.368    304.933     2.7680     2.5617     0.1172     1.9054     3.1160     0.9915     0.0000 -124.90606   46.12912      99.78         17  0.000e+00
     123916   5163.125     45.042     45.420     9.5527     9.5624  35.057950  35.066893     9.5478     9.5575    32.2937    32.2941    24.9131    24.9119    10.1790    10.0007    310.367    304.929     2.7680     2.5617     0.1172     1.9054     3.1160     0.9927     0.0000 -124.90606   46.12912      99.80         17  0.000e+00
     123917   5163.167     45.042     45.420     9.5527     9.5627  35.058264  35.066956     9.5478     9.5578    32.2940    32.2939    24.9134    24.9117    10.1790    10.0006    310.366    304.927     2.7680     2.5617     0.1172     1.9054     3.1160     0.9915     0.0000 -124.90606   46.12912      99.80         17  0.000e+00
     123918   5163.208     45.042     45.420     9.5529     9.5627  35.058516  35.066830     9.5480     9.5578    32.2941    32.2938    24.9134    24.9116    10.1790    10.0006    310.365    304.927     2.7680     2.5617     0.1172     1.9054     3.1148     0.9915     0.0000 -124.90606   46.12912      99.78         17  0.000e+00
     123919   5163.250     45.042     45.420     9.5529     9.5629  35.058642  35.066767     9.5480     9.5580    32.2942    32.2936    24.9135    24.9114    10.1790    10.0006    310.365    304.926     2.7680     2.5617     0.1172     1.9054     3.1160     0.9915     0.0000 -124.90606   46.12912      99.78         17  0.000e+00
     123920   5163.292     45.042     45.420     9.5532     9.5629  35.059082  35.066767     9.5483     9.5580    32.2944    32.2936    24.9136    24.9114    10.1789    10.0006    310.362    304.926     2.7680     2.5617     0.1172     1.9054     3.1160     0.9915     0.0000 -124.90606   46.12912      99.78         17  0.000e+00
     123921   5163.333     45.042     45.420     9.5534     9.5629  35.058831  35.066767     9.5485     9.5580    32.2940    32.2936    24.9133    24.9114    10.1789    10.0006    310.362    304.926     2.7680     2.5617     0.1172     1.9054     3.1148     0.9915     0.0000 -124.90606   46.12912      99.80         17  0.000e+00
     123922   5163.375     44.996     45.374     9.5534     9.5630  35.058327  35.066515     9.5485     9.5581    32.2935    32.2932    24.9129    24.9111    10.1843    10.0005    310.527    304.924     2.7692     2.5617     0.1172     1.9054     3.1148     0.9915     0.0000 -124.90606   46.12912      99.78         17  0.000e+00
     123923   5163.417     44.996     45.374     9.5537     9.5632  35.058075  35.066830     9.5488     9.5583    32.2930    32.2934    24.9124    24.9112    10.1788     9.9945    310.360    304.742     2.7680     2.5604     0.1160     1.8749     3.1148     0.9915     0.0000 -124.90606   46.12912      99.80         17  0.000e+00
     123924   5163.458     45.042     45.420     9.5532     9.5632  35.058642  35.067019     9.5483     9.5583    32.2940    32.2936    24.9133    24.9113    10.1789    10.0005    310.363    304.924     2.7680     2.5617     0.1172     1.9054     3.1160     0.9915     0.0000 -124.90606   46.12912      99.80         17  0.000e+00
     123925   5163.500     44.983     45.360     9.5527     9.5634  35.058264  35.067018     9.5478     9.5585    32.2940    32.2934    24.9134    24.9112    10.1789    10.0004    310.364    304.921     2.7680     2.5617     0.1172     1.9054     3.1160     0.9915     0.0000 -124.90606   46.12912      99.80         17  0.000e+00
     123926   5163.542     44.943     45.320     9.5524     9.5634  35.058453  35.067018     9.5475     9.5585    32.2945    32.2934    24.9138    24.9112    10.1789    10.0003    310.364    304.919     2.7680     2.5617     0.1172     1.9054     3.1148     0.9927     0.0000 -124.90606   46.12912      99.78         17  0.000e+00
     123927   5163.583     44.996     45.374     9.5524     9.5634  35.058390  35.066830     9.5475     9.5585    32.2944    32.2932    24.9138    24.9110    10.1790    10.0004    310.366    304.922     2.7680     2.5617     0.1172     1.9054     3.1148     0.9927     0.0000 -124.90606   46.12912      99.78         17  0.000e+00
     123928   5163.625     44.996     45.374     9.5524     9.5637  35.058516  35.066767     9.5475     9.5588    32.2946    32.2929    24.9139    24.9107    10.1790    10.0004    310.366    304.920     2.7680     2.5617     0.1172     1.9054     3.1148     0.9927     0.0000 -124.90606   46.12912      99.78         17  0.000e+00
     123929   5163.667     44.943     45.320     9.5527     9.5635  35.058642  35.066955     9.5478     9.5586    32.2944    32.2932    24.9137    24.9110    10.1789     9.9944    310.362    304.738     2.7680     2.5604     0.1172     1.9054     3.1160     0.9927     0.0000 -124.90606   46.12912      99.78         17  0.000e+00
     123930   5163.708     44.996     45.374     9.5525     9.5638  35.058201  35.067018     9.5476     9.5589    32.2941    32.2930    24.9135    24.9108    10.1790     9.9944    310.366    304.738     2.7680     2.5604     0.1172     1.9054     3.1148     0.9927     0.0000 -124.90606   46.12912      99.78         17  0.000e+00
     123931   5163.750     44.897     45.274     9.5524     9.5645  35.058201  35.067207     9.5475     9.5596    32.2943    32.2926    24.9137    24.9104    10.1789    10.0001    310.363    304.911     2.7680     2.5617     0.1172     1.9054     3.1148     0.9927     0.0000 -124.90606   46.12912      99.80         17  0.000e+00
     123932   5163.792     44.943     45.320     9.5524     9.5647  35.057886  35.067521     9.5475     9.5598    32.2940    32.2928    24.9134    24.9105    10.1790    10.0001    310.365    304.911     2.7680     2.5617     0.1172     1.9054     3.1160     0.9927     0.0000 -124.90606   46.12912      99.80         17  0.000e+00
     123933   5163.833     44.943     45.320     9.5525     9.5650  35.058138  35.067584     9.5477     9.5601    32.2941    32.2925    24.9135    24.9102    10.1789     9.9941    310.364    304.728     2.7680     2.5604     0.1172     1.9054     3.1148     0.9927     0.0000 -124.90606   46.12912      99.80         17  0.000e+00
     123934   5163.875     44.943     45.320     9.5522     9.5650  35.058075  35.067144     9.5473     9.5601    32.2943    32.2921    24.9137    24.9099    10.1790     9.9941    310.365    304.729     2.7680     2.5604     0.1172     1.9054     3.1148     0.9927     0.0000 -124.90606   46.12912      99.78         17  0.000e+00
     123935   5163.917     44.897     45.274     9.5521     9.5647  35.057949  35.067018     9.5472     9.5598    32.2943    32.2923    24.9137    24.9101    10.1790     9.9941    310.365    304.729     2.7680     2.5604     0.1172     1.9054     3.1148     0.9927     0.0000 -124.90606   46.12912      99.80         17  0.000e+00
     123936   5163.958     44.943     45.320     9.5521     9.5647  35.058012  35.067207     9.5472     9.5598    32.2944    32.2925    24.9138    24.9102    10.1790     9.9942    310.366    304.731     2.7680     2.5604     0.1172     1.9054     3.1148     0.9927     0.0000 -124.90606   46.12912      99.78         17  0.000e+00
     123937   5164.000     44.897     45.274     9.5521     9.5650  35.058641  35.067332     9.5472     9.5601    32.2950    32.2923    24.9143    24.9101    10.1789     9.9940    310.363    304.727     2.7680     2.5604     0.1172     1.9054     3.1160     0.9927     0.0000 -124.90606   46.12912      99.80         17  0.000e+00
     123938   5164.042     44.930     45.307     9.5522     9.5652  35.058516  35.067081     9.5473     9.5603    32.2948    32.2919    24.9140    24.9097    10.1789    10.0000    310.364    304.909     2.7680     2.5617     0.1172     1.9054     3.1160     0.9927     0.0000 -124.90606   46.12912      99.78         17  0.000e+00
     123939   5164.083     44.897     45.274     9.5525     9.5650  35.058516  35.067018     9.5477     9.5601    32.2945    32.2920    24.9138    24.9098    10.1788     9.9941    310.361    304.728     2.7680     2.5604     0.1172     1.9054     3.1160     0.9927     0.0000 -124.90606   46.12912      99.80         17  0.000e+00
     123940   5164.125     44.897     45.274     9.5525     9.5650  35.058201  35.067207     9.5477     9.5601    32.2942    32.2922    24.9135    24.9100    10.1789     9.9940    310.362    304.727     2.7680     2.5604     0.1209     1.9970     3.1148     0.9927     0.0000 -124.90606   46.12912      99.78         17  0.000e+00
     123941   5164.167     44.897     45.274     9.5524     9.5647  35.058641  35.067332     9.5475     9.5598    32.2948    32.2926    24.9140    24.9103    10.1789     9.9941    310.362    304.729     2.7680     2.5604     0.1245     2.0886     3.1160     0.9927     0.0000 -124.90606   46.12912      99.80         17  0.000e+00
     123942   5164.208     44.897     45.274     9.5529     9.5650  35.058956  35.067081     9.5480     9.5601    32.2946    32.2920    24.9138    24.9099    10.1842    10.0000    310.524    304.908     2.7692     2.5617     0.1270     2.1496     3.1148     0.9927     0.0000 -124.90606   46.12912      99.78         17  0.000e+00
