WCOA/WCOA-6/CTD_Data/RB2102_CTD_110_01.ros
* Sea-Bird SBE 9 Data File:
* FileName = C:\Users\scs.user.rb\CTD\RB2102\Data\RB2102_CTD_110_01.hex
* Software Version Seasave V 7.26.7.107
* Temperature SN = 6202
* Conductivity SN = 4907
* Number of Bytes Per Scan = 41
* Number of Voltage Words = 4
* Number of Scans Averaged by the Deck Unit = 1
* NMEA Latitude = 33 49.03 N
* NMEA Longitude = 121 50.63 W
* NMEA UTC (Time) = Jul 17 2021  13:15:45
* NMEA baud rate = 4800
# nquan = 30
# nvalues = 1176                                  
# units = specified
# name 0 = scan: Scan Count
# name 1 = timeS: Time, Elapsed [seconds]
# name 2 = depSM: Depth [salt water, m]
# name 3 = prDM: Pressure, Digiquartz [db]
# name 4 = t090C: Temperature [ITS-90, deg C]
# name 5 = t190C: Temperature, 2 [ITS-90, deg C]
# name 6 = c0mS/cm: Conductivity [mS/cm]
# name 7 = c1mS/cm: Conductivity, 2 [mS/cm]
# name 8 = potemp090C: Potential Temperature [ITS-90, deg C]
# name 9 = potemp190C: Potential Temperature, 2 [ITS-90, deg C]
# name 10 = sal00: Salinity, Practical [PSU]
# name 11 = sal11: Salinity, Practical, 2 [PSU]
# name 12 = sigma-é00: Density [sigma-theta, kg/m^3]
# name 13 = sigma-é11: Density, 2 [sigma-theta, kg/m^3]
# name 14 = sbeox0Mg/L: Oxygen, SBE 43 [mg/l]
# name 15 = sbeox1Mg/L: Oxygen, SBE 43, 2 [mg/l]
# name 16 = sbox0Mm/Kg: Oxygen, SBE 43 [umol/kg]
# name 17 = sbox1Mm/Kg: Oxygen, SBE 43, 2 [umol/kg]
# name 18 = sbeox0V: Oxygen raw, SBE 43 [V]
# name 19 = sbeox1V: Oxygen raw, SBE 43, 2 [V]
# name 20 = v4: Voltage 4
# name 21 = flECO-AFL: Fluorescence, WET Labs ECO-AFL/FL [mg/m^3]
# name 22 = v3: Voltage 3
# name 23 = v6: Voltage 6
# name 24 = v7: Voltage 7
# name 25 = longitude: Longitude [deg]
# name 26 = latitude: Latitude [deg]
# name 27 = altM: Altimeter [m]
# name 28 = nbf: Bottles Fired
# name 29 = flag:  0.000e+00
# interval = seconds: 0.0416667
# start_time = Jul 17 2021 13:15:45 [NMEA time, header]
# bad_flag = -9.990e-29
*END*
[from data line 339]
     204840   8534.958    990.828   1000.336     3.9899     3.9918  32.542307  32.544272     3.9143     3.9162    34.4694    34.4697    27.3729    27.3729     0.6578     0.6826     20.010     20.764     0.6020     0.6129     0.0403    -0.0177     3.1832     0.0427     0.0000 -121.84478   33.81670     100.00          7  0.000e+00
     204841   8535.000    990.882   1000.391     3.9899     3.9917  32.542368  32.544516     3.9143     3.9162    34.4694    34.4700    27.3729    27.3732     0.6509     0.6826     19.798     20.765     0.6007     0.6129     0.0403    -0.0177     3.1819     0.0427     0.0000 -121.84478   33.81670     100.00          7  0.000e+00
     204842   8535.042    990.828   1000.336     3.9898     3.9919  32.542246  32.544455     3.9142     3.9164    34.4694    34.4698    27.3729    27.3730     0.6579     0.6826     20.010     20.764     0.6020     0.6129     0.0403    -0.0177     3.1819     0.0427     0.0000 -121.84478   33.81670     100.00          7  0.000e+00
     204843   8535.083    990.882   1000.391     3.9902     3.9923  32.542368  32.544577     3.9146     3.9167    34.4691    34.4695    27.3727    27.3727     0.6509     0.6826     19.798     20.764     0.6007     0.6129     0.0403    -0.0177     3.1844     0.0427     0.0000 -121.84478   33.81670     100.00          7  0.000e+00
     214562   8940.042    694.585    700.749     4.8563     4.8569  33.084398  33.086127     4.8004     4.8010    34.3562    34.3576    27.1875    27.1886     0.2973     0.3187      9.046      9.695     0.5421     0.5580     0.0403    -0.0177     3.1807     0.0452     0.0000 -121.84482   33.81668     100.00          8  0.000e+00
     214563   8940.083    694.632    700.796     4.8560     4.8569  33.084767  33.086311     4.8000     4.8010    34.3569    34.3578    27.1882    27.1887     0.2973     0.3115      9.046      9.477     0.5421     0.5568     0.0403    -0.0177     3.1807     0.0452     0.0000 -121.84482   33.81668     100.00          8  0.000e+00
     214564   8940.125    694.518    700.681     4.8562     4.8569  33.085013  33.086065     4.8003     4.8010    34.3570    34.3575    27.1882    27.1886     0.2973     0.3187      9.046      9.695     0.5421     0.5580     0.0403    -0.0177     3.1807     0.0452     0.0000 -121.84482   33.81668     100.00          8  0.000e+00
     214565   8940.167    694.632    700.796     4.8563     4.8569  33.084706  33.086188     4.8004     4.8010    34.3565    34.3576    27.1878    27.1886     0.2973     0.3187      9.046      9.695     0.5421     0.5580     0.0403    -0.0177     3.1819     0.0452     0.0000 -121.84482   33.81668     100.00          8  0.000e+00
     214566   8940.208    694.733    700.898     4.8561     4.8572  33.084829  33.086311     4.8002     4.8013    34.3568    34.3574    27.1881    27.1884     0.2974     0.3187      9.046      9.695     0.5421     0.5580     0.0403    -0.0177     3.1795     0.0452     0.0000 -121.84482   33.81668     100.00          8  0.000e+00
     214567   8940.250    694.632    700.796     4.8565     4.8572  33.085013  33.086311     4.8005     4.8013    34.3567    34.3574    27.1879    27.1885     0.2973     0.3115      9.046      9.477     0.5421     0.5568     0.0403    -0.0177     3.1807     0.0440     0.0000 -121.84482   33.81668     100.00          8  0.000e+00
     214568   8940.292    694.733    700.898     4.8566     4.8570  33.085198  33.086311     4.8006     4.8011    34.3568    34.3575    27.1880    27.1886     0.2973     0.3187      9.046      9.695     0.5421     0.5580     0.0403    -0.0177     3.1795     0.0452     0.0000 -121.84482   33.81668     100.00          8  0.000e+00
     214569   8940.333    694.733    700.898     4.8563     4.8573  33.084768  33.086311     4.8004     4.8014    34.3565    34.3573    27.1878    27.1883     0.2974     0.3187      9.046      9.695     0.5421     0.5580     0.0403    -0.0177     3.1795     0.0452     0.0000 -121.84482   33.81668     100.00          8  0.000e+00
     214570   8940.375    694.733    700.898     4.8563     4.8572  33.084706  33.086496     4.8004     4.8013    34.3564    34.3576    27.1878    27.1886     0.2974     0.3187      9.046      9.695     0.5421     0.5580     0.0403    -0.0177     3.1795     0.0452     0.0000 -121.84482   33.81668     100.00          8  0.000e+00
     214571   8940.417    694.780    700.945     4.8565     4.8572  33.085137  33.086742     4.8005     4.8013    34.3568    34.3579    27.1880    27.1888     0.2974     0.3187      9.046      9.695     0.5421     0.5580     0.0403    -0.0177     3.1807     0.0452     0.0000 -121.84482   33.81668     100.00          8  0.000e+00
     214572   8940.458    694.766    700.932     4.8564     4.8572  33.084768  33.086435     4.8005     4.8013    34.3564    34.3575    27.1877    27.1885     0.2974     0.3187      9.046      9.695     0.5421     0.5580     0.0403    -0.0177     3.1807     0.0440     0.0000 -121.84482   33.81668     100.00          8  0.000e+00
     214573   8940.500    694.733    700.898     4.8561     4.8575  33.084522  33.086496     4.8002     4.8016    34.3564    34.3572    27.1878    27.1883     0.2974     0.3187      9.046      9.695     0.5421     0.5580     0.0403    -0.0177     3.1795     0.0452     0.0000 -121.84482   33.81668     100.00          8  0.000e+00
     214574   8940.542    694.833    700.999     4.8560     4.8573  33.084153  33.086558     4.8000     4.8014    34.3561    34.3575    27.1875    27.1885     0.2974     0.3187      9.047      9.695     0.5421     0.5580     0.0403    -0.0177     3.1807     0.0452     0.0000 -121.84482   33.81668     100.00          8  0.000e+00
     214575   8940.583    694.780    700.945     4.8557     4.8573  33.084276  33.086742     4.7997     4.8014    34.3566    34.3577    27.1879    27.1887     0.2974     0.3187      9.047      9.695     0.5421     0.5580     0.0403    -0.0177     3.1807     0.0440     0.0000 -121.84482   33.81668     100.00          8  0.000e+00
     214576   8940.625    694.833    700.999     4.8559     4.8573  33.084337  33.086619     4.8000     4.8014    34.3564    34.3575    27.1878    27.1885     0.2974     0.3187      9.047      9.695     0.5421     0.5580     0.0403    -0.0177     3.1807     0.0452     0.0000 -121.84482   33.81668     100.00          8  0.000e+00
     214577   8940.667    694.833    700.999     4.8561     4.8573  33.084645  33.086742     4.8002     4.8014    34.3565    34.3577    27.1879    27.1886     0.2974     0.3187      9.047      9.695     0.5421     0.5580     0.0403    -0.0177     3.1795     0.0452     0.0000 -121.84482   33.81668     100.00          8  0.000e+00
     214578   8940.708    694.833    700.999     4.8563     4.8576  33.084891  33.087050     4.8004     4.8016    34.3566    34.3578    27.1879    27.1887     0.2974     0.3187      9.047      9.695     0.5421     0.5580     0.0403    -0.0177     3.1795     0.0452     0.0000 -121.84482   33.81668     100.00          8  0.000e+00
     214579   8940.750    694.880    701.047     4.8563     4.8573  33.085137  33.086988     4.8004     4.8014    34.3569    34.3579    27.1881    27.1888     0.2974     0.3115      9.047      9.477     0.5421     0.5568     0.0403    -0.0177     3.1807     0.0452     0.0000 -121.84482   33.81668     100.00          8  0.000e+00
     214580   8940.792    694.867    701.033     4.8564     4.8577  33.085568  33.087111     4.8005     4.8017    34.3573    34.3577    27.1884    27.1886     0.2974     0.3187      9.046      9.695     0.5421     0.5580     0.0403    -0.0177     3.1795     0.0452     0.0000 -121.84482   33.81668     100.00          8  0.000e+00
     214581   8940.833    694.833    701.000     4.8566     4.8575  33.085322  33.087172     4.8007     4.8016    34.3568    34.3580    27.1880    27.1888     0.2974     0.3115      9.046      9.477     0.5421     0.5568     0.0403    -0.0177     3.1819     0.0452     0.0000 -121.84482   33.81668     100.00          8  0.000e+00
     214582   8940.875    694.880    701.047     4.8566     4.8575  33.085014  33.086927     4.8007     4.8016    34.3564    34.3577    27.1877    27.1886     0.2974     0.3115      9.047      9.477     0.5421     0.5568     0.0403    -0.0177     3.1819     0.0452     0.0000 -121.84482   33.81668     100.00          8  0.000e+00
     214583   8940.917    694.880    701.047     4.8567     4.8577  33.085507  33.087050     4.8008     4.8017    34.3569    34.3577    27.1881    27.1886     0.2974     0.3115      9.046      9.477     0.5421     0.5568     0.0403    -0.0177     3.1819     0.0452     0.0000 -121.84482   33.81668     100.00          8  0.000e+00
     214584   8940.958    694.880    701.047     4.8568     4.8577  33.085322  33.086927     4.8008     4.8017    34.3566    34.3575    27.1879    27.1885     0.2974     0.3187      9.046      9.695     0.5421     0.5580     0.0403    -0.0177     3.1795     0.0452     0.0000 -121.84482   33.81668     100.00          8  0.000e+00
     214585   8941.000    694.880    701.047     4.8568     4.8575  33.085014  33.086865     4.8008     4.8016    34.3563    34.3576    27.1876    27.1885     0.2974     0.3187      9.046      9.695     0.5421     0.5580     0.0403    -0.0177     3.1807     0.0452     0.0000 -121.84482   33.81668     100.00          8  0.000e+00
     214586   8941.042    694.880    701.047     4.8566     4.8578  33.085507  33.086865     4.8007     4.8019    34.3570    34.3573    27.1882    27.1883     0.2974     0.3187      9.046      9.695     0.5421     0.5580     0.0403    -0.0177     3.1795     0.0452     0.0000 -121.84482   33.81668     100.00          8  0.000e+00
     214587   8941.083    694.881    701.047     4.8570     4.8577  33.085322  33.087111     4.8011     4.8018    34.3564    34.3577    27.1876    27.1886     0.2974     0.3187      9.046      9.695     0.5421     0.5580     0.0403    -0.0177     3.1807     0.0452     0.0000 -121.84482   33.81668     100.00          8  0.000e+00
     214588   8941.125    694.867    701.034     4.8566     4.8577  33.085260  33.086927     4.8007     4.8017    34.3567    34.3575    27.1879    27.1885     0.2974     0.3187      9.046      9.695     0.5421     0.5580     0.0403    -0.0177     3.1807     0.0452     0.0000 -121.84482   33.81668     100.00          8  0.000e+00
     214589   8941.167    694.881    701.047     4.8569     4.8578  33.085322  33.086619     4.8010     4.8019    34.3565    34.3570    27.1877    27.1880     0.2974     0.3187      9.046      9.695     0.5421     0.5580     0.0403    -0.0177     3.1795     0.0452     0.0000 -121.84482   33.81668     100.00          8  0.000e+00
     214590   8941.208    694.881    701.047     4.8566     4.8575  33.085260  33.086558     4.8007     4.8016    34.3567    34.3572    27.1879    27.1883     0.2974     0.3187      9.047      9.695     0.5421     0.5580     0.0403    -0.0177     3.1807     0.0440     0.0000 -121.84482   33.81668     100.00          8  0.000e+00
     214591   8941.250    694.881    701.047     4.8567     4.8575  33.085260  33.086742     4.8008     4.8016    34.3566    34.3575    27.1878    27.1884     0.2974     0.3187      9.046      9.695     0.5421     0.5580     0.0403    -0.0177     3.1807     0.0452     0.0000 -121.84482   33.81668     100.00          8  0.000e+00
     214592   8941.292    694.834    701.000     4.8566     4.8573  33.085076  33.086865     4.8007     4.8014    34.3565    34.3578    27.1878    27.1887     0.2974     0.3187      9.046      9.695     0.5421     0.5580     0.0415     0.0129     3.1795     0.0452     0.0000 -121.84482   33.81668     100.00          8  0.000e+00
     214593   8941.333    694.881    701.047     4.8566     4.8577  33.084953  33.086619     4.8007     4.8017    34.3563    34.3572    27.1877    27.1882     0.2974     0.3187      9.047      9.695     0.5421     0.5580     0.0403    -0.0177     3.1795     0.0452     0.0000 -121.84482   33.81668     100.00          8  0.000e+00
     214594   8941.375    694.834    701.000     4.8565     4.8577  33.084706  33.086373     4.8005     4.8017    34.3562    34.3569    27.1876    27.1880     0.2974     0.3187      9.047      9.695     0.5421     0.5580     0.0403    -0.0177     3.1795     0.0452     0.0000 -121.84482   33.81668     100.00          8  0.000e+00
     214595   8941.417    694.881    701.047     4.8566     4.8576  33.085076  33.086742     4.8006     4.8016    34.3565    34.3574    27.1878    27.1884     0.2974     0.3187      9.047      9.695     0.5421     0.5580     0.0403    -0.0177     3.1819     0.0452     0.0000 -121.84482   33.81668     100.00          8  0.000e+00
     214596   8941.458    694.814    700.980     4.8563     4.8575  33.085322  33.086865     4.8004     4.8016    34.3571    34.3576    27.1883    27.1886     0.2974     0.3187      9.046      9.695     0.5421     0.5580     0.0403    -0.0177     3.1807     0.0452     0.0000 -121.84482   33.81668     100.00          8  0.000e+00
     214597   8941.500    694.834    701.000     4.8565     4.8575  33.084830  33.086619     4.8005     4.8016    34.3564    34.3573    27.1877    27.1883     0.2974     0.3187      9.047      9.695     0.5421     0.5580     0.0403    -0.0177     3.1795     0.0452     0.0000 -121.84482   33.81668     100.00          8  0.000e+00
     214598   8941.542    694.834    701.000     4.8564     4.8575  33.084830  33.086373     4.8005     4.8016    34.3564    34.3571    27.1877    27.1881     0.2974     0.3187      9.047      9.695     0.5421     0.5580     0.0403    -0.0177     3.1795     0.0452     0.0000 -121.84482   33.81668     100.00          8  0.000e+00
     214599   8941.583    694.781    700.946     4.8563     4.8575  33.084583  33.086496     4.8004     4.8016    34.3563    34.3572    27.1876    27.1882     0.2974     0.3115      9.046      9.477     0.5421     0.5568     0.0403    -0.0177     3.1807     0.0452     0.0000 -121.84482   33.81668     100.00          8  0.000e+00
     214600   8941.625    694.834    701.000     4.8561     4.8573  33.084337  33.086373     4.8002     4.8014    34.3562    34.3573    27.1876    27.1883     0.2974     0.3187      9.047      9.695     0.5421     0.5580     0.0403    -0.0177     3.1807     0.0452     0.0000 -121.84482   33.81668     100.00          8  0.000e+00
     214601   8941.667    694.781    700.946     4.8560     4.8575  33.084337  33.086496     4.8000     4.8016    34.3564    34.3572    27.1877    27.1882     0.2974     0.3187      9.047      9.695     0.5421     0.5580     0.0403    -0.0177     3.1807     0.0452     0.0000 -121.84482   33.81668     100.00          8  0.000e+00
     214602   8941.708    694.734    700.899     4.8559     4.8573  33.084645  33.086557     4.8000     4.8014    34.3568    34.3575    27.1881    27.1885     0.2974     0.3187      9.046      9.695     0.5421     0.5580     0.0403    -0.0177     3.1807     0.0452     0.0000 -121.84482   33.81668     100.00          8  0.000e+00
     214603   8941.750    694.781    700.946     4.8558     4.8573  33.084030  33.086127     4.7999     4.8014    34.3561    34.3570    27.1876    27.1881     0.2974     0.3187      9.047      9.695     0.5421     0.5580     0.0403    -0.0177     3.1795     0.0452     0.0000 -121.84482   33.81668     100.00          8  0.000e+00
     214604   8941.792    694.714    700.879     4.8560     4.8573  33.084152  33.086188     4.8000     4.8014    34.3562    34.3572    27.1876    27.1882     0.2974     0.3187      9.046      9.695     0.5421     0.5580     0.0403    -0.0177     3.1795     0.0452     0.0000 -121.84482   33.81668     100.00          8  0.000e+00
