WCOA/WCOA-6/CTD_Data/RB2102_CTD_005_01.ros
* Sea-Bird SBE 9 Data File:
* FileName = C:\Users\scs.user.rb\CTD\RB2102\Data\RB2102_CTD_005_01.hex
* Software Version Seasave V 7.26.7.107
* Temperature SN = 6202
* Conductivity SN = 4907
* Number of Bytes Per Scan = 41
* Number of Voltage Words = 4
* Number of Scans Averaged by the Deck Unit = 1
* NMEA Latitude = 52 14.94 N
* NMEA Longitude = 129 24.04 W
* NMEA UTC (Time) = Jun 26 2021  00:53:52
* NMEA baud rate = 4800
# nquan = 30
# nvalues = 784                                   
# units = specified
# name 0 = scan: Scan Count
# name 1 = timeS: Time, Elapsed [seconds]
# name 2 = depSM: Depth [salt water, m]
# name 3 = prDM: Pressure, Digiquartz [db]
# name 4 = t090C: Temperature [ITS-90, deg C]
# name 5 = t190C: Temperature, 2 [ITS-90, deg C]
# name 6 = c0mS/cm: Conductivity [mS/cm]
# name 7 = c1mS/cm: Conductivity, 2 [mS/cm]
# name 8 = potemp090C: Potential Temperature [ITS-90, deg C]
# name 9 = potemp190C: Potential Temperature, 2 [ITS-90, deg C]
# name 10 = sal00: Salinity, Practical [PSU]
# name 11 = sal11: Salinity, Practical, 2 [PSU]
# name 12 = sigma-é00: Density [sigma-theta, kg/m^3]
# name 13 = sigma-é11: Density, 2 [sigma-theta, kg/m^3]
# name 14 = sbeox0Mg/L: Oxygen, SBE 43 [mg/l]
# name 15 = sbeox1Mg/L: Oxygen, SBE 43, 2 [mg/l]
# name 16 = sbox0Mm/Kg: Oxygen, SBE 43 [umol/kg]
# name 17 = sbox1Mm/Kg: Oxygen, SBE 43, 2 [umol/kg]
# name 18 = sbeox0V: Oxygen raw, SBE 43 [V]
# name 19 = sbeox1V: Oxygen raw, SBE 43, 2 [V]
# name 20 = v4: Voltage 4
# name 21 = flECO-AFL: Fluorescence, WET Labs ECO-AFL/FL [mg/m^3]
# name 22 = v3: Voltage 3
# name 23 = v6: Voltage 6
# name 24 = v7: Voltage 7
# name 25 = longitude: Longitude [deg]
# name 26 = latitude: Latitude [deg]
# name 27 = altM: Altimeter [m]
# name 28 = nbf: Bottles Fired
# name 29 = flag:  0.000e+00
# interval = seconds: 0.0416667
# start_time = Jun 26 2021 00:53:52 [NMEA time, header]
# bad_flag = -9.990e-29
*END*
      19836    826.458    149.524    150.903     5.7002     5.6989  33.121337  33.141429     5.6879     5.6866    33.8190    33.8431    26.6580    26.6772     3.0870     3.0729     93.965     93.536     1.1148     1.0757     0.0403    -0.0177     3.2808     1.6422     0.0000 -129.40164   52.24872       9.69          1  0.000e+00
      19837    826.500    149.577    150.957     5.6995     5.6985  33.121029  33.141736     5.6872     5.6862    33.8192    33.8437    26.6583    26.6777     3.0871     3.0795     93.967     93.736     1.1148     1.0769     0.0403    -0.0177     3.2784     1.6435     0.0000 -129.40164   52.24872       9.69          1  0.000e+00
      19838    826.542    149.485    150.863     5.6997     5.6985  33.121337  33.141859     5.6874     5.6862    33.8195    33.8439    26.6584    26.6779     3.0810     3.0795     93.783     93.735     1.1136     1.0769     0.0403    -0.0177     3.2808     1.6422     0.0000 -129.40164   52.24872       9.69          1  0.000e+00
      19839    826.583    149.577    150.957     5.6992     5.6987  33.121337  33.141613     5.6869     5.6864    33.8199    33.8434    26.6588    26.6775     3.0871     3.0795     93.968     93.736     1.1148     1.0769     0.0403    -0.0177     3.2808     1.6422     0.0000 -129.40164   52.24872       9.69          1  0.000e+00
      19840    826.625    149.471    150.850     5.6995     5.6990  33.121460  33.141736     5.6872     5.6867    33.8198    33.8433    26.6587    26.6773     3.0870     3.0729     93.966     93.534     1.1148     1.0757     0.0403    -0.0177     3.2808     1.6422     0.0000 -129.40164   52.24872       9.74          1  0.000e+00
      19841    826.667    149.531    150.910     5.6994     5.6991  33.121522  33.141613     5.6871     5.6868    33.8200    33.8430    26.6588    26.6771     3.0870     3.0795     93.966     93.735     1.1148     1.0769     0.0403    -0.0177     3.2808     1.6422     0.0000 -129.40164   52.24872       9.74          1  0.000e+00
      19842    826.708    149.485    150.863     5.6994     5.6992  33.121337  33.141551     5.6871     5.6869    33.8198    33.8429    26.6587    26.6770     3.0870     3.0795     93.966     93.734     1.1148     1.0769     0.0403    -0.0177     3.2796     1.6422     0.0000 -129.40164   52.24872       9.74          1  0.000e+00
      19843    826.750    149.571    150.950     5.6995     5.6989  33.121214  33.141736     5.6872     5.6866    33.8195    33.8434    26.6585    26.6774     3.0871     3.0795     93.967     93.736     1.1148     1.0769     0.0403    -0.0177     3.2784     1.6422     0.0000 -129.40164   52.24872       9.74          1  0.000e+00
      19844    826.792    149.485    150.863     5.7002     5.6990  33.121460  33.141859     5.6879     5.6867    33.8191    33.8434    26.6581    26.6774     3.0870     3.0729     93.965     93.534     1.1148     1.0757     0.0403    -0.0177     3.2808     1.6422     0.0000 -129.40164   52.24872       9.74          1  0.000e+00
      19845    826.833    149.485    150.863     5.7009     5.6992  33.121521  33.141859     5.6887     5.6869    33.8184    33.8433    26.6574    26.6773     3.0869     3.0729     93.963     93.534     1.1148     1.0757     0.0403    -0.0177     3.2796     1.6422     0.0000 -129.40164   52.24872       9.74          1  0.000e+00
      19846    826.875    149.524    150.903     5.7009     5.6993  33.121521  33.142044     5.6887     5.6870    33.8184    33.8433    26.6574    26.6773     3.0870     3.0795     93.964     93.734     1.1148     1.0769     0.0403    -0.0177     3.2808     1.6422     0.0000 -129.40164   52.24872       9.74          1  0.000e+00
      19847    826.917    149.531    150.910     5.7011     5.6995  33.121521  33.141921     5.6888     5.6872    33.8182    33.8430    26.6572    26.6770     3.0869     3.0795     93.964     93.734     1.1148     1.0769     0.0403    -0.0177     3.2796     1.6435     0.0000 -129.40164   52.24872       9.74          1  0.000e+00
      19848    826.958    149.485    150.863     5.7014     5.6991  33.121521  33.141613     5.6891     5.6868    33.8179    33.8430    26.6570    26.6771     3.0869     3.0729     93.962     93.534     1.1148     1.0757     0.0403    -0.0177     3.2808     1.6435     0.0000 -129.40164   52.24872       9.74          1  0.000e+00
      19849    827.000    149.485    150.863     5.7013     5.6989  33.121583  33.141736     5.6890     5.6866    33.8182    33.8434    26.6572    26.6775     3.0869     3.0729     93.963     93.535     1.1148     1.0757     0.0403    -0.0177     3.2796     1.6435     0.0000 -129.40164   52.24872       9.77          1  0.000e+00
      19850    827.042    149.471    150.850     5.7009     5.6987  33.121275  33.141613     5.6887     5.6864    33.8182    33.8434    26.6572    26.6775     3.0809     3.0729     93.781     93.535     1.1136     1.0757     0.0403    -0.0177     3.2796     1.6422     0.0000 -129.40164   52.24872       9.74          1  0.000e+00
      19851    827.083    149.485    150.863     5.7008     5.6987  33.121214  33.141982     5.6885     5.6864    33.8182    33.8439    26.6573    26.6778     3.0870     3.0729     93.964     93.535     1.1148     1.0757     0.0403    -0.0177     3.2796     1.6435     0.0000 -129.40164   52.24872       9.74          1  0.000e+00
      19852    827.125    149.485    150.863     5.7008     5.6985  33.121644  33.141675     5.6885     5.6862    33.8187    33.8437    26.6577    26.6777     3.0869     3.0795     93.963     93.735     1.1148     1.0769     0.0403    -0.0177     3.2796     1.6422     0.0000 -129.40164   52.24872       9.79          1  0.000e+00
      19853    827.167    149.471    150.850     5.7008     5.6989  33.121644  33.141551     5.6885     5.6866    33.8187    33.8432    26.6577    26.6773     3.0869     3.0795     93.963     93.734     1.1148     1.0769     0.0403    -0.0177     3.2796     1.6435     0.0000 -129.40164   52.24872       9.82          1  0.000e+00
      19854    827.208    149.485    150.863     5.7013     5.6987  33.121583  33.141551     5.6890     5.6864    33.8182    33.8434    26.6572    26.6774     3.0869     3.0729     93.963     93.535     1.1148     1.0757     0.0403    -0.0177     3.2784     1.6422     0.0000 -129.40164   52.24872       9.82          1  0.000e+00
      19855    827.250    149.485    150.863     5.7011     5.6988  33.121768  33.141736     5.6889     5.6865    33.8185    33.8435    26.6575    26.6776     3.0869     3.0729     93.963     93.535     1.1148     1.0757     0.0403    -0.0177     3.2796     1.6422     0.0000 -129.40164   52.24872       9.82          1  0.000e+00
      19856    827.292    149.471    150.850     5.7008     5.6989  33.122075  33.141613     5.6885     5.6866    33.8192    33.8433    26.6581    26.6774     3.0869     3.0729     93.963     93.535     1.1148     1.0757     0.0403    -0.0177     3.2796     1.6422     0.0000 -129.40164   52.24872       9.79          1  0.000e+00
      19857    827.333    149.432    150.809     5.7009     5.6989  33.121460  33.141551     5.6887     5.6866    33.8184    33.8433    26.6574    26.6773     3.0869     3.0729     93.963     93.534     1.1148     1.0757     0.0403    -0.0177     3.2796     1.6422     0.0000 -129.40164   52.24872       9.79          1  0.000e+00
      19858    827.375    149.485    150.863     5.7009     5.6990  33.121952  33.141551     5.6887     5.6867    33.8189    33.8431    26.6578    26.6772     3.0869     3.0795     93.963     93.734     1.1148     1.0769     0.0403    -0.0177     3.2796     1.6422     0.0000 -129.40164   52.24872       9.79          1  0.000e+00
      19859    827.417    149.432    150.809     5.7009     5.6990  33.121644  33.141982     5.6886     5.6867    33.8186    33.8436    26.6576    26.6776     3.0869     3.0729     93.963     93.534     1.1148     1.0757     0.0403    -0.0177     3.2796     1.6435     0.0000 -129.40164   52.24872       9.82          1  0.000e+00
      19860    827.458    149.471    150.850     5.7009     5.6990  33.122014  33.141674     5.6887     5.6867    33.8190    33.8432    26.6579    26.6773     3.0869     3.0729     93.963     93.534     1.1148     1.0757     0.0403    -0.0177     3.2796     1.6422     0.0000 -129.40164   52.24872       9.82          1  0.000e+00
      19861    827.500    149.432    150.809     5.7009     5.6992  33.121952  33.141736     5.6887     5.6869    33.8189    33.8432    26.6578    26.6772     3.0869     3.0794     93.962     93.733     1.1148     1.0769     0.0403    -0.0177     3.2784     1.6422     0.0000 -129.40164   52.24872       9.79          1  0.000e+00
      19862    827.542    149.432    150.809     5.7014     5.6992  33.121829  33.141859     5.6891     5.6870    33.8183    33.8432    26.6573    26.6772     3.0869     3.0729     93.962     93.533     1.1148     1.0757     0.0403    -0.0177     3.2808     1.6435     0.0000 -129.40164   52.24872       9.82          1  0.000e+00
      19863    827.583    149.471    150.850     5.7016     5.6993  33.121829  33.141859     5.6893     5.6870    33.8181    33.8431    26.6571    26.6772     3.0869     3.0794     93.962     93.733     1.1148     1.0769     0.0403    -0.0177     3.2796     1.6422     0.0000 -129.40164   52.24872       9.82          1  0.000e+00
      19864    827.625    149.432    150.809     5.7014     5.6990  33.121829  33.141613     5.6891     5.6867    33.8183    33.8432    26.6573    26.6772     3.0869     3.0729     93.962     93.534     1.1148     1.0757     0.0403    -0.0177     3.2796     1.6435     0.0000 -129.40164   52.24872       9.82          1  0.000e+00
      19865    827.667    149.432    150.809     5.7016     5.6992  33.121829  33.141736     5.6893     5.6869    33.8182    33.8432    26.6571    26.6772     3.0869     3.0794     93.961     93.733     1.1148     1.0769     0.0403    -0.0177     3.2796     1.6422     0.0000 -129.40164   52.24872       9.82          1  0.000e+00
      19866    827.708    149.425    150.803     5.7013     5.6992  33.121890  33.141613     5.6890     5.6869    33.8185    33.8430    26.6575    26.6771     3.0869     3.0729     93.962     93.534     1.1148     1.0757     0.0403    -0.0177     3.2796     1.6422     0.0000 -129.40164   52.24872       9.82          1  0.000e+00
      19867    827.750    149.432    150.809     5.7018     5.6992  33.122506  33.141736     5.6895     5.6869    33.8187    33.8432    26.6576    26.6772     3.0868     3.0794     93.960     93.733     1.1148     1.0769     0.0403    -0.0177     3.2796     1.6435     0.0000 -129.40164   52.24872       9.82          1  0.000e+00
      19868    827.792    149.432    150.809     5.7019     5.6993  33.122321  33.141859     5.6896     5.6870    33.8184    33.8432    26.6573    26.6772     3.0868     3.0729     93.960     93.533     1.1148     1.0757     0.0403    -0.0177     3.2796     1.6435     0.0000 -129.40164   52.24872       9.82          1  0.000e+00
      19869    827.833    149.432    150.809     5.7019     5.6992  33.122752  33.141859     5.6896     5.6870    33.8189    33.8432    26.6577    26.6772     3.0868     3.0794     93.960     93.733     1.1148     1.0769     0.0403    -0.0177     3.2796     1.6435     0.0000 -129.40164   52.24872       9.82          1  0.000e+00
      19870    827.875    149.379    150.756     5.7019     5.6990  33.122567  33.141613     5.6896     5.6867    33.8187    33.8432    26.6575    26.6773     3.0868     3.0794     93.959     93.733     1.1148     1.0769     0.0403    -0.0177     3.2796     1.6435     0.0000 -129.40164   52.24872       9.84          1  0.000e+00
      19871    827.917    149.432    150.809     5.7024     5.6992  33.122444  33.141736     5.6901     5.6869    33.8180    33.8432    26.6569    26.6772     3.0868     3.0729     93.959     93.534     1.1148     1.0757     0.0403    -0.0177     3.2796     1.6435     0.0000 -129.40164   52.24872       9.84          1  0.000e+00
      19872    827.958    149.432    150.809     5.7026     5.6993  33.122629  33.141859     5.6903     5.6870    33.8181    33.8432    26.6570    26.6772     3.0868     3.0729     93.959     93.533     1.1148     1.0757     0.0403    -0.0177     3.2796     1.6422     0.0000 -129.40164   52.24872       9.84          1  0.000e+00
      19873    828.000    149.379    150.756     5.7027     5.6993  33.122752  33.142043     5.6904     5.6870    33.8181    33.8434    26.6570    26.6774     3.0868     3.0794     93.958     93.732     1.1148     1.0769     0.0403    -0.0177     3.2796     1.6435     0.0000 -129.40164   52.24872       9.84          1  0.000e+00
      19874    828.042    149.432    150.809     5.7027     5.6993  33.122937  33.142166     5.6904     5.6870    33.8183    33.8435    26.6571    26.6775     3.0868     3.0794     93.959     93.733     1.1148     1.0769     0.0403    -0.0177     3.2796     1.6435     0.0000 -129.40164   52.24872       9.84          1  0.000e+00
      19875    828.083    149.385    150.763     5.7028     5.6993  33.123244  33.142166     5.6905     5.6870    33.8186    33.8435    26.6573    26.6775     3.0867     3.0728     93.958     93.532     1.1148     1.0757     0.0391    -0.0482     3.2796     1.6435     0.0000 -129.40164   52.24872       9.84          1  0.000e+00
      19876    828.125    149.425    150.803     5.7027     5.6994  33.123306  33.141920     5.6904     5.6871    33.8187    33.8431    26.6574    26.6772     3.0868     3.0794     93.958     93.733     1.1148     1.0769     0.0403    -0.0177     3.2796     1.6422     0.0000 -129.40164   52.24872       9.87          1  0.000e+00
      19877    828.167    149.385    150.763     5.7033     5.6993  33.123121  33.141859     5.6911     5.6870    33.8179    33.8432    26.6567    26.6772     3.0867     3.0794     93.957     93.732     1.1148     1.0769     0.0403    -0.0177     3.2796     1.6422     0.0000 -129.40164   52.24872       9.89          1  0.000e+00
      19878    828.208    149.385    150.763     5.7038     5.6992  33.123060  33.141859     5.6915     5.6869    33.8173    33.8433    26.6562    26.6773     3.0867     3.0794     93.956     93.733     1.1148     1.0769     0.0403    -0.0177     3.2796     1.6435     0.0000 -129.40164   52.24872       9.87          1  0.000e+00
      19879    828.250    149.385    150.763     5.7040     5.6993  33.123244  33.141859     5.6917     5.6870    33.8174    33.8432    26.6562    26.6772     3.0867     3.0728     93.956     93.533     1.1148     1.0757     0.0403    -0.0177     3.2796     1.6435     0.0000 -129.40164   52.24872       9.89          1  0.000e+00
      19880    828.292    149.379    150.756     5.7035     5.6993  33.123121  33.142043     5.6913     5.6870    33.8177    33.8434    26.6565    26.6774     3.0867     3.0728     93.956     93.532     1.1148     1.0757     0.0403    -0.0177     3.2796     1.6435     0.0000 -129.40164   52.24872       9.89          1  0.000e+00
      19881    828.333    149.385    150.763     5.7033     5.6996  33.123244  33.141920     5.6911     5.6874    33.8180    33.8429    26.6568    26.6769     3.0867     3.0728     93.957     93.532     1.1148     1.0757     0.0403    -0.0177     3.2796     1.6435     0.0000 -129.40164   52.24872       9.89          1  0.000e+00
      19882    828.375    149.385    150.763     5.7033     5.6995  33.123121  33.141859     5.6911     5.6872    33.8179    33.8430    26.6567    26.6770     3.0867     3.0728     93.957     93.532     1.1148     1.0757     0.0403    -0.0177     3.2796     1.6435     0.0000 -129.40164   52.24872       9.87          1  0.000e+00
      19883    828.417    149.379    150.756     5.7029     5.7001  33.123244  33.141859     5.6906     5.6879    33.8185    33.8423    26.6572    26.6764     3.0867     3.0728     93.957     93.531     1.1148     1.0757     0.0403    -0.0177     3.2808     1.6435     0.0000 -129.40164   52.24872       9.89          1  0.000e+00
