WCOA/WCOA-6/CTD_Data/RB2102_CTD_031_01.ros
* Sea-Bird SBE 9 Data File:
* FileName = C:\Users\scs.user.rb\CTD\RB2102\Data\RB2102_CTD_031_01.hex
* Software Version Seasave V 7.26.7.107
* Temperature SN = 6202
* Conductivity SN = 4907
* Number of Bytes Per Scan = 41
* Number of Voltage Words = 4
* Number of Scans Averaged by the Deck Unit = 1
* NMEA Latitude = 46 07.77 N
* NMEA Longitude = 124 05.40 W
* NMEA UTC (Time) = Jul 01 2021  01:43:19
* NMEA baud rate = 4800
# nquan = 30
# nvalues = 588                                   
# units = specified
# name 0 = scan: Scan Count
# name 1 = timeS: Time, Elapsed [seconds]
# name 2 = depSM: Depth [salt water, m]
# name 3 = prDM: Pressure, Digiquartz [db]
# name 4 = t090C: Temperature [ITS-90, deg C]
# name 5 = t190C: Temperature, 2 [ITS-90, deg C]
# name 6 = c0mS/cm: Conductivity [mS/cm]
# name 7 = c1mS/cm: Conductivity, 2 [mS/cm]
# name 8 = potemp090C: Potential Temperature [ITS-90, deg C]
# name 9 = potemp190C: Potential Temperature, 2 [ITS-90, deg C]
# name 10 = sal00: Salinity, Practical [PSU]
# name 11 = sal11: Salinity, Practical, 2 [PSU]
# name 12 = sigma-é00: Density [sigma-theta, kg/m^3]
# name 13 = sigma-é11: Density, 2 [sigma-theta, kg/m^3]
# name 14 = sbeox0Mg/L: Oxygen, SBE 43 [mg/l]
# name 15 = sbeox1Mg/L: Oxygen, SBE 43, 2 [mg/l]
# name 16 = sbox0Mm/Kg: Oxygen, SBE 43 [umol/kg]
# name 17 = sbox1Mm/Kg: Oxygen, SBE 43, 2 [umol/kg]
# name 18 = sbeox0V: Oxygen raw, SBE 43 [V]
# name 19 = sbeox1V: Oxygen raw, SBE 43, 2 [V]
# name 20 = v4: Voltage 4
# name 21 = flECO-AFL: Fluorescence, WET Labs ECO-AFL/FL [mg/m^3]
# name 22 = v3: Voltage 3
# name 23 = v6: Voltage 6
# name 24 = v7: Voltage 7
# name 25 = longitude: Longitude [deg]
# name 26 = latitude: Latitude [deg]
# name 27 = altM: Altimeter [m]
# name 28 = nbf: Bottles Fired
# name 29 = flag:  0.000e+00
# interval = seconds: 0.0416667
# start_time = Jul 01 2021 01:43:19 [NMEA time, header]
# bad_flag = -9.990e-29
*END*
[from data line 97]
      15184    632.625     35.613     35.912     8.0062     8.0303  34.667283  34.685610     8.0027     8.0268    33.3215    33.3181    25.9554    25.9492     3.2139     3.2478     97.894     98.927     1.1868     1.1526     0.1355     2.3633     3.3748     1.4799     0.0000 -124.08984   46.12946      10.79          2  0.000e+00
      19684    820.125     19.785     19.950    12.4343    12.4092  37.509651  37.464397    12.4317    12.4066    32.1967    32.1750    24.3316    24.3196    10.7114    10.4943    326.785    320.164     3.0537     2.8168     0.1783     3.4317     3.3346     0.6947     0.0000 -124.08976   46.12944      26.64          3  0.000e+00
      19685    820.167     19.739     19.904    12.4356    12.4098  37.510103  37.464913    12.4330    12.4073    32.1961    32.1750    24.3309    24.3194    10.7111    10.4941    326.776    320.158     3.0537     2.8168     0.1783     3.4317     3.3346     0.6947     0.0000 -124.08976   46.12944      26.64          3  0.000e+00
      19686    820.208     19.785     19.950    12.4357    12.4093  37.510879  37.464139    12.4331    12.4067    32.1967    32.1747    24.3313    24.3192    10.7111    10.4943    326.776    320.164     3.0537     2.8168     0.1783     3.4317     3.3346     0.6947     0.0000 -124.08976   46.12944      26.64          3  0.000e+00
      19687    820.250     19.640     19.803    12.4354    12.4090  37.510814  37.463041    12.4329    12.4065    32.1969    32.1739    24.3315    24.3187    10.7109    10.4942    326.771    320.162     3.0537     2.8168     0.1783     3.4317     3.3346     0.6947     0.0000 -124.08976   46.12944      26.64          3  0.000e+00
      19688    820.292     19.785     19.950    12.4347    12.4093  37.511525  37.463945    12.4322    12.4068    32.1981    32.1744    24.3326    24.3191    10.7112    10.4943    326.779    320.164     3.0537     2.8168     0.1783     3.4317     3.3346     0.6947     0.0000 -124.08976   46.12944      26.69          3  0.000e+00
      19689    820.333     19.785     19.950    12.4341    12.4110  37.513787  37.467108    12.4315    12.4084    32.2009    32.1761    24.3348    24.3200    10.7112    10.4938    326.777    320.149     3.0537     2.8168     0.1783     3.4317     3.3346     0.6947     0.0000 -124.08976   46.12944      26.69          3  0.000e+00
      19690    820.375     19.739     19.904    12.4341    12.4135  37.515661  37.471498    12.4315    12.4110    32.2027    32.1781    24.3362    24.3211    10.7110    10.4930    326.771    320.124     3.0537     2.8168     0.1783     3.4317     3.3346     0.6947     0.0000 -124.08976   46.12944      26.69          3  0.000e+00
      19691    820.417     19.785     19.950    12.4348    12.4164  37.516760  37.477114    12.4322    12.4138    32.2031    32.1810    24.3364    24.3228    10.7109    10.4922    326.767    320.099     3.0537     2.8168     0.1783     3.4317     3.3346     0.6947     0.0000 -124.08976   46.12944      26.69          3  0.000e+00
      19692    820.458     19.739     19.904    12.4364    12.4182  37.518311  37.482021    12.4338    12.4156    32.2032    32.1842    24.3363    24.3249    10.7104    10.4970    326.754    320.246     3.0537     2.8181     0.1783     3.4317     3.3346     0.6947     0.0000 -124.08976   46.12944      26.69          3  0.000e+00
      19693    820.500     19.785     19.950    12.4382    12.4192  37.518763  37.485120    12.4356    12.4167    32.2021    32.1862    24.3350    24.3263    10.7102    10.4912    326.746    320.067     3.0537     2.8168     0.1783     3.4317     3.3346     0.6947     0.0000 -124.08976   46.12944      26.67          3  0.000e+00
      19694    820.542     19.739     19.904    12.4389    12.4194  37.519474  37.486605    12.4363    12.4168    32.2022    32.1875    24.3350    24.3273    10.7099    10.4965    326.739    320.230     3.0537     2.8181     0.1783     3.4317     3.3333     0.6935     0.0000 -124.08976   46.12944      26.64          3  0.000e+00
      19695    820.583     19.785     19.950    12.4376    12.4196  37.518763  37.486799    12.4350    12.4171    32.2026    32.1875    24.3355    24.3272    10.7103    10.4965    326.749    320.230     3.0537     2.8181     0.1783     3.4317     3.3358     0.6935     0.0000 -124.08976   46.12944      26.64          3  0.000e+00
      19696    820.625     19.739     19.904    12.4361    12.4190  37.517600  37.487057    12.4335    12.4165    32.2028    32.1882    24.3360    24.3279    10.7054    10.4965    326.602    320.231     3.0525     2.8181     0.1783     3.4317     3.3346     0.6935     0.0000 -124.08976   46.12944      26.64          3  0.000e+00
      19697    820.667     19.785     19.950    12.4339    12.4192  37.516372  37.487638    12.4313    12.4167    32.2035    32.1886    24.3369    24.3282    10.7111    10.4965    326.773    320.231     3.0537     2.8181     0.1783     3.4317     3.3333     0.6947     0.0000 -124.08976   46.12944      26.64          3  0.000e+00
      19698    820.708     19.739     19.904    12.4308    12.4207  37.515080  37.490027    12.4282    12.4181    32.2050    32.1897    24.3386    24.3287    10.7065    10.4961    326.634    320.216     3.0525     2.8181     0.1783     3.4317     3.3346     0.6947     0.0000 -124.08976   46.12944      26.64          3  0.000e+00
      19699    820.750     19.832     19.997    12.4271    12.4219  37.513982  37.491706    12.4245    12.4193    32.2070    32.1902    24.3409    24.3289    10.7125    10.4959    326.814    320.210     3.0537     2.8181     0.1783     3.4317     3.3333     0.6947     0.0000 -124.08976   46.12944      26.64          3  0.000e+00
      19700    820.792     19.785     19.950    12.4231    12.4232  37.512948  37.492352    12.4205    12.4206    32.2095    32.1897    24.3436    24.3283    10.7132    10.4955    326.834    320.200     3.0537     2.8181     0.1783     3.4317     3.3346     0.6947     0.0000 -124.08976   46.12944      26.62          3  0.000e+00
      19701    820.833     19.785     19.950    12.4211    12.4244  37.512755  37.492158    12.4186    12.4218    32.2110    32.1885    24.3451    24.3271    10.7084    10.4898    326.689    320.025     3.0525     2.8168     0.1783     3.4317     3.3346     0.6947     0.0000 -124.08976   46.12944      26.62          3  0.000e+00
      19702    820.875     19.785     19.950    12.4196    12.4246  37.512561  37.489575    12.4171    12.4220    32.2121    32.1859    24.3463    24.3250    10.7138    10.4954    326.853    320.198     3.0537     2.8181     0.1783     3.4317     3.3346     0.6935     0.0000 -124.08976   46.12944      26.62          3  0.000e+00
      19703    820.917     19.832     19.997    12.4202    12.4231  37.512690  37.485507    12.4176    12.4205    32.2117    32.1833    24.3459    24.3233    10.7137    10.4960    326.852    320.217     3.0537     2.8181     0.1758     3.3706     3.3346     0.6947     0.0000 -124.08976   46.12944      26.62          3  0.000e+00
      19704    820.958     19.785     19.950    12.4228    12.4219  37.513465  37.483764    12.4202    12.4193    32.2102    32.1827    24.3442    24.3230    10.7132    10.4963    326.835    320.225     3.0537     2.8181     0.1600     2.9738     3.3346     0.6935     0.0000 -124.08976   46.12944      26.59          3  0.000e+00
      19705    821.000     19.785     19.950    12.4268    12.4219  37.514241  37.484022    12.4242    12.4193    32.2076    32.1829    24.3414    24.3232    10.7124    10.4963    326.813    320.225     3.0537     2.8181     0.1514     2.7601     3.3333     0.6935     0.0000 -124.08976   46.12944      26.59          3  0.000e+00
      19706    821.042     19.785     19.950    12.4317    12.4220  37.514951  37.485378    12.4292    12.4195    32.2040    32.1840    24.3377    24.3241    10.7115    10.4962    326.787    320.221     3.0537     2.8181     0.1502     2.7296     3.3346     0.6935     0.0000 -124.08976   46.12944      26.59          3  0.000e+00
      19707    821.083     19.832     19.997    12.4354    12.4236  37.515144  37.488736    12.4328    12.4210    32.2010    32.1859    24.3347    24.3253    10.7058    10.4957    326.614    320.208     3.0525     2.8181     0.1514     2.7601     3.3346     0.6947     0.0000 -124.08976   46.12944      26.62          3  0.000e+00
      19708    821.125     19.785     19.950    12.4386    12.4259  37.514562  37.493708    12.4360    12.4233    32.1977    32.1887    24.3315    24.3270    10.7104    10.4950    326.753    320.183     3.0537     2.8181     0.1514     2.7601     3.3346     0.6935     0.0000 -124.08976   46.12944      26.59          3  0.000e+00
      19709    821.167     19.832     19.997    12.4410    12.4291  37.513399  37.498034    12.4384    12.4265    32.1945    32.1901    24.3286    24.3274    10.7101    10.4997    326.745    320.328     3.0537     2.8193     0.1514     2.7601     3.3346     0.6935     0.0000 -124.08976   46.12944      26.62          3  0.000e+00
      19710    821.208     19.832     19.997    12.4425    12.4312  37.512623  37.500229    12.4399    12.4287    32.1925    32.1903    24.3267    24.3272    10.7099    10.4992    326.739    320.312     3.0537     2.8193     0.1514     2.7601     3.3346     0.6935     0.0000 -124.08976   46.12944      26.59          3  0.000e+00
      19711    821.250     19.785     19.950    12.4435    12.4319  37.512493  37.501069    12.4409    12.4293    32.1916    32.1906    24.3258    24.3273    10.7045    10.4989    326.577    320.304     3.0525     2.8193     0.1514     2.7601     3.3346     0.6935     0.0000 -124.08976   46.12944      26.62          3  0.000e+00
      19712    821.292     19.832     19.997    12.4434    12.4329  37.511653  37.502296    12.4409    12.4303    32.1908    32.1909    24.3252    24.3273    10.7098    10.4987    326.737    320.298     3.0537     2.8193     0.1514     2.7601     3.3346     0.6947     0.0000 -124.08976   46.12944      26.62          3  0.000e+00
      19713    821.333     19.885     20.050    12.4423    12.4339  37.510684  37.503394    12.4398    12.4313    32.1908    32.1910    24.3254    24.3272    10.7101    10.4986    326.747    320.293     3.0537     2.8193     0.1514     2.7601     3.3346     0.6947     0.0000 -124.08976   46.12944      26.62          3  0.000e+00
      19714    821.375     19.785     19.950    12.4419    12.4346  37.510684  37.503845    12.4393    12.4320    32.1912    32.1909    24.3259    24.3270    10.7049    10.4983    326.590    320.284     3.0525     2.8193     0.1526     2.7906     3.3333     0.6935     0.0000 -124.08976   46.12944      26.62          3  0.000e+00
      19715    821.417     19.885     20.050    12.4395    12.4349  37.510297  37.503587    12.4369    12.4323    32.1928    32.1904    24.3276    24.3265    10.7055    10.4984    326.606    320.287     3.0525     2.8193     0.1514     2.7601     3.3333     0.6935     0.0000 -124.08976   46.12944      26.62          3  0.000e+00
      19716    821.458     19.832     19.997    12.4359    12.4339  37.510814  37.502166    12.4333    12.4314    32.1964    32.1899    24.3311    24.3264    10.7060    10.4986    326.621    320.293     3.0525     2.8193     0.1514     2.7601     3.3333     0.6935     0.0000 -124.08976   46.12944      26.62          3  0.000e+00
      19717    821.500     19.832     19.997    12.4324    12.4329  37.509910  37.500165    12.4298    12.4303    32.1986    32.1888    24.3334    24.3257    10.7067    10.4989    326.641    320.303     3.0525     2.8193     0.1514     2.7601     3.3333     0.6935     0.0000 -124.08976   46.12944      26.62          3  0.000e+00
      19718    821.542     19.885     20.050    12.4298    12.4319  37.510686  37.496871    12.4272    12.4293    32.2016    32.1865    24.3362    24.3241    10.7072    10.4993    326.655    320.317     3.0525     2.8193     0.1514     2.7601     3.3333     0.6935     0.0000 -124.08976   46.12944      26.62          3  0.000e+00
      19719    821.583     19.832     19.997    12.4279    12.4308  37.511526  37.493320    12.4254    12.4282    32.2039    32.1841    24.3384    24.3225    10.7023    10.4997    326.504    320.329     3.0513     2.8193     0.1514     2.7601     3.3333     0.6935     0.0000 -124.08976   46.12944      26.62          3  0.000e+00
      19720    821.625     19.832     19.997    12.4256    12.4311  37.512043  37.494159    12.4230    12.4285    32.2064    32.1847    24.3408    24.3229    10.7026    10.4996    326.515    320.326     3.0513     2.8193     0.1514     2.7601     3.3346     0.6935     0.0000 -124.08976   46.12944      26.62          3  0.000e+00
      19721    821.667     19.878     20.044    12.4215    12.4306  37.511592  37.496678    12.4189    12.4280    32.2095    32.1875    24.3440    24.3251    10.7035    10.4996    326.539    320.325     3.0513     2.8193     0.1514     2.7601     3.3346     0.6935     0.0000 -124.08976   46.12944      26.62          3  0.000e+00
      19722    821.708     19.832     19.997    12.4176    12.4281  37.511204  37.498292    12.4150    12.4255    32.2125    32.1912    24.3470    24.3285    10.7041    10.4999    326.557    320.332     3.0513     2.8193     0.1514     2.7601     3.3333     0.6935     0.0000 -124.08976   46.12944      26.62          3  0.000e+00
      19723    821.750     19.878     20.044    12.4140    12.4254  37.510300  37.498939    12.4114    12.4228    32.2147    32.1941    24.3494    24.3312    10.7048    10.5004    326.579    320.347     3.0513     2.8193     0.1514     2.7601     3.3333     0.6935     0.0000 -124.08976   46.12944      26.62          3  0.000e+00
      19724    821.792     19.885     20.050    12.4119    12.4236  37.509654  37.499520    12.4093    12.4210    32.2159    32.1962    24.3507    24.3332    10.7053    10.5007    326.591    320.355     3.0513     2.8193     0.1514     2.7601     3.3333     0.6935     0.0000 -124.08976   46.12944      26.62          3  0.000e+00
      19725    821.833     19.832     19.997    12.4103    12.4212  37.509266  37.500424    12.4077    12.4186    32.2169    32.1991    24.3518    24.3359    10.7004    10.5010    326.442    320.364     3.0501     2.8193     0.1514     2.7601     3.3333     0.6935     0.0000 -124.08976   46.12944      26.62          3  0.000e+00
      19726    821.875     19.885     20.050    12.4091    12.4184  37.509396  37.500812    12.4065    12.4158    32.2181    32.2019    24.3529    24.3386    10.7007    10.5015    326.451    320.380     3.0501     2.8193     0.1514     2.7601     3.3333     0.6935     0.0000 -124.08976   46.12944      26.59          3  0.000e+00
      19727    821.917     19.832     19.997    12.4087    12.4161  37.509396  37.501458    12.4061    12.4136    32.2184    32.2045    24.3533    24.3410    10.7007    10.5018    326.450    320.388     3.0501     2.8193     0.1514     2.7601     3.3333     0.6935     0.0000 -124.08976   46.12944      26.59          3  0.000e+00
      19728    821.958     19.885     20.050    12.4076    12.4147  37.509461  37.501911    12.4050    12.4121    32.2194    32.2061    24.3542    24.3426    10.7009    10.5021    326.458    320.397     3.0501     2.8193     0.1514     2.7601     3.3333     0.6935     0.0000 -124.08976   46.12944      26.59          3  0.000e+00
      19729    822.000     19.931     20.097    12.4065    12.4132  37.509009  37.501653    12.4040    12.4106    32.2199    32.2071    24.3548    24.3437    10.7012    10.5025    326.466    320.407     3.0501     2.8193     0.1514     2.7601     3.3346     0.6935     0.0000 -124.08976   46.12944      26.59          3  0.000e+00
      19730    822.042     19.832     19.997    12.4050    12.4127  37.507845  37.500425    12.4024    12.4101    32.2201    32.2064    24.3553    24.3432    10.6963    10.5025    326.317    320.408     3.0488     2.8193     0.1490     2.6991     3.3346     0.6935     0.0000 -124.08976   46.12944      26.59          3  0.000e+00
