WCOA/WCOA-6/CTD_Data/RB2102_CTD_054_01.ros
* Sea-Bird SBE 9 Data File:
* FileName = C:\Users\scs.user.rb\CTD\RB2102\Data\RB2102_CTD_054_01.hex
* Software Version Seasave V 7.26.7.107
* Temperature SN = 6202
* Conductivity SN = 4907
* Number of Bytes Per Scan = 41
* Number of Voltage Words = 4
* Number of Scans Averaged by the Deck Unit = 1
* NMEA Latitude = 44 00.00 N
* NMEA Longitude = 125 00.02 W
* NMEA UTC (Time) = Jul 05 2021  00:33:50
* NMEA baud rate = 4800
# nquan = 30
# nvalues = 1078                                  
# units = specified
# name 0 = scan: Scan Count
# name 1 = timeS: Time, Elapsed [seconds]
# name 2 = depSM: Depth [salt water, m]
# name 3 = prDM: Pressure, Digiquartz [db]
# name 4 = t090C: Temperature [ITS-90, deg C]
# name 5 = t190C: Temperature, 2 [ITS-90, deg C]
# name 6 = c0mS/cm: Conductivity [mS/cm]
# name 7 = c1mS/cm: Conductivity, 2 [mS/cm]
# name 8 = potemp090C: Potential Temperature [ITS-90, deg C]
# name 9 = potemp190C: Potential Temperature, 2 [ITS-90, deg C]
# name 10 = sal00: Salinity, Practical [PSU]
# name 11 = sal11: Salinity, Practical, 2 [PSU]
# name 12 = sigma-é00: Density [sigma-theta, kg/m^3]
# name 13 = sigma-é11: Density, 2 [sigma-theta, kg/m^3]
# name 14 = sbeox0Mg/L: Oxygen, SBE 43 [mg/l]
# name 15 = sbeox1Mg/L: Oxygen, SBE 43, 2 [mg/l]
# name 16 = sbox0Mm/Kg: Oxygen, SBE 43 [umol/kg]
# name 17 = sbox1Mm/Kg: Oxygen, SBE 43, 2 [umol/kg]
# name 18 = sbeox0V: Oxygen raw, SBE 43 [V]
# name 19 = sbeox1V: Oxygen raw, SBE 43, 2 [V]
# name 20 = v4: Voltage 4
# name 21 = flECO-AFL: Fluorescence, WET Labs ECO-AFL/FL [mg/m^3]
# name 22 = v3: Voltage 3
# name 23 = v6: Voltage 6
# name 24 = v7: Voltage 7
# name 25 = longitude: Longitude [deg]
# name 26 = latitude: Latitude [deg]
# name 27 = altM: Altimeter [m]
# name 28 = nbf: Bottles Fired
# name 29 = flag:  0.000e+00
# interval = seconds: 0.0416667
# start_time = Jul 05 2021 00:33:50 [NMEA time, header]
# bad_flag = -9.990e-29
*END*
[from data line 146]
      49880   2078.292    743.003    750.371     4.5751     4.5756  32.781533  32.782392     4.5167     4.5172    34.2695    34.2699    27.1502    27.1505     0.3483     0.3817     10.596     11.612     0.5507     0.5678     0.0403    -0.0177     3.1954     0.2198     0.1502 -125.00120   44.00008     100.00          3  0.000e+00
      60205   2508.500    495.522    500.135     6.2915     6.2951  34.096251  34.099954     6.2470     6.2505    34.1491    34.1497    26.8488    26.8488     0.9586     1.0073     29.173     30.656     0.6764     0.6862     0.0403    -0.0177     3.1929     0.1807     0.1429 -125.00156   44.00016     100.00          4  0.000e+00
      60206   2508.542    495.569    500.182     6.2904     6.2956  34.094944  34.100576     6.2459     6.2510    34.1488    34.1499    26.8486    26.8489     0.9648     1.0073     29.362     30.656     0.6777     0.6862     0.0403    -0.0177     3.1929     0.1807     0.1429 -125.00156   44.00016     100.00          4  0.000e+00
      60207   2508.583    495.569    500.182     6.2891     6.2959  34.093388  34.100887     6.2446     6.2513    34.1483    34.1499    26.8484    26.8488     0.9587     1.0073     29.176     30.656     0.6764     0.6862     0.0403    -0.0177     3.1941     0.1807     0.1429 -125.00156   44.00016     100.00          4  0.000e+00
      60208   2508.625    495.615    500.229     6.2878     6.2959  34.092330  34.100950     6.2433     6.2513    34.1484    34.1499    26.8487    26.8488     0.9587     1.0073     29.177     30.656     0.6764     0.6862     0.0403    -0.0177     3.1929     0.1807     0.1429 -125.00156   44.00016     100.00          4  0.000e+00
      60209   2508.667    495.615    500.229     6.2864     6.2965  34.091396  34.101199     6.2419     6.2520    34.1488    34.1496    26.8492    26.8485     0.9587     1.0073     29.178     30.655     0.6764     0.6862     0.0403    -0.0177     3.1929     0.1807     0.1429 -125.00156   44.00016     100.00          4  0.000e+00
      60210   2508.708    495.669    500.283     6.2859     6.2965  34.092828  34.101261     6.2414     6.2520    34.1508    34.1496    26.8509    26.8485     0.9587     1.0073     29.178     30.656     0.6764     0.6862     0.0403    -0.0177     3.1941     0.1807     0.1429 -125.00156   44.00016      99.98          4  0.000e+00
      60211   2508.750    495.722    500.337     6.2875     6.2967  34.095629  34.101012     6.2430     6.2521    34.1523    34.1492    26.8518    26.8481     0.9587     1.0073     29.176     30.656     0.6764     0.6862     0.0403    -0.0177     3.1929     0.1807     0.1429 -125.00156   44.00016     100.00          4  0.000e+00
      60212   2508.792    495.769    500.384     6.2902     6.2970  34.097995  34.101199     6.2457     6.2524    34.1522    34.1490    26.8514    26.8480     0.9586     1.0073     29.175     30.656     0.6764     0.6862     0.0403    -0.0177     3.1917     0.1807     0.1429 -125.00156   44.00016      99.98          4  0.000e+00
      60213   2508.833    495.769    500.384     6.2920     6.2967  34.098555  34.101323     6.2474     6.2521    34.1511    34.1495    26.8503    26.8484     0.9586     1.0073     29.174     30.656     0.6764     0.6862     0.0403    -0.0177     3.1941     0.1807     0.1429 -125.00156   44.00016      99.98          4  0.000e+00
      60214   2508.875    495.816    500.432     6.2925     6.2968  34.098306  34.101697     6.2479     6.2523    34.1503    34.1497    26.8496    26.8486     0.9586     1.0073     29.174     30.656     0.6764     0.6862     0.0403    -0.0177     3.1929     0.1807     0.1429 -125.00156   44.00016     100.00          4  0.000e+00
      60215   2508.917    495.916    500.533     6.2933     6.2968  34.099178  34.101448     6.2487     6.2522    34.1504    34.1494    26.8496    26.8483     0.9586     1.0141     29.173     30.862     0.6764     0.6874     0.0403    -0.0177     3.1929     0.1807     0.1429 -125.00156   44.00016     100.00          4  0.000e+00
      60216   2508.958    495.869    500.486     6.2941     6.2970  34.099676  34.101510     6.2495     6.2524    34.1502    34.1493    26.8493    26.8482     0.9586     1.0073     29.173     30.656     0.6764     0.6862     0.0403    -0.0177     3.1929     0.1807     0.1429 -125.00156   44.00016     100.00          4  0.000e+00
      60217   2509.000    495.969    500.587     6.2947     6.2970  34.099987  34.101573     6.2501     6.2524    34.1499    34.1493    26.8490    26.8482     0.9586     1.0073     29.173     30.656     0.6764     0.6862     0.0403    -0.0177     3.1941     0.1807     0.1429 -125.00156   44.00016     100.00          4  0.000e+00
      60218   2509.042    495.922    500.540     6.2952     6.2968  34.100111  34.101573     6.2506     6.2522    34.1496    34.1495    26.8486    26.8484     0.9586     1.0073     29.172     30.656     0.6764     0.6862     0.0403    -0.0177     3.1941     0.1807     0.1429 -125.00156   44.00016      99.98          4  0.000e+00
      60219   2509.083    496.016    500.634     6.2952     6.2968  34.099863  34.101573     6.2506     6.2522    34.1492    34.1495    26.8484    26.8484     0.9586     1.0073     29.173     30.657     0.6764     0.6862     0.0403    -0.0177     3.1917     0.1807     0.1429 -125.00156   44.00016     100.00          4  0.000e+00
      60220   2509.125    496.063    500.681     6.2949     6.2968  34.099303  34.101324     6.2503     6.2522    34.1489    34.1492    26.8482    26.8482     0.9524     1.0073     28.985     30.657     0.6752     0.6862     0.0403    -0.0177     3.1941     0.1807     0.1429 -125.00156   44.00016      99.98          4  0.000e+00
      60221   2509.167    496.063    500.681     6.2943     6.2964  34.098431  34.101262     6.2497     6.2518    34.1485    34.1496    26.8480    26.8485     0.9586     1.0074     29.174     30.657     0.6764     0.6862     0.0403    -0.0177     3.1917     0.1807     0.1429 -125.00156   44.00016     100.00          4  0.000e+00
      60222   2509.208    496.163    500.782     6.2938     6.2965  34.098245  34.101014     6.2492     6.2519    34.1488    34.1491    26.8482    26.8481     0.9586     1.0074     29.174     30.658     0.6764     0.6862     0.0403    -0.0177     3.1929     0.1807     0.1429 -125.00156   44.00016     100.00          4  0.000e+00
      60223   2509.250    496.116    500.735     6.2934     6.2964  34.098245  34.101200     6.2488     6.2518    34.1491    34.1495    26.8485    26.8484     0.9586     1.0074     29.174     30.658     0.6764     0.6862     0.0403    -0.0177     3.1941     0.1807     0.1429 -125.00156   44.00016     100.00          4  0.000e+00
      60224   2509.292    496.169    500.789     6.2928     6.2965  34.097996  34.101263     6.2482     6.2519    34.1494    34.1494    26.8489    26.8484     0.9586     1.0074     29.175     30.658     0.6764     0.6862     0.0403    -0.0177     3.1941     0.1807     0.1429 -125.00156   44.00016     100.00          4  0.000e+00
      60225   2509.333    496.216    500.836     6.2923     6.2962  34.097934  34.101263     6.2477     6.2516    34.1498    34.1497    26.8492    26.8486     0.9648     1.0074     29.363     30.658     0.6777     0.6862     0.0403    -0.0177     3.1929     0.1807     0.1429 -125.00156   44.00016     100.00          4  0.000e+00
      60226   2509.375    496.316    500.938     6.2928     6.2964  34.098619  34.101512     6.2482     6.2518    34.1501    34.1497    26.8494    26.8486     0.9648     1.0074     29.363     30.658     0.6777     0.6862     0.0403    -0.0177     3.1929     0.1795     0.1429 -125.00156   44.00016     100.00          4  0.000e+00
      60227   2509.417    496.263    500.884     6.2933     6.2960  34.099303  34.101076     6.2487     6.2514    34.1504    34.1496    26.8495    26.8486     0.9586     1.0074     29.175     30.658     0.6764     0.6862     0.0403    -0.0177     3.1929     0.1795     0.1429 -125.00156   44.00016     100.00          4  0.000e+00
      60228   2509.458    496.363    500.985     6.2934     6.2956  34.098557  34.100330     6.2488     6.2509    34.1493    34.1492    26.8487    26.8483     0.9587     1.0074     29.175     30.659     0.6764     0.6862     0.0403    -0.0177     3.1929     0.1807     0.1429 -125.00156   44.00016     100.00          4  0.000e+00
      60229   2509.500    496.363    500.985     6.2933     6.2948  34.098432  34.099584     6.2487     6.2501    34.1493    34.1492    26.8487    26.8484     0.9587     1.0074     29.175     30.660     0.6764     0.6862     0.0403    -0.0177     3.1929     0.1807     0.1429 -125.00156   44.00016     100.00          4  0.000e+00
      60230   2509.542    496.416    501.039     6.2931     6.2942  34.098308  34.099024     6.2485     6.2496    34.1494    34.1491    26.8488    26.8484     0.9648     1.0075     29.364     30.661     0.6777     0.6862     0.0403    -0.0177     3.1929     0.1807     0.1429 -125.00156   44.00016     100.00          4  0.000e+00
      60231   2509.583    496.416    501.039     6.2931     6.2933  34.098246  34.098153     6.2485     6.2487    34.1493    34.1490    26.8487    26.8485     0.9587     1.0075     29.176     30.661     0.6764     0.6862     0.0403    -0.0177     3.1929     0.1807     0.1429 -125.00156   44.00016     100.00          4  0.000e+00
      60232   2509.625    496.463    501.086     6.2929     6.2917  34.097748  34.097283     6.2483     6.2471    34.1489    34.1496    26.8485    26.8491     0.9587     1.0075     29.176     30.663     0.6764     0.6862     0.0403    -0.0177     3.1929     0.1795     0.1429 -125.00156   44.00016     100.00          4  0.000e+00
      60233   2509.667    496.510    501.133     6.2928     6.2910  34.097623  34.096723     6.2482     6.2464    34.1489    34.1496    26.8484    26.8492     0.9587     1.0076     29.176     30.663     0.6764     0.6862     0.0403    -0.0177     3.1929     0.1807     0.1416 -125.00156   44.00016     100.00          4  0.000e+00
      60234   2509.708    496.563    501.187     6.2925     6.2907  34.097624  34.097221     6.2478     6.2461    34.1492    34.1504    26.8487    26.8499     0.9587     1.0076     29.177     30.664     0.6764     0.6862     0.0403    -0.0177     3.1917     0.1807     0.1416 -125.00156   44.00016     100.00          4  0.000e+00
      60235   2509.750    496.563    501.187     6.2923     6.2905  34.097810  34.097034     6.2477     6.2459    34.1495    34.1505    26.8490    26.8500     0.9587     1.0076     29.177     30.664     0.6764     0.6862     0.0403    -0.0177     3.1929     0.1807     0.1429 -125.00156   44.00016     100.00          4  0.000e+00
      60236   2509.792    496.570    501.194     6.2926     6.2909  34.098122  34.097470     6.2480     6.2463    34.1496    34.1506    26.8490    26.8500     0.9587     1.0076     29.177     30.663     0.6764     0.6862     0.0403    -0.0177     3.1929     0.1807     0.1429 -125.00156   44.00016      99.98          4  0.000e+00
      60237   2509.833    496.610    501.235     6.2928     6.2917  34.098433  34.098030     6.2482     6.2471    34.1497    34.1503    26.8491    26.8497     0.9587     1.0075     29.177     30.663     0.6764     0.6862     0.0403    -0.0177     3.1929     0.1795     0.1429 -125.00156   44.00016     100.00          4  0.000e+00
      60238   2509.875    496.610    501.235     6.2933     6.2922  34.098993  34.098465     6.2487     6.2475    34.1499    34.1504    26.8491    26.8497     0.9587     1.0075     29.176     30.663     0.6764     0.6862     0.0403    -0.0177     3.1929     0.1807     0.1429 -125.00156   44.00016     100.00          4  0.000e+00
      60239   2509.917    496.710    501.336     6.2938     6.2919  34.099616  34.098341     6.2491     6.2472    34.1500    34.1505    26.8492    26.8498     0.9587     1.0143     29.176     30.869     0.6764     0.6874     0.0403    -0.0177     3.1929     0.1807     0.1429 -125.00156   44.00016     100.00          4  0.000e+00
      60240   2509.958    496.664    501.289     6.2939     6.2917  34.099056  34.097719     6.2493     6.2471    34.1493    34.1500    26.8486    26.8494     0.9587     1.0076     29.176     30.663     0.6764     0.6862     0.0403    -0.0177     3.1929     0.1795     0.1416 -125.00156   44.00016      99.98          4  0.000e+00
      60241   2510.000    496.710    501.336     6.2944     6.2905  34.099305  34.096973     6.2498     6.2459    34.1490    34.1503    26.8484    26.8499     0.9587     1.0076     29.176     30.664     0.6764     0.6862     0.0403    -0.0177     3.1941     0.1795     0.1429 -125.00156   44.00016     100.00          4  0.000e+00
      60242   2510.042    496.717    501.343     6.2943     6.2901  34.098558  34.096226     6.2496     6.2455    34.1483    34.1499    26.8478    26.8496     0.9587     1.0076     29.176     30.665     0.6764     0.6862     0.0403    -0.0177     3.1929     0.1795     0.1429 -125.00156   44.00016     100.00          4  0.000e+00
      60243   2510.083    496.764    501.390     6.2931     6.2900  34.097313  34.097222     6.2485     6.2453    34.1481    34.1511    26.8478    26.8506     0.9587     1.0076     29.177     30.665     0.6764     0.6862     0.0403    -0.0177     3.1917     0.1795     0.1429 -125.00156   44.00016     100.00          4  0.000e+00
      60244   2510.125    496.764    501.390     6.2915     6.2903  34.096130  34.097097     6.2469     6.2456    34.1484    34.1507    26.8482    26.8502     0.9588     1.0143     29.178     30.870     0.6764     0.6874     0.0403    -0.0177     3.1917     0.1807     0.1416 -125.00156   44.00016     100.00          4  0.000e+00
      60245   2510.167    496.764    501.390     6.2904     6.2906  34.095819  34.097284     6.2458     6.2460    34.1491    34.1506    26.8490    26.8500     0.9588     1.0076     29.179     30.664     0.6764     0.6862     0.0403    -0.0177     3.1929     0.1795     0.1429 -125.00156   44.00016     100.00          4  0.000e+00
      60246   2510.208    496.811    501.437     6.2901     6.2905  34.095819  34.097035     6.2455     6.2459    34.1494    34.1504    26.8492    26.8499     0.9588     1.0076     29.179     30.665     0.6764     0.6862     0.0403    -0.0177     3.1929     0.1795     0.1429 -125.00156   44.00016     100.00          4  0.000e+00
      60247   2510.250    496.811    501.437     6.2899     6.2907  34.096255  34.097284     6.2453     6.2461    34.1501    34.1504    26.8498    26.8499     0.9588     1.0076     29.179     30.665     0.6764     0.6862     0.0403    -0.0177     3.1929     0.1795     0.1416 -125.00156   44.00016     100.00          4  0.000e+00
      60248   2510.292    496.771    501.397     6.2901     6.2910  34.096193  34.097533     6.2455     6.2464    34.1498    34.1504    26.8495    26.8499     0.9588     1.0076     29.179     30.664     0.6764     0.6862     0.0403    -0.0177     3.1929     0.1795     0.1429 -125.00156   44.00016     100.00          4  0.000e+00
      60249   2510.333    496.811    501.437     6.2901     6.2914  34.096131  34.097408     6.2455     6.2467    34.1498    34.1499    26.8495    26.8494     0.9588     1.0076     29.179     30.664     0.6764     0.6862     0.0403    -0.0177     3.1929     0.1795     0.1429 -125.00156   44.00016      99.98          4  0.000e+00
      60250   2510.375    496.864    501.491     6.2901     6.2914  34.096567  34.097782     6.2455     6.2467    34.1502    34.1503    26.8498    26.8497     0.9588     1.0076     29.179     30.664     0.6764     0.6862     0.0391    -0.0482     3.1941     0.1807     0.1416 -125.00156   44.00016     100.00          4  0.000e+00
