WCOA/WCOA-6/CTD_Data/RB2102_CTD_069_01.ros
* Sea-Bird SBE 9 Data File:
* FileName = C:\Users\scs.user.rb\CTD\RB2102\Data\RB2102_CTD_069_01.hex
* Software Version Seasave V 7.26.7.107
* Temperature SN = 6202
* Conductivity SN = 4907
* Number of Bytes Per Scan = 41
* Number of Voltage Words = 4
* Number of Scans Averaged by the Deck Unit = 1
* NMEA Latitude = 39 53.56 N
* NMEA Longitude = 125 12.00 W
* NMEA UTC (Time) = Jul 07 2021  16:56:21
* NMEA baud rate = 4800
# nquan = 30
# nvalues = 1176                                  
# units = specified
# name 0 = scan: Scan Count
# name 1 = timeS: Time, Elapsed [seconds]
# name 2 = depSM: Depth [salt water, m]
# name 3 = prDM: Pressure, Digiquartz [db]
# name 4 = t090C: Temperature [ITS-90, deg C]
# name 5 = t190C: Temperature, 2 [ITS-90, deg C]
# name 6 = c0mS/cm: Conductivity [mS/cm]
# name 7 = c1mS/cm: Conductivity, 2 [mS/cm]
# name 8 = potemp090C: Potential Temperature [ITS-90, deg C]
# name 9 = potemp190C: Potential Temperature, 2 [ITS-90, deg C]
# name 10 = sal00: Salinity, Practical [PSU]
# name 11 = sal11: Salinity, Practical, 2 [PSU]
# name 12 = sigma-é00: Density [sigma-theta, kg/m^3]
# name 13 = sigma-é11: Density, 2 [sigma-theta, kg/m^3]
# name 14 = sbeox0Mg/L: Oxygen, SBE 43 [mg/l]
# name 15 = sbeox1Mg/L: Oxygen, SBE 43, 2 [mg/l]
# name 16 = sbox0Mm/Kg: Oxygen, SBE 43 [umol/kg]
# name 17 = sbox1Mm/Kg: Oxygen, SBE 43, 2 [umol/kg]
# name 18 = sbeox0V: Oxygen raw, SBE 43 [V]
# name 19 = sbeox1V: Oxygen raw, SBE 43, 2 [V]
# name 20 = v4: Voltage 4
# name 21 = flECO-AFL: Fluorescence, WET Labs ECO-AFL/FL [mg/m^3]
# name 22 = v3: Voltage 3
# name 23 = v6: Voltage 6
# name 24 = v7: Voltage 7
# name 25 = longitude: Longitude [deg]
# name 26 = latitude: Latitude [deg]
# name 27 = altM: Altimeter [m]
# name 28 = nbf: Bottles Fired
# name 29 = flag:  0.000e+00
# interval = seconds: 0.0416667
# start_time = Jul 07 2021 16:56:21 [NMEA time, header]
# bad_flag = -9.990e-29
*END*
[from data line 822]
     160348   6681.125     39.572     39.881    11.1483    11.1494  37.167715  37.170130    11.1435    11.1446    32.9837    32.9851    25.1801    25.1810     8.3035     8.5492    253.116    260.604     2.4261     2.3394     0.0794     0.9591     3.3004     0.0012     0.0000 -125.20024   39.89250      99.49         17  0.000e+00
     160349   6681.167     39.526     39.834    11.1481    11.1499  37.167650  37.170323    11.1433    11.1451    32.9838    32.9848    25.1803    25.1807     8.3035     8.5491    253.115    260.600     2.4261     2.3394     0.0794     0.9591     3.3016     0.0012     0.0000 -125.20024   39.89250      99.49         17  0.000e+00
     160350   6681.208     39.526     39.834    11.1478    11.1502  37.167650  37.170387    11.1430    11.1454    32.9841    32.9847    25.1805    25.1806     8.2983     8.5547    252.957    260.772     2.4249     2.3407     0.0794     0.9591     3.3004     0.0012     0.0000 -125.20024   39.89250      99.49         17  0.000e+00
     160351   6681.250     39.526     39.834    11.1481    11.1501  37.167843  37.169615    11.1433    11.1453    32.9840    32.9840    25.1804    25.1800     8.3035     8.5548    253.115    260.774     2.4261     2.3407     0.0794     0.9591     3.3004     0.0012     0.0000 -125.20024   39.89250      99.49         17  0.000e+00
     160352   6681.292     39.526     39.834    11.1483    11.1492  37.167779  37.169100    11.1435    11.1444    32.9838    32.9843    25.1802    25.1805     8.3035     8.5549    253.114    260.779     2.4261     2.3407     0.0794     0.9591     3.3004     0.0012     0.0000 -125.20024   39.89250      99.49         17  0.000e+00
     160353   6681.333     39.526     39.834    11.1483    11.1491  37.167908  37.168521    11.1435    11.1443    32.9839    32.9838    25.1803    25.1801     8.3035     8.5493    253.114    260.607     2.4261     2.3394     0.0794     0.9591     3.3004     0.0012     0.0000 -125.20024   39.89250      99.49         17  0.000e+00
     160354   6681.375     39.526     39.834    11.1481    11.1492  37.167972  37.168135    11.1433    11.1444    32.9841    32.9834    25.1805    25.1797     8.3035     8.5550    253.114    260.780     2.4261     2.3407     0.0794     0.9591     3.3004     0.0012     0.0000 -125.20024   39.89250      99.49         17  0.000e+00
     160355   6681.417     39.479     39.787    11.1481    11.1488  37.167972  37.168521    11.1433    11.1440    32.9841    32.9841    25.1805    25.1804     8.3034     8.5493    253.113    260.606     2.4261     2.3394     0.0781     0.9286     3.3004     0.0012     0.0000 -125.20024   39.89250      99.49         17  0.000e+00
     160356   6681.458     39.526     39.834    11.1481    11.1485  37.167457  37.167749    11.1433    11.1437    32.9836    32.9836    25.1801    25.1800     8.3035     8.5551    253.115    260.784     2.4261     2.3407     0.0781     0.9286     3.3004     0.0012     0.0000 -125.20024   39.89250      99.49         17  0.000e+00
     160357   6681.500     39.473     39.781    11.1475    11.1483  37.166813  37.168135    11.1427    11.1435    32.9836    32.9842    25.1802    25.1805     8.3036     8.5550    253.117    260.782     2.4261     2.3407     0.0781     0.9286     3.3004     0.0024     0.0000 -125.20024   39.89250      99.49         17  0.000e+00
     160358   6681.542     39.473     39.781    11.1466    11.1482  37.165718  37.168135    11.1418    11.1434    32.9833    32.9843    25.1801    25.1806     8.3038     8.5494    253.122    260.610     2.4261     2.3394     0.0781     0.9286     3.3004     0.0012     0.0000 -125.20024   39.89250      99.51         17  0.000e+00
     162827   6784.417     30.034     30.268    11.6064    11.6032  37.443762  37.438714    11.6026    11.5995    32.8506    32.8485    24.9936    24.9925     8.6100     8.8793    262.504    270.715     2.5189     2.4310     0.0855     1.1118     3.2979     0.0024     0.0000 -125.20016   39.89254      99.58         18  0.000e+00
     162828   6784.458     29.987     30.221    11.6072    11.6034  37.444279  37.438584    11.6035    11.5996    32.8504    32.8482    24.9933    24.9923     8.6098     8.8736    262.498    270.541     2.5189     2.4298     0.0855     1.1118     3.2991     0.0024     0.0000 -125.20016   39.89254      99.58         18  0.000e+00
     162829   6784.500     30.034     30.268    11.6077    11.6029  37.444085  37.437746    11.6039    11.5991    32.8498    32.8478    24.9927    24.9921     8.6098     8.8794    262.498    270.718     2.5189     2.4310     0.0855     1.1118     3.2979     0.0024     0.0000 -125.20016   39.89254      99.58         18  0.000e+00
     162830   6784.542     30.034     30.268    11.6074    11.6028  37.443698  37.438004    11.6036    11.5991    32.8496    32.8481    24.9927    24.9923     8.6098     8.8794    262.500    270.718     2.5189     2.4310     0.0855     1.1118     3.2979     0.0024     0.0000 -125.20016   39.89254      99.58         18  0.000e+00
     162831   6784.583     30.034     30.268    11.6074    11.6025  37.443439  37.438649    11.6036    11.5988    32.8494    32.8490    24.9925    24.9931     8.6098     8.8794    262.500    270.718     2.5189     2.4310     0.0855     1.1118     3.2979     0.0024     0.0000 -125.20016   39.89254      99.58         18  0.000e+00
     162832   6784.625     30.034     30.268    11.6072    11.6027  37.443310  37.438326    11.6034    11.5990    32.8494    32.8485    24.9926    24.9927     8.6099     8.8794    262.502    270.718     2.5189     2.4310     0.0855     1.1118     3.2979     0.0024     0.0000 -125.20016   39.89254      99.58         18  0.000e+00
     162833   6784.667     30.034     30.268    11.6074    11.6025  37.443310  37.438391    11.6036    11.5988    32.8492    32.8488    24.9924    24.9929     8.6098     8.8794    262.501    270.719     2.5189     2.4310     0.0855     1.1118     3.2979     0.0024     0.0000 -125.20016   39.89254      99.58         18  0.000e+00
     162834   6784.708     30.034     30.268    11.6072    11.6029  37.444021  37.438972    11.6035    11.5991    32.8501    32.8490    24.9931    24.9930     8.6098     8.8793    262.500    270.716     2.5189     2.4310     0.0855     1.1118     3.2967     0.0024     0.0000 -125.20016   39.89254      99.56         18  0.000e+00
     162835   6784.750     30.034     30.268    11.6075    11.6047  37.444085  37.441489    11.6038    11.6009    32.8499    32.8499    24.9928    24.9933     8.6149     8.8789    262.656    270.703     2.5201     2.4310     0.0855     1.1118     3.2967     0.0024     0.0000 -125.20016   39.89254      99.56         18  0.000e+00
     162836   6784.792     30.080     30.314    11.6070    11.6060  37.442987  37.442844    11.6033    11.6022    32.8492    32.8500    24.9924    24.9933     8.6100     8.8787    262.504    270.697     2.5189     2.4310     0.0855     1.1118     3.2979     0.0024     0.0000 -125.20016   39.89254      99.58         18  0.000e+00
     162837   6784.833     30.034     30.268    11.6064    11.6062  37.441631  37.442327    11.6026    11.6024    32.8485    32.8493    24.9920    24.9927     8.6101     8.8786    262.508    270.695     2.5189     2.4310     0.0855     1.1118     3.2979     0.0024     0.0000 -125.20016   39.89254      99.58         18  0.000e+00
     162838   6784.875     30.034     30.268    11.6057    11.6057  37.440598  37.441359    11.6020    11.6019    32.8481    32.8488    24.9918    24.9924     8.6102     8.8787    262.512    270.699     2.5189     2.4310     0.0855     1.1118     3.2979     0.0024     0.0000 -125.20016   39.89254      99.58         18  0.000e+00
     162839   6784.917     30.080     30.314    11.6039    11.6055  37.438596  37.440391    11.6001    11.6018    32.8477    32.8480    24.9919    24.9918     8.6158     8.8789    262.683    270.703     2.5201     2.4310     0.0855     1.1118     3.2967     0.0024     0.0000 -125.20016   39.89254      99.58         18  0.000e+00
     162840   6784.958     30.080     30.314    11.6028    11.6051  37.437305  37.439875    11.5990    11.6013    32.8475    32.8479    24.9918    24.9918     8.6160     8.8790    262.690    270.706     2.5201     2.4310     0.0855     1.1118     3.2991     0.0024     0.0000 -125.20016   39.89254      99.58         18  0.000e+00
     162841   6785.000     30.087     30.321    11.6016    11.6051  37.436014  37.439552    11.5978    11.6013    32.8472    32.8476    24.9919    24.9915     8.6163     8.8846    262.697    270.879     2.5201     2.4322     0.0855     1.1118     3.2967     0.0024     0.0000 -125.20016   39.89254      99.58         18  0.000e+00
     162842   6785.042     30.034     30.268    11.6009    11.6045  37.434528  37.438972    11.5971    11.6007    32.8464    32.8476    24.9914    24.9916     8.6164     8.8847    262.701    270.880     2.5201     2.4322     0.0842     1.0812     3.2967     0.0024     0.0000 -125.20016   39.89254      99.58         18  0.000e+00
     162843   6785.083     30.080     30.314    11.6004    11.6037  37.434528  37.438455    11.5967    11.5999    32.8468    32.8478    24.9918    24.9919     8.6165     8.8849    262.704    270.887     2.5201     2.4322     0.0842     1.0812     3.2967     0.0024     0.0000 -125.20016   39.89254      99.56         18  0.000e+00
     162844   6785.125     30.034     30.268    11.5999    11.6030  37.434528  37.437746    11.5962    11.5993    32.8473    32.8477    24.9922    24.9920     8.6165     8.8850    262.705    270.889     2.5201     2.4322     0.0842     1.0812     3.2979     0.0024     0.0000 -125.20016   39.89254      99.58         18  0.000e+00
     162845   6785.167     30.034     30.268    11.5997    11.6019  37.435174  37.437036    11.5960    11.5981    32.8481    32.8480    24.9929    24.9924     8.6165     8.8852    262.704    270.896     2.5201     2.4322     0.0842     1.0812     3.2967     0.0024     0.0000 -125.20016   39.89254      99.58         18  0.000e+00
     162846   6785.208     30.080     30.314    11.5998    11.6019  37.435110  37.436584    11.5961    11.5981    32.8479    32.8475    24.9927    24.9921     8.6166     8.8853    262.706    270.898     2.5201     2.4322     0.0842     1.0812     3.2967     0.0024     0.0000 -125.20016   39.89254      99.58         18  0.000e+00
     162847   6785.250     30.087     30.321    11.5994    11.6012  37.434851  37.436003    11.5956    11.5974    32.8481    32.8476    24.9929    24.9922     8.6167     8.8854    262.708    270.903     2.5201     2.4322     0.0842     1.0812     3.2967     0.0024     0.0000 -125.20016   39.89254      99.56         18  0.000e+00
     162848   6785.292     30.034     30.268    11.5993    11.6010  37.433689  37.435874    11.5955    11.5973    32.8470    32.8476    24.9921    24.9923     8.6167     8.8854    262.709    270.902     2.5201     2.4322     0.0842     1.0812     3.2991     0.0024     0.0000 -125.20016   39.89254      99.58         18  0.000e+00
     162849   6785.333     30.034     30.268    11.5990    11.6002  37.433689  37.435874    11.5952    11.5965    32.8473    32.8483    24.9924    24.9930     8.6115     8.8855    262.552    270.905     2.5189     2.4322     0.0842     1.0812     3.2979     0.0024     0.0000 -125.20016   39.89254      99.58         18  0.000e+00
     162850   6785.375     30.034     30.268    11.5989    11.6002  37.432720  37.435100    11.5951    11.5965    32.8464    32.8476    24.9918    24.9924     8.6168     8.8855    262.712    270.907     2.5201     2.4322     0.0842     1.0812     3.2967     0.0024     0.0000 -125.20016   39.89254      99.56         18  0.000e+00
     162851   6785.417     30.080     30.314    11.5987    11.5999  37.432656  37.435358    11.5949    11.5961    32.8466    32.8481    24.9919    24.9929     8.6169     8.8856    262.715    270.909     2.5201     2.4322     0.0842     1.0812     3.2967     0.0024     0.0000 -125.20016   39.89254      99.58         18  0.000e+00
     162852   6785.458     30.034     30.268    11.5983    11.5999  37.433172  37.435164    11.5946    11.5961    32.8474    32.8479    24.9926    24.9927     8.6168     8.8912    262.714    271.080     2.5201     2.4335     0.0842     1.0812     3.2979     0.0024     0.0000 -125.20016   39.89254      99.58         18  0.000e+00
     162853   6785.500     30.034     30.268    11.5979    11.6000  37.432656  37.435164    11.5942    11.5963    32.8472    32.8478    24.9926    24.9926     8.6169     8.8912    262.716    271.079     2.5201     2.4335     0.0842     1.0812     3.2967     0.0024     0.0000 -125.20016   39.89254      99.58         18  0.000e+00
     162854   6785.542     30.034     30.268    11.5978    11.5999  37.432850  37.435229    11.5941    11.5961    32.8475    32.8480    24.9928    24.9928     8.6169     8.8912    262.716    271.079     2.5201     2.4335     0.0842     1.0812     3.2979     0.0024     0.0000 -125.20016   39.89254      99.58         18  0.000e+00
     162855   6785.583     29.987     30.221    11.5976    11.5999  37.432333  37.434971    11.5939    11.5962    32.8472    32.8478    24.9926    24.9926     8.6169     8.8912    262.717    271.078     2.5201     2.4335     0.0842     1.0812     3.2967     0.0024     0.0000 -125.20016   39.89254      99.58         18  0.000e+00
     162856   6785.625     30.034     30.268    11.5974    11.5997  37.432333  37.434390    11.5937    11.5960    32.8474    32.8473    24.9928    24.9923     8.6170     8.8913    262.719    271.082     2.5201     2.4335     0.0842     1.0812     3.2967     0.0024     0.0000 -125.20016   39.89254      99.58         18  0.000e+00
     162857   6785.667     29.987     30.221    11.5976    11.5994  37.432656  37.434261    11.5939    11.5957    32.8475    32.8475    24.9928    24.9925     8.6169     8.8913    262.716    271.082     2.5201     2.4335     0.0842     1.0812     3.2979     0.0024     0.0000 -125.20016   39.89254      99.58         18  0.000e+00
     162858   6785.708     30.034     30.268    11.5976    11.5982  37.432720  37.432970    11.5939    11.5945    32.8476    32.8473    24.9929    24.9925     8.6170     8.8916    262.717    271.091     2.5201     2.4335     0.0842     1.0812     3.2979     0.0024     0.0000 -125.20016   39.89254      99.58         18  0.000e+00
     162859   6785.750     29.987     30.221    11.5975    11.5979  37.432204  37.432777    11.5938    11.5941    32.8471    32.8474    24.9926    24.9927     8.6169     8.8916    262.717    271.091     2.5201     2.4335     0.0842     1.0812     3.2979     0.0024     0.0000 -125.20016   39.89254      99.58         18  0.000e+00
     162860   6785.792     29.987     30.221    11.5978    11.5975  37.432591  37.433680    11.5941    11.5938    32.8473    32.8486    24.9926    24.9937     8.6169     8.8916    262.715    271.091     2.5201     2.4335     0.0842     1.0812     3.2979     0.0024     0.0000 -125.20016   39.89254      99.58         18  0.000e+00
     162861   6785.833     29.934     30.167    11.5976    11.5980  37.432204  37.433551    11.5939    11.5943    32.8471    32.8480    24.9925    24.9932     8.6169     8.8915    262.715    271.087     2.5201     2.4335     0.0842     1.0812     3.2979     0.0024     0.0000 -125.20016   39.89254      99.58         18  0.000e+00
     162862   6785.875     29.987     30.221    11.5974    11.5982  37.432075  37.433487    11.5937    11.5945    32.8471    32.8478    24.9926    24.9929     8.6170     8.8915    262.718    271.088     2.5201     2.4335     0.0842     1.0812     3.2979     0.0024     0.0000 -125.20016   39.89254      99.58         18  0.000e+00
     162863   6785.917     29.934     30.167    11.5973    11.5979  37.432526  37.433293    11.5936    11.5941    32.8477    32.8479    24.9930    24.9931     8.6169     8.8971    262.716    271.260     2.5201     2.4347     0.0842     1.0812     3.2967     0.0024     0.0000 -125.20016   39.89254      99.58         18  0.000e+00
