WCOA/WCOA-6/CTD_Data/RB2102_CTD_106_01.ros
* Sea-Bird SBE 9 Data File:
* FileName = C:\Users\scs.user.rb\CTD\RB2102\Data\RB2102_CTD_106_01.hex
* Software Version Seasave V 7.26.7.107
* Temperature SN = 6202
* Conductivity SN = 4907
* Number of Bytes Per Scan = 41
* Number of Voltage Words = 4
* Number of Scans Averaged by the Deck Unit = 1
* NMEA Latitude = 35 18.65 N
* NMEA Longitude = 121 57.72 W
* NMEA UTC (Time) = Jul 15 2021  22:10:20
* NMEA baud rate = 4800
# nquan = 30
# nvalues = 1176                                  
# units = specified
# name 0 = scan: Scan Count
# name 1 = timeS: Time, Elapsed [seconds]
# name 2 = depSM: Depth [salt water, m]
# name 3 = prDM: Pressure, Digiquartz [db]
# name 4 = t090C: Temperature [ITS-90, deg C]
# name 5 = t190C: Temperature, 2 [ITS-90, deg C]
# name 6 = c0mS/cm: Conductivity [mS/cm]
# name 7 = c1mS/cm: Conductivity, 2 [mS/cm]
# name 8 = potemp090C: Potential Temperature [ITS-90, deg C]
# name 9 = potemp190C: Potential Temperature, 2 [ITS-90, deg C]
# name 10 = sal00: Salinity, Practical [PSU]
# name 11 = sal11: Salinity, Practical, 2 [PSU]
# name 12 = sigma-é00: Density [sigma-theta, kg/m^3]
# name 13 = sigma-é11: Density, 2 [sigma-theta, kg/m^3]
# name 14 = sbeox0Mg/L: Oxygen, SBE 43 [mg/l]
# name 15 = sbeox1Mg/L: Oxygen, SBE 43, 2 [mg/l]
# name 16 = sbox0Mm/Kg: Oxygen, SBE 43 [umol/kg]
# name 17 = sbox1Mm/Kg: Oxygen, SBE 43, 2 [umol/kg]
# name 18 = sbeox0V: Oxygen raw, SBE 43 [V]
# name 19 = sbeox1V: Oxygen raw, SBE 43, 2 [V]
# name 20 = v4: Voltage 4
# name 21 = flECO-AFL: Fluorescence, WET Labs ECO-AFL/FL [mg/m^3]
# name 22 = v3: Voltage 3
# name 23 = v6: Voltage 6
# name 24 = v7: Voltage 7
# name 25 = longitude: Longitude [deg]
# name 26 = latitude: Latitude [deg]
# name 27 = altM: Altimeter [m]
# name 28 = nbf: Bottles Fired
# name 29 = flag:  0.000e+00
# interval = seconds: 0.0416667
# start_time = Jul 15 2021 22:10:20 [NMEA time, header]
# bad_flag = -9.990e-29
*END*
[from data line 1016]
     206057   8585.667     15.372     15.485    15.3527    15.3540  41.751484  41.754442    15.3504    15.3516    33.6280    33.6296    24.8376    24.8385     8.2309     8.4141    250.984    256.571     2.6032     2.5006     0.0842     1.0812     3.2173     0.0159     0.0549 -121.96504   35.30940      99.66         21  0.000e+00
     206058   8585.708     15.412     15.525    15.3527    15.3541  41.750674  41.754307    15.3504    15.3518    33.6272    33.6293    24.8370    24.8383     8.2309     8.4090    250.986    256.415     2.6032     2.4994     0.0842     1.0812     3.2173     0.0159     0.0586 -121.96504   35.30940      99.66         21  0.000e+00
     206059   8585.750     15.412     15.525    15.3527    15.3541  41.750876  41.754442    15.3504    15.3518    33.6274    33.6294    24.8372    24.8384     8.2309     8.4141    250.986    256.572     2.6032     2.5006     0.0842     1.0812     3.2186     0.0159     0.0574 -121.96504   35.30940      99.66         21  0.000e+00
     206060   8585.792     15.372     15.485    15.3523    15.3543  41.750809  41.755049    15.3500    15.3520    33.6277    33.6298    24.8375    24.8386     8.2309     8.4140    250.986    256.569     2.6032     2.5006     0.0842     1.0812     3.2173     0.0159     0.0537 -121.96504   35.30940      99.66         21  0.000e+00
     206061   8585.833     15.412     15.525    15.3522    15.3543  41.750944  41.755251    15.3499    15.3520    33.6279    33.6300    24.8377    24.8388     8.2310     8.4089    250.988    256.413     2.6032     2.4994     0.0830     1.0507     3.2186     0.0159     0.0549 -121.96504   35.30940      99.66         21  0.000e+00
     206062   8585.875     15.366     15.478    15.3522    15.3548  41.751079  41.755521    15.3499    15.3525    33.6281    33.6298    24.8378    24.8385     8.2262     8.4139    250.841    256.566     2.6020     2.5006     0.0830     1.0507     3.2186     0.0159     0.0562 -121.96504   35.30940      99.66         21  0.000e+00
     206063   8585.917     15.365     15.478    15.3525    15.3552  41.751956  41.755858    15.3502    15.3528    33.6286    33.6298    24.8381    24.8385     8.2261     8.4087    250.839    256.407     2.6020     2.4994     0.0830     1.0507     3.2173     0.0159     0.0549 -121.96504   35.30940      99.66         21  0.000e+00
     206064   8585.958     15.326     15.438    15.3531    15.3555  41.752698  41.756195    15.3507    15.3532    33.6288    33.6298    24.8381    24.8384     8.2307     8.4138    250.979    256.561     2.6032     2.5006     0.0830     1.0507     3.2173     0.0159     0.0537 -121.96504   35.30940      99.66         21  0.000e+00
     206065   8586.000     15.365     15.478    15.3537    15.3553  41.753980  41.756330    15.3514    15.3530    33.6294    33.6301    24.8384    24.8386     8.2306     8.4087    250.976    256.406     2.6032     2.4994     0.0830     1.0507     3.2173     0.0159     0.0537 -121.96504   35.30940      99.66         21  0.000e+00
     206066   8586.042     15.312     15.425    15.3546    15.3560  41.754384  41.756869    15.3522    15.3537    33.6290    33.6300    24.8380    24.8384     8.2304     8.4085    250.971    256.401     2.6032     2.4994     0.0818     1.0202     3.2173     0.0159     0.0525 -121.96504   35.30940      99.66         21  0.000e+00
     206067   8586.083     15.326     15.438    15.3556    15.3564  41.755194  41.757071    15.3532    15.3540    33.6289    33.6299    24.8376    24.8382     8.2303     8.4136    250.967    256.556     2.6032     2.5006     0.0830     1.0507     3.2173     0.0147     0.0525 -121.96504   35.30940      99.66         21  0.000e+00
     206068   8586.125     15.312     15.425    15.3561    15.3565  41.755126  41.756802    15.3538    15.3542    33.6284    33.6295    24.8372    24.8379     8.2302     8.4084    250.964    256.399     2.6032     2.4994     0.0830     1.0507     3.2186     0.0159     0.0525 -121.96504   35.30940      99.68         21  0.000e+00
     206069   8586.167     15.312     15.425    15.3569    15.3569  41.755059  41.757206    15.3546    15.3546    33.6276    33.6296    24.8364    24.8379     8.2301     8.4135    250.962    256.554     2.6032     2.5006     0.0830     1.0507     3.2173     0.0159     0.0525 -121.96504   35.30940      99.66         21  0.000e+00
     208316   8679.792     10.108     10.182    15.3986    15.3995  41.793971  41.795829    15.3970    15.3980    33.6290    33.6298    24.8280    24.8285     8.2509     8.4158    251.598    256.626     2.6117     2.5043     0.0806     0.9897     3.2173     0.0281     0.0391 -121.96506   35.30940      99.68         22  0.000e+00
     208317   8679.833     10.154     10.229    15.3986    15.3996  41.794241  41.795559    15.3970    15.3980    33.6292    33.6295    24.8282    24.8283     8.2510     8.4159    251.600    256.628     2.6117     2.5043     0.0806     0.9897     3.2161     0.0281     0.0391 -121.96506   35.30940      99.66         22  0.000e+00
     208318   8679.875     10.207     10.282    15.3983    15.3994  41.793971  41.795695    15.3967    15.3979    33.6292    33.6298    24.8283    24.8285     8.2511     8.4160    251.603    256.630     2.6117     2.5043     0.0806     0.9897     3.2161     0.0281     0.0391 -121.96506   35.30940      99.66         22  0.000e+00
     208319   8679.917     10.055     10.129    15.3986    15.3994  41.793903  41.795559    15.3971    15.3979    33.6289    33.6297    24.8280    24.8284     8.2509     8.4209    251.597    256.782     2.6117     2.5055     0.0806     0.9897     3.2149     0.0293     0.0403 -121.96506   35.30940      91.82         22  0.000e+00
     208320   8679.958     10.214     10.289    15.3984    15.3994  41.794241  41.795492    15.3969    15.3978    33.6293    33.6296    24.8283    24.8284     8.2558     8.4160    251.747    256.631     2.6129     2.5043     0.0806     0.9897     3.2149     0.0293     0.0403 -121.96506   35.30940      84.76         22  0.000e+00
     208321   8680.000     10.108     10.182    15.3984    15.3994  41.794241  41.795559    15.3969    15.3979    33.6294    33.6297    24.8284    24.8284     8.2509     8.4210    251.599    256.784     2.6117     2.5055     0.0806     0.9897     3.2149     0.0281     0.0403 -121.96506   35.30940      83.57         22  0.000e+00
     208322   8680.042     10.055     10.128    15.3984    15.3992  41.793768  41.795492    15.3969    15.3977    33.6289    33.6298    24.8281    24.8285     8.2556     8.4210    251.742    256.783     2.6129     2.5055     0.0806     0.9897     3.2161     0.0281     0.0391 -121.96506   35.30940      84.08         22  0.000e+00
     208323   8680.083     10.154     10.228    15.3984    15.3994  41.793364  41.795492    15.3969    15.3979    33.6285    33.6296    24.8278    24.8284     8.2558     8.4210    251.746    256.786     2.6129     2.5055     0.0806     0.9897     3.2149     0.0293     0.0403 -121.96506   35.30940      84.40         22  0.000e+00
     208324   8680.125     10.108     10.182    15.3983    15.3992  41.794106  41.795492    15.3967    15.3977    33.6294    33.6298    24.8284    24.8285     8.2557     8.4210    251.744    256.785     2.6129     2.5055     0.0806     0.9897     3.2149     0.0293     0.0403 -121.96506   35.30940      84.42         22  0.000e+00
     208325   8680.167     10.108     10.182    15.3983    15.3992  41.793971  41.794885    15.3968    15.3977    33.6292    33.6293    24.8283    24.8281     8.2557     8.4210    251.744    256.786     2.6129     2.5055     0.0806     0.9897     3.2149     0.0293     0.0403 -121.96506   35.30940      92.43         22  0.000e+00
     208326   8680.208     10.121     10.195    15.3983    15.3991  41.793634  41.795020    15.3967    15.3975    33.6289    33.6295    24.8281    24.8283     8.2557     8.4211    251.745    256.787     2.6129     2.5055     0.0806     0.9897     3.2149     0.0293     0.0403 -121.96506   35.30940      99.56         22  0.000e+00
     208327   8680.250     10.108     10.182    15.3981    15.3991  41.793364  41.795357    15.3965    15.3975    33.6289    33.6298    24.8281    24.8286     8.2558     8.4210    251.746    256.786     2.6129     2.5055     0.0806     0.9897     3.2161     0.0293     0.0403 -121.96506   35.30940     100.00         22  0.000e+00
     208328   8680.292     10.108     10.182    15.3979    15.3991  41.793431  41.795020    15.3964    15.3975    33.6291    33.6295    24.8283    24.8283     8.2558     8.4211    251.746    256.786     2.6129     2.5055     0.0806     0.9897     3.2161     0.0293     0.0403 -121.96506   35.30940      99.73         22  0.000e+00
     208329   8680.333     10.108     10.182    15.3984    15.3989  41.793836  41.795087    15.3969    15.3974    33.6290    33.6297    24.8281    24.8285     8.2557     8.4211    251.744    256.787     2.6129     2.5055     0.0806     0.9897     3.2161     0.0293     0.0403 -121.96506   35.30940      99.68         22  0.000e+00
     208330   8680.375     10.107     10.181    15.3979    15.3989  41.793971  41.794817    15.3964    15.3973    33.6295    33.6295    24.8286    24.8284     8.2558     8.4211    251.745    256.787     2.6129     2.5055     0.0806     0.9897     3.2149     0.0293     0.0403 -121.96506   35.30940      99.71         22  0.000e+00
     208331   8680.417     10.107     10.181    15.3983    15.3987  41.793836  41.795020    15.3967    15.3972    33.6291    33.6298    24.8282    24.8286     8.2557     8.4262    251.744    256.944     2.6129     2.5067     0.0806     0.9897     3.2173     0.0293     0.0403 -121.96506   35.30940      99.68         22  0.000e+00
     208332   8680.458     10.008     10.081    15.3981    15.3989  41.793633  41.794817    15.3966    15.3974    33.6291    33.6295    24.8283    24.8284     8.2556     8.4261    251.742    256.941     2.6129     2.5067     0.0806     0.9897     3.2173     0.0293     0.0403 -121.96506   35.30940      99.68         22  0.000e+00
     208333   8680.500     10.167     10.241    15.3983    15.3987  41.793026  41.794750    15.3967    15.3972    33.6284    33.6295    24.8277    24.8284     8.2558     8.4263    251.748    256.947     2.6129     2.5067     0.0806     0.9897     3.2173     0.0293     0.0403 -121.96506   35.30940      99.68         22  0.000e+00
     208334   8680.542     10.054     10.128    15.3983    15.3987  41.793431  41.794750    15.3967    15.3971    33.6288    33.6296    24.8280    24.8285     8.2557     8.4262    251.743    256.943     2.6129     2.5067     0.0806     0.9897     3.2161     0.0293     0.0403 -121.96506   35.30940      99.68         22  0.000e+00
     208335   8680.583     10.054     10.128    15.3981    15.3987  41.793768  41.795019    15.3965    15.3972    33.6292    33.6298    24.8284    24.8287     8.2509     8.4210    251.599    256.786     2.6117     2.5055     0.0806     0.9897     3.2173     0.0293     0.0403 -121.96506   35.30940      99.68         22  0.000e+00
     208336   8680.625     10.107     10.181    15.3979    15.3986  41.793431  41.794952    15.3964    15.3970    33.6291    33.6299    24.8283    24.8288     8.2510     8.4263    251.602    256.945     2.6117     2.5067     0.0806     0.9897     3.2161     0.0293     0.0403 -121.96506   35.30940      99.66         22  0.000e+00
     208337   8680.667     10.008     10.081    15.3977    15.3986  41.792958  41.795289    15.3961    15.3970    33.6289    33.6302    24.8282    24.8290     8.2557     8.4261    251.745    256.941     2.6129     2.5067     0.0806     0.9897     3.2161     0.0293     0.0403 -121.96506   35.30940      99.66         22  0.000e+00
     208338   8680.708     10.154     10.228    15.3976    15.3984  41.793566  41.794885    15.3960    15.3968    33.6294    33.6299    24.8286    24.8288     8.2511     8.4212    251.604    256.791     2.6117     2.5055     0.0781     0.9286     3.2173     0.0293     0.0403 -121.96506   35.30940      99.68         22  0.000e+00
     208339   8680.750     10.021     10.094    15.3976    15.3987  41.793431  41.794480    15.3960    15.3972    33.6294    33.6294    24.8286    24.8283     8.2510     8.4210    251.600    256.786     2.6117     2.5055     0.0781     0.9286     3.2161     0.0293     0.0403 -121.96506   35.30940      99.66         22  0.000e+00
     208340   8680.792     10.054     10.128    15.3976    15.3984  41.793498  41.794615    15.3960    15.3968    33.6294    33.6297    24.8286    24.8287     8.2510     8.4211    251.601    256.788     2.6117     2.5055     0.0781     0.9286     3.2149     0.0293     0.0403 -121.96506   35.30940      99.68         22  0.000e+00
     208341   8680.833     10.054     10.128    15.3976    15.3984  41.793498  41.794480    15.3960    15.3968    33.6294    33.6296    24.8286    24.8286     8.2510     8.4211    251.601    256.788     2.6117     2.5055     0.0781     0.9286     3.2161     0.0293     0.0403 -121.96506   35.30940      99.66         22  0.000e+00
     208342   8680.875     10.008     10.081    15.3976    15.3984  41.793296  41.794614    15.3960    15.3969    33.6293    33.6298    24.8285    24.8287     8.2510     8.4211    251.600    256.786     2.6117     2.5055     0.0781     0.9286     3.2161     0.0293     0.0403 -121.96506   35.30940      99.66         22  0.000e+00
     208343   8680.917     10.054     10.128    15.3974    15.3982  41.792958  41.794345    15.3959    15.3966    33.6291    33.6297    24.8284    24.8287     8.2511     8.4212    251.603    256.789     2.6117     2.5055     0.0781     0.9286     3.2161     0.0293     0.0403 -121.96506   35.30940      99.68         22  0.000e+00
     208344   8680.958     10.054     10.128    15.3977    15.3981  41.793431  41.794615    15.3962    15.3965    33.6292    33.6300    24.8284    24.8289     8.2463     8.4212    251.456    256.789     2.6105     2.5055     0.0781     0.9286     3.2161     0.0293     0.0403 -121.96506   35.30940      99.68         22  0.000e+00
     208345   8681.000     10.021     10.094    15.3976    15.3979  41.792958  41.794480    15.3960    15.3964    33.6290    33.6300    24.8283    24.8290     8.2463     8.4211    251.456    256.789     2.6105     2.5055     0.0781     0.9286     3.2161     0.0293     0.0403 -121.96506   35.30940      99.66         22  0.000e+00
     208346   8681.042     10.008     10.081    15.3977    15.3979  41.793161  41.794142    15.3962    15.3964    33.6290    33.6297    24.8282    24.8288     8.2462     8.4211    251.455    256.789     2.6105     2.5055     0.0781     0.9286     3.2161     0.0293     0.0403 -121.96506   35.30940      99.68         22  0.000e+00
     208347   8681.083     10.008     10.081    15.3976    15.3979  41.793296  41.794277    15.3960    15.3964    33.6293    33.6299    24.8285    24.8289     8.2462     8.4160    251.455    256.632     2.6105     2.5043     0.0781     0.9286     3.2161     0.0293     0.0403 -121.96506   35.30940      99.66         22  0.000e+00
     208348   8681.125     10.008     10.081    15.3974    15.3980  41.793431  41.794412    15.3959    15.3965    33.6295    33.6299    24.8287    24.8289     8.2463     8.4160    251.456    256.631     2.6105     2.5043     0.0781     0.9286     3.2161     0.0293     0.0403 -121.96506   35.30940      99.68         22  0.000e+00
     208349   8681.167     10.008     10.081    15.3977    15.3977  41.793296  41.794142    15.3961    15.3962    33.6292    33.6299    24.8284    24.8289     8.2415     8.4160    251.310    256.633     2.6093     2.5043     0.0781     0.9286     3.2161     0.0293     0.0403 -121.96506   35.30940      99.66         22  0.000e+00
