WCOA/WCOA-6/CTD_Data/RB2102_CTD_050_01.ros
* Sea-Bird SBE 9 Data File:
* FileName = C:\Users\scs.user.rb\CTD\RB2102\Data\RB2102_CTD_050_01.hex
* Software Version Seasave V 7.26.7.107
* Temperature SN = 6202
* Conductivity SN = 4907
* Number of Bytes Per Scan = 41
* Number of Voltage Words = 4
* Number of Scans Averaged by the Deck Unit = 1
* NMEA Latitude = 44 39.10 N
* NMEA Longitude = 124 17.75 W
* NMEA UTC (Time) = Jul 04 2021  09:34:07
* NMEA baud rate = 4800
# nquan = 30
# nvalues = 882                                   
# units = specified
# name 0 = scan: Scan Count
# name 1 = timeS: Time, Elapsed [seconds]
# name 2 = depSM: Depth [salt water, m]
# name 3 = prDM: Pressure, Digiquartz [db]
# name 4 = t090C: Temperature [ITS-90, deg C]
# name 5 = t190C: Temperature, 2 [ITS-90, deg C]
# name 6 = c0mS/cm: Conductivity [mS/cm]
# name 7 = c1mS/cm: Conductivity, 2 [mS/cm]
# name 8 = potemp090C: Potential Temperature [ITS-90, deg C]
# name 9 = potemp190C: Potential Temperature, 2 [ITS-90, deg C]
# name 10 = sal00: Salinity, Practical [PSU]
# name 11 = sal11: Salinity, Practical, 2 [PSU]
# name 12 = sigma-é00: Density [sigma-theta, kg/m^3]
# name 13 = sigma-é11: Density, 2 [sigma-theta, kg/m^3]
# name 14 = sbeox0Mg/L: Oxygen, SBE 43 [mg/l]
# name 15 = sbeox1Mg/L: Oxygen, SBE 43, 2 [mg/l]
# name 16 = sbox0Mm/Kg: Oxygen, SBE 43 [umol/kg]
# name 17 = sbox1Mm/Kg: Oxygen, SBE 43, 2 [umol/kg]
# name 18 = sbeox0V: Oxygen raw, SBE 43 [V]
# name 19 = sbeox1V: Oxygen raw, SBE 43, 2 [V]
# name 20 = v4: Voltage 4
# name 21 = flECO-AFL: Fluorescence, WET Labs ECO-AFL/FL [mg/m^3]
# name 22 = v3: Voltage 3
# name 23 = v6: Voltage 6
# name 24 = v7: Voltage 7
# name 25 = longitude: Longitude [deg]
# name 26 = latitude: Latitude [deg]
# name 27 = altM: Altimeter [m]
# name 28 = nbf: Bottles Fired
# name 29 = flag:  0.000e+00
# interval = seconds: 0.0416667
# start_time = Jul 04 2021 09:34:07 [NMEA time, header]
# bad_flag = -9.990e-29
*END*
[from data line 49]
      17193    716.333     70.796     71.385     7.3441     7.3449  34.639285  34.640229     7.3374     7.3382    33.9140    33.9143    26.5165    26.5166     1.1247     1.2032     34.238     36.629     0.7277     0.7399     0.0537     0.3181     3.3639     0.0000     0.0000 -124.29702   44.65178      10.57          2  0.000e+00
      17194    716.375     70.849     71.439     7.3440     7.3448  34.638910  34.640417     7.3373     7.3381    33.9137    33.9146    26.5163    26.5168     1.1247     1.2032     34.238     36.629     0.7277     0.7399     0.0537     0.3181     3.3663     0.0000     0.0000 -124.29702   44.65178      10.50          2  0.000e+00
      17195    716.417     70.829     71.419     7.3438     7.3450  34.639035  34.640041     7.3371     7.3383    33.9141    33.9139    26.5166    26.5163     1.1247     1.2032     34.238     36.629     0.7277     0.7399     0.0537     0.3181     3.3639     0.0000     0.0000 -124.29702   44.65178      10.50          2  0.000e+00
      17196    716.458     70.849     71.439     7.3438     7.3450  34.638972  34.640104     7.3371     7.3383    33.9139    33.9140    26.5165    26.5163     1.1247     1.2032     34.238     36.629     0.7277     0.7399     0.0537     0.3181     3.3651     0.0000     0.0000 -124.29702   44.65178      10.50          2  0.000e+00
      17197    716.500     70.895     71.486     7.3439     7.3448  34.639286  34.640041     7.3372     7.3381    33.9142    33.9141    26.5166    26.5165     1.1247     1.2032     34.239     36.629     0.7277     0.7399     0.0537     0.3181     3.3651     0.0000     0.0000 -124.29702   44.65178      10.50          2  0.000e+00
      17198    716.542     70.849     71.439     7.3441     7.3449  34.639285  34.640166     7.3374     7.3382    33.9140    33.9142    26.5165    26.5165     1.1247     1.2032     34.238     36.629     0.7277     0.7399     0.0537     0.3181     3.3651     0.0000     0.0000 -124.29702   44.65178      10.50          2  0.000e+00
      17199    716.583     71.028     71.619     7.3440     7.3445  34.639161  34.639979     7.3372     7.3378    33.9139    33.9142    26.5164    26.5166     1.1247     1.2032     34.239     36.630     0.7277     0.7399     0.0537     0.3181     3.3651     0.0000     0.0000 -124.29702   44.65178      10.48          2  0.000e+00
      17200    716.625     70.895     71.486     7.3438     7.3446  34.639599  34.639916     7.3371     7.3379    33.9146    33.9141    26.5170    26.5165     1.1247     1.2032     34.239     36.629     0.7277     0.7399     0.0537     0.3181     3.3651     0.0000     0.0000 -124.29702   44.65178      10.40          2  0.000e+00
      17201    716.667     70.942     71.532     7.3438     7.3449  34.639599  34.640104     7.3371     7.3382    33.9146    33.9141    26.5170    26.5164     1.1247     1.2032     34.239     36.629     0.7277     0.7399     0.0537     0.3181     3.3639     0.0000     0.0000 -124.29702   44.65178      10.38          2  0.000e+00
      17202    716.708     70.942     71.532     7.3436     7.3449  34.639724  34.640229     7.3369     7.3382    33.9149    33.9142    26.5172    26.5166     1.1247     1.2032     34.239     36.629     0.7277     0.7399     0.0537     0.3181     3.3651     0.0000     0.0000 -124.29702   44.65178      10.38          2  0.000e+00
      17203    716.750     70.995     71.586     7.3439     7.3448  34.639349  34.640229     7.3372     7.3381    33.9142    33.9143    26.5166    26.5166     1.1247     1.2032     34.239     36.630     0.7277     0.7399     0.0537     0.3181     3.3651     0.0000     0.0000 -124.29702   44.65178      10.38          2  0.000e+00
      17204    716.792     71.028     71.619     7.3440     7.3447  34.639411  34.640229     7.3372     7.3380    33.9142    33.9143    26.5166    26.5167     1.1247     1.2032     34.239     36.630     0.7277     0.7399     0.0537     0.3181     3.3651     0.0000     0.0000 -124.29702   44.65178      10.38          2  0.000e+00
      17205    716.833     70.995     71.586     7.3441     7.3444  34.639474  34.640229     7.3374     7.3377    33.9141    33.9147    26.5166    26.5170     1.1247     1.2032     34.239     36.630     0.7277     0.7399     0.0537     0.3181     3.3639     0.0000     0.0000 -124.29702   44.65178      10.33          2  0.000e+00
      17206    716.875     71.041     71.633     7.3441     7.3446  34.639286  34.639979     7.3374     7.3379    33.9139    33.9141    26.5164    26.5165     1.1247     1.2032     34.239     36.630     0.7277     0.7399     0.0537     0.3181     3.3663     0.0000     0.0000 -124.29702   44.65178      10.28          2  0.000e+00
      17207    716.917     71.041     71.633     7.3439     7.3444  34.639161  34.640104     7.3372     7.3377    33.9139    33.9145    26.5165    26.5168     1.1247     1.2032     34.239     36.630     0.7277     0.7399     0.0537     0.3181     3.3651     0.0000     0.0000 -124.29702   44.65178      10.26          2  0.000e+00
      17208    716.958     71.074     71.666     7.3441     7.3444  34.639161  34.640417     7.3374     7.3377    33.9137    33.9148    26.5163    26.5171     1.1247     1.2032     34.239     36.630     0.7277     0.7399     0.0537     0.3181     3.3651     0.0000     0.0000 -124.29702   44.65178      10.26          2  0.000e+00
      17209    717.000     71.140     71.733     7.3440     7.3441  34.639412  34.640042     7.3372     7.3374    33.9141    33.9146    26.5166    26.5170     1.1247     1.2033     34.240     36.631     0.7277     0.7399     0.0537     0.3181     3.3639     0.0000     0.0000 -124.29702   44.65178      10.26          2  0.000e+00
      17210    717.042     71.087     71.679     7.3441     7.3442  34.639474  34.640355     7.3374     7.3375    33.9141    33.9149    26.5165    26.5172     1.1247     1.2032     34.239     36.630     0.7277     0.7399     0.0537     0.3181     3.3639     0.0000     0.0000 -124.29702   44.65178      10.26          2  0.000e+00
      17211    717.083     71.087     71.679     7.3441     7.3442  34.639286  34.640042     7.3374     7.3375    33.9139    33.9146    26.5164    26.5169     1.1190     1.2032     34.066     36.630     0.7265     0.7399     0.0537     0.3181     3.3639     0.0000     0.0000 -124.29702   44.65178      10.23          2  0.000e+00
      17212    717.125     71.174     71.766     7.3441     7.3443  34.639161  34.640105     7.3374     7.3376    33.9137    33.9145    26.5162    26.5169     1.1247     1.2033     34.240     36.631     0.7277     0.7399     0.0549     0.3486     3.3639     0.0000     0.0000 -124.29702   44.65178      10.16          2  0.000e+00
      17213    717.167     71.087     71.679     7.3442     7.3442  34.639161  34.639979     7.3375     7.3375    33.9136    33.9145    26.5161    26.5169     1.1247     1.2032     34.239     36.631     0.7277     0.7399     0.0537     0.3181     3.3639     0.0000     0.0000 -124.29702   44.65178      10.16          2  0.000e+00
      17214    717.208     71.187     71.780     7.3441     7.3442  34.639600  34.640105     7.3374     7.3375    33.9142    33.9146    26.5166    26.5169     1.1247     1.2033     34.240     36.631     0.7277     0.7399     0.0537     0.3181     3.3651     0.0000     0.0000 -124.29702   44.65178      10.16          2  0.000e+00
      17215    717.250     71.187     71.780     7.3436     7.3441  34.639287  34.640230     7.3369     7.3374    33.9143    33.9148    26.5168    26.5171     1.1304     1.2033     34.414     36.631     0.7289     0.7399     0.0537     0.3181     3.3651     0.0000     0.0000 -124.29702   44.65178      10.16          2  0.000e+00
      17216    717.292     71.127     71.719     7.3436     7.3440  34.639161  34.639979     7.3369     7.3373    33.9142    33.9147    26.5167    26.5170     1.1247     1.2033     34.240     36.631     0.7277     0.7399     0.0537     0.3181     3.3651     0.0000     0.0000 -124.29702   44.65178      10.16          2  0.000e+00
      17217    717.333     71.187     71.780     7.3433     7.3442  34.639412  34.639917     7.3366     7.3375    33.9148    33.9144    26.5172    26.5168     1.1247     1.2033     34.240     36.631     0.7277     0.7399     0.0537     0.3181     3.3639     0.0000     0.0000 -124.29702   44.65178      10.11          2  0.000e+00
      17218    717.375     71.187     71.780     7.3433     7.3443  34.639287  34.640167     7.3366     7.3376    33.9146    33.9146    26.5171    26.5169     1.1304     1.2033     34.414     36.631     0.7289     0.7399     0.0537     0.3181     3.3651     0.0000     0.0000 -124.29702   44.65178      10.01          2  0.000e+00
      17219    717.417     71.240     71.833     7.3433     7.3440  34.639412  34.639980     7.3366     7.3373    33.9147    33.9146    26.5172    26.5170     1.1247     1.2033     34.240     36.631     0.7277     0.7399     0.0549     0.3486     3.3651     0.0000     0.0000 -124.29702   44.65178       9.99          2  0.000e+00
      17220    717.458     71.220     71.813     7.3434     7.3442  34.639475  34.639917     7.3367     7.3375    33.9147    33.9144    26.5171    26.5168     1.1247     1.2033     34.240     36.631     0.7277     0.7399     0.0537     0.3181     3.3651     0.0000     0.0000 -124.29702   44.65178       9.99          2  0.000e+00
      17221    717.500     71.187     71.780     7.3436     7.3441  34.639287  34.639917     7.3369     7.3374    33.9143    33.9145    26.5168    26.5169     1.1247     1.2033     34.240     36.631     0.7277     0.7399     0.0537     0.3181     3.3639     0.0000     0.0000 -124.29702   44.65178       9.99          2  0.000e+00
      17222    717.542     71.240     71.833     7.3438     7.3440  34.639412  34.640105     7.3371     7.3373    33.9142    33.9147    26.5167    26.5171     1.1247     1.2033     34.240     36.631     0.7277     0.7399     0.0537     0.3181     3.3651     0.0000     0.0000 -124.29702   44.65178       9.99          2  0.000e+00
      17223    717.583     71.240     71.833     7.3439     7.3440  34.639475  34.639980     7.3372     7.3373    33.9142    33.9146    26.5167    26.5170     1.1247     1.2033     34.240     36.631     0.7277     0.7399     0.0549     0.3486     3.3651     0.0000     0.0000 -124.29702   44.65178       9.96          2  0.000e+00
      17224    717.625     71.273     71.866     7.3441     7.3438  34.639224  34.639917     7.3374     7.3371    33.9137    33.9148    26.5163    26.5171     1.1247     1.2033     34.240     36.632     0.7277     0.7399     0.0537     0.3181     3.3651     0.0000     0.0000 -124.29702   44.65178       9.94          2  0.000e+00
      17225    717.667     71.240     71.833     7.3439     7.3439  34.638911  34.640105     7.3372     7.3372    33.9136    33.9149    26.5162    26.5172     1.1247     1.2033     34.240     36.631     0.7277     0.7399     0.0537     0.3181     3.3651     0.0000     0.0000 -124.29702   44.65178       9.91          2  0.000e+00
      17226    717.708     71.286     71.880     7.3438     7.3440  34.639350  34.639980     7.3370     7.3373    33.9142    33.9146    26.5167    26.5170     1.1247     1.2033     34.240     36.632     0.7277     0.7399     0.0549     0.3486     3.3639     0.0000     0.0000 -124.29702   44.65178       9.91          2  0.000e+00
      17227    717.750     71.240     71.833     7.3438     7.3441  34.639475  34.639917     7.3371     7.3374    33.9143    33.9144    26.5168    26.5168     1.1247     1.2033     34.240     36.631     0.7277     0.7399     0.0537     0.3181     3.3651     0.0000     0.0000 -124.29702   44.65178       9.91          2  0.000e+00
      17228    717.792     71.240     71.833     7.3438     7.3440  34.639475  34.640105     7.3370     7.3373    33.9143    33.9147    26.5168    26.5171     1.1247     1.2033     34.240     36.631     0.7277     0.7399     0.0537     0.3181     3.3651     0.0000     0.0000 -124.29702   44.65178       9.91          2  0.000e+00
      17229    717.833     71.273     71.866     7.3440     7.3442  34.639475  34.639980     7.3372     7.3375    33.9141    33.9144    26.5166    26.5168     1.1247     1.2033     34.240     36.631     0.7277     0.7399     0.0537     0.3181     3.3651     0.0000     0.0000 -124.29702   44.65178       9.91          2  0.000e+00
      17230    717.875     71.286     71.880     7.3439     7.3439  34.639224  34.640105     7.3372     7.3372    33.9139    33.9148    26.5164    26.5172     1.1247     1.2033     34.240     36.632     0.7277     0.7399     0.0537     0.3181     3.3651     0.0000     0.0000 -124.29702   44.65178       9.89          2  0.000e+00
      17231    717.917     71.286     71.880     7.3441     7.3442  34.639162  34.639980     7.3374     7.3375    33.9136    33.9144    26.5162    26.5168     1.1247     1.2033     34.240     36.631     0.7277     0.7399     0.0537     0.3181     3.3651     0.0000     0.0000 -124.29702   44.65178       9.89          2  0.000e+00
      17232    717.958     71.240     71.833     7.3441     7.3442  34.639600  34.640105     7.3374     7.3375    33.9141    33.9146    26.5166    26.5169     1.1247     1.2033     34.240     36.631     0.7277     0.7399     0.0537     0.3181     3.3651     0.0000     0.0000 -124.29702   44.65178       9.89          2  0.000e+00
      17233    718.000     71.273     71.866     7.3438     7.3439  34.639600  34.640230     7.3370     7.3372    33.9145    33.9150    26.5169    26.5173     1.1247     1.2033     34.240     36.632     0.7277     0.7399     0.0549     0.3486     3.3639     0.0000     0.0000 -124.29702   44.65178       9.89          2  0.000e+00
      17234    718.042     71.286     71.880     7.3439     7.3442  34.639475  34.639980     7.3372     7.3375    33.9142    33.9144    26.5166    26.5168     1.1247     1.2033     34.240     36.631     0.7277     0.7399     0.0537     0.3181     3.3639     0.0000     0.0000 -124.29702   44.65178       9.89          2  0.000e+00
      17235    718.083     71.286     71.880     7.3436     7.3440  34.639224  34.640105     7.3369     7.3373    33.9142    33.9147    26.5167    26.5171     1.1247     1.2033     34.241     36.632     0.7277     0.7399     0.0537     0.3181     3.3651     0.0000     0.0000 -124.29702   44.65178       9.89          2  0.000e+00
      17236    718.125     71.286     71.880     7.3438     7.3439  34.638974  34.639730     7.3370     7.3372    33.9138    33.9144    26.5163    26.5168     1.1247     1.2033     34.241     36.632     0.7277     0.7399     0.0537     0.3181     3.3651     0.0000     0.0000 -124.29702   44.65178       9.84          2  0.000e+00
      17237    718.167     71.273     71.866     7.3435     7.3438  34.639099  34.640043     7.3367     7.3370    33.9142    33.9149    26.5167    26.5173     1.1247     1.2033     34.241     36.632     0.7277     0.7399     0.0537     0.3181     3.3651     0.0000     0.0000 -124.29702   44.65178       9.84          2  0.000e+00
      17238    718.208     71.187     71.780     7.3433     7.3443  34.639161  34.639854     7.3366     7.3376    33.9145    33.9143    26.5170    26.5167     1.1247     1.2033     34.240     36.631     0.7277     0.7399     0.0537     0.3181     3.3651     0.0000     0.0000 -124.29702   44.65178       9.84          2  0.000e+00
      17239    718.250     71.333     71.927     7.3434     7.3439  34.639162  34.640105     7.3367     7.3372    33.9143    33.9148    26.5168    26.5172     1.1247     1.2033     34.241     36.632     0.7277     0.7399     0.0537     0.3181     3.3651     0.0000     0.0000 -124.29702   44.65178       9.84          2  0.000e+00
