WCOA/WCOA-6/CTD_Data/RB2102_CTD_032_01.ros
* Sea-Bird SBE 9 Data File:
* FileName = C:\Users\scs.user.rb\CTD\RB2102\Data\RB2102_CTD_032_01.hex
* Software Version Seasave V 7.26.7.107
* Temperature SN = 6202
* Conductivity SN = 4907
* Number of Bytes Per Scan = 41
* Number of Voltage Words = 4
* Number of Scans Averaged by the Deck Unit = 1
* NMEA Latitude = 46 07.72 N
* NMEA Longitude = 124 16.15 W
* NMEA UTC (Time) = Jul 01 2021  03:09:19
* NMEA baud rate = 4800
# nquan = 30
# nvalues = 784                                   
# units = specified
# name 0 = scan: Scan Count
# name 1 = timeS: Time, Elapsed [seconds]
# name 2 = depSM: Depth [salt water, m]
# name 3 = prDM: Pressure, Digiquartz [db]
# name 4 = t090C: Temperature [ITS-90, deg C]
# name 5 = t190C: Temperature, 2 [ITS-90, deg C]
# name 6 = c0mS/cm: Conductivity [mS/cm]
# name 7 = c1mS/cm: Conductivity, 2 [mS/cm]
# name 8 = potemp090C: Potential Temperature [ITS-90, deg C]
# name 9 = potemp190C: Potential Temperature, 2 [ITS-90, deg C]
# name 10 = sal00: Salinity, Practical [PSU]
# name 11 = sal11: Salinity, Practical, 2 [PSU]
# name 12 = sigma-é00: Density [sigma-theta, kg/m^3]
# name 13 = sigma-é11: Density, 2 [sigma-theta, kg/m^3]
# name 14 = sbeox0Mg/L: Oxygen, SBE 43 [mg/l]
# name 15 = sbeox1Mg/L: Oxygen, SBE 43, 2 [mg/l]
# name 16 = sbox0Mm/Kg: Oxygen, SBE 43 [umol/kg]
# name 17 = sbox1Mm/Kg: Oxygen, SBE 43, 2 [umol/kg]
# name 18 = sbeox0V: Oxygen raw, SBE 43 [V]
# name 19 = sbeox1V: Oxygen raw, SBE 43, 2 [V]
# name 20 = v4: Voltage 4
# name 21 = flECO-AFL: Fluorescence, WET Labs ECO-AFL/FL [mg/m^3]
# name 22 = v3: Voltage 3
# name 23 = v6: Voltage 6
# name 24 = v7: Voltage 7
# name 25 = longitude: Longitude [deg]
# name 26 = latitude: Latitude [deg]
# name 27 = altM: Altimeter [m]
# name 28 = nbf: Bottles Fired
# name 29 = flag:  0.000e+00
# interval = seconds: 0.0416667
# start_time = Jul 01 2021 03:09:19 [NMEA time, header]
# bad_flag = -9.990e-29
*END*
[from data line 242]
      28466   1186.042     50.526     50.951     7.6177     7.6136  34.635992  34.640444     7.6128     7.6087    33.6539    33.6627    26.2729    26.2804     2.7115     2.5953     82.566     79.029     1.0720     1.0171     0.0415     0.0129     3.3114     1.6239     0.0000 -124.26958   46.12900      47.94          5  0.000e+00
      28467   1186.083     50.625     51.051     7.6177     7.6137  34.635868  34.640632     7.6128     7.6088    33.6537    33.6627    26.2727    26.2803     2.7172     2.6015     82.739     79.218     1.0733     1.0183     0.0415     0.0129     3.3089     1.6227     0.0000 -124.26958   46.12900      47.94          5  0.000e+00
      28468   1186.125     50.605     51.031     7.6177     7.6132  34.636118  34.641132     7.6128     7.6084    33.6540    33.6637    26.2729    26.2812     2.7172     2.6016     82.739     79.218     1.0733     1.0183     0.0415     0.0129     3.3114     1.6227     0.0000 -124.26958   46.12900      47.94          5  0.000e+00
      28614   1192.208     51.065     51.495     7.6175     7.6186  34.639376  34.641509     7.6126     7.6137    33.6574    33.6587    26.2757    26.2765     2.7229     2.6323     82.914     80.155     1.0745     1.0244     0.0415     0.0129     3.3114     1.6215     0.0000 -124.26958   46.12900      47.42          6  0.000e+00
      28615   1192.250     50.966     51.394     7.6175     7.6183  34.639376  34.642072     7.6126     7.6134    33.6575    33.6596    26.2757    26.2773     2.7229     2.6323     82.913     80.154     1.0745     1.0244     0.0415     0.0129     3.3101     1.6227     0.0000 -124.26958   46.12900      47.45          6  0.000e+00
      28616   1192.292     50.999     51.428     7.6175     7.6181  34.639188  34.641759     7.6126     7.6132    33.6572    33.6594    26.2755    26.2772     2.7229     2.6261     82.914     79.966     1.0745     1.0232     0.0415     0.0129     3.3114     1.6215     0.0000 -124.26958   46.12900      47.42          6  0.000e+00
      28617   1192.333     51.065     51.495     7.6173     7.6181  34.639502  34.642072     7.6124     7.6132    33.6577    33.6598    26.2759    26.2775     2.7229     2.6262     82.915     79.967     1.0745     1.0232     0.0415     0.0129     3.3114     1.6227     0.0000 -124.26958   46.12900      47.42          6  0.000e+00
      28618   1192.375     51.019     51.448     7.6172     7.6181  34.639690  34.642260     7.6123     7.6132    33.6581    33.6600    26.2762    26.2776     2.7229     2.6261     82.914     79.966     1.0745     1.0232     0.0415     0.0129     3.3101     1.6227     0.0000 -124.26958   46.12900      47.42          6  0.000e+00
      28619   1192.417     51.045     51.475     7.6173     7.6179  34.639690  34.641759     7.6124     7.6130    33.6579    33.6596    26.2761    26.2773     2.7173     2.6262     82.742     79.967     1.0733     1.0232     0.0415     0.0129     3.3114     1.6215     0.0000 -124.26958   46.12900      47.37          6  0.000e+00
      28620   1192.458     51.019     51.448     7.6173     7.6179  34.639940  34.641822     7.6124     7.6130    33.6582    33.6597    26.2763    26.2774     2.7229     2.6261     82.914     79.967     1.0745     1.0232     0.0415     0.0129     3.3101     1.6227     0.0000 -124.26958   46.12900      47.33          6  0.000e+00
      28621   1192.500     51.019     51.448     7.6171     7.6181  34.639564  34.641947     7.6122     7.6132    33.6580    33.6597    26.2762    26.2774     2.7173     2.6261     82.742     79.967     1.0733     1.0232     0.0415     0.0129     3.3101     1.6215     0.0000 -124.26958   46.12900      47.33          6  0.000e+00
      28622   1192.542     51.019     51.448     7.6175     7.6183  34.639627  34.641947     7.6126     7.6134    33.6577    33.6595    26.2759    26.2772     2.7173     2.6261     82.741     79.966     1.0733     1.0232     0.0415     0.0129     3.3114     1.6227     0.0000 -124.26958   46.12900      47.33          6  0.000e+00
      28623   1192.583     51.045     51.475     7.6175     7.6179  34.639690  34.641697     7.6126     7.6130    33.6578    33.6595    26.2760    26.2773     2.7229     2.6262     82.914     79.967     1.0745     1.0232     0.0415     0.0129     3.3101     1.6227     0.0000 -124.26958   46.12900      47.33          6  0.000e+00
      28624   1192.625     51.019     51.448     7.6173     7.6183  34.640191  34.642072     7.6124     7.6134    33.6585    33.6596    26.2765    26.2773     2.7173     2.6261     82.741     79.966     1.0733     1.0232     0.0415     0.0129     3.3101     1.6215     0.0000 -124.26958   46.12900      47.33          6  0.000e+00
      28625   1192.667     51.065     51.495     7.6177     7.6184  34.640065  34.642010     7.6128     7.6135    33.6580    33.6594    26.2761    26.2771     2.7173     2.6261     82.741     79.967     1.0733     1.0232     0.0415     0.0129     3.3114     1.6227     0.0000 -124.26958   46.12900      47.37          6  0.000e+00
      28626   1192.708     50.999     51.428     7.6173     7.6179  34.640003  34.641759     7.6124     7.6130    33.6583    33.6596    26.2764    26.2773     2.7173     2.6261     82.741     79.967     1.0733     1.0232     0.0415     0.0129     3.3114     1.6227     0.0000 -124.26958   46.12900      47.37          6  0.000e+00
      28627   1192.750     51.065     51.495     7.6177     7.6181  34.640003  34.641634     7.6128     7.6132    33.6579    33.6593    26.2761    26.2770     2.7173     2.6262     82.741     79.967     1.0733     1.0232     0.0415     0.0129     3.3101     1.6227     0.0000 -124.26958   46.12900      47.37          6  0.000e+00
      28628   1192.792     51.019     51.448     7.6173     7.6183  34.639752  34.641634     7.6124     7.6134    33.6580    33.6591    26.2762    26.2769     2.7173     2.6261     82.742     79.967     1.0733     1.0232     0.0415     0.0129     3.3101     1.6227     0.0000 -124.26958   46.12900      47.37          6  0.000e+00
      28629   1192.833     51.019     51.448     7.6175     7.6184  34.640441  34.641634     7.6126     7.6135    33.6586    33.6591    26.2766    26.2768     2.7172     2.6261     82.741     79.966     1.0733     1.0232     0.0415     0.0129     3.3114     1.6227     0.0000 -124.26958   46.12900      47.37          6  0.000e+00
      28630   1192.875     51.045     51.475     7.6177     7.6184  34.640128  34.641634     7.6128     7.6135    33.6581    33.6590    26.2762    26.2768     2.7116     2.6200     82.569     79.779     1.0720     1.0220     0.0415     0.0129     3.3101     1.6227     0.0000 -124.26958   46.12900      47.37          6  0.000e+00
      28631   1192.917     51.019     51.448     7.6172     7.6183  34.640003  34.641384     7.6123     7.6134    33.6584    33.6589    26.2765    26.2767     2.7116     2.6261     82.569     79.967     1.0720     1.0232     0.0415     0.0129     3.3114     1.6227     0.0000 -124.26958   46.12900      47.40          6  0.000e+00
      28632   1192.958     51.065     51.495     7.6171     7.6186  34.640441  34.641759     7.6122     7.6137    33.6589    33.6590    26.2769    26.2768     2.7116     2.6261     82.570     79.967     1.0720     1.0232     0.0415     0.0129     3.3101     1.6227     0.0000 -124.26958   46.12900      47.40          6  0.000e+00
      28633   1193.000     50.999     51.428     7.6173     7.6186  34.640128  34.641446     7.6124     7.6137    33.6584    33.6586    26.2765    26.2765     2.7116     2.6261     82.569     79.966     1.0720     1.0232     0.0415     0.0129     3.3101     1.6227     0.0000 -124.26958   46.12900      47.40          6  0.000e+00
      28634   1193.042     51.019     51.448     7.6173     7.6184  34.640253  34.641509     7.6124     7.6135    33.6586    33.6589    26.2766    26.2767     2.7116     2.6200     82.569     79.778     1.0720     1.0220     0.0415     0.0129     3.3101     1.6227     0.0000 -124.26958   46.12900      47.40          6  0.000e+00
      28635   1193.083     51.019     51.448     7.6173     7.6184  34.640316  34.641822     7.6124     7.6135    33.6586    33.6592    26.2766    26.2770     2.7116     2.6199     82.569     79.778     1.0720     1.0220     0.0415     0.0129     3.3101     1.6227     0.0000 -124.26958   46.12900      47.40          6  0.000e+00
      28636   1193.125     51.045     51.475     7.6175     7.6184  34.640128  34.641446     7.6126     7.6135    33.6582    33.6588    26.2763    26.2767     2.7116     2.6200     82.569     79.779     1.0720     1.0220     0.0415     0.0129     3.3114     1.6227     0.0000 -124.26958   46.12900      47.40          6  0.000e+00
      28637   1193.167     51.019     51.448     7.6175     7.6186  34.640253  34.641759     7.6126     7.6137    33.6584    33.6590    26.2765    26.2767     2.7116     2.6199     82.569     79.778     1.0720     1.0220     0.0415     0.0129     3.3114     1.6227     0.0000 -124.26958   46.12900      47.40          6  0.000e+00
      28638   1193.208     51.019     51.448     7.6175     7.6186  34.640065  34.641696     7.6126     7.6137    33.6582    33.6589    26.2763    26.2767     2.7116     2.6199     82.569     79.778     1.0720     1.0220     0.0415     0.0129     3.3101     1.6227     0.0000 -124.26958   46.12900      47.40          6  0.000e+00
      28639   1193.250     51.019     51.448     7.6177     7.6183  34.639815  34.641822     7.6128     7.6134    33.6578    33.6593    26.2759    26.2771     2.7116     2.6200     82.569     79.778     1.0720     1.0220     0.0415     0.0129     3.3114     1.6227     0.0000 -124.26958   46.12900      47.37          6  0.000e+00
      28640   1193.292     50.999     51.428     7.6177     7.6184  34.639188  34.641696     7.6128     7.6135    33.6571    33.6591    26.2754    26.2769     2.7059     2.6199     82.397     79.778     1.0708     1.0220     0.0415     0.0129     3.3089     1.6227     0.0000 -124.26958   46.12900      47.37          6  0.000e+00
      28641   1193.333     51.019     51.448     7.6178     7.6184  34.639564  34.641384     7.6129     7.6135    33.6574    33.6587    26.2756    26.2766     2.7116     2.6261     82.569     79.966     1.0720     1.0232     0.0415     0.0129     3.3101     1.6227     0.0000 -124.26958   46.12900      47.37          6  0.000e+00
      28642   1193.375     51.019     51.448     7.6178     7.6186  34.639439  34.641509     7.6129     7.6137    33.6572    33.6587    26.2755    26.2765     2.7116     2.6261     82.569     79.966     1.0720     1.0232     0.0415     0.0129     3.3114     1.6227     0.0000 -124.26958   46.12900      47.40          6  0.000e+00
      28643   1193.417     50.946     51.375     7.6177     7.6184  34.639564  34.641634     7.6128     7.6135    33.6575    33.6590    26.2757    26.2768     2.7059     2.6261     82.396     79.966     1.0708     1.0232     0.0415     0.0129     3.3101     1.6227     0.0000 -124.26958   46.12900      47.37          6  0.000e+00
      28644   1193.458     51.019     51.448     7.6178     7.6187  34.639940  34.641383     7.6129     7.6138    33.6578    33.6585    26.2759    26.2763     2.7059     2.6199     82.396     79.778     1.0708     1.0220     0.0415     0.0129     3.3101     1.6227     0.0000 -124.26958   46.12900      47.37          6  0.000e+00
      28645   1193.500     51.019     51.448     7.6180     7.6184  34.639752  34.641321     7.6131     7.6135    33.6574    33.6587    26.2756    26.2765     2.7116     2.6200     82.568     79.779     1.0720     1.0220     0.0415     0.0129     3.3114     1.6227     0.0000 -124.26958   46.12900      47.37          6  0.000e+00
      28646   1193.542     50.966     51.395     7.6177     7.6184  34.639689  34.641133     7.6128     7.6135    33.6577    33.6585    26.2758    26.2764     2.7059     2.6199     82.396     79.778     1.0708     1.0220     0.0415     0.0129     3.3089     1.6227     0.0000 -124.26958   46.12900      47.37          6  0.000e+00
      28647   1193.583     50.946     51.375     7.6177     7.6184  34.640128  34.641446     7.6128     7.6135    33.6581    33.6589    26.2762    26.2767     2.7059     2.6261     82.396     79.966     1.0708     1.0232     0.0415     0.0129     3.3101     1.6227     0.0000 -124.26958   46.12900      47.37          6  0.000e+00
      28648   1193.625     51.019     51.448     7.6178     7.6184  34.639815  34.641822     7.6129     7.6135    33.6576    33.6592    26.2758    26.2770     2.7059     2.6199     82.396     79.778     1.0708     1.0220     0.0415     0.0129     3.3114     1.6227     0.0000 -124.26958   46.12900      47.37          6  0.000e+00
      28649   1193.667     50.966     51.395     7.6178     7.6184  34.639940  34.641759     7.6129     7.6135    33.6578    33.6592    26.2759    26.2769     2.7059     2.6261     82.396     79.966     1.0708     1.0232     0.0415     0.0129     3.3101     1.6227     0.0000 -124.26958   46.12900      47.40          6  0.000e+00
      28650   1193.708     50.946     51.375     7.6178     7.6184  34.640002  34.641383     7.6129     7.6135    33.6579    33.6588    26.2760    26.2766     2.7059     2.6261     82.395     79.966     1.0708     1.0232     0.0415     0.0129     3.3101     1.6227     0.0000 -124.26958   46.12900      47.42          6  0.000e+00
      28651   1193.750     50.966     51.395     7.6177     7.6181  34.640002  34.641509     7.6128     7.6132    33.6580    33.6592    26.2761    26.2770     2.7059     2.6200     82.396     79.778     1.0708     1.0220     0.0415     0.0129     3.3114     1.6227     0.0000 -124.26958   46.12900      47.42          6  0.000e+00
      28652   1193.792     50.966     51.395     7.6177     7.6179  34.640253  34.641634     7.6128     7.6130    33.6583    33.6595    26.2763    26.2772     2.7059     2.6261     82.396     79.966     1.0708     1.0232     0.0415     0.0129     3.3114     1.6227     0.0000 -124.26958   46.12900      47.40          6  0.000e+00
      28653   1193.833     50.900     51.328     7.6177     7.6178  34.639814  34.641634     7.6128     7.6129    33.6578    33.6597    26.2760    26.2774     2.7059     2.6261     82.395     79.966     1.0708     1.0232     0.0415     0.0129     3.3101     1.6227     0.0000 -124.26958   46.12900      47.40          6  0.000e+00
      28654   1193.875     50.966     51.395     7.6173     7.6179  34.639689  34.641634     7.6124     7.6130    33.6580    33.6595    26.2761    26.2772     2.7059     2.6261     82.397     79.966     1.0708     1.0232     0.0415     0.0129     3.3114     1.6239     0.0000 -124.26958   46.12900      47.40          6  0.000e+00
      28655   1193.917     50.920     51.349     7.6177     7.6177  34.639000  34.641821     7.6128     7.6129    33.6569    33.6599    26.2753    26.2776     2.7116     2.6199     82.568     79.778     1.0720     1.0220     0.0415     0.0129     3.3114     1.6239     0.0000 -124.26958   46.12900      47.45          6  0.000e+00
      28656   1193.958     50.920     51.349     7.6175     7.6178  34.638562  34.641446     7.6126     7.6129    33.6566    33.6595    26.2750    26.2772     2.7116     2.6200     82.569     79.778     1.0720     1.0220     0.0415     0.0129     3.3101     1.6227     0.0000 -124.26958   46.12900      47.45          6  0.000e+00
      28657   1194.000     50.900     51.329     7.6175     7.6179  34.638186  34.641321     7.6126     7.6130    33.6562    33.6592    26.2748    26.2770     2.7116     2.6199     82.569     79.778     1.0720     1.0220     0.0415     0.0129     3.3114     1.6239     0.0000 -124.26958   46.12900      47.45          6  0.000e+00
      28658   1194.042     50.920     51.349     7.6178     7.6179  34.638562  34.641321     7.6129     7.6130    33.6563    33.6592    26.2748    26.2770     2.7116     2.6199     82.568     79.778     1.0720     1.0220     0.0415     0.0129     3.3114     1.6239     0.0000 -124.26958   46.12900      47.45          6  0.000e+00
