WCOA/WCOA-6/CTD_Data/RB2102_CTD_035_01.ros
* Sea-Bird SBE 9 Data File:
* FileName = C:\Users\scs.user.rb\CTD\RB2102\Data\RB2102_CTD_035_01.hex
* Software Version Seasave V 7.26.7.107
* Temperature SN = 6202
* Conductivity SN = 4907
* Number of Bytes Per Scan = 41
* Number of Voltage Words = 4
* Number of Scans Averaged by the Deck Unit = 1
* NMEA Latitude = 46 07.78 N
* NMEA Longitude = 125 11.22 W
* NMEA UTC (Time) = Jul 01 2021  13:29:55
* NMEA baud rate = 4800
# nquan = 30
# nvalues = 1176                                  
# units = specified
# name 0 = scan: Scan Count
# name 1 = timeS: Time, Elapsed [seconds]
# name 2 = depSM: Depth [salt water, m]
# name 3 = prDM: Pressure, Digiquartz [db]
# name 4 = t090C: Temperature [ITS-90, deg C]
# name 5 = t190C: Temperature, 2 [ITS-90, deg C]
# name 6 = c0mS/cm: Conductivity [mS/cm]
# name 7 = c1mS/cm: Conductivity, 2 [mS/cm]
# name 8 = potemp090C: Potential Temperature [ITS-90, deg C]
# name 9 = potemp190C: Potential Temperature, 2 [ITS-90, deg C]
# name 10 = sal00: Salinity, Practical [PSU]
# name 11 = sal11: Salinity, Practical, 2 [PSU]
# name 12 = sigma-é00: Density [sigma-theta, kg/m^3]
# name 13 = sigma-é11: Density, 2 [sigma-theta, kg/m^3]
# name 14 = sbeox0Mg/L: Oxygen, SBE 43 [mg/l]
# name 15 = sbeox1Mg/L: Oxygen, SBE 43, 2 [mg/l]
# name 16 = sbox0Mm/Kg: Oxygen, SBE 43 [umol/kg]
# name 17 = sbox1Mm/Kg: Oxygen, SBE 43, 2 [umol/kg]
# name 18 = sbeox0V: Oxygen raw, SBE 43 [V]
# name 19 = sbeox1V: Oxygen raw, SBE 43, 2 [V]
# name 20 = v4: Voltage 4
# name 21 = flECO-AFL: Fluorescence, WET Labs ECO-AFL/FL [mg/m^3]
# name 22 = v3: Voltage 3
# name 23 = v6: Voltage 6
# name 24 = v7: Voltage 7
# name 25 = longitude: Longitude [deg]
# name 26 = latitude: Latitude [deg]
# name 27 = altM: Altimeter [m]
# name 28 = nbf: Bottles Fired
# name 29 = flag:  0.000e+00
# interval = seconds: 0.0416667
# start_time = Jul 01 2021 13:29:55 [NMEA time, header]
# bad_flag = -9.990e-29
*END*
[from data line 919]
     163816   6825.625     19.767     19.932    13.6010    13.6008  38.370812  38.376207    13.5982    13.5981    32.0196    32.0247    23.9664    23.9705     9.4994     9.3218    289.912    284.492     2.8181     2.6117     0.0513     0.2571     3.2027     0.8901     0.0000 -125.19118   46.12570      99.83         19  0.000e+00
     163817   6825.667     19.820     19.986    13.6005    13.6059  38.370813  38.381813    13.5978    13.6032    32.0199    32.0256    23.9668    23.9701     9.4945     9.3208    289.764    284.460     2.8168     2.6117     0.0513     0.2571     3.2015     0.8901     0.0000 -125.19118   46.12570      99.83         19  0.000e+00
     163818   6825.708     19.767     19.932    13.6003    13.6110  38.370552  38.386375    13.5976    13.6083    32.0199    32.0256    23.9668    23.9691     9.4995     9.3197    289.915    284.426     2.8181     2.6117     0.0513     0.2571     3.2027     0.8901     0.0000 -125.19118   46.12570      99.83         19  0.000e+00
     163819   6825.750     19.767     19.932    13.6002    13.6160  38.370486  38.390089    13.5974    13.6133    32.0200    32.0249    23.9669    23.9675     9.4995     9.3187    289.916    284.397     2.8181     2.6117     0.0513     0.2571     3.2027     0.8901     0.0000 -125.19118   46.12570      99.83         19  0.000e+00
     163820   6825.792     19.814     19.979    13.5993    13.6206  38.369965  38.392566    13.5966    13.6179    32.0201    32.0233    23.9672    23.9654     9.4948     9.3179    289.770    284.373     2.8168     2.6117     0.0525     0.2876     3.2027     0.8901     0.0000 -125.19118   46.12570      99.83         19  0.000e+00
     163821   6825.833     19.767     19.932    13.5988    13.6246  38.368530  38.394521    13.5961    13.6219    32.0193    32.0218    23.9666    23.9634     9.4949     9.3171    289.773    284.350     2.8168     2.6117     0.0513     0.2571     3.2027     0.8901     0.0000 -125.19118   46.12570      99.83         19  0.000e+00
     163822   6825.875     19.820     19.986    13.5977    13.6272  38.367096  38.394847    13.5950    13.6244    32.0188    32.0199    23.9665    23.9615     9.4952     9.3168    289.783    284.340     2.8168     2.6117     0.0513     0.2571     3.2027     0.8901     0.0000 -125.19118   46.12570      99.83         19  0.000e+00
     163823   6825.917     19.814     19.979    13.5951    13.6272  38.364227  38.393674    13.5924    13.6244    32.0183    32.0189    23.9667    23.9606     9.4957     9.3168    289.799    284.341     2.8168     2.6117     0.0513     0.2571     3.2015     0.8901     0.0000 -125.19118   46.12570      99.83         19  0.000e+00
     163824   6825.958     19.767     19.932    13.5920    13.6256  38.359663  38.391392    13.5892    13.6229    32.0167    32.0180    23.9661    23.9603     9.4914     9.3171    289.668    284.351     2.8156     2.6117     0.0513     0.2571     3.2027     0.8901     0.0000 -125.19118   46.12570      99.83         19  0.000e+00
     163825   6826.000     19.814     19.979    13.5878    13.6241  38.355621  38.390154    13.5850    13.6214    32.0165    32.0181    23.9667    23.9607     9.4973     9.3175    289.847    284.362     2.8168     2.6117     0.0513     0.2571     3.2015     0.8901     0.0000 -125.19118   46.12570      99.83         19  0.000e+00
     163826   6826.042     19.767     19.932    13.5834    13.6233  38.351904  38.389046    13.5807    13.6206    32.0167    32.0178    23.9677    23.9606     9.4931     9.3176    289.720    284.366     2.8156     2.6117     0.0513     0.2571     3.2027     0.8901     0.0000 -125.19118   46.12570      99.83         19  0.000e+00
     163827   6826.083     19.814     19.979    13.5787    13.6223  38.349688  38.388655    13.5760    13.6196    32.0185    32.0183    23.9701    23.9612     9.4940     9.3178    289.746    284.373     2.8156     2.6117     0.0525     0.2876     3.2027     0.8901     0.0000 -125.19118   46.12570      99.83         19  0.000e+00
     166241   6926.667     14.698     14.821    14.7990    14.8217  39.424478  39.444648    14.7969    14.8196    31.9939    31.9935    23.6988    23.6937     8.9605     8.8004    273.537    268.650     2.7424     2.5482     0.0464     0.1350     3.2063     0.8913     0.0000 -125.19124   46.12564      99.78         20  0.000e+00
     166242   6926.708     14.745     14.867    14.7972    14.8229  39.424149  39.445439    14.7950    14.8207    31.9951    31.9932    23.7001    23.6932     8.9608     8.8002    273.546    268.646     2.7424     2.5482     0.0464     0.1350     3.2063     0.8913     0.0000 -125.19124   46.12564      99.78         20  0.000e+00
     166243   6926.750     14.659     14.781    14.7971    14.8245  39.424676  39.446163    14.7950    14.8223    31.9956    31.9926    23.7006    23.6924     8.9607     8.7999    273.542    268.635     2.7424     2.5482     0.0464     0.1350     3.2063     0.8913     0.0000 -125.19124   46.12564      99.78         20  0.000e+00
     166244   6926.792     14.745     14.867    14.7978    14.8252  39.426193  39.446031    14.7957    14.8230    31.9964    31.9919    23.7010    23.6918     8.9606     8.7999    273.540    268.635     2.7424     2.5482     0.0464     0.1350     3.2063     0.8913     0.0000 -125.19124   46.12564      99.78         20  0.000e+00
     166245   6926.833     14.745     14.867    14.7996    14.8234  39.428170  39.443923    14.7974    14.8213    31.9968    31.9914    23.7009    23.6917     8.9603     8.8002    273.530    268.646     2.7424     2.5482     0.0464     0.1350     3.2063     0.8913     0.0000 -125.19124   46.12564      99.78         20  0.000e+00
     166246   6926.875     14.698     14.821    14.8010    14.8221  39.428697  39.441419    14.7989    14.8199    31.9961    31.9903    23.7001    23.6911     8.9600     8.8005    273.521    268.654     2.7424     2.5482     0.0464     0.1350     3.2063     0.8913     0.0000 -125.19124   46.12564      99.78         20  0.000e+00
     166247   6926.917     14.751     14.874    14.8014    14.8207  39.428697  39.439244    14.7993    14.8185    31.9957    31.9894    23.6997    23.6908     8.9551     8.8008    273.373    268.665     2.7411     2.5482     0.0464     0.1350     3.2063     0.8913     0.0000 -125.19124   46.12564      99.78         20  0.000e+00
     166248   6926.958     14.698     14.821    14.8019    14.8182  39.429225  39.437399    14.7997    14.8160    31.9958    31.9898    23.6997    23.6916     8.9599     8.8012    273.517    268.677     2.7424     2.5482     0.0464     0.1350     3.2063     0.8913     0.0000 -125.19124   46.12564      99.78         20  0.000e+00
     166249   6927.000     14.698     14.821    14.8024    14.8144  39.430148  39.434698    14.8002    14.8123    31.9963    31.9905    23.6999    23.6929     8.9549     8.8019    273.365    268.697     2.7411     2.5482     0.0464     0.1350     3.2063     0.8913     0.0000 -125.19124   46.12564      99.78         20  0.000e+00
     166250   6927.042     14.751     14.874    14.8038    14.8099  39.430939  39.431866    14.8016    14.8077    31.9958    31.9916    23.6993    23.6948     8.9547     8.8028    273.360    268.723     2.7411     2.5482     0.0464     0.1350     3.2051     0.8913     0.0000 -125.19124   46.12564      99.78         20  0.000e+00
     166251   6927.083     14.745     14.867    14.8051    14.8051  39.431334  39.428110    14.8029    14.8030    31.9951    31.9921    23.6985    23.6962     8.9594     8.8036    273.502    268.749     2.7424     2.5482     0.0464     0.1350     3.2063     0.8913     0.0000 -125.19124   46.12564      99.78         20  0.000e+00
     166252   6927.125     14.698     14.821    14.8056    14.8004  39.431927  39.424751    14.8034    14.7982    31.9952    31.9930    23.6985    23.6979     8.9544     8.8044    273.350    268.773     2.7411     2.5482     0.0464     0.1350     3.2051     0.8913     0.0000 -125.19124   46.12564      99.78         20  0.000e+00
     166253   6927.167     14.751     14.874    14.8055    14.7975  39.431334  39.423236    14.8033    14.7954    31.9948    31.9940    23.6981    23.6992     8.9593     8.8050    273.501    268.789     2.7424     2.5482     0.0476     0.1655     3.2051     0.8913     0.0000 -125.19124   46.12564      99.78         20  0.000e+00
     166254   6927.208     14.745     14.867    14.8056    14.7951  39.431070  39.421984    14.8034    14.7930    31.9945    31.9948    23.6979    23.7004     8.9593     8.8054    273.501    268.801     2.7424     2.5482     0.0464     0.1350     3.2063     0.8926     0.0000 -125.19124   46.12564      99.78         20  0.000e+00
     166255   6927.250     14.745     14.867    14.8052    14.7933  39.431070  39.422116    14.8031    14.7911    31.9947    31.9964    23.6982    23.7020     8.9545     8.8109    273.354    268.969     2.7411     2.5495     0.0476     0.1655     3.2051     0.8913     0.0000 -125.19124   46.12564      99.78         20  0.000e+00
     166256   6927.292     14.751     14.874    14.8050    14.7951  39.431070  39.424883    14.8028    14.7930    31.9949    31.9974    23.6984    23.7024     8.9594     8.8052    273.503    268.797     2.7424     2.5482     0.0464     0.1350     3.2051     0.8913     0.0000 -125.19124   46.12564      99.78         20  0.000e+00
     166257   6927.333     14.745     14.867    14.8049    14.7961  39.430345  39.425937    14.8027    14.7940    31.9944    31.9976    23.6980    23.7023     8.9594     8.8050    273.505    268.790     2.7424     2.5482     0.0464     0.1350     3.2063     0.8913     0.0000 -125.19124   46.12564      99.78         20  0.000e+00
     166258   6927.375     14.745     14.867    14.8040    14.7973  39.429027  39.427321    14.8018    14.7952    31.9939    31.9978    23.6978    23.7022     8.9596     8.8048    273.511    268.783     2.7424     2.5482     0.0464     0.1350     3.2063     0.8913     0.0000 -125.19124   46.12564      99.78         20  0.000e+00
     166259   6927.417     14.745     14.867    14.8027    14.7996  39.427379  39.430351    14.8005    14.7974    31.9935    31.9987    23.6978    23.7025     8.9599     8.8043    273.519    268.769     2.7424     2.5482     0.0464     0.1350     3.2051     0.8913     0.0000 -125.19124   46.12564      99.76         20  0.000e+00
     166260   6927.458     14.751     14.874    14.8008    14.8034  39.426192  39.434239    14.7987    14.8013    31.9939    31.9991    23.6985    23.7019     8.9602     8.8036    273.528    268.746     2.7424     2.5482     0.0476     0.1655     3.2051     0.8913     0.0000 -125.19124   46.12564      99.76         20  0.000e+00
     166261   6927.500     14.791     14.914    14.7991    14.8078  39.425138  39.437862    14.7969    14.8057    31.9944    31.9987    23.6992    23.7007     8.9606     8.8028    273.538    268.723     2.7424     2.5482     0.0464     0.1350     3.2063     0.8913     0.0000 -125.19124   46.12564      99.78         20  0.000e+00
     166262   6927.542     14.745     14.867    14.7983    14.8111  39.424347  39.439246    14.7962    14.8089    31.9943    31.9973    23.6993    23.6989     8.9655     8.8022    273.689    268.705     2.7436     2.5482     0.0464     0.1350     3.2063     0.8913     0.0000 -125.19124   46.12564      99.78         20  0.000e+00
     166263   6927.583     14.751     14.874    14.7971    14.8122  39.423688  39.438916    14.7950    14.8101    31.9947    31.9961    23.6999    23.6977     8.9657     8.8073    273.695    268.862     2.7436     2.5495     0.0476     0.1655     3.2051     0.8913     0.0000 -125.19124   46.12564      99.76         20  0.000e+00
     166264   6927.625     14.791     14.914    14.7955    14.8133  39.422963  39.439246    14.7934    14.8111    31.9953    31.9955    23.7007    23.6970     8.9709     8.8072    273.853    268.858     2.7448     2.5495     0.0464     0.1350     3.2051     0.8913     0.0000 -125.19124   46.12564      99.76         20  0.000e+00
     166265   6927.667     14.745     14.868    14.7946    14.8143  39.422304  39.439179    14.7925    14.8121    31.9955    31.9946    23.7010    23.6962     8.9710     8.8070    273.856    268.853     2.7448     2.5495     0.0464     0.1350     3.2063     0.8913     0.0000 -125.19124   46.12564      99.78         20  0.000e+00
     166266   6927.708     14.751     14.874    14.7943    14.8157  39.422370  39.439904    14.7922    14.8135    31.9958    31.9942    23.7013    23.6955     8.9710     8.8068    273.857    268.846     2.7448     2.5495     0.0464     0.1350     3.2063     0.8913     0.0000 -125.19124   46.12564      99.78         20  0.000e+00
     166267   6927.750     14.791     14.914    14.7943    14.8172  39.422765  39.441683    14.7921    14.8150    31.9962    31.9945    23.7016    23.6955     8.9759     8.8065    274.006    268.838     2.7460     2.5495     0.0464     0.1350     3.2063     0.8913     0.0000 -125.19124   46.12564      99.78         20  0.000e+00
     166268   6927.792     14.791     14.914    14.7946    14.8180  39.424347  39.442210    14.7925    14.8159    31.9973    31.9943    23.7024    23.6951     8.9758     8.8064    274.002    268.833     2.7460     2.5495     0.0464     0.1350     3.2051     0.8913     0.0000 -125.19124   46.12564      99.78         20  0.000e+00
     166269   6927.833     14.791     14.914    14.7970    14.8185  39.427248  39.442606    14.7949    14.8163    31.9980    31.9942    23.7024    23.6950     8.9753     8.8063    273.987    268.831     2.7460     2.5495     0.0464     0.1350     3.2063     0.8913     0.0000 -125.19124   46.12564      99.78         20  0.000e+00
     166270   6927.875     14.751     14.874    14.8015    14.8195  39.430280  39.443396    14.7994    14.8174    31.9971    31.9941    23.7007    23.6947     8.9793     8.8061    274.111    268.824     2.7473     2.5495     0.0464     0.1350     3.2051     0.8913     0.0000 -125.19124   46.12564      99.78         20  0.000e+00
     166271   6927.917     14.791     14.914    14.8045    14.8207  39.431334  39.443792    14.8023    14.8185    31.9956    31.9935    23.6990    23.6939     8.9789     8.8059    274.099    268.820     2.7473     2.5495     0.0464     0.1350     3.2051     0.8913     0.0000 -125.19124   46.12564      99.78         20  0.000e+00
     166272   6927.958     14.791     14.914    14.8052    14.8211  39.430345  39.443396    14.8031    14.8189    31.9941    31.9929    23.6977    23.6934     8.9788     8.8059    274.097    268.819     2.7473     2.5495     0.0464     0.1350     3.2051     0.8913     0.0000 -125.19124   46.12564      99.78         20  0.000e+00
     166273   6928.000     14.751     14.874    14.8039    14.8206  39.428170  39.442671    14.8017    14.8184    31.9932    31.9926    23.6973    23.6933     8.9791     8.8060    274.105    268.821     2.7473     2.5495     0.0464     0.1350     3.2063     0.8913     0.0000 -125.19124   46.12564      99.78         20  0.000e+00
     166274   6928.042     14.844     14.968    14.8021    14.8199  39.426390  39.441749    14.7999    14.8177    31.9930    31.9923    23.6975    23.6932     8.9795     8.8062    274.118    268.828     2.7473     2.5495     0.0464     0.1350     3.2063     0.8913     0.0000 -125.19124   46.12564      99.78         20  0.000e+00
     166275   6928.083     14.745     14.868    14.8000    14.8179  39.424610  39.440760    14.7978    14.8157    31.9932    31.9931    23.6981    23.6942     8.9798     8.8064    274.126    268.835     2.7473     2.5495     0.0464     0.1350     3.2063     0.8913     0.0000 -125.19124   46.12564      99.78         20  0.000e+00
