WCOA/WCOA-6/CTD_Data/RB2102_CTD_001_01.ros
* Sea-Bird SBE 9 Data File:
* FileName = C:\Users\scs.user.rb\CTD\RB2102\Data\RB2102_CTD_001_01.hex
* Software Version Seasave V 7.26.7.107
* Temperature SN = 6202
* Conductivity SN = 4907
* Number of Bytes Per Scan = 41
* Number of Voltage Words = 4
* Number of Scans Averaged by the Deck Unit = 1
* NMEA Latitude = 51 27.53 N
* NMEA Longitude = 130 50.74 W
* NMEA UTC (Time) = Jun 25 2021  02:03:15
* NMEA baud rate = 4800
# nquan = 30
# nvalues = 1078                                  
# units = specified
# name 0 = scan: Scan Count
# name 1 = timeS: Time, Elapsed [seconds]
# name 2 = depSM: Depth [salt water, m]
# name 3 = prDM: Pressure, Digiquartz [db]
# name 4 = t090C: Temperature [ITS-90, deg C]
# name 5 = t190C: Temperature, 2 [ITS-90, deg C]
# name 6 = c0mS/cm: Conductivity [mS/cm]
# name 7 = c1mS/cm: Conductivity, 2 [mS/cm]
# name 8 = potemp090C: Potential Temperature [ITS-90, deg C]
# name 9 = potemp190C: Potential Temperature, 2 [ITS-90, deg C]
# name 10 = sal00: Salinity, Practical [PSU]
# name 11 = sal11: Salinity, Practical, 2 [PSU]
# name 12 = sigma-é00: Density [sigma-theta, kg/m^3]
# name 13 = sigma-é11: Density, 2 [sigma-theta, kg/m^3]
# name 14 = sbeox0Mg/L: Oxygen, SBE 43 [mg/l]
# name 15 = sbeox1Mg/L: Oxygen, SBE 43, 2 [mg/l]
# name 16 = sbox0Mm/Kg: Oxygen, SBE 43 [umol/kg]
# name 17 = sbox1Mm/Kg: Oxygen, SBE 43, 2 [umol/kg]
# name 18 = sbeox0V: Oxygen raw, SBE 43 [V]
# name 19 = sbeox1V: Oxygen raw, SBE 43, 2 [V]
# name 20 = v4: Voltage 4
# name 21 = flECO-AFL: Fluorescence, WET Labs ECO-AFL/FL [mg/m^3]
# name 22 = v3: Voltage 3
# name 23 = v6: Voltage 6
# name 24 = v7: Voltage 7
# name 25 = longitude: Longitude [deg]
# name 26 = latitude: Latitude [deg]
# name 27 = altM: Altimeter [m]
# name 28 = nbf: Bottles Fired
# name 29 = flag:  0.000e+00
# interval = seconds: 0.0416667
# start_time = Jun 25 2021 02:03:15 [NMEA time, header]
# bad_flag = -9.990e-29
*END*
[from data line 919]
     137023   5709.250      5.916      5.968    13.2005    13.2198  37.932986  37.944076    13.1997    13.2190    31.9524    31.9466    23.9939    23.9855     9.5524     9.3397    291.522    285.035     2.8144     2.6007     0.0623     0.5318     3.3968     0.9145     0.0000 -130.84670   51.45608      99.83         19  0.000e+00
     137024   5709.292      5.962      6.015    13.2018    13.2212  37.936427  37.945308    13.2010    13.2204    31.9545    31.9465    23.9952    23.9852     9.5521     9.3395    291.511    285.027     2.8144     2.6007     0.0623     0.5318     3.3968     0.9145     0.0000 -130.84670   51.45608      99.83         19  0.000e+00
     137025   5709.333      5.916      5.968    13.2070    13.2223  37.942529  37.946346    13.2062    13.2215    31.9559    31.9466    23.9952    23.9850     9.5509     9.3392    291.475    285.019     2.8144     2.6007     0.0611     0.5013     3.3993     0.9145     0.0000 -130.84670   51.45608      99.83         19  0.000e+00
     137026   5709.375      5.962      6.015    13.2119    13.2247  37.946359  37.948358    13.2111    13.2239    31.9553    31.9465    23.9938    23.9845     9.5500     9.3388    291.447    285.006     2.8144     2.6007     0.0623     0.5318     3.3968     0.9145     0.0000 -130.84670   51.45608      99.80         19  0.000e+00
     137027   5709.417      5.916      5.968    13.2153    13.2264  37.948630  37.950628    13.2145    13.2256    31.9547    31.9472    23.9927    23.9847     9.5493     9.3384    291.426    284.992     2.8144     2.6007     0.0611     0.5013     3.3993     0.9145     0.0000 -130.84670   51.45608      99.83         19  0.000e+00
     137028   5709.458      5.916      5.968    13.2197    13.2262  37.951357  37.951212    13.2189    13.2254    31.9535    31.9479    23.9909    23.9853     9.5534     9.3384    291.554    284.992     2.8156     2.6007     0.0611     0.5013     3.3993     0.9145     0.0000 -130.84670   51.45608      99.83         19  0.000e+00
     137029   5709.500      5.916      5.968    13.2237    13.2249  37.954343  37.950499    13.2229    13.2241    31.9529    31.9483    23.9896    23.9859     9.5476     9.3386    291.378    284.999     2.8144     2.6007     0.0611     0.5013     3.3980     0.9145     0.0000 -130.84670   51.45608      99.83         19  0.000e+00
     137030   5709.542      5.916      5.968    13.2258    13.2249  37.954862  37.950239    13.2250    13.2241    31.9517    31.9481    23.9883    23.9857     9.5473     9.3332    291.368    284.834     2.8144     2.5995     0.0611     0.5013     3.3993     0.9145     0.0000 -130.84670   51.45608      99.83         19  0.000e+00
     137031   5709.583      5.929      5.981    13.2251    13.2276  37.952525  37.952185    13.2243    13.2268    31.9501    31.9476    23.9872    23.9848     9.5476     9.3381    291.376    284.984     2.8144     2.6007     0.0623     0.5318     3.3968     0.9158     0.0000 -130.84670   51.45608      99.80         19  0.000e+00
     137032   5709.625      5.916      5.968    13.2227    13.2334  37.949344  37.956597    13.2219    13.2326    31.9490    31.9469    23.9868    23.9830     9.5531     9.3369    291.545    284.949     2.8156     2.6007     0.0611     0.5013     3.3993     0.9145     0.0000 -130.84670   51.45608      99.83         19  0.000e+00
     137033   5709.667      5.916      5.968    13.2184    13.2415  37.945449  37.962177    13.2176    13.2407    31.9490    31.9453    23.9877    23.9803     9.5490     9.3353    291.419    284.901     2.8144     2.6007     0.0623     0.5318     3.3993     0.9145     0.0000 -130.84670   51.45608      99.83         19  0.000e+00
     137034   5709.708      5.916      5.968    13.2147    13.2456  37.942657  37.965551    13.2139    13.2448    31.9495    31.9450    23.9888    23.9792     9.5497     9.3291    291.440    284.710     2.8144     2.5995     0.0611     0.5013     3.3968     0.9145     0.0000 -130.84670   51.45608      99.83         19  0.000e+00
     138461   5769.167      5.441      5.489    13.3650    13.3709  38.086355  38.091389    13.3643    13.3702    31.9579    31.9577    23.9655    23.9642     9.5332     9.2152    290.944    281.240     2.8181     2.5800     0.0598     0.4707     3.3956     0.9206     0.0000 -130.84672   51.45604      99.83         20  0.000e+00
     138462   5769.208      5.441      5.489    13.3669    13.3742  38.089281  38.092949    13.3662    13.3734    31.9591    31.9564    23.9661    23.9626     9.5327     9.2146    290.930    281.222     2.8181     2.5800     0.0598     0.4707     3.3956     0.9206     0.0000 -130.84672   51.45604      99.83         20  0.000e+00
     138463   5769.250      5.342      5.389    13.3707    13.3760  38.092857  38.093988    13.3700    13.3753    31.9593    31.9559    23.9655    23.9618     9.5318     9.2142    290.903    281.209     2.8181     2.5800     0.0598     0.4707     3.3968     0.9206     0.0000 -130.84672   51.45604      99.83         20  0.000e+00
     138464   5769.292      5.441      5.489    13.3747    13.3773  38.095783  38.094768    13.3740    13.3766    31.9586    31.9555    23.9642    23.9612     9.5362     9.2140    291.035    281.205     2.8193     2.5800     0.0598     0.4707     3.3968     0.9206     0.0000 -130.84672   51.45604      99.83         20  0.000e+00
     138465   5769.333      5.441      5.489    13.3805    13.3782  38.103000  38.095938    13.3798    13.3774    31.9605    31.9559    23.9644    23.9613     9.5299     9.2138    290.844    281.199     2.8181     2.5800     0.0598     0.4707     3.3968     0.9206     0.0000 -130.84672   51.45604      99.83         20  0.000e+00
     138466   5769.375      5.296      5.342    13.3918    13.3790  38.114640  38.098017    13.3911    13.3783    31.9619    31.9572    23.9633    23.9622     9.5324     9.2134    290.919    281.186     2.8193     2.5800     0.0598     0.4707     3.3968     0.9206     0.0000 -130.84672   51.45604      99.83         20  0.000e+00
     138467   5769.417      5.441      5.489    13.4053    13.3810  38.125176  38.099577    13.4046    13.3803    31.9604    31.9569    23.9594    23.9616     9.5299     9.2132    290.845    281.179     2.8193     2.5800     0.0611     0.5013     3.3956     0.9206     0.0000 -130.84672   51.45604      99.83         20  0.000e+00
     138468   5769.458      5.408      5.456    13.4124    13.3837  38.128622  38.101201    13.4116    13.3830    31.9577    31.9562    23.9560    23.9605     9.5286     9.2127    290.806    281.163     2.8193     2.5800     0.0611     0.5013     3.3968     0.9206     0.0000 -130.84672   51.45604      99.83         20  0.000e+00
     138469   5769.500      5.342      5.389    13.4128    13.3862  38.125304  38.102110    13.4121    13.3855    31.9543    31.9549    23.9532    23.9590     9.5286     9.2121    290.808    281.148     2.8193     2.5800     0.0611     0.5013     3.3968     0.9206     0.0000 -130.84672   51.45604      99.83         20  0.000e+00
     138470   5769.542      5.342      5.389    13.4122    13.3871  38.124199  38.102500    13.4115    13.3864    31.9538    31.9546    23.9530    23.9586     9.5288     9.2120    290.813    281.143     2.8193     2.5800     0.0611     0.5013     3.3956     0.9206     0.0000 -130.84672   51.45604      99.83         20  0.000e+00
     138471   5769.583      5.388      5.436    13.4132    13.3869  38.126020  38.103345    13.4125    13.3862    31.9546    31.9555    23.9534    23.9593     9.5236     9.2120    290.655    281.144     2.8181     2.5800     0.0598     0.4707     3.3968     0.9206     0.0000 -130.84672   51.45604      99.83         20  0.000e+00
     138472   5769.625      5.296      5.342    13.4145    13.3887  38.127841  38.104839    13.4138    13.3880    31.9553    31.9554    23.9536    23.9589     9.5282     9.2116    290.794    281.130     2.8193     2.5800     0.0598     0.4707     3.3968     0.9206     0.0000 -130.84672   51.45604      99.83         20  0.000e+00
     138473   5769.667      5.342      5.389    13.4174    13.3908  38.130638  38.106789    13.4166    13.3901    31.9555    31.9555    23.9532    23.9585     9.5277     9.2112    290.778    281.118     2.8193     2.5800     0.0611     0.5013     3.3956     0.9206     0.0000 -130.84672   51.45604      99.83         20  0.000e+00
     138474   5769.708      5.342      5.389    13.4217    13.3934  38.135581  38.108479    13.4210    13.3927    31.9564    31.9548    23.9531    23.9575     9.5267     9.2107    290.750    281.103     2.8193     2.5800     0.0598     0.4707     3.3956     0.9206     0.0000 -130.84672   51.45604      99.83         20  0.000e+00
     138475   5769.750      5.296      5.342    13.4283    13.3958  38.141761  38.110428    13.4276    13.3951    31.9567    31.9547    23.9520    23.9569     9.5253     9.2102    290.707    281.088     2.8193     2.5800     0.0598     0.4707     3.3968     0.9206     0.0000 -130.84672   51.45604      99.83         20  0.000e+00
     138476   5769.792      5.342      5.389    13.4351    13.4006  38.146249  38.114653    13.4344    13.3998    31.9551    31.9546    23.9494    23.9559     9.5241     9.2092    290.671    281.060     2.8193     2.5800     0.0611     0.5013     3.3956     0.9206     0.0000 -130.84672   51.45604      99.83         20  0.000e+00
     138477   5769.833      5.296      5.342    13.4378    13.4045  38.148136  38.117707    13.4371    13.4038    31.9547    31.9542    23.9485    23.9548     9.5235     9.2084    290.654    281.035     2.8193     2.5800     0.0598     0.4707     3.3968     0.9219     0.0000 -130.84672   51.45604      99.83         20  0.000e+00
     138478   5769.875      5.296      5.342    13.4431    13.4089  38.152950  38.121282    13.4424    13.4081    31.9547    31.9539    23.9475    23.9537     9.5225     9.2075    290.621    281.009     2.8193     2.5800     0.0611     0.5013     3.3956     0.9206     0.0000 -130.84672   51.45604      99.83         20  0.000e+00
     138479   5769.917      5.296      5.342    13.4494    13.4179  38.158284  38.127586    13.4487    13.4172    31.9544    31.9521    23.9460    23.9505     9.5212     9.2058    290.583    280.956     2.8193     2.5800     0.0611     0.5013     3.3956     0.9206     0.0000 -130.84672   51.45604      99.83         20  0.000e+00
     138480   5769.958      5.263      5.309    13.4544    13.4231  38.160496  38.131551    13.4536    13.4224    31.9523    31.9515    23.9434    23.9490     9.5203     9.2102    290.556    281.090     2.8193     2.5812     0.0598     0.4707     3.3968     0.9206     0.0000 -130.84672   51.45604      99.83         20  0.000e+00
     138481   5770.000      5.296      5.342    13.4546    13.4192  38.159325  38.129536    13.4539    13.4185    31.9510    31.9529    23.9424    23.9509     9.5253     9.2109    290.711    281.112     2.8205     2.5812     0.0598     0.4707     3.3956     0.9206     0.0000 -130.84672   51.45604      99.83         20  0.000e+00
     138482   5770.042      5.243      5.289    13.4561    13.4142  38.161602  38.125636    13.4553    13.4135    31.9519    31.9534    23.9428    23.9523     9.5249     9.2118    290.698    281.140     2.8205     2.5812     0.0611     0.5013     3.3956     0.9206     0.0000 -130.84672   51.45604      99.83         20  0.000e+00
     138483   5770.083      5.296      5.342    13.4608    13.4127  38.164270  38.124661    13.4601    13.4120    31.9505    31.9538    23.9407    23.9528     9.5241     9.2122    290.674    281.150     2.8205     2.5812     0.0611     0.5013     3.3956     0.9206     0.0000 -130.84672   51.45604      99.83         20  0.000e+00
     138484   5770.125      5.197      5.242    13.4586    13.4136  38.161602  38.126936    13.4579    13.4129    31.9499    31.9552    23.9407    23.9538     9.5245     9.2118    290.685    281.139     2.8205     2.5812     0.0611     0.5013     3.3956     0.9206     0.0000 -130.84672   51.45604      99.83         20  0.000e+00
     138485   5770.167      5.243      5.289    13.4516    13.4216  38.155226  38.133436    13.4509    13.4209    31.9497    31.9545    23.9420    23.9516     9.5260     9.2103    290.730    281.092     2.8205     2.5812     0.0598     0.4707     3.3968     0.9206     0.0000 -130.84672   51.45604      99.83         20  0.000e+00
     138486   5770.208      5.243      5.289    13.4420    13.4353  38.146378  38.143317    13.4412    13.4346    31.9496    31.9522    23.9438    23.9472     9.5279     9.2076    290.789    281.012     2.8205     2.5812     0.0611     0.5013     3.3956     0.9206     0.0000 -130.84672   51.45604      99.80         20  0.000e+00
     138487   5770.250      5.197      5.242    13.4319    13.4445  38.139093  38.150728    13.4312    13.4437    31.9512    31.9515    23.9470    23.9448     9.5298     9.2057    290.845    280.956     2.8205     2.5812     0.0598     0.4707     3.3968     0.9206     0.0000 -130.84672   51.45604      99.83         20  0.000e+00
     138488   5770.292      5.243      5.289    13.4257    13.4504  38.134345  38.153849    13.4250    13.4496    31.9519    31.9495    23.9488    23.9420     9.5310     9.2047    290.883    280.925     2.8205     2.5812     0.0598     0.4707     3.3956     0.9206     0.0000 -130.84672   51.45604      99.83         20  0.000e+00
     138489   5770.333      5.197      5.242    13.4198    13.4527  38.130312  38.154108    13.4191    13.4520    31.9532    31.9478    23.9510    23.9403     9.5371     9.2043    291.067    280.913     2.8217     2.5812     0.0611     0.5013     3.3956     0.9206     0.0000 -130.84672   51.45604      99.83         20  0.000e+00
     138490   5770.375      5.197      5.242    13.4159    13.4529  38.128166  38.153783    13.4152    13.4522    31.9544    31.9473    23.9527    23.9399     9.5378     9.2043    291.088    280.913     2.8217     2.5812     0.0611     0.5013     3.3968     0.9206     0.0000 -130.84672   51.45604      99.83         20  0.000e+00
     138491   5770.417      5.197      5.242    13.4147    13.4522  38.128686  38.154174    13.4140    13.4515    31.9559    31.9483    23.9541    23.9407     9.5380     9.2098    291.092    281.080     2.8217     2.5824     0.0598     0.4707     3.3956     0.9206     0.0000 -130.84672   51.45604      99.83         20  0.000e+00
     138492   5770.458      5.164      5.209    13.4151    13.4514  38.129727  38.154109    13.4144    13.4507    31.9565    31.9489    23.9545    23.9414     9.5378     9.2099    291.087    281.083     2.8217     2.5824     0.0611     0.5013     3.3956     0.9206     0.0000 -130.84672   51.45604      99.83         20  0.000e+00
     138493   5770.500      5.197      5.242    13.4159    13.4504  38.130117  38.154044    13.4152    13.4496    31.9563    31.9497    23.9541    23.9422     9.5377     9.2101    291.085    281.088     2.8217     2.5824     0.0598     0.4707     3.3968     0.9206     0.0000 -130.84672   51.45604      99.83         20  0.000e+00
     138494   5770.542      5.150      5.196    13.4169    13.4487  38.130247  38.153133    13.4162    13.4480    31.9556    31.9503    23.9534    23.9430     9.5375     9.2103    291.078    281.096     2.8217     2.5824     0.0598     0.4707     3.3968     0.9219     0.0000 -130.84672   51.45604      99.83         20  0.000e+00
     138495   5770.583      5.150      5.196    13.4156    13.4470  38.127775  38.152483    13.4149    13.4463    31.9543    31.9511    23.9527    23.9439     9.5428     9.2106    291.241    281.105     2.8230     2.5824     0.0611     0.5013     3.3956     0.9206     0.0000 -130.84672   51.45604      99.83         20  0.000e+00
