WCOA/WCOA-6/CTD_Data/RB2102_CTD_004_01.ros
* Sea-Bird SBE 9 Data File:
* FileName = C:\Users\scs.user.rb\CTD\RB2102\Data\RB2102_CTD_004_01.hex
* Software Version Seasave V 7.26.7.107
* Temperature SN = 6202
* Conductivity SN = 4907
* Number of Bytes Per Scan = 41
* Number of Voltage Words = 4
* Number of Scans Averaged by the Deck Unit = 1
* NMEA Latitude = 52 23.92 N
* NMEA Longitude = 129 03.04 W
* NMEA UTC (Time) = Jun 25 2021  22:46:00
* NMEA baud rate = 4800
# nquan = 30
# nvalues = 343                                   
# units = specified
# name 0 = scan: Scan Count
# name 1 = timeS: Time, Elapsed [seconds]
# name 2 = depSM: Depth [salt water, m]
# name 3 = prDM: Pressure, Digiquartz [db]
# name 4 = t090C: Temperature [ITS-90, deg C]
# name 5 = t190C: Temperature, 2 [ITS-90, deg C]
# name 6 = c0mS/cm: Conductivity [mS/cm]
# name 7 = c1mS/cm: Conductivity, 2 [mS/cm]
# name 8 = potemp090C: Potential Temperature [ITS-90, deg C]
# name 9 = potemp190C: Potential Temperature, 2 [ITS-90, deg C]
# name 10 = sal00: Salinity, Practical [PSU]
# name 11 = sal11: Salinity, Practical, 2 [PSU]
# name 12 = sigma-é00: Density [sigma-theta, kg/m^3]
# name 13 = sigma-é11: Density, 2 [sigma-theta, kg/m^3]
# name 14 = sbeox0Mg/L: Oxygen, SBE 43 [mg/l]
# name 15 = sbeox1Mg/L: Oxygen, SBE 43, 2 [mg/l]
# name 16 = sbox0Mm/Kg: Oxygen, SBE 43 [umol/kg]
# name 17 = sbox1Mm/Kg: Oxygen, SBE 43, 2 [umol/kg]
# name 18 = sbeox0V: Oxygen raw, SBE 43 [V]
# name 19 = sbeox1V: Oxygen raw, SBE 43, 2 [V]
# name 20 = v4: Voltage 4
# name 21 = flECO-AFL: Fluorescence, WET Labs ECO-AFL/FL [mg/m^3]
# name 22 = v3: Voltage 3
# name 23 = v6: Voltage 6
# name 24 = v7: Voltage 7
# name 25 = longitude: Longitude [deg]
# name 26 = latitude: Latitude [deg]
# name 27 = altM: Altimeter [m]
# name 28 = nbf: Bottles Fired
# name 29 = flag:  0.000e+00
# interval = seconds: 0.0416667
# start_time = Jun 25 2021 22:46:00 [NMEA time, header]
# bad_flag = -9.990e-29
*END*
[from data line 291]
      26661   1110.833      3.768      3.801    12.9221    12.9214  36.048416  36.048049    12.9216    12.9209    30.4156    30.4159    22.8592    22.8595    10.1522     9.7219    310.172    297.024     2.9231     2.6520     0.1209     1.9970     3.1441     1.0403     0.0000 -129.05156   52.39846      46.45          6  0.000e+00
      26662   1110.875      3.814      3.848    12.9213    12.9221  36.047907  36.048876    12.9208    12.9216    30.4158    30.4161    22.8595    22.8596    10.1576     9.7273    310.334    297.189     2.9243     2.6532     0.1209     1.9970     3.1429     1.0403     0.0000 -129.05156   52.39846      46.45          6  0.000e+00
      26663   1110.917      3.682      3.715    12.9214    12.9222  36.047970  36.049638    12.9209    12.9217    30.4158    30.4167    22.8595    22.8600    10.1574     9.7215    310.328    297.013     2.9243     2.6520     0.1209     1.9970     3.1441     1.0403     0.0000 -129.05156   52.39846      46.45          6  0.000e+00
      26844   1118.458      3.478      3.509    12.9313    12.9236  36.058975  36.056440    12.9308    12.9231    30.4183    30.4221    22.8595    22.8639    10.1090     9.7096    308.851    296.648     2.9133     2.6496     0.1172     1.9054     3.1429     1.0403     0.0000 -129.05156   52.39846      46.18          7  0.000e+00
      26845   1118.500      3.524      3.556    12.9314    12.9241  36.058466  36.056758    12.9309    12.9236    30.4177    30.4220    22.8590    22.8638    10.1091     9.7096    308.853    296.646     2.9133     2.6496     0.1172     1.9054     3.1429     1.0403     0.0000 -129.05156   52.39846      45.96          7  0.000e+00
      26846   1118.542      3.524      3.556    12.9313    12.9244  36.058339  36.057076    12.9308    12.9239    30.4177    30.4220    22.8590    22.8637    10.1091     9.7095    308.854    296.644     2.9133     2.6496     0.1172     1.9054     3.1429     1.0403     0.0000 -129.05156   52.39846      45.81          7  0.000e+00
      26847   1118.583      3.478      3.509    12.9314    12.9252  36.058530  36.056821    12.9309    12.9248    30.4177    30.4211    22.8591    22.8628    10.1090     9.7093    308.851    296.639     2.9133     2.6496     0.1172     1.9054     3.1441     1.0403     0.0000 -129.05156   52.39846      45.79          7  0.000e+00
      26848   1118.625      3.590      3.622    12.9309    12.9256  36.058657  36.057330    12.9304    12.9251    30.4182    30.4213    22.8595    22.8629    10.1092     9.7094    308.858    296.640     2.9133     2.6496     0.1172     1.9054     3.1441     1.0403     0.0000 -129.05156   52.39846      45.81          7  0.000e+00
      26849   1118.667      3.478      3.509    12.9311    12.9259  36.058848  36.057139    12.9306    12.9254    30.4183    30.4209    22.8596    22.8626    10.1090     9.7092    308.852    296.635     2.9133     2.6496     0.1172     1.9054     3.1441     1.0403     0.0000 -129.05156   52.39846      45.81          7  0.000e+00
      26850   1118.708      3.524      3.556    12.9306    12.9262  36.059166  36.057394    12.9301    12.9258    30.4190    30.4208    22.8602    22.8624    10.1092     9.7092    308.855    296.635     2.9133     2.6496     0.1172     1.9054     3.1429     1.0403     0.0000 -129.05156   52.39846      45.81          7  0.000e+00
      26851   1118.750      3.478      3.509    12.9301    12.9269  36.058530  36.057711    12.9296    12.9264    30.4188    30.4206    22.8601    22.8621    10.1092     9.7035    308.857    296.460     2.9133     2.6484     0.1172     1.9054     3.1441     1.0403     0.0000 -129.05156   52.39846      45.93          7  0.000e+00
      26852   1118.792      3.571      3.602    12.9299    12.9274  36.059485  36.057712    12.9294    12.9270    30.4198    30.4201    22.8610    22.8617    10.1093     9.7090    308.860    296.630     2.9133     2.6496     0.1172     1.9054     3.1429     1.0403     0.0000 -129.05156   52.39846      46.01          7  0.000e+00
      26853   1118.833      3.478      3.509    12.9298    12.9276  36.059421  36.058284    12.9293    12.9271    30.4199    30.4206    22.8610    22.8620    10.1092     9.7089    308.857    296.624     2.9133     2.6496     0.1172     1.9054     3.1429     1.0403     0.0000 -129.05156   52.39846      46.01          7  0.000e+00
      26854   1118.875      3.524      3.556    12.9294    12.9277  36.059739  36.058093    12.9290    12.9273    30.4204    30.4203    22.8615    22.8617    10.1093     9.7089    308.860    296.626     2.9133     2.6496     0.1172     1.9054     3.1429     1.0403     0.0000 -129.05156   52.39846      45.98          7  0.000e+00
      26855   1118.917      3.571      3.602    12.9293    12.9279  36.059676  36.058347    12.9288    12.9274    30.4205    30.4203    22.8616    22.8618    10.1145     9.7089    309.018    296.626     2.9145     2.6496     0.1172     1.9054     3.1441     1.0403     0.0000 -129.05156   52.39846      46.01          7  0.000e+00
      26856   1118.958      3.491      3.522    12.9293    12.9277  36.059803  36.058665    12.9288    12.9273    30.4207    30.4208    22.8617    22.8621    10.1093     9.7088    308.859    296.623     2.9133     2.6496     0.1172     1.9054     3.1429     1.0403     0.0000 -129.05156   52.39846      45.96          7  0.000e+00
      26857   1119.000      3.478      3.509    12.9291    12.9279  36.059421  36.057711    12.9286    12.9275    30.4204    30.4198    22.8616    22.8613    10.1093     9.7088    308.860    296.624     2.9133     2.6496     0.1172     1.9054     3.1416     1.0403     0.0000 -129.05156   52.39846      45.81          7  0.000e+00
      26858   1119.042      3.524      3.556    12.9291    12.9281  36.059294  36.058411    12.9286    12.9276    30.4203    30.4203    22.8615    22.8617    10.1094     9.7088    308.862    296.623     2.9133     2.6496     0.1172     1.9054     3.1441     1.0403     0.0000 -129.05156   52.39846      45.76          7  0.000e+00
      26859   1119.083      3.524      3.556    12.9288    12.9284  36.059039  36.058983    12.9283    12.9279    30.4203    30.4206    22.8616    22.8618    10.1095     9.7087    308.864    296.621     2.9133     2.6496     0.1172     1.9054     3.1429     1.0403     0.0000 -129.05156   52.39846      45.76          7  0.000e+00
      26860   1119.125      3.524      3.556    12.9286    12.9283  36.058467  36.059237    12.9281    12.9278    30.4199    30.4209    22.8613    22.8621    10.1146     9.7087    309.022    296.621     2.9145     2.6496     0.1172     1.9054     3.1441     1.0403     0.0000 -129.05156   52.39846      45.76          7  0.000e+00
      26861   1119.167      3.524      3.556    12.9284    12.9281  36.058530  36.059365    12.9280    12.9276    30.4201    30.4212    22.8615    22.8624    10.1147     9.7088    309.023    296.622     2.9145     2.6496     0.1184     1.9359     3.1429     1.0403     0.0000 -129.05156   52.39846      45.76          7  0.000e+00
      26862   1119.208      3.478      3.509    12.9283    12.9281  36.058657  36.059047    12.9278    12.9276    30.4204    30.4209    22.8617    22.8621    10.1095     9.7087    308.866    296.620     2.9133     2.6496     0.1221     2.0275     3.1441     1.0403     0.0000 -129.05156   52.39846      45.81          7  0.000e+00
      26863   1119.250      3.571      3.602    12.9281    12.9284  36.057894  36.059746    12.9276    12.9279    30.4198    30.4213    22.8613    22.8624    10.1148     9.7087    309.027    296.621     2.9145     2.6496     0.1233     2.0580     3.1429     1.0403     0.0000 -129.05156   52.39846      45.89          7  0.000e+00
      26864   1119.292      3.491      3.522    12.9279    12.9296  36.057894  36.060254    12.9275    12.9291    30.4199    30.4208    22.8614    22.8618    10.1147     9.7139    309.025    296.780     2.9145     2.6508     0.1233     2.0580     3.1429     1.0403     0.0000 -129.05156   52.39846      45.91          7  0.000e+00
      26865   1119.333      3.524      3.556    12.9279    12.9303  36.057767  36.060763    12.9275    12.9298    30.4198    30.4207    22.8613    22.8616    10.1148     9.7138    309.027    296.777     2.9145     2.6508     0.1233     2.0580     3.1429     1.0403     0.0000 -129.05156   52.39846      45.91          7  0.000e+00
      26866   1119.375      3.571      3.602    12.9279    12.9308  36.057894  36.061208    12.9275    12.9303    30.4199    30.4207    22.8614    22.8615    10.1148     9.7138    309.028    296.775     2.9145     2.6508     0.1233     2.0580     3.1429     1.0403     0.0000 -129.05156   52.39846      45.91          7  0.000e+00
      26867   1119.417      3.571      3.602    12.9279    12.9308  36.058721  36.060573    12.9275    12.9303    30.4207    30.4201    22.8620    22.8611    10.1148     9.7138    309.026    296.777     2.9145     2.6508     0.1233     2.0580     3.1429     1.0403     0.0000 -129.05156   52.39846      45.91          7  0.000e+00
      26868   1119.458      3.524      3.556    12.9284    12.9309  36.058467  36.060572    12.9280    12.9305    30.4201    30.4200    22.8614    22.8609    10.1147     9.7137    309.023    296.774     2.9145     2.6508     0.1233     2.0580     3.1429     1.0415     0.0000 -129.05156   52.39846      46.01          7  0.000e+00
      26869   1119.500      3.571      3.602    12.9283    12.9303  36.058530  36.060700    12.9278    12.9298    30.4202    30.4207    22.8616    22.8615    10.1147     9.7139    309.025    296.779     2.9145     2.6508     0.1233     2.0580     3.1429     1.0415     0.0000 -129.05156   52.39846      46.35          7  0.000e+00
      26870   1119.542      3.571      3.602    12.9288    12.9294  36.059358  36.058411    12.9283    12.9290    30.4206    30.4192    22.8618    22.8606    10.1197     9.7142    309.177    296.787     2.9158     2.6508     0.1233     2.0580     3.1429     1.0415     0.0000 -129.05156   52.39846      46.45          7  0.000e+00
      26871   1119.583      3.571      3.602    12.9291    12.9288  36.059612  36.059428    12.9286    12.9283    30.4206    30.4207    22.8617    22.8619    10.1145     9.7142    309.019    296.789     2.9145     2.6508     0.1233     2.0580     3.1429     1.0415     0.0000 -129.05156   52.39846      46.45          7  0.000e+00
      26872   1119.625      3.591      3.622    12.9301    12.9292  36.060566  36.061209    12.9296    12.9288    30.4207    30.4219    22.8616    22.8627    10.1194     9.7141    309.169    296.784     2.9158     2.6508     0.1233     2.0580     3.1429     1.0415     0.0000 -129.05156   52.39846      46.45          7  0.000e+00
      26873   1119.667      3.624      3.656    12.9308    12.9292  36.061075  36.061845    12.9303    12.9288    30.4206    30.4225    22.8614    22.8632    10.1142     9.7141    309.010    296.784     2.9145     2.6508     0.1233     2.0580     3.1441     1.0415     0.0000 -129.05156   52.39846      46.42          7  0.000e+00
      26874   1119.708      3.624      3.656    12.9314    12.9309  36.061203  36.065532    12.9309    12.9305    30.4202    30.4246    22.8610    22.8645    10.1141     9.7136    309.007    296.768     2.9145     2.6508     0.1233     2.0580     3.1429     1.0415     0.0000 -129.05156   52.39846      46.35          7  0.000e+00
      26875   1119.750      3.624      3.656    12.9316    12.9359  36.061394  36.072018    12.9311    12.9355    30.4202    30.4267    22.8609    22.8651    10.1141     9.7124    309.005    296.731     2.9145     2.6508     0.1233     2.0580     3.1429     1.0415     0.0000 -129.05156   52.39846      46.13          7  0.000e+00
      26876   1119.792      3.624      3.656    12.9317    12.9408  36.061712  36.077105    12.9313    12.9404    30.4204    30.4275    22.8611    22.8648    10.1140     9.7113    309.004    296.697     2.9145     2.6508     0.1233     2.0580     3.1441     1.0415     0.0000 -129.05156   52.39846      46.06          7  0.000e+00
      26877   1119.833      3.670      3.702    12.9321    12.9450  36.062793  36.079649    12.9316    12.9445    30.4211    30.4265    22.8615    22.8633    10.1140     9.7105    309.002    296.673     2.9145     2.6508     0.1233     2.0580     3.1429     1.0415     0.0000 -129.05156   52.39846      46.06          7  0.000e+00
      26878   1119.875      3.670      3.702    12.9336    12.9475  36.064829  36.079648    12.9331    12.9470    30.4218    30.4245    22.8618    22.8612    10.1136     9.7100    308.991    296.661     2.9145     2.6508     0.1233     2.0580     3.1441     1.0415     0.0000 -129.05156   52.39846      46.08          7  0.000e+00
      26879   1119.917      3.683      3.716    12.9344    12.9484  36.066547  36.079966    12.9339    12.9479    30.4228    30.4241    22.8624    22.8608    10.1134     9.7099    308.984    296.657     2.9145     2.6508     0.1233     2.0580     3.1429     1.0415     0.0000 -129.05156   52.39846      46.08          7  0.000e+00
      26880   1119.958      3.670      3.702    12.9351    12.9478  36.066993  36.080348    12.9346    12.9473    30.4226    30.4249    22.8621    22.8615    10.1132     9.7100    308.979    296.658     2.9145     2.6508     0.1233     2.0580     3.1429     1.0415     0.0000 -129.05156   52.39846      46.15          7  0.000e+00
      26881   1120.000      3.723      3.756    12.9354    12.9495  36.067438  36.082383    12.9349    12.9490    30.4228    30.4254    22.8622    22.8616    10.1132     9.7096    308.979    296.648     2.9145     2.6508     0.1233     2.0580     3.1429     1.0415     0.0000 -129.05156   52.39846      46.35          7  0.000e+00
      26882   1120.042      3.723      3.756    12.9356    12.9519  36.068584  36.084927    12.9351    12.9514    30.4237    30.4259    22.8629    22.8615    10.1131     9.7091    308.976    296.631     2.9145     2.6508     0.1233     2.0580     3.1429     1.0415     0.0000 -129.05156   52.39846      46.40          7  0.000e+00
      26883   1120.083      3.723      3.756    12.9377    12.9554  36.071065  36.088933    12.9372    12.9549    30.4243    30.4268    22.8629    22.8615    10.1126     9.7082    308.960    296.606     2.9145     2.6508     0.1233     2.0580     3.1429     1.0415     0.0000 -129.05156   52.39846      46.37          7  0.000e+00
      26884   1120.125      3.723      3.756    12.9402    12.9583  36.073738  36.091986    12.9397    12.9578    30.4248    30.4274    22.8629    22.8614    10.1070     9.7021    308.787    296.417     2.9133     2.6496     0.1221     2.0275     3.1441     1.0415     0.0000 -129.05156   52.39846      46.37          7  0.000e+00
      26885   1120.167      3.769      3.803    12.9430    12.9616  36.076283  36.094339    12.9425    12.9611    30.4250    30.4269    22.8625    22.8604    10.1064     9.7070    308.771    296.567     2.9133     2.6508     0.1233     2.0580     3.1429     1.0415     0.0000 -129.05156   52.39846      46.37          7  0.000e+00
      26886   1120.208      3.769      3.803    12.9444    12.9639  36.077110  36.095802    12.9439    12.9634    30.4246    30.4264    22.8619    22.8596    10.1061     9.7065    308.762    296.553     2.9133     2.6508     0.1233     2.0580     3.1429     1.0415     0.0000 -129.05156   52.39846      46.28          7  0.000e+00
      26887   1120.250      3.782      3.816    12.9455    12.9653  36.077428  36.096311    12.9450    12.9648    30.4240    30.4258    22.8613    22.8588    10.1110     9.7062    308.912    296.545     2.9145     2.6508     0.1233     2.0580     3.1429     1.0415     0.0000 -129.05156   52.39846      46.08          7  0.000e+00
