WCOA/WCOA-6/CTD_Data/RB2102_CTD_065_01.ros
* Sea-Bird SBE 9 Data File:
* FileName = C:\Users\scs.user.rb\CTD\RB2102\Data\RB2102_CTD_065_01.hex
* Software Version Seasave V 7.26.7.107
* Temperature SN = 6202
* Conductivity SN = 4907
* Number of Bytes Per Scan = 41
* Number of Voltage Words = 4
* Number of Scans Averaged by the Deck Unit = 1
* NMEA Latitude = 41 58.52 N
* NMEA Longitude = 124 24.95 W
* NMEA UTC (Time) = Jul 06 2021  22:51:55
* NMEA baud rate = 4800
# nquan = 30
# nvalues = 637                                   
# units = specified
# name 0 = scan: Scan Count
# name 1 = timeS: Time, Elapsed [seconds]
# name 2 = depSM: Depth [salt water, m]
# name 3 = prDM: Pressure, Digiquartz [db]
# name 4 = t090C: Temperature [ITS-90, deg C]
# name 5 = t190C: Temperature, 2 [ITS-90, deg C]
# name 6 = c0mS/cm: Conductivity [mS/cm]
# name 7 = c1mS/cm: Conductivity, 2 [mS/cm]
# name 8 = potemp090C: Potential Temperature [ITS-90, deg C]
# name 9 = potemp190C: Potential Temperature, 2 [ITS-90, deg C]
# name 10 = sal00: Salinity, Practical [PSU]
# name 11 = sal11: Salinity, Practical, 2 [PSU]
# name 12 = sigma-é00: Density [sigma-theta, kg/m^3]
# name 13 = sigma-é11: Density, 2 [sigma-theta, kg/m^3]
# name 14 = sbeox0Mg/L: Oxygen, SBE 43 [mg/l]
# name 15 = sbeox1Mg/L: Oxygen, SBE 43, 2 [mg/l]
# name 16 = sbox0Mm/Kg: Oxygen, SBE 43 [umol/kg]
# name 17 = sbox1Mm/Kg: Oxygen, SBE 43, 2 [umol/kg]
# name 18 = sbeox0V: Oxygen raw, SBE 43 [V]
# name 19 = sbeox1V: Oxygen raw, SBE 43, 2 [V]
# name 20 = v4: Voltage 4
# name 21 = flECO-AFL: Fluorescence, WET Labs ECO-AFL/FL [mg/m^3]
# name 22 = v3: Voltage 3
# name 23 = v6: Voltage 6
# name 24 = v7: Voltage 7
# name 25 = longitude: Longitude [deg]
# name 26 = latitude: Latitude [deg]
# name 27 = altM: Altimeter [m]
# name 28 = nbf: Bottles Fired
# name 29 = flag:  0.000e+00
# interval = seconds: 0.0416667
# start_time = Jul 06 2021 22:51:55 [NMEA time, header]
# bad_flag = -9.990e-29
*END*
      13650    568.708     78.247     78.881     8.3309     8.3312  35.506868  35.507069     8.3229     8.3233    33.8839    33.8838    26.3490    26.3489     3.6854     3.8190    112.213    116.283     1.2943     1.2711     0.1270     2.1496     3.2930     0.0317     0.0024 -124.41598   41.97522       5.15          1  0.000e+00
      13651    568.750     78.201     78.834     8.3313     8.3312  35.506868  35.507764     8.3233     8.3232    33.8836    33.8846    26.3487    26.3495     3.6853     3.8190    112.211    116.282     1.2943     1.2711     0.1258     2.1191     3.2930     0.0330     0.0037 -124.41598   41.97522       5.18          1  0.000e+00
      13652    568.792     78.347     78.981     8.3309     8.3314  35.506932  35.507764     8.3229     8.3234    33.8839    33.8844    26.3490    26.3493     3.6854     3.8191    112.214    116.283     1.2943     1.2711     0.1258     2.1191     3.2943     0.0330     0.0024 -124.41598   41.97522       5.18          1  0.000e+00
      13653    568.833     78.294     78.928     8.3313     8.3312  35.506742  35.507574     8.3233     8.3232    33.8834    33.8843    26.3486    26.3493     3.6854     3.8191    112.213    116.283     1.2943     1.2711     0.1258     2.1191     3.2943     0.0330     0.0024 -124.41598   41.97522       5.18          1  0.000e+00
      13654    568.875     78.287     78.921     8.3311     8.3312  35.506805  35.507638     8.3231     8.3232    33.8837    33.8845    26.3488    26.3494     3.6854     3.8191    112.213    116.283     1.2943     1.2711     0.1258     2.1191     3.2943     0.0330     0.0037 -124.41598   41.97522       5.18          1  0.000e+00
      13655    568.917     78.247     78.881     8.3313     8.3314  35.507184  35.507701     8.3233     8.3234    33.8839    33.8844    26.3490    26.3493     3.6853     3.8190    112.212    116.282     1.2943     1.2711     0.1258     2.1191     3.2943     0.0330     0.0037 -124.41598   41.97522       5.20          1  0.000e+00
      13656    568.958     78.294     78.928     8.3313     8.3312  35.507058  35.507701     8.3233     8.3232    33.8838    33.8845    26.3489    26.3494     3.6854     3.8190    112.213    116.283     1.2943     1.2711     0.1258     2.1191     3.2943     0.0317     0.0037 -124.41598   41.97522       5.20          1  0.000e+00
      13657    569.000     78.247     78.881     8.3311     8.3313  35.506615  35.507448     8.3231     8.3233    33.8835    33.8841    26.3487    26.3491     3.6854     3.8190    112.213    116.282     1.2943     1.2711     0.1270     2.1496     3.2930     0.0330     0.0037 -124.41598   41.97522       5.20          1  0.000e+00
      13658    569.042     78.294     78.928     8.3309     8.3312  35.506868  35.507259     8.3229     8.3232    33.8839    33.8840    26.3490    26.3491     3.6854     3.8251    112.213    116.468     1.2943     1.2723     0.1258     2.1191     3.2930     0.0330     0.0037 -124.41598   41.97522       5.18          1  0.000e+00
      13659    569.083     78.247     78.881     8.3313     8.3314  35.506742  35.507827     8.3233     8.3234    33.8835    33.8845    26.3486    26.3494     3.6854     3.8190    112.212    116.282     1.2943     1.2711     0.1258     2.1191     3.2930     0.0330     0.0037 -124.41598   41.97522       5.18          1  0.000e+00
      13660    569.125     78.247     78.881     8.3311     8.3313  35.507058  35.507511     8.3231     8.3233    33.8840    33.8842    26.3491    26.3492     3.6854     3.8190    112.212    116.282     1.2943     1.2711     0.1258     2.1191     3.2930     0.0330     0.0037 -124.41598   41.97522       5.18          1  0.000e+00
      13661    569.167     78.294     78.928     8.3311     8.3315  35.506995  35.507385     8.3231     8.3235    33.8839    33.8839    26.3490    26.3489     3.6854     3.8190    112.213    116.283     1.2943     1.2711     0.1258     2.1191     3.2943     0.0330     0.0037 -124.41598   41.97522       5.18          1  0.000e+00
      13662    569.208     78.247     78.881     8.3313     8.3314  35.506868  35.508080     8.3233     8.3234    33.8836    33.8848    26.3487    26.3496     3.6853     3.8190    112.212    116.282     1.2943     1.2711     0.1258     2.1191     3.2943     0.0317     0.0037 -124.41598   41.97522       5.18          1  0.000e+00
      13663    569.250     78.247     78.881     8.3313     8.3314  35.507184  35.508459     8.3233     8.3234    33.8839    33.8852    26.3490    26.3499     3.6798     3.8190    112.042    116.281     1.2930     1.2711     0.1258     2.1191     3.2943     0.0317     0.0037 -124.41598   41.97522       5.18          1  0.000e+00
      13664    569.292     78.294     78.928     8.3313     8.3315  35.507058  35.508143     8.3233     8.3235    33.8838    33.8847    26.3489    26.3495     3.6854     3.8190    112.213    116.282     1.2943     1.2711     0.1258     2.1191     3.2930     0.0330     0.0037 -124.41598   41.97522       5.18          1  0.000e+00
      13665    569.333     78.234     78.867     8.3313     8.3312  35.507121  35.507511     8.3233     8.3233    33.8839    33.8843    26.3489    26.3493     3.6853     3.8129    112.212    116.097     1.2943     1.2698     0.1258     2.1191     3.2930     0.0330     0.0037 -124.41598   41.97522       5.18          1  0.000e+00
      13666    569.375     78.247     78.881     8.3313     8.3314  35.507248  35.507574     8.3233     8.3234    33.8840    33.8842    26.3490    26.3492     3.6853     3.8190    112.212    116.282     1.2943     1.2711     0.1258     2.1191     3.2930     0.0330     0.0037 -124.41598   41.97522       5.18          1  0.000e+00
      13667    569.417     78.247     78.881     8.3314     8.3313  35.506805  35.507701     8.3234     8.3233    33.8834    33.8844    26.3486    26.3494     3.6853     3.8190    112.212    116.282     1.2943     1.2711     0.1258     2.1191     3.2943     0.0330     0.0037 -124.41598   41.97522       5.20          1  0.000e+00
      13668    569.458     78.247     78.881     8.3313     8.3314  35.506552  35.507827     8.3233     8.3234    33.8833    33.8845    26.3485    26.3494     3.6854     3.8190    112.212    116.282     1.2943     1.2711     0.1258     2.1191     3.2930     0.0330     0.0037 -124.41598   41.97522       5.23          1  0.000e+00
      13669    569.500     78.247     78.881     8.3313     8.3315  35.507121  35.507701     8.3233     8.3235    33.8839    33.8842    26.3489    26.3492     3.6853     3.8129    112.212    116.097     1.2943     1.2698     0.1258     2.1191     3.2930     0.0330     0.0037 -124.41598   41.97522       5.23          1  0.000e+00
      13670    569.542     78.247     78.881     8.3313     8.3313  35.507058  35.507701     8.3233     8.3233    33.8838    33.8844    26.3489    26.3494     3.6853     3.8190    112.212    116.282     1.2943     1.2711     0.1270     2.1496     3.2930     0.0330     0.0037 -124.41598   41.97522       5.23          1  0.000e+00
      13671    569.583     78.247     78.881     8.3313     8.3312  35.506868  35.507701     8.3233     8.3233    33.8836    33.8845    26.3487    26.3494     3.6853     3.8190    112.212    116.282     1.2943     1.2711     0.1258     2.1191     3.2930     0.0330     0.0037 -124.41598   41.97522       5.23          1  0.000e+00
      13672    569.625     78.247     78.881     8.3311     8.3312  35.507184  35.507701     8.3231     8.3233    33.8841    33.8845    26.3492    26.3494     3.6854     3.8190    112.212    116.282     1.2943     1.2711     0.1258     2.1191     3.2930     0.0342     0.0037 -124.41598   41.97522       5.23          1  0.000e+00
      13673    569.667     78.201     78.834     8.3313     8.3312  35.506931  35.507890     8.3233     8.3232    33.8837    33.8848    26.3488    26.3497     3.6853     3.8190    112.211    116.281     1.2943     1.2711     0.0879     1.1728     3.2930     0.0342     0.0037 -124.41598   41.97522       5.23          1  0.000e+00
      13674    569.708     78.294     78.928     8.3311     8.3312  35.507185  35.507890     8.3231     8.3232    33.8841    33.8847    26.3491    26.3496     3.6854     3.8190    112.213    116.283     1.2943     1.2711     0.0549     0.3486     3.2943     0.0342     0.0037 -124.41598   41.97522       5.25          1  0.000e+00
      13675    569.750     78.234     78.867     8.3311     8.3315  35.506805  35.507258     8.3231     8.3235    33.8837    33.8838    26.3489    26.3488     3.6854     3.8190    112.212    116.282     1.2943     1.2711     0.0476     0.1655     3.2943     0.0342     0.0037 -124.41598   41.97522       5.25          1  0.000e+00
      13676    569.792     78.201     78.834     8.3309     8.3314  35.506552  35.507511     8.3229     8.3234    33.8836    33.8842    26.3488    26.3492     3.6854     3.8190    112.212    116.281     1.2943     1.2711     0.0501     0.2265     3.2930     0.0330     0.0037 -124.41598   41.97522       5.23          1  0.000e+00
      13677    569.833     78.247     78.881     8.3309     8.3313  35.506868  35.507448     8.3229     8.3233    33.8839    33.8841    26.3490    26.3491     3.6854     3.8190    112.213    116.282     1.2943     1.2711     0.0513     0.2571     3.2943     0.0330     0.0037 -124.41598   41.97522       5.25          1  0.000e+00
      13678    569.875     78.201     78.834     8.3311     8.3315  35.506742  35.508080     8.3231     8.3235    33.8837    33.8846    26.3488    26.3495     3.6853     3.8190    112.212    116.281     1.2943     1.2711     0.0513     0.2571     3.2943     0.0330     0.0037 -124.41598   41.97522       5.23          1  0.000e+00
      13679    569.917     78.247     78.881     8.3311     8.3314  35.506805  35.507764     8.3231     8.3234    33.8837    33.8844    26.3488    26.3494     3.6854     3.8190    112.213    116.282     1.2943     1.2711     0.0513     0.2571     3.2930     0.0330     0.0037 -124.41598   41.97522       5.25          1  0.000e+00
      13680    569.958     78.201     78.834     8.3311     8.3312  35.506678  35.507890     8.3231     8.3232    33.8836    33.8848    26.3488    26.3497     3.6853     3.8129    112.212    116.096     1.2943     1.2698     0.0513     0.2571     3.2943     0.0317     0.0037 -124.41598   41.97522       5.25          1  0.000e+00
      13681    570.000     78.201     78.834     8.3311     8.3315  35.506678  35.507764     8.3231     8.3235    33.8836    33.8843    26.3488    26.3492     3.6798     3.8190    112.042    116.281     1.2930     1.2711     0.0513     0.2571     3.2930     0.0317     0.0024 -124.41598   41.97522       5.25          1  0.000e+00
      13682    570.042     78.247     78.881     8.3311     8.3314  35.506805  35.507701     8.3231     8.3234    33.8837    33.8844    26.3488    26.3493     3.6854     3.8190    112.213    116.282     1.2943     1.2711     0.0525     0.2876     3.2930     0.0317     0.0024 -124.41598   41.97522       5.25          1  0.000e+00
      13683    570.083     78.201     78.834     8.3311     8.3315  35.506931  35.507890     8.3231     8.3235    33.8839    33.8844    26.3490    26.3494     3.6853     3.8129    112.212    116.096     1.2943     1.2698     0.0513     0.2571     3.2943     0.0330     0.0037 -124.41598   41.97522       5.25          1  0.000e+00
      13684    570.125     78.201     78.834     8.3308     8.3315  35.506489  35.507890     8.3228     8.3235    33.8837    33.8844    26.3489    26.3494     3.6854     3.8129    112.213    116.096     1.2943     1.2698     0.0513     0.2571     3.2943     0.0317     0.0024 -124.41598   41.97522       5.25          1  0.000e+00
      13685    570.167     78.201     78.834     8.3309     8.3317  35.506489  35.507953     8.3229     8.3237    33.8835    33.8843    26.3487    26.3492     3.6854     3.8190    112.212    116.280     1.2943     1.2711     0.0513     0.2571     3.2930     0.0330     0.0037 -124.41598   41.97522       5.27          1  0.000e+00
      13686    570.208     78.234     78.867     8.3310     8.3317  35.506615  35.507511     8.3230     8.3237    33.8836    33.8838    26.3487    26.3489     3.6798     3.8190    112.043    116.281     1.2930     1.2711     0.0513     0.2571     3.2943     0.0317     0.0024 -124.41598   41.97522       5.27          1  0.000e+00
      13687    570.250     78.201     78.834     8.3309     8.3317  35.506552  35.508080     8.3229     8.3237    33.8836    33.8845    26.3488    26.3494     3.6798     3.8129    112.043    116.095     1.2930     1.2698     0.0513     0.2571     3.2943     0.0317     0.0024 -124.41598   41.97522       5.27          1  0.000e+00
      13688    570.292     78.201     78.834     8.3309     8.3317  35.506615  35.508333     8.3229     8.3237    33.8837    33.8847    26.3488    26.3495     3.6854     3.8190    112.212    116.280     1.2943     1.2711     0.0513     0.2571     3.2930     0.0330     0.0037 -124.41598   41.97522       5.27          1  0.000e+00
      13689    570.333     78.201     78.834     8.3311     8.3319  35.506678  35.507953     8.3231     8.3239    33.8836    33.8842    26.3488    26.3491     3.6853     3.8190    112.212    116.280     1.2943     1.2711     0.0525     0.2876     3.2930     0.0330     0.0037 -124.41598   41.97522       5.27          1  0.000e+00
      13690    570.375     78.201     78.834     8.3308     8.3317  35.506299  35.507511     8.3228     8.3237    33.8835    33.8839    26.3487    26.3489     3.6854     3.8190    112.213    116.281     1.2943     1.2711     0.0513     0.2571     3.2943     0.0330     0.0037 -124.41598   41.97522       5.27          1  0.000e+00
      13691    570.417     78.201     78.834     8.3311     8.3317  35.506552  35.507574     8.3231     8.3237    33.8835    33.8839    26.3487    26.3489     3.6853     3.8129    112.212    116.096     1.2943     1.2698     0.0513     0.2571     3.2943     0.0317     0.0037 -124.41598   41.97522       5.30          1  0.000e+00
      13692    570.458     78.148     78.781     8.3311     8.3317  35.506425  35.507700     8.3231     8.3237    33.8834    33.8841    26.3486    26.3490     3.6853     3.8189    112.211    116.280     1.2943     1.2711     0.0513     0.2571     3.2930     0.0317     0.0037 -124.41598   41.97522       5.30          1  0.000e+00
      13693    570.500     78.201     78.834     8.3311     8.3315  35.506489  35.507890     8.3231     8.3235    33.8834    33.8844    26.3486    26.3494     3.6853     3.8190    112.212    116.281     1.2943     1.2711     0.0525     0.2876     3.2930     0.0317     0.0037 -124.41598   41.97522       5.30          1  0.000e+00
      13694    570.542     78.201     78.834     8.3309     8.3315  35.506868  35.507890     8.3229     8.3235    33.8839    33.8844    26.3490    26.3494     3.6798     3.8190    112.042    116.281     1.2930     1.2711     0.0513     0.2571     3.2930     0.0317     0.0037 -124.41598   41.97522       5.30          1  0.000e+00
      13695    570.583     78.148     78.781     8.3311     8.3315  35.506488  35.507511     8.3231     8.3235    33.8834    33.8841    26.3486    26.3491     3.6797     3.8129    112.042    116.095     1.2930     1.2698     0.0513     0.2571     3.2930     0.0317     0.0024 -124.41598   41.97522       5.30          1  0.000e+00
      13696    570.625     78.188     78.821     8.3309     8.3315  35.506236  35.507385     8.3229     8.3235    33.8833    33.8839    26.3485    26.3489     3.6854     3.8129    112.212    116.096     1.2943     1.2698     0.0525     0.2876     3.2930     0.0330     0.0037 -124.41598   41.97522       5.30          1  0.000e+00
      13697    570.667     78.201     78.834     8.3309     8.3315  35.506552  35.507574     8.3229     8.3235    33.8836    33.8841    26.3488    26.3491     3.6854     3.8129    112.212    116.096     1.2943     1.2698     0.0525     0.2876     3.2930     0.0330     0.0037 -124.41598   41.97522       5.30          1  0.000e+00
