WCOA/WCOA-6/CTD_Data/RB2102_CTD_033_01.ros
* Sea-Bird SBE 9 Data File:
* FileName = C:\Users\scs.user.rb\CTD\RB2102\Data\RB2102_CTD_033_01.hex
* Software Version Seasave V 7.26.7.107
* Temperature SN = 6202
* Conductivity SN = 4907
* Number of Bytes Per Scan = 41
* Number of Voltage Words = 4
* Number of Scans Averaged by the Deck Unit = 1
* NMEA Latitude = 46 07.71 N
* NMEA Longitude = 124 31.57 W
* NMEA UTC (Time) = Jul 01 2021  05:01:31
* NMEA baud rate = 4800
# nquan = 30
# nvalues = 980                                   
# units = specified
# name 0 = scan: Scan Count
# name 1 = timeS: Time, Elapsed [seconds]
# name 2 = depSM: Depth [salt water, m]
# name 3 = prDM: Pressure, Digiquartz [db]
# name 4 = t090C: Temperature [ITS-90, deg C]
# name 5 = t190C: Temperature, 2 [ITS-90, deg C]
# name 6 = c0mS/cm: Conductivity [mS/cm]
# name 7 = c1mS/cm: Conductivity, 2 [mS/cm]
# name 8 = potemp090C: Potential Temperature [ITS-90, deg C]
# name 9 = potemp190C: Potential Temperature, 2 [ITS-90, deg C]
# name 10 = sal00: Salinity, Practical [PSU]
# name 11 = sal11: Salinity, Practical, 2 [PSU]
# name 12 = sigma-é00: Density [sigma-theta, kg/m^3]
# name 13 = sigma-é11: Density, 2 [sigma-theta, kg/m^3]
# name 14 = sbeox0Mg/L: Oxygen, SBE 43 [mg/l]
# name 15 = sbeox1Mg/L: Oxygen, SBE 43, 2 [mg/l]
# name 16 = sbox0Mm/Kg: Oxygen, SBE 43 [umol/kg]
# name 17 = sbox1Mm/Kg: Oxygen, SBE 43, 2 [umol/kg]
# name 18 = sbeox0V: Oxygen raw, SBE 43 [V]
# name 19 = sbeox1V: Oxygen raw, SBE 43, 2 [V]
# name 20 = v4: Voltage 4
# name 21 = flECO-AFL: Fluorescence, WET Labs ECO-AFL/FL [mg/m^3]
# name 22 = v3: Voltage 3
# name 23 = v6: Voltage 6
# name 24 = v7: Voltage 7
# name 25 = longitude: Longitude [deg]
# name 26 = latitude: Latitude [deg]
# name 27 = altM: Altimeter [m]
# name 28 = nbf: Bottles Fired
# name 29 = flag:  0.000e+00
# interval = seconds: 0.0416667
# start_time = Jul 01 2021 05:01:31 [NMEA time, header]
# bad_flag = -9.990e-29
*END*
[from data line 436]
      39577   1649.000     50.586     51.012     7.7422     7.7101  34.038495  34.035031     7.7374     7.7053    32.8919    32.9185    25.6563    25.6818     5.8004     5.7024    176.732    173.739     1.7363     1.6288     0.0586     0.4402     3.3199     1.3944     0.0000 -124.52630   46.12842      91.50          9  0.000e+00
      39578   1649.042     50.606     51.032     7.7443     7.7109  34.039365  34.034844     7.7394     7.7060    32.8908    32.9175    25.6552    25.6809     5.8002     5.7023    176.725    173.738     1.7363     1.6288     0.0586     0.4402     3.3199     1.3944     0.0000 -124.52630   46.12842      91.50          9  0.000e+00
      39579   1649.083     50.560     50.985     7.7470     7.7114  34.040547  34.034720     7.7422     7.7066    32.8895    32.9169    25.6538    25.6804     5.7998     5.6960    176.714    173.546     1.7363     1.6276     0.0574     0.4097     3.3199     1.3932     0.0000 -124.52630   46.12842      91.50          9  0.000e+00
      39580   1649.125     50.540     50.965     7.7501     7.7118  34.041977  34.034906     7.7452     7.7070    32.8882    32.9167    25.6523    25.6801     5.8108     5.6960    177.047    173.544     1.7387     1.6276     0.0562     0.3792     3.3199     1.3944     0.0000 -124.52630   46.12842      91.55          9  0.000e+00
      39581   1649.167     50.560     50.985     7.7536     7.7122  34.042786  34.035217     7.7488     7.7074    32.8857    32.9167    25.6498    25.6800     5.8047     5.6959    176.863    173.543     1.7375     1.6276     0.0562     0.3792     3.3199     1.3944     0.0000 -124.52630   46.12842      91.55          9  0.000e+00
      43032   1792.958     40.434     40.773     8.6067     8.6111  34.466467  34.466347     8.6026     8.6070    32.5444    32.5402    25.2566    25.2527     5.4483     5.3586    166.069    163.335     1.6838     1.5836     0.0818     1.0202     3.3187     1.4127     0.0000 -124.52636   46.12834      99.41         10  0.000e+00
      43033   1793.000     40.480     40.820     8.6057     8.6104  34.467404  34.466223     8.6016     8.6062    32.5463    32.5407    25.2583    25.2532     5.4484     5.3588    166.072    163.339     1.6838     1.5836     0.0818     1.0202     3.3187     1.4127     0.0000 -124.52636   46.12834      99.41         10  0.000e+00
      43034   1793.042     40.434     40.773     8.6043     8.6096  34.467467  34.466535     8.6002     8.6054    32.5477    32.5418    25.2596    25.2542     5.4541     5.3588    166.244    163.339     1.6850     1.5836     0.0818     1.0202     3.3187     1.4127     0.0000 -124.52636   46.12834      99.41         10  0.000e+00
      43035   1793.083     40.481     40.820     8.6033     8.6088  34.467592  34.466973     8.5992     8.6047    32.5487    32.5430    25.2605    25.2552     5.4542     5.3528    166.247    163.157     1.6850     1.5824     0.0818     1.0202     3.3187     1.4127     0.0000 -124.52636   46.12834      99.41         10  0.000e+00
      43036   1793.125     40.434     40.773     8.6027     8.6070  34.467467  34.467722     8.5985     8.6028    32.5492    32.5455    25.2610    25.2574     5.4598     5.3590    166.418    163.346     1.6862     1.5836     0.0818     1.0202     3.3187     1.4127     0.0000 -124.52636   46.12834      99.41         10  0.000e+00
      43037   1793.167     40.534     40.874     8.6017     8.6053  34.467155  34.468660     8.5975     8.6012    32.5497    32.5479    25.2615    25.2596     5.4600     5.3592    166.423    163.351     1.6862     1.5836     0.0818     1.0202     3.3187     1.4127     0.0000 -124.52636   46.12834      99.41         10  0.000e+00
      43038   1793.208     40.481     40.820     8.6012     8.6044  34.466592  34.468660     8.5970     8.6002    32.5496    32.5488    25.2616    25.2605     5.4600     5.3593    166.424    163.353     1.6862     1.5836     0.0818     1.0202     3.3187     1.4139     0.0000 -124.52636   46.12834      99.41         10  0.000e+00
      43039   1793.250     40.481     40.820     8.6012     8.6038  34.466467  34.468347     8.5970     8.5997    32.5495    32.5490    25.2614    25.2607     5.4656     5.3593    166.594    163.355     1.6874     1.5836     0.0818     1.0202     3.3199     1.4127     0.0000 -124.52636   46.12834      99.41         10  0.000e+00
      43040   1793.292     40.534     40.874     8.6009     8.6034  34.466468  34.468722     8.5968     8.5993    32.5497    32.5497    25.2617    25.2613     5.4657     5.3655    166.596    163.541     1.6874     1.5849     0.0818     1.0202     3.3199     1.4127     0.0000 -124.52636   46.12834      99.41         10  0.000e+00
      43041   1793.333     40.534     40.874     8.6010     8.6030  34.466217  34.469347     8.5969     8.5989    32.5493    32.5507    25.2613    25.2622     5.4657     5.3655    166.596    163.542     1.6874     1.5849     0.0830     1.0507     3.3199     1.4139     0.0000 -124.52636   46.12834      99.41         10  0.000e+00
      43042   1793.375     40.580     40.920     8.6009     8.6019  34.466155  34.469722     8.5967     8.5978    32.5493    32.5522    25.2614    25.2634     5.4657     5.3595    166.597    163.361     1.6874     1.5836     0.0818     1.0202     3.3199     1.4127     0.0000 -124.52636   46.12834      99.41         10  0.000e+00
      43043   1793.417     40.580     40.920     8.6010     8.6006  34.465905  34.469597     8.5969     8.5965    32.5490    32.5532    25.2611    25.2645     5.4657     5.3657    166.597    163.549     1.6874     1.5849     0.0818     1.0202     3.3187     1.4139     0.0000 -124.52636   46.12834      99.41         10  0.000e+00
      43044   1793.458     40.580     40.920     8.6013     8.5996  34.466030  34.469035     8.5972     8.5955    32.5488    32.5535    25.2609    25.2649     5.4712     5.3658    166.765    163.553     1.6886     1.5849     0.0818     1.0202     3.3199     1.4139     0.0000 -124.52636   46.12834      99.41         10  0.000e+00
      43045   1793.500     40.633     40.974     8.6015     8.6000  34.465905  34.468911     8.5973     8.5958    32.5485    32.5531    25.2606    25.2645     5.4712     5.3659    166.766    163.553     1.6886     1.5849     0.0818     1.0202     3.3199     1.4139     0.0000 -124.52636   46.12834      99.41         10  0.000e+00
      43046   1793.542     40.633     40.974     8.6012     8.6004  34.465905  34.469098     8.5970     8.5963    32.5488    32.5528    25.2609    25.2642     5.4768     5.3658    166.937    163.552     1.6899     1.5849     0.0830     1.0507     3.3175     1.4127     0.0000 -124.52636   46.12834      99.41         10  0.000e+00
      43047   1793.583     40.620     40.961     8.6007     8.6009  34.466093  34.468723     8.5966     8.5968    32.5494    32.5520    25.2615    25.2634     5.4769     5.3658    166.937    163.550     1.6899     1.5849     0.0818     1.0202     3.3187     1.4127     0.0000 -124.52636   46.12834      99.41         10  0.000e+00
      43048   1793.625     40.633     40.974     8.6010     8.6014  34.465905  34.468598     8.5969     8.5973    32.5489    32.5514    25.2611    25.2629     5.4769     5.3657    166.937    163.549     1.6899     1.5849     0.0818     1.0202     3.3187     1.4127     0.0000 -124.52636   46.12834      99.41         10  0.000e+00
      43049   1793.667     40.679     41.021     8.6017     8.6019  34.465343  34.468348     8.5975     8.5978    32.5477    32.5507    25.2600    25.2623     5.4768     5.3657    166.937    163.549     1.6899     1.5849     0.0818     1.0202     3.3199     1.4139     0.0000 -124.52636   46.12834      99.41         10  0.000e+00
      43050   1793.708     40.679     41.021     8.6028     8.6029  34.464968  34.468286     8.5987     8.5987    32.5463    32.5497    25.2587    25.2614     5.4823     5.3656    167.104    163.547     1.6911     1.5849     0.0818     1.0202     3.3199     1.4139     0.0000 -124.52636   46.12834      99.41         10  0.000e+00
      43051   1793.750     40.679     41.021     8.6031     8.6039  34.464905  34.468473     8.5990     8.5997    32.5459    32.5490    25.2584    25.2607     5.4823     5.3716    167.103    163.728     1.6911     1.5861     0.0818     1.0202     3.3187     1.4127     0.0000 -124.52636   46.12834      99.41         10  0.000e+00
      43052   1793.792     40.726     41.068     8.6038     8.6052  34.464655  34.468785     8.5996     8.6010    32.5450    32.5481    25.2576    25.2598     5.4823     5.3715    167.102    163.725     1.6911     1.5861     0.0818     1.0202     3.3199     1.4127     0.0000 -124.52636   46.12834      99.41         10  0.000e+00
      43053   1793.833     40.726     41.068     8.6046     8.6055  34.465030  34.468660     8.6004     8.6013    32.5447    32.5477    25.2572    25.2594     5.4822     5.3714    167.100    163.724     1.6911     1.5861     0.0818     1.0202     3.3199     1.4139     0.0000 -124.52636   46.12834      99.41         10  0.000e+00
      43054   1793.875     40.779     41.121     8.6059     8.6055  34.464717  34.468348     8.6017     8.6014    32.5432    32.5473    25.2558    25.2591     5.4876     5.3715    167.267    163.726     1.6923     1.5861     0.0818     1.0202     3.3187     1.4127     0.0000 -124.52636   46.12834      99.41         10  0.000e+00
      43055   1793.917     40.779     41.121     8.6062     8.6056  34.464342  34.468036     8.6020     8.6015    32.5425    32.5468    25.2552    25.2587     5.4876     5.3715    167.267    163.726     1.6923     1.5861     0.0818     1.0202     3.3187     1.4127     0.0000 -124.52636   46.12834      99.41         10  0.000e+00
      43056   1793.958     40.779     41.121     8.6062     8.6055  34.464030  34.468411     8.6020     8.6014    32.5421    32.5473    25.2549    25.2591     5.4932     5.3715    167.436    163.726     1.6935     1.5861     0.0818     1.0202     3.3199     1.4127     0.0000 -124.52636   46.12834      99.41         10  0.000e+00
      43057   1794.000     40.779     41.121     8.6061     8.6053  34.463967  34.467848     8.6019     8.6011    32.5422    32.5470    25.2550    25.2589     5.4932     5.3715    167.437    163.727     1.6935     1.5861     0.0818     1.0202     3.3187     1.4139     0.0000 -124.52636   46.12834      99.41         10  0.000e+00
      43058   1794.042     40.825     41.168     8.6059     8.6050  34.463530  34.467849     8.6017     8.6009    32.5419    32.5472    25.2548    25.2591     5.4933     5.3776    167.439    163.914     1.6935     1.5873     0.0818     1.0202     3.3187     1.4127     0.0000 -124.52636   46.12834      99.41         10  0.000e+00
      43059   1794.083     40.878     41.221     8.6051     8.6042  34.463405  34.468411     8.6009     8.6001    32.5425    32.5485    25.2554    25.2602     5.4934     5.3777    167.442    163.916     1.6935     1.5873     0.0818     1.0202     3.3199     1.4139     0.0000 -124.52636   46.12834      99.41         10  0.000e+00
      43060   1794.125     40.878     41.221     8.6049     8.6038  34.463405  34.469036     8.6007     8.5997    32.5426    32.5495    25.2555    25.2611     5.4934     5.3778    167.443    163.917     1.6935     1.5873     0.0806     0.9897     3.3199     1.4127     0.0000 -124.52636   46.12834      99.41         10  0.000e+00
      43061   1794.167     40.878     41.221     8.6044     8.6034  34.463155  34.468724     8.6003     8.5992    32.5428    32.5496    25.2557    25.2612     5.4990     5.3778    167.614    163.918     1.6947     1.5873     0.0769     0.8981     3.3187     1.4127     0.0000 -124.52636   46.12834      99.41         10  0.000e+00
      43062   1794.208     40.925     41.268     8.6043     8.6029  34.463280  34.469036     8.6001     8.5987    32.5430    32.5504    25.2559    25.2619     5.4991     5.3779    167.615    163.920     1.6947     1.5873     0.0745     0.8370     3.3199     1.4127     0.0000 -124.52636   46.12834      99.41         10  0.000e+00
      43063   1794.250     40.878     41.221     8.6038     8.6026  34.462968  34.469411     8.5996     8.5984    32.5432    32.5511    25.2562    25.2625     5.4991     5.3779    167.616    163.920     1.6947     1.5873     0.0745     0.8370     3.3199     1.4127     0.0000 -124.52636   46.12834      99.41         10  0.000e+00
      43064   1794.292     40.971     41.315     8.6036     8.6024  34.462781  34.469723     8.5995     8.5982    32.5431    32.5515    25.2561    25.2629     5.4992     5.3840    167.619    164.107     1.6947     1.5885     0.0757     0.8676     3.3199     1.4127     0.0000 -124.52636   46.12834      99.41         10  0.000e+00
      43065   1794.333     40.971     41.315     8.6025     8.6016  34.463218  34.470036     8.5983     8.5974    32.5446    32.5526    25.2575    25.2639     5.4993     5.3841    167.622    164.109     1.6947     1.5885     0.0745     0.8370     3.3199     1.4127     0.0000 -124.52636   46.12834      99.41         10  0.000e+00
      43066   1794.375     40.971     41.315     8.6012     8.6011  34.464281  34.469911     8.5970     8.5969    32.5469    32.5529    25.2595    25.2642     5.5049     5.3841    167.793    164.110     1.6960     1.5885     0.0745     0.8370     3.3199     1.4127     0.0000 -124.52636   46.12834      99.41         10  0.000e+00
      43067   1794.417     40.971     41.315     8.5997     8.6008  34.465531  34.469849     8.5955     8.5966    32.5496    32.5532    25.2618    25.2644     5.5050     5.3842    167.796    164.111     1.6960     1.5885     0.0757     0.8676     3.3187     1.4127     0.0000 -124.52636   46.12834      99.41         10  0.000e+00
      43068   1794.458     41.070     41.415     8.5987     8.5998  34.466032  34.470036     8.5946     8.5956    32.5510    32.5542    25.2630    25.2654     5.5052     5.3843    167.800    164.116     1.6960     1.5885     0.0757     0.8676     3.3187     1.4127     0.0000 -124.52636   46.12834      99.41         10  0.000e+00
      43069   1794.500     41.024     41.368     8.5981     8.5986  34.466344  34.470161     8.5939     8.5945    32.5519    32.5554    25.2638    25.2665     5.5052     5.3905    167.801    164.303     1.6960     1.5897     0.0745     0.8370     3.3199     1.4127     0.0000 -124.52636   46.12834      99.41         10  0.000e+00
      43070   1794.542     41.024     41.368     8.5971     8.5982  34.466220  34.470849     8.5930     8.5940    32.5527    32.5566    25.2646    25.2675     5.5109     5.3844    167.973    164.119     1.6972     1.5885     0.0745     0.8370     3.3199     1.4127     0.0000 -124.52636   46.12834      99.41         10  0.000e+00
      43071   1794.583     41.117     41.462     8.5957     8.5978  34.466595  34.471286     8.5915     8.5936    32.5544    32.5573    25.2661    25.2681     5.5111     5.3906    167.979    164.306     1.6972     1.5897     0.0745     0.8370     3.3187     1.4127     0.0000 -124.52636   46.12834      99.41         10  0.000e+00
      43072   1794.625     41.070     41.415     8.5936     8.5973  34.467720  34.470661     8.5894     8.5931    32.5575    32.5571    25.2689    25.2681     5.5112     5.3906    167.982    164.307     1.6972     1.5897     0.0745     0.8370     3.3199     1.4127     0.0000 -124.52636   46.12834      99.41         10  0.000e+00
      43073   1794.667     41.117     41.462     8.5918     8.5972  34.468471  34.470662     8.5876     8.5930    32.5599    32.5573    25.2711    25.2682     5.5114     5.3907    167.987    164.309     1.6972     1.5897     0.0757     0.8676     3.3187     1.4127     0.0000 -124.52636   46.12834      99.41         10  0.000e+00
