WCOA/WCOA-6/CTD_Data/RB2102_CTD_047_01.ros
* Sea-Bird SBE 9 Data File:
* FileName = C:\Users\scs.user.rb\CTD\RB2102\Data\RB2102_CTD_047_01.hex
* Software Version Seasave V 7.26.7.107
* Temperature SN = 6202
* Conductivity SN = 4907
* Number of Bytes Per Scan = 41
* Number of Voltage Words = 4
* Number of Scans Averaged by the Deck Unit = 1
* NMEA Latitude = 44 39.12 N
* NMEA Longitude = 124 52.92 W
* NMEA UTC (Time) = Jul 03 2021  22:02:20
* NMEA baud rate = 4800
# nquan = 30
# nvalues = 972                                   
# units = specified
# name 0 = scan: Scan Count
# name 1 = timeS: Time, Elapsed [seconds]
# name 2 = depSM: Depth [salt water, m]
# name 3 = prDM: Pressure, Digiquartz [db]
# name 4 = t090C: Temperature [ITS-90, deg C]
# name 5 = t190C: Temperature, 2 [ITS-90, deg C]
# name 6 = c0mS/cm: Conductivity [mS/cm]
# name 7 = c1mS/cm: Conductivity, 2 [mS/cm]
# name 8 = potemp090C: Potential Temperature [ITS-90, deg C]
# name 9 = potemp190C: Potential Temperature, 2 [ITS-90, deg C]
# name 10 = sal00: Salinity, Practical [PSU]
# name 11 = sal11: Salinity, Practical, 2 [PSU]
# name 12 = sigma-é00: Density [sigma-theta, kg/m^3]
# name 13 = sigma-é11: Density, 2 [sigma-theta, kg/m^3]
# name 14 = sbeox0Mg/L: Oxygen, SBE 43 [mg/l]
# name 15 = sbeox1Mg/L: Oxygen, SBE 43, 2 [mg/l]
# name 16 = sbox0Mm/Kg: Oxygen, SBE 43 [umol/kg]
# name 17 = sbox1Mm/Kg: Oxygen, SBE 43, 2 [umol/kg]
# name 18 = sbeox0V: Oxygen raw, SBE 43 [V]
# name 19 = sbeox1V: Oxygen raw, SBE 43, 2 [V]
# name 20 = v4: Voltage 4
# name 21 = flECO-AFL: Fluorescence, WET Labs ECO-AFL/FL [mg/m^3]
# name 22 = v3: Voltage 3
# name 23 = v6: Voltage 6
# name 24 = v7: Voltage 7
# name 25 = longitude: Longitude [deg]
# name 26 = latitude: Latitude [deg]
# name 27 = altM: Altimeter [m]
# name 28 = nbf: Bottles Fired
# name 29 = flag:  0.000e+00
# interval = seconds: 0.0416667
# start_time = Jul 03 2021 22:02:20 [NMEA time, header]
# bad_flag = -9.990e-29
*END*
[from data line 49]
      26002   1083.375    425.797    429.714     6.2720     6.2703  33.989763  33.981241     6.2341     6.2324    34.0843    34.0765    26.7993    26.7933     1.5018     1.5880     45.707     48.332     0.7863     0.7937     0.0415     0.0129     3.2869     0.0000     0.0000 -124.88266   44.65190       8.03          2  0.000e+00
      26003   1083.417    425.804    429.721     6.2726     6.2676  33.990074  33.980123     6.2347     6.2297    34.0840    34.0780    26.7990    26.7948     1.5018     1.5881     45.706     48.335     0.7863     0.7937     0.0415     0.0129     3.2857     0.0000     0.0000 -124.88266   44.65190       8.03          2  0.000e+00
      26004   1083.458    425.750    429.667     6.2731     6.2650  33.989949  33.979378     6.2352     6.2271    34.0834    34.0797    26.7984    26.7965     1.5018     1.5882     45.706     48.337     0.7863     0.7937     0.0415     0.0129     3.2845     0.0000     0.0000 -124.88266   44.65190       8.01          2  0.000e+00
      26005   1083.500    425.857    429.775     6.2739     6.2630  33.990633  33.979254     6.2360     6.2251    34.0833    34.0815    26.7982    26.7982     1.4956     1.5883     45.519     48.340     0.7851     0.7937     0.0415     0.0129     3.2869     0.0000     0.0000 -124.88266   44.65190       8.01          2  0.000e+00
      26006   1083.542    425.750    429.667     6.2751     6.2616  33.992187  33.979689     6.2371     6.2238    34.0840    34.0834    26.7986    26.7999     1.5017     1.5883     45.703     48.340     0.7863     0.7937     0.0415     0.0129     3.2845     0.0000     0.0000 -124.88266   44.65190       8.01          2  0.000e+00
      26007   1083.583    425.804    429.721     6.2774     6.2609  33.994053  33.979814     6.2395     6.2230    34.0837    34.0843    26.7981    26.8007     1.5016     1.5884     45.701     48.341     0.7863     0.7937     0.0415     0.0129     3.2869     0.0000     0.0000 -124.88266   44.65190       8.01          2  0.000e+00
      26008   1083.625    425.797    429.714     6.2798     6.2605  33.995856  33.979627     6.2419     6.2226    34.0833    34.0845    26.7974    26.8009     1.5015     1.5884     45.698     48.341     0.7863     0.7937     0.0415     0.0129     3.2857     0.0000     0.0000 -124.88266   44.65190       8.01          2  0.000e+00
      26009   1083.667    425.750    429.667     6.2824     6.2601  33.997721  33.979565     6.2444     6.2222    34.0828    34.0848    26.7968    26.8012     1.4953     1.5817     45.509     48.138     0.7851     0.7924     0.0415     0.0129     3.2869     0.0000     0.0000 -124.88266   44.65190       8.01          2  0.000e+00
      26010   1083.708    425.757    429.674     6.2840     6.2599  33.998777  33.979751     6.2460     6.2220    34.0824    34.0853    26.7962    26.8016     1.4952     1.5884     45.507     48.342     0.7851     0.7937     0.0415     0.0129     3.2845     0.0000     0.0000 -124.88266   44.65190       8.01          2  0.000e+00
      26011   1083.750    425.750    429.667     6.2856     6.2599  33.999275  33.980310     6.2476     6.2220    34.0814    34.0859    26.7952    26.8021     1.4952     1.5884     45.506     48.341     0.7851     0.7937     0.0415     0.0129     3.2845     0.0000     0.0000 -124.88266   44.65190       8.01          2  0.000e+00
      26012   1083.792    425.757    429.674     6.2866     6.2603  33.999586  33.982485     6.2486     6.2224    34.0808    34.0879    26.7946    26.8036     1.5013     1.5883     45.691     48.340     0.7863     0.7937     0.0415     0.0129     3.2845     0.0000     0.0000 -124.88268   44.65190       8.01          2  0.000e+00
      26013   1083.833    425.750    429.667     6.2873     6.2626  33.999896  33.986398     6.2494     6.2247    34.0803    34.0899    26.7942    26.8049     1.5013     1.5815     45.691     48.133     0.7863     0.7924     0.0415     0.0129     3.2845     0.0000     0.0000 -124.88268   44.65190       8.01          2  0.000e+00
      26014   1083.875    425.757    429.674     6.2880     6.2657  34.000705  33.988821     6.2500     6.2278    34.0805    34.0896    26.7942    26.8043     1.4951     1.5881     45.504     48.333     0.7851     0.7937     0.0415     0.0129     3.2869     0.0000     0.0000 -124.88268   44.65190       8.01          2  0.000e+00
      26015   1083.917    425.697    429.613     6.2887     6.2679  34.000704  33.989752     6.2507     6.2300    34.0800    34.0884    26.7937    26.8030     1.5012     1.5880     45.689     48.330     0.7863     0.7937     0.0415     0.0129     3.2869     0.0000     0.0000 -124.88268   44.65190       8.01          2  0.000e+00
      26016   1083.958    425.704    429.620     6.2889     6.2687  34.000829  33.987578     6.2510     6.2307    34.0798    34.0853    26.7935    26.8004     1.5012     1.5813     45.689     48.127     0.7863     0.7924     0.0415     0.0129     3.2869     0.0000     0.0000 -124.88268   44.65190       8.01          2  0.000e+00
      26017   1084.000    425.697    429.613     6.2891     6.2671  34.001140  33.984534     6.2512     6.2292    34.0800    34.0834    26.7936    26.7992     1.5012     1.5814     45.688     48.129     0.7863     0.7924     0.0415     0.0129     3.2869     0.0000     0.0000 -124.88268   44.65190       7.99          2  0.000e+00
      26018   1084.042    425.697    429.613     6.2893     6.2653  34.000767  33.983105     6.2513     6.2274    34.0794    34.0836    26.7932    26.7996     1.4951     1.5815     45.502     48.131     0.7851     0.7924     0.0415     0.0129     3.2869     0.0000     0.0000 -124.88268   44.65190       8.01          2  0.000e+00
      26019   1084.083    425.657    429.573     6.2888     6.2655  34.000393  33.984472     6.2508     6.2276    34.0795    34.0850    26.7933    26.8006     1.4951     1.5881     45.502     48.334     0.7851     0.7937     0.0415     0.0129     3.2857     0.0000     0.0000 -124.88268   44.65190       7.99          2  0.000e+00
      26020   1084.125    425.697    429.613     6.2878     6.2668  33.999585  33.986336     6.2499     6.2288    34.0795    34.0858    26.7935    26.8011     1.4951     1.5814     45.504     48.129     0.7851     0.7924     0.0415     0.0129     3.2857     0.0000     0.0000 -124.88268   44.65190       8.01          2  0.000e+00
      26021   1084.167    425.611    429.526     6.2871     6.2681  33.999088  33.986646     6.2491     6.2302    34.0798    34.0849    26.7938    26.8002     1.4951     1.5813     45.504     48.127     0.7851     0.7924     0.0415     0.0129     3.2845     0.0000     0.0000 -124.88268   44.65190       8.01          2  0.000e+00
      26022   1084.208    425.651    429.566     6.2866     6.2689  33.998839  33.987019     6.2486     6.2309    34.0800    34.0845    26.7940    26.7998     1.4951     1.5813     45.505     48.126     0.7851     0.7924     0.0415     0.0129     3.2869     0.0000     0.0000 -124.88268   44.65190       8.06          2  0.000e+00
      26023   1084.250    425.611    429.526     6.2864     6.2697  33.999025  33.987391     6.2484     6.2318    34.0804    34.0841    26.7943    26.7994     1.5013     1.5813     45.691     48.125     0.7863     0.7924     0.0415     0.0129     3.2869     0.0000     0.0000 -124.88268   44.65190       8.08          2  0.000e+00
      26024   1084.292    425.604    429.519     6.2867     6.2701  33.999709  33.987453     6.2488     6.2322    34.0808    34.0837    26.7946    26.7990     1.4951     1.5812     45.504     48.125     0.7851     0.7924     0.0415     0.0129     3.2845     0.0000     0.0000 -124.88268   44.65190       8.08          2  0.000e+00
      26025   1084.333    425.611    429.526     6.2884     6.2702  34.001637  33.987267     6.2504     6.2323    34.0813    34.0834    26.7948    26.7988     1.4951     1.5812     45.502     48.125     0.7851     0.7924     0.0415     0.0129     3.2857     0.0000     0.0000 -124.88268   44.65190       8.08          2  0.000e+00
      26026   1084.375    425.551    429.465     6.2901     6.2700  34.002818  33.986459     6.2521     6.2321    34.0809    34.0828    26.7943    26.7983     1.4950     1.5812     45.500     48.125     0.7851     0.7924     0.0415     0.0129     3.2845     0.0000     0.0000 -124.88268   44.65190       8.08          2  0.000e+00
      26027   1084.417    425.551    429.465     6.2912     6.2694  34.003502  33.986273     6.2532     6.2314    34.0806    34.0832    26.7939    26.7987     1.4949     1.5746     45.499     47.922     0.7851     0.7912     0.0415     0.0129     3.2857     0.0000     0.0000 -124.88268   44.65190       8.08          2  0.000e+00
      26028   1084.458    425.511    429.425     6.2926     6.2690  34.004061  33.986459     6.2546     6.2311    34.0798    34.0838    26.7931    26.7992     1.4949     1.5813     45.497     48.126     0.7851     0.7924     0.0415     0.0129     3.2869     0.0000     0.0000 -124.88268   44.65190       8.11          2  0.000e+00
      26029   1084.500    425.551    429.465     6.2926     6.2689  34.003564  33.986335     6.2546     6.2310    34.0793    34.0838    26.7926    26.7992     1.4949     1.5813     45.498     48.126     0.7851     0.7924     0.0415     0.0129     3.2869     0.0000     0.0000 -124.88268   44.65190       8.13          2  0.000e+00
      26030   1084.542    425.457    429.371     6.2912     6.2687  34.002009  33.986707     6.2532     6.2308    34.0790    34.0844    26.7926    26.7997     1.4949     1.5813     45.499     48.125     0.7851     0.7924     0.0415     0.0129     3.2869     0.0000     0.0000 -124.88268   44.65190       8.13          2  0.000e+00
      26031   1084.583    425.504    429.418     6.2896     6.2692  34.000828  33.986645     6.2517     6.2313    34.0792    34.0838    26.7930    26.7992     1.4950     1.5813     45.501     48.125     0.7851     0.7924     0.0415     0.0129     3.2857     0.0000     0.0000 -124.88268   44.65190       8.13          2  0.000e+00
      26032   1084.625    425.457    429.371     6.2887     6.2692  34.000579  33.986583     6.2507     6.2313    34.0799    34.0837    26.7937    26.7992     1.4950     1.5813     45.501     48.125     0.7851     0.7924     0.0415     0.0129     3.2857     0.0000     0.0000 -124.88268   44.65190       8.13          2  0.000e+00
      26033   1084.667    425.404    429.317     6.2887     6.2695  34.001077  33.986956     6.2507     6.2316    34.0805    34.0839    26.7941    26.7992     1.4950     1.5745     45.501     47.921     0.7851     0.7912     0.0403    -0.0177     3.2857     0.0000     0.0000 -124.88268   44.65190       8.16          2  0.000e+00
      26034   1084.708    425.411    429.324     6.2896     6.2695  34.002382  33.986210     6.2517     6.2316    34.0810    34.0830    26.7944    26.7986     1.4950     1.5745     45.500     47.921     0.7851     0.7912     0.0403    -0.0177     3.2869     0.0000     0.0000 -124.88268   44.65190       8.25          2  0.000e+00
      26035   1084.750    425.351    429.263     6.2914     6.2690  34.003874  33.986148     6.2534     6.2311    34.0810    34.0835    26.7941    26.7990     1.4949     1.5746     45.497     47.921     0.7851     0.7912     0.0403    -0.0177     3.2869     0.0000     0.0000 -124.88268   44.65190       8.28          2  0.000e+00
      26036   1084.792    425.351    429.263     6.2930     6.2702  34.004994  33.987825     6.2550     6.2323    34.0806    34.0842    26.7936    26.7994     1.4948     1.5745     45.495     47.919     0.7851     0.7912     0.0403    -0.0177     3.2869     0.0000     0.0000 -124.88268   44.65190       8.28          2  0.000e+00
      26037   1084.833    425.357    429.270     6.2941     6.2724  34.005678  33.990186     6.2561     6.2345    34.0803    34.0846    26.7932    26.7995     1.4948     1.5811     45.494     48.120     0.7851     0.7924     0.0403    -0.0177     3.2857     0.0000     0.0000 -124.88268   44.65190       8.25          2  0.000e+00
      26038   1084.875    425.304    429.216     6.2952     6.2758  34.006299  33.992670     6.2572     6.2379    34.0799    34.0840    26.7928    26.7986     1.4948     1.5809     45.493     48.116     0.7851     0.7924     0.0403    -0.0177     3.2869     0.0000     0.0000 -124.88268   44.65190       8.25          2  0.000e+00
      26039   1084.917    425.258    429.169     6.2960     6.2787  34.006423  33.994658     6.2580     6.2408    34.0792    34.0833    26.7921    26.7976     1.4947     1.5741     45.492     47.909     0.7851     0.7912     0.0403    -0.0177     3.2857     0.0000     0.0000 -124.88268   44.65190       8.30          2  0.000e+00
      26040   1084.958    425.251    429.162     6.2965     6.2814  34.006610  33.996211     6.2585     6.2435    34.0789    34.0824    26.7919    26.7965     1.4947     1.5740     45.491     47.906     0.7851     0.7912     0.0403    -0.0177     3.2857     0.0000     0.0000 -124.88268   44.65190       8.40          2  0.000e+00
      26041   1085.000    425.258    429.169     6.2970     6.2837  34.007169  33.997329     6.2590     6.2458    34.0791    34.0814    26.7919    26.7954     1.4947     1.5740     45.491     47.903     0.7851     0.7912     0.0403    -0.0177     3.2857     0.0000     0.0000 -124.88268   44.65190       8.45          2  0.000e+00
      26042   1085.042    425.158    429.068     6.2973     6.2856  34.007356  33.998509     6.2593     6.2477    34.0790    34.0808    26.7919    26.7948     1.4947     1.5739     45.490     47.900     0.7851     0.7912     0.0403    -0.0177     3.2869     0.0000     0.0000 -124.88268   44.65190       8.45          2  0.000e+00
      26043   1085.083    425.204    429.115     6.2975     6.2867  34.007542  33.998820     6.2595     6.2488    34.0790    34.0800    26.7918    26.7940     1.4885     1.5738     45.304     47.899     0.7839     0.7912     0.0403    -0.0177     3.2857     0.0000     0.0000 -124.88268   44.65190       8.45          2  0.000e+00
      26044   1085.125    425.164    429.075     6.2981     6.2875  34.007853  33.999379     6.2601     6.2495    34.0788    34.0799    26.7915    26.7938     1.4946     1.5738     45.489     47.898     0.7851     0.7912     0.0403    -0.0177     3.2857     0.0000     0.0000 -124.88268   44.65190       8.45          2  0.000e+00
      26045   1085.167    425.158    429.068     6.2986     6.2881  34.008164  34.000125     6.2606     6.2502    34.0786    34.0801    26.7914    26.7938     1.4885     1.5738     45.302     47.897     0.7839     0.7912     0.0403    -0.0177     3.2857     0.0000     0.0000 -124.88268   44.65190       8.47          2  0.000e+00
      26046   1085.208    425.064    428.974     6.2989     6.2893  34.008288  34.001926     6.2609     6.2513    34.0785    34.0810    26.7912    26.7944     1.4946     1.5737     45.488     47.895     0.7851     0.7912     0.0403    -0.0177     3.2857     0.0000     0.0000 -124.88268   44.65190       8.52          2  0.000e+00
      26047   1085.250    425.104    429.014     6.2993     6.2906  34.008661  34.003107     6.2614     6.2527    34.0784    34.0810    26.7911    26.7942     1.4885     1.5736     45.301     47.894     0.7839     0.7912     0.0415     0.0129     3.2857     0.0000     0.0000 -124.88268   44.65190       8.55          2  0.000e+00
      26048   1085.292    425.011    428.920     6.2997     6.2924  34.009345  34.003728     6.2617     6.2544    34.0789    34.0800    26.7914    26.7932     1.4884     1.5736     45.300     47.891     0.7839     0.7912     0.0403    -0.0177     3.2857     0.0000     0.0000 -124.88268   44.65190       8.55          2  0.000e+00
