WCOA/WCOA-6/CTD_Data/RB2102_CTD_060_01.ros
* Sea-Bird SBE 9 Data File:
* FileName = C:\Users\scs.user.rb\CTD\RB2102\Data\RB2102_CTD_060_01.hex
* Software Version Seasave V 7.26.7.107
* Temperature SN = 6202
* Conductivity SN = 4907
* Number of Bytes Per Scan = 41
* Number of Voltage Words = 4
* Number of Scans Averaged by the Deck Unit = 1
* NMEA Latitude = 41 43.01 N
* NMEA Longitude = 125 39.36 W
* NMEA UTC (Time) = Jul 06 2021  03:01:18
* NMEA baud rate = 4800
# nquan = 30
# nvalues = 1176                                  
# units = specified
# name 0 = scan: Scan Count
# name 1 = timeS: Time, Elapsed [seconds]
# name 2 = depSM: Depth [salt water, m]
# name 3 = prDM: Pressure, Digiquartz [db]
# name 4 = t090C: Temperature [ITS-90, deg C]
# name 5 = t190C: Temperature, 2 [ITS-90, deg C]
# name 6 = c0mS/cm: Conductivity [mS/cm]
# name 7 = c1mS/cm: Conductivity, 2 [mS/cm]
# name 8 = potemp090C: Potential Temperature [ITS-90, deg C]
# name 9 = potemp190C: Potential Temperature, 2 [ITS-90, deg C]
# name 10 = sal00: Salinity, Practical [PSU]
# name 11 = sal11: Salinity, Practical, 2 [PSU]
# name 12 = sigma-é00: Density [sigma-theta, kg/m^3]
# name 13 = sigma-é11: Density, 2 [sigma-theta, kg/m^3]
# name 14 = sbeox0Mg/L: Oxygen, SBE 43 [mg/l]
# name 15 = sbeox1Mg/L: Oxygen, SBE 43, 2 [mg/l]
# name 16 = sbox0Mm/Kg: Oxygen, SBE 43 [umol/kg]
# name 17 = sbox1Mm/Kg: Oxygen, SBE 43, 2 [umol/kg]
# name 18 = sbeox0V: Oxygen raw, SBE 43 [V]
# name 19 = sbeox1V: Oxygen raw, SBE 43, 2 [V]
# name 20 = v4: Voltage 4
# name 21 = flECO-AFL: Fluorescence, WET Labs ECO-AFL/FL [mg/m^3]
# name 22 = v3: Voltage 3
# name 23 = v6: Voltage 6
# name 24 = v7: Voltage 7
# name 25 = longitude: Longitude [deg]
# name 26 = latitude: Latitude [deg]
# name 27 = altM: Altimeter [m]
# name 28 = nbf: Bottles Fired
# name 29 = flag:  0.000e+00
# interval = seconds: 0.0416667
# start_time = Jul 06 2021 03:01:18 [NMEA time, header]
# bad_flag = -9.990e-29
*END*
[from data line 532]
     204017   8500.667    198.955    200.620     8.0194     8.0248  35.254507  35.268562     7.9994     8.0047    33.8584    33.8682    26.3773    26.3843     3.9315     4.0520    119.703    123.372     1.3284     1.2991     0.0403    -0.0177     3.1600     0.0000     0.0000 -125.65836   41.71692      99.66         11  0.000e+00
     204018   8500.708    198.982    200.647     8.0194     8.0246  35.254444  35.268562     7.9994     8.0046    33.8583    33.8683    26.3773    26.3844     3.9315     4.0520    119.703    123.373     1.3284     1.2991     0.0403    -0.0177     3.1612     0.0000     0.0000 -125.65836   41.71692      99.66         11  0.000e+00
     204019   8500.750    198.982    200.647     8.0194     8.0248  35.253939  35.268751     7.9994     8.0047    33.8577    33.8684    26.3768    26.3844     3.9315     4.0458    119.704    123.183     1.3284     1.2979     0.0403    -0.0177     3.1612     0.0000     0.0000 -125.65836   41.71692      99.66         11  0.000e+00
     204020   8500.792    198.882    200.547     8.0194     8.0248  35.253308  35.268624     7.9994     8.0048    33.8571    33.8683    26.3764    26.3844     3.9315     4.0458    119.703    123.182     1.3284     1.2979     0.0403    -0.0177     3.1612     0.0000     0.0000 -125.65838   41.71692      99.66         11  0.000e+00
     204021   8500.833    198.955    200.620     8.0193     8.0246  35.253182  35.267805     7.9993     8.0046    33.8571    33.8675    26.3763    26.3838     3.9315     4.0458    119.704    123.184     1.3284     1.2979     0.0403    -0.0177     3.1612     0.0000     0.0000 -125.65838   41.71692      99.66         11  0.000e+00
     204022   8500.875    198.882    200.547     8.0190     8.0244  35.253182  35.266418     7.9990     8.0044    33.8574    33.8663    26.3766    26.3828     3.9315     4.0458    119.704    123.185     1.3284     1.2979     0.0403    -0.0177     3.1612     0.0000     0.0000 -125.65838   41.71692      99.66         11  0.000e+00
     204023   8500.917    198.882    200.547     8.0193     8.0241  35.252678  35.265095     7.9993     8.0041    33.8566    33.8652    26.3759    26.3820     3.9258     4.0459    119.530    123.186     1.3272     1.2979     0.0415     0.0129     3.1612     0.0000     0.0000 -125.65838   41.71692      99.66         11  0.000e+00
     208960   8706.625    149.988    151.225     8.2312     8.2320  35.037188  35.038286     8.2161     8.2168    33.4471    33.4476    26.0224    26.0226     5.4975     5.5585    167.442    169.299     1.6740     1.6044     0.0403    -0.0177     3.1600     0.0000     0.0000 -125.65842   41.71692      99.44         12  0.000e+00
     208961   8706.667    150.075    151.312     8.2313     8.2318  35.036999  35.038224     8.2161     8.2166    33.4468    33.4476    26.0221    26.0227     5.4975     5.5585    167.444    169.301     1.6740     1.6044     0.0403    -0.0177     3.1600     0.0000     0.0000 -125.65842   41.71692      99.44         12  0.000e+00
     208962   8706.708    150.088    151.326     8.2313     8.2317  35.037566  35.038161     8.2161     8.2165    33.4474    33.4477    26.0226    26.0227     5.4975     5.5524    167.443    169.114     1.6740     1.6032     0.0403    -0.0177     3.1600     0.0000     0.0000 -125.65842   41.71692      99.44         12  0.000e+00
     208963   8706.750    150.028    151.266     8.2314     8.2318  35.037377  35.038349     8.2162     8.2166    33.4471    33.4477    26.0224    26.0228     5.4918     5.5585    167.270    169.300     1.6728     1.6044     0.0403    -0.0177     3.1600     0.0000     0.0000 -125.65842   41.71692      99.44         12  0.000e+00
     208964   8706.792    150.035    151.272     8.2313     8.2318  35.036936  35.038224     8.2161     8.2166    33.4467    33.4476    26.0221    26.0227     5.4919     5.5524    167.271    169.113     1.6728     1.6032     0.0403    -0.0177     3.1612     0.0000     0.0000 -125.65840   41.71690      99.44         12  0.000e+00
     208965   8706.833    150.035    151.272     8.2315     8.2318  35.037377  35.037909     8.2163     8.2166    33.4470    33.4473    26.0223    26.0224     5.4918     5.5462    167.269    168.925     1.6728     1.6020     0.0403    -0.0177     3.1612     0.0000     0.0000 -125.65840   41.71690      99.44         12  0.000e+00
     208966   8706.875    150.075    151.312     8.2312     8.2317  35.037314  35.038035     8.2161     8.2165    33.4472    33.4475    26.0224    26.0226     5.4919     5.5524    167.271    169.114     1.6728     1.6032     0.0403    -0.0177     3.1600     0.0000     0.0000 -125.65840   41.71690      99.44         12  0.000e+00
     208967   8706.917    150.035    151.272     8.2313     8.2318  35.037188  35.038161     8.2161     8.2166    33.4470    33.4475    26.0223    26.0226     5.4919     5.5462    167.270    168.925     1.6728     1.6020     0.0403    -0.0177     3.1600     0.0000     0.0000 -125.65840   41.71690      99.44         12  0.000e+00
     208968   8706.958    150.028    151.266     8.2315     8.2317  35.037439  35.037909     8.2163     8.2165    33.4471    33.4474    26.0223    26.0226     5.4975     5.5524    167.441    169.113     1.6740     1.6032     0.0403    -0.0177     3.1600     0.0000     0.0000 -125.65840   41.71690      99.44         12  0.000e+00
     208969   8707.000    150.088    151.326     8.2316     8.2317  35.036999  35.038287     8.2164     8.2165    33.4465    33.4478    26.0219    26.0229     5.4975     5.5462    167.443    168.926     1.6740     1.6020     0.0403    -0.0177     3.1600     0.0000     0.0000 -125.65840   41.71690      99.44         12  0.000e+00
     208970   8707.042    150.075    151.312     8.2315     8.2318  35.037377  35.038475     8.2163     8.2166    33.4470    33.4479    26.0223    26.0229     5.4975     5.5462    167.443    168.925     1.6740     1.6020     0.0403    -0.0177     3.1612     0.0000     0.0000 -125.65840   41.71690      99.44         12  0.000e+00
     208971   8707.083    150.035    151.272     8.2316     8.2317  35.037502  35.037972     8.2164     8.2165    33.4470    33.4475    26.0223    26.0226     5.4918     5.5524    167.269    169.113     1.6728     1.6032     0.0403    -0.0177     3.1600     0.0000     0.0000 -125.65840   41.71690      99.44         12  0.000e+00
     208972   8707.125    150.035    151.272     8.2312     8.2317  35.037314  35.038035     8.2161     8.2165    33.4472    33.4475    26.0225    26.0227     5.4919     5.5462    167.270    168.926     1.6728     1.6020     0.0403    -0.0177     3.1600     0.0000     0.0000 -125.65840   41.71690      99.44         12  0.000e+00
     208973   8707.167    150.075    151.312     8.2313     8.2317  35.037251  35.037909     8.2161     8.2165    33.4471    33.4474    26.0223    26.0225     5.4975     5.5401    167.443    168.739     1.6740     1.6007     0.0403    -0.0177     3.1600     0.0000     0.0000 -125.65840   41.71690      99.44         12  0.000e+00
     208974   8707.208    150.035    151.272     8.2315     8.2317  35.037188  35.038035     8.2163     8.2165    33.4468    33.4475    26.0221    26.0227     5.4918     5.5400    167.270    168.738     1.6728     1.6007     0.0403    -0.0177     3.1600     0.0000     0.0000 -125.65840   41.71690      99.44         12  0.000e+00
     208975   8707.250    150.028    151.266     8.2314     8.2318  35.037188  35.037846     8.2162     8.2166    33.4469    33.4472    26.0222    26.0224     5.4918     5.5400    167.270    168.737     1.6728     1.6007     0.0403    -0.0177     3.1587     0.0000     0.0000 -125.65840   41.71690      99.44         12  0.000e+00
     208976   8707.292    150.088    151.326     8.2315     8.2315  35.037880  35.038035     8.2163     8.2163    33.4475    33.4477    26.0227    26.0228     5.4975     5.5401    167.442    168.739     1.6740     1.6007     0.0403    -0.0177     3.1612     0.0000     0.0000 -125.65840   41.71690      99.44         12  0.000e+00
     208977   8707.333    150.035    151.272     8.2316     8.2315  35.037439  35.038349     8.2164     8.2163    33.4470    33.4481    26.0222    26.0231     5.4918     5.5400    167.269    168.738     1.6728     1.6007     0.0403    -0.0177     3.1600     0.0000     0.0000 -125.65840   41.71690      99.44         12  0.000e+00
     208978   8707.375    150.075    151.312     8.2314     8.2318  35.037188  35.038664     8.2162     8.2166    33.4469    33.4481    26.0222    26.0230     5.4919     5.5339    167.271    168.550     1.6728     1.5995     0.0403    -0.0177     3.1587     0.0000     0.0000 -125.65840   41.71690      99.44         12  0.000e+00
     208979   8707.417    150.088    151.326     8.2313     8.2315  35.037440  35.038538     8.2161     8.2163    33.4473    33.4482    26.0225    26.0232     5.4975     5.5401    167.443    168.739     1.6740     1.6007     0.0403    -0.0177     3.1600     0.0000     0.0000 -125.65840   41.71690      99.44         12  0.000e+00
     208980   8707.458    150.028    151.266     8.2313     8.2317  35.037565  35.038224     8.2161     8.2165    33.4474    33.4477    26.0226    26.0228     5.4975     5.5339    167.442    168.549     1.6740     1.5995     0.0403    -0.0177     3.1600     0.0000     0.0000 -125.65840   41.71690      99.44         12  0.000e+00
     208981   8707.500    150.088    151.326     8.2314     8.2318  35.037503  35.038161     8.2162     8.2166    33.4472    33.4475    26.0225    26.0226     5.4975     5.5339    167.443    168.550     1.6740     1.5995     0.0403    -0.0177     3.1600     0.0000     0.0000 -125.65840   41.71690      99.44         12  0.000e+00
     208982   8707.542    150.075    151.312     8.2316     8.2317  35.037314  35.038349     8.2164     8.2165    33.4468    33.4479    26.0221    26.0229     5.4975     5.5339    167.442    168.550     1.6740     1.5995     0.0403    -0.0177     3.1612     0.0000     0.0000 -125.65840   41.71690      99.44         12  0.000e+00
     208983   8707.583    150.035    151.272     8.2311     8.2320  35.037440  35.038664     8.2160     8.2168    33.4474    33.4479    26.0226    26.0229     5.4975     5.5338    167.443    168.548     1.6740     1.5995     0.0403    -0.0177     3.1600     0.0000     0.0000 -125.65840   41.71690      99.44         12  0.000e+00
     208984   8707.625    150.088    151.326     8.2314     8.2320  35.037314  35.038287     8.2162     8.2168    33.4470    33.4475    26.0223    26.0226     5.4919     5.5339    167.271    168.550     1.6728     1.5995     0.0403    -0.0177     3.1600     0.0000     0.0000 -125.65840   41.71690      99.44         12  0.000e+00
     208985   8707.667    150.075    151.312     8.2316     8.2320  35.037440  35.038161     8.2164     8.2168    33.4469    33.4474    26.0222    26.0225     5.4918     5.5339    167.270    168.550     1.6728     1.5995     0.0403    -0.0177     3.1600     0.0000     0.0000 -125.65840   41.71690      99.44         12  0.000e+00
     208986   8707.708    150.088    151.326     8.2315     8.2317  35.037314  35.038601     8.2163     8.2165    33.4469    33.4481    26.0222    26.0231     5.4919     5.5339    167.271    168.550     1.6728     1.5995     0.0403    -0.0177     3.1612     0.0000     0.0000 -125.65840   41.71690      99.44         12  0.000e+00
     208987   8707.750    150.075    151.312     8.2316     8.2318  35.037251  35.038287     8.2164     8.2166    33.4468    33.4477    26.0221    26.0227     5.4919     5.5277    167.270    168.362     1.6728     1.5983     0.0415     0.0129     3.1612     0.0000     0.0000 -125.65840   41.71690      99.44         12  0.000e+00
     208988   8707.792    150.088    151.326     8.2313     8.2320  35.037440  35.038161     8.2161     8.2168    33.4473    33.4474    26.0225    26.0225     5.4919     5.5277    167.271    168.362     1.6728     1.5983     0.0403    -0.0177     3.1600     0.0000     0.0000 -125.65840   41.71690      99.44         12  0.000e+00
     208989   8707.833    150.134    151.373     8.2313     8.2320  35.037503  35.038350     8.2161     8.2168    33.4473    33.4476    26.0225    26.0226     5.4919     5.5277    167.272    168.363     1.6728     1.5983     0.0403    -0.0177     3.1600     0.0000     0.0000 -125.65840   41.71690      99.44         12  0.000e+00
     208990   8707.875    150.075    151.312     8.2312     8.2317  35.037754  35.038475     8.2161     8.2165    33.4476    33.4480    26.0228    26.0230     5.4919     5.5277    167.271    168.362     1.6728     1.5983     0.0403    -0.0177     3.1600     0.0000     0.0000 -125.65840   41.71690      99.44         12  0.000e+00
     208991   8707.917    150.134    151.373     8.2313     8.2320  35.037629  35.038475     8.2161     8.2168    33.4474    33.4477    26.0226    26.0227     5.4919     5.5277    167.272    168.363     1.6728     1.5983     0.0403    -0.0177     3.1600     0.0000     0.0000 -125.65840   41.71690      99.44         12  0.000e+00
     208992   8707.958    150.028    151.266     8.2315     8.2320  35.037754  35.038223     8.2163     8.2168    33.4474    33.4475    26.0226    26.0226     5.4918     5.5277    167.269    168.361     1.6728     1.5983     0.0403    -0.0177     3.1612     0.0000     0.0000 -125.65840   41.71690      99.44         12  0.000e+00
     208993   8708.000    150.134    151.373     8.2314     8.2318  35.037125  35.038161     8.2162     8.2166    33.4468    33.4475    26.0221    26.0226     5.4919     5.5278    167.272    168.364     1.6728     1.5983     0.0403    -0.0177     3.1612     0.0000     0.0000 -125.65840   41.71690      99.44         12  0.000e+00
     208994   8708.042    150.134    151.373     8.2315     8.2317  35.037377  35.038350     8.2163     8.2165    33.4470    33.4478    26.0223    26.0229     5.4919     5.5278    167.272    168.364     1.6728     1.5983     0.0403    -0.0177     3.1612     0.0000     0.0000 -125.65840   41.71690      99.44         12  0.000e+00
     208995   8708.083    150.121    151.359     8.2309     8.2317  35.037503  35.038224     8.2158     8.2165    33.4476    33.4477    26.0228    26.0228     5.4919     5.5278    167.273    168.364     1.6728     1.5983     0.0403    -0.0177     3.1612     0.0000     0.0000 -125.65840   41.71690      99.44         12  0.000e+00
     208996   8708.125    150.088    151.326     8.2312     8.2318  35.037314  35.038349     8.2161     8.2166    33.4472    33.4477    26.0224    26.0228     5.4919     5.5216    167.271    168.175     1.6728     1.5971     0.0403    -0.0177     3.1612     0.0000     0.0000 -125.65840   41.71690      99.44         12  0.000e+00
     208997   8708.167    150.174    151.413     8.2311     8.2318  35.037629  35.038224     8.2159     8.2166    33.4475    33.4475    26.0227    26.0226     5.4920     5.5216    167.273    168.177     1.6728     1.5971     0.0403    -0.0177     3.1600     0.0000     0.0000 -125.65840   41.71690      99.44         12  0.000e+00
     208998   8708.208    150.134    151.373     8.2313     8.2317  35.037377  35.038161     8.2161     8.2165    33.4472    33.4476    26.0224    26.0227     5.4863     5.5216    167.100    168.176     1.6716     1.5971     0.0403    -0.0177     3.1600     0.0000     0.0000 -125.65840   41.71690      99.44         12  0.000e+00
     208999   8708.250    150.174    151.413     8.2314     8.2320  35.037880  35.038161     8.2162     8.2168    33.4476    33.4473    26.0227    26.0225     5.4863     5.5216    167.100    168.176     1.6716     1.5971     0.0403    -0.0177     3.1612     0.0000     0.0000 -125.65840   41.71690      99.44         12  0.000e+00
     209000   8708.292    150.134    151.373     8.2311     8.2318  35.037440  35.038350     8.2160     8.2166    33.4474    33.4477    26.0226    26.0228     5.4919     5.5216    167.272    168.176     1.6728     1.5971     0.0403    -0.0177     3.1600     0.0000     0.0000 -125.65840   41.71690      99.44         12  0.000e+00
