WCOA/WCOA-6/CTD_Data/RB2102_CTD_101_01.ros
* Sea-Bird SBE 9 Data File:
* FileName = C:\Users\scs.user.rb\CTD\RB2102\Data\RB2102_CTD_101_01.hex
* Software Version Seasave V 7.26.7.107
* Temperature SN = 6202
* Conductivity SN = 4907
* Number of Bytes Per Scan = 41
* Number of Voltage Words = 4
* Number of Scans Averaged by the Deck Unit = 1
* NMEA Latitude = 36 48.54 N
* NMEA Longitude = 121 49.06 W
* NMEA UTC (Time) = Jul 15 2021  00:38:24
* NMEA baud rate = 4800
# nquan = 30
# nvalues = 606                                   
# units = specified
# name 0 = scan: Scan Count
# name 1 = timeS: Time, Elapsed [seconds]
# name 2 = depSM: Depth [salt water, m]
# name 3 = prDM: Pressure, Digiquartz [db]
# name 4 = t090C: Temperature [ITS-90, deg C]
# name 5 = t190C: Temperature, 2 [ITS-90, deg C]
# name 6 = c0mS/cm: Conductivity [mS/cm]
# name 7 = c1mS/cm: Conductivity, 2 [mS/cm]
# name 8 = potemp090C: Potential Temperature [ITS-90, deg C]
# name 9 = potemp190C: Potential Temperature, 2 [ITS-90, deg C]
# name 10 = sal00: Salinity, Practical [PSU]
# name 11 = sal11: Salinity, Practical, 2 [PSU]
# name 12 = sigma-é00: Density [sigma-theta, kg/m^3]
# name 13 = sigma-é11: Density, 2 [sigma-theta, kg/m^3]
# name 14 = sbeox0Mg/L: Oxygen, SBE 43 [mg/l]
# name 15 = sbeox1Mg/L: Oxygen, SBE 43, 2 [mg/l]
# name 16 = sbox0Mm/Kg: Oxygen, SBE 43 [umol/kg]
# name 17 = sbox1Mm/Kg: Oxygen, SBE 43, 2 [umol/kg]
# name 18 = sbeox0V: Oxygen raw, SBE 43 [V]
# name 19 = sbeox1V: Oxygen raw, SBE 43, 2 [V]
# name 20 = v4: Voltage 4
# name 21 = flECO-AFL: Fluorescence, WET Labs ECO-AFL/FL [mg/m^3]
# name 22 = v3: Voltage 3
# name 23 = v6: Voltage 6
# name 24 = v7: Voltage 7
# name 25 = longitude: Longitude [deg]
# name 26 = latitude: Latitude [deg]
# name 27 = altM: Altimeter [m]
# name 28 = nbf: Bottles Fired
# name 29 = flag:  0.000e+00
# interval = seconds: 0.0416667
# start_time = Jul 15 2021 00:38:24 [NMEA time, header]
# bad_flag = -9.990e-29
*END*
[from data line 97]
      11863    494.250     31.728     31.966    10.5466    10.5624  37.548062  37.560837    10.5428    10.5587    33.9161    33.9141    26.0123    26.0080     4.1587     4.2789    126.666    130.327     1.4518     1.4164     0.0537     0.3181     3.2540     0.0879     0.0000 -121.81780   36.80888       5.10          2  0.000e+00
      14957    623.167     19.671     19.818    10.8231    10.8258  37.775517  37.778917    10.8207    10.8234    33.8927    33.8936    25.9452    25.9454     4.5398     4.6558    138.283    141.816     1.5482     1.5043     0.0635     0.5623     3.2430     0.1221     0.0110 -121.81780   36.80880      17.39          3  0.000e+00
      14958    623.208     19.671     19.818    10.8231    10.8256  37.775452  37.779241    10.8207    10.8232    33.8927    33.8941    25.9452    25.9459     4.5398     4.6558    138.283    141.816     1.5482     1.5043     0.0623     0.5318     3.2442     0.1209     0.0110 -121.81780   36.80880      17.39          3  0.000e+00
      14959    623.250     19.671     19.818    10.8232    10.8256  37.775582  37.778593    10.8209    10.8232    33.8927    33.8935    25.9452    25.9453     4.5398     4.6558    138.283    141.816     1.5482     1.5043     0.0635     0.5623     3.2442     0.1209     0.0098 -121.81780   36.80880      17.39          3  0.000e+00
      14960    623.292     19.671     19.818    10.8237    10.8255  37.775841  37.778852    10.8213    10.8231    33.8925    33.8938    25.9449    25.9457     4.5450     4.6558    138.440    141.816     1.5495     1.5043     0.0635     0.5623     3.2430     0.1209     0.0110 -121.81780   36.80880      17.39          3  0.000e+00
      14961    623.333     19.671     19.818    10.8236    10.8252  37.775906  37.778787    10.8212    10.8229    33.8927    33.8940    25.9451    25.9458     4.5450     4.6615    138.440    141.990     1.5495     1.5055     0.0635     0.5623     3.2430     0.1209     0.0110 -121.81780   36.80880      17.39          3  0.000e+00
      14962    623.375     19.724     19.871    10.8239    10.8255  37.776165  37.778917    10.8216    10.8231    33.8926    33.8939    25.9449    25.9457     4.5397     4.6558    138.281    141.817     1.5482     1.5043     0.0635     0.5623     3.2430     0.1197     0.0098 -121.81780   36.80880      17.39          3  0.000e+00
      14963    623.417     19.717     19.865    10.8239    10.8252  37.776295  37.779047    10.8215    10.8229    33.8927    33.8942    25.9451    25.9460     4.5397     4.6615    138.281    141.991     1.5482     1.5055     0.0623     0.5318     3.2442     0.1184     0.0098 -121.81780   36.80880      17.39          3  0.000e+00
      14964    623.458     19.671     19.818    10.8241    10.8252  37.776035  37.779241    10.8217    10.8229    33.8923    33.8944    25.9447    25.9462     4.5397     4.6558    138.280    141.817     1.5482     1.5043     0.0635     0.5623     3.2442     0.1172     0.0098 -121.81780   36.80880      17.39          3  0.000e+00
      14965    623.500     19.671     19.818    10.8237    10.8253  37.775971  37.778852    10.8213    10.8229    33.8926    33.8940    25.9450    25.9458     4.5397     4.6558    138.281    141.817     1.5482     1.5043     0.0611     0.5013     3.2442     0.1184     0.0098 -121.81780   36.80880      17.39          3  0.000e+00
      14966    623.542     19.671     19.818    10.8237    10.8251  37.776165  37.779176    10.8213    10.8227    33.8928    33.8945    25.9452    25.9463     4.5397     4.6558    138.281    141.817     1.5482     1.5043     0.0611     0.5013     3.2442     0.1197     0.0098 -121.81780   36.80880      17.39          3  0.000e+00
      14967    623.583     19.671     19.818    10.8237    10.8253  37.776035  37.778852    10.8213    10.8229    33.8927    33.8940    25.9451    25.9458     4.5397     4.6558    138.281    141.817     1.5482     1.5043     0.0611     0.5013     3.2442     0.1172     0.0098 -121.81780   36.80880      17.39          3  0.000e+00
      14968    623.625     19.724     19.871    10.8237    10.8256  37.775906  37.778723    10.8213    10.8232    33.8925    33.8936    25.9449    25.9454     4.5450     4.6558    138.441    141.817     1.5495     1.5043     0.0598     0.4707     3.2442     0.1148     0.0085 -121.81780   36.80880      17.39          3  0.000e+00
      14969    623.667     19.671     19.818    10.8238    10.8251  37.775906  37.778917    10.8214    10.8227    33.8925    33.8943    25.9449    25.9461     4.5397     4.6558    138.281    141.817     1.5482     1.5043     0.0598     0.4707     3.2442     0.1148     0.0085 -121.81780   36.80880      17.39          3  0.000e+00
      14970    623.708     19.671     19.818    10.8237    10.8256  37.776165  37.778787    10.8213    10.8232    33.8928    33.8937    25.9452    25.9455     4.5450     4.6558    138.440    141.816     1.5495     1.5043     0.0598     0.4707     3.2442     0.1148     0.0085 -121.81780   36.80880      17.36          3  0.000e+00
      14971    623.750     19.717     19.865    10.8237    10.8252  37.776489  37.778917    10.8213    10.8229    33.8931    33.8941    25.9454    25.9459     4.5450     4.6558    138.440    141.818     1.5495     1.5043     0.0598     0.4707     3.2442     0.1184     0.0098 -121.81780   36.80880      17.39          3  0.000e+00
      14972    623.792     19.671     19.818    10.8236    10.8254  37.776360  37.779046    10.8212    10.8231    33.8931    33.8941    25.9454    25.9459     4.5450     4.6558    138.440    141.816     1.5495     1.5043     0.0598     0.4707     3.2442     0.1209     0.0110 -121.81780   36.80880      17.39          3  0.000e+00
      14973    623.833     19.671     19.818    10.8234    10.8253  37.776295  37.779046    10.8210    10.8229    33.8932    33.8942    25.9456    25.9460     4.5450     4.6558    138.440    141.817     1.5495     1.5043     0.0598     0.4707     3.2430     0.1197     0.0098 -121.81780   36.80880      17.36          3  0.000e+00
      14974    623.875     19.724     19.871    10.8234    10.8254  37.776036  37.778787    10.8210    10.8231    33.8929    33.8938    25.9453    25.9456     4.5450     4.6615    138.442    141.991     1.5495     1.5055     0.0598     0.4707     3.2442     0.1172     0.0098 -121.81780   36.80880      17.39          3  0.000e+00
      14975    623.917     19.671     19.818    10.8233    10.8255  37.776165  37.779176    10.8209    10.8231    33.8932    33.8942    25.9456    25.9459     4.5450     4.6558    138.441    141.816     1.5495     1.5043     0.0611     0.5013     3.2430     0.1148     0.0085 -121.81780   36.80880      17.39          3  0.000e+00
      14976    623.958     19.671     19.818    10.8231    10.8254  37.775776  37.779565    10.8207    10.8231    33.8930    33.8946    25.9454    25.9463     4.5450     4.6615    138.442    141.989     1.5495     1.5055     0.0598     0.4707     3.2430     0.1148     0.0085 -121.81780   36.80880      17.36          3  0.000e+00
      14977    624.000     19.717     19.865    10.8227    10.8256  37.776101  37.779176    10.8203    10.8232    33.8936    33.8940    25.9460    25.9458     4.5451     4.6558    138.443    141.817     1.5495     1.5043     0.0598     0.4707     3.2430     0.1148     0.0085 -121.81780   36.80880      17.39          3  0.000e+00
      14978    624.042     19.671     19.818    10.8227    10.8256  37.775971  37.778787    10.8204    10.8232    33.8935    33.8937    25.9459    25.9455     4.5450     4.6558    138.442    141.816     1.5495     1.5043     0.0598     0.4707     3.2430     0.1148     0.0085 -121.81780   36.80880      17.39          3  0.000e+00
      14979    624.083     19.671     19.818    10.8226    10.8256  37.776424  37.779176    10.8202    10.8232    33.8941    33.8940    25.9464    25.9458     4.5450     4.6558    138.442    141.816     1.5495     1.5043     0.0598     0.4707     3.2430     0.1160     0.0085 -121.81780   36.80880      17.39          3  0.000e+00
      14980    624.125     19.717     19.865    10.8229    10.8258  37.776036  37.778852    10.8205    10.8234    33.8934    33.8935    25.9458    25.9454     4.5450     4.6558    138.443    141.816     1.5495     1.5043     0.0598     0.4707     3.2430     0.1160     0.0085 -121.81780   36.80880      17.39          3  0.000e+00
      14981    624.167     19.671     19.818    10.8228    10.8254  37.775906  37.778917    10.8204    10.8231    33.8934    33.8940    25.9458    25.9458     4.5450     4.6558    138.442    141.816     1.5495     1.5043     0.0611     0.5013     3.2442     0.1172     0.0098 -121.81780   36.80880      17.39          3  0.000e+00
      14982    624.208     19.717     19.865    10.8231    10.8258  37.776425  37.779241    10.8207    10.8234    33.8936    33.8940    25.9459    25.9457     4.5450     4.6558    138.442    141.816     1.5495     1.5043     0.0598     0.4707     3.2430     0.1172     0.0098 -121.81780   36.80880      17.39          3  0.000e+00
      14983    624.250     19.671     19.818    10.8232    10.8258  37.776036  37.779111    10.8209    10.8234    33.8931    33.8938    25.9455    25.9456     4.5398     4.6558    138.282    141.815     1.5482     1.5043     0.0598     0.4707     3.2442     0.1148     0.0085 -121.81780   36.80880      17.39          3  0.000e+00
      14984    624.292     19.671     19.818    10.8232    10.8254  37.776165  37.778723    10.8209    10.8231    33.8933    33.8938    25.9456    25.9456     4.5450     4.6558    138.441    141.817     1.5495     1.5043     0.0598     0.4707     3.2430     0.1160     0.0085 -121.81780   36.80880      17.39          3  0.000e+00
      14985    624.333     19.671     19.818    10.8236    10.8256  37.776295  37.779176    10.8212    10.8232    33.8930    33.8940    25.9454    25.9458     4.5450     4.6558    138.440    141.816     1.5495     1.5043     0.0598     0.4707     3.2430     0.1172     0.0098 -121.81780   36.80880      17.39          3  0.000e+00
      14986    624.375     19.671     19.818    10.8234    10.8254  37.776295  37.778852    10.8210    10.8231    33.8932    33.8939    25.9456    25.9457     4.5450     4.6558    138.440    141.816     1.5495     1.5043     0.0598     0.4707     3.2430     0.1172     0.0098 -121.81780   36.80880      17.39          3  0.000e+00
      14987    624.417     19.724     19.871    10.8236    10.8252  37.776036  37.778723    10.8212    10.8229    33.8928    33.8939    25.9452    25.9458     4.5450     4.6559    138.441    141.818     1.5495     1.5043     0.0598     0.4707     3.2442     0.1184     0.0098 -121.81780   36.80880      17.44          3  0.000e+00
      14988    624.458     19.671     19.818    10.8234    10.8253  37.775906  37.779176    10.8210    10.8229    33.8928    33.8943    25.9452    25.9461     4.5450     4.6558    138.441    141.816     1.5495     1.5043     0.0598     0.4707     3.2442     0.1184     0.0098 -121.81780   36.80880      17.44          3  0.000e+00
      14989    624.500     19.671     19.818    10.8236    10.8249  37.776165  37.779111    10.8212    10.8226    33.8929    33.8946    25.9453    25.9464     4.5450     4.6558    138.440    141.817     1.5495     1.5043     0.0611     0.5013     3.2442     0.1172     0.0098 -121.81780   36.80880      17.41          3  0.000e+00
      14990    624.542     19.671     19.818    10.8237    10.8248  37.776489  37.779046    10.8213    10.8224    33.8931    33.8947    25.9454    25.9464     4.5449     4.6559    138.440    141.818     1.5495     1.5043     0.0598     0.4707     3.2442     0.1160     0.0085 -121.81780   36.80880      17.41          3  0.000e+00
      14991    624.583     19.724     19.871    10.8237    10.8249  37.776100  37.779047    10.8213    10.8226    33.8927    33.8945    25.9451    25.9463     4.5398     4.6559    138.282    141.818     1.5482     1.5043     0.0611     0.5013     3.2442     0.1160     0.0085 -121.81780   36.80880      17.44          3  0.000e+00
      14992    624.625     19.671     19.818    10.8239    10.8247  37.775971  37.778787    10.8215    10.8224    33.8924    33.8945    25.9449    25.9463     4.5449     4.6559    138.440    141.818     1.5495     1.5043     0.0611     0.5013     3.2430     0.1197     0.0098 -121.81780   36.80880      17.41          3  0.000e+00
      14993    624.667     19.671     19.818    10.8238    10.8250  37.776165  37.779176    10.8214    10.8226    33.8928    33.8946    25.9451    25.9464     4.5397     4.6558    138.281    141.817     1.5482     1.5043     0.0611     0.5013     3.2442     0.1282     0.0122 -121.81780   36.80880      17.44          3  0.000e+00
      14994    624.708     19.671     19.818    10.8239    10.8251  37.776295  37.779370    10.8215    10.8227    33.8928    33.8947    25.9451    25.9464     4.5449     4.6558    138.439    141.817     1.5495     1.5043     0.0623     0.5318     3.2430     0.1306     0.0134 -121.81780   36.80880      17.44          3  0.000e+00
      14995    624.750     19.724     19.871    10.8241    10.8255  37.776295  37.779111    10.8217    10.8231    33.8926    33.8941    25.9449    25.9459     4.5397     4.6558    138.281    141.817     1.5482     1.5043     0.0611     0.5013     3.2442     0.1319     0.0134 -121.81780   36.80880      17.41          3  0.000e+00
      14996    624.792     19.618     19.765    10.8237    10.8256  37.776035  37.779240    10.8214    10.8233    33.8927    33.8941    25.9451    25.9459     4.5449     4.6557    138.439    141.815     1.5495     1.5043     0.0611     0.5013     3.2430     0.1294     0.0134 -121.81780   36.80880      17.41          3  0.000e+00
      14997    624.833     19.671     19.818    10.8239    10.8254  37.776165  37.779370    10.8215    10.8231    33.8926    33.8944    25.9450    25.9461     4.5449     4.6558    138.440    141.816     1.5495     1.5043     0.0623     0.5318     3.2430     0.1282     0.0134 -121.81780   36.80880      17.41          3  0.000e+00
      14998    624.875     19.717     19.865    10.8239    10.8256  37.776036  37.779370    10.8215    10.8232    33.8925    33.8942    25.9449    25.9459     4.5450     4.6558    138.441    141.816     1.5495     1.5043     0.0623     0.5318     3.2442     0.1355     0.0147 -121.81780   36.80880      17.41          3  0.000e+00
      14999    624.917     19.671     19.818    10.8238    10.8254  37.776165  37.779370    10.8214    10.8231    33.8928    33.8944    25.9451    25.9461     4.5449     4.6558    138.440    141.816     1.5495     1.5043     0.0623     0.5318     3.2430     0.1306     0.0134 -121.81780   36.80880      17.39          3  0.000e+00
      15000    624.958     19.618     19.765    10.8239    10.8255  37.776295  37.779111    10.8215    10.8231    33.8928    33.8941    25.9451    25.9459     4.5449     4.6558    138.438    141.815     1.5495     1.5043     0.0611     0.5013     3.2430     0.1258     0.0122 -121.81780   36.80880      17.39          3  0.000e+00
      15001    625.000     19.724     19.871    10.8239    10.8256  37.776036  37.779047    10.8215    10.8232    33.8925    33.8939    25.9449    25.9457     4.5450     4.6558    138.441    141.817     1.5495     1.5043     0.0611     0.5013     3.2442     0.1258     0.0122 -121.81780   36.80880      17.41          3  0.000e+00
      15002    625.042     19.671     19.818    10.8241    10.8256  37.776165  37.779500    10.8217    10.8232    33.8925    33.8944    25.9448    25.9461     4.5449     4.6558    138.439    141.815     1.5495     1.5043     0.0611     0.5013     3.2430     0.1258     0.0122 -121.81780   36.80880      17.39          3  0.000e+00
      15003    625.083     19.624     19.771    10.8237    10.8259  37.776295  37.779435    10.8214    10.8236    33.8929    33.8940    25.9453    25.9457     4.5397     4.6557    138.280    141.814     1.5482     1.5043     0.0611     0.5013     3.2442     0.1233     0.0122 -121.81780   36.80880      17.41          3  0.000e+00
