WCOA/WCOA-6/CTD_Data/RB2102_CTD_126_02.ros
* Sea-Bird SBE 9 Data File:
* FileName = C:\Users\scs.user.rb\CTD\RB2102\Data\RB2102_CTD_126_02.hex
* Software Version Seasave V 7.26.7.107
* Temperature SN = 6202
* Conductivity SN = 4907
* Number of Bytes Per Scan = 41
* Number of Voltage Words = 4
* Number of Scans Averaged by the Deck Unit = 1
* NMEA Latitude = 33 25.06 N
* NMEA Longitude = 117 54.32 W
* NMEA UTC (Time) = Jul 20 2021  20:44:49
* NMEA baud rate = 4800
# nquan = 30
# nvalues = 980                                   
# units = specified
# name 0 = scan: Scan Count
# name 1 = timeS: Time, Elapsed [seconds]
# name 2 = depSM: Depth [salt water, m]
# name 3 = prDM: Pressure, Digiquartz [db]
# name 4 = t090C: Temperature [ITS-90, deg C]
# name 5 = t190C: Temperature, 2 [ITS-90, deg C]
# name 6 = c0mS/cm: Conductivity [mS/cm]
# name 7 = c1mS/cm: Conductivity, 2 [mS/cm]
# name 8 = potemp090C: Potential Temperature [ITS-90, deg C]
# name 9 = potemp190C: Potential Temperature, 2 [ITS-90, deg C]
# name 10 = sal00: Salinity, Practical [PSU]
# name 11 = sal11: Salinity, Practical, 2 [PSU]
# name 12 = sigma-é00: Density [sigma-theta, kg/m^3]
# name 13 = sigma-é11: Density, 2 [sigma-theta, kg/m^3]
# name 14 = sbeox0Mg/L: Oxygen, SBE 43 [mg/l]
# name 15 = sbeox1Mg/L: Oxygen, SBE 43, 2 [mg/l]
# name 16 = sbox0Mm/Kg: Oxygen, SBE 43 [umol/kg]
# name 17 = sbox1Mm/Kg: Oxygen, SBE 43, 2 [umol/kg]
# name 18 = sbeox0V: Oxygen raw, SBE 43 [V]
# name 19 = sbeox1V: Oxygen raw, SBE 43, 2 [V]
# name 20 = v4: Voltage 4
# name 21 = flECO-AFL: Fluorescence, WET Labs ECO-AFL/FL [mg/m^3]
# name 22 = v3: Voltage 3
# name 23 = v6: Voltage 6
# name 24 = v7: Voltage 7
# name 25 = longitude: Longitude [deg]
# name 26 = latitude: Latitude [deg]
# name 27 = altM: Altimeter [m]
# name 28 = nbf: Bottles Fired
# name 29 = flag:  0.000e+00
# interval = seconds: 0.0416667
# start_time = Jul 20 2021 20:44:49 [NMEA time, header]
# bad_flag = -9.990e-29
*END*
[from data line 774]
      93877   3911.500     19.768     19.910    17.8171    17.8012  43.926469  43.905830    17.8138    17.7978    33.4632    33.4587    24.1407    24.1411     8.4555     7.8840    258.009    240.571     2.7656     2.4689     0.0476     0.1655     3.1050     0.0098     0.0611 -117.90578   33.41638      99.78         16  0.000e+00
      93878   3911.542     19.814     19.957    17.8183    17.7899  43.927984  43.900738    17.8149    17.7866    33.4635    33.4636    24.1406    24.1476     8.4553     7.8856    258.004    240.618     2.7656     2.4689     0.0476     0.1655     3.1062     0.0098     0.0598 -117.90578   33.41638      99.78         16  0.000e+00
      93879   3911.583     19.768     19.910    17.8198    17.7907  43.930533  43.905418    17.8165    17.7873    33.4645    33.4670    24.1410    24.1500     8.4595     7.8853    258.132    240.608     2.7668     2.4689     0.0488     0.1960     3.1062     0.0098     0.0611 -117.90578   33.41638      99.78         16  0.000e+00
      93880   3911.625     19.761     19.903    17.8214    17.7967  43.934528  43.914298    17.8181    17.7933    33.4666    33.4696    24.1422    24.1505     8.4591     7.8891    258.120    240.724     2.7668     2.4701     0.0476     0.1655     3.1050     0.0098     0.0611 -117.90578   33.41638      99.78         16  0.000e+00
      93881   3911.667     19.768     19.910    17.8253    17.8050  43.938661  43.922834    17.8220    17.8016    33.4669    33.4701    24.1415    24.1489     8.4585     7.8829    258.101    240.534     2.7668     2.4689     0.0488     0.1960     3.1050     0.0098     0.0611 -117.90578   33.41638      99.78         16  0.000e+00
      93882   3911.708     19.761     19.903    17.8317    17.8124  43.943413  43.928892    17.8284    17.8091    33.4657    33.4692    24.1390    24.1464     8.4575     7.8866    258.071    240.649     2.7668     2.4701     0.0476     0.1655     3.1062     0.0098     0.0611 -117.90578   33.41638      99.80         16  0.000e+00
      93883   3911.750     19.768     19.910    17.8371    17.8184  43.945411  43.933504    17.8337    17.8151    33.4630    33.4682    24.1356    24.1442     8.4613     7.8857    258.188    240.622     2.7680     2.4701     0.0476     0.1655     3.1062     0.0098     0.0598 -117.90578   33.41638      99.80         16  0.000e+00
      93884   3911.792     19.761     19.903    17.8388    17.8256  43.945824  43.937703    17.8354    17.8222    33.4619    33.4659    24.1344    24.1407     8.4611     7.8896    258.181    240.740     2.7680     2.4713     0.0476     0.1655     3.1050     0.0098     0.0598 -117.90578   33.41638      99.78         16  0.000e+00
      93885   3911.833     19.768     19.910    17.8388    17.8317  43.945135  43.941834    17.8354    17.8283    33.4613    33.4644    24.1340    24.1380     8.4656     7.8887    258.321    240.714     2.7692     2.4713     0.0476     0.1655     3.1050     0.0098     0.0611 -117.90578   33.41638      99.80         16  0.000e+00
      93886   3911.875     19.761     19.903    17.8384    17.8358  43.944722  43.945139    17.8351    17.8325    33.4613    33.4638    24.1340    24.1366     8.4657     7.8880    258.322    240.694     2.7692     2.4713     0.0476     0.1655     3.1050     0.0098     0.0611 -117.90578   33.41638      99.80         16  0.000e+00
      95939   3997.417     14.967     15.074    20.1051    20.1172  46.186683  46.198704    20.1023    20.1144    33.4964    33.4966    23.5885    23.5854     8.0017     7.4955    244.295    228.839     2.7399     2.4615     0.0476     0.1655     3.1038     0.0085     0.0635 -117.90580   33.41632      99.76         17  0.000e+00
      95940   3997.458     14.960     15.068    20.1078    20.1188  46.189285  46.199828    20.1051    20.1160    33.4964    33.4962    23.5877    23.5847     8.0013     7.4952    244.283    228.833     2.7399     2.4615     0.0488     0.1960     3.1038     0.0073     0.0635 -117.90580   33.41632      99.78         17  0.000e+00
      95941   3997.500     14.961     15.068    20.1103    20.1201  46.191043  46.200461    20.1075    20.1173    33.4958    33.4957    23.5866    23.5839     8.0010     7.4904    244.273    228.685     2.7399     2.4603     0.0488     0.1960     3.1038     0.0073     0.0635 -117.90580   33.41632      99.78         17  0.000e+00
      95942   3997.542     14.921     15.028    20.1115    20.1207  46.192097  46.200671    20.1088    20.1180    33.4957    33.4954    23.5862    23.5836     8.0008     7.4903    244.267    228.682     2.7399     2.4603     0.0501     0.2265     3.1038     0.0073     0.0635 -117.90580   33.41632      99.78         17  0.000e+00
      95943   3997.583     14.914     15.021    20.1125    20.1202  46.192519  46.200320    20.1098    20.1174    33.4953    33.4956    23.5856    23.5838     7.9963     7.4904    244.130    228.684     2.7387     2.4603     0.0501     0.2265     3.1038     0.0073     0.0635 -117.90580   33.41632      99.78         17  0.000e+00
      95944   3997.625     14.967     15.075    20.1141    20.1191  46.194629  46.199266    20.1113    20.1163    33.4957    33.4955    23.5855    23.5841     7.9961     7.4906    244.124    228.690     2.7387     2.4603     0.0488     0.1960     3.1038     0.0073     0.0635 -117.90580   33.41632      99.78         17  0.000e+00
      95945   3997.667     14.914     15.021    20.1160    20.1184  46.195683  46.199125    20.1132    20.1156    33.4951    33.4960    23.5846    23.5847     7.9958     7.4906    244.115    228.691     2.7387     2.4603     0.0488     0.1960     3.1038     0.0073     0.0635 -117.90580   33.41632      99.78         17  0.000e+00
      95946   3997.708     14.921     15.028    20.1165    20.1184  46.196316  46.199336    20.1138    20.1157    33.4952    33.4961    23.5845    23.5847     7.9957     7.4906    244.113    228.690     2.7387     2.4603     0.0488     0.1960     3.1038     0.0073     0.0635 -117.90580   33.41632      99.78         17  0.000e+00
      95947   3997.750     15.007     15.115    20.1162    20.1184  46.196527  46.199407    20.1134    20.1157    33.4956    33.4961    23.5849    23.5847     7.9915     7.4860    243.984    228.550     2.7375     2.4591     0.0488     0.1960     3.1050     0.0073     0.0635 -117.90580   33.41632      99.78         17  0.000e+00
      95948   3997.792     14.861     14.968    20.1158    20.1188  46.195894  46.199054    20.1131    20.1160    33.4954    33.4956    23.5849    23.5842     7.9958     7.4858    244.114    228.545     2.7387     2.4591     0.0488     0.1960     3.1050     0.0073     0.0635 -117.90580   33.41632      99.78         17  0.000e+00
      95949   3997.833     14.921     15.028    20.1160    20.1190  46.196386  46.199125    20.1132    20.1162    33.4957    33.4955    23.5850    23.5841     7.9958     7.4859    244.114    228.546     2.7387     2.4591     0.0488     0.1960     3.1038     0.0073     0.0635 -117.90580   33.41632      99.78         17  0.000e+00
      95950   3997.875     14.915     15.022    20.1172    20.1189  46.197652  46.199617    20.1145    20.1161    33.4957    33.4960    23.5847    23.5845     7.9956     7.4858    244.109    228.546     2.7387     2.4591     0.0488     0.1960     3.1050     0.0073     0.0635 -117.90580   33.41632      99.78         17  0.000e+00
      95951   3997.917     14.868     14.975    20.1182    20.1186  46.197792  46.199125    20.1155    20.1158    33.4950    33.4958    23.5839    23.5845     7.9954     7.4859    244.104    228.546     2.7387     2.4591     0.0488     0.1960     3.1050     0.0073     0.0635 -117.90580   33.41632      99.78         17  0.000e+00
      95952   3997.958     14.915     15.022    20.1176    20.1184  46.196597  46.198703    20.1149    20.1157    33.4945    33.4956    23.5837    23.5843     7.9956     7.4859    244.109    228.548     2.7387     2.4591     0.0488     0.1960     3.1050     0.0073     0.0635 -117.90580   33.41632      99.78         17  0.000e+00
      95953   3998.000     14.915     15.022    20.1160    20.1182  46.195261  46.198422    20.1132    20.1155    33.4947    33.4955    23.5843    23.5843     7.9958     7.4860    244.116    228.549     2.7387     2.4591     0.0501     0.2265     3.1038     0.0073     0.0635 -117.90580   33.41632      99.78         17  0.000e+00
      95954   3998.042     14.921     15.028    20.1143    20.1182  46.193152  46.198563    20.1115    20.1154    33.4944    33.4957    23.5845    23.5845     7.9961     7.4860    244.124    228.550     2.7387     2.4591     0.0488     0.1960     3.1038     0.0073     0.0635 -117.90580   33.41632      99.78         17  0.000e+00
      95955   3998.083     14.915     15.022    20.1127    20.1182  46.192027  46.198281    20.1099    20.1155    33.4947    33.4954    23.5852    23.5842     7.9963     7.4813    244.130    228.407     2.7387     2.4579     0.0488     0.1960     3.1038     0.0073     0.0635 -117.90580   33.41632      99.78         17  0.000e+00
      95956   3998.125     14.868     14.975    20.1124    20.1177  46.192097  46.198633    20.1096    20.1150    33.4951    33.4961    23.5855    23.5849     7.9963     7.4813    244.130    228.407     2.7387     2.4579     0.0488     0.1960     3.1050     0.0073     0.0635 -117.90580   33.41632      99.78         17  0.000e+00
      95957   3998.167     14.915     15.022    20.1125    20.1170  46.192800  46.197508    20.1098    20.1143    33.4955    33.4958    23.5858    23.5848     7.9963     7.4815    244.130    228.412     2.7387     2.4579     0.0488     0.1960     3.1050     0.0073     0.0635 -117.90580   33.41632      99.78         17  0.000e+00
      95958   3998.208     14.862     14.969    20.1134    20.1162  46.194488  46.196735    20.1107    20.1134    33.4962    33.4958    23.5861    23.5851     7.9918     7.4815    243.991    228.414     2.7375     2.4579     0.0488     0.1960     3.1038     0.0073     0.0635 -117.90580   33.41632      99.76         17  0.000e+00
      95959   3998.250     14.869     14.975    20.1150    20.1162  46.196738  46.197508    20.1122    20.1135    33.4968    33.4964    23.5861    23.5855     7.9915     7.4815    243.983    228.413     2.7375     2.4579     0.0501     0.2265     3.1038     0.0073     0.0635 -117.90580   33.41632      99.76         17  0.000e+00
      95960   3998.292     14.862     14.969    20.1176    20.1172  46.198988  46.198000    20.1148    20.1144    33.4965    33.4960    23.5853    23.5850     7.9911     7.4814    243.972    228.409     2.7375     2.4579     0.0488     0.1960     3.1038     0.0073     0.0635 -117.90580   33.41632      99.78         17  0.000e+00
      95961   3998.333     14.922     15.029    20.1206    20.1170  46.201379  46.197297    20.1178    20.1143    33.4961    33.4956    23.5841    23.5847     7.9908     7.4815    243.961    228.412     2.7375     2.4579     0.0501     0.2265     3.1038     0.0073     0.0635 -117.90580   33.41632      99.76         17  0.000e+00
      95962   3998.375     14.862     14.969    20.1223    20.1170  46.202012  46.196735    20.1195    20.1143    33.4953    33.4951    23.5831    23.5843     7.9905     7.4814    243.953    228.411     2.7375     2.4579     0.0488     0.1960     3.1038     0.0073     0.0635 -117.90580   33.41632      99.78         17  0.000e+00
      95963   3998.417     14.862     14.969    20.1221    20.1166  46.200816  46.197227    20.1193    20.1138    33.4945    33.4959    23.5825    23.5850     7.9906     7.4815    243.955    228.412     2.7375     2.4579     0.0488     0.1960     3.1038     0.0073     0.0635 -117.90580   33.41632      99.76         17  0.000e+00
      95964   3998.458     14.869     14.975    20.1203    20.1165  46.198355  46.198141    20.1176    20.1138    33.4938    33.4967    23.5825    23.5857     7.9908     7.4814    243.964    228.411     2.7375     2.4579     0.0488     0.1960     3.1038     0.0085     0.0635 -117.90580   33.41632      99.78         17  0.000e+00
      95965   3998.500     14.862     14.969    20.1188    20.1176  46.196245  46.198562    20.1161    20.1148    33.4933    33.4962    23.5825    23.5850     7.9911     7.4813    243.972    228.407     2.7375     2.4579     0.0488     0.1960     3.1038     0.0073     0.0635 -117.90580   33.41632      99.78         17  0.000e+00
      95966   3998.542     14.869     14.976    20.1176    20.1181  46.195190  46.198633    20.1149    20.1153    33.4934    33.4959    23.5829    23.5846     7.9913     7.4813    243.977    228.406     2.7375     2.4579     0.0488     0.1960     3.1038     0.0073     0.0635 -117.90580   33.41632      99.78         17  0.000e+00
      95967   3998.583     14.915     15.022    20.1165    20.1181  46.193714  46.198633    20.1138    20.1153    33.4931    33.4958    23.5829    23.5846     7.9915     7.4813    243.984    228.407     2.7375     2.4579     0.0488     0.1960     3.1038     0.0073     0.0635 -117.90580   33.41632      99.78         17  0.000e+00
      95968   3998.625     14.862     14.969    20.1150    20.1184  46.192870  46.199898    20.1122    20.1156    33.4936    33.4967    23.5837    23.5852     7.9916     7.4812    243.988    228.403     2.7375     2.4579     0.0488     0.1960     3.1038     0.0073     0.0635 -117.90580   33.41632      99.78         17  0.000e+00
      95969   3998.667     14.869     14.976    20.1148    20.1202  46.194066  46.201374    20.1120    20.1174    33.4948    33.4964    23.5846    23.5845     7.9916     7.4809    243.987    228.396     2.7375     2.4579     0.0488     0.1960     3.1050     0.0073     0.0635 -117.90580   33.41632      99.78         17  0.000e+00
      95970   3998.708     14.862     14.969    20.1162    20.1221  46.195402  46.202007    20.1135    20.1193    33.4947    33.4954    23.5842    23.5832     7.9914     7.4807    243.981    228.388     2.7375     2.4579     0.0488     0.1960     3.1050     0.0073     0.0635 -117.90580   33.41632      99.78         17  0.000e+00
      95971   3998.750     14.823     14.929    20.1167    20.1232  46.195753  46.200178    20.1140    20.1204    33.4946    33.4931    23.5840    23.5812     7.9913     7.4806    243.978    228.386     2.7375     2.4579     0.0488     0.1960     3.1038     0.0073     0.0635 -117.90580   33.41632      99.78         17  0.000e+00
      95972   3998.792     14.916     15.023    20.1167    20.1243  46.196668  46.200319    20.1140    20.1216    33.4953    33.4922    23.5846    23.5802     7.9914     7.4852    243.979    228.528     2.7375     2.4591     0.0488     0.1960     3.1038     0.0073     0.0635 -117.90580   33.41632      99.78         17  0.000e+00
      95973   3998.833     14.863     14.969    20.1184    20.1249  46.200395  46.201444    20.1157    20.1221    33.4970    33.4927    23.5854    23.5804     7.9953     7.4851    244.100    228.523     2.7387     2.4591     0.0488     0.1960     3.1038     0.0073     0.0635 -117.90580   33.41632      99.78         17  0.000e+00
      95974   3998.875     14.869     14.976    20.1207    20.1242  46.204544  46.202569    20.1180    20.1214    33.4985    33.4942    23.5860    23.5817     7.9949     7.4851    244.087    228.524     2.7387     2.4591     0.0488     0.1960     3.1038     0.0073     0.0635 -117.90580   33.41632      99.76         17  0.000e+00
      95975   3998.917     14.916     15.023    20.1235    20.1235  46.206794  46.203905    20.1207    20.1207    33.4982    33.4958    23.5850    23.5832     7.9902     7.4852    243.945    228.526     2.7375     2.4591     0.0488     0.1960     3.1050     0.0073     0.0635 -117.90580   33.41632      99.78         17  0.000e+00
