WCOA/WCOA-6/CTD_Data/RB2102_CTD_067_01.ros
* Sea-Bird SBE 9 Data File:
* FileName = C:\Users\scs.user.rb\CTD\RB2102\Data\RB2102_CTD_067_01.hex
* Software Version Seasave V 7.26.7.107
* Temperature SN = 6202
* Conductivity SN = 4907
* Number of Bytes Per Scan = 41
* Number of Voltage Words = 4
* Number of Scans Averaged by the Deck Unit = 1
* NMEA Latitude = 41 59.89 N
* NMEA Longitude = 124 17.00 W
* NMEA UTC (Time) = Jul 07 2021  01:36:00
* NMEA baud rate = 4800
# nquan = 30
# nvalues = 441                                   
# units = specified
# name 0 = scan: Scan Count
# name 1 = timeS: Time, Elapsed [seconds]
# name 2 = depSM: Depth [salt water, m]
# name 3 = prDM: Pressure, Digiquartz [db]
# name 4 = t090C: Temperature [ITS-90, deg C]
# name 5 = t190C: Temperature, 2 [ITS-90, deg C]
# name 6 = c0mS/cm: Conductivity [mS/cm]
# name 7 = c1mS/cm: Conductivity, 2 [mS/cm]
# name 8 = potemp090C: Potential Temperature [ITS-90, deg C]
# name 9 = potemp190C: Potential Temperature, 2 [ITS-90, deg C]
# name 10 = sal00: Salinity, Practical [PSU]
# name 11 = sal11: Salinity, Practical, 2 [PSU]
# name 12 = sigma-é00: Density [sigma-theta, kg/m^3]
# name 13 = sigma-é11: Density, 2 [sigma-theta, kg/m^3]
# name 14 = sbeox0Mg/L: Oxygen, SBE 43 [mg/l]
# name 15 = sbeox1Mg/L: Oxygen, SBE 43, 2 [mg/l]
# name 16 = sbox0Mm/Kg: Oxygen, SBE 43 [umol/kg]
# name 17 = sbox1Mm/Kg: Oxygen, SBE 43, 2 [umol/kg]
# name 18 = sbeox0V: Oxygen raw, SBE 43 [V]
# name 19 = sbeox1V: Oxygen raw, SBE 43, 2 [V]
# name 20 = v4: Voltage 4
# name 21 = flECO-AFL: Fluorescence, WET Labs ECO-AFL/FL [mg/m^3]
# name 22 = v3: Voltage 3
# name 23 = v6: Voltage 6
# name 24 = v7: Voltage 7
# name 25 = longitude: Longitude [deg]
# name 26 = latitude: Latitude [deg]
# name 27 = altM: Altimeter [m]
# name 28 = nbf: Bottles Fired
# name 29 = flag:  0.000e+00
# interval = seconds: 0.0416667
# start_time = Jul 07 2021 01:36:00 [NMEA time, header]
# bad_flag = -9.990e-29
*END*
[from data line 242]
      18819    784.083     10.365     10.447    12.9384    12.8927  39.158656  39.136686    12.9370    12.8913    33.3323    33.3518    25.1136    25.1377    11.6931    11.7541    356.461    358.313     3.3431     3.1453     0.5311    12.2534     3.2723     0.0781     0.0391 -124.28342   41.99818      20.00          5  0.000e+00
      18820    784.125     10.332     10.414    12.9387    12.8926  39.158525  39.139511    12.9373    12.8912    33.3320    33.3546    25.1132    25.1398    11.6930    11.7539    356.459    358.306     3.3431     3.1453     0.5311    12.2534     3.2723     0.0781     0.0391 -124.28342   41.99818      20.00          5  0.000e+00
      18821    784.167     10.418     10.501    12.9382    12.8924  39.157473  39.140497    12.9368    12.8910    33.3314    33.3557    25.1129    25.1407    11.6933    11.7594    356.468    358.474     3.3431     3.1465     0.5311    12.2534     3.2723     0.0769     0.0391 -124.28342   41.99818      20.00          5  0.000e+00
      21569    898.667      5.029      5.069    13.1217    13.1622  39.313437  39.333449    13.1211    13.1615    33.3198    33.3032    25.0674    25.0465    11.8397    11.2693    360.946    343.566     3.3919     3.0525     0.5519    12.7723     3.2698     0.3871     0.1160 -124.28342   41.99818      25.47          6  0.000e+00
      21570    898.708      5.122      5.162    13.1217    13.1624  39.313833  39.333844    13.1210    13.1617    33.3202    33.3033    25.0677    25.0466    11.8398    11.2694    360.950    343.568     3.3919     3.0525     0.5531    12.8028     3.2686     0.3871     0.1160 -124.28342   41.99818      25.49          6  0.000e+00
      21571    898.750      5.029      5.069    13.1215    13.1621  39.313701  39.333252    13.1208    13.1614    33.3203    33.3031    25.0679    25.0465    11.8347    11.2694    360.795    343.567     3.3907     3.0525     0.5531    12.8028     3.2686     0.3871     0.1172 -124.28342   41.99818      25.49          6  0.000e+00
      21572    898.792      5.075      5.116    13.1219    13.1624  39.313635  39.333054    13.1212    13.1618    33.3199    33.3026    25.0674    25.0460    11.8347    11.2640    360.795    343.403     3.3907     3.0513     0.5531    12.8028     3.2698     0.3871     0.1172 -124.28342   41.99818      25.49          6  0.000e+00
      21573    898.833      5.029      5.069    13.1226    13.1623  39.314425  39.332791    13.1219    13.1616    33.3200    33.3025    25.0674    25.0460    11.8345    11.2640    360.788    343.403     3.3907     3.0513     0.5531    12.8028     3.2698     0.3871     0.1172 -124.28342   41.99818      25.49          6  0.000e+00
      21574    898.875      5.089      5.129    13.1229    13.1624  39.314952  39.332396    13.1222    13.1617    33.3202    33.3020    25.0675    25.0455    11.8295    11.2586    360.636    343.241     3.3895     3.0501     0.5531    12.8028     3.2698     0.3871     0.1172 -124.28342   41.99818      25.49          6  0.000e+00
      21575    898.917      5.075      5.116    13.1231    13.1623  39.315215  39.332067    13.1224    13.1616    33.3203    33.3018    25.0675    25.0454    11.8294    11.2641    360.633    343.406     3.3895     3.0513     0.5531    12.8028     3.2686     0.3871     0.1184 -124.28342   41.99818      25.49          6  0.000e+00
      21576    898.958      5.075      5.116    13.1233    13.1624  39.315610  39.332199    13.1226    13.1617    33.3205    33.3019    25.0677    25.0455    11.8244    11.2640    360.480    343.406     3.3883     3.0513     0.5531    12.8028     3.2686     0.3871     0.1184 -124.28342   41.99818      25.49          6  0.000e+00
      21577    899.000      5.075      5.116    13.1233    13.1624  39.316532  39.331804    13.1226    13.1618    33.3214    33.3014    25.0683    25.0451    11.8243    11.2587    360.478    343.241     3.3883     3.0501     0.5519    12.7723     3.2698     0.3871     0.1184 -124.28342   41.99818      25.49          6  0.000e+00
      21578    899.042      5.075      5.116    13.1240    13.1626  39.316203  39.331409    13.1233    13.1619    33.3204    33.3009    25.0675    25.0446    11.8242    11.2586    360.475    343.241     3.3883     3.0501     0.5531    12.8028     3.2686     0.3871     0.1184 -124.28342   41.99818      25.49          6  0.000e+00
      21579    899.083      5.029      5.069    13.1243    13.1624  39.316269  39.331540    13.1236    13.1618    33.3203    33.3012    25.0673    25.0449    11.8241    11.2532    360.471    343.075     3.3883     3.0488     0.5629    13.0470     3.2686     0.3871     0.1184 -124.28342   41.99818      25.49          6  0.000e+00
      21580    899.125      5.122      5.162    13.1246    13.1626  39.316598  39.331672    13.1239    13.1619    33.3203    33.3011    25.0672    25.0448    11.8191    11.2533    360.321    343.078     3.3871     3.0488     0.5775    13.4133     3.2698     0.3871     0.1184 -124.28342   41.99818      25.49          6  0.000e+00
      21581    899.167      5.029      5.069    13.1253    13.1626  39.316729  39.331869    13.1246    13.1619    33.3198    33.3014    25.0667    25.0450    11.8189    11.2478    360.313    342.909     3.3871     3.0476     0.5836    13.5660     3.2698     0.3871     0.1184 -124.28342   41.99818      25.49          6  0.000e+00
      21582    899.208      5.075      5.115    13.1258    13.1628  39.316993  39.331738    13.1251    13.1621    33.3196    33.3011    25.0665    25.0448    11.8188    11.2478    360.311    342.911     3.3871     3.0476     0.5824    13.5354     3.2698     0.3871     0.1172 -124.28342   41.99818      25.49          6  0.000e+00
      21583    899.250      5.089      5.129    13.1263    13.1627  39.315478  39.331080    13.1256    13.1620    33.3178    33.3005    25.0649    25.0443    11.8189    11.2479    360.313    342.913     3.3871     3.0476     0.5824    13.5354     3.2698     0.3871     0.1184 -124.28342   41.99818      25.49          6  0.000e+00
      21584    899.292      5.075      5.115    13.1264    13.1626  39.311922  39.331475    13.1257    13.1619    33.3143    33.3010    25.0622    25.0447    11.8191    11.2424    360.320    342.747     3.3871     3.0464     0.5812    13.5049     3.2698     0.3871     0.1172 -124.28342   41.99818      25.49          6  0.000e+00
      21585    899.333      5.075      5.115    13.1268    13.1628  39.312712  39.331672    13.1261    13.1621    33.3147    33.3010    25.0625    25.0447    11.8189    11.2424    360.316    342.746     3.3871     3.0464     0.5824    13.5354     3.2698     0.3871     0.1184 -124.28342   41.99818      25.49          6  0.000e+00
      21586    899.375      5.075      5.115    13.1273    13.1628  39.314556  39.331672    13.1266    13.1621    33.3160    33.3010    25.0634    25.0447    11.8187    11.2424    360.309    342.746     3.3871     3.0464     0.5824    13.5354     3.2686     0.3858     0.1172 -124.28342   41.99818      25.49          6  0.000e+00
      21587    899.417      5.075      5.115    13.1274    13.1629  39.316795  39.331409    13.1267    13.1622    33.3180    33.3006    25.0649    25.0444    11.8185    11.2370    360.303    342.581     3.3871     3.0452     0.5812    13.5049     3.2686     0.3871     0.1172 -124.28342   41.99818      25.49          6  0.000e+00
      21588    899.458      5.075      5.115    13.1276    13.1629  39.317915  39.331540    13.1269    13.1622    33.3189    33.3008    25.0655    25.0445    11.8134    11.2370    360.148    342.581     3.3858     3.0452     0.5824    13.5354     3.2698     0.3871     0.1172 -124.28342   41.99818      25.54          6  0.000e+00
      21589    899.500      5.029      5.069    13.1283    13.1627  39.318639  39.331409    13.1276    13.1620    33.3190    33.3008    25.0655    25.0446    11.8182    11.2370    360.292    342.580     3.3871     3.0452     0.5824    13.5354     3.2686     0.3871     0.1172 -124.28342   41.99818      25.52          6  0.000e+00
      21590    899.542      5.122      5.162    13.1288    13.1629  39.317783  39.331541    13.1281    13.1622    33.3177    33.3007    25.0644    25.0445    11.8133    11.2317    360.144    342.418     3.3858     3.0440     0.5824    13.5354     3.2686     0.3871     0.1172 -124.28342   41.99818      25.52          6  0.000e+00
      21591    899.583      5.029      5.069    13.1294    13.1628  39.312514  39.331869    13.1287    13.1621    33.3122    33.3012    25.0600    25.0449    11.8184    11.2315    360.301    342.415     3.3871     3.0440     0.5824    13.5354     3.2686     0.3871     0.1172 -124.28342   41.99818      25.52          6  0.000e+00
      21592    899.625      5.042      5.082    13.1295    13.1629  39.313239  39.331738    13.1288    13.1622    33.3129    33.3010    25.0605    25.0446    11.8134    11.2261    360.148    342.250     3.3858     3.0427     0.5812    13.5049     3.2698     0.3871     0.1160 -124.28342   41.99818      25.52          6  0.000e+00
      21593    899.667      5.122      5.162    13.1296    13.1629  39.315807  39.331409    13.1289    13.1622    33.3151    33.3006    25.0623    25.0444    11.8133    11.2263    360.144    342.254     3.3858     3.0427     0.5812    13.5049     3.2698     0.3871     0.1160 -124.28342   41.99818      25.54          6  0.000e+00
      21594    899.708      5.029      5.069    13.1296    13.1631  39.316136  39.331343    13.1289    13.1624    33.3155    33.3004    25.0625    25.0442    11.8131    11.2261    360.139    342.249     3.3858     3.0427     0.5824    13.5354     3.2686     0.3871     0.1160 -124.28342   41.99818      25.54          6  0.000e+00
      21595    899.750      5.075      5.115    13.1295    13.1631  39.316531  39.331540    13.1288    13.1624    33.3160    33.3006    25.0629    25.0443    11.8132    11.2208    360.141    342.086     3.3858     3.0415     0.5824    13.5354     3.2698     0.3871     0.1160 -124.28342   41.99818      25.54          6  0.000e+00
      21596    899.792      5.075      5.115    13.1294    13.1629  39.317519  39.331343    13.1287    13.1622    33.3169    33.3006    25.0637    25.0444    11.8131    11.2208    360.139    342.088     3.3858     3.0415     0.5824    13.5354     3.2686     0.3871     0.1160 -124.28342   41.99818      25.54          6  0.000e+00
      21597    899.833      5.029      5.069    13.1291    13.1633  39.317519  39.331540    13.1284    13.1626    33.3172    33.3005    25.0640    25.0442    11.8131    11.2153    360.139    341.919     3.3858     3.0403     0.5812    13.5049     3.2698     0.3871     0.1148 -124.28342   41.99818      25.54          6  0.000e+00
      21598    899.875      5.075      5.115    13.1286    13.1631  39.316663  39.331869    13.1279    13.1624    33.3168    33.3009    25.0637    25.0446    11.8084    11.2153    359.994    341.921     3.3846     3.0403     0.5824    13.5354     3.2686     0.3871     0.1148 -124.28342   41.99818      25.54          6  0.000e+00
      21599    899.917      5.029      5.069    13.1283    13.1631  39.316400  39.331211    13.1276    13.1624    33.3169    33.3003    25.0639    25.0441    11.8084    11.2153    359.994    341.920     3.3846     3.0403     0.5824    13.5354     3.2686     0.3883     0.1148 -124.28342   41.99818      25.54          6  0.000e+00
      21600    899.958      5.088      5.129    13.1278    13.1631  39.316400  39.330421    13.1271    13.1624    33.3173    33.2995    25.0643    25.0435    11.8086    11.2155    360.000    341.925     3.3846     3.0403     0.5824    13.5354     3.2698     0.3883     0.1148 -124.28342   41.99818      25.57          6  0.000e+00
      21601    900.000      5.029      5.069    13.1276    13.1631  39.316400  39.330290    13.1269    13.1624    33.3175    33.2994    25.0645    25.0434    11.8085    11.2100    359.998    341.758     3.3846     3.0391     0.5824    13.5354     3.2686     0.3883     0.1148 -124.28342   41.99818      25.59          6  0.000e+00
      21602    900.042      5.075      5.115    13.1273    13.1633  39.316137  39.331080    13.1266    13.1626    33.3175    33.3000    25.0645    25.0438    11.8086    11.2100    360.002    341.757     3.3846     3.0391     0.5812    13.5049     3.2698     0.3871     0.1136 -124.28342   41.99818      25.59          6  0.000e+00
      21603    900.083      5.029      5.069    13.1266    13.1632  39.314490  39.330290    13.1259    13.1626    33.3166    33.2993    25.0640    25.0433    11.8088    11.2100    360.008    341.757     3.3846     3.0391     0.5824    13.5354     3.2686     0.3871     0.1136 -124.28342   41.99818      25.59          6  0.000e+00
      21604    900.125      5.029      5.069    13.1254    13.1633  39.313437  39.330750    13.1247    13.1626    33.3166    33.2997    25.0642    25.0436    11.8091    11.2045    360.017    341.591     3.3846     3.0379     0.5812    13.5049     3.2698     0.3883     0.1136 -124.28342   41.99818      25.59          6  0.000e+00
      21605    900.167      5.075      5.115    13.1243    13.1631  39.312779  39.331211    13.1236    13.1624    33.3169    33.3003    25.0647    25.0441    11.8094    11.2046    360.026    341.593     3.3846     3.0379     0.5665    13.1386     3.2698     0.3883     0.1136 -124.28342   41.99818      25.59          6  0.000e+00
      21606    900.208      5.029      5.069    13.1239    13.1633  39.313964  39.331540    13.1232    13.1626    33.3184    33.3005    25.0659    25.0442    11.8094    11.2045    360.023    341.589     3.3846     3.0379     0.5153    11.8566     3.2698     0.3883     0.1136 -124.28342   41.99818      25.59          6  0.000e+00
      21607    900.250      5.029      5.069    13.1238    13.1633  39.314622  39.331672    13.1231    13.1626    33.3192    33.3006    25.0665    25.0443    11.8093    11.2045    360.023    341.589     3.3846     3.0379     0.4945    11.3376     3.2698     0.3883     0.1136 -124.28342   41.99818      25.59          6  0.000e+00
      21608    900.292      5.075      5.115    13.1239    13.1633  39.315149  39.331145    13.1232    13.1626    33.3195    33.3001    25.0668    25.0439    11.8093    11.1992    360.023    341.428     3.3846     3.0366     0.4945    11.3376     3.2698     0.3883     0.1123 -124.28342   41.99818      25.59          6  0.000e+00
      21609    900.333      4.996      5.035    13.1247    13.1636  39.315610  39.330948    13.1240    13.1629    33.3193    33.2997    25.0665    25.0435    11.8140    11.1990    360.165    341.423     3.3858     3.0366     0.4982    11.4292     3.2686     0.3883     0.1123 -124.28342   41.99818      25.59          6  0.000e+00
      21610    900.375      5.029      5.069    13.1249    13.1634  39.315478  39.330948    13.1242    13.1627    33.3190    33.2998    25.0661    25.0437    11.8140    11.1937    360.166    341.261     3.3858     3.0354     0.4982    11.4292     3.2698     0.3883     0.1123 -124.28342   41.99818      25.59          6  0.000e+00
      21611    900.417      5.029      5.069    13.1254    13.1635  39.315610  39.331014    13.1247    13.1628    33.3187    33.2998    25.0658    25.0436    11.8139    11.1937    360.163    341.261     3.3858     3.0354     0.4982    11.4292     3.2686     0.3883     0.1123 -124.28342   41.99818      25.59          6  0.000e+00
      21612    900.458      5.029      5.069    13.1258    13.1633  39.315939  39.330684    13.1251    13.1626    33.3186    33.2997    25.0657    25.0436    11.8138    11.1883    360.160    341.098     3.3858     3.0342     0.4982    11.4292     3.2698     0.3895     0.1123 -124.28342   41.99818      25.59          6  0.000e+00
      21613    900.500      4.976      5.015    13.1268    13.1636  39.316795  39.330355    13.1261    13.1629    33.3186    33.2991    25.0655    25.0431    11.8135    11.1882    360.150    341.094     3.3858     3.0342     0.4982    11.4292     3.2698     0.3895     0.1123 -124.28342   41.99818      25.59          6  0.000e+00
