WCOA/WCOA-6/CTD_Data/RB2102_CTD_034_01.ros
* Sea-Bird SBE 9 Data File:
* FileName = C:\Users\scs.user.rb\CTD\RB2102\Data\RB2102_CTD_034_01.hex
* Software Version Seasave V 7.26.7.107
* Temperature SN = 6202
* Conductivity SN = 4907
* Number of Bytes Per Scan = 41
* Number of Voltage Words = 4
* Number of Scans Averaged by the Deck Unit = 1
* NMEA Latitude = 46 07.71 N
* NMEA Longitude = 124 40.07 W
* NMEA UTC (Time) = Jul 01 2021  10:14:28
* NMEA baud rate = 4800
# nquan = 30
# nvalues = 1176                                  
# units = specified
# name 0 = scan: Scan Count
# name 1 = timeS: Time, Elapsed [seconds]
# name 2 = depSM: Depth [salt water, m]
# name 3 = prDM: Pressure, Digiquartz [db]
# name 4 = t090C: Temperature [ITS-90, deg C]
# name 5 = t190C: Temperature, 2 [ITS-90, deg C]
# name 6 = c0mS/cm: Conductivity [mS/cm]
# name 7 = c1mS/cm: Conductivity, 2 [mS/cm]
# name 8 = potemp090C: Potential Temperature [ITS-90, deg C]
# name 9 = potemp190C: Potential Temperature, 2 [ITS-90, deg C]
# name 10 = sal00: Salinity, Practical [PSU]
# name 11 = sal11: Salinity, Practical, 2 [PSU]
# name 12 = sigma-é00: Density [sigma-theta, kg/m^3]
# name 13 = sigma-é11: Density, 2 [sigma-theta, kg/m^3]
# name 14 = sbeox0Mg/L: Oxygen, SBE 43 [mg/l]
# name 15 = sbeox1Mg/L: Oxygen, SBE 43, 2 [mg/l]
# name 16 = sbox0Mm/Kg: Oxygen, SBE 43 [umol/kg]
# name 17 = sbox1Mm/Kg: Oxygen, SBE 43, 2 [umol/kg]
# name 18 = sbeox0V: Oxygen raw, SBE 43 [V]
# name 19 = sbeox1V: Oxygen raw, SBE 43, 2 [V]
# name 20 = v4: Voltage 4
# name 21 = flECO-AFL: Fluorescence, WET Labs ECO-AFL/FL [mg/m^3]
# name 22 = v3: Voltage 3
# name 23 = v6: Voltage 6
# name 24 = v7: Voltage 7
# name 25 = longitude: Longitude [deg]
# name 26 = latitude: Latitude [deg]
# name 27 = altM: Altimeter [m]
# name 28 = nbf: Bottles Fired
# name 29 = flag:  0.000e+00
# interval = seconds: 0.0416667
# start_time = Jul 01 2021 10:14:28 [NMEA time, header]
# bad_flag = -9.990e-29
*END*
[from data line 484]
      47045   1960.167     99.379    100.227     7.6807     7.6809  34.762002  34.763547     7.6711     7.6713    33.7051    33.7066    26.3048    26.3060     2.7407     2.7121     83.451     82.580     1.0757     1.0379     0.0403    -0.0177     3.2930     1.6960     0.0000 -124.67110   46.12698      99.78         10  0.000e+00
      47046   1960.208     99.379    100.227     7.6805     7.6810  34.761877  34.763046     7.6709     7.6713    33.7052    33.7061    26.3049    26.3055     2.7407     2.7121     83.452     82.581     1.0757     1.0379     0.0415     0.0129     3.2930     1.6960     0.0000 -124.67110   46.12698      99.78         10  0.000e+00
      47047   1960.250     99.326    100.173     7.6811     7.6811  34.761877  34.763233     7.6714     7.6714    33.7047    33.7062    26.3044    26.3056     2.7406     2.7120     83.450     82.580     1.0757     1.0379     0.0403    -0.0177     3.2930     1.6960     0.0000 -124.67110   46.12698      99.78         10  0.000e+00
      47048   1960.292     99.332    100.180     7.6811     7.6808  34.762065  34.762920     7.6714     7.6711    33.7049    33.7061    26.3046    26.3056     2.7406     2.7121     83.450     82.581     1.0757     1.0379     0.0403    -0.0177     3.2943     1.6960     0.0000 -124.67110   46.12698      99.78         10  0.000e+00
      47049   1960.333     99.279    100.127     7.6814     7.6809  34.762253  34.763233     7.6718     7.6713    33.7048    33.7064    26.3044    26.3057     2.7406     2.7120     83.449     82.580     1.0757     1.0379     0.0403    -0.0177     3.2943     1.6960     0.0000 -124.67110   46.12698      99.78         10  0.000e+00
      47050   1960.375     99.332    100.180     7.6815     7.6809  34.762190  34.763421     7.6718     7.6713    33.7047    33.7065    26.3043    26.3059     2.7406     2.7120     83.450     82.580     1.0757     1.0379     0.0415     0.0129     3.2930     1.6960     0.0000 -124.67110   46.12698      99.78         10  0.000e+00
      52087   2170.250     79.703     80.379     8.0938     8.0944  34.897217  34.891636     8.0859     8.0865    33.4623    33.4558    26.0536    26.0484     5.1954     5.1405    158.237    156.565     1.6154     1.5275     0.0415     0.0129     3.2869     1.4505     0.0000 -124.67146   46.12678      99.46         11  0.000e+00
      52088   2170.292     79.604     80.279     8.0938     8.0947  34.896777  34.891887     8.0859     8.0868    33.4619    33.4558    26.0533    26.0484     5.1954     5.1404    158.235    156.562     1.6154     1.5275     0.0403    -0.0177     3.2882     1.4505     0.0000 -124.67146   46.12678      99.46         11  0.000e+00
      52089   2170.333     79.803     80.480     8.0940     8.0943  34.896715  34.892013     8.0860     8.0864    33.4616    33.4563    26.0530    26.0488     5.1955     5.1406    158.239    156.567     1.6154     1.5275     0.0415     0.0129     3.2882     1.4505     0.0000 -124.67146   46.12678      99.46         11  0.000e+00
      52090   2170.375     79.703     80.379     8.0941     8.0944  34.896212  34.891824     8.0862     8.0865    33.4609    33.4560    26.0525    26.0486     5.1954     5.1344    158.237    156.378     1.6154     1.5263     0.0415     0.0129     3.2882     1.4505     0.0000 -124.67146   46.12678      99.46         11  0.000e+00
      52091   2170.417     79.756     80.433     8.0940     8.0946  34.896275  34.891197     8.0860     8.0867    33.4612    33.4551    26.0527    26.0478     5.1955     5.1344    158.239    156.380     1.6154     1.5263     0.0415     0.0129     3.2882     1.4505     0.0000 -124.67146   46.12678      99.46         11  0.000e+00
      52092   2170.458     79.756     80.433     8.0941     8.0946  34.896150  34.890883     8.0862     8.0867    33.4608    33.4548    26.0524    26.0476     5.1955     5.1344    158.238    156.380     1.6154     1.5263     0.0415     0.0129     3.2869     1.4505     0.0000 -124.67146   46.12678      99.46         11  0.000e+00
      52093   2170.500     79.703     80.380     8.0940     8.0946  34.896275  34.890569     8.0861     8.0867    33.4611    33.4545    26.0527    26.0473     5.1954     5.1344    158.237    156.379     1.6154     1.5263     0.0403    -0.0177     3.2882     1.4505     0.0000 -124.67146   46.12678      99.46         11  0.000e+00
      52094   2170.542     79.756     80.433     8.0941     8.0948  34.896589  34.890444     8.0862     8.0868    33.4613    33.4542    26.0528    26.0471     5.1955     5.1344    158.238    156.380     1.6154     1.5263     0.0403    -0.0177     3.2882     1.4505     0.0000 -124.67146   46.12678      99.46         11  0.000e+00
      52095   2170.583     79.803     80.480     8.0940     8.0951  34.896715  34.890695     8.0860     8.0872    33.4616    33.4541    26.0530    26.0470     5.1955     5.1344    158.239    156.380     1.6154     1.5263     0.0415     0.0129     3.2882     1.4505     0.0000 -124.67146   46.12678      99.46         11  0.000e+00
      52096   2170.625     79.756     80.433     8.0941     8.0951  34.896464  34.889816     8.0861     8.0872    33.4612    33.4532    26.0527    26.0463     5.1955     5.1344    158.238    156.380     1.6154     1.5263     0.0403    -0.0177     3.2869     1.4505     0.0000 -124.67146   46.12678      99.46         11  0.000e+00
      52097   2170.667     79.756     80.433     8.0940     8.0952  34.896401  34.889314     8.0861     8.0873    33.4612    33.4525    26.0528    26.0458     5.1899     5.1344    158.067    156.380     1.6142     1.5263     0.0415     0.0129     3.2869     1.4505     0.0000 -124.67146   46.12678      99.46         11  0.000e+00
      52098   2170.708     79.803     80.480     8.0941     8.0956  34.896590  34.887619     8.0862     8.0876    33.4613    33.4504    26.0528    26.0440     5.1955     5.1345    158.239    156.382     1.6154     1.5263     0.0415     0.0129     3.2869     1.4505     0.0000 -124.67146   46.12678      99.46         11  0.000e+00
      52099   2170.750     79.756     80.433     8.0940     8.0956  34.896213  34.887054     8.0861     8.0876    33.4610    33.4498    26.0526    26.0435     5.1955     5.1345    158.239    156.382     1.6154     1.5263     0.0415     0.0129     3.2869     1.4505     0.0000 -124.67146   46.12678      99.46         11  0.000e+00
      52100   2170.792     79.849     80.527     8.0941     8.0954  34.896087  34.887808     8.0862     8.0875    33.4607    33.4507    26.0524    26.0443     5.1955     5.1345    158.240    156.384     1.6154     1.5263     0.0403    -0.0177     3.2882     1.4505     0.0000 -124.67146   46.12678      99.46         11  0.000e+00
      52101   2170.833     79.803     80.480     8.0941     8.0956  34.896087  34.887494     8.0862     8.0876    33.4608    33.4502    26.0524    26.0439     5.1955     5.1345    158.239    156.383     1.6154     1.5263     0.0403    -0.0177     3.2869     1.4505     0.0000 -124.67146   46.12678      99.46         11  0.000e+00
      52102   2170.875     79.803     80.480     8.0941     8.0956  34.896276  34.887619     8.0861     8.0876    33.4610    33.4504    26.0526    26.0440     5.1955     5.1345    158.239    156.382     1.6154     1.5263     0.0415     0.0129     3.2869     1.4505     0.0000 -124.67146   46.12678      99.46         11  0.000e+00
      52103   2170.917     79.849     80.527     8.0941     8.0956  34.896590  34.887243     8.0862     8.0876    33.4613    33.4499    26.0528    26.0437     5.1955     5.1345    158.240    156.384     1.6154     1.5263     0.0415     0.0129     3.2894     1.4505     0.0000 -124.67146   46.12678      99.46         11  0.000e+00
      52104   2170.958     79.803     80.480     8.0941     8.0954  34.896464  34.887494     8.0862     8.0875    33.4612    33.4504    26.0527    26.0440     5.1955     5.1345    158.239    156.383     1.6154     1.5263     0.0403    -0.0177     3.2869     1.4505     0.0000 -124.67146   46.12678      99.46         11  0.000e+00
      52105   2171.000     79.849     80.527     8.0940     8.0957  34.896590  34.887494     8.0860     8.0878    33.4614    33.4501    26.0529    26.0437     5.1955     5.1345    158.240    156.383     1.6154     1.5263     0.0415     0.0129     3.2869     1.4505     0.0000 -124.67146   46.12678      99.46         11  0.000e+00
      52106   2171.042     79.849     80.527     8.0941     8.0958  34.896464  34.887117     8.0862     8.0878    33.4611    33.4496    26.0527    26.0434     5.1955     5.1284    158.240    156.197     1.6154     1.5250     0.0415     0.0129     3.2869     1.4505     0.0000 -124.67146   46.12678      99.46         11  0.000e+00
      52107   2171.083     79.849     80.527     8.0941     8.0961  34.896590  34.886866     8.0861     8.0881    33.4613    33.4491    26.0528    26.0429     5.1955     5.1284    158.240    156.196     1.6154     1.5250     0.0403    -0.0177     3.2894     1.4505     0.0000 -124.67146   46.12678      99.46         11  0.000e+00
      52108   2171.125     79.902     80.580     8.0940     8.0958  34.896464  34.886302     8.0860     8.0878    33.4612    33.4487    26.0528    26.0427     5.1956     5.1285    158.241    156.199     1.6154     1.5250     0.0403    -0.0177     3.2894     1.4505     0.0000 -124.67146   46.12678      99.46         11  0.000e+00
      52109   2171.167     79.849     80.527     8.0940     8.0958  34.896841  34.886552     8.0860     8.0878    33.4617    33.4490    26.0531    26.0429     5.1955     5.1284    158.240    156.197     1.6154     1.5250     0.0415     0.0129     3.2869     1.4505     0.0000 -124.67146   46.12678      99.46         11  0.000e+00
      52110   2171.208     79.849     80.527     8.0940     8.0959  34.896276  34.886741     8.0860     8.0880    33.4611    33.4491    26.0526    26.0429     5.1955     5.1284    158.240    156.197     1.6154     1.5250     0.0415     0.0129     3.2869     1.4505     0.0000 -124.67146   46.12678      99.46         11  0.000e+00
      52111   2171.250     79.902     80.580     8.0941     8.0956  34.895585  34.886490     8.0862     8.0876    33.4602    33.4491    26.0519    26.0430     5.1956     5.1285    158.242    156.199     1.6154     1.5250     0.0403    -0.0177     3.2882     1.4505     0.0000 -124.67146   46.12678      99.46         11  0.000e+00
      52112   2171.292     79.849     80.527     8.0941     8.0958  34.895459  34.885988     8.0861     8.0878    33.4601    33.4484    26.0519    26.0424     5.1956     5.1284    158.241    156.198     1.6154     1.5250     0.0403    -0.0177     3.2894     1.4493     0.0000 -124.67146   46.12678      99.46         11  0.000e+00
      52113   2171.333     79.949     80.627     8.0943     8.0959  34.895648  34.885360     8.0863     8.0880    33.4601    33.4476    26.0518    26.0417     5.1956     5.1285    158.242    156.200     1.6154     1.5250     0.0415     0.0129     3.2869     1.4505     0.0000 -124.67146   46.12678      99.46         11  0.000e+00
      52114   2171.375     79.849     80.527     8.0943     8.0960  34.895710  34.885172     8.0863     8.0881    33.4602    33.4473    26.0519    26.0415     5.1955     5.1284    158.240    156.198     1.6154     1.5250     0.0403    -0.0177     3.2894     1.4505     0.0000 -124.67146   46.12678      99.46         11  0.000e+00
      52115   2171.417     79.949     80.627     8.0940     8.0964  34.895083  34.884733     8.0860     8.0884    33.4598    33.4464    26.0516    26.0408     5.1957     5.1285    158.244    156.200     1.6154     1.5250     0.0403    -0.0177     3.2894     1.4493     0.0000 -124.67146   46.12678      99.46         11  0.000e+00
      52116   2171.458     79.902     80.580     8.0943     8.0963  34.893700  34.884795     8.0863     8.0883    33.4580    33.4467    26.0502    26.0410     5.2013     5.1285    158.415    156.199     1.6166     1.5250     0.0415     0.0129     3.2869     1.4505     0.0000 -124.67146   46.12678      99.46         11  0.000e+00
      52117   2171.500     79.902     80.580     8.0948     8.0966  34.890937  34.885360     8.0868     8.0886    33.4546    33.4469    26.0475    26.0412     5.1957     5.1284    158.246    156.198     1.6154     1.5250     0.0415     0.0129     3.2869     1.4505     0.0000 -124.67146   46.12678      99.46         11  0.000e+00
      52118   2171.542     79.995     80.674     8.0948     8.0964  34.889932  34.884984     8.0868     8.0884    33.4535    33.4467    26.0466    26.0410     5.1958     5.1224    158.249    156.014     1.6154     1.5238     0.0415     0.0129     3.2869     1.4505     0.0000 -124.67146   46.12678      99.46         11  0.000e+00
      52119   2171.583     79.903     80.581     8.0949     8.0964  34.889869  34.885360     8.0870     8.0884    33.4533    33.4471    26.0464    26.0413     5.1957     5.1223    158.247    156.011     1.6154     1.5238     0.0415     0.0129     3.2869     1.4493     0.0000 -124.67146   46.12678      99.46         11  0.000e+00
      52120   2171.625     79.949     80.627     8.0955     8.0966  34.890057  34.884795     8.0875     8.0886    33.4530    33.4463    26.0461    26.0407     5.1957     5.1223    158.246    156.013     1.6154     1.5238     0.0415     0.0129     3.2882     1.4505     0.0000 -124.67146   46.12678      99.46         11  0.000e+00
      52121   2171.667     79.903     80.581     8.0955     8.0964  34.889680  34.884795     8.0875     8.0884    33.4526    33.4465    26.0458    26.0409     5.1957     5.1223    158.246    156.012     1.6154     1.5238     0.0403    -0.0177     3.2869     1.4505     0.0000 -124.67146   46.12678      99.46         11  0.000e+00
      52122   2171.708     79.949     80.627     8.0954     8.0966  34.889052  34.885109     8.0874     8.0886    33.4520    33.4467    26.0453    26.0409     5.1901     5.1223    158.077    156.012     1.6142     1.5238     0.0403    -0.0177     3.2882     1.4505     0.0000 -124.67146   46.12678      99.46         11  0.000e+00
      52123   2171.750     79.949     80.627     8.0956     8.0965  34.888676  34.885172     8.0876     8.0886    33.4514    33.4468    26.0448    26.0410     5.1957     5.1223    158.248    156.012     1.6154     1.5238     0.0415     0.0129     3.2882     1.4505     0.0000 -124.67146   46.12678      99.46         11  0.000e+00
      52124   2171.792     79.995     80.674     8.0955     8.0964  34.888110  34.885925     8.0875     8.0884    33.4509    33.4477    26.0444    26.0418     5.1958     5.1223    158.250    156.013     1.6154     1.5238     0.0403    -0.0177     3.2882     1.4505     0.0000 -124.67146   46.12678      99.46         11  0.000e+00
      52125   2171.833     79.942     80.621     8.0955     8.0967  34.888424  34.885674     8.0875     8.0888    33.4513    33.4471    26.0447    26.0413     5.1958     5.1223    158.248    156.011     1.6154     1.5238     0.0415     0.0129     3.2894     1.4505     0.0000 -124.67146   46.12678      99.46         11  0.000e+00
      52126   2171.875     79.995     80.674     8.0955     8.0964  34.888110  34.885737     8.0875     8.0884    33.4509    33.4475    26.0444    26.0416     5.1958     5.1224    158.250    156.013     1.6154     1.5238     0.0403    -0.0177     3.2882     1.4505     0.0000 -124.67146   46.12678      99.46         11  0.000e+00
      52127   2171.917     79.949     80.627     8.0957     8.0964  34.887482  34.885611     8.0877     8.0884    33.4500    33.4474    26.0437    26.0415     5.1958     5.1223    158.249    156.012     1.6154     1.5238     0.0403    -0.0177     3.2894     1.4505     0.0000 -124.67146   46.12678      99.46         11  0.000e+00
