WCOA/WCOA-6/CTD_Data/RB2102_CTD_050_01.ros
* Sea-Bird SBE 9 Data File:
* FileName = C:\Users\scs.user.rb\CTD\RB2102\Data\RB2102_CTD_050_01.hex
* Software Version Seasave V 7.26.7.107
* Temperature SN = 6202
* Conductivity SN = 4907
* Number of Bytes Per Scan = 41
* Number of Voltage Words = 4
* Number of Scans Averaged by the Deck Unit = 1
* NMEA Latitude = 44 39.10 N
* NMEA Longitude = 124 17.75 W
* NMEA UTC (Time) = Jul 04 2021  09:34:07
* NMEA baud rate = 4800
# nquan = 30
# nvalues = 882                                   
# units = specified
# name 0 = scan: Scan Count
# name 1 = timeS: Time, Elapsed [seconds]
# name 2 = depSM: Depth [salt water, m]
# name 3 = prDM: Pressure, Digiquartz [db]
# name 4 = t090C: Temperature [ITS-90, deg C]
# name 5 = t190C: Temperature, 2 [ITS-90, deg C]
# name 6 = c0mS/cm: Conductivity [mS/cm]
# name 7 = c1mS/cm: Conductivity, 2 [mS/cm]
# name 8 = potemp090C: Potential Temperature [ITS-90, deg C]
# name 9 = potemp190C: Potential Temperature, 2 [ITS-90, deg C]
# name 10 = sal00: Salinity, Practical [PSU]
# name 11 = sal11: Salinity, Practical, 2 [PSU]
# name 12 = sigma-é00: Density [sigma-theta, kg/m^3]
# name 13 = sigma-é11: Density, 2 [sigma-theta, kg/m^3]
# name 14 = sbeox0Mg/L: Oxygen, SBE 43 [mg/l]
# name 15 = sbeox1Mg/L: Oxygen, SBE 43, 2 [mg/l]
# name 16 = sbox0Mm/Kg: Oxygen, SBE 43 [umol/kg]
# name 17 = sbox1Mm/Kg: Oxygen, SBE 43, 2 [umol/kg]
# name 18 = sbeox0V: Oxygen raw, SBE 43 [V]
# name 19 = sbeox1V: Oxygen raw, SBE 43, 2 [V]
# name 20 = v4: Voltage 4
# name 21 = flECO-AFL: Fluorescence, WET Labs ECO-AFL/FL [mg/m^3]
# name 22 = v3: Voltage 3
# name 23 = v6: Voltage 6
# name 24 = v7: Voltage 7
# name 25 = longitude: Longitude [deg]
# name 26 = latitude: Latitude [deg]
# name 27 = altM: Altimeter [m]
# name 28 = nbf: Bottles Fired
# name 29 = flag:  0.000e+00
# interval = seconds: 0.0416667
# start_time = Jul 04 2021 09:34:07 [NMEA time, header]
# bad_flag = -9.990e-29
*END*
      17084    711.792     70.882     71.472     7.3449     7.3450  34.639724  34.640417     7.3382     7.3383    33.9137    33.9143    26.5161    26.5166     1.1246     1.2032     34.238     36.629     0.7277     0.7399     0.0537     0.3181     3.3651     0.0000     0.0000 -124.29702   44.65178      10.11          1  0.000e+00
      17085    711.833     70.849     71.439     7.3452     7.3450  34.639786  34.640729     7.3385     7.3383    33.9135    33.9147    26.5159    26.5169     1.1246     1.2032     34.237     36.629     0.7277     0.7399     0.0537     0.3181     3.3651     0.0000     0.0000 -124.29702   44.65178      10.16          1  0.000e+00
      17086    711.875     70.750     71.339     7.3449     7.3451  34.639598  34.640604     7.3382     7.3384    33.9136    33.9145    26.5160    26.5167     1.1246     1.2032     34.237     36.628     0.7277     0.7399     0.0537     0.3181     3.3651     0.0000     0.0000 -124.29702   44.65178      10.23          1  0.000e+00
      17087    711.917     70.796     71.385     7.3451     7.3452  34.639912  34.640542     7.3384     7.3385    33.9137    33.9143    26.5161    26.5166     1.1246     1.2032     34.237     36.628     0.7277     0.7399     0.0537     0.3181     3.3639     0.0000     0.0000 -124.29702   44.65178      10.26          1  0.000e+00
      17088    711.958     70.783     71.372     7.3449     7.3452  34.639598  34.640541     7.3382     7.3385    33.9136    33.9143    26.5160    26.5166     1.1246     1.1969     34.237     36.439     0.7277     0.7387     0.0537     0.3181     3.3639     0.0000     0.0000 -124.29702   44.65178      10.26          1  0.000e+00
      17089    712.000     70.750     71.339     7.3451     7.3451  34.639974  34.640291     7.3384     7.3384    33.9139    33.9141    26.5162    26.5165     1.1246     1.1969     34.237     36.439     0.7277     0.7387     0.0537     0.3181     3.3651     0.0000     0.0000 -124.29702   44.65178      10.26          1  0.000e+00
      17090    712.042     70.697     71.285     7.3452     7.3450  34.640099  34.640228     7.3386     7.3383    33.9138    33.9142    26.5162    26.5165     1.1246     1.1969     34.237     36.439     0.7277     0.7387     0.0549     0.3486     3.3639     0.0000     0.0000 -124.29702   44.65178      10.26          1  0.000e+00
      17091    712.083     70.697     71.285     7.3452     7.3450  34.639911  34.640416     7.3385     7.3383    33.9137    33.9144    26.5161    26.5167     1.1246     1.2032     34.237     36.628     0.7277     0.7399     0.0537     0.3181     3.3639     0.0000     0.0000 -124.29702   44.65178      10.31          1  0.000e+00
      17092    712.125     70.683     71.272     7.3454     7.3452  34.640036  34.640353     7.3388     7.3386    33.9136    33.9141    26.5160    26.5164     1.1246     1.1969     34.237     36.438     0.7277     0.7387     0.0537     0.3181     3.3651     0.0000     0.0000 -124.29702   44.65178      10.38          1  0.000e+00
      17093    712.167     70.650     71.238     7.3454     7.3452  34.639848  34.640228     7.3387     7.3385    33.9134    33.9140    26.5159    26.5164     1.1246     1.2031     34.236     36.628     0.7277     0.7399     0.0537     0.3181     3.3639     0.0000     0.0000 -124.29702   44.65178      10.40          1  0.000e+00
      17094    712.208     70.604     71.192     7.3455     7.3452  34.640036  34.640228     7.3389     7.3385    33.9135    33.9141    26.5159    26.5164     1.1189     1.2031     34.063     36.627     0.7265     0.7399     0.0537     0.3181     3.3651     0.0000     0.0000 -124.29702   44.65178      10.40          1  0.000e+00
      17095    712.250     70.604     71.192     7.3454     7.3456  34.640099  34.640666     7.3388     7.3389    33.9137    33.9142    26.5160    26.5164     1.1246     1.2031     34.236     36.627     0.7277     0.7399     0.0537     0.3181     3.3651     0.0000     0.0000 -124.29702   44.65178      10.38          1  0.000e+00
      17096    712.292     70.637     71.225     7.3457     7.3452  34.640099  34.640604     7.3390     7.3385    33.9134    33.9145    26.5158    26.5167     1.1246     1.1969     34.236     36.438     0.7277     0.7387     0.0537     0.3181     3.3651     0.0000     0.0000 -124.29702   44.65178      10.38          1  0.000e+00
      17097    712.333     70.551     71.138     7.3457     7.3455  34.640099  34.640728     7.3390     7.3389    33.9134    33.9143    26.5158    26.5165     1.1246     1.2031     34.236     36.627     0.7277     0.7399     0.0537     0.3181     3.3651     0.0000     0.0000 -124.29702   44.65178      10.43          1  0.000e+00
      17098    712.375     70.551     71.138     7.3459     7.3456  34.640286  34.640353     7.3392     7.3389    33.9135    33.9138    26.5158    26.5161     1.1246     1.1969     34.236     36.438     0.7277     0.7387     0.0549     0.3486     3.3651     0.0000     0.0000 -124.29702   44.65178      10.48          1  0.000e+00
      17099    712.417     70.505     71.091     7.3457     7.3453  34.640412  34.640415     7.3390     7.3387    33.9138    33.9142    26.5161    26.5164     1.1189     1.2031     34.062     36.627     0.7265     0.7399     0.0549     0.3486     3.3651     0.0000     0.0000 -124.29702   44.65178      10.50          1  0.000e+00
      17100    712.458     70.538     71.125     7.3457     7.3455  34.640161  34.640541     7.3390     7.3389    33.9135    33.9141    26.5159    26.5164     1.1246     1.2031     34.236     36.627     0.7277     0.7399     0.0562     0.3792     3.3639     0.0000     0.0000 -124.29702   44.65178      10.48          1  0.000e+00
      17101    712.500     70.505     71.091     7.3457     7.3456  34.640349  34.640540     7.3390     7.3389    33.9138    33.9141    26.5161    26.5163     1.1246     1.2031     34.235     36.627     0.7277     0.7399     0.0562     0.3792     3.3639     0.0000     0.0000 -124.29702   44.65178      10.48          1  0.000e+00
      17102    712.542     70.405     70.991     7.3459     7.3455  34.640411  34.640039     7.3392     7.3389    33.9137    33.9136    26.5160    26.5160     1.1245     1.2031     34.235     36.626     0.7277     0.7399     0.0549     0.3486     3.3651     0.0000     0.0000 -124.29702   44.65178      10.50          1  0.000e+00
      17103    712.583     70.505     71.091     7.3456     7.3453  34.640161  34.640603     7.3389     7.3387    33.9137    33.9144    26.5160    26.5166     1.1246     1.2031     34.236     36.627     0.7277     0.7399     0.0549     0.3486     3.3639     0.0000     0.0000 -124.29702   44.65178      10.55          1  0.000e+00
      17104    712.625     70.392     70.978     7.3457     7.3456  34.640098  34.640853     7.3390     7.3389    33.9136    33.9145    26.5159    26.5166     1.1246     1.2031     34.235     36.626     0.7277     0.7399     0.0549     0.3486     3.3651     0.0000     0.0000 -124.29702   44.65178      10.62          1  0.000e+00
      17105    712.667     70.405     70.991     7.3456     7.3453  34.640098  34.640603     7.3389     7.3387    33.9136    33.9144    26.5160    26.5166     1.1246     1.2031     34.235     36.626     0.7277     0.7399     0.0549     0.3486     3.3651     0.0000     0.0000 -124.29702   44.65178      10.65          1  0.000e+00
      17106    712.708     70.405     70.991     7.3455     7.3453  34.640098  34.640728     7.3389     7.3387    33.9137    33.9146    26.5160    26.5167     1.1246     1.2031     34.235     36.626     0.7277     0.7399     0.0549     0.3486     3.3651     0.0000     0.0000 -124.29702   44.65178      10.65          1  0.000e+00
      17107    712.750     70.359     70.945     7.3455     7.3456  34.640098  34.640603     7.3389     7.3389    33.9137    33.9142    26.5161    26.5164     1.1246     1.2031     34.235     36.626     0.7277     0.7399     0.0549     0.3486     3.3639     0.0000     0.0000 -124.29702   44.65178      10.65          1  0.000e+00
      17108    712.792     70.392     70.978     7.3456     7.3457  34.640098  34.640728     7.3389     7.3390    33.9137    33.9142    26.5160    26.5164     1.1246     1.2031     34.235     36.626     0.7277     0.7399     0.0562     0.3792     3.3639     0.0000     0.0000 -124.29702   44.65178      10.65          1  0.000e+00
      17109    712.833     70.306     70.891     7.3454     7.3453  34.640098  34.640853     7.3387     7.3387    33.9139    33.9147    26.5162    26.5169     1.1188     1.2031     34.061     36.626     0.7265     0.7399     0.0549     0.3486     3.3651     0.0000     0.0000 -124.29702   44.65178      10.70          1  0.000e+00
      17110    712.875     70.306     70.891     7.3456     7.3456  34.639597  34.640853     7.3389     7.3389    33.9131    33.9145    26.5156    26.5167     1.1245     1.1969     34.235     36.436     0.7277     0.7387     0.0549     0.3486     3.3639     0.0000     0.0000 -124.29702   44.65178      10.74          1  0.000e+00
      17111    712.917     70.293     70.878     7.3455     7.3455  34.586123  34.640602     7.3389     7.3389    33.8550    33.9143    26.4699    26.5165     1.1193     1.1969     34.076     36.436     0.7265     0.7387     0.0549     0.3486     3.3651     0.0000     0.0000 -124.29702   44.65178      10.77          1  0.000e+00
      17112    712.958     70.306     70.891     7.3455     7.3453  34.547322  34.640728     7.3389     7.3387    33.8128    33.9146    26.4367    26.5168     1.1196     1.1969     34.086     36.436     0.7265     0.7387     0.0562     0.3792     3.3639     0.0000     0.0000 -124.29702   44.65178      10.77          1  0.000e+00
      17113    713.000     70.206     70.791     7.3456     7.3456  34.614859  34.640414     7.3389     7.3389    33.8863    33.9141    26.4945    26.5163     1.1190     1.2031     34.068     36.625     0.7265     0.7399     0.0549     0.3486     3.3639     0.0000     0.0000 -124.29702   44.65178      10.74          1  0.000e+00
      17114    713.042     70.259     70.844     7.3455     7.3453  34.639659  34.639976     7.3389     7.3387    33.9133    33.9138    26.5157    26.5162     1.1188     1.2031     34.061     36.626     0.7265     0.7399     0.0549     0.3486     3.3663     0.0000     0.0000 -124.29702   44.65178      10.74          1  0.000e+00
      17115    713.083     70.240     70.824     7.3455     7.3454  34.640035  34.640352     7.3389     7.3388    33.9137    33.9142    26.5160    26.5164     1.1245     1.2031     34.234     36.626     0.7277     0.7399     0.0549     0.3486     3.3651     0.0000     0.0000 -124.29702   44.65178      10.79          1  0.000e+00
      17116    713.125     70.206     70.791     7.3456     7.3453  34.639847  34.640540     7.3389     7.3387    33.9135    33.9144    26.5158    26.5167     1.1245     1.1969     34.234     36.436     0.7277     0.7387     0.0549     0.3486     3.3639     0.0000     0.0000 -124.29702   44.65178      10.87          1  0.000e+00
      17117    713.167     70.206     70.791     7.3455     7.3453  34.640035  34.640039     7.3389     7.3387    33.9137    33.9139    26.5161    26.5162     1.1188     1.2031     34.061     36.625     0.7265     0.7399     0.0549     0.3486     3.3651     0.0000     0.0000 -124.29702   44.65178      10.89          1  0.000e+00
      17118    713.208     70.206     70.791     7.3456     7.3456  34.640097  34.640352     7.3389     7.3389    33.9137    33.9140    26.5161    26.5163     1.1245     1.1968     34.234     36.436     0.7277     0.7387     0.0562     0.3792     3.3639     0.0000     0.0000 -124.29702   44.65178      10.89          1  0.000e+00
      17119    713.250     70.147     70.731     7.3455     7.3453  34.640285  34.640289     7.3389     7.3387    33.9140    33.9142    26.5163    26.5165     1.1245     1.1968     34.234     36.436     0.7277     0.7387     0.0549     0.3486     3.3651     0.0000     0.0000 -124.29702   44.65178      10.89          1  0.000e+00
      17120    713.292     70.206     70.791     7.3457     7.3457  34.639972  34.640414     7.3390     7.3390    33.9135    33.9140    26.5159    26.5162     1.1245     1.1968     34.234     36.436     0.7277     0.7387     0.0549     0.3486     3.3651     0.0000     0.0000 -124.29702   44.65178      10.89          1  0.000e+00
      17121    713.333     70.114     70.697     7.3456     7.3456  34.640034  34.640727     7.3389     7.3390    33.9137    33.9145    26.5160    26.5166     1.1245     1.2030     34.234     36.625     0.7277     0.7399     0.0549     0.3486     3.3663     0.0000     0.0000 -124.29702   44.65178      10.92          1  0.000e+00
      17122    713.375     70.160     70.744     7.3454     7.3453  34.639909  34.640352     7.3388     7.3387    33.9137    33.9143    26.5161    26.5165     1.1245     1.2031     34.234     36.625     0.7277     0.7399     0.0549     0.3486     3.3651     0.0000     0.0000 -124.29702   44.65178      10.96          1  0.000e+00
      17123    713.417     70.094     70.677     7.3456     7.3457  34.640034  34.640414     7.3389     7.3391    33.9137    33.9140    26.5161    26.5163     1.1188     1.1968     34.060     36.435     0.7265     0.7387     0.0549     0.3486     3.3651     0.0000     0.0000 -124.29702   44.65178      10.99          1  0.000e+00
      17124    713.458     70.114     70.697     7.3455     7.3457  34.639847  34.640539     7.3389     7.3391    33.9136    33.9141    26.5159    26.5163     1.1245     1.2030     34.234     36.625     0.7277     0.7399     0.0549     0.3486     3.3639     0.0000     0.0000 -124.29702   44.65178      10.96          1  0.000e+00
      17125    713.500     70.160     70.744     7.3454     7.3455  34.640035  34.640539     7.3388     7.3389    33.9139    33.9143    26.5162    26.5165     1.1188     1.2031     34.061     36.625     0.7265     0.7399     0.0549     0.3486     3.3639     0.0000     0.0000 -124.29702   44.65178      10.96          1  0.000e+00
      17126    713.542     70.061     70.644     7.3456     7.3455  34.639596  34.640289     7.3390     7.3389    33.9133    33.9141    26.5157    26.5163     1.1188     1.2030     34.060     36.625     0.7265     0.7399     0.0562     0.3792     3.3639     0.0000     0.0000 -124.29702   44.65178      10.96          1  0.000e+00
      17127    713.583     70.094     70.677     7.3454     7.3457  34.639471  34.640226     7.3388     7.3391    33.9133    33.9138    26.5157    26.5161     1.1188     1.2030     34.061     36.625     0.7265     0.7399     0.0549     0.3486     3.3639     0.0000     0.0000 -124.29702   44.65178      10.99          1  0.000e+00
      17128    713.625     70.114     70.697     7.3455     7.3455  34.639721  34.640414     7.3389     7.3389    33.9134    33.9142    26.5158    26.5164     1.1188     1.2031     34.060     36.625     0.7265     0.7399     0.0549     0.3486     3.3639     0.0000     0.0000 -124.29702   44.65178      11.04          1  0.000e+00
      17129    713.667     70.061     70.644     7.3454     7.3455  34.639784  34.640289     7.3388     7.3389    33.9136    33.9141    26.5160    26.5163     1.1245     1.2030     34.234     36.625     0.7277     0.7399     0.0549     0.3486     3.3651     0.0000     0.0000 -124.29702   44.65178      11.04          1  0.000e+00
      17130    713.708     70.094     70.677     7.3454     7.3454  34.639784  34.640414     7.3388     7.3388    33.9136    33.9143    26.5160    26.5165     1.1245     1.1968     34.234     36.435     0.7277     0.7387     0.0549     0.3486     3.3651     0.0000     0.0000 -124.29702   44.65178      11.04          1  0.000e+00
      17131    713.750     70.014     70.597     7.3454     7.3455  34.640034  34.640289     7.3388     7.3389    33.9139    33.9141    26.5162    26.5163     1.1245     1.2030     34.233     36.624     0.7277     0.7399     0.0549     0.3486     3.3651     0.0000     0.0000 -124.29702   44.65178      11.04          1  0.000e+00
