WCOA/WCOA-6/CTD_Data/RB2102_CTD_033_01.ros
* Sea-Bird SBE 9 Data File:
* FileName = C:\Users\scs.user.rb\CTD\RB2102\Data\RB2102_CTD_033_01.hex
* Software Version Seasave V 7.26.7.107
* Temperature SN = 6202
* Conductivity SN = 4907
* Number of Bytes Per Scan = 41
* Number of Voltage Words = 4
* Number of Scans Averaged by the Deck Unit = 1
* NMEA Latitude = 46 07.71 N
* NMEA Longitude = 124 31.57 W
* NMEA UTC (Time) = Jul 01 2021  05:01:31
* NMEA baud rate = 4800
# nquan = 30
# nvalues = 980                                   
# units = specified
# name 0 = scan: Scan Count
# name 1 = timeS: Time, Elapsed [seconds]
# name 2 = depSM: Depth [salt water, m]
# name 3 = prDM: Pressure, Digiquartz [db]
# name 4 = t090C: Temperature [ITS-90, deg C]
# name 5 = t190C: Temperature, 2 [ITS-90, deg C]
# name 6 = c0mS/cm: Conductivity [mS/cm]
# name 7 = c1mS/cm: Conductivity, 2 [mS/cm]
# name 8 = potemp090C: Potential Temperature [ITS-90, deg C]
# name 9 = potemp190C: Potential Temperature, 2 [ITS-90, deg C]
# name 10 = sal00: Salinity, Practical [PSU]
# name 11 = sal11: Salinity, Practical, 2 [PSU]
# name 12 = sigma-é00: Density [sigma-theta, kg/m^3]
# name 13 = sigma-é11: Density, 2 [sigma-theta, kg/m^3]
# name 14 = sbeox0Mg/L: Oxygen, SBE 43 [mg/l]
# name 15 = sbeox1Mg/L: Oxygen, SBE 43, 2 [mg/l]
# name 16 = sbox0Mm/Kg: Oxygen, SBE 43 [umol/kg]
# name 17 = sbox1Mm/Kg: Oxygen, SBE 43, 2 [umol/kg]
# name 18 = sbeox0V: Oxygen raw, SBE 43 [V]
# name 19 = sbeox1V: Oxygen raw, SBE 43, 2 [V]
# name 20 = v4: Voltage 4
# name 21 = flECO-AFL: Fluorescence, WET Labs ECO-AFL/FL [mg/m^3]
# name 22 = v3: Voltage 3
# name 23 = v6: Voltage 6
# name 24 = v7: Voltage 7
# name 25 = longitude: Longitude [deg]
# name 26 = latitude: Latitude [deg]
# name 27 = altM: Altimeter [m]
# name 28 = nbf: Bottles Fired
# name 29 = flag:  0.000e+00
# interval = seconds: 0.0416667
# start_time = Jul 01 2021 05:01:31 [NMEA time, header]
# bad_flag = -9.990e-29
*END*
[from data line 774]
      55042   2293.375     10.737     10.826    16.5247    16.5247  40.532959  40.533067    16.5230    16.5230    31.5881    31.5882    23.0070    23.0071     8.8731     8.6942    271.053    265.587     2.7949     2.5934     0.0598     0.4707     3.2882     0.6886     0.0000 -124.52646   46.12820      99.83         16  0.000e+00
      55043   2293.417     10.677     10.766    16.5244    16.5244  40.532892  40.533067    16.5227    16.5227    31.5883    31.5885    23.0072    23.0074     8.8731     8.6942    271.052    265.587     2.7949     2.5934     0.0598     0.4707     3.2882     0.6886     0.0000 -124.52646   46.12820      99.80         16  0.000e+00
      55044   2293.458     10.724     10.813    16.5242    16.5247  40.533159  40.533267    16.5225    16.5230    31.5886    31.5884    23.0075    23.0072     8.8732     8.6942    271.054    265.587     2.7949     2.5934     0.0598     0.4707     3.2882     0.6874     0.0000 -124.52646   46.12820      99.80         16  0.000e+00
      55045   2293.500     10.684     10.773    16.5244    16.5244  40.532959  40.533134    16.5227    16.5227    31.5884    31.5885    23.0073    23.0074     8.8731     8.6993    271.052    265.742     2.7949     2.5946     0.0586     0.4402     3.2882     0.6886     0.0000 -124.52646   46.12820      99.80         16  0.000e+00
      55046   2293.542     10.724     10.813    16.5239    16.5245  40.532893  40.533067    16.5222    16.5228    31.5887    31.5883    23.0076    23.0072     8.8732     8.6942    271.055    265.588     2.7949     2.5934     0.0598     0.4707     3.2882     0.6886     0.0000 -124.52646   46.12820      99.80         16  0.000e+00
      55047   2293.583     10.724     10.813    16.5236    16.5246  40.532626  40.533067    16.5219    16.5229    31.5887    31.5883    23.0077    23.0072     8.8733     8.6993    271.057    265.743     2.7949     2.5946     0.0598     0.4707     3.2894     0.6886     0.0000 -124.52646   46.12820      99.80         16  0.000e+00
      55048   2293.625     10.677     10.766    16.5237    16.5247  40.532559  40.533267    16.5220    16.5230    31.5886    31.5884    23.0076    23.0072     8.8732     8.6941    271.055    265.585     2.7949     2.5934     0.0598     0.4707     3.2882     0.6886     0.0000 -124.52646   46.12820      99.80         16  0.000e+00
      55049   2293.667     10.737     10.826    16.5236    16.5242  40.532759  40.532867    16.5219    16.5225    31.5888    31.5884    23.0078    23.0074     8.8733     8.6994    271.057    265.745     2.7949     2.5946     0.0598     0.4707     3.2869     0.6874     0.0000 -124.52646   46.12820      99.80         16  0.000e+00
      55050   2293.708     10.724     10.813    16.5229    16.5243  40.532093  40.532934    16.5212    16.5227    31.5888    31.5884    23.0080    23.0073     8.8734     8.6942    271.061    265.588     2.7949     2.5934     0.0586     0.4402     3.2894     0.6874     0.0000 -124.52646   46.12820      99.80         16  0.000e+00
      55051   2293.750     10.724     10.813    16.5230    16.5237  40.532626  40.532468    16.5213    16.5220    31.5891    31.5884    23.0082    23.0075     8.8733     8.6994    271.059    265.747     2.7949     2.5946     0.0586     0.4402     3.2894     0.6886     0.0000 -124.52646   46.12820      99.80         16  0.000e+00
      57993   2416.333      3.417      3.445    16.5326    16.5326  40.535730  40.535370    16.5320    16.5321    31.5869    31.5866    23.0041    23.0038     8.8637     8.3043    270.765    253.677     2.7949     2.5018     0.0574     0.4097     3.2821     0.6923     0.0000 -124.52656   46.12812      99.80         17  0.000e+00
      57994   2416.375      3.543      3.572    16.5325    16.5329  40.535930  40.535903    16.5319    16.5323    31.5871    31.5868    23.0042    23.0039     8.8591     8.2993    270.626    253.524     2.7937     2.5006     0.0574     0.4097     3.2821     0.6923     0.0000 -124.52656   46.12812      99.80         17  0.000e+00
      57995   2416.417      3.496      3.526    16.5322    16.5326  40.535463  40.536170    16.5317    16.5321    31.5869    31.5872    23.0041    23.0043     8.8591     8.3043    270.626    253.678     2.7937     2.5018     0.0574     0.4097     3.2821     0.6923     0.0000 -124.52656   46.12812      99.80         17  0.000e+00
      57996   2416.458      3.450      3.479    16.5324    16.5329  40.535596  40.536169    16.5319    16.5323    31.5869    31.5871    23.0041    23.0041     8.8637     8.3043    270.767    253.676     2.7949     2.5018     0.0574     0.4097     3.2845     0.6923     0.0000 -124.52656   46.12812      99.80         17  0.000e+00
      57997   2416.500      3.497      3.526    16.5327    16.5328  40.535730  40.535636    16.5321    16.5323    31.5868    31.5866    23.0040    23.0038     8.8637     8.3043    270.767    253.678     2.7949     2.5018     0.0562     0.3792     3.2833     0.6923     0.0000 -124.52656   46.12812      99.83         17  0.000e+00
      57998   2416.542      3.497      3.526    16.5324    16.5327  40.535663  40.535703    16.5318    16.5321    31.5870    31.5868    23.0041    23.0039     8.8638     8.3094    270.768    253.834     2.7949     2.5031     0.0562     0.3792     3.2833     0.6923     0.0000 -124.52656   46.12812      99.80         17  0.000e+00
      57999   2416.583      3.450      3.479    16.5326    16.5328  40.535663  40.535836    16.5320    16.5323    31.5869    31.5868    23.0040    23.0039     8.8637     8.3093    270.766    253.832     2.7949     2.5031     0.0562     0.3792     3.2833     0.6923     0.0000 -124.52656   46.12812      99.80         17  0.000e+00
      58000   2416.625      3.497      3.526    16.5327    16.5324  40.535397  40.535836    16.5321    16.5318    31.5865    31.5872    23.0038    23.0043     8.8684     8.3044    270.911    253.680     2.7961     2.5018     0.0574     0.4097     3.2833     0.6923     0.0000 -124.52656   46.12812      99.83         17  0.000e+00
      58001   2416.667      3.450      3.479    16.5324    16.5324  40.535596  40.535237    16.5319    16.5318    31.5869    31.5867    23.0041    23.0039     8.8684     8.2993    270.910    253.524     2.7961     2.5006     0.0562     0.3792     3.2833     0.6923     0.0000 -124.52656   46.12812      99.83         17  0.000e+00
      58002   2416.708      3.497      3.526    16.5326    16.5325  40.535663  40.535637    16.5320    16.5319    31.5868    31.5869    23.0040    23.0041     8.8638     8.2993    270.767    253.525     2.7949     2.5006     0.0574     0.4097     3.2833     0.6923     0.0000 -124.52656   46.12812      99.80         17  0.000e+00
      58003   2416.750      3.510      3.539    16.5325    16.5324  40.535397  40.535570    16.5319    16.5318    31.5867    31.5869    23.0039    23.0041     8.8638     8.2993    270.769    253.526     2.7949     2.5006     0.0562     0.3792     3.2833     0.6923     0.0000 -124.52656   46.12812      99.80         17  0.000e+00
      58004   2416.792      3.450      3.479    16.5324    16.5325  40.535330  40.535503    16.5319    16.5319    31.5867    31.5868    23.0039    23.0040     8.8637     8.3043    270.767    253.678     2.7949     2.5018     0.0562     0.3792     3.2833     0.6923     0.0000 -124.52656   46.12812      99.83         17  0.000e+00
      58005   2416.833      3.497      3.526    16.5324    16.5325  40.535330  40.535703    16.5318    16.5320    31.5867    31.5869    23.0039    23.0041     8.8638     8.3044    270.769    253.679     2.7949     2.5018     0.0574     0.4097     3.2833     0.6923     0.0000 -124.52656   46.12812      99.83         17  0.000e+00
      58006   2416.875      3.450      3.479    16.5323    16.5325  40.535530  40.535237    16.5318    16.5319    31.5869    31.5866    23.0041    23.0038     8.8637     8.3043    270.767    253.679     2.7949     2.5018     0.0574     0.4097     3.2833     0.6923     0.0000 -124.52656   46.12812      99.80         17  0.000e+00
      58007   2416.917      3.497      3.526    16.5324    16.5325  40.535663  40.535103    16.5318    16.5320    31.5870    31.5864    23.0041    23.0037     8.8638     8.3044    270.768    253.680     2.7949     2.5018     0.0574     0.4097     3.2821     0.6923     0.0000 -124.52656   46.12812      99.80         17  0.000e+00
      58008   2416.958      3.450      3.479    16.5326    16.5327  40.535930  40.535636    16.5320    16.5321    31.5871    31.5867    23.0042    23.0039     8.8637     8.2992    270.765    253.522     2.7949     2.5006     0.0574     0.4097     3.2833     0.6923     0.0000 -124.52656   46.12812      99.80         17  0.000e+00
      58009   2417.000      3.497      3.526    16.5327    16.5325  40.535797  40.535303    16.5321    16.5319    31.5869    31.5866    23.0040    23.0038     8.8637     8.2993    270.767    253.525     2.7949     2.5006     0.0562     0.3792     3.2833     0.6923     0.0000 -124.52656   46.12812      99.83         17  0.000e+00
      58010   2417.042      3.450      3.479    16.5324    16.5329  40.535663  40.535636    16.5319    16.5323    31.5870    31.5866    23.0042    23.0038     8.8637     8.2992    270.766    253.522     2.7949     2.5006     0.0574     0.4097     3.2833     0.6923     0.0000 -124.52656   46.12812      99.83         17  0.000e+00
      58011   2417.083      3.450      3.479    16.5324    16.5323  40.535663  40.535836    16.5319    16.5318    31.5870    31.5872    23.0042    23.0043     8.8637     8.3043    270.766    253.678     2.7949     2.5018     0.0574     0.4097     3.2833     0.6923     0.0000 -124.52656   46.12812      99.83         17  0.000e+00
      58012   2417.125      3.497      3.526    16.5327    16.5322  40.535397  40.535570    16.5321    16.5316    31.5865    31.5871    23.0038    23.0043     8.8638     8.3044    270.768    253.681     2.7949     2.5018     0.0562     0.3792     3.2821     0.6923     0.0000 -124.52656   46.12812      99.80         17  0.000e+00
      58013   2417.167      3.464      3.492    16.5322    16.5323  40.535863  40.535170    16.5317    16.5318    31.5873    31.5866    23.0044    23.0039     8.8638     8.3145    270.767    253.990     2.7949     2.5043     0.0574     0.4097     3.2821     0.6923     0.0000 -124.52656   46.12812      99.80         17  0.000e+00
      58014   2417.208      3.450      3.479    16.5328    16.5325  40.536263  40.535636    16.5322    16.5320    31.5872    31.5869    23.0042    23.0040     8.8683     8.3094    270.907    253.833     2.7961     2.5031     0.0574     0.4097     3.2821     0.6923     0.0000 -124.52656   46.12812      99.80         17  0.000e+00
      58015   2417.250      3.497      3.526    16.5327    16.5325  40.536130  40.535836    16.5321    16.5319    31.5872    31.5871    23.0042    23.0042     8.8637     8.3044    270.766    253.679     2.7949     2.5018     0.0574     0.4097     3.2821     0.6923     0.0000 -124.52656   46.12812      99.80         17  0.000e+00
      58016   2417.292      3.450      3.479    16.5328    16.5325  40.535796  40.536036    16.5322    16.5320    31.5868    31.5872    23.0039    23.0043     8.8684     8.2992    270.908    253.522     2.7961     2.5006     0.0574     0.4097     3.2833     0.6923     0.0000 -124.52656   46.12812      99.80         17  0.000e+00
      58017   2417.333      3.450      3.479    16.5328    16.5325  40.535396  40.535903    16.5322    16.5320    31.5865    31.5871    23.0037    23.0042     8.8684     8.3043    270.909    253.678     2.7961     2.5018     0.0562     0.3792     3.2821     0.6923     0.0000 -124.52656   46.12812      99.80         17  0.000e+00
      58018   2417.375      3.450      3.479    16.5328    16.5326  40.535863  40.535836    16.5323    16.5321    31.5868    31.5869    23.0039    23.0041     8.8683     8.3144    270.908    253.987     2.7961     2.5043     0.0562     0.3792     3.2833     0.6923     0.0000 -124.52656   46.12812      99.80         17  0.000e+00
      58019   2417.417      3.450      3.479    16.5326    16.5325  40.535730  40.535570    16.5320    16.5320    31.5869    31.5868    23.0041    23.0040     8.8684     8.3043    270.909    253.678     2.7961     2.5018     0.0562     0.3792     3.2833     0.6923     0.0000 -124.52656   46.12812      99.80         17  0.000e+00
      58020   2417.458      3.450      3.479    16.5328    16.5325  40.535663  40.535703    16.5322    16.5319    31.5867    31.5870    23.0038    23.0041     8.8684     8.3043    270.908    253.678     2.7961     2.5018     0.0562     0.3792     3.2833     0.6923     0.0000 -124.52656   46.12812      99.80         17  0.000e+00
      58021   2417.500      3.450      3.479    16.5327    16.5325  40.535130  40.535836    16.5321    16.5320    31.5863    31.5870    23.0036    23.0042     8.8684     8.2992    270.910    253.523     2.7961     2.5006     0.0562     0.3792     3.2833     0.6923     0.0000 -124.52656   46.12812      99.80         17  0.000e+00
      58022   2417.542      3.497      3.526    16.5322    16.5323  40.535530  40.535570    16.5317    16.5318    31.5870    31.5870    23.0042    23.0042     8.8685     8.3145    270.912    253.990     2.7961     2.5043     0.0574     0.4097     3.2821     0.6923     0.0000 -124.52656   46.12812      99.80         17  0.000e+00
      58023   2417.583      3.417      3.446    16.5322    16.5324  40.535330  40.534903    16.5317    16.5318    31.5868    31.5864    23.0041    23.0037     8.8684     8.3094    270.910    253.834     2.7961     2.5031     0.0574     0.4097     3.2833     0.6923     0.0000 -124.52656   46.12812      99.80         17  0.000e+00
      58024   2417.625      3.398      3.426    16.5325    16.5323  40.534796  40.535303    16.5319    16.5318    31.5862    31.5868    23.0035    23.0040     8.8684     8.3043    270.909    253.678     2.7961     2.5018     0.0562     0.3792     3.2821     0.6923     0.0000 -124.52656   46.12812      99.80         17  0.000e+00
      58025   2417.667      3.450      3.479    16.5322    16.5324  40.534863  40.535703    16.5317    16.5318    31.5864    31.5871    23.0038    23.0042     8.8685     8.3043    270.912    253.679     2.7961     2.5018     0.0574     0.4097     3.2833     0.6923     0.0000 -124.52656   46.12812      99.80         17  0.000e+00
      58026   2417.708      3.398      3.426    16.5324    16.5325  40.535196  40.535569    16.5319    16.5320    31.5866    31.5868    23.0039    23.0040     8.8684     8.3043    270.909    253.676     2.7961     2.5018     0.0562     0.3792     3.2833     0.6923     0.0000 -124.52656   46.12812      99.80         17  0.000e+00
      58027   2417.750      3.451      3.479    16.5322    16.5325  40.535263  40.535703    16.5316    16.5319    31.5868    31.5870    23.0041    23.0041     8.8685     8.3043    270.911    253.678     2.7961     2.5018     0.0574     0.4097     3.2821     0.6923     0.0000 -124.52656   46.12812      99.80         17  0.000e+00
      58028   2417.792      3.398      3.426    16.5319    16.5322  40.534796  40.535236    16.5314    16.5316    31.5866    31.5868    23.0040    23.0041     8.8638     8.3094    270.768    253.833     2.7949     2.5031     0.0574     0.4097     3.2833     0.6923     0.0000 -124.52656   46.12812      99.80         17  0.000e+00
      58029   2417.833      3.451      3.479    16.5321    16.5325  40.535130  40.535103    16.5315    16.5319    31.5868    31.5864    23.0041    23.0037     8.8685     8.3094    270.912    253.834     2.7961     2.5031     0.0562     0.3792     3.2821     0.6923     0.0000 -124.52656   46.12812      99.80         17  0.000e+00
