WCOA/WCOA-6/CTD_Data/RB2102_CTD_091_01.ros
* Sea-Bird SBE 9 Data File:
* FileName = C:\Users\scs.user.rb\CTD\RB2102\Data\RB2102_CTD_091_01.hex
* Software Version Seasave V 7.26.7.107
* Temperature SN = 6202
* Conductivity SN = 4907
* Number of Bytes Per Scan = 41
* Number of Voltage Words = 4
* Number of Scans Averaged by the Deck Unit = 1
* NMEA Latitude = 37 47.57 N
* NMEA Longitude = 122 33.73 W
* NMEA UTC (Time) = Jul 12 2021  22:35:58
* NMEA baud rate = 4800
# nquan = 30
# nvalues = 463                                   
# units = specified
# name 0 = scan: Scan Count
# name 1 = timeS: Time, Elapsed [seconds]
# name 2 = depSM: Depth [salt water, m]
# name 3 = prDM: Pressure, Digiquartz [db]
# name 4 = t090C: Temperature [ITS-90, deg C]
# name 5 = t190C: Temperature, 2 [ITS-90, deg C]
# name 6 = c0mS/cm: Conductivity [mS/cm]
# name 7 = c1mS/cm: Conductivity, 2 [mS/cm]
# name 8 = potemp090C: Potential Temperature [ITS-90, deg C]
# name 9 = potemp190C: Potential Temperature, 2 [ITS-90, deg C]
# name 10 = sal00: Salinity, Practical [PSU]
# name 11 = sal11: Salinity, Practical, 2 [PSU]
# name 12 = sigma-é00: Density [sigma-theta, kg/m^3]
# name 13 = sigma-é11: Density, 2 [sigma-theta, kg/m^3]
# name 14 = sbeox0Mg/L: Oxygen, SBE 43 [mg/l]
# name 15 = sbeox1Mg/L: Oxygen, SBE 43, 2 [mg/l]
# name 16 = sbox0Mm/Kg: Oxygen, SBE 43 [umol/kg]
# name 17 = sbox1Mm/Kg: Oxygen, SBE 43, 2 [umol/kg]
# name 18 = sbeox0V: Oxygen raw, SBE 43 [V]
# name 19 = sbeox1V: Oxygen raw, SBE 43, 2 [V]
# name 20 = v4: Voltage 4
# name 21 = flECO-AFL: Fluorescence, WET Labs ECO-AFL/FL [mg/m^3]
# name 22 = v3: Voltage 3
# name 23 = v6: Voltage 6
# name 24 = v7: Voltage 7
# name 25 = longitude: Longitude [deg]
# name 26 = latitude: Latitude [deg]
# name 27 = altM: Altimeter [m]
# name 28 = nbf: Bottles Fired
# name 29 = flag:  0.000e+00
# interval = seconds: 0.0416667
# start_time = Jul 12 2021 22:35:58 [NMEA time, header]
# bad_flag = -9.990e-29
*END*
[from data line 387]
      17474    728.042      3.916      3.946    14.6441    14.6451  40.707929  40.709343    14.6436    14.6445    33.2941    33.2946    24.7337    24.7338     7.0926     7.2879    216.297    222.253     2.2833     2.2063     0.1563     2.8822     3.3309     0.3785     0.3492 -122.56222   37.79240      19.56          9  0.000e+00
      17475    728.083      3.916      3.946    14.6451    14.6457  40.707595  40.709543    14.6446    14.6451    33.2930    33.2943    24.7326    24.7334     7.0925     7.2878    216.294    222.250     2.2833     2.2063     0.1563     2.8822     3.3297     0.3785     0.3492 -122.56222   37.79240      19.56          9  0.000e+00
      17476    728.125      3.863      3.893    14.6453    14.6454  40.707929  40.709409    14.6447    14.6449    33.2931    33.2944    24.7327    24.7336     7.0876     7.2878    216.144    222.250     2.2821     2.2063     0.1563     2.8822     3.3297     0.3785     0.3504 -122.56222   37.79240      19.56          9  0.000e+00
      17477    728.167      3.916      3.946    14.6460    14.6459  40.708129  40.709543    14.6454    14.6453    33.2927    33.2941    24.7322    24.7333     7.0876     7.2878    216.144    222.250     2.2821     2.2063     0.1563     2.8822     3.3297     0.3797     0.3516 -122.56222   37.79240      19.56          9  0.000e+00
      17478    728.208      3.963      3.993    14.6460    14.6460  40.708130  40.709676    14.6454    14.6454    33.2927    33.2941    24.7322    24.7333     7.0876     7.2826    216.145    222.091     2.2821     2.2051     0.1563     2.8822     3.3297     0.3797     0.3516 -122.56222   37.79240      19.56          9  0.000e+00
      17479    728.250      3.830      3.859    14.6463    14.6460  40.708596  40.710477    14.6458    14.6454    33.2929    33.2949    24.7322    24.7339     7.0874     7.2824    216.139    222.086     2.2821     2.2051     0.1563     2.8822     3.3297     0.3810     0.3516 -122.56222   37.79240      19.56          9  0.000e+00
      17480    728.292      3.916      3.946    14.6462    14.6459  40.709064  40.710210    14.6456    14.6453    33.2934    33.2947    24.7327    24.7338     7.0875     7.2825    216.142    222.089     2.2821     2.2051     0.1563     2.8822     3.3297     0.3810     0.3516 -122.56222   37.79240      19.54          9  0.000e+00
      17481    728.333      3.863      3.893    14.6462    14.6460  40.708663  40.710077    14.6456    14.6454    33.2931    33.2945    24.7324    24.7336     7.0826     7.2825    215.994    222.088     2.2808     2.2051     0.1563     2.8822     3.3309     0.3810     0.3516 -122.56222   37.79240      19.54          9  0.000e+00
      17482    728.375      3.916      3.946    14.6462    14.6458  40.708196  40.710277    14.6456    14.6452    33.2926    33.2949    24.7321    24.7339     7.0875     7.2825    216.143    222.090     2.2821     2.2051     0.1563     2.8822     3.3284     0.3810     0.3529 -122.56222   37.79240      19.54          9  0.000e+00
      17483    728.417      3.916      3.946    14.6462    14.6466  40.708330  40.710611    14.6456    14.6460    33.2928    33.2945    24.7322    24.7334     7.0827     7.2824    215.996    222.086     2.2808     2.2051     0.1563     2.8822     3.3309     0.3822     0.3529 -122.56222   37.79240      19.54          9  0.000e+00
      17484    728.458      3.916      3.946    14.6462    14.6468  40.708463  40.710944    14.6456    14.6462    33.2929    33.2946    24.7323    24.7335     7.0827     7.2824    215.996    222.085     2.2808     2.2051     0.1563     2.8822     3.3309     0.3822     0.3529 -122.56222   37.79240      19.54          9  0.000e+00
      17485    728.500      3.916      3.946    14.6463    14.6471  40.708463  40.711078    14.6457    14.6465    33.2927    33.2944    24.7321    24.7333     7.0827     7.2824    215.995    222.084     2.2808     2.2051     0.1551     2.8517     3.3297     0.3822     0.3529 -122.56222   37.79240      19.51          9  0.000e+00
      17486    728.542      3.916      3.946    14.6465    14.6479  40.708664  40.711078    14.6459    14.6473    33.2928    33.2938    24.7321    24.7326     7.0827     7.2770    215.994    221.922     2.2808     2.2039     0.1538     2.8212     3.3309     0.3822     0.3529 -122.56222   37.79240      19.49          9  0.000e+00
      17487    728.583      3.963      3.993    14.6462    14.6483  40.708797  40.711078    14.6456    14.6477    33.2932    33.2934    24.7325    24.7322     7.0827     7.2770    215.996    221.922     2.2808     2.2039     0.1538     2.8212     3.3309     0.3822     0.3529 -122.56222   37.79240      19.49          9  0.000e+00
      17488    728.625      3.930      3.959    14.6465    14.6486  40.708530  40.711078    14.6459    14.6480    33.2926    33.2932    24.7320    24.7320     7.0827     7.2770    215.995    221.920     2.2808     2.2039     0.1538     2.8212     3.3297     0.3822     0.3529 -122.56222   37.79240      19.49          9  0.000e+00
      17489    728.667      3.963      3.993    14.6463    14.6486  40.708463  40.711345    14.6457    14.6481    33.2927    33.2934    24.7321    24.7321     7.0827     7.2770    215.996    221.920     2.2808     2.2039     0.1538     2.8212     3.3297     0.3822     0.3529 -122.56222   37.79240      19.49          9  0.000e+00
      17490    728.708      3.916      3.946    14.6458    14.6485  40.708730  40.711478    14.6452    14.6479    33.2934    33.2936    24.7328    24.7324     7.0827     7.2770    215.996    221.919     2.2808     2.2039     0.1538     2.8212     3.3309     0.3822     0.3529 -122.56222   37.79240      19.49          9  0.000e+00
      17491    728.750      4.016      4.046    14.6458    14.6486  40.708798  40.711412    14.6452    14.6480    33.2934    33.2935    24.7328    24.7322     7.0828     7.2770    215.999    221.922     2.2808     2.2039     0.1538     2.8212     3.3297     0.3822     0.3529 -122.56222   37.79240      19.46          9  0.000e+00
      17492    728.792      3.963      3.993    14.6459    14.6483  40.708530  40.711412    14.6453    14.6477    33.2931    33.2937    24.7325    24.7325     7.0828     7.2770    215.998    221.921     2.2808     2.2039     0.1538     2.8212     3.3284     0.3822     0.3529 -122.56222   37.79240      19.44          9  0.000e+00
      17493    728.833      3.963      3.993    14.6453    14.6477  40.707929  40.710677    14.6447    14.6471    33.2931    33.2935    24.7326    24.7324     7.0829     7.2719    216.000    221.765     2.2808     2.2027     0.1538     2.8212     3.3297     0.3810     0.3529 -122.56222   37.79240      19.44          9  0.000e+00
      17494    728.875      4.016      4.046    14.6450    14.6461  40.707996  40.709810    14.6444    14.6455    33.2934    33.2941    24.7330    24.7333     7.0829     7.2722    216.003    221.773     2.2808     2.2027     0.1538     2.8212     3.3284     0.3810     0.3516 -122.56222   37.79240      19.44          9  0.000e+00
      17495    728.917      3.963      3.993    14.6440    14.6460  40.707529  40.709877    14.6434    14.6454    33.2939    33.2943    24.7335    24.7334     7.0782     7.2721    215.858    221.772     2.2796     2.2027     0.1538     2.8212     3.3309     0.3797     0.3516 -122.56222   37.79240      19.44          9  0.000e+00
      17496    728.958      4.016      4.046    14.6440    14.6444  40.707663  40.709210    14.6434    14.6438    33.2940    33.2951    24.7336    24.7343     7.0782     7.2724    215.859    221.780     2.2796     2.2027     0.1538     2.8212     3.3309     0.3797     0.3516 -122.56222   37.79240      19.44          9  0.000e+00
      17497    729.000      3.976      4.006    14.6419    14.6418  40.706661  40.707408    14.6413    14.6413    33.2948    33.2956    24.7347    24.7353     7.0785     7.2727    215.866    221.790     2.2796     2.2027     0.1538     2.8212     3.3297     0.3785     0.3504 -122.56222   37.79240      19.39          9  0.000e+00
      17498    729.042      4.062      4.093    14.6398    14.6373  40.706328  40.705006    14.6392    14.6367    33.2964    33.2973    24.7363    24.7375     7.0788     7.2734    215.875    221.811     2.2796     2.2027     0.1538     2.8212     3.3309     0.3773     0.3492 -122.56222   37.79240      19.37          9  0.000e+00
      17499    729.083      4.016      4.046    14.6392    14.6314  40.704992  40.702537    14.6387    14.6308    33.2956    33.3001    24.7358    24.7410     7.0789     7.2742    215.877    221.833     2.2796     2.2027     0.1538     2.8212     3.3297     0.3773     0.3492 -122.56222   37.79240      19.34          9  0.000e+00
      17500    729.125      4.016      4.046    14.6387    14.6293  40.703990  40.701670    14.6381    14.6287    33.2951    33.3011    24.7356    24.7422     7.0790     7.2745    215.880    221.842     2.2796     2.2027     0.1538     2.8212     3.3297     0.3761     0.3480 -122.56222   37.79240      19.37          9  0.000e+00
      17620    734.125      4.062      4.093    14.6456    14.6354  40.709065  40.704472    14.6450    14.6348    33.2938    33.2984    24.7331    24.7388     7.0588     7.2998    215.265    222.615     2.2747     2.2088     0.1551     2.8517     3.3297     0.3541     0.3333 -122.56222   37.79240      19.71         10  0.000e+00
      17621    734.167      4.175      4.206    14.6456    14.6341  40.708598  40.703872    14.6450    14.6334    33.2933    33.2990    24.7328    24.7396     7.0589     7.3001    215.269    222.624     2.2747     2.2088     0.1551     2.8517     3.3284     0.3529     0.3333 -122.56222   37.79240      19.71         10  0.000e+00
      17622    734.208      4.062      4.093    14.6460    14.6329  40.708998  40.703405    14.6454    14.6323    33.2935    33.2996    24.7328    24.7403     7.0587     7.3002    215.264    222.626     2.2747     2.2088     0.1551     2.8517     3.3297     0.3516     0.3321 -122.56222   37.79240      19.71         10  0.000e+00
      17623    734.250      4.109      4.140    14.6456    14.6310  40.708664  40.702804    14.6450    14.6304    33.2934    33.3006    24.7328    24.7415     7.0588     7.3005    215.267    222.634     2.2747     2.2088     0.1551     2.8517     3.3297     0.3516     0.3321 -122.56222   37.79240      19.73         10  0.000e+00
      17624    734.292      4.109      4.139    14.6448    14.6303  40.708464  40.702671    14.6442    14.6297    33.2940    33.3011    24.7334    24.7420     7.0589     7.3005    215.270    222.637     2.2747     2.2088     0.1563     2.8822     3.3297     0.3516     0.3309 -122.56222   37.79240      19.76         10  0.000e+00
      17625    734.333      4.109      4.139    14.6446    14.6302  40.708464  40.702337    14.6440    14.6296    33.2941    33.3009    24.7336    24.7419     7.0589     7.3006    215.271    222.638     2.2747     2.2088     0.1551     2.8517     3.3297     0.3504     0.3309 -122.56222   37.79240      19.76         10  0.000e+00
      17626    734.375      4.109      4.139    14.6451    14.6309  40.708731  40.702804    14.6445    14.6302    33.2939    33.3008    24.7333    24.7416     7.0589     7.3005    215.269    222.635     2.2747     2.2088     0.1551     2.8517     3.3297     0.3504     0.3297 -122.56222   37.79240      19.76         10  0.000e+00
      17627    734.417      4.162      4.193    14.6453    14.6314  40.708264  40.703806    14.6447    14.6308    33.2933    33.3012    24.7328    24.7419     7.0589     7.3004    215.270    222.633     2.2747     2.2088     0.1551     2.8517     3.3297     0.3492     0.3297 -122.56222   37.79240      19.76         10  0.000e+00
      17628    734.458      4.162      4.193    14.6456    14.6324  40.708331  40.704273    14.6450    14.6318    33.2931    33.3008    24.7326    24.7413     7.0637     7.3003    215.416    222.629     2.2759     2.2088     0.1551     2.8517     3.3297     0.3492     0.3297 -122.56222   37.79240      19.76         10  0.000e+00
      17629    734.500      4.109      4.139    14.6438    14.6346  40.707930  40.704940    14.6432    14.6340    33.2943    33.2995    24.7339    24.7399     7.0590     7.2999    215.274    222.619     2.2747     2.2088     0.1551     2.8517     3.3297     0.3492     0.3297 -122.56222   37.79240      19.76         10  0.000e+00
      17630    734.542      4.128      4.159    14.6403    14.6366  40.705593  40.705140    14.6397    14.6360    33.2952    33.2979    24.7353    24.7382     7.0644     7.2997    215.436    222.612     2.2759     2.2088     0.1551     2.8517     3.3297     0.3480     0.3284 -122.56222   37.79240      19.78         10  0.000e+00
      17631    734.583      4.162      4.193    14.6349    14.6364  40.703056  40.704806    14.6343    14.6358    33.2975    33.2978    24.7382    24.7381     7.0651     7.2998    215.457    222.614     2.2759     2.2088     0.1551     2.8517     3.3297     0.3480     0.3284 -122.56222   37.79240      19.76         10  0.000e+00
      17632    734.625      4.162      4.193    14.6327    14.6363  40.701120  40.704940    14.6321    14.6357    33.2976    33.2980    24.7388    24.7384     7.0654     7.2998    215.466    222.615     2.2759     2.2088     0.1551     2.8517     3.3297     0.3480     0.3284 -122.56222   37.79240      19.78         10  0.000e+00
      17633    734.667      4.109      4.140    14.6308    14.6357  40.700920  40.704539    14.6302    14.6351    33.2990    33.2981    24.7403    24.7386     7.0607     7.2998    215.323    222.616     2.2747     2.2088     0.1551     2.8517     3.3297     0.3480     0.3284 -122.56222   37.79240      19.78         10  0.000e+00
      17634    734.708      4.162      4.193    14.6290    14.6351  40.699718  40.703605    14.6284    14.6345    33.2995    33.2978    24.7411    24.7385     7.0610     7.3000    215.332    222.621     2.2747     2.2088     0.1551     2.8517     3.3297     0.3468     0.3272 -122.56222   37.79240      19.78         10  0.000e+00
      17635    734.750      4.162      4.193    14.6288    14.6334  40.697982  40.702804    14.6282    14.6328    33.2981    33.2985    24.7400    24.7394     7.0611     7.3002    215.335    222.627     2.2747     2.2088     0.1551     2.8517     3.3284     0.3480     0.3272 -122.56222   37.79240      19.76         10  0.000e+00
      17636    734.792      4.162      4.193    14.6287    14.6305  40.698049  40.701603    14.6281    14.6299    33.2983    33.2999    24.7402    24.7411     7.0611     7.3006    215.336    222.639     2.2747     2.2088     0.1551     2.8517     3.3309     0.3480     0.3284 -122.56222   37.79240      19.78         10  0.000e+00
      17637    734.833      4.162      4.193    14.6266    14.6266  40.696380  40.700669    14.6260    14.6260    33.2985    33.3024    24.7408    24.7438     7.0614     7.3011    215.344    222.654     2.2747     2.2088     0.1551     2.8517     3.3284     0.3468     0.3284 -122.56222   37.79240      19.78         10  0.000e+00
      17638    734.875      4.175      4.206    14.6213    14.6256  40.693910  40.699735    14.6206    14.6250    33.3008    33.3025    24.7437    24.7441     7.0621     7.3013    215.365    222.659     2.2747     2.2088     0.1551     2.8517     3.3284     0.3468     0.3284 -122.56222   37.79240      19.78         10  0.000e+00
      17639    734.917      4.109      4.140    14.6172    14.6253  40.692775  40.698934    14.6166    14.6247    33.3033    33.3020    24.7465    24.7438     7.0625     7.3013    215.377    222.659     2.2747     2.2088     0.1551     2.8517     3.3284     0.3468     0.3272 -122.56222   37.79240      19.76         10  0.000e+00
      17640    734.958      4.162      4.193    14.6172    14.6244  40.693109  40.698200    14.6166    14.6238    33.3036    33.3020    24.7467    24.7440     7.0625     7.3015    215.378    222.665     2.2747     2.2088     0.1551     2.8517     3.3284     0.3468     0.3272 -122.56222   37.79240      19.76         10  0.000e+00
