WCOA/WCOA-6/CTD_Data/RB2102_CTD_077_01.ros
* Sea-Bird SBE 9 Data File:
* FileName = C:\Users\scs.user.rb\CTD\RB2102\Data\RB2102_CTD_077_01.hex
* Software Version Seasave V 7.26.7.107
* Temperature SN = 6202
* Conductivity SN = 4907
* Number of Bytes Per Scan = 41
* Number of Voltage Words = 4
* Number of Scans Averaged by the Deck Unit = 1
* NMEA Latitude = 38 51.17 N
* NMEA Longitude = 123 54.36 W
* NMEA UTC (Time) = Jul 10 2021  02:11:27
* NMEA baud rate = 4800
# nquan = 30
# nvalues = 927                                   
# units = specified
# name 0 = scan: Scan Count
# name 1 = timeS: Time, Elapsed [seconds]
# name 2 = depSM: Depth [salt water, m]
# name 3 = prDM: Pressure, Digiquartz [db]
# name 4 = t090C: Temperature [ITS-90, deg C]
# name 5 = t190C: Temperature, 2 [ITS-90, deg C]
# name 6 = c0mS/cm: Conductivity [mS/cm]
# name 7 = c1mS/cm: Conductivity, 2 [mS/cm]
# name 8 = potemp090C: Potential Temperature [ITS-90, deg C]
# name 9 = potemp190C: Potential Temperature, 2 [ITS-90, deg C]
# name 10 = sal00: Salinity, Practical [PSU]
# name 11 = sal11: Salinity, Practical, 2 [PSU]
# name 12 = sigma-é00: Density [sigma-theta, kg/m^3]
# name 13 = sigma-é11: Density, 2 [sigma-theta, kg/m^3]
# name 14 = sbeox0Mg/L: Oxygen, SBE 43 [mg/l]
# name 15 = sbeox1Mg/L: Oxygen, SBE 43, 2 [mg/l]
# name 16 = sbox0Mm/Kg: Oxygen, SBE 43 [umol/kg]
# name 17 = sbox1Mm/Kg: Oxygen, SBE 43, 2 [umol/kg]
# name 18 = sbeox0V: Oxygen raw, SBE 43 [V]
# name 19 = sbeox1V: Oxygen raw, SBE 43, 2 [V]
# name 20 = v4: Voltage 4
# name 21 = flECO-AFL: Fluorescence, WET Labs ECO-AFL/FL [mg/m^3]
# name 22 = v3: Voltage 3
# name 23 = v6: Voltage 6
# name 24 = v7: Voltage 7
# name 25 = longitude: Longitude [deg]
# name 26 = latitude: Latitude [deg]
# name 27 = altM: Altimeter [m]
# name 28 = nbf: Bottles Fired
# name 29 = flag:  0.000e+00
# interval = seconds: 0.0416667
# start_time = Jul 10 2021 02:11:27 [NMEA time, header]
# bad_flag = -9.990e-29
*END*
[from data line 822]
      58771   2448.750      3.570      3.597    11.5492    11.5481  38.098473  38.098497    11.5487    11.5477    33.5541    33.5551    25.5502    25.5512     7.9574     8.2063    242.478    250.060     2.3773     2.2967     0.0855     1.1118     3.2210     0.0269     0.0000 -123.90692   38.85266      99.46         17  0.000e+00
      58772   2448.792      3.623      3.651    11.5494    11.5480  38.098408  38.098172    11.5489    11.5476    33.5539    33.5549    25.5500    25.5510     7.9575     8.2120    242.479    250.233     2.3773     2.2979     0.0855     1.1118     3.2210     0.0269     0.0000 -123.90692   38.85266      99.46         17  0.000e+00
      58773   2448.833      3.590      3.617    11.5492    11.5483  38.098408  38.098367    11.5487    11.5479    33.5540    33.5548    25.5502    25.5509     7.9575     8.2119    242.479    250.231     2.3773     2.2979     0.0855     1.1118     3.2222     0.0269     0.0000 -123.90692   38.85266      99.46         17  0.000e+00
      58774   2448.875      3.570      3.597    11.5494    11.5480  38.098408  38.098237    11.5489    11.5476    33.5539    33.5549    25.5500    25.5511     7.9574     8.2119    242.478    250.232     2.3773     2.2979     0.0855     1.1118     3.2198     0.0269     0.0000 -123.90692   38.85266      99.44         17  0.000e+00
      58775   2448.917      3.570      3.597    11.5492    11.5481  38.098603  38.097912    11.5487    11.5477    33.5542    33.5545    25.5503    25.5507     7.9574     8.2119    242.478    250.232     2.3773     2.2979     0.0855     1.1118     3.2198     0.0269     0.0012 -123.90692   38.85266      99.46         17  0.000e+00
      58776   2448.958      3.623      3.651    11.5494    11.5483  38.098928  38.097522    11.5489    11.5479    33.5544    33.5539    25.5504    25.5502     7.9575     8.2119    242.478    250.233     2.3773     2.2979     0.0855     1.1118     3.2222     0.0269     0.0012 -123.90692   38.85266      99.46         17  0.000e+00
      58777   2449.000      3.570      3.597    11.5494    11.5480  38.098798  38.097717    11.5489    11.5476    33.5543    33.5544    25.5503    25.5507     7.9523     8.2119    242.320    250.233     2.3761     2.2979     0.0855     1.1118     3.2222     0.0269     0.0012 -123.90692   38.85266      99.46         17  0.000e+00
      58778   2449.042      3.570      3.597    11.5495    11.5480  38.098733  38.097847    11.5491    11.5476    33.5540    33.5546    25.5501    25.5508     7.9522     8.2119    242.320    250.232     2.3761     2.2979     0.0855     1.1118     3.2198     0.0269     0.0012 -123.90692   38.85266      99.46         17  0.000e+00
      58779   2449.083      3.623      3.651    11.5494    11.5481  38.098473  38.097847    11.5489    11.5477    33.5539    33.5544    25.5500    25.5507     7.9523     8.2120    242.323    250.233     2.3761     2.2979     0.0855     1.1118     3.2198     0.0281     0.0012 -123.90692   38.85266      99.44         17  0.000e+00
      58780   2449.125      3.524      3.551    11.5492    11.5480  38.098603  38.097782    11.5488    11.5476    33.5542    33.5545    25.5503    25.5508     7.9574     8.2119    242.476    250.231     2.3773     2.2979     0.0855     1.1118     3.2198     0.0281     0.0012 -123.90692   38.85266      99.46         17  0.000e+00
      58781   2449.167      3.570      3.597    11.5492    11.5480  38.098473  38.097782    11.5487    11.5476    33.5541    33.5545    25.5502    25.5507     7.9523     8.2063    242.322    250.062     2.3761     2.2967     0.0855     1.1118     3.2222     0.0281     0.0012 -123.90692   38.85266      99.46         17  0.000e+00
      58782   2449.208      3.623      3.651    11.5494    11.5480  38.098408  38.097847    11.5489    11.5476    33.5539    33.5545    25.5500    25.5508     7.9575     8.2064    242.479    250.064     2.3773     2.2967     0.0855     1.1118     3.2198     0.0281     0.0000 -123.90692   38.85266      99.44         18  0.000e+00
      58783   2449.250      3.524      3.551    11.5494    11.5478  38.098408  38.097327    11.5489    11.5474    33.5539    33.5542    25.5500    25.5506     7.9574     8.2119    242.476    250.232     2.3773     2.2979     0.0855     1.1118     3.2198     0.0281     0.0000 -123.90692   38.85266      99.46         18  0.000e+00
      58784   2449.292      3.623      3.651    11.5495    11.5478  38.098343  38.097392    11.5490    11.5474    33.5537    33.5543    25.5498    25.5506     7.9575     8.2064    242.479    250.065     2.3773     2.2967     0.0855     1.1118     3.2198     0.0281     0.0000 -123.90692   38.85266      99.46         18  0.000e+00
      58785   2449.333      3.570      3.597    11.5494    11.5471  38.098603  38.097457    11.5489    11.5467    33.5541    33.5550    25.5502    25.5513     7.9574     8.2065    242.477    250.066     2.3773     2.2967     0.0855     1.1118     3.2210     0.0281     0.0000 -123.90692   38.85266      99.46         18  0.000e+00
      58786   2449.375      3.570      3.597    11.5494    11.5466  38.097953  38.097002    11.5489    11.5462    33.5534    33.5550    25.5497    25.5514     7.9574     8.2066    242.478    250.069     2.3773     2.2967     0.0855     1.1118     3.2198     0.0281     0.0000 -123.90692   38.85266      99.46         18  0.000e+00
      58787   2449.417      3.570      3.597    11.5492    11.5465  38.098473  38.096872    11.5488    11.5461    33.5541    33.5550    25.5502    25.5514     7.9574     8.2066    242.478    250.070     2.3773     2.2967     0.0879     1.1728     3.2198     0.0281     0.0000 -123.90692   38.85266      87.23         18  0.000e+00
      58788   2449.458      3.570      3.597    11.5495    11.5466  38.098928  38.097067    11.5491    11.5462    33.5543    33.5550    25.5503    25.5514     7.9574     8.2066    242.476    250.069     2.3773     2.2967     0.0879     1.1728     3.2198     0.0281     0.0000 -123.90692   38.85266      73.28         18  0.000e+00
      58789   2449.500      3.570      3.597    11.5495    11.5470  38.099253  38.097587    11.5491    11.5466    33.5546    33.5552    25.5505    25.5515     7.9574     8.2065    242.476    250.067     2.3773     2.2967     0.0879     1.1728     3.2198     0.0281     0.0000 -123.90692   38.85266      70.40         18  0.000e+00
      58790   2449.542      3.590      3.617    11.5497    11.5479  38.098863  38.098042    11.5492    11.5474    33.5540    33.5549    25.5501    25.5511     7.9574     8.2064    242.476    250.063     2.3773     2.2967     0.0879     1.1728     3.2198     0.0281     0.0000 -123.90692   38.85266      71.26         18  0.000e+00
      58791   2449.583      3.570      3.597    11.5497    11.5483  38.098928  38.098172    11.5493    11.5479    33.5541    33.5546    25.5501    25.5508     7.9573     8.2063    242.475    250.060     2.3773     2.2967     0.0879     1.1728     3.2198     0.0281     0.0000 -123.90692   38.85266      71.89         18  0.000e+00
      58792   2449.625      3.623      3.651    11.5497    11.5486  38.099058  38.098627    11.5492    11.5482    33.5542    33.5547    25.5502    25.5508     7.9574     8.2063    242.477    250.060     2.3773     2.2967     0.0879     1.1728     3.2198     0.0281     0.0000 -123.90692   38.85266      71.99         18  0.000e+00
      58793   2449.667      3.570      3.597    11.5497    11.5486  38.098733  38.098562    11.5493    11.5482    33.5539    33.5547    25.5499    25.5508     7.9574     8.2006    242.476    249.888     2.3773     2.2955     0.0879     1.1728     3.2198     0.0281     0.0000 -123.90692   38.85266      86.18         18  0.000e+00
      58794   2449.708      3.623      3.651    11.5499    11.5486  38.098928  38.098497    11.5494    11.5482    33.5539    33.5546    25.5500    25.5507     7.9574     8.2007    242.477    249.890     2.3773     2.2955     0.0879     1.1728     3.2198     0.0281     0.0000 -123.90692   38.85266      99.10         18  0.000e+00
      58795   2449.750      3.570      3.597    11.5497    11.5485  38.099058  38.098497    11.5493    11.5481    33.5542    33.5547    25.5502    25.5508     7.9573     8.2062    242.475    250.059     2.3773     2.2967     0.0879     1.1728     3.2222     0.0281     0.0000 -123.90692   38.85266     100.00         18  0.000e+00
      58796   2449.792      3.623      3.651    11.5495    11.5490  38.099058  38.098952    11.5490    11.5486    33.5544    33.5547    25.5504    25.5507     7.9574     8.2006    242.478    249.887     2.3773     2.2955     0.0879     1.1728     3.2210     0.0281     0.0000 -123.90692   38.85266     100.00         18  0.000e+00
      58797   2449.833      3.623      3.651    11.5495    11.5495  38.098798  38.099667    11.5491    11.5490    33.5541    33.5550    25.5501    25.5508     7.9574     8.2005    242.478    249.884     2.3773     2.2955     0.0879     1.1728     3.2210     0.0281     0.0000 -123.90692   38.85266      99.44         18  0.000e+00
      58798   2449.875      3.623      3.651    11.5495    11.5502  38.098408  38.100057    11.5490    11.5497    33.5537    33.5547    25.5499    25.5505     7.9575     8.2004    242.479    249.881     2.3773     2.2955     0.0879     1.1728     3.2210     0.0281     0.0000 -123.90692   38.85266      99.51         18  0.000e+00
      58799   2449.917      3.623      3.651    11.5491    11.5503  38.098083  38.100381    11.5486    11.5499    33.5538    33.5549    25.5500    25.5507     7.9575     8.2003    242.481    249.880     2.3773     2.2955     0.0879     1.1728     3.2210     0.0281     0.0000 -123.90692   38.85266      99.46         18  0.000e+00
      58800   2449.958      3.669      3.697    11.5487    11.5503  38.097238  38.100512    11.5482    11.5499    33.5533    33.5550    25.5497    25.5507     7.9577     8.2004    242.485    249.881     2.3773     2.2955     0.0879     1.1728     3.2210     0.0281     0.0000 -123.90692   38.85266      99.46         18  0.000e+00
      58801   2450.000      3.623      3.651    11.5480    11.5505  38.096782  38.100706    11.5476    11.5500    33.5535    33.5551    25.5499    25.5507     7.9577     8.2003    242.487    249.878     2.3773     2.2955     0.0879     1.1728     3.2210     0.0281     0.0000 -123.90692   38.85266      99.44         18  0.000e+00
      58802   2450.042      3.669      3.697    11.5476    11.5507  38.096132  38.100836    11.5471    11.5502    33.5532    33.5550    25.5498    25.5507     7.9579     8.2003    242.491    249.879     2.3773     2.2955     0.0879     1.1728     3.2198     0.0281     0.0000 -123.90692   38.85266      99.46         18  0.000e+00
      58803   2450.083      3.623      3.651    11.5470    11.5505  38.096002  38.100836    11.5466    11.5500    33.5536    33.5552    25.5502    25.5508     7.9630     8.2003    242.649    249.878     2.3785     2.2955     0.0879     1.1728     3.2210     0.0281     0.0000 -123.90692   38.85266      99.46         18  0.000e+00
      58804   2450.125      3.716      3.744    11.5467    11.5507  38.095742  38.100577    11.5463    11.5502    33.5536    33.5548    25.5503    25.5505     7.9632     8.2004    242.653    249.881     2.3785     2.2955     0.0879     1.1728     3.2198     0.0281     0.0000 -123.90692   38.85266      99.44         18  0.000e+00
      58805   2450.167      3.669      3.697    11.5467    11.5508  38.095417  38.100512    11.5462    11.5504    33.5533    33.5546    25.5501    25.5503     7.9632     8.2003    242.652    249.879     2.3785     2.2955     0.0879     1.1728     3.2210     0.0281     0.0000 -123.90692   38.85266      99.46         18  0.000e+00
      58806   2450.208      3.669      3.697    11.5466    11.5507  38.095807  38.100707    11.5461    11.5502    33.5538    33.5549    25.5505    25.5506     7.9580     8.2003    242.495    249.879     2.3773     2.2955     0.0879     1.1728     3.2198     0.0281     0.0000 -123.90692   38.85266      99.44         18  0.000e+00
      58807   2450.250      3.736      3.764    11.5465    11.5508  38.096003  38.101032    11.5460    11.5503    33.5540    33.5551    25.5507    25.5507     7.9581     8.2004    242.498    249.880     2.3773     2.2955     0.0879     1.1728     3.2222     0.0281     0.0000 -123.90692   38.85266      99.46         18  0.000e+00
      58808   2450.292      3.669      3.697    11.5464    11.5510  38.095742  38.100901    11.5460    11.5505    33.5539    33.5548    25.5506    25.5504     7.9580     8.2003    242.496    249.877     2.3773     2.2955     0.0879     1.1728     3.2198     0.0281     0.0000 -123.90692   38.85266      99.46         18  0.000e+00
      58809   2450.333      3.716      3.744    11.5465    11.5510  38.095677  38.101032    11.5460    11.5505    33.5537    33.5549    25.5504    25.5505     7.9581     8.2003    242.497    249.879     2.3773     2.2955     0.0879     1.1728     3.2198     0.0269     0.0000 -123.90692   38.85266      99.46         18  0.000e+00
      58810   2450.375      3.716      3.744    11.5464    11.5508  38.095417  38.101162    11.5460    11.5504    33.5536    33.5552    25.5503    25.5508     7.9632     8.2003    242.655    249.879     2.3785     2.2955     0.0879     1.1728     3.2222     0.0269     0.0000 -123.90692   38.85266      99.46         18  0.000e+00
      58811   2450.417      3.769      3.797    11.5465    11.5508  38.095808  38.101162    11.5460    11.5503    33.5538    33.5552    25.5505    25.5508     7.9581     8.2004    242.499    249.881     2.3773     2.2955     0.0879     1.1728     3.2198     0.0281     0.0000 -123.90692   38.85266      99.44         18  0.000e+00
      58812   2450.458      3.716      3.744    11.5464    11.5507  38.096003  38.100642    11.5460    11.5502    33.5541    33.5548    25.5508    25.5505     7.9581     8.2004    242.497    249.881     2.3773     2.2955     0.0879     1.1728     3.2222     0.0269     0.0000 -123.90692   38.85266      99.46         18  0.000e+00
      58813   2450.500      3.769      3.797    11.5467    11.5508  38.096003  38.100512    11.5462    11.5503    33.5539    33.5545    25.5505    25.5503     7.9581     8.2004    242.498    249.882     2.3773     2.2955     0.0855     1.1118     3.2210     0.0269     0.0000 -123.90692   38.85266      99.44         18  0.000e+00
      58814   2450.542      3.716      3.744    11.5467    11.5505  38.096003  38.099992    11.5462    11.5500    33.5539    33.5543    25.5505    25.5502     7.9580     8.2004    242.496    249.883     2.3773     2.2955     0.0855     1.1118     3.2198     0.0269     0.0000 -123.90692   38.85266      99.46         18  0.000e+00
      58815   2450.583      3.769      3.797    11.5467    11.5503  38.095743  38.099862    11.5463    11.5498    33.5536    33.5544    25.5503    25.5502     7.9581     8.2005    242.498    249.885     2.3773     2.2955     0.0855     1.1118     3.2198     0.0269     0.0000 -123.90692   38.85266      99.46         18  0.000e+00
      58816   2450.625      3.815      3.844    11.5467    11.5498  38.095678  38.099602    11.5462    11.5493    33.5535    33.5545    25.5502    25.5504     7.9582     8.2007    242.500    249.889     2.3773     2.2955     0.0855     1.1118     3.2210     0.0269     0.0000 -123.90692   38.85266      99.46         18  0.000e+00
      58817   2450.667      3.769      3.797    11.5464    11.5495  38.095418  38.099472    11.5459    11.5490    33.5535    33.5547    25.5503    25.5506     7.9582     8.2007    242.500    249.889     2.3773     2.2955     0.0855     1.1118     3.2198     0.0269     0.0000 -123.90692   38.85266      99.44         18  0.000e+00
      58818   2450.708      3.815      3.844    11.5464    11.5488  38.095093  38.098498    11.5459    11.5483    33.5532    33.5544    25.5501    25.5505     7.9582     8.2009    242.502    249.895     2.3773     2.2955     0.0855     1.1118     3.2198     0.0269     0.0000 -123.90692   38.85266      99.46         18  0.000e+00
