WCOA/WCOA-6/CTD_Data/RB2102_CTD_103_01.ros
* Sea-Bird SBE 9 Data File:
* FileName = C:\Users\scs.user.rb\CTD\RB2102\Data\RB2102_CTD_103_01.hex
* Software Version Seasave V 7.26.7.107
* Temperature SN = 6202
* Conductivity SN = 4907
* Number of Bytes Per Scan = 41
* Number of Voltage Words = 4
* Number of Scans Averaged by the Deck Unit = 1
* NMEA Latitude = 36 44.18 N
* NMEA Longitude = 121 58.09 W
* NMEA UTC (Time) = Jul 15 2021  03:57:10
* NMEA baud rate = 4800
# nquan = 30
# nvalues = 1148                                  
# units = specified
# name 0 = scan: Scan Count
# name 1 = timeS: Time, Elapsed [seconds]
# name 2 = depSM: Depth [salt water, m]
# name 3 = prDM: Pressure, Digiquartz [db]
# name 4 = t090C: Temperature [ITS-90, deg C]
# name 5 = t190C: Temperature, 2 [ITS-90, deg C]
# name 6 = c0mS/cm: Conductivity [mS/cm]
# name 7 = c1mS/cm: Conductivity, 2 [mS/cm]
# name 8 = potemp090C: Potential Temperature [ITS-90, deg C]
# name 9 = potemp190C: Potential Temperature, 2 [ITS-90, deg C]
# name 10 = sal00: Salinity, Practical [PSU]
# name 11 = sal11: Salinity, Practical, 2 [PSU]
# name 12 = sigma-é00: Density [sigma-theta, kg/m^3]
# name 13 = sigma-é11: Density, 2 [sigma-theta, kg/m^3]
# name 14 = sbeox0Mg/L: Oxygen, SBE 43 [mg/l]
# name 15 = sbeox1Mg/L: Oxygen, SBE 43, 2 [mg/l]
# name 16 = sbox0Mm/Kg: Oxygen, SBE 43 [umol/kg]
# name 17 = sbox1Mm/Kg: Oxygen, SBE 43, 2 [umol/kg]
# name 18 = sbeox0V: Oxygen raw, SBE 43 [V]
# name 19 = sbeox1V: Oxygen raw, SBE 43, 2 [V]
# name 20 = v4: Voltage 4
# name 21 = flECO-AFL: Fluorescence, WET Labs ECO-AFL/FL [mg/m^3]
# name 22 = v3: Voltage 3
# name 23 = v6: Voltage 6
# name 24 = v7: Voltage 7
# name 25 = longitude: Longitude [deg]
# name 26 = latitude: Latitude [deg]
# name 27 = altM: Altimeter [m]
# name 28 = nbf: Bottles Fired
# name 29 = flag:  0.000e+00
# interval = seconds: 0.0416667
# start_time = Jul 15 2021 03:57:10 [NMEA time, header]
# bad_flag = -9.990e-29
*END*
[from data line 677]
      40658   1694.042     19.980     20.130    11.6156    11.5957  38.468671  38.453726    11.6131    11.5932    33.8496    33.8532    25.7681    25.7745     5.9714     6.1331    181.920    186.845     1.9072     1.8449     0.1099     1.7223     3.2833     0.0440     0.0073 -121.96840   36.73592      99.32         15  0.000e+00
      40659   1694.083     19.974     20.123    11.6140    11.5970  38.468476  38.453986    11.6115    11.5945    33.8510    33.8522    25.7694    25.7735     5.9715     6.1329    181.925    186.840     1.9072     1.8449     0.1099     1.7223     3.2833     0.0440     0.0073 -121.96840   36.73592      99.32         15  0.000e+00
      40660   1694.125     19.980     20.130    11.6125    11.5975  38.468933  38.454443    11.6100    11.5950    33.8528    33.8522    25.7711    25.7734     5.9717     6.1328    181.928    186.838     1.9072     1.8449     0.1099     1.7223     3.2821     0.0440     0.0073 -121.96840   36.73592      99.32         15  0.000e+00
      40661   1694.167     19.974     20.123    11.6115    11.5980  38.467562  38.454834    11.6090    11.5955    33.8523    33.8522    25.7709    25.7733     5.9769     6.1328    182.089    186.836     1.9084     1.8449     0.1099     1.7223     3.2821     0.0440     0.0073 -121.96840   36.73592      99.32         15  0.000e+00
      40662   1694.208     20.027     20.176    11.6094    11.5994  38.464299  38.455748    11.6068    11.5969    33.8511    33.8518    25.7703    25.7727     5.9773     6.1326    182.100    186.832     1.9084     1.8449     0.1099     1.7223     3.2821     0.0440     0.0073 -121.96840   36.73592      99.32         15  0.000e+00
      40663   1694.250     19.974     20.123    11.6065    11.6004  38.461949  38.456465    11.6040    11.5979    33.8514    33.8516    25.7711    25.7724     5.9776     6.1325    182.110    186.827     1.9084     1.8449     0.1099     1.7223     3.2821     0.0440     0.0073 -121.96840   36.73592      99.32         15  0.000e+00
      40664   1694.292     20.027     20.176    11.6047    11.5993  38.461623  38.456856    11.6022    11.5968    33.8527    33.8529    25.7724    25.7736     5.9778     6.1326    182.117    186.831     1.9084     1.8449     0.1099     1.7223     3.2821     0.0440     0.0073 -121.96840   36.73592      99.32         15  0.000e+00
      40665   1694.333     20.027     20.176    11.6028    11.5979  38.460122  38.456791    11.6003    11.5953    33.8529    33.8542    25.7730    25.7749     5.9832     6.1383    182.280    187.006     1.9096     1.8462     0.1099     1.7223     3.2821     0.0440     0.0073 -121.96840   36.73592      99.32         15  0.000e+00
      40666   1694.375     20.073     20.223    11.6014    11.5972  38.457838  38.456139    11.5989    11.5947    33.8520    33.8541    25.7725    25.7750     5.9835     6.1385    182.288    187.010     1.9096     1.8462     0.1099     1.7223     3.2821     0.0440     0.0073 -121.96840   36.73592      99.32         15  0.000e+00
      40667   1694.417     19.980     20.130    11.5999    11.5974  38.456010  38.456204    11.5974    11.5948    33.8516    33.8541    25.7725    25.7749     5.9836     6.1384    182.292    187.007     1.9096     1.8462     0.1099     1.7223     3.2821     0.0440     0.0073 -121.96840   36.73592      99.32         15  0.000e+00
      40668   1694.458     20.073     20.223    11.5984    11.5985  38.454835  38.456596    11.5959    11.5960    33.8518    33.8534    25.7729    25.7741     5.9839     6.1383    182.300    187.005     1.9096     1.8462     0.1099     1.7223     3.2833     0.0440     0.0073 -121.96840   36.73592      99.32         15  0.000e+00
      40669   1694.500     20.027     20.176    11.5976    11.5999  38.454378  38.456400    11.5951    11.5974    33.8521    33.8520    25.7733    25.7728     5.9839     6.1381    182.302    187.000     1.9096     1.8462     0.1099     1.7223     3.2833     0.0440     0.0073 -121.96840   36.73592      99.32         15  0.000e+00
      40670   1694.542     20.073     20.223    11.5977    11.5995  38.454509  38.454769    11.5952    11.5970    33.8521    33.8507    25.7733    25.7718     5.9840     6.1327    182.303    186.834     1.9096     1.8449     0.1099     1.7223     3.2821     0.0440     0.0073 -121.96840   36.73592      99.32         15  0.000e+00
      40671   1694.583     20.080     20.230    11.5973    11.5980  38.452290  38.453073    11.5948    11.5955    33.8503    33.8504    25.7719    25.7719     5.9892     6.1385    182.463    187.011     1.9109     1.8462     0.1099     1.7223     3.2833     0.0440     0.0073 -121.96840   36.73592      99.32         15  0.000e+00
      40672   1694.625     20.073     20.223    11.5921    11.5979  38.446221  38.453073    11.5895    11.5953    33.8491    33.8506    25.7720    25.7721     5.9899     6.1385    182.485    187.012     1.9109     1.8462     0.1099     1.7223     3.2833     0.0440     0.0073 -121.96840   36.73592      99.32         15  0.000e+00
      40673   1694.667     20.080     20.230    11.5859    11.5989  38.440870  38.454247    11.5834    11.5964    33.8495    33.8508    25.7734    25.7720     5.9907     6.1328    182.509    186.837     1.9109     1.8449     0.1099     1.7223     3.2833     0.0440     0.0073 -121.96840   36.73592      99.32         15  0.000e+00
      40674   1694.708     20.119     20.270    11.5817    11.5985  38.435128  38.454182    11.5791    11.5960    33.8477    33.8510    25.7729    25.7723     5.9914     6.1384    182.530    187.009     1.9109     1.8462     0.1099     1.7223     3.2833     0.0440     0.0073 -121.96840   36.73592      99.32         15  0.000e+00
      40675   1694.750     20.080     20.230    11.5777    11.5964  38.429907  38.452226    11.5752    11.5938    33.8463    33.8511    25.7724    25.7727     5.9920     6.1387    182.546    187.017     1.9109     1.8462     0.1099     1.7223     3.2821     0.0427     0.0061 -121.96840   36.73592      99.32         15  0.000e+00
      40676   1694.792     20.073     20.223    11.5706    11.5942  38.423579  38.451052    11.5680    11.5917    33.8466    33.8519    25.7740    25.7738     5.9929     6.1334    182.574    186.855     1.9109     1.8449     0.1099     1.7223     3.2821     0.0415     0.0049 -121.96840   36.73592      99.32         15  0.000e+00
      40677   1694.833     20.126     20.277    11.5632    11.5924  38.417838  38.450726    11.5607    11.5898    33.8476    33.8532    25.7762    25.7752     5.9938     6.1336    182.603    186.862     1.9109     1.8449     0.1099     1.7223     3.2833     0.0415     0.0049 -121.96840   36.73592      99.32         15  0.000e+00
      40678   1694.875     20.119     20.270    11.5573    11.5921  38.413728  38.450074    11.5548    11.5895    33.8490    33.8529    25.7783    25.7749     5.9997     6.1337    182.781    186.864     1.9121     1.8449     0.1099     1.7223     3.2833     0.0427     0.0061 -121.96840   36.73592      99.32         15  0.000e+00
      40679   1694.917     20.126     20.277    11.5524    11.5894  38.412555  38.449161    11.5498    11.5869    33.8524    33.8544    25.7819    25.7766     6.0002     6.1340    182.797    186.874     1.9121     1.8449     0.1099     1.7223     3.2833     0.0427     0.0073 -121.96840   36.73592      99.32         15  0.000e+00
      40680   1694.958     20.119     20.270    11.5485    11.5842  38.413469  38.448183    11.5460    11.5817    33.8568    33.8582    25.7860    25.7805     6.0006     6.1346    182.806    186.890     1.9121     1.8449     0.1099     1.7223     3.2821     0.0440     0.0073 -121.96840   36.73592      99.32         15  0.000e+00
      40681   1695.000     20.126     20.277    11.5465    11.5809  38.413599  38.447662    11.5440    11.5784    33.8587    33.8607    25.7879    25.7831     6.0008     6.1350    182.812    186.901     1.9121     1.8449     0.1099     1.7223     3.2821     0.0440     0.0073 -121.96840   36.73592      99.32         15  0.000e+00
      40682   1695.042     20.120     20.270    11.5454    11.5814  38.412947  38.447792    11.5429    11.5789    33.8591    33.8604    25.7884    25.7827     6.0060     6.1349    182.972    186.899     1.9133     1.8449     0.1099     1.7223     3.2821     0.0440     0.0073 -121.96840   36.73592      99.32         15  0.000e+00
      40683   1695.083     20.173     20.323    11.5449    11.5850  38.413339  38.448183    11.5423    11.5825    33.8600    33.8574    25.7892    25.7798     6.0010     6.1345    182.818    186.889     1.9121     1.8449     0.1099     1.7223     3.2833     0.0427     0.0073 -121.96840   36.73592      99.32         15  0.000e+00
      40684   1695.125     20.173     20.323    11.5456    11.5886  38.414709  38.448705    11.5430    11.5860    33.8607    33.8547    25.7896    25.7770     6.0060     6.1341    182.971    186.878     1.9133     1.8449     0.1111     1.7528     3.2821     0.0427     0.0061 -121.96840   36.73592      99.32         15  0.000e+00
      40685   1695.167     20.126     20.277    11.5475    11.5911  38.415687  38.449683    11.5450    11.5885    33.8598    33.8534    25.7886    25.7755     6.0057     6.1338    182.963    186.868     1.9133     1.8449     0.1111     1.7528     3.2833     0.0403     0.0049 -121.96840   36.73592      99.32         15  0.000e+00
      40686   1695.208     20.173     20.323    11.5486    11.5917  38.413795  38.450465    11.5460    11.5892    33.8570    33.8535    25.7862    25.7755     6.0109     6.1282    183.120    186.696     1.9145     1.8437     0.1111     1.7528     3.2821     0.0415     0.0049 -121.96840   36.73592      99.32         15  0.000e+00
      40687   1695.250     20.173     20.323    11.5474    11.5924  38.410076  38.450857    11.5448    11.5898    33.8545    33.8533    25.7844    25.7752     6.0111     6.1337    183.128    186.863     1.9145     1.8449     0.1111     1.7528     3.2821     0.0427     0.0061 -121.96840   36.73592      99.32         15  0.000e+00
      40702   1695.875     20.219     20.370    11.5379    11.5927  38.399379  38.452683    11.5354    11.5902    33.8526    33.8548    25.7847    25.7763     6.0125     6.1280    183.170    186.691     1.9145     1.8437     0.1111     1.7528     3.2821     0.0464     0.0098 -121.96840   36.73592      99.32         16  0.000e+00
      40703   1695.917     20.226     20.377    11.5373    11.5950  38.399574  38.453531    11.5347    11.5925    33.8534    33.8535    25.7854    25.7749     6.0125     6.1277    183.171    186.683     1.9145     1.8437     0.1111     1.7528     3.2821     0.0464     0.0098 -121.96840   36.73592      99.32         16  0.000e+00
      40704   1695.958     20.272     20.424    11.5374    11.5965  38.399901  38.454640    11.5348    11.5940    33.8536    33.8532    25.7856    25.7744     6.0126     6.1332    183.172    186.848     1.9145     1.8449     0.1111     1.7528     3.2833     0.0476     0.0110 -121.96840   36.73592      99.32         16  0.000e+00
      40705   1696.000     20.226     20.377    11.5374    11.5980  38.400814  38.455748    11.5349    11.5955    33.8545    33.8529    25.7863    25.7739     6.0125     6.1273    183.169    186.671     1.9145     1.8437     0.1111     1.7528     3.2821     0.0488     0.0122 -121.96840   36.73592      99.32         16  0.000e+00
      40706   1696.042     20.219     20.370    11.5378    11.5984  38.401075  38.455553    11.5353    11.5959    33.8543    33.8524    25.7861    25.7734     6.0124     6.1273    183.168    186.670     1.9145     1.8437     0.1111     1.7528     3.2833     0.0488     0.0110 -121.96840   36.73592      99.32         16  0.000e+00
      40707   1696.083     20.173     20.323    11.5384    11.5984  38.401075  38.454052    11.5359    11.5958    33.8538    33.8510    25.7856    25.7723     6.0123     6.1329    183.165    186.841     1.9145     1.8449     0.1111     1.7528     3.2833     0.0476     0.0098 -121.96840   36.73592      99.32         16  0.000e+00
      40708   1696.125     20.219     20.370    11.5383    11.5959  38.400749  38.452879    11.5358    11.5933    33.8535    33.8521    25.7854    25.7736     6.0124     6.1277    183.167    186.681     1.9145     1.8437     0.1111     1.7528     3.2833     0.0452     0.0073 -121.96840   36.73592      99.32         16  0.000e+00
      40709   1696.167     20.272     20.424    11.5383    11.5932  38.400944  38.451640    11.5357    11.5907    33.8538    33.8533    25.7856    25.7750     6.0124     6.1336    183.168    186.862     1.9145     1.8449     0.1123     1.7833     3.2821     0.0427     0.0061 -121.96840   36.73592      99.32         16  0.000e+00
      40710   1696.208     20.219     20.370    11.5378    11.5901  38.400749  38.450792    11.5352    11.5875    33.8541    33.8554    25.7859    25.7772     6.0124     6.1340    183.168    186.872     1.9145     1.8449     0.1123     1.7833     3.2821     0.0427     0.0061 -121.96840   36.73592      99.32         16  0.000e+00
      40711   1696.250     20.226     20.377    11.5377    11.5887  38.401466  38.449292    11.5351    11.5862    33.8549    33.8551    25.7865    25.7773     6.0073     6.1342    183.011    186.878     1.9133     1.8449     0.1123     1.7833     3.2821     0.0427     0.0061 -121.96840   36.73592      99.32         16  0.000e+00
      40712   1696.292     20.272     20.424    11.5383    11.5886  38.401466  38.448444    11.5357    11.5860    33.8543    33.8544    25.7860    25.7768     6.0073     6.1342    183.011    186.880     1.9133     1.8449     0.1123     1.7833     3.2833     0.0415     0.0049 -121.96840   36.73592      99.32         16  0.000e+00
      40713   1696.333     20.173     20.324    11.5395    11.5871  38.401857  38.447726    11.5370    11.5845    33.8536    33.8551    25.7852    25.7776     6.0071     6.1343    183.004    186.884     1.9133     1.8449     0.1123     1.7833     3.2833     0.0403     0.0049 -121.96840   36.73592      99.32         16  0.000e+00
      40714   1696.375     20.272     20.424    11.5411    11.5867  38.402510  38.448314    11.5385    11.5842    33.8528    33.8560    25.7843    25.7783     6.0070     6.1344    183.001    186.886     1.9133     1.8449     0.1123     1.7833     3.2821     0.0403     0.0049 -121.96840   36.73592      99.32         16  0.000e+00
      40715   1696.417     20.226     20.377    11.5424    11.5871  38.402183  38.448575    11.5399    11.5846    33.8512    33.8559    25.7828    25.7782     6.0017     6.1343    182.840    186.884     1.9121     1.8449     0.1123     1.7833     3.2821     0.0427     0.0073 -121.96840   36.73592      99.32         16  0.000e+00
      40716   1696.458     20.219     20.370    11.5432    11.5867  38.402509  38.448835    11.5407    11.5842    33.8508    33.8565    25.7824    25.7787     6.0016     6.1344    182.838    186.884     1.9121     1.8449     0.1123     1.7833     3.2821     0.0452     0.0098 -121.96840   36.73592      99.32         16  0.000e+00
      40717   1696.500     20.226     20.377    11.5441    11.5859  38.402966  38.449162    11.5416    11.5834    33.8505    33.8576    25.7819    25.7797     5.9963     6.1345    182.678    186.887     1.9109     1.8449     0.1123     1.7833     3.2808     0.0464     0.0098 -121.96840   36.73592      99.32         16  0.000e+00
      40718   1696.542     20.219     20.370    11.5455    11.5874  38.403292  38.449553    11.5430    11.5849    33.8495    33.8566    25.7809    25.7787     5.9962     6.1343    182.673    186.881     1.9109     1.8449     0.1123     1.7833     3.2821     0.0464     0.0098 -121.96840   36.73592      99.32         16  0.000e+00
      40719   1696.583     20.226     20.377    11.5460    11.5904  38.403618  38.451118    11.5435    11.5878    33.8493    33.8554    25.7807    25.7772     5.9961     6.1339    182.672    186.870     1.9109     1.8449     0.1123     1.7833     3.2821     0.0464     0.0098 -121.96840   36.73592      99.32         16  0.000e+00
