WCOA/WCOA-6/CTD_Data/RB2102_CTD_051_01.ros
* Sea-Bird SBE 9 Data File:
* FileName = C:\Users\scs.user.rb\CTD\RB2102\Data\RB2102_CTD_051_01.hex
* Software Version Seasave V 7.26.7.107
* Temperature SN = 6202
* Conductivity SN = 4907
* Number of Bytes Per Scan = 41
* Number of Voltage Words = 4
* Number of Scans Averaged by the Deck Unit = 1
* NMEA Latitude = 44 39.10 N
* NMEA Longitude = 124 10.53 W
* NMEA UTC (Time) = Jul 04 2021  11:06:37
* NMEA baud rate = 4800
# nquan = 30
# nvalues = 686                                   
# units = specified
# name 0 = scan: Scan Count
# name 1 = timeS: Time, Elapsed [seconds]
# name 2 = depSM: Depth [salt water, m]
# name 3 = prDM: Pressure, Digiquartz [db]
# name 4 = t090C: Temperature [ITS-90, deg C]
# name 5 = t190C: Temperature, 2 [ITS-90, deg C]
# name 6 = c0mS/cm: Conductivity [mS/cm]
# name 7 = c1mS/cm: Conductivity, 2 [mS/cm]
# name 8 = potemp090C: Potential Temperature [ITS-90, deg C]
# name 9 = potemp190C: Potential Temperature, 2 [ITS-90, deg C]
# name 10 = sal00: Salinity, Practical [PSU]
# name 11 = sal11: Salinity, Practical, 2 [PSU]
# name 12 = sigma-é00: Density [sigma-theta, kg/m^3]
# name 13 = sigma-é11: Density, 2 [sigma-theta, kg/m^3]
# name 14 = sbeox0Mg/L: Oxygen, SBE 43 [mg/l]
# name 15 = sbeox1Mg/L: Oxygen, SBE 43, 2 [mg/l]
# name 16 = sbox0Mm/Kg: Oxygen, SBE 43 [umol/kg]
# name 17 = sbox1Mm/Kg: Oxygen, SBE 43, 2 [umol/kg]
# name 18 = sbeox0V: Oxygen raw, SBE 43 [V]
# name 19 = sbeox1V: Oxygen raw, SBE 43, 2 [V]
# name 20 = v4: Voltage 4
# name 21 = flECO-AFL: Fluorescence, WET Labs ECO-AFL/FL [mg/m^3]
# name 22 = v3: Voltage 3
# name 23 = v6: Voltage 6
# name 24 = v7: Voltage 7
# name 25 = longitude: Longitude [deg]
# name 26 = latitude: Latitude [deg]
# name 27 = altM: Altimeter [m]
# name 28 = nbf: Bottles Fired
# name 29 = flag:  0.000e+00
# interval = seconds: 0.0416667
# start_time = Jul 04 2021 11:06:37 [NMEA time, header]
# bad_flag = -9.990e-29
*END*
[from data line 97]
      18178    757.375     47.343     47.734     8.0309     8.0285  35.100429  35.100602     8.0262     8.0238    33.7550    33.7575    26.2922    26.2945     1.9321     2.0472     58.831     62.336     0.9084     0.9133     0.0952     1.3560     3.3639     0.0000     0.0000 -124.17556   44.65168      10.79          2  0.000e+00
      18253    760.500     47.733     48.128     8.0277     8.0279  35.100431  35.100918     8.0229     8.0231    33.7579    33.7583    26.2950    26.2952     1.9267     2.0473     58.667     62.339     0.9072     0.9133     0.0928     1.2949     3.3626     0.0000     0.0000 -124.17558   44.65168      10.21          3  0.000e+00
      18254    760.542     47.733     48.128     8.0277     8.0279  35.100556  35.100855     8.0229     8.0231    33.7581    33.7582    26.2951    26.2952     1.9267     2.0473     58.667     62.339     0.9072     0.9133     0.0928     1.2949     3.3626     0.0000     0.0000 -124.17558   44.65168      10.21          3  0.000e+00
      18255    760.583     47.733     48.128     8.0278     8.0279  35.100179  35.100729     8.0231     8.0231    33.7575    33.7581    26.2947    26.2951     1.9267     2.0473     58.667     62.339     0.9072     0.9133     0.0928     1.2949     3.3639     0.0000     0.0000 -124.17558   44.65168      10.21          3  0.000e+00
      18256    760.625     47.786     48.182     8.0277     8.0280  35.100242  35.100729     8.0229     8.0232    33.7577    33.7579    26.2948    26.2949     1.9267     2.0473     58.668     62.340     0.9072     0.9133     0.0928     1.2949     3.3626     0.0000     0.0000 -124.17558   44.65168      10.21          3  0.000e+00
      18257    760.667     47.720     48.115     8.0279     8.0280  35.100116  35.100478     8.0232     8.0233    33.7573    33.7577    26.2945    26.2947     1.9267     2.0473     58.667     62.339     0.9072     0.9133     0.0928     1.2949     3.3626     0.0000     0.0000 -124.17558   44.65168      10.21          3  0.000e+00
      18258    760.708     47.733     48.128     8.0278     8.0279  35.100053  35.100603     8.0231     8.0231    33.7574    33.7579    26.2946    26.2950     1.9267     2.0534     58.667     62.525     0.9072     0.9145     0.0928     1.2949     3.3626     0.0000     0.0000 -124.17558   44.65168      10.21          3  0.000e+00
      18259    760.750     47.733     48.128     8.0278     8.0282  35.100242  35.100918     8.0231     8.0234    33.7576    33.7579    26.2947    26.2949     1.9267     2.0473     58.667     62.339     0.9072     0.9133     0.0916     1.2644     3.3626     0.0000     0.0000 -124.17558   44.65168      10.21          3  0.000e+00
      18260    760.792     47.733     48.128     8.0280     8.0280  35.099864  35.101044     8.0232     8.0233    33.7570    33.7583    26.2942    26.2952     1.9267     2.0473     58.667     62.339     0.9072     0.9133     0.0879     1.1728     3.3639     0.0000     0.0000 -124.17558   44.65168      10.21          3  0.000e+00
      18261    760.833     47.733     48.128     8.0278     8.0277  35.100179  35.101044     8.0231     8.0230    33.7575    33.7585    26.2947    26.2955     1.9267     2.0473     58.667     62.339     0.9072     0.9133     0.0867     1.1423     3.3639     0.0000     0.0000 -124.17558   44.65168      10.21          3  0.000e+00
      18262    760.875     47.733     48.128     8.0280     8.0280  35.100368  35.100792     8.0232     8.0233    33.7575    33.7580    26.2947    26.2950     1.9323     2.0473     58.837     62.339     0.9084     0.9133     0.0867     1.1423     3.3626     0.0000     0.0000 -124.17558   44.65168      10.18          3  0.000e+00
      18263    760.917     47.720     48.115     8.0283     8.0279  35.100367  35.100729     8.0236     8.0231    33.7572    33.7581    26.2944    26.2951     1.9323     2.0473     58.837     62.339     0.9084     0.9133     0.0867     1.1423     3.3639     0.0000     0.0000 -124.17558   44.65168      10.18          3  0.000e+00
      18264    760.958     47.733     48.128     8.0283     8.0280  35.100556  35.100918     8.0236     8.0233    33.7574    33.7581    26.2945    26.2951     1.9323     2.0473     58.837     62.339     0.9084     0.9133     0.0867     1.1423     3.3639     0.0000     0.0000 -124.17558   44.65168      10.18          3  0.000e+00
      18265    761.000     47.733     48.128     8.0283     8.0279  35.100430  35.100792     8.0236     8.0231    33.7573    33.7581    26.2944    26.2951     1.9323     2.0473     58.837     62.339     0.9084     0.9133     0.0867     1.1423     3.3639     0.0000     0.0000 -124.17558   44.65168      10.18          3  0.000e+00
      18266    761.042     47.733     48.128     8.0286     8.0282  35.100556  35.100918     8.0239     8.0234    33.7571    33.7579    26.2942    26.2949     1.9322     2.0473     58.836     62.339     0.9084     0.9133     0.0855     1.1118     3.3626     0.0000     0.0000 -124.17558   44.65168      10.18          3  0.000e+00
      18267    761.083     47.733     48.128     8.0283     8.0279  35.100179  35.101044     8.0236     8.0231    33.7570    33.7584    26.2942    26.2953     1.9323     2.0473     58.837     62.339     0.9084     0.9133     0.0867     1.1423     3.3626     0.0000     0.0000 -124.17558   44.65168      10.18          3  0.000e+00
      18268    761.125     47.733     48.128     8.0283     8.0280  35.100493  35.101044     8.0236     8.0233    33.7574    33.7583    26.2945    26.2952     1.9323     2.0473     58.837     62.339     0.9084     0.9133     0.0867     1.1423     3.3639     0.0000     0.0000 -124.17558   44.65168      10.18          3  0.000e+00
      18269    761.167     47.720     48.115     8.0281     8.0280  35.100430  35.100289     8.0234     8.0233    33.7575    33.7575    26.2946    26.2946     1.9323     2.0473     58.837     62.339     0.9084     0.9133     0.0867     1.1423     3.3639     0.0000     0.0000 -124.17558   44.65168      10.21          3  0.000e+00
      18270    761.208     47.733     48.128     8.0283     8.0280  35.099864  35.100541     8.0236     8.0233    33.7567    33.7577    26.2939    26.2947     1.9323     2.0473     58.837     62.339     0.9084     0.9133     0.0867     1.1423     3.3639     0.0000     0.0000 -124.17558   44.65168      10.23          3  0.000e+00
      18271    761.250     47.733     48.128     8.0283     8.0280  35.099927  35.100478     8.0236     8.0233    33.7568    33.7576    26.2940    26.2947     1.9323     2.0473     58.837     62.339     0.9084     0.9133     0.0867     1.1423     3.3639     0.0000     0.0000 -124.17558   44.65168      10.23          3  0.000e+00
      18272    761.292     47.733     48.128     8.0283     8.0283  35.100242  35.100855     8.0236     8.0236    33.7571    33.7577    26.2942    26.2947     1.9323     2.0473     58.837     62.339     0.9084     0.9133     0.0867     1.1423     3.3626     0.0000     0.0000 -124.17558   44.65168      10.23          3  0.000e+00
      18273    761.333     47.687     48.081     8.0281     8.0280  35.100556  35.100792     8.0234     8.0233    33.7576    33.7580    26.2947    26.2950     1.9323     2.0473     58.837     62.339     0.9084     0.9133     0.0867     1.1423     3.3639     0.0000     0.0000 -124.17558   44.65168      10.23          3  0.000e+00
      18274    761.375     47.687     48.081     8.0281     8.0280  35.100682  35.100729     8.0234     8.0233    33.7578    33.7579    26.2948    26.2950     1.9322     2.0534     58.837     62.525     0.9084     0.9145     0.0867     1.1423     3.3626     0.0000     0.0000 -124.17558   44.65168      10.23          3  0.000e+00
      18275    761.417     47.720     48.115     8.0283     8.0282  35.100682  35.100981     8.0236     8.0234    33.7576    33.7580    26.2946    26.2950     1.9323     2.0473     58.837     62.339     0.9084     0.9133     0.0867     1.1423     3.3639     0.0000     0.0000 -124.17558   44.65168      10.21          3  0.000e+00
      18276    761.458     47.733     48.128     8.0286     8.0279  35.100430  35.100792     8.0239     8.0231    33.7570    33.7581    26.2941    26.2951     1.9322     2.0473     58.836     62.339     0.9084     0.9133     0.0867     1.1423     3.3626     0.0000     0.0000 -124.17558   44.65168      10.21          3  0.000e+00
      18277    761.500     47.733     48.128     8.0286     8.0282  35.100556  35.100729     8.0239     8.0234    33.7571    33.7577    26.2942    26.2948     1.9322     2.0473     58.836     62.339     0.9084     0.9133     0.0867     1.1423     3.3639     0.0000     0.0000 -124.17558   44.65168      10.21          3  0.000e+00
      18278    761.542     47.687     48.081     8.0289     8.0282  35.100682  35.100477     8.0242     8.0235    33.7570    33.7575    26.2941    26.2946     1.9322     2.0473     58.836     62.339     0.9084     0.9133     0.0867     1.1423     3.3626     0.0000     0.0000 -124.17558   44.65168      10.21          3  0.000e+00
      18279    761.583     47.687     48.081     8.0294     8.0279  35.100430  35.100415     8.0247     8.0231    33.7562    33.7577    26.2934    26.2948     1.9322     2.0473     58.835     62.339     0.9084     0.9133     0.0867     1.1423     3.3626     0.0000     0.0000 -124.17558   44.65168      10.21          3  0.000e+00
      18280    761.625     47.720     48.115     8.0298     8.0280  35.100808  35.100603     8.0250     8.0233    33.7563    33.7578    26.2934    26.2948     1.9378     2.0473     59.005     62.339     0.9096     0.9133     0.0867     1.1423     3.3639     0.0000     0.0000 -124.17558   44.65168      10.23          3  0.000e+00
      18281    761.667     47.687     48.081     8.0298     8.0282  35.100745  35.100729     8.0250     8.0235    33.7562    33.7578    26.2934    26.2948     1.9322     2.0473     58.835     62.339     0.9084     0.9133     0.0867     1.1423     3.3639     0.0000     0.0000 -124.17558   44.65168      10.23          3  0.000e+00
      18282    761.708     47.687     48.081     8.0298     8.0280  35.100430  35.100729     8.0250     8.0233    33.7559    33.7579    26.2931    26.2949     1.9322     2.0473     58.835     62.339     0.9084     0.9133     0.0867     1.1423     3.3639     0.0000     0.0000 -124.17558   44.65168      10.23          3  0.000e+00
      18283    761.750     47.687     48.081     8.0298     8.0282  35.100556  35.100477     8.0250     8.0235    33.7560    33.7575    26.2932    26.2946     1.9378     2.0534     59.005     62.525     0.9096     0.9145     0.0867     1.1423     3.3639     0.0000     0.0000 -124.17558   44.65168      10.23          3  0.000e+00
      18284    761.792     47.687     48.081     8.0299     8.0282  35.100430  35.100415     8.0252     8.0235    33.7558    33.7574    26.2930    26.2945     1.9378     2.0534     59.005     62.525     0.9096     0.9145     0.0867     1.1423     3.3626     0.0000     0.0000 -124.17556   44.65168      10.23          3  0.000e+00
      18285    761.833     47.687     48.081     8.0306     8.0282  35.100808  35.100163     8.0258     8.0235    33.7555    33.7572    26.2927    26.2943     1.9322     2.0534     58.834     62.525     0.9084     0.9145     0.0867     1.1423     3.3626     0.0000     0.0000 -124.17556   44.65168      10.26          3  0.000e+00
      18286    761.875     47.621     48.015     8.0301     8.0283  35.100745  35.100540     8.0253     8.0236    33.7560    33.7574    26.2931    26.2945     1.9322     2.0533     58.834     62.524     0.9084     0.9145     0.0867     1.1423     3.3626     0.0000     0.0000 -124.17556   44.65168      10.26          3  0.000e+00
      18287    761.917     47.687     48.081     8.0304     8.0282  35.100430  35.100729     8.0256     8.0235    33.7553    33.7578    26.2925    26.2948     1.9378     2.0534     59.005     62.524     0.9096     0.9145     0.0867     1.1423     3.3639     0.0000     0.0000 -124.17556   44.65168      10.28          3  0.000e+00
      18288    761.958     47.687     48.081     8.0302     8.0282  35.100808  35.100729     8.0255     8.0235    33.7559    33.7578    26.2930    26.2948     1.9322     2.0473     58.834     62.339     0.9084     0.9133     0.0867     1.1423     3.3626     0.0000     0.0000 -124.17556   44.65168      10.28          3  0.000e+00
      18289    762.000     47.641     48.035     8.0304     8.0285  35.100745  35.100729     8.0256     8.0237    33.7557    33.7575    26.2928    26.2945     1.9322     2.0472     58.834     62.338     0.9084     0.9133     0.0867     1.1423     3.3639     0.0000     0.0000 -124.17556   44.65168      10.26          3  0.000e+00
      18290    762.042     47.687     48.081     8.0304     8.0282  35.100871  35.100477     8.0256     8.0235    33.7558    33.7575    26.2929    26.2946     1.9378     2.0534     59.005     62.525     0.9096     0.9145     0.0867     1.1423     3.3639     0.0000     0.0000 -124.17556   44.65168      10.28          3  0.000e+00
      18291    762.083     47.641     48.035     8.0302     8.0285  35.100241  35.100414     8.0255     8.0237    33.7553    33.7572    26.2925    26.2943     1.9378     2.0533     59.005     62.524     0.9096     0.9145     0.0867     1.1423     3.3626     0.0000     0.0000 -124.17556   44.65168      10.28          3  0.000e+00
      18292    762.125     47.621     48.015     8.0301     8.0285  35.100241  35.100163     8.0254     8.0237    33.7554    33.7569    26.2927    26.2941     1.9378     2.0533     59.005     62.524     0.9096     0.9145     0.0867     1.1423     3.3626     0.0000     0.0000 -124.17556   44.65168      10.31          3  0.000e+00
      18293    762.167     47.641     48.035     8.0296     8.0285  35.100367  35.100289     8.0248     8.0238    33.7560    33.7570    26.2932    26.2941     1.9378     2.0533     59.005     62.524     0.9096     0.9145     0.0867     1.1423     3.3639     0.0000     0.0000 -124.17556   44.65168      10.33          3  0.000e+00
      18294    762.208     47.641     48.035     8.0296     8.0285  35.100367  35.100603     8.0248     8.0237    33.7560    33.7574    26.2932    26.2944     1.9378     2.0533     59.005     62.524     0.9096     0.9145     0.0867     1.1423     3.3639     0.0000     0.0000 -124.17556   44.65168      10.33          3  0.000e+00
      18295    762.250     47.588     47.981     8.0296     8.0288  35.101059  35.100980     8.0249     8.0241    33.7568    33.7575    26.2938    26.2945     1.9378     2.0533     59.005     62.523     0.9096     0.9145     0.0867     1.1423     3.3626     0.0000     0.0000 -124.17556   44.65168      10.31          3  0.000e+00
      18296    762.292     47.641     48.035     8.0294     8.0289  35.100556  35.100792     8.0247     8.0241    33.7564    33.7572    26.2935    26.2942     1.9378     2.0533     59.005     62.523     0.9096     0.9145     0.0867     1.1423     3.3639     0.0000     0.0000 -124.17556   44.65168      10.31          3  0.000e+00
      18297    762.333     47.641     48.035     8.0293     8.0293  35.100367  35.100477     8.0245     8.0246    33.7564    33.7564    26.2935    26.2936     1.9378     2.0533     59.006     62.523     0.9096     0.9145     0.0867     1.1423     3.3626     0.0000     0.0000 -124.17556   44.65168      10.33          3  0.000e+00
      18298    762.375     47.575     47.968     8.0298     8.0295  35.100808  35.100603     8.0250     8.0248    33.7564    33.7564    26.2935    26.2936     1.9378     2.0533     59.004     62.522     0.9096     0.9145     0.0867     1.1423     3.3626     0.0000     0.0000 -124.17556   44.65168      10.35          3  0.000e+00
      18299    762.417     47.588     47.981     8.0294     8.0295  35.100241  35.100917     8.0247     8.0247    33.7561    33.7568    26.2933    26.2938     1.9378     2.0533     59.005     62.522     0.9096     0.9145     0.0867     1.1423     3.3626     0.0000     0.0000 -124.17556   44.65168      10.35          3  0.000e+00
