WCOA/WCOA-6/CTD_Data/RB2102_CTD_051_01.ros
* Sea-Bird SBE 9 Data File:
* FileName = C:\Users\scs.user.rb\CTD\RB2102\Data\RB2102_CTD_051_01.hex
* Software Version Seasave V 7.26.7.107
* Temperature SN = 6202
* Conductivity SN = 4907
* Number of Bytes Per Scan = 41
* Number of Voltage Words = 4
* Number of Scans Averaged by the Deck Unit = 1
* NMEA Latitude = 44 39.10 N
* NMEA Longitude = 124 10.53 W
* NMEA UTC (Time) = Jul 04 2021  11:06:37
* NMEA baud rate = 4800
# nquan = 30
# nvalues = 686                                   
# units = specified
# name 0 = scan: Scan Count
# name 1 = timeS: Time, Elapsed [seconds]
# name 2 = depSM: Depth [salt water, m]
# name 3 = prDM: Pressure, Digiquartz [db]
# name 4 = t090C: Temperature [ITS-90, deg C]
# name 5 = t190C: Temperature, 2 [ITS-90, deg C]
# name 6 = c0mS/cm: Conductivity [mS/cm]
# name 7 = c1mS/cm: Conductivity, 2 [mS/cm]
# name 8 = potemp090C: Potential Temperature [ITS-90, deg C]
# name 9 = potemp190C: Potential Temperature, 2 [ITS-90, deg C]
# name 10 = sal00: Salinity, Practical [PSU]
# name 11 = sal11: Salinity, Practical, 2 [PSU]
# name 12 = sigma-é00: Density [sigma-theta, kg/m^3]
# name 13 = sigma-é11: Density, 2 [sigma-theta, kg/m^3]
# name 14 = sbeox0Mg/L: Oxygen, SBE 43 [mg/l]
# name 15 = sbeox1Mg/L: Oxygen, SBE 43, 2 [mg/l]
# name 16 = sbox0Mm/Kg: Oxygen, SBE 43 [umol/kg]
# name 17 = sbox1Mm/Kg: Oxygen, SBE 43, 2 [umol/kg]
# name 18 = sbeox0V: Oxygen raw, SBE 43 [V]
# name 19 = sbeox1V: Oxygen raw, SBE 43, 2 [V]
# name 20 = v4: Voltage 4
# name 21 = flECO-AFL: Fluorescence, WET Labs ECO-AFL/FL [mg/m^3]
# name 22 = v3: Voltage 3
# name 23 = v6: Voltage 6
# name 24 = v7: Voltage 7
# name 25 = longitude: Longitude [deg]
# name 26 = latitude: Latitude [deg]
# name 27 = altM: Altimeter [m]
# name 28 = nbf: Bottles Fired
# name 29 = flag:  0.000e+00
# interval = seconds: 0.0416667
# start_time = Jul 04 2021 11:06:37 [NMEA time, header]
# bad_flag = -9.990e-29
*END*
[from data line 194]
      21055    877.250     40.397     40.730     8.1997     8.1904  35.224184  35.219923     8.1956     8.1863    33.7278    33.7322    26.2457    26.2505     2.3072     2.3534     70.256     71.663     0.9927     0.9768     0.0940     1.3254     3.3590     0.0000     0.0000 -124.17566   44.65164      17.75          4  0.000e+00
      21056    877.292     40.397     40.730     8.1977     8.1894  35.222545  35.219545     8.1936     8.1853    33.7279    33.7328    26.2461    26.2511     2.3017     2.3595     70.090     71.849     0.9915     0.9780     0.0940     1.3254     3.3578     0.0000     0.0000 -124.17566   44.65164      17.75          4  0.000e+00
      24442   1018.375     30.427     30.678     9.2257     9.2957  35.863866  35.907345     9.2224     9.2924    33.4306    33.4101    25.8541    25.8268     4.1683     4.3817    126.978    133.481     1.4225     1.4078     0.2796     5.9652     3.3529     0.0000     0.0000 -124.17568   44.65162      27.99          5  0.000e+00
      24443   1018.417     30.520     30.771     9.2268     9.2932  35.863993  35.907599     9.2235     9.2899    33.4296    33.4126    25.8531    25.8292     4.1628     4.3819    126.811    133.488     1.4212     1.4078     0.2796     5.9652     3.3529     0.0000     0.0000 -124.17568   44.65162      27.94          5  0.000e+00
      24444   1018.458     30.427     30.678     9.2262     9.2906  35.862342  35.907726     9.2229     9.2873    33.4286    33.4153    25.8524    25.8316     4.1629     4.3820    126.813    133.492     1.4212     1.4078     0.2796     5.9652     3.3541     0.0000     0.0000 -124.17568   44.65162      27.94          5  0.000e+00
      24445   1018.500     30.474     30.724     9.2187     9.2880  35.860819  35.907029     9.2154     9.2847    33.4340    33.4170    25.8578    25.8334     4.1635     4.3823    126.830    133.500     1.4212     1.4078     0.2796     5.9652     3.3529     0.0000     0.0000 -124.17568   44.65162      27.94          5  0.000e+00
      24446   1018.542     30.527     30.778     9.2160     9.2858  35.861455  35.906458     9.2128     9.2825    33.4371    33.4184    25.8606    25.8348     4.1637     4.3825    126.836    133.506     1.4212     1.4078     0.2796     5.9652     3.3529     0.0000     0.0000 -124.17568   44.65162      27.94          5  0.000e+00
      24447   1018.583     30.427     30.678     9.2193     9.2842  35.863676  35.905442     9.2160     9.2809    33.4364    33.4189    25.8596    25.8355     4.1633     4.3826    126.825    133.509     1.4212     1.4078     0.2796     5.9652     3.3529     0.0000     0.0000 -124.17568   44.65162      27.94          5  0.000e+00
      24448   1018.625     30.474     30.724     9.2260     9.2827  35.866533  35.905315     9.2227     9.2794    33.4331    33.4201    25.8559    25.8367     4.1573     4.3828    126.644    133.514     1.4200     1.4078     0.2796     5.9652     3.3529     0.0000     0.0000 -124.17568   44.65162      27.91          5  0.000e+00
      24449   1018.667     30.573     30.824     9.2355     9.2819  35.872691  35.904935     9.2322     9.2786    33.4305    33.4205    25.8524    25.8371     4.1565     4.3888    126.620    133.698     1.4200     1.4090     0.2796     5.9652     3.3529     0.0000     0.0000 -124.17568   44.65162      27.86          5  0.000e+00
      24450   1018.708     30.480     30.731     9.2414     9.2814  35.876944  35.904427     9.2381     9.2781    33.4294    33.4204    25.8506    25.8371     4.1505     4.3829    126.437    133.518     1.4188     1.4078     0.2796     5.9652     3.3529     0.0000     0.0000 -124.17568   44.65162      27.84          5  0.000e+00
      24451   1018.750     30.520     30.771     9.2467     9.2814  35.880310  35.904427     9.2434     9.2781    33.4279    33.4204    25.8486    25.8371     4.1555     4.3829    126.589    133.518     1.4200     1.4078     0.2796     5.9652     3.3529     0.0000     0.0000 -124.17568   44.65162      27.84          5  0.000e+00
      24452   1018.792     30.520     30.771     9.2501     9.2812  35.883103  35.904681     9.2468     9.2779    33.4276    33.4208    25.8478    25.8375     4.1497     4.3829    126.414    133.519     1.4188     1.4078     0.2796     5.9652     3.3529     0.0000     0.0000 -124.17570   44.65162      27.84          5  0.000e+00
      24453   1018.833     30.573     30.824     9.2539     9.2811  35.884119  35.904300     9.2506     9.2778    33.4251    33.4205    25.8452    25.8373     4.1495     4.3830    126.406    133.520     1.4188     1.4078     0.2796     5.9652     3.3541     0.0000     0.0000 -124.17570   44.65162      27.84          5  0.000e+00
      24454   1018.875     30.527     30.778     9.2576     9.2808  35.885008  35.903031     9.2543     9.2774    33.4226    33.4196    25.8426    25.8366     4.1492     4.3830    126.397    133.521     1.4188     1.4078     0.2796     5.9652     3.3529     0.0000     0.0000 -124.17570   44.65162      27.81          5  0.000e+00
      24455   1018.917     30.573     30.824     9.2586     9.2801  35.883547  35.902142     9.2553     9.2768    33.4201    33.4192    25.8405    25.8364     4.1492     4.3831    126.397    133.525     1.4188     1.4078     0.2796     5.9652     3.3529     0.0000     0.0000 -124.17570   44.65162      27.79          5  0.000e+00
      24456   1018.958     30.520     30.771     9.2563     9.2796  35.881832  35.904046     9.2530     9.2763    33.4205    33.4217    25.8412    25.8384     4.1493     4.3831    126.402    133.523     1.4188     1.4078     0.2796     5.9652     3.3541     0.0000     0.0000 -124.17570   44.65162      27.79          5  0.000e+00
      24457   1019.000     30.573     30.824     9.2544     9.2789  35.881960  35.904808     9.2511     9.2756    33.4224    33.4231    25.8431    25.8396     4.1495     4.3831    126.407    133.525     1.4188     1.4078     0.2796     5.9652     3.3529     0.0000     0.0000 -124.17570   44.65162      27.79          5  0.000e+00
      24458   1019.042     30.626     30.878     9.2561     9.2781  35.883230  35.904555     9.2528     9.2748    33.4221    33.4236    25.8425    25.8401     4.1494     4.3832    126.403    133.528     1.4188     1.4078     0.2796     5.9652     3.3529     0.0000     0.0000 -124.17570   44.65162      27.79          5  0.000e+00
      24459   1019.083     30.573     30.824     9.2602     9.2781  35.885135  35.904301     9.2569     9.2748    33.4202    33.4233    25.8404    25.8399     4.1490     4.3773    126.392    133.347     1.4188     1.4066     0.2796     5.9652     3.3529     0.0000     0.0000 -124.17570   44.65162      27.79          5  0.000e+00
      24460   1019.125     30.619     30.871     9.2604     9.2776  35.881705  35.903729     9.2571     9.2743    33.4165    33.4232    25.8374    25.8399     4.1491     4.3774    126.395    133.349     1.4188     1.4066     0.2796     5.9652     3.3529     0.0000     0.0000 -124.17570   44.65162      27.74          5  0.000e+00
      24461   1019.167     30.573     30.824     9.2521     9.2771  35.875673  35.903539     9.2488     9.2737    33.4180    33.4235    25.8400    25.8403     4.1498     4.3833    126.417    133.530     1.4188     1.4078     0.2796     5.9652     3.3541     0.0000     0.0000 -124.17570   44.65162      27.72          5  0.000e+00
      24462   1019.208     30.626     30.878     9.2441     9.2770  35.870087  35.903285     9.2408     9.2736    33.4197    33.4233    25.8425    25.8401     4.1506     4.3834    126.440    133.532     1.4188     1.4078     0.2796     5.9652     3.3541     0.0000     0.0000 -124.17570   44.65162      27.69          5  0.000e+00
      24463   1019.250     30.619     30.871     9.2291     9.2765  35.862787  35.903031     9.2258     9.2732    33.4262    33.4235    25.8501    25.8403     4.1519     4.3775    126.478    133.353     1.4188     1.4066     0.2796     5.9652     3.3529     0.0000     0.0000 -124.17570   44.65162      27.69          5  0.000e+00
      24464   1019.292     30.619     30.871     9.2166     9.2766  35.859868  35.902651     9.2133     9.2733    33.4349    33.4230    25.8589    25.8399     4.1528     4.3775    126.507    133.353     1.4188     1.4066     0.2784     5.9347     3.3529     0.0000     0.0000 -124.17570   44.65162      27.69          5  0.000e+00
      24465   1019.333     30.672     30.925     9.2219     9.2758  35.869709  35.902333     9.2186     9.2725    33.4401    33.4234    25.8620    25.8403     4.1522     4.3776    126.487    133.356     1.4188     1.4066     0.2772     5.9042     3.3529     0.0000     0.0000 -124.17570   44.65162      27.69          5  0.000e+00
      24466   1019.375     30.672     30.925     9.2380     9.2747  35.883931  35.902714     9.2347     9.2713    33.4397    33.4249    25.8592    25.8417     4.1452     4.3777    126.275    133.358     1.4176     1.4066     0.2772     5.9042     3.3529     0.0000     0.0000 -124.17570   44.65162      27.67          5  0.000e+00
      24467   1019.417     30.573     30.824     9.2537     9.2732  35.892248  35.902905     9.2504     9.2699    33.4337    33.4265    25.8520    25.8432     4.1438     4.3777    126.233    133.359     1.4176     1.4066     0.2772     5.9042     3.3529     0.0000     0.0000 -124.17570   44.65162      27.64          5  0.000e+00
      24468   1019.458     30.719     30.971     9.2655     9.2720  35.895550  35.902271     9.2622     9.2687    33.4260    33.4268    25.8440    25.8437     4.1484     4.3779    126.373    133.365     1.4188     1.4066     0.2772     5.9042     3.3529     0.0000     0.0000 -124.17570   44.65162      27.64          5  0.000e+00
      24469   1019.500     30.619     30.871     9.2708     9.2714  35.896375  35.901699     9.2675     9.2681    33.4219    33.4269    25.8400    25.8438     4.1479     4.3779    126.360    133.366     1.4188     1.4066     0.2772     5.9042     3.3529     0.0000     0.0000 -124.17570   44.65162      27.62          5  0.000e+00
      24470   1019.542     30.672     30.925     9.2769     9.2701  35.897136  35.901382     9.2736     9.2668    33.4170    33.4278    25.8352    25.8447     4.1475     4.3781    126.348    133.370     1.4188     1.4066     0.2772     5.9042     3.3529     0.0000     0.0000 -124.17570   44.65162      27.62          5  0.000e+00
      24471   1019.583     30.719     30.971     9.2819     9.2689  35.898343  35.901319     9.2786     9.2656    33.4135    33.4288    25.8317    25.8457     4.1472     4.3782    126.337    133.373     1.4188     1.4066     0.2772     5.9042     3.3529     0.0000     0.0000 -124.17570   44.65162      27.64          5  0.000e+00
      24472   1019.625     30.672     30.925     9.2850     9.2681  35.899867  35.900557     9.2817     9.2648    33.4122    33.4288    25.8302    25.8458     4.1469     4.3783    126.328    133.375     1.4188     1.4066     0.2772     5.9042     3.3529     0.0000     0.0000 -124.17570   44.65162      27.62          5  0.000e+00
      24473   1019.667     30.672     30.925     9.2868     9.2670  35.901200  35.900176     9.2835     9.2637    33.4119    33.4294    25.8296    25.8465     4.1467     4.3784    126.323    133.378     1.4188     1.4066     0.2772     5.9042     3.3529     0.0000     0.0000 -124.17570   44.65162      27.59          5  0.000e+00
      24474   1019.708     30.719     30.971     9.2873     9.2655  35.902280  35.899605     9.2840     9.2622    33.4126    33.4302    25.8301    25.8473     4.1467     4.3785    126.322    133.383     1.4188     1.4066     0.2772     5.9042     3.3529     0.0000     0.0000 -124.17570   44.65162      27.59          5  0.000e+00
      24475   1019.750     30.672     30.925     9.2886     9.2640  35.903487  35.899161     9.2853     9.2607    33.4126    33.4312    25.8299    25.8483     4.1519     4.3786    126.483    133.386     1.4200     1.4066     0.2772     5.9042     3.3529     0.0000     0.0000 -124.17570   44.65162      27.59          5  0.000e+00
      24476   1019.792     30.719     30.971     9.2909     9.2622  35.904249  35.899098     9.2876     9.2589    33.4112    33.4328    25.8284    25.8499     4.1518     4.3788    126.478    133.391     1.4200     1.4066     0.2772     5.9042     3.3529     0.0000     0.0000 -124.17570   44.65162      27.59          5  0.000e+00
      24477   1019.833     30.719     30.971     9.2926     9.2593  35.905583  35.899098     9.2893     9.2560    33.4110    33.4355    25.8280    25.8525     4.1516     4.3790    126.474    133.398     1.4200     1.4066     0.2772     5.9042     3.3529     0.0000     0.0000 -124.17570   44.65162      27.59          5  0.000e+00
      24478   1019.875     30.719     30.971     9.2938     9.2578  35.906472  35.898210     9.2905     9.2545    33.4108    33.4360    25.8276    25.8531     4.1515     4.3792    126.470    133.402     1.4200     1.4066     0.2772     5.9042     3.3529     0.0000     0.0000 -124.17570   44.65162      27.55          5  0.000e+00
      24479   1019.917     30.725     30.978     9.2941     9.2575  35.907107  35.897131     9.2907     9.2541    33.4112    33.4352    25.8279    25.8525     4.1569     4.3792    126.635    133.404     1.4212     1.4066     0.2772     5.9042     3.3529     0.0000     0.0000 -124.17570   44.65162      27.52          5  0.000e+00
      24480   1019.958     30.765     31.018     9.2944     9.2575  35.907044  35.896623     9.2910     9.2541    33.4109    33.4346    25.8276    25.8521     4.1569     4.3793    126.635    133.405     1.4212     1.4066     0.2772     5.9042     3.3529     0.0000     0.0000 -124.17570   44.65162      27.52          5  0.000e+00
      24481   1020.000     30.719     30.971     9.2938     9.2570  35.906980  35.896306     9.2905     9.2537    33.4113    33.4348    25.8280    25.8523     4.1569     4.3793    126.635    133.406     1.4212     1.4066     0.2772     5.9042     3.3529     0.0000     0.0000 -124.17570   44.65162      27.52          5  0.000e+00
      24482   1020.042     30.765     31.018     9.2931     9.2573  35.906980  35.896243     9.2898     9.2540    33.4120    33.4344    25.8287    25.8519     4.1570     4.3793    126.638    133.406     1.4212     1.4066     0.2772     5.9042     3.3529     0.0000     0.0000 -124.17570   44.65162      27.52          5  0.000e+00
      24483   1020.083     30.672     30.925     9.2920     9.2576  35.906472  35.896306     9.2887     9.2543    33.4125    33.4342    25.8292    25.8517     4.1571     4.3792    126.639    133.403     1.4212     1.4066     0.2772     5.9042     3.3529     0.0000     0.0000 -124.17570   44.65162      27.52          5  0.000e+00
      24484   1020.125     30.765     31.018     9.2913     9.2580  35.906790  35.895989     9.2879     9.2547    33.4135    33.4335    25.8302    25.8511     4.1572     4.3792    126.642    133.405     1.4212     1.4066     0.2772     5.9042     3.3529     0.0000     0.0000 -124.17570   44.65162      27.50          5  0.000e+00
      24485   1020.167     30.765     31.018     9.2912     9.2569  35.906726  35.896116     9.2878     9.2536    33.4135    33.4346    25.8302    25.8521     4.1626     4.3793    126.807    133.407     1.4225     1.4066     0.2772     5.9042     3.3529     0.0000     0.0000 -124.17570   44.65162      27.47          5  0.000e+00
      24486   1020.208     30.719     30.971     9.2914     9.2552  35.906663  35.896243     9.2881     9.2518    33.4133    33.4364    25.8300    25.8539     4.1626     4.3794    126.806    133.410     1.4225     1.4066     0.2772     5.9042     3.3529     0.0000     0.0000 -124.17570   44.65162      27.47          5  0.000e+00
