WCOA/WCOA-6/CTD_Data/RB2102_CTD_121_01.ros
* Sea-Bird SBE 9 Data File:
* FileName = C:\Users\scs.user.rb\CTD\RB2102\Data\RB2102_CTD_121_01.hex
* Software Version Seasave V 7.26.7.107
* Temperature SN = 6202
* Conductivity SN = 4907
* Number of Bytes Per Scan = 41
* Number of Voltage Words = 4
* Number of Scans Averaged by the Deck Unit = 1
* NMEA Latitude = 34 04.68 N
* NMEA Longitude = 119 33.43 W
* NMEA UTC (Time) = Jul 19 2021  11:18:40
* NMEA baud rate = 4800
# nquan = 30
# nvalues = 980                                   
# units = specified
# name 0 = scan: Scan Count
# name 1 = timeS: Time, Elapsed [seconds]
# name 2 = depSM: Depth [salt water, m]
# name 3 = prDM: Pressure, Digiquartz [db]
# name 4 = t090C: Temperature [ITS-90, deg C]
# name 5 = t190C: Temperature, 2 [ITS-90, deg C]
# name 6 = c0mS/cm: Conductivity [mS/cm]
# name 7 = c1mS/cm: Conductivity, 2 [mS/cm]
# name 8 = potemp090C: Potential Temperature [ITS-90, deg C]
# name 9 = potemp190C: Potential Temperature, 2 [ITS-90, deg C]
# name 10 = sal00: Salinity, Practical [PSU]
# name 11 = sal11: Salinity, Practical, 2 [PSU]
# name 12 = sigma-é00: Density [sigma-theta, kg/m^3]
# name 13 = sigma-é11: Density, 2 [sigma-theta, kg/m^3]
# name 14 = sbeox0Mg/L: Oxygen, SBE 43 [mg/l]
# name 15 = sbeox1Mg/L: Oxygen, SBE 43, 2 [mg/l]
# name 16 = sbox0Mm/Kg: Oxygen, SBE 43 [umol/kg]
# name 17 = sbox1Mm/Kg: Oxygen, SBE 43, 2 [umol/kg]
# name 18 = sbeox0V: Oxygen raw, SBE 43 [V]
# name 19 = sbeox1V: Oxygen raw, SBE 43, 2 [V]
# name 20 = v4: Voltage 4
# name 21 = flECO-AFL: Fluorescence, WET Labs ECO-AFL/FL [mg/m^3]
# name 22 = v3: Voltage 3
# name 23 = v6: Voltage 6
# name 24 = v7: Voltage 7
# name 25 = longitude: Longitude [deg]
# name 26 = latitude: Latitude [deg]
# name 27 = altM: Altimeter [m]
# name 28 = nbf: Bottles Fired
# name 29 = flag:  0.000e+00
# interval = seconds: 0.0416667
# start_time = Jul 19 2021 11:18:40 [NMEA time, header]
# bad_flag = -9.990e-29
*END*
[from data line 291]
      24980   1040.792     49.981     50.347    11.8631    11.8673  38.491995  38.493471    11.8567    11.8609    33.6346    33.6322    25.5556    25.5530     5.7493     5.3740    175.190    163.755     1.8547     1.6801     0.0598     0.4707     3.2796     0.0000     0.0000 -119.55750   34.07756      39.07          6  0.000e+00
      24981   1040.833     49.981     50.347    11.8640    11.8666  38.491864  38.493537    11.8576    11.8602    33.6336    33.6329    25.5547    25.5536     5.7492     5.3741    175.188    163.757     1.8547     1.6801     0.0598     0.4707     3.2796     0.0000     0.0000 -119.55750   34.07756      39.07          6  0.000e+00
      24982   1040.875     49.981     50.347    11.8645    11.8664  38.491798  38.493863    11.8582    11.8600    33.6331    33.6334    25.5542    25.5541     5.7440     5.3741    175.030    163.757     1.8535     1.6801     0.0598     0.4707     3.2784     0.0000     0.0000 -119.55750   34.07756      39.07          6  0.000e+00
      25036   1043.125     50.028     50.394    11.8657    11.8815  38.496239  38.508023    11.8593    11.8751    33.6363    33.6335    25.5565    25.5513     5.7489     5.3722    175.179    163.702     1.8547     1.6801     0.0598     0.4707     3.2796     0.0000     0.0000 -119.55750   34.07756      39.12          7  0.000e+00
      25037   1043.167     49.928     50.294    11.8656    11.8820  38.496957  38.508872    11.8593    11.8756    33.6371    33.6339    25.5571    25.5516     5.7488     5.3721    175.176    163.698     1.8547     1.6801     0.0598     0.4707     3.2808     0.0000     0.0000 -119.55750   34.07756      39.12          7  0.000e+00
      25038   1043.208     49.961     50.327    11.8670    11.8828  38.497414  38.509133    11.8606    11.8764    33.6363    33.6334    25.5562    25.5510     5.7538     5.3720    175.329    163.696     1.8559     1.6801     0.0586     0.4402     3.2808     0.0000     0.0000 -119.55750   34.07756      39.10          7  0.000e+00
      25039   1043.250     50.074     50.441    11.8685    11.8836  38.498328  38.509655    11.8621    11.8772    33.6358    33.6331    25.5555    25.5506     5.7486     5.3720    175.170    163.696     1.8547     1.6801     0.0598     0.4707     3.2808     0.0000     0.0000 -119.55750   34.07756      39.10          7  0.000e+00
      25040   1043.292     49.981     50.347    11.8692    11.8836  38.499046  38.510307    11.8628    11.8773    33.6359    33.6338    25.5555    25.5512     5.7485     5.3719    175.165    163.693     1.8547     1.6801     0.0598     0.4707     3.2796     0.0000     0.0000 -119.55750   34.07756      39.10          7  0.000e+00
      25041   1043.333     49.981     50.347    11.8695    11.8838  38.499242  38.510699    11.8631    11.8774    33.6358    33.6341    25.5554    25.5513     5.7484     5.3719    175.164    163.692     1.8547     1.6801     0.0598     0.4707     3.2808     0.0000     0.0000 -119.55750   34.07756      39.10          7  0.000e+00
      25042   1043.375     50.008     50.374    11.8692    11.8840  38.499438  38.511025    11.8628    11.8776    33.6363    33.6342    25.5558    25.5514     5.7485     5.3719    175.165    163.692     1.8547     1.6801     0.0586     0.4402     3.2796     0.0000     0.0000 -119.55750   34.07756      39.10          7  0.000e+00
      25043   1043.417     49.981     50.347    11.8710    11.8835  38.502115  38.512396    11.8646    11.8771    33.6373    33.6360    25.5562    25.5529     5.7482     5.3719    175.157    163.691     1.8547     1.6801     0.0598     0.4707     3.2796     0.0000     0.0000 -119.55750   34.07756      39.10          7  0.000e+00
      25044   1043.458     50.028     50.394    11.8767    11.8850  38.504727  38.514093    11.8704    11.8786    33.6346    33.6363    25.5531    25.5528     5.7476     5.3717    175.139    163.686     1.8547     1.6801     0.0598     0.4707     3.2796     0.0000     0.0000 -119.55750   34.07756      39.15          7  0.000e+00
      25045   1043.500     49.981     50.347    11.8778    11.8880  38.505510  38.514549    11.8714    11.8816    33.6345    33.6340    25.5528    25.5505     5.7526     5.3714    175.291    163.677     1.8559     1.6801     0.0598     0.4707     3.2796     0.0000     0.0000 -119.55750   34.07756      39.15          7  0.000e+00
      25046   1043.542     50.008     50.374    11.8774    11.8888  38.504596  38.514549    11.8710    11.8824    33.6339    33.6333    25.5524    25.5498     5.7526     5.3713    175.293    163.675     1.8559     1.6801     0.0586     0.4402     3.2796     0.0000     0.0000 -119.55750   34.07756      39.17          7  0.000e+00
      25047   1043.583     50.028     50.394    11.8776    11.8885  38.503747  38.514288    11.8712    11.8821    33.6329    33.6333    25.5516    25.5499     5.7475     5.3770    175.138    163.846     1.8547     1.6813     0.0598     0.4707     3.2796     0.0000     0.0000 -119.55750   34.07756      39.15          7  0.000e+00
      25048   1043.625     49.981     50.347    11.8773    11.8885  38.502833  38.515202    11.8709    11.8821    33.6323    33.6342    25.5512    25.5506     5.7527     5.3769    175.295    163.844     1.8559     1.6813     0.0598     0.4707     3.2784     0.0000     0.0000 -119.55750   34.07756      39.15          7  0.000e+00
      25049   1043.667     50.008     50.374    11.8771    11.8882  38.502376  38.516312    11.8707    11.8818    33.6320    33.6355    25.5510    25.5516     5.7528     5.3769    175.297    163.844     1.8559     1.6813     0.0586     0.4402     3.2808     0.0000     0.0000 -119.55750   34.07756      39.17          7  0.000e+00
      25050   1043.708     49.981     50.347    11.8761    11.8890  38.502506  38.517030    11.8697    11.8826    33.6331    33.6355    25.5520    25.5515     5.7528     5.3768    175.299    163.841     1.8559     1.6813     0.0586     0.4402     3.2808     0.0000     0.0000 -119.55750   34.07756      39.17          7  0.000e+00
      25051   1043.750     50.028     50.394    11.8750    11.8898  38.502311  38.516965    11.8686    11.8834    33.6338    33.6347    25.5528    25.5507     5.7530     5.3768    175.303    163.840     1.8559     1.6813     0.0586     0.4402     3.2796     0.0000     0.0000 -119.55750   34.07756      39.17          7  0.000e+00
      25052   1043.792     50.028     50.394    11.8751    11.8909  38.501723  38.516899    11.8687    11.8845    33.6332    33.6336    25.5522    25.5496     5.7530     5.3711    175.304    163.667     1.8559     1.6801     0.0586     0.4402     3.2796     0.0000     0.0000 -119.55750   34.07756      39.17          7  0.000e+00
      25053   1043.833     49.962     50.327    11.8761    11.8919  38.501070  38.516638    11.8697    11.8855    33.6317    33.6325    25.5509    25.5486     5.7529     5.3765    175.300    163.833     1.8559     1.6813     0.0586     0.4402     3.2808     0.0000     0.0000 -119.55750   34.07756      39.17          7  0.000e+00
      25054   1043.875     50.028     50.394    11.8764    11.8923  38.500417  38.516768    11.8700    11.8859    33.6307    33.6323    25.5501    25.5483     5.7529     5.3765    175.302    163.834     1.8559     1.6813     0.0598     0.4707     3.2796     0.0000     0.0000 -119.55750   34.07756      39.17          7  0.000e+00
      25055   1043.917     49.981     50.347    11.8769    11.8930  38.499502  38.517094    11.8705    11.8866    33.6294    33.6320    25.5490    25.5480     5.7528     5.3709    175.300    163.661     1.8559     1.6801     0.0586     0.4402     3.2796     0.0000     0.0000 -119.55750   34.07756      39.17          7  0.000e+00
      25056   1043.958     50.028     50.394    11.8758    11.8935  38.498980  38.517421    11.8694    11.8871    33.6299    33.6318    25.5496    25.5478     5.7530     5.3764    175.305    163.830     1.8559     1.6813     0.0586     0.4402     3.2808     0.0000     0.0000 -119.55750   34.07756      39.17          7  0.000e+00
      25057   1044.000     50.008     50.374    11.8751    11.8940  38.498131  38.518074    11.8687    11.8876    33.6297    33.6320    25.5495    25.5478     5.7531     5.3763    175.307    163.827     1.8559     1.6813     0.0586     0.4402     3.2796     0.0000     0.0000 -119.55750   34.07756      39.17          7  0.000e+00
      25058   1044.042     49.981     50.347    11.8751    11.8942  38.497348  38.518269    11.8687    11.8878    33.6289    33.6320    25.5489    25.5478     5.7531     5.3763    175.308    163.826     1.8559     1.6813     0.0586     0.4402     3.2796     0.0000     0.0000 -119.55750   34.07756      39.15          7  0.000e+00
      25059   1044.083     50.074     50.441    11.8746    11.8930  38.495911  38.518009    11.8682    11.8866    33.6279    33.6328    25.5483    25.5487     5.7533     5.3765    175.313    163.831     1.8559     1.6813     0.0586     0.4402     3.2796     0.0000     0.0000 -119.55750   34.07756      39.17          7  0.000e+00
      25060   1044.125     49.962     50.327    11.8730    11.8928  38.494736  38.517943    11.8666    11.8864    33.6283    33.6330    25.5489    25.5488     5.7534     5.3708    175.316    163.660     1.8559     1.6801     0.0586     0.4402     3.2796     0.0000     0.0000 -119.55750   34.07756      39.15          7  0.000e+00
      25061   1044.167     50.028     50.394    11.8713    11.8941  38.494540  38.518400    11.8649    11.8877    33.6296    33.6322    25.5502    25.5479     5.7536     5.3763    175.322    163.827     1.8559     1.6813     0.0598     0.4707     3.2796     0.0000     0.0000 -119.55750   34.07756      39.15          7  0.000e+00
      25062   1044.208     50.028     50.394    11.8700    11.8944  38.493953  38.519314    11.8636    11.8880    33.6302    33.6329    25.5509    25.5484     5.7537     5.3707    175.327    163.655     1.8559     1.6801     0.0586     0.4402     3.2796     0.0000     0.0000 -119.55750   34.07756      39.12          7  0.000e+00
      25063   1044.250     49.981     50.347    11.8693    11.8956  38.493822  38.521598    11.8629    11.8892    33.6307    33.6340    25.5514    25.5490     5.7538     5.3760    175.327    163.818     1.8559     1.6813     0.0586     0.4402     3.2808     0.0000     0.0000 -119.55750   34.07756      39.12          7  0.000e+00
      25064   1044.292     50.061     50.427    11.8688    11.8987  38.492843  38.524536    11.8624    11.8922    33.6302    33.6341    25.5511    25.5485     5.7539     5.3757    175.332    163.809     1.8559     1.6813     0.0598     0.4707     3.2796     0.0000     0.0000 -119.55750   34.07756      39.10          7  0.000e+00
      25065   1044.333     49.981     50.347    11.8680    11.9010  38.492712  38.526102    11.8616    11.8946    33.6308    33.6335    25.5518    25.5477     5.7539     5.3754    175.332    163.799     1.8559     1.6813     0.0586     0.4402     3.2796     0.0000     0.0000 -119.55750   34.07756      39.12          7  0.000e+00
      25066   1044.375     50.028     50.394    11.8673    11.9030  38.492255  38.526036    11.8609    11.8966    33.6310    33.6316    25.5520    25.5458     5.7540     5.3753    175.336    163.795     1.8559     1.6813     0.0598     0.4707     3.2808     0.0000     0.0000 -119.55750   34.07756      39.12          7  0.000e+00
      25067   1044.417     50.028     50.394    11.8667    11.9023  38.492125  38.523686    11.8603    11.8959    33.6314    33.6299    25.5525    25.5446     5.7541     5.3754    175.338    163.799     1.8559     1.6813     0.0598     0.4707     3.2784     0.0000     0.0000 -119.55750   34.07756      39.10          7  0.000e+00
      25068   1044.458     50.008     50.374    11.8662    11.8988  38.491602  38.522708    11.8598    11.8924    33.6314    33.6322    25.5525    25.5471     5.7541     5.3757    175.339    163.809     1.8559     1.6813     0.0586     0.4402     3.2808     0.0000     0.0000 -119.55750   34.07756      39.12          7  0.000e+00
      25069   1044.500     50.028     50.394    11.8660    11.8953  38.491472  38.522055    11.8596    11.8889    33.6314    33.6347    25.5526    25.5496     5.7542     5.3705    175.340    163.650     1.8559     1.6801     0.0598     0.4707     3.2784     0.0000     0.0000 -119.55750   34.07756      39.10          7  0.000e+00
      25070   1044.542     49.981     50.347    11.8657    11.8928  38.491276  38.522447    11.8593    11.8864    33.6315    33.6374    25.5527    25.5522     5.7491     5.3763    175.184    163.825     1.8547     1.6813     0.0598     0.4707     3.2796     0.0000     0.0000 -119.55750   34.07756      39.12          7  0.000e+00
      25071   1044.583     50.061     50.427    11.8658    11.8911  38.491407  38.523427    11.8594    11.8847    33.6315    33.6398    25.5527    25.5544     5.7542     5.3709    175.342    163.660     1.8559     1.6801     0.0586     0.4402     3.2796     0.0000     0.0000 -119.55750   34.07756      39.10          7  0.000e+00
      25072   1044.625     49.981     50.347    11.8659    11.8908  38.491668  38.524863    11.8595    11.8844    33.6317    33.6415    25.5529    25.5558     5.7542     5.3708    175.339    163.658     1.8559     1.6801     0.0586     0.4402     3.2796     0.0000     0.0000 -119.55750   34.07756      39.10          7  0.000e+00
      25073   1044.667     50.074     50.441    11.8655    11.8923  38.491276  38.525320    11.8591    11.8859    33.6316    33.6406    25.5529    25.5548     5.7543     5.3763    175.343    163.825     1.8559     1.6813     0.0598     0.4707     3.2796     0.0000     0.0000 -119.55750   34.07756      39.10          7  0.000e+00
      25074   1044.708     49.981     50.347    11.8655    11.8933  38.491341  38.525776    11.8591    11.8869    33.6317    33.6402    25.5529    25.5543     5.7542     5.3761    175.341    163.820     1.8559     1.6813     0.0586     0.4402     3.2796     0.0000     0.0000 -119.55750   34.07756      39.05          7  0.000e+00
      25075   1044.750     50.061     50.427    11.8655    11.8959  38.490950  38.525711    11.8591    11.8895    33.6313    33.6377    25.5526    25.5519     5.7543     5.3759    175.343    163.815     1.8559     1.6813     0.0598     0.4707     3.2796     0.0000     0.0000 -119.55750   34.07756      39.05          7  0.000e+00
      25076   1044.792     49.981     50.347    11.8659    11.8976  38.490819  38.525841    11.8595    11.8912    33.6309    33.6363    25.5522    25.5505     5.7542     5.3701    175.340    163.638     1.8559     1.6801     0.0598     0.4707     3.2796     0.0000     0.0000 -119.55750   34.07756      39.02          7  0.000e+00
      25077   1044.833     50.074     50.441    11.8656    11.8988  38.491015  38.526494    11.8592    11.8924    33.6313    33.6358    25.5525    25.5499     5.7594     5.3701    175.499    163.637     1.8571     1.6801     0.0586     0.4402     3.2796     0.0000     0.0000 -119.55750   34.07756      39.05          7  0.000e+00
      25078   1044.875     50.028     50.394    11.8662    11.9005  38.490623  38.527473    11.8598    11.8941    33.6304    33.6353    25.5518    25.5492     5.7542     5.3754    175.341    163.800     1.8559     1.6813     0.0598     0.4707     3.2796     0.0000     0.0000 -119.55750   34.07756      39.02          7  0.000e+00
      25079   1044.917     50.008     50.374    11.8662    11.9025  38.490492  38.529170    11.8598    11.8961    33.6303    33.6351    25.5517    25.5486     5.7542     5.3752    175.341    163.792     1.8559     1.6813     0.0598     0.4707     3.2784     0.0000     0.0000 -119.55750   34.07756      39.02          7  0.000e+00
