WCOA/WCOA-6/CTD_Data/RB2102_CTD_114_01.ros
* Sea-Bird SBE 9 Data File:
* FileName = C:\Users\scs.user.rb\CTD\RB2102\Data\RB2102_CTD_114_01.hex
* Software Version Seasave V 7.26.7.107
* Temperature SN = 6202
* Conductivity SN = 4907
* Number of Bytes Per Scan = 41
* Number of Voltage Words = 4
* Number of Scans Averaged by the Deck Unit = 1
* NMEA Latitude = 34 26.88 N
* NMEA Longitude = 120 31.41 W
* NMEA UTC (Time) = Jul 18 2021  11:01:11
* NMEA baud rate = 4800
# nquan = 30
# nvalues = 927                                   
# units = specified
# name 0 = scan: Scan Count
# name 1 = timeS: Time, Elapsed [seconds]
# name 2 = depSM: Depth [salt water, m]
# name 3 = prDM: Pressure, Digiquartz [db]
# name 4 = t090C: Temperature [ITS-90, deg C]
# name 5 = t190C: Temperature, 2 [ITS-90, deg C]
# name 6 = c0mS/cm: Conductivity [mS/cm]
# name 7 = c1mS/cm: Conductivity, 2 [mS/cm]
# name 8 = potemp090C: Potential Temperature [ITS-90, deg C]
# name 9 = potemp190C: Potential Temperature, 2 [ITS-90, deg C]
# name 10 = sal00: Salinity, Practical [PSU]
# name 11 = sal11: Salinity, Practical, 2 [PSU]
# name 12 = sigma-é00: Density [sigma-theta, kg/m^3]
# name 13 = sigma-é11: Density, 2 [sigma-theta, kg/m^3]
# name 14 = sbeox0Mg/L: Oxygen, SBE 43 [mg/l]
# name 15 = sbeox1Mg/L: Oxygen, SBE 43, 2 [mg/l]
# name 16 = sbox0Mm/Kg: Oxygen, SBE 43 [umol/kg]
# name 17 = sbox1Mm/Kg: Oxygen, SBE 43, 2 [umol/kg]
# name 18 = sbeox0V: Oxygen raw, SBE 43 [V]
# name 19 = sbeox1V: Oxygen raw, SBE 43, 2 [V]
# name 20 = v4: Voltage 4
# name 21 = flECO-AFL: Fluorescence, WET Labs ECO-AFL/FL [mg/m^3]
# name 22 = v3: Voltage 3
# name 23 = v6: Voltage 6
# name 24 = v7: Voltage 7
# name 25 = longitude: Longitude [deg]
# name 26 = latitude: Latitude [deg]
# name 27 = altM: Altimeter [m]
# name 28 = nbf: Bottles Fired
# name 29 = flag:  0.000e+00
# interval = seconds: 0.0416667
# start_time = Jul 18 2021 11:01:11 [NMEA time, header]
# bad_flag = -9.990e-29
*END*
      14920    621.625     66.256     66.745    10.5686    10.5709  37.430070  37.433484    10.5607    10.5630    33.7616    33.7628    25.8888    25.8893     4.5546     4.4680    138.741    136.103     1.5385     1.4518     0.0464     0.1350     3.3040     0.0269     0.0000 -120.52344   34.44814      10.55          1  0.000e+00
      14921    621.667     66.302     66.792    10.5686    10.5713  37.430329  37.433484    10.5607    10.5634    33.7618    33.7625    25.8889    25.8890     4.5493     4.4622    138.580    135.927     1.5372     1.4505     0.0464     0.1350     3.3040     0.0269     0.0000 -120.52344   34.44814      10.55          1  0.000e+00
      14922    621.708     66.136     66.625    10.5684    10.5710  37.430587  37.433484    10.5606    10.5632    33.7623    33.7628    25.8894    25.8893     4.5492     4.4679    138.577    136.100     1.5372     1.4518     0.0464     0.1350     3.3040     0.0256     0.0000 -120.52344   34.44814      10.55          1  0.000e+00
      14923    621.750     66.256     66.745    10.5681    10.5711  37.430458  37.433871    10.5602    10.5632    33.7624    33.7631    25.8895    25.8895     4.5493     4.4680    138.580    136.102     1.5372     1.4518     0.0464     0.1350     3.3040     0.0269     0.0000 -120.52344   34.44814      10.55          1  0.000e+00
      14924    621.792     66.203     66.692    10.5681    10.5712  37.430070  37.433355    10.5602    10.5634    33.7621    33.7624    25.8892    25.8890     4.5493     4.4679    138.580    136.101     1.5372     1.4518     0.0464     0.1350     3.3040     0.0269     0.0000 -120.52344   34.44814      10.57          1  0.000e+00
      14925    621.833     66.282     66.772    10.5681    10.5709  37.430006  37.433355    10.5602    10.5631    33.7620    33.7627    25.8891    25.8892     4.5493     4.4680    138.581    136.103     1.5372     1.4518     0.0464     0.1350     3.3040     0.0269     0.0000 -120.52344   34.44814      10.60          1  0.000e+00
      14926    621.875     66.203     66.692    10.5682    10.5710  37.430006  37.433678    10.5604    10.5632    33.7619    33.7629    25.8890    25.8894     4.5493     4.4679    138.579    136.101     1.5372     1.4518     0.0464     0.1350     3.3028     0.0269     0.0000 -120.52344   34.44814      10.60          1  0.000e+00
      14927    621.917     66.203     66.692    10.5682    10.5713  37.430329  37.433549    10.5604    10.5634    33.7622    33.7626    25.8893    25.8891     4.5493     4.4679    138.579    136.101     1.5372     1.4518     0.0464     0.1350     3.3040     0.0269     0.0000 -120.52344   34.44814      10.57          1  0.000e+00
      14928    621.958     66.236     66.725    10.5687    10.5712  37.430070  37.433226    10.5609    10.5634    33.7615    33.7623    25.8886    25.8889     4.5493     4.4679    138.579    136.102     1.5372     1.4518     0.0464     0.1350     3.3040     0.0269     0.0000 -120.52344   34.44814      10.60          1  0.000e+00
      14929    622.000     66.203     66.692    10.5687    10.5713  37.430587  37.433355    10.5609    10.5634    33.7620    33.7624    25.8891    25.8889     4.5439     4.4679    138.417    136.101     1.5360     1.4518     0.0464     0.1350     3.3040     0.0281     0.0000 -120.52344   34.44814      10.60          1  0.000e+00
      14930    622.042     66.236     66.725    10.5684    10.5712  37.430522  37.432968    10.5605    10.5634    33.7622    33.7620    25.8893    25.8887     4.5440     4.4680    138.418    136.102     1.5360     1.4518     0.0464     0.1350     3.3040     0.0269     0.0000 -120.52344   34.44814      10.62          1  0.000e+00
      14931    622.083     66.203     66.692    10.5684    10.5713  37.430070  37.433549    10.5605    10.5634    33.7618    33.7626    25.8889    25.8891     4.5493     4.4679    138.579    136.101     1.5372     1.4518     0.0464     0.1350     3.3040     0.0269     0.0000 -120.52344   34.44814      10.62          1  0.000e+00
      14932    622.125     66.256     66.745    10.5684    10.5712  37.430329  37.433549    10.5605    10.5634    33.7620    33.7626    25.8891    25.8891     4.5493     4.4680    138.580    136.102     1.5372     1.4518     0.0464     0.1350     3.3040     0.0269     0.0000 -120.52344   34.44814      10.62          1  0.000e+00
      14933    622.167     66.183     66.672    10.5686    10.5713  37.430070  37.433355    10.5607    10.5634    33.7616    33.7624    25.8888    25.8889     4.5440     4.4679    138.417    136.101     1.5360     1.4518     0.0464     0.1350     3.3040     0.0281     0.0000 -120.52344   34.44814      10.62          1  0.000e+00
      14934    622.208     66.203     66.692    10.5686    10.5712  37.430006  37.433419    10.5607    10.5634    33.7615    33.7625    25.8887    25.8890     4.5440     4.4679    138.417    136.101     1.5360     1.4518     0.0464     0.1350     3.3040     0.0305     0.0000 -120.52344   34.44814      10.62          1  0.000e+00
      14935    622.250     66.203     66.692    10.5684    10.5716  37.430264  37.433484    10.5605    10.5637    33.7620    33.7622    25.8891    25.8887     4.5493     4.4679    138.579    136.100     1.5372     1.4518     0.0464     0.1350     3.3040     0.0305     0.0000 -120.52344   34.44814      10.62          1  0.000e+00
      14936    622.292     66.183     66.672    10.5684    10.5714  37.430393  37.433484    10.5605    10.5635    33.7621    33.7625    25.8892    25.8890     4.5545     4.4679    138.739    136.100     1.5385     1.4518     0.0464     0.1350     3.3040     0.0305     0.0000 -120.52344   34.44814      10.62          1  0.000e+00
      14937    622.333     66.256     66.745    10.5684    10.5714  37.430071  37.433226    10.5605    10.5635    33.7617    33.7621    25.8889    25.8887     4.5493     4.4679    138.580    136.102     1.5372     1.4518     0.0464     0.1350     3.3040     0.0305     0.0000 -120.52344   34.44814      10.62          1  0.000e+00
      14938    622.375     66.203     66.692    10.5686    10.5710  37.430329  37.433161    10.5607    10.5632    33.7619    33.7624    25.8890    25.8890     4.5440     4.4679    138.417    136.102     1.5360     1.4518     0.0464     0.1350     3.3040     0.0305     0.0000 -120.52344   34.44814      10.65          1  0.000e+00
      14939    622.417     66.183     66.672    10.5684    10.5708  37.430329  37.433613    10.5605    10.5629    33.7620    33.7631    25.8891    25.8896     4.5440     4.4679    138.417    136.102     1.5360     1.4518     0.0476     0.1655     3.3040     0.0305     0.0000 -120.52344   34.44814      10.62          1  0.000e+00
      14940    622.458     66.203     66.692    10.5684    10.5707  37.430393  37.433032    10.5605    10.5629    33.7621    33.7626    25.8892    25.8892     4.5493     4.4680    138.579    136.103     1.5372     1.4518     0.0464     0.1350     3.3040     0.0305     0.0000 -120.52344   34.44814      10.62          1  0.000e+00
      14941    622.500     66.236     66.725    10.5684    10.5706  37.430070  37.433291    10.5605    10.5627    33.7617    33.7630    25.8889    25.8895     4.5493     4.4680    138.579    136.103     1.5372     1.4518     0.0464     0.1350     3.3040     0.0317     0.0000 -120.52344   34.44814      10.65          1  0.000e+00
      14942    622.542     66.203     66.692    10.5682    10.5704  37.430587  37.433355    10.5604    10.5625    33.7625    33.7632    25.8895    25.8897     4.5440     4.4680    138.418    136.103     1.5360     1.4518     0.0464     0.1350     3.3040     0.0317     0.0000 -120.52344   34.44814      10.65          1  0.000e+00
      14943    622.583     66.203     66.692    10.5684    10.5706  37.430522  37.433161    10.5605    10.5627    33.7622    33.7628    25.8893    25.8894     4.5440     4.4680    138.417    136.103     1.5360     1.4518     0.0464     0.1350     3.3040     0.0317     0.0000 -120.52344   34.44814      10.65          1  0.000e+00
      14944    622.625     66.183     66.672    10.5686    10.5707  37.430329  37.432903    10.5607    10.5629    33.7619    33.7625    25.8890    25.8891     4.5492     4.4680    138.578    136.102     1.5372     1.4518     0.0464     0.1350     3.3040     0.0317     0.0000 -120.52344   34.44814      10.65          1  0.000e+00
      14945    622.667     66.256     66.745    10.5686    10.5706  37.430652  37.432839    10.5607    10.5627    33.7622    33.7625    25.8892    25.8891     4.5440     4.4680    138.418    136.104     1.5360     1.4518     0.0464     0.1350     3.3040     0.0317     0.0000 -120.52344   34.44814      10.65          1  0.000e+00
      14946    622.708     66.203     66.692    10.5686    10.5705  37.430199  37.432839    10.5607    10.5627    33.7617    33.7626    25.8889    25.8892     4.5440     4.4680    138.417    136.103     1.5360     1.4518     0.0464     0.1350     3.3040     0.0305     0.0000 -120.52344   34.44814      10.65          1  0.000e+00
      14947    622.750     66.183     66.672    10.5684    10.5703  37.430587  37.432839    10.5605    10.5624    33.7623    33.7628    25.8893    25.8894     4.5440     4.4680    138.417    136.103     1.5360     1.4518     0.0464     0.1350     3.3040     0.0305     0.0000 -120.52344   34.44814      10.65          1  0.000e+00
      14948    622.792     66.256     66.745    10.5684    10.5702  37.430652  37.432839    10.5605    10.5624    33.7623    33.7628    25.8894    25.8895     4.5493     4.4680    138.579    136.105     1.5372     1.4518     0.0464     0.1350     3.3040     0.0317     0.0000 -120.52344   34.44814      10.65          1  0.000e+00
      14949    622.833     66.203     66.692    10.5686    10.5703  37.430716  37.432064    10.5607    10.5624    33.7622    33.7620    25.8893    25.8888     4.5439     4.4680    138.417    136.105     1.5360     1.4518     0.0476     0.1655     3.3040     0.0317     0.0000 -120.52344   34.44814      10.62          1  0.000e+00
      14950    622.875     66.236     66.725    10.5689    10.5702  37.430910  37.432065    10.5610    10.5624    33.7621    33.7621    25.8891    25.8889     4.5439     4.4681    138.416    136.105     1.5360     1.4518     0.0464     0.1350     3.3040     0.0317     0.0000 -120.52344   34.44814      10.62          1  0.000e+00
      14951    622.917     66.203     66.692    10.5687    10.5699  37.431039  37.431677    10.5609    10.5621    33.7624    33.7619    25.8894    25.8888     4.5492     4.4681    138.577    136.106     1.5372     1.4518     0.0464     0.1350     3.3028     0.0317     0.0000 -120.52344   34.44814      10.62          1  0.000e+00
      14952    622.958     66.236     66.725    10.5689    10.5694  37.430716  37.431613    10.5610    10.5615    33.7619    33.7624    25.8890    25.8892     4.5492     4.4681    138.578    136.108     1.5372     1.4518     0.0464     0.1350     3.3040     0.0305     0.0000 -120.52344   34.44814      10.62          1  0.000e+00
      14953    623.000     66.256     66.745    10.5689    10.5694  37.430716  37.432516    10.5610    10.5616    33.7619    33.7632    25.8890    25.8899     4.5440     4.4681    138.417    136.107     1.5360     1.4518     0.0464     0.1350     3.3040     0.0305     0.0000 -120.52344   34.44814      10.62          1  0.000e+00
      14954    623.042     66.203     66.692    10.5689    10.5689  37.431168  37.432839    10.5610    10.5610    33.7624    33.7641    25.8894    25.8907     4.5439     4.4681    138.416    136.107     1.5360     1.4518     0.0464     0.1350     3.3040     0.0293     0.0000 -120.52344   34.44814      10.62          1  0.000e+00
      14955    623.083     66.236     66.725    10.5689    10.5691  37.430910  37.432323    10.5610    10.5613    33.7621    33.7633    25.8891    25.8900     4.5439     4.4681    138.416    136.107     1.5360     1.4518     0.0464     0.1350     3.3040     0.0281     0.0000 -120.52344   34.44814      10.62          1  0.000e+00
      14956    623.125     66.256     66.745    10.5687    10.5694  37.430781  37.432194    10.5609    10.5615    33.7622    33.7630    25.8892    25.8897     4.5440     4.4681    138.417    136.107     1.5360     1.4518     0.0464     0.1350     3.3040     0.0293     0.0000 -120.52344   34.44814      10.65          1  0.000e+00
      14957    623.167     66.256     66.745    10.5689    10.5694  37.430910  37.432194    10.5610    10.5616    33.7621    33.7629    25.8891    25.8897     4.5492     4.4681    138.578    136.107     1.5372     1.4518     0.0464     0.1350     3.3040     0.0281     0.0000 -120.52344   34.44814      10.65          1  0.000e+00
      14958    623.208     66.236     66.725    10.5690    10.5694  37.430781  37.431936    10.5612    10.5615    33.7619    33.7627    25.8889    25.8895     4.5492     4.4681    138.577    136.107     1.5372     1.4518     0.0464     0.1350     3.3028     0.0281     0.0000 -120.52344   34.44814      10.62          1  0.000e+00
      14959    623.250     66.302     66.792    10.5689    10.5693  37.430652  37.431613    10.5610    10.5614    33.7618    33.7624    25.8889    25.8893     4.5440     4.4682    138.418    136.109     1.5360     1.4518     0.0464     0.1350     3.3040     0.0281     0.0000 -120.52344   34.44814      10.65          1  0.000e+00
      14960    623.292     66.203     66.692    10.5694    10.5692  37.431233  37.431742    10.5615    10.5614    33.7620    33.7627    25.8890    25.8895     4.5439     4.4681    138.414    136.107     1.5360     1.4518     0.0464     0.1350     3.3040     0.0281     0.0000 -120.52344   34.44814      10.65          1  0.000e+00
      14961    623.333     66.282     66.772    10.5694    10.5690  37.431556  37.432065    10.5615    10.5611    33.7623    33.7632    25.8892    25.8900     4.5439     4.4682    138.416    136.109     1.5360     1.4518     0.0464     0.1350     3.3040     0.0281     0.0000 -120.52344   34.44814      10.62          1  0.000e+00
      14962    623.375     66.256     66.745    10.5697    10.5689  37.431426  37.432323    10.5618    10.5610    33.7619    33.7636    25.8888    25.8902     4.5492     4.4682    138.576    136.108     1.5372     1.4518     0.0464     0.1350     3.3040     0.0281     0.0000 -120.52344   34.44814      10.62          1  0.000e+00
      14963    623.417     66.282     66.772    10.5695    10.5689  37.431039  37.432968    10.5617    10.5610    33.7617    33.7642    25.8887    25.8907     4.5492     4.4682    138.577    136.108     1.5372     1.4518     0.0464     0.1350     3.3040     0.0281     0.0000 -120.52344   34.44814      10.62          1  0.000e+00
      14964    623.458     66.302     66.792    10.5694    10.5693  37.431556  37.432904    10.5615    10.5614    33.7623    33.7637    25.8892    25.8903     4.5439     4.4681    138.416    136.108     1.5360     1.4518     0.0464     0.1350     3.3040     0.0281     0.0000 -120.52344   34.44814      10.62          1  0.000e+00
      14965    623.500     66.256     66.745    10.5694    10.5697  37.431168  37.432839    10.5615    10.5618    33.7619    33.7633    25.8889    25.8899     4.5492     4.4681    138.577    136.106     1.5372     1.4518     0.0464     0.1350     3.3040     0.0281     0.0000 -120.52344   34.44814      10.62          1  0.000e+00
      14966    623.542     66.282     66.772    10.5695    10.5703  37.431039  37.432581    10.5617    10.5624    33.7617    33.7625    25.8887    25.8892     4.5545     4.4681    138.738    136.105     1.5385     1.4518     0.0464     0.1350     3.3040     0.0269     0.0000 -120.52344   34.44814      10.62          1  0.000e+00
      14967    623.583     66.302     66.792    10.5695    10.5700  37.431233  37.432000    10.5617    10.5622    33.7618    33.7621    25.8888    25.8890     4.5492     4.4681    138.577    136.107     1.5372     1.4518     0.0464     0.1350     3.3028     0.0269     0.0000 -120.52344   34.44814      10.60          1  0.000e+00
