WCOA/WCOA-6/CTD_Data/RB2102_CTD_115_01.ros
* Sea-Bird SBE 9 Data File:
* FileName = C:\Users\scs.user.rb\CTD\RB2102\Data\RB2102_CTD_115_01.hex
* Software Version Seasave V 7.26.7.107
* Temperature SN = 6202
* Conductivity SN = 4907
* Number of Bytes Per Scan = 41
* Number of Voltage Words = 4
* Number of Scans Averaged by the Deck Unit = 1
* NMEA Latitude = 34 22.52 N
* NMEA Longitude = 120 39.75 W
* NMEA UTC (Time) = Jul 18 2021  12:38:36
* NMEA baud rate = 4800
# nquan = 30
# nvalues = 882                                   
# units = specified
# name 0 = scan: Scan Count
# name 1 = timeS: Time, Elapsed [seconds]
# name 2 = depSM: Depth [salt water, m]
# name 3 = prDM: Pressure, Digiquartz [db]
# name 4 = t090C: Temperature [ITS-90, deg C]
# name 5 = t190C: Temperature, 2 [ITS-90, deg C]
# name 6 = c0mS/cm: Conductivity [mS/cm]
# name 7 = c1mS/cm: Conductivity, 2 [mS/cm]
# name 8 = potemp090C: Potential Temperature [ITS-90, deg C]
# name 9 = potemp190C: Potential Temperature, 2 [ITS-90, deg C]
# name 10 = sal00: Salinity, Practical [PSU]
# name 11 = sal11: Salinity, Practical, 2 [PSU]
# name 12 = sigma-é00: Density [sigma-theta, kg/m^3]
# name 13 = sigma-é11: Density, 2 [sigma-theta, kg/m^3]
# name 14 = sbeox0Mg/L: Oxygen, SBE 43 [mg/l]
# name 15 = sbeox1Mg/L: Oxygen, SBE 43, 2 [mg/l]
# name 16 = sbox0Mm/Kg: Oxygen, SBE 43 [umol/kg]
# name 17 = sbox1Mm/Kg: Oxygen, SBE 43, 2 [umol/kg]
# name 18 = sbeox0V: Oxygen raw, SBE 43 [V]
# name 19 = sbeox1V: Oxygen raw, SBE 43, 2 [V]
# name 20 = v4: Voltage 4
# name 21 = flECO-AFL: Fluorescence, WET Labs ECO-AFL/FL [mg/m^3]
# name 22 = v3: Voltage 3
# name 23 = v6: Voltage 6
# name 24 = v7: Voltage 7
# name 25 = longitude: Longitude [deg]
# name 26 = latitude: Latitude [deg]
# name 27 = altM: Altimeter [m]
# name 28 = nbf: Bottles Fired
# name 29 = flag:  0.000e+00
# interval = seconds: 0.0416667
# start_time = Jul 18 2021 12:38:36 [NMEA time, header]
# bad_flag = -9.990e-29
*END*
[from data line 774]
      79467   3311.083     10.433     10.508    14.5012    14.5025  40.895939  40.896984    14.4997    14.5010    33.5868    33.5866    24.9900    24.9896     8.0386     7.6226    245.086    232.401     2.5189     2.2808     0.1819     3.5232     3.1783     0.0000     0.0000 -120.66318   34.37528      99.58         16  0.000e+00
      79468   3311.125     10.479     10.555    14.5017    14.5027  40.895805  40.897118    14.5002    14.5012    33.5861    33.5865    24.9894    24.9895     8.0434     7.6226    245.233    232.402     2.5201     2.2808     0.1819     3.5232     3.1783     0.0000     0.0000 -120.66318   34.37528      99.58         16  0.000e+00
      79469   3311.167     10.433     10.508    14.5017    14.5025  40.896608  40.897319    14.5002    14.5010    33.5869    33.5869    24.9901    24.9898     8.0385     7.6226    245.083    232.401     2.5189     2.2808     0.1819     3.5232     3.1770     0.0000     0.0000 -120.66318   34.37528      99.58         16  0.000e+00
      79470   3311.208     10.439     10.515    14.5019    14.5027  40.896541  40.896784    14.5004    14.5012    33.5867    33.5862    24.9898    24.9893     8.0434     7.6226    245.230    232.401     2.5201     2.2808     0.1807     3.4927     3.1783     0.0000     0.0000 -120.66318   34.37528      99.58         16  0.000e+00
      79471   3311.250     10.380     10.455    14.5024    14.5026  40.896473  40.897385    14.5009    14.5011    33.5862    33.5869    24.9894    24.9898     8.0432     7.6225    245.227    232.399     2.5201     2.2808     0.1819     3.5232     3.1770     0.0000     0.0000 -120.66318   34.37528      99.58         16  0.000e+00
      79472   3311.292     10.433     10.508    14.5025    14.5027  40.896474  40.897319    14.5010    14.5012    33.5861    33.5867    24.9892    24.9897     8.0433     7.6173    245.228    232.241     2.5201     2.2796     0.1819     3.5232     3.1770     0.0000     0.0000 -120.66318   34.37528      99.58         16  0.000e+00
      79473   3311.333     10.433     10.508    14.5022    14.5027  40.895671  40.897051    14.5007    14.5012    33.5856    33.5865    24.9890    24.9895     8.0433     7.6173    245.230    232.241     2.5201     2.2796     0.1819     3.5232     3.1770     0.0000     0.0000 -120.66318   34.37528      99.58         16  0.000e+00
      79474   3311.375     10.439     10.515    14.5024    14.5025  40.895671  40.897185    14.5009    14.5010    33.5855    33.5868    24.9888    24.9898     8.0433     7.6173    245.230    232.242     2.5201     2.2796     0.1819     3.5232     3.1770     0.0000     0.0000 -120.66318   34.37528      99.58         16  0.000e+00
      79475   3311.417     10.380     10.455    14.5024    14.5029  40.895938  40.897252    14.5009    14.5013    33.5858    33.5865    24.9890    24.9895     8.0433     7.6172    245.227    232.238     2.5201     2.2796     0.1819     3.5232     3.1783     0.0000     0.0000 -120.66318   34.37528      99.58         16  0.000e+00
      79476   3311.458     10.433     10.508    14.5025    14.5027  40.896340  40.897319    14.5010    14.5012    33.5860    33.5867    24.9891    24.9897     8.0384     7.6173    245.081    232.241     2.5189     2.2796     0.1819     3.5232     3.1770     0.0000     0.0000 -120.66318   34.37528      99.56         16  0.000e+00
      82934   3455.542      3.121      3.143    14.5240    14.5221  40.915244  40.913940    14.5236    14.5217    33.5876    33.5881    24.9856    24.9864     8.0419     7.6227    245.186    232.407     2.5226     2.2833     0.1709     3.2485     3.1746     0.0037     0.0000 -120.66314   34.37526      99.58         17  0.000e+00
      82935   3455.583      3.121      3.143    14.5242    14.5221  40.914977  40.913873    14.5237    14.5217    33.5872    33.5880    24.9853    24.9863     8.0419     7.6227    245.186    232.407     2.5226     2.2833     0.1709     3.2485     3.1758     0.0037     0.0000 -120.66314   34.37526      99.58         17  0.000e+00
      82936   3455.625      3.174      3.197    14.5241    14.5222  40.915378  40.913538    14.5236    14.5217    33.5876    33.5876    24.9856    24.9860     8.0419     7.6228    245.187    232.409     2.5226     2.2833     0.1709     3.2485     3.1746     0.0037     0.0000 -120.66314   34.37526      99.58         17  0.000e+00
      82937   3455.667      3.074      3.096    14.5240    14.5218  40.915177  40.914274    14.5236    14.5214    33.5876    33.5886    24.9856    24.9869     8.0418     7.6227    245.185    232.406     2.5226     2.2833     0.1709     3.2485     3.1770     0.0037     0.0000 -120.66314   34.37526      99.58         17  0.000e+00
      82938   3455.708      3.074      3.096    14.5243    14.5220  40.915445  40.914140    14.5238    14.5215    33.5876    33.5884    24.9855    24.9866     8.0418     7.6227    245.184    232.406     2.5226     2.2833     0.1709     3.2485     3.1758     0.0037     0.0000 -120.66314   34.37526      99.58         17  0.000e+00
      82939   3455.750      3.174      3.197    14.5242    14.5220  40.915044  40.914140    14.5237    14.5215    33.5872    33.5883    24.9853    24.9866     8.0419     7.6228    245.188    232.409     2.5226     2.2833     0.1709     3.2485     3.1746     0.0037     0.0000 -120.66314   34.37526      99.58         17  0.000e+00
      82940   3455.792      3.041      3.063    14.5243    14.5221  40.915110  40.914407    14.5238    14.5217    33.5873    33.5885    24.9853    24.9867     8.0418     7.6226    245.183    232.404     2.5226     2.2833     0.1722     3.2790     3.1758     0.0037     0.0000 -120.66314   34.37526      99.58         17  0.000e+00
      82941   3455.833      3.121      3.143    14.5242    14.5223  40.915244  40.914541    14.5237    14.5218    33.5874    33.5885    24.9854    24.9866     8.0419     7.6227    245.186    232.405     2.5226     2.2833     0.1746     3.3401     3.1770     0.0037     0.0000 -120.66314   34.37526      99.58         17  0.000e+00
      82942   3455.875      3.121      3.143    14.5243    14.5221  40.914977  40.914341    14.5238    14.5217    33.5871    33.5884    24.9852    24.9866     8.0419     7.6227    245.186    232.406     2.5226     2.2833     0.1758     3.3706     3.1758     0.0037     0.0000 -120.66314   34.37526      99.58         17  0.000e+00
      82943   3455.917      3.074      3.096    14.5244    14.5225  40.915311  40.914474    14.5239    14.5220    33.5874    33.5883    24.9854    24.9864     8.0370     7.6226    245.036    232.403     2.5214     2.2833     0.1758     3.3706     3.1746     0.0037     0.0000 -120.66314   34.37526      99.58         17  0.000e+00
      82944   3455.958      3.074      3.096    14.5244    14.5226  40.915244  40.914742    14.5239    14.5222    33.5873    33.5884    24.9853    24.9865     8.0370     7.6226    245.037    232.402     2.5214     2.2833     0.1758     3.3706     3.1746     0.0037     0.0000 -120.66314   34.37526      99.58         17  0.000e+00
      82945   3456.000      3.074      3.096    14.5245    14.5226  40.915445  40.914675    14.5240    14.5222    33.5874    33.5883    24.9854    24.9864     8.0418     7.6226    245.183    232.403     2.5226     2.2833     0.1758     3.3706     3.1746     0.0037     0.0000 -120.66314   34.37526      99.58         17  0.000e+00
      82946   3456.042      3.074      3.096    14.5244    14.5229  40.915043  40.914274    14.5239    14.5224    33.5871    33.5877    24.9852    24.9859     8.0418     7.6226    245.184    232.402     2.5226     2.2833     0.1758     3.3706     3.1758     0.0037     0.0000 -120.66314   34.37526      99.58         17  0.000e+00
      82947   3456.083      3.121      3.143    14.5246    14.5232  40.915378  40.914675    14.5242    14.5227    33.5872    33.5878    24.9852    24.9860     8.0418     7.6226    245.184    232.402     2.5226     2.2833     0.1758     3.3706     3.1758     0.0037     0.0000 -120.66314   34.37526      99.58         17  0.000e+00
      82948   3456.125      3.074      3.096    14.5244    14.5230  40.915579  40.914608    14.5239    14.5225    33.5876    33.5879    24.9855    24.9861     8.0418     7.6226    245.183    232.401     2.5226     2.2833     0.1758     3.3706     3.1758     0.0037     0.0000 -120.66314   34.37526      99.58         17  0.000e+00
      82949   3456.167      3.121      3.143    14.5243    14.5228  40.915178  40.914341    14.5238    14.5224    33.5873    33.5878    24.9853    24.9860     8.0419     7.6226    245.185    232.404     2.5226     2.2833     0.1758     3.3706     3.1746     0.0037     0.0000 -120.66314   34.37526      99.58         17  0.000e+00
      82950   3456.208      3.074      3.096    14.5244    14.5226  40.915445  40.914207    14.5239    14.5222    33.5875    33.5879    24.9855    24.9861     8.0370     7.6226    245.036    232.403     2.5214     2.2833     0.1758     3.3706     3.1746     0.0037     0.0000 -120.66314   34.37526      99.58         17  0.000e+00
      82951   3456.250      3.121      3.143    14.5245    14.5225  40.915044  40.913940    14.5241    14.5220    33.5870    33.5878    24.9850    24.9861     8.0370     7.6227    245.038    232.406     2.5214     2.2833     0.1758     3.3706     3.1758     0.0037     0.0000 -120.66314   34.37526      99.58         17  0.000e+00
      82952   3456.292      3.121      3.143    14.5243    14.5215  40.915378  40.913873    14.5238    14.5210    33.5875    33.5886    24.9855    24.9869     8.0370     7.6228    245.038    232.409     2.5214     2.2833     0.1758     3.3706     3.1746     0.0037     0.0000 -120.66314   34.37526      99.58         17  0.000e+00
      82953   3456.333      3.074      3.096    14.5244    14.5211  40.915311  40.913137    14.5239    14.5207    33.5874    33.5882    24.9854    24.9867     8.0370     7.6228    245.036    232.410     2.5214     2.2833     0.1758     3.3706     3.1746     0.0037     0.0000 -120.66314   34.37526      99.58         17  0.000e+00
      82954   3456.375      3.141      3.163    14.5245    14.5208  40.914441  40.912803    14.5240    14.5203    33.5865    33.5882    24.9846    24.9867     8.0371     7.6230    245.040    232.414     2.5214     2.2833     0.1758     3.3706     3.1746     0.0037     0.0000 -120.66314   34.37526      99.58         17  0.000e+00
      82955   3456.417      3.174      3.197    14.5244    14.5206  40.915378  40.913004    14.5239    14.5201    33.5874    33.5885    24.9854    24.9870     8.0371     7.6230    245.039    232.415     2.5214     2.2833     0.1758     3.3706     3.1758     0.0037     0.0000 -120.66314   34.37526      99.58         17  0.000e+00
      82956   3456.458      3.074      3.097    14.5245    14.5205  40.915378  40.912535    14.5240    14.5201    33.5874    33.5882    24.9853    24.9868     8.0370     7.6229    245.036    232.413     2.5214     2.2833     0.1758     3.3706     3.1746     0.0037     0.0000 -120.66314   34.37526      99.58         17  0.000e+00
      82957   3456.500      3.174      3.197    14.5245    14.5203  40.915445  40.911733    14.5241    14.5198    33.5873    33.5876    24.9853    24.9864     8.0370     7.6231    245.039    232.418     2.5214     2.2833     0.1758     3.3706     3.1758     0.0037     0.0000 -120.66314   34.37526      99.58         17  0.000e+00
      82958   3456.542      3.121      3.143    14.5244    14.5203  40.915311  40.911933    14.5239    14.5198    33.5874    33.5878    24.9853    24.9865     8.0418     7.6230    245.185    232.416     2.5226     2.2833     0.1758     3.3706     3.1746     0.0037     0.0000 -120.66314   34.37526      99.58         17  0.000e+00
      82959   3456.583      3.174      3.197    14.5243    14.5198  40.914977  40.911532    14.5238    14.5193    33.5871    33.5879    24.9852    24.9867     8.0371     7.6232    245.040    232.420     2.5214     2.2833     0.1758     3.3706     3.1746     0.0037     0.0000 -120.66314   34.37526      99.58         17  0.000e+00
      82960   3456.625      3.174      3.197    14.5244    14.5196  40.915111  40.911466    14.5239    14.5191    33.5872    33.5879    24.9852    24.9868     8.0371     7.6180    245.040    232.262     2.5214     2.2821     0.1758     3.3706     3.1758     0.0037     0.0000 -120.66314   34.37526      99.58         17  0.000e+00
      82961   3456.667      3.220      3.243    14.5245    14.5196  40.915044  40.911666    14.5240    14.5191    33.5870    33.5881    24.9851    24.9869     8.0371     7.6232    245.041    232.422     2.5214     2.2833     0.1758     3.3706     3.1758     0.0037     0.0000 -120.66314   34.37526      99.58         17  0.000e+00
      82962   3456.708      3.174      3.197    14.5245    14.5196  40.915178  40.912201    14.5241    14.5191    33.5871    33.5886    24.9851    24.9873     8.0419     7.6179    245.186    232.260     2.5226     2.2821     0.1758     3.3706     3.1746     0.0037     0.0000 -120.66314   34.37526      99.58         17  0.000e+00
      82963   3456.750      3.220      3.243    14.5241    14.5199  40.915245  40.912670    14.5236    14.5195    33.5875    33.5887    24.9855    24.9873     8.0420     7.6179    245.189    232.260     2.5226     2.2821     0.1758     3.3706     3.1758     0.0037     0.0000 -120.66314   34.37526      99.58         17  0.000e+00
      82964   3456.792      3.220      3.243    14.5244    14.5204  40.915446  40.912603    14.5239    14.5200    33.5874    33.5883    24.9854    24.9869     8.0419     7.6179    245.188    232.258     2.5226     2.2821     0.1758     3.3706     3.1758     0.0037     0.0000 -120.66314   34.37526      99.58         17  0.000e+00
      82965   3456.833      3.220      3.243    14.5244    14.5204  40.915579  40.913004    14.5239    14.5200    33.5876    33.5886    24.9855    24.9872     8.0419     7.6179    245.188    232.258     2.5226     2.2821     0.1758     3.3706     3.1758     0.0037     0.0000 -120.66314   34.37526      99.58         17  0.000e+00
      82966   3456.875      3.220      3.243    14.5246    14.5209  40.915044  40.912870    14.5242    14.5204    33.5869    33.5881    24.9849    24.9867     8.0419     7.6230    245.188    232.416     2.5226     2.2833     0.1758     3.3706     3.1746     0.0024     0.0000 -120.66314   34.37526      99.58         17  0.000e+00
      82967   3456.917      3.266      3.290    14.5244    14.5211  40.915513  40.912335    14.5239    14.5206    33.5875    33.5874    24.9854    24.9861     8.0372     7.6231    245.042    232.417     2.5214     2.2833     0.1734     3.3096     3.1746     0.0037     0.0000 -120.66314   34.37526      99.58         17  0.000e+00
      82968   3456.958      3.233      3.257    14.5245    14.5211  40.915579  40.911800    14.5240    14.5206    33.5875    33.5869    24.9854    24.9857     8.0419     7.6231    245.188    232.417     2.5226     2.2833     0.1722     3.2790     3.1758     0.0037     0.0000 -120.66314   34.37526      99.58         17  0.000e+00
      82969   3457.000      3.266      3.290    14.5242    14.5204  40.915580  40.911934    14.5237    14.5199    33.5877    33.5876    24.9856    24.9864     8.0372     7.6179    245.043    232.261     2.5214     2.2821     0.1709     3.2485     3.1746     0.0037     0.0000 -120.66314   34.37526      99.58         17  0.000e+00
      82970   3457.042      3.266      3.290    14.5243    14.5206  40.915580  40.912268    14.5238    14.5201    33.5876    33.5878    24.9856    24.9865     8.0420     7.6231    245.189    232.419     2.5226     2.2833     0.1722     3.2790     3.1746     0.0037     0.0000 -120.66314   34.37526      99.58         17  0.000e+00
