WCOA/WCOA-6/CTD_Data/RB2102_CTD_127_01.ros
* Sea-Bird SBE 9 Data File:
* FileName = C:\Users\scs.user.rb\CTD\RB2102\Data\RB2102_CTD_127_01.hex
* Software Version Seasave V 7.26.7.107
* Temperature SN = 6202
* Conductivity SN = 4907
* Number of Bytes Per Scan = 41
* Number of Voltage Words = 4
* Number of Scans Averaged by the Deck Unit = 1
* NMEA Latitude = 33 15.12 N
* NMEA Longitude = 118 14.95 W
* NMEA UTC (Time) = Jul 21 2021  00:58:59
* NMEA baud rate = 4800
# nquan = 30
# nvalues = 1115                                  
# units = specified
# name 0 = scan: Scan Count
# name 1 = timeS: Time, Elapsed [seconds]
# name 2 = depSM: Depth [salt water, m]
# name 3 = prDM: Pressure, Digiquartz [db]
# name 4 = t090C: Temperature [ITS-90, deg C]
# name 5 = t190C: Temperature, 2 [ITS-90, deg C]
# name 6 = c0mS/cm: Conductivity [mS/cm]
# name 7 = c1mS/cm: Conductivity, 2 [mS/cm]
# name 8 = potemp090C: Potential Temperature [ITS-90, deg C]
# name 9 = potemp190C: Potential Temperature, 2 [ITS-90, deg C]
# name 10 = sal00: Salinity, Practical [PSU]
# name 11 = sal11: Salinity, Practical, 2 [PSU]
# name 12 = sigma-é00: Density [sigma-theta, kg/m^3]
# name 13 = sigma-é11: Density, 2 [sigma-theta, kg/m^3]
# name 14 = sbeox0Mg/L: Oxygen, SBE 43 [mg/l]
# name 15 = sbeox1Mg/L: Oxygen, SBE 43, 2 [mg/l]
# name 16 = sbox0Mm/Kg: Oxygen, SBE 43 [umol/kg]
# name 17 = sbox1Mm/Kg: Oxygen, SBE 43, 2 [umol/kg]
# name 18 = sbeox0V: Oxygen raw, SBE 43 [V]
# name 19 = sbeox1V: Oxygen raw, SBE 43, 2 [V]
# name 20 = v4: Voltage 4
# name 21 = flECO-AFL: Fluorescence, WET Labs ECO-AFL/FL [mg/m^3]
# name 22 = v3: Voltage 3
# name 23 = v6: Voltage 6
# name 24 = v7: Voltage 7
# name 25 = longitude: Longitude [deg]
# name 26 = latitude: Latitude [deg]
# name 27 = altM: Altimeter [m]
# name 28 = nbf: Bottles Fired
# name 29 = flag:  0.000e+00
# interval = seconds: 0.0416667
# start_time = Jul 21 2021 00:58:59 [NMEA time, header]
# bad_flag = -9.990e-29
*END*
[from data line 1064]
      60988   2541.125      4.075      4.105    20.6888    20.6903  46.721717  46.724116    20.6881    20.6896    33.4703    33.4710    23.4135    23.4137     7.6544     7.1544    233.730    218.463     2.6679     2.3956     0.0452     0.1044     3.2015     0.0000     0.0220 -118.24918   33.25060      99.71         23  0.000e+00
      60989   2541.167      4.076      4.105    20.6888    20.6900  46.721222  46.724398    20.6880    20.6892    33.4699    33.4715    23.4133    23.4142     7.6544     7.1544    233.730    218.463     2.6679     2.3956     0.0452     0.1044     3.2027     0.0000     0.0208 -118.24918   33.25060      99.71         23  0.000e+00
      61026   2542.708      4.169      4.199    20.6871    20.6872  46.720234  46.721856    20.6863    20.6864    33.4705    33.4717    23.4141    23.4150     7.6590     7.1687    233.870    218.900     2.6691     2.3993     0.0452     0.1044     3.2051     0.0000     0.0208 -118.24918   33.25060      99.73         24  0.000e+00
      61027   2542.750      4.123      4.152    20.6872    20.6872  46.720233  46.721503    20.6865    20.6864    33.4704    33.4714    23.4140    23.4148     7.6589     7.1687    233.868    218.899     2.6691     2.3993     0.0452     0.1044     3.2039     0.0000     0.0208 -118.24918   33.25060      99.71         24  0.000e+00
      61028   2542.792      4.269      4.299    20.6874    20.6872  46.720234  46.721786    20.6866    20.6864    33.4701    33.4716    23.4138    23.4150     7.6633     7.1688    234.003    218.903     2.6703     2.3993     0.0452     0.1044     3.2039     0.0000     0.0195 -118.24918   33.25060      99.71         24  0.000e+00
      61029   2542.833      4.223      4.253    20.6878    20.6875  46.720516  46.721786    20.6870    20.6867    33.4701    33.4713    23.4137    23.4147     7.6632     7.1641    234.000    218.760     2.6703     2.3980     0.0452     0.1044     3.2039     0.0000     0.0208 -118.24918   33.25060      99.73         24  0.000e+00
      61030   2542.875      4.269      4.299    20.6876    20.6874  46.720658  46.721574    20.6868    20.6866    33.4704    33.4713    23.4139    23.4147     7.6676     7.1642    234.133    218.762     2.6716     2.3980     0.0452     0.1044     3.2039     0.0000     0.0220 -118.24918   33.25060      99.73         24  0.000e+00
      61031   2542.917      4.236      4.266    20.6876    20.6875  46.720658  46.721715    20.6868    20.6867    33.4703    33.4713    23.4139    23.4146     7.6675     7.1641    234.132    218.760     2.6716     2.3980     0.0452     0.1044     3.2039     0.0000     0.0220 -118.24918   33.25060      99.71         24  0.000e+00
      61032   2542.958      4.322      4.353    20.6878    20.6875  46.720305  46.721928    20.6870    20.6867    33.4699    33.4714    23.4135    23.4148     7.6676     7.1642    234.134    218.762     2.6716     2.3980     0.0452     0.1044     3.2051     0.0000     0.0220 -118.24918   33.25060      99.73         24  0.000e+00
      61033   2543.000      4.269      4.299    20.6876    20.6876  46.720517  46.721786    20.6868    20.6868    33.4703    33.4712    23.4138    23.4146     7.6719     7.1642    234.264    218.761     2.6728     2.3980     0.0452     0.1044     3.2051     0.0000     0.0220 -118.24918   33.25060      99.73         24  0.000e+00
      61034   2543.042      4.269      4.299    20.6878    20.6875  46.720446  46.721927    20.6870    20.6867    33.4700    33.4714    23.4136    23.4148     7.6718     7.1642    234.263    218.761     2.6728     2.3980     0.0452     0.1044     3.2039     0.0000     0.0220 -118.24918   33.25060      99.71         24  0.000e+00
      61035   2543.083      4.368      4.400    20.6874    20.6875  46.720023  46.721786    20.6866    20.6867    33.4699    33.4713    23.4137    23.4147     7.6720     7.1596    234.268    218.623     2.6728     2.3968     0.0452     0.1044     3.2027     0.0000     0.0232 -118.24918   33.25060      99.71         24  0.000e+00
      61036   2543.125      4.322      4.353    20.6876    20.6874  46.720446  46.721574    20.6868    20.6865    33.4702    33.4713    23.4138    23.4147     7.6719     7.1596    234.265    218.622     2.6728     2.3968     0.0452     0.1044     3.2027     0.0000     0.0232 -118.24918   33.25060      99.73         24  0.000e+00
      61037   2543.167      4.282      4.313    20.6874    20.6874  46.720305  46.721715    20.6866    20.6866    33.4702    33.4714    23.4138    23.4148     7.6762     7.1550    234.396    218.480     2.6740     2.3956     0.0452     0.1044     3.2039     0.0000     0.0232 -118.24918   33.25060      99.73         24  0.000e+00
      61038   2543.208      4.369      4.400    20.6872    20.6875  46.720871  46.721575    20.6864    20.6867    33.4708    33.4711    23.4143    23.4145     7.6763     7.1550    234.398    218.482     2.6740     2.3956     0.0452     0.1044     3.2039     0.0000     0.0220 -118.24918   33.25060      99.73         24  0.000e+00
      61039   2543.250      4.322      4.353    20.6876    20.6875  46.721082  46.721998    20.6868    20.6867    33.4707    33.4715    23.4141    23.4148     7.6762     7.1550    234.395    218.480     2.6740     2.3956     0.0452     0.1044     3.2039     0.0000     0.0220 -118.24918   33.25060      99.71         24  0.000e+00
      61040   2543.292      4.415      4.446    20.6876    20.6874  46.720729  46.721999    20.6868    20.6865    33.4704    33.4716    23.4139    23.4149     7.6720     7.1551    234.268    218.483     2.6728     2.3956     0.0464     0.1350     3.2027     0.0000     0.0232 -118.24918   33.25060      99.71         24  0.000e+00
      61041   2543.333      4.369      4.400    20.6874    20.6879  46.720659  46.722069    20.6866    20.6871    33.4705    33.4712    23.4140    23.4145     7.6720     7.1504    234.267    218.339     2.6728     2.3944     0.0452     0.1044     3.2027     0.0000     0.0232 -118.24918   33.25060      99.73         24  0.000e+00
      61042   2543.375      4.369      4.400    20.6874    20.6877  46.720941  46.722281    20.6866    20.6869    33.4707    33.4715    23.4142    23.4148     7.6720     7.1504    234.267    218.340     2.6728     2.3944     0.0452     0.1044     3.2039     0.0000     0.0232 -118.24918   33.25060      99.73         24  0.000e+00
      61043   2543.417      4.382      4.413    20.6878    20.6878  46.720729  46.722493    20.6870    20.6870    33.4702    33.4716    23.4138    23.4148     7.6719     7.1504    234.266    218.339     2.6728     2.3944     0.0452     0.1044     3.2039     0.0000     0.0232 -118.24918   33.25060      99.73         24  0.000e+00
      61044   2543.458      4.369      4.400    20.6879    20.6882  46.720729  46.722351    20.6871    20.6874    33.4701    33.4712    23.4136    23.4144     7.6719     7.1503    234.265    218.338     2.6728     2.3944     0.0452     0.1044     3.2027     0.0000     0.0232 -118.24918   33.25060      99.73         24  0.000e+00
      61045   2543.500      4.369      4.400    20.6879    20.6881  46.721224  46.722493    20.6871    20.6873    33.4705    33.4714    23.4140    23.4146     7.6719     7.1503    234.265    218.338     2.6728     2.3944     0.0452     0.1044     3.2027     0.0000     0.0232 -118.24918   33.25060      99.73         24  0.000e+00
      61046   2543.542      4.369      4.400    20.6883    20.6882  46.721153  46.722705    20.6875    20.6874    33.4702    33.4715    23.4136    23.4146     7.6719     7.1457    234.264    218.197     2.6728     2.3932     0.0452     0.1044     3.2002     0.0000     0.0232 -118.24918   33.25060      99.73         24  0.000e+00
      61047   2543.583      4.369      4.400    20.6881    20.6884  46.721294  46.722563    20.6873    20.6876    33.4704    33.4712    23.4138    23.4144     7.6762     7.1457    234.395    218.196     2.6740     2.3932     0.0452     0.1044     3.1990     0.0000     0.0232 -118.24918   33.25060      99.73         24  0.000e+00
      61048   2543.625      4.415      4.447    20.6881    20.6882  46.721153  46.722352    20.6873    20.6874    33.4703    33.4712    23.4137    23.4144     7.6719     7.1457    234.266    218.198     2.6728     2.3932     0.0464     0.1350     3.1990     0.0000     0.0232 -118.24918   33.25060      99.73         24  0.000e+00
      61049   2543.667      4.329      4.360    20.6879    20.6886  46.720729  46.723057    20.6871    20.6878    33.4701    33.4715    23.4137    23.4145     7.6719     7.1456    234.264    218.194     2.6728     2.3932     0.0452     0.1044     3.1990     0.0000     0.0232 -118.24918   33.25060      99.73         24  0.000e+00
      61050   2543.708      4.323      4.353    20.6878    20.6884  46.720941  46.722916    20.6870    20.6876    33.4704    33.4715    23.4139    23.4146     7.6719     7.1456    234.264    218.195     2.6728     2.3932     0.0464     0.1350     3.1990     0.0000     0.0232 -118.24918   33.25060      99.71         24  0.000e+00
      61051   2543.750      4.369      4.400    20.6876    20.6882  46.721082  46.721857    20.6868    20.6874    33.4707    33.4708    23.4142    23.4141     7.6719     7.1457    234.266    218.198     2.6728     2.3932     0.0452     0.1044     3.2002     0.0000     0.0220 -118.24918   33.25060      99.73         24  0.000e+00
      61052   2543.792      4.323      4.353    20.6878    20.6881  46.720446  46.722281    20.6870    20.6873    33.4700    33.4713    23.4136    23.4145     7.6719     7.1457    234.265    218.196     2.6728     2.3932     0.0452     0.1044     3.2002     0.0000     0.0232 -118.24918   33.25060      99.71         24  0.000e+00
      61053   2543.833      4.323      4.353    20.6876    20.6882  46.720234  46.722139    20.6868    20.6873    33.4700    33.4711    23.4136    23.4143     7.6719     7.1457    234.266    218.196     2.6728     2.3932     0.0452     0.1044     3.2002     0.0000     0.0232 -118.24918   33.25060      99.73         24  0.000e+00
      61054   2543.875      4.369      4.400    20.6871    20.6879  46.719952  46.722634    20.6863    20.6871    33.4702    33.4717    23.4139    23.4149     7.6720     7.1457    234.269    218.198     2.6728     2.3932     0.0452     0.1044     3.2002     0.0000     0.0232 -118.24918   33.25060      99.73         24  0.000e+00
      61055   2543.917      4.283      4.314    20.6874    20.6877  46.719669  46.722492    20.6866    20.6869    33.4697    33.4717    23.4135    23.4149     7.6719     7.1503    234.266    218.337     2.6728     2.3944     0.0452     0.1044     3.1990     0.0000     0.0232 -118.24918   33.25060      99.73         24  0.000e+00
      61056   2543.958      4.323      4.354    20.6869    20.6879  46.719810  46.722139    20.6861    20.6871    33.4702    33.4713    23.4140    23.4146     7.6720     7.1457    234.268    218.197     2.6728     2.3932     0.0464     0.1350     3.1990     0.0000     0.0220 -118.24918   33.25060      99.71         24  0.000e+00
      61057   2544.000      4.223      4.254    20.6871    20.6879  46.719881  46.721998    20.6863    20.6871    33.4702    33.4712    23.4139    23.4145     7.6719     7.1456    234.265    218.194     2.6728     2.3932     0.0452     0.1044     3.2002     0.0000     0.0220 -118.24918   33.25060      99.73         24  0.000e+00
      61058   2544.042      4.270      4.300    20.6869    20.6875  46.719881  46.722069    20.6861    20.6867    33.4703    33.4715    23.4141    23.4148     7.6720     7.1503    234.267    218.338     2.6728     2.3944     0.0464     0.1350     3.2002     0.0000     0.0220 -118.24918   33.25060      99.71         24  0.000e+00
      61059   2544.083      4.224      4.254    20.6869    20.6879  46.719881  46.721998    20.6861    20.6871    33.4703    33.4712    23.4141    23.4145     7.6719     7.1502    234.265    218.335     2.6728     2.3944     0.0452     0.1044     3.2015     0.0000     0.0220 -118.24918   33.25060      99.73         24  0.000e+00
      61060   2544.125      4.270      4.300    20.6869    20.6879  46.719528  46.722068    20.6861    20.6871    33.4700    33.4713    23.4138    23.4145     7.6720     7.1503    234.267    218.337     2.6728     2.3944     0.0452     0.1044     3.2015     0.0000     0.0220 -118.24918   33.25060      99.73         24  0.000e+00
      61061   2544.167      4.184      4.214    20.6867    20.6879  46.719739  46.722280    20.6859    20.6871    33.4703    33.4715    23.4141    23.4147     7.6719     7.1502    234.265    218.334     2.6728     2.3944     0.0452     0.1044     3.2015     0.0000     0.0220 -118.24918   33.25060      99.71         24  0.000e+00
      61062   2544.208      4.171      4.200    20.6869    20.6881  46.719880  46.722139    20.6861    20.6873    33.4703    33.4712    23.4141    23.4144     7.6719     7.1502    234.264    218.333     2.6728     2.3944     0.0452     0.1044     3.2015     0.0000     0.0220 -118.24918   33.25060      99.73         24  0.000e+00
      61063   2544.250      4.171      4.200    20.6867    20.6882  46.719880  46.721997    20.6859    20.6874    33.4705    33.4710    23.4142    23.4143     7.6719     7.1501    234.264    218.333     2.6728     2.3944     0.0452     0.1044     3.2015     0.0000     0.0220 -118.24918   33.25060      99.73         24  0.000e+00
      61064   2544.292      4.171      4.200    20.6869    20.6881  46.718962  46.722421    20.6861    20.6873    33.4696    33.4714    23.4135    23.4146     7.6719     7.1501    234.265    218.333     2.6728     2.3944     0.0452     0.1044     3.2015     0.0000     0.0208 -118.24918   33.25060      99.73         24  0.000e+00
      61065   2544.333      4.124      4.154    20.6871    20.6881  46.719103  46.722350    20.6863    20.6873    33.4696    33.4714    23.4135    23.4146     7.6675     7.1501    234.132    218.332     2.6716     2.3944     0.0464     0.1350     3.2002     0.0000     0.0208 -118.24918   33.25060      99.73         24  0.000e+00
      61066   2544.375      4.124      4.154    20.6864    20.6881  46.719386  46.722492    20.6856    20.6873    33.4703    33.4715    23.4142    23.4147     7.6676     7.1501    234.134    218.332     2.6716     2.3944     0.0452     0.1044     3.2015     0.0000     0.0208 -118.24918   33.25060      99.73         24  0.000e+00
      61067   2544.417      4.091      4.120    20.6864    20.6881  46.719174  46.722138    20.6856    20.6873    33.4702    33.4712    23.4141    23.4144     7.6676     7.1501    234.133    218.331     2.6716     2.3944     0.0464     0.1350     3.2002     0.0000     0.0208 -118.24918   33.25060      99.73         24  0.000e+00
      61068   2544.458      4.078      4.107    20.6860    20.6881  46.718750  46.721785    20.6853    20.6873    33.4701    33.4709    23.4142    23.4142     7.6676     7.1501    234.134    218.331     2.6716     2.3944     0.0452     0.1044     3.2015     0.0000     0.0195 -118.24918   33.25060      99.73         24  0.000e+00
      61069   2544.500      4.078      4.107    20.6860    20.6877  46.718679  46.721573    20.6853    20.6869    33.4701    33.4711    23.4141    23.4144     7.6633     7.1501    234.003    218.332     2.6703     2.3944     0.0464     0.1350     3.2002     0.0000     0.0195 -118.24918   33.25060      99.73         24  0.000e+00
      61070   2544.542      4.025      4.054    20.6859    20.6879  46.718679  46.721714    20.6851    20.6871    33.4702    33.4711    23.4143    23.4144     7.6633     7.1501    234.002    218.330     2.6703     2.3944     0.0452     0.1044     3.2015     0.0000     0.0195 -118.24918   33.25060      99.73         24  0.000e+00
