WCOA/WCOA-6/CTD_Data/RB2102_CTD_127_01.ros
* Sea-Bird SBE 9 Data File:
* FileName = C:\Users\scs.user.rb\CTD\RB2102\Data\RB2102_CTD_127_01.hex
* Software Version Seasave V 7.26.7.107
* Temperature SN = 6202
* Conductivity SN = 4907
* Number of Bytes Per Scan = 41
* Number of Voltage Words = 4
* Number of Scans Averaged by the Deck Unit = 1
* NMEA Latitude = 33 15.12 N
* NMEA Longitude = 118 14.95 W
* NMEA UTC (Time) = Jul 21 2021  00:58:59
* NMEA baud rate = 4800
# nquan = 30
# nvalues = 1115                                  
# units = specified
# name 0 = scan: Scan Count
# name 1 = timeS: Time, Elapsed [seconds]
# name 2 = depSM: Depth [salt water, m]
# name 3 = prDM: Pressure, Digiquartz [db]
# name 4 = t090C: Temperature [ITS-90, deg C]
# name 5 = t190C: Temperature, 2 [ITS-90, deg C]
# name 6 = c0mS/cm: Conductivity [mS/cm]
# name 7 = c1mS/cm: Conductivity, 2 [mS/cm]
# name 8 = potemp090C: Potential Temperature [ITS-90, deg C]
# name 9 = potemp190C: Potential Temperature, 2 [ITS-90, deg C]
# name 10 = sal00: Salinity, Practical [PSU]
# name 11 = sal11: Salinity, Practical, 2 [PSU]
# name 12 = sigma-é00: Density [sigma-theta, kg/m^3]
# name 13 = sigma-é11: Density, 2 [sigma-theta, kg/m^3]
# name 14 = sbeox0Mg/L: Oxygen, SBE 43 [mg/l]
# name 15 = sbeox1Mg/L: Oxygen, SBE 43, 2 [mg/l]
# name 16 = sbox0Mm/Kg: Oxygen, SBE 43 [umol/kg]
# name 17 = sbox1Mm/Kg: Oxygen, SBE 43, 2 [umol/kg]
# name 18 = sbeox0V: Oxygen raw, SBE 43 [V]
# name 19 = sbeox1V: Oxygen raw, SBE 43, 2 [V]
# name 20 = v4: Voltage 4
# name 21 = flECO-AFL: Fluorescence, WET Labs ECO-AFL/FL [mg/m^3]
# name 22 = v3: Voltage 3
# name 23 = v6: Voltage 6
# name 24 = v7: Voltage 7
# name 25 = longitude: Longitude [deg]
# name 26 = latitude: Latitude [deg]
# name 27 = altM: Altimeter [m]
# name 28 = nbf: Bottles Fired
# name 29 = flag:  0.000e+00
# interval = seconds: 0.0416667
# start_time = Jul 21 2021 00:58:59 [NMEA time, header]
# bad_flag = -9.990e-29
*END*
[from data line 194]
      27464   1144.292    196.743    198.239     9.8959     9.8949  37.352585  37.351275     9.8732     9.8723    34.2548    34.2544    26.3914    26.3913     1.9773     1.8753     60.204     57.097     0.9304     0.8901     0.0403    -0.0177     3.2503     0.0000     0.0122 -118.24924   33.25130      99.83          5  0.000e+00
      27465   1144.333    196.743    198.239     9.8956     9.8954  37.352005  37.351533     9.8730     9.8728    34.2544    34.2541    26.3912    26.3910     1.9774     1.8694     60.204     56.916     0.9304     0.8889     0.0403    -0.0177     3.2491     0.0000     0.0122 -118.24924   33.25130      99.83          5  0.000e+00
      27466   1144.375    196.743    198.239     9.8951     9.8946  37.351166  37.351727     9.8724     9.8719    34.2541    34.2551    26.3911    26.3919     1.9774     1.8694     60.205     56.917     0.9304     0.8889     0.0403    -0.0177     3.2491     0.0000     0.0122 -118.24924   33.25130      99.83          5  0.000e+00
      27467   1144.417    196.743    198.239     9.8942     9.8941  37.349811  37.351598     9.8715     9.8714    34.2535    34.2555    26.3908    26.3923     1.9774     1.8753     60.207     57.098     0.9304     0.8901     0.0403    -0.0177     3.2491     0.0000     0.0122 -118.24924   33.25130      99.83          5  0.000e+00
      27468   1144.458    196.743    198.239     9.8933     9.8946  37.348585  37.351275     9.8706     9.8719    34.2532    34.2547    26.3906    26.3916     1.9775     1.8694     60.208     56.917     0.9304     0.8889     0.0403    -0.0177     3.2491     0.0000     0.0122 -118.24924   33.25130      99.80          5  0.000e+00
      27469   1144.500    196.743    198.239     9.8932     9.8957  37.348069  37.351662     9.8705     9.8731    34.2527    34.2540    26.3903    26.3908     1.9775     1.8753     60.208     57.096     0.9304     0.8901     0.0403    -0.0177     3.2503     0.0000     0.0134 -118.24924   33.25130      99.83          5  0.000e+00
      27470   1144.542    196.690    198.186     9.8934     9.8962  37.347811  37.351855     9.8708     9.8736    34.2523    34.2537    26.3899    26.3905     1.9775     1.8693     60.208     56.915     0.9304     0.8889     0.0403    -0.0177     3.2491     0.0000     0.0122 -118.24924   33.25130      99.83          5  0.000e+00
      27471   1144.583    196.743    198.239     9.8935     9.8964  37.348134  37.351920     9.8709     9.8737    34.2525    34.2536    26.3900    26.3905     1.9775     1.8693     60.208     56.915     0.9304     0.8889     0.0403    -0.0177     3.2503     0.0000     0.0122 -118.24924   33.25130      99.83          5  0.000e+00
      27472   1144.625    196.723    198.219     9.8933     9.8967  37.347553  37.352113     9.8706     9.8741    34.2521    34.2535    26.3898    26.3903     1.9720     1.8693     60.043     56.915     0.9292     0.8889     0.0403    -0.0177     3.2491     0.0000     0.0122 -118.24924   33.25130      99.83          5  0.000e+00
      27473   1144.667    196.690    198.186     9.8929     9.8962  37.346908  37.351920     9.8702     9.8736    34.2519    34.2538    26.3897    26.3906     1.9721     1.8693     60.043     56.915     0.9292     0.8889     0.0403    -0.0177     3.2503     0.0000     0.0134 -118.24924   33.25130      99.83          5  0.000e+00
      27474   1144.708    196.743    198.239     9.8931     9.8956  37.346650  37.352049     9.8705     9.8729    34.2514    34.2545    26.3892    26.3913     1.9721     1.8693     60.043     56.916     0.9292     0.8889     0.0403    -0.0177     3.2503     0.0000     0.0122 -118.24924   33.25130      99.80          5  0.000e+00
      27475   1144.750    196.690    198.186     9.8924     9.8954  37.346392  37.352178     9.8697     9.8728    34.2518    34.2548    26.3897    26.3916     1.9721     1.8693     60.044     56.916     0.9292     0.8889     0.0403    -0.0177     3.2491     0.0000     0.0122 -118.24924   33.25130      99.83          5  0.000e+00
      27476   1144.792    196.690    198.186     9.8921     9.8955  37.345940  37.351662     9.8695     9.8729    34.2516    34.2542    26.3896    26.3910     1.9721     1.8693     60.044     56.916     0.9292     0.8889     0.0403    -0.0177     3.2491     0.0000     0.0122 -118.24924   33.25130      99.83          5  0.000e+00
      27477   1144.833    196.743    198.239     9.8924     9.8959  37.346198  37.351533     9.8697     9.8733    34.2516    34.2537    26.3895    26.3906     1.9721     1.8693     60.044     56.916     0.9292     0.8889     0.0403    -0.0177     3.2491     0.0000     0.0122 -118.24924   33.25130      99.83          5  0.000e+00
      27478   1144.875    196.643    198.139     9.8926     9.8959  37.346327  37.351533     9.8700     9.8733    34.2515    34.2537    26.3895    26.3906     1.9721     1.8693     60.043     56.915     0.9292     0.8889     0.0403    -0.0177     3.2503     0.0000     0.0122 -118.24924   33.25130      99.83          5  0.000e+00
      27479   1144.917    196.690    198.186     9.8929     9.8959  37.346650  37.351726     9.8702     9.8733    34.2516    34.2539    26.3895    26.3907     1.9721     1.8693     60.043     56.915     0.9292     0.8889     0.0403    -0.0177     3.2503     0.0000     0.0122 -118.24924   33.25130      99.83          5  0.000e+00
      27480   1144.958    196.743    198.239     9.8929     9.8959  37.346392  37.351211     9.8703     9.8733    34.2513    34.2533    26.3892    26.3903     1.9721     1.8693     60.044     56.916     0.9292     0.8889     0.0403    -0.0177     3.2491     0.0000     0.0122 -118.24924   33.25130      99.83          5  0.000e+00
      27481   1145.000    196.643    198.139     9.8930     9.8957  37.346520  37.351146     9.8704     9.8731    34.2513    34.2535    26.3892    26.3905     1.9720     1.8693     60.043     56.915     0.9292     0.8889     0.0403    -0.0177     3.2503     0.0000     0.0122 -118.24924   33.25130      99.80          5  0.000e+00
      27482   1145.042    196.670    198.166     9.8933     9.8961  37.346714  37.351662     9.8706     9.8734    34.2513    34.2537    26.3891    26.3906     1.9720     1.8693     60.043     56.915     0.9292     0.8889     0.0403    -0.0177     3.2503     0.0000     0.0134 -118.24924   33.25130      99.83          5  0.000e+00
      27483   1145.083    196.690    198.186     9.8929     9.8962  37.346392  37.351855     9.8702     9.8736    34.2513    34.2537    26.3893    26.3905     1.9666     1.8693     59.878     56.915     0.9280     0.8889     0.0403    -0.0177     3.2503     0.0000     0.0134 -118.24924   33.25130      99.83          5  0.000e+00
      27484   1145.125    196.690    198.186     9.8924     9.8964  37.346327  37.351855     9.8698     9.8737    34.2517    34.2536    26.3896    26.3904     1.9721     1.8693     60.044     56.915     0.9292     0.8889     0.0403    -0.0177     3.2503     0.0000     0.0134 -118.24924   33.25130      99.83          5  0.000e+00
      27485   1145.167    196.690    198.186     9.8920     9.8965  37.346134  37.352049     9.8694     9.8739    34.2518    34.2536    26.3898    26.3904     1.9667     1.8693     59.879     56.914     0.9280     0.8889     0.0403    -0.0177     3.2503     0.0000     0.0134 -118.24924   33.25130      99.80          5  0.000e+00
      27486   1145.208    196.644    198.139     9.8916     9.8966  37.345746  37.352177     9.8690     9.8739    34.2519    34.2537    26.3899    26.3905     1.9667     1.8693     59.879     56.914     0.9280     0.8889     0.0403    -0.0177     3.2503     0.0000     0.0134 -118.24924   33.25130      99.83          5  0.000e+00
      27487   1145.250    196.690    198.186     9.8911     9.8964  37.344908  37.352178     9.8684     9.8737    34.2515    34.2539    26.3897    26.3907     1.9721     1.8693     60.046     56.915     0.9292     0.8889     0.0403    -0.0177     3.2503     0.0000     0.0134 -118.24924   33.25130      99.83          5  0.000e+00
      27488   1145.292    196.644    198.139     9.8903     9.8964  37.343876  37.351404     9.8677     9.8737    34.2512    34.2531    26.3896    26.3901     1.9667     1.8693     59.881     56.915     0.9280     0.8889     0.0403    -0.0177     3.2491     0.0000     0.0134 -118.24924   33.25130      99.83          5  0.000e+00
      27489   1145.333    196.644    198.139     9.8894     9.8961  37.343295  37.351404     9.8668     9.8734    34.2514    34.2534    26.3899    26.3904     1.9668     1.8693     59.882     56.915     0.9280     0.8889     0.0403    -0.0177     3.2491     0.0000     0.0134 -118.24924   33.25130      99.83          5  0.000e+00
      27490   1145.375    196.690    198.186     9.8897     9.8961  37.343553  37.351597     9.8670     9.8734    34.2515    34.2536    26.3899    26.3905     1.9668     1.8693     59.882     56.915     0.9280     0.8889     0.0403    -0.0177     3.2491     0.0000     0.0134 -118.24924   33.25130      99.83          5  0.000e+00
      27491   1145.417    196.644    198.139     9.8901     9.8959  37.343876  37.351275     9.8674     9.8733    34.2514    34.2534    26.3898    26.3904     1.9667     1.8693     59.881     56.915     0.9280     0.8889     0.0403    -0.0177     3.2503     0.0000     0.0134 -118.24924   33.25130      99.80          5  0.000e+00
      27492   1145.458    196.723    198.219     9.8907     9.8957  37.344327  37.351404     9.8680     9.8731    34.2513    34.2537    26.3896    26.3906     1.9667     1.8693     59.881     56.916     0.9280     0.8889     0.0403    -0.0177     3.2491     0.0000     0.0122 -118.24924   33.25130      99.83          5  0.000e+00
      27493   1145.500    196.597    198.092     9.8908     9.8960  37.344585  37.351533     9.8681     9.8734    34.2515    34.2536    26.3898    26.3905     1.9667     1.8634     59.880     56.734     0.9280     0.8877     0.0403    -0.0177     3.2503     0.0000     0.0122 -118.24924   33.25130      99.83          5  0.000e+00
      27494   1145.542    196.690    198.186     9.8908     9.8961  37.345166  37.351533     9.8682     9.8734    34.2520    34.2536    26.3902    26.3905     1.9667     1.8693     59.880     56.915     0.9280     0.8889     0.0403    -0.0177     3.2491     0.0000     0.0134 -118.24924   33.25130      99.83          5  0.000e+00
      27495   1145.583    196.644    198.139     9.8908     9.8959  37.345166  37.350952     9.8681     9.8733    34.2521    34.2531    26.3902    26.3901     1.9667     1.8693     59.880     56.915     0.9280     0.8889     0.0403    -0.0177     3.2503     0.0000     0.0134 -118.24924   33.25130      99.83          5  0.000e+00
      27496   1145.625    196.644    198.139     9.8914     9.8954  37.345295  37.350050     9.8688     9.8728    34.2516    34.2527    26.3897    26.3899     1.9667     1.8694     59.879     56.916     0.9280     0.8889     0.0403    -0.0177     3.2503     0.0000     0.0134 -118.24924   33.25130      99.83          5  0.000e+00
      27497   1145.667    196.644    198.139     9.8917     9.8944  37.345553  37.348889     9.8691     9.8718    34.2516    34.2524    26.3896    26.3898     1.9667     1.8694     59.879     56.917     0.9280     0.8889     0.0403    -0.0177     3.2503     0.0000     0.0134 -118.24924   33.25130      99.83          5  0.000e+00
      27498   1145.708    196.644    198.139     9.8923     9.8933  37.346004  37.347535     9.8696     9.8706    34.2515    34.2521    26.3895    26.3898     1.9666     1.8695     59.878     56.919     0.9280     0.8889     0.0403    -0.0177     3.2503     0.0000     0.0134 -118.24924   33.25130      99.83          5  0.000e+00
      27499   1145.750    196.690    198.186     9.8924     9.8923  37.346263  37.347407     9.8697     9.8697    34.2517    34.2529    26.3896    26.3906     1.9666     1.8695     59.878     56.920     0.9280     0.8889     0.0403    -0.0177     3.2491     0.0000     0.0134 -118.24924   33.25130      99.83          5  0.000e+00
      27500   1145.792    196.644    198.139     9.8926     9.8913  37.346327  37.347149     9.8700     9.8686    34.2515    34.2536    26.3895    26.3913     1.9612     1.8695     59.712     56.921     0.9267     0.8889     0.0403    -0.0177     3.2503     0.0000     0.0134 -118.24924   33.25130      99.80          5  0.000e+00
      27501   1145.833    196.644    198.139     9.8930     9.8911  37.346649  37.346633     9.8704     9.8685    34.2514    34.2532    26.3893    26.3910     1.9666     1.8695     59.877     56.922     0.9280     0.8889     0.0403    -0.0177     3.2491     0.0000     0.0134 -118.24924   33.25130      99.80          5  0.000e+00
      27502   1145.875    196.644    198.139     9.8931     9.8909  37.346907  37.346762     9.8705     9.8683    34.2517    34.2535    26.3895    26.3913     1.9666     1.8695     59.877     56.922     0.9280     0.8889     0.0403    -0.0177     3.2491     0.0000     0.0134 -118.24924   33.25130      99.83          5  0.000e+00
      27503   1145.917    196.670    198.166     9.8930     9.8911  37.346972  37.346891     9.8704     9.8685    34.2518    34.2535    26.3896    26.3912     1.9666     1.8695     59.877     56.922     0.9280     0.8889     0.0403    -0.0177     3.2491     0.0000     0.0134 -118.24924   33.25130      99.83          5  0.000e+00
      27504   1145.958    196.644    198.139     9.8934     9.8911  37.347295  37.346891     9.8708     9.8685    34.2518    34.2535    26.3895    26.3912     1.9666     1.8695     59.876     56.921     0.9280     0.8889     0.0403    -0.0177     3.2503     0.0000     0.0134 -118.24924   33.25130      99.80          5  0.000e+00
      31420   1309.125    148.813    149.928     9.7133     9.7082  36.843075  36.842617     9.6965     9.6914    33.9277    33.9321    26.1655    26.1697     4.1060     3.8387    125.041    116.901     1.4078     1.2943     0.0403    -0.0177     3.2442     0.0000     0.0244 -118.24922   33.25132      99.58          6  0.000e+00
      31421   1309.167    148.667    149.780     9.7131     9.7084  36.842689  36.842488     9.6963     9.6916    33.9276    33.9318    26.1654    26.1695     4.1005     3.8327    124.874    116.718     1.4066     1.2930     0.0403    -0.0177     3.2454     0.0000     0.0244 -118.24922   33.25132      99.56          6  0.000e+00
      31422   1309.208    148.807    149.921     9.7123     9.7083  36.842369  36.842425     9.6955     9.6915    33.9280    33.9318    26.1658    26.1695     4.1061     3.8387    125.044    116.901     1.4078     1.2943     0.0403    -0.0177     3.2442     0.0000     0.0244 -118.24922   33.25132      99.56          6  0.000e+00
      31423   1309.250    148.760    149.874     9.7116     9.7092  36.842305  36.842617     9.6948     9.6924    33.9285    33.9311    26.1664    26.1688     4.1061     3.8386    125.045    116.898     1.4078     1.2943     0.0403    -0.0177     3.2442     0.0000     0.0244 -118.24922   33.25132      99.56          6  0.000e+00
      31424   1309.292    148.760    149.874     9.7118     9.7098  36.842048  36.842232     9.6950     9.6930    33.9281    33.9302    26.1660    26.1680     4.1061     3.8385    125.045    116.897     1.4078     1.2943     0.0415     0.0129     3.2442     0.0000     0.0244 -118.24922   33.25132      99.56          6  0.000e+00
      31425   1309.333    148.760    149.874     9.7123     9.7099  36.842497  36.841783     9.6955     9.6931    33.9281    33.9296    26.1660    26.1676     4.1060     3.8385    125.043    116.897     1.4078     1.2943     0.0403    -0.0177     3.2454     0.0000     0.0244 -118.24922   33.25132      99.56          6  0.000e+00
