WCOA/WCOA-6/CTD_Data/RB2102_CTD_094_01.ros
* Sea-Bird SBE 9 Data File:
* FileName = C:\Users\scs.user.rb\CTD\RB2102\Data\RB2102_CTD_094_01.hex
* Software Version Seasave V 7.26.7.107
* Temperature SN = 6202
* Conductivity SN = 4907
* Number of Bytes Per Scan = 41
* Number of Voltage Words = 4
* Number of Scans Averaged by the Deck Unit = 1
* NMEA Latitude = 37 39.45 N
* NMEA Longitude = 122 59.79 W
* NMEA UTC (Time) = Jul 13 2021  03:32:26
* NMEA baud rate = 4800
# nquan = 30
# nvalues = 1122                                  
# units = specified
# name 0 = scan: Scan Count
# name 1 = timeS: Time, Elapsed [seconds]
# name 2 = depSM: Depth [salt water, m]
# name 3 = prDM: Pressure, Digiquartz [db]
# name 4 = t090C: Temperature [ITS-90, deg C]
# name 5 = t190C: Temperature, 2 [ITS-90, deg C]
# name 6 = c0mS/cm: Conductivity [mS/cm]
# name 7 = c1mS/cm: Conductivity, 2 [mS/cm]
# name 8 = potemp090C: Potential Temperature [ITS-90, deg C]
# name 9 = potemp190C: Potential Temperature, 2 [ITS-90, deg C]
# name 10 = sal00: Salinity, Practical [PSU]
# name 11 = sal11: Salinity, Practical, 2 [PSU]
# name 12 = sigma-é00: Density [sigma-theta, kg/m^3]
# name 13 = sigma-é11: Density, 2 [sigma-theta, kg/m^3]
# name 14 = sbeox0Mg/L: Oxygen, SBE 43 [mg/l]
# name 15 = sbeox1Mg/L: Oxygen, SBE 43, 2 [mg/l]
# name 16 = sbox0Mm/Kg: Oxygen, SBE 43 [umol/kg]
# name 17 = sbox1Mm/Kg: Oxygen, SBE 43, 2 [umol/kg]
# name 18 = sbeox0V: Oxygen raw, SBE 43 [V]
# name 19 = sbeox1V: Oxygen raw, SBE 43, 2 [V]
# name 20 = v4: Voltage 4
# name 21 = flECO-AFL: Fluorescence, WET Labs ECO-AFL/FL [mg/m^3]
# name 22 = v3: Voltage 3
# name 23 = v6: Voltage 6
# name 24 = v7: Voltage 7
# name 25 = longitude: Longitude [deg]
# name 26 = latitude: Latitude [deg]
# name 27 = altM: Altimeter [m]
# name 28 = nbf: Bottles Fired
# name 29 = flag:  0.000e+00
# interval = seconds: 0.0416667
# start_time = Jul 13 2021 03:32:26 [NMEA time, header]
# bad_flag = -9.990e-29
*END*
[from data line 532]
      30174   1257.208     39.905     40.209     9.7216     9.7211  36.820422  36.821133     9.7171     9.7166    33.9465    33.9476    26.1767    26.1777     3.3716     3.4975    102.677    106.510     1.2540     1.2344     0.0513     0.2571     3.3675     0.0769     0.0904 -122.99664   37.65746      48.64         11  0.000e+00
      30175   1257.250     39.905     40.209     9.7216     9.7211  36.820422  36.821133     9.7171     9.7166    33.9465    33.9476    26.1767    26.1777     3.3716     3.4975    102.677    106.510     1.2540     1.2344     0.0513     0.2571     3.3663     0.0769     0.0904 -122.99664   37.65746      48.62         11  0.000e+00
      30176   1257.292     39.958     40.262     9.7216     9.7209  36.820166  36.821198     9.7171     9.7164    33.9462    33.9478    26.1765    26.1779     3.3717     3.4975    102.678    106.511     1.2540     1.2344     0.0513     0.2571     3.3663     0.0769     0.0904 -122.99664   37.65746      48.64         11  0.000e+00
      30177   1257.333     39.905     40.209     9.7214     9.7213  36.820102  36.821133     9.7169     9.7168    33.9463    33.9474    26.1766    26.1775     3.3716     3.4975    102.678    106.510     1.2540     1.2344     0.0513     0.2571     3.3675     0.0781     0.0928 -122.99664   37.65746      48.64         11  0.000e+00
      30178   1257.375     39.958     40.262     9.7215     9.7211  36.820294  36.820941     9.7170     9.7166    33.9464    33.9474    26.1767    26.1775     3.3717     3.4975    102.678    106.511     1.2540     1.2344     0.0513     0.2571     3.3675     0.0794     0.0928 -122.99664   37.65746      48.64         11  0.000e+00
      30179   1257.417     39.859     40.162     9.7214     9.7213  36.820422  36.820941     9.7170     9.7168    33.9466    33.9473    26.1768    26.1774     3.3716     3.4975    102.677    106.509     1.2540     1.2344     0.0513     0.2571     3.3663     0.0794     0.0940 -122.99664   37.65746      48.69         11  0.000e+00
      30180   1257.458     39.905     40.209     9.7214     9.7213  36.820422  36.820813     9.7169     9.7168    33.9466    33.9471    26.1768    26.1773     3.3716     3.4975    102.677    106.510     1.2540     1.2344     0.0525     0.2876     3.3663     0.0806     0.0952 -122.99664   37.65746      48.72         11  0.000e+00
      30217   1259.000     39.959     40.263     9.7214     9.7214  36.820166  36.821262     9.7169     9.7170    33.9463    33.9474    26.1766    26.1775     3.3717     3.5033    102.678    106.688     1.2540     1.2357     0.0549     0.3486     3.3675     0.0842     0.0989 -122.99664   37.65746      48.82         12  0.000e+00
      30218   1259.042     39.965     40.269     9.7216     9.7213  36.820102  36.821134     9.7171     9.7168    33.9461    33.9474    26.1764    26.1775     3.3717     3.5034    102.678    106.689     1.2540     1.2357     0.0562     0.3792     3.3663     0.0830     0.0977 -122.99664   37.65746      48.82         12  0.000e+00
      30219   1259.083     39.806     40.109     9.7211     9.7211  36.820294  36.820941     9.7166     9.7166    33.9468    33.9475    26.1771    26.1776     3.3716     3.5033    102.677    106.687     1.2540     1.2357     0.0562     0.3792     3.3663     0.0830     0.0977 -122.99664   37.65746      48.82         12  0.000e+00
      30220   1259.125     39.959     40.263     9.7211     9.7211  36.820423  36.821326     9.7166     9.7166    33.9469    33.9478    26.1771    26.1778     3.3717     3.5034    102.679    106.689     1.2540     1.2357     0.0562     0.3792     3.3663     0.0830     0.0989 -122.99664   37.65746      48.82         12  0.000e+00
      30221   1259.167     39.959     40.263     9.7212     9.7210  36.819909  36.821262     9.7168     9.7165    33.9462    33.9478    26.1766    26.1779     3.3771     3.5034    102.842    106.689     1.2552     1.2357     0.0549     0.3486     3.3675     0.0818     0.0977 -122.99664   37.65746      48.79         12  0.000e+00
      30222   1259.208     39.959     40.263     9.7211     9.7214  36.819974  36.821454     9.7166     9.7170    33.9464    33.9476    26.1768    26.1776     3.3717     3.5033    102.679    106.688     1.2540     1.2357     0.0525     0.2876     3.3663     0.0818     0.0965 -122.99664   37.65746      48.79         12  0.000e+00
      30223   1259.250     39.959     40.263     9.7209     9.7216  36.820102  36.821710     9.7164     9.7171    33.9467    33.9477    26.1770    26.1777     3.3717     3.5033    102.679    106.687     1.2540     1.2357     0.0513     0.2571     3.3663     0.0818     0.0965 -122.99664   37.65746      48.79         12  0.000e+00
      30224   1259.292     39.959     40.263     9.7211     9.7220  36.820102  36.822095     9.7166     9.7175    33.9466    33.9478    26.1769    26.1777     3.3717     3.5033    102.679    106.686     1.2540     1.2357     0.0501     0.2265     3.3663     0.0806     0.0952 -122.99664   37.65746      48.79         12  0.000e+00
      30225   1259.333     39.959     40.263     9.7212     9.7223  36.820102  36.821839     9.7168     9.7178    33.9464    33.9472    26.1767    26.1772     3.3717     3.5033    102.679    106.686     1.2540     1.2357     0.0501     0.2265     3.3663     0.0794     0.0940 -122.99664   37.65746      48.79         12  0.000e+00
      30226   1259.375     39.959     40.263     9.7210     9.7223  36.820102  36.821839     9.7165     9.7178    33.9467    33.9472    26.1770    26.1772     3.3717     3.5033    102.679    106.686     1.2540     1.2357     0.0501     0.2265     3.3663     0.0794     0.0940 -122.99664   37.65746      48.79         12  0.000e+00
      30227   1259.417     39.959     40.263     9.7211     9.7218  36.820294  36.821775     9.7166     9.7173    33.9468    33.9476    26.1770    26.1776     3.3717     3.5033    102.679    106.687     1.2540     1.2357     0.0501     0.2265     3.3663     0.0806     0.0952 -122.99664   37.65746      48.79         12  0.000e+00
      30228   1259.458     39.959     40.263     9.7212     9.7220  36.820166  36.821839     9.7168     9.7175    33.9465    33.9475    26.1768    26.1775     3.3770     3.5033    102.842    106.687     1.2552     1.2357     0.0501     0.2265     3.3663     0.0806     0.0940 -122.99664   37.65746      48.77         12  0.000e+00
      30229   1259.500     40.005     40.309     9.7212     9.7218  36.820295  36.821775     9.7168     9.7173    33.9466    33.9476    26.1769    26.1776     3.3717     3.5033    102.679    106.688     1.2540     1.2357     0.0501     0.2265     3.3663     0.0794     0.0940 -122.99664   37.65746      48.77         12  0.000e+00
      30230   1259.542     39.959     40.263     9.7212     9.7220  36.819909  36.821839     9.7168     9.7175    33.9462    33.9475    26.1766    26.1775     3.3717     3.5033    102.679    106.687     1.2540     1.2357     0.0501     0.2265     3.3663     0.0794     0.0940 -122.99664   37.65746      48.77         12  0.000e+00
      30231   1259.583     39.959     40.263     9.7212     9.7218  36.820230  36.821903     9.7168     9.7173    33.9465    33.9478    26.1768    26.1777     3.3717     3.5033    102.679    106.687     1.2540     1.2357     0.0501     0.2265     3.3663     0.0794     0.0928 -122.99664   37.65746      48.77         12  0.000e+00
      30232   1259.625     40.005     40.309     9.7212     9.7216  36.820423  36.821518     9.7168     9.7171    33.9467    33.9475    26.1770    26.1775     3.3771     3.5033    102.843    106.688     1.2552     1.2357     0.0501     0.2265     3.3663     0.0781     0.0916 -122.99664   37.65746      48.77         12  0.000e+00
      30233   1259.667     40.005     40.309     9.7214     9.7220  36.820166  36.821775     9.7169     9.7175    33.9463    33.9474    26.1766    26.1774     3.3717     3.5033    102.679    106.687     1.2540     1.2357     0.0501     0.2265     3.3663     0.0781     0.0904 -122.99664   37.65746      48.74         12  0.000e+00
      30234   1259.708     39.959     40.263     9.7212     9.7216  36.819845  36.821518     9.7168     9.7171    33.9461    33.9475    26.1765    26.1775     3.3717     3.5033    102.679    106.688     1.2540     1.2357     0.0513     0.2571     3.3663     0.0769     0.0891 -122.99664   37.65746      48.74         12  0.000e+00
      30235   1259.750     40.005     40.309     9.7213     9.7218  36.820230  36.821775     9.7168     9.7173    33.9465    33.9476    26.1768    26.1776     3.3717     3.5092    102.679    106.866     1.2540     1.2369     0.0501     0.2265     3.3675     0.0769     0.0891 -122.99664   37.65746      48.74         12  0.000e+00
      30236   1259.792     40.005     40.309     9.7214     9.7216  36.820166  36.822095     9.7169     9.7171    33.9463    33.9481    26.1766    26.1780     3.3717     3.5033    102.679    106.688     1.2540     1.2357     0.0501     0.2265     3.3675     0.0769     0.0891 -122.99664   37.65744      48.74         12  0.000e+00
      30237   1259.833     40.005     40.309     9.7214     9.7216  36.820295  36.821711     9.7169     9.7171    33.9464    33.9477    26.1767    26.1776     3.3717     3.5033    102.679    106.688     1.2540     1.2357     0.0513     0.2571     3.3651     0.0781     0.0904 -122.99664   37.65744      48.74         12  0.000e+00
      30238   1259.875     40.005     40.309     9.7214     9.7214  36.820615  36.821198     9.7169     9.7170    33.9467    33.9473    26.1769    26.1774     3.3717     3.5034    102.679    106.689     1.2540     1.2357     0.0501     0.2265     3.3675     0.0769     0.0891 -122.99664   37.65744      48.74         12  0.000e+00
      30239   1259.917     40.005     40.309     9.7214     9.7216  36.820487  36.821711     9.7169     9.7171    33.9466    33.9477    26.1768    26.1776     3.3717     3.5033    102.679    106.688     1.2540     1.2357     0.0513     0.2571     3.3651     0.0794     0.0928 -122.99664   37.65744      48.72         12  0.000e+00
      30240   1259.958     40.005     40.309     9.7217     9.7214  36.820615  36.822095     9.7173     9.7170    33.9464    33.9482    26.1767    26.1781     3.3717     3.5033    102.678    106.688     1.2540     1.2357     0.0513     0.2571     3.3663     0.0806     0.0940 -122.99664   37.65744      48.69         12  0.000e+00
      30241   1260.000     40.005     40.309     9.7216     9.7218  36.820230  36.821647     9.7171     9.7173    33.9462    33.9475    26.1765    26.1775     3.3717     3.5033    102.679    106.688     1.2540     1.2357     0.0501     0.2265     3.3675     0.0806     0.0952 -122.99664   37.65744      48.69         12  0.000e+00
      30242   1260.042     40.005     40.309     9.7216     9.7216  36.820551  36.822031     9.7171     9.7171    33.9465    33.9480    26.1768    26.1779     3.3717     3.5033    102.678    106.688     1.2540     1.2357     0.0501     0.2265     3.3663     0.0794     0.0928 -122.99664   37.65744      48.69         12  0.000e+00
      30243   1260.083     40.005     40.309     9.7216     9.7216  36.820487  36.821647     9.7171     9.7171    33.9465    33.9476    26.1767    26.1776     3.3717     3.5033    102.679    106.688     1.2540     1.2357     0.0501     0.2265     3.3651     0.0781     0.0916 -122.99664   37.65744      48.67         12  0.000e+00
      30244   1260.125     40.005     40.309     9.7218     9.7216  36.820166  36.821775     9.7173     9.7171    33.9459    33.9477    26.1763    26.1777     3.3717     3.5092    102.678    106.866     1.2540     1.2369     0.0501     0.2265     3.3663     0.0781     0.0904 -122.99664   37.65744      48.69         12  0.000e+00
      30245   1260.167     40.051     40.356     9.7216     9.7218  36.820295  36.821326     9.7171     9.7173    33.9463    33.9471    26.1765    26.1772     3.3717     3.5034    102.679    106.689     1.2540     1.2357     0.0501     0.2265     3.3675     0.0781     0.0904 -122.99664   37.65744      48.74         12  0.000e+00
      30246   1260.208     40.005     40.309     9.7216     9.7216  36.820423  36.821711     9.7171     9.7171    33.9464    33.9477    26.1767    26.1776     3.3717     3.5033    102.679    106.688     1.2540     1.2357     0.0501     0.2265     3.3675     0.0769     0.0891 -122.99664   37.65744      48.79         12  0.000e+00
      30247   1260.250     40.005     40.309     9.7217     9.7218  36.820615  36.821518     9.7173     9.7173    33.9464    33.9473    26.1767    26.1774     3.3717     3.5033    102.678    106.688     1.2540     1.2357     0.0501     0.2265     3.3663     0.0781     0.0904 -122.99664   37.65744      48.79         12  0.000e+00
      30248   1260.292     40.051     40.356     9.7219     9.7214  36.820487  36.821775     9.7174     9.7169    33.9462    33.9479    26.1764    26.1778     3.3717     3.5034    102.679    106.689     1.2540     1.2357     0.0525     0.2876     3.3651     0.0781     0.0916 -122.99664   37.65744      48.79         12  0.000e+00
      30249   1260.333     40.005     40.309     9.7217     9.7214  36.820615  36.822095     9.7173     9.7170    33.9464    33.9482    26.1767    26.1781     3.3717     3.5033    102.678    106.688     1.2540     1.2357     0.0525     0.2876     3.3675     0.0794     0.0928 -122.99664   37.65744      48.79         12  0.000e+00
      30250   1260.375     40.018     40.323     9.7219     9.7216  36.820487  36.821839     9.7174     9.7171    33.9462    33.9478    26.1764    26.1777     3.3717     3.5033    102.678    106.688     1.2540     1.2357     0.0525     0.2876     3.3651     0.0806     0.0952 -122.99664   37.65744      48.79         12  0.000e+00
      30251   1260.417     40.005     40.309     9.7216     9.7216  36.820615  36.821839     9.7171     9.7171    33.9466    33.9478    26.1768    26.1778     3.3717     3.5033    102.678    106.688     1.2540     1.2357     0.0525     0.2876     3.3675     0.0806     0.0940 -122.99664   37.65744      48.79         12  0.000e+00
      30252   1260.458     40.005     40.309     9.7217     9.7218  36.820744  36.821518     9.7173     9.7173    33.9466    33.9473    26.1768    26.1774     3.3717     3.5033    102.678    106.688     1.2540     1.2357     0.0537     0.3181     3.3651     0.0794     0.0940 -122.99664   37.65744      48.79         12  0.000e+00
      30253   1260.500     40.051     40.356     9.7219     9.7220  36.820487  36.821775     9.7174     9.7175    33.9462    33.9474    26.1764    26.1774     3.3717     3.5033    102.679    106.688     1.2540     1.2357     0.0537     0.3181     3.3675     0.0781     0.0916 -122.99664   37.65744      48.82         12  0.000e+00
      30254   1260.542     40.005     40.309     9.7218     9.7220  36.820423  36.821775     9.7173     9.7175    33.9462    33.9474    26.1765    26.1774     3.3717     3.5033    102.678    106.687     1.2540     1.2357     0.0525     0.2876     3.3651     0.0781     0.0904 -122.99664   37.65744      48.79         12  0.000e+00
      30255   1260.583     40.005     40.309     9.7214     9.7220  36.820615  36.821839     9.7169     9.7175    33.9467    33.9475    26.1769    26.1774     3.3717     3.5033    102.679    106.687     1.2540     1.2357     0.0537     0.3181     3.3675     0.0781     0.0904 -122.99664   37.65744      48.79         12  0.000e+00
      30256   1260.625     40.005     40.309     9.7216     9.7220  36.820487  36.821518     9.7171     9.7175    33.9465    33.9472    26.1767    26.1772     3.3717     3.5033    102.679    106.688     1.2540     1.2357     0.0525     0.2876     3.3675     0.0769     0.0904 -122.99664   37.65744      48.79         12  0.000e+00
      30257   1260.667     40.051     40.356     9.7217     9.7218  36.820615  36.821775     9.7172     9.7173    33.9464    33.9476    26.1766    26.1775     3.3717     3.5033    102.679    106.688     1.2540     1.2357     0.0525     0.2876     3.3675     0.0769     0.0891 -122.99664   37.65744      48.74         12  0.000e+00
