WCOA/WCOA-6/CTD_Data/RB2102_CTD_085_01.ros
* Sea-Bird SBE 9 Data File:
* FileName = C:\Users\scs.user.rb\CTD\RB2102\Data\RB2102_CTD_085_01.hex
* Software Version Seasave V 7.26.7.107
* Temperature SN = 6202
* Conductivity SN = 4907
* Number of Bytes Per Scan = 41
* Number of Voltage Words = 4
* Number of Scans Averaged by the Deck Unit = 1
* NMEA Latitude = 37 40.03 N
* NMEA Longitude = 123 29.05 W
* NMEA UTC (Time) = Jul 11 2021  14:38:57
* NMEA baud rate = 4800
# nquan = 30
# nvalues = 1176                                  
# units = specified
# name 0 = scan: Scan Count
# name 1 = timeS: Time, Elapsed [seconds]
# name 2 = depSM: Depth [salt water, m]
# name 3 = prDM: Pressure, Digiquartz [db]
# name 4 = t090C: Temperature [ITS-90, deg C]
# name 5 = t190C: Temperature, 2 [ITS-90, deg C]
# name 6 = c0mS/cm: Conductivity [mS/cm]
# name 7 = c1mS/cm: Conductivity, 2 [mS/cm]
# name 8 = potemp090C: Potential Temperature [ITS-90, deg C]
# name 9 = potemp190C: Potential Temperature, 2 [ITS-90, deg C]
# name 10 = sal00: Salinity, Practical [PSU]
# name 11 = sal11: Salinity, Practical, 2 [PSU]
# name 12 = sigma-é00: Density [sigma-theta, kg/m^3]
# name 13 = sigma-é11: Density, 2 [sigma-theta, kg/m^3]
# name 14 = sbeox0Mg/L: Oxygen, SBE 43 [mg/l]
# name 15 = sbeox1Mg/L: Oxygen, SBE 43, 2 [mg/l]
# name 16 = sbox0Mm/Kg: Oxygen, SBE 43 [umol/kg]
# name 17 = sbox1Mm/Kg: Oxygen, SBE 43, 2 [umol/kg]
# name 18 = sbeox0V: Oxygen raw, SBE 43 [V]
# name 19 = sbeox1V: Oxygen raw, SBE 43, 2 [V]
# name 20 = v4: Voltage 4
# name 21 = flECO-AFL: Fluorescence, WET Labs ECO-AFL/FL [mg/m^3]
# name 22 = v3: Voltage 3
# name 23 = v6: Voltage 6
# name 24 = v7: Voltage 7
# name 25 = longitude: Longitude [deg]
# name 26 = latitude: Latitude [deg]
# name 27 = altM: Altimeter [m]
# name 28 = nbf: Bottles Fired
# name 29 = flag:  0.000e+00
# interval = seconds: 0.0416667
# start_time = Jul 11 2021 14:38:57 [NMEA time, header]
# bad_flag = -9.990e-29
*END*
[from data line 871]
     215447   8976.917     39.585     39.886    11.9596    11.9612  38.760752  38.762856    11.9545    11.9561    33.8132    33.8137    25.6759    25.6761     6.6529     6.8485    202.702    208.662     2.0769     2.0098     0.0513     0.2571     3.2430     0.0000     0.0000 -123.48790   37.66570      99.32         18  0.000e+00
     215448   8976.958     39.546     39.846    11.9592    11.9609  38.760556  38.762201    11.9542    11.9559    33.8133    33.8134    25.6761    25.6758     6.6478     6.8486    202.546    208.663     2.0757     2.0098     0.0501     0.2265     3.2430     0.0000     0.0000 -123.48790   37.66570      99.32         18  0.000e+00
     215449   8977.000     39.585     39.886    11.9592    11.9607  38.760294  38.762070    11.9541    11.9556    33.8130    33.8134    25.6759    25.6759     6.6479     6.8486    202.548    208.665     2.0757     2.0098     0.0501     0.2265     3.2430     0.0000     0.0000 -123.48790   37.66570      99.32         18  0.000e+00
     215450   8977.042     39.539     39.840    11.9588    11.9608  38.759705  38.762267    11.9537    11.9557    33.8129    33.8136    25.6759    25.6760     6.6479     6.8486    202.549    208.663     2.0757     2.0098     0.0501     0.2265     3.2442     0.0000     0.0000 -123.48790   37.66570      99.32         18  0.000e+00
     215451   8977.083     39.486     39.786    11.9584    11.9604  38.758788  38.761874    11.9534    11.9553    33.8123    33.8136    25.6755    25.6761     6.6479     6.8486    202.550    208.663     2.0757     2.0098     0.0501     0.2265     3.2442     0.0000     0.0000 -123.48790   37.66570      99.32         18  0.000e+00
     215452   8977.125     39.539     39.840    11.9581    11.9604  38.758264  38.761939    11.9530    11.9554    33.8121    33.8136    25.6754    25.6761     6.6480     6.8431    202.553    208.495     2.0757     2.0085     0.0501     0.2265     3.2430     0.0000     0.0000 -123.48790   37.66570      99.29         18  0.000e+00
     215453   8977.167     39.486     39.786    11.9584    11.9604  38.758722  38.761808    11.9534    11.9553    33.8123    33.8135    25.6755    25.6760     6.6479     6.8486    202.550    208.664     2.0757     2.0098     0.0501     0.2265     3.2430     0.0000     0.0000 -123.48790   37.66570      99.29         18  0.000e+00
     215454   8977.208     39.440     39.740    11.9599    11.9605  38.759639  38.761939    11.9548    11.9555    33.8119    33.8135    25.6749    25.6760     6.6477     6.8430    202.543    208.492     2.0757     2.0085     0.0501     0.2265     3.2442     0.0000     0.0000 -123.48790   37.66570      99.32         18  0.000e+00
     215455   8977.250     39.446     39.746    11.9609    11.9606  38.760162  38.761808    11.9559    11.9555    33.8114    33.8134    25.6743    25.6759     6.6476     6.8485    202.539    208.662     2.0757     2.0098     0.0513     0.2571     3.2430     0.0000     0.0000 -123.48790   37.66570      99.32         18  0.000e+00
     215456   8977.292     39.440     39.740    11.9621    11.9605  38.760752  38.761481    11.9570    11.9555    33.8110    33.8131    25.6738    25.6757     6.6423     6.8430    202.379    208.493     2.0745     2.0085     0.0501     0.2265     3.2442     0.0000     0.0000 -123.48790   37.66570      99.32         18  0.000e+00
     215457   8977.333     39.440     39.740    11.9631    11.9604  38.761668  38.761154    11.9580    11.9554    33.8110    33.8129    25.6736    25.6755     6.6422     6.8430    202.375    208.494     2.0745     2.0085     0.0501     0.2265     3.2442     0.0000     0.0000 -123.48790   37.66570      99.32         18  0.000e+00
     217830   9076.208     29.574     29.798    12.8225    12.8239  39.482094  39.483784    12.8185    12.8199    33.7348    33.7352    25.4486    25.4487     8.2338     8.4694    250.923    258.105     2.4933     2.4042     0.0965     1.3865     3.2393     0.0000     0.0000 -123.48786   37.66578      99.56         19  0.000e+00
     217831   9076.250     29.574     29.798    12.8225    12.8235  39.481896  39.484245    12.8185    12.8196    33.7346    33.7359    25.4485    25.4493     8.2388     8.4694    251.076    258.105     2.4945     2.4042     0.0965     1.3865     3.2393     0.0000     0.0000 -123.48786   37.66578      99.56         19  0.000e+00
     217832   9076.292     29.574     29.798    12.8222    12.8239  39.481303  39.483652    12.8182    12.8199    33.7343    33.7351    25.4483    25.4486     8.2388     8.4694    251.078    258.105     2.4945     2.4042     0.0965     1.3865     3.2393     0.0000     0.0000 -123.48786   37.66578      99.56         19  0.000e+00
     217833   9076.333     29.574     29.798    12.8219    12.8234  39.481171  39.483981    12.8180    12.8194    33.7344    33.7358    25.4485    25.4493     8.2339     8.4695    250.926    258.106     2.4933     2.4042     0.0965     1.3865     3.2405     0.0000     0.0000 -123.48786   37.66578      99.56         19  0.000e+00
     217834   9076.375     29.574     29.798    12.8219    12.8237  39.481633  39.484113    12.8179    12.8197    33.7349    33.7357    25.4489    25.4491     8.2339     8.4749    250.926    258.271     2.4933     2.4054     0.0965     1.3865     3.2405     0.0000     0.0000 -123.48786   37.66578      99.56         19  0.000e+00
     217835   9076.417     29.574     29.798    12.8219    12.8235  39.481303  39.483520    12.8179    12.8195    33.7346    33.7353    25.4486    25.4488     8.2389     8.4695    251.079    258.107     2.4945     2.4042     0.0977     1.4170     3.2393     0.0000     0.0000 -123.48786   37.66578      99.56         19  0.000e+00
     217836   9076.458     29.574     29.798    12.8215    12.8235  39.481369  39.483652    12.8175    12.8196    33.7350    33.7353    25.4490    25.4489     8.2339     8.4749    250.928    258.272     2.4933     2.4054     0.0965     1.3865     3.2393     0.0000     0.0000 -123.48786   37.66578      99.56         19  0.000e+00
     217837   9076.500     29.521     29.744    12.8214    12.8235  39.480973  39.483783    12.8174    12.8195    33.7347    33.7355    25.4488    25.4490     8.2389     8.4749    251.080    258.270     2.4945     2.4054     0.0965     1.3865     3.2405     0.0000     0.0000 -123.48786   37.66578      99.54         19  0.000e+00
     217838   9076.542     29.574     29.798    12.8217    12.8234  39.481633  39.483784    12.8177    12.8194    33.7351    33.7356    25.4490    25.4491     8.2389     8.4695    251.079    258.107     2.4945     2.4042     0.0965     1.3865     3.2405     0.0000     0.0000 -123.48786   37.66578      99.56         19  0.000e+00
     217839   9076.583     29.521     29.744    12.8216    12.8237  39.481039  39.484047    12.8176    12.8197    33.7346    33.7356    25.4487    25.4491     8.2339     8.4694    250.926    258.103     2.4933     2.4042     0.0965     1.3865     3.2405     0.0000     0.0000 -123.48786   37.66578      99.56         19  0.000e+00
     217840   9076.625     29.574     29.798    12.8217    12.8237  39.481369  39.483850    12.8177    12.8197    33.7348    33.7354    25.4488    25.4489     8.2389     8.4694    251.080    258.105     2.4945     2.4042     0.0965     1.3865     3.2405     0.0000     0.0000 -123.48786   37.66578      99.56         19  0.000e+00
     217841   9076.667     29.521     29.744    12.8214    12.8235  39.481566  39.483981    12.8174    12.8196    33.7353    33.7357    25.4493    25.4491     8.2389     8.4748    251.079    258.270     2.4945     2.4054     0.0977     1.4170     3.2393     0.0000     0.0000 -123.48786   37.66578      99.56         19  0.000e+00
     217842   9076.708     29.521     29.744    12.8217    12.8237  39.481500  39.484113    12.8177    12.8197    33.7350    33.7357    25.4490    25.4491     8.2338     8.4694    250.925    258.103     2.4933     2.4042     0.0965     1.3865     3.2405     0.0000     0.0000 -123.48786   37.66578      99.56         19  0.000e+00
     217843   9076.750     29.521     29.744    12.8217    12.8235  39.481237  39.484113    12.8177    12.8195    33.7347    33.7358    25.4488    25.4493     8.2389     8.4694    251.078    258.104     2.4945     2.4042     0.0952     1.3560     3.2405     0.0000     0.0000 -123.48786   37.66578      99.56         19  0.000e+00
     217844   9076.792     29.574     29.798    12.8219    12.8235  39.481435  39.484113    12.8179    12.8196    33.7347    33.7358    25.4487    25.4492     8.2389     8.4694    251.079    258.105     2.4945     2.4042     0.0940     1.3254     3.2393     0.0000     0.0000 -123.48786   37.66578      99.56         19  0.000e+00
     217845   9076.833     29.474     29.698    12.8220    12.8239  39.481764  39.484113    12.8181    12.8199    33.7349    33.7355    25.4489    25.4490     8.2387     8.4693    251.075    258.101     2.4945     2.4042     0.0940     1.3254     3.2393     0.0000     0.0000 -123.48786   37.66578      99.54         19  0.000e+00
     217846   9076.875     29.521     29.744    12.8221    12.8235  39.482358  39.484113    12.8181    12.8196    33.7354    33.7358    25.4492    25.4492     8.2438     8.4694    251.227    258.104     2.4957     2.4042     0.0940     1.3254     3.2393     0.0000     0.0000 -123.48786   37.66578      99.56         19  0.000e+00
     217847   9076.917     29.521     29.744    12.8222    12.8235  39.482028  39.483915    12.8182    12.8195    33.7350    33.7357    25.4489    25.4491     8.2388     8.4694    251.075    258.104     2.4945     2.4042     0.0940     1.3254     3.2405     0.0000     0.0000 -123.48786   37.66578      99.56         19  0.000e+00
     217848   9076.958     29.474     29.698    12.8222    12.8233  39.481830  39.483783    12.8182    12.8194    33.7348    33.7357    25.4488    25.4492     8.2387     8.4694    251.074    258.103     2.4945     2.4042     0.0940     1.3254     3.2393     0.0000     0.0000 -123.48786   37.66578      99.56         19  0.000e+00
     217849   9077.000     29.521     29.744    12.8222    12.8232  39.481830  39.483454    12.8182    12.8193    33.7348    33.7355    25.4487    25.4490     8.2388     8.4695    251.075    258.106     2.4945     2.4042     0.0940     1.3254     3.2405     0.0000     0.0000 -123.48786   37.66578      99.56         19  0.000e+00
     217850   9077.042     29.474     29.698    12.8222    12.8232  39.481896  39.483388    12.8182    12.8192    33.7349    33.7355    25.4488    25.4490     8.2387     8.4694    251.074    258.105     2.4945     2.4042     0.0940     1.3254     3.2405     0.0000     0.0000 -123.48786   37.66578      99.56         19  0.000e+00
     217851   9077.083     29.474     29.698    12.8223    12.8234  39.481566  39.483717    12.8184    12.8194    33.7345    33.7356    25.4484    25.4491     8.2437     8.4694    251.226    258.103     2.4957     2.4042     0.0940     1.3254     3.2405     0.0000     0.0000 -123.48786   37.66578      99.56         19  0.000e+00
     217852   9077.125     29.474     29.698    12.8221    12.8232  39.481764  39.483454    12.8182    12.8192    33.7349    33.7355    25.4488    25.4491     8.2387     8.4694    251.074    258.105     2.4945     2.4042     0.0940     1.3254     3.2405     0.0000     0.0000 -123.48786   37.66578      99.56         19  0.000e+00
     217853   9077.167     29.421     29.644    12.8222    12.8235  39.481632  39.483651    12.8182    12.8195    33.7347    33.7354    25.4486    25.4490     8.2437     8.4693    251.225    258.101     2.4957     2.4042     0.0940     1.3254     3.2405     0.0000     0.0000 -123.48786   37.66578      99.56         19  0.000e+00
     217854   9077.208     29.474     29.698    12.8222    12.8232  39.481500  39.483981    12.8182    12.8193    33.7345    33.7360    25.4485    25.4494     8.2387     8.4694    251.074    258.103     2.4945     2.4042     0.0940     1.3254     3.2405     0.0000     0.0000 -123.48786   37.66578      99.56         19  0.000e+00
     217855   9077.250     29.474     29.698    12.8219    12.8233  39.481500  39.483520    12.8179    12.8194    33.7348    33.7355    25.4488    25.4490     8.2438     8.4694    251.228    258.104     2.4957     2.4042     0.0940     1.3254     3.2393     0.0000     0.0000 -123.48786   37.66578      99.56         19  0.000e+00
     217856   9077.292     29.375     29.597    12.8219    12.8232  39.481764  39.483981    12.8179    12.8193    33.7351    33.7360    25.4490    25.4495     8.2387     8.4693    251.072    258.100     2.4945     2.4042     0.0940     1.3254     3.2405     0.0000     0.0000 -123.48786   37.66578      99.56         19  0.000e+00
     217857   9077.333     29.474     29.698    12.8222    12.8233  39.482094  39.483849    12.8182    12.8194    33.7351    33.7358    25.4489    25.4493     8.2437     8.4694    251.226    258.103     2.4957     2.4042     0.0940     1.3254     3.2405     0.0000     0.0000 -123.48786   37.66578      99.56         19  0.000e+00
     217858   9077.375     29.421     29.644    12.8223    12.8233  39.481698  39.483190    12.8183    12.8194    33.7347    33.7352    25.4486    25.4488     8.2386     8.4748    251.072    258.269     2.4945     2.4054     0.0940     1.3254     3.2405     0.0000     0.0000 -123.48786   37.66578      99.56         19  0.000e+00
     217859   9077.417     29.375     29.597    12.8220    12.8232  39.481566  39.483585    12.8181    12.8193    33.7348    33.7356    25.4487    25.4492     8.2437     8.4747    251.224    258.267     2.4957     2.4054     0.0940     1.3254     3.2405     0.0000     0.0000 -123.48786   37.66578      99.56         19  0.000e+00
     217860   9077.458     29.421     29.644    12.8222    12.8230  39.481500  39.483585    12.8182    12.8190    33.7345    33.7358    25.4485    25.4493     8.2437     8.4748    251.225    258.269     2.4957     2.4054     0.0940     1.3254     3.2393     0.0000     0.0000 -123.48786   37.66578      99.56         19  0.000e+00
     217861   9077.500     29.375     29.597    12.8220    12.8231  39.481500  39.483387    12.8181    12.8191    33.7347    33.7356    25.4487    25.4492     8.2386     8.4748    251.072    258.268     2.4945     2.4054     0.0940     1.3254     3.2393     0.0000     0.0000 -123.48786   37.66578      99.56         19  0.000e+00
     217862   9077.542     29.375     29.597    12.8219    12.8230  39.481236  39.483387    12.8179    12.8191    33.7346    33.7357    25.4487    25.4492     8.2487     8.4748    251.378    258.268     2.4969     2.4054     0.0940     1.3254     3.2405     0.0000     0.0000 -123.48786   37.66578      99.56         19  0.000e+00
     217863   9077.583     29.375     29.597    12.8217    12.8230  39.481104  39.483124    12.8177    12.8191    33.7347    33.7354    25.4487    25.4490     8.2387     8.4748    251.074    258.268     2.4945     2.4054     0.0940     1.3254     3.2405     0.0000     0.0000 -123.48786   37.66578      99.56         19  0.000e+00
     217864   9077.625     29.375     29.597    12.8217    12.8231  39.481104  39.483585    12.8177    12.8191    33.7347    33.7358    25.4487    25.4493     8.2437     8.4748    251.226    258.267     2.4957     2.4054     0.0940     1.3254     3.2405     0.0000     0.0000 -123.48786   37.66578      99.56         19  0.000e+00
     217865   9077.667     29.375     29.597    12.8218    12.8232  39.480840  39.483585    12.8178    12.8192    33.7343    33.7357    25.4484    25.4492     8.2437     8.4802    251.227    258.433     2.4957     2.4066     0.0940     1.3254     3.2405     0.0000     0.0000 -123.48786   37.66578      99.56         19  0.000e+00
