WCOA/WCOA-6/CTD_Data/RB2102_CTD_101_01.ros
* Sea-Bird SBE 9 Data File:
* FileName = C:\Users\scs.user.rb\CTD\RB2102\Data\RB2102_CTD_101_01.hex
* Software Version Seasave V 7.26.7.107
* Temperature SN = 6202
* Conductivity SN = 4907
* Number of Bytes Per Scan = 41
* Number of Voltage Words = 4
* Number of Scans Averaged by the Deck Unit = 1
* NMEA Latitude = 36 48.54 N
* NMEA Longitude = 121 49.06 W
* NMEA UTC (Time) = Jul 15 2021  00:38:24
* NMEA baud rate = 4800
# nquan = 30
# nvalues = 606                                   
# units = specified
# name 0 = scan: Scan Count
# name 1 = timeS: Time, Elapsed [seconds]
# name 2 = depSM: Depth [salt water, m]
# name 3 = prDM: Pressure, Digiquartz [db]
# name 4 = t090C: Temperature [ITS-90, deg C]
# name 5 = t190C: Temperature, 2 [ITS-90, deg C]
# name 6 = c0mS/cm: Conductivity [mS/cm]
# name 7 = c1mS/cm: Conductivity, 2 [mS/cm]
# name 8 = potemp090C: Potential Temperature [ITS-90, deg C]
# name 9 = potemp190C: Potential Temperature, 2 [ITS-90, deg C]
# name 10 = sal00: Salinity, Practical [PSU]
# name 11 = sal11: Salinity, Practical, 2 [PSU]
# name 12 = sigma-é00: Density [sigma-theta, kg/m^3]
# name 13 = sigma-é11: Density, 2 [sigma-theta, kg/m^3]
# name 14 = sbeox0Mg/L: Oxygen, SBE 43 [mg/l]
# name 15 = sbeox1Mg/L: Oxygen, SBE 43, 2 [mg/l]
# name 16 = sbox0Mm/Kg: Oxygen, SBE 43 [umol/kg]
# name 17 = sbox1Mm/Kg: Oxygen, SBE 43, 2 [umol/kg]
# name 18 = sbeox0V: Oxygen raw, SBE 43 [V]
# name 19 = sbeox1V: Oxygen raw, SBE 43, 2 [V]
# name 20 = v4: Voltage 4
# name 21 = flECO-AFL: Fluorescence, WET Labs ECO-AFL/FL [mg/m^3]
# name 22 = v3: Voltage 3
# name 23 = v6: Voltage 6
# name 24 = v7: Voltage 7
# name 25 = longitude: Longitude [deg]
# name 26 = latitude: Latitude [deg]
# name 27 = altM: Altimeter [m]
# name 28 = nbf: Bottles Fired
# name 29 = flag:  0.000e+00
# interval = seconds: 0.0416667
# start_time = Jul 15 2021 00:38:24 [NMEA time, header]
# bad_flag = -9.990e-29
*END*
      11757    489.833     31.975     32.215    10.5359    10.5515  37.540048  37.552891    10.5321    10.5477    33.9178    33.9162    26.0155    26.0116     4.1545     4.2800    126.538    130.362     1.4505     1.4164     0.0513     0.2571     3.2540     0.0830     0.0000 -121.81780   36.80888       4.71          1  0.000e+00
      11758    489.875     32.021     32.262    10.5359    10.5515  37.540177  37.552569    10.5321    10.5477    33.9179    33.9159    26.0156    26.0113     4.1545     4.2801    126.539    130.363     1.4505     1.4164     0.0525     0.2876     3.2540     0.0818     0.0000 -121.81780   36.80888       4.74          1  0.000e+00
      11759    489.917     31.876     32.115    10.5361    10.5508  37.540177  37.552245    10.5323    10.5470    33.9178    33.9163    26.0155    26.0117     4.1544     4.2801    126.536    130.363     1.4505     1.4164     0.0525     0.2876     3.2540     0.0818     0.0000 -121.81780   36.80888       4.76          1  0.000e+00
      11760    489.958     31.968     32.209    10.5359    10.5502  37.540630  37.551664    10.5321    10.5464    33.9184    33.9162    26.0160    26.0118     4.1545     4.2802    126.537    130.366     1.4505     1.4164     0.0525     0.2876     3.2540     0.0842     0.0000 -121.81780   36.80888       4.76          1  0.000e+00
      11761    490.000     31.968     32.209    10.5365    10.5493  37.541082  37.551535    10.5328    10.5456    33.9183    33.9169    26.0158    26.0125     4.1597     4.2802    126.696    130.368     1.4518     1.4164     0.0525     0.2876     3.2540     0.0855     0.0000 -121.81780   36.80888       4.76          1  0.000e+00
      11762    490.042     31.929     32.168    10.5370    10.5492  37.541405  37.551212    10.5333    10.5454    33.9181    33.9167    26.0156    26.0123     4.1596     4.2802    126.694    130.368     1.4518     1.4164     0.0525     0.2876     3.2552     0.0855     0.0000 -121.81780   36.80888       4.76          1  0.000e+00
      11763    490.083     31.968     32.208    10.5375    10.5492  37.540953  37.551147    10.5338    10.5454    33.9172    33.9166    26.0148    26.0123     4.1596     4.2803    126.694    130.369     1.4518     1.4164     0.0513     0.2571     3.2552     0.0842     0.0000 -121.81780   36.80888       4.79          1  0.000e+00
      11764    490.125     31.922     32.162    10.5372    10.5488  37.540306  37.551405    10.5334    10.5451    33.9169    33.9172    26.0146    26.0128     4.1596     4.2802    126.695    130.368     1.4518     1.4164     0.0525     0.2876     3.2552     0.0818     0.0000 -121.81780   36.80888       4.79          1  0.000e+00
      11765    490.167     31.922     32.162    10.5372    10.5489  37.540177  37.551535    10.5334    10.5451    33.9167    33.9173    26.0145    26.0129     4.1596     4.2860    126.695    130.543     1.4518     1.4176     0.0513     0.2571     3.2540     0.0806     0.0000 -121.81780   36.80888       4.81          1  0.000e+00
      11766    490.208     31.922     32.162    10.5369    10.5492  37.540371  37.551535    10.5331    10.5454    33.9172    33.9171    26.0149    26.0126     4.1597     4.2802    126.695    130.368     1.4518     1.4164     0.0513     0.2571     3.2540     0.0818     0.0000 -121.81780   36.80888       4.79          1  0.000e+00
      11767    490.250     31.929     32.168    10.5377    10.5495  37.541211  37.551987    10.5339    10.5457    33.9173    33.9172    26.0148    26.0127     4.1596     4.2802    126.693    130.366     1.4518     1.4164     0.0525     0.2876     3.2540     0.0842     0.0000 -121.81780   36.80888       4.79          1  0.000e+00
      11768    490.292     31.922     32.162    10.5382    10.5502  37.541470  37.552633    10.5344    10.5464    33.9171    33.9172    26.0146    26.0126     4.1595     4.2801    126.692    130.364     1.4518     1.4164     0.0525     0.2876     3.2552     0.0830     0.0000 -121.81780   36.80888       4.79          1  0.000e+00
      11769    490.333     31.922     32.162    10.5387    10.5504  37.541664  37.552568    10.5349    10.5466    33.9168    33.9170    26.0143    26.0124     4.1595     4.2801    126.690    130.364     1.4518     1.4164     0.0525     0.2876     3.2540     0.0842     0.0000 -121.81780   36.80888       4.81          1  0.000e+00
      11770    490.375     31.876     32.115    10.5394    10.5507  37.542568  37.552245    10.5356    10.5469    33.9172    33.9164    26.0144    26.0118     4.1647     4.2801    126.848    130.363     1.4530     1.4164     0.0525     0.2876     3.2552     0.0855     0.0000 -121.81780   36.80888       4.86          1  0.000e+00
      11771    490.417     31.929     32.168    10.5402    10.5508  37.543280  37.552374    10.5364    10.5470    33.9171    33.9164    26.0143    26.0118     4.1646     4.2801    126.846    130.363     1.4530     1.4164     0.0513     0.2571     3.2540     0.0855     0.0000 -121.81780   36.80888       4.88          1  0.000e+00
      11772    490.458     31.876     32.115    10.5415    10.5512  37.543732  37.552503    10.5377    10.5474    33.9164    33.9162    26.0134    26.0116     4.1592     4.2857    126.682    130.536     1.4518     1.4176     0.0513     0.2571     3.2552     0.0830     0.0000 -121.81780   36.80888       4.88          1  0.000e+00
      11773    490.500     31.922     32.162    10.5423    10.5515  37.544055  37.552697    10.5385    10.5477    33.9159    33.9160    26.0129    26.0114     4.1645     4.2800    126.841    130.361     1.4530     1.4164     0.0513     0.2571     3.2552     0.0830     0.0000 -121.81780   36.80888       4.88          1  0.000e+00
      11774    490.542     31.875     32.115    10.5430    10.5516  37.544314  37.553279    10.5392    10.5479    33.9156    33.9165    26.0126    26.0118     4.1591     4.2857    126.679    130.534     1.4518     1.4176     0.0525     0.2876     3.2540     0.0855     0.0000 -121.81780   36.80888       4.88          1  0.000e+00
      11775    490.583     31.875     32.115    10.5428    10.5518  37.544184  37.553214    10.5390    10.5480    33.9156    33.9163    26.0126    26.0116     4.1644     4.2799    126.840    130.359     1.4530     1.4164     0.0525     0.2876     3.2540     0.0867     0.0000 -121.81780   36.80888       4.88          1  0.000e+00
      11776    490.625     31.928     32.168    10.5433    10.5518  37.544314  37.553344    10.5395    10.5480    33.9152    33.9164    26.0122    26.0117     4.1644     4.2800    126.839    130.360     1.4530     1.4164     0.0525     0.2876     3.2552     0.0867     0.0000 -121.81780   36.80888       4.88          1  0.000e+00
      11777    490.667     31.822     32.061    10.5439    10.5520  37.545218  37.553666    10.5402    10.5482    33.9156    33.9166    26.0124    26.0118     4.1643     4.2799    126.835    130.358     1.4530     1.4164     0.0525     0.2876     3.2540     0.0867     0.0000 -121.81780   36.80888       4.88          1  0.000e+00
      11778    490.708     31.875     32.115    10.5450    10.5520  37.545930  37.553279    10.5412    10.5482    33.9153    33.9162    26.0120    26.0115     4.1642     4.2799    126.834    130.359     1.4530     1.4164     0.0525     0.2876     3.2552     0.0879     0.0000 -121.81780   36.80888       4.88          1  0.000e+00
      11779    490.750     31.922     32.162    10.5454    10.5528  37.546318  37.553343    10.5416    10.5490    33.9153    33.9155    26.0119    26.0108     4.1642     4.2856    126.833    130.532     1.4530     1.4176     0.0513     0.2571     3.2552     0.0879     0.0000 -121.81780   36.80888       4.88          1  0.000e+00
      11780    490.792     31.822     32.061    10.5457    10.5532  37.546899  37.553666    10.5420    10.5494    33.9156    33.9155    26.0121    26.0107     4.1641     4.2798    126.830    130.355     1.4530     1.4164     0.0525     0.2876     3.2540     0.0891     0.0000 -121.81780   36.80888       4.88          1  0.000e+00
      11781    490.833     31.875     32.115    10.5466    10.5533  37.548063  37.554054    10.5428    10.5495    33.9160    33.9158    26.0123    26.0109     4.1640     4.2855    126.829    130.530     1.4530     1.4176     0.0525     0.2876     3.2540     0.0879     0.0000 -121.81780   36.80888       4.88          1  0.000e+00
      11782    490.875     31.822     32.061    10.5477    10.5530  37.548645  37.553860    10.5440    10.5492    33.9155    33.9159    26.0117    26.0111     4.1639     4.2798    126.825    130.355     1.4530     1.4164     0.0513     0.2571     3.2552     0.0879     0.0000 -121.81780   36.80888       4.93          1  0.000e+00
      11783    490.917     31.875     32.115    10.5486    10.5528  37.549226  37.553796    10.5448    10.5491    33.9153    33.9159    26.0114    26.0111     4.1639     4.2799    126.823    130.357     1.4530     1.4164     0.0513     0.2571     3.2552     0.0855     0.0000 -121.81780   36.80888       4.93          1  0.000e+00
      11784    490.958     31.822     32.061    10.5491    10.5525  37.549420  37.553795    10.5453    10.5487    33.9150    33.9163    26.0111    26.0115     4.1638     4.2799    126.821    130.357     1.4530     1.4164     0.0513     0.2571     3.2552     0.0842     0.0000 -121.81780   36.80888       4.93          1  0.000e+00
      11785    491.000     31.875     32.115    10.5494    10.5523  37.549873  37.554248    10.5456    10.5486    33.9152    33.9169    26.0112    26.0119     4.1638     4.2856    126.821    130.532     1.4530     1.4176     0.0525     0.2876     3.2540     0.0855     0.0000 -121.81780   36.80888       4.93          1  0.000e+00
      11786    491.042     31.822     32.061    10.5495    10.5521  37.549808  37.554248    10.5457    10.5484    33.9150    33.9171    26.0110    26.0121     4.1637     4.2856    126.820    130.531     1.4530     1.4176     0.0525     0.2876     3.2540     0.0879     0.0000 -121.81780   36.80888       4.93          1  0.000e+00
      11787    491.083     31.822     32.061    10.5495    10.5521  37.549937  37.554183    10.5457    10.5484    33.9152    33.9170    26.0111    26.0121     4.1637     4.2856    126.820    130.531     1.4530     1.4176     0.0513     0.2571     3.2552     0.0879     0.0000 -121.81780   36.80888       4.93          1  0.000e+00
      11788    491.125     31.875     32.115    10.5497    10.5520  37.550067  37.554119    10.5459    10.5482    33.9151    33.9170    26.0110    26.0121     4.1690     4.2856    126.981    130.533     1.4542     1.4176     0.0525     0.2876     3.2540     0.0855     0.0000 -121.81780   36.80888       4.96          1  0.000e+00
      11789    491.167     31.822     32.061    10.5497    10.5521  37.549808  37.554635    10.5459    10.5484    33.9149    33.9174    26.0108    26.0124     4.1637     4.2856    126.820    130.531     1.4530     1.4176     0.0525     0.2876     3.2540     0.0842     0.0000 -121.81780   36.80888       4.98          1  0.000e+00
      11790    491.208     31.829     32.068    10.5494    10.5526  37.549743  37.554248    10.5456    10.5489    33.9151    33.9166    26.0111    26.0116     4.1638     4.2856    126.821    130.530     1.4530     1.4176     0.0525     0.2876     3.2540     0.0855     0.0000 -121.81780   36.80888       4.98          1  0.000e+00
      11791    491.250     31.822     32.061    10.5498    10.5526  37.550002  37.554635    10.5460    10.5489    33.9150    33.9170    26.0109    26.0120     4.1637     4.2855    126.819    130.530     1.4530     1.4176     0.0525     0.2876     3.2540     0.0855     0.0000 -121.81780   36.80888       4.96          1  0.000e+00
      11792    491.292     31.776     32.014    10.5495    10.5526  37.550584  37.554571    10.5457    10.5489    33.9158    33.9169    26.0116    26.0119     4.1637     4.2855    126.819    130.529     1.4530     1.4176     0.0525     0.2876     3.2540     0.0842     0.0000 -121.81780   36.80888       4.96          1  0.000e+00
      11793    491.333     31.822     32.061    10.5492    10.5526  37.550455  37.554958    10.5454    10.5489    33.9160    33.9173    26.0118    26.0122     4.1638     4.2855    126.820    130.530     1.4530     1.4176     0.0525     0.2876     3.2540     0.0818     0.0000 -121.81780   36.80888       4.98          1  0.000e+00
      11794    491.375     31.829     32.068    10.5494    10.5526  37.550390  37.554894    10.5456    10.5489    33.9158    33.9172    26.0116    26.0122     4.1637     4.2798    126.820    130.355     1.4530     1.4164     0.0513     0.2571     3.2552     0.0806     0.0000 -121.81780   36.80888       4.98          1  0.000e+00
      11795    491.417     31.822     32.061    10.5492    10.5526  37.550390  37.554765    10.5454    10.5489    33.9159    33.9171    26.0117    26.0121     4.1638     4.2855    126.820    130.530     1.4530     1.4176     0.0513     0.2571     3.2552     0.0818     0.0000 -121.81780   36.80888       5.01          1  0.000e+00
      11796    491.458     31.776     32.014    10.5495    10.5526  37.550713  37.554571    10.5457    10.5489    33.9160    33.9169    26.0117    26.0119     4.1637     4.2855    126.819    130.529     1.4530     1.4176     0.0513     0.2571     3.2552     0.0830     0.0000 -121.81780   36.80888       5.01          1  0.000e+00
      11797    491.500     31.822     32.061    10.5495    10.5526  37.550778  37.554506    10.5457    10.5489    33.9160    33.9168    26.0118    26.0119     4.1637     4.2798    126.819    130.356     1.4530     1.4164     0.0513     0.2571     3.2552     0.0855     0.0000 -121.81780   36.80888       4.98          1  0.000e+00
      11798    491.542     31.822     32.061    10.5494    10.5526  37.550778  37.554700    10.5456    10.5489    33.9161    33.9170    26.0118    26.0120     4.1637     4.2798    126.819    130.355     1.4530     1.4164     0.0525     0.2876     3.2552     0.0842     0.0000 -121.81780   36.80888       4.98          1  0.000e+00
      11799    491.583     31.782     32.021    10.5494    10.5528  37.550778  37.554312    10.5456    10.5491    33.9162    33.9165    26.0119    26.0115     4.1637     4.2798    126.819    130.355     1.4530     1.4164     0.0525     0.2876     3.2552     0.0842     0.0000 -121.81780   36.80888       5.01          1  0.000e+00
      11800    491.625     31.822     32.061    10.5492    10.5525  37.550455  37.554571    10.5454    10.5487    33.9160    33.9171    26.0118    26.0121     4.1638     4.2856    126.820    130.530     1.4530     1.4176     0.0537     0.3181     3.2540     0.0830     0.0000 -121.81780   36.80888       5.05          1  0.000e+00
      11801    491.667     31.776     32.014    10.5494    10.5528  37.550390  37.554764    10.5456    10.5491    33.9158    33.9170    26.0116    26.0119     4.1637     4.2855    126.819    130.528     1.4530     1.4176     0.0537     0.3181     3.2540     0.0842     0.0000 -121.81780   36.80888       5.05          1  0.000e+00
      11802    491.708     31.776     32.014    10.5494    10.5530  37.550390  37.555023    10.5456    10.5492    33.9158    33.9171    26.0116    26.0120     4.1637     4.2855    126.819    130.528     1.4530     1.4176     0.0537     0.3181     3.2540     0.0842     0.0000 -121.81780   36.80888       5.05          1  0.000e+00
      11803    491.750     31.776     32.014    10.5495    10.5530  37.550131  37.554894    10.5457    10.5492    33.9154    33.9170    26.0113    26.0119     4.1637     4.2798    126.819    130.354     1.4530     1.4164     0.0537     0.3181     3.2540     0.0830     0.0000 -121.81780   36.80888       5.05          1  0.000e+00
      11804    491.792     31.829     32.068    10.5495    10.5530  37.550067  37.554829    10.5457    10.5492    33.9153    33.9169    26.0112    26.0118     4.1637     4.2855    126.820    130.529     1.4530     1.4176     0.0537     0.3181     3.2552     0.0830     0.0000 -121.81780   36.80888       5.05          1  0.000e+00
