WCOA/WCOA-6/CTD_Data/RB2102_CTD_091_01.ros
* Sea-Bird SBE 9 Data File:
* FileName = C:\Users\scs.user.rb\CTD\RB2102\Data\RB2102_CTD_091_01.hex
* Software Version Seasave V 7.26.7.107
* Temperature SN = 6202
* Conductivity SN = 4907
* Number of Bytes Per Scan = 41
* Number of Voltage Words = 4
* Number of Scans Averaged by the Deck Unit = 1
* NMEA Latitude = 37 47.57 N
* NMEA Longitude = 122 33.73 W
* NMEA UTC (Time) = Jul 12 2021  22:35:58
* NMEA baud rate = 4800
# nquan = 30
# nvalues = 463                                   
# units = specified
# name 0 = scan: Scan Count
# name 1 = timeS: Time, Elapsed [seconds]
# name 2 = depSM: Depth [salt water, m]
# name 3 = prDM: Pressure, Digiquartz [db]
# name 4 = t090C: Temperature [ITS-90, deg C]
# name 5 = t190C: Temperature, 2 [ITS-90, deg C]
# name 6 = c0mS/cm: Conductivity [mS/cm]
# name 7 = c1mS/cm: Conductivity, 2 [mS/cm]
# name 8 = potemp090C: Potential Temperature [ITS-90, deg C]
# name 9 = potemp190C: Potential Temperature, 2 [ITS-90, deg C]
# name 10 = sal00: Salinity, Practical [PSU]
# name 11 = sal11: Salinity, Practical, 2 [PSU]
# name 12 = sigma-é00: Density [sigma-theta, kg/m^3]
# name 13 = sigma-é11: Density, 2 [sigma-theta, kg/m^3]
# name 14 = sbeox0Mg/L: Oxygen, SBE 43 [mg/l]
# name 15 = sbeox1Mg/L: Oxygen, SBE 43, 2 [mg/l]
# name 16 = sbox0Mm/Kg: Oxygen, SBE 43 [umol/kg]
# name 17 = sbox1Mm/Kg: Oxygen, SBE 43, 2 [umol/kg]
# name 18 = sbeox0V: Oxygen raw, SBE 43 [V]
# name 19 = sbeox1V: Oxygen raw, SBE 43, 2 [V]
# name 20 = v4: Voltage 4
# name 21 = flECO-AFL: Fluorescence, WET Labs ECO-AFL/FL [mg/m^3]
# name 22 = v3: Voltage 3
# name 23 = v6: Voltage 6
# name 24 = v7: Voltage 7
# name 25 = longitude: Longitude [deg]
# name 26 = latitude: Latitude [deg]
# name 27 = altM: Altimeter [m]
# name 28 = nbf: Bottles Fired
# name 29 = flag:  0.000e+00
# interval = seconds: 0.0416667
# start_time = Jul 12 2021 22:35:58 [NMEA time, header]
# bad_flag = -9.990e-29
*END*
[from data line 291]
      15388    641.125      4.208      4.239    14.5750    14.5743  40.674955  40.674852    14.5744    14.5736    33.3232    33.3238    24.7708    24.7714     7.1547     7.4079    218.184    225.903     2.2967     2.2320     0.1563     2.8822     3.3333     0.3040     0.2686 -122.56222   37.79246      19.46          7  0.000e+00
      15389    641.167      4.221      4.253    14.5750    14.5744  40.674755  40.675118    14.5744    14.5738    33.3230    33.3239    24.7707    24.7715     7.1548     7.4078    218.185    225.902     2.2967     2.2320     0.1563     2.8822     3.3333     0.3053     0.2698 -122.56222   37.79246      19.49          7  0.000e+00
      15390    641.208      4.161      4.193    14.5751    14.5749  40.674888  40.675719    14.5745    14.5743    33.3231    33.3240    24.7707    24.7714     7.1547     7.4077    218.183    225.898     2.2967     2.2320     0.1563     2.8822     3.3333     0.3040     0.2686 -122.56222   37.79246      19.46          7  0.000e+00
      15391    641.250      4.208      4.239    14.5752    14.5746  40.674955  40.675585    14.5746    14.5740    33.3230    33.3241    24.7707    24.7716     7.1547     7.4078    218.184    225.901     2.2967     2.2320     0.1563     2.8822     3.3333     0.3028     0.2686 -122.56222   37.79246      19.46          7  0.000e+00
      15392    641.292      4.208      4.239    14.5755    14.5746  40.675489  40.675519    14.5749    14.5740    33.3232    33.3241    24.7707    24.7716     7.1547     7.4078    218.182    225.901     2.2967     2.2320     0.1563     2.8822     3.3333     0.3028     0.2686 -122.56222   37.79246      19.46          7  0.000e+00
      15393    641.333      4.161      4.193    14.5755    14.5749  40.675355  40.675518    14.5749    14.5743    33.3231    33.3238    24.7707    24.7713     7.1546     7.4077    218.181    225.898     2.2967     2.2320     0.1563     2.8822     3.3333     0.3028     0.2674 -122.56222   37.79246      19.46          7  0.000e+00
      15394    641.375      4.208      4.239    14.5754    14.5752  40.675088  40.676319    14.5748    14.5746    33.3230    33.3243    24.7706    24.7716     7.1547     7.4077    218.183    225.897     2.2967     2.2320     0.1563     2.8822     3.3333     0.3028     0.2686 -122.56222   37.79246      19.46          7  0.000e+00
      15395    641.417      4.161      4.193    14.5755    14.5756  40.675689  40.676653    14.5749    14.5750    33.3234    33.3243    24.7709    24.7715     7.1546     7.4076    218.180    225.894     2.2967     2.2320     0.1563     2.8822     3.3333     0.3028     0.2686 -122.56222   37.79246      19.46          7  0.000e+00
      15396    641.458      4.208      4.239    14.5755    14.5759  40.676023  40.676586    14.5749    14.5753    33.3237    33.3239    24.7711    24.7712     7.1546     7.4076    218.181    225.894     2.2967     2.2320     0.1563     2.8822     3.3333     0.3028     0.2674 -122.56222   37.79246      19.46          7  0.000e+00
      15397    641.500      4.175      4.206    14.5755    14.5759  40.675489  40.676586    14.5749    14.5753    33.3233    33.3240    24.7708    24.7712     7.1546     7.4076    218.181    225.894     2.2967     2.2320     0.1563     2.8822     3.3333     0.3028     0.2674 -122.56222   37.79246      19.46          7  0.000e+00
      15398    641.542      4.208      4.239    14.5756    14.5759  40.675022  40.676586    14.5750    14.5753    33.3228    33.3239    24.7704    24.7712     7.1547     7.4076    218.182    225.894     2.2967     2.2320     0.1563     2.8822     3.3333     0.3028     0.2674 -122.56222   37.79246      19.46          7  0.000e+00
      15399    641.583      4.208      4.239    14.5757    14.5759  40.675222  40.676586    14.5751    14.5753    33.3229    33.3239    24.7704    24.7712     7.1547     7.4076    218.182    225.894     2.2967     2.2320     0.1563     2.8822     3.3333     0.3040     0.2698 -122.56222   37.79246      19.46          7  0.000e+00
      15400    641.625      4.208      4.239    14.5752    14.5758  40.675022  40.676853    14.5746    14.5752    33.3231    33.3243    24.7707    24.7715     7.1547     7.4024    218.183    225.735     2.2967     2.2308     0.1563     2.8822     3.3333     0.3040     0.2686 -122.56222   37.79246      19.46          7  0.000e+00
      15401    641.667      4.208      4.239    14.5752    14.5759  40.674955  40.676453    14.5746    14.5753    33.3230    33.3238    24.7707    24.7711     7.1547     7.4024    218.184    225.735     2.2967     2.2308     0.1563     2.8822     3.3333     0.3028     0.2674 -122.56222   37.79246      19.46          7  0.000e+00
      15402    641.708      4.208      4.239    14.5752    14.5758  40.674755  40.676519    14.5746    14.5752    33.3228    33.3240    24.7705    24.7713     7.1547     7.4024    218.184    225.736     2.2967     2.2308     0.1563     2.8822     3.3333     0.3028     0.2674 -122.56222   37.79246      19.46          7  0.000e+00
      15403    641.750      4.208      4.239    14.5752    14.5758  40.674888  40.676319    14.5746    14.5752    33.3230    33.3238    24.7706    24.7711     7.1547     7.4024    218.184    225.736     2.2967     2.2308     0.1563     2.8822     3.3333     0.3028     0.2674 -122.56222   37.79246      19.49          7  0.000e+00
      15404    641.792      4.208      4.239    14.5752    14.5756  40.675489  40.676253    14.5746    14.5750    33.3235    33.3239    24.7710    24.7712     7.1547     7.4024    218.183    225.737     2.2967     2.2308     0.1563     2.8822     3.3333     0.3016     0.2674 -122.56222   37.79246      19.51          7  0.000e+00
      15405    641.833      4.208      4.239    14.5754    14.5756  40.675088  40.676453    14.5748    14.5750    33.3230    33.3241    24.7706    24.7714     7.1547     7.4024    218.183    225.736     2.2967     2.2308     0.1563     2.8822     3.3346     0.3016     0.2674 -122.56222   37.79246      19.51          7  0.000e+00
      15406    641.875      4.274      4.306    14.5754    14.5756  40.674955  40.676320    14.5748    14.5750    33.3228    33.3239    24.7705    24.7713     7.1499     7.4025    218.038    225.738     2.2955     2.2308     0.1563     2.8822     3.3321     0.3016     0.2674 -122.56222   37.79246      19.51          7  0.000e+00
      15407    641.917      4.208      4.239    14.5754    14.5752  40.675222  40.676453    14.5748    14.5746    33.3231    33.3244    24.7707    24.7717     7.1547     7.4024    218.183    225.737     2.2967     2.2308     0.1563     2.8822     3.3346     0.3016     0.2674 -122.56222   37.79246      19.51          7  0.000e+00
      15408    641.958      4.254      4.286    14.5754    14.5748  40.675556  40.676386    14.5747    14.5741    33.3234    33.3247    24.7709    24.7720     7.1547     7.4025    218.183    225.741     2.2967     2.2308     0.1563     2.8822     3.3346     0.3016     0.2674 -122.56222   37.79246      19.54          7  0.000e+00
      15409    642.000      4.254      4.286    14.5755    14.5749  40.675689  40.675986    14.5749    14.5743    33.3234    33.3242    24.7709    24.7716     7.1547     7.4025    218.183    225.741     2.2967     2.2308     0.1563     2.8822     3.3333     0.3028     0.2686 -122.56222   37.79246      19.51          7  0.000e+00
      15410    642.042      4.254      4.286    14.5759    14.5748  40.675355  40.675586    14.5753    14.5741    33.3228    33.3240    24.7703    24.7715     7.1547     7.4026    218.182    225.742     2.2967     2.2308     0.1563     2.8822     3.3346     0.3028     0.2674 -122.56222   37.79246      19.54          7  0.000e+00
      15411    642.083      4.254      4.286    14.5758    14.5748  40.675289  40.675252    14.5751    14.5741    33.3229    33.3237    24.7704    24.7712     7.1547     7.4026    218.183    225.742     2.2967     2.2308     0.1563     2.8822     3.3346     0.3016     0.2674 -122.56222   37.79246      19.51          7  0.000e+00
      15412    642.125      4.254      4.286    14.5759    14.5746  40.675756  40.675385    14.5753    14.5740    33.3232    33.3239    24.7706    24.7715     7.1547     7.4026    218.182    225.743     2.2967     2.2308     0.1563     2.8822     3.3321     0.3016     0.2674 -122.56222   37.79246      19.51          7  0.000e+00
      17312    721.292      3.863      3.893    14.6265    14.6422  40.698048  40.708008    14.6259    14.6416    33.3003    33.2959    24.7422    24.7354     7.0563     7.2935    215.187    222.422     2.2735     2.2076     0.1502     2.7296     3.3297     0.3932     0.3602 -122.56222   37.79242      19.63          8  0.000e+00
      17313    721.333      3.771      3.799    14.6261    14.6423  40.697113  40.708141    14.6256    14.6418    33.2998    33.2959    24.7419    24.7354     7.0563     7.2934    215.187    222.419     2.2735     2.2076     0.1502     2.7296     3.3297     0.3919     0.3602 -122.56222   37.79242      19.66          8  0.000e+00
      17314    721.375      3.863      3.893    14.6256    14.6427  40.696045  40.708809    14.6251    14.6421    33.2991    33.2962    24.7415    24.7355     7.0516     7.2934    215.045    222.419     2.2723     2.2076     0.1502     2.7296     3.3309     0.3932     0.3602 -122.56222   37.79242      19.66          8  0.000e+00
      17315    721.417      3.863      3.893    14.6234    14.6436  40.694710  40.709209    14.6228    14.6430    33.2999    33.2958    24.7425    24.7351     7.0519     7.2933    215.054    222.416     2.2723     2.2076     0.1502     2.7296     3.3309     0.3932     0.3602 -122.56222   37.79242      19.66          8  0.000e+00
      17316    721.458      3.817      3.846    14.6202    14.6440  40.693575  40.709342    14.6197    14.6434    33.3016    33.2956    24.7445    24.7348     7.0522     7.2932    215.064    222.413     2.2723     2.2076     0.1502     2.7296     3.3309     0.3932     0.3602 -122.56222   37.79242      19.66          8  0.000e+00
      17317    721.500      3.863      3.893    14.6175    14.6432  40.692240  40.708809    14.6170    14.6427    33.3026    33.2957    24.7459    24.7351     7.0526     7.2933    215.076    222.418     2.2723     2.2076     0.1502     2.7296     3.3297     0.3932     0.3614 -122.56222   37.79242      19.49          8  0.000e+00
      17318    721.542      3.830      3.859    14.6154    14.6422  40.691639  40.708342    14.6148    14.6416    33.3040    33.2962    24.7474    24.7357     7.0529     7.2934    215.082    222.421     2.2723     2.2076     0.1514     2.7601     3.3297     0.3932     0.3614 -122.56222   37.79242      19.37          8  0.000e+00
      17319    721.583      3.817      3.846    14.6140    14.6417  40.690972  40.708275    14.6134    14.6411    33.3045    33.2966    24.7481    24.7361     7.0530     7.2935    215.087    222.422     2.2723     2.2076     0.1502     2.7296     3.3297     0.3932     0.3602 -122.56222   37.79242      19.37          8  0.000e+00
      17320    721.625      3.863      3.893    14.6120    14.6410  40.689770  40.707741    14.6114    14.6405    33.3051    33.2966    24.7490    24.7363     7.0533     7.2936    215.096    222.427     2.2723     2.2076     0.1502     2.7296     3.3309     0.3932     0.3602 -122.56222   37.79242      19.37          8  0.000e+00
      17321    721.667      3.863      3.893    14.6060    14.6405  40.686767  40.707608    14.6054    14.6399    33.3076    33.2970    24.7522    24.7367     7.0541     7.2937    215.119    222.429     2.2723     2.2076     0.1502     2.7296     3.3309     0.3919     0.3602 -122.56222   37.79242      19.39          8  0.000e+00
      17322    721.708      3.863      3.893    14.5993    14.6388  40.683229  40.705739    14.5987    14.6382    33.3101    33.2967    24.7555    24.7368     7.0550     7.2940    215.144    222.437     2.2723     2.2076     0.1502     2.7296     3.3309     0.3932     0.3590 -122.56222   37.79242      19.39          8  0.000e+00
      17323    721.750      3.863      3.893    14.5938    14.6357  40.680826  40.702936    14.5933    14.6352    33.3125    33.2968    24.7586    24.7375     7.0556     7.2944    215.164    222.451     2.2723     2.2076     0.1502     2.7296     3.3297     0.3919     0.3590 -122.56222   37.79242      19.51          8  0.000e+00
      17324    721.792      3.916      3.946    14.5900    14.6332  40.678624  40.702269    14.5894    14.6327    33.3138    33.2983    24.7604    24.7392     7.0562     7.2948    215.181    222.462     2.2723     2.2076     0.1502     2.7296     3.3297     0.3907     0.3590 -122.56222   37.79242      19.63          8  0.000e+00
      17325    721.833      3.817      3.846    14.5873    14.6309  40.677622  40.701468    14.5868    14.6303    33.3152    33.2997    24.7621    24.7408     7.0564     7.2950    215.188    222.469     2.2723     2.2076     0.1502     2.7296     3.3309     0.3907     0.3578 -122.56222   37.79242      19.66          8  0.000e+00
      17326    721.875      3.916      3.946    14.5861    14.6280  40.676888  40.700935    14.5855    14.6274    33.3156    33.3016    24.7626    24.7429     7.0567     7.2955    215.195    222.482     2.2723     2.2076     0.1502     2.7296     3.3309     0.3883     0.3565 -122.56222   37.79242      19.63          8  0.000e+00
      17327    721.917      3.883      3.913    14.5858    14.6251  40.676488  40.699000    14.5852    14.6245    33.3155    33.3023    24.7626    24.7440     7.0519     7.2959    215.049    222.494     2.2711     2.2076     0.1502     2.7296     3.3297     0.3883     0.3553 -122.56222   37.79242      19.63          8  0.000e+00
      17328    721.958      3.916      3.946    14.5861    14.6206  40.676955  40.696532    14.5855    14.6200    33.3156    33.3039    24.7626    24.7462     7.0518     7.2913    215.048    222.354     2.2711     2.2063     0.1514     2.7601     3.3309     0.3883     0.3541 -122.56222   37.79242      19.63          8  0.000e+00
      17329    722.000      3.916      3.946    14.5865    14.6168  40.677356  40.695397    14.5860    14.6162    33.3156    33.3061    24.7625    24.7488     7.0566     7.2918    215.193    222.369     2.2723     2.2063     0.1514     2.7601     3.3297     0.3883     0.3541 -122.56222   37.79242      19.49          8  0.000e+00
      17330    722.042      3.863      3.893    14.5863    14.6168  40.677222  40.694463    14.5857    14.6162    33.3157    33.3053    24.7627    24.7481     7.0518     7.2918    215.046    222.368     2.2711     2.2063     0.1514     2.7601     3.3297     0.3871     0.3541 -122.56222   37.79242      19.39          8  0.000e+00
      17331    722.083      3.963      3.993    14.5851    14.6149  40.676221  40.692862    14.5846    14.6143    33.3158    33.3054    24.7629    24.7486     7.0520     7.2922    215.053    222.380     2.2711     2.2063     0.1514     2.7601     3.3309     0.3858     0.3529 -122.56222   37.79242      19.39          8  0.000e+00
      17332    722.125      3.916      3.946    14.5834    14.6078  40.674953  40.689526    14.5829    14.6072    33.3161    33.3085    24.7635    24.7525     7.0522     7.2931    215.059    222.408     2.2711     2.2063     0.1514     2.7601     3.3309     0.3858     0.3516 -122.56222   37.79242      19.39          8  0.000e+00
      17333    722.167      3.916      3.946    14.5825    14.6020  40.674085  40.686724    14.5819    14.6014    33.3161    33.3109    24.7638    24.7556     7.0523     7.2939    215.063    222.431     2.2711     2.2063     0.1514     2.7601     3.3309     0.3846     0.3516 -122.56222   37.79242      19.39          8  0.000e+00
