WCOA/WCOA-6/CTD_Data/RB2102_CTD_029_01.ros
* Sea-Bird SBE 9 Data File:
* FileName = C:\Users\scs.user.rb\CTD\RB2102\Data\RB2102_CTD_029_01.hex
* Software Version Seasave V 7.26.7.107
* Temperature SN = 6202
* Conductivity SN = 4907
* Number of Bytes Per Scan = 41
* Number of Voltage Words = 4
* Number of Scans Averaged by the Deck Unit = 1
* NMEA Latitude = 46 11.59 N
* NMEA Longitude = 123 54.83 W
* NMEA UTC (Time) = Jun 30 2021  22:10:19
* NMEA baud rate = 4800
# nquan = 30
# nvalues = 539                                   
# units = specified
# name 0 = scan: Scan Count
# name 1 = timeS: Time, Elapsed [seconds]
# name 2 = depSM: Depth [salt water, m]
# name 3 = prDM: Pressure, Digiquartz [db]
# name 4 = t090C: Temperature [ITS-90, deg C]
# name 5 = t190C: Temperature, 2 [ITS-90, deg C]
# name 6 = c0mS/cm: Conductivity [mS/cm]
# name 7 = c1mS/cm: Conductivity, 2 [mS/cm]
# name 8 = potemp090C: Potential Temperature [ITS-90, deg C]
# name 9 = potemp190C: Potential Temperature, 2 [ITS-90, deg C]
# name 10 = sal00: Salinity, Practical [PSU]
# name 11 = sal11: Salinity, Practical, 2 [PSU]
# name 12 = sigma-é00: Density [sigma-theta, kg/m^3]
# name 13 = sigma-é11: Density, 2 [sigma-theta, kg/m^3]
# name 14 = sbeox0Mg/L: Oxygen, SBE 43 [mg/l]
# name 15 = sbeox1Mg/L: Oxygen, SBE 43, 2 [mg/l]
# name 16 = sbox0Mm/Kg: Oxygen, SBE 43 [umol/kg]
# name 17 = sbox1Mm/Kg: Oxygen, SBE 43, 2 [umol/kg]
# name 18 = sbeox0V: Oxygen raw, SBE 43 [V]
# name 19 = sbeox1V: Oxygen raw, SBE 43, 2 [V]
# name 20 = v4: Voltage 4
# name 21 = flECO-AFL: Fluorescence, WET Labs ECO-AFL/FL [mg/m^3]
# name 22 = v3: Voltage 3
# name 23 = v6: Voltage 6
# name 24 = v7: Voltage 7
# name 25 = longitude: Longitude [deg]
# name 26 = latitude: Latitude [deg]
# name 27 = altM: Altimeter [m]
# name 28 = nbf: Bottles Fired
# name 29 = flag:  0.000e+00
# interval = seconds: 0.0416667
# start_time = Jun 30 2021 22:10:19 [NMEA time, header]
# bad_flag = -9.990e-29
*END*
       9425    392.667     10.634     10.722    20.1214    20.1156   8.310707   8.356188    20.1197    20.1140     5.1472     5.1782     2.0922     2.1169     8.6258     8.3844    268.996    261.463     2.5433     2.3578     0.1026     1.5391     3.2161     0.7411     0.0000 -123.91384   46.19326       3.98          1  0.000e+00
       9426    392.708     10.534     10.622    20.1218    20.1142   8.308543   8.359949    20.1201    20.1126     5.1457     5.1808     2.0910     2.1192     8.6206     8.3844    268.834    261.462     2.5421     2.3578     0.1026     1.5391     3.2149     0.7411     0.0000 -123.91384   46.19326       3.98          1  0.000e+00
       9427    392.750     10.739     10.829    20.1230    20.1155   8.298769   8.348547    20.1213    20.1138     5.1391     5.1731     2.0857     2.1131     8.6209     8.3848    268.846    261.476     2.5421     2.3578     0.1026     1.5391     3.2149     0.7411     0.0000 -123.91384   46.19326       3.98          1  0.000e+00
       9428    392.792     10.587     10.675    20.1245    20.1184   8.290840   8.328353    20.1229    20.1167     5.1336     5.1593     2.0812     2.1020     8.6208     8.3848    268.843    261.479     2.5421     2.3578     0.1026     1.5391     3.2161     0.7411     0.0000 -123.91384   46.19326       3.98          1  0.000e+00
       9429    392.833     10.634     10.722    20.1245    20.1202   8.292562   8.316761    20.1229    20.1185     5.1348     5.1514     2.0821     2.0956     8.6208     8.3849    268.843    261.485     2.5421     2.3578     0.1026     1.5391     3.2149     0.7411     0.0000 -123.91384   46.19326       3.98          1  0.000e+00
       9430    392.875     10.594     10.682    20.1242    20.1207   8.297528   8.316641    20.1225    20.1191     5.1381     5.1513     2.0847     2.0954     8.6206     8.3848    268.837    261.481     2.5421     2.3578     0.1026     1.5391     3.2173     0.7411     0.0000 -123.91384   46.19326       3.98          1  0.000e+00
       9431    392.917     10.587     10.675    20.1226    20.1198   8.305619   8.325674    20.1210    20.1182     5.1437     5.1574     2.0892     2.1002     8.6206     8.3846    268.835    261.475     2.5421     2.3578     0.1026     1.5391     3.2161     0.7411     0.0000 -123.91384   46.19326       3.98          1  0.000e+00
       9432    392.958     10.587     10.675    20.1214    20.1174   8.313632   8.341028    20.1198    20.1157     5.1492     5.1679     2.0936     2.1087     8.6205     8.3845    268.831    261.469     2.5421     2.3578     0.1026     1.5391     3.2161     0.7411     0.0000 -123.91384   46.19326       3.98          1  0.000e+00
       9433    393.000     10.634     10.722    20.1207    20.1159   8.317959   8.345787    20.1190    20.1143     5.1521     5.1712     2.0961     2.1116     8.6205     8.3847    268.832    261.473     2.5421     2.3578     0.1026     1.5391     3.2161     0.7424     0.0000 -123.91384   46.19326       4.00          1  0.000e+00
       9434    393.042     10.594     10.682    20.1202    20.1176   8.320965   8.333270    20.1185    20.1159     5.1542     5.1627     2.0977     2.1047     8.6205     8.3848    268.829    261.478     2.5421     2.3578     0.1026     1.5391     3.2161     0.7411     0.0000 -123.91384   46.19326       4.00          1  0.000e+00
       9435    393.083     10.634     10.722    20.1197    20.1205   8.325454   8.314363    20.1180    20.1189     5.1572     5.1498     2.1002     2.0943     8.6204     8.3849    268.828    261.486     2.5421     2.3578     0.1026     1.5391     3.2149     0.7411     0.0000 -123.91384   46.19326       3.98          1  0.000e+00
       9436    393.125     10.587     10.675    20.1178    20.1235   8.335436   8.297262    20.1161    20.1218     5.1641     5.1380     2.1058     2.0848     8.6204     8.3850    268.824    261.489     2.5421     2.3578     0.1026     1.5391     3.2149     0.7411     0.0000 -123.91384   46.19326       4.00          1  0.000e+00
       9437    393.167     10.647     10.735    20.1162    20.1235   8.344819   8.298780    20.1145    20.1218     5.1705     5.1390     2.1110     2.0855     8.6204     8.3795    268.823    261.317     2.5421     2.3565     0.1026     1.5391     3.2149     0.7411     0.0000 -123.91384   46.19326       4.00          1  0.000e+00
       9438    393.208     10.587     10.675    20.1162    20.1222   8.338323   8.309128    20.1146    20.1206     5.1662     5.1461     2.1077     2.0911     8.6205     8.3793    268.828    261.309     2.5421     2.3565     0.1026     1.5391     3.2149     0.7411     0.0000 -123.91384   46.19326       4.00          1  0.000e+00
       9439    393.250     10.634     10.722    20.1193    20.1221   8.316236   8.310526    20.1177    20.1204     5.1512     5.1470     2.0956     2.0919     8.6208     8.3848    268.841    261.482     2.5421     2.3578     0.1001     1.4781     3.2161     0.7411     0.0000 -123.91384   46.19326       4.00          1  0.000e+00
       9440    393.292     10.594     10.682    20.1219    20.1232   8.297247   8.300298    20.1203    20.1215     5.1382     5.1401     2.0853     2.0864     8.6210     8.3794    268.849    261.315     2.5421     2.3565     0.1001     1.4781     3.2161     0.7411     0.0000 -123.91384   46.19326       4.00          1  0.000e+00
       9441    393.333     10.634     10.722    20.1249    20.1263   8.282111   8.278334    20.1233    20.1246     5.1278     5.1251     2.0767     2.0744     8.6210     8.3852    268.853    261.497     2.5421     2.3578     0.1001     1.4781     3.2161     0.7411     0.0000 -123.91384   46.19326       4.00          1  0.000e+00
       9442    393.375     10.587     10.675    20.1276    20.1292   8.266781   8.256582    20.1260    20.1276     5.1173     5.1103     2.0682     2.0625     8.6211     8.3798    268.856    261.334     2.5421     2.3565     0.1001     1.4781     3.2161     0.7411     0.0000 -123.91384   46.19326       4.00          1  0.000e+00
       9443    393.417     10.647     10.735    20.1304    20.1312   8.252018   8.247007    20.1288    20.1295     5.1071     5.1037     2.0599     2.0571     8.6160     8.3799    268.702    261.337     2.5409     2.3565     0.1001     1.4781     3.2161     0.7411     0.0000 -123.91384   46.19326       4.00          1  0.000e+00
       9444    393.458     10.587     10.675    20.1324    20.1320   8.244578   8.246608    20.1307    20.1304     5.1020     5.1033     2.0555     2.0566     8.6159     8.3797    268.699    261.331     2.5409     2.3565     0.1001     1.4781     3.2173     0.7411     0.0000 -123.91384   46.19326       4.00          1  0.000e+00
       9445    393.500     10.587     10.675    20.1324    20.1315   8.246898   8.250238    20.1307    20.1299     5.1035     5.1058     2.0567     2.0586     8.6158     8.3741    268.696    261.157     2.5409     2.3553     0.1001     1.4781     3.2161     0.7411     0.0000 -123.91384   46.19326       4.00          1  0.000e+00
       9446    393.542     10.634     10.722    20.1341    20.1312   8.238100   8.253949    20.1324    20.1295     5.0974     5.1083     2.0517     2.0606     8.6159     8.3796    268.699    261.328     2.5409     2.3565     0.1001     1.4781     3.2173     0.7411     0.0000 -123.91384   46.19326       4.00          1  0.000e+00
       9447    393.583     10.647     10.735    20.1364    20.1306   8.219431   8.256103    20.1348    20.1290     5.0848     5.1098     2.0416     2.0619     8.6110     8.3741    268.550    261.157     2.5397     2.3553     0.1001     1.4781     3.2149     0.7411     0.0000 -123.91384   46.19326       4.00          1  0.000e+00
       9448    393.625     10.587     10.675    20.1391    20.1317   8.202330   8.248284    20.1374    20.1301     5.0731     5.1045     2.0322     2.0576     8.6111     8.3686    268.556    260.986     2.5397     2.3541     0.1001     1.4781     3.2149     0.7411     0.0000 -123.91384   46.19326       4.00          1  0.000e+00
       9449    393.667     10.634     10.722    20.1410    20.1338   8.195300   8.234843    20.1394    20.1322     5.0682     5.0953     2.0281     2.0502     8.6111     8.3798    268.556    261.337     2.5397     2.3565     0.1001     1.4781     3.2161     0.7411     0.0000 -123.91384   46.19326       4.00          1  0.000e+00
       9450    393.708     10.594     10.682    20.1414    20.1356   8.198774   8.227148    20.1397    20.1339     5.0705     5.0900     2.0297     2.0458     8.6109     8.3742    268.548    261.163     2.5397     2.3553     0.1001     1.4781     3.2149     0.7411     0.0000 -123.91384   46.19326       4.00          1  0.000e+00
       9451    393.750     10.634     10.722    20.1402    20.1352   8.210999   8.230297    20.1385    20.1336     5.0787     5.0921     2.0362     2.0475     8.6158     8.3687    268.701    260.990     2.5409     2.3541     0.1001     1.4781     3.2149     0.7411     0.0000 -123.91384   46.19326       4.00          1  0.000e+00
       9452    393.792     10.634     10.722    20.1386    20.1336   8.223308   8.242699    20.1369    20.1320     5.0871     5.1006     2.0429     2.0542     8.6105     8.3685    268.535    260.984     2.5397     2.3541     0.1001     1.4781     3.2161     0.7411     0.0000 -123.91384   46.19326       4.00          1  0.000e+00
       9453    393.833     10.594     10.682    20.1374    20.1310   8.227985   8.259016    20.1357    20.1294     5.0903     5.1117     2.0456     2.0632     8.6105     8.3684    268.534    260.977     2.5397     2.3541     0.1001     1.4781     3.2149     0.7411     0.0000 -123.91384   46.19326       4.00          1  0.000e+00
       9454    393.875     10.587     10.675    20.1373    20.1291   8.221949   8.271946    20.1357    20.1274     5.0863     5.1205     2.0426     2.0703     8.6107     8.3683    268.541    260.972     2.5397     2.3541     0.1001     1.4781     3.2161     0.7411     0.0000 -123.91384   46.19326       4.00          1  0.000e+00
       9455    393.917     10.634     10.722    20.1389    20.1270   8.208322   8.282726    20.1373    20.1253     5.0771     5.1280     2.0353     2.0764     8.6110     8.3683    268.551    260.972     2.5397     2.3541     0.1001     1.4781     3.2149     0.7411     0.0000 -123.91384   46.19326       4.00          1  0.000e+00
       9456    393.958     10.647     10.735    20.1412    20.1219   8.191665   8.306251    20.1395    20.1203     5.0658     5.1442     2.0262     2.0898     8.6112     8.3684    268.560    260.972     2.5397     2.3541     0.1001     1.4781     3.2149     0.7411     0.0000 -123.91384   46.19326       4.00          1  0.000e+00
       9457    394.000     10.634     10.722    20.1436    20.1176   8.178689   8.335110    20.1420    20.1159     5.0569     5.1639     2.0189     2.1057     8.6112     8.3682    268.562    260.960     2.5397     2.3541     0.1001     1.4781     3.2149     0.7411     0.0000 -123.91384   46.19326       4.00          1  0.000e+00
       9458    394.042     10.587     10.675    20.1452    20.1147   8.168750   8.353668    20.1435    20.1131     5.0501     5.1766     2.0135     2.1159     8.6113     8.3680    268.565    260.952     2.5397     2.3541     0.1001     1.4781     3.2149     0.7411     0.0000 -123.91384   46.19326       4.00          1  0.000e+00
       9459    394.083     10.594     10.682    20.1466    20.1125   8.164001   8.367913    20.1449    20.1109     5.0468     5.1863     2.0106     2.1237     8.6112     8.3679    268.564    260.947     2.5397     2.3541     0.1001     1.4781     3.2149     0.7411     0.0000 -123.91384   46.19326       4.00          1  0.000e+00
       9460    394.125     10.634     10.722    20.1462    20.1085   8.169269   8.394017    20.1446    20.1068     5.0503     5.2042     2.0134     2.1382     8.6111     8.3678    268.560    260.939     2.5397     2.3541     0.1001     1.4781     3.2161     0.7411     0.0000 -123.91384   46.19326       4.00          1  0.000e+00
       9461    394.167     10.634     10.722    20.1459    20.1037   8.174058   8.425229    20.1442    20.1021     5.0535     5.2256     2.0159     2.1554     8.6110     8.3676    268.556    260.927     2.5397     2.3541     0.1001     1.4781     3.2149     0.7411     0.0000 -123.91384   46.19326       4.00          1  0.000e+00
       9462    394.208     10.587     10.675    20.1457    20.0999   8.174138   8.447604    20.1441    20.0982     5.0536     5.2410     2.0160     2.1679     8.6110     8.3619    268.556    260.748     2.5397     2.3529     0.1001     1.4781     3.2161     0.7411     0.0000 -123.91384   46.19326       4.00          1  0.000e+00
       9463    394.250     10.647     10.735    20.1459    20.0997   8.170546   8.445598    20.1442    20.0981     5.0512     5.2396     2.0142     2.1669     8.6111     8.3676    268.561    260.925     2.5397     2.3541     0.1001     1.4781     3.2161     0.7411     0.0000 -123.91384   46.19326       4.00          1  0.000e+00
       9464    394.292     10.634     10.722    20.1469    20.1029   8.163522   8.416011    20.1453    20.1012     5.0464     5.2195     2.0103     2.1510     8.6061     8.3680    268.404    260.942     2.5385     2.3541     0.1001     1.4781     3.2161     0.7411     0.0000 -123.91384   46.19326       4.00          1  0.000e+00
       9465    394.333     10.587     10.675    20.1468    20.1085   8.166555   8.373717    20.1451    20.1068     5.0485     5.1907     2.0119     2.1279     8.6059     8.3684    268.400    260.961     2.5385     2.3541     0.1013     1.5086     3.2149     0.7411     0.0000 -123.91384   46.19326       3.98          1  0.000e+00
       9466    394.375     10.647     10.735    20.1454    20.1147   8.174018   8.330312    20.1437    20.1130     5.0536     5.1611     2.0161     2.1041     8.6060     8.3689    268.400    260.981     2.5385     2.3541     0.1013     1.5086     3.2161     0.7411     0.0000 -123.91384   46.19326       4.00          1  0.000e+00
       9467    394.417     10.634     10.722    20.1452    20.1207   8.167433   8.297542    20.1435    20.1191     5.0492     5.1386     2.0128     2.0858     8.6062     8.3689    268.408    260.987     2.5385     2.3541     0.1013     1.5086     3.2149     0.7411     0.0000 -123.91384   46.19326       4.00          1  0.000e+00
       9468    394.458     10.634     10.722    20.1468    20.1251   8.153467   8.274661    20.1451    20.1234     5.0398     5.1228     2.0053     2.0729     8.6013     8.3689    268.257    260.991     2.5372     2.3541     0.1013     1.5086     3.2149     0.7411     0.0000 -123.91384   46.19326       4.00          1  0.000e+00
       9469    394.500     10.594     10.682    20.1483    20.1287   8.147045   8.259574    20.1467    20.1271     5.0353     5.1124     2.0016     2.0642     8.6064     8.3688    268.415    260.989     2.5385     2.3541     0.1013     1.5086     3.2161     0.7411     0.0000 -123.91384   46.19326       4.00          1  0.000e+00
       9470    394.542     10.634     10.722    20.1481    20.1300   8.150835   8.250956    20.1465    20.1283     5.0379     5.1065     2.0035     2.0595     8.6063     8.3689    268.413    260.993     2.5385     2.3541     0.1013     1.5086     3.2149     0.7411     0.0000 -123.91384   46.19326       4.00          1  0.000e+00
       9471    394.583     10.634     10.722    20.1474    20.1317   8.160370   8.244175    20.1458    20.1301     5.0443     5.1018     2.0086     2.0555     8.6061     8.3688    268.405    260.992     2.5385     2.3541     0.1013     1.5086     3.2149     0.7411     0.0000 -123.91384   46.19326       4.00          1  0.000e+00
       9472    394.625     10.594     10.682    20.1462    20.1340   8.172222   8.230975    20.1446    20.1323     5.0523     5.0927     2.0149     2.0482     8.6007     8.3688    268.236    260.994     2.5372     2.3541     0.1013     1.5086     3.2161     0.7411     0.0000 -123.91384   46.19326       4.00          1  0.000e+00
