WCOA/WCOA-6/CTD_Data/RB2102_CTD_031_01.ros
* Sea-Bird SBE 9 Data File:
* FileName = C:\Users\scs.user.rb\CTD\RB2102\Data\RB2102_CTD_031_01.hex
* Software Version Seasave V 7.26.7.107
* Temperature SN = 6202
* Conductivity SN = 4907
* Number of Bytes Per Scan = 41
* Number of Voltage Words = 4
* Number of Scans Averaged by the Deck Unit = 1
* NMEA Latitude = 46 07.77 N
* NMEA Longitude = 124 05.40 W
* NMEA UTC (Time) = Jul 01 2021  01:43:19
* NMEA baud rate = 4800
# nquan = 30
# nvalues = 588                                   
# units = specified
# name 0 = scan: Scan Count
# name 1 = timeS: Time, Elapsed [seconds]
# name 2 = depSM: Depth [salt water, m]
# name 3 = prDM: Pressure, Digiquartz [db]
# name 4 = t090C: Temperature [ITS-90, deg C]
# name 5 = t190C: Temperature, 2 [ITS-90, deg C]
# name 6 = c0mS/cm: Conductivity [mS/cm]
# name 7 = c1mS/cm: Conductivity, 2 [mS/cm]
# name 8 = potemp090C: Potential Temperature [ITS-90, deg C]
# name 9 = potemp190C: Potential Temperature, 2 [ITS-90, deg C]
# name 10 = sal00: Salinity, Practical [PSU]
# name 11 = sal11: Salinity, Practical, 2 [PSU]
# name 12 = sigma-é00: Density [sigma-theta, kg/m^3]
# name 13 = sigma-é11: Density, 2 [sigma-theta, kg/m^3]
# name 14 = sbeox0Mg/L: Oxygen, SBE 43 [mg/l]
# name 15 = sbeox1Mg/L: Oxygen, SBE 43, 2 [mg/l]
# name 16 = sbox0Mm/Kg: Oxygen, SBE 43 [umol/kg]
# name 17 = sbox1Mm/Kg: Oxygen, SBE 43, 2 [umol/kg]
# name 18 = sbeox0V: Oxygen raw, SBE 43 [V]
# name 19 = sbeox1V: Oxygen raw, SBE 43, 2 [V]
# name 20 = v4: Voltage 4
# name 21 = flECO-AFL: Fluorescence, WET Labs ECO-AFL/FL [mg/m^3]
# name 22 = v3: Voltage 3
# name 23 = v6: Voltage 6
# name 24 = v7: Voltage 7
# name 25 = longitude: Longitude [deg]
# name 26 = latitude: Latitude [deg]
# name 27 = altM: Altimeter [m]
# name 28 = nbf: Bottles Fired
# name 29 = flag:  0.000e+00
# interval = seconds: 0.0416667
# start_time = Jul 01 2021 01:43:19 [NMEA time, header]
# bad_flag = -9.990e-29
*END*
[from data line 194]
      22682    945.042     14.324     14.444    14.8869    15.1733  37.719150  37.651500    14.8848    15.1712    30.3889    30.1070    22.4443    22.1670    12.0252    11.6907    367.544    357.415     3.4896     3.2088     0.1429     2.5464     3.3223     0.4554     0.0000 -124.08972   46.12942      32.28          4  0.000e+00
      22683    945.083     14.271     14.390    14.8915    15.1033  37.720121  37.662181    14.8895    15.1012    30.3861    30.1704    22.4412    22.2305    12.0291    11.7089    367.663    357.950     3.4908     3.2100     0.1429     2.5464     3.3223     0.4554     0.0000 -124.08972   46.12942      32.28          4  0.000e+00
      24842   1035.042      9.791      9.872    16.2736    16.2504  37.214587  37.220323    16.2721    16.2489    28.9055    28.9272    21.0060    21.0278    10.0317     9.9450    307.046    304.386     3.0415     2.8425     0.1233     2.0580     3.3199     0.4860     0.0000 -124.08978   46.12944      36.56          5  0.000e+00
      24843   1035.083      9.738      9.819    16.2733    16.2497  37.214715  37.220710    16.2719    16.2482    28.9057    28.9281    21.0062    21.0286    10.0365     9.9451    307.191    304.387     3.0427     2.8425     0.1233     2.0580     3.3199     0.4860     0.0000 -124.08978   46.12944      36.56          5  0.000e+00
      24844   1035.125      9.798      9.879    16.2730    16.2490  37.215038  37.220903    16.2715    16.2475    28.9062    28.9287    21.0067    21.0292    10.0366     9.9452    307.195    304.392     3.0427     2.8425     0.1233     2.0580     3.3187     0.4860     0.0000 -124.08978   46.12944      36.53          5  0.000e+00
      24845   1035.167      9.884      9.966    16.2727    16.2483  37.215360  37.221097    16.2712    16.2468    28.9067    28.9294    21.0071    21.0299    10.0319     9.9403    307.052    304.239     3.0415     2.8413     0.1221     2.0275     3.3199     0.4860     0.0000 -124.08978   46.12944      36.51          5  0.000e+00
      24846   1035.208      9.791      9.873    16.2723    16.2479  37.215489  37.220968    16.2708    16.2464    28.9071    28.9295    21.0075    21.0301    10.0367     9.9402    307.197    304.238     3.0427     2.8413     0.1221     2.0275     3.3199     0.4860     0.0000 -124.08978   46.12944      36.48          5  0.000e+00
      24847   1035.250      9.751      9.832    16.2730    16.2476  37.215746  37.220581    16.2715    16.2461    28.9069    28.9295    21.0072    21.0301    10.0365     9.9402    307.192    304.238     3.0427     2.8413     0.1221     2.0275     3.3199     0.4860     0.0000 -124.08978   46.12944      36.48          5  0.000e+00
      24848   1035.292      9.884      9.966    16.2737    16.2474  37.215553  37.220067    16.2722    16.2459    28.9061    28.9291    21.0065    21.0298    10.0366     9.9405    307.194    304.245     3.0427     2.8413     0.1233     2.0580     3.3199     0.4860     0.0000 -124.08978   46.12944      36.48          5  0.000e+00
      24849   1035.333      9.837      9.919    16.2738    16.2474  37.215489  37.220581    16.2723    16.2459    28.9060    28.9296    21.0063    21.0302    10.0365     9.9404    307.192    304.243     3.0427     2.8413     0.1221     2.0275     3.3199     0.4860     0.0000 -124.08978   46.12944      36.48          5  0.000e+00
      24850   1035.375      9.837      9.919    16.2742    16.2471  37.215231  37.220839    16.2727    16.2456    28.9056    28.9300    21.0059    21.0306    10.0317     9.9404    307.044    304.244     3.0415     2.8413     0.1233     2.0580     3.3199     0.4860     0.0000 -124.08978   46.12944      36.48          5  0.000e+00
      24851   1035.417      9.798      9.879    16.2741    16.2468  37.215167  37.220646    16.2726    16.2453    28.9056    28.9301    21.0060    21.0308    10.0364     9.9404    307.190    304.244     3.0427     2.8413     0.1221     2.0275     3.3187     0.4860     0.0000 -124.08978   46.12944      36.51          5  0.000e+00
      24852   1035.458      9.884      9.966    16.2743    16.2466  37.214651  37.220517    16.2728    16.2451    28.9049    28.9301    21.0054    21.0308    10.0365     9.9406    307.193    304.249     3.0427     2.8413     0.1221     2.0275     3.3187     0.4860     0.0000 -124.08978   46.12944      36.53          5  0.000e+00
      24853   1035.500      9.838      9.919    16.2747    16.2473  37.214522  37.220324    16.2732    16.2458    28.9045    28.9295    21.0050    21.0302    10.0364     9.9404    307.189    304.244     3.0427     2.8413     0.1221     2.0275     3.3187     0.4872     0.0000 -124.08978   46.12944      36.51          5  0.000e+00
      24854   1035.542      9.897      9.979    16.2754    16.2476  37.214523  37.220453    16.2739    16.2461    28.9040    28.9293    21.0044    21.0300    10.0364     9.9404    307.189    304.244     3.0427     2.8413     0.1221     2.0275     3.3199     0.4872     0.0000 -124.08978   46.12944      36.53          5  0.000e+00
      24855   1035.583      9.884      9.966    16.2761    16.2485  37.214265  37.220324    16.2745    16.2469    28.9033    28.9286    21.0038    21.0292    10.0363     9.9351    307.186    304.081     3.0427     2.8400     0.1221     2.0275     3.3199     0.4872     0.0000 -124.08978   46.12944      36.53          5  0.000e+00
      24856   1035.625      9.884      9.966    16.2769    16.2500  37.214200  37.219937    16.2754    16.2485    28.9027    28.9271    21.0031    21.0278    10.0313     9.9400    307.035    304.233     3.0415     2.8413     0.1233     2.0580     3.3187     0.4872     0.0000 -124.08978   46.12944      36.53          5  0.000e+00
      24857   1035.667      9.884      9.966    16.2770    16.2507  37.213685  37.219873    16.2755    16.2492    28.9022    28.9266    21.0027    21.0272    10.0362     9.9347    307.182    304.071     3.0427     2.8400     0.1233     2.0580     3.3187     0.4872     0.0000 -124.08978   46.12944      36.48          5  0.000e+00
      24858   1035.708      9.897      9.979    16.2768    16.2514  37.213556  37.220131    16.2752    16.2499    28.9022    28.9263    21.0028    21.0268    10.0362     9.9346    307.184    304.068     3.0427     2.8400     0.1233     2.0580     3.3187     0.4872     0.0000 -124.08978   46.12944      36.48          5  0.000e+00
      24859   1035.750      9.937     10.019    16.2759    16.2514  37.212525  37.220968    16.2744    16.2498    28.9019    28.9270    21.0028    21.0274    10.0365     9.9346    307.192    304.068     3.0427     2.8400     0.1233     2.0580     3.3187     0.4872     0.0000 -124.08978   46.12944      36.48          5  0.000e+00
      24860   1035.792      9.937     10.019    16.2748    16.2514  37.211946  37.220710    16.2732    16.2498    28.9023    28.9268    21.0033    21.0272    10.0367     9.9346    307.198    304.068     3.0427     2.8400     0.1221     2.0275     3.3199     0.4872     0.0000 -124.08978   46.12944      36.51          5  0.000e+00
      24861   1035.833      9.943     10.026    16.2737    16.2517  37.211882  37.220517    16.2722    16.2502    28.9030    28.9264    21.0040    21.0268    10.0368     9.9346    307.203    304.067     3.0427     2.8400     0.1221     2.0275     3.3187     0.4872     0.0000 -124.08978   46.12944      36.48          5  0.000e+00
      24862   1035.875      9.937     10.019    16.2726    16.2520  37.211882  37.220774    16.2711    16.2505    28.9037    28.9263    21.0049    21.0267    10.0370     9.9345    307.208    304.065     3.0427     2.8400     0.1197     1.9665     3.3187     0.4872     0.0000 -124.08978   46.12944      36.48          5  0.000e+00
      24863   1035.917      9.937     10.019    16.2724    16.2519  37.212655  37.221290    16.2709    16.2504    28.9046    28.9269    21.0056    21.0272    10.0370     9.9345    307.207    304.065     3.0427     2.8400     0.1172     1.9054     3.3199     0.4872     0.0000 -124.08978   46.12944      36.51          5  0.000e+00
      24864   1035.958      9.983     10.066    16.2718    16.2517  37.213106  37.221740    16.2703    16.2502    28.9054    28.9274    21.0063    21.0276    10.0371     9.9346    307.211    304.067     3.0427     2.8400     0.1172     1.9054     3.3199     0.4872     0.0000 -124.08978   46.12944      36.51          5  0.000e+00
      24865   1036.000      9.943     10.026    16.2718    16.2510  37.213235  37.221869    16.2703    16.2495    28.9055    28.9280    21.0064    21.0282    10.0371     9.9347    307.209    304.068     3.0427     2.8400     0.1172     1.9054     3.3199     0.4872     0.0000 -124.08978   46.12944      36.51          5  0.000e+00
      24866   1036.042      9.983     10.066    16.2715    16.2509  37.213686  37.222127    16.2699    16.2493    28.9061    28.9284    21.0069    21.0285    10.0419     9.9347    307.358    304.070     3.0440     2.8400     0.1184     1.9359     3.3199     0.4872     0.0000 -124.08978   46.12944      36.51          5  0.000e+00
      24867   1036.083      9.983     10.066    16.2717    16.2507  37.213879  37.221934    16.2702    16.2492    28.9061    28.9283    21.0069    21.0285    10.0371     9.9348    307.210    304.071     3.0427     2.8400     0.1172     1.9054     3.3199     0.4872     0.0000 -124.08978   46.12944      36.51          5  0.000e+00
      24868   1036.125      9.990     10.073    16.2715    16.2510  37.214330  37.221869    16.2699    16.2495    28.9067    28.9280    21.0074    21.0282    10.0371     9.9347    307.211    304.070     3.0427     2.8400     0.1172     1.9054     3.3211     0.4872     0.0000 -124.08978   46.12944      36.51          5  0.000e+00
      24869   1036.167     10.030     10.113    16.2721    16.2515  37.214974  37.221354    16.2706    16.2500    28.9067    28.9272    21.0073    21.0275    10.0370     9.9347    307.208    304.070     3.0427     2.8400     0.1172     1.9054     3.3199     0.4872     0.0000 -124.08978   46.12944      36.51          5  0.000e+00
      24870   1036.208      9.983     10.066    16.2731    16.2514  37.214652  37.221676    16.2715    16.2498    28.9058    28.9276    21.0064    21.0278    10.0368     9.9347    307.202    304.068     3.0427     2.8400     0.1172     1.9054     3.3199     0.4872     0.0000 -124.08978   46.12944      36.51          5  0.000e+00
      24871   1036.250     10.030     10.113    16.2737    16.2507  37.215232  37.222385    16.2721    16.2492    28.9059    28.9287    21.0062    21.0288    10.0368     9.9348    307.200    304.072     3.0427     2.8400     0.1172     1.9054     3.3199     0.4872     0.0000 -124.08978   46.12944      36.51          5  0.000e+00
      24872   1036.292     10.043     10.126    16.2743    16.2498  37.214974  37.222771    16.2728    16.2483    28.9051    28.9296    21.0056    21.0297    10.0367     9.9349    307.198    304.076     3.0427     2.8400     0.1172     1.9054     3.3187     0.4872     0.0000 -124.08978   46.12944      36.48          5  0.000e+00
      24873   1036.333     10.030     10.113    16.2748    16.2490  37.215296  37.222836    16.2732    16.2475    28.9051    28.9303    21.0054    21.0304    10.0366     9.9350    307.195    304.080     3.0427     2.8400     0.1172     1.9054     3.3187     0.4872     0.0000 -124.08978   46.12944      36.51          5  0.000e+00
      24874   1036.375     10.030     10.113    16.2742    16.2491  37.215747  37.222385    16.2726    16.2476    28.9059    28.9298    21.0062    21.0300    10.0367     9.9350    307.197    304.080     3.0427     2.8400     0.1172     1.9054     3.3199     0.4872     0.0000 -124.08978   46.12944      36.51          5  0.000e+00
      24875   1036.417     10.043     10.126    16.2732    16.2505  37.216327  37.221676    16.2716    16.2490    28.9072    28.9282    21.0074    21.0285    10.0368     9.9349    307.201    304.075     3.0427     2.8400     0.1172     1.9054     3.3199     0.4872     0.0000 -124.08978   46.12944      36.53          5  0.000e+00
      24876   1036.458     10.030     10.113    16.2722    16.2529  37.217487  37.221032    16.2707    16.2514    28.9089    28.9259    21.0089    21.0262    10.0369     9.9345    307.203    304.064     3.0427     2.8400     0.1172     1.9054     3.3199     0.4872     0.0000 -124.08978   46.12944      36.53          5  0.000e+00
      24877   1036.500     10.083     10.166    16.2713    16.2536  37.217294  37.220582    16.2698    16.2520    28.9093    28.9250    21.0094    21.0254    10.0371     9.9345    307.210    304.064     3.0427     2.8400     0.1172     1.9054     3.3187     0.4872     0.0000 -124.08978   46.12944      36.53          5  0.000e+00
      24878   1036.542     10.089     10.173    16.2706    16.2519  37.217616  37.221290    16.2691    16.2503    28.9101    28.9269    21.0102    21.0272    10.0372     9.9347    307.212    304.071     3.0427     2.8400     0.1184     1.9359     3.3199     0.4872     0.0000 -124.08978   46.12944      36.53          5  0.000e+00
      24879   1036.583     10.030     10.113    16.2704    16.2509  37.217809  37.221548    16.2688    16.2493    28.9105    28.9278    21.0105    21.0281    10.0372     9.9348    307.211    304.073     3.0427     2.8400     0.1172     1.9054     3.3187     0.4872     0.0000 -124.08978   46.12944      36.53          5  0.000e+00
      24880   1036.625     10.083     10.166    16.2703    16.2502  37.218003  37.222514    16.2687    16.2486    28.9107    28.9291    21.0107    21.0293    10.0372     9.9401    307.213    304.235     3.0427     2.8413     0.1172     1.9054     3.3187     0.4872     0.0000 -124.08978   46.12944      36.53          5  0.000e+00
      24881   1036.667     10.083     10.166    16.2703    16.2493  37.218325  37.222836    16.2687    16.2478    28.9110    28.9300    21.0109    21.0302    10.0372     9.9351    307.212    304.080     3.0427     2.8400     0.1184     1.9359     3.3199     0.4872     0.0000 -124.08978   46.12944      36.56          5  0.000e+00
      24882   1036.708     10.089     10.173    16.2700    16.2485  37.218196  37.223544    16.2685    16.2469    28.9110    28.9313    21.0110    21.0313    10.0325     9.9352    307.067    304.083     3.0415     2.8400     0.1172     1.9054     3.3187     0.4872     0.0000 -124.08978   46.12944      36.56          5  0.000e+00
      24883   1036.750     10.083     10.166    16.2699    16.2490  37.217874  37.223608    16.2684    16.2475    28.9108    28.9310    21.0109    21.0309    10.0325     9.9351    307.068    304.080     3.0415     2.8400     0.1184     1.9359     3.3187     0.4872     0.0000 -124.08978   46.12944      36.56          5  0.000e+00
      24884   1036.792     10.083     10.166    16.2699    16.2490  37.217552  37.222965    16.2684    16.2474    28.9105    28.9304    21.0107    21.0305    10.0325     9.9403    307.069    304.241     3.0415     2.8413     0.1184     1.9359     3.3187     0.4872     0.0000 -124.08978   46.12944      36.56          5  0.000e+00
      24885   1036.833     10.089     10.173    16.2696    16.2493  37.217938  37.222836    16.2681    16.2478    28.9111    28.9300    21.0112    21.0302    10.0326     9.9403    307.070    304.239     3.0415     2.8413     0.1172     1.9054     3.3211     0.4872     0.0000 -124.08978   46.12944      36.56          5  0.000e+00
      24886   1036.875     10.083     10.166    16.2694    16.2492  37.217874  37.223093    16.2678    16.2476    28.9112    28.9304    21.0113    21.0305    10.0326     9.9403    307.071    304.239     3.0415     2.8413     0.1172     1.9054     3.3199     0.4872     0.0000 -124.08978   46.12944      36.58          5  0.000e+00
