WCOA/WCOA-6/CTD_Data/RB2102_CTD_073_01.ros
* Sea-Bird SBE 9 Data File:
* FileName = C:\Users\scs.user.rb\CTD\RB2102\Data\RB2102_CTD_073_01.hex
* Software Version Seasave V 7.26.7.107
* Temperature SN = 6202
* Conductivity SN = 4907
* Number of Bytes Per Scan = 41
* Number of Voltage Words = 4
* Number of Scans Averaged by the Deck Unit = 1
* NMEA Latitude = 40 14.72 N
* NMEA Longitude = 124 23.09 W
* NMEA UTC (Time) = Jul 09 2021  10:08:27
* NMEA baud rate = 4800
# nquan = 30
# nvalues = 588                                   
# units = specified
# name 0 = scan: Scan Count
# name 1 = timeS: Time, Elapsed [seconds]
# name 2 = depSM: Depth [salt water, m]
# name 3 = prDM: Pressure, Digiquartz [db]
# name 4 = t090C: Temperature [ITS-90, deg C]
# name 5 = t190C: Temperature, 2 [ITS-90, deg C]
# name 6 = c0mS/cm: Conductivity [mS/cm]
# name 7 = c1mS/cm: Conductivity, 2 [mS/cm]
# name 8 = potemp090C: Potential Temperature [ITS-90, deg C]
# name 9 = potemp190C: Potential Temperature, 2 [ITS-90, deg C]
# name 10 = sal00: Salinity, Practical [PSU]
# name 11 = sal11: Salinity, Practical, 2 [PSU]
# name 12 = sigma-é00: Density [sigma-theta, kg/m^3]
# name 13 = sigma-é11: Density, 2 [sigma-theta, kg/m^3]
# name 14 = sbeox0Mg/L: Oxygen, SBE 43 [mg/l]
# name 15 = sbeox1Mg/L: Oxygen, SBE 43, 2 [mg/l]
# name 16 = sbox0Mm/Kg: Oxygen, SBE 43 [umol/kg]
# name 17 = sbox1Mm/Kg: Oxygen, SBE 43, 2 [umol/kg]
# name 18 = sbeox0V: Oxygen raw, SBE 43 [V]
# name 19 = sbeox1V: Oxygen raw, SBE 43, 2 [V]
# name 20 = v4: Voltage 4
# name 21 = flECO-AFL: Fluorescence, WET Labs ECO-AFL/FL [mg/m^3]
# name 22 = v3: Voltage 3
# name 23 = v6: Voltage 6
# name 24 = v7: Voltage 7
# name 25 = longitude: Longitude [deg]
# name 26 = latitude: Latitude [deg]
# name 27 = altM: Altimeter [m]
# name 28 = nbf: Bottles Fired
# name 29 = flag:  0.000e+00
# interval = seconds: 0.0416667
# start_time = Jul 09 2021 10:08:27 [NMEA time, header]
# bad_flag = -9.990e-29
*END*
[from data line 581]
      29858   1244.042      5.026      5.065     9.0912     9.0861  36.254849  36.250136     9.0906     9.0856    33.9762    33.9760    26.3020    26.3027     4.5649     4.7988    139.000    146.122     1.5153     1.4957     0.0464     0.1350     3.2271     0.3150     0.1148 -124.38598   40.24520      54.73         12  0.000e+00
      29859   1244.083      5.026      5.065     9.0926     9.0880  36.256124  36.251282     9.0921     9.0875    33.9761    33.9754    26.3017    26.3019     4.5648     4.7927    138.996    145.936     1.5153     1.4945     0.0464     0.1350     3.2271     0.3150     0.1148 -124.38598   40.24520      54.75         12  0.000e+00
      29860   1244.125      4.986      5.025     9.0938     9.0892  36.256953  36.252301     9.0932     9.0887    33.9759    33.9754    26.3014    26.3016     4.5646     4.7925    138.992    145.931     1.5153     1.4945     0.0464     0.1350     3.2271     0.3150     0.1160 -124.38598   40.24520      54.75         12  0.000e+00
      29861   1244.167      5.026      5.065     9.0947     9.0914  36.257782  36.254022     9.0942     9.0908    33.9758    33.9751    26.3011    26.3011     4.5646     4.7982    138.989    146.104     1.5153     1.4957     0.0476     0.1655     3.2259     0.3150     0.1160 -124.38598   40.24520      54.77         12  0.000e+00
      29862   1244.208      5.026      5.065     9.0954     9.0936  36.258355  36.255678     9.0948     9.0930    33.9758    33.9747    26.3010    26.3005     4.5645     4.7921    138.987    145.917     1.5153     1.4945     0.0464     0.1350     3.2259     0.3150     0.1160 -124.38598   40.24520      54.75         12  0.000e+00
      29863   1244.250      5.026      5.065     9.0958     9.0933  36.258547  36.255869     9.0953     9.0928    33.9755    33.9751    26.3007    26.3008     4.5645     4.7921    138.986    145.918     1.5153     1.4945     0.0464     0.1350     3.2259     0.3150     0.1160 -124.38598   40.24520      54.75         12  0.000e+00
      29864   1244.292      5.026      5.065     9.0962     9.0925  36.258738  36.254340     9.0956     9.0920    33.9754    33.9743    26.3006    26.3003     4.5644     4.7922    138.985    145.921     1.5153     1.4945     0.0464     0.1350     3.2271     0.3150     0.1160 -124.38598   40.24520      54.60         12  0.000e+00
