Gulf of Mexico/GOMECC-4/1db/drb2103_0001.cnv
* Sea-Bird SBE 9 Data File:
* FileName = C:\Users\scs.user.rb\CTD\GOMECC4\data\rb2103_000.hex
* Software Version Seasave V 7.26.7.107
* Temperature SN = 4799
* Conductivity SN = 3860
* Number of Bytes Per Scan = 41
* Number of Voltage Words = 4
* Number of Scans Averaged by the Deck Unit = 1
* NMEA Latitude = 24 13.42 N
* NMEA Longitude = 081 36.66 W
* NMEA UTC (Time) = Sep 13 2021  22:57:13
* NMEA baud rate = 4800
# nquan = 28
# nvalues = 271                         
# units = specified
# name 0 = scan: Scan Count
# name 1 = timeS: Time, Elapsed [seconds]
# name 2 = depSM: Depth [salt water, m]
# name 3 = prDM: Pressure, Digiquartz [db]
# name 4 = t090C: Temperature [ITS-90, deg C]
# name 5 = t190C: Temperature, 2 [ITS-90, deg C]
# name 6 = c0S/m: Conductivity [S/m]
# name 7 = c1S/m: Conductivity, 2 [S/m]
# name 8 = sbeox0V: Oxygen raw, SBE 43 [V]
# name 9 = sbeox1V: Oxygen raw, SBE 43, 2 [V]
# name 10 = altM: Altimeter [m]
# name 11 = latitude: Latitude [deg]
# name 12 = longitude: Longitude [deg]
# name 13 = sbox0dV/dT: Oxygen, SBE 43 [dov/dt]
# name 14 = sbox1dV/dT: Oxygen, SBE 43, 2 [dov/dt]
# name 15 = sbeox0ML/L: Oxygen, SBE 43 [ml/l], WS = 5
# name 16 = sbeox1ML/L: Oxygen, SBE 43, 2 [ml/l], WS = 5
# name 17 = potemp090C: Potential Temperature [ITS-90, deg C]
# name 18 = potemp190C: Potential Temperature, 2 [ITS-90, deg C]
# name 19 = sal00: Salinity, Practical [PSU]
# name 20 = sal11: Salinity, Practical, 2 [PSU]
# name 21 = sigma-é00: Density [sigma-theta, kg/m^3]
# name 22 = sigma-é11: Density, 2 [sigma-theta, kg/m^3]
# name 23 = avgsvCM: Average Sound Velocity [Chen-Millero, m/s], minP = 20, minS = 20
# name 24 = sbox0Mm/Kg: Oxygen, SBE 43 [umol/kg], WS = 5
# name 25 = sbox1Mm/Kg: Oxygen, SBE 43, 2 [umol/kg], WS = 5
# name 26 = nbin: number of scans per bin
# name 27 = flag: flag
# span 0 =      17929,      48519       
# span 1 =    747.011,   2021.583       
# span 2 =    800.296,   1235.345       
# span 3 =    807.000,   1247.000       
# span 4 =     9.0619,    29.3582       
# span 5 =     9.0618,    29.3825       
# span 6 =   3.751637,   5.828271       
# span 7 =   3.751661,   5.828546       
# span 8 =     1.6242,     3.5764       
# span 9 =     1.3323,     3.1511       
# span 10 =      27.43,     101.00      
# span 11 =   24.22360,   24.22782      
# span 12 =  -81.61700,  -81.60261      
# span 13 =   -0.17464,    0.09778      
# span 14 =   -0.05374,    0.09164      
# span 15 =     2.8854,     5.8232      
# span 16 =     2.9391,     5.9800      
# span 17 =     8.9183,    29.1572      
# span 18 =     8.9182,    29.1864      
# span 19 =    25.9912,    36.3277      
# span 20 =    29.8500,    36.3289      
# span 21 =    15.3923,    26.9422      
# span 22 =    18.2727,    26.9422      
# span 23 =    1119.31,    1555.83      
# span 24 =    125.487,    255.197      
# span 25 =    127.821,    261.770      
# span 26 =         30,         71      
# span 27 = 0.0000e+00, 0.0000e+00      
# interval = decibars: 1                
# start_time = Sep 13 2021 22:57:13 [NMEA time, header]
# bad_flag = -9.990e-29
*END*
[from data line 208]
      35752   1489.639   1049.571   1059.000    12.3645    12.3662   4.105136   4.105272     1.7693     1.4651      95.07   24.22556  -81.60934   -0.00127   -0.00125     3.0134     3.0646    12.2185    12.2202    35.2308    35.2306    26.7263    26.7258    1539.64    131.074    133.301         30 0.0000e+00
      35865   1494.341   1053.525   1063.000    12.2686    12.2689   4.094381   4.094360     1.7634     1.4601     100.00   24.22535  -81.60862   -0.00135   -0.00106     3.0052     3.0575    12.1228    12.1231    35.2149    35.2145    26.7325    26.7321    1539.54    130.718    132.993         30 0.0000e+00
      35896   1495.628   1054.514   1064.000    12.2387    12.2397   4.091068   4.091105     1.7616     1.4585      95.64   24.22556  -81.60934   -0.00142   -0.00116     3.0026     3.0550    12.0930    12.0940    35.2106    35.2100    26.7348    26.7342    1539.53    130.605    132.883         31 0.0000e+00
      35981   1499.177   1057.479   1067.000    12.1818    12.1830   4.084740   4.084838     1.7577     1.4549     100.00   24.22539  -81.60878   -0.00112   -0.00104     2.9967     3.0489    12.0361    12.0373    35.2013    35.2012    26.7386    26.7383    1539.45    130.346    132.617         30 0.0000e+00
      36212   1508.812   1065.388   1075.000    12.1067    12.1081   4.076659   4.076774     1.7506     1.4479     100.00   24.22554  -81.60929   -0.00055   -0.00086     2.9846     3.0354    11.9604    11.9618    35.1902    35.1900    26.7445    26.7441    1539.28    129.821    132.029         30 0.0000e+00
      36356   1514.796   1070.330   1080.000    12.0098    12.0110   4.065815   4.065943     1.7457     1.4434     100.00   24.22530  -81.60847   -0.00087   -0.00093     2.9796     3.0301    11.8635    11.8648    35.1737    35.1737    26.7501    26.7499    1539.15    129.604    131.798         30 0.0000e+00
      36387   1516.079   1071.319   1081.000    11.9870    11.9881   4.063256   4.063305     1.7450     1.4425     100.00   24.22556  -81.60934   -0.00071   -0.00105     2.9798     3.0299    11.8408    11.8419    35.1706    35.1693    26.7521    26.7508    1539.14    129.609    131.789         30 0.0000e+00
      36499   1520.735   1075.273   1085.000    11.7488    11.7512   4.036522   4.036717     1.7376     1.4360     100.00   24.22533  -81.60856   -0.00187   -0.00158     2.9773     3.0275    11.6038    11.6063    35.1312    35.1312    26.7662    26.7658    1539.04    129.502    131.683         31 0.0000e+00
      36530   1522.028   1076.261   1086.000    11.7271    11.7283   4.034139   4.034202     1.7365     1.4344     100.00   24.22556  -81.60934   -0.00148   -0.00146     2.9758     3.0243    11.5821    11.5833    35.1281    35.1275    26.7678    26.7672    1539.03    129.433    131.546         30 0.0000e+00
      36615   1525.588   1079.227   1089.000    11.7061    11.7068   4.031950   4.032005     1.7330     1.4325     100.00   24.22530  -81.60847   -0.00099   -0.00052     2.9682     3.0210    11.5609    11.5616    35.1250    35.1250    26.7694    26.7693    1538.94    129.103    131.399         30 0.0000e+00
      36700   1529.132   1082.192   1092.000    11.6771    11.6788   4.028881   4.029059     1.7306     1.4299     100.00   24.22533  -81.60858   -0.00065   -0.00077     2.9645     3.0157    11.5317    11.5334    35.1211    35.1212    26.7718    26.7716    1538.87    128.943    131.168         30 0.0000e+00
      36730   1530.385   1083.180   1093.000    11.6708    11.6722   4.028271   4.028375     1.7299     1.4298     100.00   24.22556  -81.60934   -0.00055   -0.00075     2.9633     3.0161    11.5253    11.5267    35.1207    35.1204    26.7727    26.7723    1538.87    128.890    131.189         30 0.0000e+00
      36845   1535.151   1087.134   1097.000    11.6267    11.6284   4.023502   4.023656     1.7289     1.4279     100.00   24.22564  -81.60961   -0.00014   -0.00052     2.9651     3.0148    11.4810    11.4827    35.1139    35.1138    26.7757    26.7754    1538.78    128.970    131.128         30 0.0000e+00
      36875   1536.418   1088.123   1098.000    11.6127    11.6140   4.021865   4.021951     1.7286     1.4273     100.00   24.22556  -81.60934   -0.00009   -0.00044     2.9655     3.0143    11.4670    11.4683    35.1114    35.1111    26.7764    26.7760    1538.75    128.987    131.109         30 0.0000e+00
      36959   1539.927   1091.088   1101.000    11.5510    11.5524   4.015100   4.015202     1.7280     1.4273     100.00   24.22539  -81.60876   -0.00016    0.00011     2.9695     3.0199    11.4054    11.4067    35.1011    35.1007    26.7798    26.7793    1538.67    129.161    131.352         30 0.0000e+00
      36990   1541.210   1092.076   1102.000    11.5319    11.5332   4.013062   4.013117     1.7274     1.4272      99.86   24.22556  -81.60932   -0.00020   -0.00033     2.9695     3.0214    11.3863    11.3876    35.0986    35.0980    26.7815    26.7807    1538.66    129.160    131.415         31 0.0000e+00
      37103   1545.930   1096.030   1106.000    11.3144    11.3155   3.988517   3.988599     1.7270     1.4286     100.00   24.22511  -81.60781    0.00008    0.00063     2.9863     3.0438    11.1699    11.1711    35.0605    35.0602    26.7917    26.7912    1538.53    129.890    132.387         31 0.0000e+00
      37135   1547.243   1097.018   1107.000    11.2947    11.2961   3.986441   3.986526     1.7285     1.4295     100.00   24.22556  -81.60932    0.00081    0.00080     2.9926     3.0483    11.1503    11.1517    35.0583    35.0578    26.7936    26.7930    1538.54    130.162    132.585         31 0.0000e+00
      37248   1551.974   1100.971   1111.000    11.2257    11.2268   3.978918   3.978977     1.7280     1.4288     100.00   24.22548  -81.60904   -0.00026   -0.00025     2.9979     3.0528    11.0813    11.0824    35.0475    35.0471    26.7978    26.7972    1538.44    130.391    132.781         32 0.0000e+00
      37279   1553.266   1101.960   1112.000    11.2126    11.2142   3.977494   3.977624     1.7277     1.4290     100.00   24.22556  -81.60932   -0.00041    0.00005     2.9983     3.0548    11.0681    11.0697    35.0455    35.0453    26.7986    26.7981    1538.42    130.411    132.866         30 0.0000e+00
      37363   1556.765   1104.925   1115.000    11.1806    11.1804   3.974059   3.974019     1.7267     1.4274     100.00   24.22547  -81.60902   -0.00020   -0.00054     2.9990     3.0533    11.0360    11.0358    35.0404    35.0402    26.8005    26.8004    1538.35    130.441    132.800         30 0.0000e+00
      37393   1558.012   1105.913   1116.000    11.1764    11.1779   3.973670   3.973838     1.7264     1.4274     100.00   24.22556  -81.60932   -0.00043   -0.00024     2.9988     3.0539    11.0317    11.0331    35.0401    35.0405    26.8011    26.8011    1538.33    130.431    132.829         30 0.0000e+00
      37508   1562.780   1109.866   1120.000    11.1550    11.1562   3.971583   3.971719     1.7243     1.4257     100.00   24.22571  -81.60981   -0.00045   -0.00039     2.9952     3.0511    11.0099    11.0111    35.0371    35.0374    26.8027    26.8027    1538.24    130.275    132.705         30 0.0000e+00
      37538   1564.049   1110.855   1121.000    11.1410    11.1419   3.969965   3.969855     1.7241     1.4248     100.00   24.22556  -81.60932   -0.00036   -0.00053     2.9964     3.0501    10.9958    10.9968    35.0350    35.0329    26.8036    26.8018    1538.21    130.328    132.662         31 0.0000e+00
      37653   1568.838   1114.808   1125.000    10.9619    10.9632   3.950226   3.950306     1.7188     1.4192     100.00   24.22563  -81.60955   -0.00121   -0.00118     2.9955     3.0468    10.8177    10.8190    35.0070    35.0066    26.8139    26.8134    1538.12    130.287    132.517         31 0.0000e+00
      37767   1573.577   1118.761   1129.000    10.8767    10.8810   3.941010   3.941456     1.7091     1.4086     100.00   24.22514  -81.60791   -0.00222   -0.00235     2.9744     3.0198    10.7326    10.7368    34.9943    34.9946    26.8192    26.8188    1537.99    129.369    131.341         30 0.0000e+00
      37797   1574.851   1119.749   1130.000    10.8770    10.8787   3.941163   3.941322     1.7069     1.4074     100.00   24.22556  -81.60932   -0.00206   -0.00188     2.9682     3.0163    10.7328    10.7345    34.9952    34.9951    26.8199    26.8196    1538.00    129.099    131.189         30 0.0000e+00
      37942   1580.871   1124.691   1135.000    10.7883    10.7898   3.931685   3.931771     1.7004     1.4025     100.00   24.22581  -81.61018   -0.00094   -0.00068     2.9572     3.0085    10.6442    10.6456    34.9827    34.9822    26.8260    26.8254    1537.89    128.617    130.850         30 0.0000e+00
      37972   1582.115   1125.679   1136.000    10.7742    10.7752   3.930147   3.930220     1.6994     1.4017     100.00   24.22556  -81.60932   -0.00097   -0.00110     2.9557     3.0075    10.6300    10.6310    34.9804    34.9802    26.8268    26.8264    1537.85    128.554    130.805         30 0.0000e+00
      38086   1586.882   1129.632   1140.000    10.6358    10.6380   3.915087   3.915179     1.6957     1.3987     100.00   24.22536  -81.60863   -0.00076   -0.00065     2.9565     3.0095    10.4923    10.4944    34.9596    34.9585    26.8349    26.8336    1537.75    128.584    130.892         30 0.0000e+00
      38260   1594.144   1135.561   1146.000    10.4569    10.4587   3.895821   3.895896     1.6876     1.3904     100.00   24.22556  -81.60924   -0.00128   -0.00130     2.9474     2.9974    10.3140    10.3158    34.9341    34.9331    26.8463    26.8452    1537.62    128.190    130.364         30 0.0000e+00
      38346   1597.718   1138.525   1149.000    10.4148    10.4155   3.891342   3.891396     1.6826     1.3861     100.00   24.22541  -81.60875   -0.00144   -0.00121     2.9365     2.9876    10.2719    10.2726    34.9279    34.9278    26.8488    26.8485    1537.53    127.717    129.939         30 0.0000e+00
      38491   1603.770   1143.466   1154.000    10.3304    10.3303   3.882489   3.882379     1.6784     1.3822     100.00   24.22557  -81.60927   -0.00067   -0.00084     2.9320     2.9829    10.1875    10.1874    34.9171    34.9160    26.8549    26.8542    1537.43    127.518    129.732         32 0.0000e+00
      38635   1609.765   1148.407   1159.000    10.1725    10.1736   3.865647   3.865593     1.6706     1.3752      98.77   24.22580  -81.61006   -0.00131   -0.00128     2.9217     2.9729    10.0303    10.0314    34.8957    34.8941    26.8654    26.8639    1537.32    127.069    129.296         31 0.0000e+00
      38666   1611.024   1149.395   1160.000    10.1414    10.1437   3.862282   3.862439     1.6686     1.3738     100.00   24.22558  -81.60930   -0.00148   -0.00140     2.9184     2.9708     9.9993    10.0017    34.8909    34.8902    26.8669    26.8660    1537.28    126.924    129.206         30 0.0000e+00
      38781   1615.815   1153.348   1164.000    10.0763    10.0774   3.855469   3.855527     1.6636     1.3687      96.93   24.22561  -81.60941   -0.00102   -0.00105     2.9093     2.9601     9.9343     9.9353    34.8824    34.8819    26.8713    26.8708    1537.18    126.529    128.740         30 0.0000e+00
      38925   1621.850   1158.288   1169.000    10.0310    10.0323   3.850876   3.850908     1.6587     1.3651     100.00   24.22552  -81.60910   -0.00064   -0.00057     2.8992     2.9534     9.8887     9.8900    34.8769    34.8760    26.8749    26.8739    1537.06    126.091    128.446         30 0.0000e+00
      39013   1625.486   1161.252   1172.000     9.9736     9.9741   3.844814   3.844821     1.6560     1.3617      96.43   24.22538  -81.60861   -0.00070   -0.00094     2.8964     2.9474     9.8314     9.8319    34.8690    34.8686    26.8784    26.8780    1536.97    125.969    128.186         31 0.0000e+00
      39127   1630.246   1165.205   1176.000     9.9465     9.9486   3.842115   3.842334     1.6532     1.3599     100.00   24.22552  -81.60910   -0.00056   -0.00016     2.8913     2.9447     9.8040     9.8061    34.8657    34.8656    26.8804    26.8800    1536.88    125.743    128.067         31 0.0000e+00
      39158   1631.541   1166.193   1177.000     9.9471     9.9477   3.842218   3.842249     1.6526     1.3596      95.57   24.22558  -81.60930   -0.00035   -0.00023     2.8896     2.9440     9.8044     9.8051    34.8660    34.8657    26.8806    26.8803    1536.87    125.670    128.036         30 0.0000e+00
      39242   1635.049   1169.157   1180.000     9.8939     9.8999   3.836668   3.837157     1.6511     1.3578     100.00   24.22538  -81.60861   -0.00036   -0.00047     2.8901     2.9427     9.7513     9.7573    34.8591    34.8583    26.8842    26.8826    1536.78    125.691    127.980         30 0.0000e+00
      39272   1636.304   1170.145   1181.000     9.8773     9.8784   3.834904   3.834966     1.6505     1.3568     100.00   24.22558  -81.60930   -0.00046   -0.00057     2.8897     2.9412     9.7348     9.7358    34.8567    34.8563    26.8851    26.8846    1536.77    125.677    127.916         30 0.0000e+00
      39303   1637.584   1171.132   1182.000     9.8708     9.8725   3.834225   3.834396     1.6499     1.3563     100.00   24.22558  -81.60930   -0.00057   -0.00067     2.8890     2.9404     9.7282     9.7299    34.8556    34.8557    26.8853    26.8851    1536.74    125.645    127.881         31 0.0000e+00
      39387   1641.074   1174.097   1185.000     9.8301     9.8474   3.829945   3.831685     1.6482     1.3548      98.37   24.22513  -81.60780   -0.00047   -0.00039     2.8879     2.9396     9.6874     9.7046    34.8496    34.8509    26.8875    26.8856    1536.64    125.596    127.846         30 0.0000e+00
      39418   1642.363   1175.085   1186.000     9.8220     9.8233   3.829221   3.829403     1.6474     1.3544      97.30   24.22558  -81.60930   -0.00059   -0.00046     2.8859     2.9391     9.6793     9.6806    34.8488    34.8485    26.8882    26.8878    1536.64    125.509    127.821         30 0.0000e+00
      39504   1645.963   1178.049   1189.000     9.8212     9.8222   3.829214   3.829287     1.6470     1.3541      93.80   24.22565  -81.60952   -0.00014   -0.00009     2.8861     2.9393     9.6781     9.6792    34.8491    34.8489    26.8887    26.8883    1536.58    125.516    127.833         31 0.0000e+00
      39534   1647.225   1179.037   1190.000     9.8222     9.8234   3.829370   3.829469     1.6467     1.3541      92.73   24.22558  -81.60930   -0.00010   -0.00001     2.8854     2.9396     9.6790     9.6802    34.8493    34.8492    26.8887    26.8883    1536.55    125.487    127.844         30 0.0000e+00
      39648   1651.963   1182.989   1194.000     9.7026     9.7055   3.816694   3.816809     1.6443     1.3516      88.21   24.22535  -81.60851   -0.00047   -0.00054     2.8883     2.9412     9.5600     9.5628    34.8329    34.8313    26.8957    26.8940    1536.44    125.613    127.916         32 0.0000e+00
      39680   1653.294   1183.976   1195.000     9.6405     9.6392   3.810072   3.809692     1.6433     1.3505      87.09   24.22558  -81.60930   -0.00077   -0.00046     2.8902     2.9429     9.4982     9.4969    34.8245    34.8218    26.8994    26.8975    1536.43    125.696    127.988         31 0.0000e+00
      39763   1656.760   1186.941   1198.000     9.4882     9.4883   3.793784   3.793702     1.6421     1.3504      83.64   24.22542  -81.60875   -0.00035   -0.00006     2.8991     2.9551     9.3469     9.3470    34.8025    34.8016    26.9072    26.9064    1536.35    126.084    128.519         30 0.0000e+00
