Gulf of Mexico/GOMECC-4/1db/drb2103_0321.cnv
* Sea-Bird SBE 9 Data File:
* FileName = C:\Users\scs.user.rb\CTD\GOMECC4\data\rb2103_0321.hex
* Software Version Seasave V 7.26.7.107
* Temperature SN = 4799
* Conductivity SN = 3860
* Number of Bytes Per Scan = 41
* Number of Voltage Words = 4
* Number of Scans Averaged by the Deck Unit = 1
* NMEA Latitude = 29 45.48 N
* NMEA Longitude = 087 02.49 W
* NMEA UTC (Time) = Sep 23 2021  20:34:47
* NMEA baud rate = 4800
# nquan = 28
# nvalues = 181                         
# units = specified
# name 0 = scan: Scan Count
# name 1 = timeS: Time, Elapsed [seconds]
# name 2 = depSM: Depth [salt water, m]
# name 3 = prDM: Pressure, Digiquartz [db]
# name 4 = t090C: Temperature [ITS-90, deg C]
# name 5 = t190C: Temperature, 2 [ITS-90, deg C]
# name 6 = c0S/m: Conductivity [S/m]
# name 7 = c1S/m: Conductivity, 2 [S/m]
# name 8 = sbeox0V: Oxygen raw, SBE 43 [V]
# name 9 = sbeox1V: Oxygen raw, SBE 43, 2 [V]
# name 10 = altM: Altimeter [m]
# name 11 = latitude: Latitude [deg]
# name 12 = longitude: Longitude [deg]
# name 13 = sbox0dV/dT: Oxygen, SBE 43 [dov/dt]
# name 14 = sbox1dV/dT: Oxygen, SBE 43, 2 [dov/dt]
# name 15 = sbeox0ML/L: Oxygen, SBE 43 [ml/l], WS = 5
# name 16 = sbeox1ML/L: Oxygen, SBE 43, 2 [ml/l], WS = 5
# name 17 = potemp090C: Potential Temperature [ITS-90, deg C]
# name 18 = potemp190C: Potential Temperature, 2 [ITS-90, deg C]
# name 19 = sal00: Salinity, Practical [PSU]
# name 20 = sal11: Salinity, Practical, 2 [PSU]
# name 21 = sigma-é00: Density [sigma-theta, kg/m^3]
# name 22 = sigma-é11: Density, 2 [sigma-theta, kg/m^3]
# name 23 = avgsvCM: Average Sound Velocity [Chen-Millero, m/s], minP = 20, minS = 20
# name 24 = sbox0Mm/Kg: Oxygen, SBE 43 [umol/kg], WS = 5
# name 25 = sbox1Mm/Kg: Oxygen, SBE 43, 2 [umol/kg], WS = 5
# name 26 = nbin: number of scans per bin
# name 27 = flag: flag
# span 0 =       7380,      19784       
# span 1 =    307.446,    824.292       
# span 2 =      3.973,    200.531       
# span 3 =      4.000,    202.000       
# span 4 =    14.2756,    28.5127       
# span 5 =    14.2774,    28.5121       
# span 6 =   4.321640,   5.708637       
# span 7 =   4.321790,   5.708771       
# span 8 =     1.8271,     3.1194       
# span 9 =     1.5133,     2.6558       
# span 10 =      10.88,     100.31      
# span 11 =   29.74159,   29.75857      
# span 12 =  -87.04340,  -86.99371      
# span 13 =   -0.04532,    0.02157      
# span 14 =   -0.04103,    0.02267      
# span 15 =     2.7219,     4.4388      
# span 16 =     2.7575,     4.4486      
# span 17 =    14.2460,    28.5057      
# span 18 =    14.2477,    28.5052      
# span 19 =    33.4388,    36.4966      
# span 20 =    33.4392,    36.4977      
# span 21 =    21.2021,    26.7941      
# span 22 =    21.2021,    26.7936      
# span 23 =       0.00,    1541.14      
# span 24 =    118.387,    193.871      
# span 25 =    119.935,    194.294      
# span 26 =         30,         68      
# span 27 = 0.0000e+00, 0.0000e+00      
# interval = decibars: 1                
# start_time = Sep 23 2021 20:34:47 [NMEA time, header]
# bad_flag = -9.990e-29
*END*
[from data line 52]
      11194    466.390     55.612     56.000    24.2326    24.2346   5.407775   5.408219     2.8382     2.4150     100.00   29.75830  -87.04260   -0.00709   -0.00715     4.1739     4.1964    24.2207    24.2227    36.3461    36.3478    24.5949    24.5956    1540.57    181.930    182.911         47 0.0000e+00
      11238    468.202     56.605     57.000    23.9778    23.9823   5.379520   5.380158     2.8247     2.4030     100.00   29.75830  -87.04260   -0.00923   -0.00835     4.1675     4.1892    23.9657    23.9703    36.3391    36.3402    24.6657    24.6652    1540.46    181.639    182.586         38 0.0000e+00
      11271    469.601     57.598     58.000    23.7900    23.7944   5.360471   5.360984     2.8127     2.3926     100.00   29.75830  -87.04260   -0.00786   -0.00658     4.1585     4.1806    23.7778    23.7822    36.3471    36.3474    24.7276    24.7266    1540.35    181.238    182.199         31 0.0000e+00
      11303    470.937     58.591     59.000    23.6657    23.6737   5.349189   5.349695     2.8002     2.3814     100.00   29.75830  -87.04260   -0.00833   -0.00735     4.1432     4.1648    23.6533    23.6613    36.3581    36.3597    24.7728    24.7716    1540.24    180.562    181.506         35 0.0000e+00
      11341    472.516     59.584     60.000    23.3139    23.3227   5.309893   5.311010     2.7783     2.3625     100.00   29.75830  -87.04260   -0.01058   -0.00930     4.1275     4.1494    23.3015    23.3103    36.3495    36.3509    24.8696    24.8681    1540.12    179.863    180.815         40 0.0000e+00
      11377    474.016     60.577     61.000    23.1835    23.1866   5.294999   5.295601     2.7544     2.3414     100.00   29.75830  -87.04260   -0.01390   -0.01213     4.0904     4.1133    23.1709    23.1740    36.3419    36.3440    24.9021    24.9028    1539.99    178.237    179.239         31 0.0000e+00
      11434    476.394     62.563     63.000    22.6077    22.6121   5.230321   5.231038     2.7118     2.3035      99.97   29.74905  -87.01555   -0.01637   -0.01446     4.0497     4.0718    22.5949    22.5993    36.3133    36.3153    25.0462    25.0464    1539.24    176.439    177.401         35 0.0000e+00
      11476    478.141     63.556     64.000    22.4429    22.4468   5.213348   5.213989     2.6988     2.2921     100.00   29.75830  -87.04260   -0.01492   -0.01319     4.0364     4.0588    22.4300    22.4339    36.3200    36.3218    25.0992    25.0995    1539.58    175.852    176.827         41 0.0000e+00
      11513    479.676     64.549     65.000    22.2549    22.2585   5.192924   5.193397     2.6934     2.2887     100.00   29.75830  -87.04260   -0.00700   -0.00647     4.0399     4.0661    22.2418    22.2456    36.3162    36.3176    25.1499    25.1502    1539.45    175.997    177.137         32 0.0000e+00
      11569    481.980     66.535     67.000    22.0992    22.1001   5.184227   5.184383     2.6848     2.2787      99.94   29.74159  -86.99371   -0.00257   -0.00165     4.0336     4.0529    22.0859    22.0867    36.3696    36.3701    25.2325    25.2327    1538.28    175.704    176.546         35 0.0000e+00
      11612    483.778     67.527     68.000    21.9711    21.9777   5.177211   5.177951     2.6086     2.1930     100.00   29.75830  -87.04260   -0.01731   -0.02073     3.8886     3.8717    21.9576    21.9642    36.4295    36.4298    25.3164    25.3148    1539.01    169.376    168.639         38 0.0000e+00
      11647    485.244     68.520     69.000    21.6405    21.6451   5.142550   5.143174     2.5443     2.1422     100.00   29.75830  -87.04260   -0.03947   -0.04021     3.7784     3.7753    21.6269    21.6315    36.4329    36.4340    25.4118    25.4113    1538.86    164.563    164.429         32 0.0000e+00
      11678    486.543     69.513     70.000    21.4637    21.4663   5.122700   5.123168     2.5050     2.1137     100.00   29.75830  -87.04261   -0.04532   -0.04103     3.7103     3.7230    21.4500    21.4526    36.4239    36.4254    25.4542    25.4546    1538.71    161.588    162.143         32 0.0000e+00
      11712    487.967     70.506     71.000    21.2604    21.2640   5.099084   5.099589     2.4833     2.0959     100.00   29.75830  -87.04261   -0.02963   -0.02361     3.6804     3.6967    21.2466    21.2502    36.4069    36.4079    25.4976    25.4973    1538.56    160.279    160.990         37 0.0000e+00
      11749    489.505     71.499     72.000    21.0032    21.0065   5.071485   5.071841     2.4651     2.0808     100.00   29.75830  -87.04261   -0.01622   -0.01250     3.6610     3.6799    20.9894    20.9926    36.4034    36.4035    25.5656    25.5648    1538.40    159.423    160.249         34 0.0000e+00
      11781    490.824     72.492     73.000    20.6622    20.6636   5.035286   5.035642     2.4358     2.0485     100.00   29.75830  -87.04261   -0.01433   -0.01339     3.6240     3.6283    20.6483    20.6497    36.4016    36.4033    25.6573    25.6582    1538.23    157.798    157.988         30 0.0000e+00
      11812    492.141     73.485     74.000    20.5962    20.5967   5.028924   5.029216     2.3989     2.0185     100.00   29.75830  -87.04261   -0.01996   -0.01980     3.5514     3.5637    20.5822    20.5827    36.4062    36.4081    25.6787    25.6800    1538.07    154.635    155.170         35 0.0000e+00
      11850    493.721     74.478     75.000    20.5681    20.5685   5.026828   5.027106     2.3720     1.9950     100.00   29.75830  -87.04260   -0.02364   -0.02111     3.4963     3.5109    20.5539    20.5543    36.4128    36.4148    25.6914    25.6928    1537.91    152.235    152.870         38 0.0000e+00
      11885    495.166     75.470     76.000    20.5313    20.5321   5.023963   5.024258     2.3544     1.9817     100.00   29.75830  -87.04262   -0.01839   -0.01508     3.4662     3.4858    20.5179    20.5179    36.4200    36.4217    25.7066    25.7077    1537.75    150.919    151.773         32 0.0000e+00
      11916    496.445     76.463     77.000    20.2995    20.3009   5.000957   5.001024     2.3337     1.9638     100.00   29.75830  -87.04261   -0.01427   -0.01135     3.4280     3.4495    20.2850    20.2865    36.4321    36.4337    25.7785    25.7801    1537.59    149.246    150.181         31 0.0000e+00
      11949    497.828     77.456     78.000    20.1742    20.1740   4.988568   4.988801     2.3029     1.9343     100.00   29.75830  -87.04261   -0.01645   -0.01427     3.3765     3.3950    20.1596    20.1594    36.4384    36.4405    25.8169    25.8186    1537.42    147.000    147.803         36 0.0000e+00
      11986    499.363     78.449     79.000    20.0818    20.0832   4.980150   4.980474     2.2708     1.9035     100.00   29.75830  -87.04261   -0.02100   -0.01994     3.3144     3.3288    20.0670    20.0684    36.4489    36.4503    25.8496    25.8503    1537.26    144.292    144.916         36 0.0000e+00
      12020    500.797     79.442     80.000    19.9580    19.9601   4.968702   4.969084     2.2416     1.8745      99.63   29.75830  -87.04261   -0.02103   -0.02032     3.2602     3.2681    19.9432    19.9452    36.4615    36.4628    25.8921    25.8926    1537.10    141.924    142.271         33 0.0000e+00
      12052    502.143     80.435     81.000    19.8908    19.8917   4.962665   4.963011     2.2100     1.8451      96.91   29.75830  -87.04262   -0.02100   -0.02049     3.1969     3.2033    19.8758    19.8767    36.4697    36.4717    25.9163    25.9176    1536.94    139.167    139.447         32 0.0000e+00
      12086    503.527     81.427     82.000    19.7960    19.7975   4.953677   4.953989     2.1827     1.8234      99.97   29.75830  -87.04262   -0.02207   -0.02020     3.1443     3.1577    19.7809    19.7824    36.4774    36.4787    25.9473    25.9478    1536.77    136.873    137.456         35 0.0000e+00
      12120    504.975     82.420     83.000    19.7356    19.7368   4.947773   4.948115     2.1558     1.7989     100.00   29.75830  -87.04262   -0.02044   -0.01749     3.0906     3.1041    19.7203    19.7215    36.4808    36.4825    25.9658    25.9668    1536.62    134.534    135.121         34 0.0000e+00
      12155    506.419     83.413     84.000    19.6954    19.6969   4.943794   4.944134     2.1351     1.7843     100.00   29.75830  -87.04262   -0.01756   -0.01450     3.0488     3.0721    19.6799    19.6814    36.4825    36.4840    25.9777    25.9785    1536.46    132.710    133.728         35 0.0000e+00
      12190    507.885     84.406     85.000    19.6410    19.6413   4.938428   4.938653     2.1216     1.7731      90.75   29.75830  -87.04262   -0.01372   -0.01068     3.0233     3.0490    19.6254    19.6257    36.4850    36.4866    25.9940    25.9952    1536.31    131.600    132.719         34 0.0000e+00
      12222    509.216     85.399     86.000    19.5888    19.5910   4.933072   4.933434     2.1100     1.7609     100.05   29.75830  -87.04262   -0.01004   -0.00853     3.0017     3.0233    19.5730    19.5752    36.4857    36.4868    26.0083    26.0085    1536.16    130.657    131.597         31 0.0000e+00
      12254    510.533     86.391     87.000    19.4728    19.4747   4.921745   4.922071     2.0972     1.7493     100.00   29.75830  -87.04262   -0.00888   -0.00861     2.9812     3.0027    19.4569    19.4588    36.4925    36.4935    26.0439    26.0441    1536.01    129.760    130.697         33 0.0000e+00
      12290    512.021     87.384     88.000    19.3877    19.3894   4.913143   4.913487     2.0815     1.7367     100.00   29.75830  -87.04262   -0.00985   -0.00887     2.9526     2.9778    19.3717    19.3733    36.4948    36.4962    26.0679    26.0686    1535.86    128.515    129.608         38 0.0000e+00
      12327    513.570     88.377     89.000    19.3427    19.3440   4.907938   4.908259     2.0703     1.7263      98.86   29.75830  -87.04262   -0.00949   -0.00799     2.9314     2.9560    19.3265    19.3278    36.4904    36.4920    26.0763    26.0772    1535.71    127.591    128.658         36 0.0000e+00
      12360    514.968     89.370     90.000    19.3134    19.3156   4.904816   4.905194     2.0611     1.7188      99.99   29.75830  -87.04262   -0.00757   -0.00670     2.9134     2.9400    19.2971    19.2993    36.4896    36.4908    26.0833    26.0838    1535.57    126.805    127.963         32 0.0000e+00
      12392    516.289     90.363     91.000    19.2587    19.2601   4.899196   4.899481     2.0542     1.7135     100.00   29.75830  -87.04262   -0.00658   -0.00552     2.9016     2.9306    19.2422    19.2436    36.4902    36.4914    26.0981    26.0986    1535.42    126.290    127.552         32 0.0000e+00
      12426    517.711     91.355     92.000    19.2234    19.2246   4.895626   4.895918     2.0455     1.7065      96.12   29.75830  -87.04262   -0.00594   -0.00467     2.8855     2.9166    19.2067    19.2080    36.4910    36.4923    26.1079    26.1086    1535.28    125.587    126.940         35 0.0000e+00
      12460    519.118     92.348     93.000    19.1879    19.1922   4.892435   4.892966     2.0438     1.7063      55.33   29.75830  -87.04262   -0.00443   -0.00339     2.8840     2.9180    19.1711    19.1754    36.4950    36.4957    26.1202    26.1196    1535.14    125.523    126.998         33 0.0000e+00
      12494    520.538     93.341     94.000    19.0900    19.0921   4.882575   4.882946     2.0421     1.7034      99.25   29.75830  -87.04262   -0.00218   -0.00153     2.8863     2.9169    19.0747    19.0758    36.4966    36.4977    26.1463    26.1466    1535.00    125.619    126.950         36 0.0000e+00
      12530    522.035     94.334     95.000    19.0250    19.0276   4.875227   4.875593     2.0392     1.7008     100.00   29.75830  -87.04262   -0.00131   -0.00149     2.8842     2.9148    19.0079    19.0105    36.4930    36.4939    26.1608    26.1608    1534.87    125.526    126.856         34 0.0000e+00
      12562    523.355     95.326     96.000    18.9546    18.9541   4.868136   4.868196     2.0360     1.6978     100.00   29.75830  -87.04262   -0.00195   -0.00202     2.8817     2.9118    18.9374    18.9369    36.4950    36.4959    26.1805    26.1813    1534.73    125.411    126.725         30 0.0000e+00
      12593    524.687     96.319     97.000    18.8855    18.8884   4.860674   4.861100     2.0374     1.6994     100.00   29.75830  -87.04262   -0.00153   -0.00137     2.8890     2.9196    18.8682    18.8711    36.4927    36.4937    26.1965    26.1965    1534.60    125.730    127.062         35 0.0000e+00
      12631    526.237     97.312     98.000    18.7984    18.8031   4.851186   4.851773     2.0393     1.7030     100.00   29.75830  -87.04262    0.00041    0.00083     2.8988     2.9337    18.7809    18.7857    36.4891    36.4899    26.2161    26.2155    1534.46    126.152    127.671         38 0.0000e+00
      12667    527.751     98.305     99.000    18.6254    18.6318   4.831862   4.832579     2.0396     1.7049     100.00   29.75830  -87.04262    0.00098    0.00200     2.9100     2.9483    18.6079    18.6143    36.4781    36.4785    26.2518    26.2505    1534.33    126.638    128.304         34 0.0000e+00
      12698    529.057     99.297    100.000    18.4561    18.4621   4.812397   4.812889     2.0418     1.7061     100.00   29.75830  -87.04262    0.00073    0.00137     2.9254     2.9618    18.4385    18.4445    36.4624    36.4631    26.2827    26.2817    1534.18    127.302    128.886         30 0.0000e+00
      12730    530.387    100.290    101.000    18.4213    18.4207   4.808381   4.808415     2.0449     1.7073      98.07   29.75830  -87.04262    0.00139    0.00098     2.9351     2.9671    18.4036    18.4029    36.4587    36.4596    26.2887    26.2895    1534.05    127.724    129.117         34 0.0000e+00
      12765    531.849    101.283    102.000    18.4084    18.4093   4.807034   4.807251     2.0465     1.7088      99.41   29.75830  -87.04262    0.00193    0.00091     2.9397     2.9719    18.3905    18.3914    36.4583    36.4594    26.2917    26.2923    1533.92    127.925    129.323         35 0.0000e+00
      12800    533.275    102.275    103.000    18.3788    18.3829   4.803959   4.804466     2.0475     1.7104      99.99   29.75830  -87.04262    0.00123    0.00107     2.9442     2.9777    18.3607    18.3648    36.4561    36.4570    26.2974    26.2972    1533.78    128.119    129.579         35 0.0000e+00
      12835    534.737    103.268    104.000    18.3037    18.3068   4.794949   4.795401     2.0468     1.7103     100.00   29.75830  -87.04262    0.00050    0.00086     2.9476     2.9823    18.2855    18.2886    36.4476    36.4487    26.3099    26.3100    1533.65    128.265    129.773         34 0.0000e+00
      12868    536.109    104.261    105.000    18.2181    18.2228   4.784752   4.785344     2.0408     1.7045      90.83   29.75830  -87.04262   -0.00102   -0.00068     2.9399     2.9735    18.1998    18.2045    36.4361    36.4370    26.3226    26.3221    1533.51    127.930    129.390         32 0.0000e+00
      12901    537.504    105.254    106.000    18.1399    18.1422   4.775469   4.775832     2.0266     1.6888      88.01   29.75830  -87.04262   -0.00492   -0.00534     2.9137     2.9405    18.1215    18.1238    36.4259    36.4269    26.3344    26.3346    1533.38    126.784    127.954         36 0.0000e+00
      12937    539.020    106.246    107.000    18.0480    18.0549   4.764695   4.765480     2.0120     1.6742     100.16   29.75830  -87.04262   -0.00897   -0.00971     2.8868     2.9102    18.0294    18.0363    36.4150    36.4156    26.3490    26.3477    1533.25    125.616    126.635         35 0.0000e+00
      12998    541.542    108.232    109.000    17.8944    17.8962   4.746279   4.746574     2.0022     1.6682      99.98   29.75260  -87.02594   -0.00659   -0.00490     2.8753     2.9054    17.8756    17.8774    36.3908    36.3917    26.3681    26.3684    1532.69    125.110    126.419         34 0.0000e+00
