Gulf of Mexico/GOMECC-4/1db/drb2103_0731.cnv
* Sea-Bird SBE 9 Data File:
* FileName = C:\Users\scs.user.rb\CTD\GOMECC4\data\rb2103_0731.hex
* Software Version Seasave V 7.26.7.107
* Temperature SN = 4799
* Conductivity SN = 3860
* Number of Bytes Per Scan = 41
* Number of Voltage Words = 4
* Number of Scans Averaged by the Deck Unit = 1
* NMEA Latitude = 26 03.44 N
* NMEA Longitude = 093 15.71 W
* NMEA UTC (Time) = Oct 04 2021  10:15:47
* NMEA baud rate = 4800
# nquan = 28
# nvalues = 532                         
# units = specified
# name 0 = scan: Scan Count
# name 1 = timeS: Time, Elapsed [seconds]
# name 2 = depSM: Depth [salt water, m]
# name 3 = prDM: Pressure, Digiquartz [db]
# name 4 = t090C: Temperature [ITS-90, deg C]
# name 5 = t190C: Temperature, 2 [ITS-90, deg C]
# name 6 = c0S/m: Conductivity [S/m]
# name 7 = c1S/m: Conductivity, 2 [S/m]
# name 8 = sbeox0V: Oxygen raw, SBE 43 [V]
# name 9 = sbeox1V: Oxygen raw, SBE 43, 2 [V]
# name 10 = altM: Altimeter [m]
# name 11 = latitude: Latitude [deg]
# name 12 = longitude: Longitude [deg]
# name 13 = sbox0dV/dT: Oxygen, SBE 43 [dov/dt]
# name 14 = sbox1dV/dT: Oxygen, SBE 43, 2 [dov/dt]
# name 15 = sbeox0ML/L: Oxygen, SBE 43 [ml/l], WS = 5
# name 16 = sbeox1ML/L: Oxygen, SBE 43, 2 [ml/l], WS = 5
# name 17 = potemp090C: Potential Temperature [ITS-90, deg C]
# name 18 = potemp190C: Potential Temperature, 2 [ITS-90, deg C]
# name 19 = sal00: Salinity, Practical [PSU]
# name 20 = sal11: Salinity, Practical, 2 [PSU]
# name 21 = sigma-é00: Density [sigma-theta, kg/m^3]
# name 22 = sigma-é11: Density, 2 [sigma-theta, kg/m^3]
# name 23 = avgsvCM: Average Sound Velocity [Chen-Millero, m/s], minP = 20, minS = 20
# name 24 = sbox0Mm/Kg: Oxygen, SBE 43 [umol/kg], WS = 5
# name 25 = sbox1Mm/Kg: Oxygen, SBE 43, 2 [umol/kg], WS = 5
# name 26 = nbin: number of scans per bin
# name 27 = flag: flag
# span 0 =      13404,      98034       
# span 1 =    558.470,   4084.696       
# span 2 =      2.980,   3088.686       
# span 3 =      3.000,   3132.000       
# span 4 =     4.3159,    28.9039       
# span 5 =     4.3168,    28.9038       
# span 6 =   3.358743,   5.862302       
# span 7 =   3.358694,   5.862116       
# span 8 =     1.5828,     3.2318       
# span 9 =     1.2891,     2.7665       
# span 10 =       9.35,     101.65      
# span 11 =   26.03238,   26.06099      
# span 12 =  -93.27322,  -93.17373      
# span 13 =   -0.02491,    0.00716      
# span 14 =   -0.02623,    0.00653      
# span 15 =     2.4848,     4.8618      
# span 16 =     2.5015,     4.8791      
# span 17 =     4.0832,    28.8947      
# span 18 =     4.0844,    28.8946      
# span 19 =    34.9094,    36.5307      
# span 20 =    34.9087,    36.5317      
# span 21 =    22.7114,    27.7607      
# span 22 =    22.7109,    27.7592      
# span 23 =       0.00,    1586.82      
# span 24 =    108.044,    211.982      
# span 25 =    108.877,    212.741      
# span 26 =         30,         71      
# span 27 = 0.0000e+00, 0.0000e+00      
# interval = decibars: 1                
# start_time = Oct 04 2021 10:15:47 [NMEA time, header]
# bad_flag = -9.990e-29
*END*
[from data line 311]
      49486   2061.865   1293.444   1306.000     4.6303     4.6309   3.365820   3.365775     1.9028     1.5861      93.76   26.05733  -93.26174    0.00013    0.00014     4.2926     4.3280     4.5214     4.5219    34.9530    34.9519    27.6925    27.6916    1500.53    186.543    188.081         42 0.0000e+00
      49524   2063.469   1294.431   1307.000     4.6304     4.6308   3.365914   3.365868     1.9028     1.5859     100.22   26.05772  -93.26314    0.00011   -0.00003     4.2932     4.3280     4.5213     4.5217    34.9536    34.9526    27.6930    27.6922    1500.55    186.569    188.081         31 0.0000e+00
      49660   2069.111   1299.368   1312.000     4.6266     4.6272   3.365750   3.365715     1.9025     1.5854     100.00   26.05728  -93.26158   -0.00004   -0.00006     4.2956     4.3290     4.5171     4.5177    34.9531    34.9522    27.6931    27.6923    1500.48    186.670    188.125         34 0.0000e+00
      49695   2070.563   1300.354   1313.000     4.6244     4.6250   3.365652   3.365618     1.9025     1.5854     100.00   26.05772  -93.26316   -0.00007   -0.00018     4.2962     4.3300     4.5148     4.5154    34.9538    34.9529    27.6939    27.6931    1500.50    186.699    188.165         33 0.0000e+00
      49802   2075.044   1304.304   1317.000     4.6215     4.6219   3.365540   3.365501     1.9028     1.5858     100.00   26.05749  -93.26233    0.00013    0.00007     4.2999     4.3341     4.5116     4.5120    34.9536    34.9527    27.6941    27.6934    1500.46    186.857    188.344         32 0.0000e+00
      49835   2076.433   1305.291   1318.000     4.6217     4.6221   3.365633   3.365585     1.9028     1.5861     100.00   26.05772  -93.26316    0.00008    0.00010     4.3006     4.3357     4.5117     4.5121    34.9540    34.9530    27.6944    27.6936    1500.47    186.891    188.416         33 0.0000e+00
      49868   2077.790   1306.278   1319.000     4.6215     4.6221   3.365654   3.365633     1.9030     1.5860     100.00   26.05772  -93.26316    0.00009    0.00009     4.3018     4.3360     4.5114     4.5120    34.9539    34.9531    27.6944    27.6937    1500.46    186.942    188.426         32 0.0000e+00
      49975   2082.243   1310.227   1323.000     4.6187     4.6190   3.365519   3.365454     1.9029     1.5858     100.00   26.05713  -93.26100    0.00003   -0.00015     4.3041     4.3379     4.5083     4.5085    34.9533    34.9523    27.6942    27.6934    1500.39    187.040    188.510         31 0.0000e+00
      50009   2083.674   1311.215   1324.000     4.6186     4.6191   3.365612   3.365577     1.9030     1.5860     100.00   26.05773  -93.26316    0.00000   -0.00000     4.3048     4.3393     4.5080     4.5085    34.9541    34.9532    27.6949    27.6941    1500.42    187.070    188.572         35 0.0000e+00
      50123   2088.397   1315.163   1328.000     4.6165     4.6170   3.365577   3.365531     1.9029     1.5861     100.00   26.05749  -93.26226    0.00004    0.00002     4.3071     4.3422     4.5056     4.5061    34.9539    34.9529    27.6951    27.6941    1500.38    187.173    188.697         33 0.0000e+00
      50155   2089.743   1316.151   1329.000     4.6163     4.6170   3.365631   3.365609     1.9025     1.5860     100.00   26.05774  -93.26316   -0.00014   -0.00001     4.3063     4.3424     4.5053     4.5060    34.9542    34.9533    27.6953    27.6945    1500.39    187.137    188.703         30 0.0000e+00
      50237   2093.169   1319.112   1332.000     4.6154     4.6159   3.365654   3.365617     1.9026     1.5854     100.00   26.05751  -93.26234   -0.00003   -0.00017     4.3082     4.3418     4.5042     4.5046    34.9540    34.9531    27.6952    27.6945    1500.35    187.219    188.678         30 0.0000e+00
      50268   2094.443   1320.100   1333.000     4.6155     4.6159   3.365727   3.365689     1.9026     1.5856     100.00   26.05774  -93.26316 2.2759e-07   -0.00014     4.3088     4.3432     4.5041     4.5045    34.9543    34.9534    27.6955    27.6947    1500.36    187.244    188.742         31 0.0000e+00
      50382   2099.225   1324.048   1337.000     4.6126     4.6130   3.365618   3.365569     1.9024     1.5853     100.00   26.05743  -93.26205   -0.00005   -0.00001     4.3107     4.3444     4.5009     4.5013    34.9540    34.9530    27.6956    27.6948    1500.31    187.329    188.792         33 0.0000e+00
      50415   2100.588   1325.035   1338.000     4.6104     4.6109   3.365501   3.365454     1.9023     1.5854     100.00   26.05774  -93.26316   -0.00005   -0.00000     4.3112     4.3457     4.4986     4.4991    34.9545    34.9535    27.6963    27.6954    1500.32    187.349    188.850         31 0.0000e+00
      50526   2105.228   1328.984   1342.000     4.6086     4.6096   3.365507   3.365511     1.9023     1.5850     100.00   26.05772  -93.26312    0.00002   -0.00022     4.3137     4.3467     4.4965     4.4974    34.9545    34.9535    27.6965    27.6956    1500.30    187.456    188.894         32 0.0000e+00
      50670   2111.220   1333.920   1347.000     4.6079     4.6084   3.365651   3.365614     1.9023     1.5850     100.00   26.05763  -93.26279    0.00000    0.00002     4.3167     4.3494     4.4953     4.4958    34.9544    34.9535    27.6966    27.6958    1500.25    187.587    189.010         30 0.0000e+00
      50701   2112.497   1334.907   1348.000     4.6080     4.6086   3.365713   3.365689     1.9023     1.5850     100.00   26.05774  -93.26318   -0.00000    0.00002     4.3171     4.3501     4.4953     4.4959    34.9546    34.9537    27.6967    27.6959    1500.26    187.605    189.041         30 0.0000e+00
      50904   2120.963   1342.804   1356.000     4.5976     4.5982   3.365126   3.365091     1.9016     1.5837      92.27   26.05755  -93.26246   -0.00010   -0.00035     4.3202     4.3508     4.4843     4.4849    34.9547    34.9537    27.6980    27.6972    1500.19    187.739    189.068         30 0.0000e+00
      51027   2126.101   1347.739   1361.000     4.5861     4.5867   3.364338   3.364301     1.9024     1.5853     100.00   26.05744  -93.26211    0.00014    0.00028     4.3273     4.3612     4.4725     4.4731    34.9551    34.9540    27.6996    27.6987    1500.15    188.047    189.523         31 0.0000e+00
      51157   2131.487   1352.674   1366.000     4.5857     4.5859   3.364537   3.364469     1.9037     1.5865     100.00   26.05760  -93.26260    0.00026    0.00009     4.3352     4.3688     4.4716     4.4718    34.9554    34.9544    27.7000    27.6991    1500.13    188.390    189.854         33 0.0000e+00
      51285   2136.852   1357.609   1371.000     4.5809     4.5817   3.364320   3.364286     1.9039     1.5867     100.00   26.05748  -93.26216    0.00005    0.00012     4.3393     4.3729     4.4664     4.4671    34.9554    34.9543    27.7006    27.6996    1500.09    188.568    190.030         33 0.0000e+00
      51411   2142.098   1362.545   1376.000     4.5796     4.5800   3.364381   3.364329     1.9035     1.5869     100.00   26.05718  -93.26109   -0.00004    0.00013     4.3407     4.3768     4.4646     4.4650    34.9550    34.9541    27.7004    27.6996    1500.04    188.629    190.201         34 0.0000e+00
      51445   2143.518   1363.531   1377.000     4.5783     4.5788   3.364384   3.364345     1.9038     1.5869     100.00   26.05776  -93.26319   -0.00001    0.00020     4.3425     4.3778     4.4633     4.4637    34.9560    34.9551    27.7014    27.7006    1500.07    188.709    190.241         30 0.0000e+00
      51752   2156.275   1375.375   1389.000     4.5733     4.5738   3.364483   3.364447     1.9039     1.5861     100.00   26.05807  -93.26430   -0.00003   -0.00003     4.3501     4.3819     4.4571     4.4576    34.9566    34.9556    27.7025    27.7017    1500.02    189.037    190.420         31 0.0000e+00
      51930   2163.714   1382.283   1396.000     4.5609     4.5613   3.363650   3.363592     1.9030     1.5849     100.00   26.05760  -93.26255   -0.00009   -0.00017     4.3525     4.3827     4.4442     4.4446    34.9564    34.9553    27.7038    27.7029    1499.95    189.142    190.455         30 0.0000e+00
      52086   2170.188   1388.205   1402.000     4.5451     4.5463   3.362620   3.362643     1.9045     1.5874     100.00   26.05829  -93.26503    0.00024    0.00041     4.3631     4.3978     4.4281     4.4292    34.9580    34.9570    27.7069    27.7059    1499.95    189.604    191.110         32 0.0000e+00
      52419   2184.066   1401.034   1415.000     4.5315     4.5318   3.361949   3.361893     1.9085     1.5910     100.00   26.05782  -93.26336    0.00012    0.00018     4.3872     4.4212     4.4133     4.4136    34.9581    34.9572    27.7086    27.7078    1499.85    190.648    192.129         30 0.0000e+00
      52544   2189.303   1405.968   1420.000     4.5291     4.5296   3.361940   3.361905     1.9088     1.5908     100.00   26.05767  -93.26284    0.00006   -0.00007     4.3913     4.4237     4.4106     4.4110    34.9580    34.9571    27.7088    27.7080    1499.81    190.830    192.236         32 0.0000e+00
      52576   2190.637   1406.954   1421.000     4.5261     4.5259   3.361717   3.361632     1.9090     1.5908     100.00   26.05778  -93.26324    0.00014   -0.00007     4.3931     4.4246     4.4075     4.4073    34.9582    34.9573    27.7093    27.7086    1499.82    190.906    192.277         30 0.0000e+00
      52722   2196.720   1412.875   1427.000     4.5197     4.5202   3.361393   3.361348     1.9092     1.5921     100.00   26.05742  -93.26195    0.00008    0.00030     4.3981     4.4340     4.4006     4.4011    34.9581    34.9571    27.7099    27.7090    1499.76    191.122    192.683         31 0.0000e+00
      52756   2198.108   1413.862   1428.000     4.5196     4.5203   3.361465   3.361434     1.9096     1.5922     100.00   26.05778  -93.26324    0.00015    0.00025     4.3999     4.4351     4.4003     4.4010    34.9586    34.9575    27.7104    27.7094    1499.78    191.201    192.731         33 0.0000e+00
      52902   2204.200   1419.782   1434.000     4.5110     4.5115   3.360932   3.360894     1.9095     1.5922     100.00   26.05744  -93.26202   -0.00000    0.00010     4.4042     4.4396     4.3913     4.3918    34.9585    34.9575    27.7113    27.7104    1499.73    191.388    192.926         34 0.0000e+00
      52937   2205.655   1420.769   1435.000     4.5066     4.5070   3.360638   3.360585     1.9097     1.5922     100.00   26.05778  -93.26324    0.00001    0.00001     4.4061     4.4408     4.3868     4.3872    34.9592    34.9581    27.7123    27.7114    1499.74    191.470    192.977         33 0.0000e+00
      53083   2211.751   1426.689   1441.000     4.4980     4.4987   3.360123   3.360095     1.9120     1.5933     100.00   26.05754  -93.26239    0.00042    0.00030     4.4192     4.4499     4.3778     4.3785    34.9592    34.9581    27.7133    27.7124    1499.70    192.040    193.373         36 0.0000e+00
      53118   2213.203   1427.676   1442.000     4.4969     4.4975   3.360099   3.360067     1.9121     1.5938     100.00   26.05778  -93.26324    0.00040    0.00043     4.4203     4.4523     4.3766     4.3772    34.9597    34.9586    27.7138    27.7129    1499.71    192.085    193.477         30 0.0000e+00
      53234   2218.058   1432.609   1447.000     4.4905     4.4909   3.359696   3.359644     1.9124     1.5946     100.00   26.05724  -93.26129    0.00004    0.00003     4.4249     4.4594     4.3698     4.3702    34.9592    34.9581    27.7141    27.7133    1499.65    192.285    193.787         30 0.0000e+00
      53268   2219.456   1433.596   1448.000     4.4899     4.4905   3.359752   3.359721     1.9129     1.5947      93.12   26.05778  -93.26324    0.00020    0.00003     4.4275     4.4604     4.3691     4.3697    34.9600    34.9589    27.7149    27.7140    1499.68    192.400    193.829         34 0.0000e+00
      53388   2224.473   1438.529   1453.000     4.4856     4.4861   3.359558   3.359530     1.9140     1.5958     100.00   26.05747  -93.26213    0.00017    0.00032     4.4350     4.4682     4.3644     4.3649    34.9598    34.9589    27.7152    27.7145    1499.64    192.725    194.168         31 0.0000e+00
      53421   2225.829   1439.516   1454.000     4.4853     4.4859   3.359567   3.359578     1.9143     1.5958      48.03   26.05778  -93.26326    0.00021    0.00020     4.4366     4.4688     4.3640     4.3646    34.9598    34.9592    27.7153    27.7148    1499.65    192.794    194.196         31 0.0000e+00
      53960   2248.285   1460.234   1475.000     4.4701     4.4706   3.359195   3.359154     1.9145     1.5963     100.00   26.05797  -93.26389    0.00004    0.00010     4.4515     4.4849     4.3469     4.3475    34.9611    34.9601    27.7182    27.7173    1499.56    193.444    194.893         36 0.0000e+00
      54110   2254.521   1466.153   1481.000     4.4648     4.4656   3.358924   3.358905     1.9147     1.5971     100.00   26.05733  -93.26156    0.00001    0.00034     4.4563     4.4924     4.3412     4.3420    34.9605    34.9595    27.7184    27.7175    1499.50    193.649    195.219         36 0.0000e+00
      54145   2255.982   1467.140   1482.000     4.4622     4.4626   3.358800   3.358748     1.9147     1.5971     100.00   26.05781  -93.26328   -0.00003    0.00015     4.4571     4.4934     4.3385     4.3389    34.9614    34.9603    27.7193    27.7185    1499.52    193.683    195.265         30 0.0000e+00
      54472   2269.629   1479.964   1495.000     4.4548     4.4554   3.358743   3.358699     1.9159     1.5976      98.99   26.05811  -93.26431   -0.00003    0.00003     4.4702     4.5039     4.3300     4.3305    34.9621    34.9610    27.7209    27.7199    1499.48    194.257    195.720         30 0.0000e+00
      54600   2274.965   1484.896   1500.000     4.4526     4.4531   3.358745   3.358694     1.9158     1.5971     100.00   26.05790  -93.26358    0.00001   -0.00010     4.4729     4.5050     4.3273     4.3278    34.9620    34.9610    27.7211    27.7202    1499.44    194.373    195.766         31 0.0000e+00
      55423   2309.239   1516.459   1532.000     4.4442     4.4447   3.359372   3.359323     1.9133     1.5946     100.00   26.05795  -93.26369   -0.00004    0.00001     4.4833     4.5146     4.3160     4.3165    34.9626    34.9615    27.7227    27.7218    1499.33    194.821    196.186         30 0.0000e+00
      56319   2346.591   1550.976   1567.000     4.4351     4.4356   3.360026   3.359985     1.9107     1.5922      99.42   26.05770  -93.26283    0.00000    0.00000     4.4949     4.5264     4.3037     4.3042    34.9628    34.9618    27.7242    27.7234    1499.19    195.325    196.698         30 0.0000e+00
      56442   2351.723   1555.906   1572.000     4.4348     4.4354   3.360172   3.360136     1.9096     1.5917     100.00   26.05733  -93.26146   -0.00020   -0.00011     4.4940     4.5274     4.3030     4.3035    34.9623    34.9613    27.7239    27.7231    1499.15    195.286    196.738         32 0.0000e+00
      56476   2353.133   1556.892   1573.000     4.4341     4.4346   3.360209   3.360164     1.9094     1.5912     100.00   26.05786  -93.26334   -0.00016   -0.00013     4.4937     4.5261     4.3021     4.3026    34.9631    34.9620    27.7247    27.7238    1499.18    195.274    196.682         32 0.0000e+00
      56806   2366.856   1569.711   1586.000     4.4270     4.4276   3.360117   3.360080     1.9087     1.5909     100.00   26.05765  -93.26258    0.00004 -3.036e-07     4.4994     4.5335     4.2939     4.2945    34.9631    34.9621    27.7255    27.7246    1499.13    195.524    197.005         33 0.0000e+00
      56959   2373.239   1575.627   1592.000     4.4244     4.4248   3.360148   3.360107     1.9087     1.5907     100.00   26.05773  -93.26289    0.00002   -0.00007     4.5032     4.5364     4.2907     4.2912    34.9633    34.9624    27.7261    27.7253    1499.11    195.687    197.131         37 0.0000e+00
