Gulf of Mexico/GOMECC-4/1db/drb2103_1391.cnv
* Sea-Bird SBE 9 Data File:
* FileName = C:\Users\scs.user.rb\CTD\GOMECC4\data\rb2103_1391.hex
* Software Version Seasave V 7.26.7.107
* Temperature SN = 4799
* Conductivity SN = 3860
* Number of Bytes Per Scan = 41
* Number of Voltage Words = 4
* Number of Scans Averaged by the Deck Unit = 1
* NMEA Latitude = 25 44.68 N
* NMEA Longitude = 084 35.32 W
* NMEA UTC (Time) = Oct 20 2021  10:34:58
* NMEA baud rate = 4800
# nquan = 28
# nvalues = 243                         
# units = specified
# name 0 = scan: Scan Count
# name 1 = timeS: Time, Elapsed [seconds]
# name 2 = depSM: Depth [salt water, m]
# name 3 = prDM: Pressure, Digiquartz [db]
# name 4 = t090C: Temperature [ITS-90, deg C]
# name 5 = t190C: Temperature, 2 [ITS-90, deg C]
# name 6 = c0S/m: Conductivity [S/m]
# name 7 = c1S/m: Conductivity, 2 [S/m]
# name 8 = sbeox0V: Oxygen raw, SBE 43 [V]
# name 9 = sbeox1V: Oxygen raw, SBE 43, 2 [V]
# name 10 = altM: Altimeter [m]
# name 11 = latitude: Latitude [deg]
# name 12 = longitude: Longitude [deg]
# name 13 = sbox0dV/dT: Oxygen, SBE 43 [dov/dt]
# name 14 = sbox1dV/dT: Oxygen, SBE 43, 2 [dov/dt]
# name 15 = sbeox0ML/L: Oxygen, SBE 43 [ml/l], WS = 5
# name 16 = sbeox1ML/L: Oxygen, SBE 43, 2 [ml/l], WS = 5
# name 17 = potemp090C: Potential Temperature [ITS-90, deg C]
# name 18 = potemp190C: Potential Temperature, 2 [ITS-90, deg C]
# name 19 = sal00: Salinity, Practical [PSU]
# name 20 = sal11: Salinity, Practical, 2 [PSU]
# name 21 = sigma-é00: Density [sigma-theta, kg/m^3]
# name 22 = sigma-é11: Density, 2 [sigma-theta, kg/m^3]
# name 23 = avgsvCM: Average Sound Velocity [Chen-Millero, m/s], minP = 20, minS = 20
# name 24 = sbox0Mm/Kg: Oxygen, SBE 43 [umol/kg], WS = 5
# name 25 = sbox1Mm/Kg: Oxygen, SBE 43, 2 [umol/kg], WS = 5
# name 26 = nbin: number of scans per bin
# name 27 = flag: flag
# span 0 =       7215,      24257       
# span 1 =    300.574,   1010.667       
# span 2 =      2.980,    443.622       
# span 3 =      3.000,    447.000       
# span 4 =    10.4907,    28.6169       
# span 5 =    10.4907,    28.6192       
# span 6 =   3.901786,   5.851961       
# span 7 =   3.901757,   5.852207       
# span 8 =     1.6649,     3.1716       
# span 9 =     1.3579,     2.6836       
# span 10 =      10.34,     102.14      
# span 11 =   25.72646,   25.74632      
# span 12 =  -84.59430,  -84.52925      
# span 13 =   -0.02873,    0.02730      
# span 14 =   -0.02720,    0.02527      
# span 15 =     2.6264,     4.6875      
# span 16 =     2.6368,     4.6933      
# span 17 =    10.4364,    28.6120      
# span 18 =    10.4364,    28.6121      
# span 19 =    35.2641,    36.6114      
# span 20 =    35.2638,    36.6129      
# span 21 =    22.6944,    27.0865      
# span 22 =    22.6951,    27.0862      
# span 23 =       0.00,    1543.12      
# span 24 =    114.202,    204.317      
# span 25 =    114.654,    204.570      
# span 26 =         30,         68      
# span 27 = 0.0000e+00, 0.0000e+00      
# interval = decibars: 1                
# start_time = Oct 20 2021 10:34:58 [NMEA time, header]
# bad_flag = -9.990e-29
*END*
[from data line 52]
      10060    419.137     54.636     55.000    23.6540    23.6565   5.347872   5.348448     3.0329     2.5830      96.87   25.74460  -84.58876   -0.01142   -0.01013     4.6057     4.6069    23.6425    23.6450    36.3633    36.3656    24.7799    24.7809    1541.80    200.717    200.768         44 0.0000e+00
      10120    421.623     55.629     56.000    23.5842    23.5852   5.341277   5.341664     3.0254     2.5771      90.60   25.74460  -84.58877   -0.00382   -0.00208     4.5970     4.6001    23.5725    23.5735    36.3697    36.3719    24.8055    24.8068    1541.65    200.334    200.468         64 0.0000e+00
      10175    423.896     56.623     57.000    23.4773    23.4780   5.332009   5.332357     3.0084     2.5564      94.03   25.74460  -84.58877   -0.00466   -0.00552     4.5724     4.5631    23.4654    23.4661    36.3862    36.3883    24.8495    24.8509    1541.50    199.252    198.845         39 0.0000e+00
      10213    425.497     57.616     58.000    23.4064    23.4076   5.324837   5.325217     2.9920     2.5429      99.84   25.74460  -84.58877   -0.00942   -0.00991     4.5462     4.5395    23.3943    23.3955    36.3891    36.3911    24.8726    24.8737    1541.35    198.105    197.816         43 0.0000e+00
      10269    427.846     58.609     59.000    23.2923    23.2939   5.312092   5.312526     2.9764     2.5319     100.00   25.74458  -84.58878   -0.00806   -0.00634     4.5275     4.5258    23.2801    23.2817    36.3847    36.3868    24.9027    24.9038    1541.21    197.286    197.212         68 0.0000e+00
      10326    430.218     59.602     60.000    22.9690    22.9719   5.280148   5.280698     2.9517     2.5061     100.00   25.74458  -84.58878   -0.00785   -0.00711     4.5028     4.4931    22.9567    22.9596    36.4048    36.4067    25.0121    25.0127    1541.06    196.186    195.763         41 0.0000e+00
      10362    431.692     60.596     61.000    22.7934    22.7987   5.262923   5.263770     2.9051     2.4592     100.00   25.74458  -84.58878   -0.01662   -0.01724     4.4236     4.4025    22.7809    22.7863    36.4165    36.4187    25.0717    25.0718    1540.90    192.727    191.807         36 0.0000e+00
      10415    433.925     61.589     62.000    22.5975    22.5989   5.244805   5.245206     2.8471     2.4078      81.60   25.74458  -84.58878   -0.02612   -0.02473     4.3223     4.3029    22.5850    22.5864    36.4380    36.4400    25.1445    25.1456    1540.75    188.298    187.455         46 0.0000e+00
      10479    436.573     62.582     63.000    22.4679    22.4702   5.233510   5.233976     2.7856     2.3538     101.16   25.74458  -84.58878   -0.02372   -0.02186     4.2076     4.1917    22.4552    22.4575    36.4576    36.4594    25.1965    25.1972    1540.59    183.293    182.599         39 0.0000e+00
      10516    438.137     63.575     64.000    22.3938    22.3955   5.227863   5.228257     2.7632     2.3367     100.00   25.74458  -84.58878   -0.02018   -0.01688     4.1679     4.1589    22.3809    22.3826    36.4751    36.4767    25.2310    25.2318    1540.42    181.559    181.164         37 0.0000e+00
      10562    440.052     64.568     65.000    22.3836    22.3847   5.236381   5.236704     2.7303     2.3057     100.00   25.74458  -84.58878   -0.01579   -0.01327     4.1002     4.0888    22.3705    22.3716    36.5503    36.5518    25.2912    25.2920    1540.28    178.599    178.103         49 0.0000e+00
      10608    441.952     65.562     66.000    22.3324    22.3336   5.235972   5.236353     2.6724     2.2475     100.00   25.74458  -84.58878   -0.02241   -0.02193     3.9857     3.9614    22.3192    22.3203    36.5897    36.5917    25.3358    25.3370    1540.13    173.601    172.543         40 0.0000e+00
      10644    443.474     66.555     67.000    22.2999    22.3015   5.233698   5.234074     2.6356     2.2180     100.00   25.74458  -84.58878   -0.02873   -0.02720     3.9131     3.8975    22.2865    22.2880    36.5988    36.6005    25.3520    25.3528    1539.98    170.436    169.758         34 0.0000e+00
      10682    445.029     67.548     68.000    22.2461    22.2479   5.229384   5.229695     2.6072     2.1961     100.00   25.74458  -84.58878   -0.02398   -0.02083     3.8656     3.8585    22.2325    22.2343    36.6099    36.6110    25.3758    25.3761    1539.86    168.364    168.056         42 0.0000e+00
      10725    446.826     68.541     69.000    22.0428    22.0437   5.207458   5.207738     2.5670     2.1568     100.00   25.74458  -84.58878   -0.01983   -0.01705     3.7921     3.7777    22.0291    22.0300    36.6080    36.6095    25.4320    25.4329    1539.70    165.156    164.528         41 0.0000e+00
      10761    448.321     69.534     70.000    21.9063    21.9098   5.190979   5.191587     2.5389     2.1302     100.00   25.74458  -84.58878   -0.02143   -0.02026     3.7451     3.7273    21.8924    21.8959    36.5927    36.5945    25.4589    25.4593    1539.56    163.105    162.330         32 0.0000e+00
      10823    450.935     71.521     72.000    21.6440    21.6472   5.160144   5.160715     2.4997     2.0975      91.36   25.74208  -84.58056   -0.01532   -0.01320     3.6840     3.6717    21.6298    21.6331    36.5678    36.5696    25.5132    25.5137    1539.12    160.434    159.897         38 0.0000e+00
      10862    452.529     72.514     73.000    21.3565    21.3606   5.125182   5.126007     2.4800     2.0822      88.25   25.74458  -84.58878   -0.01474   -0.01232     3.6647     3.6570    21.3423    21.3463    36.5339    36.5370    25.5678    25.5691    1539.12    159.587    159.248         35 0.0000e+00
      10922    455.037     74.500     75.000    21.3356    21.3364   5.128133   5.128430     2.4474     2.0477      99.99   25.74314  -84.58405   -0.01063   -0.01012     3.5982     3.5801    21.3210    21.3218    36.5739    36.5756    25.6040    25.6050    1538.74    156.685    155.895         30 0.0000e+00
      10979    457.400     76.486     77.000    21.0048    21.0053   5.088712   5.088904     2.4147     2.0266      68.09   25.73659  -84.56253   -0.01665   -0.01309     3.5543     3.5540    20.9900    20.9904    36.5353    36.5364    25.6649    25.6656    1538.05    154.762    154.748         33 0.0000e+00
      11021    459.169     77.480     78.000    21.0184    21.0194   5.099107   5.099398     2.3852     1.9952      97.71   25.74458  -84.58878   -0.01280   -0.01110     3.4907     3.4797    21.0034    21.0043    36.6114    36.6129    25.7204    25.7212    1538.38    151.986    151.506         46 0.0000e+00
      11062    460.882     78.473     79.000    20.8816    20.8837   5.083827   5.084228     2.3449     1.9585     100.08   25.74458  -84.58878   -0.01981   -0.01994     3.4158     3.4042    20.8665    20.8686    36.6050    36.6064    25.7529    25.7534    1538.24    148.718    148.215         32 0.0000e+00
      11133    463.841     81.452     82.000    20.7723    20.7685   5.070374   5.070079     2.3078     1.9281      56.68   25.72646  -84.52925   -0.01249   -0.01047     3.3463     3.3420    20.7566    20.7529    36.5795    36.5803    25.7609    25.7626    1536.73    145.689    145.504         37 0.0000e+00
      11186    466.047     82.445     83.000    20.7544    20.7554   5.070664   5.070966     2.2985     1.9237     102.14   25.74458  -84.58878   -0.00731   -0.00526     3.3280     3.3330    20.7385    20.7395    36.6063    36.6079    25.7888    25.7898    1537.68    144.891    145.110         49 0.0000e+00
      11302    470.876     86.418     87.000    20.4020    20.4061   5.031071   5.031851     2.2600     1.8870      99.98   25.73894  -84.57026   -0.00828   -0.00784     3.2713     3.2710    20.3856    20.3898    36.5835    36.5855    25.8662    25.8664    1536.82    142.411    142.399         34 0.0000e+00
      11340    472.452     87.411     88.000    20.2878    20.2892   5.019557   5.019517     2.2423     1.8708     100.00   25.74457  -84.58878   -0.01098   -0.01095     3.2413     3.2403    20.2713    20.2726    36.5907    36.5892    25.9032    25.9017    1537.03    141.103    141.061         37 0.0000e+00
      11378    474.024     88.404     89.000    20.2194    20.2210   5.013688   5.014021     2.2266     1.8569     100.00   25.74458  -84.58878   -0.01156   -0.01088     3.2122     3.2121    20.2027    20.2043    36.6015    36.6029    25.9298    25.9305    1536.90    139.832    139.828         37 0.0000e+00
      11412    475.449     89.397     90.000    20.1433    20.1445   5.005721   5.006043     2.2137     1.8453     100.00   25.74458  -84.58878   -0.01009   -0.00902     3.1900     3.1897    20.1265    20.1276    36.6018    36.6034    25.9505    25.9514    1536.77    138.860    138.850         31 0.0000e+00
      11467    477.763     91.383     92.000    20.0742    20.0757   4.998024   4.998363     2.1980     1.8310      99.98   25.73854  -84.56893   -0.00753   -0.00668     3.1615     3.1609    20.0570    20.0586    36.5948    36.5962    25.9628    25.9635    1536.15    137.620    137.594         31 0.0000e+00
      11502    479.200     92.376     93.000    20.0019    20.0044   4.990089   4.989971     2.1925     1.8273     100.00   25.74458  -84.58878   -0.00573   -0.00503     3.1573     3.1584    19.9814    19.9879    36.5978    36.5986    25.9861    25.9872    1536.42    137.433    137.481         33 0.0000e+00
      11535    480.593     93.369     94.000    19.8300    19.8308   4.971169   4.971435     2.1839     1.8180     100.00   25.74457  -84.58878   -0.00508   -0.00465     3.1474     3.1458    19.8126    19.8134    36.5882    36.5897    26.0235    26.0244    1536.26    137.000    136.927         34 0.0000e+00
      11570    482.032     94.362     95.000    19.8155    19.8167   4.969649   4.969957     2.1738     1.8086     100.00   25.74457  -84.58878   -0.00608   -0.00593     3.1270     3.1249    19.7980    19.7991    36.5878    36.5893    26.0271    26.0279    1536.13    136.112    136.019         34 0.0000e+00
      11602    483.394     95.355     96.000    19.7793    19.7807   4.965356   4.965677     2.1668     1.8041     100.00   25.74458  -84.58878   -0.00642   -0.00586     3.1148     3.1169    19.7615    19.7630    36.5835    36.5850    26.0334    26.0341    1536.00    135.576    135.668         31 0.0000e+00
      11632    484.637     96.348     97.000    19.6145    19.6167   4.945706   4.946135     2.1581     1.7964     100.00   25.74458  -84.58878   -0.00596   -0.00469     3.1069     3.1088    19.5967    19.5989    36.5641    36.5658    26.0620    26.0627    1535.88    135.229    135.314         30 0.0000e+00
      11663    485.917     97.342     98.000    19.4752    19.4772   4.929269   4.929703     2.1416     1.7785      92.03   25.74458  -84.58878   -0.00749   -0.00671     3.0805     3.0751    19.4573    19.4593    36.5489    36.5508    26.0869    26.0878    1535.75    134.076    133.841         32 0.0000e+00
      11698    487.377     98.334     99.000    19.3556    19.3569   4.915049   4.915445     2.1129     1.7513      80.82   25.74457  -84.58878   -0.01377   -0.01457     3.0268     3.0172    19.3376    19.3388    36.5355    36.5370    26.1079    26.1087    1535.63    131.739    131.322         37 0.0000e+00
      11734    488.875     99.327    100.000    19.3014    19.3021   4.909061   4.909316     2.0758     1.7133     100.55   25.74458  -84.58878   -0.02039   -0.02095     2.9490     2.9305    19.2832    19.2839    36.5319    36.5334    26.1193    26.1203    1535.50    128.351    127.546         33 0.0000e+00
      11822    492.534    102.307    103.000    19.2809    19.2820   4.907182   4.907458     2.0436     1.6943      56.16   25.73872  -84.56954   -0.00924   -0.00572     2.8813     2.8873    19.2622    19.2633    36.5303    36.5316    26.1228    26.1235    1534.77    125.402    125.662         36 0.0000e+00
      11861    494.166    103.300    104.000    19.2639    19.2650   4.906136   4.906401     2.0483     1.7018     100.59   25.74458  -84.58878   -0.00173    0.00061     2.8927     2.9064    19.2450    19.2461    36.5389    36.5401    26.1346    26.1352    1535.01    125.900    126.495         36 0.0000e+00
      11895    495.584    104.292    105.000    19.2499    19.2511   4.905022   4.905334     2.0515     1.7042     100.00   25.74458  -84.58878    0.00197    0.00327     2.9008     2.9133    19.2308    19.2321    36.5415    36.5430    26.1403    26.1411    1534.89    126.248    126.792         32 0.0000e+00
      11953    497.984    106.279    107.000    19.1504    19.1517   4.894730   4.895006     2.0714     1.7266      99.99   25.74268  -84.58255    0.00514    0.00575     2.9507     2.9732    19.1310    19.1323    36.5411    36.5423    26.1655    26.1661    1534.55    128.419    129.395         30 0.0000e+00
      11984    499.309    107.272    108.000    19.1329    19.1339   4.893841   4.894089     2.0813     1.7335     100.00   25.74458  -84.58878    0.00858    0.00872     2.9736     2.9910    19.1134    19.1144    36.5496    36.5507    26.1769    26.1775    1534.55    129.416    130.171         33 0.0000e+00
      12021    500.849    108.265    109.000    19.0615    19.0619   4.886361   4.886545     2.1001     1.7552     100.00   25.74458  -84.58878    0.00973    0.00917     3.0197     3.0479    19.0419    19.0423    36.5492    36.5504    26.1951    26.1959    1534.44    131.418    132.643         40 0.0000e+00
      12060    502.448    109.258    110.000    19.0099    19.0104   4.880879   4.881063     2.1159     1.7664     100.00   25.74458  -84.58878    0.01086    0.01057     3.0575     3.0777    18.9901    18.9906    36.5483    36.5493    26.2077    26.2084    1534.33    133.062    133.938         34 0.0000e+00
      12141    505.817    112.237    113.000    18.8004    18.7990   4.854166   4.854057     2.1271     1.7722      99.97   25.73631  -84.56160    0.00445    0.00290     3.0971     3.1060    18.7802    18.7788    36.5029    36.5032    26.2258    26.2264    1533.50    134.779    135.167         34 0.0000e+00
      12182    507.560    113.230    114.000    18.6843    18.6852   4.840769   4.841032     2.1141     1.7552     100.00   25.74458  -84.58878   -0.00148   -0.00355     3.0761     3.0721    18.6640    18.6650    36.4958    36.4972    26.2510    26.2519    1533.88    133.865    133.693         41 0.0000e+00
      12218    509.039    114.222    115.000    18.6977    18.6988   4.843532   4.843813     2.0916     1.7354     100.00   25.74458  -84.58878   -0.01088   -0.01242     3.0259     3.0238    18.6773    18.6784    36.5069    36.5083    26.2562    26.2570    1533.78    131.680    131.589         30 0.0000e+00
      12248    510.292    115.216    116.000    18.6455    18.6470   4.837430   4.837729     2.0992     1.7494      92.87   25.74458  -84.58878   -0.00888   -0.00742     3.0464     3.0610    18.6250    18.6264    36.5010    36.5023    26.2650    26.2656    1533.67    132.570    133.206         32 0.0000e+00
      12281    511.659    116.208    117.000    18.5953    18.5958   4.831027   4.831190     2.1038     1.7528      96.28   25.74458  -84.58878    0.00085    0.00403     3.0602     3.0730    18.5746    18.5751    36.4908    36.4918    26.2700    26.2706    1533.56    133.172    133.726         32 0.0000e+00
      12337    513.984    118.194    119.000    18.4260    18.4261   4.808487   4.808575     2.0723     1.7159      99.98   25.73853  -84.56889   -0.00557   -0.00733     3.0029     2.9952    18.4050    18.4052    36.4501    36.4507    26.2814    26.2819    1532.98    130.676    130.339         30 0.0000e+00
      12375    515.588    119.187    120.000    18.4472    18.4481   4.814705   4.814932     2.0447     1.6935      71.87   25.74458  -84.58878   -0.01653   -0.01754     2.9396     2.9387    18.4261    18.4270    36.4823    36.4835    26.3011    26.3017    1533.24    127.918    127.878         44 0.0000e+00
