Gulf of Mexico/GOMECC-4/1db/drb2103_1101.cnv
* Sea-Bird SBE 9 Data File:
* FileName = C:\Users\scs.user.rb\CTD\GOMECC4\data\rb2103_1101.hex
* Software Version Seasave V 7.26.7.107
* Temperature SN = 4799
* Conductivity SN = 3860
* Number of Bytes Per Scan = 41
* Number of Voltage Words = 4
* Number of Scans Averaged by the Deck Unit = 1
* NMEA Latitude = 22 32.38 N
* NMEA Longitude = 086 36.68 W
* NMEA UTC (Time) = Oct 15 2021  05:55:57
* NMEA baud rate = 4800
# nquan = 28
# nvalues = 248                         
# units = specified
# name 0 = scan: Scan Count
# name 1 = timeS: Time, Elapsed [seconds]
# name 2 = depSM: Depth [salt water, m]
# name 3 = prDM: Pressure, Digiquartz [db]
# name 4 = t090C: Temperature [ITS-90, deg C]
# name 5 = t190C: Temperature, 2 [ITS-90, deg C]
# name 6 = c0S/m: Conductivity [S/m]
# name 7 = c1S/m: Conductivity, 2 [S/m]
# name 8 = sbeox0V: Oxygen raw, SBE 43 [V]
# name 9 = sbeox1V: Oxygen raw, SBE 43, 2 [V]
# name 10 = altM: Altimeter [m]
# name 11 = latitude: Latitude [deg]
# name 12 = longitude: Longitude [deg]
# name 13 = sbox0dV/dT: Oxygen, SBE 43 [dov/dt]
# name 14 = sbox1dV/dT: Oxygen, SBE 43, 2 [dov/dt]
# name 15 = sbeox0ML/L: Oxygen, SBE 43 [ml/l], WS = 5
# name 16 = sbeox1ML/L: Oxygen, SBE 43, 2 [ml/l], WS = 5
# name 17 = potemp090C: Potential Temperature [ITS-90, deg C]
# name 18 = potemp190C: Potential Temperature, 2 [ITS-90, deg C]
# name 19 = sal00: Salinity, Practical [PSU]
# name 20 = sal11: Salinity, Practical, 2 [PSU]
# name 21 = sigma-é00: Density [sigma-theta, kg/m^3]
# name 22 = sigma-é11: Density, 2 [sigma-theta, kg/m^3]
# name 23 = avgsvCM: Average Sound Velocity [Chen-Millero, m/s], minP = 20, minS = 20
# name 24 = sbox0Mm/Kg: Oxygen, SBE 43 [umol/kg], WS = 5
# name 25 = sbox1Mm/Kg: Oxygen, SBE 43, 2 [umol/kg], WS = 5
# name 26 = nbin: number of scans per bin
# name 27 = flag: flag
# span 0 =       5517,      21339       
# span 1 =    229.815,    889.087       
# span 2 =      3.975,    360.409       
# span 3 =      4.000,    363.000       
# span 4 =    12.1244,    29.8860       
# span 5 =    12.1227,    29.8876       
# span 6 =   4.081201,   5.997438       
# span 7 =   4.081011,   5.997790       
# span 8 =     1.7791,     3.1605       
# span 9 =     1.4625,     2.6721       
# span 10 =      10.32,     101.12      
# span 11 =   22.53329,   22.54893      
# span 12 =  -86.62633,  -86.57201      
# span 13 =   -0.01831,    0.00653      
# span 14 =   -0.01624,    0.00536      
# span 15 =     2.7968,     4.3684      
# span 16 =     2.8099,     4.3442      
# span 17 =    12.0762,    29.8837      
# span 18 =    12.0745,    29.8854      
# span 19 =    35.5159,    36.9480      
# span 20 =    35.5156,    36.9505      
# span 21 =    22.6505,    26.9784      
# span 22 =    22.6508,    26.9785      
# span 23 =       0.00,    1545.70      
# span 24 =    121.622,    190.722      
# span 25 =    122.194,    189.655      
# span 26 =         30,         68      
# span 27 = 0.0000e+00, 0.0000e+00      
# interval = decibars: 1                
# start_time = Oct 15 2021 05:55:57 [NMEA time, header]
# bad_flag = -9.990e-29
*END*
       5517    229.815      3.975      4.000    29.8785    29.8804   5.996237   5.996614     3.1605     2.6659     100.00   22.54166  -86.61226    0.00144    0.00063     4.3236     4.2912    29.8775    29.8794    36.1782    36.1796    22.6517    22.6521       0.00    188.813    187.400         42 0.0000e+00
       5637    234.821      4.969      5.000    29.8788    29.8790   5.996373   5.996596     3.1592     2.6630      99.74   22.54172  -86.61230    0.00023   -0.00025     4.3220     4.2861    29.8775    29.8777    36.1788    36.1801    22.6522    22.6531       0.00    188.745    187.176         35 0.0000e+00
       5739    239.099      5.962      6.000    29.8799    29.8812   5.996428   5.996751     3.1601     2.6655      71.29   22.54177  -86.61233    0.00014    0.00047     4.3238     4.2913    29.8784    29.8797    36.1779    36.1791    22.6512    22.6517       0.00    188.825    187.406         47 0.0000e+00
       5817    242.320      6.956      7.000    29.8811    29.8818   5.996699   5.996973     3.1597     2.6673     101.12   22.54181  -86.61235    0.00016   -0.00091     4.3236     4.2955    29.8794    29.8801    36.1786    36.1800    22.6514    22.6522       0.00    188.815    187.586         55 0.0000e+00
       5868    244.456      7.950      8.000    29.8836    29.8867   5.997183   5.997678     3.1604     2.6667     100.00   22.54183  -86.61237    0.00016    0.00138     4.3256     4.2943    29.8816    29.8847    36.1795    36.1807    22.6513    22.6512       0.00    188.903    187.538         45 0.0000e+00
       5923    246.732      8.943      9.000    29.8860    29.8876   5.997435   5.997790     3.1590     2.6654     100.00   22.54186  -86.61239   -0.00057   -0.00033     4.3230     4.2922    29.8837    29.8854    36.1793    36.1805    22.6505    22.6508       0.00    188.790    187.444         65 0.0000e+00
       5986    249.370      9.937     10.000    29.8856    29.8844   5.997438   5.997426     3.1605     2.6599     100.00   22.54189  -86.61241    0.00082   -0.00305     4.3261     4.2822    29.8831    29.8819    36.1793    36.1802    22.6507    22.6517       0.00    188.925    187.007         57 0.0000e+00
       6038    251.556     10.931     11.000    29.8256    29.8389   5.989371   5.991390     3.1559     2.6639      82.49   22.54192  -86.61242   -0.00128    0.00156     4.3232     4.2939    29.8229    29.8361    36.1690    36.1728    22.6635    22.6618       0.00    188.797    187.518         50 0.0000e+00
       6094    253.864     11.924     12.000    29.7810    29.7901   5.983537   5.985022     3.1594     2.6672      99.76   22.54194  -86.61244   -0.00003    0.00083     4.3335     4.3045    29.7780    29.7872    36.1624    36.1655    22.6739    22.6730       0.00    189.245    187.976         62 0.0000e+00
       6153    256.327     12.918     13.000    29.7246    29.7308   5.976176   5.977180     3.1582     2.6700     100.00   22.54198  -86.61246    0.00072    0.00202     4.3365     4.3150    29.7214    29.7276    36.1541    36.1563    22.6869    22.6865       0.00    189.370    188.433         53 0.0000e+00
       6204    258.459     13.912     14.000    29.6847    29.6977   5.971240   5.973166     3.1597     2.6664     100.00   22.54200  -86.61248   -0.00036   -0.00080     4.3428     4.3112    29.6813    29.6943    36.1497    36.1531    22.6973    22.6954       0.00    189.647    188.267         52 0.0000e+00
       6258    260.720     14.905     15.000    29.6634    29.6740   5.969156   5.970460     3.1575     2.6671     100.00   22.54202  -86.61250   -0.00009   -0.00069     4.3409     4.3143    29.6597    29.6703    36.1514    36.1524    22.7060    22.7031       0.00    189.560    188.400         58 0.0000e+00
       6319    263.246     15.899     16.000    29.6259    29.6459   5.965927   5.968009     3.1590     2.6694      99.84   22.54205  -86.61251   -0.00002    0.00133     4.3467     4.3215    29.6219    29.6420    36.1568    36.1558    22.7228    22.7153       0.00    189.810    188.712         58 0.0000e+00
       6369    265.352     16.893     17.000    29.5933    29.6083   5.962473   5.964144     3.1581     2.6700      99.72   22.54208  -86.61253    0.00010   -0.00025     4.3482     4.3257    29.5891    29.6041    36.1578    36.1580    22.7348    22.7298       0.00    189.873    188.892         48 0.0000e+00
       6420    267.446     17.886     18.000    29.5275    29.5588   5.957379   5.960063     3.1551     2.6721     100.00   22.54210  -86.61255   -0.00112    0.00125     4.3484     4.3337    29.5230    29.5544    36.1722    36.1669    22.7680    22.7534       0.00    189.877    189.237         50 0.0000e+00
       6473    269.647     18.880     19.000    29.4213    29.4522   5.949304   5.952284     3.1572     2.6654      76.36   22.54213  -86.61256    0.00012   -0.00114     4.3598     4.3278    29.4166    29.4476    36.1965    36.1936    22.8223    22.8096       0.00    190.363    188.970         57 0.0000e+00
       6528    271.977     19.874     20.000    29.2838    29.3355   5.935935   5.941125     3.1544     2.6644     100.87   22.54215  -86.61258   -0.00021   -0.00252     4.3655     4.3343    29.2789    29.3306    36.2080    36.2047    22.8775    22.8576     736.88    190.603    189.246         50 0.0000e+00
       6574    273.862     20.867     21.000    29.1704    29.1712   5.925452   5.925743     3.1517     2.6619     100.00   22.54218  -86.61259   -0.00169    0.00021     4.3684     4.3411    29.1653    29.1661    36.2213    36.2226    22.9258    22.9265    1531.73    190.722    189.530         46 0.0000e+00
       6629    276.172     21.861     22.000    29.0253    29.0650   5.911179   5.915689     3.1434     2.6595     100.00   22.54221  -86.61261   -0.00297   -0.00150     4.3662     4.3442    29.0157    29.0596    36.2355    36.2334    22.9868    22.9705    1545.70    190.612    189.655         62 0.0000e+00
       6682    278.361     22.855     23.000    28.9866    28.9881   5.908633   5.909072     3.1414     2.6563     100.00   22.54224  -86.61262   -0.00139   -0.00114     4.3656     4.3435    28.9810    28.9825    36.2438    36.2457    23.0047    23.0056    1545.67    190.583    189.618         44 0.0000e+00
       6729    280.316     23.848     24.000    28.9522    28.9534   5.905493   5.905879     3.1352     2.6524      93.66   22.54226  -86.61264   -0.00192   -0.00177     4.3576     4.3388    28.9464    28.9476    36.2479    36.2497    23.0194    23.0203    1545.65    190.232    189.408         53 0.0000e+00
       6784    282.613     24.842     25.000    28.8862    28.8870   5.899428   5.899757     3.1296     2.6462      93.20   22.54229  -86.61266   -0.00310   -0.00226     4.3527     4.3311    28.8801    28.8810    36.2558    36.2574    23.0475    23.0484    1545.63    190.013    189.067         53 0.0000e+00
       6835    284.751     25.836     26.000    28.8511    28.8514   5.895989   5.896252     3.1260     2.6422      99.94   22.54231  -86.61267   -0.00181   -0.00290     4.3495     4.3264    28.8448    28.8451    36.2583    36.2599    23.0612    23.0623    1545.60    189.870    188.860         52 0.0000e+00
       6886    286.871     26.829     27.000    28.7578    28.7812   5.886883   5.888988     3.1210     2.6419     100.00   22.54233  -86.61269   -0.00197   -0.00026     4.3479     4.3321    28.7513    28.7748    36.2658    36.2650    23.0981    23.0897    1545.57    189.792    189.104         46 0.0000e+00
       6934    288.888     27.823     28.000    28.6289    28.6183   5.874464   5.873516     3.1121     2.6302     100.00   22.54236  -86.61271   -0.00348   -0.00295     4.3418     4.3200    28.6222    28.6116    36.2775    36.2791    23.1500    23.1547    1545.53    189.520    188.565         58 0.0000e+00
       6994    291.356     28.816     29.000    28.5552    28.5567   5.867107   5.867502     3.1033     2.6266     100.00   22.54239  -86.61273   -0.00395   -0.00306     4.3321     4.3167    28.5483    28.5497    36.2842    36.2859    23.1796    23.1804    1545.49    189.089    188.418         52 0.0000e+00
       7040    293.291     29.810     30.000    28.5177    28.5195   5.863922   5.864345     3.0989     2.6209     100.00   22.54242  -86.61274   -0.00291   -0.00259     4.3272     4.3084    28.5105    28.5123    36.2884    36.2900    23.1953    23.1959    1545.46    188.870    188.052         47 0.0000e+00
       7090    295.371     30.803     31.000    28.5160    28.5188   5.863912   5.864414     3.0974     2.6203     100.00   22.54244  -86.61276   -0.00153   -0.00111     4.3250     4.3079    28.5086    28.5114    36.2893    36.2906    23.1966    23.1966    1545.42    188.776    188.028         51 0.0000e+00
       7145    297.686     31.797     32.000    28.5258    28.5254   5.864948   5.865167     3.0952     2.6202     100.00   22.54247  -86.61278   -0.00072   -0.00030     4.3208     4.3077    28.5181    28.5177    36.2887    36.2905    23.1930    23.1945    1545.39    188.593    188.019         59 0.0000e+00
       7201    299.987     32.791     33.000    28.5243    28.5262   5.864909   5.865333     3.0969     2.6204      75.96   22.54250  -86.61279   -0.00018    0.00027     4.3243     4.3085    28.5164    28.5183    36.2893    36.2907    23.1940    23.1945    1545.36    188.747    188.055         52 0.0000e+00
       7254    302.216     33.784     34.000    28.5309    28.5324   5.865646   5.866000     3.0972     2.6193     100.54   22.54253  -86.61281    0.00074   -0.00063     4.3251     4.3063    28.5227    28.5243    36.2891    36.2904    23.1918    23.1922    1545.33    188.782    187.959         53 0.0000e+00
       7303    304.247     34.778     35.000    28.5267    28.5281   5.865429   5.865658     3.0943     2.6197     100.00   22.54254  -86.61283   -0.00051    0.00004     4.3225     4.3079    28.5183    28.5197    36.2898    36.2910    23.1937    23.1942    1545.31    188.667    188.028         48 0.0000e+00
       7356    306.441     35.771     36.000    28.5101    28.5185   5.863788   5.864815     3.0921     2.6187     100.00   22.54258  -86.61284   -0.00172   -0.00004     4.3183     4.3071    28.5015    28.5099    36.2914    36.2922    23.2006    23.1984    1545.28    188.482    187.993         57 0.0000e+00
       7411    308.751     36.765     37.000    28.5013    28.5034   5.863053   5.863402     3.0924     2.6185     100.00   22.54260  -86.61286    0.00020   -0.00027     4.3199     4.3083    28.4924    28.4946    36.2921    36.2935    23.2041    23.2045    1545.26    188.550    188.044         53 0.0000e+00
       7463    310.921     37.758     38.000    28.4943    28.4950   5.862337   5.862635     3.0925     2.6167      86.41   22.54263  -86.61288   -0.00008   -0.00075     4.3212     4.3058    28.4852    28.4859    36.2928    36.2944    23.2070    23.2080    1545.23    188.609    187.936         51 0.0000e+00
       7517    313.163     38.752     39.000    28.4862    28.4884   5.861624   5.862063     3.0915     2.6176     100.05   22.54266  -86.61289   -0.00018    0.00039     4.3206     4.3085    28.4769    28.4791    36.2937    36.2951    23.2105    23.2108    1545.21    188.581    188.051         56 0.0000e+00
       7568    315.308     39.745     40.000    28.4772    28.4813   5.860845   5.861445     3.0907     2.6159     100.00   22.54269  -86.61292   -0.00048   -0.00087     4.3203     4.3060    28.4676    28.4717    36.2949    36.2959    23.2144    23.2138    1545.19    188.567    187.945         49 0.0000e+00
       7622    317.550     40.739     41.000    28.4664    28.4694   5.859889   5.860383     3.0895     2.6139     100.00   22.54272  -86.61293   -0.00048   -0.00055     4.3194     4.3033    28.4566    28.4595    36.2961    36.2973    23.2190    23.2189    1545.17    188.526    187.826         57 0.0000e+00
       7675    319.756     41.733     42.000    28.4604    28.4642   5.859276   5.859818     3.0886     2.6126     100.00   22.54275  -86.61294   -0.00032   -0.00101     4.3191     4.3009    28.4504    28.4542    36.2969    36.2980    23.2217    23.2212    1545.15    188.512    187.717         50 0.0000e+00
       7726    321.866     42.726     43.000    28.4540    28.4547   5.858775   5.859046     3.0872     2.6126     100.00   22.54277  -86.61295   -0.00052    0.00018     4.3171     4.3027    28.4437    28.4444    36.2973    36.2986    23.2241    23.2249    1545.14    188.424    187.799         51 0.0000e+00
       7780    324.122     43.719     44.000    28.4524    28.4538   5.858650   5.859002     3.0845     2.6102      99.89   22.54280  -86.61297   -0.00129   -0.00113     4.3129     4.2984    28.4419    28.4432    36.2973    36.2987    23.2248    23.2254    1545.12    188.241    187.611         59 0.0000e+00
       7835    326.416     44.713     45.000    28.4456    28.4493   5.857931   5.858511     3.0867     2.6121     100.00   22.54283  -86.61299    0.00040    0.00057     4.3179     4.3032    28.4348    28.4385    36.2972    36.2984    23.2270    23.2267    1545.10    188.459    187.818         45 0.0000e+00
       7879    328.264     45.707     46.000    28.4401    28.4416   5.857328   5.857681     3.0864     2.6125     100.00   22.54285  -86.61300    0.00039    0.00038     4.3183     4.3050    28.4291    28.4305    36.2969    36.2982    23.2287    23.2292    1545.09    188.476    187.896         50 0.0000e+00
       7946    331.052     46.700     47.000    28.4402    28.4418   5.857466   5.857794     3.0880     2.6106     100.00   22.54288  -86.61302    0.00069   -0.00060     4.3219     4.3017    28.4289    28.4306    36.2971    36.2985    23.2289    23.2294    1545.08    188.636    187.754         53 0.0000e+00
       7990    332.862     47.694     48.000    28.4392    28.4422   5.857497   5.858141     3.0866     2.6115     100.00   22.54290  -86.61304   -0.00038   -0.00007     4.3191     4.3046    28.4277    28.4307    36.2961    36.2976    23.2286    23.2287    1545.06    188.511    187.880         42 0.0000e+00
       8045    335.147     48.687     49.000    28.4372    28.4389   5.857022   5.857399     3.0874     2.6103     100.00   22.54294  -86.61305   -0.00006   -0.00008     4.3219     4.3024    28.4254    28.4272    36.2961    36.2973    23.2293    23.2297    1545.05    188.634    187.781         68 0.0000e+00
       8102    337.545     49.681     50.000    28.4064    28.4081   5.854454   5.854781     3.0865     2.6087     100.00   22.54297  -86.61308    0.00004   -0.00044     4.3232     4.3012    28.3944    28.3961    36.2985    36.2997    23.2414    23.2418    1545.04    188.687    187.731         40 0.0000e+00
       8146    339.384     50.674     51.000    28.3688    28.3711   5.850555   5.850972     3.0834     2.6074     100.00   22.54299  -86.61309   -0.00104   -0.00096     4.3206     4.3022    28.3566    28.3589    36.3025    36.3036    23.2569    23.2570    1545.03    188.573    187.768         53 0.0000e+00
       8214    342.203     51.668     52.000    28.3563    28.3578   5.849361   5.849732     3.0817     2.6038     100.00   22.54303  -86.61311   -0.00087   -0.00079     4.3189     4.2962    28.3439    28.3454    36.3036    36.3050    23.2619    23.2626    1545.01    188.499    187.507         55 0.0000e+00
       8256    343.957     52.661     53.000    28.3529    28.3538   5.849118   5.849421     3.0809     2.6046     100.00   22.54304  -86.61313   -0.00051   -0.00136     4.3182     4.2987    28.3403    28.3412    36.3041    36.3056    23.2636    23.2644    1545.00    188.468    187.616         30 0.0000e+00
       8288    345.309     53.654     54.000    28.3476    28.3484   5.848696   5.848962     3.0788     2.6056     100.00   22.54306  -86.61314   -0.00083    0.00036     4.3154     4.3017    28.3347    28.3355    36.3050    36.3064    23.2661    23.2669    1544.99    188.345    187.747         39 0.0000e+00
