Gulf of Mexico/GOMECC-4/1db/drb2103_0881.cnv
* Sea-Bird SBE 9 Data File:
* FileName = C:\Users\scs.user.rb\CTD\GOMECC4\data\rb2103_0881.hex
* Software Version Seasave V 7.26.7.107
* Temperature SN = 4799
* Conductivity SN = 3860
* Number of Bytes Per Scan = 41
* Number of Voltage Words = 4
* Number of Scans Averaged by the Deck Unit = 1
* NMEA Latitude = 19 10.20 N
* NMEA Longitude = 093 17.93 W
* NMEA UTC (Time) = Oct 08 2021  18:58:02
* NMEA baud rate = 4800
# nquan = 28
# nvalues = 203                         
# units = specified
# name 0 = scan: Scan Count
# name 1 = timeS: Time, Elapsed [seconds]
# name 2 = depSM: Depth [salt water, m]
# name 3 = prDM: Pressure, Digiquartz [db]
# name 4 = t090C: Temperature [ITS-90, deg C]
# name 5 = t190C: Temperature, 2 [ITS-90, deg C]
# name 6 = c0S/m: Conductivity [S/m]
# name 7 = c1S/m: Conductivity, 2 [S/m]
# name 8 = sbeox0V: Oxygen raw, SBE 43 [V]
# name 9 = sbeox1V: Oxygen raw, SBE 43, 2 [V]
# name 10 = altM: Altimeter [m]
# name 11 = latitude: Latitude [deg]
# name 12 = longitude: Longitude [deg]
# name 13 = sbox0dV/dT: Oxygen, SBE 43 [dov/dt]
# name 14 = sbox1dV/dT: Oxygen, SBE 43, 2 [dov/dt]
# name 15 = sbeox0ML/L: Oxygen, SBE 43 [ml/l], WS = 5
# name 16 = sbeox1ML/L: Oxygen, SBE 43, 2 [ml/l], WS = 5
# name 17 = potemp090C: Potential Temperature [ITS-90, deg C]
# name 18 = potemp190C: Potential Temperature, 2 [ITS-90, deg C]
# name 19 = sal00: Salinity, Practical [PSU]
# name 20 = sal11: Salinity, Practical, 2 [PSU]
# name 21 = sigma-é00: Density [sigma-theta, kg/m^3]
# name 22 = sigma-é11: Density, 2 [sigma-theta, kg/m^3]
# name 23 = avgsvCM: Average Sound Velocity [Chen-Millero, m/s], minP = 20, minS = 20
# name 24 = sbox0Mm/Kg: Oxygen, SBE 43 [umol/kg], WS = 5
# name 25 = sbox1Mm/Kg: Oxygen, SBE 43, 2 [umol/kg], WS = 5
# name 26 = nbin: number of scans per bin
# name 27 = flag: flag
# span 0 =      19640,      43820       
# span 1 =    818.290,   1825.792       
# span 2 =      3.975,    717.367       
# span 3 =      4.000,    723.000       
# span 4 =     6.7176,    29.7420       
# span 5 =     6.7180,    29.7432       
# span 6 =   3.528995,   5.984409       
# span 7 =   3.528994,   5.984727       
# span 8 =     1.5581,     3.2070       
# span 9 =     1.2629,     2.7417       
# span 10 =       9.71,     101.70      
# span 11 =   19.16248,   19.17115      
# span 12 =  -93.30585,  -93.26293      
# span 13 =   -0.04026,    0.03950      
# span 14 =   -0.03981,    0.04043      
# span 15 =     2.3439,     4.8232      
# span 16 =     2.3599,     4.8317      
# span 17 =     6.6490,    29.7368      
# span 18 =     6.6494,    29.7380      
# span 19 =    34.9352,    36.5121      
# span 20 =    34.9349,    36.5134      
# span 21 =    22.1847,    27.4180      
# span 22 =    22.1852,    27.4176      
# span 23 =       0.00,    1546.64      
# span 24 =    101.924,    210.267      
# span 25 =    102.621,    210.660      
# span 26 =         30,         65      
# span 27 = 0.0000e+00, 0.0000e+00      
# interval = decibars: 1                
# start_time = Oct 08 2021 18:58:02 [NMEA time, header]
# bad_flag = -9.990e-29
*END*
[from data line 52]
      22568    940.273     55.653     56.000    22.9060    22.9069   5.258347   5.258622     2.6781     2.2658      99.93   19.16978  -93.29822   -0.00383   -0.00329     3.9577     3.9649    22.8946    22.8955    36.2911    36.2927    24.9437    24.9447    1540.70    172.450    172.763         51 0.0000e+00
      22624    942.607     56.647     57.000    22.8403    22.8386   5.252317   5.252394     2.6569     2.2478      95.03   19.16978  -93.29822   -0.00608   -0.00490     3.9168     3.9254    22.8287    22.8269    36.2963    36.2984    24.9667    24.9688    1540.53    170.665    171.040         61 0.0000e+00
      22680    944.942     57.640     58.000    22.7969    22.7976   5.248423   5.248701     2.6325     2.2189     100.01   19.16978  -93.29822   -0.01111   -0.01184     3.8726     3.8676    22.7851    22.7858    36.3017    36.3033    24.9834    24.9844    1540.38    168.736    168.517         50 0.0000e+00
      22732    947.110     58.634     59.000    22.7730    22.7743   5.246150   5.246497     2.6083     2.2012     100.00   19.16978  -93.29822   -0.01120   -0.01027     3.8259     3.8303    22.7609    22.7623    36.3035    36.3051    24.9917    24.9925    1540.22    166.699    166.889         56 0.0000e+00
      22786    949.394     59.628     60.000    22.7556    22.7567   5.244470   5.244780     2.5982     2.1955     100.00   19.16978  -93.29822   -0.00708   -0.00424     3.8071     3.8191    22.7433    22.7444    36.3045    36.3060    24.9975    24.9984    1540.06    165.877    166.403         51 0.0000e+00
      22841    951.682     60.622     61.000    22.7438    22.7445   5.243338   5.243609     2.5917     2.1901     100.00   19.16978  -93.29821   -0.00337   -0.00263     3.7951     3.8082    22.7314    22.7320    36.3051    36.3067    25.0014    25.0024    1539.92    165.353    165.927         60 0.0000e+00
      22896    953.951     61.615     62.000    22.7336    22.7344   5.242377   5.242664     2.5881     2.1871      99.82   19.16978  -93.29820   -0.00214   -0.00134     3.7889     3.8024    22.7210    22.7218    36.3055    36.3071    25.0048    25.0057    1539.79    165.086    165.673         47 0.0000e+00
      22948    956.107     62.609     63.000    22.7237    22.7241   5.241402   5.241635     2.5852     2.1841      99.86   19.16978  -93.29820   -0.00144   -0.00161     3.7842     3.7971    22.7109    22.7112    36.3060    36.3075    25.0080    25.0091    1539.64    164.879    165.440         63 0.0000e+00
      23005    958.510     63.602     64.000    22.7072    22.7059   5.239863   5.239955     2.5835     2.1815     100.01   19.16978  -93.29820   -0.00089   -0.00066     3.7823     3.7929    22.6942    22.6929    36.3067    36.3082    25.0134    25.0148    1539.51    164.797    165.258         41 0.0000e+00
      23041    960.016     64.596     65.000    22.6795    22.6825   5.237050   5.237503     2.5802     2.1780      79.85   19.16978  -93.29820   -0.00103   -0.00151     3.7782     3.7871    22.6663    22.6693    36.3080    36.3091    25.0224    25.0224    1539.38    164.617    165.003         40 0.0000e+00
      23088    961.941     65.590     66.000    22.6332    22.6343   5.232366   5.232676     2.5729     2.1715     101.01   19.16978  -93.29820   -0.00274   -0.00290     3.7670     3.7763    22.6198    22.6209    36.3096    36.3112    25.0370    25.0378    1539.26    164.124    164.532         46 0.0000e+00
      23125    963.516     66.583     67.000    22.6301    22.6306   5.232126   5.232367     2.5683     2.1685     100.00   19.16978  -93.29820   -0.00369   -0.00288     3.7584     3.7703    22.6166    22.6170    36.3100    36.3115    25.0382    25.0392    1539.13    163.752    164.268         33 0.0000e+00
      23159    964.936     67.577     68.000    22.6240    22.6251   5.231596   5.231887     2.5654     2.1667      89.96   19.16978  -93.29820   -0.00285   -0.00187     3.7535     3.7670    22.6102    22.6113    36.3106    36.3120    25.0405    25.0412    1539.01    163.535    164.126         38 0.0000e+00
      23199    966.568     68.570     69.000    22.6170    22.6180   5.231020   5.231286     2.5625     2.1641      80.13   19.16978  -93.29820   -0.00199   -0.00153     3.7484     3.7621    22.6031    22.6040    36.3116    36.3128    25.0432    25.0439    1538.90    163.313    163.912         38 0.0000e+00
      23235    968.067     69.564     70.000    22.6070    22.6094   5.230217   5.230604     2.5577     2.1602     100.34   19.16978  -93.29820   -0.00213   -0.00171     3.7397     3.7544    22.5928    22.5952    36.3133    36.3143    25.0475    25.0476    1538.78    162.932    163.574         33 0.0000e+00
      23267    969.433     70.558     71.000    22.5712    22.5731   5.226771   5.227135     2.5484     2.1511     100.00   19.16978  -93.29820   -0.00364   -0.00322     3.7237     3.7367    22.5568    22.5588    36.3158    36.3170    25.0597    25.0601    1538.67    162.236    162.800         33 0.0000e+00
      23299    970.751     71.551     72.000    22.5438    22.5469   5.224026   5.224459     2.5361     2.1393     100.00   19.16978  -93.29820   -0.00690   -0.00660     3.7008     3.7121    22.5293    22.5323    36.3168    36.3176    25.0683    25.0681    1538.56    161.234    161.729         30 0.0000e+00
      23330    972.045     72.545     73.000    22.4912    22.4959   5.218575   5.219169     2.5249     2.1282      51.68   19.16978  -93.29820   -0.00882   -0.00849     3.6823     3.6914    22.4764    22.4811    36.3176    36.3184    25.0841    25.0833    1538.46    160.428    160.823         35 0.0000e+00
      23368    973.622     73.538     74.000    22.3732    22.3804   5.205580   5.206476     2.5192     2.1231     101.28   19.16978  -93.29819   -0.00719   -0.00713     3.6795     3.6880    22.3583    22.3655    36.3138    36.3148    25.1149    25.1136    1538.35    160.300    160.670         37 0.0000e+00
      23423    975.920     75.526     76.000    22.2466    22.2481   5.191322   5.191649     2.5347     2.1381      99.97   19.16328  -93.26665    0.00396    0.00427     3.7210     3.7313    22.2314    22.2329    36.3020    36.3033    25.1408    25.1413    1537.62    162.103    162.553         33 0.0000e+00
      23465    977.673     76.519     77.000    22.2375    22.2400   5.191476   5.191877     2.5307     2.1368     100.00   19.16976  -93.29818    0.00384    0.00385     3.7139     3.7294    22.2221    22.2246    36.3152    36.3163    25.1548    25.1548    1538.03    161.795    162.469         36 0.0000e+00
      23500    979.114     77.513     78.000    22.0771    22.0923   5.172503   5.174352     2.5245     2.1316     100.00   19.16976  -93.29818   -0.00193   -0.00090     3.7115     3.7274    22.0615    22.0767    36.2995    36.3014    25.1882    25.1854    1537.95    161.684    162.376         33 0.0000e+00
      23533    980.479     78.506     79.000    21.9778    21.9833   5.159699   5.160452     2.5434     2.1563     100.00   19.16976  -93.29818   -0.00091    0.00091     3.7601     3.7925    21.9621    21.9676    36.2813    36.2826    25.2025    25.2019    1537.82    163.798    165.210         31 0.0000e+00
      23563    981.732     79.500     80.000    21.9062    21.9128   5.151764   5.152488     2.5938     2.2075     100.00   19.16976  -93.29818    0.01387    0.01646     3.8700     3.9144    21.8903    21.8969    36.2782    36.2784    25.2203    25.2186    1537.72    168.584    170.515         30 0.0000e+00
      23593    983.004     80.493     81.000    21.6731    21.6871   5.126923   5.128198     2.6244     2.2298     100.00   19.16976  -93.29818    0.02945    0.02990     3.9496     3.9803    21.6571    21.6712    36.2766    36.2749    25.2844    25.2792    1537.61    172.040    173.377         32 0.0000e+00
      23628    984.476     81.487     82.000    21.4921    21.5034   5.110559   5.111596     2.6155     2.2148     100.00   19.16976  -93.29818    0.02061    0.01649     3.9464     3.9605    21.4760    21.4874    36.2985    36.2972    25.3515    25.3474    1537.50    171.889    172.502         38 0.0000e+00
      23664    985.941     82.480     83.000    21.2845    21.3004   5.089897   5.091607     2.5559     2.1494     100.00   19.16976  -93.29818   -0.00984   -0.01477     3.8380     3.8248    21.2684    21.2842    36.3083    36.3086    25.4165    25.4124    1537.39    167.155    166.582         31 0.0000e+00
      23716    988.143     84.467     85.000    21.0168    21.0205   5.065158   5.065355     2.4680     2.0698      99.98   19.16566  -93.27821   -0.03984   -0.03874     3.6579     3.6451    21.0004    21.0041    36.3312    36.3322    25.5070    25.5067    1536.83    159.296    158.742         32 0.0000e+00
      23757    989.838     85.461     86.000    21.0014    21.0028   5.064109   5.064476     2.4174     2.0237     100.00   19.16976  -93.29818   -0.03498   -0.03199     3.5687     3.5558    20.9849    20.9862    36.3404    36.3422    25.5189    25.5199    1537.03    155.411    154.850         39 0.0000e+00
      23793    991.329     86.454     87.000    20.9971    20.9978   5.063952   5.064241     2.3887     2.0038     100.00   19.16976  -93.29818   -0.03100   -0.02752     3.5088     3.5104    20.9804    20.9811    36.3424    36.3442    25.5217    25.5228    1536.92    152.801    152.871         32 0.0000e+00
      23824    992.611     87.448     88.000    20.9772    20.9797   5.062300   5.062715     2.3768     1.9954     100.00   19.16976  -93.29818   -0.02050   -0.01492     3.4856     3.4926    20.9602    20.9628    36.3457    36.3469    25.5297    25.5299    1536.81    151.792    152.096         30 0.0000e+00
      23854    993.859     88.442     89.000    20.9276    20.9322   5.057866   5.058412     2.3675     1.9891      98.52   19.16976  -93.29818   -0.01151   -0.00777     3.4697     3.4812    20.9105    20.9151    36.3519    36.3523    25.5480    25.5471    1536.69    151.095    151.596         30 0.0000e+00
      23884    995.137     89.435     90.000    20.8796    20.8814   5.054062   5.054397     2.3558     1.9779      61.69   19.16975  -93.29818   -0.00840   -0.00651     3.4484     3.4586    20.8624    20.8641    36.3616    36.3629    25.5686    25.5690    1536.58    150.166    150.612         32 0.0000e+00
      23918    996.538     90.429     91.000    20.8654    20.8666   5.053118   5.053415     2.3379     1.9596      99.91   19.16976  -93.29818   -0.00979   -0.00924     3.4118     3.4175    20.8479    20.8491    36.3658    36.3672    25.5757    25.5764    1536.47    148.572    148.819         35 0.0000e+00
      23952    997.959     91.422     92.000    20.8417    20.8441   5.051323   5.051647     2.3253     1.9498     100.00   19.16975  -93.29818   -0.01109   -0.01051     3.3871     3.3967    20.8241    20.8265    36.3711    36.3717    25.5863    25.5861    1536.37    147.496    147.911         32 0.0000e+00
      24009   1000.316     93.409     94.000    20.7346    20.7388   5.047815   5.048239     2.2736     1.8939      99.99   19.16741  -93.28683   -0.01323   -0.01321     3.2845     3.2728    20.7167    20.7209    36.4302    36.4298    25.6602    25.6587    1535.98    143.015    142.506         30 0.0000e+00
      24043   1001.762     94.402     95.000    20.6688    20.6740   5.043280   5.043895     2.2184     1.8393     100.00   19.16974  -93.29816   -0.02639   -0.02795     3.1719     3.1496    20.6507    20.6559    36.4529    36.4535    25.6957    25.6948    1536.06    138.107    137.136         35 0.0000e+00
      24079   1003.270     95.396     96.000    20.5835    20.5877   5.036183   5.036633     2.1579     1.7848     100.00   19.16974  -93.29816   -0.04026   -0.03981     3.0489     3.0276    20.5653    20.5694    36.4682    36.4683    25.7305    25.7295    1535.96    132.751    131.821         35 0.0000e+00
      24112   1004.643     96.389     97.000    20.4820    20.4894   5.028854   5.029594     2.1142     1.7461     100.00   19.16974  -93.29816   -0.03838   -0.03484     2.9577     2.9383    20.4636    20.4710    36.4927    36.4925    25.7767    25.7745    1535.86    128.773    127.928         31 0.0000e+00
      24168   1006.940     98.377     99.000    20.3260    20.3291   5.013290   5.013745     2.0319     1.6729      99.98   19.16662  -93.28295   -0.03356   -0.02989     2.7963     2.7804    20.3074    20.3104    36.5000    36.5012    25.8238    25.8238    1535.41    121.737    121.046         30 0.0000e+00
      24204   1008.476     99.370    100.000    20.2507    20.2581   5.005765   5.006592     2.0007     1.6473     100.00   19.16974  -93.29816   -0.03076   -0.02717     2.7340     2.7244    20.2319    20.2393    36.5053    36.5057    25.8486    25.8469    1535.56    119.022    118.605         36 0.0000e+00
      24239   1009.934    100.363    101.000    20.1253    20.1335   4.993235   4.994105     1.9680     1.6180     100.00   19.16974  -93.29816   -0.02434   -0.02078     2.6711     2.6621    20.1065    20.1146    36.5106    36.5107    25.8862    25.8841    1535.46    116.279    115.891         33 0.0000e+00
      24296   1012.304    102.351    103.000    19.9682    19.9724   4.976821   4.977351     1.9156     1.5719      91.01   19.16800  -93.28971   -0.02251   -0.02005     2.5692     2.5619    19.9490    19.9533    36.5100    36.5107    25.9273    25.9267    1535.11    111.842    111.523         30 0.0000e+00
      24332   1013.782    103.344    104.000    19.8641    19.8718   4.966023   4.966997     1.9005     1.5608      95.22   19.16974  -93.29816   -0.01840   -0.01585     2.5405     2.5407    19.8449    19.8525    36.5121    36.5134    25.9568    25.9558    1535.14    110.588    110.597         37 0.0000e+00
      24367   1015.247    104.337    105.000    19.7686    19.7733   4.955911   4.956568     1.8896     1.5531     100.06   19.16974  -93.29816   -0.01161   -0.00905     2.5221     2.5276    19.7492    19.7539    36.5113    36.5126    25.9815    25.9812    1535.04    109.784    110.024         32 0.0000e+00
      24398   1016.531    105.331    106.000    19.7481    19.7490   4.953789   4.954095     1.8813     1.5467     100.00   19.16974  -93.29816   -0.00795   -0.00565     2.5082     2.5161    19.7286    19.7295    36.5112    36.5130    25.9869    25.9880    1534.96    109.179    109.524         30 0.0000e+00
      24427   1017.752    106.324    107.000    19.6845    19.6866   4.946934   4.947309     1.8764     1.5433     100.00   19.16974  -93.29816   -0.00629   -0.00467     2.4982     2.5088    19.6647    19.6669    36.5095    36.5107    26.0024    26.0027    1534.84    108.743    109.206         30 0.0000e+00
      24459   1019.102    107.317    108.000    19.6593    19.6610   4.944320   4.944671     1.8722     1.5400      71.69   19.16973  -93.29816   -0.00454   -0.00338     2.4910     2.5028    19.6395    19.6411    36.5093    36.5108    26.0089    26.0096    1534.74    108.429    108.940         36 0.0000e+00
      24496   1020.617    108.311    109.000    19.6406    19.6429   4.942398   4.942791     1.8679     1.5375     100.68   19.16972  -93.29816   -0.00318   -0.00225     2.4829     2.4979    19.6206    19.6229    36.5093    36.5106    26.0138    26.0142    1534.64    108.073    108.728         33 0.0000e+00
      24549   1022.829    110.298    111.000    19.5454    19.5497   4.931781   4.932361     1.8622     1.5326      99.99   19.16690  -93.28444   -0.00248   -0.00172     2.4759     2.4914    19.5251    19.5293    36.5016    36.5027    26.0326    26.0323    1534.21    107.769    108.443         30 0.0000e+00
      24585   1024.344    111.291    112.000    19.4833    19.4863   4.925498   4.925963     1.8598     1.5311     100.00   19.16972  -93.29816   -0.00232   -0.00190     2.4740     2.4910    19.4628    19.4658    36.5051    36.5064    26.0520    26.0522    1534.34    107.684    108.421         36 0.0000e+00
