Gulf of Mexico/GOMECC-4/1db/drb2103_0731.cnv
* Sea-Bird SBE 9 Data File:
* FileName = C:\Users\scs.user.rb\CTD\GOMECC4\data\rb2103_0731.hex
* Software Version Seasave V 7.26.7.107
* Temperature SN = 4799
* Conductivity SN = 3860
* Number of Bytes Per Scan = 41
* Number of Voltage Words = 4
* Number of Scans Averaged by the Deck Unit = 1
* NMEA Latitude = 26 03.44 N
* NMEA Longitude = 093 15.71 W
* NMEA UTC (Time) = Oct 04 2021  10:15:47
* NMEA baud rate = 4800
# nquan = 28
# nvalues = 532                         
# units = specified
# name 0 = scan: Scan Count
# name 1 = timeS: Time, Elapsed [seconds]
# name 2 = depSM: Depth [salt water, m]
# name 3 = prDM: Pressure, Digiquartz [db]
# name 4 = t090C: Temperature [ITS-90, deg C]
# name 5 = t190C: Temperature, 2 [ITS-90, deg C]
# name 6 = c0S/m: Conductivity [S/m]
# name 7 = c1S/m: Conductivity, 2 [S/m]
# name 8 = sbeox0V: Oxygen raw, SBE 43 [V]
# name 9 = sbeox1V: Oxygen raw, SBE 43, 2 [V]
# name 10 = altM: Altimeter [m]
# name 11 = latitude: Latitude [deg]
# name 12 = longitude: Longitude [deg]
# name 13 = sbox0dV/dT: Oxygen, SBE 43 [dov/dt]
# name 14 = sbox1dV/dT: Oxygen, SBE 43, 2 [dov/dt]
# name 15 = sbeox0ML/L: Oxygen, SBE 43 [ml/l], WS = 5
# name 16 = sbeox1ML/L: Oxygen, SBE 43, 2 [ml/l], WS = 5
# name 17 = potemp090C: Potential Temperature [ITS-90, deg C]
# name 18 = potemp190C: Potential Temperature, 2 [ITS-90, deg C]
# name 19 = sal00: Salinity, Practical [PSU]
# name 20 = sal11: Salinity, Practical, 2 [PSU]
# name 21 = sigma-é00: Density [sigma-theta, kg/m^3]
# name 22 = sigma-é11: Density, 2 [sigma-theta, kg/m^3]
# name 23 = avgsvCM: Average Sound Velocity [Chen-Millero, m/s], minP = 20, minS = 20
# name 24 = sbox0Mm/Kg: Oxygen, SBE 43 [umol/kg], WS = 5
# name 25 = sbox1Mm/Kg: Oxygen, SBE 43, 2 [umol/kg], WS = 5
# name 26 = nbin: number of scans per bin
# name 27 = flag: flag
# span 0 =      13404,      98034       
# span 1 =    558.470,   4084.696       
# span 2 =      2.980,   3088.686       
# span 3 =      3.000,   3132.000       
# span 4 =     4.3159,    28.9039       
# span 5 =     4.3168,    28.9038       
# span 6 =   3.358743,   5.862302       
# span 7 =   3.358694,   5.862116       
# span 8 =     1.5828,     3.2318       
# span 9 =     1.2891,     2.7665       
# span 10 =       9.35,     101.65      
# span 11 =   26.03238,   26.06099      
# span 12 =  -93.27322,  -93.17373      
# span 13 =   -0.02491,    0.00716      
# span 14 =   -0.02623,    0.00653      
# span 15 =     2.4848,     4.8618      
# span 16 =     2.5015,     4.8791      
# span 17 =     4.0832,    28.8947      
# span 18 =     4.0844,    28.8946      
# span 19 =    34.9094,    36.5307      
# span 20 =    34.9087,    36.5317      
# span 21 =    22.7114,    27.7607      
# span 22 =    22.7109,    27.7592      
# span 23 =       0.00,    1586.82      
# span 24 =    108.044,    211.982      
# span 25 =    108.877,    212.741      
# span 26 =         30,         71      
# span 27 = 0.0000e+00, 0.0000e+00      
# interval = decibars: 1                
# start_time = Oct 04 2021 10:15:47 [NMEA time, header]
# bad_flag = -9.990e-29
*END*
[from data line 259]
      40153   1673.004    942.653    951.000     5.6010     5.6023   3.435525   3.435566     1.7683     1.4616     100.00   26.05764  -93.26313    0.00086    0.00060     3.5366     3.5697     5.5171     5.5184    34.9197    34.9188    27.5498    27.5490    1504.71    153.711    155.149         35 0.0000e+00
      40304   1679.307    948.587    957.000     5.5704     5.5710   3.433097   3.433084     1.7709     1.4645     100.00   26.05781  -93.26376    0.00035    0.00038     3.5511     3.5859     5.4862     5.4868    34.9208    34.9199    27.5544    27.5537    1504.62    154.339    155.854         31 0.0000e+00
      40968   1706.974    974.298    983.000     5.4677     5.4693   3.425113   3.425190     1.7866     1.4787     100.00   26.05752  -93.26264    0.00019    0.00009     3.6266     3.6603     5.3817     5.3833    34.9232    34.9224    27.5691    27.5682    1504.17    157.618    159.085         30 0.0000e+00
      41091   1712.090    979.241    988.000     5.4577     5.4582   3.424337   3.424308     1.7877     1.4799     100.00   26.05643  -93.25874    0.00023    0.00017     3.6339     3.6684     5.3714     5.3718    34.9221    34.9213    27.5694    27.5687    1504.03    157.938    159.434         35 0.0000e+00
      41127   1713.586    980.230    989.000     5.4600     5.4591   3.424672   3.424572     1.7881     1.4801     100.00   26.05760  -93.26294    0.00018    0.00013     3.6353     3.6694     5.3736     5.3727    34.9236    34.9229    27.5704    27.5699    1504.08    157.996    159.480         30 0.0000e+00
      41219   1717.436    984.185    993.000     5.4514     5.4519   3.424165   3.424165     1.7887     1.4805     100.00   26.05695  -93.26061    0.00014    0.00014     3.6403     3.6741     5.3646     5.3651    34.9233    34.9223    27.5712    27.5704    1503.98    158.215    159.681         30 0.0000e+00
      41452   1727.122    993.084   1002.000     5.4454     5.4466   3.423947   3.423998     1.7899     1.4814     100.00   26.05725  -93.26169    0.00003    0.00011     3.6491     3.6817     5.3578     5.3591    34.9236    34.9229    27.5723    27.5715    1503.86    158.597    160.012         30 0.0000e+00
      41605   1733.520    999.016   1008.000     5.4388     5.4391   3.423650   3.423615     1.7889     1.4805     100.00   26.05758  -93.26290   -0.00034   -0.00009     3.6493     3.6818     5.3507     5.3511    34.9241    34.9234    27.5736    27.5729    1503.79    158.603    160.018         38 0.0000e+00
      41725   1738.509   1003.960   1013.000     5.4228     5.4232   3.422332   3.422299     1.7900     1.4821      98.30   26.05649  -93.25894    0.00028    0.00030     3.6569     3.6917     5.3344     5.3348    34.9231    34.9223    27.5747    27.5740    1503.65    158.934    160.449         33 0.0000e+00
      41762   1740.025   1004.949   1014.000     5.4223     5.4229   3.422461   3.422440     1.7909     1.4823      83.39   26.05760  -93.26296    0.00054    0.00032     3.6604     3.6931     5.3338     5.3344    34.9246    34.9238    27.5760    27.5753    1503.70    159.087    160.508         34 0.0000e+00
      41908   1746.122   1010.881   1020.000     5.3957     5.3962   3.420323   3.420299     1.7921     1.4840     100.00   26.05726  -93.26169    0.00014    0.00013     3.6703     3.7050     5.3068     5.3073    34.9248    34.9240    27.5794    27.5787    1503.60    159.517    161.024         34 0.0000e+00
      41942   1747.523   1011.869   1021.000     5.3941     5.3946   3.420269   3.420240     1.7932     1.4848     100.00   26.05762  -93.26296    0.00044    0.00038     3.6745     3.7084     5.3052     5.3056    34.9254    34.9246    27.5800    27.5793    1503.60    159.696    161.171         31 0.0000e+00
      42246   1760.225   1023.733   1033.000     5.3430     5.3438   3.416246   3.416246     1.7995     1.4908     100.00   26.05726  -93.26168    0.00072    0.00070     3.7070     3.7417     5.2533     5.2541    34.9264    34.9255    27.5870    27.5863    1503.41    161.111    162.620         33 0.0000e+00
      42457   1769.008   1031.641   1041.000     5.3333     5.3335   3.415844   3.415797     1.8029     1.4931     100.00   26.05805  -93.26452    0.00026    0.00017     3.7237     3.7553     5.2429     5.2432    34.9280    34.9272    27.5895    27.5889    1503.35    161.833    163.211         30 0.0000e+00
      42555   1773.098   1035.595   1045.000     5.3264     5.3270   3.415314   3.415302     1.8026     1.4933     100.00   26.05722  -93.26155   -0.00008    0.00005     3.7253     3.7587     5.2357     5.2363    34.9270    34.9263    27.5896    27.5890    1503.25    161.903    163.357         31 0.0000e+00
      43073   1794.679   1055.365   1065.000     5.2938     5.2942   3.413307   3.413275     1.8059     1.4958     100.00   26.05719  -93.26145    0.00023    0.00005     3.7497     3.7809     5.2015     5.2019    34.9281    34.9273    27.5946    27.5939    1502.98    162.966    164.323         31 0.0000e+00
      43614   1817.210   1076.121   1086.000     5.2002     5.2006   3.406001   3.405974     1.8169     1.5067     100.00   26.05734  -93.26201    0.00082    0.00084     3.8079     3.8422     5.1066     5.1071    34.9312    34.9304    27.6082    27.6076    1502.72    165.491    166.982         30 0.0000e+00
      43793   1824.661   1083.040   1093.000     5.1631     5.1631   3.402890   3.402870     1.8218     1.5116      98.55   26.05724  -93.26165    0.00078    0.00077     3.8315     3.8676     5.0692     5.0692    34.9322    34.9313    27.6135    27.6128    1502.63    166.517    168.085         30 0.0000e+00
      43824   1825.949   1084.028   1094.000     5.1508     5.1514   3.402040   3.402031     1.8227     1.5124      88.30   26.05762  -93.26300    0.00076    0.00077     3.8374     3.8729     5.0569     5.0575    34.9331    34.9323    27.6156    27.6150    1502.64    166.774    168.317         30 0.0000e+00
      44540   1855.776   1111.699   1122.000     5.0690     5.0695   3.396048   3.396011     1.8392     1.5275      74.07   26.05684  -93.26015    0.00005    0.00002     3.9178     3.9527     4.9732     4.9737    34.9353    34.9344    27.6271    27.6263    1502.26    170.267    171.783         31 0.0000e+00
      44574   1857.191   1112.687   1123.000     5.0641     5.0648   3.395744   3.395730     1.8393     1.5275     100.47   26.05764  -93.26302    0.00016    0.00001     3.9192     3.9539     4.9682     4.9689    34.9365    34.9357    27.6287    27.6279    1502.29    170.327    171.833         33 0.0000e+00
      44693   1862.187   1117.628   1128.000     5.0322     5.0327   3.393089   3.393066     1.8412     1.5293     100.00   26.05705  -93.26092    0.00036    0.00039     3.9320     3.9668     4.9361     4.9366    34.9367    34.9359    27.6325    27.6318    1502.20    170.880    172.394         30 0.0000e+00
      44726   1863.539   1118.616   1129.000     5.0292     5.0297   3.392933   3.392912     1.8422     1.5308     100.00   26.05764  -93.26302    0.00062    0.00075     3.9362     3.9734     4.9331     4.9336    34.9375    34.9368    27.6336    27.6329    1502.22    171.063    172.679         32 0.0000e+00
      44878   1869.880   1124.545   1135.000     5.0087     5.0091   3.391451   3.391416     1.8465     1.5337     100.00   26.05800  -93.26433    0.00060    0.00022     3.9564     3.9895     4.9122     4.9126    34.9389    34.9381    27.6371    27.6364    1502.18    171.942    173.381         30 0.0000e+00
      45058   1877.391   1131.461   1142.000     4.9697     4.9703   3.388310   3.388279     1.8527     1.5404     100.00   26.05758  -93.26282    0.00107    0.00112     3.9863     4.0230     4.8729     4.8734    34.9397    34.9388    27.6423    27.6415    1502.07    173.239    174.835         32 0.0000e+00
      46376   1932.312   1181.847   1193.000     4.8570     4.8573   3.380670   3.380621     1.8655     1.5520     100.00   26.05767  -93.26304    0.00070    0.00078     4.0710     4.1072     4.7564     4.7567    34.9439    34.9431    27.6589    27.6582    1501.54    176.916    178.489         30 0.0000e+00
      46765   1948.484   1196.664   1208.000     4.8273     4.8277   3.378766   3.378726     1.8717     1.5577     100.00   26.05774  -93.26330    0.00005    0.00019     4.1043     4.1404     4.7256     4.7260    34.9455    34.9446    27.6637    27.6629    1501.40    178.366    179.934         30 0.0000e+00
      46887   1953.566   1201.603   1213.000     4.8161     4.8167   3.377939   3.377914     1.8745     1.5603     100.00   26.05717  -93.26127    0.00052    0.00056     4.1183     4.1546     4.7140     4.7146    34.9451    34.9442    27.6647    27.6639    1501.32    178.972    180.551         34 0.0000e+00
      46923   1955.082   1202.591   1214.000     4.8162     4.8167   3.378042   3.378017     1.8754     1.5611     100.00   26.05768  -93.26308    0.00063    0.00048     4.1221     4.1580     4.7140     4.7145    34.9458    34.9450    27.6652    27.6645    1501.34    179.136    180.698         34 0.0000e+00
      47042   1960.062   1207.530   1219.000     4.8071     4.8077   3.377404   3.377378     1.8762     1.5617     100.00   26.05712  -93.26108    0.00018    0.00003     4.1288     4.1641     4.7045     4.7051    34.9457    34.9447    27.6662    27.6653    1501.26    179.429    180.963         38 0.0000e+00
      47458   1977.357   1223.332   1235.000     4.7288     4.7296   3.371321   3.371315     1.8860     1.5722      91.72   26.05746  -93.26225    0.00102    0.00106     4.1813     4.2226     4.6255     4.6263    34.9489    34.9479    27.6776    27.6768    1501.13    181.707    183.504         31 0.0000e+00
      47489   1978.673   1224.320   1236.000     4.7270     4.7274   3.371225   3.371196     1.8873     1.5727     100.18   26.05770  -93.26310    0.00083    0.00077     4.1868     4.2254     4.6236     4.6240    34.9491    34.9484    27.6780    27.6774    1501.14    181.945    183.624         30 0.0000e+00
      47613   1983.830   1229.258   1241.000     4.7263     4.7268   3.371446   3.371382     1.8903     1.5751     100.00   26.05793  -93.26391    0.00061    0.00039     4.2002     4.2376     4.6225     4.6229    34.9499    34.9487    27.6788    27.6778    1501.10    182.529    184.154         34 0.0000e+00
      47793   1991.319   1236.171   1248.000     4.7252     4.7255   3.371570   3.371533     1.8911     1.5751     100.00   26.05751  -93.26241    0.00010    0.00003     4.2072     4.2414     4.6207     4.6210    34.9491    34.9484    27.6784    27.6778    1501.02    182.833    184.319         37 0.0000e+00
      47973   1998.853   1243.084   1255.000     4.7248     4.7252   3.371867   3.371832     1.8903     1.5739     100.00   26.05768  -93.26302   -0.00004   -0.00028     4.2081     4.2408     4.6196     4.6201    34.9495    34.9487    27.6788    27.6781    1500.97    182.871    184.291         30 0.0000e+00
      48004   2000.114   1244.072   1256.000     4.7249     4.7254   3.371905   3.371887     1.8902     1.5739      97.61   26.05770  -93.26310   -0.00013   -0.00025     4.2084     4.2413     4.6197     4.6201    34.9494    34.9487    27.6787    27.6781    1500.96    182.887    184.315         30 0.0000e+00
      48102   2004.204   1248.022   1260.000     4.7251     4.7255   3.372147   3.372127     1.8899     1.5734     100.00   26.05819  -93.26486   -0.00009   -0.00012     4.2093     4.2416     4.6195     4.6199    34.9500    34.9493    27.6792    27.6787    1500.95    182.923    184.327         31 0.0000e+00
      48173   2007.169   1249.010   1261.000     4.7228     4.7233   3.371940   3.371910     1.8893     1.5730      68.38   26.05770  -93.26310   -0.00014   -0.00010     4.2081     4.2407     4.6171     4.6176    34.9495    34.9487    27.6791    27.6784    1500.91    182.874    184.291         40 0.0000e+00
      48264   2010.976   1251.972   1264.000     4.7142     4.7141   3.371300   3.371208     1.8894     1.5735     100.00   26.05739  -93.26198    0.00009    0.00014     4.2112     4.2456     4.6083     4.6082    34.9495    34.9487    27.6801    27.6794    1500.87    183.007    184.502         31 0.0000e+00
      48298   2012.361   1252.960   1265.000     4.7134     4.7145   3.371285   3.371313     1.8896     1.5738     100.00   26.05770  -93.26310    0.00010    0.00028     4.2123     4.2471     4.6074     4.6085    34.9498    34.9490    27.6804    27.6796    1500.88    183.054    184.566         35 0.0000e+00
      48335   2013.914   1253.947   1266.000     4.7126     4.7127   3.371284   3.371200     1.8901     1.5737     100.00   26.05770  -93.26310    0.00015    0.00008     4.2148     4.2473     4.6065     4.6066    34.9501    34.9491    27.6808    27.6799    1500.87    183.163    184.577         38 0.0000e+00
      48508   2021.131   1259.872   1272.000     4.6879     4.6878   3.369360   3.369281     1.8917     1.5761     100.00   26.05750  -93.26242    0.00043    0.00046     4.2269     4.2631     4.5815     4.5814    34.9506    34.9498    27.6840    27.6833    1500.81    183.687    185.263         32 0.0000e+00
      48540   2022.443   1260.860   1273.000     4.6847     4.6854   3.369151   3.369141     1.8927     1.5768     100.00   26.05770  -93.26312    0.00055    0.00045     4.2315     4.2666     4.5783     4.5790    34.9511    34.9502    27.6847    27.6839    1500.81    183.889    185.413         30 0.0000e+00
      48709   2029.518   1266.784   1279.000     4.6525     4.6531   3.366582   3.366550     1.8968     1.5811      98.78   26.05740  -93.26205    0.00064    0.00074     4.2534     4.2906     4.5458     4.5464    34.9519    34.9510    27.6890    27.6881    1500.75    184.838    186.455         35 0.0000e+00
      48744   2030.966   1267.772   1280.000     4.6520     4.6527   3.366621   3.366598     1.8982     1.5824      77.78   26.05770  -93.26312    0.00092    0.00097     4.2590     4.2965     4.5453     4.5459    34.9524    34.9515    27.6894    27.6886    1500.76    185.084    186.712         32 0.0000e+00
      48853   2035.497   1271.722   1284.000     4.6485     4.6490   3.366426   3.366391     1.9010     1.5848     100.00   26.05713  -93.26107    0.00062    0.00047     4.2718     4.3084     4.5414     4.5419    34.9518    34.9509    27.6894    27.6886    1500.69    185.636    187.227         37 0.0000e+00
      48889   2037.002   1272.709   1285.000     4.6482     4.6489   3.366525   3.366498     1.9013     1.5849     100.00   26.05770  -93.26314    0.00040    0.00024     4.2735     4.3094     4.5410     4.5417    34.9528    34.9518    27.6902    27.6894    1500.72    185.711    187.275         32 0.0000e+00
      48994   2041.363   1276.658   1289.000     4.6474     4.6478   3.366539   3.366504     1.9018     1.5847     100.00   26.05703  -93.26068    0.00012   -0.00003     4.2776     4.3113     4.5398     4.5402    34.9519    34.9510    27.6896    27.6889    1500.65    185.890    187.353         35 0.0000e+00
      49032   2042.955   1277.646   1290.000     4.6471     4.6474   3.366631   3.366590     1.9019     1.5849      88.72   26.05770  -93.26314    0.00016 -4.803e-07     4.2785     4.3123     4.5394     4.5398    34.9528    34.9519    27.6904    27.6897    1500.68    185.930    187.397         36 0.0000e+00
      49167   2048.567   1282.583   1295.000     4.6456     4.6459   3.366664   3.366618     1.9018     1.5847      44.19   26.05725  -93.26144   -0.00001    0.00002     4.2813     4.3148     4.5375     4.5378    34.9523    34.9514    27.6902    27.6894    1500.61    186.051    187.508         32 0.0000e+00
      49204   2050.146   1283.570   1296.000     4.6449     4.6453   3.366697   3.366660     1.9018     1.5849     101.54   26.05772  -93.26314    0.00007    0.00003     4.2820     4.3159     4.5367     4.5371    34.9529    34.9520    27.6908    27.6900    1500.63    186.080    187.554         40 0.0000e+00
