Gulf of Mexico/GOMECC-4/1db/drb2103_0831.cnv
* Sea-Bird SBE 9 Data File:
* FileName = C:\Users\scs.user.rb\CTD\GOMECC4\data\rb2103_0831.hex
* Software Version Seasave V 7.26.7.107
* Temperature SN = 4799
* Conductivity SN = 3860
* Number of Bytes Per Scan = 41
* Number of Voltage Words = 4
* Number of Scans Averaged by the Deck Unit = 1
* NMEA Latitude = 22 16.43 N
* NMEA Longitude = 095 00.01 W
* NMEA UTC (Time) = Oct 07 2021  05:34:53
* NMEA baud rate = 4800
# nquan = 28
# nvalues = 271                         
# units = specified
# name 0 = scan: Scan Count
# name 1 = timeS: Time, Elapsed [seconds]
# name 2 = depSM: Depth [salt water, m]
# name 3 = prDM: Pressure, Digiquartz [db]
# name 4 = t090C: Temperature [ITS-90, deg C]
# name 5 = t190C: Temperature, 2 [ITS-90, deg C]
# name 6 = c0S/m: Conductivity [S/m]
# name 7 = c1S/m: Conductivity, 2 [S/m]
# name 8 = sbeox0V: Oxygen raw, SBE 43 [V]
# name 9 = sbeox1V: Oxygen raw, SBE 43, 2 [V]
# name 10 = altM: Altimeter [m]
# name 11 = latitude: Latitude [deg]
# name 12 = longitude: Longitude [deg]
# name 13 = sbox0dV/dT: Oxygen, SBE 43 [dov/dt]
# name 14 = sbox1dV/dT: Oxygen, SBE 43, 2 [dov/dt]
# name 15 = sbeox0ML/L: Oxygen, SBE 43 [ml/l], WS = 5
# name 16 = sbeox1ML/L: Oxygen, SBE 43, 2 [ml/l], WS = 5
# name 17 = potemp090C: Potential Temperature [ITS-90, deg C]
# name 18 = potemp190C: Potential Temperature, 2 [ITS-90, deg C]
# name 19 = sal00: Salinity, Practical [PSU]
# name 20 = sal11: Salinity, Practical, 2 [PSU]
# name 21 = sigma-é00: Density [sigma-theta, kg/m^3]
# name 22 = sigma-é11: Density, 2 [sigma-theta, kg/m^3]
# name 23 = avgsvCM: Average Sound Velocity [Chen-Millero, m/s], minP = 20, minS = 20
# name 24 = sbox0Mm/Kg: Oxygen, SBE 43 [umol/kg], WS = 5
# name 25 = sbox1Mm/Kg: Oxygen, SBE 43, 2 [umol/kg], WS = 5
# name 26 = nbin: number of scans per bin
# name 27 = flag: flag
# span 0 =       7789,      98127       
# span 1 =    324.503,   4088.591       
# span 2 =      4.969,   3395.802       
# span 3 =      5.000,   3445.000       
# span 4 =     4.2776,    29.5743       
# span 5 =     4.2782,    29.5766       
# span 6 =   3.344632,   5.968491       
# span 7 =   3.344600,   5.968886       
# span 8 =     1.5798,     3.3757       
# span 9 =     1.2845,     2.8940       
# span 10 =       9.77,     100.70      
# span 11 =   22.26806,   22.27463      
# span 12 =  -95.00376,  -94.97569      
# span 13 =   -0.03744,    0.02519      
# span 14 =   -0.03419,    0.02742      
# span 15 =     2.4994,     5.1077      
# span 16 =     2.5149,     5.1193      
# span 17 =     4.0775,    29.5669      
# span 18 =     4.0787,    29.5692      
# span 19 =    34.9137,    36.5061      
# span 20 =    34.9131,    36.5079      
# span 21 =    22.7805,    27.7589      
# span 22 =    22.7807,    27.7575      
# span 23 =       0.00,    1546.39      
# span 24 =    108.760,    222.710      
# span 25 =    109.437,    223.214      
# span 26 =         30,         69      
# span 27 = 0.0000e+00, 0.0000e+00      
# interval = decibars: 1                
# start_time = Oct 07 2021 05:34:53 [NMEA time, header]
# bad_flag = -9.990e-29
*END*
[from data line 104]
      12459    519.097    117.229    118.000    20.6511    20.6557   5.037506   5.038139     2.3279     1.9438      94.66   22.27379  -95.00019   -0.02801   -0.02730     3.4153     3.4042    20.6287    20.6333    36.4128    36.4141    25.6712    25.6708    1537.21    148.712    148.227         32 0.0000e+00
      12492    520.462    118.223    119.000    20.5575    20.5594   5.029631   5.030016     2.2713     1.8905     100.10   22.27379  -95.00019   -0.03403   -0.03189     3.3013     3.2858    20.5349    20.5368    36.4288    36.4303    25.7087    25.7093    1537.11    143.742    143.066         32 0.0000e+00
      12523    521.742    119.216    120.000    20.5126    20.5150   5.025580   5.026037     2.2301     1.8563     100.00   22.27379  -95.00019   -0.03744   -0.03419     3.2166     3.2086    20.4899    20.4923    36.4340    36.4357    25.7249    25.7254    1537.03    140.052    139.703         30 0.0000e+00
      12554    523.033    120.209    121.000    20.4695    20.4721   5.021645   5.022108     2.2027     1.8336     100.00   22.27379  -95.00020   -0.03287   -0.02872     3.1612     3.1583    20.4466    20.4492    36.4386    36.4402    25.7400    25.7405    1536.94    137.636    137.510         33 0.0000e+00
      12588    524.474    121.202    122.000    20.4200    20.4226   5.017139   5.017689     2.1769     1.8124      77.85   22.27379  -95.00020   -0.02308   -0.01899     3.1111     3.1128    20.3976    20.3998    36.4436    36.4452    25.7570    25.7573    1536.85    135.455    135.526         36 0.0000e+00
      12623    525.919    122.195    123.000    20.3460    20.3483   5.009805   5.010216     2.1487     1.7868     100.70   22.27378  -95.00020   -0.01910   -0.01637     3.0540     3.0562    20.3228    20.3252    36.4477    36.4490    25.7802    25.7806    1536.76    132.965    133.061         31 0.0000e+00
      12681    528.345    124.181    125.000    20.1968    20.1982   4.994375   4.994657     2.1198     1.7636      99.98   22.26986  -94.98345   -0.01430   -0.01215     3.0017     3.0106    20.1733    20.1747    36.4470    36.4481    25.8192    25.8197    1536.31    130.683    131.071         34 0.0000e+00
      12718    529.866    125.174    126.000    20.1886    20.1903   4.995293   4.995614     2.1053     1.7497      79.59   22.27379  -95.00020   -0.01074   -0.00912     2.9712     2.9785    20.1649    20.1666    36.4636    36.4647    25.8347    25.8351    1536.50    129.354    129.668         34 0.0000e+00
      12749    531.175    126.168    127.000    20.1242    20.1285   4.989539   4.990209     2.0890     1.7341      79.64   22.27378  -95.00020   -0.01080   -0.01001     2.9402     2.9454    20.1005    20.1047    36.4716    36.4734    25.8580    25.8583    1536.41    127.999    128.225         30 0.0000e+00
      12780    532.451    127.161    128.000    20.0163    20.0189   4.979473   4.979969     2.0681     1.7137      99.56   22.27378  -95.00020   -0.01267   -0.01208     2.9018     2.9033    19.9924    19.9950    36.4820    36.4838    25.8947    25.8954    1536.33    126.323    126.389         32 0.0000e+00
      12815    533.909    128.154    129.000    19.9490    19.9523   4.972839   4.973387     2.0445     1.6927     100.00   22.27378  -95.00020   -0.01554   -0.01477     2.8551     2.8575    19.9250    19.9283    36.4853    36.4870    25.9152    25.9156    1536.24    124.286    124.391         36 0.0000e+00
      12848    535.299    129.147    130.000    19.8518    19.8557   4.963474   4.964110     2.0257     1.6761     100.00   22.27378  -95.00020   -0.01568   -0.01419     2.8201     2.8235    19.8277    19.8316    36.4921    36.4940    25.9461    25.9466    1536.15    122.759    122.908         30 0.0000e+00
      12906    537.715    131.133    132.000    19.7212    19.7218   4.950802   4.951063     1.9899     1.6436      99.99   22.27061  -94.98666   -0.01413   -0.01289     2.7504     2.7538    19.6968    19.6975    36.4984    36.5000    25.9850    25.9861    1535.76    119.720    119.868         33 0.0000e+00
      12943    539.239    132.126    133.000    19.6537    19.6568   4.944116   4.944656     1.9765     1.6333     100.00   22.27378  -95.00020   -0.01299   -0.01135     2.7253     2.7329    19.6293    19.6323    36.5032    36.5050    26.0069    26.0075    1535.89    118.626    118.958         36 0.0000e+00
      12976    540.613    133.120    134.000    19.5669    19.5688   4.935378   4.935797     1.9624     1.6208     100.00   22.27378  -95.00020   -0.01055   -0.00861     2.6997     2.7078    19.5423    19.5443    36.5061    36.5079    26.0320    26.0328    1535.81    117.510    117.861         30 0.0000e+00
      13006    541.888    134.113    135.000    19.5271    19.5292   4.931093   4.931538     1.9495     1.6100      99.40   22.27378  -95.00020   -0.00997   -0.00842     2.6742     2.6846    19.5024    19.5045    36.5048    36.5067    26.0414    26.0423    1535.72    116.398    116.853         32 0.0000e+00
      13039    543.245    135.106    136.000    19.4834    19.4862   4.926162   4.926684     1.9409     1.6033      99.48   22.27378  -95.00020   -0.00937   -0.00798     2.6580     2.6711    19.4586    19.4613    36.5016    36.5035    26.0504    26.0512    1535.63    115.692    116.261         33 0.0000e+00
      13072    544.622    136.099    137.000    19.4568    19.4588   4.922986   4.923427     1.9366     1.5996     100.01   22.27378  -95.00020   -0.00654   -0.00527     2.6505     2.6638    19.4317    19.4337    36.4981    36.5000    26.0548    26.0557    1535.54    115.365    115.946         32 0.0000e+00
      13103    545.928    137.092    138.000    19.4099    19.4128   4.917681   4.918214     1.9348     1.5999     100.00   22.27378  -95.00020   -0.00352   -0.00256     2.6494     2.6671    19.3847    19.3877    36.4945    36.4964    26.0643    26.0650    1535.46    115.316    116.087         31 0.0000e+00
      13135    547.237    138.085    139.000    19.3504    19.3520   4.911578   4.911938     1.9288     1.5926     100.00   22.27378  -95.00020   -0.00241   -0.00171     2.6397     2.6531    19.3250    19.3267    36.4953    36.4969    26.0805    26.0812    1535.37    114.893    115.475         33 0.0000e+00
      13169    548.670    139.078    140.000    19.3198    19.3215   4.908551   4.908894     1.9201     1.5844     100.00   22.27378  -95.00020   -0.00427   -0.00428     2.6228     2.6354    19.2943    19.2960    36.4965    36.4979    26.0894    26.0900    1535.29    114.156    114.705         35 0.0000e+00
      13202    550.047    140.071    141.000    19.2781    19.2802   4.904191   4.904581     1.9150     1.5807     100.00   22.27378  -95.00020   -0.00533   -0.00523     2.6140     2.6288    19.2525    19.2546    36.4962    36.4976    26.1000    26.1005    1535.21    113.773    114.416         31 0.0000e+00
      13233    551.347    141.064    142.000    19.1892    19.1925   4.894367   4.894961     1.9107     1.5768     100.00   22.27378  -95.00020   -0.00414   -0.00338     2.6096     2.6242    19.1635    19.1668    36.4916    36.4936    26.1195    26.1202    1535.12    113.578    114.213         32 0.0000e+00
      13265    552.679    142.057    143.000    19.1121    19.1148   4.885746   4.886251     1.9047     1.5719      81.84   22.27378  -95.00020   -0.00368   -0.00303     2.6009     2.6167    19.0863    19.0890    36.4867    36.4885    26.1357    26.1365    1535.04    113.199    113.886         32 0.0000e+00
      13296    553.977    143.050    144.000    19.0637    19.0658   4.880390   4.880793     1.9000     1.5677      61.90   22.27378  -95.00020   -0.00402   -0.00346     2.5935     2.6092    19.0377    19.0399    36.4839    36.4854    26.1462    26.1467    1534.95    112.874    113.559         31 0.0000e+00
      13328    555.300    144.043    145.000    19.0516    19.0525   4.879104   4.879342     1.8959     1.5629      99.64   22.27378  -95.00020   -0.00374   -0.00341     2.5855     2.5988    19.0255    19.0264    36.4833    36.4845    26.1489    26.1496    1534.87    112.525    113.107         32 0.0000e+00
      13363    556.753    145.037    146.000    19.0337    19.0351   4.877189   4.877486     1.8913     1.5593     100.00   22.27378  -95.00020   -0.00324   -0.00328     2.5767     2.5912    19.0075    19.0088    36.4826    36.4839    26.1529    26.1536    1534.79    112.141    112.774         37 0.0000e+00
      13398    558.192    146.030    147.000    19.0146    19.0160   4.875191   4.875496     1.8894     1.5581     100.00   22.27378  -95.00020   -0.00276   -0.00235     2.5737     2.5896    18.9881    18.9896    36.4823    36.4836    26.1577    26.1583    1534.70    112.013    112.704         31 0.0000e+00
      13454    560.523    148.016    149.000    18.8513    18.8539   4.856093   4.856624     1.8861     1.5556      99.98   22.26973  -94.98293   -0.00095   -0.00070     2.5760     2.5924    18.8246    18.8272    36.4623    36.4645    26.1838    26.1848    1534.26    112.107    112.823         31 0.0000e+00
      13490    562.056    149.009    150.000    18.7686    18.7717   4.847149   4.847713     1.8818     1.5536     100.00   22.27378  -95.00020   -0.00194   -0.00143     2.5708     2.5909    18.7419    18.7450    36.4615    36.4635    26.2049    26.2057    1534.46    111.879    112.754         38 0.0000e+00
      13527    563.592    150.002    151.000    18.7279    18.7295   4.842597   4.842930     1.8758     1.5465     100.00   22.27378  -95.00020   -0.00336   -0.00274     2.5603     2.5773    18.7010    18.7026    36.4586    36.4600    26.2132    26.2138    1534.37    111.420    112.163         34 0.0000e+00
      13587    566.078    151.988    153.000    18.6445    18.6506   4.832541   4.833793     1.8710     1.5432      90.58   22.27275  -94.99580   -0.00259   -0.00239     2.5559     2.5740    18.6173    18.6234    36.4480    36.4512    26.2262    26.2271    1534.15    111.228    112.018         30 0.0000e+00
      13619    567.423    152.981    154.000    18.5601    18.5619   4.823395   4.823775     1.8691     1.5419     100.04   22.27378  -95.00020   -0.00172   -0.00100     2.5552     2.5755    18.5329    18.5347    36.4431    36.4447    26.2440    26.2448    1534.13    111.198    112.080         33 0.0000e+00
      13653    568.815    153.974    155.000    18.5124    18.5149   4.817812   4.818295     1.8644     1.5368     100.00   22.27378  -95.00020   -0.00186   -0.00143     2.5476     2.5657    18.4850    18.4876    36.4375    36.4394    26.2519    26.2527    1534.05    110.865    111.655         34 0.0000e+00
      13686    570.204    154.967    156.000    18.4484    18.4505   4.810480   4.810880     1.8571     1.5270     100.00   22.27378  -95.00020   -0.00349   -0.00372     2.5349     2.5454    18.4210    18.4231    36.4315    36.4330    26.2634    26.2641    1533.97    110.311    110.767         33 0.0000e+00
      13720    571.629    155.960    157.000    18.4213    18.4230   4.807365   4.807702     1.8460     1.5175      66.88   22.27378  -95.00020   -0.00577   -0.00644     2.5121     2.5239    18.3937    18.3954    36.4286    36.4300    26.2681    26.2687    1533.88    109.318    109.832         34 0.0000e+00
      13809    575.338    158.939    160.000    18.2085    18.2112   4.782199   4.782720     1.8351     1.5091      99.98   22.26992  -94.98373   -0.00305   -0.00231     2.5000     2.5149    18.1805    18.1833    36.3996    36.4016    26.2990    26.2998    1533.37    108.789    109.437         36 0.0000e+00
      13848    576.963    159.932    161.000    18.1336    18.1369   4.773943   4.774531     1.8330     1.5083     100.00   22.27378  -95.00020   -0.00211   -0.00157     2.4994     2.5169    18.1056    18.1089    36.3972    36.3993    26.3163    26.3172    1533.56    108.760    109.524         37 0.0000e+00
      13882    578.365    160.925    162.000    18.0705    18.0725   4.766719   4.767144     1.8314     1.5066     100.00   22.27378  -95.00020   -0.00158   -0.00102     2.4995     2.5163    18.0423    18.0444    36.3911    36.3929    26.3275    26.3284    1533.47    108.763    109.494         30 0.0000e+00
      13940    580.800    162.911    164.000    17.9743    17.9762   4.755704   4.756095     1.8327     1.5072     100.00   22.27331  -94.99818   -0.00002   -0.00013     2.5081     2.5233    17.9459    17.9478    36.3812    36.3829    26.3438    26.3446    1533.28    109.138    109.798         32 0.0000e+00
      13975    582.260    163.904    165.000    17.9351    17.9369   4.751317   4.751667     1.8333     1.5085     100.00   22.27378  -95.00020    0.00046    0.00034     2.5117     2.5288    17.9066    17.9083    36.3783    36.3797    26.3514    26.3521    1533.23    109.293    110.037         37 0.0000e+00
      14010    583.723    164.897    166.000    17.8935    17.8957   4.746523   4.746920     1.8348     1.5088      99.94   22.27378  -95.00020    0.00059    0.00046     2.5177     2.5319    17.8649    17.8670    36.3738    36.3753    26.3583    26.3589    1533.15    109.552    110.169         33 0.0000e+00
      14071    586.250    166.883    168.000    17.8237    17.8263   4.738375   4.738853     1.8376     1.5130     100.00   22.27378  -95.00022    0.00115    0.00137     2.5285     2.5465    17.7948    17.7974    36.3651    36.3669    26.3690    26.3697    1532.99    110.021    110.803         31 0.0000e+00
      14103    587.572    167.875    169.000    17.7686    17.7711   4.731895   4.732341     1.8376     1.5124     100.00   22.27378  -95.00020    0.00080    0.00105     2.5318     2.5481    17.7396    17.7421    36.3580    36.3596    26.3771    26.3778    1532.90    110.163    110.874         33 0.0000e+00
      14136    588.947    168.868    170.000    17.7417    17.7432   4.728786   4.729096     1.8374     1.5130      83.85   22.27378  -95.00020    0.00023    0.00016     2.5330     2.5513    17.7125    17.7141    36.3549    36.3562    26.3814    26.3821    1532.82    110.215    111.013         33 0.0000e+00
      14169    590.352    169.861    171.000    17.6977    17.7003   4.723640   4.724118     1.8366     1.5121      90.08   22.27378  -95.00020   -0.00025    0.00002     2.5339     2.5517    17.6684    17.6711    36.3494    36.3511    26.3880    26.3887    1532.75    110.253    111.028         34 0.0000e+00
      14202    591.721    170.854    172.000    17.6132    17.6187   4.713892   4.714498     1.8348     1.5098      99.94   22.27378  -95.00020   -0.00065   -0.00067     2.5339     2.5497    17.5839    17.5893    36.3382    36.3406    26.4002    26.4007    1532.68    110.255    110.940         32 0.0000e+00
      14234    593.033    171.847    173.000    17.5392    17.5419   4.705111   4.705602     1.8308     1.5066     100.00   22.27378  -95.00020   -0.00147   -0.00162     2.5298     2.5468    17.5098    17.5125    36.3300    36.3319    26.4121    26.4128    1532.59    110.074    110.815         31 0.0000e+00
      14265    594.335    172.840    174.000    17.4630    17.4674   4.696134   4.696858     1.8267     1.5039     100.00   22.27378  -95.00020   -0.00263   -0.00215     2.5249     2.5441    17.4335    17.4379    36.3201    36.3223    26.4231    26.4237    1532.51    109.862    110.696         31 0.0000e+00
      14296    595.636    173.833    175.000    17.4165    17.4181   4.690799   4.691125     1.8245     1.5019     100.00   22.27378  -95.00020   -0.00286   -0.00210     2.5228     2.5422    17.3869    17.3885    36.3150    36.3164    26.4305    26.4312    1532.43    109.768    110.611         32 0.0000e+00
      14329    597.010    174.826    176.000    17.3887    17.3901   4.687552   4.687855     1.8241     1.5030     100.00   22.27378  -95.00020   -0.00174   -0.00109     2.5237     2.5466    17.3589    17.3603    36.3113    36.3127    26.4345    26.4353    1532.34    109.808    110.803         34 0.0000e+00
