Gulf of Mexico/GOMECC-4/1db/drb2103_0121.cnv
* Sea-Bird SBE 9 Data File:
* FileName = C:\Users\scs.user.rb\CTD\GOMECC4\data\rb2103_0122.hex
* Software Version Seasave V 7.26.7.107
* Temperature SN = 4799
* Conductivity SN = 3860
* Number of Bytes Per Scan = 41
* Number of Voltage Words = 4
* Number of Scans Averaged by the Deck Unit = 1
* NMEA Latitude = 26 39.93 N
* NMEA Longitude = 085 00.17 W
* NMEA UTC (Time) = Sep 18 2021  13:28:43
* NMEA baud rate = 4800
# nquan = 28
# nvalues = 379                         
# units = specified
# name 0 = scan: Scan Count
# name 1 = timeS: Time, Elapsed [seconds]
# name 2 = depSM: Depth [salt water, m]
# name 3 = prDM: Pressure, Digiquartz [db]
# name 4 = t090C: Temperature [ITS-90, deg C]
# name 5 = t190C: Temperature, 2 [ITS-90, deg C]
# name 6 = c0S/m: Conductivity [S/m]
# name 7 = c1S/m: Conductivity, 2 [S/m]
# name 8 = sbeox0V: Oxygen raw, SBE 43 [V]
# name 9 = sbeox1V: Oxygen raw, SBE 43, 2 [V]
# name 10 = altM: Altimeter [m]
# name 11 = latitude: Latitude [deg]
# name 12 = longitude: Longitude [deg]
# name 13 = sbox0dV/dT: Oxygen, SBE 43 [dov/dt]
# name 14 = sbox1dV/dT: Oxygen, SBE 43, 2 [dov/dt]
# name 15 = sbeox0ML/L: Oxygen, SBE 43 [ml/l], WS = 5
# name 16 = sbeox1ML/L: Oxygen, SBE 43, 2 [ml/l], WS = 5
# name 17 = potemp090C: Potential Temperature [ITS-90, deg C]
# name 18 = potemp190C: Potential Temperature, 2 [ITS-90, deg C]
# name 19 = sal00: Salinity, Practical [PSU]
# name 20 = sal11: Salinity, Practical, 2 [PSU]
# name 21 = sigma-é00: Density [sigma-theta, kg/m^3]
# name 22 = sigma-é11: Density, 2 [sigma-theta, kg/m^3]
# name 23 = avgsvCM: Average Sound Velocity [Chen-Millero, m/s], minP = 20, minS = 20
# name 24 = sbox0Mm/Kg: Oxygen, SBE 43 [umol/kg], WS = 5
# name 25 = sbox1Mm/Kg: Oxygen, SBE 43, 2 [umol/kg], WS = 5
# name 26 = nbin: number of scans per bin
# name 27 = flag: flag
# span 0 =       5059,     101561       
# span 1 =    210.765,   4231.666       
# span 2 =      3.974,   3276.439       
# span 3 =      4.000,   3324.000       
# span 4 =     4.3024,    30.4335       
# span 5 =     4.3032,    30.4349       
# span 6 =   3.349275,   5.995744       
# span 7 =   3.349245,   5.995962       
# span 8 =     1.6203,     3.1448       
# span 9 =     1.3286,     2.6778       
# span 10 =      10.29,     106.59      
# span 11 =   26.57926,   26.66546      
# span 12 =  -85.00765,  -84.72906      
# span 13 =   -0.02639,    0.10622      
# span 14 =   -0.02147,    0.07387      
# span 15 =     2.6209,     4.6987      
# span 16 =     2.6657,     4.7392      
# span 17 =     4.0795,    30.4325      
# span 18 =     4.0808,    30.4326      
# span 19 =    34.2620,    36.7058      
# span 20 =    34.3912,    36.7055      
# span 21 =    21.2240,    27.7600      
# span 22 =    21.3624,    27.7584      
# span 23 =       0.00,    1544.32      
# span 24 =    113.956,    204.177      
# span 25 =    115.903,    205.939      
# span 26 =         30,         79      
# span 27 = 0.0000e+00, 0.0000e+00      
# interval = decibars: 1                
# start_time = Sep 18 2021 13:28:43 [NMEA time, header]
# bad_flag = -9.990e-29
*END*
[from data line 363]
      97851   4077.089   3257.852   3305.000     4.3957     4.3969   3.425471   3.425420     1.7115     1.4078      29.24   26.66306  -85.00746   -0.00007   -0.00001     4.6938     4.7307     4.0796     4.0808    34.9774    34.9755    27.7599    27.7582    1502.63    203.963    205.567         39 0.0000e+00
      97887   4078.588   3258.831   3306.000     4.3958     4.3970   3.425511   3.425473     1.7114     1.4078      28.33   26.66306  -85.00746   -0.00010   -0.00000     4.6942     4.7311     4.0796     4.0808    34.9773    34.9756    27.7598    27.7583    1502.64    203.981    205.586         32 0.0000e+00
      97918   4079.895   3259.809   3307.000     4.3959     4.3971   3.425566   3.425521     1.7114     1.4077      27.34   26.66306  -85.00746   -0.00009   -0.00003     4.6948     4.7310     4.0796     4.0808    34.9774    34.9757    27.7599    27.7584    1502.64    204.007    205.579         32 0.0000e+00
      97955   4081.418   3260.787   3308.000     4.3960     4.3972   3.425607   3.425559     1.7111     1.4073      26.28   26.66305  -85.00746   -0.00007   -0.00014     4.6940     4.7296     4.0796     4.0808    34.9774    34.9756    27.7598    27.7583    1502.65    203.970    205.518         42 0.0000e+00
      97995   4083.094   3261.766   3309.000     4.3961     4.3973   3.425658   3.425612     1.7110     1.4072      25.33   26.66306  -85.00746   -0.00010   -0.00019     4.6939     4.7296     4.0796     4.0808    34.9774    34.9757    27.7599    27.7584    1502.66    203.965    205.520         35 0.0000e+00
      98056   4085.638   3263.722   3311.000     4.3963     4.3975   3.425738   3.425685     1.7106     1.4070      23.43   26.66286  -85.00686   -0.00012   -0.00003     4.6934     4.7302     4.0795     4.0808    34.9773    34.9754    27.7598    27.7581    1502.66    203.947    205.547         33 0.0000e+00
      98094   4087.219   3264.700   3312.000     4.3964     4.3977   3.425808   3.425753     1.7107     1.4067      22.44   26.66305  -85.00746   -0.00009   -0.00010     4.6945     4.7290     4.0796     4.0808    34.9775    34.9756    27.7600    27.7583    1502.67    203.994    205.493         42 0.0000e+00
      98133   4088.826   3265.678   3313.000     4.3966     4.3978   3.425853   3.425802     1.7106     1.4067      21.46   26.66305  -85.00746    0.00003   -0.00013     4.6945     4.7296     4.0796     4.0808    34.9775    34.9756    27.7599    27.7583    1502.68    203.993    205.519         33 0.0000e+00
      98164   4090.106   3266.657   3314.000     4.3967     4.3979   3.425904   3.425849     1.7108     1.4068      20.65   26.66304  -85.00746    0.00002    0.00000     4.6960     4.7307     4.0796     4.0808    34.9775    34.9757    27.7600    27.7584    1502.69    204.059    205.569         30 0.0000e+00
      98194   4091.388   3267.635   3315.000     4.3968     4.3980   3.425944   3.425898     1.7107     1.4067      19.65   26.66304  -85.00748   -0.00002    0.00003     4.6962     4.7310     4.0795     4.0808    34.9775    34.9757    27.7600    27.7584    1502.69    204.066    205.579         33 0.0000e+00
      98231   4092.915   3268.613   3316.000     4.3969     4.3981   3.425995   3.425947     1.7105     1.4067      18.58   26.66304  -85.00748   -0.00004   -0.00002     4.6960     4.7314     4.0795     4.0808    34.9775    34.9757    27.7600    27.7584    1502.70    204.057    205.598         40 0.0000e+00
      98270   4094.548   3269.591   3317.000     4.3970     4.3983   3.426045   3.425995     1.7105     1.4066      17.61   26.66304  -85.00748   -0.00007   -0.00005     4.6964     4.7316     4.0795     4.0808    34.9776    34.9757    27.7600    27.7584    1502.71    204.075    205.604         37 0.0000e+00
      99187   4132.739   3273.503   3321.000     4.3975     4.3987   3.426131   3.426082     1.7105     1.4066      13.34   26.66216  -85.00477   -0.00000   -0.00000     4.6987     4.7338     4.0795     4.0808    34.9764    34.9745    27.7591    27.7574    1502.68    204.175    205.703         43 0.0000e+00
      99430   4142.871   3274.482   3322.000     4.3977     4.3990   3.426279   3.426224     1.7104     1.4065      12.48   26.66302  -85.00753   -0.00001   -0.00001     4.6987     4.7343     4.0796     4.0809    34.9775    34.9755    27.7599    27.7582    1502.74    204.177    205.721         42 0.0000e+00
      99644   4151.805   3275.461   3323.000     4.3978     4.3991   3.426326   3.426276     1.7101     1.4057      11.55   26.66302  -85.00754    0.00001   -0.00012     4.6982     4.7304     4.0796     4.0809    34.9775    34.9756    27.7599    27.7583    1502.74    204.155    205.552         44 0.0000e+00
     101561   4231.666   3276.439   3324.000     4.3981     4.3993   3.426378   3.426328     1.7093     1.4053      10.29   26.66299  -85.00765   -0.00003   -0.00002     4.6949     4.7290     4.0798     4.0809    34.9773    34.9755    27.7598    27.7583    1502.75    204.011    205.492         79 0.0000e+00
