Gulf of Mexico/GOMECC-4/1db/drb2103_0411.cnv
* Sea-Bird SBE 9 Data File:
* FileName = C:\Users\scs.user.rb\CTD\GOMECC4\data\rb2103_0411.hex
* Software Version Seasave V 7.26.7.107
* Temperature SN = 4799
* Conductivity SN = 3860
* Number of Bytes Per Scan = 41
* Number of Voltage Words = 4
* Number of Scans Averaged by the Deck Unit = 1
* NMEA Latitude = 28 04.43 N
* NMEA Longitude = 089 59.85 W
* NMEA UTC (Time) = Sep 26 2021  02:13:04
* NMEA baud rate = 4800
# nquan = 28
# nvalues = 216                         
# units = specified
# name 0 = scan: Scan Count
# name 1 = timeS: Time, Elapsed [seconds]
# name 2 = depSM: Depth [salt water, m]
# name 3 = prDM: Pressure, Digiquartz [db]
# name 4 = t090C: Temperature [ITS-90, deg C]
# name 5 = t190C: Temperature, 2 [ITS-90, deg C]
# name 6 = c0S/m: Conductivity [S/m]
# name 7 = c1S/m: Conductivity, 2 [S/m]
# name 8 = sbeox0V: Oxygen raw, SBE 43 [V]
# name 9 = sbeox1V: Oxygen raw, SBE 43, 2 [V]
# name 10 = altM: Altimeter [m]
# name 11 = latitude: Latitude [deg]
# name 12 = longitude: Longitude [deg]
# name 13 = sbox0dV/dT: Oxygen, SBE 43 [dov/dt]
# name 14 = sbox1dV/dT: Oxygen, SBE 43, 2 [dov/dt]
# name 15 = sbeox0ML/L: Oxygen, SBE 43 [ml/l], WS = 5
# name 16 = sbeox1ML/L: Oxygen, SBE 43, 2 [ml/l], WS = 5
# name 17 = potemp090C: Potential Temperature [ITS-90, deg C]
# name 18 = potemp190C: Potential Temperature, 2 [ITS-90, deg C]
# name 19 = sal00: Salinity, Practical [PSU]
# name 20 = sal11: Salinity, Practical, 2 [PSU]
# name 21 = sigma-é00: Density [sigma-theta, kg/m^3]
# name 22 = sigma-é11: Density, 2 [sigma-theta, kg/m^3]
# name 23 = avgsvCM: Average Sound Velocity [Chen-Millero, m/s], minP = 20, minS = 20
# name 24 = sbox0Mm/Kg: Oxygen, SBE 43 [umol/kg], WS = 5
# name 25 = sbox1Mm/Kg: Oxygen, SBE 43, 2 [umol/kg], WS = 5
# name 26 = nbin: number of scans per bin
# name 27 = flag: flag
# span 0 =      23335,     483164       
# span 1 =    972.231,  20130.961       
# span 2 =      5.960,    430.659       
# span 3 =      4.000,    434.000       
# span 4 =     9.3125,   506.8462       
# span 5 =     9.3183,   427.1431       
# span 6 =   3.775126, 120.219041       
# span 7 =   3.775126, 120.224591       
# span 8 =     1.6299,    64.3249       
# span 9 =     1.3335,    54.7029       
# span 10 =       8.80,    1404.48      
# span 11 =   27.83403,  577.52128      
# span 12 =-1850.99411,  -89.20989      
# span 13 =   -0.02328,    0.00739      
# span 14 =   -0.02225,    0.00800      
# span 15 =     2.5808,    77.6510      
# span 16 =     2.6144,    81.8663      
# span 17 =     9.2636,   506.8251      
# span 18 =     9.2694,   427.1251      
# span 19 =    35.1099,   642.7000      
# span 20 =    35.1090,   541.6318      
# span 21 =    22.9261,   410.5139      
# span 22 =    22.9550,   345.9548      
# span 23 =       0.00,    1564.86      
# span 24 =    112.228,   3389.601      
# span 25 =    113.688,   3573.596      
# span 26 =         30,         66      
# span 27 = 0.0000e+00, 0.0000e+00      
# interval = decibars: 1                
# start_time = Sep 26 2021 02:13:04 [NMEA time, header]
# bad_flag = -9.990e-29
*END*
[from data line 208]
      36233   1509.683    393.979    397.000     9.7849     9.7912   3.824267   3.824800     1.6437     1.3465      47.70   28.08045  -89.99758   -0.00045   -0.00057     2.5971     2.6307     9.7389     9.7452    35.1828    35.1822    27.1393    27.1378    1519.11    112.920    114.385         30 0.0000e+00
      36383   1515.916    399.927    403.000     9.4430     9.4441   3.787648   3.787676     1.6409     1.3445      41.80   28.08018  -89.99660   -0.00003   -0.00006     2.6141     2.6493     9.3973     9.3984    35.1364    35.1356    27.1601    27.1593    1518.73    113.659    115.190         30 0.0000e+00
      36533   1522.167    405.876    409.000     9.3913     9.3919   3.782473   3.782379     1.6382     1.3419      35.74   28.07984  -89.99541   -0.00053   -0.00061     2.6119     2.6469     9.3450     9.3457    35.1305    35.1299    27.1641    27.1636    1518.35    113.561    115.084         33 0.0000e+00
      37017   1542.331    423.720    427.000     9.3310     9.3321   3.776687   3.776695     1.6328     1.3359      17.33   28.07786  -89.98869   -0.00012   -0.00030     2.6065     2.6382     9.2829     9.2839    35.1208    35.1199    27.1667    27.1658    1517.21    113.329    114.705         44 0.0000e+00
      37124   1546.810    424.711    428.000     9.3297     9.3292   3.776894   3.776721     1.6325     1.3357      16.18   28.08073  -89.99781   -0.00012   -0.00002     2.6061     2.6383     9.2814     9.2809    35.1239    35.1231    27.1695    27.1689    1517.31    113.310    114.709         47 0.0000e+00
      37295   1553.901    425.703    429.000     9.3325     9.3335   3.777163   3.777191     1.6324     1.3357      15.06   28.08077  -89.99780   -0.00007    0.00006     2.6058     2.6381     9.2841     9.2851    35.1239    35.1233    27.1690    27.1683    1517.25    113.295    114.700         33 0.0000e+00
      37785   1574.351    428.676    432.000     9.3223     9.3228   3.775187   3.775126     1.6303     1.3341      14.96   28.07063  -89.96501   -0.00009   -0.00005     2.6020     2.6354     9.2736     9.2741    35.1099    35.1090    27.1593    27.1586    1516.54    113.131    114.582         40 0.0000e+00
      39538   1647.392    430.659    434.000     9.3125     9.3183   3.775126   3.775647     1.6299     1.3335       8.80   28.08057  -89.99606   -0.00006   -0.00007     2.6018     2.6341     9.2636     9.2694    35.1200    35.1195    27.1693    27.1680    1516.96    113.125    114.525         50 0.0000e+00
