Gulf of Mexico/GOMECC-4/1db/drb2103_0321.cnv
* Sea-Bird SBE 9 Data File:
* FileName = C:\Users\scs.user.rb\CTD\GOMECC4\data\rb2103_0321.hex
* Software Version Seasave V 7.26.7.107
* Temperature SN = 4799
* Conductivity SN = 3860
* Number of Bytes Per Scan = 41
* Number of Voltage Words = 4
* Number of Scans Averaged by the Deck Unit = 1
* NMEA Latitude = 29 45.48 N
* NMEA Longitude = 087 02.49 W
* NMEA UTC (Time) = Sep 23 2021  20:34:47
* NMEA baud rate = 4800
# nquan = 28
# nvalues = 181                         
# units = specified
# name 0 = scan: Scan Count
# name 1 = timeS: Time, Elapsed [seconds]
# name 2 = depSM: Depth [salt water, m]
# name 3 = prDM: Pressure, Digiquartz [db]
# name 4 = t090C: Temperature [ITS-90, deg C]
# name 5 = t190C: Temperature, 2 [ITS-90, deg C]
# name 6 = c0S/m: Conductivity [S/m]
# name 7 = c1S/m: Conductivity, 2 [S/m]
# name 8 = sbeox0V: Oxygen raw, SBE 43 [V]
# name 9 = sbeox1V: Oxygen raw, SBE 43, 2 [V]
# name 10 = altM: Altimeter [m]
# name 11 = latitude: Latitude [deg]
# name 12 = longitude: Longitude [deg]
# name 13 = sbox0dV/dT: Oxygen, SBE 43 [dov/dt]
# name 14 = sbox1dV/dT: Oxygen, SBE 43, 2 [dov/dt]
# name 15 = sbeox0ML/L: Oxygen, SBE 43 [ml/l], WS = 5
# name 16 = sbeox1ML/L: Oxygen, SBE 43, 2 [ml/l], WS = 5
# name 17 = potemp090C: Potential Temperature [ITS-90, deg C]
# name 18 = potemp190C: Potential Temperature, 2 [ITS-90, deg C]
# name 19 = sal00: Salinity, Practical [PSU]
# name 20 = sal11: Salinity, Practical, 2 [PSU]
# name 21 = sigma-é00: Density [sigma-theta, kg/m^3]
# name 22 = sigma-é11: Density, 2 [sigma-theta, kg/m^3]
# name 23 = avgsvCM: Average Sound Velocity [Chen-Millero, m/s], minP = 20, minS = 20
# name 24 = sbox0Mm/Kg: Oxygen, SBE 43 [umol/kg], WS = 5
# name 25 = sbox1Mm/Kg: Oxygen, SBE 43, 2 [umol/kg], WS = 5
# name 26 = nbin: number of scans per bin
# name 27 = flag: flag
# span 0 =       7380,      19784       
# span 1 =    307.446,    824.292       
# span 2 =      3.973,    200.531       
# span 3 =      4.000,    202.000       
# span 4 =    14.2756,    28.5127       
# span 5 =    14.2774,    28.5121       
# span 6 =   4.321640,   5.708637       
# span 7 =   4.321790,   5.708771       
# span 8 =     1.8271,     3.1194       
# span 9 =     1.5133,     2.6558       
# span 10 =      10.88,     100.31      
# span 11 =   29.74159,   29.75857      
# span 12 =  -87.04340,  -86.99371      
# span 13 =   -0.04532,    0.02157      
# span 14 =   -0.04103,    0.02267      
# span 15 =     2.7219,     4.4388      
# span 16 =     2.7575,     4.4486      
# span 17 =    14.2460,    28.5057      
# span 18 =    14.2477,    28.5052      
# span 19 =    33.4388,    36.4966      
# span 20 =    33.4392,    36.4977      
# span 21 =    21.2021,    26.7941      
# span 22 =    21.2021,    26.7936      
# span 23 =       0.00,    1541.14      
# span 24 =    118.387,    193.871      
# span 25 =    119.935,    194.294      
# span 26 =         30,         68      
# span 27 = 0.0000e+00, 0.0000e+00      
# interval = decibars: 1                
# start_time = Sep 23 2021 20:34:47 [NMEA time, header]
# bad_flag = -9.990e-29
*END*
[from data line 156]
      15069    627.847    168.776    170.000    15.3604    15.3655   4.448436   4.449023     1.9351     1.6097      43.15   29.75828  -87.04254   -0.00235   -0.00211     2.9025     2.9337    15.3340    15.3392    36.0296    36.0302    26.6916    26.6909    1526.40    126.255    127.614         36 0.0000e+00
      15103    629.234    169.769    171.000    15.3284    15.3301   4.444651   4.444899     1.9337     1.6081      42.22   29.75828  -87.04254   -0.00145   -0.00172     2.9016     2.9321    15.3019    15.3036    36.0242    36.0249    26.6947    26.6949    1526.32    126.217    127.545         32 0.0000e+00
      15134    630.548    170.761    172.000    15.3247    15.3256   4.444248   4.444382     1.9327     1.6089      41.30   29.75828  -87.04254   -0.00105   -0.00097     2.9000     2.9349    15.2981    15.2989    36.0235    36.0239    26.6950    26.6951    1526.23    126.147    127.665         32 0.0000e+00
      15169    631.988    171.754    173.000    15.2884    15.2904   4.440061   4.440292     1.9314     1.6082      40.22   29.75828  -87.04254   -0.00081    0.00004     2.8996     2.9357    15.2616    15.2637    36.0184    36.0186    26.6992    26.6989    1526.14    126.127    127.700         36 0.0000e+00
      15203    633.435    172.746    174.000    15.2237    15.2248   4.432539   4.432686     1.9304     1.6062      39.27   29.75828  -87.04254   -0.00084   -0.00050     2.9018     2.9345    15.1969    15.1979    36.0089    36.0093    26.7064    26.7064    1526.07    126.225    127.645         34 0.0000e+00
      15238    634.875    173.739    175.000    15.2127    15.2134   4.431207   4.431329     1.9300     1.6068      38.25   29.75828  -87.04254   -0.00063   -0.00084     2.9019     2.9376    15.1857    15.1865    36.0066    36.0070    26.7071    26.7072    1525.97    126.228    127.782         35 0.0000e+00
      15271    636.247    174.732    176.000    15.1842    15.1860   4.427867   4.428078     1.9299     1.6079      37.31   29.75828  -87.04254   -0.00031    0.00014     2.9040     2.9427    15.1571    15.1589    36.0019    36.0022    26.7099    26.7097    1525.89    126.318    128.001         31 0.0000e+00
      15302    637.547    175.724    177.000    15.1487    15.1517   4.423802   4.424079     1.9287     1.6070      36.43   29.75828  -87.04254   -0.00027    0.00046     2.9034     2.9427    15.1215    15.1246    35.9961    35.9967    26.7133    26.7131    1525.81    126.294    128.003         33 0.0000e+00
      15339    639.078    176.716    178.000    15.1276    15.1289   4.421267   4.421457     1.9254     1.6031      35.21   29.75828  -87.04253   -0.00107   -0.00093     2.8975     2.9344    15.1003    15.1016    35.9930    35.9935    26.7156    26.7157    1525.73    126.035    127.639         38 0.0000e+00
      15373    640.520    177.708    179.000    15.1198    15.1211   4.420392   4.420575     1.9230     1.6014      34.33   29.75828  -87.04252   -0.00194   -0.00196     2.8926     2.9307    15.0923    15.0937    35.9917    35.9922    26.7164    26.7165    1525.64    125.821    127.480         32 0.0000e+00
      15406    641.867    178.700    180.000    15.1035    15.1052   4.418481   4.418658     1.9218     1.5994      33.31   29.75828  -87.04252   -0.00166   -0.00159     2.8913     2.9271    15.0759    15.0776    35.9889    35.9889    26.7179    26.7176    1525.56    125.764    127.320         34 0.0000e+00
      15442    643.368    179.693    181.000    15.0664    15.0679   4.414163   4.414354     1.9200     1.5968      32.30   29.75828  -87.04252   -0.00102   -0.00140     2.8897     2.9227    15.0387    15.0402    35.9832    35.9835    26.7218    26.7217    1525.48    125.695    127.130         36 0.0000e+00
      15475    644.752    180.685    182.000    15.0495    15.0516   4.412238   4.412477     1.9167     1.5939      31.44   29.75828  -87.04252   -0.00137   -0.00178     2.8832     2.9165    15.0216    15.0237    35.9808    35.9810    26.7237    26.7234    1525.40    125.411    126.860         30 0.0000e+00
      15505    646.021    181.677    183.000    15.0157    15.0172   4.408337   4.408509     1.9132     1.5899      30.38   29.75828  -87.04252   -0.00217   -0.00223     2.8773     2.9085    14.9878    14.9893    35.9757    35.9759    26.7273    26.7271    1525.32    125.157    126.514         34 0.0000e+00
      15544    647.630    182.670    184.000    14.9740    14.9774   4.403313   4.403718     1.9051     1.5802      29.32   29.75827  -87.04252   -0.00333   -0.00373     2.8608     2.8860    14.9459    14.9494    35.9679    35.9684    26.7305    26.7301    1525.24    124.439    125.533         41 0.0000e+00
      15580    649.140    183.662    185.000    14.9262    14.9270   4.397694   4.397765     1.8925     1.5676      28.42   29.75826  -87.04252   -0.00561   -0.00632     2.8339     2.8562    14.8980    14.8988    35.9600    35.9599    26.7350    26.7348    1525.16    123.267    124.236         30 0.0000e+00
      15638    651.540    185.647    187.000    14.8638    14.8650   4.389801   4.389968     1.8696     1.5469      26.41   29.75150  -87.02276   -0.00897   -0.00845     2.7834     2.8061    14.8354    14.8366    35.9422    35.9427    26.7346    26.7346    1524.65    121.068    122.057         40 0.0000e+00
      15683    653.403    186.639    188.000    14.8365    14.8391   4.387290   4.387559     1.8603     1.5394      25.34   29.75826  -87.04252   -0.00758   -0.00653     2.7652     2.7905    14.8080    14.8106    35.9462    35.9462    26.7441    26.7436    1524.94    120.277    121.377         39 0.0000e+00
      15742    655.855    188.624    190.000    14.7311    14.7327   4.374531   4.374691     1.8532     1.5352      23.48   29.75453  -87.03162   -0.00380   -0.00274     2.7530     2.7843    14.7025    14.7041    35.9241    35.9241    26.7499    26.7496    1524.57    119.747    121.106         30 0.0000e+00
      15779    657.401    189.616    191.000    14.6903    14.6950   4.370070   4.370617     1.8554     1.5386      22.44   29.75826  -87.04252   -0.00143   -0.00024     2.7612     2.7957    14.6616    14.6662    35.9215    35.9222    26.7572    26.7567    1524.69    120.101    121.604         41 0.0000e+00
      15818    659.037    190.608    192.000    14.5927    14.5957   4.358842   4.358963     1.8573     1.5411      21.43   29.75826  -87.04252    0.00097    0.00173     2.7726     2.8091    14.5639    14.5670    35.9062    35.9061    26.7666    26.7659    1524.61    120.597    122.185         35 0.0000e+00
      15878    661.539    192.593    194.000    14.4917    14.4935   4.346631   4.346807     1.8607     1.5442      19.64   29.75532  -87.03393    0.00128    0.00137     2.7879     2.8243    14.4628    14.4646    35.8867    35.8867    26.7733    26.7729    1524.30    121.262    122.844         32 0.0000e+00
      16207    675.239    194.577    196.000    14.4090    14.3924   4.337504   4.335512     1.8554     1.5394      17.27   29.75857  -87.04340   -0.00069   -0.00070     2.7810     2.8185    14.3799    14.3633    35.8790    35.8760    26.7855    26.7868    1524.31    120.958    122.591         52 0.0000e+00
      16969    707.007    199.539    201.000    14.2756    14.2774   4.321640   4.321790     1.8271     1.5133      12.29   29.75222  -87.02486    0.00015    0.00022     2.7219     2.7575    14.2460    14.2477    35.8510    35.8513    26.7922    26.7921    1523.59    118.387    119.935         55 0.0000e+00
      19784    824.292    200.531    202.000    14.2907    14.2940   4.323639   4.323942     1.8287     1.5139      10.88   29.75689  -87.03844    0.00009    0.00002     2.7250     2.7584    14.2608    14.2642    35.8571    35.8574    26.7941    26.7936    1523.71    118.524    119.974         49 0.0000e+00
