Gulf of Mexico/GOMECC-4/1db/drb2103_0661.cnv
* Sea-Bird SBE 9 Data File:
* FileName = C:\Users\scs.user.rb\CTD\GOMECC4\data\rb2103_0661.hex
* Software Version Seasave V 7.26.7.107
* Temperature SN = 4799
* Conductivity SN = 3860
* Number of Bytes Per Scan = 41
* Number of Voltage Words = 4
* Number of Scans Averaged by the Deck Unit = 1
* NMEA Latitude = 26 03.55 N
* NMEA Longitude = 096 04.91 W
* NMEA UTC (Time) = Oct 02 2021  23:29:35
* NMEA baud rate = 4800
# nquan = 28
# nvalues = 190                         
# units = specified
# name 0 = scan: Scan Count
# name 1 = timeS: Time, Elapsed [seconds]
# name 2 = depSM: Depth [salt water, m]
# name 3 = prDM: Pressure, Digiquartz [db]
# name 4 = t090C: Temperature [ITS-90, deg C]
# name 5 = t190C: Temperature, 2 [ITS-90, deg C]
# name 6 = c0S/m: Conductivity [S/m]
# name 7 = c1S/m: Conductivity, 2 [S/m]
# name 8 = sbeox0V: Oxygen raw, SBE 43 [V]
# name 9 = sbeox1V: Oxygen raw, SBE 43, 2 [V]
# name 10 = altM: Altimeter [m]
# name 11 = latitude: Latitude [deg]
# name 12 = longitude: Longitude [deg]
# name 13 = sbox0dV/dT: Oxygen, SBE 43 [dov/dt]
# name 14 = sbox1dV/dT: Oxygen, SBE 43, 2 [dov/dt]
# name 15 = sbeox0ML/L: Oxygen, SBE 43 [ml/l], WS = 5
# name 16 = sbeox1ML/L: Oxygen, SBE 43, 2 [ml/l], WS = 5
# name 17 = potemp090C: Potential Temperature [ITS-90, deg C]
# name 18 = potemp190C: Potential Temperature, 2 [ITS-90, deg C]
# name 19 = sal00: Salinity, Practical [PSU]
# name 20 = sal11: Salinity, Practical, 2 [PSU]
# name 21 = sigma-é00: Density [sigma-theta, kg/m^3]
# name 22 = sigma-é11: Density, 2 [sigma-theta, kg/m^3]
# name 23 = avgsvCM: Average Sound Velocity [Chen-Millero, m/s], minP = 20, minS = 20
# name 24 = sbox0Mm/Kg: Oxygen, SBE 43 [umol/kg], WS = 5
# name 25 = sbox1Mm/Kg: Oxygen, SBE 43, 2 [umol/kg], WS = 5
# name 26 = nbin: number of scans per bin
# name 27 = flag: flag
# span 0 =      23633,      49682       
# span 1 =    984.674,   2070.057       
# span 2 =      3.974,    851.648       
# span 3 =      4.000,    859.000       
# span 4 =     5.7500,    29.3575       
# span 5 =     5.7501,    29.3649       
# span 6 =   3.444741,   5.858777       
# span 7 =   3.444808,   5.858745       
# span 8 =     1.5993,     3.3874       
# span 9 =     1.3040,     2.9033       
# span 10 =      10.57,     100.48      
# span 11 =   26.05486,   26.06493      
# span 12 =  -96.10157,  -96.06392      
# span 13 =   -0.04010,    0.02123      
# span 14 =   -0.03748,    0.01872      
# span 15 =     2.5065,     5.0995      
# span 16 =     2.5267,     5.1110      
# span 17 =     5.6739,    29.3565      
# span 18 =     5.6740,    29.3640      
# span 19 =    34.9096,    36.4470      
# span 20 =    34.9093,    36.4485      
# span 21 =    22.2095,    27.5331      
# span 22 =    22.2080,    27.5329      
# span 23 =       0.00,    1544.72      
# span 24 =    109.077,    222.384      
# span 25 =    109.956,    222.888      
# span 26 =         30,         67      
# span 27 = 0.0000e+00, 0.0000e+00      
# interval = decibars: 1                
# start_time = Oct 02 2021 23:29:35 [NMEA time, header]
# bad_flag = -9.990e-29
*END*
[from data line 104]
      29148   1214.451    110.248    111.000    19.5194    19.5213   4.921997   4.922412     2.0062     1.6618     100.00   26.05964  -96.08154   -0.01112   -0.01061     2.7907     2.8013    19.4991    19.5010    36.4448    36.4466    25.9964    25.9973    1534.35    121.473    121.937         35 0.0000e+00
      29182   1215.870    111.241    112.000    19.4937    19.4939   4.918813   4.919139     2.0036     1.6632     100.00   26.05964  -96.08154   -0.00958   -0.00871     2.7868     2.8059    19.4732    19.4734    36.4425    36.4440    26.0014    26.0025    1534.25    121.304    122.136         33 0.0000e+00
      29214   1217.202    112.234    113.000    19.3315    19.3326   4.901836   4.902155     2.0028     1.6633     100.00   26.05964  -96.08154   -0.00355   -0.00131     2.7924     2.8144    19.3109    19.3120    36.4401    36.4418    26.0420    26.0430    1534.17    121.542    122.503         31 0.0000e+00
      29244   1218.457    113.227    114.000    19.3022    19.3034   4.898795   4.899121     1.9966     1.6565     100.00   26.05964  -96.08154   -0.00156   -0.00044     2.7828     2.8011    19.2815    19.2827    36.4400    36.4417    26.0495    26.0505    1534.05    121.126    121.923         30 0.0000e+00
      29276   1219.777    114.220    115.000    19.2889    19.2901   4.897558   4.897871     1.9867     1.6464     100.00   26.05964  -96.08154   -0.00429   -0.00437     2.7625     2.7782    19.2681    19.2692    36.4410    36.4426    26.0537    26.0547    1533.96    120.238    120.924         34 0.0000e+00
      29311   1221.242    115.213    116.000    19.2777    19.2779   4.896554   4.896762     1.9789     1.6402     100.00   26.05964  -96.08154   -0.00643   -0.00637     2.7464     2.7643    19.2566    19.2569    36.4420    36.4436    26.0575    26.0586    1533.86    119.541    120.319         34 0.0000e+00
      29344   1222.609    116.206    117.000    19.2217    19.2247   4.890953   4.891443     1.9713     1.6340     100.00   26.05964  -96.08154   -0.00576   -0.00489     2.7331     2.7525    19.2005    19.2035    36.4439    36.4454    26.0735    26.0738    1533.77    118.960    119.802         31 0.0000e+00
      29374   1223.869    117.199    118.000    19.1715    19.1724   4.885822   4.886113     1.9617     1.6243     100.00   26.05964  -96.08154   -0.00585   -0.00504     2.7153     2.7322    19.1502    19.1511    36.4445    36.4461    26.0870    26.0880    1533.68    118.183    118.918         30 0.0000e+00
      29405   1225.159    118.192    119.000    19.1516    19.1530   4.883786   4.884087     1.9524     1.6162     100.00   26.05964  -96.08154   -0.00694   -0.00649     2.6964     2.7141    19.1301    19.1315    36.4445    36.4459    26.0922    26.0929    1533.58    117.358    118.128         33 0.0000e+00
      29439   1226.574    119.185    120.000    19.1047    19.1066   4.879089   4.879460     1.9448     1.6095     100.00   26.05964  -96.08154   -0.00683   -0.00623     2.6824     2.7006    19.0830    19.0849    36.4459    36.4474    26.1054    26.1061    1533.49    116.747    117.541         35 0.0000e+00
      29473   1227.979    120.178    121.000    19.0122    19.0156   4.869299   4.869871     1.9366     1.6030     100.00   26.05964  -96.08154   -0.00587   -0.00490     2.6698     2.6901    18.9905    18.9939    36.4446    36.4464    26.1282    26.1288    1533.40    116.198    117.081         32 0.0000e+00
      29531   1230.404    122.163    123.000    18.7906    18.7921   4.844519   4.844860     1.9030     1.5668      99.99   26.05672  -96.07077   -0.01024   -0.01090     2.6087     2.6150    18.7688    18.7702    36.4293    36.4311    26.1732    26.1742    1533.04    113.534    113.809         33 0.0000e+00
      29569   1231.982    123.156    124.000    18.7546    18.7552   4.840656   4.840917     1.8840     1.5493     100.00   26.05964  -96.08154   -0.01384   -0.01403     2.5689     2.5745    18.7325    18.7331    36.4289    36.4305    26.1824    26.1835    1533.12    111.799    112.045         36 0.0000e+00
      29603   1233.413    124.149    125.000    18.7184    18.7201   4.836409   4.836784     1.8714     1.5390     100.00   26.05964  -96.08154   -0.01269   -0.01165     2.5432     2.5518    18.6961    18.6978    36.4245    36.4262    26.1883    26.1891    1533.02    110.680    111.053         32 0.0000e+00
      29660   1235.798    126.135    127.000    18.6508    18.6520   4.828497   4.828788     1.8608     1.5323      99.83   26.05714  -96.07234   -0.00579   -0.00413     2.5240     2.5395    18.6282    18.6294    36.4153    36.4167    26.1982    26.1990    1532.70    109.845    110.518         31 0.0000e+00
      29696   1237.273    127.128    128.000    18.6123    18.6134   4.824505   4.824796     1.8573     1.5290     100.00   26.05964  -96.08154   -0.00376   -0.00249     2.5182     2.5339    18.5896    18.5907    36.4163    36.4178    26.2091    26.2100    1532.75    109.593    110.272         34 0.0000e+00
      29729   1238.666    128.121    129.000    18.5656    18.5669   4.819015   4.819335     1.8523     1.5253     100.00   26.05964  -96.08154   -0.00319   -0.00245     2.5103     2.5274    18.5428    18.5441    36.4106    36.4122    26.2166    26.2175    1532.66    109.245    109.991         34 0.0000e+00
      29763   1240.078    129.114    130.000    18.5289    18.5305   4.814627   4.814978     1.8497     1.5243      92.67   26.05964  -96.08154   -0.00280   -0.00220     2.5067     2.5273    18.5060    18.5076    36.4054    36.4069    26.2219    26.2227    1532.57    109.090    109.985         33 0.0000e+00
      29795   1241.396    130.106    131.000    18.4743    18.4769   4.808593   4.809045     1.8481     1.5246      90.70   26.05964  -96.08154   -0.00208   -0.00097     2.5065     2.5297    18.4512    18.4538    36.4018    36.4034    26.2331    26.2336    1532.48    109.077    110.091         30 0.0000e+00
      29825   1242.685    131.099    132.000    18.3661    18.3659   4.796616   4.796779     1.8460     1.5204      99.98   26.05964  -96.08154   -0.00152   -0.00076     2.5077     2.5267    18.3429    18.3427    36.3956    36.3971    26.2556    26.2569    1532.39    109.128    109.956         32 0.0000e+00
      29859   1244.074    132.092    133.000    18.2535    18.2534   4.783708   4.783872     1.8435     1.5189     100.00   26.05964  -96.08154   -0.00149   -0.00174     2.5083     2.5286    18.2303    18.2301    36.3849    36.3865    26.2758    26.2770    1532.30    109.151    110.036         34 0.0000e+00
      29891   1245.402    133.085    134.000    18.1623    18.1532   4.773284   4.772622     1.8413     1.5171      99.94   26.05964  -96.08154   -0.00175   -0.00167     2.5081     2.5296    18.1390    18.1302    36.3764    36.3767    26.2921    26.2939    1532.21    109.144    110.080         30 0.0000e+00
      29921   1246.675    134.078    135.000    18.0374    18.0373   4.758953   4.759070     1.8392     1.5153      99.99   26.05964  -96.08154   -0.00175   -0.00129     2.5107     2.5313    18.0140    18.0139    36.3643    36.3654    26.3140    26.3149    1532.12    109.252    110.151         32 0.0000e+00
      29956   1248.129    135.071    136.000    17.9913    17.9859   4.753650   4.753151     1.8369     1.5134     100.00   26.05964  -96.08154   -0.00158   -0.00142     2.5083     2.5297    17.9678    17.9624    36.3594    36.3600    26.3217    26.3235    1532.03    109.149    110.078         37 0.0000e+00
      29991   1249.574    136.064    137.000    17.9190    17.9190   4.745253   4.745370     1.8359     1.5125     100.00   26.05964  -96.08154   -0.00135   -0.00113     2.5102     2.5311    17.8954    17.8954    36.3513    36.3527    26.3335    26.3346    1531.93    109.228    110.138         32 0.0000e+00
      30077   1253.187    139.042    140.000    17.6089    17.6109   4.709192   4.709600     1.8284     1.5068      99.99   26.05486  -96.06392   -0.00210   -0.00171     2.5109     2.5336    17.5850    17.5870    36.3138    36.3155    26.3807    26.3815    1531.37    109.254    110.242         39 0.0000e+00
      30121   1254.992    140.035    141.000    17.5477    17.5504   4.702783   4.703251     1.8291     1.5070     100.00   26.05964  -96.08154   -0.00094   -0.00082     2.5159     2.5376    17.5238    17.5265    36.3147    36.3163    26.3969    26.3975    1531.55    109.469    110.415         35 0.0000e+00
      30210   1258.708    143.013    144.000    17.3899    17.3908   4.684586   4.684849     1.8279     1.5091     100.00   26.05877  -96.07834   -0.00036    0.00056     2.5226     2.5519    17.3655    17.3664    36.2966    36.2981    26.4215    26.4224    1531.22    109.757    111.035         33 0.0000e+00
      30246   1260.190    144.006    145.000    17.3456    17.3471   4.679607   4.679935     1.8290     1.5090     100.00   26.05964  -96.08154    0.00009    0.00055     2.5278     2.5542    17.3211    17.3227    36.2930    36.2945    26.4296    26.4304    1531.18    109.983    111.132         36 0.0000e+00
      30280   1261.633    144.999    146.000    17.2706    17.2775   4.670529   4.671792     1.8284     1.5082     100.00   26.05964  -96.08154    0.00028   -0.00005     2.5313     2.5569    17.2461    17.2530    36.2835    36.2857    26.4405    26.4405    1531.10    110.135    111.252         33 0.0000e+00
      30312   1262.949    145.992    147.000    17.1582    17.1593   4.657853   4.658128     1.8275     1.5067     100.00   26.05964  -96.08154   -0.00019   -0.00064     2.5351     2.5589    17.1336    17.1347    36.2708    36.2722    26.4579    26.4587    1530.99    110.298    111.337         30 0.0000e+00
      30343   1264.242    146.984    148.000    17.1408    17.1417   4.655924   4.656167     1.8269     1.5064     100.00   26.05964  -96.08154   -0.00060   -0.00071     2.5351     2.5594    17.1160    17.1169    36.2692    36.2706    26.4610    26.4618    1530.89    110.298    111.355         32 0.0000e+00
      30375   1265.575    147.977    149.000    17.1165    17.1171   4.653123   4.653356     1.8269     1.5066     100.00   26.05964  -96.08154   -0.00044   -0.00044     2.5367     2.5616    17.0916    17.0922    36.2662    36.2676    26.4646    26.4655    1530.80    110.370    111.451         32 0.0000e+00
      30406   1266.860    148.970    150.000    17.0099    17.0125   4.640265   4.640729     1.8267     1.5065     100.00   26.05964  -96.08154   -0.00016   -0.00001     2.5424     2.5670    16.9849    16.9875    36.2490    36.2508    26.4770    26.4777    1530.72    110.614    111.684         31 0.0000e+00
      30438   1268.202    149.963    151.000    16.9529    16.9543   4.633635   4.633945     1.8252     1.5050     100.00   26.05964  -96.08154   -0.00029   -0.00019     2.5425     2.5668    16.9278    16.9293    36.2420    36.2434    26.4852    26.4860    1530.61    110.616    111.675         34 0.0000e+00
      30473   1269.676    150.955    152.000    16.9015    16.9029   4.627691   4.627978     1.8229     1.5023     100.00   26.05964  -96.08154   -0.00108   -0.00110     2.5403     2.5630    16.8764    16.8777    36.2357    36.2370    26.4927    26.4934    1530.52    110.523    111.511         35 0.0000e+00
      30506   1271.032    151.948    153.000    16.8640    16.8650   4.623366   4.623641     1.8212     1.5009     100.00   26.05964  -96.08154   -0.00144   -0.00163     2.5388     2.5619    16.8386    16.8397    36.2312    36.2327    26.4983    26.4992    1530.43    110.456    111.459         30 0.0000e+00
      30535   1272.258    152.941    154.000    16.7904    16.7935   4.614697   4.615190     1.8195     1.4997     100.00   26.05964  -96.08154   -0.00133   -0.00122     2.5393     2.5629    16.7650    16.7681    36.2209    36.2224    26.5079    26.5083    1530.34    110.476    111.502         30 0.0000e+00
      30568   1273.609    153.934    155.000    16.6702    16.6731   4.600765   4.601265     1.8175     1.4976     100.00   26.05964  -96.08154   -0.00141   -0.00111     2.5417     2.5642    16.6448    16.6476    36.2062    36.2081    26.5251    26.5259    1530.24    110.578    111.558         34 0.0000e+00
      30601   1275.008    154.926    156.000    16.5848    16.5870   4.590919   4.591314     1.8166     1.4962      99.99   26.05964  -96.08154   -0.00122   -0.00139     2.5446     2.5657    16.5593    16.5615    36.1961    36.1976    26.5376    26.5382    1530.15    110.705    111.620         32 0.0000e+00
      30632   1276.308    155.919    157.000    16.5429    16.5442   4.586200   4.586487     1.8183     1.4993     100.00   26.05964  -96.08154   -0.00047   -0.00042     2.5513     2.5762    16.5173    16.5185    36.1919    36.1933    26.5442    26.5450    1530.05    110.995    112.079         32 0.0000e+00
      30665   1277.672    156.912    158.000    16.5027    16.5043   4.581529   4.581845     1.8224     1.5042     100.00   26.05964  -96.08154    0.00118    0.00183     2.5632     2.5911    16.4770    16.4785    36.1865    36.1879    26.5496    26.5503    1529.96    111.513    112.726         34 0.0000e+00
      30699   1279.093    157.905    159.000    16.4429    16.4440   4.574690   4.574938     1.8241     1.5053     100.00   26.05964  -96.08154    0.00225    0.00273     2.5710     2.5973    16.4171    16.4182    36.1795    36.1807    26.5583    26.5590    1529.87    111.849    112.994         33 0.0000e+00
      30730   1280.386    158.897    160.000    16.4009    16.4028   4.569694   4.570052     1.8241     1.5051      89.61   26.05964  -96.08154    0.00139    0.00119     2.5737     2.5995    16.3749    16.3768    36.1730    36.1745    26.5632    26.5639    1529.78    111.966    113.090         30 0.0000e+00
      30760   1281.631    159.890    161.000    16.3381    16.3403   4.562473   4.562852     1.8234     1.5050      95.94   26.05964  -96.08154    0.00022    0.00014     2.5759     2.6030    16.3121    16.3142    36.1654    36.1668    26.5720    26.5726    1529.68    112.064    113.243         30 0.0000e+00
      30792   1282.962    160.883    162.000    16.2954    16.2962   4.557590   4.557826     1.8231     1.5043      99.95   26.05964  -96.08154   -0.00032   -0.00019     2.5780     2.6039    16.2692    16.2701    36.1604    36.1617    26.5782    26.5790    1529.58    112.152    113.280         34 0.0000e+00
      30828   1284.478    161.875    163.000    16.2288    16.2309   4.549814   4.550188     1.8222     1.5037     100.00   26.05964  -96.08154   -0.00037   -0.00041     2.5800     2.6062    16.2025    16.2046    36.1513    36.1527    26.5867    26.5873    1529.49    112.240    113.379         37 0.0000e+00
      30917   1288.164    164.853    166.000    16.0507    16.0524   4.528539   4.528852     1.8225     1.5046      99.99   26.05620  -96.06886    0.00009    0.00028     2.5919     2.6194    16.0242    16.0258    36.1207    36.1220    26.6042    26.6048    1529.01    112.753    113.950         35 0.0000e+00
      30958   1289.881    165.846    167.000    15.9967    15.9986   4.522664   4.522997     1.8223     1.5044     100.00   26.05964  -96.08154    0.00027    0.00058     2.5948     2.6222    15.9701    15.9719    36.1183    36.1196    26.6152    26.6157    1529.12    112.879    114.071         37 0.0000e+00
      30991   1291.263    166.839    168.000    15.9447    15.9478   4.516473   4.516984     1.8212     1.5025      99.98   26.05964  -96.08154   -0.00020   -0.00038     2.5959     2.6202    15.9180    15.9211    36.1098    36.1116    26.6206    26.6213    1529.03    112.927    113.985         30 0.0000e+00
      31045   1293.517    168.825    170.000    15.8184    15.8213   4.501303   4.501752     1.8179     1.4992     100.00   26.05746  -96.07350   -0.00105   -0.00115     2.5959     2.6196    15.7915    15.7944    36.0872    36.0885    26.6320    26.6324    1528.71    112.927    113.958         31 0.0000e+00
