Gulf of Mexico/GOMECC-4/1db/drb2103_0731.cnv
* Sea-Bird SBE 9 Data File:
* FileName = C:\Users\scs.user.rb\CTD\GOMECC4\data\rb2103_0731.hex
* Software Version Seasave V 7.26.7.107
* Temperature SN = 4799
* Conductivity SN = 3860
* Number of Bytes Per Scan = 41
* Number of Voltage Words = 4
* Number of Scans Averaged by the Deck Unit = 1
* NMEA Latitude = 26 03.44 N
* NMEA Longitude = 093 15.71 W
* NMEA UTC (Time) = Oct 04 2021  10:15:47
* NMEA baud rate = 4800
# nquan = 28
# nvalues = 532                         
# units = specified
# name 0 = scan: Scan Count
# name 1 = timeS: Time, Elapsed [seconds]
# name 2 = depSM: Depth [salt water, m]
# name 3 = prDM: Pressure, Digiquartz [db]
# name 4 = t090C: Temperature [ITS-90, deg C]
# name 5 = t190C: Temperature, 2 [ITS-90, deg C]
# name 6 = c0S/m: Conductivity [S/m]
# name 7 = c1S/m: Conductivity, 2 [S/m]
# name 8 = sbeox0V: Oxygen raw, SBE 43 [V]
# name 9 = sbeox1V: Oxygen raw, SBE 43, 2 [V]
# name 10 = altM: Altimeter [m]
# name 11 = latitude: Latitude [deg]
# name 12 = longitude: Longitude [deg]
# name 13 = sbox0dV/dT: Oxygen, SBE 43 [dov/dt]
# name 14 = sbox1dV/dT: Oxygen, SBE 43, 2 [dov/dt]
# name 15 = sbeox0ML/L: Oxygen, SBE 43 [ml/l], WS = 5
# name 16 = sbeox1ML/L: Oxygen, SBE 43, 2 [ml/l], WS = 5
# name 17 = potemp090C: Potential Temperature [ITS-90, deg C]
# name 18 = potemp190C: Potential Temperature, 2 [ITS-90, deg C]
# name 19 = sal00: Salinity, Practical [PSU]
# name 20 = sal11: Salinity, Practical, 2 [PSU]
# name 21 = sigma-é00: Density [sigma-theta, kg/m^3]
# name 22 = sigma-é11: Density, 2 [sigma-theta, kg/m^3]
# name 23 = avgsvCM: Average Sound Velocity [Chen-Millero, m/s], minP = 20, minS = 20
# name 24 = sbox0Mm/Kg: Oxygen, SBE 43 [umol/kg], WS = 5
# name 25 = sbox1Mm/Kg: Oxygen, SBE 43, 2 [umol/kg], WS = 5
# name 26 = nbin: number of scans per bin
# name 27 = flag: flag
# span 0 =      13404,      98034       
# span 1 =    558.470,   4084.696       
# span 2 =      2.980,   3088.686       
# span 3 =      3.000,   3132.000       
# span 4 =     4.3159,    28.9039       
# span 5 =     4.3168,    28.9038       
# span 6 =   3.358743,   5.862302       
# span 7 =   3.358694,   5.862116       
# span 8 =     1.5828,     3.2318       
# span 9 =     1.2891,     2.7665       
# span 10 =       9.35,     101.65      
# span 11 =   26.03238,   26.06099      
# span 12 =  -93.27322,  -93.17373      
# span 13 =   -0.02491,    0.00716      
# span 14 =   -0.02623,    0.00653      
# span 15 =     2.4848,     4.8618      
# span 16 =     2.5015,     4.8791      
# span 17 =     4.0832,    28.8947      
# span 18 =     4.0844,    28.8946      
# span 19 =    34.9094,    36.5307      
# span 20 =    34.9087,    36.5317      
# span 21 =    22.7114,    27.7607      
# span 22 =    22.7109,    27.7592      
# span 23 =       0.00,    1586.82      
# span 24 =    108.044,    211.982      
# span 25 =    108.877,    212.741      
# span 26 =         30,         71      
# span 27 = 0.0000e+00, 0.0000e+00      
# interval = decibars: 1                
# start_time = Oct 04 2021 10:15:47 [NMEA time, header]
# bad_flag = -9.990e-29
*END*
[from data line 52]
      16103    670.901     56.621     57.000    26.1503    26.1555   5.601663   5.602407     3.2052     2.7357     100.00   26.05708  -93.26216    0.00670    0.00653     4.7317     4.7393    26.1374    26.1427    36.2491    36.2503    23.9329    23.9322    1543.69    206.380    206.711         44 0.0000e+00
      16149    672.837     57.614     58.000    26.0423    26.0485   5.590635   5.591491     3.2092     2.7413     100.00   26.05708  -93.26216    0.00306    0.00343     4.7491     4.7602    26.0293    26.0355    36.2535    36.2549    23.9703    23.9694    1543.62    207.129    207.612         48 0.0000e+00
      16198    674.856     58.608     59.000    25.8906    25.8973   5.575221   5.576063     3.2069     2.7382      88.79   26.05708  -93.26216    0.00084    0.00087     4.7581     4.7661    25.8774    25.8841    36.2606    36.2615    24.0231    24.0217    1543.54    207.513    207.862         47 0.0000e+00
      16243    676.750     59.601     60.000    25.7996    25.8038   5.566320   5.566920     3.2074     2.7403      94.03   26.05708  -93.26216   -0.00088   -0.00085     4.7674     4.7786    25.7862    25.7904    36.2672    36.2683    24.0566    24.0561    1543.46    207.909    208.397         46 0.0000e+00
      16292    678.774     60.594     61.000    25.7024    25.7097   5.556481   5.557395     3.2108     2.7454     100.20   26.05708  -93.26217    0.00117    0.00218     4.7831     4.7973    25.6889    25.6962    36.2738    36.2747    24.0919    24.0903    1543.38    208.589    209.209         47 0.0000e+00
      16331    680.433     61.587     62.000    25.5270    25.5334   5.539299   5.540125     3.2114     2.7479      99.62   26.05708  -93.26218    0.00090    0.00189     4.7993     4.8175    25.5133    25.5196    36.2846    36.2856    24.1545    24.1533    1543.30    209.281    210.076         36 0.0000e+00
      16374    682.205     62.581     63.000    25.4224    25.4285   5.528606   5.529432     3.2245     2.7594      76.45   26.05708  -93.26218    0.00280    0.00376     4.8342     4.8511    25.4085    25.4146    36.2887    36.2899    24.1900    24.1890    1543.21    210.797    211.533         54 0.0000e+00
      16429    684.510     63.574     64.000    25.3130    25.3181   5.517219   5.517933     3.2318     2.7665     100.85   26.05708  -93.26218    0.00566    0.00469     4.8586     4.8759    25.2989    25.3040    36.2915    36.2927    24.2260    24.2253    1543.12    211.851    212.607         48 0.0000e+00
      16471    686.240     64.567     65.000    25.2397    25.2441   5.509635   5.510290     3.2291     2.7649     100.00   26.05710  -93.26218    0.00067    0.00162     4.8603     4.8791    25.2254    25.2298    36.2936    36.2950    24.2502    24.2498    1543.04    211.921    212.741         38 0.0000e+00
      16510    687.868     65.560     66.000    25.1686    25.1699   5.502320   5.502614     3.2263     2.7586     100.00   26.05710  -93.26218   -0.00120   -0.00157     4.8618     4.8723    25.1542    25.1555    36.2959    36.2971    24.2738    24.2742    1542.95    211.982    212.438         41 0.0000e+00
      16556    689.796     66.553     67.000    25.1064    25.1138   5.496004   5.496949     3.2217     2.7531     100.00   26.05710  -93.26218   -0.00220   -0.00367     4.8588     4.8657    25.0918    25.0991    36.2985    36.2997    24.2949    24.2935    1542.86    211.846    212.150         52 0.0000e+00
      16608    691.947     67.546     68.000    25.0348    25.0411   5.488619   5.489448     3.2162     2.7513     100.00   26.05710  -93.26218   -0.00233   -0.00141     4.8551     4.8685    25.0200    25.0263    36.3007    36.3018    24.3185    24.3174    1542.78    211.680    212.263         47 0.0000e+00
      16648    693.634     68.540     69.000    24.8080    24.8233   5.463839   5.465678     3.2086     2.7444      98.57   26.05710  -93.26218   -0.00301   -0.00174     4.8610     4.8725    24.7931    24.8083    36.2978    36.2992    24.3854    24.3819    1542.69    211.924    212.425         38 0.0000e+00
      16689    695.330     69.533     70.000    24.4496    24.4622   5.424634   5.426214     3.1885     2.7245      99.96   26.05710  -93.26218   -0.00696   -0.00679     4.8609     4.8637    24.4346    24.4472    36.2926    36.2943    24.4901    24.4876    1542.59    211.900    212.021         45 0.0000e+00
      16739    697.406     70.526     71.000    24.1594    24.1643   5.392835   5.393545     3.1637     2.7014     100.00   26.05710  -93.26218   -0.01216   -0.01157     4.8316     4.8352    24.1443    24.1492    36.2874    36.2889    24.5733    24.5730    1542.49    210.605    210.762         51 0.0000e+00
      16785    699.318     71.519     72.000    24.1102    24.1114   5.388102   5.388418     3.1486     2.6903     100.00   26.05710  -93.26219   -0.00999   -0.00865     4.8072     4.8163    24.0949    24.0961    36.2913    36.2927    24.5910    24.5917    1542.39    209.536    209.934         42 0.0000e+00
      16827    701.080     72.512     73.000    24.1007    24.1023   5.387347   5.387700     3.1392     2.6785     100.00   26.05710  -93.26220   -0.00680   -0.00589     4.7899     4.7921    24.0852    24.0868    36.2929    36.2943    24.5952    24.5958    1542.28    208.783    208.875         43 0.0000e+00
      16873    702.983     73.505     74.000    24.0675    24.0695   5.384298   5.384687     3.1299     2.6735     100.00   26.05710  -93.26220   -0.00526   -0.00476     4.7749     4.7842    24.0519    24.0539    36.2965    36.2978    24.6078    24.6082    1542.18    208.126    208.532         49 0.0000e+00
      16920    704.956     74.499     75.000    24.0237    24.0262   5.379955   5.380373     3.1209     2.6684     100.00   26.05710  -93.26220   -0.00475   -0.00276     4.7615     4.7770    24.0078    24.0103    36.2988    36.3000    24.6227    24.6229    1542.08    207.538    208.215         43 0.0000e+00
      16963    706.761     75.492     76.000    23.9815    23.9845   5.375535   5.376015     3.1132     2.6608     100.00   26.05710  -93.26220   -0.00423   -0.00333     4.7505     4.7646    23.9654    23.9685    36.2993    36.3005    24.6357    24.6357    1541.98    207.056    207.671         49 0.0000e+00
      17014    708.866     76.485     77.000    23.9366    23.9387   5.370772   5.371162     3.1026     2.6559     100.00   26.05710  -93.26220   -0.00497   -0.00347     4.7340     4.7582    23.9204    23.9225    36.2993    36.3006    24.6491    24.6495    1541.88    206.335    207.387         41 0.0000e+00
      17046    710.203     77.478     78.000    23.8806    23.8851   5.364685   5.365323     3.0976     2.6496     100.00   26.05710  -93.26220   -0.00471   -0.00269     4.7295     4.7494    23.8642    23.8687    36.2984    36.2995    24.6651    24.6646    1541.79    206.134    207.004         31 0.0000e+00
      17081    711.683     78.471     79.000    23.7391    23.7458   5.349366   5.350265     3.0858     2.6345     100.00   26.05710  -93.26220   -0.00520   -0.00515     4.7183     4.7283    23.7226    23.7293    36.2968    36.2982    24.7059    24.7049    1541.69    205.640    206.074         41 0.0000e+00
      17121    713.343     79.464     80.000    23.6334    23.6386   5.337952   5.338688     3.0673     2.6193     100.00   26.05710  -93.26220   -0.00875   -0.00949     4.6920     4.7043    23.6166    23.6218    36.2957    36.2971    24.7364    24.7359    1541.59    204.486    205.022         35 0.0000e+00
      17179    715.734     81.450     82.000    23.2359    23.2376   5.294935   5.295295     3.0216     2.5742      99.97   26.04969  -93.23561   -0.01415   -0.01186     4.6358     4.6380    23.2189    23.2207    36.2869    36.2882    24.8451    24.8456    1540.95    202.016    202.111         34 0.0000e+00
      17220    717.440     82.443     83.000    23.2246    23.2256   5.294682   5.294964     3.0018     2.5587     100.00   26.05712  -93.26220   -0.01744   -0.01712     4.5976     4.6055    23.2075    23.2085    36.2980    36.2993    24.8581    24.8588    1541.28    200.347    200.691         39 0.0000e+00
      17257    718.995     83.436     84.000    23.1923    23.1948   5.291109   5.291572     2.9885     2.5513     100.00   26.05712  -93.26220   -0.01336   -0.01083     4.5742     4.5921    23.1749    23.1775    36.2967    36.2982    24.8666    24.8670    1541.18    199.327    200.105         33 0.0000e+00
      17311    721.231     85.423     86.000    23.0540    23.0590   5.274923   5.275382     2.9711     2.5315      99.98   26.05116  -93.24086   -0.00704   -0.00560     4.5478     4.5597    23.0363    23.0412    36.2798    36.2811    24.8932    24.8927    1540.64    198.169    198.688         30 0.0000e+00
      17351    722.930     86.416     87.000    22.9969    23.0012   5.269228   5.269867     2.9575     2.5211      81.20   26.05712  -93.26220   -0.00798   -0.00802     4.5302     4.5422    22.9791    22.9833    36.2877    36.2891    24.9166    24.9165    1540.88    197.399    197.921         45 0.0000e+00
      17394    724.702     87.409     88.000    22.9375    22.9403   5.262757   5.263197     2.9459     2.5140     100.88   26.05712  -93.26220   -0.00840   -0.00711     4.5123     4.5319    22.9195    22.9223    36.2863    36.2874    24.9329    24.9329    1540.78    196.614    197.472         35 0.0000e+00
      17481    728.333     90.388     91.000    22.7834    22.7864   5.245837   5.246305     2.9216     2.4914      64.57   26.05636  -93.25948   -0.00647   -0.00623     4.4778     4.4953    22.7648    22.7678    36.2809    36.2821    24.9734    24.9734    1540.45    195.106    195.869         36 0.0000e+00
      17518    729.863     91.381     92.000    22.7511    22.7532   5.242644   5.243033     2.9129     2.4839      98.75   26.05712  -93.26222   -0.00721   -0.00646     4.4634     4.4815    22.7323    22.7345    36.2829    36.2842    24.9844    24.9847    1540.39    194.476    195.266         36 0.0000e+00
      17553    731.313     92.374     93.000    22.7279    22.7300   5.240272   5.240637     2.9060     2.4751      99.98   26.05712  -93.26222   -0.00585   -0.00551     4.4517     4.4643    22.7090    22.7111    36.2833    36.2844    24.9913    24.9916    1540.30    193.967    194.513         35 0.0000e+00
      17589    732.813     93.367     94.000    22.6998    22.7022   5.237142   5.237555     2.8962     2.4675     100.00   26.05712  -93.26222   -0.00534   -0.00564     4.4348     4.4499    22.6807    22.6831    36.2819    36.2831    24.9984    24.9987    1540.21    193.229    193.884         36 0.0000e+00
      17622    734.223     94.360     95.000    22.6655    22.6681   5.233305   5.233727     2.8889     2.4618     100.00   26.05712  -93.26222   -0.00597   -0.00508     4.4233     4.4404    22.6462    22.6488    36.2802    36.2812    25.0070    25.0071    1540.12    192.724    193.470         31 0.0000e+00
      17653    735.490     95.353     96.000    22.6267    22.6294   5.229151   5.229565     2.8807     2.4542     100.00   26.05712  -93.26222   -0.00579   -0.00456     4.4103     4.4269    22.6073    22.6100    36.2796    36.2805    25.0177    25.0177    1540.03    192.159    192.879         30 0.0000e+00
      17683    736.744     96.346     97.000    22.5911    22.5932   5.225236   5.225605     2.8711     2.4439     100.00   26.05712  -93.26222   -0.00629   -0.00584     4.3943     4.4071    22.5714    22.5736    36.2783    36.2793    25.0270    25.0272    1539.94    191.456    192.017         31 0.0000e+00
      17716    738.113     97.339     98.000    22.5726    22.5745   5.223210   5.223550     2.8634     2.4373     100.00   26.05712  -93.26222   -0.00679   -0.00679     4.3807     4.3943    22.5528    22.5547    36.2774    36.2785    25.0317    25.0320    1539.85    190.866    191.458         35 0.0000e+00
      17753    739.659     98.332     99.000    22.5333    22.5375   5.218879   5.219455     2.8527     2.4293     100.00   26.05712  -93.26223   -0.00636   -0.00546     4.3626     4.3797    22.5133    22.5175    36.2759    36.2769    25.0419    25.0414    1539.77    190.074    190.818         38 0.0000e+00
      17788    741.120     99.326    100.000    22.4549    22.4586   5.210112   5.210660     2.8424     2.4207     100.00   26.05712  -93.26224   -0.00676   -0.00526     4.3486     4.3670    22.4348    22.4385    36.2721    36.2733    25.0614    25.0613    1539.68    189.459    190.262         32 0.0000e+00
      17844    743.476    101.311    102.000    22.3766    22.3790   5.200671   5.201060     2.8219     2.4023      99.98   26.05261  -93.24610   -0.00807   -0.00721     4.3142     4.3328    22.3561    22.3584    36.2602    36.2613    25.0742    25.0743    1539.24    187.957    188.767         30 0.0000e+00
      17881    745.004    102.304    103.000    22.3132    22.3181   5.193845   5.194517     2.8134     2.3931     100.00   26.05712  -93.26224   -0.00738   -0.00685     4.3026     4.3174    22.2925    22.2974    36.2616    36.2628    25.0939    25.0935    1539.43    187.449    188.095         39 0.0000e+00
      17921    746.673    103.297    104.000    22.2533    22.2557   5.187246   5.187639     2.8021     2.3839      92.25   26.05712  -93.26224   -0.00651   -0.00608     4.2848     4.3019    22.2325    22.2348    36.2593    36.2604    25.1093    25.1095    1539.34    186.670    187.417         37 0.0000e+00
      17954    748.046    104.290    105.000    22.2235    22.2265   5.183926   5.184390     2.7913     2.3746     100.13   26.05712  -93.26224   -0.00701   -0.00611     4.2655     4.2838    22.2024    22.2055    36.2578    36.2588    25.1166    25.1166    1539.26    185.830    186.625         30 0.0000e+00
      17984    749.272    105.283    106.000    22.1439    22.1545   5.174881   5.175892     2.7791     2.3644     100.00   26.05712  -93.26224   -0.00789   -0.00661     4.2534     4.2713    22.1228    22.1334    36.2527    36.2539    25.1354    25.1333    1539.19    185.297    186.081         30 0.0000e+00
      18014    750.528    106.277    107.000    22.0012    22.0038   5.158925   5.159349     2.7651     2.3482     100.00   26.05712  -93.26224   -0.00946   -0.00834     4.2298     4.2403    21.9799    21.9825    36.2457    36.2469    25.1704    25.1705    1539.09    184.264    184.721         30 0.0000e+00
      18045    751.821    107.269    108.000    21.9645    21.9669   5.154881   5.155268     2.7502     2.3351      63.84   26.05712  -93.26224   -0.01093   -0.01059     4.2034     4.2154    21.9431    21.9455    36.2441    36.2451    25.1795    25.1797    1539.00    183.113    183.636         33 0.0000e+00
      18080    753.309    108.262    109.000    21.9266    21.9291   5.150952   5.151335     2.7378     2.3261      98.91   26.05712  -93.26224   -0.01061   -0.01009     4.1814     4.1983    21.9050    21.9075    36.2444    36.2454    25.1905    25.1905    1538.92    182.153    182.888         40 0.0000e+00
      18122    755.027    109.255    110.000    21.9100    21.9115   5.149255   5.149528     2.7289     2.3173     100.00   26.05712  -93.26224   -0.00748   -0.00601     4.1646     4.1801    21.8882    21.8896    36.2446    36.2455    25.1953    25.1956    1538.84    181.422    182.095         38 0.0000e+00
      18203    758.431    112.234    113.000    21.7333    21.7345   5.131127   5.131532     2.7043     2.2968      99.98   26.05119  -93.24094   -0.00523   -0.00397     4.1277     4.1452    21.7110    21.7122    36.2462    36.2469    25.2456    25.2458    1538.25    179.802    180.568         32 0.0000e+00
      18248    760.293    113.227    114.000    21.6899    21.6922   5.127665   5.128032     2.6779     2.2689     100.00   26.05714  -93.26224   -0.01161   -0.01129     4.0778     4.0874    21.6675    21.6697    36.2567    36.2577    25.2664    25.2665    1538.51    177.624    178.043         49 0.0000e+00
