Gulf of Mexico/GOMECC-4/1db/drb2103_1091.cnv
* Sea-Bird SBE 9 Data File:
* FileName = C:\Users\scs.user.rb\CTD\GOMECC4\data\rb2103_1091.hex
* Software Version Seasave V 7.26.7.107
* Temperature SN = 4799
* Conductivity SN = 3860
* Number of Bytes Per Scan = 41
* Number of Voltage Words = 4
* Number of Scans Averaged by the Deck Unit = 1
* NMEA Latitude = 22 44.06 N
* NMEA Longitude = 086 29.42 W
* NMEA UTC (Time) = Oct 15 2021  01:38:41
* NMEA baud rate = 4800
# nquan = 28
# nvalues = 288                         
# units = specified
# name 0 = scan: Scan Count
# name 1 = timeS: Time, Elapsed [seconds]
# name 2 = depSM: Depth [salt water, m]
# name 3 = prDM: Pressure, Digiquartz [db]
# name 4 = t090C: Temperature [ITS-90, deg C]
# name 5 = t190C: Temperature, 2 [ITS-90, deg C]
# name 6 = c0S/m: Conductivity [S/m]
# name 7 = c1S/m: Conductivity, 2 [S/m]
# name 8 = sbeox0V: Oxygen raw, SBE 43 [V]
# name 9 = sbeox1V: Oxygen raw, SBE 43, 2 [V]
# name 10 = altM: Altimeter [m]
# name 11 = latitude: Latitude [deg]
# name 12 = longitude: Longitude [deg]
# name 13 = sbox0dV/dT: Oxygen, SBE 43 [dov/dt]
# name 14 = sbox1dV/dT: Oxygen, SBE 43, 2 [dov/dt]
# name 15 = sbeox0ML/L: Oxygen, SBE 43 [ml/l], WS = 5
# name 16 = sbeox1ML/L: Oxygen, SBE 43, 2 [ml/l], WS = 5
# name 17 = potemp090C: Potential Temperature [ITS-90, deg C]
# name 18 = potemp190C: Potential Temperature, 2 [ITS-90, deg C]
# name 19 = sal00: Salinity, Practical [PSU]
# name 20 = sal11: Salinity, Practical, 2 [PSU]
# name 21 = sigma-é00: Density [sigma-theta, kg/m^3]
# name 22 = sigma-é11: Density, 2 [sigma-theta, kg/m^3]
# name 23 = avgsvCM: Average Sound Velocity [Chen-Millero, m/s], minP = 20, minS = 20
# name 24 = sbox0Mm/Kg: Oxygen, SBE 43 [umol/kg], WS = 5
# name 25 = sbox1Mm/Kg: Oxygen, SBE 43, 2 [umol/kg], WS = 5
# name 26 = nbin: number of scans per bin
# name 27 = flag: flag
# span 0 =      12874,      36138       
# span 1 =    536.396,   1505.699       
# span 2 =      2.981,    651.842       
# span 3 =      3.000,    657.000       
# span 4 =     7.7837,    30.0355       
# span 5 =     7.7844,    30.0376       
# span 6 =   3.625643,   6.026292       
# span 7 =   3.625698,   6.026716       
# span 8 =     1.6381,     3.1868       
# span 9 =     1.3369,     2.6973       
# span 10 =      11.02,     102.03      
# span 11 =   22.73195,   22.75133      
# span 12 =  -86.52101,  -86.46672      
# span 13 =   -0.01931,    0.00330      
# span 14 =   -0.01766,    0.00311      
# span 15 =     2.6951,     4.4316      
# span 16 =     2.7110,     4.4097      
# span 17 =     7.7165,    30.0341      
# span 18 =     7.7172,    30.0361      
# span 19 =    34.9489,    36.9975      
# span 20 =    34.9485,    36.9985      
# span 21 =    22.6627,    27.2840      
# span 22 =    22.6631,    27.2837      
# span 23 =       0.00,    1552.29      
# span 24 =    117.179,    193.484      
# span 25 =    117.873,    192.536      
# span 26 =         30,         67      
# span 27 = 0.0000e+00, 0.0000e+00      
# interval = decibars: 1                
# start_time = Oct 15 2021 01:38:41 [NMEA time, header]
# bad_flag = -9.990e-29
*END*
      12874    536.396      2.981      3.000    30.0259    30.0266   6.025109   6.025364     3.1715     2.6785     102.03   22.73755  -86.49219    0.00032   -0.00083     4.3298     4.3027    30.0252    30.0258    36.2640    36.2653    22.6656    22.6663       0.00    189.083    187.900         38 0.0000e+00
      13027    542.766      3.975      4.000    30.0254    30.0279   6.024982   6.025532     3.1679     2.6764      80.29   22.73759  -86.49223   -0.00047    0.00084     4.3240     4.2995    30.0243    30.0270    36.2643    36.2657    22.6661    22.6662       0.00    188.831    187.760         30 0.0000e+00
      13117    546.485      4.968      5.000    30.0353    30.0371   6.026082   6.026582     3.1685     2.6737      99.10   22.73763  -86.49225   -0.00069   -0.00059     4.3242     4.2939    30.0341    30.0358    36.2643    36.2656    22.6627    22.6631       0.00    188.839    187.515         49 0.0000e+00
      13179    549.089      5.962      6.000    30.0355    30.0376   6.026292   6.026716     3.1680     2.6789     100.03   22.73767  -86.49226   -0.00062   -0.00080     4.3242     4.3046    30.0340    30.0361    36.2643    36.2658    22.6627    22.6631       0.00    188.839    187.985         38 0.0000e+00
      13279    553.237      6.956      7.000    30.0271    30.0303   6.025094   6.025736     3.1733     2.6770     100.00   22.73770  -86.49228    0.00111   -0.00107     4.3345     4.3019    30.0253    30.0285    36.2624    36.2644    22.6643    22.6647       0.00    189.290    187.866         46 0.0000e+00
      13327    555.248      7.950      8.000    30.0297    30.0298   6.025515   6.025648     3.1709     2.6760     100.00   22.73772  -86.49231   -0.00061   -0.00028     4.3306     4.3006    30.0277    30.0278    36.2630    36.2640    22.6639    22.6647       0.00    189.120    187.809         39 0.0000e+00
      13415    558.907      8.943      9.000    30.0243    30.0263   6.024691   6.025087     3.1676     2.6763      88.16   22.73776  -86.49232   -0.00111    0.00037     4.3258     4.3020    30.0220    30.0241    36.2619    36.2633    22.6651    22.6654       0.00    188.907    187.870         50 0.0000e+00
      13475    561.407      9.937     10.000    30.0283    30.0284   6.025371   6.025552     3.1674     2.6760      97.69   22.73779  -86.49234   -0.00019   -0.00080     4.3256     4.3016    30.0258    30.0259    36.2625    36.2637    22.6642    22.6650       0.00    188.899    187.852         67 0.0000e+00
      13540    564.138     10.931     11.000    30.0291    30.0268   6.025538   6.025370     3.1705     2.6765     100.02   22.73780  -86.49237    0.00093    0.00000     4.3315     4.3034    30.0264    30.0240    36.2627    36.2633    22.6641    22.6654       0.00    189.159    187.929         58 0.0000e+00
      13600    566.610     11.924     12.000    29.9963    29.9900   6.021120   6.020450     3.1696     2.6774     100.00   22.73783  -86.49238    0.00015    0.00044     4.3327     4.3083    29.9933    29.9870    36.2569    36.2571    22.6712    22.6734       0.00    189.210    188.143         65 0.0000e+00
      13668    569.466     12.918     13.000    29.9742    29.9758   6.018197   6.018582     3.1665     2.6792     100.00   22.73786  -86.49240   -0.00109    0.00077     4.3299     4.3134    29.9710    29.9726    36.2534    36.2548    22.6761    22.6767       0.00    189.085    188.365         65 0.0000e+00
      13725    571.822     13.912     14.000    29.9691    29.9704   6.017636   6.017984     3.1677     2.6769     100.00   22.73788  -86.49242    0.00019   -0.00094     4.3329     4.3097    29.9656    29.9669    36.2531    36.2545    22.6778    22.6784       0.00    189.216    188.204         52 0.0000e+00
      13796    574.795     14.905     15.000    29.9651    29.9669   6.017210   6.017625     3.1666     2.6757     100.00   22.73790  -86.49244   -0.00007   -0.00056     4.3319     4.3082    29.9614    29.9632    36.2529    36.2544    22.6791    22.6796       0.00    189.171    188.137         53 0.0000e+00
      13853    577.158     15.899     16.000    29.9564    29.9576   6.015941   6.016277     3.1644     2.6741      89.42   22.73792  -86.49246   -0.00090   -0.00031     4.3291     4.3062    29.9524    29.9537    36.2505    36.2519    22.6803    22.6809       0.00    189.050    188.052         42 0.0000e+00
      13910    579.540     16.892     17.000    29.9541    29.9553   6.015737   6.016073     3.1664     2.6748      96.60   22.73795  -86.49247   -0.00010   -0.00004     4.3333     4.3084    29.9499    29.9511    36.2505    36.2519    22.6812    22.6818       0.00    189.234    188.147         43 0.0000e+00
      13982    582.542     17.886     18.000    29.9478    29.9491   6.014760   6.015090     3.1664     2.6769     100.19   22.73798  -86.49248    0.00051    0.00059     4.3346     4.3129    29.9434    29.9447    36.2493    36.2507    22.6825    22.6831       0.00    189.289    188.343         47 0.0000e+00
      14033    584.657     18.880     19.000    29.9414    29.9428   6.013916   6.014269     3.1660     2.6765     100.00   22.73800  -86.49250   -0.00044    0.00002     4.3347     4.3138    29.9367    29.9380    36.2471    36.2485    22.6832    22.6838       0.00    189.295    188.379         57 0.0000e+00
      14093    587.186     19.874     20.000    29.9421    29.9434   6.014350   6.014707     3.1637     2.6761     100.00   22.73803  -86.49251   -0.00027    0.00009     4.3310     4.3132    29.9372    29.9384    36.2492    36.2507    22.6846    22.6853     760.12    189.134    188.356         60 0.0000e+00
      14149    589.494     20.867     21.000    29.9391    29.9398   6.014029   6.014277     3.1622     2.6733     100.00   22.73805  -86.49252   -0.00150   -0.00111     4.3291     4.3086    29.9339    29.9346    36.2490    36.2501    22.6856    22.6862    1552.29    189.050    188.154         52 0.0000e+00
      14202    591.726     21.861     22.000    29.9266    29.9279   6.012061   6.012433     3.1631     2.6743     100.00   22.73806  -86.49254    0.00045   -0.00000     4.3323     4.3120    29.9211    29.9224    36.2447    36.2462    22.6867    22.6874    1547.13    189.188    188.302         57 0.0000e+00
      14258    594.047     22.854     23.000    29.9262    29.9277   6.012421   6.012743     3.1636     2.6726      86.66   22.73808  -86.49255    0.00015   -0.00029     4.3336     4.3091    29.9205    29.9220    36.2473    36.2486    22.6889    22.6893    1547.13    189.246    188.177         54 0.0000e+00
      14317    596.520     23.848     24.000    29.9127    29.9146   6.010998   6.011393     3.1638     2.6745      99.30   22.73811  -86.49257    0.00007   -0.00061     4.3359     4.3147    29.9067    29.9086    36.2470    36.2481    22.6933    22.6935    1547.13    189.343    188.419         60 0.0000e+00
      14369    598.655     24.841     25.000    29.9118    29.9096   6.010901   6.010821     3.1665     2.6773     100.00   22.73813  -86.49258    0.00087    0.00209     4.3410     4.3208    29.9056    29.9034    36.2471    36.2482    22.6938    22.6954    1547.13    189.565    188.684         46 0.0000e+00
      14419    600.765     25.835     26.000    29.8881    29.8791   6.008306   6.007361     3.1676     2.6725      73.83   22.73815  -86.49258    0.00060   -0.00093     4.3458     4.3138    29.8816    29.8727    36.2456    36.2463    22.7009    22.7047    1547.13    189.776    188.376         59 0.0000e+00
      14481    603.345     26.829     27.000    29.8281    29.8289   6.001021   6.001341     3.1726     2.6840      82.35   22.73818  -86.49259    0.00178    0.00163     4.3592     4.3408    29.8214    29.8222    36.2420    36.2435    22.7188    22.7196    1547.13    190.358    189.554         59 0.0000e+00
      14533    605.492     27.823     28.000    29.8263    29.8267   6.000894   6.001131     3.1797     2.6841      99.93   22.73820  -86.49262    0.00296    0.00212     4.3725     4.3416    29.8194    29.8198    36.2421    36.2434    22.7195    22.7204    1547.13    190.937    189.590         47 0.0000e+00
      14585    607.677     28.816     29.000    29.8148    29.8168   5.999547   5.999969     3.1794     2.6889     100.00   22.73820  -86.49265    0.00109    0.00137     4.3734     4.3523    29.8077    29.8096    36.2412    36.2427    22.7229    22.7233    1547.12    190.976    190.056         60 0.0000e+00
      14646    610.220     29.810     30.000    29.8083    29.8104   5.998810   5.999257     3.1796     2.6905     100.00   22.73823  -86.49267    0.00006    0.00161     4.3748     4.3566    29.8008    29.8029    36.2409    36.2423    22.7250    22.7253    1547.12    191.037    190.241         56 0.0000e+00
      14697    612.322     30.803     31.000    29.7999    29.8011   5.997840   5.998156     3.1801     2.6893      99.81   22.73825  -86.49269    0.00025   -0.00089     4.3770     4.3551    29.7922    29.7934    36.2402    36.2416    22.7274    22.7281    1547.12    191.131    190.178         50 0.0000e+00
      14756    614.797     31.797     32.000    29.7946    29.7970   5.997233   5.997696     3.1794     2.6899     100.01   22.73827  -86.49270   -0.00030    0.00013     4.3766     4.3573    29.7867    29.7891    36.2397    36.2413    22.7290    22.7293    1547.11    191.116    190.275         64 0.0000e+00
      14809    617.009     32.790     33.000    29.7797    29.7807   5.995919   5.996236     3.1809     2.6880     100.00   22.73829  -86.49271    0.00048   -0.00137     4.3807     4.3557    29.7715    29.7725    36.2384    36.2399    22.7331    22.7339    1547.11    191.294    190.201         43 0.0000e+00
      14864    619.283     33.784     34.000    29.7766    29.7789   5.995141   5.995604     3.1833     2.6907      77.94   22.73830  -86.49274    0.00086    0.00083     4.3860     4.3612    29.7682    29.7705    36.2383    36.2398    22.7342    22.7345    1547.11    191.523    190.443         65 0.0000e+00
      14926    621.875     34.777     35.000    29.7694    29.7715   5.994327   5.994769     3.1810     2.6878     100.38   22.73833  -86.49276   -0.00029   -0.00019     4.3830     4.3565    29.7607    29.7629    36.2380    36.2394    22.7365    22.7368    1547.10    191.392    190.237         55 0.0000e+00
      14980    624.105     35.771     36.000    29.7456    29.7481   5.991552   5.992009     3.1826     2.6909     100.00   22.73834  -86.49278   -0.00008   -0.00024     4.3880     4.3647    29.7367    29.7392    36.2368    36.2382    22.7438    22.7440    1547.10    191.609    190.594         54 0.0000e+00
      15034    626.388     36.764     37.000    29.7277    29.7307   5.989321   5.989983     3.1830     2.6921     100.00   22.73836  -86.49280    0.00039    0.00130     4.3908     4.3691    29.7186    29.7216    36.2345    36.2361    22.7483    22.7484    1547.10    191.733    190.782         59 0.0000e+00
      15095    628.920     37.758     38.000    29.7121    29.7197   5.987391   5.988432     3.1842     2.6922     100.00   22.73839  -86.49280    0.00035    0.00017     4.3947     4.3704    29.7027    29.7104    36.2328    36.2348    22.7524    22.7513    1547.09    191.902    190.840         54 0.0000e+00
      15143    630.932     38.751     39.000    29.6910    29.6931   5.984980   5.985408     3.1852     2.6961      86.68   22.73840  -86.49282    0.00046    0.00075     4.3987     4.3808    29.6814    29.6835    36.2319    36.2333    22.7590    22.7593    1547.09    192.074    191.293         52 0.0000e+00
      15206    633.522     39.745     40.000    29.6752    29.6773   5.983279   5.983710     3.1866     2.6936     100.36   22.73842  -86.49284    0.00059    0.00027     4.4030     4.3775    29.6653    29.6674    36.2319    36.2332    22.7644    22.7647    1547.08    192.259    191.148         65 0.0000e+00
      15261    635.848     40.738     41.000    29.6692    29.6712   5.982613   5.983034     3.1861     2.6913      81.48   22.73845  -86.49285    0.00034   -0.00194     4.4031     4.3740    29.6591    29.6611    36.2315    36.2329    22.7662    22.7666    1547.08    192.265    190.993         49 0.0000e+00
      15314    638.043     41.732     42.000    29.6043    29.6069   5.975187   5.976591     3.1856     2.6939      88.68   22.73846  -86.49286   -0.00078    0.00095     4.4090     4.3839    29.5939    29.5965    36.2257    36.2273    22.7841    22.7844    1547.07    192.522    191.421         61 0.0000e+00
      15376    640.626     42.726     43.000    29.5803    29.5828   5.971743   5.972201     3.1868     2.6926     100.29   22.73850  -86.49288    0.00090   -0.00043     4.4124     4.3842    29.5697    29.5722    36.2235    36.2249    22.7907    22.7909    1547.07    192.668    191.434         56 0.0000e+00
      15428    642.774     43.719     44.000    29.5412    29.5432   5.967552   5.967938     3.1846     2.6947     100.00   22.73851  -86.49290   -0.00067    0.00025     4.4127     4.3936    29.5304    29.5323    36.2205    36.2218    22.8018    22.8021    1547.06    192.677    191.843         50 0.0000e+00
      15483    645.069     44.713     45.000    29.5307    29.5315   5.965956   5.966237     3.1830     2.6961     100.00   22.73853  -86.49294   -0.00070    0.00090     4.4106     4.3960    29.5197    29.5204    36.2204    36.2218    22.8054    22.8061    1547.05    192.586    191.948         63 0.0000e+00
      15543    647.589     45.706     46.000    29.4411    29.4426   5.954603   5.954905     3.1859     2.6973      94.41   22.73856  -86.49294    0.00019    0.00076     4.4234     4.4056    29.4298    29.4314    36.2099    36.2108    22.8280    22.8281    1547.04    193.142    192.361         53 0.0000e+00
      15595    649.732     46.700     47.000    29.3273    29.3281   5.941133   5.941413     3.1850     2.6948      90.15   22.73858  -86.49294    0.00093   -0.00065     4.4313     4.4097    29.3158    29.3167    36.2030    36.2042    22.8613    22.8619    1547.02    193.479    192.536         54 0.0000e+00
      15653    652.182     47.693     48.000    29.2566    29.2634   5.933375   5.934368     3.1793     2.6876     100.06   22.73861  -86.49296   -0.00211   -0.00227     4.4271     4.4005    29.2449    29.2517    36.2026    36.2043    22.8850    22.8839    1547.00    193.290    192.128         61 0.0000e+00
      15710    654.550     48.687     49.000    29.1968    29.1970   5.925687   5.926084     3.1788     2.6888     100.00   22.73863  -86.49297   -0.00092   -0.00076     4.4316     4.4084    29.1831    29.1851    36.1958    36.1972    22.9007    22.9011    1546.99    193.484    192.471         50 0.0000e+00
      15755    656.434     49.680     50.000    29.1353    29.1363   5.918100   5.918408     3.1738     2.6848     100.00   22.73864  -86.49300   -0.00099   -0.00034     4.4281     4.4053    29.1231    29.1242    36.1884    36.1898    22.9153    22.9160    1546.97    193.328    192.335         43 0.0000e+00
      15799    658.252     50.674     51.000    29.1253    29.1264   5.917347   5.917678     3.1711     2.6834     100.00   22.73864  -86.49300   -0.00232   -0.00181     4.4245     4.4038    29.1129    29.1139    36.1905    36.1920    22.9204    22.9211    1546.95    193.171    192.268         46 0.0000e+00
      15846    660.191     51.667     52.000    29.1114    29.1122   5.916153   5.916446     3.1698     2.6828      98.55   22.73868  -86.49302   -0.00107   -0.00078     4.4236     4.4041    29.0987    29.0995    36.1925    36.1939    22.9266    22.9274    1546.93    193.132    192.279         45 0.0000e+00
      15887    661.932     52.661     53.000    29.0938    29.0943   5.914309   5.914563     3.1696     2.6823      99.66   22.73870  -86.49302   -0.00032   -0.00002     4.4253     4.4056    29.0809    29.0815    36.1936    36.1949    22.9334    22.9342    1546.91    193.202    192.341         39 0.0000e+00
