Gulf of Mexico/GOMECC-4/1db/drb2103_0881.cnv
* Sea-Bird SBE 9 Data File:
* FileName = C:\Users\scs.user.rb\CTD\GOMECC4\data\rb2103_0881.hex
* Software Version Seasave V 7.26.7.107
* Temperature SN = 4799
* Conductivity SN = 3860
* Number of Bytes Per Scan = 41
* Number of Voltage Words = 4
* Number of Scans Averaged by the Deck Unit = 1
* NMEA Latitude = 19 10.20 N
* NMEA Longitude = 093 17.93 W
* NMEA UTC (Time) = Oct 08 2021  18:58:02
* NMEA baud rate = 4800
# nquan = 28
# nvalues = 203                         
# units = specified
# name 0 = scan: Scan Count
# name 1 = timeS: Time, Elapsed [seconds]
# name 2 = depSM: Depth [salt water, m]
# name 3 = prDM: Pressure, Digiquartz [db]
# name 4 = t090C: Temperature [ITS-90, deg C]
# name 5 = t190C: Temperature, 2 [ITS-90, deg C]
# name 6 = c0S/m: Conductivity [S/m]
# name 7 = c1S/m: Conductivity, 2 [S/m]
# name 8 = sbeox0V: Oxygen raw, SBE 43 [V]
# name 9 = sbeox1V: Oxygen raw, SBE 43, 2 [V]
# name 10 = altM: Altimeter [m]
# name 11 = latitude: Latitude [deg]
# name 12 = longitude: Longitude [deg]
# name 13 = sbox0dV/dT: Oxygen, SBE 43 [dov/dt]
# name 14 = sbox1dV/dT: Oxygen, SBE 43, 2 [dov/dt]
# name 15 = sbeox0ML/L: Oxygen, SBE 43 [ml/l], WS = 5
# name 16 = sbeox1ML/L: Oxygen, SBE 43, 2 [ml/l], WS = 5
# name 17 = potemp090C: Potential Temperature [ITS-90, deg C]
# name 18 = potemp190C: Potential Temperature, 2 [ITS-90, deg C]
# name 19 = sal00: Salinity, Practical [PSU]
# name 20 = sal11: Salinity, Practical, 2 [PSU]
# name 21 = sigma-é00: Density [sigma-theta, kg/m^3]
# name 22 = sigma-é11: Density, 2 [sigma-theta, kg/m^3]
# name 23 = avgsvCM: Average Sound Velocity [Chen-Millero, m/s], minP = 20, minS = 20
# name 24 = sbox0Mm/Kg: Oxygen, SBE 43 [umol/kg], WS = 5
# name 25 = sbox1Mm/Kg: Oxygen, SBE 43, 2 [umol/kg], WS = 5
# name 26 = nbin: number of scans per bin
# name 27 = flag: flag
# span 0 =      19640,      43820       
# span 1 =    818.290,   1825.792       
# span 2 =      3.975,    717.367       
# span 3 =      4.000,    723.000       
# span 4 =     6.7176,    29.7420       
# span 5 =     6.7180,    29.7432       
# span 6 =   3.528995,   5.984409       
# span 7 =   3.528994,   5.984727       
# span 8 =     1.5581,     3.2070       
# span 9 =     1.2629,     2.7417       
# span 10 =       9.71,     101.70      
# span 11 =   19.16248,   19.17115      
# span 12 =  -93.30585,  -93.26293      
# span 13 =   -0.04026,    0.03950      
# span 14 =   -0.03981,    0.04043      
# span 15 =     2.3439,     4.8232      
# span 16 =     2.3599,     4.8317      
# span 17 =     6.6490,    29.7368      
# span 18 =     6.6494,    29.7380      
# span 19 =    34.9352,    36.5121      
# span 20 =    34.9349,    36.5134      
# span 21 =    22.1847,    27.4180      
# span 22 =    22.1852,    27.4176      
# span 23 =       0.00,    1546.64      
# span 24 =    101.924,    210.267      
# span 25 =    102.621,    210.660      
# span 26 =         30,         65      
# span 27 = 0.0000e+00, 0.0000e+00      
# interval = decibars: 1                
# start_time = Oct 08 2021 18:58:02 [NMEA time, header]
# bad_flag = -9.990e-29
*END*
      19640    818.290      3.975      4.000    29.3375    29.3394   5.810577   5.810982     3.1361     2.6540     101.02   19.16982  -93.29834    0.00076   -0.00029     4.3419     4.3266    29.3365    29.3385    35.3113    35.3126    22.1848    22.1852       0.00    189.700    189.031         42 0.0000e+00
      19829    826.154      4.970      5.000    29.3397    29.3390   5.811040   5.810946     3.1386     2.6510      62.07   19.16982  -93.29833    0.00018   -0.00020     4.3468     4.3211    29.3384    29.3377    35.3126    35.3125    22.1851    22.1853       0.00    189.914    188.794         44 0.0000e+00
      19894    828.887      5.964      6.000    29.3522    29.3522   5.813414   5.813543     3.1382     2.6535     101.70   19.16982  -93.29832   -0.00018    0.00019     4.3453     4.3258    29.3507    29.3507    35.3190    35.3191    22.1858    22.1859       0.00    189.851    188.996         37 0.0000e+00
      19987    832.733      6.958      7.000    29.3437    29.3443   5.811693   5.811887     3.1363     2.6531     100.00   19.16982  -93.29832   -0.00089   -0.00021     4.3433     4.3259    29.3420    29.3426    35.3136    35.3148    22.1847    22.1854       0.00    189.760    189.002         31 0.0000e+00
      20019    834.072      7.952      8.000    29.3691    29.3641   5.816493   5.815929     3.1359     2.6537     100.00   19.16982  -93.29832    0.00007    0.00091     4.3400     4.3254    29.3671    29.3621    35.3289    35.3275    22.1877    22.1882       0.00    189.617    188.980         40 0.0000e+00
      20073    836.332      8.945      9.000    29.3733    29.3746   5.817852   5.818142     3.1353     2.6523      87.13   19.16982  -93.29832   -0.00068   -0.00058     4.3398     4.3227    29.3711    29.3724    35.3332    35.3343    22.1896    22.1900       0.00    189.608    188.863         56 0.0000e+00
      20119    838.267      9.939     10.000    29.3759    29.3769   5.818687   5.818972     3.1365     2.6523      91.54   19.16982  -93.29832    0.00051   -0.00079     4.3421     4.3230    29.3735    29.3745    35.3368    35.3380    22.1915    22.1921       0.00    189.710    188.875         45 0.0000e+00
      20174    840.541     10.933     11.000    29.3768    29.3778   5.819077   5.819374     3.1349     2.6541      98.64   19.16982  -93.29832   -0.00033    0.00064     4.3396     4.3269    29.3741    29.3751    35.3386    35.3398    22.1926    22.1932       0.00    189.601    189.042         60 0.0000e+00
      20227    842.762     11.927     12.000    29.3766    29.3778   5.819086   5.819451     3.1319     2.6518      99.98   19.16982  -93.29832   -0.00076    0.00031     4.3349     4.3229    29.3736    29.3749    35.3385    35.3401    22.1927    22.1935       0.00    189.396    188.868         49 0.0000e+00
      20280    844.956     12.921     13.000    29.3764    29.3774   5.819196   5.819482     3.1330     2.6504     100.00   19.16982  -93.29832   -0.00075   -0.00168     4.3374     4.3207    29.3732    29.3742    35.3391    35.3403    22.1933    22.1938       0.00    189.504    188.773         54 0.0000e+00
      20333    847.171     13.915     14.000    29.3769    29.3777   5.819490   5.819698     3.1311     2.6508     100.00   19.16982  -93.29832    0.00015    0.00015     4.3343     4.3219    29.3734    29.3742    35.3405    35.3413    22.1943    22.1946       0.00    189.368    188.827         54 0.0000e+00
      20386    849.386     14.908     15.000    29.4050    29.4071   5.829003   5.829756     3.1312     2.6524     100.00   19.16982  -93.29832   -0.00084    0.00042     4.3310     4.3222    29.4014    29.4034    35.3846    35.3882    22.2179    22.2200       0.00    189.216    188.833         51 0.0000e+00
      20437    851.508     15.902     16.000    29.4831    29.4752   5.858147   5.854850     3.1319     2.6520     100.00   19.16982  -93.29832    0.00037    0.00024     4.3244     4.3142    29.4792    29.4713    35.5261    35.5093    22.2978    22.2880       0.00    188.914    188.473         54 0.0000e+00
      20495    853.919     16.896     17.000    29.6089    29.5971   5.914395   5.908065     3.1409     2.6575      99.80   19.16982  -93.29831    0.00248    0.00126     4.3245     4.3110    29.6047    29.5929    35.8172    35.7827    22.4738    22.4519       0.00    188.888    188.304         55 0.0000e+00
      20543    855.929     17.890     18.000    29.6609    29.6597   5.948034   5.947096     3.1478     2.6671      97.70   19.16982  -93.29830    0.00365    0.00375     4.3288     4.3205    29.6564    29.6552    36.0080    36.0025    22.5995    22.5957       0.00    189.054    188.688         47 0.0000e+00
      20595    858.104     18.884     19.000    29.7148    29.7202   5.975876   5.977523     3.1569     2.6714      98.35   19.16982  -93.29830    0.00404    0.00304     4.3378     4.3214    29.7101    29.7155    36.1577    36.1649    22.6935    22.6971       0.00    189.426    188.709         58 0.0000e+00
      20653    860.490     19.878     20.000    29.7357    29.7371   5.982034   5.982437     3.1590     2.6739      70.26   19.16982  -93.29830    0.00196    0.00195     4.3398     4.3252    29.7308    29.7321    36.1837    36.1854    22.7060    22.7068     719.96    189.515    188.876         51 0.0000e+00
      20699    862.410     20.872     21.000    29.7420    29.7432   5.984409   5.984727     3.1610     2.6730      98.48   19.16982  -93.29830    0.00120   -0.00036     4.3433     4.3232    29.7368    29.7380    36.1949    36.1962    22.7123    22.7129    1501.87    189.663    188.785         50 0.0000e+00
      20761    864.990     21.866     22.000    29.7136    29.7236   5.982624   5.983807     3.1597     2.6713     100.00   19.16982  -93.29830   -0.00064   -0.00090     4.3433     4.3220    29.7081    29.7182    36.2038    36.2037    22.7288    22.7249    1546.64    189.663    188.729         60 0.0000e+00
      20808    866.975     22.859     23.000    29.6222    29.6209   5.973534   5.973827     3.1579     2.6749     100.00   19.16982  -93.29830   -0.00012    0.00082     4.3474     4.3370    29.6140    29.6152    36.2119    36.2130    22.7669    22.7673    1546.64    189.833    189.378         42 0.0000e+00
      20865    869.335     23.853     24.000    29.5805    29.5857   5.971296   5.971988     3.1662     2.6818     100.00   19.16982  -93.29829    0.00105    0.00282     4.3641     4.3517    29.5766    29.5798    36.2244    36.2246    22.7890    22.7872    1546.63    190.559    190.019         60 0.0000e+00
      20917    871.492     24.847     25.000    29.3461    29.3458   5.948070   5.948168     3.1759     2.6965      84.30   19.16982  -93.29829    0.00471    0.00438     4.4022     4.4034    29.3399    29.3397    36.2423    36.2431    22.8827    22.8834    1546.61    192.207    192.257         47 0.0000e+00
      20969    873.660     25.841     26.000    29.3246    29.3299   5.945601   5.946347     3.1817     2.6982      99.66   19.16982  -93.29828    0.00344    0.00441     4.4133     4.4043    29.3192    29.3236    36.2412    36.2430    22.8889    22.8887    1546.58    192.686    192.295         59 0.0000e+00
      21028    876.106     26.835     27.000    29.2561    29.2607   5.936433   5.937044     3.1806     2.6961     100.00   19.16982  -93.29828    0.00102   -0.00037     4.4178     4.4058    29.2494    29.2541    36.2304    36.2310    22.9043    22.9032    1546.56    192.881    192.359         51 0.0000e+00
      21074    878.058     27.829     28.000    28.6941    28.7071   5.865396   5.866701     3.1548     2.6718      67.01   19.16982  -93.29828   -0.00492   -0.00513     4.4145     4.3967    28.6873    28.7004    36.1644    36.1635    23.0430    23.0379    1546.51    192.711    191.938         52 0.0000e+00
      21133    880.517     28.822     29.000    28.2250    28.2329   5.809987   5.810621     3.1072     2.6314     101.20   19.16982  -93.29828   -0.01899   -0.01656     4.3680     4.3536    28.2181    28.2260    36.1350    36.1335    23.1767    23.1729    1546.42    190.656    190.027         58 0.0000e+00
      21187    882.739     29.816     30.000    27.4714    27.4553   5.724650   5.723624     3.0730     2.5848      99.93   19.16980  -93.29828   -0.01833   -0.01699     4.3531     4.3121    27.4644    27.4483    36.1144    36.1164    23.4075    23.4143    1546.30    189.973    188.176         51 0.0000e+00
      21237    884.846     30.810     31.000    26.8281    26.8411   5.660238   5.661731     3.0015     2.5448      99.89   19.16980  -93.29828   -0.02852   -0.02385     4.2810     4.2765    26.8210    26.8340    36.1495    36.1501    23.6410    23.6373    1546.13    186.773    186.577         54 0.0000e+00
      21298    887.378     31.804     32.000    26.4019    26.4353   5.617168   5.620061     3.0027     2.5526      97.88   19.16980  -93.29828   -0.00661   -0.00091     4.3146     4.3220    26.3947    26.4280    36.1715    36.1735    23.7932    23.7841    1545.93    188.214    188.533         61 0.0000e+00
      21348    889.456     32.797     33.000    26.1282    26.1329   5.596433   5.596842     3.0233     2.5838      80.57   19.16980  -93.29828    0.00294    0.00663     4.3749     4.4086    26.1207    26.1254    36.2360    36.2356    23.9283    23.9265    1545.72    190.815    192.287         47 0.0000e+00
      21402    891.714     33.792     34.000    25.9002    25.9023   5.577629   5.578324     3.1421     2.6949     100.65   19.16980  -93.29827    0.03950    0.04043     4.6197     4.6564    25.8838    25.8947    36.2827    36.2841    24.0377    24.0362    1545.52    201.474    203.077         54 0.0000e+00
      21455    893.910     34.785     35.000    25.3869    25.3969   5.523937   5.525174     3.1958     2.7411     100.00   19.16980  -93.29826    0.03881    0.03490     4.7659     4.7984    25.3790    25.3892    36.2916    36.2928    24.2013    24.1990    1545.29    207.814    209.233         56 0.0000e+00
      21508    896.110     35.779     36.000    25.0090    25.0153   5.482722   5.483598     3.2070     2.7417     100.00   19.16980  -93.29826    0.01176    0.00654     4.8210     4.8317    25.0012    25.0075    36.2879    36.2894    24.3146    24.3138    1545.06    210.196    210.660         45 0.0000e+00
      21555    898.067     36.773     37.000    24.6230    24.6367   5.440029   5.441706     3.1901     2.7250     100.00   19.16980  -93.29826   -0.00148   -0.00374     4.8232     4.8278    24.6151    24.6287    36.2790    36.2806    24.4252    24.4223    1544.81    210.267    210.469         56 0.0000e+00
      21616    900.609     37.766     38.000    24.3688    24.3507   5.411855   5.410232     3.1020     2.6223      99.12   19.16980  -93.29826   -0.02336   -0.02588     4.6746     4.6315    24.3606    24.3426    36.2723    36.2747    24.4970    24.5043    1544.56    203.775    201.896         59 0.0000e+00
      21666    902.688     38.760     39.000    24.2736    24.2768   5.401793   5.402461     3.0547     2.6005      97.75   19.16980  -93.29826   -0.03359   -0.03082     4.5894     4.5891    24.2653    24.2685    36.2731    36.2756    24.5263    24.5272    1544.30    200.056    200.043         42 0.0000e+00
      21711    904.588     39.754     40.000    24.2046    24.2068   5.395356   5.395900     3.0328     2.5840      99.92   19.16980  -93.29826   -0.02063   -0.01427     4.5525     4.5592    24.1961    24.1983    36.2801    36.2825    24.5523    24.5534    1544.06    198.441    198.734         53 0.0000e+00
      21779    907.396     40.747     41.000    23.9048    23.9558   5.362961   5.368481     3.0394     2.5965      98.97   19.16980  -93.29826    0.00166    0.00493     4.5897     4.6087    23.8962    23.9472    36.2779    36.2784    24.6400    24.6252    1543.82    200.049    200.878         50 0.0000e+00
      21817    909.010     41.741     42.000    23.6420    23.6486   5.334383   5.335347     2.9720     2.5209      99.90   19.16978  -93.29824   -0.01647   -0.01819     4.4804     4.4665    23.6332    23.6398    36.2741    36.2761    24.7150    24.7146    1543.55    195.271    194.664         31 0.0000e+00
      21875    911.413     42.735     43.000    23.5699    23.5691   5.326879   5.327051     2.9157     2.4736     100.00   19.16978  -93.29824   -0.02986   -0.02976     4.3750     4.3691    23.5609    23.5601    36.2755    36.2774    24.7374    24.7391    1543.31    190.672    190.414         61 0.0000e+00
      21931    913.761     43.729     44.000    23.5104    23.5142   5.320849   5.321469     2.8854     2.4494     100.00   19.16978  -93.29824   -0.01460   -0.01187     4.3198     4.3205    23.5013    23.5050    36.2776    36.2793    24.7566    24.7568    1543.07    188.263    188.290         43 0.0000e+00
      21979    915.735     44.722     45.000    23.4421    23.4438   5.313640   5.314074     2.8631     2.4308     100.00   19.16978  -93.29824   -0.01202   -0.00949     4.2813     4.2853    23.4327    23.4344    36.2780    36.2800    24.7770    24.7780    1542.84    186.581    186.752         57 0.0000e+00
      22039    918.230     45.716     46.000    23.3996    23.3992   5.309252   5.309448     2.8417     2.4114     100.00   19.16978  -93.29824   -0.00939   -0.00885     4.2423     4.2465    23.3901    23.3897    36.2788    36.2807    24.7902    24.7916    1542.61    184.878    185.061         53 0.0000e+00
      22086    920.214     46.710     47.000    23.3627    23.3664   5.305411   5.305979     2.8298     2.4026     100.00   19.16978  -93.29823   -0.00733   -0.00581     4.2224     4.2304    23.3530    23.3566    36.2793    36.2810    24.8014    24.8016    1542.40    184.009    184.358         49 0.0000e+00
      22141    922.506     47.704     48.000    23.2857    23.2881   5.297338   5.297814     2.8168     2.3900     100.00   19.16978  -93.29822   -0.00539   -0.00463     4.2025     4.2085    23.2758    23.2782    36.2801    36.2818    24.8246    24.8251    1542.19    183.137    183.398         57 0.0000e+00
      22194    924.705     48.697     49.000    23.2431    23.2448   5.292869   5.293275     2.7991     2.3764      99.76   19.16978  -93.29822   -0.00739   -0.00664     4.1709     4.1820    23.2329    23.2346    36.2804    36.2821    24.8373    24.8381    1541.99    181.757    182.240         54 0.0000e+00
      22249    926.985     49.691     50.000    23.2013    23.2048   5.288619   5.289174     2.7871     2.3700      99.72   19.16978  -93.29822   -0.00641   -0.00362     4.1505     4.1712    23.1910    23.1945    36.2817    36.2831    24.8505    24.8505    1541.79    180.869    181.769         50 0.0000e+00
      22298    929.035     50.685     51.000    23.0949    23.0988   5.277735   5.278342     2.7631     2.3404      99.99   19.16978  -93.29822   -0.00753   -0.00768     4.1110     4.1140    23.0844    23.0883    36.2850    36.2864    24.8840    24.8840    1541.59    179.141    179.272         54 0.0000e+00
      22360    931.631     51.679     52.000    23.0031    23.0032   5.268132   5.268338     2.7288     2.3100      83.59   19.16978  -93.29822   -0.01417   -0.01445     4.0494     4.0537    22.9924    22.9926    36.2861    36.2876    24.9116    24.9127    1541.41    176.451    176.639         60 0.0000e+00
      22407    933.565     52.672     53.000    22.9294    22.9302   5.260770   5.261093     2.7106     2.2934      99.86   19.16978  -93.29822   -0.01080   -0.00974     4.0197     4.0224    22.9185    22.9194    36.2881    36.2898    24.9345    24.9356    1541.24    175.152    175.271         41 0.0000e+00
      22459    935.767     53.666     54.000    22.9180    22.9182   5.259513   5.259784     2.6952     2.2805      84.59   19.16978  -93.29822   -0.00854   -0.00733     3.9888     3.9949    22.9069    22.9072    36.2889    36.2908    24.9385    24.9399    1541.04    173.808    174.072         65 0.0000e+00
