Gulf of Mexico/GOMECC-4/1db/drb2103_0651.cnv
* Sea-Bird SBE 9 Data File:
* FileName = C:\Users\scs.user.rb\CTD\GOMECC4\data\rb2103_0651.hex
* Software Version Seasave V 7.26.7.107
* Temperature SN = 4799
* Conductivity SN = 3860
* Number of Bytes Per Scan = 41
* Number of Voltage Words = 4
* Number of Scans Averaged by the Deck Unit = 1
* NMEA Latitude = 26 03.47 N
* NMEA Longitude = 096 19.52 W
* NMEA UTC (Time) = Oct 02 2021  07:20:22
* NMEA baud rate = 4800
# nquan = 28
# nvalues = 148                         
# units = specified
# name 0 = scan: Scan Count
# name 1 = timeS: Time, Elapsed [seconds]
# name 2 = depSM: Depth [salt water, m]
# name 3 = prDM: Pressure, Digiquartz [db]
# name 4 = t090C: Temperature [ITS-90, deg C]
# name 5 = t190C: Temperature, 2 [ITS-90, deg C]
# name 6 = c0S/m: Conductivity [S/m]
# name 7 = c1S/m: Conductivity, 2 [S/m]
# name 8 = sbeox0V: Oxygen raw, SBE 43 [V]
# name 9 = sbeox1V: Oxygen raw, SBE 43, 2 [V]
# name 10 = altM: Altimeter [m]
# name 11 = latitude: Latitude [deg]
# name 12 = longitude: Longitude [deg]
# name 13 = sbox0dV/dT: Oxygen, SBE 43 [dov/dt]
# name 14 = sbox1dV/dT: Oxygen, SBE 43, 2 [dov/dt]
# name 15 = sbeox0ML/L: Oxygen, SBE 43 [ml/l], WS = 5
# name 16 = sbeox1ML/L: Oxygen, SBE 43, 2 [ml/l], WS = 5
# name 17 = potemp090C: Potential Temperature [ITS-90, deg C]
# name 18 = potemp190C: Potential Temperature, 2 [ITS-90, deg C]
# name 19 = sal00: Salinity, Practical [PSU]
# name 20 = sal11: Salinity, Practical, 2 [PSU]
# name 21 = sigma-é00: Density [sigma-theta, kg/m^3]
# name 22 = sigma-é11: Density, 2 [sigma-theta, kg/m^3]
# name 23 = avgsvCM: Average Sound Velocity [Chen-Millero, m/s], minP = 20, minS = 20
# name 24 = sbox0Mm/Kg: Oxygen, SBE 43 [umol/kg], WS = 5
# name 25 = sbox1Mm/Kg: Oxygen, SBE 43, 2 [umol/kg], WS = 5
# name 26 = nbin: number of scans per bin
# name 27 = flag: flag
# span 0 =       7022,      15910       
# span 1 =    292.528,    662.857       
# span 2 =      2.980,    183.714       
# span 3 =      3.000,    185.000       
# span 4 =    15.6196,    29.2229       
# span 5 =    15.6262,    29.2291       
# span 6 =   4.479277,   5.880218       
# span 7 =   4.479907,   5.880278       
# span 8 =     1.8170,     3.3902       
# span 9 =     1.4997,     2.9034       
# span 10 =       4.59,     102.43      
# span 11 =   25.81350,   26.06324      
# span 12 =  -96.34349,  -95.42090      
# span 13 =   -0.04680,    0.02733      
# span 14 =   -0.04573,    0.02452      
# span 15 =     2.5411,     5.1121      
# span 16 =     2.5634,     5.1314      
# span 17 =    15.5905,    29.2078      
# span 18 =    15.5972,    29.2238      
# span 19 =    34.8243,    36.4459      
# span 20 =    34.8125,    36.4471      
# span 21 =    22.0379,    26.6607      
# span 22 =    22.0304,    26.6592      
# span 23 =       0.00,    1545.01      
# span 24 =    110.580,    222.937      
# span 25 =    111.555,    223.766      
# span 26 =         30,         67      
# span 27 = 0.0000e+00, 0.0000e+00      
# interval = decibars: 1                
# start_time = Oct 02 2021 07:20:22 [NMEA time, header]
# bad_flag = -9.990e-29
*END*
[from data line 52]
      10381    432.500     56.621     57.000    22.4462    22.4539   5.200948   5.201956     3.0862     2.6390      99.34   26.05836  -96.32570   -0.00933   -0.00929     4.8243     4.8357    22.4347    22.4424    36.2225    36.2239    25.0237    25.0226    1539.65    210.194    210.690         60 0.0000e+00
      10437    434.843     57.614     58.000    22.3464    22.3510   5.190385   5.191090     3.0419     2.6028     100.00   26.05836  -96.32570   -0.01904   -0.01782     4.7444     4.7642    22.3347    22.3393    36.2224    36.2241    25.0521    25.0521    1539.49    206.705    207.570         44 0.0000e+00
      10478    436.547     58.608     59.000    22.2922    22.2939   5.184751   5.185147     3.0325     2.5967      71.81   26.05836  -96.32570   -0.01222   -0.00928     4.7306     4.7558    22.2804    22.2821    36.2229    36.2246    25.0680    25.0688    1539.33    206.102    207.200         48 0.0000e+00
      10537    438.989     59.601     60.000    22.2563    22.2596   5.181461   5.181973     3.0211     2.5868     102.43   26.05836  -96.32570   -0.00450   -0.00377     4.7108     4.7370    22.2443    22.2475    36.2266    36.2279    25.0811    25.0812    1539.17    205.238    206.379         56 0.0000e+00
      10579    440.738     60.594     61.000    22.1827    22.1858   5.174659   5.175181     3.0005     2.5705     100.00   26.05836  -96.32570   -0.00670   -0.00549     4.6753     4.7062    22.1705    22.1736    36.2342    36.2357    25.1078    25.1081    1539.01    203.683    205.030         38 0.0000e+00
      10629    442.841     61.587     62.000    22.0702    22.0753   5.162132   5.162791     2.9681     2.5388      71.62   26.05836  -96.32570   -0.01440   -0.01342     4.6166     4.6417    22.0560    22.0630    36.2305    36.2318    25.1374    25.1370    1538.86    201.124    202.215         62 0.0000e+00
      10681    445.001     62.581     63.000    22.0403    22.0400   5.160071   5.160275     2.9564     2.5285     101.78   26.05836  -96.32570   -0.00870   -0.00782     4.5987     4.6247    22.0279    22.0275    36.2420    36.2436    25.1541    25.1554    1538.71    200.338    201.472         35 0.0000e+00
      10714    446.378     63.574     64.000    21.9484    21.9505   5.151773   5.152194     2.9171     2.4865     100.00   26.05836  -96.32570   -0.01256   -0.01249     4.5261     4.5377    21.9357    21.9378    36.2487    36.2503    25.1851    25.1857    1538.56    197.171    197.674         30 0.0000e+00
      10756    448.123     64.567     65.000    21.9006    21.9034   5.147095   5.147582     2.8814     2.4557     100.00   26.05836  -96.32570   -0.02172   -0.02112     4.4570     4.4718    21.8877    21.8905    36.2512    36.2527    25.2005    25.2009    1538.41    194.156    194.800         50 0.0000e+00
      10799    449.915     65.560     66.000    21.8399    21.8432   5.140665   5.141206     2.8579     2.4378     100.00   26.05838  -96.32570   -0.01995   -0.01732     4.4144     4.4368    21.8267    21.8303    36.2509    36.2524    25.2174    25.2176    1538.27    192.296    193.273         31 0.0000e+00
      10848    451.959     67.547     68.000    21.6700    21.6744   5.122272   5.122914     2.8397     2.4233      99.96   26.04756  -96.28570   -0.00939   -0.00666     4.3917     4.4177    21.6566    21.6610    36.2411    36.2425    25.2560    25.2558    1537.34    191.299    192.433         30 0.0000e+00
      10886    453.556     68.540     69.000    21.6253    21.6284   5.119291   5.119796     2.8183     2.4002     100.00   26.05838  -96.32571   -0.01005   -0.00922     4.3516     4.3693    21.6118    21.6149    36.2603    36.2617    25.2847    25.2849    1537.85    189.549    190.323         37 0.0000e+00
      10921    454.983     69.533     70.000    21.5898    21.5884   5.115715   5.115754     2.7948     2.3802     100.00   26.05838  -96.32570   -0.01475   -0.01448     4.3064     4.3272    21.5761    21.5747    36.2613    36.2628    25.2954    25.2969    1537.71    187.581    188.484         32 0.0000e+00
      10955    456.426     70.526     71.000    21.5681    21.5690   5.113745   5.113978     2.7797     2.3686     100.00   26.05838  -96.32572   -0.01481   -0.01311     4.2773     4.3028    21.5542    21.5551    36.2636    36.2647    25.3032    25.3038    1537.58    186.310    187.420         38 0.0000e+00
      10997    458.165     71.519     72.000    21.4894    21.4936   5.106235   5.106764     2.7609     2.3522      98.52   26.05838  -96.32572   -0.01091   -0.00893     4.2429     4.2704    21.4753    21.4795    36.2697    36.2704    25.3298    25.3292    1537.46    184.807    186.005         44 0.0000e+00
      11036    459.785     72.512     73.000    21.4231    21.4259   5.100588   5.101040     2.7324     2.3224      82.50   26.05840  -96.32572   -0.01245   -0.01141     4.1913     4.2086    21.4089    21.4116    36.2802    36.2815    25.3563    25.3565    1537.32    182.556    183.308         34 0.0000e+00
      11067    461.095     73.505     74.000    21.3782    21.3795   5.096087   5.096389     2.6997     2.2890      99.36   26.05840  -96.32574   -0.01849   -0.01914     4.1272     4.1360    21.3638    21.3650    36.2818    36.2832    25.3700    25.3707    1537.19    179.761    180.142         32 0.0000e+00
      11106    462.718     74.498     75.000    21.2078    21.2166   5.079597   5.080661     2.6628     2.2569     100.00   26.05840  -96.32574   -0.02280   -0.02224     4.0531     4.0658    21.1933    21.2021    36.2935    36.2946    25.4259    25.4243    1537.07    176.525    177.075         44 0.0000e+00
      11146    464.387     75.492     76.000    21.0799    21.0902   5.067108   5.068277     2.6152     2.2110      98.40   26.05840  -96.32574   -0.02493   -0.02276     3.9748     3.9788    21.0652    21.0755    36.3013    36.3020    25.4671    25.4648    1536.93    173.107    173.281         33 0.0000e+00
      11196    466.475     77.478     78.000    20.7230    20.7284   5.032086   5.032808     2.5141     2.1095      99.97   26.04653  -96.28185   -0.03653   -0.03709     3.7887     3.7691    20.7082    20.7136    36.3157    36.3172    25.5739    25.5736    1535.96    164.982    164.130         30 0.0000e+00
      11239    468.231     78.471     79.000    20.6449    20.6482   5.025824   5.026402     2.4403     2.0429     100.00   26.05840  -96.32574   -0.04680   -0.04573     3.6387     3.6205    20.6298    20.6332    36.3374    36.3392    25.6133    25.6138    1536.53    158.446    157.653         49 0.0000e+00
      11288    470.309     79.464     80.000    20.5732    20.5794   5.018008   5.018745     2.3851     2.0019      99.68   26.05842  -96.32574   -0.04141   -0.03649     3.5301     3.5315    20.5591    20.5642    36.3340    36.3355    25.6298    25.6297    1536.39    153.716    153.775         38 0.0000e+00
      11373    473.830     82.443     83.000    20.1038    20.1205   4.970591   4.972351     2.3178     1.9405      99.95   26.04560  -96.27835   -0.01599   -0.01498     3.4169     3.4167    20.0883    20.1050    36.3434    36.3434    25.7617    25.7573    1535.23    148.765    148.755         50 0.0000e+00
      11423    475.899     83.436     84.000    19.9613    19.9713   4.959054   4.960124     2.2610     1.8910     100.00   26.05842  -96.32574   -0.03051   -0.02817     3.3047     3.3097    19.9457    19.9557    36.3776    36.3777    25.8274    25.8249    1535.85    143.872    144.093         35 0.0000e+00
      11509    479.518     86.415     87.000    19.6279    19.6300   4.928513   4.928908     2.1172     1.7527      98.79   26.05146  -96.30001   -0.03896   -0.03816     3.0130     3.0014    19.6119    19.6140    36.4099    36.4114    25.9393    25.9399    1535.02    131.158    130.650         36 0.0000e+00
      11550    481.227     87.409     88.000    19.5944    19.5968   4.926094   4.926522     2.0783     1.7224      99.97   26.05842  -96.32574   -0.03491   -0.03133     2.9347     2.9337    19.5783    19.5806    36.4220    36.4235    25.9582    25.9588    1535.29    127.748    127.703         41 0.0000e+00
      11590    482.863     88.402     89.000    19.5471    19.5492   4.921422   4.921838     2.0523     1.7042      95.23   26.05842  -96.32574   -0.02428   -0.01937     2.8828     2.8939    19.5308    19.5330    36.4243    36.4258    25.9725    25.9730    1535.16    125.486    125.971         35 0.0000e+00
      11648    485.289     90.388     91.000    19.4822    19.4833   4.914240   4.914523     2.0232     1.6796      97.66   26.04931  -96.29200   -0.01230   -0.00972     2.8232     2.8390    19.4655    19.4666    36.4158    36.4172    25.9819    25.9827    1534.35    122.891    123.579         33 0.0000e+00
      11687    486.921     91.381     92.000    19.4704    19.4715   4.914089   4.914394     2.0134     1.6729      96.72   26.05844  -96.32574   -0.00980   -0.00765     2.8031     2.8240    19.4536    19.4547    36.4289    36.4304    25.9962    25.9970    1534.77    122.013    122.923         37 0.0000e+00
      11722    488.393     92.374     93.000    19.3918    19.3959   4.906177   4.906747     2.0047     1.6653      95.76   26.05844  -96.32574   -0.00723   -0.00534     2.7886     2.8103    19.3748    19.3789    36.4312    36.4324    26.0185    26.0183    1534.64    121.381    122.325         35 0.0000e+00
      11760    489.956     93.367     94.000    19.3292    19.3319   4.899885   4.900324     1.9914     1.6511      94.73   26.05844  -96.32574   -0.00673   -0.00627     2.7634     2.7800    19.3122    19.3148    36.4330    36.4344    26.0362    26.0365    1534.51    120.281    121.004         37 0.0000e+00
      11860    494.132     96.346     97.000    19.1970    19.2000   4.887433   4.887896     1.9563     1.6189      91.71   26.06324  -96.34349   -0.00889   -0.00822     2.6950     2.7108    19.1794    19.1824    36.4459    36.4471    26.0811    26.0812    1534.42    117.298    117.987         49 0.0000e+00
      11899    495.757     97.339     98.000    19.1569    19.1593   4.882832   4.883234     1.9460     1.6097      90.76   26.05844  -96.32576   -0.00758   -0.00643     2.6751     2.6914    19.1392    19.1416    36.4398    36.4411    26.0863    26.0866    1534.01    116.432    117.142         30 0.0000e+00
      11953    497.986     99.325    100.000    18.9919    18.9962   4.864410   4.865016     1.9266     1.5932      88.83   26.04569  -96.27863   -0.00644   -0.00552     2.6425     2.6607    18.9740    18.9782    36.4233    36.4246    26.1147    26.1146    1533.02    115.011    115.802         40 0.0000e+00
      12001    500.019    100.318    101.000    18.9764    18.9788   4.864208   4.864632     1.9142     1.5807      87.78   26.05844  -96.32576   -0.00805   -0.00739     2.6160     2.6319    18.9582    18.9607    36.4408    36.4423    26.1337    26.1341    1533.66    113.857    114.545         42 0.0000e+00
      12088    503.620    103.297    104.000    18.7653    18.7694   4.840034   4.840608     1.8920     1.5621      84.87   26.04522  -96.27687   -0.00552   -0.00466     2.5799     2.5985    18.7468    18.7508    36.4156    36.4169    26.1670    26.1669    1532.53    112.278    113.088         39 0.0000e+00
      12137    505.654    104.290    105.000    18.7051    18.7086   4.835090   4.835619     1.8847     1.5564      83.86   26.05844  -96.32576   -0.00548   -0.00428     2.5668     2.5879    18.6865    18.6900    36.4327    36.4341    26.1970    26.1972    1533.19    111.708    112.626         43 0.0000e+00
      12225    509.335    107.269    108.000    18.5831    18.5842   4.820898   4.821113     1.8721     1.5456      81.00   26.04894  -96.29059   -0.00298   -0.00269     2.5473     2.5695    18.5643    18.5651    36.4162    36.4171    26.2148    26.2153    1532.29    110.854    111.823         36 0.0000e+00
      12273    511.328    108.262    109.000    18.5771    18.5814   4.820648   4.821182     1.8692     1.5429      79.90   26.05846  -96.32576   -0.00283   -0.00216     2.5411     2.5634    18.5579    18.5621    36.4227    36.4243    26.2220    26.2222    1532.74    110.586    111.555         48 0.0000e+00
      12370    515.361    111.241    112.000    18.2228    18.2237   4.781857   4.782126     1.8612     1.5367      76.97   26.05355  -96.30760   -0.00216   -0.00163     2.5426     2.5667    18.2032    18.2041    36.4023    36.4038    26.2953    26.2962    1532.12    110.642    111.690         43 0.0000e+00
      12411    517.064    112.234    113.000    18.2245    18.2246   4.782630   4.782780     1.8630     1.5371      76.05   26.05846  -96.32576   -0.00081   -0.00103     2.5466     2.5680    18.2048    18.2049    36.4092    36.4103    26.3007    26.3016    1532.30    110.816    111.749         32 0.0000e+00
      12466    519.373    114.220    115.000    18.1690    18.1733   4.775201   4.775783     1.8588     1.5347      68.83   26.04579  -96.27893   -0.00042   -0.00020     2.5412     2.5655    18.1490    18.1532    36.3885    36.3897    26.2974    26.2973    1531.33    110.580    111.638         39 0.0000e+00
      12513    521.335    115.213    116.000    18.1235    18.1241   4.771477   4.771695     1.8597     1.5383      73.29   26.05846  -96.32576   -0.00127   -0.00038     2.5456     2.5770    18.1033    18.1039    36.4024    36.4038    26.3209    26.3219    1531.97    110.770    112.137         39 0.0000e+00
      12567    523.586    117.199    118.000    18.0881    18.0893   4.766681   4.766928     1.8646     1.5408      71.15   26.04924  -96.29165    0.00179    0.00188     2.5593     2.5856    18.0676    18.0688    36.3879    36.3890    26.3177    26.3182    1531.22    111.365    112.513         30 0.0000e+00
      12611    525.420    118.192    119.000    18.0539    18.0595   4.763793   4.764525     1.8691     1.5454      70.01   26.05848  -96.32578    0.00212    0.00147     2.5712     2.5985    18.0333    18.0388    36.3973    36.3987    26.3345    26.3342    1531.66    111.884    113.073         48 0.0000e+00
      12651    527.078    119.184    120.000    17.9749    17.9787   4.754563   4.755128     1.8745     1.5516      69.22   26.05848  -96.32578    0.00265    0.00271     2.5881     2.6185    17.9541    17.9579    36.3882    36.3896    26.3472    26.3473    1531.55    112.616    113.939         30 0.0000e+00
      12707    529.396    121.170    122.000    17.7776    17.7850   4.730359   4.731350     1.8846     1.5607      67.22   26.05336  -96.30686    0.00429    0.00449     2.6225     2.6518    17.7567    17.7641    36.3528    36.3547    26.3683    26.3680    1531.04    114.113    115.386         33 0.0000e+00
      12746    531.045    122.163    123.000    17.5615    17.5730   4.705136   4.706542     1.8775     1.5503      71.21   26.05848  -96.32578    0.00158    0.00036     2.6188     2.6379    17.5406    17.5521    36.3297    36.3316    26.4043    26.4029    1531.24    113.948    114.777         42 0.0000e+00
      12785    532.677    123.156    124.000    17.4546    17.4563   4.692638   4.692959     1.8639     1.5366      64.81   26.05848  -96.32578   -0.00547   -0.00694     2.5943     2.6104    17.4336    17.4353    36.3167    36.3180    26.4205    26.4211    1531.13    112.879    113.582         31 0.0000e+00
      12837    534.852    125.142    126.000    17.3314    17.3363   4.676986   4.677660     1.8554     1.5309      63.25   26.04516  -96.27654   -0.00502   -0.00431     2.5827     2.6034    17.3102    17.3151    36.2846    36.2861    26.4245    26.4244    1530.12    112.371    113.275         37 0.0000e+00
      12887    536.906    126.135    127.000    17.3210    17.3219   4.677264   4.677509     1.8549     1.5324      62.03   26.05848  -96.32578   -0.00219   -0.00093     2.5823     2.6079    17.2996    17.3005    36.3017    36.3030    26.4415    26.4423    1530.81    112.354    113.470         45 0.0000e+00
