Gulf of Mexico/GOMECC-4/1db/drb2103_0091.cnv
* Sea-Bird SBE 9 Data File:
* FileName = C:\Users\scs.user.rb\CTD\GOMECC4\data\rb2103_0091.hex
* Software Version Seasave V 7.26.7.107
* Temperature SN = 4799
* Conductivity SN = 3860
* Number of Bytes Per Scan = 41
* Number of Voltage Words = 4
* Number of Scans Averaged by the Deck Unit = 1
* NMEA Latitude = 26 00.03 N
* NMEA Longitude = 085 59.98 W
* NMEA UTC (Time) = Sep 17 2021  12:33:51
* NMEA baud rate = 4800
# nquan = 28
# nvalues = 705                         
# units = specified
# name 0 = scan: Scan Count
# name 1 = timeS: Time, Elapsed [seconds]
# name 2 = depSM: Depth [salt water, m]
# name 3 = prDM: Pressure, Digiquartz [db]
# name 4 = t090C: Temperature [ITS-90, deg C]
# name 5 = t190C: Temperature, 2 [ITS-90, deg C]
# name 6 = c0S/m: Conductivity [S/m]
# name 7 = c1S/m: Conductivity, 2 [S/m]
# name 8 = sbeox0V: Oxygen raw, SBE 43 [V]
# name 9 = sbeox1V: Oxygen raw, SBE 43, 2 [V]
# name 10 = altM: Altimeter [m]
# name 11 = latitude: Latitude [deg]
# name 12 = longitude: Longitude [deg]
# name 13 = sbox0dV/dT: Oxygen, SBE 43 [dov/dt]
# name 14 = sbox1dV/dT: Oxygen, SBE 43, 2 [dov/dt]
# name 15 = sbeox0ML/L: Oxygen, SBE 43 [ml/l], WS = 5
# name 16 = sbeox1ML/L: Oxygen, SBE 43, 2 [ml/l], WS = 5
# name 17 = potemp090C: Potential Temperature [ITS-90, deg C]
# name 18 = potemp190C: Potential Temperature, 2 [ITS-90, deg C]
# name 19 = sal00: Salinity, Practical [PSU]
# name 20 = sal11: Salinity, Practical, 2 [PSU]
# name 21 = sigma-é00: Density [sigma-theta, kg/m^3]
# name 22 = sigma-é11: Density, 2 [sigma-theta, kg/m^3]
# name 23 = avgsvCM: Average Sound Velocity [Chen-Millero, m/s], minP = 20, minS = 20
# name 24 = sbox0Mm/Kg: Oxygen, SBE 43 [umol/kg], WS = 5
# name 25 = sbox1Mm/Kg: Oxygen, SBE 43, 2 [umol/kg], WS = 5
# name 26 = nbin: number of scans per bin
# name 27 = flag: flag
# span 0 =      16602,     106863       
# span 1 =    691.710,   4452.586       
# span 2 =      5.961,   3221.810       
# span 3 =      6.000,   3268.000       
# span 4 =     4.2849,    29.1652       
# span 5 =     4.2859,    29.1660       
# span 6 =   3.343242,   5.881754       
# span 7 =   3.343176,   5.882015       
# span 8 =     1.6224,     3.2641       
# span 9 =     1.3318,     2.8142       
# span 10 =      18.49,     104.61      
# span 11 =   25.98842,   26.00305      
# span 12 =  -86.00332,  -85.95706      
# span 13 =   -0.05494,    0.01903      
# span 14 =   -0.05125,    0.01979      
# span 15 =     2.6106,     4.9276      
# span 16 =     2.6597,     4.9804      
# span 17 =     4.0766,    29.1625      
# span 18 =     4.0778,    29.1633      
# span 19 =    34.9029,    36.8027      
# span 20 =    34.9016,    36.8042      
# span 21 =    22.6985,    27.7609      
# span 22 =    22.6999,    27.7593      
# span 23 =       0.00,    1549.26      
# span 24 =    113.513,    214.848      
# span 25 =    115.646,    217.166      
# span 26 =         30,         70      
# span 27 = 0.0000e+00, 0.0000e+00      
# interval = decibars: 1                
# start_time = Sep 17 2021 12:33:51 [NMEA time, header]
# bad_flag = -9.990e-29
*END*
[from data line 259]
      51575   2148.926   1264.815   1277.000     4.3877     4.3883   3.343635   3.343571     1.9662     1.6545      77.30   26.00164  -85.99487    0.00010    0.00034     4.5372     4.6110     4.2837     4.2843    34.9631    34.9617    27.7266    27.7255    1498.58    197.166    200.373         34 0.0000e+00
      51734   2155.537   1270.739   1283.000     4.3818     4.3825   3.343454   3.343389     1.9663     1.6544     100.00   26.00222  -85.99678    0.00000    0.00027     4.5416     4.6149     4.2773     4.2780    34.9641    34.9626    27.7281    27.7269    1498.57    197.357    200.542         31 0.0000e+00
      52042   2168.367   1282.588   1295.000     4.3737     4.3744   3.343242   3.343176     1.9676     1.6555     100.00   26.00195  -85.99579   -0.00015   -0.00003     4.5546     4.6278     4.2682     4.2689    34.9643    34.9628    27.7292    27.7280    1498.47    197.919    201.100         30 0.0000e+00
      52171   2173.734   1287.525   1300.000     4.3721     4.3728   3.343307   3.343251     1.9679     1.6552      69.01   26.00186  -85.99547   -0.00000   -0.00009     4.5587     4.6297     4.2662     4.2669    34.9642    34.9628    27.7294    27.7282    1498.43    198.100    201.183         30 0.0000e+00
      53685   2236.827   1344.783   1358.000     4.3461     4.3468   3.343513   3.343450     1.9663     1.6544     100.00   26.00146  -85.99406   -0.00003    0.00001     4.5909     4.6649     4.2352     4.2358    34.9653    34.9639    27.7336    27.7324    1498.04    199.497    202.715         34 0.0000e+00
      53814   2242.218   1349.719   1363.000     4.3450     4.3456   3.343639   3.343580     1.9665     1.6544     100.00   26.00165  -85.99468    0.00010   -0.00005     4.5948     4.6678     4.2336     4.2342    34.9655    34.9642    27.7339    27.7329    1498.03    199.666    202.840         32 0.0000e+00
      53974   2248.886   1355.641   1369.000     4.3447     4.3454   3.343937   3.343876     1.9659     1.6532     100.00   26.00213  -85.99628   -0.00013   -0.00008     4.5960     4.6667     4.2328     4.2334    34.9663    34.9649    27.7347    27.7335    1498.02    199.717    202.791         30 0.0000e+00
      54103   2254.265   1360.576   1374.000     4.3415     4.3420   3.343825   3.343743     1.9646     1.6526      95.07   26.00169  -85.99484   -0.00024   -0.00004     4.5945     4.6677     4.2291     4.2296    34.9660    34.9645    27.7348    27.7336    1497.98    199.655    202.834         30 0.0000e+00
      54230   2259.536   1365.511   1379.000     4.3395     4.3402   3.343814   3.343751     1.9647     1.6523     100.00   26.00122  -85.99327    0.00004    0.00004     4.5983     4.6698     4.2267     4.2274    34.9654    34.9639    27.7346    27.7334    1497.92    199.817    202.927         31 0.0000e+00
      54265   2261.020   1366.498   1380.000     4.3396     4.3402   3.343915   3.343852     1.9650     1.6521     100.00   26.00176  -85.99506    0.00005    0.00007     4.6000     4.6696     4.2266     4.2273    34.9661    34.9647    27.7352    27.7340    1497.94    199.893    202.917         35 0.0000e+00
      54361   2265.018   1370.446   1384.000     4.3386     4.3393   3.343952   3.343888     1.9649     1.6522      77.50   26.00125  -85.99335    0.00002    0.00007     4.6020     4.6729     4.2254     4.2260    34.9655    34.9640    27.7348    27.7336    1497.89    199.979    203.060         34 0.0000e+00
      54396   2266.461   1371.433   1385.000     4.3389     4.3395   3.344071   3.344008     1.9649     1.6523      99.23   26.00176  -85.99504   -0.00015    0.00003     4.6025     4.6736     4.2255     4.2262    34.9662    34.9648    27.7354    27.7342    1497.92    200.000    203.090         30 0.0000e+00
      54891   2287.071   1390.184   1404.000     4.3336     4.3342   3.344468   3.344400     1.9638     1.6511     100.00   26.00207  -85.99607   -0.00007   -0.00006     4.6104     4.6810     4.2185     4.2192    34.9670    34.9656    27.7368    27.7356    1497.84    200.345    203.412         31 0.0000e+00
      55022   2292.550   1395.119   1409.000     4.3326     4.3332   3.344557   3.344499     1.9636     1.6508     100.00   26.00184  -85.99529    0.00002   -0.00015     4.6131     4.6832     4.2171     4.2177    34.9667    34.9654    27.7367    27.7356    1497.81    200.460    203.508         31 0.0000e+00
      55153   2298.012   1400.053   1414.000     4.3321     4.3327   3.344769   3.344700     1.9633     1.6506     100.00   26.00211  -85.99618   -0.00003   -0.00005     4.6149     4.6854     4.2161     4.2168    34.9672    34.9657    27.7372    27.7360    1497.80    200.538    203.604         30 0.0000e+00
      55282   2303.387   1404.987   1419.000     4.3304     4.3311   3.344787   3.344731     1.9622     1.6508     100.00   26.00164  -85.99461   -0.00018    0.00020     4.6141     4.6894     4.2140     4.2147    34.9667    34.9654    27.7370    27.7359    1497.75    200.505    203.775         30 0.0000e+00
      55597   2316.513   1416.828   1431.000     4.3279     4.3285   3.345104   3.345041     1.9619     1.6494     100.00   26.00189  -85.99538   -0.00002   -0.00004     4.6204     4.6913     4.2104     4.2110    34.9672    34.9658    27.7378    27.7367    1497.71    200.779    203.860         31 0.0000e+00
      55729   2322.008   1421.762   1436.000     4.3280     4.3286   3.345338   3.345278     1.9613     1.6483     100.00   26.00206  -85.99595   -0.00008   -0.00004     4.6210     4.6901     4.2101     4.2106    34.9674    34.9661    27.7380    27.7369    1497.70    200.805    203.807         32 0.0000e+00
      55962   2331.694   1430.642   1445.000     4.3275     4.3282   3.345654   3.345590     1.9600     1.6471     100.00   26.00181  -85.99507   -0.00016   -0.00009     4.6219     4.6907     4.2088     4.2094    34.9671    34.9657    27.7379    27.7367    1497.65    200.842    203.832         30 0.0000e+00
      56253   2343.819   1441.495   1456.000     4.3225     4.3232   3.345685   3.345625     1.9591     1.6465     100.00   26.00181  -85.99502   -0.00004    0.00018     4.6255     4.6954     4.2028     4.2034    34.9674    34.9660    27.7388    27.7376    1497.60    201.001    204.039         30 0.0000e+00
      57092   2378.795   1473.065   1488.000     4.3123     4.3129   3.346187   3.346121     1.9563     1.6445     100.00   26.00198  -85.99559   -0.00004   -0.00003     4.6359     4.7082     4.1897     4.1903    34.9683    34.9669    27.7409    27.7397    1497.50    201.451    204.591         32 0.0000e+00
      57566   2398.543   1490.821   1506.000     4.3110     4.3117   3.346822   3.346759     1.9547     1.6422     100.00   26.00194  -85.99541   -0.00014   -0.00002     4.6409     4.7100     4.1867     4.1874    34.9684    34.9669    27.7413    27.7400    1497.44    201.667    204.673         30 0.0000e+00
      57665   2402.648   1494.766   1510.000     4.3100     4.3107   3.346834   3.346767     1.9542     1.6412     100.00   26.00125  -85.99319   -0.00018   -0.00030     4.6415     4.7086     4.1853     4.1860    34.9676    34.9661    27.7408    27.7396    1497.39    201.695    204.610         30 0.0000e+00
      57698   2404.047   1495.752   1511.000     4.3101     4.3108   3.346936   3.346868     1.9543     1.6412     100.00   26.00168  -85.99461   -0.00011   -0.00017     4.6424     4.7092     4.1854     4.1861    34.9682    34.9666    27.7413    27.7400    1497.41    201.733    204.635         33 0.0000e+00
      57829   2409.510   1500.684   1516.000     4.3095     4.3102   3.347157   3.347088     1.9537     1.6411     100.00   26.00224  -85.99644   -0.00008   -0.00004     4.6433     4.7118     4.1843     4.1850    34.9691    34.9675    27.7421    27.7408    1497.43    201.773    204.750         37 0.0000e+00
      57958   2414.870   1505.616   1521.000     4.3091     4.3097   3.347290   3.347219     1.9534     1.6412     100.00   26.00185  -85.99515   -0.00007    0.00004     4.6450     4.7154     4.1834     4.1841    34.9685    34.9671    27.7418    27.7405    1497.39    201.847    204.908         34 0.0000e+00
      58088   2420.300   1510.547   1526.000     4.3083     4.3090   3.347389   3.347335     1.9525     1.6403     100.00   26.00154  -85.99411   -0.00019   -0.00011     4.6449     4.7151     4.1822     4.1829    34.9680    34.9667    27.7415    27.7404    1497.36    201.843    204.891         30 0.0000e+00
      58301   2429.156   1518.438   1534.000     4.3060     4.3067   3.347562   3.347497     1.9516     1.6396     100.00   26.00177  -85.99490   -0.00008   -0.00007     4.6465     4.7172     4.1792     4.1799    34.9686    34.9671    27.7423    27.7410    1497.35    201.911    204.983         30 0.0000e+00
      58433   2434.664   1523.369   1539.000     4.3043     4.3051   3.347635   3.347577     1.9515     1.6386     100.00   26.00186  -85.99517    0.00003   -0.00030     4.6494     4.7166     4.1770     4.1778    34.9689    34.9674    27.7427    27.7414    1497.34    202.036    204.957         32 0.0000e+00
      58534   2438.873   1527.314   1543.000     4.3036     4.3043   3.347696   3.347629     1.9512     1.6390     100.00   26.00140  -85.99370   -0.00009    0.00017     4.6509     4.7207     4.1759     4.1766    34.9683    34.9668    27.7424    27.7411    1497.31    202.104    205.134         34 0.0000e+00
      58639   2443.260   1531.259   1547.000     4.3035     4.3042   3.347845   3.347773     1.9508     1.6386      94.25   26.00132  -85.99338   -0.00012   -0.00010     4.6517     4.7215     4.1755     4.1762    34.9682    34.9667    27.7424    27.7411    1497.29    202.135    205.170         31 0.0000e+00
      58774   2448.867   1536.190   1552.000     4.3023     4.3031   3.347986   3.347921     1.9502     1.6377     100.00   26.00158  -85.99421   -0.00009   -0.00026     4.6526     4.7209     4.1738     4.1746    34.9687    34.9672    27.7429    27.7416    1497.30    202.176    205.145         31 0.0000e+00
      58905   2454.336   1541.121   1557.000     4.3019     4.3025   3.348158   3.348095     1.9499     1.6376      99.53   26.00169  -85.99454   -0.00004   -0.00016     4.6545     4.7240     4.1729     4.1736    34.9688    34.9674    27.7431    27.7419    1497.29    202.258    205.277         31 0.0000e+00
      59036   2459.811   1546.051   1562.000     4.3002     4.3009   3.348227   3.348158     1.9491     1.6362     100.00   26.00167  -85.99437   -0.00017   -0.00029     4.6547     4.7212     4.1708     4.1715    34.9688    34.9673    27.7434    27.7421    1497.27    202.268    205.159         32 0.0000e+00
      59454   2477.208   1561.829   1578.000     4.2984     4.2991   3.348745   3.348681     1.9492     1.6373     100.00   26.00146  -85.99364    0.00006   -0.00001     4.6653     4.7361     4.1675     4.1682    34.9691    34.9676    27.7439    27.7426    1497.23    202.728    205.804         30 0.0000e+00
      60299   2512.403   1593.380   1610.000     4.2949     4.2955   3.349798   3.349731     1.9438     1.6324     100.00   26.00169  -85.99449   -0.00015   -0.00005     4.6643     4.7359     4.1610     4.1617    34.9696    34.9681    27.7450    27.7438    1497.18    202.682    205.797         30 0.0000e+00
      60907   2537.730   1616.056   1633.000     4.2925     4.2932   3.350549   3.350485     1.9421     1.6300     100.00   26.00160  -85.99421   -0.00005   -0.00014     4.6721     4.7405     4.1565     4.1572    34.9697    34.9683    27.7456    27.7444    1497.14    203.022    205.997         30 0.0000e+00
      61006   2541.891   1619.999   1637.000     4.2910     4.2918   3.350542   3.350474     1.9417     1.6300     100.00   26.00111  -85.99262   -0.00004    0.00002     4.6732     4.7431     4.1546     4.1554    34.9693    34.9677    27.7454    27.7441    1497.11    203.071    206.108         30 0.0000e+00
      61040   2543.276   1620.985   1638.000     4.2911     4.2918   3.350644   3.350572     1.9415     1.6297     100.00   26.00158  -85.99418   -0.00007   -0.00005     4.6730     4.7425     4.1546     4.1553    34.9699    34.9683    27.7459    27.7446    1497.13    203.062    206.081         34 0.0000e+00
      61172   2548.798   1625.914   1643.000     4.2915     4.2922   3.350893   3.350825     1.9413     1.6291     100.00   26.00162  -85.99437   -0.00006    0.00005     4.6751     4.7427     4.1546     4.1553    34.9699    34.9684    27.7460    27.7447    1497.13    203.154    206.092         33 0.0000e+00
      61335   2555.573   1631.828   1649.000     4.2917     4.2924   3.351164   3.351104     1.9405     1.6282     100.00   26.00166  -85.99450   -0.00011   -0.00012     4.6756     4.7428     4.1542     4.1549    34.9700    34.9686    27.7461    27.7449    1497.13    203.177    206.097         34 0.0000e+00
      61433   2559.649   1635.771   1653.000     4.2910     4.2917   3.351188   3.351118     1.9398     1.6274     100.00   26.00095  -85.99213   -0.00014   -0.00017     4.6757     4.7421     4.1531     4.1538    34.9691    34.9675    27.7455    27.7441    1497.08    203.178    206.067         31 0.0000e+00
      61469   2561.178   1636.757   1654.000     4.2908     4.2916   3.351278   3.351207     1.9395     1.6275     100.00   26.00156  -85.99414   -0.00016   -0.00010     4.6751     4.7430     4.1528     4.1536    34.9699    34.9683    27.7461    27.7448    1497.11    203.155    206.103         36 0.0000e+00
      61568   2565.278   1640.699   1658.000     4.2903     4.2910   3.351331   3.351259     1.9387     1.6269      91.78   26.00100  -85.99226   -0.00017   -0.00016     4.6748     4.7432     4.1519     4.1527    34.9691    34.9675    27.7456    27.7442    1497.08    203.141    206.114         31 0.0000e+00
      61603   2566.754   1641.685   1659.000     4.2902     4.2910   3.351429   3.351360     1.9387     1.6265     100.27   26.00156  -85.99412   -0.00010   -0.00026     4.6752     4.7421     4.1518     4.1525    34.9699    34.9683    27.7462    27.7449    1497.11    203.157    206.065         35 0.0000e+00
      61702   2570.889   1645.628   1663.000     4.2899     4.2907   3.351513   3.351442     1.9376     1.6257      98.99   26.00107  -85.99249   -0.00024   -0.00017     4.6736     4.7415     4.1511     4.1518    34.9692    34.9676    27.7457    27.7444    1497.07    203.088    206.039         32 0.0000e+00
      61738   2572.358   1646.613   1664.000     4.2900     4.2907   3.351614   3.351549     1.9377     1.6253      99.72   26.00156  -85.99408   -0.00018   -0.00027     4.6743     4.7403     4.1511     4.1518    34.9699    34.9683    27.7463    27.7450    1497.10    203.118    205.988         33 0.0000e+00
      61836   2576.440   1650.556   1668.000     4.2898     4.2905   3.351693   3.351629     1.9366     1.6244      45.00   26.00093  -85.99207   -0.00024   -0.00019     4.6729     4.7389     4.1505     4.1512    34.9690    34.9675    27.7457    27.7444    1497.07    203.056    205.927         33 0.0000e+00
      61871   2577.910   1651.542   1669.000     4.2898     4.2905   3.351805   3.351742     1.9365     1.6242     102.27   26.00154  -85.99408   -0.00013   -0.00028     4.6730     4.7386     4.1504     4.1511    34.9699    34.9684    27.7464    27.7451    1497.10    203.062    205.915         32 0.0000e+00
      61971   2582.085   1655.484   1673.000     4.2894     4.2901   3.351919   3.351848     1.9356     1.6239     100.00   26.00134  -85.99341   -0.00022   -0.00004     4.6718     4.7400     4.1496     4.1503    34.9697    34.9681    27.7463    27.7450    1497.08    203.009    205.973         30 0.0000e+00
      62002   2583.376   1656.470   1674.000     4.2895     4.2902   3.351988   3.351916     1.9354     1.6239      99.86   26.00154  -85.99406   -0.00015   -0.00003     4.6718     4.7406     4.1496     4.1503    34.9700    34.9684    27.7465    27.7452    1497.09    203.009    206.001         30 0.0000e+00
