Gulf of Mexico/GOMECC-4/1db/drb2103_0691.cnv
* Sea-Bird SBE 9 Data File:
* FileName = C:\Users\scs.user.rb\CTD\GOMECC4\data\rb2103_0691.hex
* Software Version Seasave V 7.26.7.107
* Temperature SN = 4799
* Conductivity SN = 3860
* Number of Bytes Per Scan = 41
* Number of Voltage Words = 4
* Number of Scans Averaged by the Deck Unit = 1
* NMEA Latitude = 26 03.53 N
* NMEA Longitude = 095 07.24 W
* NMEA UTC (Time) = Oct 03 2021  11:22:54
* NMEA baud rate = 4800
# nquan = 28
# nvalues = 385                         
# units = specified
# name 0 = scan: Scan Count
# name 1 = timeS: Time, Elapsed [seconds]
# name 2 = depSM: Depth [salt water, m]
# name 3 = prDM: Pressure, Digiquartz [db]
# name 4 = t090C: Temperature [ITS-90, deg C]
# name 5 = t190C: Temperature, 2 [ITS-90, deg C]
# name 6 = c0S/m: Conductivity [S/m]
# name 7 = c1S/m: Conductivity, 2 [S/m]
# name 8 = sbeox0V: Oxygen raw, SBE 43 [V]
# name 9 = sbeox1V: Oxygen raw, SBE 43, 2 [V]
# name 10 = altM: Altimeter [m]
# name 11 = latitude: Latitude [deg]
# name 12 = longitude: Longitude [deg]
# name 13 = sbox0dV/dT: Oxygen, SBE 43 [dov/dt]
# name 14 = sbox1dV/dT: Oxygen, SBE 43, 2 [dov/dt]
# name 15 = sbeox0ML/L: Oxygen, SBE 43 [ml/l], WS = 5
# name 16 = sbeox1ML/L: Oxygen, SBE 43, 2 [ml/l], WS = 5
# name 17 = potemp090C: Potential Temperature [ITS-90, deg C]
# name 18 = potemp190C: Potential Temperature, 2 [ITS-90, deg C]
# name 19 = sal00: Salinity, Practical [PSU]
# name 20 = sal11: Salinity, Practical, 2 [PSU]
# name 21 = sigma-é00: Density [sigma-theta, kg/m^3]
# name 22 = sigma-é11: Density, 2 [sigma-theta, kg/m^3]
# name 23 = avgsvCM: Average Sound Velocity [Chen-Millero, m/s], minP = 20, minS = 20
# name 24 = sbox0Mm/Kg: Oxygen, SBE 43 [umol/kg], WS = 5
# name 25 = sbox1Mm/Kg: Oxygen, SBE 43, 2 [umol/kg], WS = 5
# name 26 = nbin: number of scans per bin
# name 27 = flag: flag
# span 0 =       5895,      62283       
# span 1 =    245.587,   2595.075       
# span 2 =      2.980,   1937.179       
# span 3 =      3.000,   1959.000       
# span 4 =     4.3110,    29.4582       
# span 5 =     4.3114,    29.4594       
# span 6 =   3.352080,   5.961132       
# span 7 =   3.352039,   5.961462       
# span 8 =     1.5726,     3.3705       
# span 9 =     1.2795,     2.8885       
# span 10 =      10.02,     100.95      
# span 11 =   25.97330,   26.06186      
# span 12 =  -95.12881,  -94.80807      
# span 13 =   -0.02674,    0.04224      
# span 14 =   -0.02648,    0.03911      
# span 15 =     2.4347,     5.0590      
# span 16 =     2.4577,     5.0692      
# span 17 =     4.1430,    29.4511      
# span 18 =     4.1438,    29.4523      
# span 19 =    34.9101,    36.5704      
# span 20 =    34.9095,    36.5719      
# span 21 =    22.5600,    27.7505      
# span 22 =    22.5594,    27.7495      
# span 23 =       0.00,    1547.43      
# span 24 =    105.867,    220.629      
# span 25 =    106.864,    221.083      
# span 26 =         30,         66      
# span 27 = 0.0000e+00, 0.0000e+00      
# interval = decibars: 1                
# start_time = Oct 03 2021 11:22:54 [NMEA time, header]
# bad_flag = -9.990e-29
*END*
[from data line 259]
      39149   1631.179   1159.125   1170.000     4.7428     4.7433   3.369701   3.369685     1.8920     1.5779     100.00   26.05898  -95.11896    0.00049    0.00073     4.1661     4.2077     4.6453     4.6458    34.9476    34.9469    27.6744    27.6738    1501.49    181.050    182.854         33 0.0000e+00
      39183   1632.583   1160.113   1171.000     4.7402     4.7408   3.369587   3.369577     1.8936     1.5796     100.00   26.05944  -95.12064    0.00095    0.00117     4.1725     4.2151     4.6427     4.6433    34.9484    34.9476    27.6753    27.6747    1501.51    181.324    183.176         31 0.0000e+00
      39282   1636.717   1164.065   1175.000     4.7369     4.7372   3.369458   3.369425     1.8974     1.5825     100.00   26.05925  -95.11995    0.00093    0.00075     4.1885     4.2289     4.6390     4.6393    34.9483    34.9477    27.6757    27.6751    1501.45    182.021    183.778         32 0.0000e+00
      40224   1675.953   1199.627   1211.000     4.6253     4.6258   3.361300   3.361284     1.9170     1.5997     100.00   26.05872  -95.11796    0.00033   -0.00001     4.2920     4.3289     4.5251     4.5256    34.9531    34.9523    27.6922    27.6915    1501.05    186.515    188.118         33 0.0000e+00
      40258   1677.390   1200.615   1212.000     4.6226     4.6230   3.361200   3.361177     1.9175     1.6003     100.00   26.05948  -95.12066    0.00028   -0.00007     4.2946     4.3319     4.5224     4.5228    34.9537    34.9530    27.6930    27.6924    1501.08    186.628    188.250         32 0.0000e+00
      40356   1681.447   1204.566   1216.000     4.6117     4.6125   3.360377   3.360380     1.9191     1.6020     100.00   26.05898  -95.11882    0.00041    0.00044     4.3038     4.3420     4.5112     4.5120    34.9535    34.9527    27.6941    27.6934    1501.02    187.029    188.688         30 0.0000e+00
      40908   1704.460   1225.308   1237.000     4.5996     4.6001   3.360279   3.360259     1.9216     1.6041     100.00   26.05919  -95.11962    0.00017    0.00021     4.3258     4.3636     4.4973     4.4978    34.9544    34.9537    27.6964    27.6957    1500.83    187.983    189.628         30 0.0000e+00
      41066   1711.023   1231.233   1243.000     4.5971     4.5974   3.360327   3.360296     1.9219     1.6045     100.00   26.05951  -95.12075    0.00016    0.00002     4.3307     4.3687     4.4942     4.4946    34.9550    34.9543    27.6972    27.6965    1500.79    188.197    189.846         30 0.0000e+00
      41986   1749.365   1265.797   1278.000     4.5576     4.5580   3.358416   3.358389     1.9238     1.6058     100.00   26.05966  -95.12125    0.00014   -0.00008     4.3621     4.3984     4.4519     4.4523    34.9568    34.9560    27.7032    27.7026    1500.49    189.559    191.137         30 0.0000e+00
      42588   1774.457   1288.507   1301.000     4.5385     4.5386   3.357736   3.357689     1.9261     1.6079     100.00   26.05948  -95.12058    0.00007   -0.00004     4.3859     4.4221     4.4308     4.4310    34.9576    34.9569    27.7062    27.7056    1500.30    190.594    192.169         31 0.0000e+00
      42929   1788.655   1301.342   1314.000     4.5361     4.5365   3.358109   3.358082     1.9254     1.6068      99.99   26.05965  -95.12115   -0.00008   -0.00030     4.3911     4.4257     4.4273     4.4277    34.9580    34.9573    27.7070    27.7064    1500.21    190.820    192.324         30 0.0000e+00
      43031   1792.932   1305.291   1318.000     4.5352     4.5356   3.358110   3.358073     1.9253     1.6069     100.00   26.05884  -95.11817   -0.00008    0.00003     4.3930     4.4285     4.4261     4.4264    34.9570    34.9561    27.7062    27.7055    1500.13    190.901    192.443         32 0.0000e+00
      43190   1799.552   1311.214   1324.000     4.5328     4.5333   3.358212   3.358190     1.9245     1.6061      97.76   26.05937  -95.12011   -0.00003   -0.00020     4.3940     4.4292     4.4231     4.4236    34.9578    34.9570    27.7072    27.7066    1500.12    190.944    192.477         30 0.0000e+00
      43529   1813.683   1324.048   1337.000     4.5156     4.5161   3.357260   3.357238     1.9252     1.6077     100.00   26.05916  -95.11934   -0.00005   -0.00003     4.4060     4.4450     4.4049     4.4053    34.9584    34.9576    27.7097    27.7090    1500.02    191.467    193.163         31 0.0000e+00
      43562   1815.042   1325.035   1338.000     4.5147     4.5154   3.357271   3.357256     1.9253     1.6077     100.00   26.05952  -95.12066    0.00007   -0.00012     4.4069     4.4458     4.4039     4.4046    34.9589    34.9580    27.7102    27.7095    1500.03    191.507    193.194         31 0.0000e+00
      43689   1820.341   1329.971   1343.000     4.5106     4.5110   3.357169   3.357143     1.9256     1.6079     100.00   26.05993  -95.12214    0.00008   -0.00003     4.4115     4.4498     4.3994     4.3998    34.9595    34.9589    27.7112    27.7106    1500.02    191.704    193.371         30 0.0000e+00
      43871   1827.917   1336.881   1350.000     4.4994     4.4998   3.356404   3.356372     1.9266     1.6081     100.00   26.05925  -95.11959    0.00023   -0.00001     4.4207     4.4561     4.3876     4.3880    34.9590    34.9582    27.7120    27.7114    1499.93    192.106    193.642         30 0.0000e+00
      44850   1868.718   1373.401   1387.000     4.4697     4.4701   3.355448   3.355417     1.9291     1.6106     100.00   26.05939  -95.12008    0.00006    0.00010     4.4550     4.4911     4.3548     4.3552    34.9607    34.9600    27.7170    27.7164    1499.70    193.592    195.165         30 0.0000e+00
      44881   1870.014   1374.388   1388.000     4.4690     4.4694   3.355438   3.355407     1.9293     1.6109     100.00   26.05954  -95.12064    0.00005    0.00008     4.4562     4.4929     4.3540     4.3544    34.9609    34.9601    27.7173    27.7166    1499.71    193.648    195.242         31 0.0000e+00
      45409   1891.981   1394.126   1408.000     4.4580     4.4583   3.355315   3.355286     1.9291     1.6098     100.00   26.05928  -95.11971   -0.00002   -0.00022     4.4683     4.5019     4.3412     4.3416    34.9613    34.9605    27.7189    27.7183    1499.58    194.174    195.634         33 0.0000e+00
      45595   1899.748   1401.033   1415.000     4.4532     4.4536   3.355227   3.355195     1.9292     1.6104     100.00   26.05953  -95.12053    0.00011    0.00016     4.4733     4.5088     4.3358     4.3363    34.9618    34.9610    27.7200    27.7193    1499.55    194.388    195.931         31 0.0000e+00
      45626   1901.046   1402.020   1416.000     4.4525     4.4529   3.355215   3.355180     1.9292     1.6105     100.00   26.05956  -95.12064    0.00013    0.00008     4.4740     4.5099     4.3351     4.3355    34.9619    34.9611    27.7201    27.7194    1499.54    194.418    195.981         30 0.0000e+00
      45890   1912.024   1411.888   1426.000     4.4433     4.4438   3.354826   3.354795     1.9292     1.6105     100.00   26.05930  -95.11975    0.00005    0.00002     4.4812     4.5169     4.3251     4.3256    34.9621    34.9612    27.7213    27.7206    1499.48    194.732    196.283         31 0.0000e+00
      46021   1917.491   1416.822   1431.000     4.4392     4.4396   3.354715   3.354693     1.9293     1.6110     100.00   26.05972  -95.12123    0.00004    0.00012     4.4847     4.5223     4.3205     4.3210    34.9627    34.9620    27.7223    27.7217    1499.48    194.884    196.520         30 0.0000e+00
      46445   1935.151   1432.609   1447.000     4.4204     4.4208   3.353740   3.353708     1.9316     1.6129     100.00   26.05935  -95.11987    0.00007    0.00003     4.5051     4.5418     4.3004     4.3009    34.9632    34.9624    27.7249    27.7242    1499.37    195.770    197.365         31 0.0000e+00
      46686   1945.214   1441.489   1456.000     4.4164     4.4169   3.353812   3.353782     1.9317     1.6129      88.15   26.05963  -95.12090   -0.00005   -0.00009     4.5112     4.5475     4.2957     4.2961    34.9638    34.9630    27.7259    27.7252    1499.34    196.034    197.613         33 0.0000e+00
      46814   1950.547   1446.422   1461.000     4.4134     4.4138   3.353732   3.353696     1.9317     1.6130     100.00   26.05935  -95.11988    0.00001    0.00005     4.5144     4.5513     4.2922     4.2926    34.9636    34.9627    27.7261    27.7254    1499.31    196.176    197.777         30 0.0000e+00
      46845   1951.818   1447.409   1462.000     4.4130     4.4134   3.353770   3.353732     1.9317     1.6132     100.00   26.05956  -95.12064    0.00003    0.00004     4.5152     4.5527     4.2917     4.2922    34.9640    34.9631    27.7265    27.7257    1499.31    196.208    197.837         30 0.0000e+00
      47322   1971.708   1465.166   1480.000     4.3979     4.3982   3.353239   3.353210     1.9324     1.6141     100.00   26.05983  -95.12163    0.00001    0.00030     4.5302     4.5692     4.2751     4.2754    34.9649    34.9642    27.7290    27.7284    1499.25    196.862    198.553         30 0.0000e+00
      47481   1978.341   1471.085   1486.000     4.3973     4.3976   3.353397   3.353355     1.9327     1.6141     100.00   26.05938  -95.12000    0.00008    0.00019     4.5353     4.5727     4.2739     4.2743    34.9644    34.9636    27.7287    27.7280    1499.19    197.080    198.708         30 0.0000e+00
      47612   1983.799   1476.018   1491.000     4.3892     4.3897   3.352893   3.352869     1.9325     1.6138     100.00   26.05941  -95.12001   -0.00006   -0.00008     4.5385     4.5756     4.2654     4.2659    34.9646    34.9638    27.7298    27.7291    1499.17    197.219    198.834         30 0.0000e+00
      47642   1985.053   1477.004   1492.000     4.3879     4.3884   3.352866   3.352834     1.9327     1.6141     100.00   26.05958  -95.12064   -0.00003    0.00013     4.5399     4.5773     4.2641     4.2646    34.9651    34.9642    27.7303    27.7296    1499.18    197.280    198.907         30 0.0000e+00
      48226   2009.381   1498.705   1514.000     4.3718     4.3721   3.352418   3.352381     1.9339     1.6143     100.00   26.05965  -95.12090    0.00006    0.00001     4.5595     4.5935     4.2461     4.2464    34.9661    34.9653    27.7331    27.7324    1499.09    198.134    199.610         31 0.0000e+00
      48489   2020.313   1508.569   1524.000     4.3631     4.3634   3.352080   3.352039     1.9342     1.6154     100.00   26.05959  -95.12068    0.00005    0.00000     4.5675     4.6050     4.2366     4.2369    34.9664    34.9656    27.7343    27.7337    1499.05    198.479    200.110         30 0.0000e+00
      49152   2047.965   1533.225   1549.000     4.3589     4.3593   3.352764   3.352727     1.9328     1.6141     100.00   26.05939  -95.11996   -0.00011    0.00001     4.5778     4.6154     4.2301     4.2305    34.9666    34.9658    27.7352    27.7345    1498.95    198.927    200.560         30 0.0000e+00
      49418   2059.029   1543.087   1559.000     4.3588     4.3592   3.353170   3.353132     1.9316     1.6127     100.00   26.05943  -95.12003   -0.00006    0.00008     4.5792     4.6156     4.2290     4.2294    34.9666    34.9658    27.7353    27.7346    1498.92    198.987    200.570         31 0.0000e+00
      49550   2064.537   1548.017   1564.000     4.3560     4.3561   3.353175   3.353105     1.9309     1.6117     100.00   26.05980  -95.12138   -0.00021   -0.00028     4.5796     4.6148     4.2258     4.2259    34.9672    34.9663    27.7361    27.7354    1498.92    199.007    200.534         32 0.0000e+00
      50001   2083.348   1564.781   1581.000     4.3424     4.3427   3.352678   3.352623     1.9306     1.6120     100.00   26.05952  -95.12035    0.00015    0.00015     4.5903     4.6279     4.2107     4.2110    34.9674    34.9664    27.7380    27.7371    1498.85    199.472    201.106         30 0.0000e+00
      50137   2088.995   1569.711   1586.000     4.3390     4.3393   3.352621   3.352574     1.9317     1.6129     100.00   26.05980  -95.12135    0.00015    0.00008     4.5979     4.6349     4.2068     4.2072    34.9680    34.9670    27.7388    27.7380    1498.85    199.800    201.409         32 0.0000e+00
      50267   2094.416   1574.641   1591.000     4.3329     4.3333   3.352282   3.352245     1.9324     1.6131     100.00   26.05959  -95.12061    0.00011    0.00006     4.6046     4.6397     4.2004     4.2007    34.9680    34.9671    27.7395    27.7388    1498.83    200.089    201.617         31 0.0000e+00
      50425   2100.980   1580.557   1597.000     4.3320     4.3326   3.352473   3.352437     1.9328     1.6140     100.00   26.05962  -95.12067   -0.00001    0.00002     4.6096     4.6472     4.1989     4.1995    34.9682    34.9672    27.7398    27.7389    1498.81    200.309    201.942         30 0.0000e+00
      50746   2114.358   1592.388   1609.000     4.3304     4.3309   3.352835   3.352808     1.9316     1.6121      88.97   26.05967  -95.12081   -0.00003   -0.00005     4.6127     4.6469     4.1962     4.1967    34.9683    34.9675    27.7402    27.7395    1498.78    200.445    201.928         32 0.0000e+00
      50903   2120.914   1598.304   1615.000     4.3272     4.3277   3.352809   3.352774     1.9312     1.6117     100.00   26.05959  -95.12053   -0.00004   -0.00007     4.6152     4.6491     4.1925     4.1930    34.9684    34.9675    27.7407    27.7399    1498.76    200.550    202.024         31 0.0000e+00
      51090   2128.688   1605.205   1622.000     4.3233     4.3239   3.352766   3.352749     1.9308     1.6107     100.00   26.05963  -95.12068   -0.00005   -0.00026     4.6182     4.6495     4.1880     4.1885    34.9687    34.9678    27.7414    27.7407    1498.74    200.680    202.041         32 0.0000e+00
      51830   2159.544   1632.807   1650.000     4.3205     4.3210   3.353676   3.353642     1.9281     1.6086     100.00   26.05941  -95.11984   -0.00019   -0.00012     4.6251     4.6585     4.1825     4.1831    34.9687    34.9678    27.7420    27.7412    1498.67    200.983    202.431         30 0.0000e+00
      51961   2164.984   1637.735   1655.000     4.3208     4.3213   3.353918   3.353871     1.9275     1.6081     100.00   26.05945  -95.11996   -0.00016   -0.00021     4.6257     4.6591     4.1823     4.1829    34.9688    34.9677    27.7421    27.7412    1498.66    201.006    202.460         31 0.0000e+00
      51992   2166.287   1638.721   1656.000     4.3206     4.3211   3.353967   3.353928     1.9273     1.6080     100.00   26.05964  -95.12066   -0.00014   -0.00018     4.6256     4.6595     4.1820     4.1826    34.9691    34.9681    27.7424    27.7415    1498.67    201.004    202.475         30 0.0000e+00
      52362   2181.721   1652.521   1670.000     4.3208     4.3214   3.354573   3.354535     1.9253     1.6056      74.79   26.05979  -95.12120   -0.00008   -0.00028     4.6264     4.6580     4.1809     4.1814    34.9692    34.9682    27.7426    27.7417    1498.65    201.038    202.412         31 0.0000e+00
      53159   2214.928   1682.088   1700.000     4.3224     4.3229   3.355954   3.355916     1.9205     1.6009     100.00   26.05978  -95.12113   -0.00004   -0.00025     4.6257     4.6560     4.1796     4.1801    34.9693    34.9683    27.7428    27.7420    1498.60    201.007    202.325         33 0.0000e+00
      53289   2220.317   1687.015   1705.000     4.3224     4.3230   3.356103   3.356072     1.9195     1.6007     100.00   26.05920  -95.11904   -0.00012 8.3444e-07     4.6248     4.6583     4.1792     4.1797    34.9686    34.9676    27.7422    27.7414    1498.55    200.970    202.423         36 0.0000e+00
      53323   2221.753   1688.000   1706.000     4.3224     4.3229   3.356190   3.356158     1.9194     1.6004     100.00   26.05964  -95.12064   -0.00008   -0.00004     4.6252     4.6578     4.1790     4.1795    34.9692    34.9683    27.7428    27.7420    1498.58    200.983    202.401         30 0.0000e+00
