Gulf of Mexico/GOMECC-4/1db/drb2103_0431.cnv
* Sea-Bird SBE 9 Data File:
* FileName = C:\Users\scs.user.rb\CTD\GOMECC4\data\rb2103_0431.hex
* Software Version Seasave V 7.26.7.107
* Temperature SN = 4799
* Conductivity SN = 3860
* Number of Bytes Per Scan = 41
* Number of Voltage Words = 4
* Number of Scans Averaged by the Deck Unit = 1
* NMEA Latitude = 28 29.94 N
* NMEA Longitude = 090 00.00 W
* NMEA UTC (Time) = Sep 26 2021  07:09:27
* NMEA baud rate = 4800
# nquan = 28
# nvalues = 76                          
# units = specified
# name 0 = scan: Scan Count
# name 1 = timeS: Time, Elapsed [seconds]
# name 2 = depSM: Depth [salt water, m]
# name 3 = prDM: Pressure, Digiquartz [db]
# name 4 = t090C: Temperature [ITS-90, deg C]
# name 5 = t190C: Temperature, 2 [ITS-90, deg C]
# name 6 = c0S/m: Conductivity [S/m]
# name 7 = c1S/m: Conductivity, 2 [S/m]
# name 8 = sbeox0V: Oxygen raw, SBE 43 [V]
# name 9 = sbeox1V: Oxygen raw, SBE 43, 2 [V]
# name 10 = altM: Altimeter [m]
# name 11 = latitude: Latitude [deg]
# name 12 = longitude: Longitude [deg]
# name 13 = sbox0dV/dT: Oxygen, SBE 43 [dov/dt]
# name 14 = sbox1dV/dT: Oxygen, SBE 43, 2 [dov/dt]
# name 15 = sbeox0ML/L: Oxygen, SBE 43 [ml/l], WS = 5
# name 16 = sbeox1ML/L: Oxygen, SBE 43, 2 [ml/l], WS = 5
# name 17 = potemp090C: Potential Temperature [ITS-90, deg C]
# name 18 = potemp190C: Potential Temperature, 2 [ITS-90, deg C]
# name 19 = sal00: Salinity, Practical [PSU]
# name 20 = sal11: Salinity, Practical, 2 [PSU]
# name 21 = sigma-é00: Density [sigma-theta, kg/m^3]
# name 22 = sigma-é11: Density, 2 [sigma-theta, kg/m^3]
# name 23 = avgsvCM: Average Sound Velocity [Chen-Millero, m/s], minP = 20, minS = 20
# name 24 = sbox0Mm/Kg: Oxygen, SBE 43 [umol/kg], WS = 5
# name 25 = sbox1Mm/Kg: Oxygen, SBE 43, 2 [umol/kg], WS = 5
# name 26 = nbin: number of scans per bin
# name 27 = flag: flag
# span 0 =      18592,      23430       
# span 1 =    774.615,    976.215       
# span 2 =      5.960,     89.379       
# span 3 =      6.000,     90.000       
# span 4 =    17.7307,    29.4965       
# span 5 =    17.7378,    29.4651       
# span 6 =   4.719406,   5.821672       
# span 7 =   4.720216,   5.821897       
# span 8 =     1.9239,     3.1499       
# span 9 =     1.5960,     2.6745       
# span 10 =       6.25,      87.09      
# span 11 =   28.49372,   28.49914      
# span 12 =  -90.00018,  -89.98300      
# span 13 =   -0.05446,    0.03337      
# span 14 =   -0.04966,    0.03345      
# span 15 =     2.7035,     4.4023      
# span 16 =     2.7313,     4.4108      
# span 17 =    17.7153,    29.4939      
# span 18 =    17.7224,    29.4629      
# span 19 =    33.6489,    36.3705      
# span 20 =    33.5667,    36.3718      
# span 21 =    21.2929,    26.3477      
# span 22 =    21.2573,    26.3465      
# span 23 =       0.00,    1548.54      
# span 24 =    117.637,    192.248      
# span 25 =    118.848,    192.618      
# span 26 =         30,         67      
# span 27 = 0.0000e+00, 0.0000e+00      
# interval = decibars: 1                
# start_time = Sep 26 2021 07:09:27 [NMEA time, header]
# bad_flag = -9.990e-29
*END*
      18592    774.615      5.960      6.000    28.2667    28.1865   5.456878   5.436829     3.0752     2.6160      87.09   28.49910  -90.00018    0.00024    0.00115     4.3544     4.3759    28.2653    28.1851    33.6489    33.5667    21.2929    21.2573       0.00    190.414    191.361         43 0.0000e+00
      18669    777.843      6.953      7.000    29.1984    28.9954   5.676951   5.631962     3.1281     2.6482      86.23   28.49910  -90.00018    0.01351    0.00806     4.3592     4.3647    29.1967    28.9937    34.4960    34.3332    21.6197    21.5653       0.00    190.564    190.813         67 0.0000e+00
      18752    781.303      7.946      8.000    29.2570    29.4501   5.697015   5.739464     3.1356     2.6693      86.30   28.49910  -90.00018    0.00464    0.00623     4.3710     4.3677    29.2763    29.4482    34.5920    34.7381    21.6651    21.7155       0.00    191.071    190.919         43 0.0000e+00
      18823    784.257      8.940      9.000    29.4965    29.4651   5.759885   5.755292     3.1499     2.6745      85.49   28.49910  -90.00018   -0.00175    0.00109     4.3683     4.3729    29.4939    29.4629    34.8470    34.8385    21.7833    21.7874       0.00    190.927    191.129         60 0.0000e+00
      18900    787.470      9.933     10.000    29.0436    29.0445   5.704753   5.703988     3.1325     2.6600      84.62   28.49910  -90.00018   -0.00438   -0.00410     4.3743     4.3745    29.0450    29.0421    34.7956    34.7936    21.8955    21.8950       0.00    191.172    191.180         50 0.0000e+00
      18961    789.991     10.926     11.000    28.9090    28.9070   5.689223   5.688987     3.1280     2.6572      83.65   28.49910  -90.00018   -0.00422   -0.00263     4.3765     4.3802    28.9063    28.9044    34.7893    34.7891    21.9372    21.9377       0.00    191.259    191.423         59 0.0000e+00
      19019    792.417     11.919     12.000    28.8964    28.8997   5.687540   5.688042     3.1297     2.6559      82.44   28.49910  -90.00018    0.00045    0.00057     4.3810     4.3788    28.8935    28.8968    34.7866    34.7877    21.9394    21.9391       0.00    191.456    191.357         56 0.0000e+00
      19075    794.742     12.912     13.000    28.8593    28.8490   5.681222   5.680139     3.1251     2.6541      81.66   28.49910  -90.00018   -0.00077   -0.00189     4.3769     4.3797    28.8562    28.8459    34.7739    34.7699    21.9423    21.9427       0.00    191.276    191.400         56 0.0000e+00
      19130    797.055     13.906     14.000    28.7754    28.7643   5.668738   5.667045     3.1212     2.6539      80.69   28.49910  -90.00018   -0.00223    0.00081     4.3770     4.3868    28.7720    28.7609    34.7446    34.7410    21.9483    21.9492       0.00    191.278    191.706         56 0.0000e+00
      19184    799.281     14.899     15.000    28.6230    28.6252   5.654177   5.654400     3.1146     2.6453      79.77   28.49910  -90.00018   -0.00193   -0.00282     4.3771     4.3793    28.6194    28.6216    34.7550    34.7549    22.0067    22.0059       0.00    191.272    191.368         49 0.0000e+00
      19236    801.442     15.892     16.000    28.5882    28.5893   5.662005   5.662463     3.1161     2.6493      78.70   28.49910  -90.00017   -0.00140   -0.00105     4.3810     4.3889    28.5843    28.5855    34.8345    34.8368    22.0780    22.0794       0.00    191.431    191.773         58 0.0000e+00
      19293    803.845     16.886     17.000    28.4460    28.4485   5.675109   5.675301     3.1159     2.6477      82.55   28.49910  -90.00017    0.00122    0.00107     4.3873     4.3914    28.4419    28.4445    35.0299    35.0293    22.2719    22.2706       0.00    191.670    191.849         53 0.0000e+00
      19344    805.959     17.879     18.000    28.4162    28.4172   5.675794   5.675961     3.1120     2.6410      77.68   28.49911  -90.00017   -0.00193   -0.00254     4.3826     4.3801    28.4119    28.4129    35.0564    35.0568    22.3018    22.3017       0.00    191.455    191.348         53 0.0000e+00
      19400    808.281     18.872     19.000    28.4144    28.4158   5.677555   5.677765     3.1096     2.6417      75.81   28.49911  -90.00017   -0.00104   -0.00136     4.3784     4.3813    28.4100    28.4113    35.0696    35.0700    22.3123    22.3122       0.00    191.273    191.397         55 0.0000e+00
      19452    810.453     19.865     20.000    28.4261    28.4280   5.681134   5.681390     3.1097     2.6414      74.92   28.49912  -90.00017   -0.00043    0.00053     4.3778     4.3806    28.4214    28.4233    35.0856    35.0859    22.3206    22.3202     791.72    191.243    191.365         52 0.0000e+00
      19507    812.747     20.859     21.000    28.4530    28.4561   5.687220   5.687648     3.1128     2.6460      73.91   28.49912  -90.00016    0.00063    0.00119     4.3814     4.3879    28.4480    28.4511    35.1077    35.1084    22.3284    22.3279    1548.54    191.401    191.682         56 0.0000e+00
      19560    814.962     21.852     22.000    28.5160    28.5156   5.701376   5.701113     3.1168     2.6512      72.93   28.49912  -90.00016    0.00185    0.00197     4.3831     4.3933    28.5108    28.5103    35.1592    35.1577    22.3463    22.3454    1542.68    191.470    191.915         53 0.0000e+00
      19616    817.280     22.845     23.000    28.7644    28.7680   5.770257   5.769834     3.1309     2.6593      71.89   28.49912  -90.00016    0.00343    0.00304     4.3844     4.3864    28.7792    28.7625    35.4370    35.4344    22.4659    22.4642    1542.71    191.504    191.592         55 0.0000e+00
      19668    819.461     23.838     24.000    28.7644    28.7646   5.777017   5.776989     3.1312     2.6542      70.97   28.49912  -90.00016    0.00460    0.00132     4.3828     4.3741    28.7584    28.7588    35.4990    35.4987    22.5195    22.5192    1542.77    191.426    191.044         50 0.0000e+00
      19718    821.559     24.831     25.000    28.6132    28.6152   5.755025   5.755317     3.1162     2.6497      69.97   28.49912  -90.00016   -0.00521   -0.00322     4.3689     4.3773    28.6072    28.6092    35.4582    35.4581    22.5391    22.5384    1542.81    190.813    191.182         52 0.0000e+00
      19770    823.718     25.825     26.000    28.6056    28.6088   5.758044   5.758192     3.1154     2.6508      69.06   28.49912  -90.00016   -0.00355   -0.00053     4.3678     4.3800    28.5993    28.6025    35.4856    35.4850    22.5623    22.5608    1542.84    190.763    191.294         52 0.0000e+00
      19822    825.878     26.818     27.000    28.5708    28.5708   5.759537   5.759372     3.1191     2.6504      68.05   28.49912  -90.00016    0.00077    0.00018     4.3774     4.3816    28.5644    28.5643    35.5239    35.5227    22.6027    22.6018    1542.87    191.174    191.355         50 0.0000e+00
      19870    827.892     27.811     28.000    28.6351    28.6363   5.776695   5.776880     3.1313     2.6587      67.11   28.49912  -90.00016    0.00411    0.00194     4.3929     4.3924    28.6284    28.6296    35.5922    35.5926    22.6328    22.6326    1542.89    191.846    191.821         49 0.0000e+00
      19924    830.110     28.804     29.000    28.7098    28.7062   5.797316   5.796282     3.1401     2.6706      66.07   28.49912  -90.00016    0.00480    0.00455     4.4023     4.4108    28.7028    28.6992    35.6791    35.6746    22.6733    22.6711    1542.93    192.248    192.618         55 0.0000e+00
      19974    832.206     29.797     30.000    28.7765    28.7782   5.819946   5.819762     3.1414     2.6715      65.18   28.49912  -90.00016    0.00325    0.00478     4.3962     4.4027    28.7693    28.7710    35.7787    35.7774    22.7260    22.7245    1542.98    191.973    192.257         46 0.0000e+00
      20023    834.242     30.790     31.000    28.7342    28.7349   5.821672   5.821897     3.1213     2.6459      64.10   28.49912  -90.00016   -0.00653   -0.00879     4.3628     4.3551    28.7267    28.7274    35.8291    35.8302    22.7781    22.7787    1543.02    190.503    190.168         55 0.0000e+00
      20080    836.627     31.784     32.000    28.6569    28.6571   5.818419   5.818646     3.1005     2.6294      63.18   28.49912  -90.00016   -0.00957   -0.00891     4.3330     4.3287    28.6506    28.6495    35.8637    35.8642    22.8294    22.8294    1543.06    189.194    189.006         53 0.0000e+00
      20128    838.606     32.777     33.000    28.4820    28.4862   5.801387   5.801854     3.0949     2.6339      62.19   28.49913  -90.00016   -0.00615   -0.00267     4.3339     4.3487    28.4741    28.4783    35.8780    35.8781    22.8988    22.8975    1543.09    189.219    189.865         45 0.0000e+00
      20174    840.548     33.770     34.000    28.2608    28.3110   5.782373   5.786021     3.0815     2.6167      61.24   28.49914  -90.00016   -0.00474   -0.00242     4.3272     4.3293    28.2629    28.3030    35.9049    35.9000    22.9888    22.9719    1543.11    188.910    189.004         52 0.0000e+00
      20231    842.936     34.763     35.000    27.6781    27.7181   5.727121   5.731927     2.9818     2.5162      60.20   28.49914  -90.00016   -0.02581   -0.02775     4.1728     4.1617    27.6608    27.7098    35.9750    35.9715    23.2390    23.2203    1543.10    182.125    181.646         57 0.0000e+00
      20280    844.974     35.756     36.000    27.5456    27.5506   5.716339   5.717003     2.8652     2.4177      59.28   28.49914  -90.00016   -0.05446   -0.04966     3.9794     3.9709    27.5374    27.5422    35.9929    35.9940    23.2925    23.2917    1543.07    173.676    173.304         41 0.0000e+00
      20327    846.934     36.749     37.000    27.4154    27.4164   5.704933   5.705122     2.7741     2.3377      63.31   28.49914  -90.00016   -0.05022   -0.04275     3.8191     3.8152    27.4067    27.4078    36.0114    36.0126    23.3488    23.3493    1543.03    166.667    166.501         53 0.0000e+00
      20383    849.270     37.742     38.000    27.3755    27.3768   5.701513   5.701808     2.7302     2.3022      57.19   28.49914  -90.00016   -0.03264   -0.02879     3.7404     3.7447    27.3666    27.3680    36.0182    36.0192    23.3668    23.3672    1543.00    163.233    163.421         55 0.0000e+00
      20433    851.339     38.735     39.000    27.2541    27.2652   5.690899   5.692027     2.7136     2.2907      56.32   28.49914  -90.00016   -0.01076   -0.00739     3.7175     3.7281    27.2451    27.2562    36.0359    36.0354    23.4195    23.4155    1542.96    162.226    162.686         45 0.0000e+00
      20480    853.299     39.729     40.000    26.9997    27.0080   5.668274   5.669175     2.6571     2.2346      55.38   28.49914  -90.00016   -0.01793   -0.01661     3.6284     3.6274    26.9905    26.9988    36.0709    36.0709    23.5277    23.5250    1542.91    158.318    158.276         50 0.0000e+00
      20532    855.467     40.722     41.000    26.9428    26.9450   5.663668   5.664008     2.6003     2.1839      54.34   28.49914  -90.00016   -0.02767   -0.02609     3.5258     3.5264    26.9334    26.9355    36.0817    36.0825    23.5541    23.5540    1542.86    153.840    153.863         54 0.0000e+00
      20586    857.700     41.715     42.000    26.8542    26.8519   5.656110   5.656048     2.5470     2.1363      53.37   28.49914  -90.00016   -0.02476   -0.02177     3.4331     3.4328    26.8446    26.8423    36.0960    36.0974    23.5933    23.5951    1542.81    149.790    149.774         52 0.0000e+00
      20635    859.734     42.708     43.000    26.7138    26.7149   5.643430   5.643699     2.5063     2.0973      52.38   28.49914  -90.00016   -0.02219   -0.02034     3.3634     3.3595    26.7040    26.7050    36.1139    36.1150    23.6516    23.6521    1542.75    146.739    146.569         47 0.0000e+00
      20683    861.761     43.701     44.000    26.4390    26.4432   5.616938   5.617468     2.4257     2.0210      51.42   28.49914  -90.00016   -0.02678   -0.02608     3.2274     3.2150    26.4290    26.4332    36.1370    36.1375    23.7563    23.7554    1542.69    140.791    140.252         51 0.0000e+00
      20737    864.008     44.694     45.000    26.1941    26.1998   5.592630   5.593332     2.3787     1.9857      50.40   28.49914  -90.00016   -0.03314   -0.02819     3.1526     3.1542    26.1840    26.1897    36.1524    36.1530    23.8453    23.8439    1542.62    137.514    137.587         55 0.0000e+00
      20787    866.099     45.687     46.000    25.6230    25.6278   5.538632   5.539257     2.3553     1.9684      49.48   28.49914  -90.00016   -0.01259   -0.00951     3.1394     3.1473    25.6128    25.6176    36.2083    36.2091    24.0660    24.0651    1542.53    136.910    137.257         46 0.0000e+00
      20835    868.075     46.680     47.000    25.5291    25.5331   5.529615   5.530173     2.3672     1.9824      48.47   28.49914  -90.00016   -0.00323   -0.00065     3.1683     3.1827    25.5187    25.5227    36.2162    36.2171    24.1011    24.1006    1542.43    138.166    138.794         50 0.0000e+00
      20887    870.260     47.674     48.000    25.3245    25.3288   5.508915   5.509495     2.3760     1.9946      47.47   28.49914  -90.00016    0.00502    0.00604     3.1942     3.2156    25.3139    25.3183    36.2291    36.2299    24.1741    24.1734    1542.33    139.285    140.218         52 0.0000e+00
      20938    872.372     48.666     49.000    25.0674    25.0694   5.484069   5.484455     2.3952     2.0163      46.55   28.49914  -90.00016    0.00648    0.00813     3.2495     3.2808    25.0567    25.0587    36.2469    36.2481    24.2666    24.2669    1542.22    141.683    143.050         51 0.0000e+00
      20990    874.557     49.659     50.000    24.9824    24.9845   5.475741   5.476174     2.4136     2.0326      45.55   28.49914  -90.00017    0.00954    0.00950     3.2903     3.3208    24.9715    24.9737    36.2527    36.2538    24.2971    24.2971    1542.10    143.460    144.789         53 0.0000e+00
      21040    876.608     50.653     51.000    24.7056    24.7094   5.446848   5.447288     2.4246     2.0414      44.62   28.49914  -90.00017    0.00639    0.00507     3.3292     3.3559    24.6946    24.6984    36.2589    36.2592    24.3859    24.3850    1541.99    145.141    146.309         47 0.0000e+00
      21089    878.647     51.646     52.000    24.1120    24.1183   5.384408   5.385100     2.4406     2.0706      43.64   28.49914  -90.00017    0.00971    0.01073     3.3921     3.4506    24.1010    24.1073    36.2731    36.2734    24.5754    24.5737    1541.86    147.860    150.410         51 0.0000e+00
      21141    880.816     52.639     53.000    23.9217    23.9235   5.365271   5.365627     2.5465     2.1589      42.62   28.49914  -90.00017    0.03337    0.03345     3.6198     3.6592    23.9105    23.9123    36.2777    36.2790    24.6357    24.6361    1541.71    157.772    159.492         52 0.0000e+00
      21192    882.964     53.632     54.000    23.9054    23.9062   5.364128   5.364380     2.5405     2.1457      41.65   28.49914  -90.00017    0.02031    0.01524     3.6094     3.6317    23.8940    23.8949    36.2819    36.2832    24.6438    24.6445    1541.57    157.317    158.290         51 0.0000e+00
      21242    885.036     54.625     55.000    23.8579    23.8592   5.359790   5.360059     2.5103     2.1153      40.68   28.49914  -90.00017   -0.00981   -0.01097     3.5528     3.5684    23.8463    23.8476    36.2873    36.2884    24.6621    24.6625    1541.43    154.851    155.531         49 0.0000e+00
      21293    887.156     55.618     56.000    23.7926    23.7943   5.353215   5.353521     2.4883     2.0988      39.68   28.49914  -90.00017   -0.01426   -0.01342     3.5139     3.5366    23.7808    23.7825    36.2902    36.2912    24.6836    24.6839    1541.29    153.149    154.139         55 0.0000e+00
