Gulf of Mexico/GOMECC-4/1db/drb2103_0701.cnv
* Sea-Bird SBE 9 Data File:
* FileName = C:\Users\scs.user.rb\CTD\GOMECC4\data\rb2103_0701.hex
* Software Version Seasave V 7.26.7.107
* Temperature SN = 4799
* Conductivity SN = 3860
* Number of Bytes Per Scan = 41
* Number of Voltage Words = 4
* Number of Scans Averaged by the Deck Unit = 1
* NMEA Latitude = 26 03.47 N
* NMEA Longitude = 094 40.25 W
* NMEA UTC (Time) = Oct 03 2021  15:59:31
* NMEA baud rate = 4800
# nquan = 28
# nvalues = 373                         
# units = specified
# name 0 = scan: Scan Count
# name 1 = timeS: Time, Elapsed [seconds]
# name 2 = depSM: Depth [salt water, m]
# name 3 = prDM: Pressure, Digiquartz [db]
# name 4 = t090C: Temperature [ITS-90, deg C]
# name 5 = t190C: Temperature, 2 [ITS-90, deg C]
# name 6 = c0S/m: Conductivity [S/m]
# name 7 = c1S/m: Conductivity, 2 [S/m]
# name 8 = sbeox0V: Oxygen raw, SBE 43 [V]
# name 9 = sbeox1V: Oxygen raw, SBE 43, 2 [V]
# name 10 = altM: Altimeter [m]
# name 11 = latitude: Latitude [deg]
# name 12 = longitude: Longitude [deg]
# name 13 = sbox0dV/dT: Oxygen, SBE 43 [dov/dt]
# name 14 = sbox1dV/dT: Oxygen, SBE 43, 2 [dov/dt]
# name 15 = sbeox0ML/L: Oxygen, SBE 43 [ml/l], WS = 5
# name 16 = sbeox1ML/L: Oxygen, SBE 43, 2 [ml/l], WS = 5
# name 17 = potemp090C: Potential Temperature [ITS-90, deg C]
# name 18 = potemp190C: Potential Temperature, 2 [ITS-90, deg C]
# name 19 = sal00: Salinity, Practical [PSU]
# name 20 = sal11: Salinity, Practical, 2 [PSU]
# name 21 = sigma-é00: Density [sigma-theta, kg/m^3]
# name 22 = sigma-é11: Density, 2 [sigma-theta, kg/m^3]
# name 23 = avgsvCM: Average Sound Velocity [Chen-Millero, m/s], minP = 20, minS = 20
# name 24 = sbox0Mm/Kg: Oxygen, SBE 43 [umol/kg], WS = 5
# name 25 = sbox1Mm/Kg: Oxygen, SBE 43, 2 [umol/kg], WS = 5
# name 26 = nbin: number of scans per bin
# name 27 = flag: flag
# span 0 =      13028,      97148       
# span 1 =    542.790,   4047.796       
# span 2 =      3.974,   3013.283       
# span 3 =      4.000,   3055.000       
# span 4 =     4.2980,    29.3535       
# span 5 =     4.2987,    29.3546       
# span 6 =   3.352400,   5.946184       
# span 7 =   3.352362,   5.946452       
# span 8 =     1.5752,     3.4137       
# span 9 =     1.2802,     2.9273       
# span 10 =      11.11,     100.73      
# span 11 =   26.05321,   26.06079      
# span 12 =  -94.67969,  -94.65405      
# span 13 =   -0.03743,    0.05571      
# span 14 =   -0.03432,    0.05414      
# span 15 =     2.4105,     5.0833      
# span 16 =     2.4320,     5.0890      
# span 17 =     4.0796,    29.3469      
# span 18 =     4.0808,    29.3480      
# span 19 =    34.9113,    36.7021      
# span 20 =    34.9107,    36.7035      
# span 21 =    22.8115,    27.7609      
# span 22 =    22.8101,    27.7595      
# span 23 =       0.00,    1546.02      
# span 24 =    104.821,    221.700      
# span 25 =    105.757,    221.937      
# span 26 =         30,         87      
# span 27 = 0.0000e+00, 0.0000e+00      
# interval = decibars: 1                
# start_time = Oct 03 2021 15:59:31 [NMEA time, header]
# bad_flag = -9.990e-29
*END*
[from data line 156]
      20699    862.417    186.692    188.000    18.1434    18.1465   4.778370   4.778899     1.9529     1.6140      86.83   26.05790  -94.67086   -0.00857   -0.00980     2.7771     2.7855    18.1107    18.1137    36.4160    36.4177    26.3295    26.3301    1534.24    120.843    121.208         35 0.0000e+00
      20732    863.774    187.684    189.000    18.1351    18.1359   4.777348   4.777552     1.9284     1.5896     100.04   26.05790  -94.67086   -0.01691   -0.01791     2.7226     2.7262    18.1022    18.1029    36.4143    36.4154    26.3303    26.3309    1534.17    118.473    118.630         30 0.0000e+00
      20761    865.001    188.677    190.000    18.1272    18.1281   4.776468   4.776677     1.9158     1.5800     100.00   26.05790  -94.67086   -0.01706   -0.01601     2.6950     2.7032    18.0941    18.0950    36.4134    36.4144    26.3317    26.3322    1534.10    117.273    117.629         30 0.0000e+00
      20792    866.311    189.669    191.000    18.1340    18.1351   4.778134   4.778305     1.9093     1.5766     100.00   26.05790  -94.67086   -0.01158   -0.00948     2.6802     2.6947    18.1007    18.1020    36.4212    36.4220    26.3360    26.3364    1534.03    116.627    117.255         33 0.0000e+00
      20825    867.687    190.662    192.000    18.1457    18.1466   4.780898   4.781098     1.9233     1.6012      49.63   26.05790  -94.67086   -0.00348    0.00002     2.7113     2.7551    18.1122    18.1131    36.4341    36.4350    26.3430    26.3435    1533.97    117.978    119.885         32 0.0000e+00
      20886    870.196    192.647    194.000    17.9213    17.9227   4.753838   4.754123     1.9775     1.6478     100.00   26.05752  -94.66948    0.02118    0.02327     2.8479     2.8839    17.8878    17.8891    36.4009    36.4022    26.3734    26.3740    1533.81    123.921    125.487         31 0.0000e+00
      20919    871.568    193.640    195.000    17.9050    17.9060   4.752128   4.752358     1.9758     1.6414     100.00   26.05790  -94.67086    0.01224    0.00621     2.8452     2.8694    17.8713    17.8723    36.4006    36.4016    26.3772    26.3778    1533.75    123.801    124.855         34 0.0000e+00
      20952    872.939    194.632    196.000    17.8776    17.8786   4.749180   4.749398     1.9779     1.6429     100.00   26.05790  -94.67086    0.00236   -0.00163     2.8521     2.8750    17.8438    17.8447    36.3993    36.4003    26.3831    26.3836    1533.69    124.102    125.095         31 0.0000e+00
      20982    874.216    195.625    197.000    17.8615    17.8625   4.747670   4.747887     1.9814     1.6472     100.00   26.05790  -94.67086    0.00124    0.00044     2.8609     2.8866    17.8275    17.8285    36.4002    36.4012    26.3878    26.3883    1533.62    124.485    125.602         31 0.0000e+00
      21014    875.532    196.617    198.000    17.8332    17.8343   4.744543   4.744792     1.9964     1.6648     100.00   26.05790  -94.67086    0.00518    0.00595     2.8976     2.9329    17.7991    17.8002    36.3982    36.3993    26.3933    26.3939    1533.55    126.079    127.613         32 0.0000e+00
      21045    876.815    197.610    199.000    17.7834    17.7845   4.739026   4.739247     2.0065     1.6742     100.00   26.05790  -94.67086    0.00771    0.00869     2.9237     2.9594    17.7492    17.7503    36.3947    36.3956    26.4029    26.4034    1533.48    127.213    128.766         30 0.0000e+00
      21075    878.067    198.603    200.000    17.7378    17.7389   4.733866   4.734105     2.0160     1.6816     100.00   26.05790  -94.67086    0.00845    0.00830     2.9485     2.9808    17.7035    17.7046    36.3906    36.3917    26.4110    26.4116    1533.42    128.293    129.696         31 0.0000e+00
      21107    879.429    199.595    201.000    17.7232    17.7242   4.732293   4.732505     2.0235     1.6874      98.82   26.05790  -94.67086    0.00735    0.00611     2.9669     2.9966    17.6887    17.6898    36.3897    36.3906    26.4140    26.4144    1533.35    129.093    130.383         34 0.0000e+00
      21142    880.858    200.588    202.000    17.6814    17.6814   4.727551   4.727652     2.0303     1.6937     100.01   26.05790  -94.67086    0.00573    0.00443     2.9854     3.0153    17.6468    17.6468    36.3857    36.3866    26.4212    26.4219    1533.28    129.894    131.199         33 0.0000e+00
      21173    882.160    201.580    203.000    17.6481    17.6489   4.723710   4.723905     2.0416     1.7062     100.00   26.05790  -94.67086    0.00567    0.00551     3.0138     3.0488    17.6134    17.6142    36.3819    36.3829    26.4266    26.4271    1533.21    131.129    132.655         30 0.0000e+00
      21231    884.575    203.565    205.000    17.5999    17.6006   4.717943   4.718110     2.0553     1.7169      97.53   26.05642  -94.66550    0.00709    0.00663     3.0489     3.0793    17.5649    17.5656    36.3738    36.3746    26.4320    26.4325    1532.99    132.659    133.980         33 0.0000e+00
      21266    886.043    204.558    206.000    17.5645    17.5656   4.713977   4.714213     2.0574     1.7187      84.23   26.05790  -94.67085    0.00426    0.00332     3.0562     3.0864    17.5294    17.5305    36.3714    36.3725    26.4391    26.4396    1533.01    132.976    134.286         35 0.0000e+00
      21328    888.620    206.543    208.000    17.5081    17.5088   4.707543   4.707719     2.0580     1.7180     100.00   26.05838  -94.67255    0.00034   -0.00027     3.0621     3.0889    17.4727    17.4735    36.3656    36.3665    26.4485    26.4490    1532.91    133.230    134.395         30 0.0000e+00
      21359    889.909    207.535    209.000    17.4844    17.4850   4.704761   4.704912     2.0589     1.7192      81.10   26.05790  -94.67086    0.00044    0.00021     3.0662     3.0940    17.4489    17.4495    36.3621    36.3629    26.4516    26.4521    1532.81    133.409    134.616         32 0.0000e+00
      21391    891.260    208.528    210.000    17.4551    17.4561   4.701348   4.701562     2.0609     1.7215      72.11   26.05792  -94.67086    0.00095    0.00117     3.0730     3.1017    17.4194    17.4205    36.3584    36.3593    26.4559    26.4563    1532.75    133.704    134.954         33 0.0000e+00
      21424    892.631    209.520    211.000    17.3997    17.4009   4.694822   4.695073     2.0650     1.7249     100.13   26.05792  -94.67086    0.00161    0.00172     3.0865     3.1142    17.3640    17.3652    36.3510    36.3521    26.4637    26.4643    1532.68    134.289    135.494         33 0.0000e+00
      21455    893.922    210.512    212.000    17.3672    17.3679   4.691003   4.691170     2.0703     1.7307     100.00   26.05792  -94.67086    0.00279    0.00265     3.1014     3.1313    17.3313    17.3320    36.3466    36.3474    26.4683    26.4687    1532.62    134.935    136.237         30 0.0000e+00
      21486    895.188    211.505    213.000    17.3312    17.3322   4.686738   4.686941     2.0754     1.7345     100.00   26.05792  -94.67086    0.00379    0.00355     3.1157     3.1436    17.2953    17.2962    36.3414    36.3423    26.4731    26.4735    1532.55    135.560    136.772         31 0.0000e+00
      21517    896.509    212.497    214.000    17.2778    17.2794   4.680357   4.680638     2.0784     1.7364      97.33   26.05792  -94.67086    0.00375    0.00317     3.1271     3.1528    17.2417    17.2433    36.3334    36.3344    26.4799    26.4803    1532.49    136.056    137.172         32 0.0000e+00
      21548    897.811    213.490    215.000    17.2700    17.2708   4.679467   4.679640     2.0784     1.7363      24.23   26.05792  -94.67086    0.00232    0.00159     3.1276     3.1528    17.2338    17.2346    36.3323    36.3330    26.4810    26.4813    1532.42    136.077    137.173         30 0.0000e+00
      21580    899.105    214.482    216.000    17.2486    17.2501   4.676869   4.677129     2.0766     1.7341     100.03   26.05792  -94.67086    0.00034   -0.00002     3.1253     3.1492    17.2123    17.2138    36.3284    36.3294    26.4832    26.4836    1532.36    135.974    137.016         32 0.0000e+00
      21612    900.466    215.475    217.000    17.2036    17.2049   4.671416   4.671638     2.0748     1.7327     100.00   26.05792  -94.67086   -0.00100   -0.00103     3.1237     3.1476    17.1671    17.1684    36.3209    36.3217    26.4884    26.4887    1532.30    135.906    136.945         34 0.0000e+00
      21646    901.861    216.467    218.000    17.1559    17.1576   4.665767   4.666059     2.0705     1.7284     100.00   26.05792  -94.67086   -0.00176   -0.00165     3.1184     3.1415    17.1193    17.1210    36.3142    36.3152    26.4947    26.4951    1532.23    135.674    136.680         32 0.0000e+00
      21733    905.508    219.445    221.000    17.1029    17.1036   4.659120   4.659283     2.0564     1.7143      99.99   26.05514  -94.66075   -0.00378   -0.00379     3.0907     3.1106    17.0659    17.0666    36.3014    36.3022    26.4975    26.4979    1531.88    134.466    135.332         34 0.0000e+00
      21771    907.084    220.437    222.000    17.0771    17.0791   4.656120   4.656450     2.0534     1.7123     100.00   26.05792  -94.67086   -0.00308   -0.00273     3.0857     3.1074    17.0399    17.0420    36.2992    36.3002    26.5024    26.5026    1531.98    134.247    135.195         37 0.0000e+00
      21805    908.512    221.429    223.000    17.0175    17.0186   4.648812   4.649041     2.0492     1.7074      96.90   26.05792  -94.67088   -0.00248   -0.00212     3.0798     3.0986    16.9803    16.9814    36.2885    36.2895    26.5084    26.5089    1531.92    133.994    134.809         31 0.0000e+00
      21861    910.834    223.414    225.000    16.9168    16.9181   4.636557   4.636804     2.0313     1.6881      99.99   26.05614  -94.66443   -0.00559   -0.00622     3.0464     3.0575    16.8794    16.8807    36.2703    36.2712    26.5184    26.5188    1531.69    132.537    133.022         30 0.0000e+00
      21894    912.201    224.407    226.000    16.8692    16.8708   4.631102   4.631405     2.0222     1.6806     100.00   26.05792  -94.67088   -0.00744   -0.00770     3.0289     3.0418    16.8317    16.8333    36.2657    36.2669    26.5264    26.5270    1531.73    131.774    132.334         33 0.0000e+00
      21926    913.558    225.399    227.000    16.8454    16.8465   4.628372   4.628573     2.0142     1.6740      98.99   26.05792  -94.67088   -0.00717   -0.00645     3.0121     3.0268    16.8078    16.8089    36.2627    36.2635    26.5299    26.5302    1531.67    131.042    131.685         32 0.0000e+00
      21960    914.951    226.392    228.000    16.8358    16.8365   4.627219   4.627384     2.0080     1.6692      73.56   26.05792  -94.67087   -0.00587   -0.00470     2.9986     3.0157    16.7980    16.7988    36.2609    36.2617    26.5308    26.5312    1531.60    130.458    131.198         35 0.0000e+00
      21994    916.364    227.384    229.000    16.7917    16.8069   4.621676   4.623624     2.0023     1.6637     100.58   26.05792  -94.67086   -0.00454   -0.00382     2.9928     3.0091    16.7539    16.7691    36.2516    36.2550    26.5342    26.5332    1531.55    130.204    130.911         31 0.0000e+00
      22047    918.600    229.369    231.000    16.6005    16.6021   4.598150   4.598425     1.9780     1.6401      99.99   26.05424  -94.65749   -0.00723   -0.00680     2.9454     2.9572    16.5627    16.5642    36.2145    36.2156    26.5506    26.5510    1531.20    128.140    128.654         30 0.0000e+00
      22084    920.118    230.361    232.000    16.5697    16.5713   4.594796   4.595082     1.9594     1.6211     100.00   26.05792  -94.67086   -0.01131   -0.01135     2.9041     2.9108    16.5317    16.5334    36.2139    36.2149    26.5578    26.5582    1531.35    126.342    126.635         37 0.0000e+00
      22120    921.630    231.353    233.000    16.5339    16.5356   4.590625   4.590916     1.9436     1.6072     100.00   26.05792  -94.67086   -0.01261   -0.01259     2.8697     2.8776    16.4958    16.4975    36.2090    36.2100    26.5625    26.5629    1531.29    124.843    125.189         33 0.0000e+00
      22595    941.408    249.215    251.000    15.8816    15.8826   4.513404   4.513610     1.8611     1.5372     100.00   26.05885  -94.67416   -0.00251   -0.00235     2.7210     2.7415    15.8416    15.8427    36.1068    36.1077    26.6359    26.6364    1530.22    118.369    119.258         31 0.0000e+00
      23924    996.791    301.800    304.000    14.1698    14.1724   4.313730   4.314096     1.7587     1.4444     100.00   26.05686  -94.66688   -0.00144   -0.00132     2.5930     2.6122    14.1250    14.1276    35.8348    35.8357    26.8059    26.8060    1527.01    112.780    113.615         31 0.0000e+00
      24789   1032.844    335.526    338.000    13.2814    13.2838   4.212566   4.212879     1.6951     1.3866      99.99   26.05667  -94.66609   -0.00209   -0.00191     2.4963     2.5148    13.2337    13.2361    35.6985    35.6991    26.8866    26.8866    1525.13    108.565    109.373         30 0.0000e+00
      25629   1067.842    368.256    371.000    12.4359    12.4370   4.116988   4.117124     1.6610     1.3570      80.84   26.05617  -94.66418   -0.00146   -0.00116     2.4685     2.4903    12.3857    12.3868    35.5649    35.5651    26.9529    26.9529    1523.41    107.348    108.299         31 0.0000e+00
      26293   1095.507    394.039    397.000    11.7783    11.7794   4.044324   4.044456     1.6286     1.3269     100.00   26.05816  -94.67143   -0.00194   -0.00160     2.4307     2.4505    11.7265    11.7275    35.4708    35.4710    27.0072    27.0072    1522.24    105.702    106.561         31 0.0000e+00
      26596   1108.142    405.937    409.000    11.5612    11.5623   4.020559   4.020663     1.6152     1.3153     100.00   26.05792  -94.67055   -0.00070   -0.00052     2.4105     2.4320    11.5084    11.5095    35.4387    35.4387    27.0233    27.0231    1521.65    104.821    105.757         30 0.0000e+00
      27712   1154.640    449.560    453.000    10.7481    10.7491   3.932188   3.932263     1.5967     1.2979      93.77   26.05790  -94.67039   -0.00005   -0.00038     2.4224     2.4417    10.6922    10.6932    35.3201    35.3199    27.0805    27.0802    1519.66    105.334    106.172         32 0.0000e+00
      28219   1175.731    469.386    473.000    10.3749    10.3760   3.892325   3.892425     1.5963     1.2981      87.41   26.05714  -94.66761   -0.00009   -0.00015     2.4504     2.4703    10.3178    10.3189    35.2669    35.2668    27.1053    27.1051    1518.77    106.549    107.411         30 0.0000e+00
      28602   1191.726    484.254    488.000    10.2062    10.2071   3.874419   3.874483     1.5898     1.2925     100.00   26.05796  -94.67053   -0.00056   -0.00054     2.4474     2.4688    10.1478    10.1487    35.2445    35.2443    27.1175    27.1172    1518.20    106.414    107.343         30 0.0000e+00
      28706   1196.027    488.218    492.000    10.1314    10.1324   3.866528   3.866608     1.5880     1.2918     100.00   26.05863  -94.67295   -0.00053   -0.00009     2.4480     2.4724    10.0728    10.0739    35.2352    35.2349    27.1232    27.1228    1518.08    106.443    107.501         31 0.0000e+00
      28986   1207.711    499.120    503.000     9.9753     9.9761   3.850150   3.850197     1.5854     1.2895     100.00   26.05857  -94.67269   -0.00018   -0.00018     2.4538     2.4781     9.9160     9.9168    35.2147    35.2144    27.1341    27.1337    1517.64    106.694    107.748         32 0.0000e+00
      29138   1214.048    505.067    509.000     9.9020     9.9040   3.842524   3.842688     1.5824     1.2863     100.00   26.05864  -94.67291   -0.00059   -0.00045     2.4517     2.4748     9.8422     9.8442    35.2052    35.2050    27.1393    27.1388    1517.41    106.602    107.603         30 0.0000e+00
