Gulf of Mexico/GOMECC-4/1db/drb2103_0691.cnv
* Sea-Bird SBE 9 Data File:
* FileName = C:\Users\scs.user.rb\CTD\GOMECC4\data\rb2103_0691.hex
* Software Version Seasave V 7.26.7.107
* Temperature SN = 4799
* Conductivity SN = 3860
* Number of Bytes Per Scan = 41
* Number of Voltage Words = 4
* Number of Scans Averaged by the Deck Unit = 1
* NMEA Latitude = 26 03.53 N
* NMEA Longitude = 095 07.24 W
* NMEA UTC (Time) = Oct 03 2021  11:22:54
* NMEA baud rate = 4800
# nquan = 28
# nvalues = 385                         
# units = specified
# name 0 = scan: Scan Count
# name 1 = timeS: Time, Elapsed [seconds]
# name 2 = depSM: Depth [salt water, m]
# name 3 = prDM: Pressure, Digiquartz [db]
# name 4 = t090C: Temperature [ITS-90, deg C]
# name 5 = t190C: Temperature, 2 [ITS-90, deg C]
# name 6 = c0S/m: Conductivity [S/m]
# name 7 = c1S/m: Conductivity, 2 [S/m]
# name 8 = sbeox0V: Oxygen raw, SBE 43 [V]
# name 9 = sbeox1V: Oxygen raw, SBE 43, 2 [V]
# name 10 = altM: Altimeter [m]
# name 11 = latitude: Latitude [deg]
# name 12 = longitude: Longitude [deg]
# name 13 = sbox0dV/dT: Oxygen, SBE 43 [dov/dt]
# name 14 = sbox1dV/dT: Oxygen, SBE 43, 2 [dov/dt]
# name 15 = sbeox0ML/L: Oxygen, SBE 43 [ml/l], WS = 5
# name 16 = sbeox1ML/L: Oxygen, SBE 43, 2 [ml/l], WS = 5
# name 17 = potemp090C: Potential Temperature [ITS-90, deg C]
# name 18 = potemp190C: Potential Temperature, 2 [ITS-90, deg C]
# name 19 = sal00: Salinity, Practical [PSU]
# name 20 = sal11: Salinity, Practical, 2 [PSU]
# name 21 = sigma-é00: Density [sigma-theta, kg/m^3]
# name 22 = sigma-é11: Density, 2 [sigma-theta, kg/m^3]
# name 23 = avgsvCM: Average Sound Velocity [Chen-Millero, m/s], minP = 20, minS = 20
# name 24 = sbox0Mm/Kg: Oxygen, SBE 43 [umol/kg], WS = 5
# name 25 = sbox1Mm/Kg: Oxygen, SBE 43, 2 [umol/kg], WS = 5
# name 26 = nbin: number of scans per bin
# name 27 = flag: flag
# span 0 =       5895,      62283       
# span 1 =    245.587,   2595.075       
# span 2 =      2.980,   1937.179       
# span 3 =      3.000,   1959.000       
# span 4 =     4.3110,    29.4582       
# span 5 =     4.3114,    29.4594       
# span 6 =   3.352080,   5.961132       
# span 7 =   3.352039,   5.961462       
# span 8 =     1.5726,     3.3705       
# span 9 =     1.2795,     2.8885       
# span 10 =      10.02,     100.95      
# span 11 =   25.97330,   26.06186      
# span 12 =  -95.12881,  -94.80807      
# span 13 =   -0.02674,    0.04224      
# span 14 =   -0.02648,    0.03911      
# span 15 =     2.4347,     5.0590      
# span 16 =     2.4577,     5.0692      
# span 17 =     4.1430,    29.4511      
# span 18 =     4.1438,    29.4523      
# span 19 =    34.9101,    36.5704      
# span 20 =    34.9095,    36.5719      
# span 21 =    22.5600,    27.7505      
# span 22 =    22.5594,    27.7495      
# span 23 =       0.00,    1547.43      
# span 24 =    105.867,    220.629      
# span 25 =    106.864,    221.083      
# span 26 =         30,         66      
# span 27 = 0.0000e+00, 0.0000e+00      
# interval = decibars: 1                
# start_time = Oct 03 2021 11:22:54 [NMEA time, header]
# bad_flag = -9.990e-29
*END*
[from data line 311]
      53589   2232.828   1697.855   1716.000     4.3197     4.3203   3.356390   3.356365     1.9174     1.5995      98.73   26.05984  -95.12129   -0.00028   -0.00002     4.6237     4.6602     4.1754     4.1760    34.9695    34.9686    27.7434    27.7426    1498.58    200.921    202.506         32 0.0000e+00
      53690   2237.042   1701.796   1720.000     4.3197     4.3203   3.356491   3.356451     1.9169     1.5984     100.00   26.05918  -95.11886   -0.00012   -0.00021     4.6242     4.6583     4.1750     4.1756    34.9687    34.9677    27.7428    27.7420    1498.53    200.944    202.422         31 0.0000e+00
      53725   2238.506   1702.782   1721.000     4.3196     4.3200   3.356583   3.356529     1.9169     1.5981     100.00   26.05966  -95.12062   -0.00008   -0.00026     4.6247     4.6576     4.1748     4.1752    34.9695    34.9685    27.7434    27.7426    1498.56    200.964    202.395         36 0.0000e+00
      53856   2243.957   1707.709   1726.000     4.3189     4.3195   3.356719   3.356691     1.9166     1.5971     100.00   26.05965  -95.12057   -0.00008   -0.00023     4.6267     4.6565     4.1736     4.1742    34.9694    34.9685    27.7435    27.7427    1498.55    201.050    202.348         37 0.0000e+00
      55257   2302.324   1758.942   1778.000     4.3207     4.3213   3.359055   3.359012     1.9084     1.5898      86.42   26.05980  -95.12111   -0.00006   -0.00011     4.6257     4.6567     4.1704     4.1710    34.9699    34.9688    27.7443    27.7433    1498.52    201.005    202.353         30 0.0000e+00
      55360   2306.624   1762.883   1782.000     4.3211     4.3217   3.359206   3.359167     1.9077     1.5896     100.00   26.05941  -95.11971   -0.00018   -0.00005     4.6256     4.6583     4.1704     4.1710    34.9693    34.9683    27.7438    27.7429    1498.49    201.003    202.422         30 0.0000e+00
      55391   2307.920   1763.868   1783.000     4.3211     4.3218   3.359280   3.359247     1.9077     1.5893     100.00   26.05966  -95.12062   -0.00016   -0.00009     4.6260     4.6577     4.1703     4.1709    34.9698    34.9687    27.7441    27.7432    1498.50    201.022    202.399         30 0.0000e+00
      55495   2312.250   1767.809   1787.000     4.3212     4.3218   3.359429   3.359392     1.9069     1.5884     100.00   26.05943  -95.11979   -0.00019   -0.00015     4.6252     4.6562     4.1700     4.1706    34.9694    34.9684    27.7439    27.7430    1498.49    200.985    202.334         30 0.0000e+00
      56277   2344.852   1796.375   1816.000     4.3188     4.3195   3.360463   3.360425     1.9026     1.5845     100.00   26.05984  -95.12138   -0.00025   -0.00017     4.6261     4.6576     4.1648     4.1655    34.9702    34.9691    27.7451    27.7441    1498.50    201.024    202.392         33 0.0000e+00
      56408   2350.281   1801.299   1821.000     4.3182     4.3189   3.360577   3.360548     1.9026     1.5849     100.00   26.05953  -95.12023    0.00005    0.00003     4.6291     4.6623     4.1637     4.1644    34.9699    34.9688    27.7449    27.7440    1498.48    201.157    202.597         31 0.0000e+00
      56544   2355.954   1806.224   1826.000     4.3187     4.3194   3.360862   3.360832     1.9022     1.5838      60.21   26.05983  -95.12132   -0.00002   -0.00021     4.6308     4.6609     4.1637     4.1644    34.9703    34.9692    27.7452    27.7443    1498.50    201.228    202.535         30 0.0000e+00
      57376   2390.607   1836.754   1857.000     4.3196     4.3202   3.362166   3.362138     1.8971     1.5799      93.73   26.05945  -95.11991   -0.00008   -0.00003     4.6291     4.6627     4.1616     4.1622    34.9698    34.9689    27.7451    27.7443    1498.47    201.154    202.615         31 0.0000e+00
      57407   2391.907   1837.739   1858.000     4.3197     4.3204   3.362247   3.362221     1.8968     1.5800     100.06   26.05966  -95.12064   -0.00017    0.00001     4.6285     4.6636     4.1616     4.1623    34.9702    34.9692    27.7454    27.7445    1498.48    201.129    202.656         30 0.0000e+00
      57540   2397.477   1842.663   1863.000     4.3201     4.3207   3.362508   3.362471     1.8962     1.5786     100.00   26.05987  -95.12139   -0.00005   -0.00020     4.6292     4.6609     4.1615     4.1621    34.9704    34.9694    27.7456    27.7447    1498.49    201.157    202.536         33 0.0000e+00
      57672   2402.979   1847.587   1868.000     4.3202     4.3209   3.362671   3.362636     1.8954     1.5774      99.50   26.05941  -95.11979   -0.00018   -0.00011     4.6291     4.6587     4.1611     4.1617    34.9698    34.9688    27.7452    27.7443    1498.48    201.156    202.441         37 0.0000e+00
      57804   2408.441   1852.510   1873.000     4.3202     4.3208   3.362861   3.362824     1.8949     1.5762      90.24   26.05924  -95.11914   -0.00006   -0.00028     4.6302     4.6568     4.1606     4.1612    34.9697    34.9687    27.7451    27.7442    1498.47    201.203    202.359         32 0.0000e+00
      57837   2409.852   1853.495   1874.000     4.3204     4.3210   3.362956   3.362923     1.8947     1.5763      93.76   26.05964  -95.12064   -0.00006   -0.00004     4.6298     4.6576     4.1607     4.1613    34.9702    34.9691    27.7455    27.7446    1498.49    201.182    202.394         32 0.0000e+00
      58156   2423.145   1865.311   1886.000     4.3214     4.3220   3.363540   3.363498     1.8927     1.5751      81.95   26.05964  -95.12062   -0.00008    0.00002     4.6290     4.6596     4.1605     4.1610    34.9702    34.9692    27.7456    27.7447    1498.49    201.150    202.481         32 0.0000e+00
      58317   2429.841   1871.219   1892.000     4.3220     4.3225   3.363826   3.363778     1.8913     1.5738      76.13   26.05952  -95.12014   -0.00025   -0.00028     4.6271     4.6576     4.1604     4.1610    34.9702    34.9690    27.7455    27.7445    1498.48    201.068    202.395         30 0.0000e+00
      58451   2435.422   1876.142   1897.000     4.3205     4.3211   3.363822   3.363784     1.8908     1.5728      71.08   26.05882  -95.11758   -0.00011   -0.00016     4.6282     4.6566     4.1585     4.1591    34.9692    34.9681    27.7450    27.7440    1498.44    201.116    202.350         31 0.0000e+00
      58502   2437.529   1877.127   1898.000     4.3205     4.3212   3.363947   3.363919     1.8908     1.5734      69.82   26.05966  -95.12064   -0.00004    0.00010     4.6287     4.6598     4.1584     4.1591    34.9702    34.9692    27.7458    27.7449    1498.49    201.136    202.488         56 0.0000e+00
      58550   2439.539   1878.111   1899.000     4.3203     4.3209   3.363975   3.363945     1.8907     1.5737      68.95   26.05966  -95.12064   -0.00005    0.00019     4.6291     4.6615     4.1581     4.1588    34.9703    34.9693    27.7459    27.7450    1498.50    201.156    202.561         38 0.0000e+00
      58590   2441.200   1879.096   1900.000     4.3202     4.3209   3.364015   3.363981     1.8904     1.5732      67.95   26.05966  -95.12064   -0.00010   -0.00000     4.6285     4.6603     4.1580     4.1586    34.9704    34.9693    27.7459    27.7451    1498.50    201.130    202.509         45 0.0000e+00
      58636   2443.139   1880.080   1901.000     4.3203     4.3209   3.364054   3.364020     1.8903     1.5731      62.34   26.05966  -95.12064   -0.00010   -0.00021     4.6286     4.6602     4.1579     4.1585    34.9703    34.9693    27.7459    27.7450    1498.50    201.133    202.507         42 0.0000e+00
      58673   2444.646   1881.065   1902.000     4.3199     4.3206   3.364063   3.364042     1.8901     1.5727      64.96   26.05966  -95.12064   -0.00011   -0.00013     4.6286     4.6593     4.1574     4.1581    34.9703    34.9694    27.7460    27.7452    1498.50    201.134    202.466         33 0.0000e+00
      58705   2446.002   1882.050   1903.000     4.3196     4.3200   3.364084   3.364027     1.8901     1.5727      64.98   26.05966  -95.12064   -0.00008   -0.00010     4.6293     4.6598     4.1570     4.1574    34.9704    34.9694    27.7461    27.7452    1498.50    201.162    202.488         33 0.0000e+00
      58740   2447.440   1883.034   1904.000     4.3189     4.3196   3.364063   3.364027     1.8900     1.5726      64.11   26.05966  -95.12064   -0.00003   -0.00009     4.6296     4.6601     4.1563     4.1569    34.9704    34.9693    27.7462    27.7452    1498.50    201.175    202.502         37 0.0000e+00
      58778   2449.036   1884.019   1905.000     4.3189     4.3196   3.364108   3.364072     1.8899     1.5726      63.12   26.05966  -95.12064   -0.00006   -0.00004     4.6298     4.6606     4.1562     4.1568    34.9705    34.9693    27.7462    27.7453    1498.50    201.185    202.522         39 0.0000e+00
      58814   2450.555   1885.003   1906.000     4.3191     4.3197   3.364165   3.364127     1.8900     1.5725      62.13   26.05966  -95.12064   -0.00003   -0.00003     4.6305     4.6610     4.1562     4.1568    34.9705    34.9694    27.7462    27.7453    1498.50    201.213    202.540         33 0.0000e+00
      58847   2451.928   1885.988   1907.000     4.3192     4.3198   3.364220   3.364184     1.8899     1.5724      61.11   26.05966  -95.12064   -0.00003   -0.00004     4.6307     4.6611     4.1563     4.1568    34.9705    34.9695    27.7462    27.7454    1498.50    201.226    202.546         34 0.0000e+00
      58884   2453.479   1886.972   1908.000     4.3194     4.3200   3.364269   3.364235     1.8897     1.5724      60.14   26.05966  -95.12064   -0.00008   -0.00004     4.6305     4.6615     4.1563     4.1570    34.9704    34.9694    27.7462    27.7453    1498.50    201.216    202.561         41 0.0000e+00
      58925   2455.155   1887.957   1909.000     4.3194     4.3200   3.364306   3.364276     1.8896     1.5722      64.34   26.05966  -95.12064   -0.00009   -0.00005     4.6308     4.6616     4.1562     4.1568    34.9704    34.9694    27.7462    27.7453    1498.50    201.229    202.565         37 0.0000e+00
      58987   2457.734   1889.926   1911.000     4.3177     4.3184   3.364252   3.364228     1.8892     1.5718      57.37   26.05971  -95.12082   -0.00009   -0.00020     4.6305     4.6609     4.1544     4.1551    34.9706    34.9696    27.7465    27.7456    1498.50    201.217    202.536         30 0.0000e+00
      59019   2459.068   1890.910   1912.000     4.3171     4.3178   3.364235   3.364200     1.8892     1.5716      56.29   26.05966  -95.12064   -0.00012   -0.00015     4.6312     4.6608     4.1537     4.1543    34.9705    34.9695    27.7465    27.7456    1498.50    201.245    202.531         35 0.0000e+00
      59058   2460.726   1891.895   1913.000     4.3171     4.3179   3.364272   3.364250     1.8891     1.5716      55.12   26.05966  -95.12064   -0.00011   -0.00007     4.6313     4.6616     4.1535     4.1543    34.9706    34.9695    27.7466    27.7456    1498.50    201.252    202.565         43 0.0000e+00
      59097   2462.352   1892.879   1914.000     4.3171     4.3177   3.364317   3.364283     1.8892     1.5716      54.19   26.05966  -95.12064   -0.00002    0.00001     4.6325     4.6622     4.1535     4.1541    34.9706    34.9695    27.7466    27.7457    1498.50    201.301    202.593         34 0.0000e+00
      59159   2464.899   1894.848   1916.000     4.3170     4.3178   3.364374   3.364345     1.8890     1.5715      52.27   26.05948  -95.11997    0.00001 3.0731e-07     4.6331     4.6629     4.1532     4.1539    34.9704    34.9693    27.7464    27.7455    1498.49    201.328    202.623         33 0.0000e+00
      59194   2466.359   1895.833   1917.000     4.3171     4.3177   3.364449   3.364401     1.8890     1.5713      51.47   26.05966  -95.12064   -0.00004   -0.00008     4.6336     4.6628     4.1532     4.1538    34.9707    34.9695    27.7467    27.7457    1498.50    201.351    202.619         37 0.0000e+00
      59229   2467.843   1896.818   1918.000     4.3172     4.3177   3.364491   3.364449     1.8890     1.5713      64.22   26.05966  -95.12064   -0.00006   -0.00013     4.6340     4.6631     4.1532     4.1537    34.9706    34.9696    27.7467    27.7458    1498.51    201.367    202.632         34 0.0000e+00
      59265   2469.317   1897.802   1919.000     4.3169     4.3175   3.364501   3.364466     1.8889     1.5712      49.63   26.05966  -95.12064   -0.00004   -0.00006     4.6344     4.6635     4.1527     4.1534    34.9706    34.9695    27.7467    27.7457    1498.51    201.383    202.647         38 0.0000e+00
      59304   2470.944   1898.786   1920.000     4.3172     4.3179   3.364577   3.364545     1.8889     1.5712      48.28   26.05966  -95.12064 -8.384e-07   -0.00002     4.6350     4.6639     4.1530     4.1537    34.9706    34.9695    27.7467    27.7457    1498.51    201.412    202.666         36 0.0000e+00
      59364   2473.452   1900.755   1922.000     4.3168     4.3175   3.364595   3.364555     1.8884     1.5709      46.61   26.05937  -95.11960   -0.00019   -0.00004     4.6342     4.6639     4.1524     4.1531    34.9703    34.9692    27.7465    27.7455    1498.49    201.374    202.666         30 0.0000e+00
      59399   2474.917   1901.740   1923.000     4.3166     4.3172   3.364639   3.364602     1.8883     1.5710      45.27   26.05966  -95.12064   -0.00017   -0.00006     4.6343     4.6648     4.1521     4.1527    34.9706    34.9696    27.7468    27.7459    1498.51    201.378    202.707         41 0.0000e+00
      59440   2476.628   1902.724   1924.000     4.3161     4.3166   3.364638   3.364599     1.8881     1.5709      44.38   26.05966  -95.12064   -0.00010   -0.00004     4.6341     4.6653     4.1515     4.1520    34.9706    34.9697    27.7468    27.7460    1498.51    201.374    202.728         36 0.0000e+00
      59502   2479.191   1904.694   1926.000     4.3160     4.3167   3.364672   3.364635     1.8877     1.5707      42.49   26.05926  -95.11916   -0.00013   -0.00005     4.6340     4.6659     4.1512     4.1519    34.9702    34.9690    27.7465    27.7455    1498.49    201.366    202.751         34 0.0000e+00
      59540   2480.802   1905.678   1927.000     4.3161     4.3167   3.364771   3.364730     1.8878     1.5703      41.36   26.05965  -95.12064   -0.00006   -0.00016     4.6350     4.6644     4.1512     4.1518    34.9707    34.9696    27.7470    27.7460    1498.51    201.409    202.690         41 0.0000e+00
      59577   2482.350   1906.662   1928.000     4.3162     4.3168   3.364816   3.364775     1.8878     1.5702      40.58   26.05964  -95.12064   -0.00001   -0.00019     4.6354     4.6647     4.1512     4.1518    34.9707    34.9696    27.7470    27.7460    1498.51    201.427    202.700         32 0.0000e+00
      59607   2483.592   1907.647   1929.000     4.3163     4.3169   3.364867   3.364826     1.8877     1.5702      39.56   26.05966  -95.12064   -0.00002   -0.00011     4.6358     4.6653     4.1512     4.1518    34.9708    34.9697    27.7470    27.7461    1498.51    201.447    202.726         30 0.0000e+00
      59639   2484.930   1908.631   1930.000     4.3163     4.3169   3.364911   3.364874     1.8878     1.5702      38.47   26.05965  -95.12064    0.00001   -0.00002     4.6367     4.6659     4.1511     4.1517    34.9708    34.9697    27.7470    27.7461    1498.51    201.483    202.752         35 0.0000e+00
      59677   2486.506   1909.616   1931.000     4.3163     4.3169   3.364943   3.364909     1.8876     1.5702      37.48   26.05964  -95.12064   -0.00003 -1.707e-07     4.6366     4.6665     4.1510     4.1516    34.9707    34.9697    27.7470    27.7461    1498.51    201.481    202.779         40 0.0000e+00
      59715   2488.091   1910.600   1932.000     4.3162     4.3169   3.364986   3.364946     1.8874     1.5701      36.48   26.05964  -95.12064   -0.00006   -0.00001     4.6364     4.6668     4.1509     4.1515    34.9708    34.9697    27.7470    27.7461    1498.51    201.471    202.792         34 0.0000e+00
