Gulf of Mexico/GOMECC-4/1db/drb2103_0881.cnv
* Sea-Bird SBE 9 Data File:
* FileName = C:\Users\scs.user.rb\CTD\GOMECC4\data\rb2103_0881.hex
* Software Version Seasave V 7.26.7.107
* Temperature SN = 4799
* Conductivity SN = 3860
* Number of Bytes Per Scan = 41
* Number of Voltage Words = 4
* Number of Scans Averaged by the Deck Unit = 1
* NMEA Latitude = 19 10.20 N
* NMEA Longitude = 093 17.93 W
* NMEA UTC (Time) = Oct 08 2021  18:58:02
* NMEA baud rate = 4800
# nquan = 28
# nvalues = 203                         
# units = specified
# name 0 = scan: Scan Count
# name 1 = timeS: Time, Elapsed [seconds]
# name 2 = depSM: Depth [salt water, m]
# name 3 = prDM: Pressure, Digiquartz [db]
# name 4 = t090C: Temperature [ITS-90, deg C]
# name 5 = t190C: Temperature, 2 [ITS-90, deg C]
# name 6 = c0S/m: Conductivity [S/m]
# name 7 = c1S/m: Conductivity, 2 [S/m]
# name 8 = sbeox0V: Oxygen raw, SBE 43 [V]
# name 9 = sbeox1V: Oxygen raw, SBE 43, 2 [V]
# name 10 = altM: Altimeter [m]
# name 11 = latitude: Latitude [deg]
# name 12 = longitude: Longitude [deg]
# name 13 = sbox0dV/dT: Oxygen, SBE 43 [dov/dt]
# name 14 = sbox1dV/dT: Oxygen, SBE 43, 2 [dov/dt]
# name 15 = sbeox0ML/L: Oxygen, SBE 43 [ml/l], WS = 5
# name 16 = sbeox1ML/L: Oxygen, SBE 43, 2 [ml/l], WS = 5
# name 17 = potemp090C: Potential Temperature [ITS-90, deg C]
# name 18 = potemp190C: Potential Temperature, 2 [ITS-90, deg C]
# name 19 = sal00: Salinity, Practical [PSU]
# name 20 = sal11: Salinity, Practical, 2 [PSU]
# name 21 = sigma-é00: Density [sigma-theta, kg/m^3]
# name 22 = sigma-é11: Density, 2 [sigma-theta, kg/m^3]
# name 23 = avgsvCM: Average Sound Velocity [Chen-Millero, m/s], minP = 20, minS = 20
# name 24 = sbox0Mm/Kg: Oxygen, SBE 43 [umol/kg], WS = 5
# name 25 = sbox1Mm/Kg: Oxygen, SBE 43, 2 [umol/kg], WS = 5
# name 26 = nbin: number of scans per bin
# name 27 = flag: flag
# span 0 =      19640,      43820       
# span 1 =    818.290,   1825.792       
# span 2 =      3.975,    717.367       
# span 3 =      4.000,    723.000       
# span 4 =     6.7176,    29.7420       
# span 5 =     6.7180,    29.7432       
# span 6 =   3.528995,   5.984409       
# span 7 =   3.528994,   5.984727       
# span 8 =     1.5581,     3.2070       
# span 9 =     1.2629,     2.7417       
# span 10 =       9.71,     101.70      
# span 11 =   19.16248,   19.17115      
# span 12 =  -93.30585,  -93.26293      
# span 13 =   -0.04026,    0.03950      
# span 14 =   -0.03981,    0.04043      
# span 15 =     2.3439,     4.8232      
# span 16 =     2.3599,     4.8317      
# span 17 =     6.6490,    29.7368      
# span 18 =     6.6494,    29.7380      
# span 19 =    34.9352,    36.5121      
# span 20 =    34.9349,    36.5134      
# span 21 =    22.1847,    27.4180      
# span 22 =    22.1852,    27.4176      
# span 23 =       0.00,    1546.64      
# span 24 =    101.924,    210.267      
# span 25 =    102.621,    210.660      
# span 26 =         30,         65      
# span 27 = 0.0000e+00, 0.0000e+00      
# interval = decibars: 1                
# start_time = Oct 08 2021 18:58:02 [NMEA time, header]
# bad_flag = -9.990e-29
*END*
[from data line 104]
      24675   1028.078    114.271    115.000    19.4312    19.4328   4.919611   4.919934     1.8583     1.5296      99.98   19.16652  -93.28258   -0.00015   -0.00034     2.4744     2.4908    19.4103    19.4119    36.4984    36.4997    26.0601    26.0607    1533.80    107.700    108.414         31 0.0000e+00
      24713   1029.678    115.265    116.000    19.4186    19.4201   4.918779   4.919081     1.8576     1.5291     100.00   19.16972  -93.29816   -0.00040   -0.00051     2.4737     2.4905    19.3975    19.3990    36.5043    36.5055    26.0684    26.0690    1533.97    107.667    108.399         38 0.0000e+00
      24749   1031.183    116.258    117.000    19.3799    19.3828   4.914582   4.915018     1.8560     1.5274     100.00   19.16972  -93.29816   -0.00087   -0.00069     2.4724     2.4885    19.3585    19.3615    36.5028    36.5039    26.0775    26.0775    1533.88    107.612    108.313         31 0.0000e+00
      24796   1033.110    118.245    119.000    19.3095    19.3128   4.905842   4.906263     1.8532     1.5263      99.96   19.16248  -93.26293   -0.00090   -0.00059     2.4709     2.4901    19.2879    19.2911    36.4860    36.4870    26.0818    26.0817    1533.12    107.543    108.381         31 0.0000e+00
      24841   1034.999    119.238    120.000    19.2531    19.2563   4.900694   4.901153     1.8535     1.5263      94.00   19.16972  -93.29816   -0.00079   -0.00026     2.4744     2.4930    19.2313    19.2346    36.4968    36.4977    26.1060    26.1058    1533.61    107.694    108.503         40 0.0000e+00
      24876   1036.460    120.232    121.000    19.2176    19.2194   4.896833   4.897113     1.8545     1.5269      87.45   19.16972  -93.29816   -0.00017   -0.00018     2.4785     2.4963    19.1956    19.1975    36.4952    36.4959    26.1140    26.1141    1533.52    107.873    108.648         30 0.0000e+00
      24926   1038.559    122.218    123.000    19.1526    19.1561   4.889241   4.889715     1.8530     1.5261      91.91   19.16619  -93.28096    0.00006    0.00029     2.4793     2.4981    19.1303    19.1339    36.4857    36.4865    26.1230    26.1227    1533.06    107.905    108.724         31 0.0000e+00
      24965   1040.181    123.212    124.000    19.0795    19.0853   4.881624   4.882355     1.8520     1.5236      99.89   19.16972  -93.29816   -0.00066   -0.00086     2.4810     2.4959    19.0571    19.0630    36.4879    36.4889    26.1442    26.1435    1533.26    107.979    108.627         38 0.0000e+00
      25002   1041.690    124.205    125.000    19.0055    19.0103   4.873226   4.873861     1.8521     1.5238      99.75   19.16971  -93.29816   -0.00068   -0.00119     2.4853     2.5003    18.9830    18.9879    36.4820    36.4831    26.1588    26.1584    1533.18    108.165    108.816         32 0.0000e+00
      25058   1044.038    126.192    127.000    18.8807    18.8850   4.858815   4.859369     1.8493     1.5193      99.99   19.16849  -93.29228   -0.00050   -0.00100     2.4862     2.4962    18.8579    18.8623    36.4691    36.4700    26.1809    26.1804    1532.91    108.199    108.637         30 0.0000e+00
      25092   1045.478    127.185    128.000    18.8297    18.8324   4.853243   4.853662     1.8481     1.5192     100.00   19.16970  -93.29816   -0.00116   -0.00147     2.4866     2.4988    18.8069    18.8095    36.4674    36.4686    26.1928    26.1931    1532.92    108.215    108.750         36 0.0000e+00
      25127   1046.911    128.178    129.000    18.7642    18.7684   4.845809   4.846351     1.8466     1.5198      94.73   19.16970  -93.29816   -0.00113   -0.00052     2.4869     2.5038    18.7412    18.7454    36.4621    36.4629    26.2055    26.2051    1532.83    108.230    108.963         32 0.0000e+00
      25187   1049.435    130.165    131.000    18.6019    18.6055   4.827173   4.827662     1.8455     1.5186     100.00   19.17042  -93.30168   -0.00055   -0.00009     2.4934     2.5093    18.5787    18.5823    36.4474    36.4484    26.2358    26.2356    1532.71    108.508    109.199         32 0.0000e+00
      25219   1050.766    131.158    132.000    18.5704    18.5728   4.823482   4.823862     1.8422     1.5150     100.00   19.16970  -93.29815   -0.00101   -0.00114     2.4880     2.5025    18.5470    18.5494    36.4431    36.4442    26.2405    26.2407    1532.57    108.272    108.905         33 0.0000e+00
      25251   1052.072    132.152    133.000    18.5424    18.5436   4.820346   4.820558     1.8407     1.5132     100.00   19.16970  -93.29814   -0.00175   -0.00184     2.4865     2.5000    18.5189    18.5201    36.4409    36.4417    26.2458    26.2462    1532.48    108.207    108.796         30 0.0000e+00
      25282   1053.380    133.145    134.000    18.4610    18.4687   4.811009   4.811944     1.8391     1.5130     100.00   19.16970  -93.29814   -0.00154   -0.00147     2.4876     2.5035    18.4374    18.4450    36.4332    36.4344    26.2606    26.2596    1532.40    108.252    108.946         34 0.0000e+00
      25316   1054.781    134.138    135.000    18.4060    18.4095   4.804659   4.805139     1.8389     1.5138     100.00   19.16970  -93.29814   -0.00085   -0.00025     2.4902     2.5086    18.3823    18.3857    36.4276    36.4286    26.2702    26.2701    1532.31    108.363    109.167         32 0.0000e+00
      25373   1057.174    136.124    137.000    18.3059    18.3078   4.793129   4.793472     1.8381     1.5103      99.99   19.16871  -93.29324   -0.00036   -0.00102     2.4944     2.5058    18.2819    18.2838    36.4167    36.4179    26.2870    26.2874    1532.06    108.545    109.042         30 0.0000e+00
      25408   1058.617    137.118    138.000    18.2788    18.2828   4.790220   4.790756     1.8395     1.5135     100.00   19.16972  -93.29814    0.00011   -0.00026     2.4992     2.5153    18.2547    18.2586    36.4162    36.4173    26.2936    26.2934    1532.06    108.754    109.454         37 0.0000e+00
      25442   1060.060    138.111    139.000    18.2213    18.2231   4.783617   4.783927     1.8403     1.5147     100.00   19.16972  -93.29814    0.00071    0.00135     2.5041     2.5213    18.1970    18.1988    36.4105    36.4115    26.3037    26.3040    1531.97    108.968    109.716         31 0.0000e+00
      25500   1062.455    140.098    141.000    18.1689    18.1711   4.777472   4.777820     1.8410     1.5139      99.99   19.16853  -93.29233    0.00034    0.00017     2.5093     2.5228    18.1443    18.1465    36.4030    36.4041    26.3110    26.3112    1531.70    109.191    109.779         32 0.0000e+00
      25535   1063.931    141.091    142.000    18.1331    18.1380   4.773540   4.774144     1.8413     1.5150     100.00   19.16972  -93.29812    0.00028   -0.00011     2.5120     2.5273    18.1084    18.1133    36.4015    36.4024    26.3190    26.3184    1531.72    109.308    109.974         34 0.0000e+00
      25567   1065.259    142.084    143.000    18.0653    18.0678   4.765667   4.766071     1.8402     1.5143     100.00   19.16972  -93.29812   -0.00002    0.00004     2.5134     2.5294    18.0405    18.0430    36.3940    36.3952    26.3302    26.3305    1531.64    109.370    110.064         31 0.0000e+00
      25599   1066.589    143.078    144.000    18.0522    18.0528   4.764174   4.764371     1.8404     1.5133     100.00   19.16972  -93.29812   -0.00031   -0.00033     2.5150     2.5280    18.0272    18.0278    36.3925    36.3937    26.3323    26.3331    1531.55    109.440    110.004         33 0.0000e+00
      25631   1067.908    144.071    145.000    18.0443    18.0457   4.763319   4.763591     1.8410     1.5153     100.00   19.16972  -93.29812   -0.00001   -0.00015     2.5169     2.5336    18.0192    18.0206    36.3918    36.3928    26.3338    26.3342    1531.48    109.523    110.246         30 0.0000e+00
      25691   1070.430    146.057    147.000    17.9668    17.9672   4.753634   4.754156     1.8391     1.5142     100.00   19.16922  -93.29567   -0.00037    0.00026     2.5172     2.5351    17.9414    17.9421    36.3810    36.3816    26.3448    26.3454    1531.28    109.533    110.311         35 0.0000e+00
      25727   1071.920    147.051    148.000    17.8038    17.8103   4.735134   4.735926     1.8331     1.5084     100.00   19.16972  -93.29812   -0.00171   -0.00147     2.5133     2.5300    17.7784    17.7849    36.3626    36.3637    26.3711    26.3703    1531.23    109.360    110.085         34 0.0000e+00
      25786   1074.379    149.037    150.000    17.6947    17.6982   4.722246   4.722709     1.8291     1.5042      99.99   19.16867  -93.29303   -0.00248   -0.00268     2.5104     2.5256    17.6690    17.6725    36.3476    36.3484    26.3863    26.3862    1530.99    109.233    109.895         30 0.0000e+00
      25820   1075.781    150.030    151.000    17.6368    17.6414   4.715627   4.716192     1.8272     1.5034      99.53   19.16972  -93.29812   -0.00149   -0.00129     2.5097     2.5267    17.6110    17.6156    36.3423    36.3431    26.3967    26.3962    1530.99    109.201    109.941         35 0.0000e+00
      25855   1077.247    151.023    152.000    17.5349    17.5437   4.703676   4.704708     1.8256     1.5015      94.65   19.16972  -93.29812   -0.00123   -0.00078     2.5118     2.5275    17.5090    17.5179    36.3297    36.3307    26.4120    26.4106    1530.91    109.290    109.972         34 0.0000e+00
      25887   1078.575    152.016    153.000    17.4537    17.4557   4.694153   4.694472     1.8239     1.4998     100.05   19.16972  -93.29812   -0.00130   -0.00121     2.5126     2.5279    17.4278    17.4298    36.3194    36.3203    26.4239    26.4242    1530.82    109.323    109.990         30 0.0000e+00
      25945   1080.997    154.003    155.000    17.3645    17.3668   4.683678   4.684015     1.8231     1.4997     100.00   19.16892  -93.29421   -0.00062   -0.00029     2.5162     2.5329    17.3384    17.3406    36.3071    36.3080    26.4362    26.4363    1530.59    109.481    110.206         31 0.0000e+00
      25979   1082.437    154.996    156.000    17.3479    17.3495   4.681943   4.682211     1.8230     1.4994     100.00   19.16971  -93.29810   -0.00024   -0.00021     2.5172     2.5335    17.3216    17.3232    36.3069    36.3079    26.4402    26.4406    1530.58    109.523    110.233         37 0.0000e+00
      26016   1083.962    155.989    157.000    17.3185    17.3249   4.678636   4.679114     1.8226     1.4993     100.00   19.16970  -93.29810   -0.00018   -0.00029     2.5179     2.5349    17.2920    17.2994    36.3033    36.3046    26.4447    26.4447    1530.50    109.552    110.294         34 0.0000e+00
      26104   1087.625    158.969    160.000    17.2563    17.2590   4.670949   4.671333     1.8197     1.4957      74.93   19.16675  -93.28376   -0.00066   -0.00075     2.5159     2.5303    17.2294    17.2321    36.2902    36.2910    26.4493    26.4493    1530.02    109.466    110.092         41 0.0000e+00
      26146   1089.382    159.962    161.000    17.1705    17.1742   4.661356   4.661825     1.8178     1.4937     100.79   19.16970  -93.29810   -0.00093   -0.00114     2.5165     2.5299    17.1435    17.1472    36.2849    36.2857    26.4664    26.4661    1530.18    109.492    110.073         33 0.0000e+00
      26198   1091.527    161.948    163.000    17.1193    17.1221   4.654658   4.654992     1.8154     1.4918      99.98   19.16541  -93.27723   -0.00112   -0.00086     2.5145     2.5286    17.0921    17.0948    36.2696    36.2704    26.4665    26.4664    1529.68    109.402    110.016         30 0.0000e+00
      26237   1093.159    162.941    164.000    17.0790    17.0805   4.650623   4.650911     1.8143     1.4909      85.01   19.16970  -93.29810   -0.00088   -0.00090     2.5145     2.5285    17.0516    17.0531    36.2722    36.2733    26.4788    26.4793    1529.94    109.398    110.011         37 0.0000e+00
      26273   1094.670    163.935    165.000    17.0648    17.0671   4.648994   4.649342     1.8144     1.4921      84.28   19.16970  -93.29810   -0.00066   -0.00048     2.5156     2.5326    17.0373    17.0396    36.2702    36.2712    26.4807    26.4809    1529.86    109.450    110.187         34 0.0000e+00
      26362   1098.379    166.914    168.000    16.9471    16.9509   4.634809   4.635299     1.8117     1.4918      59.56   19.16722  -93.28603   -0.00063    0.00001     2.5171     2.5391    16.9192    16.9230    36.2494    36.2502    26.4927    26.4924    1529.44    109.511    110.468         38 0.0000e+00
      26402   1100.046    167.907    169.000    16.8344    16.8375   4.621993   4.622217     1.8107     1.4895      95.83   19.16970  -93.29810   -0.00063   -0.00039     2.5205     2.5382    16.8065    16.8096    36.2380    36.2385    26.5111    26.5108    1529.57    109.660    110.426         34 0.0000e+00
      26493   1103.813    170.887    172.000    16.7498    16.7515   4.611671   4.611954     1.8076     1.4855      84.65   19.16754  -93.28757   -0.00076   -0.00095     2.5197     2.5347    16.7215    16.7232    36.2225    36.2235    26.5192    26.5196    1529.15    109.620    110.275         40 0.0000e+00
      26533   1105.493    171.880    173.000    16.7409    16.7417   4.610994   4.611176     1.8071     1.4857      65.22   19.16970  -93.29810   -0.00048   -0.00064     2.5192     2.5360    16.7125    16.7133    36.2254    36.2263    26.5239    26.5243    1529.24    109.600    110.331         32 0.0000e+00
      26583   1107.571    173.866    175.000    16.7072    16.7092   4.606535   4.606826     1.8052     1.4836      99.98   19.16515  -93.27596   -0.00050   -0.00023     2.5176     2.5336    16.6784    16.6804    36.2133    36.2141    26.5220    26.5221    1528.74    109.531    110.228         31 0.0000e+00
      26625   1109.343    174.859    176.000    16.6918    16.6932   4.605340   4.605576     1.8041     1.4830     100.00   19.16969  -93.29810   -0.00077   -0.00081     2.5159     2.5327    16.6629    16.6642    36.2188    36.2196    26.5305    26.5308    1529.03    109.458    110.185         41 0.0000e+00
      26713   1113.017    177.838    179.000    16.5710    16.5723   4.590700   4.590943     1.8009     1.4815      99.98   19.16603  -93.28030   -0.00065   -0.00020     2.5160     2.5361    16.5417    16.5430    36.1959    36.1967    26.5411    26.5414    1528.51    109.458    110.335         36 0.0000e+00
      26755   1114.758    178.831    180.000    16.5522    16.5542   4.588920   4.589211     1.8002     1.4810     100.00   19.16968  -93.29809   -0.00070   -0.00044     2.5157     2.5363    16.5228    16.5248    36.1983    36.1991    26.5479    26.5480    1528.73    109.444    110.341         36 0.0000e+00
      26787   1116.097    179.825    181.000    16.5341    16.5353   4.586850   4.587061     1.7996     1.4798     100.00   19.16968  -93.29808   -0.00074   -0.00062     2.5158     2.5346    16.5045    16.5057    36.1961    36.1969    26.5504    26.5508    1528.66    109.448    110.267         30 0.0000e+00
      26817   1117.336    180.818    182.000    16.5251    16.5265   4.585845   4.586061     1.7982     1.4789     100.00   19.16968  -93.29810   -0.00060   -0.00063     2.5133     2.5330    16.4954    16.4968    36.1949    36.1956    26.5517    26.5519    1528.59    109.339    110.199         30 0.0000e+00
      26848   1118.632    181.811    183.000    16.5012    16.5041   4.583046   4.583435     1.7976     1.4776     100.00   19.16968  -93.29809   -0.00071   -0.00089     2.5136     2.5311    16.4714    16.4743    36.1913    36.1922    26.5546    26.5546    1528.52    109.352    110.115         32 0.0000e+00
      26881   1120.004    182.804    184.000    16.4499    16.4526   4.577130   4.577480     1.7965     1.4772     100.00   19.16968  -93.29809   -0.00072   -0.00073     2.5141     2.5332    16.4200    16.4226    36.1850    36.1857    26.5618    26.5617    1528.45    109.376    110.205         34 0.0000e+00
