Gulf of Mexico/GOMECC-4/1db/drb2103_0401.cnv
* Sea-Bird SBE 9 Data File:
* FileName = C:\Users\scs.user.rb\CTD\GOMECC4\data\rb2103_0401.hex
* Software Version Seasave V 7.26.7.107
* Temperature SN = 4799
* Conductivity SN = 3860
* Number of Bytes Per Scan = 41
* Number of Voltage Words = 4
* Number of Scans Averaged by the Deck Unit = 1
* NMEA Latitude = 27 54.62 N
* NMEA Longitude = 090 00.08 W
* NMEA UTC (Time) = Sep 25 2021  23:21:03
* NMEA baud rate = 4800
# nquan = 28
# nvalues = 234                         
# units = specified
# name 0 = scan: Scan Count
# name 1 = timeS: Time, Elapsed [seconds]
# name 2 = depSM: Depth [salt water, m]
# name 3 = prDM: Pressure, Digiquartz [db]
# name 4 = t090C: Temperature [ITS-90, deg C]
# name 5 = t190C: Temperature, 2 [ITS-90, deg C]
# name 6 = c0S/m: Conductivity [S/m]
# name 7 = c1S/m: Conductivity, 2 [S/m]
# name 8 = sbeox0V: Oxygen raw, SBE 43 [V]
# name 9 = sbeox1V: Oxygen raw, SBE 43, 2 [V]
# name 10 = altM: Altimeter [m]
# name 11 = latitude: Latitude [deg]
# name 12 = longitude: Longitude [deg]
# name 13 = sbox0dV/dT: Oxygen, SBE 43 [dov/dt]
# name 14 = sbox1dV/dT: Oxygen, SBE 43, 2 [dov/dt]
# name 15 = sbeox0ML/L: Oxygen, SBE 43 [ml/l], WS = 5
# name 16 = sbeox1ML/L: Oxygen, SBE 43, 2 [ml/l], WS = 5
# name 17 = potemp090C: Potential Temperature [ITS-90, deg C]
# name 18 = potemp190C: Potential Temperature, 2 [ITS-90, deg C]
# name 19 = sal00: Salinity, Practical [PSU]
# name 20 = sal11: Salinity, Practical, 2 [PSU]
# name 21 = sigma-é00: Density [sigma-theta, kg/m^3]
# name 22 = sigma-é11: Density, 2 [sigma-theta, kg/m^3]
# name 23 = avgsvCM: Average Sound Velocity [Chen-Millero, m/s], minP = 20, minS = 20
# name 24 = sbox0Mm/Kg: Oxygen, SBE 43 [umol/kg], WS = 5
# name 25 = sbox1Mm/Kg: Oxygen, SBE 43, 2 [umol/kg], WS = 5
# name 26 = nbin: number of scans per bin
# name 27 = flag: flag
# span 0 =      14517,      36328       
# span 1 =    604.854,   1513.626       
# span 2 =      2.980,    671.417       
# span 3 =      3.000,    677.000       
# span 4 =     6.7142,    28.5349       
# span 5 =     6.7137,    28.5482       
# span 6 =   3.524577,   5.862052       
# span 7 =   3.525005,   5.862265       
# span 8 =     1.6022,     3.1526       
# span 9 =     1.3082,     2.6847       
# span 10 =      10.38,     102.88      
# span 11 =   27.76109,   27.93294      
# span 12 =  -90.07279,  -89.51868      
# span 13 =   -0.02528,    0.03287      
# span 14 =   -0.02475,    0.03223      
# span 15 =     2.5864,     4.5242      
# span 16 =     2.6195,     4.5313      
# span 17 =     6.6501,    28.5328      
# span 18 =     6.6496,    28.5461      
# span 19 =    34.9107,    36.7350      
# span 20 =    34.9099,    36.7363      
# span 21 =    23.0358,    27.4068      
# span 22 =    23.0359,    27.4061      
# span 23 =       0.00,    1544.16      
# span 24 =    112.454,    197.357      
# span 25 =    113.901,    197.667      
# span 26 =         30,         64      
# span 27 = 0.0000e+00, 0.0000e+00      
# interval = decibars: 1                
# start_time = Sep 25 2021 23:21:03 [NMEA time, header]
# bad_flag = -9.990e-29
*END*
      14517    604.854      2.980      3.000    28.5007    28.5032   5.855221   5.855382     3.1348     2.6646      13.62   27.91094  -90.00190    0.00051    0.00049     4.3804     4.3845    28.5000    28.5025    36.2472    36.2479    23.1678    23.1676       0.00    191.197    191.378         30 0.0000e+00
      14742    614.218      3.973      4.000    28.5135    28.5128   5.856365   5.856072     3.1337     2.6661     102.88   27.91095  -90.00191    0.00040   -0.00036     4.3790     4.3879    28.5125    28.5118    36.2432    36.2453    23.1607    23.1625       0.00    191.138    191.529         35 0.0000e+00
      15033    626.349      4.967      5.000    28.5194    28.5181   5.856717   5.856678     3.1332     2.6648      99.81   27.91096  -90.00192   -0.00083    0.00016     4.3774     4.3852    28.5182    28.5169    36.2443    36.2450    23.1596    23.1606       0.00    191.071    191.410         50 0.0000e+00
      15085    628.486      5.960      6.000    28.5177    28.5188   5.856532   5.856772     3.1336     2.6658     100.01   27.91096  -90.00192   -0.00016   -0.00100     4.3788     4.3876    28.5162    28.5174    36.2440    36.2448    23.1600    23.1602       0.00    191.131    191.515         44 0.0000e+00
      15283    636.732      8.940      9.000    28.5349    28.5482   5.862052   5.862265     3.1362     2.6686      92.60   27.93294  -90.07279    0.00079   -0.00006     4.3816     4.3937    28.5328    28.5461    36.2574    36.2733    23.1665    23.1764       0.00    191.253    191.780         37 0.0000e+00
      15276    636.446     10.927     11.000    28.3698    28.3708   5.826168   5.826348     3.1156     2.6521      85.03   27.76109  -89.51868   -0.00085   -0.00012     4.3553     4.3675    28.3672    28.3682    36.0514    36.0519    23.0358    23.0359       0.00    190.103    190.639         33 0.0000e+00
      15418    642.380     11.920     12.000    28.5243    28.5256   5.857693   5.857958     3.1317     2.6676      65.03   27.91096  -90.00194   -0.00060    0.00007     4.3780     4.3940    28.5214    28.5227    36.2453    36.2461    23.1593    23.1595       0.00    191.094    191.793         44 0.0000e+00
      15469    644.497     12.913     13.000    28.5233    28.5246   5.857665   5.857916     3.1343     2.6654      99.95   27.91096  -90.00194    0.00120    0.00015     4.3833     4.3899    28.5202    28.5215    36.2455    36.2463    23.1598    23.1600       0.00    191.327    191.617         35 0.0000e+00
      15506    646.043     13.907     14.000    28.5252    28.5266   5.857953   5.858099     3.1337     2.6638      76.89   27.91096  -90.00194    0.00060   -0.00060     4.3824     4.3869    28.5218    28.5233    36.2457    36.2457    23.1594    23.1590       0.00    191.289    191.482         42 0.0000e+00
      15560    648.311     14.900     15.000    28.5284    28.5293   5.858135   5.858345     3.1341     2.6615      78.92   27.91096  -90.00194    0.00005   -0.00145     4.3835     4.3829    28.5248    28.5257    36.2443    36.2450    23.1574    23.1576       0.00    191.338    191.309         64 0.0000e+00
      15614    650.552     15.893     16.000    28.5281    28.5295   5.858110   5.858403     3.1311     2.6612     100.50   27.91096  -90.00194   -0.00078    0.00010     4.3787     4.3828    28.5243    28.5257    36.2440    36.2450    23.1573    23.1576       0.00    191.126    191.307         41 0.0000e+00
      15653    652.174     16.886     17.000    28.5256    28.5268   5.858082   5.858301     3.1317     2.6612     100.00   27.91096  -90.00194   -0.00078   -0.00032     4.3805     4.3835    28.5215    28.5227    36.2455    36.2461    23.1594    23.1594       0.00    191.204    191.335         42 0.0000e+00
      15703    654.254     17.880     18.000    28.5249    28.5261   5.858085   5.858368     3.1326     2.6626      90.26   27.91096  -90.00194    0.00031   -0.00010     4.3827     4.3868    28.5206    28.5218    36.2457    36.2468    23.1598    23.1602       0.00    191.300    191.480         57 0.0000e+00
      15758    656.561     18.873     19.000    28.5240    28.5257   5.857884   5.858128     3.1315     2.6661      99.38   27.91097  -90.00194   -0.00006    0.00219     4.3811     4.3946    28.5194    28.5212    36.2447    36.2451    23.1595    23.1592       0.00    191.233    191.821         48 0.0000e+00
      15800    658.274     19.866     20.000    28.5249    28.5258   5.858340   5.858357     3.1309     2.6621      99.99   27.91098  -90.00194   -0.00055   -0.00020     4.3805     4.3871    28.5201    28.5210    36.2469    36.2463    23.1609    23.1602     783.98    191.206    191.491         39 0.0000e+00
      15846    660.203     20.859     21.000    28.5264    28.5280   5.859081   5.859543     3.1300     2.6609     100.00   27.91098  -90.00194   -0.00039   -0.00166     4.3792     4.3847    28.5214    28.5230    36.2506    36.2526    23.1633    23.1642    1510.69    191.146    191.387         57 0.0000e+00
      15906    662.700     21.853     22.000    28.5255    28.5269   5.858762   5.859057     3.1311     2.6622      68.08   27.91098  -90.00194    0.00005    0.00061     4.3819     4.3880    28.5203    28.5216    36.2487    36.2498    23.1622    23.1626    1544.13    191.266    191.532         50 0.0000e+00
      15945    664.327     22.846     23.000    28.5248    28.5263   5.859649   5.859905     3.1309     2.6639      99.69   27.91098  -90.00194    0.00045    0.00070     4.3820     4.3919    28.5193    28.5208    36.2552    36.2559    23.1674    23.1674    1544.13    191.267    191.703         37 0.0000e+00
      15989    666.164     23.839     24.000    28.5205    28.5203   5.860401   5.860738     3.1282     2.6594      99.99   27.91098  -90.00194   -0.00084   -0.00048     4.3779     4.3836    28.5148    28.5146    36.2628    36.2659    23.1747    23.1771    1544.13    191.089    191.336         55 0.0000e+00
      16047    668.600     24.832     25.000    28.5159    28.5177   5.860723   5.860928     3.1295     2.6622     100.00   27.91098  -90.00194    0.00005   -0.00072     4.3808     4.3897    28.5099    28.5117    36.2689    36.2689    23.1809    23.1803    1544.14    191.215    191.604         54 0.0000e+00
      16092    670.455     25.825     26.000    28.5095    28.5108   5.860440   5.860712     3.1277     2.6579     100.00   27.91098  -90.00194    0.00001    0.00079     4.3785     4.3821    28.5033    28.5045    36.2715    36.2725    23.1850    23.1853    1544.14    191.111    191.269         35 0.0000e+00
      16134    672.195     26.819     27.000    28.5084    28.5099   5.860373   5.860650     3.1260     2.6595      95.76   27.91098  -90.00194   -0.00105   -0.00096     4.3759     4.3859    28.5019    28.5034    36.2716    36.2724    23.1855    23.1856    1544.14    191.001    191.435         50 0.0000e+00
      16194    674.711     27.812     28.000    28.5089    28.5105   5.860485   5.860754     3.1248     2.6575      98.99   27.91099  -90.00194   -0.00056   -0.00013     4.3742     4.3824    28.5023    28.5038    36.2716    36.2724    23.1854    23.1855    1544.15    190.923    191.282         60 0.0000e+00
      16239    676.575     28.805     29.000    28.5034    28.5048   5.860054   5.860322     3.1253     2.6587      99.99   27.91100  -90.00194   -0.00020   -0.00050     4.3761     4.3856    28.4965    28.4979    36.2726    36.2734    23.1881    23.1882    1544.15    191.006    191.423         37 0.0000e+00
      16284    678.457     29.798     30.000    28.4972    28.4989   5.859492   5.859807     3.1271     2.6599      76.01   27.91100  -90.00194    0.00054    0.00068     4.3803     4.3891    28.4900    28.4918    36.2731    36.2740    23.1906    23.1907    1544.16    191.191    191.575         57 0.0000e+00
      16340    680.787     30.792     31.000    28.4512    28.4547   5.854475   5.854964     3.1267     2.6577     100.66   27.91100  -90.00194    0.00071   -0.00020     4.3837     4.3883    28.4438    28.4473    36.2730    36.2737    23.2058    23.2052    1544.16    191.336    191.536         48 0.0000e+00
      16385    682.664     31.785     32.000    28.1486    28.1574   5.827247   5.828237     3.1260     2.6633     100.00   27.91100  -90.00194   -0.00078    0.00024     4.4039     4.4187    28.1410    28.1498    36.3141    36.3143    23.3368    23.3341    1544.15    192.196    192.842         46 0.0000e+00
      16435    684.769     32.778     33.000    27.9678    27.9740   5.811796   5.812532     3.1445     2.6784     100.00   27.91100  -90.00194    0.00407    0.00556     4.4534     4.4648    27.9600    27.9662    36.3444    36.3448    23.4191    23.4174    1544.12    194.337    194.837         52 0.0000e+00
      16484    686.788     33.771     34.000    27.5177    27.5392   5.774475   5.776516     3.1458     2.6840     100.00   27.91100  -90.00194    0.00609    0.00492     4.4898     4.5072    27.5098    27.5312    36.4288    36.4267    23.6297    23.6211    1544.09    195.886    196.647         46 0.0000e+00
      16533    688.827     34.764     35.000    27.3240    27.3276   5.757796   5.758332     3.1526     2.6847      99.45   27.91100  -90.00194    0.00083    0.00168     4.5177     4.5241    27.3158    27.3195    36.4608    36.4618    23.7168    23.7163    1544.03    197.086    197.367         53 0.0000e+00
      16584    690.951     35.758     36.000    27.1419    27.1433   5.741267   5.741310     3.1472     2.6813      98.90   27.91100  -90.00196    0.00231   -0.00086     4.5242     4.5313    27.1381    27.1350    36.4813    36.4825    23.7896    23.7909    1543.97    197.357    197.667         46 0.0000e+00
      16628    692.794     36.751     37.000    26.8798    26.8888   5.713595   5.714754     3.1308     2.6701      99.98   27.91100  -90.00196   -0.00655   -0.00325     4.5132     4.5276    26.8714    26.8803    36.4915    36.4928    23.8829    23.8810    1543.90    196.859    197.485         47 0.0000e+00
      16681    694.983     37.744     38.000    26.6744    26.6800   5.692162   5.692969     3.1120     2.6531     100.00   27.91100  -90.00196   -0.00930   -0.00753     4.4948     4.5087    26.6657    26.6714    36.4986    36.5000    23.9540    23.9532    1543.81    196.041    196.650         56 0.0000e+00
      16729    697.012     38.737     39.000    26.4880    26.4929   5.673146   5.673835     3.1000     2.6472      99.89   27.91100  -90.00196   -0.00695   -0.00520     4.4882     4.5101    26.4773    26.4841    36.5094    36.5106    24.0221    24.0215    1543.72    195.741    196.694         41 0.0000e+00
      16772    698.799     39.730     40.000    26.4233    26.4269   5.667285   5.667814     3.1005     2.6452      99.99   27.91102  -90.00196   -0.00314   -0.00220     4.4942     4.5118    26.4141    26.4178    36.5164    36.5174    24.0474    24.0470    1543.63    195.996    196.767         50 0.0000e+00
      16830    701.195     40.723     41.000    26.3144    26.3172   5.662583   5.662822     3.0910     2.6368      84.90   27.91102  -90.00196   -0.00115   -0.00142     4.4843     4.5018    26.3051    26.3079    36.5683    36.5678    24.1211    24.1198    1543.54    195.551    196.316         54 0.0000e+00
      16873    702.986     41.717     42.000    26.2651    26.2678   5.660813   5.661270     3.0529     2.5969      87.53   27.91102  -90.00196   -0.01158   -0.01166     4.4159     4.4219    26.2556    26.2583    36.5943    36.5955    24.1563    24.1564    1543.45    192.564    192.824         38 0.0000e+00
      16917    704.833     42.710     43.000    26.2029    26.2092   5.654350   5.655011     3.0332     2.5793      99.09   27.91102  -90.00196   -0.01626   -0.01607     4.3827     4.3894    26.1887    26.1998    36.6000    36.6005    24.1817    24.1804    1543.36    191.109    191.401         58 0.0000e+00
      16982    707.531     43.703     44.000    26.1621    26.1627   5.652286   5.652560     3.0160     2.5714     100.00   27.91102  -90.00196   -0.00575   -0.00342     4.3550     4.3767    26.1529    26.1527    36.6130    36.6145    24.2029    24.2037    1543.28    189.896    190.843         49 0.0000e+00
      17061    710.820     45.689     46.000    25.8605    25.8677   5.622441   5.623423     2.9861     2.5427     100.02   27.91685  -90.02077   -0.00953   -0.00829     4.3223     4.3388    25.8502    25.8574    36.6380    36.6394    24.3176    24.3164    1543.43    188.453    189.172         44 0.0000e+00
      17126    713.560     46.682     47.000    25.7467    25.7462   5.609372   5.609472     2.9874     2.5424     100.00   27.91102  -90.00196   -0.00041   -0.00167     4.3340     4.3476    25.7362    25.7357    36.6304    36.6316    24.3466    24.3476    1543.02    188.954    189.549         47 0.0000e+00
      17163    715.088     47.676     48.000    25.6801    25.6835   5.601866   5.602509     2.9867     2.5429     100.00   27.91102  -90.00196    0.00064    0.00171     4.3386     4.3538    25.6695    25.6728    36.6282    36.6303    24.3657    24.3662    1542.92    189.151    189.816         35 0.0000e+00
      17209    716.997     48.669     49.000    25.5743    25.5794   5.590011   5.590769     2.9861     2.5444     100.00   27.91102  -90.00196   -0.00037    0.00062     4.3462     4.3653    25.5634    25.5686    36.6256    36.6270    24.3966    24.3961    1542.83    189.480    190.312         59 0.0000e+00
      17267    719.430     49.662     50.000    25.3794    25.3864   5.567472   5.568495     2.9861     2.5495     100.00   27.91102  -90.00196    0.00009    0.00180     4.3625     4.3912    25.3683    25.3754    36.6155    36.6174    24.4494    24.4486    1542.74    190.181    191.429         49 0.0000e+00
      17310    721.189     50.655     51.000    25.1272    25.1327   5.540447   5.541199     2.9830     2.5474     100.00   27.91102  -90.00196   -0.00067    0.00105     4.3769     4.4056    25.1155    25.1216    36.6143    36.6155    24.5264    24.5257    1542.64    190.795    192.046         35 0.0000e+00
      17356    723.139     51.648     52.000    24.9904    24.9943   5.526831   5.527365     2.9728     2.5343     100.00   27.91102  -90.00196   -0.00308   -0.00358     4.3685     4.3890    24.9790    24.9829    36.6270    36.6279    24.5779    24.5773    1542.53    190.419    191.311         54 0.0000e+00
      17410    725.371     52.641     53.000    24.8918    24.8948   5.518917   5.519348     2.9480     2.5093      99.67   27.91102  -90.00196   -0.00832   -0.00888     4.3283     4.3429    24.8803    24.8833    36.6477    36.6485    24.6237    24.6234    1542.42    188.655    189.291         48 0.0000e+00
      17457    727.333     53.634     54.000    24.7398    24.7465   5.504307   5.505220     2.9120     2.4754     100.00   27.91103  -90.00196   -0.01441   -0.01420     4.2703     4.2811    24.7281    24.7349    36.6616    36.6629    24.6805    24.6795    1542.32    186.120    186.590         50 0.0000e+00
      17508    729.453     54.627     55.000    24.5771    24.5838   5.485558   5.486549     2.8606     2.4293     100.00   27.91103  -90.00196   -0.02214   -0.02001     4.1833     4.1943    24.5652    24.5720    36.6530    36.6550    24.7235    24.7229    1542.20    182.317    182.798         50 0.0000e+00
      17553    731.323     55.620     56.000    24.3536    24.3594   5.458234   5.459113     2.8204     2.3936     100.00   27.91102  -90.00196   -0.02353   -0.02106     4.1228     4.1343    24.3417    24.3474    36.6292    36.6312    24.7730    24.7727    1542.09    179.672    180.174         40 0.0000e+00
      17599    733.238     56.613     57.000    24.1661    24.1719   5.435282   5.436145     2.7971     2.3745     100.00   27.91103  -90.00196   -0.01719   -0.01493     4.0921     4.1071    24.1540    24.1598    36.6087    36.6105    24.8138    24.8134    1541.97    178.327    178.981         58 0.0000e+00
