Gulf of Mexico/GOMECC-4/1db/drb2103_0931.cnv
* Sea-Bird SBE 9 Data File:
* FileName = C:\Users\scs.user.rb\CTD\GOMECC4\data\rb2103_0931.hex
* Software Version Seasave V 7.26.7.107
* Temperature SN = 4799
* Conductivity SN = 3860
* Number of Bytes Per Scan = 41
* Number of Voltage Words = 4
* Number of Scans Averaged by the Deck Unit = 1
* NMEA Latitude = 21 10.01 N
* NMEA Longitude = 090 46.10 W
* NMEA UTC (Time) = Oct 10 2021  15:16:22
* NMEA baud rate = 4800
# nquan = 28
# nvalues = 8                           
# units = specified
# name 0 = scan: Scan Count
# name 1 = timeS: Time, Elapsed [seconds]
# name 2 = depSM: Depth [salt water, m]
# name 3 = prDM: Pressure, Digiquartz [db]
# name 4 = t090C: Temperature [ITS-90, deg C]
# name 5 = t190C: Temperature, 2 [ITS-90, deg C]
# name 6 = c0S/m: Conductivity [S/m]
# name 7 = c1S/m: Conductivity, 2 [S/m]
# name 8 = sbeox0V: Oxygen raw, SBE 43 [V]
# name 9 = sbeox1V: Oxygen raw, SBE 43, 2 [V]
# name 10 = altM: Altimeter [m]
# name 11 = latitude: Latitude [deg]
# name 12 = longitude: Longitude [deg]
# name 13 = sbox0dV/dT: Oxygen, SBE 43 [dov/dt]
# name 14 = sbox1dV/dT: Oxygen, SBE 43, 2 [dov/dt]
# name 15 = sbeox0ML/L: Oxygen, SBE 43 [ml/l], WS = 5
# name 16 = sbeox1ML/L: Oxygen, SBE 43, 2 [ml/l], WS = 5
# name 17 = potemp090C: Potential Temperature [ITS-90, deg C]
# name 18 = potemp190C: Potential Temperature, 2 [ITS-90, deg C]
# name 19 = sal00: Salinity, Practical [PSU]
# name 20 = sal11: Salinity, Practical, 2 [PSU]
# name 21 = sigma-é00: Density [sigma-theta, kg/m^3]
# name 22 = sigma-é11: Density, 2 [sigma-theta, kg/m^3]
# name 23 = avgsvCM: Average Sound Velocity [Chen-Millero, m/s], minP = 20, minS = 20
# name 24 = sbox0Mm/Kg: Oxygen, SBE 43 [umol/kg], WS = 5
# name 25 = sbox1Mm/Kg: Oxygen, SBE 43, 2 [umol/kg], WS = 5
# name 26 = nbin: number of scans per bin
# name 27 = flag: flag
# span 0 =       8536,       8957       
# span 1 =    355.642,    373.168       
# span 2 =      3.975,     10.932       
# span 3 =      4.000,     11.000       
# span 4 =    29.3660,    29.4086       
# span 5 =    29.3676,    29.4121       
# span 6 =   6.000217,   6.002306       
# span 7 =   5.999299,   6.000677       
# span 8 =     2.5340,     2.7737       
# span 9 =     2.0811,     2.3092       
# span 10 =      12.30,      18.75      
# span 11 =   21.16648,   21.16648      
# span 12 =  -90.76706,  -90.76706      
# span 13 =   -0.04236,    0.05238      
# span 14 =   -0.05217,    0.02801      
# span 15 =     3.2352,     3.6619      
# span 16 =     3.1598,     3.6156      
# span 17 =    29.3633,    29.4077      
# span 18 =    29.3649,    29.4111      
# span 19 =    36.5708,    36.5987      
# span 20 =    36.5543,    36.5890      
# span 21 =    23.1064,    23.1412      
# span 22 =    23.0938,    23.1338      
# span 23 =       0.00,       0.00      
# span 24 =    141.219,    159.846      
# span 25 =    137.928,    157.827      
# span 26 =         51,         70      
# span 27 = 0.0000e+00, 0.0000e+00      
# interval = decibars: 1                
# start_time = Oct 10 2021 15:16:22 [NMEA time, header]
# bad_flag = -9.990e-29
*END*
       8536    355.642      3.975      4.000    29.4086    29.4121   6.001656   6.000677     2.7737     2.3092      18.75   21.16648  -90.76706    0.00264    0.01344     3.6619     3.6156    29.4077    29.4111    36.5708    36.5617    23.1064    23.0984       0.00    159.846    157.827         70 0.0000e+00
       8601    358.314      4.969      5.000    29.4018    29.4096   6.000897   5.999429     2.7193     2.2220      17.95   21.16648  -90.76706   -0.01033   -0.02423     3.5682     3.4371    29.4005    29.4083    36.5715    36.5543    23.1094    23.0938       0.00    155.757    150.034         64 0.0000e+00
       8660    360.808      5.963      6.000    29.3844    29.3855   6.000238   5.999337     2.6071     2.0887      17.01   21.16648  -90.76706   -0.04236   -0.05217     3.3654     3.1745    29.3829    29.3840    36.5787    36.5717    23.1208    23.1152       0.00    146.902    138.571         56 0.0000e+00
       8718    363.193      6.957      7.000    29.3886    29.3906   6.000217   5.999439     2.5340     2.0811      16.07   21.16648  -90.76706   -0.03742   -0.02228     3.2352     3.1598    29.3869    29.3888    36.5751    36.5682    23.1167    23.1109       0.00    141.219    137.928         58 0.0000e+00
       8778    365.718      7.950      8.000    29.4005    29.3944   6.001374   6.000076     2.5897     2.1760      15.11   21.16648  -90.76706   -0.00242    0.02801     3.3344     3.3479    29.3985    29.3924    36.5737    36.5694    23.1117    23.1106       0.00    145.550    146.138         63 0.0000e+00
       8836    368.145      8.944      9.000    29.3882    29.3891   6.002306   6.000566     2.7124     2.2223      14.20   21.16648  -90.76706    0.05238    0.02609     3.5541     3.4401    29.3860    29.3869    36.5892    36.5765    23.1276    23.1178       0.00    155.137    150.163         55 0.0000e+00
       8897    370.658      9.938     10.000    29.3694    29.3696   6.001660   6.000255     2.6707     2.2164      13.19   21.16648  -90.76706    0.00267    0.00491     3.4811     3.4297    29.3670    29.3671    36.5987    36.5890    23.1412    23.1338       0.00    151.950    149.708         66 0.0000e+00
       8957    373.168     10.932     11.000    29.3660    29.3676   6.000827   5.999299     2.6066     2.2205      12.30   21.16648  -90.76706   -0.03111   -0.00529     3.3673     3.4385    29.3633    29.3649    36.5953    36.5836    23.1399    23.1305       0.00    146.982    150.091         51 0.0000e+00
