Gulf of Mexico/GOMECC-4/1db/drb2103_0661.cnv
* Sea-Bird SBE 9 Data File:
* FileName = C:\Users\scs.user.rb\CTD\GOMECC4\data\rb2103_0661.hex
* Software Version Seasave V 7.26.7.107
* Temperature SN = 4799
* Conductivity SN = 3860
* Number of Bytes Per Scan = 41
* Number of Voltage Words = 4
* Number of Scans Averaged by the Deck Unit = 1
* NMEA Latitude = 26 03.55 N
* NMEA Longitude = 096 04.91 W
* NMEA UTC (Time) = Oct 02 2021  23:29:35
* NMEA baud rate = 4800
# nquan = 28
# nvalues = 190                         
# units = specified
# name 0 = scan: Scan Count
# name 1 = timeS: Time, Elapsed [seconds]
# name 2 = depSM: Depth [salt water, m]
# name 3 = prDM: Pressure, Digiquartz [db]
# name 4 = t090C: Temperature [ITS-90, deg C]
# name 5 = t190C: Temperature, 2 [ITS-90, deg C]
# name 6 = c0S/m: Conductivity [S/m]
# name 7 = c1S/m: Conductivity, 2 [S/m]
# name 8 = sbeox0V: Oxygen raw, SBE 43 [V]
# name 9 = sbeox1V: Oxygen raw, SBE 43, 2 [V]
# name 10 = altM: Altimeter [m]
# name 11 = latitude: Latitude [deg]
# name 12 = longitude: Longitude [deg]
# name 13 = sbox0dV/dT: Oxygen, SBE 43 [dov/dt]
# name 14 = sbox1dV/dT: Oxygen, SBE 43, 2 [dov/dt]
# name 15 = sbeox0ML/L: Oxygen, SBE 43 [ml/l], WS = 5
# name 16 = sbeox1ML/L: Oxygen, SBE 43, 2 [ml/l], WS = 5
# name 17 = potemp090C: Potential Temperature [ITS-90, deg C]
# name 18 = potemp190C: Potential Temperature, 2 [ITS-90, deg C]
# name 19 = sal00: Salinity, Practical [PSU]
# name 20 = sal11: Salinity, Practical, 2 [PSU]
# name 21 = sigma-é00: Density [sigma-theta, kg/m^3]
# name 22 = sigma-é11: Density, 2 [sigma-theta, kg/m^3]
# name 23 = avgsvCM: Average Sound Velocity [Chen-Millero, m/s], minP = 20, minS = 20
# name 24 = sbox0Mm/Kg: Oxygen, SBE 43 [umol/kg], WS = 5
# name 25 = sbox1Mm/Kg: Oxygen, SBE 43, 2 [umol/kg], WS = 5
# name 26 = nbin: number of scans per bin
# name 27 = flag: flag
# span 0 =      23633,      49682       
# span 1 =    984.674,   2070.057       
# span 2 =      3.974,    851.648       
# span 3 =      4.000,    859.000       
# span 4 =     5.7500,    29.3575       
# span 5 =     5.7501,    29.3649       
# span 6 =   3.444741,   5.858777       
# span 7 =   3.444808,   5.858745       
# span 8 =     1.5993,     3.3874       
# span 9 =     1.3040,     2.9033       
# span 10 =      10.57,     100.48      
# span 11 =   26.05486,   26.06493      
# span 12 =  -96.10157,  -96.06392      
# span 13 =   -0.04010,    0.02123      
# span 14 =   -0.03748,    0.01872      
# span 15 =     2.5065,     5.0995      
# span 16 =     2.5267,     5.1110      
# span 17 =     5.6739,    29.3565      
# span 18 =     5.6740,    29.3640      
# span 19 =    34.9096,    36.4470      
# span 20 =    34.9093,    36.4485      
# span 21 =    22.2095,    27.5331      
# span 22 =    22.2080,    27.5329      
# span 23 =       0.00,    1544.72      
# span 24 =    109.077,    222.384      
# span 25 =    109.956,    222.888      
# span 26 =         30,         67      
# span 27 = 0.0000e+00, 0.0000e+00      
# interval = decibars: 1                
# start_time = Oct 02 2021 23:29:35 [NMEA time, header]
# bad_flag = -9.990e-29
*END*
[from data line 52]
      26977   1123.986     55.628     56.000    22.9337    22.9387   5.253801   5.254665     3.1102     2.6647      91.67   26.05962  -96.08154   -0.00956   -0.00948     4.8285     4.8514    22.9223    22.9272    36.2308    36.2335    24.8900    24.8905    1541.75    210.405    211.401         39 0.0000e+00
      27023   1125.927     56.621     57.000    22.8571    22.8588   5.245892   5.246391     3.0919     2.6496      99.57   26.05962  -96.08154   -0.01230   -0.01016     4.7990     4.8251    22.8454    22.8472    36.2324    36.2349    24.9134    24.9147    1541.57    209.113    210.249         59 0.0000e+00
      27089   1128.647     57.614     58.000    22.8006    22.8040   5.239988   5.240666     3.0787     2.6362      95.60   26.05962  -96.08154   -0.00555   -0.00537     4.7781     4.8007    22.7888    22.7922    36.2333    36.2356    24.9304    24.9311    1541.39    208.200    209.185         52 0.0000e+00
      27132   1130.456     58.608     59.000    22.6980    22.7019   5.228971   5.229714     3.0698     2.6274      85.76   26.05962  -96.08154   -0.00431   -0.00432     4.7697     4.7900    22.6860    22.6899    36.2317    36.2343    24.9588    24.9596    1541.21    207.827    208.710         44 0.0000e+00
      27184   1132.623     59.601     60.000    22.5703    22.5736   5.214764   5.215383     3.0629     2.6244      99.58   26.05962  -96.08154   -0.00451   -0.00355     4.7680     4.7948    22.5582    22.5615    36.2264    36.2285    24.9914    24.9921    1541.04    207.746    208.913         62 0.0000e+00
      27244   1135.116     60.594     61.000    22.4803    22.4822   5.207028   5.207385     3.0494     2.6101      61.97   26.05962  -96.08154   -0.00308   -0.00235     4.7488     4.7708    22.4680    22.4699    36.2404    36.2416    25.0278    25.0282    1540.86    206.904    207.860         50 0.0000e+00
      27289   1136.989     61.587     62.000    22.3894    22.3941   5.199731   5.200533     3.0090     2.5686      98.69   26.05962  -96.08154   -0.01251   -0.01341     4.6744     4.6848    22.3781    22.3818    36.2575    36.2599    25.0665    25.0670    1540.69    203.655    204.107         48 0.0000e+00
      27345   1139.343     62.581     63.000    22.1846    22.1926   5.177274   5.178403     2.9598     2.5275     100.00   26.05962  -96.08154   -0.02363   -0.02160     4.5927     4.6097    22.1720    22.1800    36.2525    36.2547    25.1213    25.1207    1540.52    200.081    200.823         57 0.0000e+00
      27395   1141.425     63.574     64.000    21.9940    21.9976   5.157553   5.158224     2.9301     2.5031     100.00   26.05962  -96.08154   -0.01515   -0.01244     4.5484     4.5704    21.9813    21.9849    36.2560    36.2582    25.1778    25.1785    1540.35    198.144    199.103         49 0.0000e+00
      27452   1143.808     64.567     65.000    21.9352    21.9363   5.151355   5.151748     2.8976     2.4711     100.00   26.05962  -96.08154   -0.01528   -0.01421     4.4873     4.5040    21.9224    21.9234    36.2558    36.2580    25.1943    25.1957    1540.18    195.477    196.207         60 0.0000e+00
      27503   1145.897     65.560     66.000    21.8762    21.8784   5.146045   5.146541     2.8843     2.4641     100.00   26.05962  -96.08154   -0.00798   -0.00551     4.4653     4.4928    21.8631    21.8654    36.2624    36.2643    25.2160    25.2167    1540.01    194.518    195.713         40 0.0000e+00
      27552   1147.969     66.553     67.000    21.7793    21.7817   5.136574   5.137081     2.8454     2.4226     100.00   26.05962  -96.08154   -0.01243   -0.01188     4.3935     4.4068    21.7661    21.7685    36.2688    36.2709    25.2480    25.2489    1539.84    191.381    191.963         60 0.0000e+00
      27611   1150.402     67.546     68.000    21.7189    21.7213   5.130318   5.130814     2.8120     2.3940     100.00   26.05962  -96.08154   -0.01732   -0.01596     4.3301     4.3470    21.7055    21.7079    36.2696    36.2716    25.2656    25.2664    1539.67    188.616    189.353         53 0.0000e+00
      27660   1152.474     68.539     69.000    21.6115    21.6162   5.118566   5.119310     2.7983     2.3827      82.80   26.05962  -96.08154   -0.00900   -0.00720     4.3111     4.3300    21.5980    21.6026    36.2661    36.2682    25.2929    25.2932    1539.51    187.784    188.610         49 0.0000e+00
      27714   1154.696     69.533     70.000    21.5127    21.5153   5.108123   5.108625     2.7880     2.3757     100.07   26.05962  -96.08154   -0.00535   -0.00425     4.2984     4.3226    21.4990    21.5016    36.2658    36.2677    25.3203    25.3210    1539.35    187.227    188.278         56 0.0000e+00
      27766   1156.893     70.526     71.000    21.4558    21.4575   5.102541   5.102973     2.7742     2.3648     100.00   26.05962  -96.08154   -0.00522   -0.00369     4.2750     4.3027    21.4419    21.4437    36.2689    36.2709    25.3385    25.3395    1539.19    186.205    187.408         49 0.0000e+00
      27819   1159.088     71.519     72.000    21.3900    21.3923   5.095558   5.096018     2.7550     2.3472      79.52   26.05962  -96.08154   -0.00812   -0.00687     4.2408     4.2681    21.3760    21.3783    36.2683    36.2701    25.3563    25.3570    1539.03    184.712    185.900         57 0.0000e+00
      27874   1161.365     72.512     73.000    21.2983    21.3016   5.085987   5.086544     2.7451     2.3370     100.48   26.05962  -96.08154   -0.00604   -0.00567     4.2283     4.2519    21.2841    21.2874    36.2689    36.2705    25.3821    25.3825    1538.87    184.162    185.189         50 0.0000e+00
      27921   1163.353     73.505     74.000    21.2214    21.2240   5.078480   5.078972     2.7222     2.3124     100.00   26.05962  -96.08154   -0.00682   -0.00828     4.1858     4.2005    21.2059    21.2098    36.2744    36.2761    25.4079    25.4085    1538.72    182.307    182.946         49 0.0000e+00
      27970   1165.388     74.499     75.000    21.1681    21.1697   5.074009   5.074397     2.6946     2.2889     100.00   26.05962  -96.08154   -0.01303   -0.01244     4.1339     4.1522    21.1536    21.1552    36.2823    36.2840    25.4283    25.4292    1538.56    180.040    180.837         46 0.0000e+00
      28010   1167.057     75.492     76.000    21.1010    21.1042   5.067028   5.067590     2.6693     2.2645     100.00   26.05962  -96.08154   -0.01467   -0.01274     4.0867     4.1012    21.0863    21.0895    36.2828    36.2846    25.4472    25.4477    1538.42    177.983    178.616         33 0.0000e+00
      28041   1168.320     76.485     77.000    21.0116    21.0146   5.057943   5.058498     2.6544     2.2519     100.00   26.05962  -96.08154   -0.01449   -0.01326     4.0629     4.0794    20.9968    20.9998    36.2851    36.2871    25.4735    25.4742    1538.27    176.944    177.659         30 0.0000e+00
      28073   1169.670     77.478     78.000    20.8868    20.8880   5.046156   5.046476     2.6312     2.2285     100.00   26.05962  -96.08154   -0.01351   -0.01274     4.0241     4.0348    20.8719    20.8730    36.2958    36.2975    25.5158    25.5168    1538.12    175.245    175.712         36 0.0000e+00
      28110   1171.216     78.471     79.000    20.8697    20.8701   5.045013   5.045349     2.5852     2.1836     100.00   26.05962  -96.08154   -0.01946   -0.01870     3.9291     3.9325    20.8546    20.8549    36.3008    36.3032    25.5243    25.5261    1537.97    171.104    171.254         37 0.0000e+00
      28145   1172.654     79.464     80.000    20.8720    20.8731   5.045752   5.046116     2.5574     2.1602     100.00   26.05962  -96.08154   -0.02487   -0.02382     3.8706     3.8784    20.8567    20.8578    36.3045    36.3065    25.5266    25.5278    1537.82    168.556    168.900         32 0.0000e+00
      28176   1173.945     80.457     81.000    20.8755    20.8755   5.046440   5.046615     2.5349     2.1424     100.00   26.05962  -96.08154   -0.02245   -0.01985     3.8234     3.8375    20.8600    20.8600    36.3067    36.3081    25.5274    25.5284    1537.69    166.502    167.118         31 0.0000e+00
      28209   1175.328     81.450     82.000    20.8748    20.8759   5.046415   5.046743     2.5186     2.1298     100.00   26.05962  -96.08154   -0.01725   -0.01381     3.7895     3.8086    20.8591    20.8602    36.3068    36.3085    25.5277    25.5287    1537.55    165.028    165.859         35 0.0000e+00
      28245   1176.819     82.443     83.000    20.8782    20.8785   5.047308   5.047510     2.5112     2.1236      94.04   26.05962  -96.08154   -0.01093   -0.00865     3.7741     3.7947    20.8623    20.8625    36.3107    36.3121    25.5298    25.5308    1537.42    164.357    165.250         35 0.0000e+00
      28278   1178.196     83.436     84.000    20.8785    20.8793   5.048251   5.048456     2.4988     2.1123     100.04   26.05962  -96.08154   -0.00687   -0.00593     3.7504     3.7697    20.8625    20.8632    36.3171    36.3181    25.5347    25.5352    1537.29    163.321    164.164         32 0.0000e+00
      28308   1179.468     84.430     85.000    20.8015    20.8057   5.045169   5.045571     2.4716     2.0829     100.00   26.05962  -96.08154   -0.00930   -0.00883     3.6896     3.6984    20.7852    20.7894    36.3443    36.3455    25.5764    25.5761    1537.18    160.666    161.051         30 0.0000e+00
      28339   1180.764     85.423     86.000    20.7454    20.7477   5.038342   5.038804     2.4200     2.0300      95.07   26.05962  -96.08154   -0.02071   -0.02154     3.5915     3.5865    20.7290    20.7313    36.3501    36.3519    25.5961    25.5969    1537.04    156.392    156.176         33 0.0000e+00
      28375   1182.241     86.416     87.000    20.6844    20.6859   5.032216   5.032559     2.3570     1.9724      76.86   26.05962  -96.08154   -0.03747   -0.03748     3.4629     3.4573    20.6678    20.6693    36.3526    36.3541    25.6146    25.6153    1536.92    150.792    150.548         37 0.0000e+00
      28410   1183.696     87.409     88.000    20.6608    20.6620   5.030227   5.030539     2.3154     1.9371     100.48   26.05962  -96.08154   -0.04010   -0.03648     3.3768     3.3769    20.6440    20.6453    36.3563    36.3577    25.6239    25.6246    1536.79    147.040    147.047         31 0.0000e+00
      28462   1185.856     89.395     90.000    20.5045    20.5070   5.015665   5.016071     2.2676     1.8941      99.98   26.05554  -96.06649   -0.02263   -0.01956     3.2861     3.2867    20.4875    20.4899    36.3690    36.3702    25.6754    25.6756    1536.31    143.081    143.109         31 0.0000e+00
      28502   1187.529     90.388     91.000    20.4804    20.4813   5.014655   5.014924     2.2295     1.8597     100.00   26.05962  -96.08154   -0.02271   -0.02072     3.2070     3.2082    20.4632    20.4641    36.3831    36.3846    25.6932    25.6941    1536.44    139.636    139.691         41 0.0000e+00
      28539   1189.094     91.381     92.000    20.4702    20.4712   5.015085   5.015318     2.2112     1.8492     100.00   26.05962  -96.08154   -0.02133   -0.01825     3.1689     3.1843    20.4528    20.4539    36.3951    36.3961    25.7052    25.7056    1536.32    137.977    138.647         32 0.0000e+00
      28593   1191.352     93.367     94.000    20.3920    20.3935   5.007568   5.007943     2.1742     1.8142      99.99   26.05592  -96.06791   -0.01359   -0.01172     3.0903     3.1093    20.3730    20.3775    36.3994    36.4011    25.7294    25.7303    1535.89    134.552    135.379         32 0.0000e+00
      28631   1192.904     94.360     95.000    20.3842    20.3844   5.007170   5.007371     2.1542     1.7964     100.00   26.05962  -96.08154   -0.01599   -0.01468     3.0538     3.0669    20.3662    20.3665    36.4034    36.4048    25.7348    25.7358    1535.98    132.959    133.533         35 0.0000e+00
      28664   1194.311     95.353     96.000    20.3794    20.3801   5.006689   5.006965     2.1463     1.7894     100.00   26.05962  -96.08154   -0.01232   -0.01075     3.0377     3.0512    20.3613    20.3620    36.4032    36.4049    25.7360    25.7371    1535.87    132.258    132.850         33 0.0000e+00
      28698   1195.693     96.346     97.000    20.3687    20.3703   5.005600   5.005919     2.1421     1.7873     100.00   26.05962  -96.08154   -0.00637   -0.00531     3.0298     3.0473    20.3504    20.3520    36.4029    36.4043    25.7387    25.7393    1535.77    131.916    132.675         33 0.0000e+00
      28730   1197.031     97.339     98.000    20.3666    20.3665   5.006698   5.006721     2.1386     1.7836     100.00   26.05962  -96.08154   -0.00342   -0.00236     3.0225     3.0389    20.3482    20.3480    36.4135    36.4138    25.7474    25.7477    1535.67    131.597    132.310         31 0.0000e+00
      28760   1198.291     98.332     99.000    20.3749    20.3768   5.009844   5.010206     2.1295     1.7749     100.00   26.05962  -96.08154   -0.00349   -0.00309     3.0027     3.0181    20.3562    20.3581    36.4318    36.4331    25.7592    25.7597    1535.56    130.734    131.405         30 0.0000e+00
      28792   1199.632     99.325    100.000    20.2626    20.2656   4.997863   4.998386     2.1128     1.7603     100.00   26.05962  -96.08154   -0.00701   -0.00669     2.9757     2.9928    20.2439    20.2468    36.4277    36.4293    25.7862    25.7866    1535.48    129.553    130.301         34 0.0000e+00
      28826   1201.034    100.318    101.000    20.1709    20.1731   4.987304   4.987746     2.1102     1.7618     100.00   26.05962  -96.08154   -0.00889   -0.00708     2.9744     2.9995    20.1520    20.1541    36.4224    36.4242    25.8067    25.8075    1535.36    129.493    130.589         33 0.0000e+00
      28858   1202.369    101.311    102.000    20.0342    20.0357   4.972470   4.972857     2.1146     1.7642     100.00   26.05964  -96.08154   -0.00334   -0.00169     2.9923     3.0133    20.0152    20.0167    36.4183    36.4203    25.8401    25.8411    1535.26    130.268    131.185         31 0.0000e+00
      28890   1203.716    102.304    103.000    19.9799    19.9818   4.968524   4.968936     2.1150     1.7628     100.00   26.05962  -96.08154    0.00195    0.00185     2.9986     3.0161    19.9607    19.9627    36.4326    36.4343    25.8654    25.8662    1535.17    130.542    131.301         33 0.0000e+00
      28922   1205.046    103.297    104.000    19.8078    19.8125   4.948108   4.948843     2.1018     1.7504      92.07   26.05962  -96.08154   -0.00173   -0.00317     2.9749     2.9911    19.7861    19.7934    36.4150    36.4171    25.8982    25.8986    1535.07    129.504    130.210         31 0.0000e+00
      28954   1206.382    104.290    105.000    19.7551    19.7565   4.944166   4.944467     2.0972     1.7478      87.92   26.05963  -96.08154   -0.00589   -0.00558     2.9724     2.9911    19.7357    19.7372    36.4257    36.4269    25.9197    25.9202    1534.95    129.395    130.206         33 0.0000e+00
      28987   1207.744    105.283    106.000    19.7277    19.7288   4.942687   4.942987     2.0887     1.7379      99.95   26.05963  -96.08154   -0.00602   -0.00542     2.9554     2.9690    19.7082    19.7092    36.4369    36.4385    25.9355    25.9364    1534.85    128.652    129.243         33 0.0000e+00
      29020   1209.110    106.276    107.000    19.6951    19.6966   4.939670   4.940026     2.0649     1.7138     100.00   26.05964  -96.08154   -0.00916   -0.00954     2.9065     2.9143    19.6754    19.6769    36.4399    36.4416    25.9465    25.9473    1534.75    126.521    126.861         33 0.0000e+00
      29053   1210.486    107.269    108.000    19.6643    19.6656   4.936835   4.937173     2.0487     1.7004      59.57   26.05963  -96.08154   -0.01323   -0.01292     2.8736     2.8843    19.6444    19.6458    36.4429    36.4445    25.9568    25.9577    1534.64    125.090    125.555         32 0.0000e+00
