Gulf of Mexico/GOMECC-4/1db/drb2103_0251.cnv
* Sea-Bird SBE 9 Data File:
* FileName = C:\Users\scs.user.rb\CTD\GOMECC4\data\rb2103_0251.hex
* Software Version Seasave V 7.26.7.107
* Temperature SN = 4799
* Conductivity SN = 3860
* Number of Bytes Per Scan = 41
* Number of Voltage Words = 4
* Number of Scans Averaged by the Deck Unit = 1
* NMEA Latitude = 28 30.98 N
* NMEA Longitude = 086 12.21 W
* NMEA UTC (Time) = Sep 21 2021  08:11:51
* NMEA baud rate = 4800
# nquan = 28
# nvalues = 246                         
# units = specified
# name 0 = scan: Scan Count
# name 1 = timeS: Time, Elapsed [seconds]
# name 2 = depSM: Depth [salt water, m]
# name 3 = prDM: Pressure, Digiquartz [db]
# name 4 = t090C: Temperature [ITS-90, deg C]
# name 5 = t190C: Temperature, 2 [ITS-90, deg C]
# name 6 = c0S/m: Conductivity [S/m]
# name 7 = c1S/m: Conductivity, 2 [S/m]
# name 8 = sbeox0V: Oxygen raw, SBE 43 [V]
# name 9 = sbeox1V: Oxygen raw, SBE 43, 2 [V]
# name 10 = altM: Altimeter [m]
# name 11 = latitude: Latitude [deg]
# name 12 = longitude: Longitude [deg]
# name 13 = sbox0dV/dT: Oxygen, SBE 43 [dov/dt]
# name 14 = sbox1dV/dT: Oxygen, SBE 43, 2 [dov/dt]
# name 15 = sbeox0ML/L: Oxygen, SBE 43 [ml/l], WS = 5
# name 16 = sbeox1ML/L: Oxygen, SBE 43, 2 [ml/l], WS = 5
# name 17 = potemp090C: Potential Temperature [ITS-90, deg C]
# name 18 = potemp190C: Potential Temperature, 2 [ITS-90, deg C]
# name 19 = sal00: Salinity, Practical [PSU]
# name 20 = sal11: Salinity, Practical, 2 [PSU]
# name 21 = sigma-é00: Density [sigma-theta, kg/m^3]
# name 22 = sigma-é11: Density, 2 [sigma-theta, kg/m^3]
# name 23 = avgsvCM: Average Sound Velocity [Chen-Millero, m/s], minP = 20, minS = 20
# name 24 = sbox0Mm/Kg: Oxygen, SBE 43 [umol/kg], WS = 5
# name 25 = sbox1Mm/Kg: Oxygen, SBE 43, 2 [umol/kg], WS = 5
# name 26 = nbin: number of scans per bin
# name 27 = flag: flag
# span 0 =       9186,      23264       
# span 1 =    382.717,    969.304       
# span 2 =      4.966,    395.949       
# span 3 =      5.000,    399.000       
# span 4 =     9.8800,    28.8877       
# span 5 =     9.8813,    28.8906       
# span 6 =   3.833947,   5.767234       
# span 7 =   3.833940,   5.767633       
# span 8 =     1.6082,     3.1889       
# span 9 =     1.3139,     2.7217       
# span 10 =      10.22,     100.14      
# span 11 =   28.51479,   28.51668      
# span 12 =  -86.20318,  -86.19742      
# span 13 =   -0.03925,    0.02451      
# span 14 =   -0.03956,    0.02538      
# span 15 =     2.4919,     4.5466      
# span 16 =     2.5261,     4.5657      
# span 17 =     9.8334,    28.8848      
# span 18 =     9.8348,    28.8877      
# span 19 =    33.6283,    36.5361      
# span 20 =    33.6422,    36.5368      
# span 21 =    21.4351,    27.1281      
# span 22 =    21.4419,    27.1274      
# span 23 =       0.00,    1546.33      
# span 24 =    108.349,    198.490      
# span 25 =    109.837,    199.322      
# span 26 =         30,         68      
# span 27 = 0.0000e+00, 0.0000e+00      
# interval = decibars: 1                
# start_time = Sep 21 2021 08:11:51 [NMEA time, header]
# bad_flag = -9.990e-29
*END*
[from data line 208]
      21251    885.422    357.280    360.000    10.8110    10.8125   3.933663   3.933744     1.6763     1.3777      49.30   28.51666  -86.20306   -0.00103   -0.00068     2.6075     2.6464    10.7666    10.7681    35.3158    35.3152    27.0638    27.0631    1516.69    113.383    115.075         36 0.0000e+00
      21285    886.851    358.272    361.000    10.8002    10.8014   3.932505   3.932573     1.6755     1.3768      48.47   28.51666  -86.20306   -0.00089   -0.00054     2.6063     2.6445    10.7557    10.7569    35.3141    35.3136    27.0645    27.0639    1516.65    113.331    114.993         31 0.0000e+00
      21316    888.145    359.264    362.000    10.7873    10.7887   3.931120   3.931208     1.6748     1.3759      47.31   28.51666  -86.20306   -0.00064   -0.00064     2.6057     2.6433    10.7427    10.7442    35.3122    35.3117    27.0653    27.0647    1516.59    113.302    114.938         32 0.0000e+00
      21351    889.573    360.255    363.000    10.7763    10.7775   3.929954   3.930006     1.6740     1.3750      52.35   28.51666  -86.20306   -0.00055   -0.00067     2.6046     2.6414    10.7316    10.7328    35.3106    35.3101    27.0661    27.0654    1516.55    113.254    114.856         37 0.0000e+00
      21388    891.124    361.247    364.000    10.7602    10.7616   3.928097   3.928170     1.6733     1.3745      45.25   28.51666  -86.20306   -0.00052   -0.00052     2.6041     2.6414    10.7154    10.7168    35.3083    35.3077    27.0671    27.0665    1516.50    113.235    114.857         37 0.0000e+00
      21422    892.532    362.238    365.000    10.7429    10.7450   3.926414   3.926529     1.6729     1.3746      44.38   28.51666  -86.20306   -0.00047   -0.00025     2.6043     2.6431    10.6981    10.7001    35.3057    35.3052    27.0682    27.0675    1516.45    113.244    114.929         30 0.0000e+00
      21453    893.829    363.230    366.000    10.7359    10.7369   3.925624   3.925662     1.6723     1.3739      43.43   28.51666  -86.20306   -0.00040   -0.00012     2.6036     2.6420    10.6910    10.6919    35.3047    35.3042    27.0687    27.0682    1516.40    113.212    114.881         33 0.0000e+00
      21488    895.299    364.221    367.000    10.7291    10.7305   3.924912   3.924997     1.6722     1.3734      42.33   28.51666  -86.20306   -0.00025   -0.00035     2.6041     2.6412    10.6840    10.6854    35.3037    35.3032    27.0692    27.0686    1516.35    113.233    114.848         37 0.0000e+00
      21525    896.817    365.213    368.000    10.7209    10.7221   3.924056   3.924121     1.6717     1.3727      41.37   28.51666  -86.20306   -0.00021   -0.00044     2.6034     2.6398    10.6757    10.6769    35.3026    35.3021    27.0698    27.0692    1516.31    113.205    114.788         36 0.0000e+00
      21559    898.231    366.204    369.000    10.7122    10.7133   3.923149   3.923204     1.6707     1.3724      40.39   28.51666  -86.20306   -0.00040   -0.00036     2.6017     2.6400    10.6669    10.6681    35.3014    35.3009    27.0705    27.0698    1516.26    113.129    114.796         32 0.0000e+00
      21590    899.562    367.196    370.000    10.7010    10.7023   3.921946   3.922012     1.6703     1.3724      39.49   28.51666  -86.20306   -0.00051   -0.00023     2.6018     2.6409    10.6557    10.6570    35.2998    35.2991    27.0712    27.0705    1516.21    113.132    114.836         33 0.0000e+00
      21626    901.052    368.187    371.000    10.6887    10.6896   3.920640   3.920677     1.6695     1.3718      38.32   28.51666  -86.20306   -0.00040   -0.00014     2.6007     2.6402    10.6432    10.6442    35.2980    35.2974    27.0720    27.0714    1516.16    113.084    114.802         37 0.0000e+00
      21661    902.507    369.179    372.000    10.6670    10.6680   3.918281   3.918296     1.6686     1.3709      37.45   28.51666  -86.20306   -0.00052   -0.00042     2.5999     2.6393    10.6215    10.6225    35.2946    35.2938    27.0733    27.0725    1516.11    113.050    114.766         32 0.0000e+00
      21693    903.853    370.171    373.000    10.6416    10.6432   3.915544   3.915645     1.6678     1.3692      36.43   28.51666  -86.20306   -0.00065   -0.00077     2.5997     2.6362    10.5961    10.5976    35.2912    35.2907    27.0751    27.0745    1516.06    113.040    114.631         34 0.0000e+00
      21729    905.352    371.162    374.000    10.6271    10.6284   3.913965   3.914023     1.6674     1.3684      35.40   28.51666  -86.20306   -0.00051   -0.00087     2.5999     2.6351    10.5815    10.5828    35.2888    35.2881    27.0759    27.0751    1516.02    113.052    114.581         38 0.0000e+00
      21766    906.857    372.154    375.000    10.5956    10.5974   3.910537   3.910666     1.6665     1.3684      34.44   28.51666  -86.20306   -0.00039   -0.00050     2.5997     2.6375    10.5499    10.5517    35.2843    35.2838    27.0780    27.0772    1515.97    113.044    114.685         34 0.0000e+00
      21798    908.213    373.145    376.000    10.5541    10.5563   3.905970   3.906156     1.6654     1.3672      33.46   28.51666  -86.20306   -0.00058   -0.00031     2.5996     2.6364    10.5084    10.5106    35.2782    35.2776    27.0806    27.0797    1515.92    113.035    114.639         32 0.0000e+00
      21831    909.574    374.137    377.000    10.5236    10.5246   3.902704   3.902734     1.6644     1.3657      32.51   28.51666  -86.20306   -0.00072   -0.00068     2.5995     2.6348    10.4779    10.4789    35.2738    35.2732    27.0826    27.0819    1515.88    113.032    114.568         33 0.0000e+00
      21866    911.048    375.128    378.000    10.5077    10.5090   3.901002   3.901063     1.6628     1.3646      31.37   28.51666  -86.20306   -0.00084   -0.00100     2.5964     2.6327    10.4619    10.4632    35.2715    35.2709    27.0836    27.0829    1515.83    112.899    114.476         37 0.0000e+00
      21901    912.520    376.120    379.000    10.4852    10.4871   3.898564   3.898694     1.6613     1.3628      30.47   28.51666  -86.20306   -0.00102   -0.00094     2.5940     2.6290    10.4393    10.4412    35.2683    35.2677    27.0850    27.0842    1515.78    112.791    114.316         33 0.0000e+00
      21934    913.858    377.111    380.000    10.4331    10.4350   3.892970   3.893077     1.6598     1.3609      29.51   28.51666  -86.20306   -0.00108   -0.00117     2.5937     2.6269    10.3873    10.3892    35.2616    35.2608    27.0890    27.0880    1515.73    112.780    114.225         33 0.0000e+00
      21968    915.290    378.103    381.000    10.3656    10.3682   3.885687   3.885838     1.6573     1.3578      28.46   28.51666  -86.20306   -0.00124   -0.00157     2.5915     2.6222    10.3198    10.3224    35.2527    35.2517    27.0939    27.0926    1515.69    112.681    114.020         35 0.0000e+00
      22003    916.769    379.094    382.000    10.2845    10.2855   3.877011   3.877025     1.6528     1.3529      27.53   28.51666  -86.20306   -0.00194   -0.00227     2.5846     2.6134    10.2388    10.2398    35.2428    35.2419    27.1003    27.0995    1515.64    112.380    113.634         35 0.0000e+00
      22037    918.171    380.086    383.000    10.2478    10.2490   3.873001   3.873030     1.6471     1.3471      26.47   28.51666  -86.20306   -0.00308   -0.00332     2.5715     2.5984    10.2021    10.2033    35.2372    35.2363    27.1023    27.1014    1515.59    111.814    112.980         33 0.0000e+00
      22071    919.575    381.077    384.000    10.1807    10.1842   3.865699   3.865939     1.6415     1.3424      25.54   28.51666  -86.20306   -0.00387   -0.00382     2.5607     2.5885    10.1350    10.1385    35.2275    35.2266    27.1064    27.1051    1515.54    111.344    112.553         34 0.0000e+00
      22105    920.997    382.069    385.000    10.1049    10.1065   3.857594   3.857675     1.6365     1.3386      24.47   28.51666  -86.20306   -0.00393   -0.00340     2.5520     2.5824    10.0594    10.0610    35.2180    35.2173    27.1121    27.1112    1515.49    110.962    112.288         35 0.0000e+00
      22140    922.464    383.060    386.000    10.0604    10.0639   3.852759   3.853047     1.6325     1.3355      23.54   28.51666  -86.20306   -0.00339   -0.00260     2.5441     2.5760    10.0149    10.0184    35.2115    35.2110    27.1147    27.1137    1515.45    110.619    112.005         35 0.0000e+00
      22174    923.877    384.051    387.000    10.0141    10.0168   3.847811   3.848002     1.6293     1.3326      22.53   28.51666  -86.20306   -0.00275   -0.00219     2.5383     2.5706     9.9686     9.9713    35.2055    35.2048    27.1179    27.1169    1515.40    110.369    111.771         33 0.0000e+00
      22208    925.276    385.043    388.000     9.9892     9.9897   3.845192   3.845158     1.6268     1.3296      21.55   28.51666  -86.20306   -0.00224   -0.00210     2.5333     2.5634     9.9436     9.9441    35.2025    35.2017    27.1199    27.1191    1515.34    110.149    111.459         34 0.0000e+00
      22241    926.646    386.034    389.000     9.9679     9.9690   3.842955   3.842996     1.6241     1.3277      20.66   28.51666  -86.20306   -0.00195   -0.00194     2.5275     2.5593     9.9223     9.9234    35.1998    35.1993    27.1214    27.1208    1515.30    109.898    111.280         33 0.0000e+00
      22276    928.117    387.026    390.000     9.9523     9.9529   3.841313   3.841303     1.6214     1.3258      19.49   28.51667  -86.20306   -0.00188   -0.00152     2.5213     2.5550     9.9066     9.9072    35.1978    35.1971    27.1225    27.1219    1515.25    109.628    111.093         37 0.0000e+00
      22311    929.576    388.017    391.000     9.9369     9.9378   3.839740   3.839762     1.6192     1.3242      18.63   28.51668  -86.20307   -0.00179   -0.00121     2.5165     2.5515     9.8912     9.8920    35.1962    35.1956    27.1239    27.1233    1515.20    109.420    110.940         33 0.0000e+00
      22344    930.940    389.009    392.000     9.9339     9.9349   3.839467   3.839520     1.6177     1.3233      17.55   28.51668  -86.20308   -0.00146   -0.00106     2.5127     2.5490     9.8881     9.8890    35.1959    35.1955    27.1242    27.1237    1515.15    109.252    110.830         34 0.0000e+00
      22397    933.148    390.000    393.000     9.9301     9.9320   3.839201   3.839564     1.6158     1.3217      16.40   28.51668  -86.20308   -0.00102   -0.00070     2.5082     2.5448     9.8842     9.8861    35.1958    35.1953    27.1247    27.1241    1515.10    109.059    110.651         51 0.0000e+00
      22465    936.019    390.991    394.000     9.9258     9.9268   3.838750   3.838776     1.6144     1.3195      15.28   28.51668  -86.20308   -0.00057   -0.00082     2.5047     2.5386     9.8797     9.8808    35.1956    35.1951    27.1254    27.1248    1515.05    108.904    110.379         54 0.0000e+00
      22550    939.553    391.983    395.000     9.9210     9.9222   3.838321   3.838376     1.6132     1.3186      14.29   28.51668  -86.20308   -0.00035   -0.00030     2.5018     2.5364     9.8748     9.8760    35.1953    35.1947    27.1260    27.1253    1515.00    108.778    110.286         59 0.0000e+00
      22647    943.582    392.975    396.000     9.9132     9.9207   3.837508   3.838198     1.6118     1.3178      13.27   28.51668  -86.20308   -0.00034   -0.00018     2.4988     2.5345     9.8669     9.8744    35.1945    35.1942    27.1267    27.1252    1514.96    108.648    110.200         42 0.0000e+00
      23264    969.304    395.949    399.000     9.8800     9.8813   3.833947   3.833940     1.6082     1.3139      10.22   28.51584  -86.20055   -0.00016   -0.00027     2.4919     2.5261     9.8334     9.8348    35.1891    35.1884    27.1281    27.1274    1514.76    108.349    109.837         41 0.0000e+00
