Gulf of Mexico/GOMECC-4/1db/drb2103_0701.cnv
* Sea-Bird SBE 9 Data File:
* FileName = C:\Users\scs.user.rb\CTD\GOMECC4\data\rb2103_0701.hex
* Software Version Seasave V 7.26.7.107
* Temperature SN = 4799
* Conductivity SN = 3860
* Number of Bytes Per Scan = 41
* Number of Voltage Words = 4
* Number of Scans Averaged by the Deck Unit = 1
* NMEA Latitude = 26 03.47 N
* NMEA Longitude = 094 40.25 W
* NMEA UTC (Time) = Oct 03 2021  15:59:31
* NMEA baud rate = 4800
# nquan = 28
# nvalues = 373                         
# units = specified
# name 0 = scan: Scan Count
# name 1 = timeS: Time, Elapsed [seconds]
# name 2 = depSM: Depth [salt water, m]
# name 3 = prDM: Pressure, Digiquartz [db]
# name 4 = t090C: Temperature [ITS-90, deg C]
# name 5 = t190C: Temperature, 2 [ITS-90, deg C]
# name 6 = c0S/m: Conductivity [S/m]
# name 7 = c1S/m: Conductivity, 2 [S/m]
# name 8 = sbeox0V: Oxygen raw, SBE 43 [V]
# name 9 = sbeox1V: Oxygen raw, SBE 43, 2 [V]
# name 10 = altM: Altimeter [m]
# name 11 = latitude: Latitude [deg]
# name 12 = longitude: Longitude [deg]
# name 13 = sbox0dV/dT: Oxygen, SBE 43 [dov/dt]
# name 14 = sbox1dV/dT: Oxygen, SBE 43, 2 [dov/dt]
# name 15 = sbeox0ML/L: Oxygen, SBE 43 [ml/l], WS = 5
# name 16 = sbeox1ML/L: Oxygen, SBE 43, 2 [ml/l], WS = 5
# name 17 = potemp090C: Potential Temperature [ITS-90, deg C]
# name 18 = potemp190C: Potential Temperature, 2 [ITS-90, deg C]
# name 19 = sal00: Salinity, Practical [PSU]
# name 20 = sal11: Salinity, Practical, 2 [PSU]
# name 21 = sigma-é00: Density [sigma-theta, kg/m^3]
# name 22 = sigma-é11: Density, 2 [sigma-theta, kg/m^3]
# name 23 = avgsvCM: Average Sound Velocity [Chen-Millero, m/s], minP = 20, minS = 20
# name 24 = sbox0Mm/Kg: Oxygen, SBE 43 [umol/kg], WS = 5
# name 25 = sbox1Mm/Kg: Oxygen, SBE 43, 2 [umol/kg], WS = 5
# name 26 = nbin: number of scans per bin
# name 27 = flag: flag
# span 0 =      13028,      97148       
# span 1 =    542.790,   4047.796       
# span 2 =      3.974,   3013.283       
# span 3 =      4.000,   3055.000       
# span 4 =     4.2980,    29.3535       
# span 5 =     4.2987,    29.3546       
# span 6 =   3.352400,   5.946184       
# span 7 =   3.352362,   5.946452       
# span 8 =     1.5752,     3.4137       
# span 9 =     1.2802,     2.9273       
# span 10 =      11.11,     100.73      
# span 11 =   26.05321,   26.06079      
# span 12 =  -94.67969,  -94.65405      
# span 13 =   -0.03743,    0.05571      
# span 14 =   -0.03432,    0.05414      
# span 15 =     2.4105,     5.0833      
# span 16 =     2.4320,     5.0890      
# span 17 =     4.0796,    29.3469      
# span 18 =     4.0808,    29.3480      
# span 19 =    34.9113,    36.7021      
# span 20 =    34.9107,    36.7035      
# span 21 =    22.8115,    27.7609      
# span 22 =    22.8101,    27.7595      
# span 23 =       0.00,    1546.02      
# span 24 =    104.821,    221.700      
# span 25 =    105.757,    221.937      
# span 26 =         30,         87      
# span 27 = 0.0000e+00, 0.0000e+00      
# interval = decibars: 1                
# start_time = Oct 03 2021 15:59:31 [NMEA time, header]
# bad_flag = -9.990e-29
*END*
[from data line 363]
      80950   3372.864   2465.103   2496.000     4.3175     4.3185   3.387713   3.387675     1.8163     1.5017     100.00   26.05891  -94.67076   -0.00015   -0.00009     4.6842     4.7040     4.0939     4.0949    34.9740    34.9725    27.7556    27.7544    1500.27    203.548    204.407         30 0.0000e+00
      87459   3644.104   2720.243   2756.000     4.3382     4.3393   3.399648   3.399610     1.7792     1.4670     100.00   26.05911  -94.67097   -0.00011   -0.00014     4.6779     4.6962     4.0860     4.0870    34.9750    34.9735    27.7573    27.7560    1501.34    203.273    204.067         31 0.0000e+00
      90039   3751.592   2820.254   2858.000     4.3478     4.3489   3.404399   3.404354     1.7669     1.4554     100.00   26.05893  -94.67011   -0.00005   -0.00010     4.6838     4.7012     4.0841     4.0851    34.9753    34.9737    27.7577    27.7563    1501.80    203.531    204.284         30 0.0000e+00
      90070   3752.888   2821.235   2859.000     4.3480     4.3490   3.404454   3.404416     1.7667     1.4554     100.00   26.05902  -94.67042   -0.00009   -0.00003     4.6833     4.7018     4.0841     4.0852    34.9753    34.9738    27.7577    27.7564    1501.80    203.507    204.310         31 0.0000e+00
      91713   3821.314   2884.943   2924.000     4.3532     4.3543   3.407416   3.407373     1.7583     1.4470     100.00   26.05907  -94.67041   -0.00010   -0.00016     4.6845     4.6997     4.0819     4.0830    34.9759    34.9742    27.7584    27.7570    1502.12    203.557    204.219         30 0.0000e+00
      94983   3957.571   3008.385   3050.000     4.3654     4.3666   3.413197   3.413167     1.7436     1.4328      14.86   26.05831  -94.66740   -0.00006   -0.00012     4.6929     4.7052     4.0796     4.0808    34.9755    34.9739    27.7584    27.7569    1502.71    203.923    204.458         40 0.0000e+00
      95054   3960.535   3009.365   3051.000     4.3656     4.3667   3.413334   3.413299     1.7436     1.4326      14.05   26.05912  -94.67036   -0.00001   -0.00025     4.6933     4.7046     4.0797     4.0808    34.9765    34.9750    27.7591    27.7578    1502.76    203.940    204.433         39 0.0000e+00
      95174   3965.545   3010.345   3052.000     4.3657     4.3668   3.413385   3.413349     1.7431     1.4324      35.46   26.05912  -94.67036   -0.00011   -0.00004     4.6914     4.7040     4.0797     4.0808    34.9766    34.9749    27.7592    27.7578    1502.77    203.857    204.405         53 0.0000e+00
      95369   3973.665   3012.305   3054.000     4.3662     4.3673   3.413683   3.413646     1.7430     1.4322      11.11   26.06079  -94.67636   -0.00011   -0.00002     4.6918     4.7042     4.0800     4.0810    34.9787    34.9771    27.7609    27.7595    1502.88    203.874    204.416         41 0.0000e+00
      97148   4047.796   3013.283   3055.000     4.3662     4.3673   3.413532   3.413491     1.7418     1.4314      14.09   26.05917  -94.67035   -0.00002   -0.00000     4.6872     4.7008     4.0798     4.0809    34.9764    34.9748    27.7591    27.7577    1502.79    203.678    204.266         87 0.0000e+00
