Gulf of Mexico/GOMECC-4/1db/drb2103_1391.cnv
* Sea-Bird SBE 9 Data File:
* FileName = C:\Users\scs.user.rb\CTD\GOMECC4\data\rb2103_1391.hex
* Software Version Seasave V 7.26.7.107
* Temperature SN = 4799
* Conductivity SN = 3860
* Number of Bytes Per Scan = 41
* Number of Voltage Words = 4
* Number of Scans Averaged by the Deck Unit = 1
* NMEA Latitude = 25 44.68 N
* NMEA Longitude = 084 35.32 W
* NMEA UTC (Time) = Oct 20 2021  10:34:58
* NMEA baud rate = 4800
# nquan = 28
# nvalues = 243                         
# units = specified
# name 0 = scan: Scan Count
# name 1 = timeS: Time, Elapsed [seconds]
# name 2 = depSM: Depth [salt water, m]
# name 3 = prDM: Pressure, Digiquartz [db]
# name 4 = t090C: Temperature [ITS-90, deg C]
# name 5 = t190C: Temperature, 2 [ITS-90, deg C]
# name 6 = c0S/m: Conductivity [S/m]
# name 7 = c1S/m: Conductivity, 2 [S/m]
# name 8 = sbeox0V: Oxygen raw, SBE 43 [V]
# name 9 = sbeox1V: Oxygen raw, SBE 43, 2 [V]
# name 10 = altM: Altimeter [m]
# name 11 = latitude: Latitude [deg]
# name 12 = longitude: Longitude [deg]
# name 13 = sbox0dV/dT: Oxygen, SBE 43 [dov/dt]
# name 14 = sbox1dV/dT: Oxygen, SBE 43, 2 [dov/dt]
# name 15 = sbeox0ML/L: Oxygen, SBE 43 [ml/l], WS = 5
# name 16 = sbeox1ML/L: Oxygen, SBE 43, 2 [ml/l], WS = 5
# name 17 = potemp090C: Potential Temperature [ITS-90, deg C]
# name 18 = potemp190C: Potential Temperature, 2 [ITS-90, deg C]
# name 19 = sal00: Salinity, Practical [PSU]
# name 20 = sal11: Salinity, Practical, 2 [PSU]
# name 21 = sigma-é00: Density [sigma-theta, kg/m^3]
# name 22 = sigma-é11: Density, 2 [sigma-theta, kg/m^3]
# name 23 = avgsvCM: Average Sound Velocity [Chen-Millero, m/s], minP = 20, minS = 20
# name 24 = sbox0Mm/Kg: Oxygen, SBE 43 [umol/kg], WS = 5
# name 25 = sbox1Mm/Kg: Oxygen, SBE 43, 2 [umol/kg], WS = 5
# name 26 = nbin: number of scans per bin
# name 27 = flag: flag
# span 0 =       7215,      24257       
# span 1 =    300.574,   1010.667       
# span 2 =      2.980,    443.622       
# span 3 =      3.000,    447.000       
# span 4 =    10.4907,    28.6169       
# span 5 =    10.4907,    28.6192       
# span 6 =   3.901786,   5.851961       
# span 7 =   3.901757,   5.852207       
# span 8 =     1.6649,     3.1716       
# span 9 =     1.3579,     2.6836       
# span 10 =      10.34,     102.14      
# span 11 =   25.72646,   25.74632      
# span 12 =  -84.59430,  -84.52925      
# span 13 =   -0.02873,    0.02730      
# span 14 =   -0.02720,    0.02527      
# span 15 =     2.6264,     4.6875      
# span 16 =     2.6368,     4.6933      
# span 17 =    10.4364,    28.6120      
# span 18 =    10.4364,    28.6121      
# span 19 =    35.2641,    36.6114      
# span 20 =    35.2638,    36.6129      
# span 21 =    22.6944,    27.0865      
# span 22 =    22.6951,    27.0862      
# span 23 =       0.00,    1543.12      
# span 24 =    114.202,    204.317      
# span 25 =    114.654,    204.570      
# span 26 =         30,         68      
# span 27 = 0.0000e+00, 0.0000e+00      
# interval = decibars: 1                
# start_time = Oct 20 2021 10:34:58 [NMEA time, header]
# bad_flag = -9.990e-29
*END*
[from data line 104]
      12496    520.619    123.159    124.000    18.1808    18.1824   4.783777   4.784101     2.1160     1.7678      99.97   25.73808  -84.56742    0.01273    0.00968     3.1163     3.1372    18.1592    18.1609    36.4507    36.4520    26.3433    26.3438    1532.44    135.600    136.510         33 0.0000e+00
      12537    522.349    124.152    125.000    18.1029    18.1038   4.775677   4.775919     2.1313     1.7849     100.00   25.74458  -84.58878    0.00570    0.00538     3.1563     3.1846    18.0812    18.0821    36.4533    36.4545    26.3654    26.3662    1532.72    137.339    138.572         44 0.0000e+00
      12577    524.020    125.145    126.000    18.0784    18.0790   4.772752   4.772940     2.1460     1.7955     100.00   25.74458  -84.58878    0.00893    0.00888     3.1912     3.2126    18.0565    18.0571    36.4497    36.4508    26.3688    26.3695    1532.61    138.857    139.788         34 0.0000e+00
      12655    527.255    128.124    129.000    17.9823    17.9831   4.759941   4.760148     2.1419     1.7852      99.96   25.73361  -84.55274    0.00027   -0.00179     3.1901     3.1947    17.9600    17.9608    36.4193    36.4204    26.3684    26.3690    1531.65    138.809    139.010         34 0.0000e+00
      12702    529.197    129.116    130.000    17.9576    17.9579   4.758116   4.758235     2.1354     1.7792     100.00   25.74458  -84.58878   -0.00377   -0.00475     3.1773     3.1819    17.9351    17.9354    36.4303    36.4310    26.3842    26.3847    1532.21    138.252    138.451         46 0.0000e+00
      12739    530.761    130.109    131.000    17.9066    17.9074   4.752468   4.752675     2.1316     1.7778     100.00   25.74458  -84.58878   -0.00388   -0.00328     3.1725     3.1822    17.8840    17.8848    36.4268    36.4279    26.3942    26.3948    1532.11    138.040    138.464         30 0.0000e+00
      12821    534.162    133.088    134.000    17.7003    17.7007   4.727947   4.728106     2.1485     1.7973      96.19   25.73930  -84.57145    0.00475    0.00602     3.2263     3.2451    17.6774    17.6778    36.3978    36.3988    26.4228    26.4235    1531.50    140.376    141.195         36 0.0000e+00
      12861    535.838    134.081    135.000    17.6396    17.6392   4.720900   4.720956     2.1494     1.7976     100.06   25.74458  -84.58878    0.00412    0.00360     3.2325     3.2503    17.6165    17.6162    36.3917    36.3925    26.4333    26.4340    1531.72    140.646    141.418         38 0.0000e+00
      12897    537.333    135.074    136.000    17.5918    17.5926   4.715257   4.715440     2.1502     1.7980     100.00   25.74458  -84.58878    0.00099    0.00039     3.2381     3.2547    17.5686    17.5694    36.3853    36.3861    26.4401    26.4406    1531.62    140.888    141.612         33 0.0000e+00
      12985    541.019    138.052    139.000    17.4774    17.4782   4.701545   4.701757     2.1505     1.7973     100.00   25.74349  -84.58521    0.00020   -0.00002     3.2481     3.2617    17.4538    17.4546    36.3674    36.3684    26.4543    26.4549    1531.26    141.320    141.914         33 0.0000e+00
      13022    542.525    139.045    140.000    17.4193    17.4196   4.694655   4.694781     2.1496     1.7957     100.00   25.74458  -84.58878   -0.00044   -0.00040     3.2505     3.2618    17.3956    17.3959    36.3597    36.3605    26.4628    26.4633    1531.23    141.424    141.916         37 0.0000e+00
      13084    545.118    141.031    142.000    17.3503    17.3497   4.686607   4.686622     2.1446     1.7918      60.35   25.74425  -84.58770   -0.00156   -0.00135     3.2448     3.2578    17.3264    17.3258    36.3507    36.3514    26.4727    26.4733    1531.02    141.176    141.740         31 0.0000e+00
      13119    546.573    142.024    143.000    17.3190    17.3218   4.682925   4.683330     2.1423     1.7893     100.28   25.74458  -84.58878   -0.00187   -0.00157     3.2421     3.2539    17.2949    17.2977    36.3466    36.3476    26.4772    26.4772    1530.95    141.059    141.572         38 0.0000e+00
      13155    548.065    143.016    144.000    17.2769    17.2772   4.677821   4.677927     2.1396     1.7865     100.00   25.74458  -84.58878   -0.00172   -0.00178     3.2392     3.2501    17.2527    17.2529    36.3395    36.3402    26.4820    26.4824    1530.86    140.932    141.406         33 0.0000e+00
      13212    550.457    145.002    146.000    17.1700    17.1673   4.664884   4.664577     2.1333     1.7801     100.00   25.74354  -84.58538   -0.00221   -0.00218     3.2333     3.2425    17.1456    17.1429    36.3216    36.3213    26.4940    26.4944    1530.61    140.674    141.072         30 0.0000e+00
      13246    551.867    145.995    147.000    17.1327    17.1328   4.660434   4.660525     2.1301     1.7772     100.00   25.74458  -84.58878   -0.00258   -0.00258     3.2289     3.2380    17.1081    17.1083    36.3163    36.3170    26.4991    26.4996    1530.58    140.480    140.876         37 0.0000e+00
      13281    553.349    146.988    148.000    17.1066    17.1076   4.657266   4.657463     2.1272     1.7742     100.00   25.74458  -84.58878   -0.00234   -0.00235     3.2247     3.2325    17.0818    17.0829    36.3118    36.3125    26.5019    26.5023    1530.49    140.296    140.637         33 0.0000e+00
      13313    554.659    147.980    149.000    17.0695    17.0703   4.652925   4.653079     2.1241     1.7713     100.00   25.74458  -84.58878   -0.00212   -0.00194     3.2206     3.2282    17.0447    17.0454    36.3068    36.3074    26.5070    26.5073    1530.40    140.116    140.450         30 0.0000e+00
      13344    555.947    148.973    150.000    17.0469    17.0479   4.650254   4.650460     2.1214     1.7696     100.00   25.74458  -84.58878   -0.00219   -0.00193     3.2163     3.2257    17.0219    17.0229    36.3034    36.3043    26.5099    26.5103    1530.30    139.931    140.338         33 0.0000e+00
      13377    557.348    149.966    151.000    17.0222    17.0248   4.647334   4.647718     2.1192     1.7682     100.00   25.74458  -84.58878   -0.00207   -0.00162     3.2134     3.2241    16.9971    16.9997    36.2996    36.3007    26.5130    26.5131    1530.22    139.803    140.272         34 0.0000e+00
      13409    558.676    150.959    152.000    16.9271    16.8840   4.637165   4.630586     2.1165     1.7660     100.00   25.74458  -84.58878   -0.00175   -0.00117     3.2129     3.2243    16.9019    16.8588    36.2837    36.2768    26.5235    26.5286    1530.13    139.780    140.278         30 0.0000e+00
      13440    559.953    151.952    153.000    16.8359    16.8362   4.624949   4.625036     2.1099     1.7599     100.00   25.74458  -84.58878   -0.00256   -0.00209     3.2058     3.2166    16.8106    16.8109    36.2702    36.2709    26.5350    26.5354    1530.04    139.472    139.939         32 0.0000e+00
      13475    561.416    152.944    154.000    16.8231    16.8243   4.623504   4.623709     2.1049     1.7540     100.00   25.74458  -84.58878   -0.00396   -0.00394     3.1955     3.2029    16.7976    16.7988    36.2689    36.2696    26.5371    26.5373    1529.95    139.023    139.344         37 0.0000e+00
      13509    562.840    153.937    155.000    16.8044    16.8047   4.621321   4.621410     2.1011     1.7514      99.81   25.74458  -84.58878   -0.00365   -0.00368     3.1885     3.1980    16.7788    16.7791    36.2662    36.2667    26.5394    26.5398    1529.86    138.716    139.130         31 0.0000e+00
      13565    565.186    155.923    157.000    16.7360    16.7375   4.612806   4.613045     2.0955     1.7465      99.99   25.74165  -84.57914   -0.00234   -0.00188     3.1811     3.1910    16.7102    16.7117    36.2510    36.2517    26.5437    26.5440    1529.51    138.396    138.824         31 0.0000e+00
      13601    566.647    156.916    158.000    16.7135    16.7146   4.610447   4.610647     2.0923     1.7438     100.00   25.74458  -84.58878   -0.00235   -0.00197     3.1757     3.1860    16.6875    16.6886    36.2514    36.2521    26.5497    26.5500    1529.59    138.160    138.607         37 0.0000e+00
      13638    568.225    157.908    159.000    16.7117    16.7125   4.610327   4.610487     2.0897     1.7411      89.74   25.74458  -84.58878   -0.00221   -0.00197     3.1701     3.1796    16.6855    16.6864    36.2516    36.2522    26.5504    26.5506    1529.51    137.917    138.330         36 0.0000e+00
      13731    572.082    160.886    162.000    16.6452    16.6459   4.602324   4.602471     2.0848     1.7348      99.99   25.74169  -84.57927   -0.00109   -0.00169     3.1651     3.1696    16.6186    16.6193    36.2409    36.2413    26.5580    26.5581    1529.08    137.698    137.893         40 0.0000e+00
      13769    573.671    161.880    163.000    16.6283    16.6292   4.600456   4.600603     2.0825     1.7344     100.00   25.74458  -84.58878   -0.00140   -0.00149     3.1608     3.1698    16.6016    16.6025    36.2382    36.2387    26.5600    26.5601    1529.17    137.511    137.901         30 0.0000e+00
      13818    575.726    163.865    165.000    16.5961    16.5975   4.596010   4.596217     2.0772     1.7309      99.97   25.73699  -84.56383   -0.00187   -0.00088     3.1516     3.1641    16.5691    16.5705    36.2242    36.2249    26.5562    26.5565    1528.55    137.107    137.654         30 0.0000e+00
      13861    577.498    164.857    166.000    16.5980    16.5994   4.596894   4.597112     2.0760     1.7300     100.00   25.74459  -84.58878   -0.00184   -0.00118     3.1491     3.1618    16.5709    16.5723    36.2330    36.2337    26.5632    26.5634    1528.93    136.998    137.552         46 0.0000e+00
      13900    579.140    165.850    167.000    16.5925    16.5935   4.596258   4.596413     2.0753     1.7286     100.00   25.74458  -84.58878   -0.00103   -0.00096     3.1482     3.1592    16.5651    16.5662    36.2320    36.2325    26.5638    26.5639    1528.85    136.962    137.439         30 0.0000e+00
      13952    581.301    167.836    169.000    16.5485    16.5464   4.590520   4.590287     2.0710     1.7248      99.98   25.74041  -84.57500   -0.00113   -0.00125     3.1422     3.1533    16.5208    16.5188    36.2186    36.2184    26.5635    26.5638    1528.44    136.700    137.180         30 0.0000e+00
      13987    582.767    168.828    170.000    16.5114    16.5147   4.586452   4.586928     2.0675     1.7205     100.00   25.74460  -84.58878   -0.00193   -0.00198     3.1370     3.1448    16.4837    16.4872    36.2175    36.2183    26.5719    26.5716    1528.62    136.473    136.812         36 0.0000e+00
      14022    584.223    169.821    171.000    16.4701    16.4682   4.581418   4.581226     2.0610     1.7149     100.00   25.74460  -84.58878   -0.00302   -0.00298     3.1250     3.1342    16.4422    16.4403    36.2099    36.2100    26.5758    26.5763    1528.54    135.952    136.349         33 0.0000e+00
      14055    585.599    170.814    172.000    16.4278    16.4292   4.576269   4.576472     2.0538     1.7069     100.00   25.74460  -84.58878   -0.00433   -0.00422     3.1116     3.1167    16.3998    16.4013    36.2022    36.2027    26.5798    26.5799    1528.46    135.364    135.590         33 0.0000e+00
      14089    586.988    171.806    173.000    16.3707    16.3846   4.569745   4.570929     2.0446     1.6983     100.00   25.74460  -84.58878   -0.00540   -0.00542     3.0962     3.1006    16.3469    16.3566    36.1919    36.1937    26.5843    26.5834    1528.39    134.695    134.887         34 0.0000e+00
      14121    588.349    172.799    174.000    16.3025    16.2967   4.560308   4.559883     2.0330     1.6867     100.00   25.74460  -84.58878   -0.00668   -0.00661     3.0716     3.0745    16.2707    16.2688    36.1767    36.1760    26.5904    26.5906    1528.31    133.624    133.750         32 0.0000e+00
      14153    589.649    173.792    175.000    16.2553    16.2600   4.554954   4.555594     2.0184     1.6718     100.00   25.74460  -84.58878   -0.00859   -0.00856     3.0418     3.0391    16.2270    16.2318    36.1682    36.1696    26.5940    26.5939    1528.23    132.329    132.211         30 0.0000e+00
      14183    590.930    174.784    176.000    16.2243    16.2245   4.551235   4.551282     2.0046     1.6600     100.00   25.74460  -84.58878   -0.01043   -0.01024     3.0121     3.0116    16.1960    16.1962    36.1628    36.1630    26.5971    26.5972    1528.15    131.035    131.013         31 0.0000e+00
      14215    592.231    175.777    177.000    16.1949    16.1947   4.547725   4.547753     1.9953     1.6525      99.91   25.74460  -84.58878   -0.01013   -0.00918     2.9927     2.9947    16.1665    16.1662    36.1578    36.1583    26.6001    26.6005    1528.07    130.191    130.278         32 0.0000e+00
      14248    593.638    176.770    178.000    16.1633    16.1646   4.544041   4.544246     1.9891     1.6486     100.00   25.74460  -84.58878   -0.00735   -0.00583     2.9805     2.9868    16.1347    16.1360    36.1533    36.1539    26.6040    26.6042    1528.00    129.661    129.936         35 0.0000e+00
      14283    595.065    177.762    179.000    16.1442    16.1443   4.541949   4.541788     1.9855     1.6463     100.00   25.74460  -84.58877   -0.00454   -0.00312     2.9746     2.9832    16.1169    16.1156    36.1504    36.1502    26.6059    26.6060    1527.92    129.402    129.777         33 0.0000e+00
      14314    596.364    178.755    180.000    16.0230    16.0249   4.527409   4.527699     1.9834     1.6458     100.00   25.74460  -84.58878   -0.00285   -0.00169     2.9769     2.9891    15.9943    15.9961    36.1315    36.1324    26.6197    26.6200    1527.85    129.501    130.032         31 0.0000e+00
      14346    597.717    179.748    181.000    15.9539    15.9557   4.519220   4.519471     1.9825     1.6452      82.66   25.74460  -84.58878   -0.00159   -0.00068     2.9799     2.9926    15.9251    15.9269    36.1208    36.1214    26.6275    26.6275    1527.77    129.629    130.182         34 0.0000e+00
      14381    599.147    180.740    182.000    15.8574    15.8598   4.507431   4.508047     1.9808     1.6439     100.55   25.74460  -84.58878   -0.00101   -0.00051     2.9828     2.9958    15.8285    15.8310    36.1053    36.1060    26.6376    26.6376    1527.69    129.756    130.322         32 0.0000e+00
      14437    601.495    182.726    184.000    15.7107    15.7124   4.490293   4.490561     1.9743     1.6370      96.45   25.74082  -84.57637   -0.00196   -0.00197     2.9783     2.9883    15.6817    15.6834    36.0811    36.0820    26.6525    26.6528    1527.31    129.558    129.994         31 0.0000e+00
      14475    603.102    183.718    185.000    15.6962    15.6974   4.488792   4.488991     1.9705     1.6335      98.10   25.74460  -84.58878   -0.00266   -0.00272     2.9702     2.9800    15.6671    15.6682    36.0810    36.0817    26.6558    26.6562    1527.46    129.205    129.633         42 0.0000e+00
      14513    604.663    184.711    186.000    15.6891    15.6906   4.488070   4.488297     1.9676     1.6316     100.05   25.74460  -84.58878   -0.00250   -0.00230     2.9642     2.9759    15.6598    15.6613    36.0806    36.0812    26.6572    26.6573    1527.38    128.946    129.454         31 0.0000e+00
      14566    606.859    186.696    188.000    15.6451    15.6473   4.482644   4.482915     1.9645     1.6291      99.99   25.74124  -84.57775   -0.00147   -0.00104     2.9606     2.9731    15.6155    15.6178    36.0698    36.0701    26.6586    26.6584    1527.03    128.786    129.330         30 0.0000e+00
      14602    608.365    187.689    189.000    15.6023    15.6031   4.477965   4.478099     1.9616     1.6264     100.00   25.74460  -84.58878   -0.00153   -0.00120     2.9567     2.9692    15.5727    15.5734    36.0676    36.0681    26.6670    26.6672    1527.15    128.616    129.162         40 0.0000e+00
