Gulf of Mexico/GOMECC-4/1db/drb2103_0401.cnv
* Sea-Bird SBE 9 Data File:
* FileName = C:\Users\scs.user.rb\CTD\GOMECC4\data\rb2103_0401.hex
* Software Version Seasave V 7.26.7.107
* Temperature SN = 4799
* Conductivity SN = 3860
* Number of Bytes Per Scan = 41
* Number of Voltage Words = 4
* Number of Scans Averaged by the Deck Unit = 1
* NMEA Latitude = 27 54.62 N
* NMEA Longitude = 090 00.08 W
* NMEA UTC (Time) = Sep 25 2021  23:21:03
* NMEA baud rate = 4800
# nquan = 28
# nvalues = 234                         
# units = specified
# name 0 = scan: Scan Count
# name 1 = timeS: Time, Elapsed [seconds]
# name 2 = depSM: Depth [salt water, m]
# name 3 = prDM: Pressure, Digiquartz [db]
# name 4 = t090C: Temperature [ITS-90, deg C]
# name 5 = t190C: Temperature, 2 [ITS-90, deg C]
# name 6 = c0S/m: Conductivity [S/m]
# name 7 = c1S/m: Conductivity, 2 [S/m]
# name 8 = sbeox0V: Oxygen raw, SBE 43 [V]
# name 9 = sbeox1V: Oxygen raw, SBE 43, 2 [V]
# name 10 = altM: Altimeter [m]
# name 11 = latitude: Latitude [deg]
# name 12 = longitude: Longitude [deg]
# name 13 = sbox0dV/dT: Oxygen, SBE 43 [dov/dt]
# name 14 = sbox1dV/dT: Oxygen, SBE 43, 2 [dov/dt]
# name 15 = sbeox0ML/L: Oxygen, SBE 43 [ml/l], WS = 5
# name 16 = sbeox1ML/L: Oxygen, SBE 43, 2 [ml/l], WS = 5
# name 17 = potemp090C: Potential Temperature [ITS-90, deg C]
# name 18 = potemp190C: Potential Temperature, 2 [ITS-90, deg C]
# name 19 = sal00: Salinity, Practical [PSU]
# name 20 = sal11: Salinity, Practical, 2 [PSU]
# name 21 = sigma-é00: Density [sigma-theta, kg/m^3]
# name 22 = sigma-é11: Density, 2 [sigma-theta, kg/m^3]
# name 23 = avgsvCM: Average Sound Velocity [Chen-Millero, m/s], minP = 20, minS = 20
# name 24 = sbox0Mm/Kg: Oxygen, SBE 43 [umol/kg], WS = 5
# name 25 = sbox1Mm/Kg: Oxygen, SBE 43, 2 [umol/kg], WS = 5
# name 26 = nbin: number of scans per bin
# name 27 = flag: flag
# span 0 =      14517,      36328       
# span 1 =    604.854,   1513.626       
# span 2 =      2.980,    671.417       
# span 3 =      3.000,    677.000       
# span 4 =     6.7142,    28.5349       
# span 5 =     6.7137,    28.5482       
# span 6 =   3.524577,   5.862052       
# span 7 =   3.525005,   5.862265       
# span 8 =     1.6022,     3.1526       
# span 9 =     1.3082,     2.6847       
# span 10 =      10.38,     102.88      
# span 11 =   27.76109,   27.93294      
# span 12 =  -90.07279,  -89.51868      
# span 13 =   -0.02528,    0.03287      
# span 14 =   -0.02475,    0.03223      
# span 15 =     2.5864,     4.5242      
# span 16 =     2.6195,     4.5313      
# span 17 =     6.6501,    28.5328      
# span 18 =     6.6496,    28.5461      
# span 19 =    34.9107,    36.7350      
# span 20 =    34.9099,    36.7363      
# span 21 =    23.0358,    27.4068      
# span 22 =    23.0359,    27.4061      
# span 23 =       0.00,    1544.16      
# span 24 =    112.454,    197.357      
# span 25 =    113.901,    197.667      
# span 26 =         30,         64      
# span 27 = 0.0000e+00, 0.0000e+00      
# interval = decibars: 1                
# start_time = Sep 25 2021 23:21:03 [NMEA time, header]
# bad_flag = -9.990e-29
*END*
[from data line 104]
      19812    825.453    117.182    118.000    19.7684    19.7685   4.965494   4.965809     2.1080     1.7573      84.21   27.91109  -90.00204   -0.00795   -0.00697     2.9960     3.0140    19.7457    19.7467    36.5868    36.5876    26.0401    26.0404    1535.10    130.406    131.188         31 0.0000e+00
      19846    826.881    118.175    119.000    19.8089    19.8082   4.975630   4.975533     2.1048     1.7601      88.40   27.91109  -90.00204   -0.00788   -0.00705     2.9870     3.0187    19.7869    19.7862    36.6342    36.6340    26.0655    26.0655    1535.02    130.010    131.391         38 0.0000e+00
      19884    828.445    119.168    120.000    19.8310    19.8316   4.980433   4.980581     2.1432     1.8132     100.21   27.91110  -90.00204    0.00113    0.00518     3.0685     3.1432    19.8087    19.8094    36.6543    36.6550    26.0750    26.0754    1534.93    133.555    136.807         35 0.0000e+00
      19916    829.784    120.161    121.000    19.8207    19.8219   4.979608   4.979813     2.2094     1.8722     100.00   27.91110  -90.00204    0.02712    0.03223     3.2125     3.2842    19.7983    19.7994    36.6561    36.6568    26.0791    26.0794    1534.84    139.826    142.945         30 0.0000e+00
      19947    831.099    121.154    122.000    19.7810    19.7826   4.974710   4.974947     2.2299     1.8854     100.00   27.91110  -90.00204    0.03287    0.03204     3.2595     3.3181    19.7584    19.7600    36.6499    36.6504    26.0850    26.0849    1534.76    141.870    144.420         35 0.0000e+00
      19986    832.702    122.146    123.000    19.7070    19.7094   4.965611   4.965935     2.2407     1.8877     100.00   27.91110  -90.00204    0.02142    0.01589     3.2885     3.3296    19.6843    19.6867    36.6388    36.6394    26.0960    26.0959    1534.68    143.128    144.917         40 0.0000e+00
      20023    834.263    123.139    124.000    19.5723    19.5732   4.949106   4.949227     2.2389     1.8837     100.00   27.91110  -90.00204    0.00497    0.00063     3.2941     3.3285    19.5495    19.5505    36.6193    36.6195    26.1166    26.1164    1534.60    143.370    144.870         34 0.0000e+00
      20055    835.569    124.132    125.000    19.4836    19.4851   4.938362   4.938593     2.2327     1.8778     100.00   27.91110  -90.00204   -0.00081   -0.00268     3.2870     3.3207    19.4607    19.4622    36.6073    36.6079    26.1307    26.1307    1534.51    143.059    144.526         30 0.0000e+00
      20086    836.856    125.125    126.000    19.4279    19.4292   4.931814   4.932015     2.2254     1.8692     100.00   27.91110  -90.00204   -0.00402   -0.00437     3.2753     3.3040    19.4049    19.4062    36.6012    36.6017    26.1406    26.1406    1534.43    142.547    143.796         33 0.0000e+00
      20123    838.408    126.117    127.000    19.3719    19.3732   4.925405   4.925621     2.2169     1.8576     100.00   27.91110  -90.00204   -0.00550   -0.00644     3.2611     3.2807    19.3487    19.3500    36.5965    36.5971    26.1517    26.1518    1534.34    141.929    142.781         42 0.0000e+00
      20163    840.100    127.110    128.000    19.3427    19.3447   4.921942   4.922245     2.2126     1.8561     100.00   27.91110  -90.00204   -0.00447   -0.00506     3.2539     3.2789    19.3194    19.3214    36.5928    36.5935    26.1565    26.1565    1534.26    141.614    142.704         35 0.0000e+00
      20195    841.398    128.103    129.000    19.2567    19.2614   4.911100   4.911688     2.2078     1.8531     100.00   27.91110  -90.00204   -0.00319   -0.00218     3.2488     3.2768    19.2333    19.2380    36.5773    36.5781    26.1670    26.1664    1534.18    141.392    142.608         30 0.0000e+00
      20226    842.706    129.096    130.000    19.1469    19.1492   4.897883   4.898177     2.1922     1.8340     100.00   27.91110  -90.00204   -0.00496   -0.00447     3.2234     3.2394    19.1234    19.1257    36.5629    36.5632    26.1844    26.1841    1534.09    140.286    140.981         34 0.0000e+00
      20262    844.196    130.088    131.000    19.0473    19.0501   4.885945   4.886311     2.1723     1.8148     100.00   27.91110  -90.00204   -0.01058   -0.01163     3.1870     3.1999    19.0237    19.0265    36.5499    36.5505    26.2003    26.2000    1534.00    138.696    139.260         36 0.0000e+00
      20297    845.659    131.081    132.000    18.9588    18.9604   4.875404   4.875632     2.1566     1.8009     100.00   27.91110  -90.00204   -0.01280   -0.01254     3.1584     3.1725    18.9351    18.9367    36.5389    36.5394    26.2147    26.2147    1533.91    137.451    138.066         34 0.0000e+00
      20333    847.155    132.074    133.000    18.9216    18.9234   4.871535   4.871798     2.1404     1.7907     100.00   27.91110  -90.00204   -0.01163   -0.00945     3.1257     3.1504    18.8977    18.8995    36.5388    36.5394    26.2242    26.2242    1533.83    136.027    137.101         39 0.0000e+00
      20370    848.709    133.067    134.000    18.8988    18.8999   4.869220   4.869407     2.1414     1.7971     100.00   27.91110  -90.00204   -0.00743   -0.00411     3.1298     3.1677    18.8748    18.8759    36.5389    36.5396    26.2302    26.2304    1533.74    136.205    137.852         32 0.0000e+00
      20424    850.940    135.052    136.000    18.7624    18.7655   4.853299   4.853659     2.1592     1.8173      99.96   27.90091  -89.96919    0.00491    0.00624     3.1788     3.2257    18.7382    18.7413    36.5199    36.5202    26.2494    26.2489    1533.01    138.333    140.374         39 0.0000e+00
      20474    853.024    136.045    137.000    18.6888    18.6900   4.845923   4.846150     2.1813     1.8392     100.00   27.91110  -90.00204    0.00986    0.01097     3.2329     3.2839    18.6644    18.6656    36.5267    36.5275    26.2746    26.2749    1533.48    140.683    142.906         43 0.0000e+00
      20509    854.511    137.037    138.000    18.6701    18.6714   4.843849   4.844058     2.1939     1.8475     100.00   27.91110  -90.00204    0.01108    0.01031     3.2623     3.3058    18.6456    18.6469    36.5253    36.5259    26.2783    26.2784    1533.40    141.965    143.855         30 0.0000e+00
      20567    856.927    139.023    140.000    18.6059    18.6077   4.837887   4.838118     2.2091     1.8600      99.99   27.90737  -89.99001    0.00607    0.00428     3.3009     3.3407    18.5811    18.5829    36.5293    36.5296    26.2974    26.2972    1533.02    143.639    145.374         35 0.0000e+00
      20609    858.646    140.016    141.000    18.5765    18.5787   4.835489   4.835771     2.2437     1.9009     100.00   27.91110  -90.00204    0.01068    0.01130     3.3803     3.4429    18.5515    18.5537    36.5363    36.5367    26.3106    26.3104    1533.14    147.094    149.818         41 0.0000e+00
      20646    860.221    141.008    142.000    18.5263    18.5283   4.830080   4.830354     2.2661     1.9192      93.16   27.91110  -90.00204    0.01727    0.01824     3.4337     3.4909    18.5012    18.5032    36.5344    36.5350    26.3220    26.3219    1533.06    149.416    151.905         34 0.0000e+00
      20705    862.646    142.993    144.000    18.4245    18.4266   4.818124   4.818413     2.2869     1.9346      99.99   27.90707  -89.98902    0.01178    0.00946     3.4886     3.5361    18.3991    18.4012    36.5206    36.5212    26.3368    26.3367    1532.67    151.803    153.870         34 0.0000e+00
      20746    864.386    143.986    145.000    18.4149    18.4165   4.817462   4.817714     2.2950     1.9400     100.00   27.91111  -90.00205    0.00612    0.00456     3.5073     3.5508    18.3894    18.3909    36.5249    36.5257    26.3429    26.3431    1532.82    152.614    154.508         43 0.0000e+00
      20786    866.059    144.979    146.000    18.4121    18.4126   4.817194   4.817279     2.2987     1.9419      95.07   27.91112  -90.00206    0.00388    0.00259     3.5162     3.5560    18.3864    18.3869    36.5248    36.5251    26.3436    26.3437    1532.73    153.001    154.737         36 0.0000e+00
      20845    868.492    146.964    148.000    18.3115    18.3127   4.804336   4.804558     2.2915     1.9333      99.99   27.90616  -89.98608   -0.00060   -0.00133     3.5087     3.5431    18.2855    18.2868    36.5024    36.5030    26.3514    26.3516    1532.30    152.676    154.173         32 0.0000e+00
      20883    870.094    147.957    149.000    18.2700    18.2716   4.799738   4.799950     2.2842     1.9254     100.00   27.91112  -90.00206   -0.00407   -0.00445     3.4957     3.5271    18.2440    18.2455    36.5011    36.5015    26.3613    26.3613    1532.49    152.109    153.474         38 0.0000e+00
      20921    871.666    148.949    150.000    18.2440    18.2455   4.796648   4.796866     2.2790     1.9206     100.00   27.91112  -90.00206   -0.00483   -0.00509     3.4865     3.5176    18.2178    18.2193    36.4975    36.4980    26.3651    26.3651    1532.41    151.708    153.063         36 0.0000e+00
      20956    873.105    149.942    151.000    18.2233    18.2243   4.794205   4.794362     2.2757     1.9192     100.00   27.91112  -90.00206   -0.00335   -0.00271     3.4810     3.5161    18.1969    18.1980    36.4947    36.4951    26.3682    26.3683    1532.34    151.469    152.995         34 0.0000e+00
      20990    874.547    150.934    152.000    18.1997    18.2009   4.791363   4.791543     2.2731     1.9176     100.00   27.91112  -90.00206   -0.00227   -0.00125     3.4774     3.5142    18.1732    18.1744    36.4909    36.4914    26.3713    26.3714    1532.26    151.312    152.913         34 0.0000e+00
      21022    875.894    151.927    153.000    18.1804    18.1820   4.789078   4.789314     2.2703     1.9142     100.00   27.91112  -90.00206   -0.00191   -0.00163     3.4731     3.5078    18.1538    18.1553    36.4882    36.4888    26.3741    26.3742    1532.18    151.124    152.632         31 0.0000e+00
      21055    877.231    152.920    154.000    18.1583    18.1594   4.786486   4.786656     2.2695     1.9125     100.00   27.91112  -90.00208   -0.00168   -0.00184     3.4733     3.5056    18.1314    18.1325    36.4854    36.4859    26.3775    26.3776    1532.10    151.129    152.534         35 0.0000e+00
      21093    878.841    153.913    155.000    18.1481    18.1492   4.785321   4.785504     2.2688     1.9121     100.00   27.91112  -90.00208   -0.00084   -0.00101     3.4729     3.5056    18.1211    18.1222    36.4841    36.4846    26.3791    26.3792    1532.03    151.115    152.536         41 0.0000e+00
      21133    880.479    154.905    156.000    18.1346    18.1360   4.783714   4.783911     2.2672     1.9096     100.00   27.91112  -90.00208   -0.00055   -0.00090     3.4707     3.5010    18.1074    18.1088    36.4820    36.4824    26.3809    26.3809    1531.96    151.017    152.335         37 0.0000e+00
      21166    881.855    155.897    157.000    18.1016    18.1034   4.779776   4.780016     2.2664     1.9098     100.00   27.91113  -90.00208   -0.00087   -0.00096     3.4719     3.5041    18.0743    18.0761    36.4772    36.4777    26.3855    26.3854    1531.88    151.070    152.471         30 0.0000e+00
      21220    884.135    157.883    159.000    18.0472    18.0486   4.772499   4.772708     2.2641     1.9078      90.32   27.90156  -89.97120   -0.00039   -0.00037     3.4720     3.5043    18.0196    18.0210    36.4606    36.4611    26.3857    26.3857    1531.20    151.073    152.479         40 0.0000e+00
      21272    886.289    158.876    160.000    18.0385    18.0400   4.772304   4.772515     2.2629     1.9091      96.59   27.91114  -90.00208   -0.00107   -0.00012     3.4699     3.5082    18.0108    18.0122    36.4683    36.4688    26.3945    26.3946    1531.66    150.981    152.645         44 0.0000e+00
      21362    890.042    161.853    163.000    18.0088    18.0095   4.768039   4.768145     2.2587     1.9025      69.24   27.90329  -89.97675   -0.00098   -0.00188     3.4640     3.4955    17.9806    17.9812    36.4537    36.4541    26.3900    26.3902    1531.02    150.725    152.095         45 0.0000e+00
      21410    892.053    162.846    164.000    18.0091    18.0098   4.768790   4.768914     2.2582     1.9045     101.34   27.91114  -90.00208   -0.00097   -0.00028     3.4633     3.5009    17.9807    17.9814    36.4628    36.4633    26.3978    26.3980    1531.38    150.692    152.328         36 0.0000e+00
      21467    894.425    164.831    166.000    17.9537    17.9556   4.761546   4.761791     2.2549     1.9000      99.98   27.90554  -89.98403   -0.00082   -0.00091     3.4607     3.4945    17.9250    17.9269    36.4469    36.4474    26.3989    26.3987    1530.94    150.581    152.049         34 0.0000e+00
      21508    896.126    165.823    167.000    17.9070    17.9085   4.756552   4.756693     2.2507     1.8968     100.00   27.91114  -90.00208   -0.00182   -0.00183     3.4555     3.4897    17.8781    17.8796    36.4472    36.4475    26.4113    26.4112    1531.18    150.351    151.841         39 0.0000e+00
      21545    897.653    166.816    168.000    17.8968    17.8977   4.755298   4.755441     2.2481     1.8939     100.00   27.91114  -90.00208   -0.00229   -0.00208     3.4506     3.4842    17.8678    17.8688    36.4456    36.4460    26.4126    26.4127    1531.11    150.136    151.601         34 0.0000e+00
      21578    899.047    167.808    169.000    17.8868    17.8882   4.754029   4.754211     2.2458     1.8906     100.00   27.91114  -90.00208   -0.00199   -0.00218     3.4468     3.4773    17.8577    17.8590    36.4439    36.4443    26.4138    26.4138    1531.04    149.972    151.300         33 0.0000e+00
      21612    900.449    168.801    170.000    17.8634    17.8647   4.751570   4.751749     2.2443     1.8899     100.00   27.91116  -90.00208   -0.00159   -0.00172     3.4451     3.4775    17.8341    17.8354    36.4402    36.4406    26.4169    26.4168    1530.98    149.898    151.310         35 0.0000e+00
      21648    901.960    169.794    171.000    17.8396    17.8415   4.748454   4.748692     2.2414     1.8876     100.00   27.91116  -90.00208   -0.00138   -0.00109     3.4409     3.4740    17.8101    17.8120    36.4367    36.4370    26.4201    26.4199    1530.91    149.714    151.155         36 0.0000e+00
      21682    903.363    170.786    172.000    17.8104    17.8118   4.744902   4.745080     2.2380     1.8851     100.00   27.91116  -90.00208   -0.00190   -0.00141     3.4359     3.4703    17.7808    17.7822    36.4318    36.4320    26.4235    26.4234    1530.84    149.495    150.994         32 0.0000e+00
      21715    904.754    171.779    173.000    17.7916    17.7930   4.742678   4.742865     2.2359     1.8832     100.00   27.91116  -90.00210   -0.00210   -0.00165     3.4329     3.4674    17.7619    17.7632    36.4289    36.4294    26.4260    26.4261    1530.78    149.365    150.866         36 0.0000e+00
      21752    906.281    172.771    174.000    17.7805    17.7817   4.741369   4.741545     2.2337     1.8805     100.00   27.91116  -90.00210   -0.00169   -0.00160     3.4291     3.4618    17.7506    17.7518    36.4273    36.4276    26.4276    26.4275    1530.71    149.201    150.624         37 0.0000e+00
      21789    907.814    173.764    175.000    17.7628    17.7646   4.739227   4.739453     2.2317     1.8787     100.00   27.91116  -90.00210   -0.00141   -0.00148     3.4265     3.4595    17.7328    17.7346    36.4247    36.4250    26.4299    26.4297    1530.66    149.085    150.521         35 0.0000e+00
      21821    909.153    174.756    176.000    17.6656    17.6674   4.727658   4.727689     2.2291     1.8768     100.00   27.91116  -90.00210   -0.00137   -0.00129     3.4267     3.4607    17.6355    17.6373    36.4094    36.4095    26.4422    26.4418    1530.60    149.096    150.573         30 0.0000e+00
