Gulf of Mexico/GOMECC-4/1db/drb2103_0411.cnv
* Sea-Bird SBE 9 Data File:
* FileName = C:\Users\scs.user.rb\CTD\GOMECC4\data\rb2103_0411.hex
* Software Version Seasave V 7.26.7.107
* Temperature SN = 4799
* Conductivity SN = 3860
* Number of Bytes Per Scan = 41
* Number of Voltage Words = 4
* Number of Scans Averaged by the Deck Unit = 1
* NMEA Latitude = 28 04.43 N
* NMEA Longitude = 089 59.85 W
* NMEA UTC (Time) = Sep 26 2021  02:13:04
* NMEA baud rate = 4800
# nquan = 28
# nvalues = 216                         
# units = specified
# name 0 = scan: Scan Count
# name 1 = timeS: Time, Elapsed [seconds]
# name 2 = depSM: Depth [salt water, m]
# name 3 = prDM: Pressure, Digiquartz [db]
# name 4 = t090C: Temperature [ITS-90, deg C]
# name 5 = t190C: Temperature, 2 [ITS-90, deg C]
# name 6 = c0S/m: Conductivity [S/m]
# name 7 = c1S/m: Conductivity, 2 [S/m]
# name 8 = sbeox0V: Oxygen raw, SBE 43 [V]
# name 9 = sbeox1V: Oxygen raw, SBE 43, 2 [V]
# name 10 = altM: Altimeter [m]
# name 11 = latitude: Latitude [deg]
# name 12 = longitude: Longitude [deg]
# name 13 = sbox0dV/dT: Oxygen, SBE 43 [dov/dt]
# name 14 = sbox1dV/dT: Oxygen, SBE 43, 2 [dov/dt]
# name 15 = sbeox0ML/L: Oxygen, SBE 43 [ml/l], WS = 5
# name 16 = sbeox1ML/L: Oxygen, SBE 43, 2 [ml/l], WS = 5
# name 17 = potemp090C: Potential Temperature [ITS-90, deg C]
# name 18 = potemp190C: Potential Temperature, 2 [ITS-90, deg C]
# name 19 = sal00: Salinity, Practical [PSU]
# name 20 = sal11: Salinity, Practical, 2 [PSU]
# name 21 = sigma-é00: Density [sigma-theta, kg/m^3]
# name 22 = sigma-é11: Density, 2 [sigma-theta, kg/m^3]
# name 23 = avgsvCM: Average Sound Velocity [Chen-Millero, m/s], minP = 20, minS = 20
# name 24 = sbox0Mm/Kg: Oxygen, SBE 43 [umol/kg], WS = 5
# name 25 = sbox1Mm/Kg: Oxygen, SBE 43, 2 [umol/kg], WS = 5
# name 26 = nbin: number of scans per bin
# name 27 = flag: flag
# span 0 =      23335,     483164       
# span 1 =    972.231,  20130.961       
# span 2 =      5.960,    430.659       
# span 3 =      4.000,    434.000       
# span 4 =     9.3125,   506.8462       
# span 5 =     9.3183,   427.1431       
# span 6 =   3.775126, 120.219041       
# span 7 =   3.775126, 120.224591       
# span 8 =     1.6299,    64.3249       
# span 9 =     1.3335,    54.7029       
# span 10 =       8.80,    1404.48      
# span 11 =   27.83403,  577.52128      
# span 12 =-1850.99411,  -89.20989      
# span 13 =   -0.02328,    0.00739      
# span 14 =   -0.02225,    0.00800      
# span 15 =     2.5808,    77.6510      
# span 16 =     2.6144,    81.8663      
# span 17 =     9.2636,   506.8251      
# span 18 =     9.2694,   427.1251      
# span 19 =    35.1099,   642.7000      
# span 20 =    35.1090,   541.6318      
# span 21 =    22.9261,   410.5139      
# span 22 =    22.9550,   345.9548      
# span 23 =       0.00,    1564.86      
# span 24 =    112.228,   3389.601      
# span 25 =    113.688,   3573.596      
# span 26 =         30,         66      
# span 27 = 0.0000e+00, 0.0000e+00      
# interval = decibars: 1                
# start_time = Sep 26 2021 02:13:04 [NMEA time, header]
# bad_flag = -9.990e-29
*END*
[from data line 52]
      26122   1088.374     57.606     58.000    24.3010    24.3083   5.475424   5.476609     2.6277     2.2177     100.00   28.07982  -89.99736   -0.00842   -0.00843     3.7425     3.7521    24.2859    24.2959    36.8042    36.8051    24.9223    24.9201    1541.85    163.077    163.495         35 0.0000e+00
      26154   1089.691     58.599     59.000    24.1754    24.1804   5.461493   5.462152     2.6117     2.2056     100.00   28.07982  -89.99736   -0.01107   -0.00882     3.7229     3.7361    24.1627    24.1678    36.7996    36.8004    24.9558    24.9549    1541.74    162.218    162.791         33 0.0000e+00
      26192   1091.297     59.592     60.000    24.1336    24.1337   5.456486   5.456931     2.5964     2.1932     100.00   28.07982  -89.99736   -0.01163   -0.00878     3.6993     3.7148    24.1208    24.1210    36.8005    36.8017    24.9690    24.9699    1541.64    161.186    161.861         42 0.0000e+00
      26233   1093.001     60.585     61.000    24.0258    24.0315   5.449503   5.449893     2.5828     2.1859     100.00   28.07982  -89.99736   -0.00919   -0.00665     3.6756     3.7027    24.0129    24.0186    36.8289    36.8279    25.0229    25.0204    1541.52    160.145    161.328         37 0.0000e+00
      26266   1094.390     61.578     62.000    24.0260    24.0251   5.450596   5.450448     2.5769     2.1778     100.00   28.07982  -89.99736   -0.00708   -0.00491     3.6651     3.6862    24.0128    24.0120    36.8391    36.8387    25.0306    25.0306    1541.41    159.685    160.604         31 0.0000e+00
      26297   1095.681     62.571     63.000    24.0333    24.0354   5.452068   5.452553     2.5732     2.1770      80.00   28.07982  -89.99738   -0.00486   -0.00427     3.6577     3.6841    24.0200    24.0220    36.8439    36.8458    25.0321    25.0330    1541.31    159.364    160.513         31 0.0000e+00
      26329   1096.988     63.564     64.000    24.0412    24.0420   5.453964   5.454163     2.5705     2.1755      85.61   28.07982  -89.99738   -0.00292   -0.00222     3.6521     3.6805    24.0276    24.0284    36.8515    36.8523    25.0356    25.0360    1541.21    159.118    160.358         33 0.0000e+00
      26364   1098.474     64.557     65.000    24.0339    24.0356   5.455115   5.455361     2.5693     2.1730      99.95   28.07983  -89.99738   -0.00201   -0.00119     3.6502     3.6757    24.0201    24.0218    36.8659    36.8664    25.0488    25.0486    1541.12    159.036    160.147         38 0.0000e+00
      26403   1100.085     65.550     66.000    23.9592    23.9638   5.451439   5.451878     2.5664     2.1697     100.00   28.07984  -89.99738   -0.00120   -0.00172     3.6478     3.6712    23.9452    23.9498    36.8884    36.8889    25.0882    25.0872    1541.04    158.922    159.945         38 0.0000e+00
      26439   1101.584     66.543     67.000    23.8943    23.8989   5.442418   5.443053     2.5620     2.1670     100.00   28.07984  -89.99738   -0.00188   -0.00191     3.6459     3.6718    23.8801    23.8848    36.8843    36.8853    25.1045    25.1038    1540.94    158.839    159.966         34 0.0000e+00
      26471   1102.921     67.536     68.000    23.8113    23.8157   5.432365   5.432973     2.5560     2.1616     100.00   28.07984  -89.99738   -0.00318   -0.00251     3.6402     3.6659    23.7970    23.8014    36.8759    36.8769    25.1228    25.1222    1540.85    158.588    159.708         31 0.0000e+00
      26501   1104.166     68.529     69.000    23.7237    23.7286   5.421795   5.422451     2.5496     2.1565     100.00   28.07984  -89.99738   -0.00417   -0.00334     3.6341     3.6610    23.7092    23.7141    36.8674    36.8684    25.1424    25.1417    1540.76    158.318    159.489         30 0.0000e+00
      26536   1105.608     69.522     70.000    23.5892    23.6000   5.404383   5.405922     2.5447     2.1529     100.00   28.07984  -89.99738   -0.00457   -0.00372     3.6342     3.6622    23.5745    23.5853    36.8454    36.8482    25.1656    25.1645    1540.66    158.318    159.539         41 0.0000e+00
      26581   1107.483     70.515     71.000    23.2542    23.3340   5.358476   5.368821     2.5409     2.1487     100.00   28.07984  -89.99740   -0.00299   -0.00230     3.6490     3.6757    23.2395    23.3193    36.7759    36.7909    25.2112    25.1993    1540.57    158.956    160.120         42 0.0000e+00
      26664   1110.954     73.494     74.000    21.9194    21.9419   5.174107   5.177097     2.5338     2.1487      99.96   28.06919  -89.96328   -0.00290   -0.00136     3.7377     3.7714    21.9047    21.9273    36.4410    36.4456    25.3386    25.3357    1539.60    162.800    164.266         39 0.0000e+00
      26716   1113.109     74.487     75.000    21.6163    21.6273   5.135087   5.136338     2.5468     2.1621      93.74   28.07985  -89.99740    0.00510    0.00606     3.7946     3.8304    21.6016    21.6125    36.3907    36.3924    25.3868    25.3850    1540.06    165.271    166.828         42 0.0000e+00
      26751   1114.594     75.480     76.000    21.5589    21.5686   5.128673   5.129927     2.5492     2.1631      62.44   28.07986  -89.99740    0.00537    0.00544     3.7987     3.8326    21.5440    21.5537    36.3888    36.3906    25.4013    25.4000    1539.88    165.445    166.923         31 0.0000e+00
      26782   1115.891     76.473     77.000    21.5642    21.5640   5.130372   5.130370     2.5462     2.1600      99.85   28.07986  -89.99740    0.00212    0.00140     3.7924     3.8263    21.5491    21.5489    36.3975    36.3976    25.4066    25.4067    1539.73    165.173    166.648         32 0.0000e+00
      26814   1117.214     77.466     78.000    21.5688    21.5702   5.132263   5.132547     2.5402     2.1559     100.00   28.07986  -89.99740   -0.00168   -0.00151     3.7797     3.8166    21.5535    21.5549    36.4084    36.4095    25.4136    25.4141    1539.59    164.620    166.226         32 0.0000e+00
      26849   1118.656     78.459     79.000    21.4281    21.4487   5.114722   5.116982     2.5314     2.1484     100.00   28.07986  -89.99740   -0.00428   -0.00338     3.7728     3.8088    21.4126    21.4332    36.3869    36.3875    25.4363    25.4310    1539.45    164.312    165.883         37 0.0000e+00
      26888   1120.307     79.452     80.000    21.0555    21.0586   5.073009   5.073228     2.5009     2.1185     100.00   28.07986  -89.99740   -0.00773   -0.00646     3.7365     3.7675    21.0400    21.0431    36.3683    36.3674    25.5251    25.5235    1539.30    162.720    164.068         41 0.0000e+00
      26926   1121.859     80.445     81.000    21.0622    21.0614   5.080802   5.076665     2.4563     2.0724     100.00   28.07986  -89.99742   -0.02191   -0.02182     3.6419     3.6604    21.0466    21.0473    36.4250    36.4099    25.5665    25.5608    1539.15    158.594    159.399         33 0.0000e+00
      26980   1124.125     82.431     83.000    20.9609    20.9623   5.070051   5.070084     2.4042     2.0262      99.98   28.07413  -89.97904   -0.02328   -0.02225     3.5403     3.5609    20.9450    20.9463    36.4213    36.4204    25.5907    25.5897    1538.54    154.165    155.063         34 0.0000e+00
      27025   1126.005     83.424     84.000    20.9536    20.9543   5.071520   5.071306     2.3833     2.0107      82.98   28.07986  -89.99742   -0.01774   -0.01373     3.4971     3.5260    20.9375    20.9382    36.4418    36.4395    25.6091    25.6072    1538.72    152.280    153.539         45 0.0000e+00
      27064   1127.642     84.417     85.000    20.9480    20.9502   5.073546   5.073802     2.3650     1.9929     100.40   28.07986  -89.99742   -0.01227   -0.00996     3.4590     3.4849    20.9317    20.9339    36.4626    36.4628    25.6266    25.6261    1538.58    150.619    151.745         32 0.0000e+00
      27120   1129.963     86.403     87.000    21.1029    21.0982   5.106598   5.105727     2.3278     1.9556      99.98   28.07480  -89.98123   -0.01352   -0.01388     3.3682     3.3870    21.0863    21.0814    36.5953    36.5920    25.6850    25.6837    1538.04    146.657    147.473         33 0.0000e+00
      27160   1131.619     87.396     88.000    21.1845    21.1821   5.123867   5.123405     2.3231     1.9526     100.00   28.07988  -89.99744   -0.01119   -0.01077     3.3527     3.3747    21.1674    21.1651    36.6650    36.6633    25.7161    25.7154    1538.20    145.976    146.935         38 0.0000e+00
      27199   1133.263     88.389     89.000    21.2587    21.2543   5.140017   5.139088     2.3220     1.9537     100.00   28.07988  -89.99744   -0.00453   -0.00336     3.3448     3.3719    21.2414    21.2370    36.7310    36.7272    25.7459    25.7442    1538.08    145.630    146.811         39 0.0000e+00
      27236   1134.796     89.381     90.000    21.3570    21.3562   5.160324   5.160206     2.3296     1.9647     100.00   28.07988  -89.99744    0.00066    0.00225     3.3531     3.3897    21.3394    21.3386    36.8095    36.8092    25.7785    25.7785    1537.98    145.986    147.578         34 0.0000e+00
      27295   1137.237     91.367     92.000    21.2351    21.1843   5.145662   5.143348     2.3473     1.9813      99.07   28.07699  -89.98816    0.00739    0.00800     3.3979     3.4383    21.2173    21.1674    36.8106    36.8067    25.8128    25.8196    1537.64    147.929    149.688         32 0.0000e+00
      27333   1138.823     92.360     93.000    20.9883    21.0069   5.119168   5.121344     2.3451     1.9778      97.99   28.07989  -89.99744    0.00410    0.00332     3.4108     3.4432    20.9704    20.9890    36.7944    36.7954    25.8688    25.8644    1537.67    148.487    149.895         40 0.0000e+00
      27373   1140.497     93.353     94.000    20.9006    20.9022   5.109627   5.109884     2.3425     1.9755     100.02   28.07990  -89.99744   -0.00109   -0.00162     3.4120     3.4448    20.8825    20.8842    36.7923    36.7929    25.8913    25.8914    1537.55    148.534    149.962         38 0.0000e+00
      27408   1141.941     94.346     95.000    20.8830    20.8847   5.107677   5.107939     2.3414     1.9740     100.00   28.07990  -89.99744   -0.00156   -0.00138     3.4113     3.4430    20.8647    20.8664    36.7913    36.7920    25.8955    25.8955    1537.45    148.503    149.882         31 0.0000e+00
      27437   1143.185     95.339     96.000    20.8753    20.8767   5.107028   5.107246     2.3418     1.9729      98.63   28.07990  -89.99744   -0.00061   -0.00100     3.4130     3.4413    20.8568    20.8582    36.7924    36.7929    25.8984    25.8984    1537.34    148.575    149.807         30 0.0000e+00
      27470   1144.546     96.332     97.000    20.8222    20.8267   5.101862   5.102355     2.3383     1.9724      74.00   28.07990  -89.99745   -0.00064   -0.00078     3.4096     3.4436    20.8036    20.8081    36.7960    36.7961    25.9157    25.9145    1537.24    148.425    149.908         36 0.0000e+00
      27507   1146.098     97.324     98.000    20.7513    20.7550   5.094839   5.095303     2.3351     1.9707      99.89   28.07990  -89.99746   -0.00194   -0.00072     3.4077     3.4444    20.7325    20.7363    36.8000    36.8005    25.9381    25.9375    1537.13    148.341    149.937         38 0.0000e+00
      27544   1147.635     98.317     99.000    20.6982    20.7020   5.089780   5.090213     2.3349     1.9702     100.00   28.07990  -89.99746   -0.00171   -0.00080     3.4113     3.4471    20.6793    20.6831    36.8044    36.8047    25.9560    25.9552    1537.04    148.494    150.052         35 0.0000e+00
      27579   1149.082     99.310    100.000    20.5881    20.5927   5.077233   5.077817     2.3361     1.9710     100.00   28.07990  -89.99746   -0.00011   -0.00028     3.4217     3.4563    20.5691    20.5736    36.7974    36.7982    25.9805    25.9799    1536.93    148.944    150.450         34 0.0000e+00
      27612   1150.450    100.303    101.000    20.5415    20.5441   5.071800   5.072151     2.3383     1.9716     100.00   28.07990  -89.99746    0.00096    0.00041     3.4299     3.4613    20.5224    20.5249    36.7932    36.7938    25.9900    25.9898    1536.83    149.298    150.666         33 0.0000e+00
      27645   1151.831    101.296    102.000    20.5019    20.5046   5.067391   5.067753     2.3372     1.9711     100.00   28.07990  -89.99746    0.00083    0.00027     3.4308     3.4631    20.4825    20.4852    36.7912    36.7918    25.9993    25.9990    1536.73    149.335    150.745         34 0.0000e+00
      27681   1153.338    102.289    103.000    20.4400    20.4453   5.060087   5.060891     2.3362     1.9716     100.00   28.07992  -89.99746   -0.00035    0.00004     3.4333     3.4687    20.4205    20.4259    36.7850    36.7861    26.0113    26.0104    1536.63    149.444    150.983         38 0.0000e+00
      27718   1154.875    103.282    104.000    20.3707    20.3717   5.051643   5.051782     2.3355     1.9693     100.00   28.07992  -89.99746   -0.00057   -0.00026     3.4371     3.4685    20.3510    20.3521    36.7758    36.7760    26.0230    26.0229    1536.53    149.608    150.973         34 0.0000e+00
      27750   1156.204    104.274    105.000    20.3161    20.3145   5.045349   5.045212     2.3334     1.9688      87.77   28.07992  -89.99746   -0.00070   -0.00108     3.4369     3.4717    20.2963    20.2947    36.7714    36.7717    26.0343    26.0350    1536.42    149.597    151.113         31 0.0000e+00
      27781   1157.518    105.267    106.000    20.2876    20.2878   5.042123   5.042194     2.3332     1.9700      99.60   28.07992  -89.99746   -0.00106   -0.00040     3.4388     3.4767    20.2676    20.2678    36.7694    36.7698    26.0405    26.0408    1536.33    149.679    151.330         34 0.0000e+00
      27819   1159.074    106.260    107.000    20.2655    20.2679   5.039548   5.039890     2.3347     1.9702     100.00   28.07992  -89.99746   -0.00004    0.00056     3.4441     3.4788    20.2453    20.2477    36.7671    36.7679    26.0448    26.0447    1536.23    149.907    151.419         39 0.0000e+00
      27858   1160.689    107.253    108.000    20.2009    20.2070   5.031712   5.032443     2.3337     1.9683     100.00   28.07992  -89.99747    0.00038   -0.00018     3.4467     3.4788    20.1807    20.1867    36.7587    36.7594    26.0557    26.0546    1536.13    150.023    151.419         37 0.0000e+00
      27892   1162.109    108.246    109.000    20.1186    20.1209   5.021546   5.021859     2.3322     1.9656      98.82   28.07992  -89.99748   -0.00049   -0.00132     3.4501     3.4790    20.0982    20.1005    36.7468    36.7474    26.0687    26.0685    1536.04    150.166    151.427         32 0.0000e+00
      27948   1164.477    110.231    111.000    20.0783    20.0797   5.016127   5.016353     2.3284     1.9639      99.98   28.07435  -89.97962   -0.00113   -0.00091     3.4454     3.4783    20.0575    20.0590    36.7338    36.7344    26.0689    26.0690    1535.54    149.963    151.395         35 0.0000e+00
      27992   1166.310    111.224    112.000    20.0680    20.0697   5.015445   5.015703     2.3276     1.9640     100.00   28.07992  -89.99748   -0.00135   -0.00042     3.4449     3.4798    20.0471    20.0488    36.7393    36.7400    26.0766    26.0767    1535.76    149.939    151.457         41 0.0000e+00
      28031   1167.917    112.217    113.000    20.0506    20.0519   5.013375   5.013588     2.3283     1.9647     100.00   28.07992  -89.99748   -0.00040    0.00005     3.4480     3.4829    20.0295    20.0308    36.7371    36.7377    26.0797    26.0797    1535.66    150.073    151.593         35 0.0000e+00
      28063   1169.235    113.210    114.000    20.0273    20.0301   5.010450   5.010784     2.3273     1.9643     100.00   28.07992  -89.99748    0.00013    0.00033     3.4479     3.4841    20.0061    20.0088    36.7329    36.7333    26.0827    26.0822    1535.57    150.071    151.644         30 0.0000e+00
