Gulf of Mexico/GOMECC-4/1db/drb2103_0741.cnv
* Sea-Bird SBE 9 Data File:
* FileName = C:\Users\scs.user.rb\CTD\GOMECC4\data\rb2103_0741.hex
* Software Version Seasave V 7.26.7.107
* Temperature SN = 4799
* Conductivity SN = 3860
* Number of Bytes Per Scan = 41
* Number of Voltage Words = 4
* Number of Scans Averaged by the Deck Unit = 1
* NMEA Latitude = 24 59.96 N
* NMEA Longitude = 093 24.95 W
* NMEA UTC (Time) = Oct 04 2021  19:58:51
* NMEA baud rate = 4800
# nquan = 28
# nvalues = 829                         
# units = specified
# name 0 = scan: Scan Count
# name 1 = timeS: Time, Elapsed [seconds]
# name 2 = depSM: Depth [salt water, m]
# name 3 = prDM: Pressure, Digiquartz [db]
# name 4 = t090C: Temperature [ITS-90, deg C]
# name 5 = t190C: Temperature, 2 [ITS-90, deg C]
# name 6 = c0S/m: Conductivity [S/m]
# name 7 = c1S/m: Conductivity, 2 [S/m]
# name 8 = sbeox0V: Oxygen raw, SBE 43 [V]
# name 9 = sbeox1V: Oxygen raw, SBE 43, 2 [V]
# name 10 = altM: Altimeter [m]
# name 11 = latitude: Latitude [deg]
# name 12 = longitude: Longitude [deg]
# name 13 = sbox0dV/dT: Oxygen, SBE 43 [dov/dt]
# name 14 = sbox1dV/dT: Oxygen, SBE 43, 2 [dov/dt]
# name 15 = sbeox0ML/L: Oxygen, SBE 43 [ml/l], WS = 5
# name 16 = sbeox1ML/L: Oxygen, SBE 43, 2 [ml/l], WS = 5
# name 17 = potemp090C: Potential Temperature [ITS-90, deg C]
# name 18 = potemp190C: Potential Temperature, 2 [ITS-90, deg C]
# name 19 = sal00: Salinity, Practical [PSU]
# name 20 = sal11: Salinity, Practical, 2 [PSU]
# name 21 = sigma-é00: Density [sigma-theta, kg/m^3]
# name 22 = sigma-é11: Density, 2 [sigma-theta, kg/m^3]
# name 23 = avgsvCM: Average Sound Velocity [Chen-Millero, m/s], minP = 20, minS = 20
# name 24 = sbox0Mm/Kg: Oxygen, SBE 43 [umol/kg], WS = 5
# name 25 = sbox1Mm/Kg: Oxygen, SBE 43, 2 [umol/kg], WS = 5
# name 26 = nbin: number of scans per bin
# name 27 = flag: flag
# span 0 =      16226,     117935       
# span 1 =    676.025,   4913.930       
# span 2 =      3.974,   3653.156       
# span 3 =      4.000,   3709.000       
# span 4 =     4.2913,    29.4663       
# span 5 =     4.2918,    29.4713       
# span 6 =   3.350044,   5.954798       
# span 7 =   3.350006,   5.955361       
# span 8 =     1.5770,     3.3499       
# span 9 =     1.2810,     2.8635       
# span 10 =       9.94,     102.32      
# span 11 =   24.93399,   25.00133      
# span 12 =  -93.42278,  -93.17113      
# span 13 =   -0.03304,    0.02055      
# span 14 =   -0.03199,    0.02120      
# span 15 =     2.4425,     4.9616      
# span 16 =     2.4622,     4.9652      
# span 17 =     4.0772,    29.4653      
# span 18 =     4.0784,    29.4703      
# span 19 =    34.9119,    36.6592      
# span 20 =    34.9114,    36.6604      
# span 21 =    22.8119,    27.7594      
# span 22 =    22.8103,    27.7581      
# span 23 =       0.00,    1545.87      
# span 24 =    106.199,    216.433      
# span 25 =    107.056,    216.591      
# span 26 =         30,         68      
# span 27 = 0.0000e+00, 0.0000e+00      
# interval = decibars: 1                
# start_time = Oct 04 2021 19:58:51 [NMEA time, header]
# bad_flag = -9.990e-29
*END*
[from data line 363]
      55866   2327.702   1409.035   1423.000     4.3971     4.3975   3.350588   3.350554     1.9371     1.6166     100.00   24.99892  -93.41408    0.00010 -7.761e-13     4.5148     4.5455     4.2796     4.2800    34.9626    34.9618    27.7267    27.7260    1499.85    196.191    197.526         31 0.0000e+00
      55900   2329.107   1410.022   1424.000     4.3967     4.3972   3.350651   3.350629     1.9371     1.6166     100.00   24.99944  -93.41602    0.00004    0.00000     4.5153     4.5464     4.2792     4.2796    34.9632    34.9625    27.7272    27.7266    1499.87    196.212    197.563         33 0.0000e+00
      56053   2335.489   1415.943   1430.000     4.3945     4.3950   3.350736   3.350704     1.9371     1.6167     100.00   24.99955  -93.41644    0.00002    0.00004     4.5191     4.5505     4.2764     4.2769    34.9636    34.9628    27.7278    27.7271    1499.84    196.378    197.744         30 0.0000e+00
      56205   2341.842   1421.864   1436.000     4.3884     4.3889   3.350437   3.350405     1.9369     1.6166     100.00   24.99931  -93.41556    0.00000    0.00001     4.5224     4.5542     4.2698     4.2703    34.9635    34.9627    27.7285    27.7278    1499.79    196.520    197.902         30 0.0000e+00
      56436   2351.468   1430.744   1445.000     4.3831     4.3837   3.350253   3.350230     1.9375     1.6168     100.00   24.99843  -93.41230   -0.00002   -0.00004     4.5309     4.5614     4.2637     4.2643    34.9625    34.9617    27.7283    27.7276    1499.69    196.891    198.217         34 0.0000e+00
      56475   2353.076   1431.731   1446.000     4.3822     4.3827   3.350341   3.350311     1.9376     1.6166     100.00   24.99944  -93.41602    0.00009   -0.00024     4.5319     4.5610     4.2628     4.2633    34.9640    34.9632    27.7297    27.7289    1499.75    196.935    198.200         35 0.0000e+00
      56594   2358.024   1436.665   1451.000     4.3774     4.3779   3.350083   3.350056     1.9377     1.6166     100.00   24.99903  -93.41450    0.00010    0.00002     4.5359     4.5648     4.2575     4.2580    34.9637    34.9628    27.7299    27.7292    1499.70    197.107    198.364         42 0.0000e+00
      56747   2364.400   1442.585   1457.000     4.3740     4.3745   3.350049   3.350022     1.9377     1.6173     100.00   24.99905  -93.41455   -0.00004    0.00014     4.5397     4.5714     4.2536     4.2541    34.9639    34.9631    27.7305    27.7298    1499.67    197.270    198.649         34 0.0000e+00
      56782   2365.861   1443.572   1458.000     4.3737     4.3740   3.350111   3.350078     1.9378     1.6174     100.00   24.99944  -93.41602    0.00001    0.00028     4.5406     4.5727     4.2532     4.2535    34.9645    34.9637    27.7310    27.7304    1499.69    197.313    198.705         33 0.0000e+00
      56903   2370.936   1448.505   1463.000     4.3714     4.3719   3.350079   3.350045     1.9376     1.6176      87.06   24.99898  -93.41431   -0.00002    0.00001     4.5434     4.5765     4.2505     4.2510    34.9640    34.9631    27.7309    27.7302    1499.63    197.433    198.872         32 0.0000e+00
      57144   2380.949   1457.385   1472.000     4.3689     4.3693   3.350332   3.350292     1.9372     1.6166      94.14   24.99978  -93.41732   -0.00008   -0.00006     4.5474     4.5781     4.2471     4.2476    34.9653    34.9643    27.7323    27.7315    1499.63    197.607    198.941         31 0.0000e+00
      57263   2385.913   1462.318   1477.000     4.3645     4.3649   3.350044   3.350006     1.9371     1.6165     100.00   24.99872  -93.41344   -0.00001    0.00006     4.5505     4.5815     4.2423     4.2428    34.9640    34.9631    27.7318    27.7311    1499.55    197.741    199.087         32 0.0000e+00
      57301   2387.494   1463.305   1478.000     4.3640     4.3644   3.350118   3.350086     1.9373     1.6166     100.00   24.99942  -93.41604    0.00007    0.00001     4.5517     4.5824     4.2417     4.2422    34.9650    34.9641    27.7327    27.7320    1499.59    197.795    199.127         37 0.0000e+00
      57418   2392.381   1468.237   1483.000     4.3632     4.3637   3.350198   3.350168     1.9372     1.6166     100.00   24.99883  -93.41384   -0.00004   -0.00001     4.5546     4.5855     4.2405     4.2410    34.9642    34.9634    27.7322    27.7315    1499.52    197.917    199.261         30 0.0000e+00
      57451   2393.764   1469.224   1484.000     4.3631     4.3633   3.350305   3.350247     1.9372     1.6166     100.00   24.99942  -93.41604    0.00006    0.00001     4.5552     4.5861     4.2404     4.2405    34.9651    34.9642    27.7329    27.7322    1499.56    197.945    199.290         33 0.0000e+00
      57686   2403.559   1478.103   1493.000     4.3605     4.3608   3.350481   3.350432     1.9370     1.6162     100.00   24.99960  -93.41671    0.00010    0.00008     4.5601     4.5902     4.2369     4.2372    34.9655    34.9646    27.7336    27.7329    1499.53    198.160    199.468         31 0.0000e+00
      57810   2408.693   1483.036   1498.000     4.3590     4.3595   3.350477   3.350441     1.9365     1.6153      63.50   24.99882  -93.41382   -0.00008   -0.00013     4.5613     4.5898     4.2350     4.2354    34.9646    34.9637    27.7331    27.7323    1499.45    198.209    199.449         33 0.0000e+00
      57844   2410.139   1484.022   1499.000     4.3591     4.3596   3.350592   3.350565     1.9363     1.6154     101.52   24.99942  -93.41604   -0.00008   -0.00006     4.5612     4.5905     4.2349     4.2354    34.9654    34.9646    27.7337    27.7330    1499.49    198.207    199.478         31 0.0000e+00
      57968   2415.274   1488.955   1504.000     4.3580     4.3584   3.350714   3.350672     1.9359     1.6148     100.00   24.99946  -93.41618   -0.00009   -0.00007     4.5627     4.5912     4.2334     4.2338    34.9655    34.9646    27.7340    27.7332    1499.47    198.271    199.509         32 0.0000e+00
      58670   2444.524   1515.588   1531.000     4.3450     4.3453   3.350745   3.350715     1.9348     1.6142     100.00   24.99965  -93.41698    0.00010   -0.00001     4.5763     4.6067     4.2180     4.2183    34.9664    34.9657    27.7364    27.7358    1499.37    198.864    200.184         31 0.0000e+00
      58800   2449.948   1520.519   1536.000     4.3442     4.3446   3.350899   3.350872     1.9350     1.6143     100.00   24.99972  -93.41727    0.00002    0.00001     4.5801     4.6102     4.2168     4.2172    34.9666    34.9658    27.7366    27.7360    1499.35    199.026    200.336         35 0.0000e+00
      58895   2453.925   1524.465   1540.000     4.3442     4.3445   3.350943   3.350898     1.9343     1.6141     100.00   24.99864  -93.41323   -0.00018   -0.00007     4.5799     4.6118     4.2164     4.2167    34.9651    34.9643    27.7355    27.7348    1499.27    199.019    200.407         31 0.0000e+00
      58933   2455.481   1525.451   1541.000     4.3443     4.3447   3.351084   3.351044     1.9344     1.6139     100.00   24.99940  -93.41608   -0.00004   -0.00004     4.5810     4.6116     4.2164     4.2168    34.9662    34.9653    27.7364    27.7356    1499.32    199.066    200.398         36 0.0000e+00
      59059   2460.751   1530.383   1546.000     4.3427     4.3431   3.351211   3.351168     1.9337     1.6128     100.00   24.99984  -93.41771   -0.00012   -0.00007     4.5815     4.6103     4.2143     4.2147    34.9670    34.9660    27.7372    27.7364    1499.33    199.087    200.338         39 0.0000e+00
      59186   2466.038   1535.314   1551.000     4.3399     4.3404   3.351146   3.351116     1.9332     1.6122     100.00   24.99958  -93.41674   -0.00003   -0.00019     4.5828     4.6112     4.2110     4.2116    34.9668    34.9659    27.7374    27.7366    1499.29    199.144    200.378         32 0.0000e+00
      59570   2482.032   1550.107   1566.000     4.3358     4.3363   3.351365   3.351338     1.9325     1.6110      96.14   24.99910  -93.41495   -0.00005   -0.00016     4.5897     4.6157     4.2056     4.2061    34.9663    34.9655    27.7376    27.7369    1499.21    199.444    200.572         30 0.0000e+00
      59603   2483.406   1551.093   1567.000     4.3356     4.3360   3.351417   3.351387     1.9323     1.6116      95.70   24.99940  -93.41608   -0.00005   -0.00012     4.5897     4.6188     4.2053     4.2057    34.9666    34.9659    27.7379    27.7373    1499.22    199.444    200.707         34 0.0000e+00
      59724   2488.454   1556.024   1572.000     4.3329     4.3334   3.351322   3.351300     1.9316     1.6116     100.00   24.99873  -93.41361   -0.00008   -0.00003     4.5904     4.6224     4.2022     4.2027    34.9659    34.9651    27.7376    27.7370    1499.16    199.474    200.864         30 0.0000e+00
      59757   2489.847   1557.011   1573.000     4.3328     4.3333   3.351435   3.351404     1.9317     1.6117     100.00   24.99940  -93.41610   -0.00006   -0.00005     4.5912     4.6230     4.2020     4.2025    34.9669    34.9660    27.7384    27.7377    1499.20    199.509    200.890         33 0.0000e+00
      59909   2496.149   1562.927   1579.000     4.3317     4.3322   3.351581   3.351555     1.9315     1.6111     100.00   24.99923  -93.41545    0.00001   -0.00009     4.5944     4.6244     4.2004     4.2008    34.9668    34.9660    27.7385    27.7379    1499.17    199.646    200.953         31 0.0000e+00
      59941   2497.481   1563.913   1580.000     4.3315     4.3319   3.351624   3.351595     1.9315     1.6113     100.00   24.99940  -93.41610   -0.00001 -6.380e-07     4.5947     4.6258     4.2001     4.2005    34.9670    34.9662    27.7388    27.7381    1499.18    199.662    201.011         30 0.0000e+00
      60068   2502.791   1568.844   1585.000     4.3305     4.3309   3.351768   3.351738     1.9311     1.6105     100.00   24.99960  -93.41685   -0.00005   -0.00016     4.5964     4.6257     4.1986     4.1990    34.9674    34.9666    27.7392    27.7385    1499.17    199.734    201.010         30 0.0000e+00
      61076   2544.779   1607.298   1624.000     4.3163     4.3167   3.352172   3.352135     1.9292     1.6093      96.13   24.99948  -93.41641   -0.00002    0.00002     4.6143     4.6461     4.1808     4.1812    34.9681    34.9673    27.7417    27.7410    1499.05    200.513    201.893         30 0.0000e+00
      61361   2556.653   1618.143   1635.000     4.3141     4.3146   3.352474   3.352437     1.9287     1.6081      85.95   24.99968  -93.41713   -0.00004   -0.00005     4.6191     4.6481     4.1777     4.1782    34.9686    34.9676    27.7424    27.7416    1499.04    200.721    201.979         31 0.0000e+00
      61485   2561.814   1623.072   1640.000     4.3135     4.3140   3.352542   3.352519     1.9276     1.6075     100.00   24.99901  -93.41466   -0.00018   -0.00011     4.6181     4.6488     4.1766     4.1771    34.9676    34.9668    27.7418    27.7411    1498.99    200.676    202.013         30 0.0000e+00
      61517   2563.158   1624.059   1641.000     4.3131     4.3138   3.352602   3.352589     1.9275     1.6075      99.85   24.99940  -93.41612   -0.00016   -0.00016     4.6185     4.6492     4.1761     4.1768    34.9683    34.9673    27.7423    27.7415    1499.01    200.695    202.027         33 0.0000e+00
      61640   2568.273   1628.988   1646.000     4.3117     4.3122   3.352645   3.352614     1.9271     1.6068     100.00   24.99901  -93.41468   -0.00003   -0.00003     4.6201     4.6495     4.1742     4.1747    34.9678    34.9670    27.7422    27.7414    1498.97    200.765    202.042         30 0.0000e+00
      61674   2569.705   1629.973   1647.000     4.3117     4.3122   3.352734   3.352700     1.9273     1.6069     100.00   24.99940  -93.41612    0.00003    0.00001     4.6215     4.6505     4.1742     4.1746    34.9683    34.9674    27.7426    27.7418    1498.99    200.826    202.084         35 0.0000e+00
      61797   2574.825   1634.902   1652.000     4.3115     4.3120   3.352788   3.352754     1.9269     1.6063      99.75   24.99830  -93.41202   -0.00009   -0.00002     4.6229     4.6513     4.1735     4.1739    34.9667    34.9659    27.7414    27.7406    1498.91    200.884    202.121         44 0.0000e+00
      61951   2581.251   1640.817   1658.000     4.3110     4.3115   3.353077   3.353054     1.9264     1.6056     100.00   24.99901  -93.41466   -0.00004    0.00002     4.6248     4.6521     4.1724     4.1729    34.9678    34.9670    27.7423    27.7417    1498.94    200.966    202.155         37 0.0000e+00
      61987   2582.759   1641.803   1659.000     4.3111     4.3116   3.353179   3.353147     1.9264     1.6056     100.00   24.99940  -93.41612   -0.00009    0.00001     4.6251     4.6525     4.1724     4.1729    34.9685    34.9675    27.7429    27.7421    1498.96    200.981    202.172         31 0.0000e+00
      62081   2586.657   1645.746   1663.000     4.3105     4.3110   3.353229   3.353202     1.9257     1.6056      68.97   24.99890  -93.41425   -0.00018    0.00001     4.6251     4.6549     4.1714     4.1719    34.9677    34.9669    27.7424    27.7417    1498.92    200.981    202.277         31 0.0000e+00
      62114   2588.056   1646.732   1664.000     4.3101     4.3106   3.353303   3.353269     1.9255     1.6055     101.34   24.99940  -93.41612   -0.00011 -7.700e-07     4.6249     4.6553     4.1709     4.1714    34.9685    34.9676    27.7431    27.7423    1498.95    200.972    202.294         31 0.0000e+00
      62212   2592.114   1650.674   1668.000     4.3091     4.3096   3.353291   3.353262     1.9249     1.6051     100.00   24.99869  -93.41346   -0.00016   -0.00008     4.6253     4.6564     4.1696     4.1700    34.9674    34.9666    27.7424    27.7417    1498.90    200.989    202.340         38 0.0000e+00
      62250   2593.702   1651.660   1669.000     4.3090     4.3095   3.353412   3.353392     1.9245     1.6047     100.00   24.99940  -93.41613   -0.00011   -0.00014     4.6241     4.6549     4.1694     4.1698    34.9685    34.9678    27.7433    27.7426    1498.94    200.938    202.276         30 0.0000e+00
      62371   2598.753   1656.589   1674.000     4.3077     4.3081   3.353532   3.353498     1.9244     1.6044      65.03   24.99963  -93.41699   -0.00000   -0.00002     4.6270     4.6568     4.1676     4.1680    34.9689    34.9681    27.7438    27.7431    1498.94    201.064    202.360         42 0.0000e+00
      62552   2606.289   1663.489   1681.000     4.3061     4.3065   3.353657   3.353619     1.9242     1.6034      98.80   24.99937  -93.41603    0.00002   -0.00015     4.6308     4.6574     4.1653     4.1658    34.9687    34.9678    27.7438    27.7431    1498.92    201.229    202.385         33 0.0000e+00
      62759   2614.935   1671.374   1689.000     4.3052     4.3057   3.353909   3.353890     1.9237     1.6033     100.00   24.99937  -93.41603    0.00007    0.00002     4.6337     4.6617     4.1636     4.1642    34.9688    34.9680    27.7441    27.7434    1498.90    201.354    202.572         32 0.0000e+00
      62911   2621.256   1677.287   1695.000     4.3036     4.3042   3.353992   3.353962     1.9228     1.6029     100.00   24.99906  -93.41487   -0.00012   -0.00007     4.6340     4.6640     4.1615     4.1621    34.9684    34.9675    27.7440    27.7432    1498.87    201.367    202.670         37 0.0000e+00
      62947   2622.751   1678.273   1696.000     4.3038     4.3043   3.354097   3.354060     1.9227     1.6027     100.00   24.99940  -93.41614   -0.00007   -0.00007     4.6341     4.6636     4.1616     4.1621    34.9690    34.9681    27.7445    27.7437    1498.89    201.374    202.655         30 0.0000e+00
      63071   2627.906   1683.201   1701.000     4.3031     4.3035   3.354251   3.354211     1.9223     1.6020     100.00   24.99950  -93.41652   -0.00004   -0.00019     4.6357     4.6640     4.1604     4.1609    34.9692    34.9682    27.7447    27.7439    1498.89    201.441    202.670         32 0.0000e+00
