Gulf of Mexico/GOMECC-4/1db/drb2103_0341.cnv
* Sea-Bird SBE 9 Data File:
* FileName = C:\Users\scs.user.rb\CTD\GOMECC4\data\rb2103_0341.hex
* Software Version Seasave V 7.26.7.107
* Temperature SN = 4799
* Conductivity SN = 3860
* Number of Bytes Per Scan = 41
* Number of Voltage Words = 4
* Number of Scans Averaged by the Deck Unit = 1
* NMEA Latitude = 29 03.10 N
* NMEA Longitude = 087 31.28 W
* NMEA UTC (Time) = Sep 24 2021  06:51:00
* NMEA baud rate = 4800
# nquan = 28
# nvalues = 303                         
# units = specified
# name 0 = scan: Scan Count
# name 1 = timeS: Time, Elapsed [seconds]
# name 2 = depSM: Depth [salt water, m]
# name 3 = prDM: Pressure, Digiquartz [db]
# name 4 = t090C: Temperature [ITS-90, deg C]
# name 5 = t190C: Temperature, 2 [ITS-90, deg C]
# name 6 = c0S/m: Conductivity [S/m]
# name 7 = c1S/m: Conductivity, 2 [S/m]
# name 8 = sbeox0V: Oxygen raw, SBE 43 [V]
# name 9 = sbeox1V: Oxygen raw, SBE 43, 2 [V]
# name 10 = altM: Altimeter [m]
# name 11 = latitude: Latitude [deg]
# name 12 = longitude: Longitude [deg]
# name 13 = sbox0dV/dT: Oxygen, SBE 43 [dov/dt]
# name 14 = sbox1dV/dT: Oxygen, SBE 43, 2 [dov/dt]
# name 15 = sbeox0ML/L: Oxygen, SBE 43 [ml/l], WS = 5
# name 16 = sbeox1ML/L: Oxygen, SBE 43, 2 [ml/l], WS = 5
# name 17 = potemp090C: Potential Temperature [ITS-90, deg C]
# name 18 = potemp190C: Potential Temperature, 2 [ITS-90, deg C]
# name 19 = sal00: Salinity, Practical [PSU]
# name 20 = sal11: Salinity, Practical, 2 [PSU]
# name 21 = sigma-é00: Density [sigma-theta, kg/m^3]
# name 22 = sigma-é11: Density, 2 [sigma-theta, kg/m^3]
# name 23 = avgsvCM: Average Sound Velocity [Chen-Millero, m/s], minP = 20, minS = 20
# name 24 = sbox0Mm/Kg: Oxygen, SBE 43 [umol/kg], WS = 5
# name 25 = sbox1Mm/Kg: Oxygen, SBE 43, 2 [umol/kg], WS = 5
# name 26 = nbin: number of scans per bin
# name 27 = flag: flag
# span 0 =      15130,      58622       
# span 1 =    630.395,   2442.545       
# span 2 =      3.973,   1483.574       
# span 3 =      4.000,   1499.000       
# span 4 =     4.2937,    28.2570       
# span 5 =     4.2941,    28.2482       
# span 6 =   3.344506,   5.744590       
# span 7 =   3.344471,   5.744817       
# span 8 =     1.6160,     3.1308       
# span 9 =     1.3214,     2.6627       
# span 10 =       9.61,     100.48      
# span 11 =   29.04600,   29.05357      
# span 12 =  -87.52572,  -87.50285      
# span 13 =   -0.03711,    0.01992      
# span 14 =   -0.03609,    0.02013      
# span 15 =     2.6236,     4.6551      
# span 16 =     2.6492,     4.7023      
# span 17 =     4.1706,    28.2612      
# span 18 =     4.1710,    28.2436      
# span 19 =    34.0905,    36.4882      
# span 20 =    34.0913,    36.4895      
# span 21 =    21.8255,    27.7427      
# span 22 =    21.8250,    27.7420      
# span 23 =       0.00,    1562.34      
# span 24 =    114.177,    202.284      
# span 25 =    115.293,    204.338      
# span 26 =         30,         79      
# span 27 = 0.0000e+00, 0.0000e+00      
# interval = decibars: 1                
# start_time = Sep 24 2021 06:51:00 [NMEA time, header]
# bad_flag = -9.990e-29
*END*
[from data line 208]
      23975    998.914    228.325    230.000    14.5185    14.5200   4.351563   4.351765     1.8468     1.5288     100.00   29.05232  -87.52180   -0.00397   -0.00346     2.7645     2.7942    14.4842    14.4857    35.8934    35.8939    26.7741    26.7741    1524.21    120.245    121.533         31 0.0000e+00
      24005   1000.160    229.317    231.000    14.4586    14.4590   4.344239   4.344373     1.8439     1.5266     100.00   29.05232  -87.52180   -0.00292   -0.00218     2.7609     2.7917    14.4242    14.4246    35.8831    35.8837    26.7791    26.7794    1524.16    120.087    121.427         30 0.0000e+00
      24037   1001.497    230.309    232.000    14.4235    14.4242   4.340424   4.340538     1.8416     1.5247     100.00   29.05232  -87.52180   -0.00226   -0.00167     2.7586     2.7897    14.3890    14.3897    35.8776    35.8780    26.7824    26.7826    1524.08    119.985    121.336         34 0.0000e+00
      24072   1002.967    231.301    233.000    14.4128    14.4139   4.339225   4.339385     1.8398     1.5235     100.00   29.05232  -87.52180   -0.00173   -0.00136     2.7552     2.7876    14.3781    14.3793    35.8760    35.8764    26.7835    26.7836    1524.02    119.837    121.247         32 0.0000e+00
      27293   1137.154    358.257    361.000    11.2815    11.2823   3.985735   3.985818     1.7076     1.4054     100.00   29.05257  -87.52249   -0.00032   -0.00037     2.6620     2.6982    11.2357    11.2365    35.3830    35.3831    27.0307    27.0306    1517.03    115.755    117.330         32 0.0000e+00
      27518   1146.558    367.181    370.000    10.9665    10.9680   3.951103   3.951239     1.6953     1.3944     100.00   29.05226  -87.52153   -0.00136   -0.00117     2.6523     2.6893    10.9204    10.9219    35.3363    35.3362    27.0520    27.0517    1516.60    115.333    116.940         30 0.0000e+00
      32046   1335.202    545.573    550.000     8.3437     8.3446   3.678169   3.678226     1.6162     1.3219      99.99   29.05043  -87.51600   -0.00014   -0.00015     2.6677     2.7030     8.2854     8.2862    35.0026    35.0023    27.2325    27.2322    1509.64    115.979    117.517         33 0.0000e+00
      32081   1336.664    546.563    551.000     8.3291     8.3292   3.676899   3.676885     1.6160     1.3214     100.00   29.05238  -87.52186   -0.00019   -0.00024     2.6683     2.7026     8.2707     8.2708    35.0034    35.0031    27.2355    27.2352    1509.71    116.007    117.499         30 0.0000e+00
      33591   1399.569    605.993    611.000     7.5095     7.5102   3.596759   3.596791     1.6293     1.3346      95.87   29.05251  -87.52226    0.00013   -0.00002     2.7889     2.8257     7.4483     7.4490    34.9367    34.9362    27.3054    27.3049    1507.91    121.240    122.842         30 0.0000e+00
      38369   1598.671    791.106    798.000     6.1105     6.1109   3.473827   3.473833     1.7207     1.4205     100.00   29.05133  -87.51867    0.00038    0.00045     3.2645     3.3073     6.0379     6.0384    34.9033    34.9029    27.4715    27.4711    1503.40    141.892    143.754         30 0.0000e+00
      38603   1608.424    800.011    807.000     6.0598     6.0611   3.469969   3.469972     1.7255     1.4252     100.00   29.05252  -87.52228    0.00058    0.00054     3.2893     3.3326     5.9867     5.9879    34.9054    34.9049    27.4797    27.4791    1503.30    142.969    144.853         31 0.0000e+00
      38729   1613.670    804.958    812.000     6.0293     6.0299   3.467244   3.467263     1.7286     1.4286     100.00   29.05244  -87.52204    0.00061    0.00079     3.3035     3.3492     5.9559     5.9564    34.9058    34.9055    27.4840    27.4836    1503.19    143.589    145.573         31 0.0000e+00
      40138   1672.392    859.368    867.000     5.7820     5.7824   3.447687   3.447668     1.7555     1.4535     100.00   29.05304  -87.52383    0.00096    0.00063     3.4387     3.4851     5.7049     5.7053    34.9121    34.9115    27.5205    27.5201    1502.26    149.461    151.475         30 0.0000e+00
      43426   1809.390    985.940    995.000     5.2486     5.2490   3.406217   3.406198     1.8263     1.5199     100.00   29.05227  -87.52156    0.00081    0.00097     3.7907     3.8411     5.1632     5.1636    34.9282    34.9276    27.5992    27.5986    1500.37    164.745    166.934         30 0.0000e+00
      43555   1814.768    990.883   1000.000     5.2290     5.2295   3.404725   3.404719     1.8302     1.5235     100.00   29.05231  -87.52169    0.00072    0.00076     3.8086     3.8593     5.1432     5.1437    34.9290    34.9284    27.6022    27.6017    1500.31    165.523    167.728         30 0.0000e+00
      44438   1851.543   1024.489   1034.000     5.1357     5.1355   3.398082   3.398009     1.8436     1.5355     100.00   29.05271  -87.52291    0.00056    0.00034     3.8815     3.9311     5.0475     5.0473    34.9329    34.9322    27.6166    27.6161    1499.93    168.691    170.846         30 0.0000e+00
      44567   1856.917   1029.431   1039.000     5.1130     5.1135   3.396290   3.396280     1.8450     1.5365     100.00   29.05237  -87.52187    0.00022    0.00015     3.8912     3.9399     5.0246     5.0251    34.9333    34.9327    27.6196    27.6190    1499.86    169.109    171.226         33 0.0000e+00
      45347   1889.407   1059.079   1069.000     4.9928     4.9933   3.387158   3.387151     1.8625     1.5530     100.00   29.05316  -87.52431    0.00046    0.00044     3.9805     4.0304     4.9025     4.9030    34.9385    34.9379    27.6379    27.6373    1499.57    172.988    175.159         30 0.0000e+00
      45449   1893.670   1063.032   1073.000     4.9732     4.9737   3.385582   3.385568     1.8640     1.5547     100.00   29.05271  -87.52294    0.00032    0.00044     3.9899     4.0409     4.8827     4.8832    34.9387    34.9381    27.6403    27.6398    1499.51    173.397    175.613         30 0.0000e+00
      45553   1897.991   1066.985   1077.000     4.9602     4.9607   3.384598   3.384590     1.8665     1.5573      95.00   29.05253  -87.52240    0.00054    0.00053     4.0020     4.0545     4.8695     4.8699    34.9389    34.9383    27.6420    27.6415    1499.45    173.923    176.205         30 0.0000e+00
      45811   1908.769   1076.866   1087.000     4.9146     4.9149   3.381035   3.381017     1.8739     1.5641      72.48   29.05230  -87.52177    0.00096    0.00081     4.0385     4.0906     4.8233     4.8236    34.9404    34.9398    27.6485    27.6480    1499.34    175.507    177.773         32 0.0000e+00
      45909   1912.854   1080.818   1091.000     4.9072     4.9077   3.380495   3.380470     1.8754     1.5652     100.00   29.05137  -87.51895    0.00034    0.00029     4.0467     4.0979     4.8156     4.8161    34.9397    34.9390    27.6488    27.6482    1499.25    175.861    178.086         31 0.0000e+00
      45944   1914.290   1081.806   1092.000     4.9061     4.9066   3.380536   3.380514     1.8757     1.5653     100.00   29.05232  -87.52182    0.00022    0.00017     4.0482     4.0988     4.8144     4.8148    34.9409    34.9403    27.6499    27.6494    1499.29    175.929    178.127         32 0.0000e+00
      46043   1918.406   1085.759   1096.000     4.8961     4.8966   3.379812   3.379803     1.8761     1.5653     100.00   29.05216  -87.52134    0.00013   -0.00002     4.0529     4.1019     4.8041     4.8046    34.9411    34.9405    27.6512    27.6507    1499.24    176.132    178.261         33 0.0000e+00
      47313   1971.320   1134.169   1145.000     4.7765     4.7769   3.371563   3.371547     1.8939     1.5824     100.00   29.05210  -87.52121    0.00051    0.00086     4.1557     4.2073     4.6810     4.6814    34.9457    34.9451    27.6689    27.6683    1498.78    180.598    182.838         31 0.0000e+00
      47650   1985.373   1147.010   1158.000     4.7511     4.7514   3.369853   3.369823     1.8982     1.5865     100.00   29.05196  -87.52079    0.00016    0.00020     4.1807     4.2332     4.6547     4.6549    34.9465    34.9458    27.6724    27.6719    1498.65    181.682    183.965         30 0.0000e+00
      48352   2014.627   1173.679   1185.000     4.6716     4.6723   3.364201   3.364202     1.9105     1.5981     100.00   29.05261  -87.52277    0.00049    0.00088     4.2486     4.3022     4.5734     4.5741    34.9507    34.9500    27.6849    27.6843    1498.46    184.633    186.958         30 0.0000e+00
      48557   2023.162   1181.580   1193.000     4.6455     4.6459   3.362225   3.362209     1.9142     1.6011     100.00   29.05192  -87.52069    0.00049    0.00043     4.2695     4.3217     4.5468     4.5472    34.9511    34.9504    27.6882    27.6876    1498.36    185.539    187.807         30 0.0000e+00
      48688   2028.608   1186.518   1198.000     4.6432     4.6432   3.362256   3.362225     1.9174     1.6044     100.00   29.05233  -87.52195    0.00063    0.00066     4.2839     4.3375     4.5441     4.5440    34.9517    34.9510    27.6890    27.6885    1498.34    186.166    188.492         30 0.0000e+00
      49257   2052.340   1208.244   1220.000     4.6064     4.6068   3.360031   3.360008     1.9242     1.6094     100.00   29.05206  -87.52116    0.00024   -0.00004     4.3251     4.3736     4.5056     4.5060    34.9531    34.9524    27.6944    27.6938    1498.16    187.955    190.061         30 0.0000e+00
      49878   2078.197   1231.942   1244.000     4.5491     4.5494   3.356086   3.356059     1.9316     1.6169     100.00   29.05208  -87.52129    0.00035    0.00041     4.3722     4.4238     4.4466     4.4469    34.9554    34.9547    27.7027    27.7021    1497.99    189.999    192.242         31 0.0000e+00
      50862   2119.205   1269.459   1282.000     4.4624     4.4628   3.350230   3.350203     1.9462     1.6309     100.00   29.05191  -87.52078    0.00071    0.00052     4.4577     4.5116     4.3572     4.3576    34.9592    34.9585    27.7156    27.7149    1497.73    193.711    196.053         30 0.0000e+00
      52274   2178.050   1322.762   1336.000     4.4134     4.4137   3.348348   3.348323     1.9526     1.6361     100.00   29.05235  -87.52212    0.00006    0.00005     4.5185     4.5701     4.3038     4.3041    34.9620    34.9614    27.7236    27.7231    1497.44    196.354    198.593         31 0.0000e+00
      52616   2192.304   1335.592   1349.000     4.3909     4.3916   3.346961   3.346968     1.9540     1.6377     100.00   29.05242  -87.52226    0.00013    0.00019     4.5343     4.5870     4.2803     4.2810    34.9631    34.9624    27.7270    27.7264    1497.37    197.038    199.328         31 0.0000e+00
      53217   2217.341   1358.289   1372.000     4.3841     4.3845   3.347341   3.347315     1.9547     1.6374     100.00   29.05211  -87.52126   -0.00028   -0.00032     4.5514     4.6003     4.2715     4.2719    34.9632    34.9625    27.7281    27.7275    1497.24    197.783    199.908         30 0.0000e+00
      53347   2222.760   1363.223   1377.000     4.3670     4.3671   3.346076   3.346023     1.9543     1.6369     100.00   29.05213  -87.52134   -0.00008   -0.00019     4.5550     4.6038     4.2541     4.2542    34.9640    34.9633    27.7305    27.7300    1497.22    197.939    200.056         32 0.0000e+00
      53559   2231.599   1371.117   1385.000     4.3669     4.3674   3.346427   3.346396     1.9575     1.6398     100.00   29.05222  -87.52161    0.00023    0.00002     4.5714     4.6201     4.2532     4.2537    34.9643    34.9634    27.7309    27.7301    1497.19    198.652    200.767         30 0.0000e+00
      54474   2269.691   1405.649   1420.000     4.3455     4.3459   3.346038   3.346007     1.9576     1.6404      72.67   29.05207  -87.52111    0.00005    0.00015     4.5957     4.6461     4.2288     4.2292    34.9650    34.9642    27.7341    27.7334    1497.03    199.706    201.895         31 0.0000e+00
      54506   2271.033   1406.636   1421.000     4.3454     4.3458   3.346098   3.346068     1.9578     1.6406      86.90   29.05230  -87.52180    0.00015    0.00011     4.5969     4.6476     4.2286     4.2290    34.9654    34.9646    27.7344    27.7337    1497.04    199.756    201.961         30 0.0000e+00
      54606   2275.218   1410.582   1425.000     4.3410     4.3414   3.345875   3.345830     1.9577     1.6410      84.41   29.05215  -87.52136    0.00000    0.00011     4.5996     4.6522     4.2239     4.2243    34.9654    34.9645    27.7349    27.7341    1497.01    199.875    202.161         30 0.0000e+00
      54874   2286.367   1420.447   1435.000     4.3360     4.3364   3.345766   3.345732     1.9578     1.6404      74.60   29.05114  -87.51832   -0.00004   -0.00003     4.6065     4.6564     4.2181     4.2185    34.9644    34.9636    27.7348    27.7340    1496.93    200.174    202.342         35 0.0000e+00
      54918   2288.188   1421.434   1436.000     4.3350     4.3354   3.345834   3.345802     1.9578     1.6406      67.41   29.05230  -87.52182    0.00004    0.00011     4.6072     4.6579     4.2170     4.2174    34.9658    34.9650    27.7360    27.7353    1496.98    200.205    202.408         47 0.0000e+00
      54964   2290.140   1422.420   1437.000     4.3341     4.3346   3.345801   3.345767     1.9576     1.6406      72.44   29.05230  -87.52182   -0.00006    0.00005     4.6072     4.6588     4.2160     4.2165    34.9658    34.9650    27.7361    27.7354    1496.98    200.205    202.449         48 0.0000e+00
      55007   2291.901   1423.407   1438.000     4.3324     4.3329   3.345700   3.345668     1.9578     1.6408      71.58   29.05230  -87.52182   -0.00001    0.00004     4.6089     4.6602     4.2142     4.2147    34.9660    34.9652    27.7364    27.7357    1496.98    200.280    202.509         35 0.0000e+00
      55040   2293.276   1424.393   1439.000     4.3296     4.3301   3.345495   3.345466     1.9580     1.6408      70.60   29.05230  -87.52182    0.00011    0.00005     4.6105     4.6612     4.2113     4.2118    34.9661    34.9653    27.7368    27.7361    1496.97    200.348    202.550         33 0.0000e+00
      55077   2294.845   1425.380   1440.000     4.3265     4.3271   3.345275   3.345242     1.9581     1.6409      69.60   29.05230  -87.52182    0.00015    0.00004     4.6120     4.6627     4.2082     4.2088    34.9662    34.9653    27.7372    27.7364    1496.97    200.415    202.615         42 0.0000e+00
      55115   2296.426   1426.366   1441.000     4.3257     4.3262   3.345254   3.345215     1.9584     1.6410      68.45   29.05230  -87.52182    0.00009    0.00009     4.6137     4.6639     4.2073     4.2078    34.9663    34.9654    27.7374    27.7367    1496.96    200.485    202.668         32 0.0000e+00
      55147   2297.732   1427.353   1442.000     4.3238     4.3242   3.345129   3.345092     1.9586     1.6410      67.78   29.05230  -87.52182    0.00013    0.00007     4.6153     4.6647     4.2053     4.2058    34.9664    34.9655    27.7377    27.7370    1496.96    200.557    202.705         33 0.0000e+00
      55183   2299.238   1428.339   1443.000     4.3226     4.3230   3.345059   3.345024     1.9588     1.6414      66.73   29.05230  -87.52182    0.00017    0.00008     4.6169     4.6673     4.2040     4.2044    34.9664    34.9656    27.7378    27.7372    1496.96    200.624    202.816         38 0.0000e+00
      55217   2300.658   1429.326   1444.000     4.3211     4.3215   3.344982   3.344944     1.9590     1.6417      65.35   29.05230  -87.52182    0.00014    0.00022     4.6184     4.6690     4.2025     4.2029    34.9665    34.9657    27.7381    27.7374    1496.95    200.690    202.891         30 0.0000e+00
