Gulf of Mexico/GOMECC-4/1db/drb2103_0371.cnv
* Sea-Bird SBE 9 Data File:
* FileName = C:\Users\scs.user.rb\CTD\GOMECC4\data\rb2103_0371.hex
* Software Version Seasave V 7.26.7.107
* Temperature SN = 4799
* Conductivity SN = 3860
* Number of Bytes Per Scan = 41
* Number of Voltage Words = 4
* Number of Scans Averaged by the Deck Unit = 1
* NMEA Latitude = 27 00.07 N
* NMEA Longitude = 089 59.96 W
* NMEA UTC (Time) = Sep 25 2021  07:16:47
* NMEA baud rate = 4800
# nquan = 28
# nvalues = 758                         
# units = specified
# name 0 = scan: Scan Count
# name 1 = timeS: Time, Elapsed [seconds]
# name 2 = depSM: Depth [salt water, m]
# name 3 = prDM: Pressure, Digiquartz [db]
# name 4 = t090C: Temperature [ITS-90, deg C]
# name 5 = t190C: Temperature, 2 [ITS-90, deg C]
# name 6 = c0S/m: Conductivity [S/m]
# name 7 = c1S/m: Conductivity, 2 [S/m]
# name 8 = sbeox0V: Oxygen raw, SBE 43 [V]
# name 9 = sbeox1V: Oxygen raw, SBE 43, 2 [V]
# name 10 = altM: Altimeter [m]
# name 11 = latitude: Latitude [deg]
# name 12 = longitude: Longitude [deg]
# name 13 = sbox0dV/dT: Oxygen, SBE 43 [dov/dt]
# name 14 = sbox1dV/dT: Oxygen, SBE 43, 2 [dov/dt]
# name 15 = sbeox0ML/L: Oxygen, SBE 43 [ml/l], WS = 5
# name 16 = sbeox1ML/L: Oxygen, SBE 43, 2 [ml/l], WS = 5
# name 17 = potemp090C: Potential Temperature [ITS-90, deg C]
# name 18 = potemp190C: Potential Temperature, 2 [ITS-90, deg C]
# name 19 = sal00: Salinity, Practical [PSU]
# name 20 = sal11: Salinity, Practical, 2 [PSU]
# name 21 = sigma-é00: Density [sigma-theta, kg/m^3]
# name 22 = sigma-é11: Density, 2 [sigma-theta, kg/m^3]
# name 23 = avgsvCM: Average Sound Velocity [Chen-Millero, m/s], minP = 20, minS = 20
# name 24 = sbox0Mm/Kg: Oxygen, SBE 43 [umol/kg], WS = 5
# name 25 = sbox1Mm/Kg: Oxygen, SBE 43, 2 [umol/kg], WS = 5
# name 26 = nbin: number of scans per bin
# name 27 = flag: flag
# span 0 =      23122,      91907       
# span 1 =    963.363,   3829.405       
# span 2 =      5.960,   2375.564       
# span 3 =      6.000,   2405.000       
# span 4 =     4.2722,    29.0265       
# span 5 =     4.2727,    29.0277       
# span 6 =   3.350044,   5.899904       
# span 7 =   3.349953,   5.900211       
# span 8 =     1.5944,     3.1302       
# span 9 =     1.3015,     2.6630       
# span 10 =      11.28,     102.50      
# span 11 =   26.97934,   27.02738      
# span 12 =  -90.07055,  -89.90965      
# span 13 =   -0.01965,    0.01684      
# span 14 =   -0.02024,    0.01974      
# span 15 =     2.6006,     4.7243      
# span 16 =     2.6289,     4.7616      
# span 17 =     4.0826,    29.0190      
# span 18 =     4.0833,    29.0202      
# span 19 =    34.8997,    36.8755      
# span 20 =    34.8990,    36.8767      
# span 21 =    22.9030,    27.7574      
# span 22 =    22.9032,    27.7559      
# span 23 =       0.00,    1546.32      
# span 24 =    113.126,    205.289      
# span 25 =    114.358,    206.909      
# span 26 =         30,         66      
# span 27 = 0.0000e+00, 0.0000e+00      
# interval = decibars: 1                
# start_time = Sep 25 2021 07:16:47 [NMEA time, header]
# bad_flag = -9.990e-29
*END*
[from data line 518]
      70845   2951.841   1702.662   1721.000     4.2905     4.2909   3.353990   3.353915     1.9267     1.6100     100.00   27.01499  -89.99243   -0.00006   -0.00009     4.6666     4.7114     4.1460     4.1465    34.9698    34.9685    27.7467    27.7457    1500.84    202.782    204.731         31 0.0000e+00
      71196   2966.440   1715.471   1734.000     4.2905     4.2908   3.354508   3.354429     1.9251     1.6086     100.00   27.01478  -89.99161   -0.00017   -0.00014     4.6683     4.7136     4.1448     4.1452    34.9695    34.9683    27.7467    27.7456    1500.79    202.859    204.825         33 0.0000e+00
      71331   2972.064   1720.397   1739.000     4.2900     4.2904   3.354715   3.354646     1.9245     1.6077     100.00   27.01514  -89.99282   -0.00005   -0.00019     4.6689     4.7125     4.1439     4.1443    34.9700    34.9689    27.7472    27.7462    1500.80    202.881    204.777         31 0.0000e+00
      71461   2977.489   1725.324   1744.000     4.2894     4.2898   3.354840   3.354766     1.9242     1.6069     100.00   27.01486  -89.99178   -0.00001   -0.00005     4.6711     4.7125     4.1428     4.1432    34.9698    34.9685    27.7471    27.7460    1500.77    202.979    204.781         31 0.0000e+00
      71492   2978.778   1726.309   1745.000     4.2892     4.2897   3.354875   3.354799     1.9242     1.6070     100.00   27.01496  -89.99212    0.00002   -0.00002     4.6715     4.7134     4.1425     4.1430    34.9699    34.9685    27.7473    27.7461    1500.78    202.995    204.818         30 0.0000e+00
      71593   2983.006   1730.250   1749.000     4.2876     4.2881   3.354875   3.354799     1.9233     1.6068      92.91   27.01464  -89.99105   -0.00028   -0.00002     4.6706     4.7153     4.1406     4.1410    34.9696    34.9683    27.7472    27.7461    1500.75    202.955    204.899         33 0.0000e+00
      71727   2988.590   1735.176   1754.000     4.2871     4.2874   3.355059   3.354973     1.9229     1.6061      49.64   27.01485  -89.99170   -0.00008   -0.00020     4.6722     4.7155     4.1396     4.1399    34.9699    34.9686    27.7475    27.7465    1500.75    203.027    204.907         32 0.0000e+00
      71758   2989.895   1736.161   1755.000     4.2866     4.2869   3.355073   3.354986     1.9229     1.6058      99.97   27.01498  -89.99210   -0.00005   -0.00013     4.6728     4.7151     4.1390     4.1393    34.9701    34.9688    27.7478    27.7467    1500.75    203.052    204.892         30 0.0000e+00
      72050   3002.051   1746.997   1766.000     4.2838     4.2842   3.355275   3.355192     1.9224     1.6058     100.00   27.01490  -89.99173    0.00001    0.00016     4.6779     4.7222     4.1352     4.1356    34.9701    34.9688    27.7482    27.7471    1500.72    203.274    205.201         30 0.0000e+00
      72081   3003.335   1747.983   1767.000     4.2836     4.2839   3.355298   3.355229     1.9225     1.6060     100.00   27.01500  -89.99208    0.00013    0.00013     4.6788     4.7235     4.1348     4.1352    34.9702    34.9691    27.7483    27.7473    1500.73    203.315    205.258         30 0.0000e+00
      72882   3036.712   1777.534   1797.000     4.2802     4.2806   3.356263   3.356185     1.9190     1.6024      84.08   27.01512  -89.99213   -0.00008   -0.00013     4.6841     4.7269     4.1286     4.1290    34.9707    34.9694    27.7493    27.7482    1500.67    203.543    205.405         31 0.0000e+00
      72989   3041.149   1781.474   1801.000     4.2792     4.2796   3.356327   3.356241     1.9185     1.6022     100.00   27.01494  -89.99147   -0.00012   -0.00001     4.6848     4.7290     4.1272     4.1276    34.9706    34.9692    27.7494    27.7482    1500.65    203.575    205.495         31 0.0000e+00
      73096   3045.611   1785.414   1805.000     4.2787     4.2790   3.356420   3.356338     1.9183     1.6020     100.00   27.01481  -89.99097   -0.00006   -0.00003     4.6864     4.7307     4.1263     4.1266    34.9703    34.9690    27.7493    27.7482    1500.64    203.644    205.569         30 0.0000e+00
      73236   3051.449   1790.339   1810.000     4.2777     4.2781   3.356588   3.356510     1.9177     1.6018     100.00   27.01522  -89.99231   -0.00007   -0.00004     4.6872     4.7329     4.1248     4.1253    34.9710    34.9696    27.7500    27.7488    1500.66    203.676    205.665         32 0.0000e+00
      73339   3055.734   1794.278   1814.000     4.2766     4.2770   3.356609   3.356525     1.9175     1.6016     100.00   27.01482  -89.99089   -0.00009   -0.00005     4.6890     4.7345     4.1233     4.1238    34.9704    34.9690    27.7497    27.7485    1500.62    203.758    205.735         30 0.0000e+00
      73371   3057.066   1795.263   1815.000     4.2766     4.2771   3.356689   3.356616     1.9172     1.6015     100.00   27.01514  -89.99196    0.00010   -0.00008     4.6884     4.7347     4.1233     4.1237    34.9709    34.9695    27.7500    27.7489    1500.64    203.729    205.741         31 0.0000e+00
      73910   3079.554   1814.960   1835.000     4.2743     4.2747   3.357281   3.357199     1.9162     1.6001      98.79   27.01494  -89.99104   -0.00014   -0.00008     4.6972     4.7414     4.1190     4.1194    34.9707    34.9694    27.7504    27.7493    1500.60    204.113    206.033         31 0.0000e+00
      73942   3080.883   1815.945   1836.000     4.2744     4.2748   3.357360   3.357286     1.9161     1.6001     100.03   27.01520  -89.99190   -0.00020    0.00003     4.6971     4.7421     4.1190     4.1195    34.9710    34.9697    27.7506    27.7495    1500.61    204.108    206.066         30 0.0000e+00
      74047   3085.233   1819.884   1840.000     4.2743     4.2747   3.357500   3.357421     1.9159     1.5991     100.00   27.01505  -89.99140   -0.00004   -0.00023     4.6987     4.7405     4.1185     4.1189    34.9709    34.9695    27.7505    27.7494    1500.59    204.178    205.993         35 0.0000e+00
      74181   3090.825   1824.808   1845.000     4.2742     4.2746   3.357716   3.357635     1.9149     1.5985      99.55   27.01515  -89.99165   -0.00015   -0.00005     4.6981     4.7410     4.1180     4.1184    34.9711    34.9697    27.7508    27.7496    1500.60    204.151    206.016         31 0.0000e+00
      74368   3098.636   1831.701   1852.000     4.2742     4.2747   3.357960   3.357888     1.9141     1.5978     100.00   27.01479  -89.99038   -0.00010   -0.00012     4.6991     4.7421     4.1173     4.1178    34.9706    34.9693    27.7504    27.7493    1500.57    204.194    206.066         34 0.0000e+00
      74404   3100.144   1832.686   1853.000     4.2744     4.2749   3.358056   3.357982     1.9140     1.5977     100.00   27.01524  -89.99186   -0.00012   -0.00018     4.6995     4.7422     4.1174     4.1178    34.9711    34.9698    27.7508    27.7497    1500.59    204.211    206.068         34 0.0000e+00
      74505   3104.318   1836.625   1857.000     4.2742     4.2746   3.358170   3.358090     1.9134     1.5972      92.04   27.01493  -89.99079   -0.00016   -0.00010     4.6993     4.7426     4.1167     4.1172    34.9708    34.9694    27.7506    27.7495    1500.56    204.203    206.085         34 0.0000e+00
      74540   3105.786   1837.610   1858.000     4.2742     4.2747   3.358244   3.358169     1.9129     1.5971     100.33   27.01526  -89.99184   -0.00016   -0.00017     4.6982     4.7430     4.1167     4.1171    34.9711    34.9698    27.7509    27.7498    1500.58    204.157    206.105         32 0.0000e+00
      74643   3110.093   1841.548   1862.000     4.2741     4.2745   3.358393   3.358317     1.9124     1.5970     100.00   27.01516  -89.99151   -0.00013   -0.00007     4.6987     4.7450     4.1162     4.1166    34.9711    34.9698    27.7509    27.7499    1500.57    204.176    206.189         32 0.0000e+00
      74675   3111.406   1842.533   1863.000     4.2742     4.2746   3.358458   3.358390     1.9124     1.5971     100.00   27.01526  -89.99182   -0.00014    0.00006     4.6992     4.7458     4.1163     4.1166    34.9712    34.9700    27.7510    27.7501    1500.58    204.199    206.224         30 0.0000e+00
      74809   3117.003   1847.457   1868.000     4.2738     4.2742   3.358630   3.358548     1.9121     1.5957     100.00   27.01531  -89.99188   -0.00004   -0.00019     4.7009     4.7431     4.1153     4.1157    34.9713    34.9699    27.7512    27.7501    1500.57    204.275    206.107         33 0.0000e+00
      74912   3121.312   1851.395   1872.000     4.2734     4.2739   3.358701   3.358623     1.9114     1.5955     100.00   27.01475  -89.98997   -0.00008   -0.00003     4.7009     4.7447     4.1145     4.1150    34.9706    34.9692    27.7508    27.7496    1500.54    204.273    206.178         33 0.0000e+00
      74948   3122.772   1852.380   1873.000     4.2735     4.2740   3.358807   3.358735     1.9110     1.5954     100.00   27.01530  -89.99180   -0.00015    0.00001     4.6999     4.7448     4.1145     4.1150    34.9713    34.9699    27.7513    27.7502    1500.57    204.231    206.181         33 0.0000e+00
      75050   3127.038   1856.318   1877.000     4.2736     4.2740   3.358963   3.358889     1.9108     1.5946     100.00   27.01509  -89.99109   -0.00012   -0.00020     4.7014     4.7440     4.1143     4.1147    34.9711    34.9698    27.7511    27.7501    1500.55    204.297    206.144         30 0.0000e+00
      75083   3128.409   1857.303   1878.000     4.2737     4.2742   3.359031   3.358962     1.9107     1.5944     100.00   27.01531  -89.99178   -0.00008   -0.00012     4.7018     4.7437     4.1143     4.1147    34.9713    34.9700    27.7513    27.7503    1500.56    204.312    206.133         34 0.0000e+00
      75185   3132.651   1861.241   1882.000     4.2738     4.2742   3.359129   3.359054     1.9098     1.5933     100.00   27.01465  -89.98954   -0.00018   -0.00021     4.7005     4.7416     4.1139     4.1144    34.9705    34.9691    27.7507    27.7496    1500.52    204.254    206.044         32 0.0000e+00
      75222   3134.227   1862.226   1883.000     4.2740     4.2744   3.359262   3.359179     1.9097     1.5931     100.00   27.01532  -89.99178   -0.00011   -0.00012     4.7008     4.7414     4.1140     4.1145    34.9714    34.9699    27.7514    27.7502    1500.56    204.270    206.033         38 0.0000e+00
      75323   3138.399   1866.164   1887.000     4.2741     4.2745   3.359379   3.359303     1.9092     1.5926     100.00   27.01483  -89.99008   -0.00009   -0.00011     4.7011     4.7417     4.1137     4.1141    34.9708    34.9694    27.7510    27.7499    1500.52    204.281    206.047         31 0.0000e+00
      75359   3139.909   1867.149   1888.000     4.2742     4.2746   3.359483   3.359402     1.9090     1.5926      99.70   27.01534  -89.99178   -0.00022   -0.00006     4.7011     4.7422     4.1137     4.1142    34.9714    34.9700    27.7514    27.7503    1500.55    204.283    206.067         37 0.0000e+00
      75459   3144.084   1871.087   1892.000     4.2740     4.2744   3.359589   3.359520     1.9084     1.5922     100.00   27.01500  -89.99059   -0.00015   -0.00014     4.7012     4.7430     4.1131     4.1135    34.9709    34.9697    27.7512    27.7501    1500.53    204.285    206.103         31 0.0000e+00
      75493   3145.482   1872.072   1893.000     4.2740     4.2745   3.359677   3.359600     1.9084     1.5923      91.14   27.01536  -89.99178   -0.00011   -0.00000     4.7015     4.7440     4.1131     4.1135    34.9714    34.9701    27.7516    27.7505    1500.55    204.299    206.145         33 0.0000e+00
      75816   3158.952   1883.886   1905.000     4.2733     4.2737   3.360083   3.360002     1.9069     1.5908     100.00   27.01517  -89.99098   -0.00008   -0.00011     4.7032     4.7448     4.1111     4.1116    34.9713    34.9699    27.7517    27.7505    1500.53    204.371    206.182         30 0.0000e+00
      75849   3160.317   1884.871   1906.000     4.2732     4.2737   3.360140   3.360062     1.9069     1.5907     100.00   27.01540  -89.99174   -0.00006   -0.00008     4.7037     4.7453     4.1110     4.1115    34.9716    34.9702    27.7519    27.7507    1500.54    204.393    206.205         34 0.0000e+00
      75953   3164.681   1888.809   1910.000     4.2730     4.2735   3.360280   3.360211     1.9064     1.5896     100.00   27.01536  -89.99154   -0.00014   -0.00018     4.7042     4.7430     4.1104     4.1109    34.9715    34.9702    27.7519    27.7508    1500.54    204.417    206.103         30 0.0000e+00
      75985   3165.996   1889.793   1911.000     4.2731     4.2736   3.360338   3.360263     1.9063     1.5897     100.00   27.01542  -89.99174   -0.00008   -0.00003     4.7043     4.7440     4.1104     4.1109    34.9716    34.9702    27.7520    27.7508    1500.54    204.419    206.145         32 0.0000e+00
      76121   3171.666   1894.715   1916.000     4.2732     4.2737   3.360536   3.360466     1.9055     1.5894     100.00   27.01526  -89.99112   -0.00015   -0.00007     4.7044     4.7458     4.1100     4.1105    34.9714    34.9701    27.7519    27.7508    1500.52    204.424    206.226         36 0.0000e+00
      76156   3173.116   1895.700   1917.000     4.2728     4.2732   3.360559   3.360485     1.9053     1.5891     100.00   27.01546  -89.99172   -0.00014   -0.00011     4.7040     4.7453     4.1095     4.1099    34.9717    34.9704    27.7522    27.7511    1500.53    204.409    206.202         30 0.0000e+00
      76258   3177.364   1899.637   1921.000     4.2724     4.2728   3.360641   3.360561     1.9048     1.5890     100.00   27.01501  -89.99020   -0.00009    0.00007     4.7049     4.7473     4.1087     4.1092    34.9712    34.9697    27.7518    27.7506    1500.51    204.448    206.287         41 0.0000e+00
      76297   3179.007   1900.622   1922.000     4.2724     4.2729   3.360732   3.360649     1.9050     1.5886     100.00   27.01546  -89.99168   -0.00002    0.00001     4.7059     4.7461     4.1086     4.1091    34.9717    34.9703    27.7523    27.7511    1500.53    204.490    206.236         31 0.0000e+00
      76394   3183.024   1904.559   1926.000     4.2722     4.2727   3.360775   3.360702     1.9045     1.5884      88.73   27.01462  -89.98882   -0.00009   -0.00002     4.7066     4.7480     4.1080     4.1085    34.9706    34.9692    27.7514    27.7503    1500.48    204.522    206.321         41 0.0000e+00
      76435   3184.742   1905.544   1927.000     4.2722     4.2728   3.360914   3.360843     1.9044     1.5885     100.72   27.01548  -89.99166   -0.00002   -0.00004     4.7069     4.7488     4.1080     4.1085    34.9717    34.9703    27.7523    27.7512    1500.53    204.534    206.353         32 0.0000e+00
      76536   3188.958   1909.481   1931.000     4.2725     4.2731   3.361070   3.360998     1.9035     1.5883     100.00   27.01514  -89.99048   -0.00020   -0.00001     4.7057     4.7502     4.1079     4.1084    34.9713    34.9699    27.7520    27.7509    1500.51    204.481    206.414         39 0.0000e+00
      76644   3193.474   1913.418   1935.000     4.2727     4.2732   3.361240   3.361168     1.9027     1.5873      96.71   27.01512  -89.99034   -0.00024   -0.00022     4.7050     4.7484     4.1076     4.1081    34.9712    34.9699    27.7520    27.7509    1500.50    204.453    206.337         30 0.0000e+00
      76678   3194.867   1914.403   1936.000     4.2726     4.2730   3.361314   3.361236     1.9024     1.5873      86.85   27.01552  -89.99164   -0.00016   -0.00011     4.7044     4.7491     4.1074     4.1079    34.9718    34.9703    27.7524    27.7513    1500.52    204.427    206.368         34 0.0000e+00
      76789   3199.489   1918.340   1940.000     4.2727     4.2733   3.361483   3.361410     1.9024     1.5872      88.74   27.01545  -89.99134   -0.00003   -0.00000     4.7065     4.7511     4.1072     4.1077    34.9716    34.9703    27.7524    27.7512    1500.52    204.519    206.454         33 0.0000e+00
