Gulf of Mexico/GOMECC-4/1db/drb2103_1391.cnv
* Sea-Bird SBE 9 Data File:
* FileName = C:\Users\scs.user.rb\CTD\GOMECC4\data\rb2103_1391.hex
* Software Version Seasave V 7.26.7.107
* Temperature SN = 4799
* Conductivity SN = 3860
* Number of Bytes Per Scan = 41
* Number of Voltage Words = 4
* Number of Scans Averaged by the Deck Unit = 1
* NMEA Latitude = 25 44.68 N
* NMEA Longitude = 084 35.32 W
* NMEA UTC (Time) = Oct 20 2021  10:34:58
* NMEA baud rate = 4800
# nquan = 28
# nvalues = 243                         
# units = specified
# name 0 = scan: Scan Count
# name 1 = timeS: Time, Elapsed [seconds]
# name 2 = depSM: Depth [salt water, m]
# name 3 = prDM: Pressure, Digiquartz [db]
# name 4 = t090C: Temperature [ITS-90, deg C]
# name 5 = t190C: Temperature, 2 [ITS-90, deg C]
# name 6 = c0S/m: Conductivity [S/m]
# name 7 = c1S/m: Conductivity, 2 [S/m]
# name 8 = sbeox0V: Oxygen raw, SBE 43 [V]
# name 9 = sbeox1V: Oxygen raw, SBE 43, 2 [V]
# name 10 = altM: Altimeter [m]
# name 11 = latitude: Latitude [deg]
# name 12 = longitude: Longitude [deg]
# name 13 = sbox0dV/dT: Oxygen, SBE 43 [dov/dt]
# name 14 = sbox1dV/dT: Oxygen, SBE 43, 2 [dov/dt]
# name 15 = sbeox0ML/L: Oxygen, SBE 43 [ml/l], WS = 5
# name 16 = sbeox1ML/L: Oxygen, SBE 43, 2 [ml/l], WS = 5
# name 17 = potemp090C: Potential Temperature [ITS-90, deg C]
# name 18 = potemp190C: Potential Temperature, 2 [ITS-90, deg C]
# name 19 = sal00: Salinity, Practical [PSU]
# name 20 = sal11: Salinity, Practical, 2 [PSU]
# name 21 = sigma-é00: Density [sigma-theta, kg/m^3]
# name 22 = sigma-é11: Density, 2 [sigma-theta, kg/m^3]
# name 23 = avgsvCM: Average Sound Velocity [Chen-Millero, m/s], minP = 20, minS = 20
# name 24 = sbox0Mm/Kg: Oxygen, SBE 43 [umol/kg], WS = 5
# name 25 = sbox1Mm/Kg: Oxygen, SBE 43, 2 [umol/kg], WS = 5
# name 26 = nbin: number of scans per bin
# name 27 = flag: flag
# span 0 =       7215,      24257       
# span 1 =    300.574,   1010.667       
# span 2 =      2.980,    443.622       
# span 3 =      3.000,    447.000       
# span 4 =    10.4907,    28.6169       
# span 5 =    10.4907,    28.6192       
# span 6 =   3.901786,   5.851961       
# span 7 =   3.901757,   5.852207       
# span 8 =     1.6649,     3.1716       
# span 9 =     1.3579,     2.6836       
# span 10 =      10.34,     102.14      
# span 11 =   25.72646,   25.74632      
# span 12 =  -84.59430,  -84.52925      
# span 13 =   -0.02873,    0.02730      
# span 14 =   -0.02720,    0.02527      
# span 15 =     2.6264,     4.6875      
# span 16 =     2.6368,     4.6933      
# span 17 =    10.4364,    28.6120      
# span 18 =    10.4364,    28.6121      
# span 19 =    35.2641,    36.6114      
# span 20 =    35.2638,    36.6129      
# span 21 =    22.6944,    27.0865      
# span 22 =    22.6951,    27.0862      
# span 23 =       0.00,    1543.12      
# span 24 =    114.202,    204.317      
# span 25 =    114.654,    204.570      
# span 26 =         30,         68      
# span 27 = 0.0000e+00, 0.0000e+00      
# interval = decibars: 1                
# start_time = Oct 20 2021 10:34:58 [NMEA time, header]
# bad_flag = -9.990e-29
*END*
[from data line 156]
      14729    613.661    191.659    193.000    15.3772    15.3782   4.451236   4.451398     1.9454     1.6101      99.99   25.74262  -84.58226   -0.00300   -0.00299     2.9347     2.9426    15.3472    15.3482    36.0297    36.0302    26.6886    26.6888    1526.72    127.657    128.000         35 0.0000e+00
      14766    615.219    192.651    194.000    15.3494    15.3504   4.448189   4.448357     1.9409     1.6063     100.00   25.74462  -84.58878   -0.00316   -0.00310     2.9259     2.9346    15.3193    15.3203    36.0277    36.0283    26.6935    26.6937    1526.77    127.274    127.653         36 0.0000e+00
      14828    617.780    194.637    196.000    15.3094    15.3105   4.443451   4.443607     1.9358     1.6017      99.99   25.74326  -84.58431   -0.00222   -0.00197     2.9170     2.9258    15.2790    15.2802    36.0200    36.0204    26.6964    26.6965    1526.53    126.885    127.271         32 0.0000e+00
      14862    619.212    195.629    197.000    15.2818    15.2829   4.440368   4.440545     1.9331     1.5987     100.00   25.74462  -84.58878   -0.00194   -0.00185     2.9129     2.9199    15.2513    15.2525    36.0175    36.0180    26.7008    26.7009    1526.54    126.705    127.011         35 0.0000e+00
      14896    620.605    196.622    198.000    15.2478    15.2493   4.436406   4.436603     1.9299     1.5966     100.00   25.74462  -84.58878   -0.00209   -0.00192     2.9078     2.9169    15.2172    15.2187    36.0122    36.0127    26.7044    26.7044    1526.47    126.483    126.882         32 0.0000e+00
      14927    621.918    197.614    199.000    15.2348    15.2357   4.434930   4.435078     1.9272     1.5942      99.99   25.74462  -84.58878   -0.00215   -0.00176     2.9025     2.9119    15.2041    15.2050    36.0103    36.0108    26.7059    26.7060    1526.39    126.253    126.663         32 0.0000e+00
      14960    623.296    198.607    200.000    15.2226    15.2232   4.433506   4.433601     1.9251     1.5923     100.00   25.74462  -84.58878   -0.00200   -0.00162     2.8985     2.9081    15.1917    15.1923    36.0082    36.0085    26.7070    26.7071    1526.32    126.078    126.497         33 0.0000e+00
      14992    624.642    199.600    201.000    15.2030    15.2041   4.431241   4.431392     1.9227     1.5913     100.00   25.74462  -84.58878   -0.00174   -0.00135     2.8944     2.9069    15.1720    15.1731    36.0051    36.0055    26.7090    26.7091    1526.25    125.902    126.446         31 0.0000e+00
      15024    625.953    200.592    202.000    15.1992    15.2002   4.430839   4.430986     1.9209     1.5897      96.23   25.74462  -84.58878   -0.00163   -0.00096     2.8906     2.9035    15.1681    15.1691    36.0045    36.0049    26.7094    26.7095    1526.17    125.735    126.295         33 0.0000e+00
      15058    627.381    201.585    203.000    15.1797    15.1803   4.428563   4.428649     1.9197     1.5876      92.18   25.74462  -84.58878   -0.00133   -0.00122     2.8896     2.8996    15.1485    15.1491    36.0013    36.0016    26.7113    26.7114    1526.10    125.690    126.128         35 0.0000e+00
      15091    628.768    202.577    204.000    15.1562    15.1566   4.425822   4.425891     1.9180     1.5862     100.10   25.74462  -84.58878   -0.00100   -0.00128     2.8873     2.8977    15.1248    15.1253    35.9975    35.9978    26.7137    26.7138    1526.03    125.590    126.045         31 0.0000e+00
      15150    631.228    204.562    206.000    15.1156    15.1158   4.420792   4.420845     1.9150     1.5835      99.99   25.74201  -84.58020   -0.00120   -0.00112     2.8835     2.8940    15.0839    15.0842    35.9872    35.9875    26.7146    26.7147    1525.74    125.424    125.880         35 0.0000e+00
      15188    632.803    205.555    207.000    15.0982    15.0987   4.419029   4.419099     1.9133     1.5828      79.62   25.74462  -84.58878   -0.00115   -0.00077     2.8808     2.8933    15.0665    15.0669    35.9877    35.9879    26.7191    26.7191    1525.82    125.309    125.854         37 0.0000e+00
      15221    634.184    206.547    208.000    15.0688    15.0694   4.415598   4.415690     1.9116     1.5815      99.95   25.74462  -84.58878   -0.00118   -0.00068     2.8790     2.8921    15.0369    15.0376    35.9830    35.9833    26.7220    26.7221    1525.75    125.231    125.799         30 0.0000e+00
      15280    636.619    208.532    210.000    15.0190    15.0178   4.409539   4.409411     1.9088     1.5785      99.99   25.74267  -84.58237   -0.00111   -0.00114     2.8763     2.8884    14.9869    14.9857    35.9719    35.9718    26.7244    26.7246    1525.49    125.113    125.637         31 0.0000e+00
      15517    646.495    217.465    219.000    14.8947    14.8957   4.395487   4.395616     1.8978     1.5689     100.00   25.74526  -84.59081   -0.00065   -0.00084     2.8610     2.8736    14.8614    14.8624    35.9550    35.9553    26.7393    26.7393    1525.05    124.444    124.994         32 0.0000e+00
      15846    660.214    230.367    232.000    14.4359    14.4377   4.341760   4.342015     1.8798     1.5531      99.99   25.74325  -84.58422   -0.00143   -0.00108     2.8517     2.8653    14.4014    14.4032    35.8780    35.8787    26.7799    26.7801    1524.11    124.037    124.625         31 0.0000e+00
      16000    666.628    236.321    238.000    14.1085    14.1100   4.303831   4.304036     1.8652     1.5387     100.00   25.74555  -84.59176   -0.00235   -0.00196     2.8395     2.8492    14.0736    14.0751    35.8276    35.8282    26.8115    26.8115    1523.86    123.500    123.924         32 0.0000e+00
      16151    672.923    242.275    244.000    13.9051    13.9061   4.280364   4.280505     1.8565     1.5320      60.16   25.74488  -84.58955   -0.00130   -0.00127     2.8335     2.8463    13.8697    13.8707    35.7949    35.7953    26.8293    26.8294    1523.45    123.238    123.796         31 0.0000e+00
      16480    686.622    255.175    257.000    13.4046    13.4059   4.222509   4.222697     1.8268     1.5049      99.99   25.74296  -84.58327   -0.00307   -0.00309     2.7967     2.8087    13.3682    13.3695    35.7115    35.7120    26.8690    26.8692    1522.52    121.633    122.154         31 0.0000e+00
      16631    692.908    261.128    263.000    13.2522    13.2531   4.205258   4.205364     1.8177     1.4964     100.00   25.74355  -84.58521   -0.00112   -0.00125     2.7859     2.7969    13.2152    13.2161    35.6884    35.6885    26.8826    26.8825    1522.18    121.161    121.639         32 0.0000e+00
      17114    713.036    279.980    282.000    12.4081    12.4129   4.108761   4.109317     1.7863     1.4712      99.99   25.74291  -84.58310    0.00169    0.00159     2.7685     2.7874    12.3701    12.3749    35.5500    35.5508    26.9445    26.9441    1520.96    120.399    121.221         31 0.0000e+00
      17523    730.085    295.854    298.000    12.1174    12.1182   4.076717   4.076815     1.7856     1.4694      68.06   25.74545  -84.59142   -0.00065   -0.00036     2.7915     2.8069    12.0779    12.0787    35.5082    35.5084    26.9690    26.9690    1520.15    121.393    122.064         30 0.0000e+00
      17647    735.234    300.815    303.000    12.0388    12.0402   4.067771   4.067912     1.7841     1.4675      81.02   25.74407  -84.58689   -0.00040   -0.00044     2.7948     2.8086    11.9988    12.0002    35.4931    35.4931    26.9724    26.9722    1519.77    121.536    122.137         31 0.0000e+00
      17881    744.986    309.743    312.000    11.9311    11.9299   4.056454   4.056299     1.7739     1.4573     100.01   25.74632  -84.59430   -0.00187   -0.00186     2.7783     2.7896    11.8901    11.8890    35.4816    35.4812    26.9845    26.9844    1519.40    120.817    121.310         32 0.0000e+00
      18004    750.129    314.703    317.000    11.8493    11.8507   4.047340   4.047468     1.7643     1.4496     100.00   25.74550  -84.59159   -0.00171   -0.00129     2.7602     2.7743    11.8079    11.8092    35.4678    35.4678    26.9894    26.9892    1519.08    120.033    120.646         34 0.0000e+00
      18130    755.384    319.663    322.000    11.8342    11.8354   4.045796   4.045902     1.7631     1.4482     100.00   25.74493  -84.58972   -0.00004   -0.00046     2.7599     2.7732    11.7921    11.7933    35.4648    35.4646    26.9900    26.9897    1518.77    120.019    120.595         31 0.0000e+00
      18736    780.609    343.469    346.000    11.2891    11.2907   3.985246   3.985412     1.7477     1.4324     100.00   25.74410  -84.58698   -0.00171   -0.00218     2.7644     2.7717    11.2452    11.2469    35.3774    35.3775    27.0246    27.0243    1517.52    120.209    120.526         31 0.0000e+00
      19094    795.541    357.355    360.000    11.1207    11.1225   3.967913   3.968079     1.7127     1.3990      97.44   25.74461  -84.58865   -0.00582   -0.00626     2.6879     2.6898    11.0755    11.0773    35.3624    35.3622    27.0441    27.0436    1516.87    116.879    116.962         35 0.0000e+00
      19676    819.805    380.165    383.000    11.0452    11.0550   3.960638   3.961597     1.6938     1.3846      74.71   25.74442  -84.58797    0.00000   -0.00009     2.6476     2.6593    10.9973    11.0071    35.3501    35.3511    27.0487    27.0478    1515.85    115.129    115.635         30 0.0000e+00
      19775    823.924    384.131    387.000    10.9929    10.9870   3.954532   3.953859     1.6922     1.3843      70.59   25.74033  -84.57453   -0.00033    0.00008     2.6482     2.6640    10.9446    10.9393    35.3366    35.3350    27.0476    27.0473    1515.45    115.152    115.839         36 0.0000e+00
      19816    825.639    385.123    388.000    10.9354    10.9336   3.948649   3.948407     1.6919     1.3836      69.59   25.74466  -84.58876   -0.00030   -0.00021     2.6509     2.6654    10.8871    10.8853    35.3337    35.3330    27.0560    27.0558    1515.66    115.271    115.899         40 0.0000e+00
      19854    827.213    386.115    389.000    10.9198    10.9207   3.946949   3.946993     1.6913     1.3823      68.60   25.74466  -84.58876   -0.00036   -0.00063     2.6511     2.6627    10.8714    10.8724    35.3313    35.3308    27.0570    27.0564    1515.62    115.281    115.785         34 0.0000e+00
      19886    828.560    387.106    390.000    10.8953    10.8943   3.944279   3.944119     1.6908     1.3818      67.72   25.74466  -84.58876   -0.00037   -0.00065     2.6515     2.6633    10.8469    10.8459    35.3276    35.3270    27.0585    27.0582    1515.58    115.296    115.810         32 0.0000e+00
      19919    829.937    388.098    391.000    10.8833    10.8850   3.942992   3.943129     1.6904     1.3809      66.59   25.74466  -84.58876   -0.00036   -0.00063     2.6517     2.6615    10.8348    10.8365    35.3258    35.3256    27.0593    27.0589    1515.54    115.305    115.730         35 0.0000e+00
      19957    831.490    389.089    392.000    10.8734    10.8747   3.941967   3.942069     1.6899     1.3810      65.60   25.74466  -84.58876   -0.00032   -0.00039     2.6514     2.6629    10.8248    10.8261    35.3247    35.3245    27.0602    27.0599    1515.50    115.290    115.794         40 0.0000e+00
      19997    833.157    390.081    393.000    10.8725    10.8734   3.941912   3.941977     1.6891     1.3810      64.58   25.74466  -84.58876   -0.00031    0.00001     2.6495     2.6633    10.8238    10.8247    35.3245    35.3243    27.0603    27.0600    1515.46    115.209    115.808         38 0.0000e+00
      20032    834.608    391.072    394.000    10.8714    10.8723   3.941860   3.941918     1.6881     1.3808      63.56   25.74466  -84.58876   -0.00052   -0.00001     2.6471     2.6632    10.8226    10.8235    35.3246    35.3243    27.0606    27.0602    1515.42    115.104    115.805         32 0.0000e+00
      20062    835.873    392.064    395.000    10.8706    10.8718   3.941819   3.941916     1.6875     1.3800      62.76   25.74466  -84.58876   -0.00062   -0.00020     2.6460     2.6610    10.8217    10.8229    35.3245    35.3244    27.0607    27.0603    1515.38    115.055    115.711         30 0.0000e+00
      20095    837.253    393.056    396.000    10.8673    10.8683   3.941511   3.941574     1.6874     1.3797      61.66   25.74466  -84.58876   -0.00044   -0.00039     2.6461     2.6608    10.8182    10.8193    35.3241    35.3238    27.0610    27.0606    1515.34    115.059    115.699         37 0.0000e+00
      20136    838.958    394.048    397.000    10.8529    10.8537   3.939946   3.940003     1.6869     1.3790      60.53   25.74466  -84.58876   -0.00021   -0.00030     2.6460     2.6598    10.8037    10.8046    35.3220    35.3217    27.0619    27.0616    1515.30    115.057    115.658         43 0.0000e+00
      20175    840.570    395.039    398.000    10.8258    10.8268   3.936996   3.937054     1.6860     1.3775      59.70   25.74466  -84.58876   -0.00036   -0.00063     2.6458     2.6575    10.7766    10.7776    35.3180    35.3176    27.0637    27.0632    1515.26    115.047    115.558         33 0.0000e+00
      20206    841.858    396.031    399.000    10.8049    10.8061   3.934701   3.934803     1.6855     1.3774      58.74   25.74466  -84.58876   -0.00047   -0.00070     2.6462     2.6589    10.7556    10.7568    35.3147    35.3145    27.0649    27.0646    1515.22    115.065    115.616         30 0.0000e+00
      20235    843.103    397.022    400.000    10.7856    10.7910   3.932607   3.933158     1.6849     1.3772      57.71   25.74466  -84.58876   -0.00046   -0.00034     2.6462     2.6596    10.7362    10.7416    35.3118    35.3121    27.0662    27.0655    1515.18    115.065    115.649         31 0.0000e+00
      20273    844.647    398.014    401.000    10.7479    10.7495   3.928463   3.928615     1.6838     1.3762      56.64   25.74466  -84.58876   -0.00055   -0.00031     2.6458     2.6596    10.6985    10.7001    35.3061    35.3061    27.0685    27.0681    1515.14    115.047    115.645         43 0.0000e+00
      20314    846.381    399.006    402.000    10.7157    10.7187   3.925265   3.925482     1.6828     1.3749      55.51   25.74466  -84.58876   -0.00066   -0.00063     2.6456     2.6582    10.6663    10.6693    35.3010    35.3011    27.0702    27.0698    1515.11    115.037    115.585         39 0.0000e+00
      20351    847.901    399.997    403.000    10.7094    10.7104   3.924263   3.924351     1.6825     1.3743      54.42   25.74466  -84.58876   -0.00043   -0.00056     2.6457     2.6573    10.6599    10.6609    35.3001    35.3000    27.0707    27.0705    1515.07    115.043    115.549         34 0.0000e+00
      20383    849.237    400.989    404.000    10.7084    10.7097   3.924235   3.924329     1.6822     1.3736      53.50   25.74466  -84.58876   -0.00024   -0.00050     2.6452     2.6556    10.6588    10.6601    35.3003    35.3000    27.0711    27.0706    1515.03    115.019    115.473         30 0.0000e+00
      20413    850.490    401.980    405.000    10.7072    10.7081   3.924140   3.924217     1.6818     1.3739      52.57   25.74466  -84.58876   -0.00025   -0.00035     2.6445     2.6569    10.6574    10.6583    35.3001    35.3000    27.0711    27.0709    1514.99    114.988    115.529         32 0.0000e+00
      20450    852.023    402.972    406.000    10.7034    10.7036   3.923787   3.923772     1.6813     1.3740      51.60   25.74466  -84.58876   -0.00029    0.00003     2.6438     2.6578    10.6535    10.6538    35.2998    35.2994    27.0716    27.0712    1514.95    114.958    115.570         39 0.0000e+00
      20487    853.604    403.963    407.000    10.7003    10.7013   3.923506   3.923575     1.6811     1.3740      50.67   25.74466  -84.58876   -0.00028    0.00005     2.6437     2.6581    10.6503    10.6513    35.2995    35.2992    27.0719    27.0716    1514.91    114.955    115.581         38 0.0000e+00
