Gulf of Mexico/GOMECC-4/1db/drb2103_0491.cnv
* Sea-Bird SBE 9 Data File:
* FileName = C:\Users\scs.user.rb\CTD\GOMECC4\data\rb2103_0491.hex
* Software Version Seasave V 7.26.7.107
* Temperature SN = 4799
* Conductivity SN = 3860
* Number of Bytes Per Scan = 41
* Number of Voltage Words = 4
* Number of Scans Averaged by the Deck Unit = 1
* NMEA Latitude = 27 55.20 N
* NMEA Longitude = 093 34.74 W
* NMEA UTC (Time) = Sep 27 2021  12:19:13
* NMEA baud rate = 4800
# nquan = 28
# nvalues = 62                          
# units = specified
# name 0 = scan: Scan Count
# name 1 = timeS: Time, Elapsed [seconds]
# name 2 = depSM: Depth [salt water, m]
# name 3 = prDM: Pressure, Digiquartz [db]
# name 4 = t090C: Temperature [ITS-90, deg C]
# name 5 = t190C: Temperature, 2 [ITS-90, deg C]
# name 6 = c0S/m: Conductivity [S/m]
# name 7 = c1S/m: Conductivity, 2 [S/m]
# name 8 = sbeox0V: Oxygen raw, SBE 43 [V]
# name 9 = sbeox1V: Oxygen raw, SBE 43, 2 [V]
# name 10 = altM: Altimeter [m]
# name 11 = latitude: Latitude [deg]
# name 12 = longitude: Longitude [deg]
# name 13 = sbox0dV/dT: Oxygen, SBE 43 [dov/dt]
# name 14 = sbox1dV/dT: Oxygen, SBE 43, 2 [dov/dt]
# name 15 = sbeox0ML/L: Oxygen, SBE 43 [ml/l], WS = 5
# name 16 = sbeox1ML/L: Oxygen, SBE 43, 2 [ml/l], WS = 5
# name 17 = potemp090C: Potential Temperature [ITS-90, deg C]
# name 18 = potemp190C: Potential Temperature, 2 [ITS-90, deg C]
# name 19 = sal00: Salinity, Practical [PSU]
# name 20 = sal11: Salinity, Practical, 2 [PSU]
# name 21 = sigma-é00: Density [sigma-theta, kg/m^3]
# name 22 = sigma-é11: Density, 2 [sigma-theta, kg/m^3]
# name 23 = avgsvCM: Average Sound Velocity [Chen-Millero, m/s], minP = 20, minS = 20
# name 24 = sbox0Mm/Kg: Oxygen, SBE 43 [umol/kg], WS = 5
# name 25 = sbox1Mm/Kg: Oxygen, SBE 43, 2 [umol/kg], WS = 5
# name 26 = nbin: number of scans per bin
# name 27 = flag: flag
# span 0 =       6303,     119240       
# span 1 =    262.565,   4967.527       
# span 2 =      5.960,    101.350       
# span 3 =      4.000,     68.000       
# span 4 =    22.8339,   544.7910       
# span 5 =    22.8067,   544.7989       
# span 6 =   5.246538, 109.882725       
# span 7 =   5.244127, 109.885146       
# span 8 =     2.9185,    47.8137       
# span 9 =     2.4915,    50.2420       
# span 10 =       5.49,    1253.96      
# span 11 =   27.77054,  530.52624      
# span 12 =-1778.14871,  -93.07760      
# span 13 =   -0.02009,    0.03400      
# span 14 =   -0.01850,    0.05890      
# span 15 =     4.3156,    66.6743      
# span 16 =     4.3278,    82.6175      
# span 17 =    22.8209,   544.7663      
# span 18 =    22.7929,   544.7742      
# span 19 =    35.4991,   676.7349      
# span 20 =    35.4998,   676.7460      
# span 21 =    22.5627,   430.1194      
# span 22 =    22.5630,   430.1250      
# span 23 =       0.00,    1561.20      
# span 24 =    188.467,   2911.772      
# span 25 =    188.972,   3608.023      
# span 26 =         34,         66      
# span 27 = 0.0000e+00, 0.0000e+00      
# interval = decibars: 1                
# start_time = Sep 27 2021 12:19:13 [NMEA time, header]
# bad_flag = -9.990e-29
*END*
[from data line 52]
       8922    371.707     57.607     58.000    23.4933    23.4926   5.314402   5.314312     3.0818     2.6445      15.63   27.92012  -93.57902   -0.00164   -0.00227     4.7193     4.7580    23.4812    23.4805    36.2322    36.2336    24.7280    24.7293    1542.13    205.679    207.363         54 0.0000e+00
       8977    373.997     58.600     59.000    23.4851    23.4849   5.313140   5.313319     3.0668     2.6285      14.53   27.92012  -93.57902   -0.00566   -0.00612     4.6939     4.7270    23.4728    23.4727    36.2341    36.2357    24.7319    24.7332    1541.96    204.571    206.010         51 0.0000e+00
       9025    376.012     59.593     60.000    23.4728    23.4777   5.312552   5.312748     3.0563     2.6199      13.71   27.92012  -93.57900   -0.00605   -0.00604     4.6718     4.7090    23.4603    23.4652    36.2351    36.2368    24.7364    24.7362    1541.81    203.608    205.226         48 0.0000e+00
       9073    377.990     60.586     61.000    23.4687    23.4682   5.311735   5.311908     3.0465     2.6111      12.78   27.92012  -93.57902   -0.00515   -0.00392     4.6555     4.6910    23.4560    23.4555    36.2361    36.2379    24.7384    24.7399    1541.66    202.896    204.440         46 0.0000e+00
       9126    380.216     61.579     62.000    23.4678    23.4646   5.311824   5.311671     3.0373     2.6037      11.64   27.92012  -93.57901   -0.00447   -0.00417     4.6378     4.6754    23.4549    23.4517    36.2372    36.2386    24.7396    24.7416    1541.52    202.125    203.764         46 0.0000e+00
       9210    383.705     62.572     63.000    23.4386    23.4282   5.308728   5.307977     3.0255     2.5878      10.82   27.92012  -93.57901   -0.00315   -0.00296     4.6174     4.6418    23.4255    23.4151    36.2353    36.2389    24.7468    24.7525    1541.38    201.234    202.296         34 0.0000e+00
       9327    388.566     63.565     64.000    23.2997    23.3006   5.293788   5.294437     2.9883     2.5589       9.73   27.92012  -93.57902   -0.00656   -0.00394     4.5540     4.5919    23.2864    23.2874    36.2346    36.2433    24.7870    24.7944    1541.26    198.461    200.112         56 0.0000e+00
       9443    393.404     64.558     65.000    23.1937    23.1894   5.282279   5.283348     3.0035     2.5715       8.69   27.92012  -93.57902    0.00260    0.00135     4.5952     4.6282    23.1802    23.1760    36.2338    36.2459    24.8173    24.8278    1541.11    200.254    201.688         40 0.0000e+00
       9536    397.286     65.551     66.000    23.0098    22.9698   5.263286   5.262315     2.9733     2.5391       7.72   27.92012  -93.57902   -0.00480   -0.00605     4.5497     4.5735    22.9962    22.9562    36.2382    36.2637    24.8741    24.9051    1540.99    198.260    199.288         35 0.0000e+00
       9922    413.393     67.537     68.000    22.8339    22.8067   5.246538   5.244127     2.9185     2.4915       5.49   27.91083  -93.54786   -0.00176   -0.00219     4.4553     4.4815    22.8209    22.7929    36.2479    36.2518    24.9310    24.9419    1540.18    194.131    195.270         66 0.0000e+00
