Gulf of Mexico/GOMECC-4/1db/drb2103_0661.cnv
* Sea-Bird SBE 9 Data File:
* FileName = C:\Users\scs.user.rb\CTD\GOMECC4\data\rb2103_0661.hex
* Software Version Seasave V 7.26.7.107
* Temperature SN = 4799
* Conductivity SN = 3860
* Number of Bytes Per Scan = 41
* Number of Voltage Words = 4
* Number of Scans Averaged by the Deck Unit = 1
* NMEA Latitude = 26 03.55 N
* NMEA Longitude = 096 04.91 W
* NMEA UTC (Time) = Oct 02 2021  23:29:35
* NMEA baud rate = 4800
# nquan = 28
# nvalues = 190                         
# units = specified
# name 0 = scan: Scan Count
# name 1 = timeS: Time, Elapsed [seconds]
# name 2 = depSM: Depth [salt water, m]
# name 3 = prDM: Pressure, Digiquartz [db]
# name 4 = t090C: Temperature [ITS-90, deg C]
# name 5 = t190C: Temperature, 2 [ITS-90, deg C]
# name 6 = c0S/m: Conductivity [S/m]
# name 7 = c1S/m: Conductivity, 2 [S/m]
# name 8 = sbeox0V: Oxygen raw, SBE 43 [V]
# name 9 = sbeox1V: Oxygen raw, SBE 43, 2 [V]
# name 10 = altM: Altimeter [m]
# name 11 = latitude: Latitude [deg]
# name 12 = longitude: Longitude [deg]
# name 13 = sbox0dV/dT: Oxygen, SBE 43 [dov/dt]
# name 14 = sbox1dV/dT: Oxygen, SBE 43, 2 [dov/dt]
# name 15 = sbeox0ML/L: Oxygen, SBE 43 [ml/l], WS = 5
# name 16 = sbeox1ML/L: Oxygen, SBE 43, 2 [ml/l], WS = 5
# name 17 = potemp090C: Potential Temperature [ITS-90, deg C]
# name 18 = potemp190C: Potential Temperature, 2 [ITS-90, deg C]
# name 19 = sal00: Salinity, Practical [PSU]
# name 20 = sal11: Salinity, Practical, 2 [PSU]
# name 21 = sigma-é00: Density [sigma-theta, kg/m^3]
# name 22 = sigma-é11: Density, 2 [sigma-theta, kg/m^3]
# name 23 = avgsvCM: Average Sound Velocity [Chen-Millero, m/s], minP = 20, minS = 20
# name 24 = sbox0Mm/Kg: Oxygen, SBE 43 [umol/kg], WS = 5
# name 25 = sbox1Mm/Kg: Oxygen, SBE 43, 2 [umol/kg], WS = 5
# name 26 = nbin: number of scans per bin
# name 27 = flag: flag
# span 0 =      23633,      49682       
# span 1 =    984.674,   2070.057       
# span 2 =      3.974,    851.648       
# span 3 =      4.000,    859.000       
# span 4 =     5.7500,    29.3575       
# span 5 =     5.7501,    29.3649       
# span 6 =   3.444741,   5.858777       
# span 7 =   3.444808,   5.858745       
# span 8 =     1.5993,     3.3874       
# span 9 =     1.3040,     2.9033       
# span 10 =      10.57,     100.48      
# span 11 =   26.05486,   26.06493      
# span 12 =  -96.10157,  -96.06392      
# span 13 =   -0.04010,    0.02123      
# span 14 =   -0.03748,    0.01872      
# span 15 =     2.5065,     5.0995      
# span 16 =     2.5267,     5.1110      
# span 17 =     5.6739,    29.3565      
# span 18 =     5.6740,    29.3640      
# span 19 =    34.9096,    36.4470      
# span 20 =    34.9093,    36.4485      
# span 21 =    22.2095,    27.5331      
# span 22 =    22.2080,    27.5329      
# span 23 =       0.00,    1544.72      
# span 24 =    109.077,    222.384      
# span 25 =    109.956,    222.888      
# span 26 =         30,         67      
# span 27 = 0.0000e+00, 0.0000e+00      
# interval = decibars: 1                
# start_time = Oct 02 2021 23:29:35 [NMEA time, header]
# bad_flag = -9.990e-29
*END*
      23633    984.674      3.974      4.000    29.3575    29.3649   5.818796   5.819830     3.1471     2.6666      99.75   26.05960  -96.08156    0.00068   -0.00024     4.3599     4.3489    29.3565    29.3640    35.3532    35.3545    22.2095    22.2080       0.00    190.484    190.003         32 0.0000e+00
      24262   1010.867      4.967      5.000    29.3220    29.3203   5.814850   5.814797     3.1469     2.6658      96.40   26.05960  -96.08156   -0.00017    0.00018     4.3622     4.3509    29.3208    29.3191    35.3521    35.3533    22.2208    22.2222       0.00    190.579    190.088         67 0.0000e+00
      24344   1014.307      5.961      6.000    29.2932    29.2993   5.811380   5.812480     3.1472     2.6683      94.85   26.05960  -96.08156    0.00035    0.00136     4.3654     4.3580    29.2917    29.2979    35.3488    35.3518    22.2281    22.2283       0.00    190.719    190.397         54 0.0000e+00
      24398   1016.559      6.954      7.000    29.2807    29.2823   5.809926   5.810428     3.1453     2.6677      90.57   26.05960  -96.08156   -0.00094   -0.00025     4.3634     4.3585    29.2790    29.2806    35.3471    35.3500    22.2310    22.2327       0.00    190.631    190.419         60 0.0000e+00
      24450   1018.697      7.948      8.000    29.2694    29.2725   5.808776   5.809354     3.1449     2.6691      86.74   26.05960  -96.08156   -0.00005    0.00024     4.3641     4.3628    29.2675    29.2706    35.3479    35.3496    22.2356    22.2358       0.00    190.662    190.602         41 0.0000e+00
      24491   1020.430      8.941      9.000    29.2543    29.2599   5.807013   5.807445     3.1453     2.6651      83.78   26.05960  -96.08156   -0.00022   -0.00007     4.3665     4.3565    29.2522    29.2578    35.3467    35.3477    22.2398    22.2387       0.00    190.767    190.328         45 0.0000e+00
      24544   1022.615      9.935     10.000    29.2413    29.2502   5.805395   5.806682     3.1425     2.6641     100.08   26.05960  -96.08156   -0.00030   -0.00163     4.3630     4.3553    29.2388    29.2477    35.3449    35.3472    22.2430    22.2416       0.00    190.612    190.276         58 0.0000e+00
      24598   1024.873     10.928     11.000    29.2318    29.2284   5.804438   5.804235     3.1385     2.6641     100.00   26.05960  -96.08156   -0.00197    0.00012     4.3571     4.3574    29.2291    29.2257    35.3451    35.3467    22.2463    22.2487       0.00    190.355    190.365         50 0.0000e+00
      24650   1027.033     11.922     12.000    29.2314    29.2318   5.804523   5.804706     3.1388     2.6600     100.00   26.05960  -96.08156   -0.00089   -0.00088     4.3582     4.3496    29.2285    29.2288    35.3456    35.3466    22.2470    22.2476       0.00    190.400    190.027         57 0.0000e+00
      24707   1029.407     12.915     13.000    29.2092    29.2110   5.802003   5.802380     3.1386     2.6624      97.39   26.05960  -96.08156    0.00026   -0.00049     4.3602     4.3563    29.2061    29.2078    35.3444    35.3456    22.2536    22.2539       0.00    190.486    190.316         52 0.0000e+00
      24758   1031.522     13.908     14.000    29.2076    29.2087   5.802260   5.802504     3.1403     2.6616      99.93   26.05960  -96.08156    0.00045    0.00043     4.3637     4.3554    29.2042    29.2053    35.3470    35.3479    22.2562    22.2565       0.00    190.640    190.279         55 0.0000e+00
      24819   1034.069     14.902     15.000    29.1979    29.1989   5.801627   5.801912     3.1404     2.6610     100.00   26.05960  -96.08156    0.00046   -0.00075     4.3651     4.3554    29.1943    29.1953    35.3492    35.3504    22.2611    22.2617       0.00    190.701    190.277         60 0.0000e+00
      24868   1036.111     15.895     16.000    29.1858    29.1867   5.800889   5.801156     3.1391     2.6623      81.82   26.05960  -96.08156   -0.00049    0.00055     4.3641     4.3592    29.1820    29.1828    35.3531    35.3544    22.2682    22.2689       0.00    190.657    190.443         43 0.0000e+00
      24919   1038.253     16.889     17.000    29.1803    29.1813   5.800729   5.801011     3.1391     2.6634      94.53   26.05960  -96.08156   -0.00039    0.00094     4.3649     4.3623    29.1762    29.1772    35.3558    35.3570    22.2722    22.2728       0.00    190.691    190.574         62 0.0000e+00
      24977   1040.681     17.882     18.000    29.1748    29.1758   5.800319   5.800603     3.1397     2.6598     100.17   26.05960  -96.08156    0.00029   -0.00104     4.3669     4.3559    29.1705    29.1714    35.3568    35.3580    22.2748    22.2755       0.00    190.777    190.294         48 0.0000e+00
      25023   1042.576     18.875     19.000    29.1813    29.1818   5.801863   5.802039     3.1398     2.6602     100.00   26.05960  -96.08156   -0.00048   -0.00194     4.3670     4.3566    29.1767    29.1772    35.3632    35.3638    22.2775    22.2779       0.00    190.781    190.326         51 0.0000e+00
      25082   1045.028     19.869     20.000    29.1901    29.1916   5.803867   5.804225     3.1403     2.6618     100.00   26.05960  -96.08156    0.00099    0.00176     4.3677     4.3600    29.1853    29.1868    35.3696    35.3711    22.2795    22.2801     711.10    190.811    190.472         57 0.0000e+00
      25131   1047.090     20.862     21.000    29.1964    29.1970   5.805351   5.805631     3.1416     2.6604     100.00   26.05960  -96.08156    0.00007   -0.00002     4.3699     4.3567    29.1913    29.1918    35.3764    35.3772    22.2826    22.2830    1530.97    190.906    190.330         49 0.0000e+00
      25185   1049.342     21.856     22.000    29.2014    29.2025   5.806809   5.807086     3.1406     2.6613     100.00   26.05960  -96.08156    0.00025   -0.00014     4.3682     4.3585    29.1961    29.1971    35.3805    35.3817    22.2841    22.2846    1544.64    190.830    190.409         55 0.0000e+00
      25236   1051.451     22.849     23.000    29.1997    29.2010   5.806753   5.807115     3.1401     2.6611     100.00   26.05960  -96.08156   -0.00046    0.00039     4.3679     4.3588    29.1941    29.1954    35.3812    35.3826    22.2852    22.2859    1544.64    190.819    190.419         49 0.0000e+00
      25289   1053.687     23.842     24.000    29.1947    29.1956   5.806334   5.806585     3.1374     2.6630      99.99   26.05960  -96.08156   -0.00088    0.00030     4.3638     4.3635    29.1889    29.1898    35.3817    35.3827    22.2874    22.2878    1544.65    190.637    190.627         57 0.0000e+00
      25344   1055.941     24.836     25.000    29.1936    29.1947   5.806641   5.806924     3.1394     2.6638     100.00   26.05960  -96.08156    0.00017    0.00080     4.3679     4.3657    29.1875    29.1886    35.3844    35.3854    22.2898    22.2902    1544.65    190.818    190.721         52 0.0000e+00
      25395   1058.073     25.829     26.000    29.2041    29.2051   5.810097   5.810360     3.1418     2.6602      80.26   26.05960  -96.08156    0.00103   -0.00104     4.3716     4.3581    29.1977    29.1988    35.4001    35.4011    22.2982    22.2987    1544.65    190.978    190.386         50 0.0000e+00
      25447   1060.236     26.823     27.000    29.2108    29.2117   5.812940   5.813165     3.1414     2.6660      95.83   26.05960  -96.08156    0.00050    0.00079     4.3705     4.3690    29.2042    29.2051    35.4143    35.4152    22.3067    22.3070    1544.66    190.929    190.864         56 0.0000e+00
      25503   1062.597     27.816     28.000    29.2190    29.2198   5.814903   5.815142     3.1411     2.6624     100.13   26.05960  -96.08156   -0.00052    0.00055     4.3698     4.3616    29.2121    29.2130    35.4215    35.4225    22.3094    22.3099    1544.67    190.898    190.541         52 0.0000e+00
      25550   1064.535     28.809     29.000    29.2304    29.2313   5.817445   5.817684     3.1406     2.6635     100.00   26.05960  -96.08156    0.00024   -0.00156     4.3683     4.3633    29.2233    29.2242    35.4302    35.4312    22.3122    22.3126    1544.68    190.831    190.612         46 0.0000e+00
      25605   1066.842     29.803     30.000    29.2474    29.2486   5.835970   5.836202     3.1426     2.6633     100.00   26.05960  -96.08156    0.00010    0.00044     4.3688     4.3601    29.2402    29.2414    35.5445    35.5453    22.3923    22.3925    1544.69    190.839    190.458         64 0.0000e+00
      25662   1069.224     30.796     31.000    29.2473    29.2487   5.858777   5.858745     3.1502     2.6752     100.00   26.05960  -96.08156    0.00221    0.00297     4.3787     4.3800    29.2397    29.2411    35.7011    35.6999    22.5101    22.5087    1544.71    191.248    191.306         47 0.0000e+00
      25708   1071.146     31.789     32.000    28.9692    28.9760   5.844337   5.845141     3.1628     2.6860     100.00   26.05960  -96.08156    0.00442    0.00431     4.4378     4.4422    28.9473    28.9684    35.7610    35.7639    22.6532    22.6534    1544.72    193.800    193.995         50 0.0000e+00
      25764   1073.463     32.783     33.000    28.7345    28.7366   5.817439   5.817961     3.2208     2.7459     100.00   26.05960  -96.08156    0.01729    0.01872     4.5451     4.5579    28.7269    28.7286    35.8001    35.8021    22.7563    22.7571    1544.72    198.468    199.027         57 0.0000e+00
      25818   1075.725     33.776     34.000    28.3234    28.3274   5.785121   5.786153     3.2506     2.7692      94.93   26.05961  -96.08156    0.02123    0.01714     4.6314     4.6357    28.3153    28.3193    35.8843    35.8885    22.9559    22.9577    1544.70    202.197    202.386         54 0.0000e+00
      25869   1077.820     34.769     35.000    27.8733    27.8769   5.743729   5.744589     3.2781     2.8012      95.31   26.05961  -96.08156    0.00912    0.01022     4.7186     4.7345    27.8651    27.8686    35.9359    35.9393    23.1428    23.1442    1544.64    205.966    206.660         47 0.0000e+00
      25922   1080.027     35.763     36.000    27.7122    27.7142   5.729794   5.730377     3.3087     2.8270      99.93   26.05962  -96.08156    0.01543    0.01447     4.7893     4.8007    27.7037    27.7058    35.9605    35.9631    23.2140    23.2153    1544.59    209.037    209.534         60 0.0000e+00
      25979   1082.399     36.756     37.000    27.5406    27.5378   5.712605   5.712784     3.3162     2.8330      78.61   26.05962  -96.08156    0.00628    0.00568     4.8172     4.8265    27.5320    27.5292    35.9701    35.9736    23.2771    23.2806    1544.52    210.242    210.650         50 0.0000e+00
      26029   1084.483     37.749     38.000    27.4431    27.4444   5.702484   5.702962     3.3276     2.8446      95.46   26.05962  -96.08154    0.00385    0.00346     4.8480     4.8594    27.4343    27.4356    35.9729    35.9753    23.3109    23.3123    1544.44    211.578    212.074         52 0.0000e+00
      26080   1086.642     38.743     39.000    27.3384    27.3553   5.693162   5.694207     3.3297     2.8454      88.19   26.05962  -96.08154    0.00354    0.00291     4.8618     4.8665    27.3408    27.3463    35.9782    35.9814    23.3451    23.3457    1544.38    212.175    212.379         52 0.0000e+00
      26136   1088.939     39.736     40.000    26.7303    26.7380   5.623375   5.624255     3.3468     2.8669      99.90   26.05962  -96.08154    0.00321    0.00474     4.9485     4.9658    26.7171    26.7289    35.9604    35.9642    23.5316    23.5335    1544.28    215.921    216.673         59 0.0000e+00
      26190   1091.189     40.729     41.000    26.4291    26.4327   5.594801   5.595554     3.3851     2.8974     100.00   26.05962  -96.08154    0.01553    0.01421     5.0467     5.0540    26.4199    26.4234    35.9850    35.9875    23.6446    23.6453    1544.17    220.181    220.496         45 0.0000e+00
      26235   1093.103     41.722     42.000    26.3173    26.3236   5.585962   5.586970     3.3874     2.9033     100.00   26.05962  -96.08154    0.01016    0.00888     5.0611     5.0756    26.3079    26.3142    36.0080    36.0104    23.6974    23.6972    1544.06    220.798    221.429         54 0.0000e+00
      26294   1095.545     42.716     43.000    25.8990    25.9272   5.545938   5.547808     3.3730     2.8926     100.00   26.05962  -96.08154   -0.00424   -0.00277     5.0734     5.0859    25.8894    25.9176    36.0445    36.0461    23.8559    23.8484    1543.95    221.297    221.846         57 0.0000e+00
      26347   1097.745     43.709     44.000    25.3164    25.3231   5.493848   5.494957     3.3603     2.8802     100.00   26.05962  -96.08154   -0.00561   -0.00419     5.0995     5.1110    25.3067    25.3134    36.1221    36.1248    24.0955    24.0954    1543.79    222.384    222.888         49 0.0000e+00
      26395   1099.769     44.702     45.000    25.1379    25.1426   5.477610   5.478466     3.3434     2.8684      97.29   26.05962  -96.08154   -0.00746   -0.00655     5.0833     5.1015    25.1281    25.1327    36.1436    36.1462    24.1666    24.1672    1543.63    221.664    222.457         51 0.0000e+00
      26448   1101.950     45.696     46.000    24.9915    24.9971   5.463544   5.464496     3.3251     2.8553      97.90   26.05962  -96.08154   -0.00815   -0.00580     5.0616     5.0864    24.9815    24.9871    36.1556    36.1582    24.2205    24.2208    1543.48    220.705    221.786         53 0.0000e+00
      26504   1104.284     46.689     47.000    24.8222    24.8277   5.447249   5.448190     3.3157     2.8438      97.57   26.05962  -96.08154   -0.00604   -0.00521     5.0593     5.0767    24.8120    24.8176    36.1694    36.1720    24.2826    24.2829    1543.32    220.592    221.349         57 0.0000e+00
      26554   1106.390     47.682     48.000    24.5586    24.5616   5.420457   5.421166     3.2966     2.8282      77.20   26.05962  -96.08154   -0.00598   -0.00591     5.0466     5.0665    24.5483    24.5513    36.1803    36.1832    24.3708    24.3721    1543.16    220.020    220.888         46 0.0000e+00
      26606   1108.542     48.675     49.000    24.3614    24.3690   5.401330   5.402452     3.2845     2.8185      99.57   26.05962  -96.08154   -0.00742   -0.00623     5.0415     5.0625    24.3510    24.3585    36.1951    36.1975    24.4414    24.4410    1543.00    219.781    220.698         59 0.0000e+00
      26663   1110.910     49.669     50.000    24.0275    24.0329   5.368003   5.369045     3.2467     2.7838     100.00   26.05962  -96.08154   -0.01114   -0.00991     4.9980     5.0163    24.0169    24.0223    36.2133    36.2168    24.5552    24.5562    1542.83    217.860    218.660         51 0.0000e+00
      26711   1112.910     50.662     51.000    23.8600    23.8650   5.349399   5.350311     3.2287     2.7679     100.00   26.05962  -96.08154   -0.01457   -0.01322     4.9786     4.9970    23.8492    23.8542    36.2077    36.2106    24.6008    24.6015    1542.65    217.007    217.809         49 0.0000e+00
      26765   1115.168     51.655     52.000    23.6566    23.6646   5.332563   5.333681     3.1961     2.7361     100.00   26.05962  -96.08154   -0.00916   -0.00829     4.9320     4.9440    23.6457    23.6537    36.2449    36.2469    24.6892    24.6884    1542.47    214.955    215.481         58 0.0000e+00
      26820   1117.475     52.648     53.000    23.4128    23.4218   5.302292   5.301640     3.1438     2.6911     100.00   26.05962  -96.08154   -0.02485   -0.02405     4.8526     4.8692    23.3931    23.4112    36.2191    36.2204    24.7440    24.7472    1542.29    211.484    212.206         50 0.0000e+00
      26867   1119.406     53.642     54.000    23.2925    23.2996   5.290470   5.291454     3.1504     2.7029     100.00   26.05962  -96.08154   -0.00835   -0.00436     4.8760     4.9043    23.2811    23.2884    36.2197    36.2218    24.7772    24.7768    1542.11    212.499    213.730         47 0.0000e+00
