Gulf of Mexico/GOMECC-4/1db/drb2103_0081.cnv
* Sea-Bird SBE 9 Data File:
* FileName = C:\Users\scs.user.rb\CTD\GOMECC4\data\rb2103_008.hex
* Software Version Seasave V 7.26.7.107
* Temperature SN = 4799
* Conductivity SN = 3860
* Number of Bytes Per Scan = 41
* Number of Voltage Words = 4
* Number of Scans Averaged by the Deck Unit = 1
* NMEA Latitude = 25 29.79 N
* NMEA Longitude = 080 01.43 W
* NMEA UTC (Time) = Sep 15 2021  16:51:51
* NMEA baud rate = 4800
# nquan = 28
# nvalues = 184                         
# units = specified
# name 0 = scan: Scan Count
# name 1 = timeS: Time, Elapsed [seconds]
# name 2 = depSM: Depth [salt water, m]
# name 3 = prDM: Pressure, Digiquartz [db]
# name 4 = t090C: Temperature [ITS-90, deg C]
# name 5 = t190C: Temperature, 2 [ITS-90, deg C]
# name 6 = c0S/m: Conductivity [S/m]
# name 7 = c1S/m: Conductivity, 2 [S/m]
# name 8 = sbeox0V: Oxygen raw, SBE 43 [V]
# name 9 = sbeox1V: Oxygen raw, SBE 43, 2 [V]
# name 10 = altM: Altimeter [m]
# name 11 = latitude: Latitude [deg]
# name 12 = longitude: Longitude [deg]
# name 13 = sbox0dV/dT: Oxygen, SBE 43 [dov/dt]
# name 14 = sbox1dV/dT: Oxygen, SBE 43, 2 [dov/dt]
# name 15 = sbeox0ML/L: Oxygen, SBE 43 [ml/l], WS = 5
# name 16 = sbeox1ML/L: Oxygen, SBE 43, 2 [ml/l], WS = 5
# name 17 = potemp090C: Potential Temperature [ITS-90, deg C]
# name 18 = potemp190C: Potential Temperature, 2 [ITS-90, deg C]
# name 19 = sal00: Salinity, Practical [PSU]
# name 20 = sal11: Salinity, Practical, 2 [PSU]
# name 21 = sigma-é00: Density [sigma-theta, kg/m^3]
# name 22 = sigma-é11: Density, 2 [sigma-theta, kg/m^3]
# name 23 = avgsvCM: Average Sound Velocity [Chen-Millero, m/s], minP = 20, minS = 20
# name 24 = sbox0Mm/Kg: Oxygen, SBE 43 [umol/kg], WS = 5
# name 25 = sbox1Mm/Kg: Oxygen, SBE 43, 2 [umol/kg], WS = 5
# name 26 = nbin: number of scans per bin
# name 27 = flag: flag
# span 0 =      15575,      27628       
# span 1 =    648.914,   1151.127       
# span 2 =      6.955,    319.669       
# span 3 =      7.000,    322.000       
# span 4 =     7.7714,    29.5533       
# span 5 =     7.7718,    29.5515       
# span 6 =   3.611633,   5.842404       
# span 7 =   3.611614,   5.842945       
# span 8 =     1.6709,     3.1706       
# span 9 =     1.3786,     2.6921       
# span 10 =      10.21,     100.25      
# span 11 =   25.49490,   25.52397      
# span 12 =  -80.08672,  -79.99678      
# span 13 =   -0.03955,    0.00385      
# span 14 =   -0.04091,    0.00362      
# span 15 =     2.7808,     4.5073      
# span 16 =     2.8286,     4.5241      
# span 17 =     7.7393,    29.5479      
# span 18 =     7.7397,    29.5466      
# span 19 =    33.8354,    36.4986      
# span 20 =    33.8374,    36.5040      
# span 21 =    21.1185,    27.3119      
# span 22 =    21.1277,    27.3112      
# span 23 =       0.00,    1545.40      
# span 24 =    120.904,    196.668      
# span 25 =    122.980,    197.309      
# span 26 =         30,         70      
# span 27 = 0.0000e+00, 0.0000e+00      
# interval = decibars: 1                
# start_time = Sep 15 2021 16:51:51 [NMEA time, header]
# bad_flag = -9.990e-29
*END*
[from data line 156]
      22392    932.963    176.773    178.000    11.5132    11.5092   4.005961   4.005392     1.7828     1.4796     100.00   25.50170  -80.02140   -0.00204   -0.00146     2.7826     2.8334    11.4905    11.4865    35.4426    35.4408    27.0297    27.0291    1526.89    120.999    123.211         33 0.0000e+00
      22426    934.356    177.765    179.000    11.4344    11.4362   3.997440   3.997531     1.7805     1.4768     100.00   25.50172  -80.02140   -0.00191   -0.00158     2.7823     2.8307    11.4116    11.4134    35.4334    35.4326    27.0373    27.0363    1526.73    120.986    123.090         33 0.0000e+00
      22457    935.647    178.758    180.000    11.3781    11.3851   3.991312   3.991957     1.7792     1.4762     100.00   25.50172  -80.02139   -0.00149   -0.00155     2.7832     2.8326    11.3553    11.3623    35.4262    35.4259    27.0422    27.0406    1526.57    121.023    123.172         30 0.0000e+00
      22487    936.914    179.751    181.000    11.2909    11.2963   3.981881   3.982132     1.7772     1.4745     100.00   25.50173  -80.02138   -0.00133   -0.00116     2.7843     2.8344    11.2681    11.2735    35.4158    35.4146    27.0502    27.0483    1526.41    121.072    123.252         31 0.0000e+00
      22518    938.199    180.743    182.000    11.1236    11.1263   3.963666   3.963728     1.7740     1.4715     100.00   25.50174  -80.02138   -0.00162   -0.00123     2.7871     2.8370    11.1009    11.1036    35.3948    35.3928    27.0647    27.0627    1526.25    121.193    123.363         32 0.0000e+00
      22550    939.546    181.736    183.000    11.0546    11.0584   3.956117   3.956372     1.7712     1.4694      91.76   25.50174  -80.02138   -0.00215   -0.00189     2.7853     2.8361    11.0319    11.0357    35.3855    35.3843    27.0700    27.0685    1526.08    121.111    123.323         31 0.0000e+00
      22581    940.823    182.729    184.000    10.9768    10.9823   3.947694   3.948103     1.7697     1.4685      94.69   25.50175  -80.02138   -0.00197   -0.00165     2.7870     2.8390    10.9541    10.9596    35.3757    35.3745    27.0766    27.0747    1525.93    121.188    123.449         30 0.0000e+00
      22611    942.095    183.721    185.000    10.8581    10.8646   3.934843   3.935332     1.7678     1.4666     100.05   25.50176  -80.02138   -0.00151   -0.00111     2.7904     2.8420    10.8354    10.8419    35.3609    35.3596    27.0866    27.0844    1525.76    121.333    123.577         31 0.0000e+00
      22643    943.426    184.714    186.000    10.7683    10.7764   3.925126   3.925815     1.7654     1.4645     100.00   25.50176  -80.02138   -0.00148   -0.00126     2.7907     2.8423    10.7456    10.7537    35.3496    35.3487    27.0939    27.0918    1525.60    121.343    123.588         32 0.0000e+00
      22674    944.716    185.707    187.000    10.6820    10.6881   3.915837   3.916342     1.7633     1.4624     100.00   25.50178  -80.02138   -0.00166   -0.00161     2.7913     2.8425    10.6593    10.6654    35.3391    35.3382    27.1012    27.0994    1525.44    121.371    123.596         31 0.0000e+00
      22704    945.969    186.699    188.000    10.6003    10.6013   3.907037   3.906948     1.7613     1.4610      99.83   25.50178  -80.02138   -0.00168   -0.00149     2.7921     2.8448    10.5776    10.5786    35.3289    35.3270    27.1079    27.1062    1525.28    121.402    123.696         30 0.0000e+00
      22735    947.266    187.692    189.000    10.5444    10.5553   3.901039   3.902104     1.7602     1.4592     100.00   25.50178  -80.02138   -0.00146   -0.00131     2.7933     2.8430    10.5216    10.5325    35.3220    35.3222    27.1124    27.1107    1525.11    121.455    123.615         32 0.0000e+00
      22768    948.645    188.684    190.000    10.4164    10.4284   3.887242   3.888251     1.7574     1.4569     100.00   25.50180  -80.02136   -0.00131   -0.00137     2.7952     2.8454    10.3937    10.4056    35.3060    35.3046    27.1225    27.1193    1524.95    121.537    123.719         33 0.0000e+00
      22800    949.975    189.677    191.000    10.3139    10.3202   3.876150   3.876621     1.7545     1.4542     100.00   25.50181  -80.02136   -0.00174   -0.00175     2.7948     2.8454    10.2912    10.2975    35.2924    35.2911    27.1299    27.1277    1524.79    121.520    123.721         32 0.0000e+00
      22832    951.292    190.670    192.000    10.2017    10.2126   3.863997   3.864864     1.7521     1.4517      98.80   25.50182  -80.02136   -0.00209   -0.00187     2.7966     2.8458    10.1791    10.1899    35.2774    35.2756    27.1377    27.1344    1524.63    121.596    123.734         31 0.0000e+00
      22892    953.798    192.655    194.000    10.0102    10.0108   3.843128   3.843203     1.7469     1.4471     100.00   25.50257  -80.02364   -0.00198   -0.00191     2.7981     2.8478     9.9876     9.9882    35.2531    35.2503    27.1518    27.1496    1524.37    121.660    123.821         30 0.0000e+00
      22923    955.094    193.648    195.000     9.7680     9.7866   3.817652   3.818749     1.7424     1.4426     100.00   25.50184  -80.02136   -0.00240   -0.00215     2.8015     2.8492     9.7457     9.7642    35.2197    35.2175    27.1670    27.1621    1524.14    121.805    123.883         33 0.0000e+00
      22957    956.492    194.640    196.000     9.5970     9.6053   3.798703   3.799388     1.7378     1.4383      88.93   25.50185  -80.02134   -0.00307   -0.00295     2.8021     2.8502     9.5748     9.5830    35.1960    35.1948    27.1772    27.1749    1523.97    121.833    123.923         34 0.0000e+00
      22991    957.906    195.633    197.000     9.5326     9.5363   3.791793   3.792083     1.7349     1.4361      93.15   25.50186  -80.02134   -0.00300   -0.00284     2.7999     2.8489     9.5104     9.5141    35.1871    35.1865    27.1811    27.1800    1523.80    121.735    123.865         35 0.0000e+00
      23023    959.255    196.625    198.000     9.4176     9.4361   3.779328   3.781098     1.7323     1.4341      99.92   25.50186  -80.02134   -0.00226   -0.00184     2.8001     2.8502     9.3954     9.4139    35.1702    35.1704    27.1869    27.1840    1523.63    121.742    123.922         30 0.0000e+00
      23166    965.207    201.588    203.000     9.2279     9.2278   3.758982   3.758847     1.7196     1.4214      98.25   25.50021  -80.01603   -0.00200   -0.00209     2.7808     2.8286     9.2054     9.2053    35.1424    35.1411    27.1963    27.1953    1522.70    120.904    122.980         30 0.0000e+00
      26046   1085.212    312.724    315.000     7.8019     7.8044   3.613505   3.613645     1.6709     1.3786      17.43   25.49490  -79.99678    0.00018    0.00043     2.7861     2.8400     7.7703     7.7727    34.9610    34.9601    27.2772    27.2761    1510.01    121.124    123.465         41 0.0000e+00
      26098   1087.374    313.717    316.000     7.7941     7.7956   3.613680   3.613747     1.6724     1.3798      16.33   25.50266  -80.02108    0.00057    0.00058     2.7912     2.8444     7.7623     7.7639    34.9715    34.9707    27.2869    27.2861    1510.40    121.343    123.657         47 0.0000e+00
      26146   1089.370    314.709    317.000     7.7883     7.7893   3.613173   3.613202     1.6728     1.3802      15.32   25.50268  -80.02106    0.00042    0.00036     2.7929     2.8466     7.7565     7.7575    34.9713    34.9706    27.2877    27.2870    1510.32    121.420    123.753         50 0.0000e+00
      26208   1091.945    315.701    318.000     7.7851     7.7870   3.613001   3.613036     1.6727     1.3801      14.19   25.50269  -80.02106    0.00003    0.00001     2.7932     2.8466     7.7532     7.7551    34.9713    34.9707    27.2881    27.2874    1510.25    121.431    123.751         56 0.0000e+00
      26286   1095.218    316.693    319.000     7.7777     7.7794   3.612268   3.612330     1.6727     1.3797      13.18   25.50271  -80.02106 3.3901e-07   -0.00009     2.7943     2.8464     7.7457     7.7474    34.9709    34.9701    27.2889    27.2881    1510.17    121.478    123.743         59 0.0000e+00
      26353   1098.007    317.685    320.000     7.7714     7.7718   3.611633   3.611614     1.6730     1.3797      12.17   25.50272  -80.02104    0.00007   -0.00003     2.7959     2.8473     7.7393     7.7397    34.9702    34.9693    27.2893    27.2885    1510.10    121.547    123.783         70 0.0000e+00
      27628   1151.127    319.669    322.000     7.7737     7.7764   3.614255   3.614456     1.6742     1.3799      10.21   25.52397  -80.08672   -0.00005   -0.00012     2.7987     2.8474     7.7414     7.7441    34.9984    34.9979    27.3119    27.3112    1511.20    121.669    123.789         36 0.0000e+00
