Gulf of Mexico/GOMECC-4/1db/drb2103_0851.cnv
* Sea-Bird SBE 9 Data File:
* FileName = C:\Users\scs.user.rb\CTD\GOMECC4\data\rb2103_0851.hex
* Software Version Seasave V 7.26.7.107
* Temperature SN = 4799
* Conductivity SN = 3860
* Number of Bytes Per Scan = 41
* Number of Voltage Words = 4
* Number of Scans Averaged by the Deck Unit = 1
* NMEA Latitude = 20 36.04 N
* NMEA Longitude = 094 17.37 W
* NMEA UTC (Time) = Oct 07 2021  22:53:37
* NMEA baud rate = 4800
# nquan = 28
# nvalues = 253                         
# units = specified
# name 0 = scan: Scan Count
# name 1 = timeS: Time, Elapsed [seconds]
# name 2 = depSM: Depth [salt water, m]
# name 3 = prDM: Pressure, Digiquartz [db]
# name 4 = t090C: Temperature [ITS-90, deg C]
# name 5 = t190C: Temperature, 2 [ITS-90, deg C]
# name 6 = c0S/m: Conductivity [S/m]
# name 7 = c1S/m: Conductivity, 2 [S/m]
# name 8 = sbeox0V: Oxygen raw, SBE 43 [V]
# name 9 = sbeox1V: Oxygen raw, SBE 43, 2 [V]
# name 10 = altM: Altimeter [m]
# name 11 = latitude: Latitude [deg]
# name 12 = longitude: Longitude [deg]
# name 13 = sbox0dV/dT: Oxygen, SBE 43 [dov/dt]
# name 14 = sbox1dV/dT: Oxygen, SBE 43, 2 [dov/dt]
# name 15 = sbeox0ML/L: Oxygen, SBE 43 [ml/l], WS = 5
# name 16 = sbeox1ML/L: Oxygen, SBE 43, 2 [ml/l], WS = 5
# name 17 = potemp090C: Potential Temperature [ITS-90, deg C]
# name 18 = potemp190C: Potential Temperature, 2 [ITS-90, deg C]
# name 19 = sal00: Salinity, Practical [PSU]
# name 20 = sal11: Salinity, Practical, 2 [PSU]
# name 21 = sigma-é00: Density [sigma-theta, kg/m^3]
# name 22 = sigma-é11: Density, 2 [sigma-theta, kg/m^3]
# name 23 = avgsvCM: Average Sound Velocity [Chen-Millero, m/s], minP = 20, minS = 20
# name 24 = sbox0Mm/Kg: Oxygen, SBE 43 [umol/kg], WS = 5
# name 25 = sbox1Mm/Kg: Oxygen, SBE 43, 2 [umol/kg], WS = 5
# name 26 = nbin: number of scans per bin
# name 27 = flag: flag
# span 0 =      14634,      67315       
# span 1 =    609.707,   2804.757       
# span 2 =      3.975,   1863.038       
# span 3 =      4.000,   1883.000       
# span 4 =     4.2610,    29.4071       
# span 5 =     4.2615,    29.4087       
# span 6 =   3.342030,   5.982406       
# span 7 =   3.341986,   5.982705       
# span 8 =     1.5786,     3.3135       
# span 9 =     1.2821,     2.8263       
# span 10 =      11.18,     106.54      
# span 11 =   20.59445,   20.60147      
# span 12 =  -94.29304,  -94.26027      
# span 13 =   -0.03694,    0.01625      
# span 14 =   -0.03597,    0.01507      
# span 15 =     2.4383,     4.8899      
# span 16 =     2.4553,     4.8861      
# span 17 =     4.1019,    29.4011      
# span 18 =     4.1026,    29.4027      
# span 19 =    34.9144,    36.5215      
# span 20 =    34.9139,    36.5231      
# span 21 =    23.0047,    27.7540      
# span 22 =    23.0048,    27.7529      
# span 23 =       0.00,    1548.93      
# span 24 =    106.030,    213.285      
# span 25 =    106.767,    213.116      
# span 26 =         30,         67      
# span 27 = 0.0000e+00, 0.0000e+00      
# interval = decibars: 1                
# start_time = Oct 07 2021 22:53:37 [NMEA time, header]
# bad_flag = -9.990e-29
*END*
      14634    609.707      3.975      4.000    29.4013    29.4020   5.980790   5.981014     3.1645     2.6718      42.10   20.60084  -94.28958    0.00041   -0.00200     4.3609     4.3306    29.4003    29.4010    36.4325    36.4335    23.0051    23.0056       0.00    190.378    189.057         34 0.0000e+00
      16118    671.562      4.969      5.000    29.3981    29.3999   5.980554   5.980862     3.1629     2.6768     106.54   20.60084  -94.28956   -0.00003    0.00030     4.3587     4.3411    29.3969    29.3987    36.4331    36.4338    23.0067    23.0066       0.00    190.282    189.515         35 0.0000e+00
      16108    671.133      5.963      6.000    29.3997    29.4026   5.980749   5.981179     3.1655     2.6753      90.72   20.60086  -94.28956    0.00143    0.00002     4.3638     4.3386    29.3982    29.4011    36.4329    36.4336    23.0060    23.0057       0.00    190.503    189.402         40 0.0000e+00
      16219    675.744      6.957      7.000    29.4021    29.4039   5.981039   5.981359     3.1645     2.6745      86.91   20.60086  -94.28956   -0.00029    0.00035     4.3624     4.3374    29.4004    29.4022    36.4327    36.4336    23.0052    23.0052       0.00    190.444    189.350         34 0.0000e+00
      16286    678.539      7.951      8.000    29.4028    29.4032   5.981153   5.981343     3.1648     2.6752      95.13   20.60086  -94.28956   -0.00005   -0.00119     4.3634     4.3393    29.4008    29.4013    36.4327    36.4337    23.0051    23.0056       0.00    190.486    189.436         45 0.0000e+00
      16360    681.641      8.945      9.000    29.4023    29.4039   5.981142   5.981453     3.1635     2.6733      99.89   20.60086  -94.28956   -0.00018   -0.00024     4.3617     4.3360    29.4001    29.4016    36.4328    36.4337    23.0053    23.0055       0.00    190.413    189.292         47 0.0000e+00
      16430    684.534      9.938     10.000    29.4005    29.4022   5.981033   5.981338     3.1642     2.6758     100.00   20.60086  -94.28956    0.00033    0.00039     4.3634     4.3415    29.3981    29.3998    36.4330    36.4338    23.0062    23.0062       0.00    190.489    189.533         50 0.0000e+00
      16490    687.038     10.932     11.000    29.4011    29.4025   5.981138   5.981416     3.1624     2.6765     100.00   20.60086  -94.28956   -0.00049    0.00095     4.3608     4.3435    29.3985    29.3998    36.4330    36.4339    23.0061    23.0063       0.00    190.375    189.617         55 0.0000e+00
      16551    689.602     11.926     12.000    29.4018    29.4033   5.981246   5.981554     3.1635     2.6768      90.31   20.60086  -94.28956    0.00005   -0.00051     4.3632     4.3445    29.3988    29.4004    36.4329    36.4339    23.0059    23.0061       0.00    190.480    189.661         64 0.0000e+00
      16612    692.140     12.920     13.000    29.4025    29.4035   5.981372   5.981624     3.1652     2.6758      96.67   20.60086  -94.28956    0.00051    0.00040     4.3666     4.3430    29.3993    29.4003    36.4330    36.4339    23.0058    23.0062       0.00    190.629    189.595         54 0.0000e+00
      16661    694.151     13.914     14.000    29.4016    29.4034   5.981321   5.981641     3.1617     2.6755      90.56   20.60086  -94.28956   -0.00034   -0.00052     4.3611     4.3429    29.3982    29.4000    36.4330    36.4338    23.0062    23.0062       0.00    190.387    189.594         50 0.0000e+00
      16721    696.675     14.907     15.000    29.4017    29.4033   5.981373   5.981685     3.1586     2.6769     100.65   20.60086  -94.28956   -0.00157    0.00046     4.3560     4.3463    29.3980    29.3997    36.4330    36.4339    23.0062    23.0063       0.00    190.164    189.739         60 0.0000e+00
      16767    698.599     15.901     16.000    29.4033    29.4040   5.981582   5.981795     3.1603     2.6760     100.00   20.60086  -94.28956   -0.00062    0.00013     4.3595     4.3449    29.3993    29.4001    36.4329    36.4338    23.0057    23.0062       0.00    190.316    189.681         41 0.0000e+00
      16817    700.687     16.895     17.000    29.4010    29.4034   5.981394   5.981778     3.1595     2.6741     100.00   20.60086  -94.28956    0.00051   -0.00141     4.3588     4.3419    29.3968    29.3992    36.4330    36.4339    23.0067    23.0065       0.00    190.286    189.547         60 0.0000e+00
      16873    702.993     17.889     18.000    29.4000    29.4015   5.981338   5.981637     3.1584     2.6754      99.46   20.60086  -94.28956   -0.00069    0.00088     4.3572     4.3450    29.3956    29.3971    36.4331    36.4340    23.0072    23.0073       0.00    190.219    189.682         47 0.0000e+00
      16920    704.954     18.882     19.000    29.4007    29.4022   5.981456   5.981749     3.1592     2.6750      99.99   20.60086  -94.28956   -0.00010    0.00025     4.3591     4.3447    29.3960    29.3975    36.4331    36.4340    23.0070    23.0072       0.00    190.302    189.673         51 0.0000e+00
      16973    707.165     19.876     20.000    29.4039    29.4050   5.981794   5.982059     3.1615     2.6748     100.00   20.60086  -94.28956    0.00086   -0.00038     4.3637     4.3446    29.3990    29.4001    36.4327    36.4337    23.0057    23.0061     757.78    190.500    189.668         53 0.0000e+00
      17026    709.383     20.870     21.000    29.4062    29.4078   5.982045   5.982347     3.1608     2.6757      99.80   20.60085  -94.28956    0.00032    0.00056     4.3628     4.3467    29.4011    29.4027    36.4324    36.4332    23.0047    23.0048    1548.93    190.460    189.758         53 0.0000e+00
      17078    711.534     21.864     22.000    29.4060    29.4073   5.982058   5.982331     3.1587     2.6751     100.00   20.60086  -94.28956   -0.00066   -0.00021     4.3595     4.3460    29.4006    29.4019    36.4324    36.4332    23.0049    23.0051    1546.20    190.317    189.728         50 0.0000e+00
      17128    713.615     22.857     23.000    29.4059    29.4069   5.982106   5.982364     3.1601     2.6743     100.00   20.60086  -94.28956   -0.00052   -0.00102     4.3625     4.3451    29.4003    29.4013    36.4324    36.4334    23.0050    23.0054    1546.20    190.446    189.687         50 0.0000e+00
      17178    715.688     23.851     24.000    29.4042    29.4058   5.982007   5.982294     3.1594     2.6761     100.00   20.60086  -94.28956    0.00065    0.00115     4.3620     4.3492    29.3983    29.3999    36.4327    36.4335    23.0059    23.0060    1546.21    190.425    189.868         51 0.0000e+00
      17231    717.912     24.845     25.000    29.4057    29.4074   5.982178   5.982477     3.1585     2.6740     100.00   20.60085  -94.28956   -0.00065   -0.00014     4.3607     4.3455    29.3996    29.4013    36.4325    36.4332    23.0053    23.0053    1546.21    190.371    189.707         55 0.0000e+00
      17283    720.083     25.839     26.000    29.4068    29.4083   5.982319   5.982586     3.1588     2.6737     100.00   20.60084  -94.28956   -0.00011   -0.00086     4.3618     4.3454    29.4004    29.4019    36.4323    36.4330    23.0049    23.0049    1546.21    190.415    189.701         49 0.0000e+00
      17332    722.145     26.832     27.000    29.4071    29.4087   5.982406   5.982705     3.1570     2.6716     100.00   20.60084  -94.28956   -0.00022   -0.00009     4.3590     4.3416    29.4005    29.4021    36.4324    36.4333    23.0049    23.0051    1546.22    190.296    189.534         52 0.0000e+00
      17389    724.482     27.826     28.000    29.4059    29.4073   5.982350   5.982605     3.1574     2.6726     100.00   20.60084  -94.28956   -0.00048   -0.00111     4.3603     4.3442    29.3990    29.4004    36.4326    36.4334    23.0056    23.0057    1546.22    190.354    189.651         54 0.0000e+00
      17435    726.426     28.820     29.000    29.4051    29.4064   5.982155   5.982522     3.1574     2.6713      76.11   20.60084  -94.28956    0.00040    0.00074     4.3613     4.3422    29.3981    29.3993    36.4324    36.4332    23.0058    23.0059    1546.22    190.397    189.562         45 0.0000e+00
      17490    728.697     29.813     30.000    29.4035    29.4054   5.982106   5.982449     3.1585     2.6717     100.33   20.60084  -94.28956    0.00013   -0.00022     4.3634     4.3436    29.3961    29.3980    36.4322    36.4331    23.0062    23.0063    1546.23    190.488    189.624         61 0.0000e+00
      17540    730.811     30.807     31.000    29.4030    29.4044   5.982107   5.982387     3.1592     2.6706     100.00   20.60084  -94.28956    0.00037   -0.00135     4.3654     4.3420    29.3954    29.3968    36.4323    36.4331    23.0066    23.0067    1546.23    190.572    189.553         41 0.0000e+00
      17591    732.911     31.801     32.000    29.4040    29.4059   5.982278   5.982617     3.1590     2.6716     100.00   20.60084  -94.28956    0.00025    0.00065     4.3654     4.3444    29.3962    29.3981    36.4324    36.4332    23.0064    23.0064    1546.24    190.574    189.659         65 0.0000e+00
      17650    735.357     32.795     33.000    29.4026    29.4034   5.982163   5.982378     3.1577     2.6713     100.00   20.60084  -94.28956   -0.00045   -0.00004     4.3637     4.3446    29.3945    29.3953    36.4323    36.4332    23.0069    23.0073    1546.24    190.502    189.665         44 0.0000e+00
      17690    737.040     33.788     34.000    29.4021    29.4033   5.982131   5.982325     3.1558     2.6705     100.00   20.60084  -94.28956   -0.00107   -0.00013     4.3608     4.3434    29.3938    29.3950    36.4322    36.4331    23.0071    23.0073    1546.25    190.372    189.616         43 0.0000e+00
      17747    739.406     34.782     35.000    29.4017    29.4037   5.982122   5.982479     3.1580     2.6716      95.21   20.60084  -94.28956    0.00035   -0.00003     4.3653     4.3462    29.3932    29.3951    36.4321    36.4331    23.0072    23.0073    1546.26    190.570    189.734         67 0.0000e+00
      17800    741.639     35.776     36.000    29.4019    29.4043   5.982179   5.982595     3.1576     2.6721     100.07   20.60084  -94.28956    0.00024    0.00039     4.3652     4.3476    29.3930    29.3955    36.4321    36.4331    23.0073    23.0072    1546.26    190.564    189.798         40 0.0000e+00
      17844    743.475     36.770     37.000    29.4000    29.4032   5.981997   5.982487     3.1570     2.6708      73.50   20.60084  -94.28956   -0.00021   -0.00018     4.3648     4.3455    29.3909    29.3941    36.4320    36.4330    23.0079    23.0075    1546.27    190.546    189.707         54 0.0000e+00
      17905    745.999     37.763     38.000    29.3917    29.3886   5.981020   5.980841     3.1568     2.6682     100.72   20.60084  -94.28956   -0.00038   -0.00103     4.3657     4.3420    29.3824    29.3793    36.4313    36.4322    23.0102    23.0119    1546.27    190.587    189.552         60 0.0000e+00
      17956    748.132     38.757     39.000    29.3628    29.3672   5.977552   5.978204     3.1572     2.6717     100.00   20.60084  -94.28956    0.00041    0.00068     4.3691     4.3510    29.3533    29.3577    36.4291    36.4302    23.0184    23.0178    1546.28    190.735    189.944         46 0.0000e+00
      18002    750.043     39.750     40.000    29.1242    29.1375   5.948705   5.951423     3.1618     2.6764     100.00   20.60084  -94.28956    0.00063    0.00126     4.4002     4.3821    29.1144    29.1277    36.4113    36.4152    23.0856    23.0841    1546.28    192.079    191.289         47 0.0000e+00
      18057    752.353     40.744     41.000    28.8320    28.8369   5.914551   5.915424     3.1951     2.7157     100.00   20.60084  -94.28956    0.00886    0.01095     4.4804     4.4794    28.8221    28.8270    36.3973    36.3998    23.1733    23.1736    1546.26    195.561    195.518         59 0.0000e+00
      18110    754.535     41.738     42.000    28.5615    28.5576   5.884302   5.884261     3.2242     2.7405     100.00   20.60084  -94.28956    0.01625    0.01507     4.5560     4.5503    28.5514    28.5476    36.3935    36.3960    23.2607    23.2639    1546.24    198.845    198.596         49 0.0000e+00
      18160    756.640     42.731     43.000    28.3782    28.3773   5.864380   5.864595     3.2406     2.7532      97.17   20.60084  -94.28956    0.00916    0.00792     4.6006     4.5907    28.3679    28.3670    36.3947    36.3969    23.3225    23.3245    1546.19    200.780    200.345         50 0.0000e+00
      18212    758.802     43.725     44.000    28.2724    28.2713   5.853080   5.853227     3.2474     2.7597      99.91   20.60084  -94.28956    0.00566    0.00439     4.6222     4.6125    28.2619    28.2608    36.3967    36.3985    23.3591    23.3609    1546.15    201.716    201.290         59 0.0000e+00
      18269    761.177     44.719     45.000    28.1334    28.1319   5.837468   5.837571     3.2476     2.7596      72.85   20.60084  -94.28956    0.00094    0.00095     4.6344     4.6232    28.1227    28.1212    36.3938    36.3957    23.4028    23.4048    1546.10    202.240    201.752         48 0.0000e+00
      18315    763.069     45.712     46.000    27.8661    27.8638   5.806697   5.806541     3.2457     2.7630      98.09   20.60084  -94.28956   -0.00055    0.00106     4.6535     4.6552    27.8552    27.8529    36.3815    36.3837    23.4814    23.4838    1546.04    203.056    203.127         49 0.0000e+00
      18367    765.263     46.706     47.000    27.5936    27.5868   5.775122   5.774737     3.2497     2.7681     100.02   20.60084  -94.28956   -0.00004    0.00107     4.6842     4.6845    27.5825    27.5758    36.3704    36.3729    23.5621    23.5662    1545.98    204.383    204.394         52 0.0000e+00
      18419    767.428     47.700     48.000    27.4559    27.4536   5.759320   5.759380     3.2669     2.7826     100.00   20.60084  -94.28956    0.00610    0.00556     4.7300     4.7260    27.4448    27.4424    36.3646    36.3669    23.6025    23.6050    1545.90    206.372    206.198         50 0.0000e+00
      18462    769.201     48.693     49.000    27.3026    27.3015   5.741695   5.741931     3.2742     2.7914     100.00   20.60084  -94.28956    0.00619    0.00592     4.7561     4.7565    27.2913    27.2902    36.3580    36.3606    23.6472    23.6495    1545.82    207.502    207.518         37 0.0000e+00
      18497    770.675     49.687     50.000    27.1836    27.1832   5.727317   5.727554     3.2826     2.8050     100.00   20.60084  -94.28956    0.00527    0.00623     4.7814     4.7945    27.1720    27.1716    36.3478    36.3498    23.6780    23.6797    1545.75    208.599    209.170         36 0.0000e+00
      18535    772.264     50.680     51.000    27.1249    27.1255   5.720259   5.720607     3.3049     2.8186     100.00   20.60084  -94.28956    0.00862    0.00871     4.8301     4.8283    27.1131    27.1137    36.3428    36.3448    23.6932    23.6946    1545.67    210.719    210.642         41 0.0000e+00
      18576    773.977     51.674     52.000    27.0021    26.9898   5.706302   5.705337     3.3135     2.8263      94.66   20.60084  -94.28956    0.01023    0.00750     4.8600     4.8579    26.9902    26.9779    36.3383    36.3411    23.7293    23.7354    1545.59    212.017    211.924         39 0.0000e+00
      18611    775.434     52.668     53.000    26.4173    26.4056   5.643292   5.643275     3.3038     2.8187      99.99   20.60084  -94.28956    0.00252    0.00161     4.8899     4.8861    26.4052    26.3936    36.3334    36.3377    23.9121    23.9190    1545.50    213.285    213.116         32 0.0000e+00
      18643    776.768     53.661     54.000    26.1764    26.1715   5.615864   5.615830     3.2838     2.7957     100.00   20.60084  -94.28956   -0.00614   -0.00566     4.8751     4.8601    26.1642    26.1593    36.3331    36.3368    23.9879    23.9923    1545.39    212.622    211.968         31 0.0000e+00
