Gulf of Mexico/GOMECC-4/1db/drb2103_1381.cnv
* Sea-Bird SBE 9 Data File:
* FileName = C:\Users\scs.user.rb\CTD\GOMECC4\data\rb2103_1381.hex
* Software Version Seasave V 7.26.7.107
* Temperature SN = 4799
* Conductivity SN = 3860
* Number of Bytes Per Scan = 41
* Number of Voltage Words = 4
* Number of Scans Averaged by the Deck Unit = 1
* NMEA Latitude = 25 52.44 N
* NMEA Longitude = 084 23.57 W
* NMEA UTC (Time) = Oct 20 2021  08:17:47
* NMEA baud rate = 4800
# nquan = 28
# nvalues = 163                         
# units = specified
# name 0 = scan: Scan Count
# name 1 = timeS: Time, Elapsed [seconds]
# name 2 = depSM: Depth [salt water, m]
# name 3 = prDM: Pressure, Digiquartz [db]
# name 4 = t090C: Temperature [ITS-90, deg C]
# name 5 = t190C: Temperature, 2 [ITS-90, deg C]
# name 6 = c0S/m: Conductivity [S/m]
# name 7 = c1S/m: Conductivity, 2 [S/m]
# name 8 = sbeox0V: Oxygen raw, SBE 43 [V]
# name 9 = sbeox1V: Oxygen raw, SBE 43, 2 [V]
# name 10 = altM: Altimeter [m]
# name 11 = latitude: Latitude [deg]
# name 12 = longitude: Longitude [deg]
# name 13 = sbox0dV/dT: Oxygen, SBE 43 [dov/dt]
# name 14 = sbox1dV/dT: Oxygen, SBE 43, 2 [dov/dt]
# name 15 = sbeox0ML/L: Oxygen, SBE 43 [ml/l], WS = 5
# name 16 = sbeox1ML/L: Oxygen, SBE 43, 2 [ml/l], WS = 5
# name 17 = potemp090C: Potential Temperature [ITS-90, deg C]
# name 18 = potemp190C: Potential Temperature, 2 [ITS-90, deg C]
# name 19 = sal00: Salinity, Practical [PSU]
# name 20 = sal11: Salinity, Practical, 2 [PSU]
# name 21 = sigma-é00: Density [sigma-theta, kg/m^3]
# name 22 = sigma-é11: Density, 2 [sigma-theta, kg/m^3]
# name 23 = avgsvCM: Average Sound Velocity [Chen-Millero, m/s], minP = 20, minS = 20
# name 24 = sbox0Mm/Kg: Oxygen, SBE 43 [umol/kg], WS = 5
# name 25 = sbox1Mm/Kg: Oxygen, SBE 43, 2 [umol/kg], WS = 5
# name 26 = nbin: number of scans per bin
# name 27 = flag: flag
# span 0 =      11676,      20475       
# span 1 =    486.442,    853.098       
# span 2 =      2.980,    201.583       
# span 3 =      3.000,    203.000       
# span 4 =    15.7138,    28.5405       
# span 5 =    15.7149,    28.5439       
# span 6 =   4.490374,   5.762413       
# span 7 =   4.490527,   5.762914       
# span 8 =     1.9215,     3.1860       
# span 9 =     1.5872,     2.7004       
# span 10 =      10.09,     101.25      
# span 11 =   25.65065,   25.89801      
# span 12 =  -84.47049,  -83.66452      
# span 13 =   -0.03456,    0.01245      
# span 14 =   -0.03325,    0.01145      
# span 15 =     2.8401,     4.6933      
# span 16 =     2.8484,     4.6820      
# span 17 =    15.6852,    28.5333      
# span 18 =    15.6864,    28.5368      
# span 19 =    35.0716,    36.5261      
# span 20 =    35.0726,    36.5279      
# span 21 =    22.3099,    26.6791      
# span 22 =    22.3102,    26.6788      
# span 23 =       0.00,    1547.83      
# span 24 =    123.555,    204.625      
# span 25 =    123.916,    204.117      
# span 26 =         30,         70      
# span 27 = 0.0000e+00, 0.0000e+00      
# interval = decibars: 1                
# start_time = Oct 20 2021 08:17:47 [NMEA time, header]
# bad_flag = -9.990e-29
*END*
      11676    486.442      2.980      3.000    28.5304    28.5317   5.733541   5.733786     3.1383     2.6521      97.48   25.87396  -84.39296    0.00047   -0.00087     4.4060     4.3786    28.5297    28.5310    35.3778    35.3785    22.5044    22.5045       0.00    192.440    191.242         55 0.0000e+00
      11860    494.105      3.974      4.000    28.5297    28.5314   5.733444   5.733642     3.1391     2.6555     100.11   25.87397  -84.39296   -0.00015    0.00053     4.4079     4.3862    28.5287    28.5305    35.3774    35.3774    22.5044    22.5038       0.00    192.525    191.576         41 0.0000e+00
      11932    497.106      6.954      7.000    28.2836    28.2853   5.684043   5.684377     3.1135     2.6307      99.14   25.65065  -83.66452    0.00029   -0.00027     4.3743     4.3457    28.2820    28.2837    35.0716    35.0726    22.3099    22.3102       0.00    191.055    189.809         49 0.0000e+00
      12097    504.005      7.948      8.000    28.5304    28.5318   5.733671   5.733919     3.1389     2.6559      92.79   25.87398  -84.39296   -0.00033    0.00127     4.4097     4.3889    28.5285    28.5299    35.3772    35.3779    22.5043    22.5044       0.00    192.603    191.696         69 0.0000e+00
      12153    506.351      8.941      9.000    28.5306    28.5324   5.733733   5.734071     3.1365     2.6509      96.72   25.87398  -84.39296   -0.00102   -0.00125     4.4058     4.3792    28.5285    28.5303    35.3772    35.3782    22.5043    22.5045       0.00    192.433    191.272         48 0.0000e+00
      12201    508.326      9.935     10.000    28.5309    28.5327   5.733822   5.734166     3.1384     2.6531      93.19   25.87398  -84.39295   -0.00000   -0.00049     4.4098     4.3842    28.5285    28.5303    35.3773    35.3784    22.5044    22.5046       0.00    192.608    191.491         51 0.0000e+00
      12259    510.741     10.928     11.000    28.5318    28.5332   5.733896   5.734163     3.1400     2.6501      75.86   25.87398  -84.39295    0.00076   -0.00037     4.4131     4.3787    28.5292    28.5306    35.3768    35.3777    22.5038    22.5040       0.00    192.751    191.250         57 0.0000e+00
      12304    512.621     11.922     12.000    28.5332    28.5346   5.734104   5.734307     3.1402     2.6517      99.71   25.87398  -84.39294    0.00068   -0.00022     4.4139     4.3824    28.5303    28.5317    35.3770    35.3773    22.5035    22.5034       0.00    192.784    191.409         40 0.0000e+00
      12353    514.663     12.915     13.000    28.5330    28.5345   5.734034   5.734264     3.1372     2.6500     100.00   25.87398  -84.39294   -0.00083   -0.00018     4.4090     4.3795    28.5298    28.5314    35.3764    35.3768    22.5032    22.5031       0.00    192.574    191.286         58 0.0000e+00
      12407    516.925     13.909     14.000    28.5323    28.5341   5.734039   5.734310     3.1348     2.6511     100.00   25.87398  -84.39294   -0.00106    0.00014     4.4053     4.3822    28.5289    28.5308    35.3766    35.3771    22.5037    22.5035       0.00    192.411    191.402         47 0.0000e+00
      12451    518.737     14.902     15.000    28.5318    28.5334   5.734041   5.734314     3.1355     2.6533     100.00   25.87398  -84.39294   -0.00073    0.00082     4.4071     4.3873    28.5282    28.5298    35.3767    35.3774    22.5040    22.5041       0.00    192.487    191.626         44 0.0000e+00
      12501    520.828     15.896     16.000    28.5324    28.5343   5.734171   5.734559     3.1349     2.6483     100.00   25.87398  -84.39294    0.00010   -0.00099     4.4064     4.3776    28.5286    28.5305    35.3768    35.3781    22.5040    22.5044       0.00    192.457    191.199         57 0.0000e+00
      12556    523.106     16.889     17.000    28.5324    28.5339   5.734131   5.734372     3.1356     2.6511      94.21   25.87398  -84.39294   -0.00002   -0.00001     4.4082     4.3837    28.5283    28.5298    35.3763    35.3768    22.5037    22.5036       0.00    192.537    191.469         46 0.0000e+00
      12598    524.878     17.882     18.000    28.5325    28.5341   5.734177   5.734433     3.1349     2.6488      99.83   25.87400  -84.39294    0.00005    0.00014     4.4076     4.3797    28.5282    28.5298    35.3762    35.3768    22.5037    22.5036       0.00    192.510    191.292         46 0.0000e+00
      12652    527.106     18.876     19.000    28.5328    28.5342   5.734269   5.734532     3.1350     2.6497     100.00   25.87400  -84.39294   -0.00018   -0.00044     4.4082     4.3821    28.5283    28.5297    35.3763    35.3771    22.5037    22.5038       0.00    192.536    191.398         55 0.0000e+00
      12699    529.077     19.869     20.000    28.5327    28.5345   5.734401   5.734739     3.1357     2.6501     100.00   25.87400  -84.39294    0.00033    0.00039     4.4099     4.3834    28.5279    28.5297    35.3770    35.3780    22.5044    22.5045     796.05    192.613    191.452         44 0.0000e+00
      12751    531.242     20.863     21.000    28.5336    28.5352   5.734657   5.734936     3.1343     2.6514     100.00   25.87400  -84.39294   -0.00034    0.00058     4.4078     4.3863    28.5286    28.5302    35.3778    35.3786    22.5048    22.5048    1547.83    192.521    191.582         58 0.0000e+00
      12801    533.340     21.856     22.000    28.5346    28.5355   5.734907   5.734975     3.1333     2.6496     100.00   25.87400  -84.39294   -0.00043   -0.00030     4.4064     4.3834    28.5293    28.5302    35.3786    35.3784    22.5051    22.5046    1543.23    192.460    191.452         42 0.0000e+00
      12847    535.233     22.849     23.000    28.5343    28.5357   5.734875   5.735072     3.1327     2.6443     100.00   25.87400  -84.39294   -0.00040   -0.00194     4.4060     4.3730    28.5288    28.5302    35.3782    35.3786    22.5050    22.5048    1543.23    192.440    191.000         55 0.0000e+00
      12907    537.763     23.843     24.000    28.5355    28.5373   5.735337   5.735729     3.1315     2.6494     100.00   25.87400  -84.39294   -0.00056    0.00050     4.4042     4.3837    28.5298    28.5315    35.3803    35.3817    22.5062    22.5067    1543.23    192.362    191.469         54 0.0000e+00
      12949    539.503     24.836     25.000    28.5363    28.5376   5.735686   5.735863     3.1332     2.6488     100.00   25.87400  -84.39294    0.00018    0.00140     4.4077     4.3831    28.5303    28.5316    35.3818    35.3821    22.5072    22.5069    1543.24    192.515    191.438         37 0.0000e+00
      12994    541.357     25.829     26.000    28.5370    28.5383   5.735842   5.736105     3.1325     2.6497      99.92   25.87400  -84.39294    0.00025    0.00020     4.4067     4.3853    28.5307    28.5321    35.3821    35.3829    22.5073    22.5074    1543.24    192.473    191.537         57 0.0000e+00
      13052    543.793     26.823     27.000    28.5373    28.5384   5.736103   5.736230     3.1329     2.6488     100.00   25.87400  -84.39294   -0.00007    0.00020     4.4081     4.3840    28.5308    28.5320    35.3834    35.3834    22.5082    22.5078    1543.24    192.531    191.478         49 0.0000e+00
      13096    545.612     27.816     28.000    28.5365    28.5380   5.736329   5.736555     3.1340     2.6493      99.66   25.87400  -84.39294    0.00040   -0.00013     4.4106     4.3855    28.5298    28.5313    35.3853    35.3857    22.5100    22.5098    1543.25    192.641    191.545         47 0.0000e+00
      13148    547.772     28.810     29.000    28.5373    28.5385   5.736819   5.736986     3.1318     2.6486     100.00   25.87402  -84.39294   -0.00020   -0.00020     4.4069     4.3844    28.5304    28.5316    35.3878    35.3880    22.5116    22.5114    1543.25    192.480    191.494         53 0.0000e+00
      13196    549.809     29.803     30.000    28.5405    28.5439   5.738229   5.738752     3.1319     2.6457     100.00   25.87402  -84.39294   -0.00088   -0.00097     4.4072     4.3784    28.5333    28.5368    35.3949    35.3959    22.5160    22.5157    1543.26    192.494    191.235         46 0.0000e+00
      13243    551.751     30.796     31.000    28.5283    28.5314   5.740109   5.740243     3.1349     2.6498     100.00   25.87402  -84.39294    0.00123    0.00014     4.4137     4.3878    28.5208    28.5240    35.4168    35.4154    22.5366    22.5345    1543.27    192.774    191.642         49 0.0000e+00
      13299    554.067     31.790     32.000    28.4385    28.4460   5.752941   5.752683     3.1420     2.6613      97.72   25.87402  -84.39294    0.00151    0.00396     4.4307     4.4142    28.4267    28.4386    35.5764    35.5700    22.6877    22.6809    1543.27    193.485    192.767         59 0.0000e+00
      13348    556.111     32.783     33.000    28.0659    28.0795   5.756332   5.756934     3.1634     2.6852      98.64   25.87402  -84.39294    0.00700    0.00758     4.4920     4.4826    28.0582    28.0717    35.8783    35.8723    23.0362    23.0272    1543.27    196.096    195.689         39 0.0000e+00
      13388    557.786     33.776     34.000    28.0330    28.0351   5.757972   5.758234     3.1860     2.7004      99.92   25.87402  -84.39294    0.01245    0.01145     4.5358     4.5166    28.0250    28.0271    35.9146    35.9149    23.0745    23.0740    1543.26    197.999    197.161         48 0.0000e+00
      13454    560.543     34.770     35.000    27.9798    27.9896   5.762413   5.762914     3.1855     2.6971     100.00   25.87402  -84.39294    0.00348    0.00122     4.5379     4.5120    27.9716    27.9813    35.9863    35.9823    23.1459    23.1397    1543.25    198.078    196.947         45 0.0000e+00
      13531    563.736     36.756     37.000    27.3305    27.3519   5.712108   5.713791     3.1551     2.6733      87.71   25.84273  -84.29084   -0.00754   -0.00554     4.5295     4.5066    27.3219    27.3433    36.1088    36.1042    23.4434    23.4330    1541.34    197.648    196.653         63 0.0000e+00
      13602    566.706     37.750     38.000    27.1451    27.1578   5.705932   5.706843     3.1618     2.6822     100.33   25.87404  -84.39294   -0.00064   -0.00062     4.5536     4.5398    27.1363    27.1491    36.2284    36.2284    23.5995    23.5954    1543.17    198.677    198.074         44 0.0000e+00
      13645    568.500     38.743     39.000    26.7982    26.8050   5.671643   5.672524     3.1536     2.6761     100.00   25.87404  -84.39294   -0.00050    0.00077     4.5697     4.5536    26.7893    26.7960    36.2526    36.2538    23.7291    23.7278    1543.10    199.353    198.648         48 0.0000e+00
      13697    570.671     39.737     40.000    26.6323    26.6394   5.655109   5.656047     3.1512     2.6742      76.39   25.87404  -84.39294   -0.00271   -0.00266     4.5791     4.5626    26.6232    26.6302    36.2630    36.2643    23.7898    23.7885    1543.03    199.752    199.030         54 0.0000e+00
      13752    572.962     40.730     41.000    26.5233    26.5274   5.643705   5.644354     3.1546     2.6814     100.48   25.87404  -84.39294    0.00011    0.00196     4.5950     4.5867    26.5140    26.5180    36.2658    36.2673    23.8266    23.8265    1542.96    200.438    200.073         53 0.0000e+00
      13801    574.980     41.723     42.000    26.3900    26.3951   5.629766   5.630415     3.1617     2.6858     100.00   25.87404  -84.39294    0.00317    0.00251     4.6196     4.6058    26.3805    26.3856    36.2693    36.2703    23.8716    23.8707    1542.89    201.502    200.899         46 0.0000e+00
      13849    576.980     42.716     43.000    26.3063    26.3069   5.622108   5.622371     3.1648     2.6901     100.00   25.87404  -84.39294    0.00242    0.00253     4.6332     4.6228    26.2966    26.2972    36.2793    36.2808    23.9056    23.9065    1542.81    202.086    201.634         50 0.0000e+00
      13901    579.176     43.710     44.000    26.2004    26.2117   5.611143   5.612522     3.1629     2.6875     100.00   25.87404  -84.39294    0.00063    0.00084     4.6384     4.6260    26.1893    26.2018    36.2836    36.2846    23.9427    23.9398    1542.74    202.309    201.767         56 0.0000e+00
      13953    581.344     44.703     45.000    25.8737    25.8849   5.577217   5.578464     3.1565     2.6862     100.00   25.87404  -84.39294   -0.00283   -0.00232     4.6545     4.6485    25.8637    25.8749    36.2931    36.2933    24.0520    24.0486    1542.65    202.986    202.728         46 0.0000e+00
      13999    583.252     45.696     46.000    25.6580    25.6696   5.555783   5.556801     3.1578     2.6843     100.00   25.87405  -84.39294   -0.00070    0.00007     4.6758     4.6621    25.6478    25.6594    36.3069    36.3069    24.1295    24.1260    1542.57    203.902    203.303         49 0.0000e+00
      14052    585.447     46.689     47.000    25.2623    25.2688   5.515025   5.515902     3.1450     2.6711     100.00   25.87406  -84.39294   -0.00324   -0.00442     4.6845     4.6655    25.2520    25.2584    36.3214    36.3227    24.2630    24.2620    1542.45    204.255    203.424         55 0.0000e+00
      14108    587.797     47.683     48.000    25.1543    25.1558   5.503855   5.504226     3.1407     2.6703      94.95   25.87406  -84.39294   -0.00390   -0.00236     4.6853     4.6726    25.1438    25.1453    36.3247    36.3261    24.2988    24.2992    1542.36    204.284    203.727         54 0.0000e+00
      14153    589.677     48.676     49.000    25.0732    25.0755   5.495897   5.496342     3.1406     2.6693     100.03   25.87406  -84.39294   -0.00064   -0.00050     4.6931     4.6780    25.0625    25.0648    36.3303    36.3318    24.3279    24.3283    1542.23    204.616    203.956         39 0.0000e+00
      14196    591.461     49.669     50.000    25.0587    25.0602   5.494717   5.495072     3.1398     2.6686      99.80   25.87406  -84.39294   -0.00007   -0.00024     4.6933     4.6780    25.0478    25.0493    36.3328    36.3343    24.3343    24.3350    1542.12    204.625    203.958         51 0.0000e+00
      14259    594.083     50.663     51.000    25.0491    25.0517   5.494045   5.494507     3.1354     2.6682      81.74   25.87406  -84.39294   -0.00141   -0.00068     4.6861     4.6785    25.0380    25.0405    36.3352    36.3366    24.3391    24.3394    1542.01    204.310    203.976         65 0.0000e+00
      14310    596.204     51.656     52.000    24.8380    24.8267   5.472825   5.474446     3.1301     2.6634     100.46   25.87406  -84.39294   -0.00175    0.00019     4.6916     4.6820    24.8267    24.8154    36.3464    36.3461    24.4119    24.4152    1541.91    204.534    204.117         40 0.0000e+00
      14349    597.822     52.649     53.000    24.4040    24.4105   5.431104   5.431882     3.0970     2.6301      95.13   25.87407  -84.39294   -0.00828   -0.00837     4.6662     4.6474    24.3927    24.3992    36.3841    36.3840    24.5720    24.5699    1541.80    203.396    202.577         43 0.0000e+00
      14407    600.238     53.642     54.000    24.1425    24.1537   5.406867   5.408172     3.0439     2.5808      85.98   25.87407  -84.39294   -0.02134   -0.02089     4.5840     4.5607    24.1311    24.1422    36.4133    36.4141    24.6726    24.6699    1541.67    199.790    198.776         70 0.0000e+00
      14464    602.626     54.635     55.000    23.9012    23.9065   5.383421   5.384218     2.9986     2.5450     100.51   25.87408  -84.39294   -0.01990   -0.01568     4.5148     4.5019    23.8896    23.8949    36.4321    36.4338    24.7589    24.7586    1541.54    196.759    196.200         41 0.0000e+00
      14527    605.270     56.622     57.000    23.5410    23.5405   5.344786   5.345055     2.9425     2.4936      68.37   25.86066  -84.34917   -0.01814   -0.01668     4.4344     4.4186    23.5290    23.5286    36.4266    36.4279    24.8597    24.8607    1540.46    193.233    192.544         43 0.0000e+00
