Gulf of Mexico/GOMECC-4/1db/drb2103_1211.cnv
* Sea-Bird SBE 9 Data File:
* FileName = C:\Users\scs.user.rb\CTD\GOMECC4\data\rb2103_1211.hex
* Software Version Seasave V 7.26.7.107
* Temperature SN = 4799
* Conductivity SN = 3860
* Number of Bytes Per Scan = 41
* Number of Voltage Words = 4
* Number of Scans Averaged by the Deck Unit = 1
* NMEA Latitude = 24 24.00 N
* NMEA Longitude = 080 37.48 W
* NMEA UTC (Time) = Oct 17 2021  18:24:48
* NMEA baud rate = 4800
# nquan = 28
# nvalues = 232                         
# units = specified
# name 0 = scan: Scan Count
# name 1 = timeS: Time, Elapsed [seconds]
# name 2 = depSM: Depth [salt water, m]
# name 3 = prDM: Pressure, Digiquartz [db]
# name 4 = t090C: Temperature [ITS-90, deg C]
# name 5 = t190C: Temperature, 2 [ITS-90, deg C]
# name 6 = c0S/m: Conductivity [S/m]
# name 7 = c1S/m: Conductivity, 2 [S/m]
# name 8 = sbeox0V: Oxygen raw, SBE 43 [V]
# name 9 = sbeox1V: Oxygen raw, SBE 43, 2 [V]
# name 10 = altM: Altimeter [m]
# name 11 = latitude: Latitude [deg]
# name 12 = longitude: Longitude [deg]
# name 13 = sbox0dV/dT: Oxygen, SBE 43 [dov/dt]
# name 14 = sbox1dV/dT: Oxygen, SBE 43, 2 [dov/dt]
# name 15 = sbeox0ML/L: Oxygen, SBE 43 [ml/l], WS = 5
# name 16 = sbeox1ML/L: Oxygen, SBE 43, 2 [ml/l], WS = 5
# name 17 = potemp090C: Potential Temperature [ITS-90, deg C]
# name 18 = potemp190C: Potential Temperature, 2 [ITS-90, deg C]
# name 19 = sal00: Salinity, Practical [PSU]
# name 20 = sal11: Salinity, Practical, 2 [PSU]
# name 21 = sigma-é00: Density [sigma-theta, kg/m^3]
# name 22 = sigma-é11: Density, 2 [sigma-theta, kg/m^3]
# name 23 = avgsvCM: Average Sound Velocity [Chen-Millero, m/s], minP = 20, minS = 20
# name 24 = sbox0Mm/Kg: Oxygen, SBE 43 [umol/kg], WS = 5
# name 25 = sbox1Mm/Kg: Oxygen, SBE 43, 2 [umol/kg], WS = 5
# name 26 = nbin: number of scans per bin
# name 27 = flag: flag
# span 0 =      22597,      38231       
# span 1 =    941.498,   1592.915       
# span 2 =      4.968,    357.389       
# span 3 =      5.000,    360.000       
# span 4 =    12.4506,    29.0660       
# span 5 =    12.4499,    29.1091       
# span 6 =   4.118519,   5.913552       
# span 7 =   4.118622,   5.918588       
# span 8 =     1.7887,     3.2070       
# span 9 =     1.4726,     2.7179       
# span 10 =      13.17,     100.48      
# span 11 =   24.40126,   24.41072      
# span 12 =  -80.62751,  -80.61073      
# span 13 =   -0.02051,    0.00854      
# span 14 =   -0.01967,    0.00706      
# span 15 =     2.7988,     4.5442      
# span 16 =     2.8162,     4.5240      
# span 17 =    12.4019,    29.0647      
# span 18 =    12.4012,    29.1079      
# span 19 =    35.5742,    36.9578      
# span 20 =    35.5742,    36.9597      
# span 21 =    22.9609,    26.9575      
# span 22 =    22.9482,    26.9576      
# span 23 =       0.00,    1548.02      
# span 24 =    121.716,    198.342      
# span 25 =    122.469,    197.464      
# span 26 =         30,         76      
# span 27 = 0.0000e+00, 0.0000e+00      
# interval = decibars: 1                
# start_time = Oct 17 2021 18:24:48 [NMEA time, header]
# bad_flag = -9.990e-29
*END*
[from data line 156]
      28944   1205.979    160.902    162.000    21.0666    21.0676   5.136395   5.136740     2.3573     1.9809     100.00   24.40410  -80.61666   -0.00080    0.00004     3.4597     3.4747    21.0353    21.0362    36.8408    36.8427    25.8863    25.8876    1540.49    150.613    151.266         32 0.0000e+00
      28978   1207.377    161.894    163.000    21.0557    21.0566   5.135169   5.135521     2.3550     1.9761     100.00   24.40412  -80.61664   -0.00168   -0.00126     3.4561     3.4648    21.0241    21.0251    36.8399    36.8420    25.8888    25.8901    1540.42    150.453    150.831         35 0.0000e+00
      29013   1208.839    162.887    164.000    20.9280    20.9354   5.120623   5.121343     2.3501     1.9737     100.00   24.40412  -80.61663   -0.00189   -0.00248     3.4550     3.4671    20.8964    20.9038    36.8295    36.8316    25.9159    25.9155    1540.35    150.400    150.927         35 0.0000e+00
      29048   1210.284    163.880    165.000    20.8540    20.8560   5.111945   5.112411     2.3469     1.9716     100.00   24.40413  -80.61661   -0.00273   -0.00199     3.4536     3.4679    20.8223    20.8243    36.8255    36.8276    25.9331    25.9341    1540.28    150.337    150.962         34 0.0000e+00
      29081   1211.654    164.873    166.000    20.7404    20.7425   5.098524   5.098990     2.3452     1.9682     100.00   24.40414  -80.61659   -0.00247   -0.00169     3.4583     3.4679    20.7086    20.7107    36.8145    36.8165    25.9557    25.9567    1540.20    150.541    150.960         32 0.0000e+00
      29112   1212.973    165.866    167.000    20.6893    20.6901   5.092456   5.092811     2.3446     1.9682     100.00   24.40414  -80.61658   -0.00140   -0.00173     3.4609     3.4719    20.6574    20.6582    36.8091    36.8113    25.9656    25.9670    1540.13    150.651    151.130         31 0.0000e+00
      29144   1214.274    166.859    168.000    20.6594    20.6606   5.088995   5.089368     2.3443     1.9675     100.00   24.40416  -80.61656   -0.00063   -0.00075     3.4627     3.4726    20.6273    20.6285    36.8065    36.8085    25.9717    25.9729    1540.06    150.730    151.158         32 0.0000e+00
      29178   1215.707    167.852    169.000    20.6150    20.6157   5.083720   5.084042     2.3435     1.9658     100.00   24.40416  -80.61655   -0.00035   -0.00055     3.4646     3.4718    20.5828    20.5835    36.8016    36.8037    25.9801    25.9814    1539.99    150.813    151.126         38 0.0000e+00
      29216   1217.308    168.844    170.000    20.5741    20.5748   5.078882   5.079178     2.3425     1.9659      82.03   24.40418  -80.61653   -0.00054   -0.00081     3.4657     3.4752    20.5418    20.5424    36.7973    36.7992    25.9879    25.9892    1539.92    150.858    151.272         37 0.0000e+00
      29251   1218.730    169.837    171.000    20.5169    20.5177   5.072155   5.072463     2.3405     1.9649     100.28   24.40418  -80.61651   -0.00087   -0.00028     3.4660     3.4771    20.4843    20.4852    36.7918    36.7936    25.9993    26.0004    1539.85    150.867    151.351         31 0.0000e+00
      29281   1219.992    170.830    172.000    20.4691    20.4693   5.066383   5.066761     2.3396     1.9634     100.00   24.40418  -80.61650   -0.00102   -0.00056     3.4679     3.4772    20.4365    20.4367    36.7871    36.7887    26.0086    26.0098    1539.77    150.951    151.354         30 0.0000e+00
      29312   1221.274    171.823    173.000    20.3217    20.3219   5.049524   5.049623     2.3390     1.9643     100.00   24.40420  -80.61648   -0.00094   -0.00071     3.4782     3.4914    20.2890    20.2892    36.7731    36.7748    26.0376    26.0389    1539.72    151.394    151.970         32 0.0000e+00
      29344   1222.636    172.815    174.000    20.3146    20.3148   5.048429   5.048685     2.3423     1.9687      92.19   24.40420  -80.61647    0.00013    0.00081     3.4852     3.5008    20.2818    20.2819    36.7725    36.7744    26.0391    26.0406    1539.63    151.699    152.377         34 0.0000e+00
      29379   1224.102    173.808    175.000    20.3040    20.3036   5.047266   5.047432     2.3451     1.9700      82.17   24.40422  -80.61646    0.00167    0.00205     3.4924     3.5050    20.2710    20.2706    36.7719    36.7735    26.0415    26.0429    1539.56    152.010    152.559         37 0.0000e+00
      29417   1225.662    174.801    176.000    20.2827    20.2831   5.044819   5.045075     2.3471     1.9719      99.95   24.40422  -80.61644    0.00186    0.00144     3.4987     3.5114    20.2495    20.2499    36.7699    36.7717    26.0458    26.0471    1539.49    152.288    152.838         37 0.0000e+00
      29451   1227.101    175.793    177.000    20.2182    20.2188   5.037287   5.037544     2.3467     1.9725     100.00   24.40422  -80.61642    0.00097    0.00084     3.5028     3.5176    20.1849    20.1855    36.7640    36.7655    26.0586    26.0596    1539.42    152.461    153.106         32 0.0000e+00
      29482   1228.380    176.786    178.000    20.1748    20.1751   5.032225   5.032463     2.3485     1.9752     100.00   24.40424  -80.61640    0.00045    0.00107     3.5102     3.5272    20.1414    20.1417    36.7598    36.7615    26.0671    26.0683    1539.35    152.784    153.524         30 0.0000e+00
      29513   1229.666    177.779    179.000    20.1500    20.1506   5.029372   5.029657     2.3512     1.9773     100.00   24.40424  -80.61639    0.00099    0.00147     3.5183     3.5345    20.1164    20.1170    36.7576    36.7595    26.0721    26.0734    1539.27    153.134    153.837         32 0.0000e+00
      29546   1231.042    178.772    180.000    20.1355    20.1357   5.027691   5.027914     2.3531     1.9791     100.00   24.40426  -80.61638    0.00172    0.00172     3.5237     3.5400    20.1017    20.1019    36.7561    36.7578    26.0749    26.0761    1539.21    153.370    154.078         34 0.0000e+00
      29581   1232.487    179.765    181.000    20.1150    20.1158   5.025356   5.025640     2.3549     1.9783     100.00   24.40426  -80.61636    0.00150    0.00087     3.5296     3.5399    20.0811    20.0819    36.7544    36.7560    26.0791    26.0801    1539.14    153.624    154.073         35 0.0000e+00
      29616   1233.970    180.757    182.000    20.0809    20.0818   5.021332   5.021623     2.3558     1.9794     100.00   24.40426  -80.61634    0.00115    0.00016     3.5345     3.5454    20.0468    20.0478    36.7507    36.7522    26.0854    26.0863    1539.07    153.836    154.312         36 0.0000e+00
      29651   1235.417    181.750    183.000    20.0280    20.0299   5.015081   5.015509     2.3574     1.9827     100.00   24.40428  -80.61633    0.00078    0.00071     3.5422     3.5571    19.9938    19.9957    36.7450    36.7468    26.0951    26.0960    1539.00    154.172    154.821         33 0.0000e+00
      29683   1236.740    182.743    184.000    19.9558    19.9579   5.006518   5.006908     2.3604     1.9858     100.00   24.40428  -80.61632    0.00125    0.00201     3.5539     3.5699    19.9215    19.9236    36.7371    36.7384    26.1083    26.1088    1538.93    154.680    155.375         31 0.0000e+00
      29715   1238.068    183.736    185.000    19.9088    19.9075   5.001054   5.001105     2.3650     1.9894     100.00   24.40430  -80.61630    0.00231    0.00252     3.5682     3.5823    19.8743    19.8731    36.7327    36.7342    26.1175    26.1190    1538.86    155.301    155.912         33 0.0000e+00
      29749   1239.501    184.728    186.000    19.8717    19.8707   4.996664   4.996711     2.3678     1.9933     100.00   24.40430  -80.61628    0.00264    0.00264     3.5774     3.5945    19.8371    19.8361    36.7285    36.7297    26.1241    26.1254    1538.79    155.698    156.444         35 0.0000e+00
      29784   1240.941    185.721    187.000    19.8208    19.8202   4.990666   4.990765     2.3703     1.9949     100.00   24.40432  -80.61626    0.00227    0.00220     3.5870     3.6025    19.7861    19.7855    36.7230    36.7244    26.1335    26.1347    1538.73    156.114    156.789         34 0.0000e+00
      29816   1242.300    186.714    188.000    19.7544    19.7558   4.982598   4.982944     2.3716     1.9974     100.00   24.40432  -80.61625    0.00164    0.00166     3.5957     3.6131    19.7195    19.7209    36.7139    36.7156    26.1441    26.1450    1538.66    156.492    157.249         32 0.0000e+00
      29849   1243.661    187.706    189.000    19.7352    19.7360   4.980358   4.980638     2.3730     1.9986     100.00   24.40433  -80.61624    0.00110    0.00150     3.6001     3.6180    19.7003    19.7010    36.7118    36.7135    26.1476    26.1487    1538.59    156.682    157.463         33 0.0000e+00
      29883   1245.100    188.699    190.000    19.7246    19.7253   4.979143   4.979418     2.3739     1.9994     100.00   24.40434  -80.61622    0.00094    0.00093     3.6032     3.6211    19.6895    19.6901    36.7107    36.7124    26.1496    26.1507    1538.52    156.819    157.595         36 0.0000e+00
      29918   1246.542    189.692    191.000    19.7141    19.7148   4.977958   4.978222     2.3740     1.9992      28.61   24.40434  -80.61621    0.00056    0.00047     3.6047     3.6219    19.6788    19.6795    36.7097    36.7113    26.1516    26.1527    1538.45    156.886    157.633         33 0.0000e+00
      29951   1247.910    190.684    192.000    19.6830    19.6840   4.974193   4.974490     2.3735     1.9993      99.63   24.40435  -80.61619    0.00009    0.00009     3.6064     3.6247    19.6475    19.6486    36.7054    36.7069    26.1566    26.1575    1538.39    156.955    157.752         33 0.0000e+00
      29984   1249.288    191.677    193.000    19.6579    19.6585   4.971189   4.971459     2.3728     1.9967     100.00   24.40436  -80.61618   -0.00024   -0.00050     3.6072     3.6208    19.6223    19.6229    36.7021    36.7037    26.1607    26.1618    1538.32    156.992    157.581         34 0.0000e+00
      30018   1250.716    192.670    194.000    19.6287    19.6296   4.967713   4.967986     2.3725     1.9962     100.00   24.40437  -80.61617   -0.00048   -0.00101     3.6091     3.6221    19.5929    19.5938    36.6985    36.6999    26.1657    26.1665    1538.25    157.073    157.640         34 0.0000e+00
      30052   1252.108    193.663    195.000    19.5995    19.6003   4.964189   4.964450     2.3723     1.9953      93.66   24.40438  -80.61616   -0.00027   -0.00079     3.6114     3.6225    19.5636    19.5644    36.6944    36.6958    26.1703    26.1712    1538.19    157.171    157.653         32 0.0000e+00
      30084   1253.452    194.655    196.000    19.5751    19.5761   4.961192   4.961471     2.3716     1.9939      97.67   24.40438  -80.61614   -0.00022   -0.00064     3.6120     3.6212    19.5391    19.5400    36.6905    36.6920    26.1737    26.1746    1538.12    157.196    157.596         33 0.0000e+00
      30117   1254.844    195.648    197.000    19.5589    19.5598   4.959130   4.959413     2.3710     1.9927      99.98   24.40439  -80.61613   -0.00040   -0.00090     3.6125     3.6200    19.5226    19.5235    36.6872    36.6888    26.1755    26.1765    1538.06    157.220    157.545         34 0.0000e+00
      30152   1256.303    196.640    198.000    19.5050    19.5059   4.952198   4.952390     2.3677     1.9909     100.00   24.40440  -80.61609   -0.00094   -0.00098     3.6097     3.6200    19.4687    19.4696    36.6764    36.6772    26.1814    26.1818    1537.99    157.096    157.545         36 0.0000e+00
      30187   1257.749    197.633    199.000    19.3914    19.3930   4.938481   4.938800     2.3635     1.9872     100.00   24.40440  -80.61608   -0.00206   -0.00159     3.6099     3.6199    19.3551    19.3566    36.6615    36.6628    26.1997    26.2003    1537.93    157.101    157.536         33 0.0000e+00
      30219   1259.099    198.626    200.000    19.2378    19.2361   4.919361   4.919114     2.3567     1.9801      99.99   24.40442  -80.61608   -0.00333   -0.00304     3.6057     3.6130    19.2014    19.1997    36.6365    36.6359    26.2205    26.2205    1537.86    156.917    157.236         32 0.0000e+00
      30251   1260.419    199.618    201.000    19.1082    19.1026   4.903170   4.902615     2.3461     1.9684     100.00   24.40442  -80.61606   -0.00511   -0.00518     3.5934     3.5958    19.0718    19.0663    36.6146    36.6148    26.2373    26.2389    1537.79    156.378    156.482         32 0.0000e+00
      30285   1261.813    200.611    202.000    19.0447    19.0456   4.895385   4.895693     2.3339     1.9555     100.00   24.40442  -80.61606   -0.00750   -0.00805     3.5717     3.5689    19.0083    19.0092    36.6048    36.6066    26.2462    26.2474    1537.73    155.433    155.312         35 0.0000e+00
      30320   1263.292    201.604    203.000    18.9774    18.9784   4.887163   4.887352     2.3216     1.9467      67.53   24.40444  -80.61602   -0.00868   -0.00849     3.5497     3.5526    18.9408    18.9418    36.5937    36.5954    26.2551    26.2561    1537.65    154.472    154.599         35 0.0000e+00
      30355   1264.742    202.596    204.000    18.9607    18.9611   4.885061   4.885293     2.3135     1.9409      99.67   24.40445  -80.61601   -0.00758   -0.00590     3.5337     3.5402    18.9240    18.9244    36.5914    36.5929    26.2577    26.2588    1537.59    153.778    154.061         34 0.0000e+00
      30387   1266.086    203.589    205.000    18.9349    18.9366   4.881703   4.882130     2.3079     1.9361     100.00   24.40446  -80.61600   -0.00581   -0.00425     3.5249     3.5319    18.8981    18.8998    36.5865    36.5881    26.2606    26.2614    1537.51    153.394    153.700         31 0.0000e+00
      30419   1267.415    204.582    206.000    18.8692    18.8713   4.873597   4.873994     2.3017     1.9301     100.00   24.40447  -80.61598   -0.00453   -0.00371     3.5137     3.5197    18.8322    18.8344    36.5748    36.5763    26.2685    26.2691    1537.45    152.903    153.165         33 0.0000e+00
      30453   1268.825    205.574    207.000    18.8235    18.8256   4.867986   4.868411     2.2918     1.9220      78.32   24.40448  -80.61597   -0.00509   -0.00465     3.4971     3.5051    18.7865    18.7886    36.5674    36.5692    26.2746    26.2754    1537.38    152.184    152.531         35 0.0000e+00
      30487   1270.265    206.567    208.000    18.8068    18.8076   4.866019   4.866297     2.2845     1.9165      78.38   24.40449  -80.61595   -0.00616   -0.00516     3.4824     3.4933    18.7696    18.7704    36.5653    36.5669    26.2773    26.2783    1537.31    151.540    152.017         34 0.0000e+00
      30521   1271.673    207.560    209.000    18.7887    18.7904   4.863815   4.864183     2.2799     1.9132     100.43   24.40450  -80.61593   -0.00511   -0.00387     3.4739     3.4870    18.7514    18.7530    36.5623    36.5639    26.2796    26.2805    1537.25    151.173    151.739         32 0.0000e+00
      30552   1272.967    208.552    210.000    18.7433    18.7465   4.858240   4.858753     2.2756     1.9096     100.00   24.40450  -80.61592   -0.00358   -0.00268     3.4682     3.4818    18.7058    18.7090    36.5550    36.5564    26.2857    26.2860    1537.18    150.925    151.515         31 0.0000e+00
      30610   1275.379    210.537    212.000    18.6848    18.6872   4.851051   4.851589     2.2683     1.9037      51.70   24.40301  -80.61090   -0.00312   -0.00263     3.4571     3.4723    18.6471    18.6495    36.5444    36.5468    26.2923    26.2936    1536.95    150.438    151.100         31 0.0000e+00
      30643   1276.737    211.530    213.000    18.6306    18.6463   4.844674   4.846637     2.2645     1.9009     100.30   24.40452  -80.61588   -0.00287   -0.00223     3.4529     3.4687    18.5928    18.6084    36.5387    36.5415    26.3021    26.3001    1536.98    150.252    150.943         30 0.0000e+00
