Gulf of Mexico/GOMECC-4/1db/drb2103_0541.cnv
* Sea-Bird SBE 9 Data File:
* FileName = C:\Users\scs.user.rb\CTD\GOMECC4\data\rb2103_0541.hex
* Software Version Seasave V 7.26.7.107
* Temperature SN = 4799
* Conductivity SN = 3860
* Number of Bytes Per Scan = 41
* Number of Voltage Words = 4
* Number of Scans Averaged by the Deck Unit = 1
* NMEA Latitude = 27 29.98 N
* NMEA Longitude = 095 00.24 W
* NMEA UTC (Time) = Sep 28 2021  12:26:08
* NMEA baud rate = 4800
# nquan = 28
# nvalues = 357                         
# units = specified
# name 0 = scan: Scan Count
# name 1 = timeS: Time, Elapsed [seconds]
# name 2 = depSM: Depth [salt water, m]
# name 3 = prDM: Pressure, Digiquartz [db]
# name 4 = t090C: Temperature [ITS-90, deg C]
# name 5 = t190C: Temperature, 2 [ITS-90, deg C]
# name 6 = c0S/m: Conductivity [S/m]
# name 7 = c1S/m: Conductivity, 2 [S/m]
# name 8 = sbeox0V: Oxygen raw, SBE 43 [V]
# name 9 = sbeox1V: Oxygen raw, SBE 43, 2 [V]
# name 10 = altM: Altimeter [m]
# name 11 = latitude: Latitude [deg]
# name 12 = longitude: Longitude [deg]
# name 13 = sbox0dV/dT: Oxygen, SBE 43 [dov/dt]
# name 14 = sbox1dV/dT: Oxygen, SBE 43, 2 [dov/dt]
# name 15 = sbeox0ML/L: Oxygen, SBE 43 [ml/l], WS = 5
# name 16 = sbeox1ML/L: Oxygen, SBE 43, 2 [ml/l], WS = 5
# name 17 = potemp090C: Potential Temperature [ITS-90, deg C]
# name 18 = potemp190C: Potential Temperature, 2 [ITS-90, deg C]
# name 19 = sal00: Salinity, Practical [PSU]
# name 20 = sal11: Salinity, Practical, 2 [PSU]
# name 21 = sigma-é00: Density [sigma-theta, kg/m^3]
# name 22 = sigma-é11: Density, 2 [sigma-theta, kg/m^3]
# name 23 = avgsvCM: Average Sound Velocity [Chen-Millero, m/s], minP = 20, minS = 20
# name 24 = sbox0Mm/Kg: Oxygen, SBE 43 [umol/kg], WS = 5
# name 25 = sbox1Mm/Kg: Oxygen, SBE 43, 2 [umol/kg], WS = 5
# name 26 = nbin: number of scans per bin
# name 27 = flag: flag
# span 0 =      13605,      41004       
# span 1 =    566.846,   1708.458       
# span 2 =      4.967,    870.352       
# span 3 =      5.000,    878.000       
# span 4 =     5.9004,    29.1777       
# span 5 =     5.9028,    29.1783       
# span 6 =   3.458941,   5.869722       
# span 7 =   3.458999,   5.869630       
# span 8 =     1.5802,     3.2960       
# span 9 =     1.2869,     2.8248       
# span 10 =      10.59,     100.28      
# span 11 =   27.48133,   27.50274      
# span 12 =  -95.01078,  -94.93724      
# span 13 =   -0.04621,    0.02082      
# span 14 =   -0.04551,    0.01988      
# span 15 =     2.4665,     4.9279      
# span 16 =     2.4928,     4.9486      
# span 17 =     5.8215,    29.1699      
# span 18 =     5.8239,    29.1705      
# span 19 =    34.9061,    36.5067      
# span 20 =    34.9044,    36.5069      
# span 21 =    22.5878,    27.5059      
# span 22 =    22.5876,    27.5043      
# span 23 =       0.00,    1545.04      
# span 24 =    107.244,    214.909      
# span 25 =    108.387,    215.811      
# span 26 =         30,         65      
# span 27 = 0.0000e+00, 0.0000e+00      
# interval = decibars: 1                
# start_time = Sep 28 2021 12:26:08 [NMEA time, header]
# bad_flag = -9.990e-29
*END*
[from data line 311]
      38500   1604.120    817.917    825.000     6.0384     6.0388   3.468996   3.468874     1.7226     1.4211      63.62   27.49946  -94.99810    0.00002    0.00028     3.2885     3.3271     5.9637     5.9641    34.9098    34.9080    27.4861    27.4846    1504.62    142.935    144.616         36 0.0000e+00
      38539   1605.743    818.907    826.000     6.0368     6.0371   3.468895   3.468767     1.7227     1.4211      62.52   27.49946  -94.99808   -0.00005    0.00026     3.2894     3.3275     5.9620     5.9623    34.9099    34.9081    27.4864    27.4849    1504.60    142.976    144.633         43 0.0000e+00
      38585   1607.658    819.896    827.000     6.0360     6.0362   3.468871   3.468728     1.7229     1.4205      61.48   27.49946  -94.99808    0.00008   -0.00016     3.2905     3.3261     5.9611     5.9613    34.9099    34.9081    27.4865    27.4851    1504.58    143.022    144.570         38 0.0000e+00
      38642   1610.043    821.875    829.000     6.0343     6.0347   3.468587   3.468459     1.7225     1.4201      59.63   27.49734  -94.99077   -0.00002   -0.00016     3.2904     3.3256     5.9592     5.9596    34.9073    34.9055    27.4846    27.4831    1504.42    143.016    144.549         33 0.0000e+00
      38696   1612.271    822.865    830.000     6.0340     6.0343   3.468819   3.468698     1.7221     1.4200      58.39   27.49946  -94.99806   -0.00022   -0.00014     3.2893     3.3257     5.9589     5.9591    34.9099    34.9082    27.4868    27.4854    1504.52    142.971    144.553         46 0.0000e+00
      38798   1616.533    825.833    833.000     6.0283     6.0288   3.468384   3.468283     1.7219     1.4199      55.52   27.49895  -94.99630   -0.00005    0.00004     3.2904     3.3273     5.9529     5.9534    34.9093    34.9077    27.4871    27.4857    1504.43    143.017    144.621         52 0.0000e+00
      38842   1618.385    826.822    834.000     6.0277     6.0279   3.468421   3.468296     1.7219     1.4203      54.55   27.49946  -94.99804    0.00000    0.00010     3.2909     3.3292     5.9521     5.9523    34.9100    34.9084    27.4877    27.4864    1504.44    143.042    144.705         33 0.0000e+00
      38874   1619.716    827.812    835.000     6.0264     6.0268   3.468354   3.468240     1.7221     1.4210      53.70   27.49946  -94.99804    0.00004    0.00028     3.2921     3.3320     5.9508     5.9512    34.9100    34.9083    27.4879    27.4865    1504.42    143.092    144.827         34 0.0000e+00
      38911   1621.236    828.801    836.000     6.0248     6.0253   3.468257   3.468148     1.7222     1.4210      52.58   27.49946  -94.99804    0.00011    0.00030     3.2931     3.3327     5.9491     5.9496    34.9100    34.9083    27.4881    27.4867    1504.40    143.133    144.857         38 0.0000e+00
      38949   1622.814    829.791    837.000     6.0237     6.0242   3.468191   3.468086     1.7224     1.4206      51.65   27.49946  -94.99803    0.00010   -0.00003     3.2942     3.3319     5.9479     5.9484    34.9099    34.9083    27.4882    27.4869    1504.38    143.182    144.823         37 0.0000e+00
      38986   1624.367    830.780    838.000     6.0227     6.0230   3.468147   3.468033     1.7225     1.4208      50.57   27.49946  -94.99802    0.00008   -0.00009     3.2948     3.3329     5.9468     5.9472    34.9100    34.9084    27.4884    27.4871    1504.36    143.211    144.864         38 0.0000e+00
      39022   1625.890    831.769    839.000     6.0220     6.0222   3.468126   3.467997     1.7222     1.4205      49.64   27.49946  -94.99802   -0.00002   -0.00001     3.2944     3.3323     5.9460     5.9462    34.9100    34.9084    27.4885    27.4872    1504.34    143.192    144.838         35 0.0000e+00
      39058   1627.371    832.759    840.000     6.0212     6.0216   3.468099   3.467984     1.7219     1.4204      48.63   27.49945  -94.99802   -0.00015   -0.00014     3.2941     3.3325     5.9451     5.9455    34.9101    34.9084    27.4887    27.4873    1504.32    143.177    144.850         37 0.0000e+00
      39096   1628.967    833.748    841.000     6.0195     6.0204   3.467991   3.467916     1.7219     1.4200      47.64   27.49944  -94.99802   -0.00014   -0.00016     3.2946     3.3317     5.9433     5.9442    34.9101    34.9084    27.4889    27.4874    1504.31    143.200    144.813         40 0.0000e+00
      39137   1630.653    834.738    842.000     6.0178     6.0182   3.467883   3.467769     1.7217     1.4200      46.57   27.49944  -94.99800   -0.00005   -0.00012     3.2945     3.3322     5.9416     5.9419    34.9101    34.9084    27.4891    27.4878    1504.29    143.198    144.835         38 0.0000e+00
      39170   1632.033    835.727    843.000     6.0177     6.0180   3.467912   3.467784     1.7219     1.4200      45.79   27.49944  -94.99800   -0.00002   -0.00005     3.2956     3.3326     5.9413     5.9416    34.9101    34.9083    27.4892    27.4878    1504.27    143.244    144.853         31 0.0000e+00
      39205   1633.492    836.716    844.000     6.0179     6.0181   3.467979   3.467841     1.7220     1.4202      44.58   27.49944  -94.99800    0.00006    0.00002     3.2964     3.3337     5.9415     5.9416    34.9101    34.9084    27.4892    27.4878    1504.26    143.281    144.902         42 0.0000e+00
      39249   1635.334    837.706    845.000     6.0180     6.0182   3.468029   3.467896     1.7223     1.4201      43.55   27.49944  -94.99798    0.00012    0.00009     3.2978     3.3339     5.9414     5.9416    34.9101    34.9084    27.4892    27.4878    1504.24    143.339    144.911         39 0.0000e+00
      39283   1636.730    838.695    846.000     6.0176     6.0180   3.468041   3.467926     1.7221     1.4200      42.73   27.49944  -94.99798    0.00007   -0.00002     3.2975     3.3341     5.9410     5.9414    34.9101    34.9084    27.4892    27.4879    1504.22    143.325    144.915         33 0.0000e+00
      39318   1638.219    839.684    847.000     6.0182     6.0183   3.468127   3.467990     1.7219     1.4197      41.58   27.49944  -94.99798   -0.00009   -0.00012     3.2971     3.3336     5.9414     5.9416    34.9101    34.9084    27.4891    27.4878    1504.20    143.308    144.894         38 0.0000e+00
      39355   1639.733    840.674    848.000     6.0183     6.0185   3.468192   3.468057     1.7217     1.4194      40.71   27.49944  -94.99798   -0.00018   -0.00015     3.2971     3.3327     5.9415     5.9417    34.9101    34.9084    27.4892    27.4878    1504.18    143.309    144.857         34 0.0000e+00
      39394   1641.359    841.663    849.000     6.0183     6.0186   3.468228   3.468100     1.7217     1.4189      39.62   27.49944  -94.99797   -0.00006   -0.00027     3.2973     3.3313     5.9414     5.9417    34.9100    34.9084    27.4891    27.4878    1504.16    143.317    144.798         46 0.0000e+00
      39437   1643.175    842.652    850.000     6.0183     6.0187   3.468273   3.468165     1.7216     1.4188      38.63   27.49944  -94.99796   -0.00006   -0.00024     3.2975     3.3314     5.9413     5.9417    34.9101    34.9085    27.4892    27.4878    1504.14    143.326    144.800         35 0.0000e+00
      39499   1645.763    844.631    852.000     6.0177     6.0180   3.467998   3.467875     1.7214     1.4188      36.59   27.49652  -94.98788   -0.00002    0.00002     3.2980     3.3323     5.9405     5.9408    34.9063    34.9046    27.4863    27.4849    1503.94    143.350    144.841         46 0.0000e+00
      39552   1647.959    845.621    853.000     6.0184     6.0186   3.468412   3.468282     1.7214     1.4187      35.56   27.49944  -94.99796    0.00005    0.00001     3.2981     3.3324     5.9411     5.9413    34.9101    34.9084    27.4892    27.4879    1504.08    143.354    144.845         41 0.0000e+00
      39609   1650.320    847.612    855.000     6.0173     6.0176   3.468126   3.468004     1.7212     1.4181      33.56   27.49676  -94.98869   -0.00007   -0.00012     3.2986     3.3314     5.9399     5.9401    34.9067    34.9051    27.4866    27.4853    1503.91    143.373    144.802         33 0.0000e+00
      39657   1652.354    848.587    856.000     6.0181     6.0183   3.468501   3.468385     1.7211     1.4183      32.52   27.49944  -94.99794   -0.00005   -0.00021     3.2984     3.3322     5.9405     5.9407    34.9100    34.9084    27.4892    27.4879    1504.03    143.366    144.835         49 0.0000e+00
      39723   1655.084    850.567    858.000     6.0177     6.0179   3.468456   3.468319     1.7206     1.4184      30.78   27.49841  -94.99437   -0.00019    0.00011     3.2977     3.3334     5.9399     5.9401    34.9088    34.9071    27.4883    27.4869    1503.94    143.337    144.888         32 0.0000e+00
      39763   1656.752    851.556    859.000     6.0173     6.0175   3.468575   3.468447     1.7206     1.4184      29.64   27.49944  -94.99792   -0.00005   -0.00002     3.2983     3.3341     5.9394     5.9397    34.9101    34.9084    27.4894    27.4881    1503.98    143.359    144.916         45 0.0000e+00
      39802   1658.384    852.546    860.000     6.0177     6.0180   3.468650   3.468531     1.7206     1.4178      28.65   27.49944  -94.99792   -0.00002   -0.00013     3.2987     3.3323     5.9397     5.9400    34.9101    34.9084    27.4894    27.4880    1503.96    143.377    144.839         34 0.0000e+00
      39837   1659.829    853.535    861.000     6.0164     6.0171   3.468576   3.468503     1.7206     1.4177      43.92   27.49944  -94.99792   -0.00005   -0.00025     3.2990     3.3325     5.9383     5.9391    34.9101    34.9085    27.4896    27.4882    1503.94    143.390    144.847         36 0.0000e+00
      39874   1661.377    854.524    862.000     6.0165     6.0168   3.468623   3.468509     1.7205     1.4176      27.64   27.49944  -94.99792   -0.00001   -0.00012     3.2990     3.3325     5.9383     5.9386    34.9100    34.9084    27.4895    27.4882    1503.93    143.393    144.846         37 0.0000e+00
      39909   1662.845    855.513    863.000     6.0165     6.0167   3.468678   3.468543     1.7205     1.4174      25.75   27.49944  -94.99791   -0.00004   -0.00006     3.2995     3.3323     5.9383     5.9385    34.9101    34.9084    27.4896    27.4882    1503.91    143.412    144.838         34 0.0000e+00
      39947   1664.432    856.503    864.000     6.0153     6.0159   3.468603   3.468514     1.7202     1.4173      24.67   27.49944  -94.99790   -0.00010   -0.00015     3.2992     3.3322     5.9370     5.9376    34.9100    34.9084    27.4897    27.4883    1503.89    143.399    144.837         44 0.0000e+00
      39991   1666.270    857.492    865.000     6.0116     6.0125   3.468321   3.468254     1.7197     1.4176      23.66   27.49944  -94.99790   -0.00017    0.00003     3.2983     3.3342     5.9332     5.9341    34.9102    34.9085    27.4903    27.4888    1503.87    143.361    144.921         38 0.0000e+00
      40058   1669.043    859.470    867.000     6.0091     6.0095   3.467999   3.467891     1.7196     1.4175      21.69   27.49775  -94.99203   -0.00009    0.00002     3.2992     3.3350     5.9305     5.9309    34.9080    34.9063    27.4889    27.4875    1503.75    143.402    144.954         46 0.0000e+00
      40104   1670.938    860.460    868.000     6.0093     6.0094   3.468238   3.468104     1.7195     1.4174      20.75   27.49946  -94.99788   -0.00002   -0.00006     3.2989     3.3349     5.9306     5.9307    34.9102    34.9085    27.4906    27.4893    1503.82    143.387    144.954         36 0.0000e+00
      40135   1672.231    861.449    869.000     6.0090     6.0094   3.468259   3.468141     1.7195     1.4176      19.85   27.49946  -94.99788   -0.00005   -0.00002     3.2996     3.3363     5.9302     5.9306    34.9102    34.9085    27.4907    27.4893    1503.80    143.416    145.012         30 0.0000e+00
      40167   1673.577    862.438    870.000     6.0083     6.0088   3.468241   3.468130     1.7195     1.4174      18.81   27.49946  -94.99788   -0.00004    0.00004     3.3000     3.3357     5.9294     5.9299    34.9102    34.9085    27.4908    27.4894    1503.79    143.433    144.989         37 0.0000e+00
      40209   1675.317    863.428    871.000     6.0040     6.0053   3.467889   3.467869     1.7193     1.4168      17.71   27.49946  -94.99786   -0.00005   -0.00025     3.3002     3.3344     5.9251     5.9264    34.9102    34.9086    27.4913    27.4899    1503.77    143.442    144.930         42 0.0000e+00
      40246   1676.855    864.417    872.000     5.9933     5.9935   3.466980   3.466854     1.7191     1.4170      16.88   27.49946  -94.99786   -0.00011   -0.00017     3.3009     3.3368     5.9143     5.9145    34.9104    34.9088    27.4929    27.4916    1503.75    143.475    145.033         33 0.0000e+00
      40277   1678.158    865.406    873.000     5.9877     5.9882   3.466527   3.466408     1.7190     1.4174      15.85   27.49946  -94.99786   -0.00010    0.00016     3.3015     3.3392     5.9087     5.9091    34.9106    34.9088    27.4937    27.4922    1503.74    143.498    145.137         32 0.0000e+00
      40316   1679.798    866.395    874.000     5.9800     5.9814   3.465857   3.465837     1.7191     1.4173      14.73   27.49946  -94.99786   -0.00004    0.00014     3.3031     3.3398     5.9009     5.9023    34.9104    34.9088    27.4946    27.4931    1503.72    143.567    145.167         46 0.0000e+00
      40357   1681.514    867.385    875.000     5.9470     5.9495   3.462939   3.463011     1.7192     1.4175      13.76   27.49946  -94.99785    0.00005    0.00002     3.3066     3.3437     5.8681     5.8705    34.9109    34.9093    27.4991    27.4975    1503.70    143.722    145.334         38 0.0000e+00
      40790   1699.550    869.363    877.000     5.9149     5.9173   3.459688   3.459772     1.7290     1.4264      11.39   27.49491  -94.98216    0.00018    0.00017     3.3434     3.3798     5.8359     5.8383    34.9061    34.9044    27.4993    27.4977    1503.42    145.320    146.901         50 0.0000e+00
      41004   1708.458    870.352    878.000     5.9004     5.9028   3.458941   3.458999     1.7313     1.4277      10.59   27.49944  -94.99778    0.00033    0.00040     3.3524     3.3858     5.8215     5.8239    34.9121    34.9104    27.5059    27.5043    1503.65    145.709    147.163         49 0.0000e+00
