Gulf of Mexico/GOMECC-4/1db/drb2103_0341.cnv
* Sea-Bird SBE 9 Data File:
* FileName = C:\Users\scs.user.rb\CTD\GOMECC4\data\rb2103_0341.hex
* Software Version Seasave V 7.26.7.107
* Temperature SN = 4799
* Conductivity SN = 3860
* Number of Bytes Per Scan = 41
* Number of Voltage Words = 4
* Number of Scans Averaged by the Deck Unit = 1
* NMEA Latitude = 29 03.10 N
* NMEA Longitude = 087 31.28 W
* NMEA UTC (Time) = Sep 24 2021  06:51:00
* NMEA baud rate = 4800
# nquan = 28
# nvalues = 303                         
# units = specified
# name 0 = scan: Scan Count
# name 1 = timeS: Time, Elapsed [seconds]
# name 2 = depSM: Depth [salt water, m]
# name 3 = prDM: Pressure, Digiquartz [db]
# name 4 = t090C: Temperature [ITS-90, deg C]
# name 5 = t190C: Temperature, 2 [ITS-90, deg C]
# name 6 = c0S/m: Conductivity [S/m]
# name 7 = c1S/m: Conductivity, 2 [S/m]
# name 8 = sbeox0V: Oxygen raw, SBE 43 [V]
# name 9 = sbeox1V: Oxygen raw, SBE 43, 2 [V]
# name 10 = altM: Altimeter [m]
# name 11 = latitude: Latitude [deg]
# name 12 = longitude: Longitude [deg]
# name 13 = sbox0dV/dT: Oxygen, SBE 43 [dov/dt]
# name 14 = sbox1dV/dT: Oxygen, SBE 43, 2 [dov/dt]
# name 15 = sbeox0ML/L: Oxygen, SBE 43 [ml/l], WS = 5
# name 16 = sbeox1ML/L: Oxygen, SBE 43, 2 [ml/l], WS = 5
# name 17 = potemp090C: Potential Temperature [ITS-90, deg C]
# name 18 = potemp190C: Potential Temperature, 2 [ITS-90, deg C]
# name 19 = sal00: Salinity, Practical [PSU]
# name 20 = sal11: Salinity, Practical, 2 [PSU]
# name 21 = sigma-é00: Density [sigma-theta, kg/m^3]
# name 22 = sigma-é11: Density, 2 [sigma-theta, kg/m^3]
# name 23 = avgsvCM: Average Sound Velocity [Chen-Millero, m/s], minP = 20, minS = 20
# name 24 = sbox0Mm/Kg: Oxygen, SBE 43 [umol/kg], WS = 5
# name 25 = sbox1Mm/Kg: Oxygen, SBE 43, 2 [umol/kg], WS = 5
# name 26 = nbin: number of scans per bin
# name 27 = flag: flag
# span 0 =      15130,      58622       
# span 1 =    630.395,   2442.545       
# span 2 =      3.973,   1483.574       
# span 3 =      4.000,   1499.000       
# span 4 =     4.2937,    28.2570       
# span 5 =     4.2941,    28.2482       
# span 6 =   3.344506,   5.744590       
# span 7 =   3.344471,   5.744817       
# span 8 =     1.6160,     3.1308       
# span 9 =     1.3214,     2.6627       
# span 10 =       9.61,     100.48      
# span 11 =   29.04600,   29.05357      
# span 12 =  -87.52572,  -87.50285      
# span 13 =   -0.03711,    0.01992      
# span 14 =   -0.03609,    0.02013      
# span 15 =     2.6236,     4.6551      
# span 16 =     2.6492,     4.7023      
# span 17 =     4.1706,    28.2612      
# span 18 =     4.1710,    28.2436      
# span 19 =    34.0905,    36.4882      
# span 20 =    34.0913,    36.4895      
# span 21 =    21.8255,    27.7427      
# span 22 =    21.8250,    27.7420      
# span 23 =       0.00,    1562.34      
# span 24 =    114.177,    202.284      
# span 25 =    115.293,    204.338      
# span 26 =         30,         79      
# span 27 = 0.0000e+00, 0.0000e+00      
# interval = decibars: 1                
# start_time = Sep 24 2021 06:51:00 [NMEA time, header]
# bad_flag = -9.990e-29
*END*
      15130    630.395      3.973      4.000    27.6401    27.6412   5.455906   5.456110     3.1050     2.6436      99.22   29.05216  -87.52168   -0.00052   -0.00047     4.4469     4.4590    27.6391    27.6403    34.0917    34.0923    21.8288    21.8290       0.00    194.357    194.885         38 0.0000e+00
      15607    650.250      4.966      5.000    27.6448    27.6458   5.456339   5.456653     3.1068     2.6464      99.95   29.05218  -87.52169    0.00022    0.00044     4.4504     4.4650    27.6436    27.6446    34.0909    34.0921    21.8268    21.8273       0.00    194.507    195.148         34 0.0000e+00
      15704    654.295      5.960      6.000    27.6486    27.6516   5.456761   5.457147     3.1072     2.6487     100.00   29.05218  -87.52170    0.00015    0.00072     4.4515     4.4698    27.6472    27.6502    34.0908    34.0913    21.8256    21.8250       0.00    194.556    195.356         52 0.0000e+00
      15784    657.638      6.953      7.000    27.6483    27.6499   5.456715   5.457052     3.1059     2.6448     100.00   29.05218  -87.52170   -0.00022   -0.00064     4.4495     4.4624    27.6467    27.6483    34.0905    34.0917    21.8255    21.8259       0.00    194.468    195.034         51 0.0000e+00
      15854    660.542      7.946      8.000    27.6491    27.6500   5.456958   5.457174     3.1058     2.6420     100.00   29.05218  -87.52170   -0.00032   -0.00156     4.4498     4.4571    27.6472    27.6482    34.0913    34.0922    21.8259    21.8263       0.00    194.483    194.801         54 0.0000e+00
      15922    663.359      8.939      9.000    27.6491    27.6518   5.457029   5.457459     3.1049     2.6418      91.09   29.05218  -87.52170   -0.00005   -0.00021     4.4487     4.4572    27.6470    27.6497    34.0915    34.0926    21.8261    21.8261       0.00    194.433    194.807         50 0.0000e+00
      15968    665.295      9.932     10.000    27.6497    27.6508   5.457270   5.457449     3.1069     2.6452      84.85   29.05218  -87.52170    0.00036    0.00089     4.4526     4.4647    27.6474    27.6485    34.0912    34.0921    21.8258    21.8261       0.00    194.604    195.136         52 0.0000e+00
      16030    667.863     10.926     11.000    27.6527    27.6545   5.457605   5.457932     3.1054     2.6442      81.56   29.05220  -87.52170   -0.00026    0.00029     4.4503     4.4630    27.6501    27.6520    34.0924    34.0933    21.8258    21.8259       0.00    194.503    195.060         66 0.0000e+00
      16084    670.138     11.919     12.000    27.6524    27.6520   5.457624   5.457653     3.1061     2.6434      91.45   29.05220  -87.52170    0.00027    0.00028     4.4521     4.4619    27.6496    27.6492    34.0925    34.0932    21.8260    21.8267       0.00    194.584    195.014         45 0.0000e+00
      16134    672.189     12.912     13.000    27.6525    27.6522   5.457785   5.457886     3.1033     2.6406      79.80   29.05220  -87.52170   -0.00065   -0.00125     4.4474     4.4567    27.6495    27.6492    34.0936    34.0941    21.8270    21.8274       0.00    194.378    194.787         57 0.0000e+00
      16193    674.681     13.905     14.000    27.6569    27.6544   5.458792   5.458375     3.1040     2.6430     100.48   29.05220  -87.52170   -0.00054   -0.00040     4.4488     4.4619    27.6536    27.6512    34.0968    34.0956    21.8280    21.8279       0.00    194.437    195.014         57 0.0000e+00
      16244    676.785     14.899     15.000    27.6619    27.6621   5.459786   5.459755     3.1062     2.6459     100.00   29.05220  -87.52170    0.00122    0.00243     4.4530     4.4679    27.6584    27.6586    34.0998    34.0995    21.8287    21.8284       0.00    194.622    195.273         47 0.0000e+00
      16294    678.883     15.891     16.000    27.6945    27.6951   5.466908   5.467090     3.1051     2.6447     100.00   29.05220  -87.52170    0.00002   -0.00006     4.4483     4.4627    27.6908    27.6914    34.1259    34.1266    21.8379    21.8381       0.00    194.417    195.046         56 0.0000e+00
      16349    681.166     16.885     17.000    27.8498    27.8467   5.505980   5.504743     3.1108     2.6487     100.00   29.05220  -87.52171    0.00096    0.00072     4.4430     4.4565    27.8458    27.8427    34.2865    34.2801    21.9083    21.9045       0.00    194.172    194.762         51 0.0000e+00
      16403    683.402     17.878     18.000    27.9896    27.9845   5.544636   5.543155     3.1178     2.6544     100.00   29.05220  -87.52172    0.00352    0.00228     4.4414     4.4542    27.9853    27.9803    34.4550    34.4483    21.9896    21.9862       0.00    194.085    194.645         55 0.0000e+00
      16454    685.558     18.871     19.000    28.0147    28.0322   5.552805   5.558583     3.1206     2.6582      99.72   29.05220  -87.52172    0.00182    0.00244     4.4440     4.4572    28.0103    28.0277    34.4934    34.5211    22.0104    22.0255       0.00    194.197    194.768         50 0.0000e+00
      16506    687.696     19.864     20.000    28.2570    28.2482   5.656465   5.653725     3.1298     2.6627      98.46   29.05222  -87.52172    0.00242    0.00189     4.4309     4.4368    28.2612    28.2436    35.0321    35.0168    22.3332    22.3233     462.99    193.562    193.820         53 0.0000e+00
      16561    690.000     20.858     21.000    28.0787    28.0901   5.669798   5.671290     3.1294     2.6625     100.03   29.05222  -87.52172    0.00282    0.00088     4.4376     4.4444    28.0573    28.0852    35.2770    35.2668    22.5842    22.5675    1562.34    193.805    194.108         55 0.0000e+00
      16611    692.080     21.851     22.000    28.0120    28.0135   5.666809   5.667042     3.1264     2.6603      88.74   29.05222  -87.52172   -0.00239   -0.00116     4.4369     4.4452    28.0067    28.0083    35.2935    35.2939    22.6132    22.6130    1542.30    193.768    194.134         48 0.0000e+00
      16666    694.376     22.844     23.000    28.0079    28.0095   5.667561   5.667799     3.1308     2.6619      95.50   29.05222  -87.52172    0.00129    0.00001     4.4453     4.4488    28.0025    28.0041    35.3020    35.3024    22.6209    22.6207    1542.29    194.136    194.288         60 0.0000e+00
      16717    696.505     23.837     24.000    27.8791    27.8842   5.663341   5.663778     3.1289     2.6583      99.71   29.05222  -87.52172    0.00065    0.00008     4.4478     4.4470    27.8734    27.8785    35.3509    35.3501    22.6999    22.6976    1542.28    194.232    194.197         44 0.0000e+00
      16771    698.742     24.830     25.000    27.8336    27.8345   5.670572   5.670894     3.1074     2.6416      73.90   29.05222  -87.52172   -0.00608   -0.00497     4.4159     4.4201    27.8247    27.8287    35.4554    35.4566    22.7945    22.7949    1542.25    192.817    193.004         63 0.0000e+00
      16825    701.013     25.823     26.000    27.8509    27.8522   5.709484   5.709823     3.0959     2.6341      47.29   29.05222  -87.52172   -0.00802   -0.00662     4.3850     4.3958    27.8433    27.8462    35.7152    35.7167    22.9838    22.9846    1542.25    191.436    191.907         45 0.0000e+00
      16874    703.042     26.817     27.000    27.8484    27.8494   5.727913   5.727996     3.1056     2.6442      98.96   29.05222  -87.52173    0.00059    0.00173     4.4004     4.4137    27.8420    27.8430    35.8458    35.8456    23.0825    23.0821    1542.25    192.089    192.670         55 0.0000e+00
      16929    705.351     27.810     28.000    27.8414    27.8427   5.744590   5.744817     3.1177     2.6552     100.00   29.05222  -87.52174    0.00467    0.00594     4.4208     4.4340    27.8348    27.8361    35.9686    35.9692    23.1773    23.1774    1542.25    192.958    193.537         53 0.0000e+00
      16982    707.546     28.803     29.000    27.7301    27.7299   5.735005   5.735061     3.1195     2.6559     100.00   29.05222  -87.52174    0.00343    0.00139     4.4330     4.4439    27.7233    27.7231    35.9868    35.9879    23.2274    23.2284    1542.26    193.483    193.960         54 0.0000e+00
      17035    709.746     29.796     30.000    27.3982    27.4112   5.696593   5.698312     3.1033     2.6440     100.00   29.05222  -87.52174   -0.00349   -0.00231     4.4299     4.4439    27.3912    27.4042    35.9680    35.9702    23.3210    23.3185    1542.25    193.328    193.942         50 0.0000e+00
      17087    711.912     30.789     31.000    26.8894    26.8959   5.651120   5.651965     3.0738     2.6153     100.00   29.05222  -87.52174   -0.01126   -0.01018     4.4138     4.4216    26.8823    26.8888    36.0362    36.0371    23.5361    23.5348    1542.21    192.587    192.926         55 0.0000e+00
      17141    714.164     31.782     32.000    26.6679    26.6731   5.626785   5.627639     3.0540     2.5961     100.00   29.05222  -87.52174   -0.01152   -0.01131     4.3947     4.3987    26.6606    26.6658    36.0329    36.0350    23.6044    23.6043    1542.14    191.740    191.915         52 0.0000e+00
      17195    716.398     32.775     33.000    26.3279    26.3336   5.588351   5.589251     3.0336     2.5813      91.17   29.05224  -87.52174   -0.00800   -0.00634     4.3836     4.3935    26.3204    26.3261    36.0200    36.0221    23.7024    23.7022    1542.07    191.240    191.671         55 0.0000e+00
      17248    718.606     33.768     34.000    26.2099    26.2119   5.576368   5.576788     3.0071     2.5603     100.01   29.05224  -87.52174   -0.01162   -0.00942     4.3433     4.3591    26.2022    26.2043    36.0250    36.0265    23.7434    23.7439    1541.98    189.471    190.163         52 0.0000e+00
      17300    720.776     34.761     35.000    26.0097    26.0123   5.559380   5.560029     2.9820     2.5365      92.81   29.05224  -87.52174   -0.01131   -0.00931     4.3105     4.3231    26.0018    26.0045    36.0581    36.0608    23.8313    23.8325    1541.88    188.027    188.574         52 0.0000e+00
      17351    722.937     35.755     36.000    25.9978    25.9992   5.559416   5.559809     2.9624     2.5243      89.43   29.05224  -87.52174   -0.01131   -0.00939     4.2748     4.2989    25.9897    25.9912    36.0674    36.0692    23.8421    23.8430    1541.79    186.467    187.516         52 0.0000e+00
      17405    725.169     36.748     37.000    25.9292    25.9098   5.555179   5.555348     2.9582     2.5200     100.01   29.05224  -87.52174   -0.00364   -0.00280     4.2714     4.2959    25.9209    25.9016    36.0804    36.0854    23.8735    23.8832    1541.70    186.311    187.381         55 0.0000e+00
      17459    727.425     37.741     38.000    25.7835    25.7818   5.541741   5.541787     2.9485     2.5121     100.00   29.05224  -87.52174   -0.00328   -0.00235     4.2649     4.2890    25.7750    25.7734    36.1065    36.1082    23.9387    23.9405    1541.60    186.016    187.066         53 0.0000e+00
      17512    729.635     38.734     39.000    25.7169    25.7198   5.535985   5.536449     2.9471     2.5089     100.00   29.05224  -87.52174   -0.00261   -0.00293     4.2676     4.2870    25.7082    25.7111    36.1166    36.1177    23.9671    23.9670    1541.51    186.130    186.974         54 0.0000e+00
      17565    731.852     39.727     40.000    25.7045    25.7062   5.534975   5.535330     2.9456     2.5068     100.00   29.05224  -87.52174    0.00003   -0.00094     4.2660     4.2840    25.6956    25.6973    36.1186    36.1199    23.9726    23.9730    1541.42    186.061    186.844         52 0.0000e+00
      17617    733.980     40.720     41.000    25.6881    25.6886   5.533748   5.534055     2.9419     2.5091     100.00   29.05224  -87.52174   -0.00171    0.00015     4.2608     4.2906    25.6790    25.6795    36.1222    36.1237    23.9804    23.9814    1541.34    185.832    187.131         51 0.0000e+00
      17672    736.271     41.713     42.000    25.6671    25.6676   5.532038   5.532309     2.9410     2.5087     100.00   29.05224  -87.52174   -0.00080    0.00046     4.2603     4.2924    25.6578    25.6583    36.1263    36.1277    23.9901    23.9910    1541.26    185.809    187.208         58 0.0000e+00
      17725    738.483     42.706     43.000    25.3935    25.3942   5.509466   5.509730     2.9373     2.5024     100.00   29.05225  -87.52175   -0.00080   -0.00169     4.2745     4.2976    25.3840    25.3847    36.1766    36.1780    24.1128    24.1136    1541.17    186.407    187.412         47 0.0000e+00
      17776    740.606     43.699     44.000    25.0176    25.0184   5.478517   5.478819     2.9411     2.5058     100.00   29.05225  -87.52176   -0.00021   -0.00097     4.3088     4.3300    25.0081    25.0088    36.2470    36.2487    24.2816    24.2826    1541.07    187.870    188.795         58 0.0000e+00
      17833    742.984     44.692     45.000    24.7843    24.7855   5.457891   5.458246     2.9551     2.5197      97.22   29.05225  -87.52176    0.00483    0.00506     4.3556     4.3782    24.7745    24.7758    36.2803    36.2820    24.3779    24.3788    1540.96    189.893    190.878         52 0.0000e+00
      17881    745.014     45.685     46.000    24.6097    24.6119   5.439400   5.439860     2.9629     2.5283      85.35   29.05226  -87.52176    0.00450    0.00492     4.3852     4.4072    24.5998    24.6019    36.2821    36.2839    24.4322    24.4329    1540.86    191.174    192.134         50 0.0000e+00
      17936    747.289     46.678     47.000    24.4463    24.4467   5.421565   5.421862     3.0019     2.5722     100.12   29.05226  -87.52176    0.01051    0.01277     4.4755     4.5187    24.4363    24.4366    36.2797    36.2817    24.4799    24.4812    1540.74    195.102    196.983         56 0.0000e+00
      17989    749.498     47.671     48.000    24.3776    24.3791   5.414428   5.414839     3.0344     2.5976      96.73   29.05226  -87.52176    0.01862    0.01583     4.5456     4.5795    24.3673    24.3689    36.2813    36.2831    24.5018    24.5027    1540.62    198.151    199.627         52 0.0000e+00
      18042    751.716     48.664     49.000    24.3243    24.3261   5.409785   5.410181     3.0383     2.6019      79.85   29.05226  -87.52176    0.00645    0.00608     4.5580     4.5933    24.3139    24.3156    36.2891    36.2906    24.5238    24.5244    1540.50    198.686    200.227         52 0.0000e+00
      18093    753.819     49.657     50.000    24.2012    24.2025   5.396877   5.397258     3.0148     2.5761      99.49   29.05226  -87.52176   -0.00537   -0.00659     4.5225     4.5474    24.1905    24.1918    36.2911    36.2929    24.5623    24.5633    1540.39    197.131    198.217         53 0.0000e+00
      18149    756.187     50.650     51.000    24.1393    24.1403   5.390038   5.390365     3.0035     2.5668     100.00   29.05226  -87.52176   -0.00894   -0.00806     4.5061     4.5328    24.1284    24.1294    36.2893    36.2910    24.5795    24.5805    1540.28    196.415    197.579         55 0.0000e+00
      18199    758.230     51.643     52.000    24.0095    24.0115   5.375502   5.375842     3.0034     2.5694     100.00   29.05226  -87.52176   -0.00074   -0.00027     4.5178     4.5503    23.9993    24.0005    36.2836    36.2852    24.6137    24.6146    1540.17    196.918    198.336         47 0.0000e+00
      18252    760.453     52.637     53.000    23.8065    23.8088   5.352460   5.352907     3.0069     2.5736     100.00   29.05226  -87.52176    0.00048    0.00166     4.5421     4.5754    23.7954    23.7977    36.2741    36.2756    24.6671    24.6676    1540.04    197.968    199.418         58 0.0000e+00
      18302    762.542     53.630     54.000    23.7361    23.7367   5.345427   5.345740     3.0023     2.5667     100.00   29.05226  -87.52176    0.00071   -0.00035     4.5395     4.5664    23.7247    23.7254    36.2776    36.2795    24.6907    24.6919    1539.92    197.850    199.021         31 0.0000e+00
