Gulf of Mexico/GOMECC-4/1db/drb2103_0351.cnv
* Sea-Bird SBE 9 Data File:
* FileName = C:\Users\scs.user.rb\CTD\GOMECC4\data\rb2103_0351.hex
* Software Version Seasave V 7.26.7.107
* Temperature SN = 4799
* Conductivity SN = 3860
* Number of Bytes Per Scan = 41
* Number of Voltage Words = 4
* Number of Scans Averaged by the Deck Unit = 1
* NMEA Latitude = 28 42.06 N
* NMEA Longitude = 087 45.57 W
* NMEA UTC (Time) = Sep 24 2021  11:26:03
* NMEA baud rate = 4800
# nquan = 28
# nvalues = 285                         
# units = specified
# name 0 = scan: Scan Count
# name 1 = timeS: Time, Elapsed [seconds]
# name 2 = depSM: Depth [salt water, m]
# name 3 = prDM: Pressure, Digiquartz [db]
# name 4 = t090C: Temperature [ITS-90, deg C]
# name 5 = t190C: Temperature, 2 [ITS-90, deg C]
# name 6 = c0S/m: Conductivity [S/m]
# name 7 = c1S/m: Conductivity, 2 [S/m]
# name 8 = sbeox0V: Oxygen raw, SBE 43 [V]
# name 9 = sbeox1V: Oxygen raw, SBE 43, 2 [V]
# name 10 = altM: Altimeter [m]
# name 11 = latitude: Latitude [deg]
# name 12 = longitude: Longitude [deg]
# name 13 = sbox0dV/dT: Oxygen, SBE 43 [dov/dt]
# name 14 = sbox1dV/dT: Oxygen, SBE 43, 2 [dov/dt]
# name 15 = sbeox0ML/L: Oxygen, SBE 43 [ml/l], WS = 5
# name 16 = sbeox1ML/L: Oxygen, SBE 43, 2 [ml/l], WS = 5
# name 17 = potemp090C: Potential Temperature [ITS-90, deg C]
# name 18 = potemp190C: Potential Temperature, 2 [ITS-90, deg C]
# name 19 = sal00: Salinity, Practical [PSU]
# name 20 = sal11: Salinity, Practical, 2 [PSU]
# name 21 = sigma-é00: Density [sigma-theta, kg/m^3]
# name 22 = sigma-é11: Density, 2 [sigma-theta, kg/m^3]
# name 23 = avgsvCM: Average Sound Velocity [Chen-Millero, m/s], minP = 20, minS = 20
# name 24 = sbox0Mm/Kg: Oxygen, SBE 43 [umol/kg], WS = 5
# name 25 = sbox1Mm/Kg: Oxygen, SBE 43, 2 [umol/kg], WS = 5
# name 26 = nbin: number of scans per bin
# name 27 = flag: flag
# span 0 =      13875,      77337       
# span 1 =    578.065,   3222.322       
# span 2 =      3.973,   2248.531       
# span 3 =      4.000,   2276.000       
# span 4 =     4.2830,    29.8775       
# span 5 =     4.2837,    29.8795       
# span 6 =   3.345145,   5.960205       
# span 7 =   3.345089,   5.960637       
# span 8 =     1.6288,     3.1238       
# span 9 =     1.3336,     2.6463       
# span 10 =      10.97,     101.91      
# span 11 =   28.68689,   28.70150      
# span 12 =  -87.76469,  -87.72099      
# span 13 =   -0.07293,    0.05004      
# span 14 =   -0.06778,    0.04795      
# span 15 =     2.6003,     4.6986      
# span 16 =     2.6314,     4.7382      
# span 17 =     4.0955,    29.8711      
# span 18 =     4.0965,    29.8728      
# span 19 =    33.5477,    36.5292      
# span 20 =    33.5484,    36.5301      
# span 21 =    21.1912,    27.7552      
# span 22 =    21.1921,    27.7536      
# span 23 =       0.00,    1557.56      
# span 24 =    113.065,    204.175      
# span 25 =    114.420,    205.894      
# span 26 =         30,         70      
# span 27 = 0.0000e+00, 0.0000e+00      
# interval = decibars: 1                
# start_time = Sep 24 2021 11:26:03 [NMEA time, header]
# bad_flag = -9.990e-29
*END*
      13875    578.065      3.973      4.000    28.3353    28.3341   5.449550   5.449562     3.0870     2.6246      79.92   28.69980  -87.76034   -0.00002   -0.00050     4.3721     4.3823    28.3344    28.3332    33.5490    33.5494    21.1948    21.1955       0.00    191.205    191.650         50 0.0000e+00
      14165    590.162      4.966      5.000    28.3311    28.3297   5.449110   5.448880     3.0841     2.6226     101.40   28.69978  -87.76033   -0.00058   -0.00109     4.3677     4.3790    28.3299    28.3285    33.5480    33.5484    21.1955    21.1963       0.00    191.014    191.508         46 0.0000e+00
      14231    592.897      5.960      6.000    28.3360    28.3368   5.449657   5.449851     3.0866     2.6224     100.00   28.69977  -87.76032    0.00090   -0.00017     4.3724     4.3786    28.3346    28.3354    33.5481    33.5489    21.1940    21.1944       0.00    191.221    191.490         54 0.0000e+00
      14296    595.604      6.953      7.000    28.3300    28.3282   5.448964   5.448979     3.0861     2.6253      85.11   28.69978  -87.76034   -0.00043    0.00062     4.3721     4.3858    28.3283    28.3265    33.5480    33.5486    21.1960    21.1971       0.00    191.204    191.803         70 0.0000e+00
      14353    598.019      7.946      8.000    28.3477    28.3433   5.450776   5.450641     3.0862     2.6247      89.65   28.69978  -87.76034   -0.00021    0.00007     4.3724     4.3839    28.3458    28.3414    33.5492    33.5492    21.1912    21.1926       0.00    191.220    191.720         52 0.0000e+00
      14428    601.139      8.940      9.000    28.3505    28.3508   5.451737   5.451806     3.0884     2.6270      96.64   28.69978  -87.76034    0.00088    0.00131     4.3762     4.3885    28.3484    28.3487    33.5517    33.5516    21.1922    21.1921       0.00    191.385    191.925         38 0.0000e+00
      14483    603.422      9.933     10.000    28.3497    28.3522   5.451719   5.452243     3.0849     2.6215      99.83   28.69978  -87.76034   -0.00082   -0.00086     4.3702     4.3776    28.3474    28.3498    33.5517    33.5535    21.1926    21.1931       0.00    191.123    191.446         58 0.0000e+00
      14554    606.365     10.926     11.000    28.3529    28.3536   5.452916   5.452997     3.0840     2.6214     100.00   28.69978  -87.76034   -0.00100   -0.00062     4.3688     4.3777    28.3503    28.3510    33.5573    33.5572    21.1958    21.1955       0.00    191.060    191.451         60 0.0000e+00
      14615    608.925     11.919     12.000    28.3487    28.3511   5.451884   5.452494     3.0824     2.6238      96.56   28.69978  -87.76034    0.00011    0.00050     4.3664     4.3835    28.3458    28.3483    33.5520    33.5537    21.1933    21.1937       0.00    190.958    191.704         63 0.0000e+00
      14673    611.348     12.912     13.000    28.3447    28.3472   5.450926   5.451297     3.0817     2.6265      88.98   28.69978  -87.76034   -0.00081    0.00159     4.3665     4.3899    28.3417    28.3441    33.5487    33.5499    21.1922    21.1923       0.00    190.961    191.985         49 0.0000e+00
      14725    613.484     13.906     14.000    28.3408    28.3429   5.450436   5.450743     3.0842     2.6256      73.20   28.69978  -87.76034    0.00081   -0.00016     4.3719     4.3889    28.3375    28.3396    33.5477    33.5485    21.1928    21.1927       0.00    191.199    191.941         62 0.0000e+00
      14787    616.099     14.899     15.000    28.3403    28.3409   5.450516   5.450626     3.0805     2.6264     101.91   28.69978  -87.76034   -0.00077    0.00054     4.3658     4.3910    28.3368    28.3374    33.5486    33.5489    21.1937    21.1937       0.00    190.929    192.034         50 0.0000e+00
      14829    617.844     15.892     16.000    28.3385    28.3398   5.450446   5.450698     3.0828     2.6204     100.00   28.69976  -87.76032   -0.00076   -0.00089     4.3704     4.3795    28.3347    28.3360    33.5490    33.5496    21.1946    21.1947       0.00    191.131    191.530         45 0.0000e+00
      14885    620.152     16.885     17.000    28.3383    28.3384   5.450403   5.450501     3.0839     2.6180     100.00   28.69976  -87.76032    0.00107   -0.00261     4.3731     4.3752    28.3342    28.3344    33.5487    33.5491    21.1946    21.1949       0.00    191.251    191.342         58 0.0000e+00
      14933    622.176     17.879     18.000    28.5271    28.4799   5.497219   5.485918     3.0926     2.6267     100.00   28.69976  -87.76032    0.00186    0.00140     4.3704     4.3797    28.5229    28.4756    33.7375    33.6930    21.2743    21.2564       0.00    191.114    191.524         45 0.0000e+00
      14985    624.327     18.872     19.000    29.3470    29.3275   5.733318   5.727707     3.1194     2.6463     100.00   28.69976  -87.76031    0.00895    0.00782     4.3307     4.3336    29.3233    29.3229    34.7847    34.7584    21.7940    21.7798       0.00    189.284    189.411         54 0.0000e+00
      15030    626.214     19.865     20.000    29.6135    29.6123   5.838524   5.838007     3.1238     2.6423      71.00   28.69976  -87.76030    0.00911    0.00400     4.3076     4.2925    29.6083    29.6074    35.2951    35.2924    22.0808    22.0792     814.24    188.221    187.564         41 0.0000e+00
      15082    628.390     20.858     21.000    29.7194    29.7209   5.867533   5.867741     3.1191     2.6395     100.50   28.69976  -87.76030   -0.00125   -0.00176     4.2895     4.2772    29.7142    29.7157    35.4146    35.4149    22.1345    22.1342    1557.56    187.423    186.884         60 0.0000e+00
      15131    630.419     21.851     22.000    29.7219    29.7237   5.879359   5.879383     3.0981     2.6246     100.00   28.69976  -87.76030   -0.00656   -0.00499     4.2498     4.2458    29.7165    29.7183    35.4929    35.4918    22.1925    22.1910    1545.50    185.673    185.501         38 0.0000e+00
      15175    632.254     22.845     23.000    29.7470    29.7478   5.890526   5.890506     3.0947     2.6233     100.00   28.69976  -87.76030   -0.00622   -0.00416     4.2410     4.2407    29.7413    29.7421    35.5503    35.5495    22.2271    22.2262    1545.52    185.283    185.273         56 0.0000e+00
      15231    634.580     23.838     24.000    29.7798    29.7805   5.904394   5.904305     3.0960     2.6252     100.00   28.69976  -87.76030    0.00061    0.00085     4.2397     4.2412    29.7739    29.7745    35.6202    35.6191    22.2684    22.2674    1545.55    185.218    185.287         45 0.0000e+00
      15273    636.329     24.831     25.000    29.8175    29.8179   5.921475   5.921250     3.0924     2.6205     100.00   28.69976  -87.76030   -0.00077   -0.00052     4.2290     4.2276    29.8113    29.8118    35.7083    35.7065    22.3218    22.3202    1545.58    184.741    184.683         50 0.0000e+00
      15328    638.629     25.824     26.000    29.8668    29.8673   5.951557   5.951338     3.0856     2.6149      93.29   28.69976  -87.76030   -0.00218   -0.00275     4.2070     4.2081    29.8647    29.8610    35.8729    35.8709    22.4271    22.4253    1545.61    183.762    183.813         49 0.0000e+00
      15373    640.489     26.817     27.000    29.8775    29.8795   5.960205   5.960637     3.0767     2.6075      58.44   28.69976  -87.76030   -0.00420   -0.00310     4.1933     4.1946    29.8711    29.8728    35.9332    35.9334    22.4701    22.4696    1545.65    183.156    183.214         51 0.0000e+00
      15431    642.918     27.810     28.000    29.5835    29.5982   5.925417   5.927130     3.0612     2.5924      93.28   28.69976  -87.76030   -0.00499   -0.00493     4.1872     4.1839    29.5767    29.5913    35.9077    35.9086    22.5511    22.5468    1545.69    182.876    182.732         55 0.0000e+00
      15477    644.815     28.804     29.000    29.0268    29.0352   5.869269   5.870121     3.0399     2.5759      67.96   28.69976  -87.76030   -0.01011   -0.00897     4.1897     4.1897    29.0197    29.0282    35.9392    35.9388    22.7628    22.7596    1545.68    182.949    182.948         44 0.0000e+00
      15528    646.966     29.797     30.000    28.5027    28.5112   5.822318   5.823202     3.0576     2.5946     100.12   28.69976  -87.76031    0.00165    0.00349     4.2620     4.2634    28.4956    28.5040    36.0092    36.0090    22.9903    22.9873    1545.64    186.058    186.124         57 0.0000e+00
      15580    649.136     30.790     31.000    28.2021    28.2041   5.792473   5.792851     3.0621     2.6000     100.00   28.69976  -87.76032    0.00519    0.00513     4.2907     4.2952    28.1948    28.1968    36.0290    36.0301    23.1047    23.1048    1545.57    187.296    187.492         47 0.0000e+00
      15631    651.258     31.783     32.000    27.9922    28.0016   5.770790   5.771959     3.0649     2.6092     100.00   28.69976  -87.76032    0.00194    0.00374     4.3121     4.3290    27.9846    27.9940    36.0367    36.0377    23.1795    23.1772    1545.50    188.217    188.954         57 0.0000e+00
      15683    653.428     32.776     33.000    27.6892    27.6962   5.737728   5.738582     3.0722     2.6186     100.00   28.69976  -87.76032    0.00238    0.00379     4.3476     4.3686    27.6815    27.6885    36.0353    36.0360    23.2776    23.2758    1545.41    189.747    190.663         42 0.0000e+00
      15727    655.270     33.769     34.000    27.5095    27.5150   5.722222   5.722911     3.0842     2.6268      86.74   28.69976  -87.76032    0.00500    0.00484     4.3861     4.4008    27.5016    27.5070    36.0633    36.0640    23.3571    23.3559    1545.31    191.412    192.054         56 0.0000e+00
      15788    657.782     34.762     35.000    27.3799    27.3825   5.711699   5.712089     3.0919     2.6349      97.80   28.69976  -87.76032    0.00425    0.00286     4.4097     4.4270    27.3718    27.3743    36.0882    36.0890    23.4180    23.4177    1545.22    192.433    193.187         52 0.0000e+00
      15833    659.648     35.755     36.000    27.3560    27.3570   5.711752   5.712021     3.0911     2.6392      99.97   28.69976  -87.76032    0.00086    0.00332     4.4103     4.4377    27.3476    27.3487    36.1068    36.1079    23.4398    23.4403    1545.11    192.454    193.649         45 0.0000e+00
      15880    661.612     36.749     37.000    27.1513    27.1675   5.686640   5.689606     3.0828     2.6284     100.00   28.69976  -87.76032   -0.00021    0.00101     4.4093     4.4285    27.1428    27.1590    36.0856    36.0916    23.4899    23.4880    1545.01    192.401    193.237         49 0.0000e+00
      15934    663.876     37.742     38.000    27.0297    27.0408   5.669033   5.671142     2.9802     2.5200     100.00   28.69976  -87.76032   -0.03073   -0.03526     4.2308     4.2165    27.0209    27.0320    36.0536    36.0602    23.5049    23.5063    1544.91    184.608    183.985         59 0.0000e+00
      15987    666.077     38.735     39.000    26.7766    26.8003   5.629117   5.632248     2.8787     2.4506     100.00   28.69976  -87.76033   -0.04653   -0.04092     4.0602     4.0902    26.7677    26.7914    35.9746    35.9796    23.5264    23.5225    1544.79    177.160    178.472         38 0.0000e+00
      16030    667.870     39.728     40.000    26.4532    26.4608   5.599503   5.600369     2.6887     2.2504     100.00   28.69976  -87.76032   -0.07293   -0.06778     3.7256     3.6958    26.4441    26.4517    35.9983    35.9975    23.6470    23.6439    1544.68    162.541    161.243         52 0.0000e+00
      16090    670.373     40.721     41.000    26.3124    26.3172   5.597378   5.597374     2.6296     2.2157     100.00   28.69976  -87.76034   -0.06600   -0.06160     3.6208     3.6294    26.3031    26.3079    36.0955    36.0918    23.7648    23.7605    1544.54    157.952    158.330         55 0.0000e+00
      16132    672.134     41.714     42.000    26.0981    26.1061   5.580661   5.581532     2.7479     2.3454     100.00   28.69976  -87.76034    0.01896    0.02860     3.8601     3.9157    26.0887    26.0966    36.1417    36.1418    23.8672    23.8647    1544.42    168.373    170.799         39 0.0000e+00
      16183    674.248     42.707     43.000    25.8551    25.8702   5.557601   5.559176     2.8270     2.4102      85.54   28.69976  -87.76034    0.05004    0.04795     4.0283     4.0684    25.8455    25.8606    36.1646    36.1642    23.9605    23.9556    1544.28    175.694    177.446         64 0.0000e+00
      16241    676.668     43.700     44.000    25.3602    25.3864   5.509844   5.512475     2.9071     2.4873     100.41   28.69976  -87.76034    0.02728    0.02334     4.2189     4.2660    25.3505    25.3767    36.2056    36.2042    24.1450    24.1359    1544.13    183.972    186.030         46 0.0000e+00
      16285    678.497     44.693     45.000    25.0112    25.0187   5.475889   5.476782     2.9968     2.5783     100.00   28.69976  -87.76034    0.04517    0.04565     4.4190     4.4869    25.0014    25.0089    36.2322    36.2329    24.2724    24.2706    1543.97    192.677    195.638         48 0.0000e+00
      16340    680.772     45.687     46.000    24.9415    24.9440   5.469450   5.469909     3.0605     2.6245      65.92   28.69976  -87.76033    0.03764    0.03273     4.5495     4.5931    24.9315    24.9340    36.2399    36.2413    24.2996    24.2999    1543.81    198.359    200.260         55 0.0000e+00
      16389    682.821     46.680     47.000    24.7980    24.8096   5.455692   5.456909     3.0665     2.6299      99.49   28.69976  -87.76032    0.01373    0.00896     4.5727     4.6153    24.7879    24.7995    36.2513    36.2519    24.3519    24.3488    1543.65    199.362    201.219         48 0.0000e+00
      16442    685.022     47.673     48.000    24.5636    24.5741   5.432614   5.433875     3.0489     2.6106     100.00   28.69976  -87.76032   -0.00354   -0.00348     4.5587     4.5927    24.5532    24.5637    36.2678    36.2687    24.4355    24.4331    1543.48    198.736    200.217         54 0.0000e+00
      16490    687.060     48.666     49.000    24.3502    24.3628   5.411109   5.412308     3.0314     2.5939     100.00   28.69976  -87.76032   -0.00899   -0.00965     4.5432     4.5739    24.3424    24.3523    36.2759    36.2769    24.5052    24.5030    1543.31    198.044    199.386         46 0.0000e+00
      16542    689.219     49.659     50.000    24.1403    24.1485   5.388857   5.389906     3.0174     2.5817     100.00   28.69976  -87.76032   -0.00748   -0.00649     4.5332     4.5642    24.1298    24.1378    36.2798    36.2812    24.5719    24.5705    1543.13    197.598    198.950         60 0.0000e+00
      16596    691.461     50.652     51.000    23.8601    23.8718   5.358504   5.359905     3.0014     2.5663      90.53   28.69976  -87.76032   -0.00613   -0.00628     4.5256     4.5534    23.8493    23.8610    36.2771    36.2782    24.6533    24.6507    1542.96    197.250    198.462         42 0.0000e+00
      16639    693.252     51.645     52.000    23.6096    23.6204   5.331313   5.332631     2.9845     2.5524      93.40   28.69976  -87.76032   -0.00860   -0.00734     4.5137     4.5432    23.5987    23.6095    36.2738    36.2751    24.7250    24.7227    1542.78    196.717    198.005         52 0.0000e+00
      16699    695.730     52.638     53.000    23.2921    23.2951   5.298601   5.299196     2.9628     2.5304     100.42   28.69976  -87.76032   -0.00833   -0.00793     4.4980     4.5219    23.2830    23.2842    36.2813    36.2819    24.8234    24.8224    1542.59    196.015    197.057         55 0.0000e+00
      16741    697.513     53.631     54.000    23.1681    23.1713   5.287691   5.288137     2.9317     2.4996      77.75   28.69976  -87.76032   -0.01230   -0.01273     4.4453     4.4626    23.1570    23.1602    36.3005    36.3013    24.8747    24.8743    1542.39    193.709    194.462         39 0.0000e+00
