Gulf of Mexico/GOMECC-4/1db/drb2103_0541.cnv
* Sea-Bird SBE 9 Data File:
* FileName = C:\Users\scs.user.rb\CTD\GOMECC4\data\rb2103_0541.hex
* Software Version Seasave V 7.26.7.107
* Temperature SN = 4799
* Conductivity SN = 3860
* Number of Bytes Per Scan = 41
* Number of Voltage Words = 4
* Number of Scans Averaged by the Deck Unit = 1
* NMEA Latitude = 27 29.98 N
* NMEA Longitude = 095 00.24 W
* NMEA UTC (Time) = Sep 28 2021  12:26:08
* NMEA baud rate = 4800
# nquan = 28
# nvalues = 357                         
# units = specified
# name 0 = scan: Scan Count
# name 1 = timeS: Time, Elapsed [seconds]
# name 2 = depSM: Depth [salt water, m]
# name 3 = prDM: Pressure, Digiquartz [db]
# name 4 = t090C: Temperature [ITS-90, deg C]
# name 5 = t190C: Temperature, 2 [ITS-90, deg C]
# name 6 = c0S/m: Conductivity [S/m]
# name 7 = c1S/m: Conductivity, 2 [S/m]
# name 8 = sbeox0V: Oxygen raw, SBE 43 [V]
# name 9 = sbeox1V: Oxygen raw, SBE 43, 2 [V]
# name 10 = altM: Altimeter [m]
# name 11 = latitude: Latitude [deg]
# name 12 = longitude: Longitude [deg]
# name 13 = sbox0dV/dT: Oxygen, SBE 43 [dov/dt]
# name 14 = sbox1dV/dT: Oxygen, SBE 43, 2 [dov/dt]
# name 15 = sbeox0ML/L: Oxygen, SBE 43 [ml/l], WS = 5
# name 16 = sbeox1ML/L: Oxygen, SBE 43, 2 [ml/l], WS = 5
# name 17 = potemp090C: Potential Temperature [ITS-90, deg C]
# name 18 = potemp190C: Potential Temperature, 2 [ITS-90, deg C]
# name 19 = sal00: Salinity, Practical [PSU]
# name 20 = sal11: Salinity, Practical, 2 [PSU]
# name 21 = sigma-é00: Density [sigma-theta, kg/m^3]
# name 22 = sigma-é11: Density, 2 [sigma-theta, kg/m^3]
# name 23 = avgsvCM: Average Sound Velocity [Chen-Millero, m/s], minP = 20, minS = 20
# name 24 = sbox0Mm/Kg: Oxygen, SBE 43 [umol/kg], WS = 5
# name 25 = sbox1Mm/Kg: Oxygen, SBE 43, 2 [umol/kg], WS = 5
# name 26 = nbin: number of scans per bin
# name 27 = flag: flag
# span 0 =      13605,      41004       
# span 1 =    566.846,   1708.458       
# span 2 =      4.967,    870.352       
# span 3 =      5.000,    878.000       
# span 4 =     5.9004,    29.1777       
# span 5 =     5.9028,    29.1783       
# span 6 =   3.458941,   5.869722       
# span 7 =   3.458999,   5.869630       
# span 8 =     1.5802,     3.2960       
# span 9 =     1.2869,     2.8248       
# span 10 =      10.59,     100.28      
# span 11 =   27.48133,   27.50274      
# span 12 =  -95.01078,  -94.93724      
# span 13 =   -0.04621,    0.02082      
# span 14 =   -0.04551,    0.01988      
# span 15 =     2.4665,     4.9279      
# span 16 =     2.4928,     4.9486      
# span 17 =     5.8215,    29.1699      
# span 18 =     5.8239,    29.1705      
# span 19 =    34.9061,    36.5067      
# span 20 =    34.9044,    36.5069      
# span 21 =    22.5878,    27.5059      
# span 22 =    22.5876,    27.5043      
# span 23 =       0.00,    1545.04      
# span 24 =    107.244,    214.909      
# span 25 =    108.387,    215.811      
# span 26 =         30,         65      
# span 27 = 0.0000e+00, 0.0000e+00      
# interval = decibars: 1                
# start_time = Sep 28 2021 12:26:08 [NMEA time, header]
# bad_flag = -9.990e-29
*END*
[from data line 208]
      27160   1131.620    409.860    413.000    10.4076    10.4093   3.892253   3.892344     1.6236     1.3262      99.99   27.49704  -94.99047   -0.00042   -0.00050     2.5057     2.5351    10.3578    10.3595    35.2636    35.2628    27.0956    27.0947    1517.70    108.950    110.231         34 0.0000e+00
      27267   1136.086    413.825    417.000    10.3157    10.3165   3.882505   3.882477     1.6204     1.3237      99.99   27.49772  -94.99290   -0.00079   -0.00057     2.5039     2.5346    10.2657    10.2664    35.2521    35.2511    27.1028    27.1018    1517.54    108.871    110.208         31 0.0000e+00
      27301   1137.505    414.817    418.000    10.3101    10.3109   3.882149   3.882113     1.6198     1.3231      99.96   27.49968  -94.99964   -0.00067   -0.00048     2.5027     2.5333    10.2599    10.2608    35.2539    35.2527    27.1053    27.1042    1517.61    108.823    110.153         31 0.0000e+00
      27402   1141.699    418.782    422.000    10.2679    10.2687   3.877707   3.877684     1.6174     1.3210     100.00   27.49896  -94.99713   -0.00059   -0.00039     2.5000     2.5308    10.2174    10.2183    35.2478    35.2467    27.1079    27.1069    1517.38    108.704    110.044         34 0.0000e+00
      27534   1147.204    423.739    427.000    10.2174    10.2181   3.872463   3.872412     1.6136     1.3167      99.99   27.49809  -94.99411   -0.00081   -0.00083     2.4945     2.5227    10.1664    10.1672    35.2416    35.2403    27.1119    27.1108    1517.10    108.462    109.690         30 0.0000e+00
      27567   1148.598    424.730    428.000    10.2069    10.2074   3.871537   3.871475     1.6123     1.3159     100.00   27.49968  -94.99960   -0.00102   -0.00090     2.4917     2.5210    10.1558    10.1564    35.2416    35.2405    27.1138    27.1128    1517.14    108.341    109.614         32 0.0000e+00
      27672   1152.977    428.695    432.000    10.1607    10.1616   3.867025   3.866990     1.6106     1.3140     100.01   27.50112  -95.00456   -0.00038   -0.00041     2.4910     2.5192    10.1093    10.1102    35.2390    35.2377    27.1199    27.1188    1517.04    108.309    109.538         33 0.0000e+00
      27778   1157.364    432.661    436.000    10.1228    10.1229   3.863096   3.862969     1.6006     1.3041     100.00   27.50042  -95.00212   -0.00250   -0.00263     2.4665     2.4928    10.0710    10.0712    35.2339    35.2324    27.1225    27.1213    1516.83    107.244    108.387         33 0.0000e+00
      28098   1170.723    444.556    448.000     9.9048     9.9072   3.839827   3.840161     1.5983     1.3017     100.00   27.50002  -95.00069   -0.00099   -0.00148     2.4778     2.5028     9.8523     9.8570    35.2025    35.2021    27.1354    27.1345    1516.30    107.734    108.823         31 0.0000e+00
      28338   1180.709    453.477    457.000     9.7434     9.7451   3.822623   3.822704     1.6032     1.3081      99.99   27.49823  -94.99447    0.00035    0.00019     2.5048     2.5355     9.6904     9.6921    35.1788    35.1779    27.1443    27.1433    1515.80    108.907    110.245         30 0.0000e+00
      28370   1182.028    454.468    458.000     9.7209     9.7234   3.820307   3.820468     1.6036     1.3088     100.00   27.49968  -94.99948    0.00042    0.00028     2.5076     2.5393     9.6679     9.6703    35.1767    35.1760    27.1465    27.1455    1515.84    109.030    110.408         30 0.0000e+00
      28477   1186.493    458.433    462.000     9.5596     9.5610   3.803228   3.803267     1.6014     1.3066     100.00   27.50096  -95.00389   -0.00063   -0.00069     2.5131     2.5439     9.5066     9.5080    35.1567    35.1557    27.1579    27.1569    1515.73    109.266    110.609         36 0.0000e+00
      28574   1190.534    462.397    466.000     9.4936     9.4957   3.796050   3.796162     1.5999     1.3054     100.00   27.49759  -94.99223   -0.00022   -0.00019     2.5143     2.5457     9.4404     9.4425    35.1445    35.1436    27.1593    27.1582    1515.37    109.320    110.683         33 0.0000e+00
      28610   1192.058    463.388    467.000     9.4697     9.4735   3.793731   3.794033     1.5993     1.3042     100.00   27.49968  -94.99945   -0.00034   -0.00059     2.5146     2.5437     9.4165     9.4203    35.1438    35.1432    27.1628    27.1617    1515.45    109.331    110.598         33 0.0000e+00
      28712   1196.292    467.353    471.000     9.3523     9.3558   3.781497   3.781754     1.5979     1.3033      97.98   27.49968  -94.99944   -0.00037   -0.00020     2.5193     2.5497     9.2987     9.3025    35.1301    35.1294    27.1714    27.1703    1515.28    109.535    110.855         33 0.0000e+00
      28845   1201.853    472.309    476.000     9.2377     9.2382   3.769613   3.769538     1.5962     1.3013     100.00   27.49965  -94.99931   -0.00033   -0.00043     2.5234     2.5527     9.1843     9.1847    35.1167    35.1155    27.1797    27.1787    1515.06    109.713    110.987         30 0.0000e+00
      28974   1207.212    477.265    481.000     9.1723     9.1730   3.762986   3.762918     1.5921     1.2979     100.00   27.49835  -94.99480   -0.00087   -0.00059     2.5177     2.5478     9.1185     9.1191    35.1094    35.1081    27.1847    27.1835    1514.78    109.467    110.774         30 0.0000e+00
      29006   1208.561    478.256    482.000     9.1647     9.1660   3.762436   3.762451     1.5907     1.2963     100.00   27.49968  -94.99940   -0.00111   -0.00096     2.5143     2.5434     9.1108     9.1121    35.1109    35.1099    27.1872    27.1861    1514.81    109.315    110.581         31 0.0000e+00
      29109   1212.817    482.220    486.000     9.1329     9.1329   3.759226   3.759095     1.5859     1.2919     100.00   27.49885  -94.99650   -0.00117   -0.00098     2.5039     2.5331     9.0786     9.0787    35.1067    35.1053    27.1891    27.1880    1514.60    108.862    110.132         32 0.0000e+00
      29432   1226.300    494.112    498.000     9.0159     9.0164   3.747568   3.747492     1.5802     1.2869     100.00   27.49986  -95.00002   -0.00002    0.00005     2.4987     2.5285     8.9607     8.9612    35.0946    35.0933    27.1986    27.1975    1514.17    108.635    109.935         33 0.0000e+00
      29567   1231.917    499.067    503.000     8.9518     8.9524   3.741030   3.740961     1.5820     1.2894     100.00   27.50059  -95.00255    0.00040    0.00059     2.5096     2.5423     8.8963     8.8969    35.0872    35.0858    27.2032    27.2020    1514.01    109.108    110.531         37 0.0000e+00
      29661   1235.836    503.031    507.000     8.9001     8.9009   3.735287   3.735228     1.5823     1.2892      99.99   27.49555  -94.98511    0.00011   -0.00001     2.5155     2.5465     8.8443     8.8451    35.0751    35.0737    27.2018    27.2006    1513.58    109.366    110.713         34 0.0000e+00
      29701   1237.509    504.022    508.000     8.8965     8.8974   3.735376   3.735337     1.5827     1.2895     100.00   27.49966  -94.99930    0.00014   -0.00004     2.5171     2.5477     8.8406     8.8415    35.0799    35.0786    27.2063    27.2052    1513.77    109.435    110.765         34 0.0000e+00
      29802   1241.718    507.986    512.000     8.8242     8.8248   3.727922   3.727861     1.5833     1.2908      98.61   27.49895  -94.99685   -0.00001    0.00015     2.5247     2.5581     8.7681     8.7688    35.0709    35.0697    27.2108    27.2097    1513.57    109.767    111.217         37 0.0000e+00
      29939   1247.408    512.940    517.000     8.7931     8.7975   3.724966   3.725329     1.5945     1.3022     100.00   27.50039  -95.00178    0.00198    0.00200     2.5611     2.5977     8.7366     8.7410    35.0685    35.0679    27.2139    27.2128    1513.46    111.348    112.940         33 0.0000e+00
      30041   1251.682    516.904    521.000     8.6465     8.6491   3.709472   3.709633     1.5969     1.3031      83.56   27.49909  -94.99728    0.00053    0.00017     2.5796     2.6117     8.5901     8.5927    35.0480    35.0471    27.2209    27.2198    1513.24    112.152    113.549         35 0.0000e+00
      30148   1256.123    520.867    525.000     8.5446     8.5463   3.698854   3.698916     1.5980     1.3039      99.99   27.49780  -94.99281    0.00024    0.00010     2.5910     2.6225     8.4882     8.4899    35.0345    35.0334    27.2262    27.2251    1513.00    112.647    114.015         31 0.0000e+00
      30181   1257.498    521.858    526.000     8.5265     8.5279   3.697230   3.697255     1.5980     1.3040     100.00   27.49966  -94.99924    0.00027   -0.00003     2.5925     2.6242     8.4701     8.4715    35.0350    35.0339    27.2295    27.2284    1513.07    112.712    114.091         30 0.0000e+00
      30288   1261.979    525.822    530.000     8.4526     8.4560   3.690004   3.690151     1.5965     1.3025      99.76   27.50147  -95.00548   -0.00039   -0.00041     2.5944     2.6258     8.3960     8.3994    35.0302    35.0292    27.2372    27.2359    1513.03    112.796    114.160         38 0.0000e+00
      30387   1266.087    529.785    534.000     8.4008     8.4033   3.684460   3.684571     1.5957     1.3007      99.99   27.49701  -94.99006   -0.00009   -0.00053     2.5970     2.6250     8.3440     8.3465    35.0201    35.0188    27.2372    27.2358    1512.62    112.906    114.122         37 0.0000e+00
      30427   1267.760    530.776    535.000     8.3971     8.3976   3.684406   3.684317     1.5961     1.3015     100.00   27.49966  -94.99920    0.00006    0.00002     2.5987     2.6280     8.3401     8.3406    35.0232    35.0218    27.2404    27.2391    1512.73    112.981    114.256         33 0.0000e+00
      30526   1271.882    534.739    539.000     8.3653     8.3671   3.681350   3.681360     1.5948     1.3013     100.00   27.49937  -94.99819   -0.00032    0.00007     2.5986     2.6309     8.3081     8.3098    35.0198    35.0188    27.2426    27.2416    1512.57    112.974    114.381         42 0.0000e+00
      30628   1276.112    538.702    543.000     8.3258     8.3287   3.677172   3.677285     1.5944     1.3009     100.00   27.49670  -94.98893   -0.00005    0.00001     2.6017     2.6336     8.2683     8.2712    35.0147    35.0133    27.2447    27.2431    1512.27    113.110    114.498         33 0.0000e+00
      30667   1277.742    539.693    544.000     8.3088     8.3094   3.675783   3.675708     1.5946     1.3011     100.00   27.49968  -94.99918   -0.00001    0.00017     2.6032     2.6357     8.2513     8.2519    35.0149    35.0135    27.2475    27.2463    1512.40    113.175    114.587         34 0.0000e+00
      30766   1281.894    543.656    548.000     8.2225     8.2222   3.666850   3.666683     1.5949     1.3017      99.99   27.49782  -94.99281    0.00002    0.00010     2.6116     2.6450     8.1650     8.1646    35.0033    35.0019    27.2515    27.2504    1512.15    113.538    114.990         36 0.0000e+00
      30803   1283.401    544.647    549.000     8.2011     8.1984   3.664870   3.664487     1.5958     1.3027     100.00   27.49968  -94.99916    0.00023    0.00026     2.6161     2.6502     8.1434     8.1407    35.0034    35.0020    27.2549    27.2542    1512.21    113.734    115.218         30 0.0000e+00
      30903   1287.603    548.610    553.000     8.1324     8.1334   3.658082   3.658041     1.5980     1.3051     100.00   27.49963  -94.99904    0.00043    0.00041     2.6287     2.6638     8.0746     8.0756    34.9973    34.9959    27.2605    27.2593    1512.06    114.284    115.809         36 0.0000e+00
      31041   1293.337    553.564    558.000     8.0920     8.0922   3.654269   3.654141     1.5999     1.3065     100.01   27.50106  -95.00394    0.00024    0.00023     2.6389     2.6728     8.0338     8.0340    34.9946    34.9931    27.2647    27.2634    1511.96    114.726    116.198         32 0.0000e+00
      31281   1303.317    562.480    567.000     7.9350     7.9357   3.638581   3.638525     1.6081     1.3138     100.00   27.49975  -94.99942    0.00110    0.00084     2.6777     2.7106     7.8765     7.8773    34.9786    34.9773    27.2756    27.2744    1511.57    116.410    117.841         32 0.0000e+00
      31385   1307.663    566.443    571.000     7.8880     7.8887   3.633862   3.633796     1.6085     1.3139      99.99   27.49781  -94.99275    0.00009   -0.00001     2.6837     2.7158     7.8293     7.8300    34.9726    34.9713    27.2778    27.2767    1511.32    116.672    118.067         37 0.0000e+00
      31522   1313.359    571.396    576.000     7.8641     7.8646   3.631865   3.631778     1.6103     1.3149      99.33   27.49930  -94.99788    0.00031   -0.00010     2.6925     2.7224     7.8050     7.8055    34.9729    34.9714    27.2817    27.2805    1511.22    117.055    118.354         39 0.0000e+00
      31622   1317.536    575.359    580.000     7.7753     7.7767   3.622998   3.623011     1.6099     1.3156      95.89   27.49734  -94.99106   -0.00021    0.00008     2.6995     2.7326     7.7161     7.7175    34.9641    34.9628    27.2879    27.2866    1510.98    117.355    118.797         30 0.0000e+00
      31659   1319.094    576.349    581.000     7.7675     7.7678   3.622403   3.622293     1.6110     1.3168      98.02   27.49964  -94.99902    0.00016    0.00051     2.7033     2.7374     7.7083     7.7086    34.9653    34.9638    27.2900    27.2888    1511.07    117.524    119.004         36 0.0000e+00
      31758   1323.208    580.312    585.000     7.7508     7.7516   3.620801   3.620730     1.6128     1.3186     100.00   27.49833  -94.99448    0.00047    0.00046     2.7113     2.7460     7.6912     7.6920    34.9626    34.9610    27.2904    27.2890    1510.85    117.871    119.377         32 0.0000e+00
      31793   1324.684    581.302    586.000     7.7480     7.7486   3.620716   3.620630     1.6132     1.3187     100.00   27.49964  -94.99900    0.00021    0.00007     2.7131     2.7468     7.6883     7.6889    34.9642    34.9627    27.2921    27.2908    1510.90    117.948    119.413         33 0.0000e+00
      31892   1328.781    585.264    590.000     7.7235     7.7241   3.618178   3.618095     1.6132     1.3189      99.99   27.49681  -94.98928    0.00003    0.00010     2.7165     2.7507     7.6635     7.6641    34.9590    34.9575    27.2915    27.2903    1510.60    118.094    119.580         39 0.0000e+00
      32032   1334.626    590.217    595.000     7.7149     7.7153   3.618016   3.617895     1.6137     1.3186     100.00   27.50093  -95.00349    0.00018   -0.00037     2.7201     2.7517     7.6545     7.6548    34.9640    34.9624    27.2970    27.2957    1510.66    118.252    119.626         36 0.0000e+00
      32163   1340.081    595.170    600.000     7.6136     7.6148   3.607843   3.607821     1.6135     1.3192     100.00   27.49829  -94.99436   -0.00006    0.00011     2.7288     2.7630     7.5531     7.5542    34.9528    34.9514    27.3029    27.3016    1510.35    118.629    120.116         32 0.0000e+00
      32196   1341.446    596.160    601.000     7.6048     7.6053   3.607180   3.607084     1.6148     1.3199     100.00   27.49962  -94.99894    0.00045    0.00068     2.7334     2.7663     7.5442     7.5446    34.9542    34.9527    27.3053    27.3041    1510.39    118.829    120.260         30 0.0000e+00
      32298   1345.691    600.122    605.000     7.5699     7.5705   3.603842   3.603749     1.6165     1.3213     100.00   27.49884  -94.99623    0.00036    0.00032     2.7428     2.7749     7.5090     7.5096    34.9511    34.9495    27.3079    27.3066    1510.22    119.236    120.634         30 0.0000e+00
