Gulf of Mexico/GOMECC-4/1db/drb2103_0251.cnv
* Sea-Bird SBE 9 Data File:
* FileName = C:\Users\scs.user.rb\CTD\GOMECC4\data\rb2103_0251.hex
* Software Version Seasave V 7.26.7.107
* Temperature SN = 4799
* Conductivity SN = 3860
* Number of Bytes Per Scan = 41
* Number of Voltage Words = 4
* Number of Scans Averaged by the Deck Unit = 1
* NMEA Latitude = 28 30.98 N
* NMEA Longitude = 086 12.21 W
* NMEA UTC (Time) = Sep 21 2021  08:11:51
* NMEA baud rate = 4800
# nquan = 28
# nvalues = 246                         
# units = specified
# name 0 = scan: Scan Count
# name 1 = timeS: Time, Elapsed [seconds]
# name 2 = depSM: Depth [salt water, m]
# name 3 = prDM: Pressure, Digiquartz [db]
# name 4 = t090C: Temperature [ITS-90, deg C]
# name 5 = t190C: Temperature, 2 [ITS-90, deg C]
# name 6 = c0S/m: Conductivity [S/m]
# name 7 = c1S/m: Conductivity, 2 [S/m]
# name 8 = sbeox0V: Oxygen raw, SBE 43 [V]
# name 9 = sbeox1V: Oxygen raw, SBE 43, 2 [V]
# name 10 = altM: Altimeter [m]
# name 11 = latitude: Latitude [deg]
# name 12 = longitude: Longitude [deg]
# name 13 = sbox0dV/dT: Oxygen, SBE 43 [dov/dt]
# name 14 = sbox1dV/dT: Oxygen, SBE 43, 2 [dov/dt]
# name 15 = sbeox0ML/L: Oxygen, SBE 43 [ml/l], WS = 5
# name 16 = sbeox1ML/L: Oxygen, SBE 43, 2 [ml/l], WS = 5
# name 17 = potemp090C: Potential Temperature [ITS-90, deg C]
# name 18 = potemp190C: Potential Temperature, 2 [ITS-90, deg C]
# name 19 = sal00: Salinity, Practical [PSU]
# name 20 = sal11: Salinity, Practical, 2 [PSU]
# name 21 = sigma-é00: Density [sigma-theta, kg/m^3]
# name 22 = sigma-é11: Density, 2 [sigma-theta, kg/m^3]
# name 23 = avgsvCM: Average Sound Velocity [Chen-Millero, m/s], minP = 20, minS = 20
# name 24 = sbox0Mm/Kg: Oxygen, SBE 43 [umol/kg], WS = 5
# name 25 = sbox1Mm/Kg: Oxygen, SBE 43, 2 [umol/kg], WS = 5
# name 26 = nbin: number of scans per bin
# name 27 = flag: flag
# span 0 =       9186,      23264       
# span 1 =    382.717,    969.304       
# span 2 =      4.966,    395.949       
# span 3 =      5.000,    399.000       
# span 4 =     9.8800,    28.8877       
# span 5 =     9.8813,    28.8906       
# span 6 =   3.833947,   5.767234       
# span 7 =   3.833940,   5.767633       
# span 8 =     1.6082,     3.1889       
# span 9 =     1.3139,     2.7217       
# span 10 =      10.22,     100.14      
# span 11 =   28.51479,   28.51668      
# span 12 =  -86.20318,  -86.19742      
# span 13 =   -0.03925,    0.02451      
# span 14 =   -0.03956,    0.02538      
# span 15 =     2.4919,     4.5466      
# span 16 =     2.5261,     4.5657      
# span 17 =     9.8334,    28.8848      
# span 18 =     9.8348,    28.8877      
# span 19 =    33.6283,    36.5361      
# span 20 =    33.6422,    36.5368      
# span 21 =    21.4351,    27.1281      
# span 22 =    21.4419,    27.1274      
# span 23 =       0.00,    1546.33      
# span 24 =    108.349,    198.490      
# span 25 =    109.837,    199.322      
# span 26 =         30,         68      
# span 27 = 0.0000e+00, 0.0000e+00      
# interval = decibars: 1                
# start_time = Sep 21 2021 08:11:51 [NMEA time, header]
# bad_flag = -9.990e-29
*END*
       9186    382.717      4.966      5.000    27.7815    27.7917   5.404327   5.407488     3.0968     2.6395      88.45   28.51662  -86.20318    0.00049    0.00056     4.4325     4.4515    27.7792    27.7905    33.6283    33.6422    21.4351    21.4419       0.00    193.803    194.631         45 0.0000e+00
       9273    386.354      5.960      6.000    27.9509    27.9920   5.446189   5.462238     3.1009     2.6407      98.76   28.51662  -86.20318    0.00155    0.00013     4.4248     4.4381    27.9379    27.9906    33.8061    33.8798    21.5171    21.5553       0.00    193.451    194.029         47 0.0000e+00
       9339    389.101      6.953      7.000    28.5223    28.5234   5.615797   5.615667     3.1252     2.6550      99.98   28.51662  -86.20318    0.00562    0.00322     4.4047     4.4071    28.5207    28.5217    34.5647    34.5641    21.8964    21.8956       0.00    192.500    192.605         41 0.0000e+00
       9408    391.948      7.946      8.000    28.5401    28.5401   5.623402   5.623360     3.1212     2.6514     100.00   28.51662  -86.20318   -0.00125   -0.00117     4.3951     4.3980    28.5382    28.5382    34.6050    34.6045    21.9209    21.9205       0.00    192.076    192.200         35 0.0000e+00
       9485    395.179      8.940      9.000    28.5566    28.5569   5.627940   5.628003     3.1208     2.6527     100.00   28.51662  -86.20317   -0.00069   -0.00041     4.3936     4.3996    28.5545    28.5548    34.6235    34.6237    21.9294    21.9295       0.00    192.009    192.269         42 0.0000e+00
       9547    397.735      9.933     10.000    28.5840    28.5795   5.634685   5.633683     3.1238     2.6558     100.00   28.51662  -86.20316    0.00028    0.00061     4.3969     4.4042    28.5816    28.5771    34.6499    34.6462    21.9403    21.9390       0.00    192.149    192.470         46 0.0000e+00
       9630    401.226     10.926     11.000    28.7344    28.7225   5.677372   5.673424     3.1296     2.6592      99.88   28.51662  -86.20316    0.00162    0.00183     4.3917     4.3972    28.7317    28.7199    34.8350    34.8164    22.0295    22.0195       0.00    191.907    192.147         46 0.0000e+00
       9689    403.652     11.919     12.000    28.8877    28.8906   5.738791   5.738487     3.1153     2.6383      92.28   28.51662  -86.20316   -0.00216   -0.00482     4.3467     4.3353    28.8848    28.8877    35.1466    35.1424    22.2126    22.2085       0.00    189.908    189.410         41 0.0000e+00
       9770    407.039     12.913     13.000    28.8443    28.8558   5.737461   5.737159     3.0946     2.6262      89.28   28.51662  -86.20316   -0.00608   -0.00441     4.3124     4.3140    28.8412    28.8526    35.1691    35.1547    22.2441    22.2295       0.00    188.399    188.471         54 0.0000e+00
       9827    409.411     13.906     14.000    28.8054    28.8092   5.746360   5.745158     3.1044     2.6346      99.68   28.51662  -86.20316    0.00238    0.00137     4.3321     4.3328    28.8001    28.8058    35.2605    35.2516    22.3264    22.3180       0.00    189.247    189.280         65 0.0000e+00
       9889    412.004     14.899     15.000    28.7763    28.7782   5.750685   5.750971     3.1082     2.6383      68.77   28.51662  -86.20316    0.00222    0.00184     4.3401     4.3410    28.7727    28.7746    35.3103    35.3105    22.3730    22.3725       0.00    189.589    189.627         54 0.0000e+00
       9941    414.147     15.892     16.000    28.7554    28.7560   5.752414   5.752798     3.1121     2.6430      99.72   28.51662  -86.20315    0.00118    0.00224     4.3486     4.3518    28.7516    28.7521    35.3375    35.3397    22.4004    22.4019       0.00    189.954    190.094         51 0.0000e+00
       9996    416.467     16.886     17.000    28.7407    28.7420   5.753239   5.753498     3.1166     2.6465      77.10   28.51664  -86.20314    0.00234    0.00136     4.3580     4.3600    28.7366    28.7379    35.3538    35.3546    22.4177    22.4178       0.00    190.362    190.450         58 0.0000e+00
      10046    418.552     17.879     18.000    28.7334    28.7344   5.753848   5.754217     3.1179     2.6509      62.06   28.51664  -86.20314    0.00103    0.00209     4.3612     4.3698    28.7291    28.7301    35.3632    35.3650    22.4272    22.4282       0.00    190.500    190.873         43 0.0000e+00
      10092    420.461     18.872     19.000    28.7175    28.7184   5.754029   5.754303     3.1217     2.6521      94.32   28.51664  -86.20314    0.00118    0.00148     4.3696     4.3735    28.7129    28.7138    35.3760    35.3772    22.4422    22.4428       0.00    190.861    191.034         50 0.0000e+00
      10143    422.583     19.865     20.000    28.7054    28.7065   5.754168   5.754455     3.1252     2.6564      98.15   28.51664  -86.20314    0.00186    0.00141     4.3772     4.3834    28.7006    28.7017    35.3856    35.3868    22.4536    22.4541     748.09    191.192    191.464         50 0.0000e+00
      10192    424.632     20.858     21.000    28.6940    28.6931   5.754372   5.754706     3.1267     2.6628      93.89   28.51664  -86.20312    0.00115    0.00228     4.3808     4.3974    28.6889    28.6881    35.3952    35.3982    22.4646    22.4672    1546.33    191.347    192.073         49 0.0000e+00
      10240    426.636     21.852     22.000    28.6880    28.6885   5.754582   5.754880     3.1294     2.6637     100.03   28.51664  -86.20312    0.00109    0.00258     4.3869     4.4002    28.6827    28.6832    35.4009    35.4026    22.4710    22.4720    1543.61    191.612    192.192         47 0.0000e+00
      10290    428.707     22.845     23.000    28.6836    28.6859   5.754959   5.755546     3.1312     2.6632      91.65   28.51664  -86.20312    0.00103   -0.00041     4.3909     4.3996    28.6780    28.6804    35.4065    35.4088    22.4767    22.4777    1543.61    191.787    192.169         52 0.0000e+00
      10340    430.789     23.838     24.000    28.6780    28.6799   5.754387   5.754880     3.1343     2.6647      87.01   28.51664  -86.20312    0.00140    0.00009     4.3975     4.4037    28.6723    28.6741    35.4063    35.4084    22.4785    22.4794    1543.61    192.073    192.345         48 0.0000e+00
      10388    432.778     24.831     25.000    28.6790    28.6836   5.754979   5.755623     3.1360     2.6684      99.91   28.51664  -86.20312    0.00095    0.00148     4.4006     4.4113    28.6730    28.6776    35.4089    35.4105    22.4802    22.4799    1543.61    192.212    192.675         49 0.0000e+00
      10439    434.913     25.825     26.000    28.6827    28.6886   5.755752   5.756697     3.1324     2.6631     100.00   28.51664  -86.20312   -0.00026   -0.00056     4.3947     4.4008    28.6764    28.6823    35.4118    35.4150    22.4812    22.4817    1543.62    191.950    192.217         52 0.0000e+00
      10488    436.965     26.818     27.000    28.6883    28.6887   5.757481   5.757562     3.1271     2.6573     100.00   28.51664  -86.20312   -0.00223   -0.00230     4.3848     4.3894    28.6818    28.6822    35.4193    35.4194    22.4851    22.4850    1543.62    191.521    191.720         47 0.0000e+00
      10536    438.943     27.811     28.000    28.6938    28.6956   5.758864   5.759534     3.1210     2.6514     100.00   28.51664  -86.20312   -0.00341   -0.00362     4.3736     4.3772    28.6871    28.6889    35.4245    35.4278    22.4872    22.4891    1543.62    191.030    191.187         50 0.0000e+00
      10589    441.166     28.804     29.000    28.6945    28.6946   5.763463   5.764034     3.1120     2.6410     100.00   28.51664  -86.20312   -0.00264   -0.00316     4.3570     4.3561    28.6876    28.6876    35.4556    35.4595    22.5104    22.5133    1543.63    190.301    190.258         54 0.0000e+00
      10638    443.228     29.797     30.000    28.5822    28.5778   5.767234   5.767633     3.0981     2.6313     100.00   28.51664  -86.20312   -0.00672   -0.00527     4.3382     4.3426    28.5750    28.5706    35.5655    35.5716    22.6304    22.6364    1543.64    189.454    189.648         45 0.0000e+00
      10685    445.178     30.790     31.000    28.3191    28.3164   5.757256   5.757310     3.1244     2.6592     100.00   28.51664  -86.20312    0.00130    0.00212     4.4027     4.4155    28.3355    28.3093    35.6755    35.6754    22.7924    22.7920    1543.63    192.244    192.800         51 0.0000e+00
      10739    447.407     31.783     32.000    27.9928    27.9884   5.734391   5.734287     3.1889     2.7217      77.93   28.51664  -86.20312    0.02451    0.02538     4.5466     4.5657    27.9847    27.9809    35.7804    35.7831    22.9867    22.9901    1543.61    198.490    199.322         52 0.0000e+00
      10786    449.383     32.777     33.000    27.4970    27.4898   5.700789   5.700251     3.1679     2.6928      99.86   28.51664  -86.20311    0.01001    0.00633     4.5369     4.5298    27.4954    27.4822    35.9165    35.9178    23.2483    23.2515    1543.57    198.029    197.718         46 0.0000e+00
      10836    451.463     33.770     34.000    27.0373    27.0373   5.663739   5.663967     3.0535     2.5894     100.00   28.51664  -86.20310   -0.03925   -0.03956     4.3665     4.3597    27.0295    27.0295    36.0110    36.0126    23.4700    23.4712    1543.49    190.535    190.241         53 0.0000e+00
      10887    453.582     34.763     35.000    26.9344    26.9307   5.654938   5.654757     3.0453     2.5913      99.83   28.51664  -86.20310   -0.02071   -0.01228     4.3635     4.3721    26.9264    26.9227    36.0275    36.0290    23.5155    23.5178    1543.42    190.396    190.769         48 0.0000e+00
      10935    455.599     35.756     36.000    26.6829    26.6843   5.631359   5.631684     3.0342     2.5872      96.47   28.51664  -86.20309   -0.00494   -0.00065     4.3578     4.3809    26.6747    26.6761    36.0530    36.0543    23.6151    23.6156    1543.32    190.128    191.138         50 0.0000e+00
      10986    457.708     36.749     37.000    26.6335    26.6324   5.626810   5.626906     3.0282     2.5855      93.47   28.51664  -86.20308   -0.00402   -0.00116     4.3509     4.3813    26.6250    26.6240    36.0584    36.0600    23.6350    23.6365    1543.23    189.825    191.149         51 0.0000e+00
      11036    459.788     37.742     38.000    26.5313    26.5303   5.617020   5.617128     3.0199     2.5715      96.05   28.51664  -86.20308   -0.00329   -0.00401     4.3435     4.3602    26.5227    26.5217    36.0672    36.0687    23.6740    23.6755    1543.15    189.493    190.223         48 0.0000e+00
      11083    461.759     38.736     39.000    26.4026    26.4016   5.604514   5.604610     3.0092     2.5586      74.26   28.51664  -86.20307   -0.00455   -0.00671     4.3337     4.3424    26.3937    26.3928    36.0770    36.0784    23.7222    23.7236    1543.06    189.056    189.438         49 0.0000e+00
      11135    463.914     39.728     40.000    26.3022    26.3019   5.594766   5.594954     2.9965     2.5486      64.40   28.51665  -86.20307   -0.00581   -0.00577     4.3176     4.3296    26.2932    26.2929    36.0846    36.0861    23.7597    23.7610    1542.96    188.350    188.872         52 0.0000e+00
      11184    465.961     40.722     41.000    26.2528    26.2526   5.589935   5.590124     2.9897     2.5437      89.97   28.51666  -86.20308   -0.00495   -0.00309     4.3091     4.3234    26.2436    26.2434    36.0879    36.0894    23.7779    23.7791    1542.87    187.975    188.597         48 0.0000e+00
      11234    468.040     41.715     42.000    26.2130    26.2129   5.586034   5.586227     2.9843     2.5394      91.86   28.51666  -86.20307   -0.00251   -0.00229     4.3023     4.3176    26.2035    26.2035    36.0904    36.0919    23.7924    23.7935    1542.78    187.675    188.342         50 0.0000e+00
      11282    470.054     42.708     43.000    26.0776    26.0770   5.572246   5.572328     2.9772     2.5306      95.08   28.51666  -86.20306   -0.00322   -0.00287     4.2996     4.3098    26.0679    26.0674    36.0961    36.0972    23.8393    23.8403    1542.70    187.549    187.992         49 0.0000e+00
      11332    472.140     43.701     44.000    25.9088    25.9077   5.555080   5.555110     2.9662     2.5220      99.89   28.51666  -86.20306   -0.00455   -0.00468     4.2922     4.3040    25.8990    25.8978    36.1033    36.1044    23.8976    23.8988    1542.60    187.214    187.730         50 0.0000e+00
      11382    474.215     44.694     45.000    25.7766    25.7759   5.541759   5.541863     2.9561     2.5132      92.56   28.51666  -86.20306   -0.00502   -0.00411     4.2834     4.2953    25.7666    25.7659    36.1098    36.1111    23.9438    23.9450    1542.51    186.824    187.342         50 0.0000e+00
      11431    476.265     45.687     46.000    25.4859    25.4776   5.512592   5.511685     2.9452     2.5053      88.99   28.51666  -86.20306   -0.00448   -0.00373     4.2852     4.3004    25.4757    25.4674    36.1252    36.1250    24.0455    24.0480    1542.41    186.885    187.545         47 0.0000e+00
      11480    478.276     46.680     47.000    24.8285    24.8253   5.446440   5.446171     2.9235     2.4915     100.03   28.51666  -86.20304   -0.00881   -0.00586     4.2944     4.3187    24.8184    24.8152    36.1583    36.1588    24.2723    24.2736    1542.28    187.242    188.301         50 0.0000e+00
      11530    480.392     47.674     48.000    24.6859    24.6848   5.431903   5.431975     2.9258     2.4891     100.00   28.51666  -86.20304   -0.00425   -0.00355     4.3106     4.3242    24.6755    24.6744    36.1638    36.1652    24.3198    24.3212    1542.15    187.939    188.535         51 0.0000e+00
      11580    482.438     48.666     49.000    24.5192    24.5166   5.413428   5.413244     2.9209     2.4874      91.34   28.51666  -86.20302   -0.00001   -0.00096     4.3132     4.3327    24.5087    24.5061    36.1588    36.1596    24.3665    24.3678    1542.01    188.044    188.898         48 0.0000e+00
      11629    484.487     49.659     50.000    24.3740    24.3729   5.398180   5.398219     2.9072     2.4777     100.12   28.51668  -86.20302   -0.00510   -0.00265     4.2999     4.3240    24.3634    24.3622    36.1608    36.1621    24.4118    24.4131    1541.87    187.458    188.508         49 0.0000e+00
      11676    486.443     50.652     51.000    24.2378    24.2364   5.384128   5.384133     2.8883     2.4566     100.00   28.51668  -86.20302   -0.00714   -0.00714     4.2740     4.2888    24.2269    24.2255    36.1645    36.1657    24.4555    24.4568    1541.74    186.319    186.964         49 0.0000e+00
      11729    488.650     51.645     52.000    24.1244    24.1228   5.372884   5.372883     2.8623     2.4363      79.87   28.51668  -86.20302   -0.01154   -0.01061     4.2320     4.2532    24.1134    24.1118    36.1709    36.1722    24.4943    24.4958    1541.60    184.481    185.408         52 0.0000e+00
      11776    490.609     52.639     53.000    24.0327    24.0322   5.363721   5.363836     2.8433     2.4221      99.84   28.51668  -86.20302   -0.01070   -0.00834     4.2019     4.2292    24.0215    24.0210    36.1755    36.1768    24.5252    24.5263    1541.45    183.163    184.354         45 0.0000e+00
      11823    492.604     53.632     54.000    24.0072    24.0073   5.361553   5.361771     2.8351     2.4163     100.00   28.51668  -86.20302   -0.00735   -0.00479     4.1881     4.2188    23.9958    23.9959    36.1794    36.1810    24.5358    24.5370    1541.32    182.560    183.897         51 0.0000e+00
      11875    494.757     54.625     55.000    23.9688    23.9685   5.357731   5.357874     2.8307     2.4089     100.00   28.51668  -86.20302   -0.00253   -0.00273     4.1826     4.2059    23.9572    23.9568    36.1813    36.1826    24.5487    24.5498    1541.19    182.320    183.335         51 0.0000e+00
