Gulf of Mexico/GOMECC-4/1db/drb2103_0901.cnv
* Sea-Bird SBE 9 Data File:
* FileName = C:\Users\scs.user.rb\CTD\GOMECC4\data\rb2103_0901.hex
* Software Version Seasave V 7.26.7.107
* Temperature SN = 4799
* Conductivity SN = 3860
* Number of Bytes Per Scan = 41
* Number of Voltage Words = 4
* Number of Scans Averaged by the Deck Unit = 1
* NMEA Latitude = 22 00.00 N
* NMEA Longitude = 092 55.04 W
* NMEA UTC (Time) = Oct 09 2021  18:18:51
* NMEA baud rate = 4800
# nquan = 28
# nvalues = 407                         
# units = specified
# name 0 = scan: Scan Count
# name 1 = timeS: Time, Elapsed [seconds]
# name 2 = depSM: Depth [salt water, m]
# name 3 = prDM: Pressure, Digiquartz [db]
# name 4 = t090C: Temperature [ITS-90, deg C]
# name 5 = t190C: Temperature, 2 [ITS-90, deg C]
# name 6 = c0S/m: Conductivity [S/m]
# name 7 = c1S/m: Conductivity, 2 [S/m]
# name 8 = sbeox0V: Oxygen raw, SBE 43 [V]
# name 9 = sbeox1V: Oxygen raw, SBE 43, 2 [V]
# name 10 = altM: Altimeter [m]
# name 11 = latitude: Latitude [deg]
# name 12 = longitude: Longitude [deg]
# name 13 = sbox0dV/dT: Oxygen, SBE 43 [dov/dt]
# name 14 = sbox1dV/dT: Oxygen, SBE 43, 2 [dov/dt]
# name 15 = sbeox0ML/L: Oxygen, SBE 43 [ml/l], WS = 5
# name 16 = sbeox1ML/L: Oxygen, SBE 43, 2 [ml/l], WS = 5
# name 17 = potemp090C: Potential Temperature [ITS-90, deg C]
# name 18 = potemp190C: Potential Temperature, 2 [ITS-90, deg C]
# name 19 = sal00: Salinity, Practical [PSU]
# name 20 = sal11: Salinity, Practical, 2 [PSU]
# name 21 = sigma-é00: Density [sigma-theta, kg/m^3]
# name 22 = sigma-é11: Density, 2 [sigma-theta, kg/m^3]
# name 23 = avgsvCM: Average Sound Velocity [Chen-Millero, m/s], minP = 20, minS = 20
# name 24 = sbox0Mm/Kg: Oxygen, SBE 43 [umol/kg], WS = 5
# name 25 = sbox1Mm/Kg: Oxygen, SBE 43, 2 [umol/kg], WS = 5
# name 26 = nbin: number of scans per bin
# name 27 = flag: flag
# span 0 =      10799,      99786       
# span 1 =    449.917,   4157.715       
# span 2 =      6.956,   3245.202       
# span 3 =      7.000,   3291.000       
# span 4 =     4.2793,    29.6514       
# span 5 =     4.2797,    29.6518       
# span 6 =   3.347456,   5.994557       
# span 7 =   3.347417,   5.994600       
# span 8 =     1.5666,     3.1507       
# span 9 =     1.2722,     2.6668       
# span 10 =      10.18,     101.35      
# span 11 =   21.99585,   22.00158      
# span 12 =  -92.92090,  -92.89936      
# span 13 =   -0.03609,    0.01408      
# span 14 =   -0.03530,    0.01325      
# span 15 =     2.3742,     4.6918      
# span 16 =     2.3915,     4.7092      
# span 17 =     4.0789,    29.6440      
# span 18 =     4.0799,    29.6442      
# span 19 =    34.9187,    36.4792      
# span 20 =    34.9184,    36.4801      
# span 21 =    22.7327,    27.7588      
# span 22 =    22.7334,    27.7576      
# span 23 =       0.00,    1556.94      
# span 24 =    103.323,    203.877      
# span 25 =    104.074,    204.633      
# span 26 =         30,         78      
# span 27 = 0.0000e+00, 0.0000e+00      
# interval = decibars: 1                
# start_time = Oct 09 2021 18:18:51 [NMEA time, header]
# bad_flag = -9.990e-29
*END*
[from data line 259]
      21575    898.927    297.915    300.000    12.9250    12.9259   4.170000   4.170064     1.6701     1.3640     100.00   22.00010  -92.91736   -0.00073   -0.00056     2.4414     2.4602    12.8835    12.8844    35.6442    35.6440    26.9157    26.9153    1521.56    106.173    106.992         30 0.0000e+00
      21607    900.247    298.907    301.000    12.8754    12.8759   4.164512   4.164435     1.6688     1.3623     100.00   22.00010  -92.91736   -0.00081   -0.00129     2.4408     2.4581    12.8338    12.8343    35.6374    35.6367    26.9204    26.9198    1521.51    106.147    106.899         35 0.0000e+00
      21645    901.820    299.899    302.000    12.7895    12.7885   4.154698   4.154531     1.6659     1.3605      70.20   22.00010  -92.91736   -0.00115   -0.00138     2.4390     2.4586    12.7480    12.7470    35.6244    35.6237    26.9275    26.9272    1521.45    106.072    106.921         37 0.0000e+00
      21737    905.680    302.876    305.000    12.7580    12.7582   4.150988   4.150953     1.6616     1.3553      99.99   21.99840  -92.91020   -0.00100   -0.00145     2.4307     2.4466    12.7161    12.7163    35.6166    35.6174    26.9277    26.9283    1521.17    105.710    106.401         37 0.0000e+00
      21778    907.369    303.869    306.000    12.7537    12.7543   4.150756   4.150836     1.6600     1.3543      56.70   22.00010  -92.91736   -0.00086   -0.00080     2.4271     2.4442    12.7117    12.7123    35.6186    35.6187    26.9302    26.9302    1521.24    105.549    106.297         38 0.0000e+00
      21838    909.870    305.853    308.000    12.6096    12.6124   4.134431   4.134666     1.6564     1.3510      99.99   21.99746  -92.90622   -0.00109   -0.00093     2.4270     2.4440    12.5677    12.5704    35.5962    35.5963    26.9414    26.9409    1520.94    105.546    106.285         32 0.0000e+00
      21877    911.520    306.845    309.000    12.5762    12.5775   4.130765   4.130936     1.6545     1.3495     100.00   22.00010  -92.91736   -0.00148   -0.00130     2.4241     2.4417    12.5342    12.5355    35.5924    35.5929    26.9452    26.9453    1521.07    105.419    106.185         42 0.0000e+00
      21914    913.057    307.838    310.000    12.5617    12.5639   4.130056   4.130198     1.6535     1.3487      46.72   22.00010  -92.91736   -0.00124   -0.00103     2.4224     2.4399    12.5196    12.5218    35.5894    35.5894    26.9458    26.9453    1521.03    105.347    106.105         30 0.0000e+00
      21972    915.439    309.822    312.000    12.5537    12.5545   4.127984   4.128099     1.6517     1.3469      99.99   21.99764  -92.90697   -0.00069   -0.00062     2.4191     2.4366    12.5113    12.5121    35.5848    35.5851    26.9436    26.9437    1520.74    105.202    105.963         37 0.0000e+00
      22012    917.142    310.814    313.000    12.5542    12.5556   4.128423   4.128599     1.6510     1.3469     100.00   22.00010  -92.91736   -0.00057   -0.00049     2.4173     2.4368    12.5117    12.5131    35.5889    35.5893    26.9469    26.9470    1520.86    105.125    105.973         38 0.0000e+00
      22046    918.546    311.807    314.000    12.5410    12.5428   4.126994   4.127184     1.6502     1.3463     100.00   22.00010  -92.91736   -0.00050   -0.00024     2.4165     2.4361    12.4984    12.5002    35.5872    35.5873    26.9482    26.9480    1520.81    105.090    105.940         30 0.0000e+00
      22075    919.764    312.799    315.000    12.5120    12.5137   4.123802   4.123968     1.6493     1.3458     100.00   22.00010  -92.91736   -0.00058   -0.00032     2.4161     2.4367    12.4693    12.4710    35.5833    35.5833    26.9510    26.9506    1520.76    105.072    105.968         31 0.0000e+00
      22110    921.197    313.791    316.000    12.4671    12.4688   4.118779   4.118955     1.6487     1.3451     100.00   22.00010  -92.91736   -0.00063   -0.00041     2.4172     2.4370    12.4244    12.4261    35.5767    35.5768    26.9547    26.9544    1520.71    105.119    105.980         37 0.0000e+00
      22147    922.732    314.784    317.000    12.4504    12.4513   4.116897   4.117005     1.6479     1.3440     100.00   22.00010  -92.91738   -0.00056   -0.00056     2.4166     2.4357    12.4076    12.4084    35.5741    35.5743    26.9559    26.9559    1520.65    105.093    105.924         34 0.0000e+00
      22178    924.021    315.776    318.000    12.4389    12.4402   4.115619   4.115772     1.6473     1.3432     100.00   22.00011  -92.91738   -0.00046   -0.00067     2.4160     2.4345    12.3960    12.3972    35.5722    35.5724    26.9567    26.9567    1520.60    105.067    105.869         31 0.0000e+00
      22211    925.402    316.768    319.000    12.4021    12.4087   4.112180   4.112525     1.6465     1.3423     100.00   22.00012  -92.91738   -0.00045   -0.00064     2.4160     2.4337    12.3591    12.3657    35.5663    35.5675    26.9594    26.9590    1520.56    105.065    105.835         36 0.0000e+00
      22248    926.958    317.760    320.000    12.3971    12.3978   4.110925   4.111052     1.6458     1.3420     100.00   22.00012  -92.91738   -0.00053   -0.00055     2.4152     2.4341    12.3540    12.3547    35.5657    35.5661    26.9599    26.9601    1520.49    105.031    105.852         35 0.0000e+00
      22307    929.412    319.745    322.000    12.3855    12.3863   4.109545   4.109644     1.6449     1.3418      99.99   21.99853  -92.91069   -0.00042   -0.00006     2.4142     2.4347    12.3422    12.3429    35.5616    35.5619    26.9589    26.9590    1520.28    104.987    105.881         32 0.0000e+00
      22346    931.025    320.737    323.000    12.3809    12.3824   4.109244   4.109433     1.6449     1.3415     100.00   22.00012  -92.91738   -0.00018   -0.00008     2.4147     2.4343    12.3375    12.3389    35.5632    35.5636    26.9612    26.9613    1520.34    105.011    105.863         41 0.0000e+00
      22382    932.556    321.729    324.000    12.3766    12.3763   4.108631   4.108660     1.6443     1.3406     100.00   22.00012  -92.91738   -0.00015   -0.00037     2.4137     2.4327    12.3330    12.3327    35.5625    35.5624    26.9616    26.9616    1520.29    104.967    105.790         32 0.0000e+00
      22412    933.805    322.721    325.000    12.3660    12.3671   4.107666   4.107875     1.6439     1.3400     100.00   22.00012  -92.91738   -0.00036   -0.00056     2.4135     2.4315    12.3223    12.3234    35.5606    35.5609    26.9622    26.9622    1520.24    104.957    105.741         30 0.0000e+00
      22444    935.130    323.714    326.000    12.3650    12.3651   4.107548   4.107558     1.6437     1.3405     100.00   22.00012  -92.91738   -0.00033   -0.00025     2.4134     2.4335    12.3211    12.3213    35.5605    35.5605    26.9623    26.9623    1520.19    104.951    105.828         34 0.0000e+00
      22479    936.578    324.706    327.000    12.3619    12.3610   4.107088   4.107108     1.6433     1.3402     100.00   22.00012  -92.91738   -0.00021    0.00005     2.4129     2.4332    12.3179    12.3170    35.5599    35.5598    26.9625    26.9626    1520.15    104.931    105.815         34 0.0000e+00
      22512    937.963    325.698    328.000    12.3519    12.3505   4.106196   4.106080     1.6431     1.3394     100.00   22.00012  -92.91738   -0.00018   -0.00018     2.4131     2.4319    12.3078    12.3064    35.5583    35.5582    26.9632    26.9634    1520.10    104.939    105.756         33 0.0000e+00
      22546    939.378    326.690    329.000    12.3315    12.3315   4.103882   4.103828     1.6425     1.3391     100.00   22.00012  -92.91738   -0.00024   -0.00038     2.4132     2.4323    12.2873    12.2873    35.5555    35.5550    26.9650    26.9646    1520.04    104.942    105.772         35 0.0000e+00
      22581    940.833    327.682    330.000    12.3014    12.3024   4.100514   4.100621     1.6416     1.3383     100.00   22.00012  -92.91738   -0.00042   -0.00039     2.4128     2.4319    12.2572    12.2581    35.5509    35.5510    26.9673    26.9672    1519.99    104.927    105.757         34 0.0000e+00
      22613    942.182    328.675    331.000    12.2939    12.2945   4.099688   4.099758     1.6410     1.3382     100.00   22.00012  -92.91738   -0.00053   -0.00040     2.4121     2.4324    12.2495    12.2502    35.5496    35.5496    26.9678    26.9677    1519.95    104.894    105.778         32 0.0000e+00
      22646    943.544    329.667    332.000    12.2854    12.2870   4.098750   4.098911     1.6406     1.3373     100.00   22.00012  -92.91738   -0.00044   -0.00034     2.4119     2.4305    12.2409    12.2425    35.5481    35.5482    26.9684    26.9681    1519.90    104.885    105.695         34 0.0000e+00
      22682    945.025    330.659    333.000    12.2567    12.2583   4.095566   4.095715     1.6400     1.3365     100.00   22.00012  -92.91738   -0.00035   -0.00050     2.4123     2.4304    12.2122    12.2138    35.5440    35.5439    26.9707    26.9703    1519.85    104.905    105.693         35 0.0000e+00
      22714    946.364    331.651    334.000    12.2271    12.2298   4.092240   4.092516     1.6395     1.3358     100.00   22.00012  -92.91738   -0.00038   -0.00061     2.4130     2.4300    12.1825    12.1852    35.5393    35.5394    26.9729    26.9724    1519.80    104.933    105.674         30 0.0000e+00
      22744    947.613    332.643    335.000    12.1684    12.1705   4.085655   4.085863     1.6383     1.3357     100.00   22.00012  -92.91738   -0.00051   -0.00044     2.4136     2.4334    12.1238    12.1259    35.5305    35.5305    26.9774    26.9770    1519.75    104.960    105.821         32 0.0000e+00
      22781    949.161    333.635    336.000    12.1381    12.1405   4.082200   4.082447     1.6373     1.3350     100.00   22.00012  -92.91738   -0.00075   -0.00029     2.4130     2.4334    12.0934    12.0959    35.5252    35.5253    26.9792    26.9788    1519.70    104.934    105.822         39 0.0000e+00
      22816    950.612    334.627    337.000    12.0979    12.1010   4.077809   4.078133     1.6369     1.3338     100.00   22.00012  -92.91738   -0.00064   -0.00049     2.4145     2.4328    12.0532    12.0563    35.5202    35.5204    26.9830    26.9826    1519.65    104.998    105.792         30 0.0000e+00
      22898    954.047    337.604    340.000    12.0150    12.0182   4.068553   4.068881     1.6343     1.3308     100.00   21.99976  -92.91586   -0.00058   -0.00082     2.4130     2.4293    11.9701    11.9733    35.5063    35.5058    26.9882    26.9873    1519.48    104.930    105.641         34 0.0000e+00
      22931    955.407    338.596    341.000    11.9824    11.9842   4.064865   4.065046     1.6324     1.3290     100.00   22.00012  -92.91740   -0.00110   -0.00096     2.4108     2.4267    11.9375    11.9392    35.5019    35.5020    26.9911    26.9908    1519.46    104.836    105.527         30 0.0000e+00
      25820   1075.778    453.651    457.000     9.6648     9.6659   3.815212   3.815310     1.5705     1.2742     100.00   22.00069  -92.91983   -0.00006   -0.00010     2.4166     2.4353     9.6121     9.6131    35.1796    35.1796    27.1582    27.1580    1514.30    105.074    105.886         31 0.0000e+00
      25939   1080.765    458.610    462.000     9.6082     9.6102   3.809258   3.809431     1.5689     1.2724     100.00   21.99957  -92.91509   -0.00033   -0.00037     2.4171     2.4349     9.5551     9.5571    35.1710    35.1708    27.1609    27.1604    1514.03    105.095    105.869         31 0.0000e+00
      28040   1168.288    542.875    547.000     8.6255     8.6274   3.709552   3.709696     1.5676     1.2722      92.43   22.00041  -92.91875    0.00011    0.00002     2.5028     2.5225     8.5663     8.5682    35.0576    35.0573    27.2322    27.2317    1511.08    108.811    109.667         30 0.0000e+00
      28158   1173.229    547.830    552.000     8.4967     8.4981   3.696235   3.696352     1.5666     1.2725     100.00   21.99932  -92.91411   -0.00019    0.00030     2.5099     2.5334     8.4375     8.4389    35.0417    35.0416    27.2398    27.2395    1510.84    109.120    110.142         30 0.0000e+00
      33152   1381.312    746.952    753.000     6.5935     6.5939   3.517833   3.517841     1.6629     1.3615     100.00   22.00009  -92.91737    0.00055    0.00041     3.0180     3.0410     6.5225     6.5229    34.9234    34.9231    27.4237    27.4234    1505.53    131.184    132.185         30 0.0000e+00
      33275   1386.427    751.902    758.000     6.5506     6.5517   3.514150   3.514207     1.6639     1.3636     100.00   21.99993  -92.91669    0.00022    0.00024     3.0266     3.0534     6.4793     6.4804    34.9237    34.9232    27.4298    27.4292    1505.42    131.558    132.723         30 0.0000e+00
      33428   1392.798    757.843    764.000     6.4968     6.4974   3.509481   3.509510     1.6686     1.3680     100.00   22.00019  -92.91781    0.00067    0.00062     3.0486     3.0760     6.4253     6.4259    34.9224    34.9221    27.4359    27.4356    1505.31    132.513    133.704         31 0.0000e+00
      33548   1397.794    762.794    769.000     6.4890     6.4890   3.508816   3.508791     1.6729     1.3711     100.00   21.99947  -92.91477    0.00090    0.00053     3.0648     3.0890     6.4170     6.4171    34.9218    34.9215    27.4365    27.4362    1505.15    133.218    134.271         31 0.0000e+00
      34103   1420.896    784.575    791.000     6.3209     6.3219   3.494270   3.494325     1.6886     1.3861     100.00   22.00008  -92.91744    0.00095    0.00101     3.1382     3.1643     6.2478     6.2488    34.9194    34.9190    27.4570    27.4565    1504.74    136.408    137.541         30 0.0000e+00
      36048   1501.971    861.781    869.000     5.7589     5.7592   3.446245   3.446246     1.7516     1.4444      89.21   21.99996  -92.91690    0.00008    0.00007     3.4288     3.4549     5.6817     5.6820    34.9187    34.9184    27.5287    27.5284    1503.23    149.027    150.163         30 0.0000e+00
      36727   1530.242    888.499    896.000     5.6232     5.6237   3.435443   3.435450     1.7675     1.4589     100.00   22.00086  -92.92067    0.00079    0.00063     3.5067     3.5324     5.5444     5.5449    34.9229    34.9225    27.5490    27.5486    1502.83    152.411    153.529         30 0.0000e+00
      39745   1656.019   1008.195   1017.000     5.1879     5.1879   3.402087   3.402055     1.8291     1.5154      96.34   22.00003  -92.91726    0.00010    0.00002     3.8174     3.8418     5.1009     5.1009    34.9330    34.9326    27.6104    27.6101    1501.00    165.906    166.965         30 0.0000e+00
      39872   1661.282   1013.140   1022.000     5.1741     5.1743   3.401113   3.401080     1.8302     1.5168      99.90   22.00021  -92.91800    0.00014    0.00026     3.8251     3.8509     5.0867     5.0869    34.9337    34.9331    27.6125    27.6121    1500.95    166.240    167.362         30 0.0000e+00
      40072   1669.635   1021.051   1030.000     5.1470     5.1472   3.398949   3.398935     1.8332     1.5205     100.00   21.99936  -92.91446    0.00044    0.00048     3.8423     3.8716     5.0591     5.0593    34.9329    34.9326    27.6152    27.6149    1500.79    166.986    168.257         30 0.0000e+00
      40198   1674.857   1025.995   1035.000     5.1379     5.1397   3.398515   3.398562     1.8353     1.5214     100.00   21.99955  -92.91523    0.00035    0.00009     3.8532     3.8781     5.0496     5.0514    34.9337    34.9330    27.6169    27.6162    1500.75    167.460    168.543         32 0.0000e+00
      41418   1725.695   1073.455   1083.000     4.9488     4.9492   3.383974   3.383973     1.8592     1.5452      57.23   22.00014  -92.91782    0.00077    0.00076     3.9809     4.0132     4.8576     4.8580    34.9406    34.9402    27.6447    27.6443    1500.23    173.002    174.406         30 0.0000e+00
