Gulf of Mexico/GOMECC-4/1db/drb2103_0341.cnv
* Sea-Bird SBE 9 Data File:
* FileName = C:\Users\scs.user.rb\CTD\GOMECC4\data\rb2103_0341.hex
* Software Version Seasave V 7.26.7.107
* Temperature SN = 4799
* Conductivity SN = 3860
* Number of Bytes Per Scan = 41
* Number of Voltage Words = 4
* Number of Scans Averaged by the Deck Unit = 1
* NMEA Latitude = 29 03.10 N
* NMEA Longitude = 087 31.28 W
* NMEA UTC (Time) = Sep 24 2021  06:51:00
* NMEA baud rate = 4800
# nquan = 28
# nvalues = 303                         
# units = specified
# name 0 = scan: Scan Count
# name 1 = timeS: Time, Elapsed [seconds]
# name 2 = depSM: Depth [salt water, m]
# name 3 = prDM: Pressure, Digiquartz [db]
# name 4 = t090C: Temperature [ITS-90, deg C]
# name 5 = t190C: Temperature, 2 [ITS-90, deg C]
# name 6 = c0S/m: Conductivity [S/m]
# name 7 = c1S/m: Conductivity, 2 [S/m]
# name 8 = sbeox0V: Oxygen raw, SBE 43 [V]
# name 9 = sbeox1V: Oxygen raw, SBE 43, 2 [V]
# name 10 = altM: Altimeter [m]
# name 11 = latitude: Latitude [deg]
# name 12 = longitude: Longitude [deg]
# name 13 = sbox0dV/dT: Oxygen, SBE 43 [dov/dt]
# name 14 = sbox1dV/dT: Oxygen, SBE 43, 2 [dov/dt]
# name 15 = sbeox0ML/L: Oxygen, SBE 43 [ml/l], WS = 5
# name 16 = sbeox1ML/L: Oxygen, SBE 43, 2 [ml/l], WS = 5
# name 17 = potemp090C: Potential Temperature [ITS-90, deg C]
# name 18 = potemp190C: Potential Temperature, 2 [ITS-90, deg C]
# name 19 = sal00: Salinity, Practical [PSU]
# name 20 = sal11: Salinity, Practical, 2 [PSU]
# name 21 = sigma-é00: Density [sigma-theta, kg/m^3]
# name 22 = sigma-é11: Density, 2 [sigma-theta, kg/m^3]
# name 23 = avgsvCM: Average Sound Velocity [Chen-Millero, m/s], minP = 20, minS = 20
# name 24 = sbox0Mm/Kg: Oxygen, SBE 43 [umol/kg], WS = 5
# name 25 = sbox1Mm/Kg: Oxygen, SBE 43, 2 [umol/kg], WS = 5
# name 26 = nbin: number of scans per bin
# name 27 = flag: flag
# span 0 =      15130,      58622       
# span 1 =    630.395,   2442.545       
# span 2 =      3.973,   1483.574       
# span 3 =      4.000,   1499.000       
# span 4 =     4.2937,    28.2570       
# span 5 =     4.2941,    28.2482       
# span 6 =   3.344506,   5.744590       
# span 7 =   3.344471,   5.744817       
# span 8 =     1.6160,     3.1308       
# span 9 =     1.3214,     2.6627       
# span 10 =       9.61,     100.48      
# span 11 =   29.04600,   29.05357      
# span 12 =  -87.52572,  -87.50285      
# span 13 =   -0.03711,    0.01992      
# span 14 =   -0.03609,    0.02013      
# span 15 =     2.6236,     4.6551      
# span 16 =     2.6492,     4.7023      
# span 17 =     4.1706,    28.2612      
# span 18 =     4.1710,    28.2436      
# span 19 =    34.0905,    36.4882      
# span 20 =    34.0913,    36.4895      
# span 21 =    21.8255,    27.7427      
# span 22 =    21.8250,    27.7420      
# span 23 =       0.00,    1562.34      
# span 24 =    114.177,    202.284      
# span 25 =    115.293,    204.338      
# span 26 =         30,         79      
# span 27 = 0.0000e+00, 0.0000e+00      
# interval = decibars: 1                
# start_time = Sep 24 2021 06:51:00 [NMEA time, header]
# bad_flag = -9.990e-29
*END*
[from data line 104]
      20149    839.494    110.223    111.000    19.4137    19.4297   4.913408   4.915236     1.9680     1.6329      46.70   29.05228  -87.52178   -0.00151   -0.00160     2.7132     2.7369    19.3935    19.4095    36.4656    36.4669    26.0399    26.0367    1533.54    118.095    119.130         34 0.0000e+00
      20182    840.878    111.216    112.000    19.3488    19.3506   4.906626   4.906986     1.9575     1.6233      82.63   29.05228  -87.52178   -0.00380   -0.00416     2.6940     2.7184    19.3284    19.3303    36.4655    36.4668    26.0568    26.0573    1533.46    117.260    118.319         32 0.0000e+00
      20213    842.185    112.209    113.000    19.3115    19.3134   4.902855   4.903196     1.9530     1.6203      99.96   29.05228  -87.52178   -0.00596   -0.00547     2.6867     2.7134    19.2910    19.2928    36.4662    36.4674    26.0671    26.0675    1533.36    116.939    118.101         32 0.0000e+00
      20247    843.579    113.201    114.000    19.1977    19.2008   4.890623   4.891050     1.9489     1.6164     100.00   29.05228  -87.52178   -0.00431   -0.00348     2.6841     2.7102    19.1771    19.1801    36.4633    36.4642    26.0943    26.0943    1533.27    116.823    117.960         35 0.0000e+00
      20280    844.946    114.194    115.000    19.1403    19.1409   4.884515   4.884749     1.9403     1.6076     100.00   29.05228  -87.52178   -0.00373   -0.00347     2.6687     2.6925    19.1195    19.1201    36.4621    36.4635    26.1084    26.1093    1533.18    116.152    117.186         30 0.0000e+00
      20337    847.317    116.179    117.000    19.1084    19.1077   4.880556   4.880617     1.9319     1.6026      99.98   29.04600  -87.50285   -0.00445   -0.00343     2.6528     2.6828    19.0873    19.0865    36.4534    36.4546    26.1094    26.1105    1532.66    115.460    116.764         35 0.0000e+00
      20376    848.959    117.172    118.000    19.0295    19.0321   4.872566   4.872967     1.9288     1.5963     100.00   29.05228  -87.52178   -0.00259   -0.00225     2.6503     2.6719    19.0083    19.0108    36.4580    36.4591    26.1339    26.1341    1532.90    115.349    116.288         34 0.0000e+00
      20408    850.275    118.165    119.000    18.8658    18.8673   4.854584   4.854826     1.9178     1.5871      99.90   29.05228  -87.52178   -0.00334   -0.00416     2.6367     2.6589    18.8445    18.8460    36.4503    36.4510    26.1701    26.1702    1532.82    114.753    115.719         30 0.0000e+00
      20438    851.547    119.158    120.000    18.7635    18.7662   4.843322   4.843747     1.9122     1.5827     100.00   29.05228  -87.52178   -0.00532   -0.00536     2.6290     2.6533    18.7421    18.7448    36.4451    36.4463    26.1923    26.1925    1532.72    114.414    115.474         32 0.0000e+00
      20471    852.906    120.150    121.000    18.6719    18.6750   4.833496   4.833945     1.9073     1.5789     100.00   29.05228  -87.52178   -0.00567   -0.00462     2.6236     2.6492    18.6504    18.6535    36.4425    36.4435    26.2137    26.2137    1532.63    114.177    115.293         32 0.0000e+00
      20502    854.196    121.143    122.000    18.5756    18.5774   4.822723   4.823069     1.9094     1.5828     100.00   29.05228  -87.52178   -0.00331   -0.00213     2.6336     2.6641    18.5540    18.5559    36.4359    36.4372    26.2331    26.2337    1532.53    114.611    115.936         30 0.0000e+00
      20533    855.507    122.135    123.000    18.5231    18.5246   4.816799   4.817103     1.9095     1.5822      87.10   29.05228  -87.52178   -0.00012    0.00070     2.6371     2.6657    18.5014    18.5028    36.4317    36.4330    26.2433    26.2439    1532.43    114.763    116.007         34 0.0000e+00
      20569    857.000    123.129    124.000    18.4780    18.4797   4.811748   4.812082     1.9057     1.5776      96.92   29.05228  -87.52178   -0.00017   -0.00028     2.6314     2.6572    18.4562    18.4579    36.4283    36.4296    26.2521    26.2527    1532.35    114.512    115.635         36 0.0000e+00
      20660    860.777    126.106    127.000    18.3319    18.3333   4.795460   4.795748     1.9014     1.5759      97.46   29.05036  -87.51600   -0.00135   -0.00080     2.6310     2.6617    18.3097    18.3111    36.4172    36.4184    26.2803    26.2809    1531.97    114.491    115.827         35 0.0000e+00
      20696    862.279    127.099    128.000    18.3085    18.3099   4.792925   4.793234     1.9034     1.5781      75.01   29.05228  -87.52178    0.00023    0.00089     2.6369     2.6684    18.2861    18.2875    36.4167    36.4181    26.2861    26.2868    1531.98    114.747    116.120         33 0.0000e+00
      20726    863.562    128.092    129.000    18.2191    18.2231   4.782514   4.783016     1.9015     1.5764      99.99   29.05228  -87.52178    0.00059    0.00106     2.6379     2.6693    18.1966    18.2006    36.4068    36.4076    26.3009    26.3006    1531.89    114.789    116.156         30 0.0000e+00
      20758    864.879    129.084    130.000    18.0819    18.0837   4.766930   4.767248     1.8960     1.5706     100.00   29.05228  -87.52178   -0.00134   -0.00133     2.6335     2.6628    18.0594    18.0611    36.3951    36.3962    26.3263    26.3267    1531.79    114.595    115.870         34 0.0000e+00
      20793    866.321    130.077    131.000    18.0507    18.0512   4.763650   4.763837     1.8930     1.5685     100.00   29.05228  -87.52178   -0.00310   -0.00302     2.6289     2.6596    18.0280    18.0285    36.3943    36.3955    26.3335    26.3343    1531.70    114.397    115.730         34 0.0000e+00
      20853    868.816    132.062    133.000    17.9480    17.9494   4.753295   4.753564     1.9156     1.5971     100.00   29.05103  -87.51796    0.00409    0.00598     2.6858     2.7359    17.9250    17.9264    36.3957    36.3967    26.3600    26.3605    1531.45    116.866    119.048         30 0.0000e+00
      20886    870.190    133.055    134.000    17.9148    17.9161   4.749656   4.749940     1.9469     1.6303     100.00   29.05230  -87.52178    0.01318    0.01547     2.7585     2.8199    17.8917    17.8930    36.3941    36.3954    26.3672    26.3679    1531.42    120.028    122.702         34 0.0000e+00
      20919    871.597    134.047    135.000    17.8760    17.8776   4.744925   4.745209     1.9710     1.6488     100.00   29.05230  -87.52178    0.01992    0.02013     2.8153     2.8681    17.8527    17.8543    36.3877    36.3887    26.3719    26.3723    1531.33    122.503    124.798         33 0.0000e+00
      20952    872.953    135.040    136.000    17.7977    17.7986   4.735217   4.735416     1.9756     1.6449     100.00   29.05230  -87.52178    0.01605    0.01287     2.8309     2.8636    17.7744    17.7752    36.3735    36.3744    26.3804    26.3810    1531.24    123.177    124.602         32 0.0000e+00
      20983    874.241    136.033    137.000    17.7757    17.7771   4.732839   4.733142     1.9604     1.6255     100.00   29.05230  -87.52178    0.00460   -0.00178     2.7981     2.8171    17.7522    17.7536    36.3723    36.3736    26.3850    26.3857    1531.15    121.753    122.579         31 0.0000e+00
      21014    875.547    137.025    138.000    17.7468    17.7481   4.729589   4.729855     1.9502     1.6195     100.00   29.05230  -87.52178   -0.00696   -0.00940     2.7772     2.8042    17.7231    17.7245    36.3697    36.3708    26.3902    26.3906    1531.06    120.843    122.016         32 0.0000e+00
      21047    876.932    138.018    139.000    17.6926    17.6933   4.723683   4.723876     1.9482     1.6198     100.00   29.05230  -87.52178   -0.00759   -0.00640     2.7762     2.8084    17.6688    17.6696    36.3668    36.3677    26.4013    26.4019    1530.97    120.797    122.199         34 0.0000e+00
      21081    878.319    139.010    140.000    17.6703    17.6711   4.721263   4.721492     1.9560     1.6335     100.00   29.05230  -87.52178   -0.00099    0.00157     2.7954     2.8439    17.6464    17.6472    36.3653    36.3666    26.4057    26.4065    1530.88    121.629    123.739         32 0.0000e+00
      21112    879.617    140.003    141.000    17.6336    17.6352   4.717157   4.717402     1.9694     1.6428     100.00   29.05230  -87.52178    0.00614    0.00704     2.8341     2.8713    17.6095    17.6111    36.3623    36.3630    26.4124    26.4126    1530.82    123.314    124.933         30 0.0000e+00
      21142    880.893    140.996    142.000    17.5907    17.5916   4.712512   4.712724     1.9781     1.6535     100.00   29.05230  -87.52178    0.00778    0.00822     2.8510     2.8988    17.5666    17.5674    36.3601    36.3612    26.4213    26.4219    1530.71    124.046    126.126         32 0.0000e+00
      21175    882.255    141.988    143.000    17.5829    17.5837   4.711785   4.711977     1.9976     1.6731     100.00   29.05230  -87.52178    0.00925    0.00948     2.8960     2.9483    17.5585    17.5593    36.3604    36.3614    26.4235    26.4241    1530.62    126.008    128.281         34 0.0000e+00
      21209    883.679    142.981    144.000    17.5743    17.5752   4.711003   4.711204     2.0144     1.6870     100.00   29.05230  -87.52178    0.01226    0.01214     2.9350     2.9838    17.5498    17.5506    36.3610    36.3619    26.4261    26.4266    1530.54    127.701    129.826         34 0.0000e+00
      21242    885.061    143.973    145.000    17.5442    17.5448   4.707806   4.707938     2.0258     1.6976      98.49   29.05230  -87.52178    0.01172    0.01028     2.9631     3.0122    17.5195    17.5201    36.3598    36.3605    26.4326    26.4329    1530.46    128.923    131.060         31 0.0000e+00
      21300    887.455    145.958    147.000    17.4431    17.4412   4.695524   4.695392     2.0469     1.7158      99.99   29.04879  -87.51121    0.00884    0.00813     3.0178     3.0639    17.4182    17.4163    36.3422    36.3426    26.4435    26.4442    1530.10    131.305    133.309         32 0.0000e+00
      21336    888.970    146.951    148.000    17.4105    17.4110   4.692034   4.692198     2.0511     1.7170     100.00   29.05230  -87.52178    0.00700    0.00525     3.0303     3.0699    17.3855    17.3859    36.3417    36.3427    26.4514    26.4520    1530.21    131.848    133.570         36 0.0000e+00
      21371    890.397    147.944    149.000    17.3957    17.3967   4.690336   4.690562     2.0523     1.7183      93.80   29.05230  -87.52178    0.00316    0.00160     3.0344     3.0745    17.3705    17.3716    36.3398    36.3408    26.4536    26.4541    1530.12    132.022    133.767         32 0.0000e+00
      21428    892.791    149.929    151.000    17.3219    17.3225   4.681133   4.681266     2.0524     1.7178      99.99   29.04820  -87.50943    0.00067    0.00037     3.0403     3.0787    17.2964    17.2970    36.3236    36.3243    26.4588    26.4591    1529.74    132.280    133.949         31 0.0000e+00
      21465    894.320    150.921    152.000    17.2635    17.2641   4.674716   4.674861     2.0501     1.7160     100.00   29.05230  -87.52178   -0.00052   -0.00055     3.0392     3.0783    17.2379    17.2385    36.3214    36.3221    26.4716    26.4720    1529.88    132.231    133.930         36 0.0000e+00
      21500    895.789    151.914    153.000    17.2109    17.2114   4.668612   4.668777     2.0495     1.7154     100.00   29.05230  -87.52178   -0.00138   -0.00100     3.0417     3.0805    17.1852    17.1858    36.3151    36.3160    26.4795    26.4801    1529.79    132.337    134.025         33 0.0000e+00
      21531    897.067    152.906    154.000    17.1772    17.1776   4.664578   4.664649     2.0494     1.7157      99.80   29.05230  -87.52178   -0.00067   -0.00057     3.0441     3.0838    17.1514    17.1518    36.3097    36.3100    26.4836    26.4837    1529.72    132.441    134.170         30 0.0000e+00
      21560    898.303    153.899    155.000    17.0855    17.0869   4.653489   4.653703     2.0464     1.7127     100.00   29.05230  -87.52178   -0.00049   -0.00031     3.0436     3.0824    17.0597    17.0610    36.2949    36.2955    26.4943    26.4945    1529.64    132.420    134.108         30 0.0000e+00
      21592    899.609    154.891    156.000    17.0070    17.0075   4.643975   4.644097     2.0372     1.7018     100.00   29.05230  -87.52178   -0.00231   -0.00229     3.0282     3.0603    16.9810    16.9815    36.2820    36.2826    26.5032    26.5036    1529.55    131.748    133.144         33 0.0000e+00
      21626    901.042    155.884    157.000    16.9445    16.9458   4.636413   4.636671     2.0237     1.6863      90.20   29.05230  -87.52178   -0.00676   -0.00798     3.0016     3.0257    16.9184    16.9198    36.2716    36.2726    26.5103    26.5107    1529.47    130.590    131.637         35 0.0000e+00
      21659    902.414    156.876    158.000    16.9011    16.9023   4.631166   4.631394     2.0114     1.6735      75.45   29.05230  -87.52178   -0.00880   -0.00993     2.9763     2.9966    16.8750    16.8761    36.2642    36.2652    26.5150    26.5155    1529.39    129.490    130.371         31 0.0000e+00
      21689    903.671    157.869    159.000    16.8507    16.8520   4.625052   4.625274     2.0000     1.6635      99.69   29.05230  -87.52178   -0.00910   -0.00937     2.9538     2.9747    16.8244    16.8257    36.2556    36.2564    26.5204    26.5207    1529.31    128.508    129.417         30 0.0000e+00
      21721    904.998    158.861    160.000    16.7992    16.8007   4.618814   4.619094     1.9898     1.6538     100.00   29.05230  -87.52178   -0.00870   -0.00826     2.9339     2.9537    16.7728    16.7743    36.2468    36.2479    26.5260    26.5265    1529.23    127.642    128.504         33 0.0000e+00
      21755    906.409    159.854    161.000    16.7221    16.7210   4.609636   4.609543     1.9789     1.6440     100.00   29.05230  -87.52178   -0.00805   -0.00732     2.9141     2.9342    16.6956    16.6945    36.2352    36.2354    26.5354    26.5358    1529.14    126.781    127.653         34 0.0000e+00
      21788    907.778    160.846    162.000    16.6386    16.6408   4.599817   4.600149     1.9676     1.6345      93.73   29.05230  -87.52178   -0.00779   -0.00704     2.8936     2.9154    16.6120    16.6142    36.2237    36.2247    26.5463    26.5466    1529.06    125.887    126.835         32 0.0000e+00
      21819    909.063    161.839    163.000    16.5943    16.5968   4.594479   4.594858     1.9576     1.6262     100.00   29.05230  -87.52178   -0.00798   -0.00687     2.8735     2.8974    16.5677    16.5702    36.2162    36.2173    26.5510    26.5513    1528.98    125.010    126.049         30 0.0000e+00
      21849    910.346    162.832    164.000    16.5584    16.5593   4.590194   4.590392     1.9484     1.6188     100.00   29.05230  -87.52178   -0.00785   -0.00641     2.8549     2.8813    16.5316    16.5326    36.2104    36.2113    26.5551    26.5556    1528.90    124.200    125.352         32 0.0000e+00
      21881    911.673    163.824    165.000    16.5369    16.5384   4.587560   4.587822     1.9398     1.6116     100.00   29.05230  -87.52178   -0.00718   -0.00588     2.8365     2.8645    16.5100    16.5115    36.2061    36.2071    26.5569    26.5573    1528.82    123.403    124.620         32 0.0000e+00
      21914    913.046    164.816    166.000    16.4638    16.4634   4.579032   4.579188     1.9326     1.6055     100.00   29.05230  -87.52178   -0.00640   -0.00533     2.8242     2.8533    16.4368    16.4364    36.1965    36.1970    26.5667    26.5672    1528.74    122.863    124.130         33 0.0000e+00
      21947    914.428    165.809    167.000    16.4282    16.4285   4.574908   4.574995     1.9274     1.6021     100.00   29.05230  -87.52178   -0.00518   -0.00422     2.8150     2.8475    16.4011    16.4014    36.1918    36.1923    26.5714    26.5718    1528.65    122.466    123.878         33 0.0000e+00
