Gulf of Mexico/GOMECC-4/1db/drb2103_0131.cnv
* Sea-Bird SBE 9 Data File:
* FileName = C:\Users\scs.user.rb\CTD\GOMECC4\data\rb2103_0131.hex
* Software Version Seasave V 7.26.7.107
* Temperature SN = 4799
* Conductivity SN = 3860
* Number of Bytes Per Scan = 41
* Number of Voltage Words = 4
* Number of Scans Averaged by the Deck Unit = 1
* NMEA Latitude = 26 53.26 N
* NMEA Longitude = 084 39.99 W
* NMEA UTC (Time) = Sep 18 2021  19:15:07
* NMEA baud rate = 4800
# nquan = 28
# nvalues = 165                         
# units = specified
# name 0 = scan: Scan Count
# name 1 = timeS: Time, Elapsed [seconds]
# name 2 = depSM: Depth [salt water, m]
# name 3 = prDM: Pressure, Digiquartz [db]
# name 4 = t090C: Temperature [ITS-90, deg C]
# name 5 = t190C: Temperature, 2 [ITS-90, deg C]
# name 6 = c0S/m: Conductivity [S/m]
# name 7 = c1S/m: Conductivity, 2 [S/m]
# name 8 = sbeox0V: Oxygen raw, SBE 43 [V]
# name 9 = sbeox1V: Oxygen raw, SBE 43, 2 [V]
# name 10 = altM: Altimeter [m]
# name 11 = latitude: Latitude [deg]
# name 12 = longitude: Longitude [deg]
# name 13 = sbox0dV/dT: Oxygen, SBE 43 [dov/dt]
# name 14 = sbox1dV/dT: Oxygen, SBE 43, 2 [dov/dt]
# name 15 = sbeox0ML/L: Oxygen, SBE 43 [ml/l], WS = 5
# name 16 = sbeox1ML/L: Oxygen, SBE 43, 2 [ml/l], WS = 5
# name 17 = potemp090C: Potential Temperature [ITS-90, deg C]
# name 18 = potemp190C: Potential Temperature, 2 [ITS-90, deg C]
# name 19 = sal00: Salinity, Practical [PSU]
# name 20 = sal11: Salinity, Practical, 2 [PSU]
# name 21 = sigma-é00: Density [sigma-theta, kg/m^3]
# name 22 = sigma-é11: Density, 2 [sigma-theta, kg/m^3]
# name 23 = avgsvCM: Average Sound Velocity [Chen-Millero, m/s], minP = 20, minS = 20
# name 24 = sbox0Mm/Kg: Oxygen, SBE 43 [umol/kg], WS = 5
# name 25 = sbox1Mm/Kg: Oxygen, SBE 43, 2 [umol/kg], WS = 5
# name 26 = nbin: number of scans per bin
# name 27 = flag: flag
# span 0 =      15346,      23335       
# span 1 =    639.362,    972.263       
# span 2 =      4.967,    222.408       
# span 3 =      5.000,    224.000       
# span 4 =    13.2086,    28.7740       
# span 5 =    13.2138,    28.7754       
# span 6 =   4.198852,   5.785827       
# span 7 =   4.199342,   5.786125       
# span 8 =     1.7610,     3.2080       
# span 9 =     1.4541,     2.7463       
# span 10 =       3.33,     100.96      
# span 11 =   26.87716,   26.88773      
# span 12 =  -84.66701,  -84.63393      
# span 13 =   -0.04139,    0.00847      
# span 14 =   -0.03857,    0.00679      
# span 15 =     2.6316,     4.7436      
# span 16 =     2.6691,     4.7749      
# span 17 =    13.1772,    28.7669      
# span 18 =    13.1824,    28.7683      
# span 19 =    34.9642,    36.5852      
# span 20 =    34.9672,    36.5853      
# span 21 =    22.1258,    26.8880      
# span 22 =    22.1307,    26.8868      
# span 23 =       0.00,    1543.45      
# span 24 =    114.451,    206.877      
# span 25 =    116.080,    208.254      
# span 26 =         30,         70      
# span 27 = 0.0000e+00, 0.0000e+00      
# interval = decibars: 1                
# start_time = Sep 18 2021 19:15:07 [NMEA time, header]
# bad_flag = -9.990e-29
*END*
[from data line 104]
      19914    829.721    113.220    114.000    18.3272    18.3306   4.797492   4.797887     2.0407     1.7073     100.00   26.88740  -84.66620    0.00113    0.00090     2.9363     2.9774    18.3072    18.3106    36.4445    36.4448    26.3021    26.3015    1533.65    127.775    129.563         33 0.0000e+00
      19947    831.068    114.213    115.000    18.2988    18.3012   4.794185   4.794507     2.0395     1.7070     100.00   26.88740  -84.66620    0.00041   -0.00007     2.9358     2.9787    18.2787    18.2811    36.4411    36.4417    26.3067    26.3065    1533.54    127.750    129.618         32 0.0000e+00
      19978    832.357    115.206    116.000    18.2088    18.2158   4.783463   4.784146     2.0387     1.7056     100.00   26.88740  -84.66620   -0.00043   -0.00051     2.9402     2.9809    18.1886    18.1956    36.4309    36.4305    26.3214    26.3194    1533.43    127.940    129.715         30 0.0000e+00
      20008    833.618    116.199    117.000    18.0348    18.0526   4.763819   4.766372     2.0348     1.7016     100.00   26.88740  -84.66620   -0.00110   -0.00117     2.9406     2.9795    18.0145    18.0323    36.4126    36.4154    26.3509    26.3486    1533.34    127.954    129.649         31 0.0000e+00
      20042    835.034    117.192    118.000    18.0018    18.0101   4.759546   4.760616     2.0338     1.7016     100.00   26.88740  -84.66620   -0.00181   -0.00178     2.9426     2.9840    17.9814    17.9897    36.4077    36.4094    26.3554    26.3546    1533.18    128.041    129.845         38 0.0000e+00
      20081    836.683    118.184    119.000    17.9706    17.9735   4.755786   4.756181     2.0333     1.7010     100.00   26.88740  -84.66619   -0.00098   -0.00067     2.9439     2.9852    17.9501    17.9529    36.4028    36.4037    26.3594    26.3594    1533.06    128.096    129.894         37 0.0000e+00
      20163    840.097    121.163    122.000    17.8900    17.8922   4.744723   4.745089     2.0193     1.6854      99.96   26.87716  -84.63393   -0.00318   -0.00376     2.9188     2.9530    17.8690    17.8712    36.3740    36.3752    26.3563    26.3567    1532.13    127.006    128.491         39 0.0000e+00
      20213    842.146    122.156    123.000    17.8728    17.8747   4.743582   4.743833     2.0106     1.6777      84.14   26.88740  -84.66618   -0.00530   -0.00544     2.9005     2.9352    17.8516    17.8535    36.3836    36.3841    26.3691    26.3690    1532.61    126.207    127.719         40 0.0000e+00
      20298    845.694    125.134    126.000    17.6253    17.6322   4.715248   4.715907     2.0105     1.6840      57.28   26.88230  -84.65012   -0.00135    0.00193     2.9174     2.9652    17.6038    17.6109    36.3569    36.3571    26.4091    26.4078    1531.98    126.936    129.020         38 0.0000e+00
      20340    847.453    126.127    127.000    17.5517    17.5552   4.707223   4.707647     2.0214     1.6946       3.33   26.88740  -84.66618    0.00475    0.00614     2.9460     2.9975    17.5301    17.5335    36.3551    36.3557    26.4264    26.4260    1532.16    128.183    130.422         37 0.0000e+00
      20398    849.886    128.113    129.000    17.4977    17.4991   4.700653   4.700852     2.0295     1.6984      48.97   26.88313  -84.65273    0.00450    0.00308     2.9688     3.0112    17.4758    17.4772    36.3440    36.3444    26.4307    26.4307    1531.69    129.171    131.019         30 0.0000e+00
      20433    851.332    129.105    130.000    17.4778    17.4805   4.698944   4.699252     2.0317     1.7001      98.24   26.88740  -84.66618    0.00268    0.00137     2.9752     3.0168    17.4558    17.4585    36.3483    36.3486    26.4393    26.4389    1531.83    129.452    131.258         34 0.0000e+00
      20468    852.802    130.099    131.000    17.3944    17.3989   4.689670   4.690123     2.0365     1.7067      97.94   26.88740  -84.66618    0.00206    0.00175     2.9917     3.0385    17.3723    17.3768    36.3422    36.3421    26.4550    26.4538    1531.72    130.165    132.202         36 0.0000e+00
      20504    854.283    131.091    132.000    17.3301    17.3317   4.682041   4.682215     2.0461     1.7167      97.05   26.88740  -84.66618    0.00371    0.00471     3.0186     3.0683    17.3079    17.3094    36.3332    36.3333    26.4637    26.4634    1531.62    131.334    133.497         34 0.0000e+00
      20590    857.867    134.070    135.000    17.1642    17.1687   4.661331   4.661813     2.0429     1.7070      93.98   26.88064  -84.64482   -0.00014   -0.00193     3.0230     3.0553    17.1416    17.1461    36.2977    36.2979    26.4760    26.4751    1530.90    131.523    132.932         39 0.0000e+00
      20635    859.763    135.062    136.000    17.1087    17.1123   4.655665   4.656100     2.0386     1.7055      93.00   26.88742  -84.66618   -0.00337   -0.00433     3.0171     3.0553    17.0860    17.0896    36.3006    36.3011    26.4923    26.4919    1531.19    131.265    132.930         38 0.0000e+00
      20716    863.127    138.041    139.000    16.9282    16.9309   4.633895   4.634250     2.0373     1.7069      90.11   26.87772  -84.63565   -0.00009    0.00071     3.0285     3.0727    16.9052    16.9079    36.2709    36.2708    26.5127    26.5119    1530.31    131.760    133.683         36 0.0000e+00
      20765    865.156    139.034    140.000    16.8951    16.8983   4.630295   4.630691     2.0374     1.7054      89.00   26.88742  -84.66618   -0.00067   -0.00079     3.0299     3.0702    16.8719    16.8751    36.2691    36.2698    26.5195    26.5192    1530.76    131.820    133.573         43 0.0000e+00
      20846    868.544    142.012    143.000    16.7341    16.7386   4.610222   4.610741     2.0332     1.7021      86.18   26.87782  -84.63596   -0.00076   -0.00040     3.0323     3.0734    16.7106    16.7150    36.2328    36.2334    26.5291    26.5284    1529.90    131.922    133.708         34 0.0000e+00
      20894    870.534    143.005    144.000    16.6850    16.6878   4.605368   4.605711     2.0297     1.6986      85.10   26.88742  -84.66618   -0.00179   -0.00227     3.0275     3.0681    16.6614    16.6642    36.2379    36.2384    26.5455    26.5453    1530.35    131.713    133.476         43 0.0000e+00
      20981    874.185    145.983    147.000    16.5071    16.5074   4.583886   4.583928     2.0207     1.6886      82.41   26.88286  -84.65183   -0.00238   -0.00273     3.0199     3.0554    16.4831    16.4835    36.2060    36.2061    26.5627    26.5627    1529.78    131.380    132.922         35 0.0000e+00
      21023    875.921    146.976    148.000    16.4868    16.4864   4.581978   4.581941     2.0201     1.6903      81.18   26.88742  -84.66618   -0.00173   -0.00146     3.0200     3.0615    16.4627    16.4623    36.2090    36.2090    26.5702    26.5703    1529.94    131.382    133.187         39 0.0000e+00
      21057    877.322    147.968    149.000    16.4430    16.4476   4.576883   4.577394     2.0196     1.6918      80.38   26.88742  -84.66618   -0.00071    0.00044     3.0221     3.0681    16.4188    16.4233    36.2030    36.2035    26.5760    26.5752    1529.84    131.474    133.476         30 0.0000e+00
      21113    879.667    149.953    151.000    16.4163    16.4187   4.573417   4.573724     2.0192     1.6922      78.30   26.88362  -84.65414   -0.00022    0.00062     3.0239     3.0719    16.3918    16.3942    36.1942    36.1948    26.5752    26.5750    1529.42    131.552    133.640         31 0.0000e+00
      21150    881.216    150.946    152.000    16.4087    16.4086   4.572907   4.572911     2.0194     1.6910      77.37   26.88744  -84.66619   -0.00001   -0.00010     3.0251     3.0698    16.3840    16.3840    36.1977    36.1978    26.5800    26.5801    1529.54    131.602    133.547         38 0.0000e+00
      21187    882.759    151.939    153.000    16.4031    16.4028   4.571985   4.572057     2.0182     1.6891      76.27   26.88744  -84.66618   -0.00017   -0.00090     3.0236     3.0658    16.3783    16.3780    36.1967    36.1968    26.5806    26.5807    1529.44    131.538    133.373         33 0.0000e+00
      21242    885.027    153.924    155.000    16.3638    16.3688   4.567029   4.567640     2.0139     1.6831      74.45   26.88319  -84.65282   -0.00124   -0.00199     3.0166     3.0535    16.3387    16.3437    36.1833    36.1843    26.5792    26.5787    1529.01    131.232    132.836         31 0.0000e+00
      21280    886.640    154.917    156.000    16.3348    16.3313   4.563776   4.563264     2.0091     1.6778      73.32   26.88744  -84.66620   -0.00234   -0.00281     3.0098     3.0448    16.3096    16.3061    36.1822    36.1808    26.5855    26.5852    1529.18    130.935    132.461         41 0.0000e+00
      21318    888.221    155.910    157.000    16.0771    16.0836   4.532150   4.533085     1.9861     1.6510      72.41   26.88744  -84.66620   -0.00612   -0.00703     2.9645     2.9819    16.0520    16.0585    36.1339    36.1336    26.6083    26.6065    1529.07    128.962    129.721         32 0.0000e+00
      21370    890.378    157.895    159.000    15.9296    15.9319   4.513741   4.513973     1.9208     1.5859      70.46   26.88124  -84.64666   -0.02345   -0.02489     2.8284     2.8333    15.9043    15.9066    36.1003    36.1003    26.6159    26.6154    1528.51    123.039    123.254         31 0.0000e+00
      21409    892.014    158.888    160.000    15.8962    15.9000   4.510375   4.510765     1.8995     1.5708      69.38   26.88744  -84.66620   -0.02398   -0.02249     2.7805     2.7965    15.8708    15.8746    36.1026    36.1026    26.6259    26.6250    1528.77    120.957    121.652         38 0.0000e+00
      21445    893.513    159.881    161.000    15.8182    15.8237   4.501047   4.501638     1.8880     1.5641      68.56   26.88744  -84.66620   -0.01510   -0.01124     2.7585     2.7841    15.7927    15.7982    36.0895    36.0899    26.6338    26.6327    1528.68    119.998    121.113         32 0.0000e+00
      21502    895.882    161.866    163.000    15.6663    15.6657   4.483315   4.483215     1.8751     1.5548      66.72   26.88515  -84.65900   -0.00600   -0.00389     2.7381     2.7702    15.6407    15.6401    36.0670    36.0666    26.6509    26.6507    1528.35    119.110    120.504         31 0.0000e+00
      21539    897.429    162.858    164.000    15.6254    15.6289   4.478805   4.479194     1.8693     1.5500      65.61   26.88744  -84.66621   -0.00482   -0.00364     2.7270     2.7603    15.5997    15.6032    36.0642    36.0644    26.6582    26.6576    1528.38    118.624    120.073         39 0.0000e+00
      21576    898.941    163.851    165.000    15.5893    15.5909   4.474611   4.474786     1.8627     1.5449      64.44   26.88744  -84.66621   -0.00425   -0.00341     2.7140     2.7497    15.5634    15.5651    36.0590    36.0590    26.6625    26.6621    1528.28    118.060    119.611         32 0.0000e+00
      21630    901.197    165.836    167.000    15.4741    15.4792   4.460750   4.461211     1.8543     1.5368      62.64   26.88399  -84.65535   -0.00387   -0.00333     2.7018     2.7357    15.4481    15.4532    36.0370    36.0364    26.6713    26.6697    1527.89    117.525    119.003         32 0.0000e+00
      21668    902.812    166.829    168.000    15.3822    15.3871   4.450530   4.451043     1.8509     1.5360      61.45   26.88744  -84.66622   -0.00321   -0.00276     2.6995     2.7394    15.3562    15.3610    36.0294    36.0296    26.6865    26.6856    1527.99    117.425    119.160         39 0.0000e+00
      21704    904.292    167.821    169.000    15.3493    15.3499   4.446727   4.446756     1.8517     1.5390      60.62   26.88744  -84.66622   -0.00177   -0.00044     2.7038     2.7497    15.3231    15.3237    36.0247    36.0244    26.6903    26.6899    1527.90    117.611    119.610         31 0.0000e+00
      21764    906.803    169.807    171.000    15.2537    15.2581   4.435410   4.435855     1.8541     1.5409      58.51   26.88593  -84.66146    0.00110    0.00153     2.7161     2.7608    15.2273    15.2317    36.0082    36.0082    26.6989    26.6979    1527.62    118.146    120.093         36 0.0000e+00
      21800    908.309    170.799    172.000    15.2203    15.2222   4.431645   4.431844     1.8538     1.5397      57.66   26.88744  -84.66622    0.00051    0.00001     2.7178     2.7603    15.1938    15.1956    36.0048    36.0049    26.7039    26.7036    1527.61    118.218    120.070         33 0.0000e+00
      21831    909.594    171.792    173.000    15.1733    15.1760   4.426118   4.426295     1.8530     1.5380      56.67   26.88744  -84.66622   -0.00020   -0.00083     2.7190     2.7589    15.1467    15.1494    35.9973    35.9963    26.7086    26.7073    1527.51    118.272    120.007         30 0.0000e+00
      21864    910.941    172.785    174.000    15.0597    15.0631   4.412954   4.413262     1.8483     1.5322      55.61   26.88744  -84.66622   -0.00117   -0.00186     2.7150     2.7508    15.0331    15.0365    35.9812    35.9809    26.7214    26.7204    1527.42    118.096    119.653         35 0.0000e+00
      21898    912.373    173.777    175.000    15.0233    15.0248   4.408623   4.408793     1.8420     1.5259      54.68   26.88744  -84.66622   -0.00311   -0.00371     2.7023     2.7368    14.9965    14.9981    35.9748    35.9749    26.7246    26.7244    1527.32    117.545    119.046         32 0.0000e+00
      21929    913.650    174.770    176.000    15.0040    15.0063   4.406385   4.406610     1.8367     1.5218      53.69   26.88745  -84.66622   -0.00426   -0.00422     2.6911     2.7275    14.9772    14.9794    35.9716    35.9716    26.7264    26.7259    1527.22    117.057    118.639         30 0.0000e+00
      21959    914.906    175.762    177.000    14.9843    14.9874   4.404061   4.404421     1.8332     1.5189      52.69   26.88746  -84.66622   -0.00393   -0.00341     2.6844     2.7213    14.9573    14.9604    35.9681    35.9685    26.7281    26.7278    1527.14    116.763    118.372         32 0.0000e+00
      21995    916.427    176.755    178.000    14.9479    14.9488   4.399768   4.399852     1.8297     1.5167      51.66   26.88746  -84.66622   -0.00290   -0.00223     2.6786     2.7180    14.9208    14.9217    35.9620    35.9618    26.7315    26.7312    1527.04    116.511    118.227         39 0.0000e+00
      22085    920.163    179.732    181.000    14.8942    14.8946   4.393143   4.393197     1.8216     1.5092      48.78   26.88310  -84.65249   -0.00201   -0.00192     2.6632     2.7027    14.8667    14.8674    35.9479    35.9478    26.7322    26.7320    1526.51    115.841    117.558         36 0.0000e+00
      22126    921.889    180.725    182.000    14.8726    14.8730   4.391067   4.391099     1.8195     1.5073      47.62   26.88746  -84.66622   -0.00155   -0.00164     2.6597     2.6991    14.8449    14.8454    35.9500    35.9498    26.7389    26.7388    1526.67    115.691    117.402         38 0.0000e+00
      22212    925.439    183.703    185.000    14.7616    14.7664   4.377657   4.378220     1.8150     1.5029      44.66   26.88082  -84.64532   -0.00096   -0.00105     2.6570     2.6950    14.7337    14.7385    35.9276    35.9281    26.7457    26.7451    1526.02    115.571    117.224         37 0.0000e+00
      22257    927.313    184.695    186.000    14.6972    14.7036   4.370768   4.371456     1.8141     1.5025      43.72   26.88746  -84.66622   -0.00112   -0.00096     2.6586     2.6978    14.6692    14.6756    35.9236    35.9240    26.7571    26.7560    1526.32    115.638    117.342         39 0.0000e+00
      22343    930.912    187.673    189.000    14.4861    14.4888   4.345600   4.345835     1.8112     1.5017      40.83   26.88309  -84.65247   -0.00099   -0.00051     2.6659     2.7097    14.4579    14.4607    35.8842    35.8840    26.7723    26.7715    1525.79    115.955    117.858         36 0.0000e+00
