Gulf of Mexico/GOMECC-4/1db/drb2103_0351.cnv
* Sea-Bird SBE 9 Data File:
* FileName = C:\Users\scs.user.rb\CTD\GOMECC4\data\rb2103_0351.hex
* Software Version Seasave V 7.26.7.107
* Temperature SN = 4799
* Conductivity SN = 3860
* Number of Bytes Per Scan = 41
* Number of Voltage Words = 4
* Number of Scans Averaged by the Deck Unit = 1
* NMEA Latitude = 28 42.06 N
* NMEA Longitude = 087 45.57 W
* NMEA UTC (Time) = Sep 24 2021  11:26:03
* NMEA baud rate = 4800
# nquan = 28
# nvalues = 285                         
# units = specified
# name 0 = scan: Scan Count
# name 1 = timeS: Time, Elapsed [seconds]
# name 2 = depSM: Depth [salt water, m]
# name 3 = prDM: Pressure, Digiquartz [db]
# name 4 = t090C: Temperature [ITS-90, deg C]
# name 5 = t190C: Temperature, 2 [ITS-90, deg C]
# name 6 = c0S/m: Conductivity [S/m]
# name 7 = c1S/m: Conductivity, 2 [S/m]
# name 8 = sbeox0V: Oxygen raw, SBE 43 [V]
# name 9 = sbeox1V: Oxygen raw, SBE 43, 2 [V]
# name 10 = altM: Altimeter [m]
# name 11 = latitude: Latitude [deg]
# name 12 = longitude: Longitude [deg]
# name 13 = sbox0dV/dT: Oxygen, SBE 43 [dov/dt]
# name 14 = sbox1dV/dT: Oxygen, SBE 43, 2 [dov/dt]
# name 15 = sbeox0ML/L: Oxygen, SBE 43 [ml/l], WS = 5
# name 16 = sbeox1ML/L: Oxygen, SBE 43, 2 [ml/l], WS = 5
# name 17 = potemp090C: Potential Temperature [ITS-90, deg C]
# name 18 = potemp190C: Potential Temperature, 2 [ITS-90, deg C]
# name 19 = sal00: Salinity, Practical [PSU]
# name 20 = sal11: Salinity, Practical, 2 [PSU]
# name 21 = sigma-é00: Density [sigma-theta, kg/m^3]
# name 22 = sigma-é11: Density, 2 [sigma-theta, kg/m^3]
# name 23 = avgsvCM: Average Sound Velocity [Chen-Millero, m/s], minP = 20, minS = 20
# name 24 = sbox0Mm/Kg: Oxygen, SBE 43 [umol/kg], WS = 5
# name 25 = sbox1Mm/Kg: Oxygen, SBE 43, 2 [umol/kg], WS = 5
# name 26 = nbin: number of scans per bin
# name 27 = flag: flag
# span 0 =      13875,      77337       
# span 1 =    578.065,   3222.322       
# span 2 =      3.973,   2248.531       
# span 3 =      4.000,   2276.000       
# span 4 =     4.2830,    29.8775       
# span 5 =     4.2837,    29.8795       
# span 6 =   3.345145,   5.960205       
# span 7 =   3.345089,   5.960637       
# span 8 =     1.6288,     3.1238       
# span 9 =     1.3336,     2.6463       
# span 10 =      10.97,     101.91      
# span 11 =   28.68689,   28.70150      
# span 12 =  -87.76469,  -87.72099      
# span 13 =   -0.07293,    0.05004      
# span 14 =   -0.06778,    0.04795      
# span 15 =     2.6003,     4.6986      
# span 16 =     2.6314,     4.7382      
# span 17 =     4.0955,    29.8711      
# span 18 =     4.0965,    29.8728      
# span 19 =    33.5477,    36.5292      
# span 20 =    33.5484,    36.5301      
# span 21 =    21.1912,    27.7552      
# span 22 =    21.1921,    27.7536      
# span 23 =       0.00,    1557.56      
# span 24 =    113.065,    204.175      
# span 25 =    114.420,    205.894      
# span 26 =         30,         70      
# span 27 = 0.0000e+00, 0.0000e+00      
# interval = decibars: 1                
# start_time = Sep 24 2021 11:26:03 [NMEA time, header]
# bad_flag = -9.990e-29
*END*
[from data line 104]
      18776    782.286    112.212    113.000    18.6992    18.7013   4.843117   4.843406     2.0925     1.7512     100.00   28.69976  -87.76032   -0.00272   -0.00291     3.0272     3.0611    18.6791    18.6812    36.5029    36.5035    26.2526    26.2526    1533.62    131.735    133.212         30 0.0000e+00
      18836    784.779    114.197    115.000    18.5535    18.5542   4.825536   4.825677     2.0822     1.7386      99.99   28.69623  -87.74952   -0.00336   -0.00381     3.0146     3.0405    18.5331    18.5339    36.4815    36.4820    26.2732    26.2734    1533.21    131.186    132.313         37 0.0000e+00
      18874    786.370    115.190    116.000    18.5431    18.5447   4.824302   4.824564     2.0718     1.7290     100.00   28.69976  -87.76032   -0.00536   -0.00586     2.9925     3.0179    18.5226    18.5242    36.4804    36.4812    26.2751    26.2754    1533.30    130.222    131.328         34 0.0000e+00
      18905    787.679    116.183    117.000    18.5349    18.5360   4.823289   4.823490     2.0641     1.7228     100.00   28.69976  -87.76032   -0.00666   -0.00618     2.9762     3.0038    18.5142    18.5153    36.4787    36.4794    26.2760    26.2763    1533.19    129.514    130.716         30 0.0000e+00
      18936    788.938    117.176    118.000    18.5178    18.5193   4.821485   4.821708     2.0580     1.7184     100.00   28.69976  -87.76032   -0.00604   -0.00499     2.9641     2.9946    18.4970    18.4985    36.4781    36.4786    26.2799    26.2799    1533.09    128.988    130.314         31 0.0000e+00
      18969    790.342    118.168    119.000    18.4962    18.4994   4.819083   4.819477     2.0586     1.7201     100.00   28.69976  -87.76032   -0.00397   -0.00267     2.9667     3.0000    18.4765    18.4786    36.4754    36.4760    26.2830    26.2827    1532.98    129.100    130.548         35 0.0000e+00
      19003    791.757    119.161    120.000    18.3967    18.4002   4.807139   4.807595     2.0603     1.7213      89.25   28.69976  -87.76032   -0.00003    0.00023     2.9757     3.0082    18.3756    18.3791    36.4626    36.4634    26.2987    26.2985    1532.90    129.491    130.903         33 0.0000e+00
      19035    793.071    120.154    121.000    18.3221    18.3242   4.798162   4.798382     2.0562     1.7182      20.14   28.69976  -87.76032    0.00016    0.00031     2.9734     3.0068    18.3009    18.3030    36.4521    36.4521    26.3094    26.3090    1532.77    129.388    130.841         31 0.0000e+00
      19066    794.390    121.146    122.000    18.2531    18.2545   4.790034   4.790263     2.0499     1.7104      99.28   28.69976  -87.76032   -0.00227   -0.00224     2.9642     2.9924    18.2318    18.2332    36.4436    36.4443    26.3204    26.3205    1532.67    128.984    130.212         32 0.0000e+00
      19099    795.751    122.139    123.000    18.2170    18.2196   4.785747   4.786096     2.0389     1.7009     100.00   28.69976  -87.76032   -0.00507   -0.00525     2.9424     2.9716    18.1955    18.1981    36.4387    36.4394    26.3257    26.3256    1532.57    128.036    129.307         33 0.0000e+00
      19132    797.123    123.132    124.000    18.1588    18.1622   4.778860   4.779270     2.0315     1.6934      65.09   28.69976  -87.76032   -0.00674   -0.00649     2.9297     2.9570    18.1372    18.1406    36.4312    36.4317    26.3345    26.3340    1532.46    127.483    128.671         33 0.0000e+00
      19166    798.540    124.124    125.000    18.0971    18.1008   4.771481   4.771961     2.0249     1.6872      99.95   28.69976  -87.76032   -0.00589   -0.00555     2.9193     2.9459    18.0754    18.0791    36.4225    36.4233    26.3433    26.3430    1532.36    127.028    128.188         35 0.0000e+00
      19199    799.934    125.117    126.000    18.0570    18.0591   4.766522   4.766825     2.0188     1.6825     100.00   28.69976  -87.76032   -0.00479   -0.00440     2.9080     2.9367    18.0352    18.0372    36.4153    36.4160    26.3478    26.3479    1532.26    126.536    127.787         31 0.0000e+00
      19256    802.291    127.102    128.000    18.0204    18.0232   4.762140   4.762515     2.0070     1.6733      84.48   28.69675  -87.75111   -0.00500   -0.00436     2.8850     2.9175    17.9983    18.0010    36.4083    36.4091    26.3513    26.3513    1531.90    125.536    126.949         31 0.0000e+00
      19293    803.817    128.095    129.000    17.9769    17.9794   4.756764   4.757210     2.0075     1.6757      69.96   28.69976  -87.76032   -0.00288   -0.00159     2.8893     2.9261    17.9546    17.9571    36.4053    36.4058    26.3602    26.3600    1531.97    125.721    127.322         39 0.0000e+00
      19330    805.361    129.088    130.000    17.8017    17.8097   4.736171   4.737016     2.0028     1.6700     100.55   28.69976  -87.76032   -0.00114   -0.00004     2.8897     2.9226    17.7794    17.7874    36.3804    36.3806    26.3845    26.3827    1531.87    125.736    127.166         33 0.0000e+00
      19389    807.832    131.073    132.000    17.6648    17.6679   4.719376   4.719760     1.9813     1.6468     100.00   28.69896  -87.75786   -0.00666   -0.00780     2.8503     2.8740    17.6422    17.6454    36.3568    36.3573    26.4001    26.3997    1531.62    124.018    125.053         30 0.0000e+00
      19422    809.214    132.066    133.000    17.6151    17.6173   4.713550   4.713856     1.9680     1.6349     100.00   28.69976  -87.76032   -0.00917   -0.00939     2.8236     2.8483    17.5924    17.5946    36.3508    36.3515    26.4078    26.4078    1531.56    122.860    123.931         36 0.0000e+00
      19459    810.732    133.059    134.000    17.5626    17.5665   4.707249   4.707725     1.9585     1.6275     100.00   28.69976  -87.76032   -0.00873   -0.00773     2.8056     2.8331    17.5398    17.5437    36.3428    36.3435    26.4146    26.4141    1531.47    122.075    123.268         34 0.0000e+00
      19490    812.021    134.051    135.000    17.5029    17.5051   4.700170   4.700450     1.9521     1.6224     100.00   28.69976  -87.76032   -0.00664   -0.00531     2.7951     2.8244    17.4800    17.4822    36.3345    36.3350    26.4228    26.4226    1531.36    121.614    122.889         30 0.0000e+00
      19520    813.274    135.044    136.000    17.4783    17.4802   4.697205   4.697481     1.9445     1.6150     100.00   28.69976  -87.76032   -0.00551   -0.00450     2.7797     2.8078    17.4553    17.4571    36.3304    36.3312    26.4257    26.4258    1531.26    120.945    122.169         32 0.0000e+00
      19555    814.743    136.036    137.000    17.4549    17.4566   4.694366   4.694631     1.9351     1.6060     100.00   28.69976  -87.76032   -0.00585   -0.00547     2.7600     2.7872    17.4317    17.4334    36.3264    36.3271    26.4284    26.4285    1531.16    120.089    121.272         36 0.0000e+00
      19589    816.157    137.029    138.000    17.4019    17.4051   4.688112   4.688452     1.9259     1.5987     100.00   28.69976  -87.76032   -0.00645   -0.00598     2.7445     2.7734    17.3786    17.3818    36.3193    36.3193    26.4359    26.4351    1531.08    119.415    120.669         31 0.0000e+00
      19618    817.384    138.021    139.000    17.3056    17.3087   4.676714   4.677076     1.9221     1.5972     100.00   28.69976  -87.76030   -0.00592   -0.00472     2.7400     2.7743    17.2822    17.2853    36.3060    36.3064    26.4491    26.4486    1530.98    119.216    120.708         30 0.0000e+00
      19651    818.739    139.014    140.000    17.2037    17.2075   4.664889   4.665329     1.9193     1.5944     100.00   28.69977  -87.76030   -0.00378   -0.00251     2.7401     2.7733    17.1802    17.1840    36.2941    36.2946    26.4646    26.4641    1530.87    119.216    120.662         35 0.0000e+00
      19685    820.187    140.007    141.000    17.1433    17.1475   4.657826   4.658327     1.9138     1.5877     100.00   28.69978  -87.76030   -0.00264   -0.00250     2.7317     2.7606    17.1197    17.1239    36.2863    36.2869    26.4732    26.4727    1530.77    118.849    120.108         33 0.0000e+00
      19743    822.575    141.992    143.000    16.9735    16.9737   4.637402   4.637462     1.9009     1.5747      99.98   28.69441  -87.74388   -0.00424   -0.00414     2.7130     2.7387    16.9497    16.9500    36.2587    36.2591    26.4927    26.4929    1530.29    118.035    119.155         32 0.0000e+00
      19783    824.247    142.985    144.000    16.9645    16.9666   4.636604   4.636895     1.8926     1.5668     100.00   28.69978  -87.76030   -0.00557   -0.00584     2.6944     2.7191    16.9406    16.9426    36.2603    36.2610    26.4963    26.4964    1530.48    117.225    118.301         40 0.0000e+00
      19875    828.085    145.962    147.000    16.9569    16.9578   4.635714   4.635860     1.8841     1.5615      99.99   28.69695  -87.75166   -0.00211   -0.00140     2.6762     2.7074    16.9325    16.9333    36.2571    36.2576    26.4955    26.4957    1530.04    116.434    117.789         35 0.0000e+00
      19913    829.666    146.955    148.000    16.9472    16.9491   4.634921   4.635119     1.8830     1.5609     100.00   28.69978  -87.76032   -0.00130   -0.00054     2.6745     2.7067    16.9226    16.9245    36.2592    36.2596    26.4998    26.4996    1530.10    116.360    117.761         35 0.0000e+00
      19944    830.977    147.948    149.000    16.9199    16.9219   4.631626   4.631918     1.8824     1.5604     100.00   28.69978  -87.76032   -0.00086   -0.00039     2.6751     2.7072    16.8952    16.8972    36.2549    36.2556    26.5030    26.5031    1530.01    116.384    117.783         30 0.0000e+00
      19974    832.209    148.941    150.000    16.8821    16.8856   4.627063   4.627493     1.8820     1.5603      68.17   28.69978  -87.76032   -0.00047   -0.00039     2.6767     2.7094    16.8573    16.8608    36.2485    36.2491    26.5071    26.5068    1529.92    116.455    117.875         30 0.0000e+00
      20007    833.568    149.933    151.000    16.8062    16.8097   4.618464   4.618853     1.8783     1.5568      99.62   28.69978  -87.76032   -0.00093   -0.00072     2.6729     2.7045    16.7813    16.7848    36.2397    36.2398    26.5185    26.5177    1529.83    116.287    117.665         35 0.0000e+00
      20042    835.056    150.926    152.000    16.6829    16.6888   4.603842   4.604481     1.8745     1.5528     100.00   28.69978  -87.76032   -0.00214   -0.00209     2.6717     2.7022    16.6579    16.6638    36.2231    36.2235    26.5350    26.5339    1529.73    116.234    117.559         35 0.0000e+00
      20074    836.383    151.918    153.000    16.6102    16.6123   4.595203   4.595485     1.8712     1.5491     100.00   28.69978  -87.76032   -0.00264   -0.00277     2.6686     2.6974    16.5851    16.5873    36.2122    36.2128    26.5439    26.5438    1529.64    116.099    117.351         30 0.0000e+00
      20104    837.635    152.911    154.000    16.5765    16.5788   4.591306   4.591561     1.8687     1.5470      78.21   28.69978  -87.76032   -0.00245   -0.00253     2.6653     2.6942    16.5513    16.5536    36.2079    36.2080    26.5485    26.5481    1529.55    115.953    117.213         31 0.0000e+00
      20139    839.083    153.903    155.000    16.4829    16.4863   4.580329   4.580704     1.8657     1.5445      86.29   28.69978  -87.76032   -0.00209   -0.00192     2.6641     2.6935    16.4576    16.4611    36.1951    36.1953    26.5607    26.5600    1529.46    115.899    117.181         38 0.0000e+00
      20175    840.583    154.896    156.000    16.4375    16.4391   4.574875   4.575096     1.8619     1.5399     100.39   28.69978  -87.76032   -0.00216   -0.00205     2.6583     2.6849    16.4121    16.4137    36.1874    36.1880    26.5655    26.5656    1529.36    115.648    116.804         31 0.0000e+00
      20231    842.900    156.881    158.000    16.3932    16.3946   4.569178   4.569362     1.8576     1.5377      99.98   28.69424  -87.74338   -0.00191   -0.00156     2.6515     2.6824    16.3675    16.3690    36.1742    36.1745    26.5653    26.5652    1528.88    115.351    116.696         34 0.0000e+00
      20270    844.552    157.873    159.000    16.3561    16.3589   4.565314   4.565641     1.8558     1.5354     100.00   28.69978  -87.76032   -0.00163   -0.00105     2.6498     2.6789    16.3303    16.3332    36.1752    36.1756    26.5753    26.5749    1529.09    115.278    116.542         36 0.0000e+00
      20329    847.006    159.858    161.000    16.2684    16.2702   4.554888   4.555107     1.8514     1.5343      99.99   28.69647  -87.75019   -0.00142   -0.00080     2.6455     2.6819    16.2424    16.2442    36.1605    36.1608    26.5843    26.5841    1528.73    115.087    116.672         32 0.0000e+00
      20368    848.618    160.851    162.000    16.2493    16.2513   4.552935   4.553192     1.8499     1.5320     100.00   28.69978  -87.76032   -0.00167   -0.00070     2.6432     2.6770    16.2232    16.2252    36.1608    36.1613    26.5892    26.5891    1528.82    114.988    116.460         40 0.0000e+00
      20461    852.493    163.828    165.000    16.1579    16.1607   4.541846   4.542141     1.8448     1.5273      99.99   28.69604  -87.74890   -0.00122   -0.00092     2.6377     2.6712    16.1314    16.1342    36.1425    36.1426    26.5961    26.5956    1528.36    114.746    116.204         36 0.0000e+00
      20500    854.123    164.821    166.000    16.1211    16.1226   4.537865   4.538066     1.8421     1.5252     100.00   28.69978  -87.76033   -0.00170   -0.00145     2.6337     2.6684    16.0945    16.0959    36.1414    36.1418    26.6042    26.6042    1528.47    114.575    116.081         35 0.0000e+00
      20558    856.526    166.806    168.000    16.0420    16.0446   4.528212   4.528480     1.8388     1.5222      99.99   28.69577  -87.74809   -0.00135   -0.00108     2.6315     2.6657    16.0152    16.0178    36.1249    36.1249    26.6094    26.6089    1528.08    114.476    115.963         30 0.0000e+00
      20594    858.045    167.798    169.000    16.0083    16.0107   4.524655   4.524936     1.8368     1.5198     100.00   28.69978  -87.76034   -0.00134   -0.00137     2.6289     2.6618    15.9814    15.9838    36.1247    36.1251    26.6175    26.6172    1528.21    114.364    115.795         37 0.0000e+00
      20630    859.543    168.791    170.000    15.9936    15.9952   4.522938   4.523148     1.8363     1.5170     100.00   28.69978  -87.76034   -0.00127   -0.00182     2.6288     2.6558    15.9665    15.9681    36.1224    36.1228    26.6191    26.6190    1528.13    114.357    115.531         34 0.0000e+00
      20690    862.034    170.776    172.000    15.9650    15.9667   4.519336   4.519546     1.8336     1.5158      99.99   28.69675  -87.75107   -0.00074   -0.00099     2.6251     2.6549    15.9376    15.9393    36.1142    36.1147    26.6193    26.6192    1527.80    114.195    115.493         33 0.0000e+00
      20728    863.605    171.768    173.000    15.9121    15.9166   4.513368   4.513862     1.8323     1.5147     100.00   28.69978  -87.76034   -0.00094   -0.00037     2.6253     2.6553    15.8846    15.8891    36.1097    36.1101    26.6282    26.6275    1527.88    114.206    115.511         37 0.0000e+00
      20761    865.002    172.761    174.000    15.7973    15.8033   4.499842   4.500440     1.8306     1.5145     100.00   28.69978  -87.76034   -0.00101   -0.00038     2.6283     2.6616    15.7698    15.7758    36.0925    36.0925    26.6413    26.6399    1527.79    114.337    115.782         30 0.0000e+00
      20819    867.429    174.746    176.000    15.7159    15.7166   4.489921   4.490001     1.8317     1.5151      93.46   28.69535  -87.74680   -0.00007    0.00017     2.6364     2.6686    15.6881    15.6888    36.0752    36.0753    26.6463    26.6462    1527.39    114.684    116.087         38 0.0000e+00
