Gulf of Mexico/GOMECC-4/1db/drb2103_0081.cnv
* Sea-Bird SBE 9 Data File:
* FileName = C:\Users\scs.user.rb\CTD\GOMECC4\data\rb2103_008.hex
* Software Version Seasave V 7.26.7.107
* Temperature SN = 4799
* Conductivity SN = 3860
* Number of Bytes Per Scan = 41
* Number of Voltage Words = 4
* Number of Scans Averaged by the Deck Unit = 1
* NMEA Latitude = 25 29.79 N
* NMEA Longitude = 080 01.43 W
* NMEA UTC (Time) = Sep 15 2021  16:51:51
* NMEA baud rate = 4800
# nquan = 28
# nvalues = 184                         
# units = specified
# name 0 = scan: Scan Count
# name 1 = timeS: Time, Elapsed [seconds]
# name 2 = depSM: Depth [salt water, m]
# name 3 = prDM: Pressure, Digiquartz [db]
# name 4 = t090C: Temperature [ITS-90, deg C]
# name 5 = t190C: Temperature, 2 [ITS-90, deg C]
# name 6 = c0S/m: Conductivity [S/m]
# name 7 = c1S/m: Conductivity, 2 [S/m]
# name 8 = sbeox0V: Oxygen raw, SBE 43 [V]
# name 9 = sbeox1V: Oxygen raw, SBE 43, 2 [V]
# name 10 = altM: Altimeter [m]
# name 11 = latitude: Latitude [deg]
# name 12 = longitude: Longitude [deg]
# name 13 = sbox0dV/dT: Oxygen, SBE 43 [dov/dt]
# name 14 = sbox1dV/dT: Oxygen, SBE 43, 2 [dov/dt]
# name 15 = sbeox0ML/L: Oxygen, SBE 43 [ml/l], WS = 5
# name 16 = sbeox1ML/L: Oxygen, SBE 43, 2 [ml/l], WS = 5
# name 17 = potemp090C: Potential Temperature [ITS-90, deg C]
# name 18 = potemp190C: Potential Temperature, 2 [ITS-90, deg C]
# name 19 = sal00: Salinity, Practical [PSU]
# name 20 = sal11: Salinity, Practical, 2 [PSU]
# name 21 = sigma-é00: Density [sigma-theta, kg/m^3]
# name 22 = sigma-é11: Density, 2 [sigma-theta, kg/m^3]
# name 23 = avgsvCM: Average Sound Velocity [Chen-Millero, m/s], minP = 20, minS = 20
# name 24 = sbox0Mm/Kg: Oxygen, SBE 43 [umol/kg], WS = 5
# name 25 = sbox1Mm/Kg: Oxygen, SBE 43, 2 [umol/kg], WS = 5
# name 26 = nbin: number of scans per bin
# name 27 = flag: flag
# span 0 =      15575,      27628       
# span 1 =    648.914,   1151.127       
# span 2 =      6.955,    319.669       
# span 3 =      7.000,    322.000       
# span 4 =     7.7714,    29.5533       
# span 5 =     7.7718,    29.5515       
# span 6 =   3.611633,   5.842404       
# span 7 =   3.611614,   5.842945       
# span 8 =     1.6709,     3.1706       
# span 9 =     1.3786,     2.6921       
# span 10 =      10.21,     100.25      
# span 11 =   25.49490,   25.52397      
# span 12 =  -80.08672,  -79.99678      
# span 13 =   -0.03955,    0.00385      
# span 14 =   -0.04091,    0.00362      
# span 15 =     2.7808,     4.5073      
# span 16 =     2.8286,     4.5241      
# span 17 =     7.7393,    29.5479      
# span 18 =     7.7397,    29.5466      
# span 19 =    33.8354,    36.4986      
# span 20 =    33.8374,    36.5040      
# span 21 =    21.1185,    27.3119      
# span 22 =    21.1277,    27.3112      
# span 23 =       0.00,    1545.40      
# span 24 =    120.904,    196.668      
# span 25 =    122.980,    197.309      
# span 26 =         30,         70      
# span 27 = 0.0000e+00, 0.0000e+00      
# interval = decibars: 1                
# start_time = Sep 15 2021 16:51:51 [NMEA time, header]
# bad_flag = -9.990e-29
*END*
      15575    648.914      6.955      7.000    29.2185    29.1928   5.582253   5.579943     3.1301     2.6531     100.25   25.50006  -80.02176   -0.00011    0.00006     4.3782     4.3725    29.2168    29.1911    33.8366    33.8374    21.1185    21.1277       0.00    191.485    191.234         56 0.0000e+00
      15647    651.936      7.948      8.000    29.1778    29.1748   5.578145   5.578139     3.1308     2.6547      94.11   25.50007  -80.02175   -0.00031    0.00047     4.3823     4.3774    29.1758    29.1729    33.8354    33.8375    21.1313    21.1338       0.00    191.664    191.451         62 0.0000e+00
      15709    654.507      8.942      9.000    29.1632    29.1607   5.576773   5.576829     3.1305     2.6537      96.46   25.50008  -80.02174    0.00029   -0.00036     4.3834     4.3770    29.1610    29.1586    33.8361    33.8382    21.1368    21.1392       0.00    191.709    191.430         66 0.0000e+00
      15778    657.370      9.935     10.000    29.1500    29.1461   5.575792   5.575824     3.1293     2.6554      99.69   25.50011  -80.02174   -0.00036    0.00051     4.3823     4.3818    29.1476    29.1437    33.8387    33.8414    21.1432    21.1465       0.00    191.663    191.639         66 0.0000e+00
      15838    659.886     10.929     11.000    29.1378    29.1364   5.575424   5.575831     3.1296     2.6542     100.00   25.50013  -80.02174    0.00001   -0.00035     4.3845     4.3807    29.1351    29.1337    33.8443    33.8481    21.1515    21.1549       0.00    191.755    191.587         59 0.0000e+00
      15899    662.427     11.922     12.000    29.1379    29.1396   5.577490   5.578607     3.1278     2.6537     100.00   25.50014  -80.02174   -0.00062   -0.00007     4.3815     4.3795    29.1350    29.1366    33.8580    33.8645    21.1619    21.1662       0.00    191.621    191.534         61 0.0000e+00
      15957    664.846     12.915     13.000    29.1552    29.1602   5.584068   5.585670     3.1280     2.6529     100.00   25.50016  -80.02174   -0.00025   -0.00028     4.3802     4.3760    29.1521    29.1571    33.8904    33.8978    21.1805    21.1844       0.00    191.562    191.376         55 0.0000e+00
      16012    667.126     13.909     14.000    29.1921    29.2035   5.595072   5.598348     3.1329     2.6559     100.00   25.50016  -80.02174    0.00140    0.00042     4.3851     4.3781    29.1887    29.2001    33.9402    33.9535    21.2056    21.2117       0.00    191.772    191.464         57 0.0000e+00
      16070    669.557     14.902     15.000    29.3198    29.3502   5.632739   5.643555     3.1363     2.6596      98.16   25.50018  -80.02174    0.00165    0.00186     4.3797     4.3729    29.3106    29.3465    34.1092    34.1574    21.2915    21.3156       0.00    191.519    191.221         56 0.0000e+00
      16122    671.696     15.896     16.000    29.4742    29.4804   5.695455   5.696996     3.1515     2.6686      99.97   25.50019  -80.02174    0.00385    0.00358     4.3868     4.3729    29.4752    29.4765    34.4482    34.4524    21.4905    21.4932       0.00    191.793    191.184         50 0.0000e+00
      16176    673.942     16.889     17.000    29.4956    29.4999   5.717210   5.720560     3.1521     2.6699     100.00   25.50020  -80.02174    0.00385    0.00189     4.3835     4.3720    29.4910    29.4958    34.5547    34.5750    21.5650    21.5791       0.00    191.635    191.129         55 0.0000e+00
      16229    676.148     17.883     18.000    29.5138    29.5130   5.767042   5.771573     3.1580     2.6779      84.19   25.50021  -80.02174    0.00146    0.00057     4.3855     4.3784    29.5094    29.5086    34.8808    34.9123    21.8034    21.8274       0.00    191.678    191.360         52 0.0000e+00
      16281    678.332     18.876     19.000    29.5171    29.5371   5.795016   5.815410     3.1630     2.6797      85.54   25.50024  -80.02174    0.00262    0.00295     4.3876     4.3735    29.5041    29.5325    35.0509    35.1948    21.9328    22.0318       0.00    191.747    191.112         54 0.0000e+00
      16335    680.601     19.870     20.000    29.5533    29.5515   5.842404   5.842945     3.1706     2.6906     100.25   25.50024  -80.02172    0.00305    0.00362     4.3954     4.3912    29.5479    29.5466    35.3663    35.3706    22.1547    22.1583     756.07    192.044    191.861         52 0.0000e+00
      16387    682.737     20.863     21.000    29.5250    29.5232   5.842125   5.842393     3.1681     2.6866     100.00   25.50024  -80.02172    0.00095    0.00037     4.3922     4.3854    29.5198    29.5180    35.3842    35.3874    22.1776    22.1806    1540.47    191.898    191.600         53 0.0000e+00
      16441    685.014     21.857     22.000    29.5124    29.5085   5.841539   5.841407     3.1679     2.6900     100.00   25.50026  -80.02172   -0.00061    0.00115     4.3931     4.3938    29.5070    29.5031    35.3892    35.3912    22.1857    22.1885    1545.40    191.939    191.970         55 0.0000e+00
      16495    687.251     22.850     23.000    29.4612    29.4469   5.836651   5.835442     3.1658     2.6900     100.00   25.50028  -80.02172   -0.00080    0.00021     4.3939     4.3986    29.4551    29.4413    35.3935    35.3954    22.2065    22.2126    1545.40    191.970    192.172         54 0.0000e+00
      16549    689.515     23.843     24.000    29.4129    29.4077   5.832700   5.832562     3.1668     2.6917     100.00   25.50030  -80.02172    0.00001    0.00028     4.3996     4.4051    29.4070    29.4018    35.4015    35.4044    22.2287    22.2327    1545.39    192.214    192.452         53 0.0000e+00
      16601    691.676     24.837     25.000    29.3372    29.3211   5.822980   5.821372     3.1655     2.6921      96.46   25.50030  -80.02172   -0.00009    0.00097     4.4041     4.4125    29.3286    29.3151    35.3922    35.3927    22.2483    22.2539    1545.38    192.405    192.771         52 0.0000e+00
      16656    693.939     25.830     26.000    29.2770    29.2663   5.815826   5.814982     3.1657     2.6858      85.76   25.50032  -80.02171   -0.00029   -0.00198     4.4096     4.4050    29.2707    29.2600    35.3855    35.3876    22.2627    22.2679    1545.36    192.643    192.442         57 0.0000e+00
      16713    696.326     26.824     27.000    29.2336    29.2213   5.811979   5.811403     3.1627     2.6856      99.95   25.50033  -80.02170   -0.00051   -0.00136     4.4079     4.4081    29.2270    29.2147    35.3908    35.3960    22.2814    22.2894    1545.35    192.568    192.575         57 0.0000e+00
      16767    698.597     27.817     28.000    29.1959    29.1893   5.808747   5.808326     3.1621     2.6892     100.00   25.50034  -80.02170   -0.00121    0.00151     4.4101     4.4182    29.1891    29.1825    35.3962    35.3982    22.2982    22.3019    1545.33    192.657    193.014         52 0.0000e+00
      16820    700.804     28.810     29.000    29.1590    29.1507   5.804241   5.803392     3.1644     2.6875     100.00   25.50036  -80.02170    0.00097    0.00006     4.4178     4.4182    29.1519    29.1437    35.3922    35.3925    22.3077    22.3107    1545.31    192.992    193.012         55 0.0000e+00
      16878    703.193     29.804     30.000    29.1024    29.0900   5.797153   5.796278     3.1615     2.6858     100.00   25.50038  -80.02170   -0.00068   -0.00088     4.4176     4.4197    29.0951    29.0827    35.3851    35.3882    22.3214    22.3279    1545.29    192.981    193.072         58 0.0000e+00
      16934    705.542     30.797     31.000    29.0790    29.0762   5.796457   5.797101     3.1639     2.6887     100.00   25.50039  -80.02170    0.00035    0.00154     4.4240     4.4269    29.0715    29.0687    35.3973    35.4038    22.3385    22.3443    1545.26    193.259    193.383         55 0.0000e+00
      16989    707.834     31.791     32.000    29.0681    29.0627   5.796977   5.796978     3.1583     2.6872     100.00   25.50040  -80.02170   -0.00112   -0.00071     4.4155     4.4251    29.0603    29.0550    35.4088    35.4127    22.3509    22.3556    1545.24    192.885    193.302         56 0.0000e+00
      17046    710.193     32.784     33.000    29.0630    29.0638   5.797457   5.798063     3.1592     2.6874      84.12   25.50042  -80.02170   -0.00090   -0.00074     4.4173     4.4259    29.0550    29.0558    35.4155    35.4190    22.3577    22.3601    1545.22    192.962    193.336         55 0.0000e+00
      17100    712.440     33.777     34.000    29.0647    29.0652   5.798680   5.799167     3.1601     2.6909      94.57   25.50044  -80.02170    0.00066    0.00150     4.4191     4.4332    29.0565    29.0569    35.4223    35.4253    22.3623    22.3644    1545.21    193.041    193.657         56 0.0000e+00
      17158    714.871     34.771     35.000    29.0624    29.0618   5.799563   5.800023     3.1604     2.6897     100.04   25.50044  -80.02170   -0.00002    0.00042     4.4202     4.4314    29.0539    29.0533    35.4299    35.4334    22.3688    22.3717    1545.19    193.087    193.576         58 0.0000e+00
      17213    717.147     35.764     36.000    29.0591    29.0593   5.800262   5.800682     3.1611     2.6851     100.00   25.50046  -80.02170    0.00043   -0.00145     4.4223     4.4226    29.0503    29.0506    35.4369    35.4395    22.3753    22.3772    1545.18    193.175    193.191         51 0.0000e+00
      17265    719.338     36.757     37.000    29.0608    29.0620   5.801217   5.802007     3.1621     2.6859     100.00   25.50048  -80.02170    0.00034   -0.00107     4.4241     4.4244    29.0518    29.0530    35.4417    35.4452    22.3784    22.3806    1545.16    193.256    193.270         55 0.0000e+00
      17321    721.682     37.751     38.000    29.0853    29.0975   5.805956   5.808976     3.1634     2.6877      98.43   25.50050  -80.02170    0.00053    0.00096     4.4249     4.4259    29.0760    29.0883    35.4594    35.4677    22.3836    22.3857    1545.16    193.291    193.334         57 0.0000e+00
      17376    723.969     38.744     39.000    29.1184    29.1235   5.813186   5.814553     3.1620     2.6867      95.53   25.50051  -80.02170   -0.00005   -0.00060     4.4196     4.4218    29.1089    29.1141    35.4809    35.4865    22.3887    22.3912    1545.15    193.059    193.152         53 0.0000e+00
      17430    726.225     39.738     40.000    29.1185    29.1173   5.814867   5.815375     3.1617     2.6906      99.99   25.50052  -80.02168   -0.00049    0.00100     4.4193     4.4302    29.1088    29.1076    35.4921    35.4965    22.3972    22.4009    1545.14    193.043    193.517         56 0.0000e+00
      17485    728.487     40.731     41.000    29.1137    29.1127   5.816948   5.817467     3.1606     2.6896      99.72   25.50054  -80.02168   -0.00016    0.00051     4.4180     4.4287    29.1038    29.1027    35.5099    35.5141    22.4122    22.4157    1545.14    192.983    193.450         52 0.0000e+00
      17536    730.607     41.724     42.000    29.0978    29.0936   5.816436   5.816361     3.1605     2.6857      99.89   25.50054  -80.02168   -0.00041   -0.00079     4.4193     4.4226    29.0876    29.0834    35.5178    35.5203    22.4235    22.4269    1545.13    193.036    193.179         52 0.0000e+00
      17593    732.979     42.717     43.000    29.0639    29.0568   5.813009   5.812551     3.1599     2.6834     100.00   25.50056  -80.02168   -0.00009   -0.00179     4.4212     4.4210    29.0534    29.0464    35.5191    35.5211    22.4360    22.4399    1545.13    193.118    193.110         61 0.0000e+00
      17650    735.393     43.711     44.000    29.0523    29.0515   5.811883   5.812087     3.1611     2.6901     100.00   25.50057  -80.02168   -0.00008    0.00188     4.4249     4.4355    29.0416    29.0408    35.5196    35.5216    22.4403    22.4421    1545.12    193.278    193.743         53 0.0000e+00
      17702    737.546     44.704     45.000    29.0363    29.0336   5.810848   5.811040     3.1627     2.6852     100.00   25.50058  -80.02166    0.00129   -0.00006     4.4289     4.4274    29.0254    29.0226    35.5235    35.5272    22.4487    22.4524    1545.12    193.450    193.385         51 0.0000e+00
      17754    739.697     45.698     46.000    29.0121    29.0073   5.810658   5.810835     3.1610     2.6850      98.54   25.50059  -80.02166   -0.00055   -0.00092     4.4284     4.4290    29.0009    28.9961    35.5405    35.5453    22.4697    22.4749    1545.11    193.427    193.450         54 0.0000e+00
      17811    742.097     46.691     47.000    28.8932    28.8630   5.799433   5.794379     3.1596     2.6861      96.42   25.50060  -80.02166   -0.00035   -0.00006     4.4347     4.4442    28.8819    28.8517    35.5386    35.5405    22.5081    22.5208    1545.11    193.693    194.106         59 0.0000e+00
      17867    744.429     47.684     48.000    28.8337    28.8309   5.791832   5.791955     3.1600     2.6902     100.02   25.50062  -80.02166   -0.00064    0.00172     4.4414     4.4533    28.8221    28.8193    35.5428    35.5457    22.5311    22.5343    1545.10    193.983    194.501         53 0.0000e+00
      17920    746.620     48.677     49.000    28.8120    28.8078   5.790462   5.790520     3.1592     2.6852      78.97   25.50064  -80.02166    0.00027   -0.00049     4.4420     4.4453    28.8002    28.7960    35.5492    35.5523    22.5432    22.5468    1545.09    194.006    194.152         52 0.0000e+00
      17972    748.779     49.671     50.000    28.7723    28.7684   5.790001   5.790603     3.1587     2.6887      99.88   25.50064  -80.02166   -0.00058   -0.00051     4.4446     4.4550    28.7602    28.7565    35.5753    35.5824    22.5762    22.5829    1545.07    194.111    194.569         53 0.0000e+00
      18025    751.000     50.664     51.000    28.7483    28.7428   5.793584   5.794509     3.1565     2.6900     100.00   25.50066  -80.02166    0.00014    0.00158     4.4417     4.4590    28.7361    28.7305    35.6178    35.6284    22.6162    22.6260    1545.06    193.977    194.733         54 0.0000e+00
      18081    753.353     51.657     52.000    28.7291    28.7244   5.799288   5.800815     3.1570     2.6893     100.00   25.50068  -80.02164   -0.00106   -0.00068     4.4427     4.4573    28.7224    28.7121    35.6669    35.6823    22.6576    22.6713    1545.05    194.016    194.650         57 0.0000e+00
      18135    755.569     52.650     53.000    28.7017    28.7017   5.805140   5.806471     3.1582     2.6883     100.00   25.50068  -80.02164    0.00085   -0.00095     4.4465     4.4569    28.6889    28.6890    35.7324    35.7418    22.7181    22.7251    1545.04    194.168    194.620         48 0.0000e+00
      18176    757.287     53.644     54.000    28.6942    28.6936   5.808229   5.808405     3.1582     2.6879     100.00   25.50070  -80.02164    0.00012    0.00067     4.4466     4.4567    28.6813    28.6806    35.7626    35.7655    22.7433    22.7456    1545.03    194.170    194.609         36 0.0000e+00
      18213    758.816     54.637     55.000    28.6321    28.6256   5.806167   5.806377     3.1576     2.6901      91.21   25.50070  -80.02164   -0.00002    0.00053     4.4505     4.4660    28.6189    28.6123    35.7904    35.7963    22.7849    22.7915    1545.02    194.332    195.008         38 0.0000e+00
      18253    760.491     55.630     56.000    28.6011    28.5991   5.805306   5.805589     3.1579     2.6863      99.85   25.50071  -80.02164   -0.00021   -0.00014     4.4536     4.4603    28.5877    28.5856    35.8084    35.8119    22.8087    22.8121    1545.01    194.462    194.752         44 0.0000e+00
      18298    762.365     56.624     57.000    28.5751    28.5727   5.804880   5.804936     3.1559     2.6882     100.00   25.50072  -80.02162   -0.00024   -0.00091     4.4521     4.4663    28.5615    28.5591    35.8247    35.8269    22.8297    22.8322    1545.00    194.392    195.011         42 0.0000e+00
