Gulf of Mexico/GOMECC-4/1db/drb2103_0691.cnv
* Sea-Bird SBE 9 Data File:
* FileName = C:\Users\scs.user.rb\CTD\GOMECC4\data\rb2103_0691.hex
* Software Version Seasave V 7.26.7.107
* Temperature SN = 4799
* Conductivity SN = 3860
* Number of Bytes Per Scan = 41
* Number of Voltage Words = 4
* Number of Scans Averaged by the Deck Unit = 1
* NMEA Latitude = 26 03.53 N
* NMEA Longitude = 095 07.24 W
* NMEA UTC (Time) = Oct 03 2021  11:22:54
* NMEA baud rate = 4800
# nquan = 28
# nvalues = 385                         
# units = specified
# name 0 = scan: Scan Count
# name 1 = timeS: Time, Elapsed [seconds]
# name 2 = depSM: Depth [salt water, m]
# name 3 = prDM: Pressure, Digiquartz [db]
# name 4 = t090C: Temperature [ITS-90, deg C]
# name 5 = t190C: Temperature, 2 [ITS-90, deg C]
# name 6 = c0S/m: Conductivity [S/m]
# name 7 = c1S/m: Conductivity, 2 [S/m]
# name 8 = sbeox0V: Oxygen raw, SBE 43 [V]
# name 9 = sbeox1V: Oxygen raw, SBE 43, 2 [V]
# name 10 = altM: Altimeter [m]
# name 11 = latitude: Latitude [deg]
# name 12 = longitude: Longitude [deg]
# name 13 = sbox0dV/dT: Oxygen, SBE 43 [dov/dt]
# name 14 = sbox1dV/dT: Oxygen, SBE 43, 2 [dov/dt]
# name 15 = sbeox0ML/L: Oxygen, SBE 43 [ml/l], WS = 5
# name 16 = sbeox1ML/L: Oxygen, SBE 43, 2 [ml/l], WS = 5
# name 17 = potemp090C: Potential Temperature [ITS-90, deg C]
# name 18 = potemp190C: Potential Temperature, 2 [ITS-90, deg C]
# name 19 = sal00: Salinity, Practical [PSU]
# name 20 = sal11: Salinity, Practical, 2 [PSU]
# name 21 = sigma-é00: Density [sigma-theta, kg/m^3]
# name 22 = sigma-é11: Density, 2 [sigma-theta, kg/m^3]
# name 23 = avgsvCM: Average Sound Velocity [Chen-Millero, m/s], minP = 20, minS = 20
# name 24 = sbox0Mm/Kg: Oxygen, SBE 43 [umol/kg], WS = 5
# name 25 = sbox1Mm/Kg: Oxygen, SBE 43, 2 [umol/kg], WS = 5
# name 26 = nbin: number of scans per bin
# name 27 = flag: flag
# span 0 =       5895,      62283       
# span 1 =    245.587,   2595.075       
# span 2 =      2.980,   1937.179       
# span 3 =      3.000,   1959.000       
# span 4 =     4.3110,    29.4582       
# span 5 =     4.3114,    29.4594       
# span 6 =   3.352080,   5.961132       
# span 7 =   3.352039,   5.961462       
# span 8 =     1.5726,     3.3705       
# span 9 =     1.2795,     2.8885       
# span 10 =      10.02,     100.95      
# span 11 =   25.97330,   26.06186      
# span 12 =  -95.12881,  -94.80807      
# span 13 =   -0.02674,    0.04224      
# span 14 =   -0.02648,    0.03911      
# span 15 =     2.4347,     5.0590      
# span 16 =     2.4577,     5.0692      
# span 17 =     4.1430,    29.4511      
# span 18 =     4.1438,    29.4523      
# span 19 =    34.9101,    36.5704      
# span 20 =    34.9095,    36.5719      
# span 21 =    22.5600,    27.7505      
# span 22 =    22.5594,    27.7495      
# span 23 =       0.00,    1547.43      
# span 24 =    105.867,    220.629      
# span 25 =    106.864,    221.083      
# span 26 =         30,         66      
# span 27 = 0.0000e+00, 0.0000e+00      
# interval = decibars: 1                
# start_time = Oct 03 2021 11:22:54 [NMEA time, header]
# bad_flag = -9.990e-29
*END*
[from data line 104]
      11197    466.488    116.206    117.000    21.4548    21.4557   5.119036   5.119440     2.5463     2.1499      99.99   26.05714  -95.11390   -0.01450   -0.01224     3.8212     3.8315    21.4320    21.4329    36.3855    36.3868    25.4297    25.4305    1539.29    166.421    166.869         34 0.0000e+00
      11235    468.072    117.199    118.000    21.3287    21.3290   5.105136   5.105352     2.5333     2.1413     100.00   26.05900  -95.12068   -0.01206   -0.00964     3.8021     3.8189    21.3057    21.3061    36.3806    36.3821    25.4613    25.4623    1539.31    165.584    166.316         40 0.0000e+00
      11272    469.613    118.192    119.000    21.2655    21.2663   5.097674   5.097962     2.5099     2.1199     100.00   26.05902  -95.12068   -0.01100   -0.00888     3.7583     3.7745    21.2423    21.2432    36.3741    36.3757    25.4738    25.4748    1539.22    163.675    164.381         34 0.0000e+00
      11303    470.933    119.184    120.000    21.2318    21.2326   5.093634   5.093908     2.4933     2.1032     100.00   26.05902  -95.12068   -0.01347   -0.01204     3.7263     3.7387    21.2085    21.2093    36.3699    36.3714    25.4799    25.4809    1539.13    162.282    162.821         30 0.0000e+00
      11364    473.464    121.170    122.000    21.1313    21.1317   5.083556   5.083779     2.4640     2.0759      99.98   26.05475  -95.10510   -0.01098   -0.01075     3.6727     3.6831    21.1077    21.1081    36.3714    36.3728    25.5083    25.5092    1538.70    159.941    160.394         37 0.0000e+00
      11405    475.164    122.163    123.000    21.0608    21.0609   5.075757   5.075905     2.4356     2.0460     100.00   26.05902  -95.12068   -0.01345   -0.01268     3.6184     3.6194    21.0364    21.0374    36.3710    36.3724    25.5281    25.5293    1538.86    157.574    157.620         40 0.0000e+00
      11441    476.677    123.156    124.000    21.0239    21.0248   5.073038   5.073305     2.4085     2.0234      96.46   26.05902  -95.12068   -0.01752   -0.01693     3.5640     3.5693    21.0000    21.0008    36.3796    36.3810    25.5446    25.5455    1538.77    155.205    155.434         32 0.0000e+00
      11497    479.003    125.142    126.000    20.9015    20.9029   5.058112   5.057818     2.3798     2.0014      99.97   26.05239  -95.09649   -0.01396   -0.01112     3.5101     3.5246    20.8575    20.8812    36.3754    36.3772    25.5795    25.5826    1538.20    152.851    153.481         31 0.0000e+00
      11535    480.600    126.135    127.000    20.8480    20.8486   5.057198   5.057439     2.3511     1.9698     100.00   26.05902  -95.12068   -0.01312   -0.01172     3.4554     3.4567    20.8233    20.8243    36.4010    36.4026    25.6092    25.6103    1538.50    150.467    150.522         41 0.0000e+00
      11574    482.219    127.128    128.000    20.8192    20.8201   5.056723   5.056996     2.3012     1.9188     100.00   26.05902  -95.12068   -0.02238   -0.02366     3.3556     3.3435    20.7981    20.7962    36.4182    36.4197    25.6292    25.6301    1538.42    146.116    145.589         34 0.0000e+00
      11605    483.512    128.121    129.000    20.7524    20.7531   5.049675   5.049901     2.2798     1.9055     100.00   26.05902  -95.12068   -0.02674   -0.02648     3.3075     3.3149    20.7200    20.7294    36.4219    36.4233    25.6532    25.6542    1538.34    144.020    144.341         31 0.0000e+00
      11639    484.904    129.114    130.000    20.7424    20.7430   5.051630   5.051853     2.2772     1.9104     100.00   26.05902  -95.12068   -0.01680   -0.01201     3.3060     3.3254    20.7175    20.7181    36.4449    36.4463    25.6715    25.6724    1538.25    143.950    144.794         35 0.0000e+00
      11673    486.340    130.106    131.000    20.7563    20.7571   5.055774   5.056022     2.2685     1.9005     100.00   26.05902  -95.12068   -0.00538   -0.00131     3.2867     3.3012    20.7313    20.7321    36.4663    36.4676    25.6840    25.6849    1538.16    143.108    143.741         32 0.0000e+00
      11704    487.633    131.099    132.000    20.7206    20.7210   5.053451   5.053704     2.2509     1.8828      99.15   26.05902  -95.12068   -0.00582   -0.00537     3.2523     3.2627    20.6954    20.6958    36.4774    36.4788    25.7023    25.7032    1538.08    141.606    142.062         32 0.0000e+00
      11739    489.063    132.092    133.000    20.6864    20.6869   5.050392   5.050616     2.2298     1.8625      99.99   26.05902  -95.12068   -0.01174   -0.01198     3.2093     3.2172    20.6610    20.6616    36.4819    36.4832    25.7151    25.7159    1538.00    139.734    140.080         37 0.0000e+00
      11775    490.581    133.085    134.000    20.6066    20.6070   5.042965   5.043175     2.2028     1.8362     100.00   26.05902  -95.12068   -0.01593   -0.01512     3.1570     3.1607    20.5811    20.5815    36.4897    36.4911    25.7427    25.7436    1537.92    137.453    137.615         34 0.0000e+00
      11808    491.941    134.078    135.000    20.5467    20.5478   5.039027   5.039265     2.1600     1.7887     100.00   26.05902  -95.12068   -0.02027   -0.02034     3.0697     3.0532    20.5211    20.5221    36.5070    36.5083    25.7720    25.7728    1537.83    133.648    132.930         32 0.0000e+00
      11840    493.287    135.071    136.000    20.5021    20.5029   5.035090   5.035355     2.1269     1.7649     100.00   26.05902  -95.12068   -0.02623   -0.02582     3.0019     2.9997    20.4764    20.4771    36.5148    36.5163    25.7901    25.7910    1537.76    130.695    130.599         33 0.0000e+00
      11874    494.691    136.064    137.000    20.4728    20.4733   5.032360   5.032592     2.1055     1.7470     100.00   26.05902  -95.12068   -0.02487   -0.02199     2.9583     2.9598    20.4468    20.4474    36.5175    36.5189    25.8001    25.8011    1537.67    128.793    128.860         34 0.0000e+00
      11908    496.121    137.056    138.000    20.4374    20.4376   5.029237   5.029448     2.0897     1.7345     100.00   26.05902  -95.12068   -0.01608   -0.01216     2.9268     2.9326    20.4112    20.4115    36.5222    36.5237    25.8133    25.8144    1537.59    127.422    127.674         34 0.0000e+00
      11941    497.496    138.049    139.000    20.4040    20.4047   5.026815   5.027066     2.0760     1.7237     100.00   26.05902  -95.12068   -0.01147   -0.00930     2.8995     2.9091    20.3777    20.3784    36.5308    36.5323    25.8289    25.8298    1537.52    126.232    126.649         33 0.0000e+00
      11974    498.880    139.042    140.000    20.3144    20.3152   5.017616   5.017884     2.0659     1.7170     100.00   26.05902  -95.12068   -0.00980   -0.00750     2.8833     2.8985    20.2880    20.2888    36.5326    36.5342    25.8544    25.8554    1537.43    125.524    126.186         34 0.0000e+00
      12010    500.371    140.035    141.000    20.2175    20.2178   5.008065   5.008279     2.0736     1.7297     100.00   26.05902  -95.12068   -0.00429   -0.00183     2.9058     2.9341    20.1910    20.1913    36.5379    36.5394    25.8844    25.8855    1537.35    126.497    127.730         36 0.0000e+00
      12044    501.785    141.028    142.000    20.1329    20.1334   4.998769   4.999015     2.0798     1.7324     100.00   26.05902  -95.12068    0.00321    0.00502     2.9243     2.9454    20.1063    20.1068    36.5345    36.5361    25.9045    25.9055    1537.27    127.301    128.221         32 0.0000e+00
      12074    503.062    142.021    143.000    20.0892    20.0897   4.994733   4.994970     2.0701     1.7208     100.00   26.05903  -95.12068    0.00252    0.00174     2.9062     2.9206    20.0624    20.0630    36.5389    36.5403    25.9195    25.9205    1537.19    126.513    127.141         31 0.0000e+00
      12107    504.417    143.013    144.000    20.0265    20.0272   4.988096   4.988349     2.0503     1.7006      99.81   26.05904  -95.12068   -0.00524   -0.00715     2.8676     2.8768    19.9997    20.0004    36.5382    36.5397    25.9357    25.9367    1537.11    124.830    125.231         34 0.0000e+00
      12143    505.911    144.006    145.000    19.9880    19.9886   4.986507   4.986745     2.0340     1.6873      96.80   26.05904  -95.12068   -0.01184   -0.01193     2.8344     2.8470    19.9610    19.9616    36.5583    36.5597    25.9613    25.9622    1537.03    123.381    123.932         36 0.0000e+00
      12178    507.389    144.999    146.000    19.9464    19.9469   4.984001   4.984243     2.0363     1.6952     100.03   26.05904  -95.12068   -0.00970   -0.00803     2.8396     2.8660    19.9227    19.9206    36.5704    36.5719    25.9807    25.9817    1536.95    123.607    124.754         35 0.0000e+00
      12211    508.759    145.992    147.000    19.8711    19.8716   4.974411   4.974651     2.0474     1.7052     100.00   26.05904  -95.12068    0.00090    0.00359     2.8729     2.8984    19.8352    19.8452    36.5669    36.5684    26.0012    26.0023    1536.87    125.050    126.164         31 0.0000e+00
      12243    510.065    146.984    148.000    19.7987    19.7988   4.967084   4.967253     2.0508     1.7063     100.00   26.05904  -95.12068    0.00593    0.00602     2.8824     2.9033    19.7714    19.7714    36.5615    36.5629    26.0140    26.0151    1536.80    125.466    126.376         32 0.0000e+00
      12275    511.426    147.977    149.000    19.7151    19.7164   4.957081   4.957438     2.0463     1.7017      86.92   26.05904  -95.12068    0.00263    0.00151     2.8778     2.8975    19.6876    19.6889    36.5513    36.5531    26.0283    26.0293    1536.71    125.263    126.118         34 0.0000e+00
      12310    512.888    148.970    150.000    19.6607    19.6614   4.950493   4.950779     2.0338     1.6866      99.93   26.05904  -95.12068   -0.00355   -0.00414     2.8512     2.8643    19.6324    19.6342    36.5443    36.5458    26.0375    26.0384    1536.64    124.101    124.672         36 0.0000e+00
      12347    514.408    149.963    151.000    19.6147    19.6153   4.945438   4.945687     2.0214     1.6745     100.00   26.05904  -95.12067   -0.00732   -0.00802     2.8305     2.8389    19.5870    19.5875    36.5415    36.5431    26.0473    26.0484    1536.55    123.203    123.567         36 0.0000e+00
      12380    515.790    150.955    152.000    19.5998    19.6005   4.944270   4.944525     2.0131     1.6671     100.00   26.05904  -95.12066   -0.00830   -0.00905     2.8136     2.8222    19.5719    19.5726    36.5445    36.5460    26.0535    26.0545    1536.47    122.465    122.840         31 0.0000e+00
      12411    517.063    151.948    153.000    19.5733    19.5747   4.941036   4.941356     2.0127     1.6693      78.86   26.05904  -95.12067   -0.00545   -0.00460     2.8146     2.8293    19.5444    19.5472    36.5411    36.5426    26.0582    26.0589    1536.40    122.507    123.148         30 0.0000e+00
      12443    518.409    152.941    154.000    19.5482    19.5490   4.938309   4.938568     2.0080     1.6654      99.89   26.05904  -95.12067   -0.00251   -0.00114     2.8061     2.8218    19.5200    19.5207    36.5393    36.5408    26.0632    26.0641    1536.32    122.138    122.819         35 0.0000e+00
      12479    519.912    153.934    155.000    19.5380    19.5385   4.937486   4.937692     2.0013     1.6593      82.46   26.05904  -95.12066   -0.00316   -0.00236     2.7927     2.8083    19.5096    19.5101    36.5411    36.5424    26.0672    26.0681    1536.25    121.552    122.231         37 0.0000e+00
      12515    521.419    154.927    156.000    19.4830    19.4830   4.931308   4.931476     1.9995     1.6569      84.71   26.05904  -95.12066   -0.00343   -0.00325     2.7919     2.8053    19.4544    19.4545    36.5374    36.5387    26.0789    26.0799    1536.17    121.518    122.100         35 0.0000e+00
      12548    522.804    155.919    157.000    19.4397    19.4406   4.926695   4.926939     1.9946     1.6529      45.63   26.05904  -95.12067   -0.00230   -0.00231     2.7840     2.7986    19.4110    19.4119    36.5365    36.5377    26.0895    26.0902    1536.09    121.171    121.810         31 0.0000e+00
      12579    524.090    156.912    158.000    19.4141    19.4149   4.923972   4.924216     1.9914     1.6509      81.38   26.05904  -95.12068   -0.00265   -0.00227     2.7789     2.7956    19.3852    19.3860    36.5359    36.5372    26.0958    26.0966    1536.01    120.951    121.677         31 0.0000e+00
      12612    525.467    157.905    159.000    19.3842    19.3853   4.920825   4.921088     1.9895     1.6504      93.35   26.05904  -95.12066   -0.00257   -0.00159     2.7768     2.7963    19.3552    19.3563    36.5354    36.5366    26.1033    26.1039    1535.94    120.855    121.704         36 0.0000e+00
      12649    526.995    158.897    160.000    19.3387    19.3388   4.916091   4.916266     1.9887     1.6496     100.07   26.05904  -95.12066   -0.00130   -0.00067     2.7779     2.7971    19.3095    19.3097    36.5354    36.5368    26.1151    26.1161    1535.86    120.902    121.741         36 0.0000e+00
      12683    528.410    159.890    161.000    19.3072    19.3079   4.913162   4.913376     1.9892     1.6515     100.00   26.05904  -95.12066   -0.00052   -0.00008     2.7809     2.8036    19.2779    19.2786    36.5382    36.5393    26.1255    26.1262    1535.79    121.035    122.022         32 0.0000e+00
      12715    529.740    160.883    162.000    19.2972    19.2981   4.912246   4.912486     1.9969     1.6578     100.00   26.05904  -95.12068    0.00118    0.00156     2.7990     2.8199    19.2678    19.2687    36.5389    36.5401    26.1287    26.1294    1535.71    121.820    122.730         32 0.0000e+00
      12747    531.064    161.875    163.000    19.2680    19.2679   4.908926   4.909036     1.9993     1.6615     100.00   26.05904  -95.12067    0.00319    0.00324     2.8061     2.8305    19.2384    19.2383    36.5364    36.5374    26.1344    26.1352    1535.64    122.128    123.192         33 0.0000e+00
      12783    532.572    162.868    164.000    19.2313    19.2315   4.905276   4.905455     2.0009     1.6622     100.00   26.05904  -95.12066    0.00278    0.00267     2.8120     2.8346    19.2015    19.2017    36.5377    36.5391    26.1450    26.1460    1535.57    122.384    123.367         39 0.0000e+00
      12819    534.095    163.861    165.000    19.1764    19.1753   4.899818   4.899839     2.0068     1.6698     100.00   26.05904  -95.12066    0.00181    0.00197     2.8284     2.8562    19.1465    19.1454    36.5399    36.5411    26.1609    26.1621    1535.50    123.094    124.304         33 0.0000e+00
      12850    535.376    164.854    166.000    19.1206    19.1192   4.893656   4.893658     2.0163     1.6808     100.00   26.05906  -95.12068    0.00397    0.00481     2.8528     2.8863    19.0906    19.0892    36.5370    36.5382    26.1731    26.1744    1535.42    124.157    125.612         30 0.0000e+00
      12882    536.688    165.847    167.000    19.0792    19.0794   4.889528   4.889710     2.0253     1.6884     100.00   26.05906  -95.12067    0.00648    0.00720     2.8754     2.9071    19.0490    19.0493    36.5384    36.5396    26.1849    26.1858    1535.35    125.138    126.518         33 0.0000e+00
      12917    538.152    166.839    168.000    19.0575    19.0582   4.887470   4.887692     2.0374     1.7008     100.00   26.05906  -95.12066    0.00729    0.00696     2.9036     2.9385    19.0273    19.0279    36.5397    36.5410    26.1916    26.1924    1535.28    126.367    127.883         36 0.0000e+00
      12952    539.634    167.832    169.000    19.0501    19.0505   4.887018   4.887185     2.0508     1.7118      98.15   26.05906  -95.12068    0.00828    0.00769     2.9338     2.9660    19.0196    19.0201    36.5421    36.5431    26.1954    26.1960    1535.21    127.679    129.079         35 0.0000e+00
