Gulf of Mexico/GOMECC-4/1db/drb2103_1101.cnv
* Sea-Bird SBE 9 Data File:
* FileName = C:\Users\scs.user.rb\CTD\GOMECC4\data\rb2103_1101.hex
* Software Version Seasave V 7.26.7.107
* Temperature SN = 4799
* Conductivity SN = 3860
* Number of Bytes Per Scan = 41
* Number of Voltage Words = 4
* Number of Scans Averaged by the Deck Unit = 1
* NMEA Latitude = 22 32.38 N
* NMEA Longitude = 086 36.68 W
* NMEA UTC (Time) = Oct 15 2021  05:55:57
* NMEA baud rate = 4800
# nquan = 28
# nvalues = 248                         
# units = specified
# name 0 = scan: Scan Count
# name 1 = timeS: Time, Elapsed [seconds]
# name 2 = depSM: Depth [salt water, m]
# name 3 = prDM: Pressure, Digiquartz [db]
# name 4 = t090C: Temperature [ITS-90, deg C]
# name 5 = t190C: Temperature, 2 [ITS-90, deg C]
# name 6 = c0S/m: Conductivity [S/m]
# name 7 = c1S/m: Conductivity, 2 [S/m]
# name 8 = sbeox0V: Oxygen raw, SBE 43 [V]
# name 9 = sbeox1V: Oxygen raw, SBE 43, 2 [V]
# name 10 = altM: Altimeter [m]
# name 11 = latitude: Latitude [deg]
# name 12 = longitude: Longitude [deg]
# name 13 = sbox0dV/dT: Oxygen, SBE 43 [dov/dt]
# name 14 = sbox1dV/dT: Oxygen, SBE 43, 2 [dov/dt]
# name 15 = sbeox0ML/L: Oxygen, SBE 43 [ml/l], WS = 5
# name 16 = sbeox1ML/L: Oxygen, SBE 43, 2 [ml/l], WS = 5
# name 17 = potemp090C: Potential Temperature [ITS-90, deg C]
# name 18 = potemp190C: Potential Temperature, 2 [ITS-90, deg C]
# name 19 = sal00: Salinity, Practical [PSU]
# name 20 = sal11: Salinity, Practical, 2 [PSU]
# name 21 = sigma-é00: Density [sigma-theta, kg/m^3]
# name 22 = sigma-é11: Density, 2 [sigma-theta, kg/m^3]
# name 23 = avgsvCM: Average Sound Velocity [Chen-Millero, m/s], minP = 20, minS = 20
# name 24 = sbox0Mm/Kg: Oxygen, SBE 43 [umol/kg], WS = 5
# name 25 = sbox1Mm/Kg: Oxygen, SBE 43, 2 [umol/kg], WS = 5
# name 26 = nbin: number of scans per bin
# name 27 = flag: flag
# span 0 =       5517,      21339       
# span 1 =    229.815,    889.087       
# span 2 =      3.975,    360.409       
# span 3 =      4.000,    363.000       
# span 4 =    12.1244,    29.8860       
# span 5 =    12.1227,    29.8876       
# span 6 =   4.081201,   5.997438       
# span 7 =   4.081011,   5.997790       
# span 8 =     1.7791,     3.1605       
# span 9 =     1.4625,     2.6721       
# span 10 =      10.32,     101.12      
# span 11 =   22.53329,   22.54893      
# span 12 =  -86.62633,  -86.57201      
# span 13 =   -0.01831,    0.00653      
# span 14 =   -0.01624,    0.00536      
# span 15 =     2.7968,     4.3684      
# span 16 =     2.8099,     4.3442      
# span 17 =    12.0762,    29.8837      
# span 18 =    12.0745,    29.8854      
# span 19 =    35.5159,    36.9480      
# span 20 =    35.5156,    36.9505      
# span 21 =    22.6505,    26.9784      
# span 22 =    22.6508,    26.9785      
# span 23 =       0.00,    1545.70      
# span 24 =    121.622,    190.722      
# span 25 =    122.194,    189.655      
# span 26 =         30,         68      
# span 27 = 0.0000e+00, 0.0000e+00      
# interval = decibars: 1                
# start_time = Oct 15 2021 05:55:57 [NMEA time, header]
# bad_flag = -9.990e-29
*END*
[from data line 156]
      12384    515.962    165.887    167.000    19.2629    19.2632   4.919693   4.919847     2.2696     1.9013      96.37   22.54532  -86.61467   -0.00052   -0.00069     3.3993     3.4079    19.2325    19.2329    36.6297    36.6308    26.2073    26.2080    1536.78    147.935    148.311         40 0.0000e+00
      12420    517.469    166.880    168.000    19.2545    19.2554   4.918719   4.918946     2.2682     1.8997     100.02   22.54534  -86.61468   -0.00109   -0.00086     3.3972     3.4052    19.2240    19.2249    36.6284    36.6295    26.2085    26.2091    1536.70    147.846    148.191         33 0.0000e+00
      12452    518.808    167.872    169.000    19.2448    19.2467   4.917589   4.917938     2.2667     1.8991     100.00   22.54535  -86.61469   -0.00102   -0.00077     3.3950     3.4047    19.2141    19.2160    36.6271    36.6284    26.2101    26.2106    1536.62    147.748    148.169         33 0.0000e+00
      12487    520.256    168.865    170.000    19.2444    19.2455   4.917594   4.917849     2.2663     1.8989     100.00   22.54538  -86.61470   -0.00078   -0.00053     3.3945     3.4048    19.2135    19.2146    36.6271    36.6283    26.2102    26.2108    1536.54    147.728    148.173         35 0.0000e+00
      12520    521.639    169.858    171.000    19.2398    19.2404   4.917074   4.917283     2.2661     1.8986      57.16   22.54539  -86.61472   -0.00048   -0.00022     3.3949     3.4047    19.2088    19.2093    36.6264    36.6277    26.2109    26.2118    1536.47    147.743    148.171         31 0.0000e+00
      12552    522.948    170.851    172.000    19.2301    19.2302   4.915966   4.916079     2.2647     1.8975      99.67   22.54540  -86.61472   -0.00034   -0.00028     3.3928     3.4030    19.1989    19.1990    36.6253    36.6262    26.2126    26.2133    1536.40    147.652    148.098         33 0.0000e+00
      12589    524.509    171.844    173.000    19.2253    19.2264   4.915431   4.915686     2.2634     1.8962     100.00   22.54542  -86.61474   -0.00083   -0.00078     3.3908     3.4007    19.1939    19.1950    36.6247    36.6259    26.2134    26.2141    1536.32    147.567    147.994         41 0.0000e+00
      12627    526.091    172.837    174.000    19.2211    19.2209   4.914931   4.915027     2.2636     1.8966     100.00   22.54543  -86.61474   -0.00056   -0.00059     3.3919     3.4025    19.1895    19.1893    36.6239    36.6249    26.2140    26.2148    1536.26    147.614    148.075         33 0.0000e+00
      12684    528.473    174.823    176.000    19.1907    19.1901   4.910938   4.911023     2.2624     1.8959      99.99   22.54254  -86.60353   -0.00004    0.00011     3.3929     3.4036    19.1593    19.1582    36.6149    36.6160    26.2145    26.2157    1535.91    147.656    148.122         31 0.0000e+00
      12722    530.053    175.816    177.000    19.1600    19.1630   4.907631   4.908141     2.2611     1.8946     100.00   22.54547  -86.61477   -0.00075   -0.00053     3.3919     3.4027    19.1280    19.1309    36.6153    36.6170    26.2234    26.2239    1536.04    147.613    148.080         42 0.0000e+00
      12760    531.622    176.809    178.000    19.1347    19.1386   4.904615   4.905188     2.2607     1.8932     100.00   22.54549  -86.61478   -0.00082   -0.00098     3.3933     3.4015    19.1025    19.1064    36.6119    36.6133    26.2274    26.2274    1535.98    147.672    148.029         31 0.0000e+00
      12816    533.974    178.794    180.000    19.0155    19.0135   4.889994   4.890283     2.2573     1.8905      99.70   22.54267  -86.60387   -0.00083   -0.00094     3.3950     3.4044    18.9830    18.9811    36.5929    36.5943    26.2435    26.2450    1535.65    147.744    148.152         33 0.0000e+00
      12856    535.606    179.787    181.000    18.9952    18.9953   4.887731   4.887879     2.2558     1.8892     100.00   22.54553  -86.61480   -0.00131   -0.00099     3.3937     3.4026    18.9626    18.9627    36.5920    36.5932    26.2482    26.2491    1535.77    147.685    148.075         42 0.0000e+00
      12894    537.202    180.780    182.000    18.9792    18.9822   4.885797   4.886277     2.2557     1.8874     100.00   22.54554  -86.61480   -0.00087   -0.00101     3.3952     3.3996    18.9465    18.9494    36.5895    36.5911    26.2504    26.2509    1535.70    147.749    147.944         33 0.0000e+00
      12981    540.842    183.759    185.000    18.8326    18.8284   4.867627   4.867295     2.2517     1.8852      99.99   22.54159  -86.59950   -0.00097   -0.00051     3.3980     3.4059    18.7995    18.7953    36.5626    36.5635    26.2670    26.2688    1535.22    147.867    148.212         38 0.0000e+00
      13025    542.664    184.751    186.000    18.7828    18.7819   4.862179   4.862222     2.2514     1.8852     100.00   22.54560  -86.61484   -0.00078   -0.00088     3.4011     3.4095    18.7495    18.7486    36.5624    36.5636    26.2802    26.2813    1535.43    148.006    148.370         42 0.0000e+00
      13113    546.321    187.730    189.000    18.7283    18.7280   4.855480   4.855476     2.2479     1.8824     100.00   22.54170  -86.59971   -0.00101   -0.00098     3.3986     3.4077    18.6946    18.6943    36.5494    36.5507    26.2837    26.2848    1534.96    147.895    148.290         33 0.0000e+00
      13153    548.004    188.723    190.000    18.7273    18.7283   4.855756   4.855999     2.2479     1.8841     100.00   22.54565  -86.61486   -0.00040    0.00010     3.3992     3.4120    18.6934    18.6944    36.5557    36.5568    26.2894    26.2900    1535.16    147.919    148.478         42 0.0000e+00
      13190    549.523    189.716    191.000    18.7227    18.7238   4.855277   4.855537     2.2483     1.8840     100.00   22.54568  -86.61488   -0.00011    0.00057     3.4008     3.4125    18.6887    18.6898    36.5553    36.5565    26.2903    26.2910    1535.10    147.987    148.497         31 0.0000e+00
      13278    553.217    192.694    194.000    18.7185    18.7191   4.854759   4.854862     2.2485     1.8835      99.99   22.54350  -86.60637    0.00012    0.00009     3.4029     3.4130    18.6839    18.6845    36.5523    36.5531    26.2890    26.2894    1534.75    148.081    148.518         38 0.0000e+00
      13319    554.908    193.687    195.000    18.7166    18.7179   4.854780   4.855063     2.2472     1.8821     100.00   22.54573  -86.61490   -0.00038   -0.00018     3.4004     3.4100    18.6818    18.6832    36.5550    36.5562    26.2919    26.2924    1534.84    147.971    148.391         38 0.0000e+00
      13430    559.537    197.658    199.000    18.6891    18.6938   4.851702   4.852390     2.2464     1.8816     100.00   22.54558  -86.61416   -0.00002    0.00007     3.4022     3.4122    18.6537    18.6584    36.5518    36.5533    26.2965    26.2965    1534.59    148.049    148.483         35 0.0000e+00
      13928    580.305    216.520    218.000    18.0441    18.0411   4.774340   4.774149     2.2172     1.8570     100.01   22.54893  -86.62633   -0.00270   -0.00257     3.3913     3.4042    18.0062    18.0032    36.4599    36.4610    26.3896    26.3912    1533.71    147.561    148.124         32 0.0000e+00
      14049    585.319    221.483    223.000    17.6098    17.6029   4.721309   4.720685     2.1995     1.8425     100.00   22.54629  -86.61604   -0.00376   -0.00322     3.3847     3.4007    17.5717    17.5648    36.3878    36.3886    26.4413    26.4436    1533.23    147.266    147.964         32 0.0000e+00
      14203    591.735    227.439    229.000    17.4105    17.4098   4.697383   4.697460     2.1787     1.8219     100.00   22.54630  -86.61587   -0.00332   -0.00274     3.3542     3.3650    17.3717    17.3710    36.3567    36.3579    26.4663    26.4674    1532.88    145.936    146.405         30 0.0000e+00
      14385    599.344    234.388    236.000    16.9705    16.9684   4.644381   4.644338     2.1521     1.7979     100.01   22.54731  -86.61955   -0.00365   -0.00386     3.3277     3.3377    16.9312    16.9291    36.2874    36.2890    26.5195    26.5212    1532.52    144.775    145.211         30 0.0000e+00
      14513    604.649    239.350    241.000    16.5831    16.5817   4.597436   4.597475     2.1233     1.7717      99.98   22.54632  -86.61556   -0.00619   -0.00534     3.2907     3.2999    16.5436    16.5422    36.2216    36.2232    26.5609    26.5624    1532.14    143.162    143.561         32 0.0000e+00
      15133    630.520    263.171    265.000    15.2861    15.2855   4.443675   4.443751     2.0279     1.6868      99.99   22.54413  -86.60642   -0.00349   -0.00366     3.1669     3.1779    15.2450    15.2445    36.0148    36.0160    26.6999    26.7010    1530.40    137.755    138.232         31 0.0000e+00
      15291    637.084    269.125    271.000    15.0397    15.0378   4.415098   4.415018     2.0071     1.6696     100.00   22.54721  -86.61803   -0.00334   -0.00247     3.1364     3.1516    14.9981    14.9963    35.9797    35.9807    26.7282    26.7294    1530.21    136.426    137.086         30 0.0000e+00
      15472    644.640    276.073    278.000    14.6968    14.6933   4.374730   4.374461     1.9825     1.6461      96.69   22.54632  -86.61442   -0.00337   -0.00324     3.1036     3.1151    14.6549    14.6514    35.9223    35.9231    26.7593    26.7606    1529.67    134.994    135.493         30 0.0000e+00
      15813    658.828    288.973    291.000    14.2006    14.2087   4.317539   4.318166     1.9499     1.6188      83.20   22.54716  -86.61724   -0.00182   -0.00178     3.0615     3.0784    14.1576    14.1658    35.8425    35.8458    26.8050    26.8058    1528.87    133.156    133.893         30 0.0000e+00
      16100    670.811    299.889    302.000    13.6960    13.6949   4.258786   4.258768     1.9064     1.5788      72.35   22.54667  -86.61500   -0.00279   -0.00226     2.9941     3.0095    13.6526    13.6515    35.7629    35.7637    26.8500    26.8509    1528.10    130.219    130.890         30 0.0000e+00
      16136    672.300    300.881    303.000    13.6492    13.6538   4.253420   4.254046     1.9028     1.5762      71.42   22.54672  -86.61522   -0.00259   -0.00178     2.9887     3.0055    13.6057    13.6103    35.7557    35.7572    26.8542    26.8545    1528.04    129.985    130.717         40 0.0000e+00
      16173    673.846    301.873    304.000    13.5489    13.5481   4.241765   4.241823     1.8985     1.5723      70.07   22.54674  -86.61522   -0.00250   -0.00186     2.9853     3.0024    13.5055    13.5047    35.7391    35.7404    26.8622    26.8634    1527.97    129.834    130.580         36 0.0000e+00
      16214    675.531    302.866    305.000    13.4825    13.4873   4.234141   4.234831     1.8936     1.5653      69.02   22.54676  -86.61522   -0.00281   -0.00302     2.9780     2.9878    13.4390    13.4438    35.7288    35.7309    26.8680    26.8686    1527.91    129.517    129.942         46 0.0000e+00
      16260    677.455    303.858    306.000    13.4495    13.4542   4.230396   4.231038     1.8887     1.5628      67.85   22.54677  -86.61524   -0.00276   -0.00284     2.9682     2.9830    13.4060    13.4107    35.7238    35.7255    26.8710    26.8713    1527.84    129.093    129.736         44 0.0000e+00
      16301    679.170    304.850    307.000    13.4155    13.4186   4.226552   4.227005     1.8857     1.5609      67.11   22.54678  -86.61524   -0.00229   -0.00141     2.9634     2.9807    13.3719    13.3750    35.7187    35.7195    26.8740    26.8740    1527.77    128.880    129.633         39 0.0000e+00
      16340    680.774    305.843    308.000    13.4003    13.4017   4.224860   4.225074     1.8840     1.5589      66.38   22.54680  -86.61524   -0.00154   -0.00112     2.9604     2.9767    13.3566    13.3580    35.7167    35.7174    26.8756    26.8758    1527.70    128.749    129.461         39 0.0000e+00
      16380    682.463    306.834    309.000    13.3879    13.3888   4.223509   4.223655     1.8822     1.5577      65.09   22.54681  -86.61526   -0.00115   -0.00105     2.9570     2.9747    13.3441    13.3450    35.7151    35.7156    26.8769    26.8772    1527.64    128.603    129.372         41 0.0000e+00
      16421    684.178    307.827    310.000    13.3857    13.3862   4.223325   4.223438     1.8803     1.5560      64.21   22.54682  -86.61526   -0.00113   -0.00086     2.9527     2.9704    13.3417    13.3422    35.7150    35.7155    26.8773    26.8776    1527.57    128.415    129.186         43 0.0000e+00
      16467    686.095    308.819    311.000    13.3813    13.3831   4.222899   4.223138     1.8784     1.5543      62.98   22.54683  -86.61526   -0.00097   -0.00097     2.9487     2.9663    13.3373    13.3391    35.7146    35.7152    26.8780    26.8780    1527.51    128.241    129.008         47 0.0000e+00
      16510    687.872    309.811    312.000    13.3795    13.3796   4.222745   4.222801     1.8776     1.5541      61.83   22.54684  -86.61526   -0.00082   -0.00053     2.9470     2.9663    13.3353    13.3354    35.7144    35.7149    26.8782    26.8786    1527.44    128.170    129.006         39 0.0000e+00
      16549    689.508    310.804    313.000    13.3690    13.3700   4.221574   4.221730     1.8766     1.5531      60.93   22.54686  -86.61527   -0.00053   -0.00036     2.9457     2.9645    13.3246    13.3257    35.7128    35.7133    26.8791    26.8793    1527.38    128.110    128.931         40 0.0000e+00
      16591    691.235    311.796    314.000    13.3493    13.3520   4.219250   4.219563     1.8754     1.5521      59.97   22.54688  -86.61528   -0.00059   -0.00049     2.9444     2.9635    13.3049    13.3076    35.7094    35.7099    26.8806    26.8804    1527.31    128.054    128.885         44 0.0000e+00
      16638    693.189    312.788    315.000    13.3239    13.3265   4.216399   4.216744     1.8742     1.5501      58.70   22.54688  -86.61528   -0.00067   -0.00088     2.9434     2.9600    13.2794    13.2820    35.7051    35.7059    26.8825    26.8826    1527.25    128.012    128.732         49 0.0000e+00
      16685    695.175    313.780    316.000    13.3113    13.3129   4.214914   4.215211     1.8727     1.5494      57.77   22.54690  -86.61528   -0.00067   -0.00073     2.9413     2.9594    13.2667    13.2683    35.7031    35.7038    26.8835    26.8837    1527.19    127.918    128.705         42 0.0000e+00
      16722    696.720    314.772    317.000    13.2293    13.2282   4.205511   4.205368     1.8705     1.5472      57.07   22.54692  -86.61529   -0.00092   -0.00061     2.9408     2.9587    13.1847    13.1841    35.6896    35.6898    26.8899    26.8904    1527.13    127.895    128.678         36 0.0000e+00
      16767    698.567    315.765    318.000    13.2031    13.2039   4.202567   4.202693     1.8675     1.5437      55.81   22.54693  -86.61530   -0.00148   -0.00154     2.9358     2.9515    13.1584    13.1592    35.6858    35.6863    26.8922    26.8925    1527.06    127.680    128.363         55 0.0000e+00
      16817    700.667    316.757    319.000    13.1911    13.1923   4.201236   4.201410     1.8651     1.5417      54.85   22.54696  -86.61530   -0.00146   -0.00144     2.9308     2.9469    13.1463    13.1476    35.6840    35.6844    26.8933    26.8934    1526.99    127.462    128.161         40 0.0000e+00
      16853    702.172    317.749    320.000    13.1849    13.1852   4.200576   4.200647     1.8636     1.5400      54.20   22.54696  -86.61530   -0.00107   -0.00102     2.9278     2.9430    13.1400    13.1403    35.6831    35.6835    26.8939    26.8942    1526.93    127.333    127.993         37 0.0000e+00
      16897    703.998    318.741    321.000    13.1731    13.1750   4.199286   4.199532     1.8622     1.5397      52.84   22.54698  -86.61530   -0.00086   -0.00072     2.9254     2.9433    13.1281    13.1299    35.6815    35.6820    26.8951    26.8951    1526.86    127.225    128.006         48 0.0000e+00
