Gulf of Mexico/GOMECC-4/1db/drb2103_0491.cnv
* Sea-Bird SBE 9 Data File:
* FileName = C:\Users\scs.user.rb\CTD\GOMECC4\data\rb2103_0491.hex
* Software Version Seasave V 7.26.7.107
* Temperature SN = 4799
* Conductivity SN = 3860
* Number of Bytes Per Scan = 41
* Number of Voltage Words = 4
* Number of Scans Averaged by the Deck Unit = 1
* NMEA Latitude = 27 55.20 N
* NMEA Longitude = 093 34.74 W
* NMEA UTC (Time) = Sep 27 2021  12:19:13
* NMEA baud rate = 4800
# nquan = 28
# nvalues = 62                          
# units = specified
# name 0 = scan: Scan Count
# name 1 = timeS: Time, Elapsed [seconds]
# name 2 = depSM: Depth [salt water, m]
# name 3 = prDM: Pressure, Digiquartz [db]
# name 4 = t090C: Temperature [ITS-90, deg C]
# name 5 = t190C: Temperature, 2 [ITS-90, deg C]
# name 6 = c0S/m: Conductivity [S/m]
# name 7 = c1S/m: Conductivity, 2 [S/m]
# name 8 = sbeox0V: Oxygen raw, SBE 43 [V]
# name 9 = sbeox1V: Oxygen raw, SBE 43, 2 [V]
# name 10 = altM: Altimeter [m]
# name 11 = latitude: Latitude [deg]
# name 12 = longitude: Longitude [deg]
# name 13 = sbox0dV/dT: Oxygen, SBE 43 [dov/dt]
# name 14 = sbox1dV/dT: Oxygen, SBE 43, 2 [dov/dt]
# name 15 = sbeox0ML/L: Oxygen, SBE 43 [ml/l], WS = 5
# name 16 = sbeox1ML/L: Oxygen, SBE 43, 2 [ml/l], WS = 5
# name 17 = potemp090C: Potential Temperature [ITS-90, deg C]
# name 18 = potemp190C: Potential Temperature, 2 [ITS-90, deg C]
# name 19 = sal00: Salinity, Practical [PSU]
# name 20 = sal11: Salinity, Practical, 2 [PSU]
# name 21 = sigma-é00: Density [sigma-theta, kg/m^3]
# name 22 = sigma-é11: Density, 2 [sigma-theta, kg/m^3]
# name 23 = avgsvCM: Average Sound Velocity [Chen-Millero, m/s], minP = 20, minS = 20
# name 24 = sbox0Mm/Kg: Oxygen, SBE 43 [umol/kg], WS = 5
# name 25 = sbox1Mm/Kg: Oxygen, SBE 43, 2 [umol/kg], WS = 5
# name 26 = nbin: number of scans per bin
# name 27 = flag: flag
# span 0 =       6303,     119240       
# span 1 =    262.565,   4967.527       
# span 2 =      5.960,    101.350       
# span 3 =      4.000,     68.000       
# span 4 =    22.8339,   544.7910       
# span 5 =    22.8067,   544.7989       
# span 6 =   5.246538, 109.882725       
# span 7 =   5.244127, 109.885146       
# span 8 =     2.9185,    47.8137       
# span 9 =     2.4915,    50.2420       
# span 10 =       5.49,    1253.96      
# span 11 =   27.77054,  530.52624      
# span 12 =-1778.14871,  -93.07760      
# span 13 =   -0.02009,    0.03400      
# span 14 =   -0.01850,    0.05890      
# span 15 =     4.3156,    66.6743      
# span 16 =     4.3278,    82.6175      
# span 17 =    22.8209,   544.7663      
# span 18 =    22.7929,   544.7742      
# span 19 =    35.4991,   676.7349      
# span 20 =    35.4998,   676.7460      
# span 21 =    22.5627,   430.1194      
# span 22 =    22.5630,   430.1250      
# span 23 =       0.00,    1561.20      
# span 24 =    188.467,   2911.772      
# span 25 =    188.972,   3608.023      
# span 26 =         34,         66      
# span 27 = 0.0000e+00, 0.0000e+00      
# interval = decibars: 1                
# start_time = Sep 27 2021 12:19:13 [NMEA time, header]
# bad_flag = -9.990e-29
*END*
     119240   4967.527    101.350      4.000   544.7910   544.7989 109.882725 109.885146    47.8137    50.2420    1253.96  530.52624-1778.14871    0.01216    0.05890    66.6743    82.6175   544.7663   544.7742   676.7349   676.7460   430.1194   430.1250       0.00   2911.772   3608.023         35 0.0000e+00
       6303    262.565      5.960      6.000    28.5775    28.5783   5.764023   5.764201     3.0950     2.6324      65.26   27.82982  -93.27635    0.00014    0.00151     4.3156     4.3279    28.5761    28.5768    35.4991    35.4998    22.5627    22.5630       0.00    188.467    189.006         60 0.0000e+00
       6387    266.070      6.953      7.000    28.6727    28.6731   5.783378   5.783479     3.1061     2.6408      65.02   27.92012  -93.57902    0.00101   -0.00132     4.3331     4.3413    28.6710    28.6715    35.6157    35.6160    22.6363    22.6363       0.00    189.232    189.592         60 0.0000e+00
       6439    268.233      7.947      8.000    28.6741    28.6770   5.783584   5.783684     3.1079     2.6398      64.22   27.92012  -93.57902    0.00072   -0.00005     4.3364     4.3403    28.6721    28.6751    35.6168    35.6166    22.6367    22.6356       0.00    189.378    189.548         53 0.0000e+00
       6493    270.512      8.940      9.000    28.6777    28.6787   5.783906   5.784171     3.1072     2.6421      63.53   27.92013  -93.57902    0.00026    0.00084     4.3353     4.3451    28.6755    28.6765    35.6160    35.6170    22.6350    22.6354       0.00    189.328    189.759         49 0.0000e+00
       6537    272.341      9.933     10.000    28.6771    28.6780   5.783712   5.783924     3.1073     2.6399      59.23   27.92013  -93.57902   -0.00002   -0.00030     4.3360     4.3414    28.6747    28.6756    35.6148    35.6156    22.6344    22.6346       0.00    189.361    189.593         47 0.0000e+00
       6595    274.765     10.927     11.000    28.6781    28.6787   5.784005   5.784104     3.1062     2.6415      61.30   27.92014  -93.57902   -0.00022   -0.00014     4.3344     4.3450    28.6754    28.6760    35.6158    35.6160    22.6349    22.6348       0.00    189.291    189.753         58 0.0000e+00
       6638    276.550     11.920     12.000    28.6810    28.6824   5.785255   5.785825     3.1037     2.6426      60.80   27.92013  -93.57902   -0.00140    0.00097     4.3302     4.3473    28.6781    28.6796    35.6220    35.6249    22.6387    22.6403       0.00    189.103    189.852         37 0.0000e+00
       6687    278.589     12.913     13.000    28.6904    28.6904   5.789543   5.789455     3.1053     2.6418      59.45   27.92014  -93.57902    0.00008    0.00024     4.3323     4.3451    28.6873    28.6873    35.6444    35.6438    22.6524    22.6520       0.00    189.196    189.756         64 0.0000e+00
       6746    281.061     13.906     14.000    28.6890    28.6885   5.789065   5.788749     3.1054     2.6383      58.14   27.92014  -93.57902    0.00000   -0.00220     4.3332     4.3390    28.6856    28.6852    35.6419    35.6400    22.6510    22.6498       0.00    189.236    189.486         45 0.0000e+00
       6784    282.624     14.900     15.000    28.6985    28.6978   5.792746   5.792623     3.1059     2.6401      57.87   27.92013  -93.57902    0.00023    0.00020     4.3335     4.3419    28.6949    28.6942    35.6600    35.6581    22.6616    22.6604       0.00    189.244    189.612         37 0.0000e+00
       6837    284.851     15.893     16.000    28.7020    28.7037   5.793916   5.794371     3.1065     2.6410      56.45   27.92014  -93.57902    0.00024    0.00064     4.3346     4.3437    28.6981    28.6999    35.6652    35.6675    22.6645    22.6656       0.00    189.293    189.691         61 0.0000e+00
       6898    287.380     17.880     18.000    28.6426    28.5989   5.766621   5.766910     3.0938     2.6300      54.16   27.77054  -93.07760    0.00074    0.00077     4.3311     4.3328    28.6383    28.5946    35.5956    35.5415    22.6188    22.5842       0.00    189.139    189.212         53 0.0000e+00
       6992    291.299     18.873     19.000    28.7162    28.7177   5.799332   5.799638     3.1121     2.6435      53.48   27.92014  -93.57902    0.00116    0.00067     4.3444     4.3482    28.7116    28.7131    35.6894    35.6915    22.6782    22.6792       0.00    189.717    189.884         53 0.0000e+00
       7034    293.042     19.866     20.000    28.7225    28.7231   5.801710   5.801823     3.1109     2.6397      52.97   27.92014  -93.57902   -0.00020   -0.00140     4.3422     4.3408    28.7177    28.7183    35.7027    35.7031    22.6861    22.6862     818.87    189.621    189.557         42 0.0000e+00
       7086    295.196     20.860     21.000    28.7232    28.7241   5.802075   5.802321     3.1144     2.6442      51.92   27.92014  -93.57902    0.00085   -0.00038     4.3492     4.3496    28.7182    28.7191    35.7041    35.7053    22.6870    22.6876    1561.20    189.927    189.942         56 0.0000e+00
       7133    297.176     21.853     22.000    28.7270    28.7276   5.804086   5.804188     3.1137     2.6467      50.55   27.92014  -93.57902    0.00028    0.00276     4.3476     4.3554    28.7217    28.7223    35.7153    35.7155    22.6942    22.6942    1543.98    189.855    190.194         43 0.0000e+00
       7183    299.233     22.846     23.000    28.7277    28.7281   5.804403   5.804449     3.1141     2.6433      49.81   27.92014  -93.57902    0.00025   -0.00023     4.3489     4.3489    28.7222    28.7226    35.7167    35.7167    22.6951    22.6950    1543.99    189.913    189.910         55 0.0000e+00
       7236    301.446     23.839     24.000    28.7283    28.7288   5.804772   5.804793     3.1154     2.6463      48.77   27.92014  -93.57902    0.00031   -0.00020     4.3516     4.3554    28.7226    28.7230    35.7184    35.7182    22.6963    22.6960    1543.99    190.028    190.195         48 0.0000e+00
       7282    303.389     24.832     25.000    28.7291    28.7294   5.805146   5.805036     3.1115     2.6453      48.37   27.92014  -93.57902   -0.00076    0.00064     4.3449     4.3539    28.7231    28.7233    35.7201    35.7192    22.6974    22.6966    1543.99    189.738    190.129         49 0.0000e+00
       7334    305.536     25.826     26.000    28.7290    28.7299   5.805085   5.805421     3.1138     2.6489      47.14   27.92014  -93.57902   -0.00053    0.00058     4.3497     4.3616    28.7227    28.7237    35.7195    35.7211    22.6971    22.6980    1544.00    189.946    190.466         53 0.0000e+00
       7384    307.620     26.819     27.000    28.7298    28.7307   5.805779   5.806107     3.1141     2.6486      45.86   27.92014  -93.57902    0.00110    0.00104     4.3507     4.3613    28.7233    28.7242    35.7234    35.7250    22.6998    22.7007    1544.00    189.988    190.451         48 0.0000e+00
       7433    309.681     27.812     28.000    28.7318    28.7325   5.807579   5.807661     3.1133     2.6448      45.27   27.92014  -93.57902   -0.00041   -0.00101     4.3493     4.3539    28.7251    28.7258    35.7341    35.7341    22.7073    22.7070    1544.01    189.927    190.128         50 0.0000e+00
       7482    311.721     28.805     29.000    28.7311    28.7323   5.807558   5.807849     3.1134     2.6465      44.34   27.92014  -93.57902    0.00004   -0.00105     4.3499     4.3577    28.7241    28.7253    35.7342    35.7353    22.7076    22.7081    1544.01    189.955    190.292         48 0.0000e+00
       7534    313.876     29.798     30.000    28.7279    28.7304   5.807477   5.807859     3.1130     2.6480      43.23   27.92014  -93.57902   -0.00026    0.00120     4.3499     4.3613    28.7207    28.7231    35.7358    35.7366    22.7100    22.7097    1544.02    189.953    190.452         56 0.0000e+00
       7585    316.009     30.792     31.000    28.7023    28.7076   5.805546   5.806083     3.1097     2.6482      42.74   27.92014  -93.57903   -0.00085    0.00015     4.3465     4.3638    28.6948    28.7001    35.7413    35.7411    22.7227    22.7208    1544.03    189.804    190.559         45 0.0000e+00
       7632    317.978     31.785     32.000    28.6994    28.7012   5.805347   5.805653     3.1091     2.6458      41.38   27.92014  -93.57904   -0.00099   -0.00059     4.3460     4.3599    28.6917    28.6936    35.7417    35.7425    22.7241    22.7241    1544.03    189.780    190.387         53 0.0000e+00
       7688    320.273     32.778     33.000    28.6994    28.7013   5.805439   5.805730     3.1082     2.6422      40.38   27.92014  -93.57902   -0.00030   -0.00140     4.3446     4.3531    28.6914    28.6933    35.7421    35.7429    22.7244    22.7245    1544.04    189.718    190.091         52 0.0000e+00
       7734    322.198     33.771     34.000    28.6921    28.6930   5.805020   5.805219     3.1076     2.6380      39.34   27.92014  -93.57902   -0.00017   -0.00167     4.3447     4.3458    28.6839    28.6848    35.7443    35.7451    22.7286    22.7289    1544.04    189.724    189.769         43 0.0000e+00
       7783    324.252     34.765     35.000    28.6894    28.6919   5.804978   5.805249     3.1060     2.6375      38.34   27.92013  -93.57902   -0.00074   -0.00148     4.3425     4.3454    28.6810    28.6835    35.7459    35.7459    22.7307    22.7300    1544.05    189.625    189.751         59 0.0000e+00
       7839    326.576     35.758     36.000    28.6814    28.6830   5.804840   5.805053     3.1025     2.6371      37.67   27.92014  -93.57902   -0.00082    0.00029     4.3373     4.3456    28.6728    28.6743    35.7506    35.7509    22.7371    22.7368    1544.05    189.397    189.760         45 0.0000e+00
       7881    328.315     36.751     37.000    28.6811    28.6829   5.804837   5.805036     3.1006     2.6349      36.55   27.92012  -93.57902   -0.00158   -0.00089     4.3343     4.3416    28.6722    28.6740    35.7505    35.7505    22.7372    22.7366    1544.05    189.267    189.584         45 0.0000e+00
       7934    330.552     37.744     38.000    28.6761    28.6765   5.804896   5.805078     3.1007     2.6341      35.44   27.92012  -93.57902   -0.00067   -0.00050     4.3353     4.3408    28.6670    28.6674    35.7544    35.7554    22.7418    22.7424    1544.06    189.311    189.550         57 0.0000e+00
       7983    332.573     38.737     39.000    28.6613    28.6580   5.804668   5.804850     3.1000     2.6324      34.39   27.92012  -93.57902    0.00045   -0.00063     4.3362     4.3391    28.6519    28.6487    35.7645    35.7674    22.7545    22.7577    1544.06    189.344    189.472         43 0.0000e+00
       8029    334.515     39.730     40.000    28.6400    28.6405   5.803474   5.803650     3.0954     2.6323      33.16   27.92012  -93.57902   -0.00152   -0.00055     4.3291     4.3404    28.6304    28.6309    35.7711    35.7720    22.7666    22.7670    1544.07    189.033    189.527         52 0.0000e+00
       8082    336.690     40.724     41.000    28.5774    28.5817   5.797907   5.798493     3.0904     2.6238      32.59   27.92012  -93.57902   -0.00243   -0.00185     4.3249     4.3278    28.5676    28.5719    35.7793    35.7800    22.7936    22.7927    1544.07    188.847    188.972         49 0.0000e+00
       8131    338.752     41.717     42.000    28.5344    28.5348   5.794199   5.794459     3.0946     2.6276      31.39   27.92012  -93.57902   -0.00012   -0.00159     4.3362     4.3392    28.5243    28.5247    35.7856    35.7871    22.8127    22.8137    1544.07    189.337    189.464         52 0.0000e+00
       8182    340.866     42.710     43.000    28.3707    28.3800   5.778530   5.779613     3.0880     2.6244      30.37   27.92012  -93.57902   -0.00023    0.00076     4.3371     4.3440    28.3633    28.3698    35.7974    35.7991    22.8749    22.8736    1544.07    189.364    189.663         47 0.0000e+00
       8229    342.835     43.703     44.000    27.6313    27.6437   5.702959   5.705170     3.0789     2.6207      29.44   27.92012  -93.57902   -0.00456   -0.00292     4.3772     4.3897    27.6211    27.6334    35.8299    35.8361    23.1420    23.1427    1544.04    191.066    191.609         51 0.0000e+00
       8282    345.034     44.696     45.000    26.7553    26.7538   5.621353   5.622315     3.1370     2.6871      28.46   27.92012  -93.57902    0.00718    0.01290     4.5541     4.5923    26.7450    26.7436    35.9217    35.9298    23.4933    23.4999    1543.98    198.719    200.381         49 0.0000e+00
       8326    346.888     45.689     46.000    25.9481    25.9473   5.547004   5.547380     3.2167     2.7652      27.62   27.92012  -93.57902    0.03400    0.03573     4.7757     4.8214    25.9378    25.9370    36.0125    36.0159    23.8169    23.8197    1543.87    208.320    210.313         44 0.0000e+00
       8379    349.080     46.682     47.000    25.8594    25.8617   5.539164   5.539721     3.2503     2.7916      26.28   27.92012  -93.57902    0.03150    0.03067     4.8435     4.8809    25.8489    25.8512    36.0247    36.0270    23.8539    23.8549    1543.76    211.271    212.904         62 0.0000e+00
       8432    351.309     47.676     48.000    25.7451    25.7525   5.528364   5.529482     3.2447     2.7804      25.47   27.92012  -93.57902    0.00471    0.00194     4.8430     4.8678    25.7344    25.7418    36.0353    36.0377    23.8975    23.8970    1543.64    211.239    212.321         41 0.0000e+00
       8474    353.040     48.669     49.000    25.4748    25.4801   5.503733   5.504522     3.2304     2.7732      24.54   27.92012  -93.57902   -0.00579   -0.00535     4.8390     4.8741    25.4640    25.4693    36.0676    36.0692    24.0058    24.0053    1543.52    211.043    212.576         50 0.0000e+00
       8534    355.555     49.662     50.000    25.3288    25.3327   5.490790   5.491473     3.2165     2.7586      23.50   27.92012  -93.57900   -0.00603   -0.00515     4.8250     4.8553    25.3179    25.3217    36.0875    36.0895    24.0659    24.0662    1543.39    210.422    211.740         58 0.0000e+00
       8579    357.409     50.655     51.000    25.1634    25.1618   5.475225   5.475557     3.1955     2.7376      22.73   27.92012  -93.57902   -0.00756   -0.00769     4.8038     4.8301    25.1523    25.1507    36.1036    36.1073    24.1290    24.1322    1543.27    209.482    210.630         39 0.0000e+00
       8622    359.227     51.648     52.000    24.3815    24.3870   5.397712   5.398935     3.1527     2.7015      21.57   27.92012  -93.57901   -0.01824   -0.01616     4.7836     4.8102    24.3704    24.3759    36.1504    36.1553    24.4014    24.4034    1543.12    208.545    209.706         50 0.0000e+00
       8680    361.629     52.641     53.000    23.7891    23.7867   5.341478   5.341539     3.1044     2.6564      20.42   27.92012  -93.57900   -0.02009   -0.01850     4.7393     4.7606    23.7780    23.7756    36.2044    36.2069    24.6195    24.6221    1542.95    206.572    207.501         60 0.0000e+00
       8731    363.736     53.634     54.000    23.7732    23.7719   5.340357   5.340473     3.0916     2.6515      19.64   27.92012  -93.57901   -0.01412   -0.01009     4.7158     4.7514    23.7618    23.7606    36.2086    36.2105    24.6274    24.6292    1542.77    205.547    207.098         42 0.0000e+00
       8772    365.463     54.627     55.000    23.7118    23.7259   5.333756   5.334684     3.0892     2.6482      18.71   27.92012  -93.57902   -0.00363   -0.00209     4.7173     4.7496    23.7002    23.7144    36.2122    36.2134    24.6483    24.6451    1542.61    205.605    207.013         47 0.0000e+00
       8830    367.859     55.620     56.000    23.5858    23.5845   5.322898   5.322685     3.0889     2.6547      17.28   27.92012  -93.57901   -0.00090    0.00073     4.7276     4.7754    23.5741    23.5728    36.2252    36.2264    24.6954    24.6967    1542.44    206.047    208.128         59 0.0000e+00
