Gulf of Mexico/GOMECC-4/1db/drb2103_0731.cnv
* Sea-Bird SBE 9 Data File:
* FileName = C:\Users\scs.user.rb\CTD\GOMECC4\data\rb2103_0731.hex
* Software Version Seasave V 7.26.7.107
* Temperature SN = 4799
* Conductivity SN = 3860
* Number of Bytes Per Scan = 41
* Number of Voltage Words = 4
* Number of Scans Averaged by the Deck Unit = 1
* NMEA Latitude = 26 03.44 N
* NMEA Longitude = 093 15.71 W
* NMEA UTC (Time) = Oct 04 2021  10:15:47
* NMEA baud rate = 4800
# nquan = 28
# nvalues = 532                         
# units = specified
# name 0 = scan: Scan Count
# name 1 = timeS: Time, Elapsed [seconds]
# name 2 = depSM: Depth [salt water, m]
# name 3 = prDM: Pressure, Digiquartz [db]
# name 4 = t090C: Temperature [ITS-90, deg C]
# name 5 = t190C: Temperature, 2 [ITS-90, deg C]
# name 6 = c0S/m: Conductivity [S/m]
# name 7 = c1S/m: Conductivity, 2 [S/m]
# name 8 = sbeox0V: Oxygen raw, SBE 43 [V]
# name 9 = sbeox1V: Oxygen raw, SBE 43, 2 [V]
# name 10 = altM: Altimeter [m]
# name 11 = latitude: Latitude [deg]
# name 12 = longitude: Longitude [deg]
# name 13 = sbox0dV/dT: Oxygen, SBE 43 [dov/dt]
# name 14 = sbox1dV/dT: Oxygen, SBE 43, 2 [dov/dt]
# name 15 = sbeox0ML/L: Oxygen, SBE 43 [ml/l], WS = 5
# name 16 = sbeox1ML/L: Oxygen, SBE 43, 2 [ml/l], WS = 5
# name 17 = potemp090C: Potential Temperature [ITS-90, deg C]
# name 18 = potemp190C: Potential Temperature, 2 [ITS-90, deg C]
# name 19 = sal00: Salinity, Practical [PSU]
# name 20 = sal11: Salinity, Practical, 2 [PSU]
# name 21 = sigma-é00: Density [sigma-theta, kg/m^3]
# name 22 = sigma-é11: Density, 2 [sigma-theta, kg/m^3]
# name 23 = avgsvCM: Average Sound Velocity [Chen-Millero, m/s], minP = 20, minS = 20
# name 24 = sbox0Mm/Kg: Oxygen, SBE 43 [umol/kg], WS = 5
# name 25 = sbox1Mm/Kg: Oxygen, SBE 43, 2 [umol/kg], WS = 5
# name 26 = nbin: number of scans per bin
# name 27 = flag: flag
# span 0 =      13404,      98034       
# span 1 =    558.470,   4084.696       
# span 2 =      2.980,   3088.686       
# span 3 =      3.000,   3132.000       
# span 4 =     4.3159,    28.9039       
# span 5 =     4.3168,    28.9038       
# span 6 =   3.358743,   5.862302       
# span 7 =   3.358694,   5.862116       
# span 8 =     1.5828,     3.2318       
# span 9 =     1.2891,     2.7665       
# span 10 =       9.35,     101.65      
# span 11 =   26.03238,   26.06099      
# span 12 =  -93.27322,  -93.17373      
# span 13 =   -0.02491,    0.00716      
# span 14 =   -0.02623,    0.00653      
# span 15 =     2.4848,     4.8618      
# span 16 =     2.5015,     4.8791      
# span 17 =     4.0832,    28.8947      
# span 18 =     4.0844,    28.8946      
# span 19 =    34.9094,    36.5307      
# span 20 =    34.9087,    36.5317      
# span 21 =    22.7114,    27.7607      
# span 22 =    22.7109,    27.7592      
# span 23 =       0.00,    1586.82      
# span 24 =    108.044,    211.982      
# span 25 =    108.877,    212.741      
# span 26 =         30,         71      
# span 27 = 0.0000e+00, 0.0000e+00      
# interval = decibars: 1                
# start_time = Oct 04 2021 10:15:47 [NMEA time, header]
# bad_flag = -9.990e-29
*END*
      13404    558.470      2.980      3.000    28.7229    28.7241   5.808964   5.809183     3.1363     2.6572      99.91   26.05701  -93.26202   -0.00009    0.00123     4.3781     4.3658    28.7222    28.7234    35.7579    35.7585    22.7261    22.7261       0.00    191.180    190.643         46 0.0000e+00
      13661    569.166      3.974      4.000    28.7239    28.7254   5.809170   5.809398     3.1354     2.6574      91.34   26.05702  -93.26204   -0.00015    0.00140     4.3768     4.3665    28.7230    28.7244    35.7582    35.7587    22.7261    22.7260       0.00    191.125    190.676         38 0.0000e+00
      13697    570.673      4.967      5.000    28.7239    28.7254   5.809209   5.809458     3.1370     2.6566      96.51   26.05702  -93.26204    0.00011   -0.00002     4.3804     4.3655    28.7227    28.7241    35.7582    35.7589    22.7261    22.7262       0.00    191.279    190.632         40 0.0000e+00
      13739    572.437      5.961      6.000    28.7243    28.7258   5.809293   5.809544     3.1338     2.6552      92.59   26.05702  -93.26204   -0.00021   -0.00054     4.3750     4.3633    28.7228    28.7243    35.7582    35.7589    22.7261    22.7261       0.00    191.044    190.533         45 0.0000e+00
      13789    574.495      6.954      7.000    28.7254    28.7267   5.809463   5.809688     3.1347     2.6536      89.43   26.05702  -93.26204   -0.00083   -0.00087     4.3770     4.3610    28.7237    28.7250    35.7581    35.7588    22.7257    22.7258       0.00    191.133    190.435         54 0.0000e+00
      13839    576.576      7.948      8.000    28.7269    28.7269   5.809655   5.809714     3.1360     2.6566      84.86   26.05702  -93.26204    0.00081   -0.00011     4.3798     4.3669    28.7250    28.7249    35.7582    35.7586    22.7254    22.7257       0.00    191.255    190.694         41 0.0000e+00
      13874    578.037      8.941      9.000    28.7267    28.7277   5.809697   5.809894     3.1354     2.6588      99.76   26.05702  -93.26204    0.00041    0.00188     4.3792     4.3719    28.7246    28.7255    35.7583    35.7589    22.7256    22.7257       0.00    191.231    190.909         34 0.0000e+00
      13917    579.846      9.935     10.000    28.7242    28.7259   5.809480   5.809773     3.1347     2.6576     100.00   26.05702  -93.26204   -0.00019    0.00086     4.3787     4.3701    28.7218    28.7235    35.7585    35.7590    22.7266    22.7264       0.00    191.208    190.833         34 0.0000e+00
      13985    582.653     10.928     11.000    28.7236    28.7255   5.809419   5.809788     3.1341     2.6568     100.00   26.05702  -93.26206   -0.00017   -0.00081     4.3782     4.3689    28.7209    28.7229    35.7584    35.7591    22.7269    22.7267       0.00    191.187    190.779         36 0.0000e+00
      14026    584.395     11.922     12.000    28.7255    28.7262   5.809619   5.809796     3.1316     2.6567     100.00   26.05704  -93.26206   -0.00125    0.00007     4.3740     4.3693    28.7226    28.7233    35.7578    35.7583    22.7258    22.7260       0.00    191.004    190.796         49 0.0000e+00
      14088    586.977     12.915     13.000    28.7242    28.7262   5.809534   5.809810     3.1340     2.6548     100.00   26.05704  -93.26206    0.00070   -0.00079     4.3791     4.3661    28.7210    28.7230    35.7579    35.7583    22.7265    22.7261       0.00    191.226    190.657         71 0.0000e+00
      14150    589.551     13.908     14.000    28.7241    28.7260   5.809622   5.809922     3.1334     2.6545     100.00   26.05704  -93.26206   -0.00037   -0.00041     4.3785     4.3659    28.7207    28.7226    35.7583    35.7589    22.7269    22.7267       0.00    191.197    190.650         46 0.0000e+00
      14189    591.175     14.902     15.000    28.7267    28.7287   5.809957   5.810239     3.1336     2.6550     100.00   26.05704  -93.26206   -0.00008    0.00043     4.3792     4.3673    28.7231    28.7251    35.7582    35.7588    22.7260    22.7258       0.00    191.229    190.709         38 0.0000e+00
      14230    592.889     15.895     16.000    28.7263    28.7279   5.809856   5.810153     3.1336     2.6538      90.62   26.05704  -93.26206    0.00014   -0.00072     4.3797     4.3654    28.7225    28.7241    35.7576    35.7585    22.7258    22.7259       0.00    191.251    190.629         47 0.0000e+00
      14283    595.100     16.889     17.000    28.7267    28.7281   5.809946   5.810177     3.1317     2.6548      97.84   26.05704  -93.26206   -0.00058    0.00039     4.3769     4.3680    28.7226    28.7240    35.7577    35.7582    22.7258    22.7257       0.00    191.127    190.740         54 0.0000e+00
      14330    597.041     17.882     18.000    28.7263    28.7281   5.809964   5.810246     3.1317     2.6562     100.05   26.05704  -93.26206   -0.00037    0.00080     4.3773     4.3713    28.7219    28.7237    35.7578    35.7584    22.7261    22.7260       0.00    191.144    190.885         39 0.0000e+00
      14366    598.547     18.876     19.000    28.7264    28.7281   5.810014   5.810305     3.1318     2.6553      51.01   26.05704  -93.26207    0.00004    0.00039     4.3779     4.3700    28.7218    28.7235    35.7578    35.7585    22.7261    22.7261       0.00    191.174    190.829         36 0.0000e+00
      14412    600.470     19.869     20.000    28.7258    28.7275   5.809981   5.810254     3.1302     2.6515      97.72   26.05704  -93.26206   -0.00045   -0.00155     4.3756     4.3629    28.7210    28.7227    35.7577    35.7583    22.7263    22.7262     859.15    191.072    190.518         60 0.0000e+00
      14470    602.895     20.862     21.000    28.7251    28.7268   5.809927   5.810207     3.1317     2.6548     100.00   26.05704  -93.26207    0.00010    0.00057     4.3790     4.3701    28.7200    28.7218    35.7576    35.7582    22.7266    22.7265    1586.82    191.221    190.830         45 0.0000e+00
      14533    605.490     22.849     23.000    28.7131    28.7136   5.808322   5.808317     3.1282     2.6526      99.91   26.03238  -93.17373    0.00008   -0.00008     4.3734     4.3662    28.7075    28.7081    35.7387    35.7383    22.7114    22.7109    1542.59    190.974    190.662         44 0.0000e+00
      14596    608.131     23.842     24.000    28.7439    28.7470   5.814779   5.815408     3.1314     2.6547     100.00   26.05706  -93.26208   -0.00014    0.00057     4.3782     4.3695    28.7381    28.7413    35.7762    35.7782    22.7345    22.7350    1544.05    191.183    190.806         57 0.0000e+00
      14649    610.340     24.836     25.000    28.7432    28.7475   5.814690   5.815587     3.1293     2.6518      86.48   26.05706  -93.26208   -0.00032   -0.00123     4.3748     4.3643    28.7372    28.7414    35.7758    35.7788    22.7346    22.7354    1544.06    191.035    190.576         44 0.0000e+00
      14687    611.931     25.829     26.000    28.7785    28.7905   5.817485   5.825377     3.1298     2.6568      99.95   26.05706  -93.26208   -0.00111    0.00019     4.3693     4.3680    28.7471    28.7843    35.7874    35.8156    22.7400    22.7508    1544.06    190.793    190.736         36 0.0000e+00
      14729    613.648     26.823     27.000    28.8545    28.8554   5.843817   5.844213     3.1328     2.6545     100.00   26.05706  -93.26208    0.00096    0.00132     4.3705     4.3589    28.8497    28.8490    35.8922    35.8930    22.7844    22.7843    1544.08    190.836    190.332         48 0.0000e+00
      14778    615.721     27.816     28.000    28.8487    28.8510   5.843311   5.843670     3.1302     2.6499     100.00   26.05706  -93.26208    0.00014   -0.00215     4.3670     4.3517    28.8419    28.8442    35.8941    35.8948    22.7885    22.7883    1544.10    190.683    190.017         49 0.0000e+00
      14826    617.710     28.809     29.000    28.8477    28.8488   5.843391   5.843571     3.1268     2.6498      99.76   26.05706  -93.26208   -0.00206   -0.00092     4.3614     4.3522    28.8407    28.8418    35.8950    35.8954    22.7896    22.7895    1544.12    190.441    190.036         46 0.0000e+00
      14870    619.549     29.803     30.000    28.8535    28.8552   5.844664   5.844907     3.1281     2.6522     100.00   26.05706  -93.26208   -0.00001    0.00038     4.3638     4.3569    28.8463    28.8479    35.8992    35.8996    22.7908    22.7907    1544.14    190.546    190.246         43 0.0000e+00
      14912    621.310     30.796     31.000    28.8518    28.8532   5.844626   5.844860     3.1289     2.6533     100.00   26.05706  -93.26208    0.00059    0.00121     4.3658     4.3598    28.8443    28.8457    35.8999    35.9005    22.7921    22.7921    1544.15    190.634    190.371         42 0.0000e+00
      14959    623.253     31.789     32.000    28.8547    28.8538   5.845774   5.845715     3.1270     2.6487     100.00   26.05706  -93.26209   -0.00029   -0.00075     4.3626     4.3509    28.8470    28.8461    35.9054    35.9043    22.7953    22.7948    1544.17    190.493    189.979         54 0.0000e+00
      15015    625.601     32.783     33.000    28.8683    28.8700   5.848550   5.848811     3.1261     2.6463     100.00   26.05707  -93.26210   -0.00035   -0.00215     4.3603     4.3453    28.8603    28.8620    35.9141    35.9150    22.7974    22.7975    1544.19    190.393    189.734         51 0.0000e+00
      15055    627.268     33.776     34.000    28.8671    28.8687   5.848528   5.848806     3.1235     2.6507     100.00   26.05708  -93.26210   -0.00098    0.00089     4.3561     4.3547    28.8589    28.8605    35.9145    35.9153    22.7982    22.7982    1544.20    190.207    190.146         33 0.0000e+00
      15090    628.691     34.769     35.000    28.8689    28.8706   5.849152   5.849412     3.1256     2.6544      98.64   26.05708  -93.26210   -0.00076    0.00257     4.3605     4.3621    28.8604    28.8621    35.9168    35.9172    22.7994    22.7991    1544.22    190.397    190.469         39 0.0000e+00
      15144    630.978     35.763     36.000    28.8746    28.8760   5.850505   5.850701     3.1276     2.6528     100.03   26.05708  -93.26210    0.00108    0.00048     4.3638     4.3592    28.8659    28.8673    35.9220    35.9223    22.8015    22.8012    1544.24    190.542    190.340         66 0.0000e+00
      15199    633.254     36.756     37.000    28.8698    28.8716   5.851979   5.852136     3.1261     2.6489     100.00   26.05708  -93.26210   -0.00046   -0.00131     4.3619     4.3517    28.8608    28.8626    35.9359    35.9355    22.8136    22.8127    1544.25    190.459    190.013         43 0.0000e+00
      15236    634.806     37.749     38.000    28.9039    28.9038   5.862302   5.862116     3.1345     2.6532      82.00   26.05708  -93.26212    0.00114   -0.00075     4.3738     4.3576    28.8947    28.8946    35.9810    35.9798    22.8362    22.8353    1544.26    190.972    190.265         33 0.0000e+00
      15271    636.258     38.743     39.000    28.8866    28.8891   5.861044   5.861429     3.1398     2.6643      99.37   26.05708  -93.26212    0.00414    0.00359     4.3852     4.3815    28.8772    28.8797    35.9851    35.9858    22.8451    22.8448    1544.28    191.467    191.307         40 0.0000e+00
      15328    638.635     39.736     40.000    28.8720    28.8738   5.860144   5.860326     3.1456     2.6634     100.00   26.05708  -93.26212    0.00306    0.00283     4.3972     4.3811    28.8623    28.8641    35.9896    35.9895    22.8534    22.8528    1544.30    191.992    191.289         67 0.0000e+00
      15379    640.743     40.729     41.000    28.8602    28.8627   5.861573   5.861867     3.1471     2.6704     100.00   26.05708  -93.26212    0.00150    0.00026     4.4000     4.3945    28.8503    28.8528    36.0088    36.0087    22.8719    22.8710    1544.32    192.109    191.870         35 0.0000e+00
      15446    643.543     42.716     43.000    28.6561    28.6630   5.844571   5.845252     3.1680     2.6904      99.92   26.03600  -93.18668    0.00617    0.00652     4.4556     4.4520    28.6501    28.6526    36.0337    36.0351    22.9548    22.9543    1543.09    194.519    194.364         56 0.0000e+00
      15512    646.301     43.709     44.000    28.5733    28.5792   5.840122   5.840739     3.1858     2.7075     100.00   26.05708  -93.26212    0.00716    0.00647     4.4936     4.4916    28.5627    28.5687    36.0756    36.0754    23.0180    23.0158    1544.34    196.169    196.082         49 0.0000e+00
      15557    648.159     44.702     45.000    28.3735    28.3827   5.822605   5.823704     3.1952     2.7160     100.00   26.05708  -93.26212    0.00660    0.00631     4.5264     4.5233    28.3627    28.3720    36.1052    36.1058    23.1065    23.1038    1544.34    197.586    197.448         42 0.0000e+00
      15598    649.868     45.696     46.000    28.0084    28.0210   5.785361   5.787047     3.1952     2.7164     100.00   26.05708  -93.26214    0.00362    0.00325     4.5560     4.5516    27.9963    28.0101    36.1236    36.1249    23.2411    23.2375    1544.33    198.848    198.657         40 0.0000e+00
      15639    651.571     46.689     47.000    27.6918    27.7081   5.751980   5.753945     3.1934     2.7182      98.78   26.05708  -93.26214   -0.00026    0.00060     4.5787     4.5791    27.6808    27.6970    36.1300    36.1314    23.3490    23.3448    1544.30    199.819    199.840         44 0.0000e+00
      15693    653.839     47.682     48.000    27.3489    27.3599   5.717712   5.718892     3.1970     2.7209      98.40   26.05708  -93.26214    0.00057    0.00185     4.6135     4.6109    27.3378    27.3488    36.1511    36.1510    23.4763    23.4727    1544.26    201.315    201.200         62 0.0000e+00
      15742    655.895     48.675     49.000    27.2286    27.2322   5.706286   5.706915     3.1953     2.7197     100.07   26.05708  -93.26214    0.00143    0.00174     4.6203     4.6190    27.2173    27.2208    36.1625    36.1643    23.5238    23.5240    1544.20    201.602    201.541         34 0.0000e+00
      15774    657.223     49.669     50.000    27.0032    27.0129   5.682196   5.683434     3.1882     2.7172      70.00   26.05708  -93.26214   -0.00223   -0.00253     4.6262     4.6312    26.9916    27.0013    36.1650    36.1663    23.5982    23.5961    1544.14    201.842    202.063         36 0.0000e+00
      15827    659.401     50.662     51.000    26.9091    26.9113   5.672924   5.673373     3.1866     2.7177      97.30   26.05708  -93.26214   -0.00300   -0.00096     4.6314     4.6406    26.8974    26.8996    36.1714    36.1729    23.6333    23.6337    1544.09    202.061    202.463         67 0.0000e+00
      15883    661.756     51.655     52.000    26.8843    26.8885   5.670940   5.671567     3.1862     2.7174     100.22   26.05708  -93.26214    0.00101    0.00013     4.6344     4.6425    26.8724    26.8766    36.1762    36.1774    23.6449    23.6445    1544.03    202.193    202.547         36 0.0000e+00
      15919    663.237     52.648     53.000    26.7493    26.7528   5.656882   5.657395     3.1816     2.7111     100.00   26.05708  -93.26214   -0.00120   -0.00130     4.6361     4.6392    26.7338    26.7408    36.1826    36.1836    23.6940    23.6937    1543.97    202.256    202.392         36 0.0000e+00
      15962    665.032     53.642     54.000    26.6826    26.6869   5.652191   5.652722     3.1794     2.7071     100.00   26.05708  -93.26214   -0.00229   -0.00308     4.6376     4.6369    26.6702    26.6746    36.1981    36.1986    23.7259    23.7249    1543.90    202.317    202.286         50 0.0000e+00
      16014    667.224     54.635     55.000    26.5330    26.5449   5.639805   5.641052     3.1835     2.7141     100.00   26.05708  -93.26215    0.00043    0.00033     4.6577     4.6627    26.5205    26.5324    36.2255    36.2252    23.7941    23.7902    1543.84    203.180    203.396         52 0.0000e+00
