Gulf of Mexico/GOMECC-4/1db/drb2103_0831.cnv
* Sea-Bird SBE 9 Data File:
* FileName = C:\Users\scs.user.rb\CTD\GOMECC4\data\rb2103_0831.hex
* Software Version Seasave V 7.26.7.107
* Temperature SN = 4799
* Conductivity SN = 3860
* Number of Bytes Per Scan = 41
* Number of Voltage Words = 4
* Number of Scans Averaged by the Deck Unit = 1
* NMEA Latitude = 22 16.43 N
* NMEA Longitude = 095 00.01 W
* NMEA UTC (Time) = Oct 07 2021  05:34:53
* NMEA baud rate = 4800
# nquan = 28
# nvalues = 271                         
# units = specified
# name 0 = scan: Scan Count
# name 1 = timeS: Time, Elapsed [seconds]
# name 2 = depSM: Depth [salt water, m]
# name 3 = prDM: Pressure, Digiquartz [db]
# name 4 = t090C: Temperature [ITS-90, deg C]
# name 5 = t190C: Temperature, 2 [ITS-90, deg C]
# name 6 = c0S/m: Conductivity [S/m]
# name 7 = c1S/m: Conductivity, 2 [S/m]
# name 8 = sbeox0V: Oxygen raw, SBE 43 [V]
# name 9 = sbeox1V: Oxygen raw, SBE 43, 2 [V]
# name 10 = altM: Altimeter [m]
# name 11 = latitude: Latitude [deg]
# name 12 = longitude: Longitude [deg]
# name 13 = sbox0dV/dT: Oxygen, SBE 43 [dov/dt]
# name 14 = sbox1dV/dT: Oxygen, SBE 43, 2 [dov/dt]
# name 15 = sbeox0ML/L: Oxygen, SBE 43 [ml/l], WS = 5
# name 16 = sbeox1ML/L: Oxygen, SBE 43, 2 [ml/l], WS = 5
# name 17 = potemp090C: Potential Temperature [ITS-90, deg C]
# name 18 = potemp190C: Potential Temperature, 2 [ITS-90, deg C]
# name 19 = sal00: Salinity, Practical [PSU]
# name 20 = sal11: Salinity, Practical, 2 [PSU]
# name 21 = sigma-é00: Density [sigma-theta, kg/m^3]
# name 22 = sigma-é11: Density, 2 [sigma-theta, kg/m^3]
# name 23 = avgsvCM: Average Sound Velocity [Chen-Millero, m/s], minP = 20, minS = 20
# name 24 = sbox0Mm/Kg: Oxygen, SBE 43 [umol/kg], WS = 5
# name 25 = sbox1Mm/Kg: Oxygen, SBE 43, 2 [umol/kg], WS = 5
# name 26 = nbin: number of scans per bin
# name 27 = flag: flag
# span 0 =       7789,      98127       
# span 1 =    324.503,   4088.591       
# span 2 =      4.969,   3395.802       
# span 3 =      5.000,   3445.000       
# span 4 =     4.2776,    29.5743       
# span 5 =     4.2782,    29.5766       
# span 6 =   3.344632,   5.968491       
# span 7 =   3.344600,   5.968886       
# span 8 =     1.5798,     3.3757       
# span 9 =     1.2845,     2.8940       
# span 10 =       9.77,     100.70      
# span 11 =   22.26806,   22.27463      
# span 12 =  -95.00376,  -94.97569      
# span 13 =   -0.03744,    0.02519      
# span 14 =   -0.03419,    0.02742      
# span 15 =     2.4994,     5.1077      
# span 16 =     2.5149,     5.1193      
# span 17 =     4.0775,    29.5669      
# span 18 =     4.0787,    29.5692      
# span 19 =    34.9137,    36.5061      
# span 20 =    34.9131,    36.5079      
# span 21 =    22.7805,    27.7589      
# span 22 =    22.7807,    27.7575      
# span 23 =       0.00,    1546.39      
# span 24 =    108.760,    222.710      
# span 25 =    109.437,    223.214      
# span 26 =         30,         69      
# span 27 = 0.0000e+00, 0.0000e+00      
# interval = decibars: 1                
# start_time = Oct 07 2021 05:34:53 [NMEA time, header]
# bad_flag = -9.990e-29
*END*
[from data line 156]
      14396    599.781    176.812    178.000    17.2909    17.2927   4.676120   4.676458     1.8222     1.4998     100.00   22.27378  -95.00019   -0.00036   -0.00049     2.5254     2.5444    17.2609    17.2627    36.2988    36.3002    26.4487    26.4493    1532.18    109.878    110.703         30 0.0000e+00
      14426    601.038    177.805    179.000    17.2567    17.2588   4.672064   4.672446     1.8209     1.4983     100.00   22.27378  -95.00020   -0.00090   -0.00132     2.5247     2.5427    17.2265    17.2287    36.2938    36.2952    26.4532    26.4538    1532.10    109.845    110.629         31 0.0000e+00
      14458    602.354    178.798    180.000    17.2142    17.2164   4.667100   4.667501     1.8195     1.4965     100.00   22.27378  -95.00020   -0.00115   -0.00142     2.5240     2.5407    17.1840    17.1862    36.2883    36.2897    26.4592    26.4598    1532.03    109.816    110.544         32 0.0000e+00
      14490    603.712    179.791    181.000    17.1699    17.1717   4.661847   4.662186     1.8175     1.4953     100.00   22.27378  -95.00019   -0.00117   -0.00118     2.5221     2.5402    17.1396    17.1414    36.2818    36.2832    26.4650    26.4656    1531.95    109.734    110.520         34 0.0000e+00
      14525    605.180    180.783    182.000    17.1229    17.1255   4.656257   4.656725     1.8149     1.4930     100.00   22.27378  -95.00019   -0.00148   -0.00117     2.5191     2.5372    17.0925    17.0951    36.2748    36.2766    26.4710    26.4717    1531.87    109.603    110.390         35 0.0000e+00
      14559    606.574    181.776    183.000    17.0421    17.0460   4.646719   4.647377     1.8121     1.4899      99.76   22.27378  -95.00019   -0.00174   -0.00158     2.5173     2.5338    17.0116    17.0155    36.2637    36.2659    26.4819    26.4827    1531.79    109.524    110.241         31 0.0000e+00
      14588    607.805    182.769    184.000    16.9598    16.9620   4.637166   4.637577     1.8086     1.4862      98.50   22.27378  -95.00019   -0.00210   -0.00222     2.5141     2.5293    16.9293    16.9314    36.2537    36.2553    26.4939    26.4947    1531.71    109.383    110.041         30 0.0000e+00
      14619    609.076    183.762    185.000    16.9321    16.9334   4.633886   4.634148     1.8064     1.4839      92.97   22.27378  -95.00018   -0.00239   -0.00253     2.5108     2.5252    16.9014    16.9027    36.2495    36.2506    26.4974    26.4979    1531.63    109.239    109.866         32 0.0000e+00
      14653    610.485    184.755    186.000    16.8998    16.9017   4.630137   4.630469     1.8047     1.4835      97.81   22.27378  -95.00018   -0.00194   -0.00176     2.5089     2.5263    16.8690    16.8709    36.2453    36.2465    26.5018    26.5023    1531.56    109.156    109.911         34 0.0000e+00
      14687    611.903    185.748    187.000    16.8652    16.8673   4.626363   4.626649     1.8032     1.4829      99.60   22.27378  -95.00018   -0.00120   -0.00059     2.5077     2.5268    16.8365    16.8368    36.2410    36.2423    26.5063    26.5071    1531.48    109.101    109.933         34 0.0000e+00
      14719    613.268    186.740    188.000    16.8070    16.8095   4.619216   4.619652     1.8021     1.4815      99.64   22.27378  -95.00018   -0.00103   -0.00050     2.5088     2.5266    16.7760    16.7784    36.2322    36.2338    26.5140    26.5147    1531.39    109.147    109.925         31 0.0000e+00
      14750    614.523    187.733    189.000    16.7635    16.7660   4.614108   4.614537     1.8011     1.4804     100.00   22.27378  -95.00018   -0.00089   -0.00087     2.5090     2.5263    16.7324    16.7348    36.2261    36.2277    26.5197    26.5203    1531.32    109.157    109.909         30 0.0000e+00
      14780    615.785    188.726    190.000    16.7262    16.7278   4.609874   4.610173     1.8005     1.4794     100.00   22.27378  -95.00018   -0.00074   -0.00096     2.5100     2.5262    16.6950    16.6965    36.2221    36.2233    26.5255    26.5261    1531.24    109.199    109.905         32 0.0000e+00
      14815    617.234    189.719    191.000    16.7073    16.7089   4.607662   4.607969     1.8001     1.4794     100.00   22.27378  -95.00018   -0.00052   -0.00058     2.5104     2.5274    16.6758    16.6775    36.2193    36.2205    26.5279    26.5284    1531.16    109.217    109.959         36 0.0000e+00
      14849    618.672    190.712    192.000    16.6771    16.6792   4.604114   4.604480     1.7982     1.4793      42.30   22.27378  -95.00018   -0.00055   -0.00014     2.5080     2.5290    16.6456    16.6477    36.2149    36.2162    26.5316    26.5321    1531.08    109.114    110.025         32 0.0000e+00
      14880    619.954    191.705    193.000    16.6403    16.6424   4.599766   4.600138     1.7972     1.4785      99.80   22.27378  -95.00018   -0.00092   -0.00017     2.5080     2.5293    16.6087    16.6107    36.2094    36.2108    26.5361    26.5367    1531.00    109.111    110.039         31 0.0000e+00
      14912    621.297    192.697    194.000    16.5774    16.5793   4.592391   4.592893     1.7966     1.4767     100.00   22.27378  -95.00018   -0.00089   -0.00059     2.5103     2.5281    16.5457    16.5476    36.2007    36.2020    26.5443    26.5449    1530.93    109.210    109.987         33 0.0000e+00
      14945    622.647    193.690    195.000    16.5353    16.5375   4.587482   4.587860     1.7954     1.4755     100.00   22.27378  -95.00018   -0.00066   -0.00106     2.5101     2.5278    16.5035    16.5057    36.1950    36.1963    26.5499    26.5504    1530.85    109.202    109.972         32 0.0000e+00
      14976    623.964    194.683    196.000    16.4970    16.4987   4.583026   4.583331     1.7942     1.4750     100.00   22.27378  -95.00018   -0.00084   -0.00095     2.5098     2.5290    16.4651    16.4668    36.1898    36.1910    26.5549    26.5554    1530.77    109.186    110.025         32 0.0000e+00
      15009    625.339    195.676    197.000    16.4632    16.4654   4.579056   4.579428     1.7938     1.4750     100.00   22.27378  -95.00018   -0.00071   -0.00040     2.5112     2.5310    16.4311    16.4333    36.1849    36.1862    26.5591    26.5596    1530.70    109.247    110.110         34 0.0000e+00
      15043    626.730    196.669    198.000    16.4110    16.4133   4.573062   4.573432     1.7928     1.4738     100.00   22.27378  -95.00018   -0.00049   -0.00026     2.5120     2.5311    16.3788    16.3811    36.1786    36.1798    26.5666    26.5669    1530.63    109.281    110.113         32 0.0000e+00
      15075    628.073    197.661    199.000    16.3718    16.3748   4.568434   4.568897     1.7920     1.4727     100.00   22.27378  -95.00018   -0.00056   -0.00063     2.5126     2.5304    16.3396    16.3425    36.1726    36.1741    26.5712    26.5716    1530.55    109.307    110.084         33 0.0000e+00
      15107    629.416    198.654    200.000    16.3368    16.3388   4.564269   4.564619     1.7912     1.4724      99.42   22.27378  -95.00018   -0.00064   -0.00072     2.5130     2.5319    16.3044    16.3064    36.1670    36.1683    26.5751    26.5756    1530.48    109.325    110.148         32 0.0000e+00
      15139    630.736    199.647    201.000    16.2982    16.3009   4.559659   4.560080     1.7901     1.4706      88.29   22.27378  -95.00018   -0.00063   -0.00065     2.5129     2.5297    16.2657    16.2684    36.1606    36.1620    26.5792    26.5796    1530.40    109.321    110.052         31 0.0000e+00
      15170    632.046    200.640    202.000    16.2670    16.2679   4.556140   4.556306     1.7889     1.4698      99.85   22.27378  -95.00018   -0.00083   -0.00085     2.5121     2.5297    16.2343    16.2352    36.1573    36.1580    26.5839    26.5842    1530.32    109.285    110.050         32 0.0000e+00
      23936    997.290    551.785    556.000     8.3044     8.3055   3.676304   3.676373     1.5798     1.2845     100.00   22.27330  -94.99812    0.00064    0.00056     2.5633     2.5861     8.2456     8.2466    35.0191    35.0188    27.2516    27.2512    1512.23    111.440    112.433         30 0.0000e+00
      29340   1222.454    766.741    773.000     6.2695     6.2703   3.488178   3.488194     1.6915     1.3897     100.00   22.27375  -94.99998    0.00089    0.00086     3.1451     3.1741     6.1984     6.1992    34.9137    34.9131    27.4589    27.4583    1506.00    136.707    137.966         31 0.0000e+00
      31118   1296.547    837.024    844.000     5.7656     5.7661   3.445528   3.445522     1.7527     1.4462     100.00   22.27357  -94.99918    0.00056    0.00062     3.4208     3.4498     5.6908     5.6913    34.9160    34.9154    27.5254    27.5249    1504.46    148.679    149.942         30 0.0000e+00
      32495   1353.908    891.452    899.000     5.4677     5.4682   3.421517   3.421513     1.7924     1.4832     100.00   22.27404  -95.00114    0.00056    0.00064     3.6071     3.6373     5.3896     5.3901    34.9236    34.9230    27.5684    27.5679    1503.43    156.771    158.083         32 0.0000e+00
      33019   1375.738    912.229    920.000     5.3493     5.3498   3.411997   3.411983     1.8095     1.4987     100.00   22.27398  -95.00089    0.00068    0.00059     3.6864     3.7160     5.2701     5.2706    34.9271    34.9264    27.5856    27.5850    1503.06    160.216    161.500         30 0.0000e+00
      33893   1412.160    946.855    955.000     5.2071     5.2076   3.400969   3.400950     1.8295     1.5172     100.00   22.27371  -94.99981    0.00099    0.00084     3.7861     3.8156     5.1257     5.1262    34.9308    34.9302    27.6057    27.6051    1502.45    164.545    165.828         31 0.0000e+00
      34119   1421.576    955.758    964.000     5.1651     5.1656   3.397664   3.397639     1.8344     1.5218     100.00   22.27371  -94.99978    0.00070    0.00049     3.8119     3.8418     5.0832     5.0837    34.9321    34.9313    27.6118    27.6110    1502.31    165.665    166.963         31 0.0000e+00
      34648   1443.618    976.530    985.000     5.1030     5.1034   3.393237   3.393213     1.8473     1.5344     100.00   22.27436  -95.00255    0.00044    0.00075     3.8731     3.9057     5.0196     5.0200    34.9354    34.9347    27.6218    27.6212    1502.03    168.322    169.739         31 0.0000e+00
      35653   1485.490   1016.088   1025.000     4.9862     4.9866   3.384679   3.384657     1.8622     1.5474      89.23   22.27398  -95.00094    0.00042    0.00044     3.9577     3.9873     4.9000     4.9004    34.9386    34.9379    27.6382    27.6376    1501.43    171.996    173.286         30 0.0000e+00
      35956   1498.118   1027.955   1037.000     4.9408     4.9412   3.381243   3.381233     1.8705     1.5556      94.96   22.27402  -95.00111    0.00073    0.00065     3.9975     4.0293     4.8538     4.8543    34.9403    34.9397    27.6449    27.6444    1501.27    173.727    175.109         30 0.0000e+00
      37176   1548.966   1075.413   1085.000     4.7750     4.7754   3.368830   3.368810     1.8987     1.5809     100.00   22.27364  -94.99945    0.00057    0.00056     4.1402     4.1694     4.6850     4.6854    34.9459    34.9452    27.6686    27.6680    1500.64    179.923    181.190         30 0.0000e+00
      38368   1598.625   1121.872   1132.000     4.6399     4.6403   3.359135   3.359104     1.9212     1.6020     100.00   22.27350  -94.99896    0.00037    0.00013     4.2613     4.2916     4.5468     4.5472    34.9513    34.9505    27.6883    27.6876    1500.09    185.180    186.498         30 0.0000e+00
      38824   1617.607   1139.663   1150.000     4.6087     4.6091   3.357251   3.357216     1.9267     1.6068     100.00   22.27382  -95.00035    0.00036    0.00034     4.2944     4.3239     4.5142     4.5146    34.9531    34.9523    27.6934    27.6927    1499.92    186.618    187.902         30 0.0000e+00
      40778   1699.043   1215.748   1227.000     4.4801     4.4806   3.349418   3.349390     1.9451     1.6234     100.00   22.27351  -94.99910    0.00017    0.00005     4.4199     4.4479     4.3798     4.3803    34.9584    34.9575    27.7124    27.7116    1499.17    192.069    193.285         30 0.0000e+00
      40930   1705.371   1221.675   1233.000     4.4723     4.4727   3.349023   3.348986     1.9464     1.6252      89.56   22.27370  -94.99994    0.00030    0.00022     4.4288     4.4595     4.3715     4.3719    34.9590    34.9581    27.7138    27.7131    1499.14    192.457    193.789         31 0.0000e+00
      43568   1815.308   1324.393   1337.000     4.3693     4.3696   3.344632   3.344600     1.9572     1.6351     100.00   22.27398  -95.00100    0.00011    0.00019     4.5419     4.5721     4.2600     4.2604    34.9645    34.9637    27.7303    27.7296    1498.40    197.369    198.681         31 0.0000e+00
      43695   1820.573   1329.330   1342.000     4.3669     4.3674   3.344636   3.344607     1.9574     1.6353      97.39   22.27390  -95.00068    0.00002    0.00004     4.5458     4.5764     4.2572     4.2577    34.9645    34.9636    27.7307    27.7299    1498.37    197.536    198.868         30 0.0000e+00
      43820   1825.782   1334.267   1347.000     4.3653     4.3657   3.344645   3.344606     1.9579     1.6359     100.00   22.27341  -94.99858    0.00017    0.00009     4.5510     4.5818     4.2551     4.2556    34.9638    34.9629    27.7303    27.7295    1498.30    197.765    199.104         30 0.0000e+00
      44050   1835.377   1343.153   1356.000     4.3612     4.3616   3.344694   3.344658     1.9572     1.6351     100.00   22.27356  -94.99921   -0.00009   -0.00012     4.5542     4.5846     4.2503     4.2507    34.9642    34.9634    27.7312    27.7305    1498.25    197.904    199.224         30 0.0000e+00
      46257   1927.316   1428.048   1442.000     4.3198     4.3202   3.344767   3.344721     1.9557     1.6335      99.91   22.27332  -94.99825   -0.00007   -0.00005     4.6050     4.6350     4.2014     4.2018    34.9663    34.9654    27.7381    27.7373    1497.81    200.109    201.414         30 0.0000e+00
      46825   1950.985   1449.759   1464.000     4.3142     4.3146   3.345272   3.345246     1.9546     1.6315      83.01   22.27381  -95.00045   -0.00012   -0.00022     4.6148     4.6408     4.1938     4.1942    34.9674    34.9667    27.7397    27.7391    1497.75    200.535    201.666         30 0.0000e+00
      48599   2024.904   1517.840   1533.000     4.2976     4.2980   3.346756   3.346731     1.9490     1.6264     100.00   22.27383  -95.00050   -0.00008   -0.00001     4.6372     4.6639     4.1710     4.1714    34.9685    34.9678    27.7431    27.7424    1497.53    201.506    202.667         32 0.0000e+00
      50911   2121.243   1606.609   1623.000     4.2867     4.2873   3.349616   3.349583     1.9390     1.6172     100.00   22.27388  -95.00063   -0.00007   -0.00005     4.6552     4.6821     4.1517     4.1523    34.9698    34.9688    27.7461    27.7453    1497.33    202.288    203.457         30 0.0000e+00
      52192   2174.623   1655.909   1673.000     4.2824     4.2828   3.351284   3.351241     1.9328     1.6111     100.00   22.27351  -94.99900   -0.00018   -0.00020     4.6622     4.6877     4.1426     4.1431    34.9697    34.9687    27.7470    27.7462    1497.23    202.593    203.703         30 0.0000e+00
      52937   2205.678   1684.497   1702.000     4.2810     4.2815   3.352383   3.352347     1.9292     1.6076     100.00   22.27364  -94.99957   -0.00005   -0.00002     4.6658     4.6908     4.1386     4.1390    34.9700    34.9690    27.7477    27.7469    1497.21    202.747    203.834         30 0.0000e+00
      53064   2210.947   1689.426   1707.000     4.2806     4.2811   3.352528   3.352497     1.9286     1.6069     100.00   22.27341  -94.99860   -0.00007 -6.245e-07     4.6669     4.6913     4.1377     4.1382    34.9697    34.9688    27.7476    27.7468    1497.20    202.798    203.856         32 0.0000e+00
