Gulf of Mexico/GOMECC-4/1db/drb2103_0401.cnv
* Sea-Bird SBE 9 Data File:
* FileName = C:\Users\scs.user.rb\CTD\GOMECC4\data\rb2103_0401.hex
* Software Version Seasave V 7.26.7.107
* Temperature SN = 4799
* Conductivity SN = 3860
* Number of Bytes Per Scan = 41
* Number of Voltage Words = 4
* Number of Scans Averaged by the Deck Unit = 1
* NMEA Latitude = 27 54.62 N
* NMEA Longitude = 090 00.08 W
* NMEA UTC (Time) = Sep 25 2021  23:21:03
* NMEA baud rate = 4800
# nquan = 28
# nvalues = 234                         
# units = specified
# name 0 = scan: Scan Count
# name 1 = timeS: Time, Elapsed [seconds]
# name 2 = depSM: Depth [salt water, m]
# name 3 = prDM: Pressure, Digiquartz [db]
# name 4 = t090C: Temperature [ITS-90, deg C]
# name 5 = t190C: Temperature, 2 [ITS-90, deg C]
# name 6 = c0S/m: Conductivity [S/m]
# name 7 = c1S/m: Conductivity, 2 [S/m]
# name 8 = sbeox0V: Oxygen raw, SBE 43 [V]
# name 9 = sbeox1V: Oxygen raw, SBE 43, 2 [V]
# name 10 = altM: Altimeter [m]
# name 11 = latitude: Latitude [deg]
# name 12 = longitude: Longitude [deg]
# name 13 = sbox0dV/dT: Oxygen, SBE 43 [dov/dt]
# name 14 = sbox1dV/dT: Oxygen, SBE 43, 2 [dov/dt]
# name 15 = sbeox0ML/L: Oxygen, SBE 43 [ml/l], WS = 5
# name 16 = sbeox1ML/L: Oxygen, SBE 43, 2 [ml/l], WS = 5
# name 17 = potemp090C: Potential Temperature [ITS-90, deg C]
# name 18 = potemp190C: Potential Temperature, 2 [ITS-90, deg C]
# name 19 = sal00: Salinity, Practical [PSU]
# name 20 = sal11: Salinity, Practical, 2 [PSU]
# name 21 = sigma-é00: Density [sigma-theta, kg/m^3]
# name 22 = sigma-é11: Density, 2 [sigma-theta, kg/m^3]
# name 23 = avgsvCM: Average Sound Velocity [Chen-Millero, m/s], minP = 20, minS = 20
# name 24 = sbox0Mm/Kg: Oxygen, SBE 43 [umol/kg], WS = 5
# name 25 = sbox1Mm/Kg: Oxygen, SBE 43, 2 [umol/kg], WS = 5
# name 26 = nbin: number of scans per bin
# name 27 = flag: flag
# span 0 =      14517,      36328       
# span 1 =    604.854,   1513.626       
# span 2 =      2.980,    671.417       
# span 3 =      3.000,    677.000       
# span 4 =     6.7142,    28.5349       
# span 5 =     6.7137,    28.5482       
# span 6 =   3.524577,   5.862052       
# span 7 =   3.525005,   5.862265       
# span 8 =     1.6022,     3.1526       
# span 9 =     1.3082,     2.6847       
# span 10 =      10.38,     102.88      
# span 11 =   27.76109,   27.93294      
# span 12 =  -90.07279,  -89.51868      
# span 13 =   -0.02528,    0.03287      
# span 14 =   -0.02475,    0.03223      
# span 15 =     2.5864,     4.5242      
# span 16 =     2.6195,     4.5313      
# span 17 =     6.6501,    28.5328      
# span 18 =     6.6496,    28.5461      
# span 19 =    34.9107,    36.7350      
# span 20 =    34.9099,    36.7363      
# span 21 =    23.0358,    27.4068      
# span 22 =    23.0359,    27.4061      
# span 23 =       0.00,    1544.16      
# span 24 =    112.454,    197.357      
# span 25 =    113.901,    197.667      
# span 26 =         30,         64      
# span 27 = 0.0000e+00, 0.0000e+00      
# interval = decibars: 1                
# start_time = Sep 25 2021 23:21:03 [NMEA time, header]
# bad_flag = -9.990e-29
*END*
[from data line 156]
      21888    911.946    176.741    178.000    17.5828    17.5845   4.717557   4.717780     2.2214     1.8704     100.00   27.91118  -90.00210   -0.00276   -0.00230     3.4175     3.4525    17.5524    17.5541    36.3969    36.3973    26.4530    26.4529    1530.46    148.694    150.215         43 0.0000e+00
      21929    913.653    177.734    179.000    17.5584    17.5596   4.714653   4.714852     2.2191     1.8686      81.60   27.91118  -90.00210   -0.00200   -0.00147     3.4146     3.4500    17.5280    17.5291    36.3932    36.3938    26.4561    26.4563    1530.40    148.565    150.106         36 0.0000e+00
      21961    915.020    178.726    180.000    17.5391    17.5409   4.712387   4.712602     2.2169     1.8678      94.50   27.91118  -90.00210   -0.00149   -0.00090     3.4114     3.4498    17.5085    17.5103    36.3905    36.3907    26.4588    26.4586    1530.33    148.428    150.099         31 0.0000e+00
      21993    916.322    179.719    181.000    17.5154    17.5168   4.709558   4.709745     2.2145     1.8656      99.95   27.91118  -90.00210   -0.00158   -0.00101     3.4080     3.4464    17.4846    17.4860    36.3869    36.3872    26.4619    26.4618    1530.27    148.279    149.948         33 0.0000e+00
      22027    917.741    180.711    182.000    17.4993    17.5008   4.707669   4.707871     2.2134     1.8638     100.00   27.91118  -90.00210   -0.00152   -0.00134     3.4072     3.4435    17.4684    17.4698    36.3845    36.3849    26.4640    26.4640    1530.20    148.242    149.824         36 0.0000e+00
      22064    919.306    181.704    183.000    17.4701    17.4721   4.704163   4.704406     2.2112     1.8609      86.00   27.91118  -90.00210   -0.00114   -0.00145     3.4046     3.4387    17.4390    17.4411    36.3799    36.3802    26.4676    26.4673    1530.14    148.129    149.613         37 0.0000e+00
      22099    920.745    182.696    184.000    17.4413    17.4428   4.700705   4.700878     2.2088     1.8584      82.25   27.91118  -90.00210   -0.00135   -0.00178     3.4017     3.4350    17.4101    17.4116    36.3753    36.3755    26.4712    26.4710    1530.08    148.001    149.450         31 0.0000e+00
      22129    921.981    183.689    185.000    17.4218    17.4234   4.698340   4.698542     2.2065     1.8577      99.74   27.91118  -90.00210   -0.00167   -0.00155     3.3985     3.4351    17.3905    17.3921    36.3719    36.3722    26.4733    26.4732    1530.02    147.861    149.457         31 0.0000e+00
      22165    923.480    184.681    186.000    17.3718    17.3757   4.692178   4.692641     2.2024     1.8540     100.00   27.91118  -90.00211   -0.00197   -0.00133     3.3930     3.4297    17.3403    17.3442    36.3629    36.3634    26.4786    26.4781    1529.96    147.624    149.219         42 0.0000e+00
      22206    925.221    185.673    187.000    17.3187    17.3200   4.685595   4.685734     2.1945     1.8456     100.00   27.91118  -90.00212   -0.00331   -0.00295     3.3794     3.4129    17.2869    17.2884    36.3531    36.3529    26.4841    26.4836    1529.89    147.031    148.488         37 0.0000e+00
      22266    927.703    187.658    189.000    17.1835    17.1842   4.668816   4.668883     2.1786     1.8283      99.99   27.90789  -89.99144   -0.00553   -0.00627     3.3538     3.3799    17.1518    17.1525    36.3260    36.3259    26.4957    26.4954    1529.59    145.916    147.052         32 0.0000e+00
      22303    929.229    188.651    190.000    17.1487    17.1502   4.664927   4.665098     2.1710     1.8225     100.00   27.91120  -90.00212   -0.00608   -0.00620     3.3391     3.3682    17.1169    17.1184    36.3242    36.3244    26.5031    26.5028    1529.71    145.273    146.540         37 0.0000e+00
      22342    930.873    189.643    191.000    17.1260    17.1251   4.662231   4.662146     2.1639     1.8176     100.00   27.91120  -90.00212   -0.00533   -0.00424     3.3248     3.3578    17.0940    17.0931    36.3208    36.3209    26.5059    26.5062    1529.65    144.651    146.086         41 0.0000e+00
      22380    932.453    190.636    192.000    17.0825    17.0981   4.656911   4.658809     2.1581     1.8132     100.00   27.91120  -90.00212   -0.00418   -0.00297     3.3158     3.3500    17.0504    17.0660    36.3130    36.3157    26.5104    26.5087    1529.58    144.258    145.747         33 0.0000e+00
      22438    934.863    192.621    194.000    16.9946    16.9969   4.646185   4.646434     2.1442     1.7998     100.00   27.91021  -89.99893   -0.00473   -0.00424     3.2903     3.3231    16.9623    16.9646    36.2972    36.2973    26.5193    26.5189    1529.41    143.150    144.574         30 0.0000e+00
      22476    936.448    193.613    195.000    16.9446    16.9456   4.640185   4.640287     2.1329     1.7879      99.75   27.91120  -90.00212   -0.00627   -0.00631     3.2680     3.2970    16.9122    16.9132    36.2896    36.2895    26.5256    26.5253    1529.40    142.176    143.438         47 0.0000e+00
      22522    938.379    194.606    196.000    16.9278    16.9289   4.638148   4.638276     2.1182     1.7721     100.01   27.91120  -90.00212   -0.00745   -0.00784     3.2358     3.2586    16.8952    16.8963    36.2865    36.2866    26.5273    26.5271    1529.34    140.777    141.767         39 0.0000e+00
      22609    941.982    197.583    199.000    16.8753    16.8764   4.631909   4.632103     2.1090     1.7699      92.93   27.90576  -89.98450   -0.00319   -0.00180     3.2200     3.2587    16.8423    16.8434    36.2755    36.2756    26.5309    26.5307    1528.85    140.087    141.770         41 0.0000e+00
      22651    943.762    198.575    200.000    16.8631    16.8643   4.631149   4.631283     2.1227     1.7855      88.97   27.91122  -90.00212    0.00266    0.00503     3.2521     3.2984    16.8299    16.8312    36.2818    36.2819    26.5393    26.5390    1529.10    141.486    143.498         34 0.0000e+00
      23734    988.881    240.251    242.000    15.9299    15.9312   4.520329   4.520450     2.0550     1.7224      50.82   27.91201  -90.00454    0.00530    0.00356     3.1766     3.2174    15.8913    15.8927    36.1284    36.1282    26.6411    26.6407    1526.89    138.185    139.963         30 0.0000e+00
      24281   1011.661    261.086    263.000    14.9792    14.9802   4.407377   4.407487     1.9603     1.6330     100.01   27.91342  -90.00908   -0.00367   -0.00328     3.0235     3.0550    14.9390    14.9400    35.9686    35.9686    26.7327    26.7325    1525.88    131.512    132.885         31 0.0000e+00
      24872   1036.285    283.903    286.000    14.3612    14.3627   4.335318   4.335495     1.9067     1.5848      99.99   27.90886  -89.99431   -0.00105   -0.00134     2.9430     2.9752    14.3187    14.3202    35.8648    35.8651    26.7875    26.7874    1524.44    128.005    129.407         31 0.0000e+00
      25001   1041.679    288.863    291.000    14.2019    14.2030   4.317034   4.317140     1.8937     1.5726      95.79   27.91106  -90.00140   -0.00291   -0.00291     2.9233     2.9544    14.1590    14.1601    35.8413    35.8413    26.8038    26.8035    1524.31    127.149    128.500         34 0.0000e+00
      25131   1047.099    293.823    296.000    13.9417    13.9443   4.286494   4.286738     1.8787     1.5602     100.00   27.91116  -90.00173   -0.00288   -0.00265     2.9054     2.9398    13.8986    13.9012    35.7963    35.7961    26.8242    26.8236    1524.07    126.366    127.862         30 0.0000e+00
      25441   1059.987    305.726    308.000    13.5649    13.5674   4.243313   4.243546     1.8466     1.5311     100.00   27.91151  -90.00286   -0.00145   -0.00093     2.8543     2.8888    13.5209    13.5234    35.7371    35.7370    26.8575    26.8569    1523.47    124.139    125.638         30 0.0000e+00
      25830   1076.206    320.603    323.000    13.1159    13.1167   4.191801   4.191870     1.8269     1.5147     100.00   27.91071  -90.00029    0.00015    0.00051     2.8398     2.8782    13.0707    13.0715    35.6629    35.6628    26.8923    26.8921    1522.66    123.505    125.175         30 0.0000e+00
      26087   1086.896    330.521    333.000    13.0273    13.0284   4.181970   4.182051     1.8275     1.5143      83.15   27.91024  -89.99879   -0.00002   -0.00038     2.8509     2.8865    12.9809    12.9820    35.6480    35.6477    26.8989    26.8985    1522.15    123.988    125.533         32 0.0000e+00
      27073   1127.983    368.205    371.000    12.4031    12.4056   4.111932   4.112158     1.7961     1.4854     100.00   27.91194  -90.00418   -0.00062   -0.00069     2.8254     2.8598    12.3530    12.3555    35.5477    35.5475    26.9462    26.9456    1520.53    122.872    124.366         31 0.0000e+00
      27171   1132.088    372.171    375.000    12.3853    12.3835   4.109862   4.109506     1.7943     1.4844      96.03   27.90940  -89.99599   -0.00039   -0.00004     2.8234     2.8600    12.3348    12.3329    35.5420    35.5412    26.9452    26.9449    1520.23    122.786    124.378         31 0.0000e+00
      27204   1133.453    373.163    376.000    12.3727    12.3750   4.108686   4.108843     1.7936     1.4839     100.05   27.91134  -90.00224   -0.00052   -0.00016     2.8225     2.8595    12.3220    12.3243    35.5423    35.5421    26.9480    26.9474    1520.30    122.745    124.352         30 0.0000e+00
      27331   1138.740    378.120    381.000    12.2532    12.2560   4.095291   4.095519     1.7893     1.4779     100.00   27.91160  -90.00307   -0.00087   -0.00133     2.8215     2.8520    12.2022    12.2050    35.5239    35.5235    26.9571    26.9562    1520.10    122.699    124.026         30 0.0000e+00
      27663   1152.589    391.010    394.000    11.6807    11.6818   4.031591   4.031652     1.7360     1.4301     100.00   27.90997  -89.99783   -0.00304   -0.00235     2.7229     2.7559    11.6295    11.6306    35.4396    35.4392    27.0011    27.0006    1519.47    118.407    119.841         34 0.0000e+00
      27698   1154.054    392.001    395.000    11.6718    11.6731   4.030775   4.030870     1.7332     1.4266      98.81   27.91134  -90.00224   -0.00277   -0.00272     2.7163     2.7467    11.6206    11.6218    35.4399    35.4397    27.0032    27.0028    1519.50    118.120    119.443         31 0.0000e+00
      27789   1157.844    395.967    399.000    11.5847    11.5878   4.021092   4.021374     1.7266     1.4212     100.00   27.91009  -89.99821   -0.00164   -0.00130     2.7063     2.7384    11.5332    11.5362    35.4256    35.4256    27.0084    27.0078    1519.26    117.686    119.080         30 0.0000e+00
      27823   1159.235    396.958    400.000    11.5315    11.5327   4.015307   4.015483     1.7248     1.4192      88.35   27.91134  -90.00224   -0.00162   -0.00155     2.7048     2.7358    11.4800    11.4812    35.4193    35.4188    27.0136    27.0129    1519.29    117.618    118.966         33 0.0000e+00
      28160   1173.300    409.847    413.000    11.2470    11.2489   3.984198   3.984344     1.7065     1.4035     100.00   27.91205  -90.00448   -0.00103   -0.00096     2.6786     2.7126    11.1946    11.1965    35.3780    35.3776    27.0344    27.0338    1518.77    116.479    117.955         32 0.0000e+00
      28439   1184.902    420.751    424.000    10.9656    10.9670   3.953171   3.953262     1.6930     1.3919     100.00   27.91054  -89.99955   -0.00004    0.00037     2.6646     2.7002    10.9127    10.9141    35.3337    35.3333    27.0514    27.0507    1518.23    115.868    117.414         30 0.0000e+00
      28471   1186.258    421.743    425.000    10.9418    10.9439   3.950750   3.950921     1.6919     1.3895     100.00   27.91138  -90.00226    0.00010   -0.00024     2.6633     2.6949    10.8888    10.8909    35.3322    35.3318    27.0545    27.0539    1518.23    115.809    117.184         32 0.0000e+00
      28595   1191.427    426.699    430.000    10.8066    10.8079   3.936145   3.936226     1.6799     1.3789     100.00   27.91065  -89.99992   -0.00219   -0.00155     2.6411     2.6737    10.7534    10.7547    35.3136    35.3131    27.0644    27.0638    1517.98    114.843    116.262         31 0.0000e+00
      28627   1192.763    427.691    431.000    10.7800    10.7814   3.933339   3.933430     1.6762     1.3756     100.00   27.91138  -90.00227   -0.00223   -0.00179     2.6328     2.6660    10.7268    10.7282    35.3108    35.3103    27.0670    27.0665    1517.98    114.482    115.924         30 0.0000e+00
      28754   1198.043    432.647    436.000    10.5958    10.5989   3.913168   3.913434     1.6650     1.3658     100.00   27.91189  -90.00392   -0.00207   -0.00167     2.6157     2.6501    10.5426    10.5456    35.2833    35.2830    27.0785    27.0778    1517.80    113.736    115.233         32 0.0000e+00
      28882   1203.387    437.604    441.000    10.4496    10.4505   3.897326   3.897361     1.6608     1.3613     100.00   27.91024  -89.99855   -0.00079   -0.00086     2.6156     2.6478    10.3962    10.3971    35.2621    35.2615    27.0877    27.0872    1517.49    113.731    115.132         30 0.0000e+00
      29242   1218.378    451.480    455.000    10.3031    10.3010   3.882004   3.881718     1.6461     1.3485      99.99   27.90910  -89.99481   -0.00065   -0.00062     2.5888     2.6233    10.2484    10.2464    35.2423    35.2415    27.0982    27.0979    1516.85    112.565    114.067         34 0.0000e+00
      29279   1219.912    452.471    456.000    10.2868    10.2882   3.880470   3.880556     1.6453     1.3479      93.76   27.91142  -90.00230   -0.00059   -0.00082     2.5878     2.6224    10.2320    10.2335    35.2424    35.2418    27.1011    27.1005    1516.93    112.522    114.027         32 0.0000e+00
      29400   1224.940    457.427    461.000    10.1318    10.1359   3.863791   3.864144     1.6412     1.3437      99.62   27.91100  -90.00094   -0.00076   -0.00083     2.5880     2.6204    10.0770    10.0811    35.2206    35.2202    27.1110    27.1100    1516.71    112.531    113.939         31 0.0000e+00
      29432   1226.275    458.419    462.000    10.1048    10.1045   3.860960   3.860862     1.6400     1.3424      89.67   27.91142  -90.00230   -0.00102   -0.00110     2.5870     2.6195    10.0499    10.0497    35.2177    35.2169    27.1134    27.1129    1516.69    112.486    113.901         31 0.0000e+00
      29554   1231.363    463.374    467.000    10.0326    10.0344   3.853238   3.853370     1.6376     1.3406     100.00   27.91022  -89.99838   -0.00031   -0.00029     2.5867     2.6204     9.9774     9.9792    35.2064    35.2061    27.1171    27.1165    1516.43    112.472    113.939         33 0.0000e+00
      29587   1232.744    464.365    468.000    10.0124    10.0140   3.851188   3.851269     1.6372     1.3407     100.00   27.91144  -90.00232   -0.00035   -0.00007     2.5871     2.6224     9.9572     9.9588    35.2049    35.2042    27.1194    27.1186    1516.45    112.487    114.022         30 0.0000e+00
      30131   1255.398    485.178    489.000     9.6857     9.6891   3.816859   3.817136     1.6282     1.3313     100.00   27.91198  -90.00399   -0.00048   -0.00062     2.5901     2.6214     9.6291     9.6324    35.1616    35.1611    27.1412    27.1403    1515.65    112.616    113.979         35 0.0000e+00
      30254   1260.540    490.133    494.000     9.5511     9.5518   3.802504   3.802492     1.6252     1.3295      99.99   27.90958  -89.99628   -0.00043   -0.00029     2.5924     2.6264     9.4944     9.4951    35.1423    35.1414    27.1485    27.1477    1515.33    112.715    114.194         35 0.0000e+00
      30415   1267.232    496.079    500.000     9.4280     9.4291   3.789985   3.790027     1.6196     1.3243     100.00   27.91245  -90.00548   -0.00095   -0.00077     2.5864     2.6203     9.3711     9.3722    35.1310    35.1303    27.1603    27.1595    1515.26    112.454    113.930         30 0.0000e+00
