Gulf of Mexico/GOMECC-4/1db/drb2103_1011.cnv
* Sea-Bird SBE 9 Data File:
* FileName = C:\Users\scs.user.rb\CTD\GOMECC4\data\rb2103_1011.hex
* Software Version Seasave V 7.26.7.107
* Temperature SN = 4799
* Conductivity SN = 3860
* Number of Bytes Per Scan = 41
* Number of Voltage Words = 4
* Number of Scans Averaged by the Deck Unit = 1
* NMEA Latitude = 23 09.37 N
* NMEA Longitude = 088 00.06 W
* NMEA UTC (Time) = Oct 12 2021  18:34:17
* NMEA baud rate = 4800
# nquan = 28
# nvalues = 60                          
# units = specified
# name 0 = scan: Scan Count
# name 1 = timeS: Time, Elapsed [seconds]
# name 2 = depSM: Depth [salt water, m]
# name 3 = prDM: Pressure, Digiquartz [db]
# name 4 = t090C: Temperature [ITS-90, deg C]
# name 5 = t190C: Temperature, 2 [ITS-90, deg C]
# name 6 = c0S/m: Conductivity [S/m]
# name 7 = c1S/m: Conductivity, 2 [S/m]
# name 8 = sbeox0V: Oxygen raw, SBE 43 [V]
# name 9 = sbeox1V: Oxygen raw, SBE 43, 2 [V]
# name 10 = altM: Altimeter [m]
# name 11 = latitude: Latitude [deg]
# name 12 = longitude: Longitude [deg]
# name 13 = sbox0dV/dT: Oxygen, SBE 43 [dov/dt]
# name 14 = sbox1dV/dT: Oxygen, SBE 43, 2 [dov/dt]
# name 15 = sbeox0ML/L: Oxygen, SBE 43 [ml/l], WS = 5
# name 16 = sbeox1ML/L: Oxygen, SBE 43, 2 [ml/l], WS = 5
# name 17 = potemp090C: Potential Temperature [ITS-90, deg C]
# name 18 = potemp190C: Potential Temperature, 2 [ITS-90, deg C]
# name 19 = sal00: Salinity, Practical [PSU]
# name 20 = sal11: Salinity, Practical, 2 [PSU]
# name 21 = sigma-é00: Density [sigma-theta, kg/m^3]
# name 22 = sigma-é11: Density, 2 [sigma-theta, kg/m^3]
# name 23 = avgsvCM: Average Sound Velocity [Chen-Millero, m/s], minP = 20, minS = 20
# name 24 = sbox0Mm/Kg: Oxygen, SBE 43 [umol/kg], WS = 5
# name 25 = sbox1Mm/Kg: Oxygen, SBE 43, 2 [umol/kg], WS = 5
# name 26 = nbin: number of scans per bin
# name 27 = flag: flag
# span 0 =      10616,      18394       
# span 1 =    442.310,    766.356       
# span 2 =      4.969,     71.534       
# span 3 =      5.000,     72.000       
# span 4 =    21.6898,    29.6979       
# span 5 =    21.6839,    29.6998       
# span 6 =   5.172482,   5.963061       
# span 7 =   5.172066,   5.963403       
# span 8 =     2.0546,     3.3336       
# span 9 =     1.7025,     2.8412       
# span 10 =       8.02,      73.25      
# span 11 =   23.14064,   23.22024      
# span 12 =  -88.24324,  -87.94081      
# span 13 =   -0.06137,    0.01839      
# span 14 =   -0.05475,    0.01633      
# span 15 =     2.7596,     4.8804      
# span 16 =     2.7690,     4.8793      
# span 17 =    21.6755,    29.6964      
# span 18 =    21.6697,    29.6986      
# span 19 =    36.0761,    36.7823      
# span 20 =    36.0775,    36.7844      
# span 21 =    22.6446,    25.5381      
# span 22 =    22.6450,    25.5405      
# span 23 =       0.00,    1546.83      
# span 24 =    120.170,    212.898      
# span 25 =    120.583,    212.837      
# span 26 =         37,         69      
# span 27 = 0.0000e+00, 0.0000e+00      
# interval = decibars: 1                
# start_time = Oct 12 2021 18:34:17 [NMEA time, header]
# bad_flag = -9.990e-29
*END*
[from data line 52]
      13428    559.475     56.633     57.000    22.7186    22.7208   5.284223   5.284874     2.7123     2.2788      23.06   23.15656  -88.00122   -0.04916   -0.04310     4.0316     3.9986    22.7070    22.7092    36.6466    36.6498    25.2678    25.2696    1543.85    175.615    174.175         60 0.0000e+00
      13481    561.650     57.626     58.000    22.4660    22.4683   5.258430   5.259079     2.5855     2.1683      22.16   23.15656  -88.00123   -0.06137   -0.05475     3.7953     3.7709    22.4543    22.4566    36.6566    36.6597    25.3480    25.3497    1543.62    165.308    164.244         44 0.0000e+00
      13524    563.451     58.620     59.000    22.2874    22.2881   5.240467   5.240749     2.5058     2.0991      21.11   23.15656  -88.00124   -0.05228   -0.04619     3.6270     3.6089    22.2755    22.2762    36.6639    36.6672    25.4046    25.4069    1543.41    157.967    157.180         48 0.0000e+00
      13583    565.924     59.613     60.000    22.2268    22.2268   5.234456   5.234926     2.4275     2.0337      20.14   23.15656  -88.00124   -0.03836   -0.03348     3.4916     3.4852    22.2147    22.2148    36.6695    36.6727    25.4262    25.4286    1543.19    152.071    151.788         66 0.0000e+00
      13640    568.291     60.607     61.000    22.1548    22.1552   5.227450   5.227876     2.3852     1.9999      19.26   23.15656  -88.00124   -0.02149   -0.01711     3.4069     3.4114    22.1426    22.1430    36.6743    36.6773    25.4503    25.4524    1542.97    148.374    148.571         45 0.0000e+00
      13868    577.775     62.593     63.000    22.1736    22.1739   5.238310   5.238607     2.3399     1.9537      17.39   23.22024  -88.24324    0.00010   -0.00202     3.3134     3.3075    22.1610    22.1613    36.7823    36.7844    25.5377    25.5393    1546.83    144.303    144.045         51 0.0000e+00
      13971    582.099     63.587     64.000    22.0601    22.0597   5.218228   5.218704     2.2904     1.9173      16.31   23.15656  -88.00124   -0.00524   -0.00413     3.2205     3.2317    22.0474    22.0469    36.6819    36.6839    25.4830    25.4847    1542.36    140.254    140.740         42 0.0000e+00
      18394    766.356     71.534     72.000    21.6898    21.6839   5.172482   5.172066     2.0546     1.7025       8.02   23.14064  -87.94081    0.00032    0.00039     2.7596     2.7690    21.6755    21.6697    36.6201    36.6211    25.5381    25.5405    1539.69    120.170    120.583         54 0.0000e+00
