Gulf of Mexico/GOMECC-4/1db/drb2103_0081.cnv
* Sea-Bird SBE 9 Data File:
* FileName = C:\Users\scs.user.rb\CTD\GOMECC4\data\rb2103_008.hex
* Software Version Seasave V 7.26.7.107
* Temperature SN = 4799
* Conductivity SN = 3860
* Number of Bytes Per Scan = 41
* Number of Voltage Words = 4
* Number of Scans Averaged by the Deck Unit = 1
* NMEA Latitude = 25 29.79 N
* NMEA Longitude = 080 01.43 W
* NMEA UTC (Time) = Sep 15 2021  16:51:51
* NMEA baud rate = 4800
# nquan = 28
# nvalues = 184                         
# units = specified
# name 0 = scan: Scan Count
# name 1 = timeS: Time, Elapsed [seconds]
# name 2 = depSM: Depth [salt water, m]
# name 3 = prDM: Pressure, Digiquartz [db]
# name 4 = t090C: Temperature [ITS-90, deg C]
# name 5 = t190C: Temperature, 2 [ITS-90, deg C]
# name 6 = c0S/m: Conductivity [S/m]
# name 7 = c1S/m: Conductivity, 2 [S/m]
# name 8 = sbeox0V: Oxygen raw, SBE 43 [V]
# name 9 = sbeox1V: Oxygen raw, SBE 43, 2 [V]
# name 10 = altM: Altimeter [m]
# name 11 = latitude: Latitude [deg]
# name 12 = longitude: Longitude [deg]
# name 13 = sbox0dV/dT: Oxygen, SBE 43 [dov/dt]
# name 14 = sbox1dV/dT: Oxygen, SBE 43, 2 [dov/dt]
# name 15 = sbeox0ML/L: Oxygen, SBE 43 [ml/l], WS = 5
# name 16 = sbeox1ML/L: Oxygen, SBE 43, 2 [ml/l], WS = 5
# name 17 = potemp090C: Potential Temperature [ITS-90, deg C]
# name 18 = potemp190C: Potential Temperature, 2 [ITS-90, deg C]
# name 19 = sal00: Salinity, Practical [PSU]
# name 20 = sal11: Salinity, Practical, 2 [PSU]
# name 21 = sigma-é00: Density [sigma-theta, kg/m^3]
# name 22 = sigma-é11: Density, 2 [sigma-theta, kg/m^3]
# name 23 = avgsvCM: Average Sound Velocity [Chen-Millero, m/s], minP = 20, minS = 20
# name 24 = sbox0Mm/Kg: Oxygen, SBE 43 [umol/kg], WS = 5
# name 25 = sbox1Mm/Kg: Oxygen, SBE 43, 2 [umol/kg], WS = 5
# name 26 = nbin: number of scans per bin
# name 27 = flag: flag
# span 0 =      15575,      27628       
# span 1 =    648.914,   1151.127       
# span 2 =      6.955,    319.669       
# span 3 =      7.000,    322.000       
# span 4 =     7.7714,    29.5533       
# span 5 =     7.7718,    29.5515       
# span 6 =   3.611633,   5.842404       
# span 7 =   3.611614,   5.842945       
# span 8 =     1.6709,     3.1706       
# span 9 =     1.3786,     2.6921       
# span 10 =      10.21,     100.25      
# span 11 =   25.49490,   25.52397      
# span 12 =  -80.08672,  -79.99678      
# span 13 =   -0.03955,    0.00385      
# span 14 =   -0.04091,    0.00362      
# span 15 =     2.7808,     4.5073      
# span 16 =     2.8286,     4.5241      
# span 17 =     7.7393,    29.5479      
# span 18 =     7.7397,    29.5466      
# span 19 =    33.8354,    36.4986      
# span 20 =    33.8374,    36.5040      
# span 21 =    21.1185,    27.3119      
# span 22 =    21.1277,    27.3112      
# span 23 =       0.00,    1545.40      
# span 24 =    120.904,    196.668      
# span 25 =    122.980,    197.309      
# span 26 =         30,         70      
# span 27 = 0.0000e+00, 0.0000e+00      
# interval = decibars: 1                
# start_time = Sep 15 2021 16:51:51 [NMEA time, header]
# bad_flag = -9.990e-29
*END*
[from data line 104]
      20346    847.693    110.253    111.000    19.1617    19.1687   4.847808   4.848791     2.4736     2.0922     100.00   25.50121  -80.02154   -0.02959   -0.02602     3.8395     3.8592    19.1417    19.1487    36.1371    36.1392    25.8541    25.8539    1539.79    167.150    168.007         34 0.0000e+00
      20379    849.095    111.246    112.000    18.9297    18.9284   4.820389   4.820100     2.4530     2.0759     100.00   25.50122  -80.02154   -0.02187   -0.01788     3.8130     3.8388    18.9097    18.9084    36.1087    36.1074    25.8920    25.8914    1539.63    165.993    167.113         33 0.0000e+00
      20411    850.426    112.239    113.000    18.6566    18.6459   4.788899   4.787866     2.4323     2.0589     100.00   25.50122  -80.02154   -0.01657   -0.01315     3.7896     3.8193    18.6366    18.6259    36.0813    36.0818    25.9407    25.9438    1539.46    164.965    166.255         31 0.0000e+00
      20442    851.721    113.231    114.000    18.3337    18.3239   4.751899   4.750984     2.4101     2.0401     100.00   25.50123  -80.02154   -0.01546   -0.01264     3.7663     3.7980    18.3138    18.3039    36.0499    36.0508    25.9981    26.0013    1539.29    163.941    165.322         31 0.0000e+00
      20474    853.021    114.224    115.000    18.1381    18.1305   4.729761   4.729146     2.3856     2.0195     100.00   25.50124  -80.02154   -0.01708   -0.01431     3.7273     3.7626    18.1181    18.1105    36.0327    36.0341    26.0339    26.0369    1539.11    162.238    163.772         32 0.0000e+00
      20506    854.383    115.217    116.000    17.9237    17.9192   4.707546   4.707301     2.3620     1.9979     100.00   25.50126  -80.02154   -0.01809   -0.01557     3.6913     3.7253    17.9037    17.8993    36.0310    36.0328    26.0859    26.0884    1538.94    160.662    162.142         34 0.0000e+00
      20541    855.822    116.210    117.000    17.7425    17.7385   4.687970   4.687780     2.3380     1.9750     100.00   25.50126  -80.02154   -0.01751   -0.01595     3.6514     3.6825    17.7225    17.7185    36.0224    36.0243    26.1240    26.1264    1538.76    158.920    160.272         34 0.0000e+00
      20573    857.148    117.203    118.000    17.5335    17.5260   4.665108   4.664379     2.3160     1.9571     100.00   25.50126  -80.02154   -0.01668   -0.01531     3.6180     3.6541    17.5135    17.5060    36.0097    36.0101    26.1654    26.1675    1538.58    157.461    159.029         30 0.0000e+00
      20603    858.419    118.196    119.000    17.1221    17.1031   4.618285   4.616250     2.2879     1.9331     100.00   25.50128  -80.02152   -0.01774   -0.01514     3.5837     3.6224    17.0955    17.0835    35.9743    35.9744    26.2393    26.2442    1538.40    155.955    157.641         31 0.0000e+00
      20635    859.735    119.189    120.000    16.4258    16.4056   4.545344   4.543026     2.2477     1.8915      89.57   25.50128  -80.02152   -0.02199   -0.01963     3.5466     3.5717    16.4063    16.3862    35.9501    35.9478    26.3841    26.3871    1538.21    154.319    155.413         33 0.0000e+00
      20668    861.138    120.182    121.000    15.8112    15.7972   4.477211   4.475852     2.1869     1.8266      98.48   25.50130  -80.02152   -0.03159   -0.03225     3.4519     3.4507    15.7921    15.7781    35.8977    35.8983    26.4861    26.4898    1537.99    150.186    150.129         34 0.0000e+00
      20701    862.489    121.176    122.000    15.6204    15.6182   4.455869   4.455914     2.1359     1.7800      99.99   25.50130  -80.02152   -0.03955   -0.04091     3.3464     3.3436    15.6013    15.5991    35.8787    35.8812    26.5150    26.5174    1537.78    145.590    145.468         31 0.0000e+00
      20732    863.804    122.168    123.000    15.5226    15.5151   4.444894   4.444273     2.1023     1.7560     100.00   25.50130  -80.02152   -0.03712   -0.03462     3.2746     3.2893    15.5034    15.4959    35.8683    35.8695    26.5291    26.5317    1537.56    142.462    143.104         31 0.0000e+00
      20763    865.065    123.161    124.000    15.4132    15.4093   4.432632   4.432395     2.0803     1.7428      55.53   25.50130  -80.02152   -0.02744   -0.02121     3.2306     3.2629    15.3940    15.3901    35.8567    35.8581    26.5448    26.5468    1537.35    140.549    141.951         30 0.0000e+00
      20793    866.324    124.154    125.000    15.2597    15.2361   4.415245   4.412695     2.0632     1.7311      99.67   25.50132  -80.02152   -0.01955   -0.01253     3.2025     3.2456    15.2405    15.2169    35.8384    35.8370    26.5651    26.5693    1537.13    139.325    141.196         31 0.0000e+00
      20824    867.609    125.147    126.000    15.0204    15.0130   4.388358   4.387637     2.0469     1.7177     100.00   25.50132  -80.02151   -0.01463   -0.00988     3.1801     3.2259    15.0012    14.9938    35.8122    35.8124    26.5981    26.5999    1536.91    138.345    140.337         31 0.0000e+00
      20855    868.925    126.140    127.000    14.7030    14.7051   4.353393   4.353487     2.0292     1.7018     100.00   25.50133  -80.02150   -0.01312   -0.01035     3.1604     3.2056    14.6839    14.6860    35.7827    35.7816    26.6450    26.6437    1536.69    137.479    139.446         32 0.0000e+00
      20888    870.298    127.133    128.000    14.4095    14.4055   4.321293   4.321146     2.0087     1.6797     100.00   25.50134  -80.02150   -0.01359   -0.01263     3.1350     3.1717    14.3906    14.3866    35.7567    35.7590    26.6886    26.6913    1536.46    136.368    137.966         33 0.0000e+00
      21006    875.220    131.104    132.000    13.9106    13.8947   4.269048   4.267441     1.9444     1.6206     100.00   25.50171  -80.02258   -0.01290   -0.01137     3.0110     3.0463    13.8915    13.8756    35.7310    35.7307    26.7752    26.7784    1535.56    130.966    132.498         31 0.0000e+00
      21037    876.487    132.097    133.000    13.7996    13.7996   4.257396   4.257546     1.9322     1.6110     100.00   25.50138  -80.02150   -0.01094   -0.00941     2.9890     3.0270    13.7805    13.7805    35.7245    35.7260    26.7936    26.7947    1535.31    130.004    131.657         30 0.0000e+00
      21068    877.772    133.090    134.000    13.6853    13.6608   4.245256   4.242571     1.9217     1.6010     100.00   25.50138  -80.02150   -0.00944   -0.00795     2.9711     3.0098    13.6662    13.6417    35.7165    35.7141    26.8113    26.8145    1535.09    129.227    130.906         31 0.0000e+00
      21098    879.023    134.083    135.000    13.5705    13.5627   4.232914   4.232242     1.9112     1.5929     100.00   25.50138  -80.02150   -0.00863   -0.00742     2.9533     2.9947    13.5513    13.5435    35.7071    35.7080    26.8279    26.8302    1534.86    128.450    130.249         30 0.0000e+00
      21157    881.515    136.069    137.000    13.4200    13.4199   4.216992   4.217039     1.8941     1.5790     100.00   25.50243  -80.02473   -0.00774   -0.00612     2.9217     2.9672    13.4006    13.4006    35.6968    35.6973    26.8512    26.8516    1534.48    127.073    129.048         30 0.0000e+00
      21186    882.725    137.062    138.000    13.3360    13.3355   4.207927   4.207926     1.8867     1.5728     100.00   25.50140  -80.02148   -0.00669   -0.00547     2.9097     2.9564    13.3166    13.3161    35.6888    35.6892    26.8622    26.8626    1534.20    126.549    128.581         30 0.0000e+00
      21217    883.998    138.054    139.000    13.2136    13.2095   4.194602   4.194164     1.8792     1.5659      99.91   25.50141  -80.02148   -0.00594   -0.00507     2.8977     2.9446    13.1942    13.1901    35.6766    35.6763    26.8778    26.8784    1533.98    126.022    128.065         30 0.0000e+00
      21335    888.898    142.026    143.000    13.0273    13.0280   4.174585   4.174719     1.8566     1.5444      72.24   25.50270  -80.02543   -0.00450   -0.00447     2.8566     2.9008    13.0075    13.0082    35.6596    35.6602    26.9027    26.9030    1533.18    124.234    126.157         30 0.0000e+00
      21364    890.125    143.019    144.000    13.0090    13.0103   4.172515   4.172719     1.8529     1.5418      97.58   25.50146  -80.02148   -0.00374   -0.00327     2.8488     2.8953    12.9891    12.9904    35.6562    35.6569    26.9037    26.9040    1532.90    123.895    125.914         31 0.0000e+00
      21394    891.389    144.012    145.000    12.9935    12.9963   4.170866   4.171303     1.8497     1.5396      99.99   25.50146  -80.02148   -0.00303   -0.00228     2.8422     2.8905    12.9734    12.9763    35.6546    35.6555    26.9057    26.9057    1532.70    123.609    125.706         30 0.0000e+00
      21453    893.836    145.997    147.000    12.9665    12.9681   4.168018   4.168196     1.8443     1.5360      44.71   25.50097  -80.01987   -0.00232   -0.00159     2.8310     2.8831    12.9462    12.9478    35.6518    35.6520    26.9089    26.9087    1532.25    123.120    125.386         30 0.0000e+00
      21484    895.104    146.990    148.000    12.9604    12.9605   4.167482   4.167537     1.8423     1.5345      94.44   25.50148  -80.02146   -0.00208   -0.00137     2.8270     2.8797    12.9400    12.9401    35.6522    35.6525    26.9105    26.9107    1532.08    122.946    125.238         31 0.0000e+00
      21514    896.389    147.983    149.000    12.9438    12.9449   4.166220   4.166350     1.8415     1.5336      99.98   25.50148  -80.02146   -0.00156   -0.00113     2.8259     2.8786    12.9233    12.9244    35.6504    35.6508    26.9125    26.9126    1531.91    122.896    125.188         30 0.0000e+00
      21545    897.646    148.976    150.000    12.9404    12.9410   4.165382   4.165470     1.8400     1.5316     100.00   25.50150  -80.02146   -0.00105   -0.00103     2.8231     2.8739    12.9197    12.9203    35.6500    35.6503    26.9129    26.9130    1531.69    122.775    124.984         30 0.0000e+00
      21604    900.110    150.962    152.000    12.9306    12.9312   4.164345   4.164507     1.8379     1.5297     100.00   25.50110  -80.02016   -0.00100   -0.00113     2.8190     2.8699    12.9097    12.9103    35.6483    35.6484    26.9135    26.9135    1531.28    122.597    124.810         31 0.0000e+00
      21635    901.412    151.954    153.000    12.9209    12.9208   4.163267   4.163249     1.8366     1.5292     100.00   25.50152  -80.02146   -0.00090   -0.00064     2.8169     2.8697    12.8998    12.8997    35.6468    35.6468    26.9145    26.9144    1531.12    122.504    124.800         31 0.0000e+00
      21754    906.368    155.926    157.000    12.8865    12.8869   4.159442   4.159481     1.8342     1.5262     100.01   25.50310  -80.02633   -0.00075   -0.00057     2.8146     2.8650    12.8650    12.8653    35.6413    35.6413    26.9173    26.9172    1530.49    122.404    124.596         30 0.0000e+00
      21783    907.583    156.918    158.000    12.8657    12.8675   4.156935   4.157111     1.8325     1.5250     100.00   25.50155  -80.02144   -0.00066   -0.00057     2.8121     2.8633    12.8441    12.8458    35.6360    35.6360    26.9172    26.9169    1530.22    122.295    124.525         31 0.0000e+00
      21843    910.090    158.904    160.000    12.8258    12.8326   4.152492   4.153199     1.8314     1.5220     100.00   25.50234  -80.02384   -0.00084   -0.00104     2.8125     2.8583    12.8039    12.8107    35.6304    35.6307    26.9211    26.9199    1529.92    122.314    124.304         30 0.0000e+00
      21902    912.525    160.889    162.000    12.7312    12.7363   4.141422   4.141992     1.8270     1.5189     100.00   25.50169  -80.02177   -0.00121   -0.00148     2.8085     2.8566    12.7091    12.7142    35.6123    35.6129    26.9259    26.9254    1529.54    122.141    124.230         30 0.0000e+00
      21931    913.765    161.882    163.000    12.6935    12.6867   4.136980   4.136255     1.8249     1.5170     100.00   25.50159  -80.02144   -0.00172   -0.00119     2.8061     2.8549    12.6713    12.6646    35.6047    35.6021    26.9275    26.9269    1529.36    122.034    124.155         30 0.0000e+00
      21961    915.020    162.875    164.000    12.6680    12.6574   4.133954   4.132676     1.8228     1.5145     100.00   25.50160  -80.02144   -0.00175   -0.00133     2.8030     2.8504    12.6457    12.6352    35.5992    35.5969    26.9283    26.9286    1529.20    121.897    123.962         30 0.0000e+00
      21993    916.323    163.868    165.000    12.6232    12.6421   4.128687   4.130795     1.8205     1.5127     100.00   25.50160  -80.02142   -0.00166   -0.00172     2.8004     2.8469    12.6009    12.6197    35.5903    35.5928    26.9303    26.9286    1529.03    121.785    123.809         32 0.0000e+00
      22024    917.613    164.860    166.000    12.5783    12.5864   4.123389   4.124233     1.8179     1.5100     100.00   25.50162  -80.02142   -0.00180   -0.00169     2.7972     2.8434    12.5559    12.5640    35.5813    35.5817    26.9322    26.9310    1528.87    121.645    123.657         30 0.0000e+00
      22054    918.871    165.853    167.000    12.4734    12.4756   4.111554   4.111577     1.8143     1.5070     100.00   25.50162  -80.02142   -0.00210   -0.00193     2.7956     2.8427    12.4509    12.4531    35.5657    35.5639    26.9409    26.9390    1528.70    121.575    123.623         31 0.0000e+00
      22084    920.127    166.846    168.000    12.3483    12.3376   4.097512   4.096025     1.8108     1.5041     100.00   25.50162  -80.02142   -0.00252   -0.00228     2.7959     2.8441    12.3259    12.3152    35.5478    35.5435    26.9516    26.9503    1528.54    121.587    123.683         30 0.0000e+00
      22114    921.376    167.839    169.000    12.1731    12.1774   4.078019   4.078224     1.8059     1.4993     100.00   25.50164  -80.02142   -0.00303   -0.00258     2.7953     2.8418    12.1507    12.1550    35.5242    35.5221    26.9673    26.9648    1528.38    121.557    123.581         30 0.0000e+00
      22144    922.642    168.831    170.000    12.0345    12.0376   4.062659   4.062831     1.8021     1.4958      92.99   25.50164  -80.02142   -0.00331   -0.00307     2.7946     2.8415    12.0122    12.0153    35.5057    35.5044    26.9797    26.9781    1528.21    121.530    123.567         30 0.0000e+00
      22175    923.899    169.824    171.000    11.9614    11.9621   4.054598   4.054544     1.7997     1.4940      97.01   25.50165  -80.02141   -0.00313   -0.00287     2.7938     2.8417    11.9391    11.9397    35.4960    35.4949    26.9862    26.9852    1528.04    121.491    123.575         30 0.0000e+00
      22205    925.185    170.817    172.000    11.8835    11.8823   4.046062   4.045738     1.7974     1.4918      99.99   25.50166  -80.02140   -0.00234   -0.00196     2.7935     2.8411    11.8611    11.8599    35.4862    35.4842    26.9935    26.9922    1527.88    121.478    123.548         32 0.0000e+00
      22238    926.539    171.809    173.000    11.8012    11.8025   4.037035   4.037114     1.7940     1.4890     100.00   25.50166  -80.02140   -0.00197   -0.00176     2.7905     2.8388    11.7788    11.7801    35.4757    35.4752    27.0011    27.0004    1527.71    121.349    123.447         33 0.0000e+00
      22270    927.886    172.802    174.000    11.7552    11.7582   4.032060   4.032329     1.7922     1.4868     100.00   25.50167  -80.02140   -0.00200   -0.00191     2.7895     2.8358    11.7327    11.7357    35.4703    35.4701    27.0056    27.0049    1527.54    121.302    123.317         32 0.0000e+00
      22302    929.190    173.795    175.000    11.7144    11.7165   4.027731   4.027904     1.7902     1.4851     100.00   25.50168  -80.02140   -0.00172   -0.00167     2.7874     2.8341    11.6918    11.6939    35.4663    35.4652    27.0102    27.0090    1527.38    121.211    123.244         30 0.0000e+00
