Gulf of Mexico/GOMECC-4/1db/drb2103_1291.cnv
* Sea-Bird SBE 9 Data File:
* FileName = C:\Users\scs.user.rb\CTD\GOMECC4\data\rb2103_1291.hex
* Software Version Seasave V 7.26.7.107
* Temperature SN = 4799
* Conductivity SN = 3860
* Number of Bytes Per Scan = 41
* Number of Voltage Words = 4
* Number of Scans Averaged by the Deck Unit = 1
* NMEA Latitude = 26 57.28 N
* NMEA Longitude = 082 45.08 W
* NMEA UTC (Time) = Oct 19 2021  09:01:59
* NMEA baud rate = 4800
# nquan = 28
# nvalues = 13                          
# units = specified
# name 0 = scan: Scan Count
# name 1 = timeS: Time, Elapsed [seconds]
# name 2 = depSM: Depth [salt water, m]
# name 3 = prDM: Pressure, Digiquartz [db]
# name 4 = t090C: Temperature [ITS-90, deg C]
# name 5 = t190C: Temperature, 2 [ITS-90, deg C]
# name 6 = c0S/m: Conductivity [S/m]
# name 7 = c1S/m: Conductivity, 2 [S/m]
# name 8 = sbeox0V: Oxygen raw, SBE 43 [V]
# name 9 = sbeox1V: Oxygen raw, SBE 43, 2 [V]
# name 10 = altM: Altimeter [m]
# name 11 = latitude: Latitude [deg]
# name 12 = longitude: Longitude [deg]
# name 13 = sbox0dV/dT: Oxygen, SBE 43 [dov/dt]
# name 14 = sbox1dV/dT: Oxygen, SBE 43, 2 [dov/dt]
# name 15 = sbeox0ML/L: Oxygen, SBE 43 [ml/l], WS = 5
# name 16 = sbeox1ML/L: Oxygen, SBE 43, 2 [ml/l], WS = 5
# name 17 = potemp090C: Potential Temperature [ITS-90, deg C]
# name 18 = potemp190C: Potential Temperature, 2 [ITS-90, deg C]
# name 19 = sal00: Salinity, Practical [PSU]
# name 20 = sal11: Salinity, Practical, 2 [PSU]
# name 21 = sigma-é00: Density [sigma-theta, kg/m^3]
# name 22 = sigma-é11: Density, 2 [sigma-theta, kg/m^3]
# name 23 = avgsvCM: Average Sound Velocity [Chen-Millero, m/s], minP = 20, minS = 20
# name 24 = sbox0Mm/Kg: Oxygen, SBE 43 [umol/kg], WS = 5
# name 25 = sbox1Mm/Kg: Oxygen, SBE 43, 2 [umol/kg], WS = 5
# name 26 = nbin: number of scans per bin
# name 27 = flag: flag
# span 0 =      12374,      13981       
# span 1 =    515.537,    582.514       
# span 2 =      3.974,     19.868       
# span 3 =      4.000,     20.000       
# span 4 =    28.2595,    29.0572       
# span 5 =    28.2603,    29.0589       
# span 6 =   5.770518,   5.932753       
# span 7 =   5.770756,   5.933068       
# span 8 =     3.0988,     3.1869       
# span 9 =     2.6186,     2.6675       
# span 10 =       5.86,      21.47      
# span 11 =   26.71600,   27.46619      
# span 12 =  -84.32086,  -82.01777      
# span 13 =   -0.00062,    0.00034      
# span 14 =   -0.00112,    0.00186      
# span 15 =     4.3408,     4.4619      
# span 16 =     4.3148,     4.3928      
# span 17 =    28.2547,    29.0533      
# span 18 =    28.2555,    29.0550      
# span 19 =    35.6845,    36.6861      
# span 20 =    35.6855,    36.6870      
# span 21 =    22.7785,    23.4161      
# span 22 =    22.7789,    23.4162      
# span 23 =       0.00,    1244.44      
# span 24 =    189.505,    194.790      
# span 25 =    188.368,    191.773      
# span 26 =         30,         51      
# span 27 = 0.0000e+00, 0.0000e+00      
# interval = decibars: 1                
# start_time = Oct 19 2021 09:01:59 [NMEA time, header]
# bad_flag = -9.990e-29
*END*
      12374    515.537      3.974      4.000    28.5079    28.5108   5.820922   5.821370     3.1294     2.6436      21.47   26.95492  -82.75144    0.00007   -0.00008     4.3767     4.3483    28.5070    28.5098    36.0034    36.0042    22.9822    22.9818       0.00    191.073    189.833         38 0.0000e+00
      12499    520.738      4.967      5.000    28.5106    28.5170   5.821261   5.822072     3.1298     2.6448      20.56   26.95492  -82.75144    0.00015   -0.00039     4.3778     4.3508    28.5094    28.5158    36.0034    36.0042    22.9814    22.9798       0.00    191.119    189.943         49 0.0000e+00
      12578    524.035      5.960      6.000    28.5140    28.5189   5.821651   5.822309     3.1300     2.6419      19.70   26.95492  -82.75144    0.00023   -0.00112     4.3784     4.3454    28.5125    28.5174    36.0033    36.0041    22.9802    22.9793       0.00    191.149    189.708         37 0.0000e+00
      12674    528.053      6.954      7.000    28.5167    28.5191   5.822088   5.822369     3.1308     2.6400      18.56   26.95494  -82.75144    0.00018   -0.00020     4.3800     4.3424    28.5151    28.5174    36.0034    36.0042    22.9795    22.9793       0.00    191.217    189.576         49 0.0000e+00
      12785    532.673      7.947      8.000    28.5165    28.5177   5.822017   5.822280     3.1288     2.6445      17.63   26.95494  -82.75144   -0.00060    0.00186     4.3770     4.3516    28.5146    28.5158    36.0033    36.0042    22.9796    22.9799       0.00    191.085    189.978         30 0.0000e+00
      12894    537.225      8.941      9.000    28.5129    28.5140   5.821662   5.821912     3.1294     2.6411      16.60   26.95494  -82.75144    0.00034   -0.00054     4.3790     4.3456    28.5107    28.5118    36.0032    36.0041    22.9808    22.9811       0.00    191.173    189.713         49 0.0000e+00
      13009    541.987      9.934     10.000    28.5129    28.5141   5.821706   5.821963     3.1282     2.6427      15.65   26.95494  -82.75144    0.00012    0.00097     4.3772     4.3494    28.5105    28.5117    36.0033    36.0041    22.9809    22.9812       0.00    191.094    189.879         45 0.0000e+00
      13120    546.619     10.927     11.000    28.5128    28.5144   5.821740   5.822032     3.1290     2.6423      14.68   26.95496  -82.75144   -0.00010   -0.00020     4.3793     4.3492    28.5102    28.5118    36.0032    36.0041    22.9810    22.9811       0.00    191.184    189.870         49 0.0000e+00
      13228    551.109     11.921     12.000    28.5132    28.5153   5.821842   5.822194     3.1283     2.6406      13.71   26.95496  -82.75144   -0.00003    0.00072     4.3785     4.3460    28.5103    28.5124    36.0034    36.0042    22.9811    22.9810       0.00    191.151    189.734         46 0.0000e+00
      13337    555.671     12.914     13.000    28.5147    28.5160   5.822035   5.822309     3.1289     2.6423      12.78   26.95496  -82.75144    0.00012   -0.00023     4.3799     4.3499    28.5116    28.5129    36.0032    36.0042    22.9805    22.9808       0.00    191.213    189.904         46 0.0000e+00
      13887    578.568     15.894     16.000    29.0572    29.0589   5.932753   5.933068     3.1869     2.6675      10.27   27.46619  -84.32086   -0.00054   -0.00018     4.4619     4.3928    29.0533    29.0550    36.6861    36.6870    23.4161    23.4162       0.00    194.790    191.773         31 0.0000e+00
      13767    573.567     16.888     17.000    28.5170    28.5184   5.822454   5.822744     3.1246     2.6417       8.99   26.95498  -82.75144   -0.00062    0.00106     4.3741     4.3508    28.5130    28.5144    36.0032    36.0042    22.9801    22.9803       0.00    190.960    189.941         51 0.0000e+00
      13981    582.514     19.868     20.000    28.2595    28.2603   5.770518   5.770756     3.0988     2.6186       5.86   26.71600  -82.01777   -0.00007    0.00158     4.3408     4.3148    28.2547    28.2555    35.6845    35.6855    22.7785    22.7789    1244.44    189.505    188.368         36 0.0000e+00
