Gulf of Mexico/GOMECC-4/1db/drb2103_0541.cnv
* Sea-Bird SBE 9 Data File:
* FileName = C:\Users\scs.user.rb\CTD\GOMECC4\data\rb2103_0541.hex
* Software Version Seasave V 7.26.7.107
* Temperature SN = 4799
* Conductivity SN = 3860
* Number of Bytes Per Scan = 41
* Number of Voltage Words = 4
* Number of Scans Averaged by the Deck Unit = 1
* NMEA Latitude = 27 29.98 N
* NMEA Longitude = 095 00.24 W
* NMEA UTC (Time) = Sep 28 2021  12:26:08
* NMEA baud rate = 4800
# nquan = 28
# nvalues = 357                         
# units = specified
# name 0 = scan: Scan Count
# name 1 = timeS: Time, Elapsed [seconds]
# name 2 = depSM: Depth [salt water, m]
# name 3 = prDM: Pressure, Digiquartz [db]
# name 4 = t090C: Temperature [ITS-90, deg C]
# name 5 = t190C: Temperature, 2 [ITS-90, deg C]
# name 6 = c0S/m: Conductivity [S/m]
# name 7 = c1S/m: Conductivity, 2 [S/m]
# name 8 = sbeox0V: Oxygen raw, SBE 43 [V]
# name 9 = sbeox1V: Oxygen raw, SBE 43, 2 [V]
# name 10 = altM: Altimeter [m]
# name 11 = latitude: Latitude [deg]
# name 12 = longitude: Longitude [deg]
# name 13 = sbox0dV/dT: Oxygen, SBE 43 [dov/dt]
# name 14 = sbox1dV/dT: Oxygen, SBE 43, 2 [dov/dt]
# name 15 = sbeox0ML/L: Oxygen, SBE 43 [ml/l], WS = 5
# name 16 = sbeox1ML/L: Oxygen, SBE 43, 2 [ml/l], WS = 5
# name 17 = potemp090C: Potential Temperature [ITS-90, deg C]
# name 18 = potemp190C: Potential Temperature, 2 [ITS-90, deg C]
# name 19 = sal00: Salinity, Practical [PSU]
# name 20 = sal11: Salinity, Practical, 2 [PSU]
# name 21 = sigma-é00: Density [sigma-theta, kg/m^3]
# name 22 = sigma-é11: Density, 2 [sigma-theta, kg/m^3]
# name 23 = avgsvCM: Average Sound Velocity [Chen-Millero, m/s], minP = 20, minS = 20
# name 24 = sbox0Mm/Kg: Oxygen, SBE 43 [umol/kg], WS = 5
# name 25 = sbox1Mm/Kg: Oxygen, SBE 43, 2 [umol/kg], WS = 5
# name 26 = nbin: number of scans per bin
# name 27 = flag: flag
# span 0 =      13605,      41004       
# span 1 =    566.846,   1708.458       
# span 2 =      4.967,    870.352       
# span 3 =      5.000,    878.000       
# span 4 =     5.9004,    29.1777       
# span 5 =     5.9028,    29.1783       
# span 6 =   3.458941,   5.869722       
# span 7 =   3.458999,   5.869630       
# span 8 =     1.5802,     3.2960       
# span 9 =     1.2869,     2.8248       
# span 10 =      10.59,     100.28      
# span 11 =   27.48133,   27.50274      
# span 12 =  -95.01078,  -94.93724      
# span 13 =   -0.04621,    0.02082      
# span 14 =   -0.04551,    0.01988      
# span 15 =     2.4665,     4.9279      
# span 16 =     2.4928,     4.9486      
# span 17 =     5.8215,    29.1699      
# span 18 =     5.8239,    29.1705      
# span 19 =    34.9061,    36.5067      
# span 20 =    34.9044,    36.5069      
# span 21 =    22.5878,    27.5059      
# span 22 =    22.5876,    27.5043      
# span 23 =       0.00,    1545.04      
# span 24 =    107.244,    214.909      
# span 25 =    108.387,    215.811      
# span 26 =         30,         65      
# span 27 = 0.0000e+00, 0.0000e+00      
# interval = decibars: 1                
# start_time = Sep 28 2021 12:26:08 [NMEA time, header]
# bad_flag = -9.990e-29
*END*
[from data line 52]
      16522    688.374     56.615     57.000    25.1203    25.1181   5.497329   5.497292     3.2451     2.7799     100.00   27.49982  -95.00127   -0.00811   -0.00614     4.8970     4.9169    25.1079    25.1056    36.3005    36.3020    24.2914    24.2933    1543.32    213.515    214.381         50 0.0000e+00
      16578    690.696     57.608     58.000    24.9518    24.9483   5.478826   5.478687     3.2348     2.7689     100.00   27.49982  -95.00126   -0.00331   -0.00208     4.8938     4.9094    24.9392    24.9357    36.2985    36.3002    24.3415    24.3439    1543.20    213.362    214.043         55 0.0000e+00
      16624    692.644     58.601     59.000    24.8457    24.8451   5.467825   5.467926     3.2216     2.7550     100.00   27.49982  -95.00126   -0.00678   -0.00741     4.8767     4.8871    24.8329    24.8323    36.2985    36.2998    24.3739    24.3751    1543.09    212.611    213.064         43 0.0000e+00
      16672    694.642     59.595     60.000    24.7927    24.7925   5.461610   5.461730     3.2069     2.7434      94.37   27.49982  -95.00125   -0.00669   -0.00586     4.8539     4.8676    24.7797    24.7795    36.2964    36.2974    24.3885    24.3894    1542.98    211.615    212.212         53 0.0000e+00
      16724    696.805     60.588     61.000    24.7163    24.7150   5.452482   5.452484     3.1874     2.7258     100.15   27.49982  -95.00124   -0.00816   -0.00727     4.8234     4.8368    24.7032    24.7018    36.2893    36.2904    24.4064    24.4076    1542.86    210.279    210.867         47 0.0000e+00
      16770    698.694     61.581     62.000    24.6087    24.6075   5.440374   5.440408     3.1616     2.7060     100.00   27.49982  -95.00124   -0.01112   -0.00908     4.7830     4.8036    24.5954    24.5941    36.2850    36.2862    24.4358    24.4371    1542.75    208.513    209.412         49 0.0000e+00
      16823    700.922     62.574     63.000    24.4511    24.4489   5.424426   5.424356     3.1483     2.6957      81.72   27.49982  -95.00124   -0.01015   -0.00701     4.7712     4.7949    24.4376    24.4354    36.2922    36.2934    24.4889    24.4905    1542.64    207.988    209.022         54 0.0000e+00
      16873    703.010     63.567     64.000    24.3164    24.3156   5.410822   5.410884     3.1403     2.6862     100.09   27.49982  -95.00122   -0.00391   -0.00420     4.7677     4.7856    24.3027    24.3019    36.2984    36.2995    24.5342    24.5353    1542.53    207.826    208.605         47 0.0000e+00
      16919    704.936     64.560     65.000    24.2228    24.2235   5.400510   5.400727     3.1335     2.6803     100.00   27.49982  -95.00122   -0.00342   -0.00343     4.7611     4.7785    24.2089    24.2096    36.2956    36.2966    24.5602    24.5608    1542.41    207.533    208.294         48 0.0000e+00
      16973    707.150     65.553     66.000    24.1939    24.1941   5.397371   5.397548     3.1185     2.6680     100.00   27.49982  -95.00121   -0.00574   -0.00481     4.7366     4.7573    24.1798    24.1801    36.2955    36.2966    24.5689    24.5696    1542.30    206.466    207.368         55 0.0000e+00
      17021    709.152     66.546     67.000    24.1352    24.1343   5.390683   5.390717     3.1106     2.6591     100.00   27.49982  -95.00120   -0.00531   -0.00492     4.7269     4.7434    24.1210    24.1201    36.2922    36.2931    24.5839    24.5849    1542.19    206.037    206.756         42 0.0000e+00
      17068    711.137     67.539     68.000    24.0478    24.0471   5.380832   5.380858     3.0905     2.6408     100.00   27.49982  -95.00120   -0.00609   -0.00584     4.6953     4.7113    24.0334    24.0327    36.2882    36.2890    24.6071    24.6078    1542.07    204.657    205.353         58 0.0000e+00
      17124    713.460     68.532     69.000    23.9723    23.9737   5.372270   5.372541     3.0604     2.6143     100.00   27.49982  -95.00119   -0.01253   -0.01171     4.6430     4.6599    23.9577    23.9591    36.2843    36.2853    24.6267    24.6270    1541.97    202.372    203.109         44 0.0000e+00
      17166    715.222     69.525     70.000    23.8943    23.8942   5.363380   5.363460     3.0353     2.5901     100.00   27.49982  -95.00118   -0.01322   -0.01178     4.6005     4.6139    23.8796    23.8794    36.2799    36.2807    24.6466    24.6472    1541.86    200.515    201.101         50 0.0000e+00
      17223    717.589     70.518     71.000    23.7994    23.7985   5.352624   5.352605     2.9881     2.5401     100.00   27.49982  -95.00117   -0.01807   -0.01787     4.5152     4.5128    23.7845    23.7836    36.2750    36.2757    24.6711    24.6718    1541.75    196.796    196.690         55 0.0000e+00
      17268    719.469     71.511     72.000    23.7026    23.7023   5.342304   5.342390     2.9515     2.5125     100.00   27.49982  -95.00116   -0.02051   -0.01972     4.4510     4.4599    23.6876    23.6873    36.2750    36.2759    24.6997    24.7005    1541.63    193.990    194.377         39 0.0000e+00
      17315    721.425     72.504     73.000    23.5575    23.5556   5.326947   5.326847     2.9192     2.4859     100.00   27.49982  -95.00116   -0.01796   -0.01432     4.3989     4.4131    23.5423    23.5404    36.2760    36.2768    24.7432    24.7444    1541.52    191.711    192.329         61 0.0000e+00
      17376    723.948     73.498     74.000    23.3822    23.3792   5.309139   5.308578     2.8799     2.4472      59.80   27.49982  -95.00116   -0.01612   -0.01513     4.3381     4.3445    23.3700    23.3639    36.2802    36.2809    24.7971    24.7994    1541.42    189.051    189.329         46 0.0000e+00
      17413    725.519     74.491     75.000    23.1925    23.1922   5.288958   5.289035     2.8541     2.4281      97.31   27.49982  -95.00115   -0.01529   -0.01464     4.2972     4.3129    23.1772    23.1768    36.2828    36.2838    24.8554    24.8563    1541.30    187.260    187.942         35 0.0000e+00
      17463    727.577     75.484     76.000    23.1403    23.1403   5.283651   5.283753     2.8379     2.4154     100.00   27.49982  -95.00114   -0.01258   -0.00933     4.2708     4.2903    23.1246    23.1247    36.2847    36.2855    24.8722    24.8727    1541.18    186.106    186.953         52 0.0000e+00
      17504    729.288     76.477     77.000    22.9988    23.0000   5.268887   5.269145     2.8294     2.4070     100.00   27.49982  -95.00114   -0.00659   -0.00535     4.2629     4.2801    22.9829    22.9841    36.2869    36.2879    24.9150    24.9154    1541.07    185.753    186.502         32 0.0000e+00
      17581    732.508     79.456     80.000    22.7877    22.7874   5.243782   5.243864     2.8252     2.4089      99.93   27.48133  -94.93724   -0.00208   -0.00151     4.2755     4.3038    22.7713    22.7710    36.2559    36.2568    24.9499    24.9507    1539.68    186.294    187.526         43 0.0000e+00
      17634    734.716     80.449     81.000    22.7320    22.7325   5.239255   5.239408     2.8591     2.4471     100.00   27.49982  -95.00112    0.00893    0.01229     4.3498     4.3949    22.7155    22.7160    36.2762    36.2770    24.9840    24.9845    1540.61    189.528    191.493         34 0.0000e+00
      17720    738.283     83.428     84.000    22.5425    22.5427   5.218637   5.218761     2.9000     2.4801      99.99   27.49560  -94.98651    0.01178    0.00878     4.4504     4.4856    22.5255    22.5258    36.2694    36.2701    25.0328    25.0333    1540.04    193.902    195.433         44 0.0000e+00
      17761    740.006     84.421     85.000    22.4815    22.4819   5.212084   5.212241     2.9044     2.4816     100.00   27.49982  -95.00110    0.00487    0.00221     4.4654     4.4946    22.4643    22.4648    36.2707    36.2715    25.0519    25.0524    1540.16    194.549    195.821         32 0.0000e+00
      17813    742.151     86.406     87.000    22.2219    22.2227   5.182985   5.183264     2.9094     2.4858      68.97   27.49150  -94.97235    0.00366    0.00334     4.4993     4.5269    22.2044    22.2052    36.2572    36.2581    25.1152    25.1156    1539.47    196.016    197.219         31 0.0000e+00
      17852    743.779     87.399     88.000    22.1597    22.1607   5.176702   5.176929     2.8923     2.4687     100.19   27.49982  -95.00108   -0.00202   -0.00260     4.4696     4.4931    22.1421    22.1431    36.2601    36.2610    25.1355    25.1359    1539.83    194.718    195.741         36 0.0000e+00
      17886    745.207     88.392     89.000    22.1008    22.1005   5.170347   5.170426     2.8770     2.4524     100.00   27.49982  -95.00108   -0.01025   -0.01103     4.4442     4.4619    22.0831    22.0827    36.2592    36.2601    25.1515    25.1523    1539.72    193.607    194.377         32 0.0000e+00
      17917    746.511     89.385     90.000    22.0478    22.0488   5.165654   5.165867     2.8584     2.4318     100.00   27.49981  -95.00107   -0.01155   -0.01207     4.4094     4.4179    22.0299    22.0308    36.2650    36.2659    25.1709    25.1714    1539.61    192.088    192.460         32 0.0000e+00
      17950    747.888     90.378     91.000    22.0191    22.0198   5.162958   5.163127     2.8014     2.3729      49.03   27.49981  -95.00106   -0.01930   -0.02090     4.2956     4.2882    22.0010    22.0017    36.2682    36.2689    25.1815    25.1819    1539.50    187.128    186.807         33 0.0000e+00
      18008    750.282     92.364     93.000    21.9336    21.9345   5.155022   5.155240     2.7168     2.3009      99.98   27.49411  -94.98139   -0.03798   -0.03440     4.1267     4.1296    21.9151    21.9160    36.2716    36.2727    25.2075    25.2081    1538.97    179.766    179.891         32 0.0000e+00
      18046    751.873     93.357     94.000    21.8349    21.8355   5.144980   5.145174     2.6838     2.2715     100.00   27.49980  -95.00104   -0.02902   -0.02516     4.0682     4.0724    21.8163    21.8170    36.2794    36.2804    25.2420    25.2426    1539.18    177.215    177.397         37 0.0000e+00
      18081    753.344     94.350     95.000    21.7516    21.7520   5.138545   5.138719     2.6527     2.2441      99.99   27.49980  -95.00104   -0.02272   -0.01981     4.0103     4.0160    21.7329    21.7333    36.2980    36.2990    25.2795    25.2802    1539.08    174.686    174.932         33 0.0000e+00
      18113    754.657     95.343     96.000    21.7103    21.7109   5.135482   5.135637     2.6143     2.2068     100.00   27.49980  -95.00104   -0.02292   -0.02058     3.9340     3.9339    21.6914    21.6920    36.3081    36.3088    25.2988    25.2992    1538.98    171.358    171.354         30 0.0000e+00
      18143    755.902     96.336     97.000    21.6697    21.6706   5.131646   5.131863     2.5883     2.1873     100.00   27.49980  -95.00104   -0.02496   -0.02289     3.8833     3.8926    21.6506    21.6515    36.3114    36.3123    25.3127    25.3132    1538.87    169.148    169.553         30 0.0000e+00
      18174    757.221     97.329     98.000    21.6144    21.6153   5.125532   5.125733     2.5716     2.1758     100.00   27.49980  -95.00102   -0.02254   -0.01899     3.8534     3.8707    21.5952    21.5960    36.3089    36.3099    25.3263    25.3268    1538.77    167.841    168.594         34 0.0000e+00
      18209    758.684     98.322     99.000    21.5660    21.5668   5.120401   5.120565     2.5641     2.1701     100.00   27.49980  -95.00102   -0.01015   -0.00724     3.8417     3.8615    21.5465    21.5473    36.3086    36.3092    25.3396    25.3399    1538.67    167.330    168.193         35 0.0000e+00
      18243    760.075     99.315    100.000    21.5431    21.5440   5.118523   5.118689     2.5577     2.1659      76.73   27.49980  -95.00102   -0.00622   -0.00438     3.8305     3.8538    21.5235    21.5244    36.3125    36.3132    25.3490    25.3492    1538.57    166.839    167.857         31 0.0000e+00
      18302    762.525    101.301    102.000    21.4405    21.4420   5.106887   5.107067     2.5399     2.1498      99.99   27.49769  -94.99370   -0.00668   -0.00556     3.8017     3.8247    21.4188    21.4224    36.3060    36.3067    25.3728    25.3731    1538.26    165.581    166.585         33 0.0000e+00
      18338    764.022    102.293    103.000    21.3598    21.3612   5.097974   5.098263     2.5374     2.1483     100.00   27.49980  -95.00100   -0.00546   -0.00493     3.8032     3.8277    21.3398    21.3412    36.3022    36.3032    25.3921    25.3925    1538.28    165.644    166.710         35 0.0000e+00
      18371    765.410    103.286    104.000    21.2032    21.2050   5.079649   5.080058     2.5358     2.1475     100.00   27.49980  -95.00100   -0.00264   -0.00221     3.8122     3.8374    21.1831    21.1849    36.2875    36.2892    25.4242    25.4250    1538.18    166.031    167.128         32 0.0000e+00
      18402    766.727    104.279    105.000    21.1049    21.1059   5.070511   5.070578     2.5413     2.1550     100.00   27.49980  -95.00099   -0.00002    0.00093     3.8313     3.8627    21.0846    21.0857    36.2971    36.2968    25.4586    25.4580    1538.08    166.857    168.223         32 0.0000e+00
      18435    768.069    105.272    106.000    21.0894    21.0899   5.070185   5.070276     2.5308     2.1419     100.00   27.49980  -95.00098    0.00037    0.00072     3.8105     3.8330    21.0690    21.0694    36.3073    36.3076    25.4706    25.4707    1537.98    165.949    166.929         32 0.0000e+00
      18466    769.392    106.265    107.000    21.1069    21.1072   5.074468   5.074518     2.5073     2.1154     100.00   27.49980  -95.00098   -0.00649   -0.00754     3.7599     3.7706    21.0862    21.0866    36.3266    36.3267    25.4806    25.4806    1537.88    163.743    164.211         32 0.0000e+00
      18500    770.785    107.258    108.000    21.1149    21.1117   5.079313   5.078543     2.4685     2.0787     100.00   27.49980  -95.00098   -0.01839   -0.01928     3.6783     3.6856    21.0940    21.0908    36.3585    36.3550    25.5027    25.5010    1537.79    160.187    160.507         34 0.0000e+00
      18533    772.176    108.250    109.000    21.1848    21.1871   5.092827   5.093066     2.4179     2.0269     100.00   27.49980  -95.00098   -0.02741   -0.02740     3.5655     3.5598    21.1637    21.1660    36.4073    36.4073    25.5208    25.5201    1537.70    155.272    155.025         32 0.0000e+00
      18588    774.477    110.236    111.000    21.1750    21.1760   5.093717   5.093905     2.2925     1.9066      99.97   27.49232  -94.97512   -0.04621   -0.04551     3.3029     3.2829    21.1535    21.1545    36.4184    36.4191    25.5311    25.5313    1537.11    143.836    142.963         34 0.0000e+00
      18630    776.222    111.229    112.000    21.1027    21.1039   5.085413   5.085605     2.2475     1.8757     100.00   27.49980  -95.00096   -0.04544   -0.04051     3.2137     3.2164    21.0811    21.0823    36.4165    36.4170    25.5505    25.5505    1537.44    139.948    140.066         39 0.0000e+00
      18717    779.821    114.208    115.000    20.6813    20.6818   5.041750   5.041859     2.2070     1.8459      99.97   27.49128  -94.97150   -0.01110   -0.00861     3.1560     3.1733    20.6597    20.6598    36.4201    36.4208    25.6677    25.6682    1536.70    137.420    138.174         34 0.0000e+00
      18759    781.570    115.201    116.000    20.6029    20.6043   5.032697   5.032985     2.1802     1.8150     100.00   27.49980  -95.00094   -0.01195   -0.01144     3.1036     3.1057    20.5808    20.5822    36.4159    36.4170    25.6864    25.6869    1537.09    135.136    135.226         37 0.0000e+00
      18793    782.989    116.193    117.000    20.5334    20.5339   5.025220   5.025223     2.1728     1.8153     100.00   27.49980  -95.00093   -0.01365   -0.01316     3.0925     3.1108    20.5113    20.5117    36.4143    36.4140    25.7040    25.7037    1537.00    134.650    135.445         31 0.0000e+00
