Gulf of Mexico/GOMECC-4/1db/drb2103_0741.cnv
* Sea-Bird SBE 9 Data File:
* FileName = C:\Users\scs.user.rb\CTD\GOMECC4\data\rb2103_0741.hex
* Software Version Seasave V 7.26.7.107
* Temperature SN = 4799
* Conductivity SN = 3860
* Number of Bytes Per Scan = 41
* Number of Voltage Words = 4
* Number of Scans Averaged by the Deck Unit = 1
* NMEA Latitude = 24 59.96 N
* NMEA Longitude = 093 24.95 W
* NMEA UTC (Time) = Oct 04 2021  19:58:51
* NMEA baud rate = 4800
# nquan = 28
# nvalues = 829                         
# units = specified
# name 0 = scan: Scan Count
# name 1 = timeS: Time, Elapsed [seconds]
# name 2 = depSM: Depth [salt water, m]
# name 3 = prDM: Pressure, Digiquartz [db]
# name 4 = t090C: Temperature [ITS-90, deg C]
# name 5 = t190C: Temperature, 2 [ITS-90, deg C]
# name 6 = c0S/m: Conductivity [S/m]
# name 7 = c1S/m: Conductivity, 2 [S/m]
# name 8 = sbeox0V: Oxygen raw, SBE 43 [V]
# name 9 = sbeox1V: Oxygen raw, SBE 43, 2 [V]
# name 10 = altM: Altimeter [m]
# name 11 = latitude: Latitude [deg]
# name 12 = longitude: Longitude [deg]
# name 13 = sbox0dV/dT: Oxygen, SBE 43 [dov/dt]
# name 14 = sbox1dV/dT: Oxygen, SBE 43, 2 [dov/dt]
# name 15 = sbeox0ML/L: Oxygen, SBE 43 [ml/l], WS = 5
# name 16 = sbeox1ML/L: Oxygen, SBE 43, 2 [ml/l], WS = 5
# name 17 = potemp090C: Potential Temperature [ITS-90, deg C]
# name 18 = potemp190C: Potential Temperature, 2 [ITS-90, deg C]
# name 19 = sal00: Salinity, Practical [PSU]
# name 20 = sal11: Salinity, Practical, 2 [PSU]
# name 21 = sigma-é00: Density [sigma-theta, kg/m^3]
# name 22 = sigma-é11: Density, 2 [sigma-theta, kg/m^3]
# name 23 = avgsvCM: Average Sound Velocity [Chen-Millero, m/s], minP = 20, minS = 20
# name 24 = sbox0Mm/Kg: Oxygen, SBE 43 [umol/kg], WS = 5
# name 25 = sbox1Mm/Kg: Oxygen, SBE 43, 2 [umol/kg], WS = 5
# name 26 = nbin: number of scans per bin
# name 27 = flag: flag
# span 0 =      16226,     117935       
# span 1 =    676.025,   4913.930       
# span 2 =      3.974,   3653.156       
# span 3 =      4.000,   3709.000       
# span 4 =     4.2913,    29.4663       
# span 5 =     4.2918,    29.4713       
# span 6 =   3.350044,   5.954798       
# span 7 =   3.350006,   5.955361       
# span 8 =     1.5770,     3.3499       
# span 9 =     1.2810,     2.8635       
# span 10 =       9.94,     102.32      
# span 11 =   24.93399,   25.00133      
# span 12 =  -93.42278,  -93.17113      
# span 13 =   -0.03304,    0.02055      
# span 14 =   -0.03199,    0.02120      
# span 15 =     2.4425,     4.9616      
# span 16 =     2.4622,     4.9652      
# span 17 =     4.0772,    29.4653      
# span 18 =     4.0784,    29.4703      
# span 19 =    34.9119,    36.6592      
# span 20 =    34.9114,    36.6604      
# span 21 =    22.8119,    27.7594      
# span 22 =    22.8103,    27.7581      
# span 23 =       0.00,    1545.87      
# span 24 =    106.199,    216.433      
# span 25 =    107.056,    216.591      
# span 26 =         30,         68      
# span 27 = 0.0000e+00, 0.0000e+00      
# interval = decibars: 1                
# start_time = Oct 04 2021 19:58:51 [NMEA time, header]
# bad_flag = -9.990e-29
*END*
[from data line 725]
     108164   4506.774   3379.529   3429.000     4.4083     4.4095   3.430874   3.430847     1.6749     1.3675      61.00   24.99926  -93.41603   -0.00007 -9.758e-07     4.5921     4.5955     4.0773     4.0785    34.9747    34.9732    27.7580    27.7566    1504.72    199.544    199.691         31 0.0000e+00
     108253   4510.482   3382.463   3432.000     4.4087     4.4099   3.431031   3.431002     1.6745     1.3673     100.00   24.99938  -93.41646   -0.00016   -0.00008     4.5922     4.5964     4.0773     4.0785    34.9749    34.9733    27.7581    27.7567    1504.74    199.547    199.731         30 0.0000e+00
     108359   4514.925   3386.374   3436.000     4.4092     4.4104   3.431189   3.431169     1.6738     1.3667     100.00   24.99917  -93.41569   -0.00013   -0.00011     4.5912     4.5953     4.0774     4.0785    34.9745    34.9731    27.7578    27.7565    1504.75    199.507    199.682         31 0.0000e+00
     108394   4516.394   3387.352   3437.000     4.4093     4.4105   3.431255   3.431236     1.6739     1.3666     100.00   24.99936  -93.41638   -0.00012   -0.00013     4.5921     4.5955     4.0774     4.0785    34.9747    34.9733    27.7580    27.7567    1504.77    199.546    199.693         39 0.0000e+00
     108430   4517.883   3388.330   3438.000     4.4094     4.4106   3.431306   3.431286     1.6737     1.3666      88.66   24.99936  -93.41638   -0.00009   -0.00008     4.5920     4.5959     4.0773     4.0785    34.9748    34.9734    27.7580    27.7568    1504.78    199.538    199.709         30 0.0000e+00
     108530   4522.047   3392.241   3442.000     4.4099     4.4111   3.431451   3.431427     1.6730     1.3662     100.00   24.99904  -93.41519   -0.00019   -0.00007     4.5906     4.5963     4.0773     4.0785    34.9743    34.9728    27.7577    27.7563    1504.78    199.480    199.728         36 0.0000e+00
     108570   4523.698   3393.219   3443.000     4.4100     4.4112   3.431543   3.431518     1.6728     1.3661     100.00   24.99936  -93.41638   -0.00004   -0.00005     4.5904     4.5961     4.0773     4.0785    34.9749    34.9733    27.7581    27.7567    1504.81    199.469    199.721         37 0.0000e+00
     108675   4528.083   3397.130   3447.000     4.4105     4.4117   3.431716   3.431690     1.6723     1.3652     100.00   24.99924  -93.41594   -0.00010   -0.00022     4.5903     4.5938     4.0773     4.0785    34.9746    34.9731    27.7579    27.7566    1504.82    199.465    199.620         30 0.0000e+00
     108706   4529.395   3398.108   3448.000     4.4106     4.4119   3.431776   3.431756     1.6721     1.3651     100.00   24.99936  -93.41638   -0.00009   -0.00011     4.5897     4.5937     4.0773     4.0785    34.9748    34.9733    27.7581    27.7567    1504.84    199.438    199.616         31 0.0000e+00
     108793   4533.010   3401.041   3451.000     4.4110     4.4122   3.431913   3.431880     1.6716     1.3645     100.00   24.99930  -93.41615   -0.00013   -0.00013     4.5893     4.5924     4.0773     4.0785    34.9748    34.9731    27.7580    27.7566    1504.85    199.422    199.555         30 0.0000e+00
     108904   4537.641   3404.952   3455.000     4.4115     4.4127   3.432086   3.432061     1.6710     1.3640      99.48   24.99922  -93.41585   -0.00008   -0.00018     4.5888     4.5921     4.0773     4.0785    34.9746    34.9730    27.7578    27.7565    1504.87    199.400    199.546         31 0.0000e+00
     108937   4538.982   3405.930   3456.000     4.4116     4.4128   3.432161   3.432134     1.6712     1.3640     100.00   24.99936  -93.41638   -0.00011   -0.00009     4.5901     4.5929     4.0773     4.0785    34.9749    34.9733    27.7581    27.7567    1504.88    199.455    199.580         32 0.0000e+00
     109134   4547.226   3412.773   3463.000     4.4125     4.4137   3.432485   3.432465     1.6701     1.3631     100.00   24.99936  -93.41632   -0.00006   -0.00015     4.5886     4.5921     4.0773     4.0785    34.9748    34.9734    27.7581    27.7568    1504.93    199.393    199.543         30 0.0000e+00
     109164   4548.469   3413.751   3464.000     4.4126     4.4138   3.432527   3.432506     1.6702     1.3627     100.00   24.99938  -93.41638   -0.00007   -0.00023     4.5898     4.5909     4.0773     4.0785    34.9748    34.9733    27.7580    27.7567    1504.93    199.444    199.492         30 0.0000e+00
     109275   4553.063   3417.662   3468.000     4.4131     4.4142   3.432704   3.432680     1.6695     1.3625     100.00   24.99927  -93.41595   -0.00011   -0.00006     4.5888     4.5919     4.0773     4.0785    34.9746    34.9732    27.7579    27.7566    1504.95    199.403    199.535         33 0.0000e+00
     109309   4554.508   3418.640   3469.000     4.4133     4.4144   3.432767   3.432742     1.6692     1.3626     100.00   24.99938  -93.41636   -0.00011   -0.00003     4.5879     4.5931     4.0774     4.0785    34.9748    34.9733    27.7580    27.7567    1504.96    199.363    199.586         34 0.0000e+00
     109415   4558.909   3422.550   3473.000     4.4137     4.4149   3.432936   3.432909     1.6689     1.3615     100.00   24.99922  -93.41578   -0.00010   -0.00033     4.5888     4.5898     4.0773     4.0785    34.9746    34.9730    27.7579    27.7565    1504.98    199.400    199.446         30 0.0000e+00
     109447   4560.263   3423.528   3474.000     4.4139     4.4150   3.433004   3.432978     1.6684     1.3615     100.00   24.99938  -93.41636   -0.00010   -0.00021     4.5871     4.5901     4.0773     4.0785    34.9748    34.9733    27.7580    27.7567    1504.99    199.328    199.456         34 0.0000e+00
     109480   4561.606   3424.505   3475.000     4.4139     4.4151   3.433047   3.433027     1.6682     1.3613     100.00   24.99938  -93.41636   -0.00016   -0.00007     4.5867     4.5896     4.0773     4.0785    34.9748    34.9733    27.7580    27.7568    1505.00    199.311    199.436         30 0.0000e+00
     109618   4567.382   3429.394   3480.000     4.4145     4.4157   3.433278   3.433254     1.6677     1.3609     100.00   24.99930  -93.41608   -0.00016   -0.00006     4.5871     4.5906     4.0773     4.0785    34.9748    34.9733    27.7580    27.7567    1505.03    199.327    199.480         32 0.0000e+00
     109650   4568.688   3430.371   3481.000     4.4147     4.4159   3.433334   3.433308     1.6675     1.3607      77.40   24.99938  -93.41636   -0.00011   -0.00013     4.5868     4.5899     4.0773     4.0785    34.9749    34.9733    27.7581    27.7567    1505.03    199.316    199.450         30 0.0000e+00
     109732   4572.113   3433.304   3484.000     4.4150     4.4163   3.433457   3.433429     1.6672     1.3602     100.00   24.99920  -93.41569   -0.00011   -0.00016     4.5871     4.5891     4.0773     4.0785    34.9746    34.9730    27.7579    27.7565    1505.04    199.328    199.415         32 0.0000e+00
     109765   4573.481   3434.282   3485.000     4.4152     4.4164   3.433518   3.433495     1.6671     1.3602     100.00   24.99938  -93.41636   -0.00014   -0.00002     4.5869     4.5896     4.0773     4.0786    34.9748    34.9733    27.7580    27.7567    1505.06    199.316    199.434         31 0.0000e+00
     109874   4578.055   3438.192   3489.000     4.4157     4.4169   3.433700   3.433679     1.6664     1.3595     100.00   24.99934  -93.41620   -0.00015   -0.00015     4.5858     4.5883     4.0773     4.0785    34.9747    34.9733    27.7580    27.7567    1505.08    199.271    199.379         32 0.0000e+00
     109906   4579.377   3439.170   3490.000     4.4158     4.4170   3.433753   3.433739     1.6665     1.3593     100.00   24.99938  -93.41636   -0.00016   -0.00023     4.5868     4.5877     4.0773     4.0785    34.9748    34.9734    27.7580    27.7568    1505.09    199.314    199.355         31 0.0000e+00
     110046   4585.211   3444.058   3495.000     4.4164     4.4176   3.433992   3.433965     1.6656     1.3588     100.00   24.99939  -93.41641   -0.00006   -0.00005     4.5854     4.5883     4.0773     4.0785    34.9749    34.9733    27.7581    27.7567    1505.12    199.255    199.377         33 0.0000e+00
     110161   4589.995   3447.968   3499.000     4.4169     4.4182   3.434188   3.434169     1.6649     1.3579     100.00   24.99947  -93.41669   -0.00015   -0.00022     4.5846     4.5856     4.0773     4.0786    34.9750    34.9734    27.7582    27.7568    1505.15    199.217    199.263         30 0.0000e+00
     110275   4594.737   3451.878   3503.000     4.4174     4.4186   3.434362   3.434338     1.6643     1.3578     100.00   24.99931  -93.41611   -0.00015   -0.00001     4.5839     4.5875     4.0773     4.0785    34.9748    34.9732    27.7580    27.7566    1505.16    199.189    199.345         31 0.0000e+00
     110412   4600.461   3456.765   3508.000     4.4180     4.4192   3.434582   3.434557     1.6639     1.3577     100.00   24.99919  -93.41557   -0.00012   -0.00000     4.5849     4.5897     4.0773     4.0785    34.9746    34.9731    27.7579    27.7565    1505.19    199.230    199.441         31 0.0000e+00
     110449   4602.005   3457.743   3509.000     4.4182     4.4194   3.434658   3.434623     1.6637     1.3572     100.00   24.99940  -93.41637   -0.00009   -0.00011     4.5842     4.5880     4.0774     4.0786    34.9749    34.9732    27.7581    27.7567    1505.20    199.200    199.368         40 0.0000e+00
     110583   4607.584   3462.630   3514.000     4.4187     4.4200   3.434876   3.434845     1.6630     1.3565     100.00   24.99929  -93.41595   -0.00011   -0.00012     4.5837     4.5868     4.0773     4.0786    34.9747    34.9731    27.7580    27.7565    1505.23    199.179    199.316         34 0.0000e+00
     110619   4609.098   3463.608   3515.000     4.4188     4.4201   3.434936   3.434907     1.6629     1.3561     100.00   24.99940  -93.41636   -0.00007   -0.00013     4.5840     4.5854     4.0773     4.0786    34.9749    34.9733    27.7582    27.7567    1505.24    199.192    199.252         37 0.0000e+00
     110756   4614.772   3468.495   3520.000     4.4195     4.4207   3.435161   3.435132     1.6624     1.3557     100.00   24.99927  -93.41596   -0.00007   -0.00003     4.5844     4.5861     4.0773     4.0786    34.9748    34.9732    27.7580    27.7566    1505.26    199.209    199.283         33 0.0000e+00
     110790   4616.201   3469.472   3521.000     4.4196     4.4208   3.435216   3.435193     1.6623     1.3554     100.00   24.99938  -93.41636   -0.00011   -0.00011     4.5847     4.5853     4.0774     4.0785    34.9748    34.9733    27.7581    27.7568    1505.28    199.224    199.249         33 0.0000e+00
     110958   4623.224   3475.337   3527.000     4.4204     4.4216   3.435489   3.435470     1.6613     1.3551      76.57   24.99935  -93.41626   -0.00015   -0.00004     4.5830     4.5872     4.0773     4.0785    34.9747    34.9733    27.7580    27.7567    1505.31    199.149    199.333         32 0.0000e+00
     111100   4629.134   3480.224   3532.000     4.4210     4.4222   3.435724   3.435697     1.6607     1.3541     100.00   24.99931  -93.41611   -0.00009   -0.00005     4.5833     4.5848     4.0773     4.0785    34.9748    34.9732    27.7580    27.7567    1505.34    199.163    199.226         32 0.0000e+00
     111132   4630.455   3481.202   3533.000     4.4211     4.4223   3.435783   3.435763     1.6606     1.3540     100.00   24.99938  -93.41636   -0.00004   -0.00008     4.5834     4.5849     4.0774     4.0785    34.9749    34.9734    27.7581    27.7568    1505.35    199.164    199.233         30 0.0000e+00
     111300   4637.439   3487.065   3539.000     4.4219     4.4231   3.436070   3.436034     1.6599     1.3532     100.00   24.99939  -93.41639   -0.00010   -0.00020     4.5830     4.5840     4.0774     4.0785    34.9749    34.9733    27.7581    27.7567    1505.39    199.150    199.194         30 0.0000e+00
     111330   4638.707   3488.043   3540.000     4.4220     4.4232   3.436115   3.436086     1.6596     1.3531     100.00   24.99938  -93.41636   -0.00020   -0.00006     4.5821     4.5843     4.0774     4.0786    34.9749    34.9733    27.7581    27.7567    1505.39    199.110    199.205         31 0.0000e+00
     111361   4639.986   3489.021   3541.000     4.4221     4.4234   3.436158   3.436136     1.6594     1.3529     100.00   24.99938  -93.41636   -0.00017   -0.00006     4.5819     4.5838     4.0774     4.0786    34.9749    34.9733    27.7581    27.7567    1505.40    199.100    199.186         30 0.0000e+00
     111468   4644.470   3492.930   3545.000     4.4226     4.4238   3.436331   3.436305     1.6587     1.3528     100.00   24.99922  -93.41575   -0.00017   -0.00003     4.5810     4.5855     4.0774     4.0785    34.9747    34.9732    27.7579    27.7566    1505.42    199.063    199.258         33 0.0000e+00
     111503   4645.903   3493.907   3546.000     4.4228     4.4240   3.436397   3.436369     1.6586     1.3526     100.00   24.99938  -93.41636   -0.00007   -0.00006     4.5811     4.5852     4.0774     4.0786    34.9749    34.9733    27.7581    27.7567    1505.43    199.066    199.243         34 0.0000e+00
     111637   4651.509   3498.793   3551.000     4.4233     4.4246   3.436608   3.436579     1.6581     1.3516     100.00   24.99920  -93.41570   -0.00007   -0.00016     4.5812     4.5825     4.0773     4.0786    34.9747    34.9730    27.7579    27.7565    1505.45    199.069    199.128         33 0.0000e+00
     111674   4653.054   3499.771   3552.000     4.4235     4.4247   3.436678   3.436653     1.6579     1.3516     100.00   24.99938  -93.41636   -0.00006   -0.00007     4.5812     4.5833     4.0774     4.0786    34.9749    34.9733    27.7581    27.7568    1505.47    199.069    199.162         38 0.0000e+00
     111839   4659.901   3505.634   3558.000     4.4243     4.4254   3.436948   3.436921     1.6571     1.3505      93.29   24.99930  -93.41605   -0.00006   -0.00022     4.5807     4.5806     4.0774     4.0786    34.9747    34.9732    27.7580    27.7567    1505.50    199.047    199.046         31 0.0000e+00
     111873   4661.336   3506.612   3559.000     4.4244     4.4256   3.437003   3.436972     1.6569     1.3506      85.04   24.99938  -93.41636   -0.00004   -0.00017     4.5803     4.5817     4.0774     4.0786    34.9748    34.9733    27.7580    27.7567    1505.51    199.030    199.091         37 0.0000e+00
     111982   4665.868   3510.521   3563.000     4.4249     4.4261   3.437170   3.437152     1.6564     1.3503     100.00   24.99923  -93.41580   -0.00009   -0.00005     4.5803     4.5827     4.0774     4.0786    34.9746    34.9731    27.7579    27.7566    1505.53    199.030    199.135         30 0.0000e+00
     112014   4667.214   3511.498   3564.000     4.4250     4.4262   3.437241   3.437221     1.6563     1.3503      99.42   24.99938  -93.41636   -0.00015   -0.00002     4.5802     4.5833     4.0774     4.0786    34.9749    34.9734    27.7581    27.7568    1505.54    199.025    199.162         33 0.0000e+00
     112128   4671.945   3515.407   3568.000     4.4255     4.4267   3.437437   3.437404     1.6559     1.3496      99.03   24.99942  -93.41652   -0.00010   -0.00019     4.5802     4.5818     4.0773     4.0786    34.9750    34.9733    27.7582    27.7567    1505.57    199.026    199.098         32 0.0000e+00
     112159   4673.253   3516.384   3569.000     4.4256     4.4268   3.437471   3.437459     1.6557     1.3493      97.77   24.99938  -93.41636   -0.00009   -0.00020     4.5802     4.5808     4.0774     4.0786    34.9748    34.9735    27.7581    27.7568    1505.57    199.027    199.054         30 0.0000e+00
     112269   4677.846   3520.293   3573.000     4.4261     4.4274   3.437675   3.437652     1.6552     1.3491      98.55   24.99945  -93.41661   -0.00007   -0.00003     4.5797     4.5821     4.0774     4.0786    34.9750    34.9734    27.7582    27.7568    1505.60    199.004    199.111         31 0.0000e+00
