Gulf of Mexico/GOMECC-4/1db/drb2103_0831.cnv
* Sea-Bird SBE 9 Data File:
* FileName = C:\Users\scs.user.rb\CTD\GOMECC4\data\rb2103_0831.hex
* Software Version Seasave V 7.26.7.107
* Temperature SN = 4799
* Conductivity SN = 3860
* Number of Bytes Per Scan = 41
* Number of Voltage Words = 4
* Number of Scans Averaged by the Deck Unit = 1
* NMEA Latitude = 22 16.43 N
* NMEA Longitude = 095 00.01 W
* NMEA UTC (Time) = Oct 07 2021  05:34:53
* NMEA baud rate = 4800
# nquan = 28
# nvalues = 271                         
# units = specified
# name 0 = scan: Scan Count
# name 1 = timeS: Time, Elapsed [seconds]
# name 2 = depSM: Depth [salt water, m]
# name 3 = prDM: Pressure, Digiquartz [db]
# name 4 = t090C: Temperature [ITS-90, deg C]
# name 5 = t190C: Temperature, 2 [ITS-90, deg C]
# name 6 = c0S/m: Conductivity [S/m]
# name 7 = c1S/m: Conductivity, 2 [S/m]
# name 8 = sbeox0V: Oxygen raw, SBE 43 [V]
# name 9 = sbeox1V: Oxygen raw, SBE 43, 2 [V]
# name 10 = altM: Altimeter [m]
# name 11 = latitude: Latitude [deg]
# name 12 = longitude: Longitude [deg]
# name 13 = sbox0dV/dT: Oxygen, SBE 43 [dov/dt]
# name 14 = sbox1dV/dT: Oxygen, SBE 43, 2 [dov/dt]
# name 15 = sbeox0ML/L: Oxygen, SBE 43 [ml/l], WS = 5
# name 16 = sbeox1ML/L: Oxygen, SBE 43, 2 [ml/l], WS = 5
# name 17 = potemp090C: Potential Temperature [ITS-90, deg C]
# name 18 = potemp190C: Potential Temperature, 2 [ITS-90, deg C]
# name 19 = sal00: Salinity, Practical [PSU]
# name 20 = sal11: Salinity, Practical, 2 [PSU]
# name 21 = sigma-é00: Density [sigma-theta, kg/m^3]
# name 22 = sigma-é11: Density, 2 [sigma-theta, kg/m^3]
# name 23 = avgsvCM: Average Sound Velocity [Chen-Millero, m/s], minP = 20, minS = 20
# name 24 = sbox0Mm/Kg: Oxygen, SBE 43 [umol/kg], WS = 5
# name 25 = sbox1Mm/Kg: Oxygen, SBE 43, 2 [umol/kg], WS = 5
# name 26 = nbin: number of scans per bin
# name 27 = flag: flag
# span 0 =       7789,      98127       
# span 1 =    324.503,   4088.591       
# span 2 =      4.969,   3395.802       
# span 3 =      5.000,   3445.000       
# span 4 =     4.2776,    29.5743       
# span 5 =     4.2782,    29.5766       
# span 6 =   3.344632,   5.968491       
# span 7 =   3.344600,   5.968886       
# span 8 =     1.5798,     3.3757       
# span 9 =     1.2845,     2.8940       
# span 10 =       9.77,     100.70      
# span 11 =   22.26806,   22.27463      
# span 12 =  -95.00376,  -94.97569      
# span 13 =   -0.03744,    0.02519      
# span 14 =   -0.03419,    0.02742      
# span 15 =     2.4994,     5.1077      
# span 16 =     2.5149,     5.1193      
# span 17 =     4.0775,    29.5669      
# span 18 =     4.0787,    29.5692      
# span 19 =    34.9137,    36.5061      
# span 20 =    34.9131,    36.5079      
# span 21 =    22.7805,    27.7589      
# span 22 =    22.7807,    27.7575      
# span 23 =       0.00,    1546.39      
# span 24 =    108.760,    222.710      
# span 25 =    109.437,    223.214      
# span 26 =         30,         69      
# span 27 = 0.0000e+00, 0.0000e+00      
# interval = decibars: 1                
# start_time = Oct 07 2021 05:34:53 [NMEA time, header]
# bad_flag = -9.990e-29
*END*
[from data line 259]
      96542   4022.561   3382.109   3431.000     4.4089     4.4101   3.431007   3.430974     1.6750     1.3673      58.88   22.27378  -95.00013   -0.00006   -0.00003     4.5938     4.5956     4.0776     4.0788    34.9748    34.9732    27.7580    27.7566    1503.89    199.616    199.697         32 0.0000e+00
      96576   4023.945   3383.087   3432.000     4.4090     4.4102   3.431054   3.431031     1.6745     1.3672      22.41   22.27378  -95.00014   -0.00013   -0.00006     4.5921     4.5957     4.0777     4.0788    34.9748    34.9733    27.7580    27.7567    1503.90    199.542    199.703         34 0.0000e+00
      96609   4025.313   3384.065   3433.000     4.4091     4.4103   3.431099   3.431074     1.6743     1.3669      21.70   22.27378  -95.00014   -0.00023   -0.00012     4.5914     4.5948     4.0776     4.0788    34.9748    34.9733    27.7580    27.7566    1503.90    199.516    199.663         32 0.0000e+00
      96670   4027.860   3386.021   3435.000     4.4094     4.4106   3.431202   3.431177     1.6742     1.3665      19.78   22.27381  -95.00028   -0.00010   -0.00018     4.5921     4.5935     4.0776     4.0788    34.9749    34.9734    27.7581    27.7567    1503.92    199.545    199.605         32 0.0000e+00
      96703   4029.241   3386.999   3436.000     4.4095     4.4107   3.431242   3.431218     1.6741     1.3663      65.74   22.27378  -95.00013   -0.00005   -0.00019     4.5923     4.5934     4.0776     4.0788    34.9748    34.9733    27.7580    27.7567    1503.92    199.553    199.601         34 0.0000e+00
      96736   4030.614   3387.977   3437.000     4.4096     4.4108   3.431290   3.431261     1.6739     1.3663      26.32   22.27378  -95.00014   -0.00007   -0.00011     4.5922     4.5938     4.0776     4.0788    34.9748    34.9733    27.7580    27.7567    1503.93    199.548    199.619         32 0.0000e+00
      96767   4031.922   3388.955   3438.000     4.4098     4.4110   3.431349   3.431308     1.6739     1.3662      16.86   22.27378  -95.00014   -0.00008   -0.00005     4.5925     4.5938     4.0776     4.0788    34.9749    34.9732    27.7581    27.7566    1503.93    199.564    199.618         31 0.0000e+00
      96798   4033.211   3389.933   3439.000     4.4099     4.4111   3.431392   3.431362     1.6737     1.3661      16.00   22.27378  -95.00014   -0.00007   -0.00005     4.5923     4.5940     4.0776     4.0789    34.9749    34.9732    27.7581    27.7566    1503.94    199.551    199.627         31 0.0000e+00
      96830   4034.552   3390.911   3440.000     4.4100     4.4112   3.431439   3.431402     1.6733     1.3657      15.04   22.27378  -95.00014   -0.00018   -0.00015     4.5908     4.5926     4.0776     4.0789    34.9749    34.9732    27.7581    27.7566    1503.95    199.490    199.565         34 0.0000e+00
      96864   4035.978   3391.889   3441.000     4.4101     4.4114   3.431481   3.431449     1.6732     1.3654      14.01   22.27378  -95.00014   -0.00017   -0.00022     4.5910     4.5917     4.0776     4.0789    34.9749    34.9732    27.7581    27.7566    1503.95    199.497    199.526         37 0.0000e+00
      97026   4042.708   3393.845   3443.000     4.4104     4.4116   3.431560   3.431528     1.6728     1.3651      11.86   22.27368  -94.99973   -0.00007   -0.00001     4.5902     4.5913     4.0777     4.0788    34.9746    34.9730    27.7578    27.7565    1503.96    199.462    199.508         54 0.0000e+00
      98127   4088.591   3395.802   3445.000     4.4112     4.4124   3.431821   3.431785     1.6723     1.3642       9.77   22.27463  -95.00376    0.00002   -0.00003     4.5888     4.5874     4.0782     4.0794    34.9760    34.9744    27.7589    27.7575    1504.04    199.401    199.339         69 0.0000e+00
