Gulf of Mexico/GOMECC-4/1db/drb2103_0371.cnv
* Sea-Bird SBE 9 Data File:
* FileName = C:\Users\scs.user.rb\CTD\GOMECC4\data\rb2103_0371.hex
* Software Version Seasave V 7.26.7.107
* Temperature SN = 4799
* Conductivity SN = 3860
* Number of Bytes Per Scan = 41
* Number of Voltage Words = 4
* Number of Scans Averaged by the Deck Unit = 1
* NMEA Latitude = 27 00.07 N
* NMEA Longitude = 089 59.96 W
* NMEA UTC (Time) = Sep 25 2021  07:16:47
* NMEA baud rate = 4800
# nquan = 28
# nvalues = 758                         
# units = specified
# name 0 = scan: Scan Count
# name 1 = timeS: Time, Elapsed [seconds]
# name 2 = depSM: Depth [salt water, m]
# name 3 = prDM: Pressure, Digiquartz [db]
# name 4 = t090C: Temperature [ITS-90, deg C]
# name 5 = t190C: Temperature, 2 [ITS-90, deg C]
# name 6 = c0S/m: Conductivity [S/m]
# name 7 = c1S/m: Conductivity, 2 [S/m]
# name 8 = sbeox0V: Oxygen raw, SBE 43 [V]
# name 9 = sbeox1V: Oxygen raw, SBE 43, 2 [V]
# name 10 = altM: Altimeter [m]
# name 11 = latitude: Latitude [deg]
# name 12 = longitude: Longitude [deg]
# name 13 = sbox0dV/dT: Oxygen, SBE 43 [dov/dt]
# name 14 = sbox1dV/dT: Oxygen, SBE 43, 2 [dov/dt]
# name 15 = sbeox0ML/L: Oxygen, SBE 43 [ml/l], WS = 5
# name 16 = sbeox1ML/L: Oxygen, SBE 43, 2 [ml/l], WS = 5
# name 17 = potemp090C: Potential Temperature [ITS-90, deg C]
# name 18 = potemp190C: Potential Temperature, 2 [ITS-90, deg C]
# name 19 = sal00: Salinity, Practical [PSU]
# name 20 = sal11: Salinity, Practical, 2 [PSU]
# name 21 = sigma-é00: Density [sigma-theta, kg/m^3]
# name 22 = sigma-é11: Density, 2 [sigma-theta, kg/m^3]
# name 23 = avgsvCM: Average Sound Velocity [Chen-Millero, m/s], minP = 20, minS = 20
# name 24 = sbox0Mm/Kg: Oxygen, SBE 43 [umol/kg], WS = 5
# name 25 = sbox1Mm/Kg: Oxygen, SBE 43, 2 [umol/kg], WS = 5
# name 26 = nbin: number of scans per bin
# name 27 = flag: flag
# span 0 =      23122,      91907       
# span 1 =    963.363,   3829.405       
# span 2 =      5.960,   2375.564       
# span 3 =      6.000,   2405.000       
# span 4 =     4.2722,    29.0265       
# span 5 =     4.2727,    29.0277       
# span 6 =   3.350044,   5.899904       
# span 7 =   3.349953,   5.900211       
# span 8 =     1.5944,     3.1302       
# span 9 =     1.3015,     2.6630       
# span 10 =      11.28,     102.50      
# span 11 =   26.97934,   27.02738      
# span 12 =  -90.07055,  -89.90965      
# span 13 =   -0.01965,    0.01684      
# span 14 =   -0.02024,    0.01974      
# span 15 =     2.6006,     4.7243      
# span 16 =     2.6289,     4.7616      
# span 17 =     4.0826,    29.0190      
# span 18 =     4.0833,    29.0202      
# span 19 =    34.8997,    36.8755      
# span 20 =    34.8990,    36.8767      
# span 21 =    22.9030,    27.7574      
# span 22 =    22.9032,    27.7559      
# span 23 =       0.00,    1546.32      
# span 24 =    113.126,    205.289      
# span 25 =    114.358,    206.909      
# span 26 =         30,         66      
# span 27 = 0.0000e+00, 0.0000e+00      
# interval = decibars: 1                
# start_time = Sep 25 2021 07:16:47 [NMEA time, header]
# bad_flag = -9.990e-29
*END*
[from data line 622]
      81102   3379.204   2067.906   2092.000     4.2771     4.2777   3.368059   3.367982     1.8809     1.5665     100.00   27.01600  -89.99059   -0.00003   -0.00001     4.7125     4.7540     4.0962     4.0968    34.9726    34.9711    27.7543    27.7530    1500.56    204.777    206.580         36 0.0000e+00
      81137   3380.671   2068.890   2093.000     4.2771     4.2776   3.368117   3.368039     1.8809     1.5665     100.00   27.01621  -89.99126   -0.00009    0.00000     4.7131     4.7547     4.0961     4.0967    34.9728    34.9713    27.7545    27.7532    1500.57    204.804    206.609         32 0.0000e+00
      81242   3385.028   2072.824   2097.000     4.2774     4.2780   3.368282   3.368201     1.8803     1.5653     100.00   27.01594  -89.99032   -0.00015   -0.00026     4.7130     4.7519     4.0960     4.0966    34.9725    34.9709    27.7542    27.7529    1500.55    204.799    206.490         32 0.0000e+00
      81275   3386.396   2073.808   2098.000     4.2778     4.2783   3.368382   3.368301     1.8803     1.5650     100.00   27.01622  -89.99124   -0.00010   -0.00016     4.7135     4.7510     4.0963     4.0968    34.9728    34.9713    27.7545    27.7532    1500.57    204.820    206.451         31 0.0000e+00
      81381   3390.827   2077.742   2102.000     4.2777     4.2783   3.368520   3.368449     1.8795     1.5644     100.00   27.01602  -89.99049   -0.00022   -0.00004     4.7127     4.7510     4.0958     4.0964    34.9726    34.9712    27.7544    27.7531    1500.56    204.785    206.450         32 0.0000e+00
      81415   3392.241   2078.726   2103.000     4.2778     4.2784   3.368584   3.368509     1.8791     1.5646     100.00   27.01624  -89.99122   -0.00027    0.00003     4.7116     4.7525     4.0958     4.0964    34.9728    34.9714    27.7545    27.7533    1500.58    204.739    206.515         34 0.0000e+00
      81522   3396.705   2082.660   2107.000     4.2779     4.2785   3.368717   3.368640     1.8786     1.5641     100.00   27.01590  -89.99001   -0.00009   -0.00013     4.7124     4.7525     4.0955     4.0961    34.9724    34.9709    27.7542    27.7529    1500.56    204.772    206.517         33 0.0000e+00
      81556   3398.118   2083.644   2108.000     4.2781     4.2786   3.368815   3.368734     1.8784     1.5640     100.00   27.01626  -89.99120   -0.00012   -0.00007     4.7121     4.7527     4.0956     4.0961    34.9729    34.9714    27.7546    27.7533    1500.58    204.760    206.524         31 0.0000e+00
      81665   3402.646   2087.578   2112.000     4.2783     4.2789   3.368981   3.368902     1.8780     1.5633     100.00   27.01611  -89.99065   -0.00009   -0.00015     4.7128     4.7523     4.0954     4.0959    34.9727    34.9712    27.7545    27.7532    1500.58    204.792    206.506         37 0.0000e+00
      81699   3404.080   2088.562   2113.000     4.2784     4.2790   3.369046   3.368972     1.8778     1.5631     100.00   27.01628  -89.99120   -0.00007   -0.00023     4.7126     4.7517     4.0954     4.0959    34.9730    34.9715    27.7547    27.7534    1500.59    204.783    206.479         30 0.0000e+00
      81805   3408.516   2092.496   2117.000     4.2786     4.2792   3.369231   3.369152     1.8771     1.5625     100.00   27.01626  -89.99105   -0.00010   -0.00008     4.7120     4.7518     4.0952     4.0958    34.9730    34.9714    27.7547    27.7534    1500.59    204.753    206.483         30 0.0000e+00
      81836   3409.807   2093.479   2118.000     4.2787     4.2792   3.369275   3.369194     1.8769     1.5619     100.00   27.01630  -89.99118   -0.00015   -0.00025     4.7120     4.7494     4.0951     4.0957    34.9730    34.9715    27.7547    27.7534    1500.59    204.755    206.379         31 0.0000e+00
      81947   3414.408   2097.414   2122.000     4.2789     4.2796   3.369457   3.369373     1.8760     1.5616     100.00   27.01625  -89.99093   -0.00013   -0.00004     4.7107     4.7507     4.0950     4.0956    34.9730    34.9713    27.7547    27.7533    1500.60    204.696    206.439         33 0.0000e+00
      81979   3415.767   2098.397   2123.000     4.2790     4.2796   3.369508   3.369433     1.8760     1.5615     100.00   27.01632  -89.99116   -0.00017   -0.00006     4.7113     4.7508     4.0950     4.0956    34.9730    34.9715    27.7548    27.7535    1500.60    204.724    206.440         31 0.0000e+00
      82089   3420.336   2102.331   2127.000     4.2792     4.2798   3.369673   3.369594     1.8751     1.5607     100.00   27.01620  -89.99068   -0.00015   -0.00016     4.7099     4.7497     4.0948     4.0954    34.9729    34.9713    27.7547    27.7533    1500.59    204.663    206.395         34 0.0000e+00
      82123   3421.730   2103.315   2128.000     4.2795     4.2800   3.369750   3.369672     1.8751     1.5607     100.00   27.01636  -89.99115   -0.00016    0.00008     4.7105     4.7501     4.0949     4.0955    34.9731    34.9716    27.7548    27.7535    1500.60    204.689    206.411         31 0.0000e+00
      82260   3427.442   2108.232   2133.000     4.2797     4.2803   3.369975   3.369895     1.8743     1.5604     100.00   27.01640  -89.99125   -0.00011   -0.00002     4.7103     4.7519     4.0947     4.0953    34.9731    34.9715    27.7548    27.7535    1500.61    204.679    206.489         30 0.0000e+00
      82291   3428.735   2109.215   2134.000     4.2796     4.2803   3.370004   3.369925     1.8739     1.5601     100.00   27.01638  -89.99114   -0.00011   -0.00007     4.7094     4.7513     4.0945     4.0952    34.9730    34.9714    27.7548    27.7535    1500.61    204.644    206.462         32 0.0000e+00
      82426   3434.358   2114.132   2139.000     4.2790     4.2795   3.370113   3.370032     1.8733     1.5594     100.00   27.01610  -89.99014   -0.00019   -0.00001     4.7099     4.7513     4.0933     4.0939    34.9727    34.9711    27.7547    27.7534    1500.60    204.662    206.464         30 0.0000e+00
      82460   3435.805   2115.116   2140.000     4.2791     4.2796   3.370184   3.370110     1.8733     1.5592      86.80   27.01640  -89.99112   -0.00014   -0.00002     4.7108     4.7512     4.0933     4.0939    34.9730    34.9715    27.7549    27.7537    1500.62    204.702    206.458         38 0.0000e+00
      82594   3441.375   2120.033   2145.000     4.2795     4.2800   3.370339   3.370261     1.8729     1.5591      84.04   27.01561  -89.98840   -0.00004    0.00001     4.7119     4.7538     4.0932     4.0937    34.9720    34.9706    27.7541    27.7529    1500.57    204.750    206.571         40 0.0000e+00
      82638   3443.197   2121.016   2146.000     4.2796     4.2801   3.370478   3.370398     1.8731     1.5584      68.21   27.01644  -89.99112   -0.00002   -0.00016     4.7133     4.7513     4.0932     4.0937    34.9730    34.9716    27.7550    27.7537    1500.62    204.811    206.463         36 0.0000e+00
      82732   3447.109   2124.949   2150.000     4.2796     4.2801   3.370521   3.370444     1.8724     1.5581     100.00   27.01535  -89.98743   -0.00014   -0.00002     4.7130     4.7526     4.0928     4.0933    34.9717    34.9702    27.7539    27.7527    1500.57    204.798    206.518         39 0.0000e+00
      82781   3449.169   2125.933   2151.000     4.2799     4.2805   3.370708   3.370627     1.8722     1.5581     100.00   27.01646  -89.99112   -0.00013    0.00002     4.7129     4.7530     4.0930     4.0935    34.9731    34.9716    27.7550    27.7537    1500.63    204.794    206.535         41 0.0000e+00
      82871   3452.916   2129.866   2155.000     4.2800     4.2806   3.370780   3.370697     1.8716     1.5579     100.00   27.01549  -89.98783   -0.00010   -0.00001     4.7127     4.7548     4.0927     4.0933    34.9719    34.9703    27.7541    27.7528    1500.58    204.786    206.615         37 0.0000e+00
      82916   3454.771   2130.850   2156.000     4.2803     4.2809   3.370940   3.370868     1.8716     1.5579      99.71   27.01648  -89.99112   -0.00013    0.00001     4.7133     4.7552     4.0929     4.0934    34.9730    34.9716    27.7550    27.7538    1500.64    204.810    206.633         39 0.0000e+00
      83017   3459.003   2134.784   2160.000     4.2807     4.2814   3.371111   3.371035     1.8708     1.5565     100.00   27.01620  -89.99010   -0.00014   -0.00035     4.7123     4.7515     4.0929     4.0935    34.9727    34.9712    27.7547    27.7535    1500.62    204.770    206.471         35 0.0000e+00
      83053   3460.497   2135.767   2161.000     4.2806     4.2812   3.371176   3.371100     1.8707     1.5561     100.00   27.01650  -89.99111   -0.00007   -0.00024     4.7126     4.7500     4.0926     4.0932    34.9732    34.9717    27.7552    27.7539    1500.64    204.781    206.406         33 0.0000e+00
      83157   3464.827   2139.700   2165.000     4.2805     4.2811   3.371326   3.371251     1.8701     1.5556     100.00   27.01647  -89.99092   -0.00012   -0.00007     4.7124     4.7504     4.0921     4.0928    34.9732    34.9717    27.7552    27.7539    1500.65    204.772    206.423         31 0.0000e+00
      83273   3469.665   2143.633   2169.000     4.2805     4.2811   3.371490   3.371409     1.8694     1.5556     100.00   27.01652  -89.99105   -0.00016    0.00001     4.7123     4.7527     4.0917     4.0923    34.9732    34.9717    27.7553    27.7540    1500.65    204.767    206.523         33 0.0000e+00
      83378   3474.055   2147.566   2173.000     4.2805     4.2811   3.371625   3.371538     1.8693     1.5555     100.00   27.01618  -89.98982   -0.00004   -0.00001     4.7140     4.7551     4.0913     4.0919    34.9730    34.9713    27.7551    27.7537    1500.64    204.843    206.627         32 0.0000e+00
      83412   3475.476   2148.550   2174.000     4.2805     4.2811   3.371700   3.371619     1.8694     1.5554     100.00   27.01656  -89.99110    0.00002    0.00001     4.7152     4.7551     4.0912     4.0918    34.9734    34.9718    27.7554    27.7541    1500.66    204.895    206.626         33 0.0000e+00
      83516   3479.798   2152.483   2178.000     4.2805     4.2811   3.371812   3.371741     1.8689     1.5554     100.00   27.01615  -89.98966   -0.00007    0.00005     4.7158     4.7576     4.0908     4.0915    34.9728    34.9713    27.7550    27.7538    1500.65    204.921    206.735         30 0.0000e+00
      83553   3481.332   2153.466   2179.000     4.2806     4.2813   3.371913   3.371830     1.8686     1.5548     100.00   27.01658  -89.99110   -0.00015   -0.00003     4.7149     4.7556     4.0909     4.0915    34.9734    34.9718    27.7555    27.7541    1500.67    204.881    206.651         40 0.0000e+00
      83655   3485.571   2157.399   2183.000     4.2805     4.2812   3.372005   3.371926     1.8679     1.5542     100.00   27.01602  -89.98915   -0.00015   -0.00010     4.7147     4.7554     4.0903     4.0910    34.9727    34.9711    27.7550    27.7537    1500.64    204.872    206.643         32 0.0000e+00
      83694   3487.205   2158.382   2184.000     4.2805     4.2811   3.372103   3.372020     1.8680     1.5539     100.00   27.01660  -89.99108   -0.00009   -0.00011     4.7155     4.7544     4.0902     4.0908    34.9734    34.9718    27.7556    27.7543    1500.68    204.908    206.600         39 0.0000e+00
      83801   3491.678   2162.315   2188.000     4.2800     4.2806   3.372201   3.372117     1.8673     1.5536     100.00   27.01638  -89.99028   -0.00011   -0.00004     4.7153     4.7557     4.0893     4.0899    34.9732    34.9716    27.7555    27.7542    1500.67    204.899    206.656         33 0.0000e+00
      83836   3493.129   2163.298   2189.000     4.2798     4.2804   3.372240   3.372161     1.8672     1.5533     100.00   27.01664  -89.99106   -0.00012   -0.00011     4.7155     4.7551     4.0890     4.0896    34.9734    34.9719    27.7557    27.7544    1500.68    204.909    206.627         34 0.0000e+00
      83945   3497.649   2167.231   2193.000     4.2802     4.2808   3.372405   3.372323     1.8672     1.5531     100.00   27.01636  -89.99006    0.00003   -0.00002     4.7179     4.7567     4.0890     4.0896    34.9731    34.9715    27.7554    27.7541    1500.67    205.013    206.697         32 0.0000e+00
      83977   3499.017   2168.214   2194.000     4.2804     4.2811   3.372501   3.372427     1.8669     1.5530      96.82   27.01666  -89.99106   -0.00001   -0.00002     4.7173     4.7568     4.0891     4.0898    34.9735    34.9720    27.7558    27.7545    1500.69    204.986    206.701         31 0.0000e+00
      84062   3502.522   2171.164   2197.000     4.2806     4.2813   3.372622   3.372544     1.8667     1.5529      68.33   27.01652  -89.99054   -0.00009   -0.00005     4.7183     4.7583     4.0890     4.0896    34.9734    34.9718    27.7557    27.7543    1500.69    205.030    206.765         31 0.0000e+00
      84176   3507.275   2175.096   2201.000     4.2800     4.2807   3.372727   3.372643     1.8663     1.5529     100.00   27.01657  -89.99062   -0.00018    0.00006     4.7191     4.7605     4.0880     4.0886    34.9733    34.9717    27.7557    27.7544    1500.69    205.062    206.862         35 0.0000e+00
      84283   3511.752   2179.029   2205.000     4.2801     4.2808   3.372853   3.372789     1.8656     1.5519     100.00   27.01624  -89.98948   -0.00015   -0.00018     4.7188     4.7585     4.0877     4.0884    34.9728    34.9714    27.7554    27.7541    1500.68    205.050    206.778         32 0.0000e+00
      84320   3513.292   2180.012   2206.000     4.2803     4.2809   3.372961   3.372880     1.8656     1.5517     100.00   27.01672  -89.99104   -0.00001   -0.00004     4.7193     4.7583     4.0878     4.0884    34.9735    34.9719    27.7559    27.7545    1500.71    205.073    206.767         36 0.0000e+00
      84430   3517.866   2183.944   2210.000     4.2806     4.2812   3.373118   3.373042     1.8652     1.5510     100.00   27.01651  -89.99025   -0.00015   -0.00010     4.7199     4.7576     4.0876     4.0882    34.9732    34.9717    27.7556    27.7544    1500.71    205.100    206.735         34 0.0000e+00
      84464   3519.273   2184.928   2211.000     4.2806     4.2813   3.373189   3.373113     1.8647     1.5508     100.00   27.01674  -89.99102   -0.00009   -0.00025     4.7186     4.7572     4.0876     4.0882    34.9735    34.9719    27.7559    27.7546    1500.72    205.043    206.721         31 0.0000e+00
      84569   3523.673   2188.860   2215.000     4.2808     4.2815   3.373328   3.373243     1.8642     1.5503     100.00   27.01633  -89.98958   -0.00011   -0.00009     4.7191     4.7576     4.0873     4.0880    34.9730    34.9714    27.7556    27.7542    1500.70    205.062    206.737         32 0.0000e+00
      84604   3525.119   2189.843   2216.000     4.2811     4.2816   3.373424   3.373346     1.8634     1.5499     100.00   27.01676  -89.99100   -0.00025   -0.00017     4.7162     4.7565     4.0875     4.0880    34.9735    34.9720    27.7559    27.7547    1500.73    204.937    206.689         34 0.0000e+00
      84714   3529.708   2193.775   2220.000     4.2812     4.2818   3.373588   3.373512     1.8634     1.5494     100.00   27.01662  -89.99045   -0.00015   -0.00008     4.7187     4.7566     4.0872     4.0878    34.9733    34.9718    27.7558    27.7545    1500.72    205.045    206.695         34 0.0000e+00
      84750   3531.203   2194.758   2221.000     4.2814     4.2820   3.373657   3.373582     1.8632     1.5493     100.00   27.01678  -89.99100   -0.00005   -0.00004     4.7183     4.7569     4.0872     4.0879    34.9736    34.9720    27.7560    27.7547    1500.74    205.029    206.708         35 0.0000e+00
      84857   3535.679   2198.690   2225.000     4.2815     4.2822   3.373820   3.373730     1.8625     1.5487     100.00   27.01658  -89.99023   -0.00010   -0.00012     4.7179     4.7563     4.0870     4.0877    34.9734    34.9717    27.7559    27.7544    1500.73    205.013    206.679         37 0.0000e+00
