Gulf of Mexico/GOMECC-4/1db/drb2103_0121.cnv
* Sea-Bird SBE 9 Data File:
* FileName = C:\Users\scs.user.rb\CTD\GOMECC4\data\rb2103_0122.hex
* Software Version Seasave V 7.26.7.107
* Temperature SN = 4799
* Conductivity SN = 3860
* Number of Bytes Per Scan = 41
* Number of Voltage Words = 4
* Number of Scans Averaged by the Deck Unit = 1
* NMEA Latitude = 26 39.93 N
* NMEA Longitude = 085 00.17 W
* NMEA UTC (Time) = Sep 18 2021  13:28:43
* NMEA baud rate = 4800
# nquan = 28
# nvalues = 379                         
# units = specified
# name 0 = scan: Scan Count
# name 1 = timeS: Time, Elapsed [seconds]
# name 2 = depSM: Depth [salt water, m]
# name 3 = prDM: Pressure, Digiquartz [db]
# name 4 = t090C: Temperature [ITS-90, deg C]
# name 5 = t190C: Temperature, 2 [ITS-90, deg C]
# name 6 = c0S/m: Conductivity [S/m]
# name 7 = c1S/m: Conductivity, 2 [S/m]
# name 8 = sbeox0V: Oxygen raw, SBE 43 [V]
# name 9 = sbeox1V: Oxygen raw, SBE 43, 2 [V]
# name 10 = altM: Altimeter [m]
# name 11 = latitude: Latitude [deg]
# name 12 = longitude: Longitude [deg]
# name 13 = sbox0dV/dT: Oxygen, SBE 43 [dov/dt]
# name 14 = sbox1dV/dT: Oxygen, SBE 43, 2 [dov/dt]
# name 15 = sbeox0ML/L: Oxygen, SBE 43 [ml/l], WS = 5
# name 16 = sbeox1ML/L: Oxygen, SBE 43, 2 [ml/l], WS = 5
# name 17 = potemp090C: Potential Temperature [ITS-90, deg C]
# name 18 = potemp190C: Potential Temperature, 2 [ITS-90, deg C]
# name 19 = sal00: Salinity, Practical [PSU]
# name 20 = sal11: Salinity, Practical, 2 [PSU]
# name 21 = sigma-é00: Density [sigma-theta, kg/m^3]
# name 22 = sigma-é11: Density, 2 [sigma-theta, kg/m^3]
# name 23 = avgsvCM: Average Sound Velocity [Chen-Millero, m/s], minP = 20, minS = 20
# name 24 = sbox0Mm/Kg: Oxygen, SBE 43 [umol/kg], WS = 5
# name 25 = sbox1Mm/Kg: Oxygen, SBE 43, 2 [umol/kg], WS = 5
# name 26 = nbin: number of scans per bin
# name 27 = flag: flag
# span 0 =       5059,     101561       
# span 1 =    210.765,   4231.666       
# span 2 =      3.974,   3276.439       
# span 3 =      4.000,   3324.000       
# span 4 =     4.3024,    30.4335       
# span 5 =     4.3032,    30.4349       
# span 6 =   3.349275,   5.995744       
# span 7 =   3.349245,   5.995962       
# span 8 =     1.6203,     3.1448       
# span 9 =     1.3286,     2.6778       
# span 10 =      10.29,     106.59      
# span 11 =   26.57926,   26.66546      
# span 12 =  -85.00765,  -84.72906      
# span 13 =   -0.02639,    0.10622      
# span 14 =   -0.02147,    0.07387      
# span 15 =     2.6209,     4.6987      
# span 16 =     2.6657,     4.7392      
# span 17 =     4.0795,    30.4325      
# span 18 =     4.0808,    30.4326      
# span 19 =    34.2620,    36.7058      
# span 20 =    34.3912,    36.7055      
# span 21 =    21.2240,    27.7600      
# span 22 =    21.3624,    27.7584      
# span 23 =       0.00,    1544.32      
# span 24 =    113.956,    204.177      
# span 25 =    115.903,    205.939      
# span 26 =         30,         79      
# span 27 = 0.0000e+00, 0.0000e+00      
# interval = decibars: 1                
# start_time = Sep 18 2021 13:28:43 [NMEA time, header]
# bad_flag = -9.990e-29
*END*
[from data line 311]
      95949   3997.847   3204.042   3250.000     4.3891     4.3904   3.422852   3.422799     1.7184     1.4138      82.22   26.66310  -85.00734   -0.00005   -0.00006     4.6942     4.7286     4.0797     4.0809    34.9772    34.9753    27.7597    27.7580    1502.30    203.981    205.477         45 0.0000e+00
      95990   3999.561   3205.020   3251.000     4.3891     4.3904   3.422902   3.422849     1.7182     1.4139      86.93   26.66310  -85.00734   -0.00004 -1.491e-07     4.6935     4.7295     4.0796     4.0809    34.9773    34.9754    27.7598    27.7581    1502.30    203.952    205.516         36 0.0000e+00
      96023   4000.924   3205.998   3252.000     4.3893     4.3906   3.422952   3.422903     1.7180     1.4139      80.41   26.66310  -85.00734   -0.00014    0.00001     4.6930     4.7301     4.0796     4.0809    34.9773    34.9754    27.7598    27.7581    1502.31    203.930    205.541         31 0.0000e+00
      96054   4002.188   3206.977   3253.000     4.3894     4.3907   3.422998   3.422941     1.7180     1.4137      79.58   26.66310  -85.00734   -0.00012   -0.00003     4.6938     4.7299     4.0796     4.0809    34.9773    34.9753    27.7597    27.7581    1502.31    203.962    205.533         31 0.0000e+00
      96087   4003.588   3207.955   3254.000     4.3895     4.3908   3.423040   3.422996     1.7176     1.4138      78.45   26.66310  -85.00736   -0.00006   -0.00003     4.6928     4.7306     4.0796     4.0809    34.9772    34.9754    27.7597    27.7581    1502.32    203.918    205.564         37 0.0000e+00
      96126   4005.217   3208.934   3255.000     4.3897     4.3909   3.423091   3.423048     1.7177     1.4136      65.01   26.66310  -85.00736   -0.00013   -0.00005     4.6937     4.7302     4.0796     4.0809    34.9772    34.9755    27.7597    27.7582    1502.32    203.961    205.544         39 0.0000e+00
      96162   4006.723   3209.912   3256.000     4.3898     4.3910   3.423140   3.423084     1.7175     1.4134      76.64   26.66310  -85.00736   -0.00012   -0.00015     4.6933     4.7297     4.0796     4.0809    34.9773    34.9754    27.7598    27.7581    1502.33    203.940    205.524         33 0.0000e+00
      96194   4008.043   3210.891   3257.000     4.3899     4.3911   3.423188   3.423133     1.7172     1.4133      75.66   26.66310  -85.00736   -0.00011   -0.00009     4.6926     4.7299     4.0796     4.0808    34.9773    34.9754    27.7598    27.7581    1502.34    203.912    205.532         32 0.0000e+00
      96228   4009.470   3211.869   3258.000     4.3900     4.3913   3.423228   3.423182     1.7172     1.4129      74.63   26.66310  -85.00736   -0.00008   -0.00013     4.6932     4.7288     4.0796     4.0809    34.9772    34.9753    27.7597    27.7581    1502.34    203.935    205.483         37 0.0000e+00
      96268   4011.113   3212.848   3259.000     4.3902     4.3914   3.423278   3.423226     1.7170     1.4130      73.59   26.66310  -85.00736   -0.00007   -0.00015     4.6929     4.7297     4.0796     4.0809    34.9772    34.9753    27.7597    27.7581    1502.35    203.925    205.525         39 0.0000e+00
      96303   4012.581   3213.826   3260.000     4.3902     4.3915   3.423327   3.423280     1.7170     1.4130      72.63   26.66310  -85.00736   -0.00006   -0.00001     4.6935     4.7301     4.0796     4.0808    34.9773    34.9754    27.7598    27.7582    1502.36    203.950    205.541         32 0.0000e+00
      96334   4013.889   3214.804   3261.000     4.3904     4.3916   3.423374   3.423332     1.7170     1.4129      71.72   26.66310  -85.00736   -0.00005 9.0343e-07     4.6941     4.7301     4.0796     4.0808    34.9772    34.9755    27.7597    27.7582    1502.36    203.975    205.542         32 0.0000e+00
      96368   4015.284   3215.783   3262.000     4.3905     4.3917   3.423430   3.423372     1.7169     1.4127      70.78   26.66310  -85.00736   -0.00005   -0.00009     4.6939     4.7300     4.0796     4.0809    34.9774    34.9754    27.7598    27.7581    1502.37    203.967    205.535         35 0.0000e+00
      96405   4016.824   3216.762   3263.000     4.3906     4.3919   3.423472   3.423417     1.7168     1.4127      70.80   26.66310  -85.00736   -0.00006   -0.00007     4.6940     4.7306     4.0796     4.0808    34.9773    34.9754    27.7597    27.7581    1502.37    203.970    205.561         39 0.0000e+00
      96444   4018.439   3217.740   3264.000     4.3907     4.3920   3.423516   3.423472     1.7167     1.4127      69.28   26.66310  -85.00738   -0.00007   -0.00001     4.6943     4.7310     4.0796     4.0809    34.9772    34.9754    27.7597    27.7582    1502.38    203.983    205.579         37 0.0000e+00
      96477   4019.844   3218.719   3265.000     4.3909     4.3921   3.423571   3.423517     1.7163     1.4124      67.84   26.66310  -85.00738   -0.00009   -0.00006     4.6928     4.7302     4.0796     4.0809    34.9773    34.9754    27.7598    27.7582    1502.39    203.921    205.543         31 0.0000e+00
      96539   4022.417   3220.675   3267.000     4.3911     4.3923   3.423629   3.423581     1.7162     1.4124      65.91   26.66283  -85.00651   -0.00015   -0.00008     4.6936     4.7314     4.0796     4.0808    34.9769    34.9751    27.7595    27.7579    1502.38    203.955    205.597         37 0.0000e+00
      96579   4024.079   3221.654   3268.000     4.3912     4.3925   3.423711   3.423659     1.7162     1.4125      64.91   26.66310  -85.00738   -0.00005    0.00004     4.6943     4.7323     4.0796     4.0809    34.9773    34.9754    27.7598    27.7581    1502.40    203.986    205.636         39 0.0000e+00
      96614   4025.526   3222.632   3269.000     4.3913     4.3926   3.423761   3.423702     1.7159     1.4122      63.97   26.66310  -85.00738   -0.00003   -0.00002     4.6934     4.7317     4.0796     4.0809    34.9773    34.9754    27.7598    27.7581    1502.41    203.944    205.612         31 0.0000e+00
      96643   4026.767   3223.610   3270.000     4.3915     4.3927   3.423808   3.423749     1.7157     1.4118      63.05   26.66310  -85.00738   -0.00010   -0.00017     4.6931     4.7301     4.0796     4.0809    34.9773    34.9754    27.7598    27.7581    1502.42    203.931    205.541         30 0.0000e+00
      96676   4028.139   3224.589   3271.000     4.3916     4.3928   3.423856   3.423804     1.7157     1.4116      62.10   26.66310  -85.00738   -0.00012   -0.00026     4.6936     4.7295     4.0797     4.0809    34.9773    34.9754    27.7598    27.7582    1502.42    203.953    205.517         36 0.0000e+00
      96714   4029.694   3225.567   3272.000     4.3917     4.3930   3.423901   3.423849     1.7157     1.4115      60.75   26.66310  -85.00738   -0.00006   -0.00017     4.6944     4.7298     4.0796     4.0809    34.9773    34.9754    27.7598    27.7582    1502.43    203.990    205.527         37 0.0000e+00
      96748   4031.132   3226.546   3273.000     4.3918     4.3931   3.423943   3.423895     1.7156     1.4114      60.15   26.66310  -85.00738   -0.00005   -0.00006     4.6945     4.7300     4.0796     4.0809    34.9772    34.9754    27.7597    27.7581    1502.43    203.992    205.537         32 0.0000e+00
      96780   4032.441   3227.524   3274.000     4.3920     4.3932   3.423988   3.423948     1.7154     1.4113      59.19   26.66310  -85.00738   -0.00006   -0.00005     4.6942     4.7298     4.0796     4.0808    34.9772    34.9755    27.7597    27.7582    1502.44    203.980    205.530         32 0.0000e+00
      96813   4033.817   3228.502   3275.000     4.3921     4.3933   3.424040   3.423985     1.7153     1.4112      58.15   26.66310  -85.00738   -0.00009   -0.00007     4.6940     4.7302     4.0797     4.0809    34.9772    34.9753    27.7597    27.7581    1502.45    203.972    205.547         35 0.0000e+00
      96849   4035.354   3229.481   3276.000     4.3921     4.3934   3.424086   3.424033     1.7151     1.4109      57.20   26.66310  -85.00738   -0.00011   -0.00013     4.6937     4.7294     4.0796     4.0809    34.9773    34.9754    27.7598    27.7581    1502.45    203.960    205.508         37 0.0000e+00
      96885   4036.823   3230.459   3277.000     4.3923     4.3936   3.424139   3.424089     1.7149     1.4107      56.22   26.66310  -85.00738   -0.00014   -0.00016     4.6934     4.7285     4.0796     4.0809    34.9773    34.9755    27.7598    27.7582    1502.46    203.944    205.470         33 0.0000e+00
      96916   4038.125   3231.438   3278.000     4.3924     4.3936   3.424185   3.424128     1.7149     1.4106      55.37   26.66310  -85.00738   -0.00011   -0.00011     4.6942     4.7290     4.0796     4.0808    34.9773    34.9754    27.7598    27.7581    1502.47    203.981    205.494         31 0.0000e+00
      96948   4039.472   3232.416   3279.000     4.3925     4.3937   3.424235   3.424180     1.7146     1.4103      54.35   26.66310  -85.00738   -0.00010   -0.00015     4.6935     4.7279     4.0796     4.0808    34.9773    34.9755    27.7598    27.7582    1502.47    203.949    205.444         35 0.0000e+00
      96987   4041.073   3233.395   3280.000     4.3926     4.3939   3.424279   3.424230     1.7146     1.4103      53.76   26.66310  -85.00739   -0.00011   -0.00014     4.6937     4.7284     4.0796     4.0809    34.9773    34.9754    27.7598    27.7582    1502.48    203.959    205.468         40 0.0000e+00
      97023   4042.571   3234.373   3281.000     4.3927     4.3940   3.424325   3.424277     1.7145     1.4103      52.30   26.66310  -85.00740   -0.00004   -0.00003     4.6939     4.7290     4.0796     4.0808    34.9773    34.9755    27.7598    27.7582    1502.49    203.968    205.495         32 0.0000e+00
      97085   4045.162   3236.329   3283.000     4.3930     4.3942   3.424401   3.424354     1.7142     1.4101      50.53   26.66292  -85.00687   -0.00012   -0.00005     4.6939     4.7293     4.0796     4.0808    34.9771    34.9753    27.7596    27.7581    1502.49    203.966    205.506         36 0.0000e+00
      97123   4046.729   3237.308   3284.000     4.3932     4.3944   3.424466   3.424418     1.7140     1.4102      49.38   26.66308  -85.00740   -0.00010   -0.00001     4.6933     4.7302     4.0797     4.0809    34.9772    34.9754    27.7597    27.7582    1502.50    203.943    205.544         38 0.0000e+00
      97158   4048.215   3238.286   3285.000     4.3933     4.3945   3.424514   3.424464     1.7138     1.4101      48.58   26.66308  -85.00740   -0.00013   -0.00001     4.6931     4.7302     4.0797     4.0809    34.9772    34.9754    27.7597    27.7582    1502.51    203.935    205.546         33 0.0000e+00
      97191   4049.580   3239.265   3286.000     4.3934     4.3946   3.424569   3.424511     1.7137     1.4101      47.55   26.66308  -85.00740   -0.00014   -0.00002     4.6932     4.7312     4.0797     4.0809    34.9773    34.9754    27.7598    27.7581    1502.51    203.936    205.589         33 0.0000e+00
      97225   4051.011   3240.243   3287.000     4.3935     4.3948   3.424614   3.424564     1.7137     1.4097      46.58   26.66308  -85.00740   -0.00001   -0.00008     4.6939     4.7295     4.0797     4.0809    34.9773    34.9755    27.7598    27.7582    1502.52    203.968    205.514         36 0.0000e+00
      97261   4052.515   3241.221   3288.000     4.3936     4.3949   3.424666   3.424606     1.7135     1.4096      45.60   26.66308  -85.00742   -0.00004   -0.00014     4.6932     4.7294     4.0797     4.0809    34.9774    34.9754    27.7598    27.7581    1502.53    203.939    205.511         35 0.0000e+00
      97295   4053.935   3242.200   3289.000     4.3937     4.3950   3.424709   3.424653     1.7132     1.4093      45.11   26.66308  -85.00742   -0.00015   -0.00015     4.6927     4.7287     4.0796     4.0809    34.9774    34.9754    27.7598    27.7582    1502.53    203.917    205.481         34 0.0000e+00
      97329   4055.342   3243.178   3290.000     4.3939     4.3951   3.424752   3.424699     1.7133     1.4091      43.48   26.66308  -85.00742   -0.00009   -0.00017     4.6938     4.7281     4.0796     4.0808    34.9773    34.9754    27.7598    27.7582    1502.54    203.965    205.456         34 0.0000e+00
      97365   4056.842   3244.156   3291.000     4.3940     4.3952   3.424796   3.424747     1.7132     1.4090      42.68   26.66308  -85.00742   -0.00004   -0.00011     4.6939     4.7284     4.0796     4.0809    34.9773    34.9754    27.7597    27.7582    1502.55    203.966    205.465         37 0.0000e+00
      97401   4058.344   3245.135   3292.000     4.3941     4.3954   3.424845   3.424796     1.7130     1.4090      41.79   26.66308  -85.00742   -0.00012   -0.00006     4.6933     4.7289     4.0796     4.0809    34.9773    34.9754    27.7598    27.7581    1502.55    203.942    205.491         34 0.0000e+00
      97434   4059.688   3246.113   3293.000     4.3942     4.3954   3.424903   3.424853     1.7129     1.4090      40.78   26.66308  -85.00742   -0.00013 -3.022e-07     4.6934     4.7296     4.0796     4.0808    34.9774    34.9756    27.7599    27.7583    1502.56    203.946    205.517         32 0.0000e+00
      97467   4061.075   3247.091   3294.000     4.3943     4.3956   3.424947   3.424894     1.7126     1.4089      39.87   26.66308  -85.00742   -0.00009   -0.00002     4.6927     4.7296     4.0796     4.0809    34.9774    34.9755    27.7598    27.7582    1502.56    203.914    205.521         36 0.0000e+00
      97507   4062.741   3248.069   3295.000     4.3944     4.3957   3.424995   3.424936     1.7125     1.4088      38.75   26.66307  -85.00742   -0.00009   -0.00007     4.6930     4.7295     4.0796     4.0809    34.9774    34.9754    27.7598    27.7581    1502.57    203.929    205.514         40 0.0000e+00
      97541   4064.177   3249.048   3296.000     4.3945     4.3958   3.425040   3.425000     1.7124     1.4089      37.96   26.66306  -85.00742   -0.00006   -0.00004     4.6929     4.7307     4.0796     4.0809    34.9774    34.9756    27.7599    27.7583    1502.58    203.925    205.568         30 0.0000e+00
      97604   4066.774   3251.004   3298.000     4.3948     4.3960   3.425105   3.425052     1.7122     1.4083      35.39   26.66280  -85.00662   -0.00009   -0.00011     4.6931     4.7292     4.0796     4.0808    34.9770    34.9751    27.7596    27.7579    1502.58    203.932    205.500         40 0.0000e+00
      97645   4068.513   3251.983   3299.000     4.3949     4.3962   3.425179   3.425135     1.7122     1.4082      34.95   26.66306  -85.00744   -0.00008   -0.00018     4.6936     4.7288     4.0796     4.0808    34.9773    34.9756    27.7598    27.7583    1502.59    203.954    205.486         39 0.0000e+00
      97679   4069.909   3252.961   3300.000     4.3950     4.3963   3.425234   3.425186     1.7119     1.4080      34.09   26.66306  -85.00744   -0.00007   -0.00014     4.6929     4.7284     4.0796     4.0808    34.9774    34.9756    27.7599    27.7583    1502.60    203.922    205.466         30 0.0000e+00
      97709   4071.183   3253.939   3301.000     4.3952     4.3964   3.425283   3.425233     1.7119     1.4079      33.13   26.66306  -85.00744   -0.00008   -0.00012     4.6934     4.7286     4.0796     4.0808    34.9774    34.9756    27.7599    27.7583    1502.61    203.947    205.473         33 0.0000e+00
      97745   4072.674   3254.918   3302.000     4.3953     4.3965   3.425326   3.425271     1.7119     1.4079      32.05   26.66306  -85.00744   -0.00006   -0.00006     4.6940     4.7292     4.0796     4.0808    34.9774    34.9755    27.7598    27.7582    1502.61    203.970    205.504         38 0.0000e+00
      97781   4074.182   3255.896   3303.000     4.3954     4.3967   3.425372   3.425325     1.7117     1.4078      31.19   26.66306  -85.00744   -0.00004   -0.00000     4.6935     4.7295     4.0796     4.0808    34.9773    34.9755    27.7598    27.7583    1502.62    203.952    205.516         33 0.0000e+00
