Gulf of Mexico/GOMECC-4/1db/drb2103_0541.cnv
* Sea-Bird SBE 9 Data File:
* FileName = C:\Users\scs.user.rb\CTD\GOMECC4\data\rb2103_0541.hex
* Software Version Seasave V 7.26.7.107
* Temperature SN = 4799
* Conductivity SN = 3860
* Number of Bytes Per Scan = 41
* Number of Voltage Words = 4
* Number of Scans Averaged by the Deck Unit = 1
* NMEA Latitude = 27 29.98 N
* NMEA Longitude = 095 00.24 W
* NMEA UTC (Time) = Sep 28 2021  12:26:08
* NMEA baud rate = 4800
# nquan = 28
# nvalues = 357                         
# units = specified
# name 0 = scan: Scan Count
# name 1 = timeS: Time, Elapsed [seconds]
# name 2 = depSM: Depth [salt water, m]
# name 3 = prDM: Pressure, Digiquartz [db]
# name 4 = t090C: Temperature [ITS-90, deg C]
# name 5 = t190C: Temperature, 2 [ITS-90, deg C]
# name 6 = c0S/m: Conductivity [S/m]
# name 7 = c1S/m: Conductivity, 2 [S/m]
# name 8 = sbeox0V: Oxygen raw, SBE 43 [V]
# name 9 = sbeox1V: Oxygen raw, SBE 43, 2 [V]
# name 10 = altM: Altimeter [m]
# name 11 = latitude: Latitude [deg]
# name 12 = longitude: Longitude [deg]
# name 13 = sbox0dV/dT: Oxygen, SBE 43 [dov/dt]
# name 14 = sbox1dV/dT: Oxygen, SBE 43, 2 [dov/dt]
# name 15 = sbeox0ML/L: Oxygen, SBE 43 [ml/l], WS = 5
# name 16 = sbeox1ML/L: Oxygen, SBE 43, 2 [ml/l], WS = 5
# name 17 = potemp090C: Potential Temperature [ITS-90, deg C]
# name 18 = potemp190C: Potential Temperature, 2 [ITS-90, deg C]
# name 19 = sal00: Salinity, Practical [PSU]
# name 20 = sal11: Salinity, Practical, 2 [PSU]
# name 21 = sigma-é00: Density [sigma-theta, kg/m^3]
# name 22 = sigma-é11: Density, 2 [sigma-theta, kg/m^3]
# name 23 = avgsvCM: Average Sound Velocity [Chen-Millero, m/s], minP = 20, minS = 20
# name 24 = sbox0Mm/Kg: Oxygen, SBE 43 [umol/kg], WS = 5
# name 25 = sbox1Mm/Kg: Oxygen, SBE 43, 2 [umol/kg], WS = 5
# name 26 = nbin: number of scans per bin
# name 27 = flag: flag
# span 0 =      13605,      41004       
# span 1 =    566.846,   1708.458       
# span 2 =      4.967,    870.352       
# span 3 =      5.000,    878.000       
# span 4 =     5.9004,    29.1777       
# span 5 =     5.9028,    29.1783       
# span 6 =   3.458941,   5.869722       
# span 7 =   3.458999,   5.869630       
# span 8 =     1.5802,     3.2960       
# span 9 =     1.2869,     2.8248       
# span 10 =      10.59,     100.28      
# span 11 =   27.48133,   27.50274      
# span 12 =  -95.01078,  -94.93724      
# span 13 =   -0.04621,    0.02082      
# span 14 =   -0.04551,    0.01988      
# span 15 =     2.4665,     4.9279      
# span 16 =     2.4928,     4.9486      
# span 17 =     5.8215,    29.1699      
# span 18 =     5.8239,    29.1705      
# span 19 =    34.9061,    36.5067      
# span 20 =    34.9044,    36.5069      
# span 21 =    22.5878,    27.5059      
# span 22 =    22.5876,    27.5043      
# span 23 =       0.00,    1545.04      
# span 24 =    107.244,    214.909      
# span 25 =    108.387,    215.811      
# span 26 =         30,         65      
# span 27 = 0.0000e+00, 0.0000e+00      
# interval = decibars: 1                
# start_time = Sep 28 2021 12:26:08 [NMEA time, header]
# bad_flag = -9.990e-29
*END*
[from data line 156]
      21020    875.802    184.687    186.000    16.9547    16.9549   4.637600   4.637671     1.8880     1.5654     100.00   27.49976  -95.00058    0.00271    0.00240     2.6983     2.7304    16.9238    16.9239    36.2613    36.2618    26.5011    26.5014    1531.32    117.394    118.792         35 0.0000e+00
      21053    877.158    185.679    187.000    16.8954    16.8973   4.630751   4.630974     1.8898     1.5655     100.00   27.49976  -95.00056    0.00253    0.00203     2.7063     2.7342    16.8644    16.8663    36.2543    36.2546    26.5099    26.5097    1531.24    117.741    118.955         30 0.0000e+00
      21113    879.686    187.664    189.000    16.7897    16.7917   4.618146   4.618421     1.8893     1.5653      99.99   27.49775  -94.99369    0.00036    0.00002     2.7122     2.7404    16.7585    16.7605    36.2372    36.2378    26.5218    26.5218    1530.98    117.996    119.224         37 0.0000e+00
      21151    881.268    188.657    190.000    16.7494    16.7504   4.613719   4.613845     1.8899     1.5666     100.00   27.49974  -95.00056   -0.00010    0.00014     2.7162     2.7466    16.7181    16.7190    36.2351    36.2353    26.5299    26.5299    1531.02    118.170    119.491         34 0.0000e+00
      21207    883.582    190.642    192.000    16.7258    16.7270   4.610411   4.610542     1.8898     1.5675      99.98   27.49386  -94.98023    0.00022    0.00069     2.7182     2.7508    16.6942    16.6954    36.2241    36.2242    26.5266    26.5264    1530.53    118.258    119.676         34 0.0000e+00
      21248    885.309    191.634    193.000    16.7107    16.7121   4.609187   4.609338     1.8893     1.5661     100.00   27.49974  -95.00054   -0.00011   -0.00006     2.7182     2.7483    16.6789    16.6803    36.2289    36.2290    26.5345    26.5342    1530.79    118.257    119.566         38 0.0000e+00
      21339    889.083    194.611    196.000    16.5910    16.5922   4.594957   4.595099     1.8844     1.5595      99.99   27.49715  -94.99157   -0.00134   -0.00168     2.7150     2.7396    16.5589    16.5601    36.2095    36.2097    26.5478    26.5476    1530.42    118.115    119.188         35 0.0000e+00
      21376    890.642    195.604    197.000    16.5341    16.5365   4.588312   4.588633     1.8823     1.5584     100.00   27.49974  -95.00052   -0.00134   -0.00136     2.7138     2.7402    16.5019    16.5043    36.2027    36.2033    26.5561    26.5561    1530.49    118.064    119.214         35 0.0000e+00
      21409    892.014    196.596    198.000    16.4755    16.4764   4.581458   4.581555     1.8795     1.5557     100.00   27.49975  -95.00051   -0.00154   -0.00129     2.7111     2.7371    16.4432    16.4441    36.1946    36.1947    26.5638    26.5636    1530.42    117.944    119.074         31 0.0000e+00
      21439    893.250    197.589    199.000    16.4472    16.4492   4.578015   4.578255     1.8780     1.5551      73.32   27.49976  -95.00050   -0.00174   -0.00134     2.7095     2.7375    16.4149    16.4168    36.1893    36.1897    26.5663    26.5662    1530.35    117.875    119.092         30 0.0000e+00
      21470    894.536    198.581    200.000    16.4021    16.4043   4.572678   4.572969     1.8760     1.5539      99.88   27.49974  -95.00050   -0.00159   -0.00107     2.7079     2.7373    16.3696    16.3718    36.1825    36.1831    26.5717    26.5717    1530.27    117.805    119.084         31 0.0000e+00
      21502    895.879    199.574    201.000    16.3265    16.3278   4.563807   4.563948     1.8746     1.5518     100.00   27.49974  -95.00050   -0.00136   -0.00091     2.7096     2.7361    16.2939    16.2953    36.1719    36.1719    26.5812    26.5809    1530.20    117.876    119.032         34 0.0000e+00
      21538    897.372    200.566    202.000    16.2778    16.2794   4.558029   4.558217     1.8728     1.5499     100.00   27.49976  -95.00049   -0.00116   -0.00140     2.7085     2.7350    16.2451    16.2467    36.1643    36.1645    26.5868    26.5866    1530.12    117.828    118.983         37 0.0000e+00
      21573    898.844    201.559    203.000    16.2453    16.2465   4.554382   4.554523     1.8704     1.5487      71.29   27.49976  -95.00048   -0.00132   -0.00124     2.7051     2.7340    16.2125    16.2138    36.1610    36.1611    26.5918    26.5916    1530.05    117.680    118.937         32 0.0000e+00
      21626    901.032    203.543    205.000    16.1755    16.1779   4.545650   4.545947     1.8682     1.5467      99.98   27.49436  -94.98185   -0.00116   -0.00086     2.7049     2.7336    16.1425    16.1449    36.1437    36.1442    26.5943    26.5942    1529.60    117.672    118.920         31 0.0000e+00
      21667    902.767    204.536    206.000    16.1158    16.1197   4.539302   4.539782     1.8690     1.5479     100.00   27.49976  -95.00047   -0.00031   -0.00021     2.7106     2.7402    16.0827    16.0866    36.1430    36.1438    26.6081    26.6078    1529.83    117.917    119.207         42 0.0000e+00
      21756    906.475    207.513    209.000    16.0148    16.0158   4.527223   4.527345     1.8688     1.5493      99.99   27.49836  -94.99562   -0.00024    0.00031     2.7173     2.7512    15.9814    15.9824    36.1252    36.1254    26.6178    26.6177    1529.53    118.206    119.681         34 0.0000e+00
      21791    907.918    208.505    210.000    16.0067    16.0076   4.526461   4.526508     1.8703     1.5491     100.00   27.49976  -95.00046    0.00081    0.00083     2.7217     2.7513    15.9732    15.9740    36.1258    36.1255    26.6202    26.6198    1529.54    118.400    119.685         32 0.0000e+00
      21892    912.144    212.475    214.000    15.8521    15.8531   4.508050   4.508140     1.8598     1.5371      99.99   27.49657  -94.98942   -0.00271   -0.00315     2.7076     2.7307    15.8181    15.8192    36.0990    36.0988    26.6349    26.6346    1529.07    117.784    118.789         31 0.0000e+00
      21928    913.605    213.467    215.000    15.8407    15.8418   4.506979   4.507070     1.8579     1.5363     100.00   27.49976  -95.00044   -0.00231   -0.00225     2.7041     2.7296    15.8066    15.8077    36.1005    36.1004    26.6390    26.6387    1529.18    117.630    118.740         32 0.0000e+00
      22032    917.975    217.437    219.000    15.7256    15.7271   4.493474   4.493641     1.8447     1.5245     100.00   27.50026  -95.00215   -0.00326   -0.00322     2.6808     2.7069    15.6910    15.6926    36.0827    36.0828    26.6518    26.6515    1528.93    116.619    117.754         31 0.0000e+00
      22138    922.388    221.406    223.000    15.5548    15.5555   4.473378   4.473440     1.8342     1.5148     100.00   27.49950  -94.99957   -0.00220   -0.00220     2.6675     2.6929    15.5199    15.5206    36.0557    36.0556    26.6698    26.6696    1528.61    116.034    117.140         30 0.0000e+00
      22272    927.955    226.367    228.000    15.4134    15.4148   4.456999   4.457124     1.8235     1.5066      34.34   27.50274  -95.01078   -0.00214   -0.00191     2.6518     2.6810    15.3779    15.3793    36.0361    36.0359    26.6870    26.6866    1528.45    115.353    116.622         30 0.0000e+00
      22921    955.009    251.173    253.000    14.5796    14.5803   4.359254   4.359479     1.7870     1.4728      98.68   27.49699  -94.99086   -0.00269   -0.00251     2.6220     2.6480    14.5417    14.5424    35.8978    35.8978    26.7649    26.7647    1526.49    114.045    115.175         30 0.0000e+00
      23053    960.486    256.134    258.000    14.4285    14.4302   4.341907   4.342067     1.7755     1.4620      99.99   27.49813  -94.99478   -0.00205   -0.00169     2.6042     2.6297    14.3901    14.3918    35.8753    35.8752    26.7803    26.7799    1526.23    113.272    114.378         31 0.0000e+00
      23085    961.853    257.126    259.000    14.4015    14.4023   4.338824   4.338888     1.7734     1.4603     100.00   27.49972  -95.00027   -0.00179   -0.00172     2.6009     2.6269    14.3630    14.3638    35.8719    35.8718    26.7836    26.7834    1526.26    113.125    114.256         30 0.0000e+00
      23187    966.076    261.095    263.000    14.2020    14.2039   4.315725   4.315924     1.7673     1.4556      97.05   27.49951  -94.99952   -0.00160   -0.00117     2.5992     2.6273    14.1633    14.1651    35.8408    35.8408    26.8024    26.8021    1525.99    113.049    114.271         33 0.0000e+00
      23319    971.577    266.055    268.000    14.0252    14.0264   4.295378   4.295481     1.7607     1.4482     100.00   27.49895  -94.99761   -0.00137   -0.00160     2.5951     2.6190    13.9861    13.9872    35.8131    35.8130    26.8187    26.8184    1525.64    112.871    113.910         32 0.0000e+00
      23450    977.059    271.016    273.000    13.8919    13.8927   4.280008   4.280058     1.7504     1.4419     100.00   27.49844  -94.99585   -0.00200   -0.00092     2.5791     2.6113    13.8523    13.8531    35.7912    35.7909    26.8300    26.8296    1525.30    112.174    113.574         34 0.0000e+00
      23548    981.145    274.984    277.000    13.7793    13.7803   4.266877   4.266923     1.7482     1.4398      99.98   27.49499  -94.98393   -0.00080   -0.00066     2.5818     2.6135    13.7393    13.7403    35.7703    35.7698    26.8373    26.8366    1524.86    112.288    113.669         30 0.0000e+00
      23584    982.639    275.976    278.000    13.7740    13.7749   4.266820   4.266830     1.7491     1.4399     100.00   27.49970  -95.00020   -0.00075   -0.00034     2.5845     2.6145    13.7339    13.7348    35.7757    35.7749    26.8430    26.8422    1525.06    112.407    113.710         32 0.0000e+00
      23715    988.091    280.936    283.000    13.7076    13.7083   4.259382   4.259371     1.7485     1.4390     100.00   27.49933  -94.99889   -0.00033   -0.00014     2.5887     2.6175    13.6669    13.6675    35.7655    35.7648    26.8490    26.8484    1524.74    112.588    113.841         30 0.0000e+00
      23818    992.369    284.904    287.000    13.5217    13.5236   4.237832   4.238021     1.7436     1.4346     100.00   27.49894  -94.99755   -0.00118   -0.00091     2.5889     2.6178    13.4808    13.4827    35.7346    35.7345    26.8638    26.8634    1524.48    112.597    113.855         30 0.0000e+00
      23950    997.877    289.864    292.000    13.3835    13.3848   4.222236   4.222308     1.7313     1.4218     100.00   27.49918  -94.99835   -0.00232   -0.00216     2.5678     2.5920    13.3421    13.3434    35.7142    35.7137    26.8766    26.8759    1524.20    111.677    112.728         32 0.0000e+00
      24083   1003.422    294.824    297.000    13.2285    13.2300   4.204561   4.204662     1.7248     1.4165     100.00   27.50042  -95.00258   -0.00096   -0.00102     2.5622     2.5881    13.1868    13.1883    35.6900    35.6896    26.8898    26.8891    1523.97    111.434    112.557         34 0.0000e+00
      24216   1008.947    299.784    302.000    13.1271    13.1289   4.193004   4.193161     1.7180     1.4095     100.00   27.50054  -95.00292   -0.00122   -0.00135     2.5528     2.5764    13.0848    13.0867    35.6732    35.6729    26.8975    26.8969    1523.68    111.021    112.047         33 0.0000e+00
      24349   1014.491    304.744    307.000    12.9658    12.9672   4.174844   4.174938     1.7113     1.4048     100.00   27.50060  -95.00312   -0.00104   -0.00038     2.5469     2.5742    12.9232    12.9246    35.6494    35.6490    26.9118    26.9112    1523.40    110.763    111.953         33 0.0000e+00
      25143   1047.588    334.499    337.000    12.1860    12.1883   4.087161   4.087376     1.6807     1.3780      82.60   27.50040  -95.00230   -0.00104   -0.00099     2.5245     2.5544    12.1411    12.1434    35.5278    35.5277    26.9720    26.9715    1521.73    109.785    111.082         30 0.0000e+00
      25247   1051.927    338.466    341.000    12.0615    12.0640   4.072997   4.073237     1.6809     1.3784      99.99   27.49834  -94.99518    0.00018    0.00017     2.5342     2.5642    12.0164    12.0188    35.5057    35.5057    26.9788    26.9783    1521.39    110.204    111.506         30 0.0000e+00
      25383   1057.563    343.424    346.000    11.9347    11.9368   4.059117   4.059282     1.6787     1.3769     100.00   27.50028  -95.00186   -0.00050   -0.00046     2.5376     2.5691    11.8892    11.8913    35.4891    35.4887    26.9904    26.9897    1521.23    110.352    111.720         33 0.0000e+00
      25487   1061.913    347.391    350.000    11.8432    11.8439   4.049015   4.048996     1.6751     1.3726     100.00   27.49908  -94.99770   -0.00078   -0.00097     2.5353     2.5636    11.7974    11.7981    35.4752    35.4744    26.9971    26.9963    1520.95    110.249    111.482         32 0.0000e+00
      25624   1067.608    352.350    355.000    11.7602    11.7614   4.040152   4.040168     1.6704     1.3683     100.00   27.50088  -95.00394   -0.00093   -0.00076     2.5295     2.5578    11.7140    11.7151    35.4656    35.4647    27.0056    27.0046    1520.79    109.996    111.228         30 0.0000e+00
      26180   1090.796    373.174    376.000    11.2701    11.2711   3.985999   3.986008     1.6513     1.3509     100.00   27.49876  -94.99653   -0.00087   -0.00086     2.5156     2.5437    11.2224    11.2234    35.3897    35.3888    27.0383    27.0374    1519.60    109.387    110.610         33 0.0000e+00
      26281   1095.002    377.140    380.000    11.2109    11.2117   3.979444   3.979412     1.6411     1.3401      99.99   27.49611  -94.98734   -0.00246   -0.00263     2.4929     2.5169    11.1629    11.1637    35.3788    35.3778    27.0407    27.0397    1519.25    108.403    109.447         30 0.0000e+00
      26317   1096.506    378.132    381.000    11.2091    11.2099   3.979658   3.979633     1.6387     1.3384     100.00   27.49972  -94.99979   -0.00262   -0.00247     2.4868     2.5120    11.1610    11.1617    35.3831    35.3822    27.0446    27.0437    1519.40    108.136    109.231         33 0.0000e+00
      26421   1100.845    382.098    385.000    11.0381    11.0418   3.960958   3.961300     1.6298     1.3305     100.00   27.50052  -95.00256   -0.00204   -0.00181     2.4743     2.5003    10.9899    10.9936    35.3594    35.3593    27.0574    27.0567    1519.25    107.591    108.721         34 0.0000e+00
      26554   1106.391    387.056    390.000    10.9049    10.9062   3.946300   3.946330     1.6276     1.3295     100.00   27.50013  -95.00118   -0.00023    0.00015     2.4781     2.5071    10.8564    10.8577    35.3388    35.3378    27.0655    27.0645    1518.98    107.756    109.017         31 0.0000e+00
      26657   1110.678    391.022    394.000    10.8082    10.8080   3.935672   3.935545     1.6265     1.3287     100.00   27.49897  -94.99718   -0.00035   -0.00029     2.4825     2.5119    10.7595    10.7594    35.3233    35.3222    27.0709    27.0701    1518.72    107.945    109.225         33 0.0000e+00
      26762   1115.049    394.988    398.000    10.7776    10.7802   3.932460   3.932640     1.6279     1.3300     100.00   27.49886  -94.99684    0.00027    0.00022     2.4895     2.5188    10.7285    10.7311    35.3187    35.3180    27.0729    27.0719    1518.52    108.249    109.523         31 0.0000e+00
      26794   1116.369    395.979    399.000    10.7610    10.7711   3.930760   3.931751     1.6283     1.3297     100.00   27.49970  -94.99972    0.00023    0.00004     2.4919     2.5188    10.7119    10.7219    35.3172    35.3177    27.0748    27.0733    1518.52    108.354    109.523         30 0.0000e+00
      26925   1121.842    400.937    404.000    10.6571    10.6609   3.919471   3.919742     1.6288     1.3304     100.00   27.49940  -94.99865   -0.00001   -0.00004     2.5013     2.5293    10.6076    10.6114    35.3018    35.3008    27.0814    27.0799    1518.26    108.763    109.979         32 0.0000e+00
