Gulf of Mexico/GOMECC-4/1db/drb2103_0091.cnv
* Sea-Bird SBE 9 Data File:
* FileName = C:\Users\scs.user.rb\CTD\GOMECC4\data\rb2103_0091.hex
* Software Version Seasave V 7.26.7.107
* Temperature SN = 4799
* Conductivity SN = 3860
* Number of Bytes Per Scan = 41
* Number of Voltage Words = 4
* Number of Scans Averaged by the Deck Unit = 1
* NMEA Latitude = 26 00.03 N
* NMEA Longitude = 085 59.98 W
* NMEA UTC (Time) = Sep 17 2021  12:33:51
* NMEA baud rate = 4800
# nquan = 28
# nvalues = 705                         
# units = specified
# name 0 = scan: Scan Count
# name 1 = timeS: Time, Elapsed [seconds]
# name 2 = depSM: Depth [salt water, m]
# name 3 = prDM: Pressure, Digiquartz [db]
# name 4 = t090C: Temperature [ITS-90, deg C]
# name 5 = t190C: Temperature, 2 [ITS-90, deg C]
# name 6 = c0S/m: Conductivity [S/m]
# name 7 = c1S/m: Conductivity, 2 [S/m]
# name 8 = sbeox0V: Oxygen raw, SBE 43 [V]
# name 9 = sbeox1V: Oxygen raw, SBE 43, 2 [V]
# name 10 = altM: Altimeter [m]
# name 11 = latitude: Latitude [deg]
# name 12 = longitude: Longitude [deg]
# name 13 = sbox0dV/dT: Oxygen, SBE 43 [dov/dt]
# name 14 = sbox1dV/dT: Oxygen, SBE 43, 2 [dov/dt]
# name 15 = sbeox0ML/L: Oxygen, SBE 43 [ml/l], WS = 5
# name 16 = sbeox1ML/L: Oxygen, SBE 43, 2 [ml/l], WS = 5
# name 17 = potemp090C: Potential Temperature [ITS-90, deg C]
# name 18 = potemp190C: Potential Temperature, 2 [ITS-90, deg C]
# name 19 = sal00: Salinity, Practical [PSU]
# name 20 = sal11: Salinity, Practical, 2 [PSU]
# name 21 = sigma-é00: Density [sigma-theta, kg/m^3]
# name 22 = sigma-é11: Density, 2 [sigma-theta, kg/m^3]
# name 23 = avgsvCM: Average Sound Velocity [Chen-Millero, m/s], minP = 20, minS = 20
# name 24 = sbox0Mm/Kg: Oxygen, SBE 43 [umol/kg], WS = 5
# name 25 = sbox1Mm/Kg: Oxygen, SBE 43, 2 [umol/kg], WS = 5
# name 26 = nbin: number of scans per bin
# name 27 = flag: flag
# span 0 =      16602,     106863       
# span 1 =    691.710,   4452.586       
# span 2 =      5.961,   3221.810       
# span 3 =      6.000,   3268.000       
# span 4 =     4.2849,    29.1652       
# span 5 =     4.2859,    29.1660       
# span 6 =   3.343242,   5.881754       
# span 7 =   3.343176,   5.882015       
# span 8 =     1.6224,     3.2641       
# span 9 =     1.3318,     2.8142       
# span 10 =      18.49,     104.61      
# span 11 =   25.98842,   26.00305      
# span 12 =  -86.00332,  -85.95706      
# span 13 =   -0.05494,    0.01903      
# span 14 =   -0.05125,    0.01979      
# span 15 =     2.6106,     4.9276      
# span 16 =     2.6597,     4.9804      
# span 17 =     4.0766,    29.1625      
# span 18 =     4.0778,    29.1633      
# span 19 =    34.9029,    36.8027      
# span 20 =    34.9016,    36.8042      
# span 21 =    22.6985,    27.7609      
# span 22 =    22.6999,    27.7593      
# span 23 =       0.00,    1549.26      
# span 24 =    113.513,    214.848      
# span 25 =    115.646,    217.166      
# span 26 =         30,         70      
# span 27 = 0.0000e+00, 0.0000e+00      
# interval = decibars: 1                
# start_time = Sep 17 2021 12:33:51 [NMEA time, header]
# bad_flag = -9.990e-29
*END*
[from data line 622]
     102875   4286.410   3121.983   3166.000     4.3788     4.3800   3.418801   3.418736     1.7302     1.4263     100.00   26.00149  -85.98612   -0.00009   -0.00014     4.6994     4.7416     4.0794     4.0806    34.9767    34.9748    27.7593    27.7577    1502.22    204.207    206.042         30 0.0000e+00
     102906   4287.704   3122.962   3167.000     4.3790     4.3802   3.418872   3.418804     1.7303     1.4266     100.00   26.00164  -85.98668   -0.00003   -0.00005     4.7004     4.7438     4.0794     4.0806    34.9770    34.9749    27.7595    27.7578    1502.23    204.250    206.135         31 0.0000e+00
     103048   4293.643   3127.856   3172.000     4.3795     4.3807   3.419113   3.419038     1.7293     1.4261      98.13   26.00158  -85.98660   -0.00006   -0.00005     4.6990     4.7442     4.0794     4.0806    34.9770    34.9749    27.7596    27.7578    1502.26    204.189    206.153         30 0.0000e+00
     103078   4294.879   3128.835   3173.000     4.3797     4.3809   3.419154   3.419086     1.7299     1.4261      96.92   26.00159  -85.98664   -0.00007   -0.00004     4.7023     4.7448     4.0794     4.0806    34.9770    34.9749    27.7595    27.7578    1502.27    204.332    206.179         30 0.0000e+00
     103109   4296.152   3129.814   3174.000     4.3798     4.3810   3.419202   3.419137     1.7290     1.4261     100.01   26.00158  -85.98664   -0.00014   -0.00001     4.6986     4.7454     4.0794     4.0806    34.9770    34.9750    27.7596    27.7578    1502.27    204.170    206.205         30 0.0000e+00
     103222   4300.888   3133.730   3178.000     4.3801     4.3813   3.419374   3.419300     1.7289     1.4259     100.00   26.00137  -85.98604   -0.00014   -0.00002     4.7005     4.7468     4.0793     4.0805    34.9769    34.9748    27.7595    27.7577    1502.29    204.255    206.269         31 0.0000e+00
     103256   4302.306   3134.709   3179.000     4.3803     4.3815   3.419439   3.419374     1.7289     1.4258     100.00   26.00154  -85.98660   -0.00003   -0.00003     4.7011     4.7470     4.0793     4.0805    34.9770    34.9750    27.7596    27.7579    1502.30    204.281    206.276         35 0.0000e+00
     103370   4307.055   3138.624   3183.000     4.3807     4.3820   3.419619   3.419547     1.7289     1.4253     100.00   26.00145  -85.98643    0.00001   -0.00019     4.7034     4.7465     4.0793     4.0805    34.9770    34.9749    27.7596    27.7577    1502.33    204.380    206.254         34 0.0000e+00
     103404   4308.460   3139.603   3184.000     4.3808     4.3821   3.419674   3.419611     1.7286     1.4251      99.59   26.00149  -85.98656   -0.00006   -0.00020     4.7026     4.7465     4.0793     4.0805    34.9771    34.9751    27.7596    27.7579    1502.33    204.346    206.252         32 0.0000e+00
     103488   4311.969   3142.539   3187.000     4.3810     4.3823   3.419809   3.419742     1.7284     1.4249      96.74   26.00141  -85.98636   -0.00005   -0.00008     4.7036     4.7471     4.0791     4.0804    34.9771    34.9751    27.7597    27.7579    1502.35    204.389    206.281         32 0.0000e+00
     103520   4313.307   3143.518   3188.000     4.3812     4.3824   3.419858   3.419797     1.7284     1.4248      95.75   26.00146  -85.98654   -0.00008   -0.00005     4.7041     4.7472     4.0792     4.0804    34.9771    34.9751    27.7597    27.7580    1502.36    204.412    206.282         31 0.0000e+00
     103605   4316.816   3146.454   3191.000     4.3815     4.3827   3.419983   3.419929     1.7278     1.4247      84.04   26.00133  -85.98617   -0.00008   -0.00003     4.7030     4.7486     4.0791     4.0803    34.9769    34.9751    27.7595    27.7579    1502.37    204.363    206.343         31 0.0000e+00
     103636   4318.120   3147.433   3192.000     4.3816     4.3829   3.420046   3.419981     1.7284     1.4247      85.74   26.00142  -85.98652   -0.00001   -0.00004     4.7063     4.7492     4.0791     4.0803    34.9771    34.9751    27.7597    27.7580    1502.38    204.507    206.370         31 0.0000e+00
     103753   4323.002   3151.349   3196.000     4.3819     4.3831   3.420225   3.420158     1.7279     1.4239      88.08   26.00141  -85.98653   -0.00006   -0.00019     4.7067     4.7475     4.0789     4.0801    34.9772    34.9753    27.7598    27.7581    1502.40    204.525    206.299         31 0.0000e+00
     103848   4326.965   3154.285   3199.000     4.3820     4.3832   3.420360   3.420291     1.7276     1.4244      85.08   26.00140  -85.98659   -0.00005    0.00016     4.7070     4.7518     4.0786     4.0799    34.9774    34.9753    27.7600    27.7582    1502.42    204.538    206.482         39 0.0000e+00
     103949   4331.185   3155.264   3200.000     4.3821     4.3833   3.420399   3.420334     1.7279     1.4249      83.94   26.00134  -85.98644    0.00006    0.00012     4.7091     4.7551     4.0786     4.0799    34.9773    34.9753    27.7599    27.7582    1502.43    204.627    206.628         42 0.0000e+00
     103994   4333.040   3156.242   3201.000     4.3821     4.3833   3.420432   3.420370     1.7281     1.4251      83.08   26.00134  -85.98644    0.00013    0.00010     4.7107     4.7564     4.0786     4.0797    34.9772    34.9753    27.7598    27.7582    1502.43    204.696    206.684         45 0.0000e+00
     104063   4335.925   3157.221   3202.000     4.3822     4.3833   3.420479   3.420411     1.7284     1.4251      76.87   26.00132  -85.98642    0.00005    0.00002     4.7123     4.7574     4.0785     4.0796    34.9773    34.9753    27.7599    27.7582    1502.44    204.768    206.727         41 0.0000e+00
     104160   4339.940   3159.180   3204.000     4.3820     4.3833   3.420575   3.420503     1.7288     1.4250      80.07   26.00138  -85.98671    0.00005   -0.00002     4.7157     4.7582     4.0781     4.0793    34.9777    34.9756    27.7603    27.7585    1502.46    204.916    206.763         44 0.0000e+00
     104210   4342.050   3160.192   3205.000     4.3819     4.3832   3.420601   3.420534     1.7288     1.4254      79.23   26.00128  -85.98638    0.00006    0.00008     4.7164     4.7606     4.0779     4.0791    34.9777    34.9757    27.7603    27.7585    1502.46    204.947    206.868         33 0.0000e+00
     104254   4343.855   3161.138   3206.000     4.3820     4.3832   3.420640   3.420570     1.7291     1.4260      78.16   26.00127  -85.98638    0.00015    0.00024     4.7184     4.7642     4.0778     4.0790    34.9777    34.9756    27.7602    27.7585    1502.46    205.031    207.021         51 0.0000e+00
     104317   4346.504   3162.115   3207.000     4.3818     4.3830   3.420673   3.420609     1.7292     1.4262      77.16   26.00125  -85.98636    0.00008    0.00016     4.7195     4.7660     4.0776     4.0788    34.9778    34.9758    27.7604    27.7587    1502.47    205.078    207.103         49 0.0000e+00
     104356   4348.134   3163.094   3208.000     4.3815     4.3827   3.420699   3.420636     1.7295     1.4262      76.38   26.00124  -85.98636    0.00013    0.00005     4.7214     4.7668     4.0771     4.0783    34.9780    34.9760    27.7606    27.7589    1502.47    205.164    207.134         39 0.0000e+00
     104401   4349.988   3164.072   3209.000     4.3815     4.3827   3.420741   3.420674     1.7301     1.4268      75.29   26.00124  -85.98634    0.00017    0.00015     4.7247     4.7705     4.0770     4.0782    34.9780    34.9761    27.7607    27.7589    1502.48    205.308    207.295         50 0.0000e+00
     104451   4352.074   3165.051   3210.000     4.3816     4.3828   3.420787   3.420722     1.7310     1.4274      74.33   26.00123  -85.98633    0.00036    0.00027     4.7298     4.7738     4.0770     4.0781    34.9780    34.9761    27.7606    27.7590    1502.48    205.526    207.441         47 0.0000e+00
     104495   4353.929   3166.030   3211.000     4.3816     4.3828   3.420835   3.420764     1.7317     1.4280      73.45   26.00122  -85.98631    0.00046    0.00029     4.7336     4.7776     4.0769     4.0781    34.9782    34.9761    27.7608    27.7590    1502.49    205.691    207.605         43 0.0000e+00
     104536   4355.633   3167.009   3212.000     4.3818     4.3829   3.420886   3.420817     1.7321     1.4285      72.42   26.00122  -85.98630    0.00031    0.00031     4.7360     4.7807     4.0769     4.0781    34.9782    34.9762    27.7608    27.7590    1502.50    205.797    207.741         38 0.0000e+00
     104574   4357.202   3167.987   3213.000     4.3818     4.3831   3.420927   3.420861     1.7325     1.4290      71.53   26.00120  -85.98628    0.00030    0.00032     4.7387     4.7841     4.0769     4.0781    34.9782    34.9762    27.7608    27.7590    1502.50    205.913    207.887         40 0.0000e+00
     104622   4359.212   3168.966   3214.000     4.3820     4.3832   3.420976   3.420904     1.7330     1.4293      70.42   26.00120  -85.98627    0.00026    0.00025     4.7415     4.7859     4.0769     4.0781    34.9782    34.9761    27.7608    27.7590    1502.51    206.035    207.964         53 0.0000e+00
     104664   4360.967   3169.945   3215.000     4.3820     4.3833   3.421021   3.420961     1.7337     1.4296      69.62   26.00118  -85.98626    0.00020    0.00015     4.7451     4.7882     4.0768     4.0781    34.9782    34.9762    27.7608    27.7591    1502.51    206.191    208.065         32 0.0000e+00
     104694   4362.215   3170.923   3216.000     4.3821     4.3833   3.421070   3.421003     1.7333     1.4295      68.79   26.00118  -85.98624    0.00016    0.00011     4.7441     4.7879     4.0768     4.0780    34.9783    34.9762    27.7608    27.7591    1502.52    206.151    208.055         30 0.0000e+00
     104729   4363.685   3171.902   3217.000     4.3821     4.3834   3.421104   3.421041     1.7336     1.4294      67.62   26.00117  -85.98624    0.00013    0.00001     4.7459     4.7885     4.0767     4.0779    34.9782    34.9762    27.7608    27.7591    1502.53    206.227    208.077         43 0.0000e+00
     104775   4365.573   3172.881   3218.000     4.3822     4.3834   3.421154   3.421084     1.7337     1.4294      66.62   26.00116  -85.98623    0.00007   -0.00007     4.7469     4.7887     4.0767     4.0779    34.9782    34.9762    27.7608    27.7591    1502.53    206.271    208.087         41 0.0000e+00
     104809   4367.007   3173.859   3219.000     4.3823     4.3835   3.421206   3.421132     1.7336     1.4293      65.83   26.00115  -85.98622   -0.00003   -0.00007     4.7473     4.7888     4.0766     4.0779    34.9783    34.9762    27.7609    27.7591    1502.54    206.287    208.092         31 0.0000e+00
     104842   4368.376   3174.838   3220.000     4.3825     4.3837   3.421243   3.421181     1.7334     1.4296      64.81   26.00114  -85.98620   -0.00003    0.00004     4.7472     4.7910     4.0767     4.0779    34.9782    34.9762    27.7608    27.7591    1502.55    206.281    208.185         37 0.0000e+00
     104886   4370.216   3175.817   3221.000     4.3826     4.3838   3.421293   3.421228     1.7336     1.4295      63.71   26.00114  -85.98620    0.00001    0.00009     4.7486     4.7911     4.0767     4.0779    34.9782    34.9762    27.7608    27.7591    1502.55    206.344    208.193         49 0.0000e+00
     104930   4372.035   3176.796   3222.000     4.3827     4.3839   3.421337   3.421278     1.7336     1.4293      62.84   26.00112  -85.98618    0.00004   -0.00007     4.7491     4.7910     4.0766     4.0779    34.9782    34.9763    27.7608    27.7591    1502.55    206.365    208.189         37 0.0000e+00
     104965   4373.491   3177.774   3223.000     4.3828     4.3840   3.421393   3.421322     1.7335     1.4290      61.86   26.00112  -85.98617   -0.00007   -0.00016     4.7492     4.7900     4.0766     4.0778    34.9783    34.9762    27.7609    27.7591    1502.56    206.370    208.141         36 0.0000e+00
     105010   4375.374   3178.753   3224.000     4.3829     4.3841   3.421432   3.421362     1.7334     1.4292      60.80   26.00110  -85.98616   -0.00005   -0.00005     4.7494     4.7915     4.0767     4.0779    34.9782    34.9761    27.7608    27.7591    1502.57    206.377    208.211         54 0.0000e+00
     105058   4377.395   3179.732   3225.000     4.3830     4.3842   3.421486   3.421417     1.7331     1.4291      59.88   26.00109  -85.98614   -0.00008    0.00006     4.7484     4.7916     4.0766     4.0778    34.9783    34.9763    27.7609    27.7591    1502.57    206.335    208.212         39 0.0000e+00
     105093   4378.824   3180.710   3226.000     4.3831     4.3843   3.421527   3.421463     1.7329     1.4292      59.10   26.00108  -85.98614   -0.00008   -0.00003     4.7483     4.7926     4.0766     4.0778    34.9783    34.9763    27.7609    27.7592    1502.58    206.332    208.255         34 0.0000e+00
     105136   4380.615   3181.689   3227.000     4.3832     4.3845   3.421570   3.421510     1.7328     1.4289      57.94   26.00107  -85.98612   -0.00012   -0.00006     4.7483     4.7916     4.0766     4.0778    34.9782    34.9762    27.7608    27.7591    1502.59    206.332    208.214         55 0.0000e+00
     105189   4382.821   3182.667   3228.000     4.3834     4.3846   3.421626   3.421561     1.7328     1.4289      56.92   26.00106  -85.98610   -0.00007   -0.00011     4.7489     4.7922     4.0766     4.0778    34.9783    34.9763    27.7609    27.7592    1502.59    206.359    208.240         41 0.0000e+00
     105223   4384.258   3183.646   3229.000     4.3835     4.3847   3.421665   3.421615     1.7328     1.4289      56.16   26.00106  -85.98610   -0.00002    0.00001     4.7494     4.7931     4.0766     4.0778    34.9782    34.9764    27.7608    27.7593    1502.60    206.377    208.277         34 0.0000e+00
     105263   4385.903   3184.625   3230.000     4.3836     4.3848   3.421716   3.421650     1.7327     1.4289      55.05   26.00104  -85.98608   -0.00003    0.00002     4.7495     4.7936     4.0766     4.0778    34.9782    34.9762    27.7609    27.7591    1502.60    206.381    208.298         48 0.0000e+00
     105313   4388.017   3185.603   3231.000     4.3838     4.3850   3.421768   3.421697     1.7324     1.4286      54.04   26.00103  -85.98607   -0.00008   -0.00007     4.7489     4.7929     4.0767     4.0778    34.9782    34.9762    27.7608    27.7591    1502.61    206.357    208.271         44 0.0000e+00
     105350   4389.532   3186.582   3232.000     4.3839     4.3851   3.421814   3.421750     1.7323     1.4285      53.18   26.00102  -85.98605   -0.00005   -0.00010     4.7492     4.7928     4.0766     4.0778    34.9782    34.9763    27.7608    27.7592    1502.61    206.369    208.266         35 0.0000e+00
     105392   4391.298   3187.561   3233.000     4.3840     4.3852   3.421862   3.421796     1.7323     1.4283      52.15   26.00102  -85.98604   -0.00003   -0.00010     4.7495     4.7924     4.0767     4.0778    34.9782    34.9763    27.7608    27.7592    1502.62    206.385    208.250         52 0.0000e+00
     105440   4393.310   3188.539   3234.000     4.3841     4.3853   3.421907   3.421837     1.7323     1.4284      51.23   26.00100  -85.98604   -0.00007   -0.00006     4.7502     4.7937     4.0767     4.0778    34.9782    34.9762    27.7608    27.7591    1502.63    206.412    208.303         39 0.0000e+00
     105476   4394.806   3189.518   3235.000     4.3842     4.3854   3.421950   3.421888     1.7321     1.4283      50.32   26.00100  -85.98602   -0.00012   -0.00001     4.7498     4.7935     4.0766     4.0778    34.9782    34.9763    27.7608    27.7591    1502.63    206.397    208.296         38 0.0000e+00
     105524   4396.807   3190.497   3236.000     4.3844     4.3855   3.421999   3.421935     1.7320     1.4281      49.21   26.00099  -85.98600   -0.00003   -0.00007     4.7498     4.7934     4.0767     4.0778    34.9782    34.9762    27.7608    27.7591    1502.64    206.398    208.291         54 0.0000e+00
