Gulf of Mexico/GOMECC-4/1db/drb2103_0251.cnv
* Sea-Bird SBE 9 Data File:
* FileName = C:\Users\scs.user.rb\CTD\GOMECC4\data\rb2103_0251.hex
* Software Version Seasave V 7.26.7.107
* Temperature SN = 4799
* Conductivity SN = 3860
* Number of Bytes Per Scan = 41
* Number of Voltage Words = 4
* Number of Scans Averaged by the Deck Unit = 1
* NMEA Latitude = 28 30.98 N
* NMEA Longitude = 086 12.21 W
* NMEA UTC (Time) = Sep 21 2021  08:11:51
* NMEA baud rate = 4800
# nquan = 28
# nvalues = 246                         
# units = specified
# name 0 = scan: Scan Count
# name 1 = timeS: Time, Elapsed [seconds]
# name 2 = depSM: Depth [salt water, m]
# name 3 = prDM: Pressure, Digiquartz [db]
# name 4 = t090C: Temperature [ITS-90, deg C]
# name 5 = t190C: Temperature, 2 [ITS-90, deg C]
# name 6 = c0S/m: Conductivity [S/m]
# name 7 = c1S/m: Conductivity, 2 [S/m]
# name 8 = sbeox0V: Oxygen raw, SBE 43 [V]
# name 9 = sbeox1V: Oxygen raw, SBE 43, 2 [V]
# name 10 = altM: Altimeter [m]
# name 11 = latitude: Latitude [deg]
# name 12 = longitude: Longitude [deg]
# name 13 = sbox0dV/dT: Oxygen, SBE 43 [dov/dt]
# name 14 = sbox1dV/dT: Oxygen, SBE 43, 2 [dov/dt]
# name 15 = sbeox0ML/L: Oxygen, SBE 43 [ml/l], WS = 5
# name 16 = sbeox1ML/L: Oxygen, SBE 43, 2 [ml/l], WS = 5
# name 17 = potemp090C: Potential Temperature [ITS-90, deg C]
# name 18 = potemp190C: Potential Temperature, 2 [ITS-90, deg C]
# name 19 = sal00: Salinity, Practical [PSU]
# name 20 = sal11: Salinity, Practical, 2 [PSU]
# name 21 = sigma-é00: Density [sigma-theta, kg/m^3]
# name 22 = sigma-é11: Density, 2 [sigma-theta, kg/m^3]
# name 23 = avgsvCM: Average Sound Velocity [Chen-Millero, m/s], minP = 20, minS = 20
# name 24 = sbox0Mm/Kg: Oxygen, SBE 43 [umol/kg], WS = 5
# name 25 = sbox1Mm/Kg: Oxygen, SBE 43, 2 [umol/kg], WS = 5
# name 26 = nbin: number of scans per bin
# name 27 = flag: flag
# span 0 =       9186,      23264       
# span 1 =    382.717,    969.304       
# span 2 =      4.966,    395.949       
# span 3 =      5.000,    399.000       
# span 4 =     9.8800,    28.8877       
# span 5 =     9.8813,    28.8906       
# span 6 =   3.833947,   5.767234       
# span 7 =   3.833940,   5.767633       
# span 8 =     1.6082,     3.1889       
# span 9 =     1.3139,     2.7217       
# span 10 =      10.22,     100.14      
# span 11 =   28.51479,   28.51668      
# span 12 =  -86.20318,  -86.19742      
# span 13 =   -0.03925,    0.02451      
# span 14 =   -0.03956,    0.02538      
# span 15 =     2.4919,     4.5466      
# span 16 =     2.5261,     4.5657      
# span 17 =     9.8334,    28.8848      
# span 18 =     9.8348,    28.8877      
# span 19 =    33.6283,    36.5361      
# span 20 =    33.6422,    36.5368      
# span 21 =    21.4351,    27.1281      
# span 22 =    21.4419,    27.1274      
# span 23 =       0.00,    1546.33      
# span 24 =    108.349,    198.490      
# span 25 =    109.837,    199.322      
# span 26 =         30,         68      
# span 27 = 0.0000e+00, 0.0000e+00      
# interval = decibars: 1                
# start_time = Sep 21 2021 08:11:51 [NMEA time, header]
# bad_flag = -9.990e-29
*END*
[from data line 104]
      13754    573.049    108.242    109.000    19.9144    19.9152   4.966040   4.966256     2.2315     1.8683      96.61   28.51668  -86.20300   -0.02042   -0.01928     3.2528     3.2678    19.8941    19.8950    36.4667    36.4677    25.9091    25.9097    1534.51    141.601    142.253         32 0.0000e+00
      13788    574.450    109.235    110.000    19.8902    19.8951   4.964163   4.964641     2.2152     1.8554      95.10   28.51668  -86.20298   -0.01698   -0.01463     3.2296     3.2469    19.8698    19.8747    36.4750    36.4752    25.9219    25.9208    1534.44    140.589    141.342         35 0.0000e+00
      13824    575.943    110.228    111.000    19.7292    19.7298   4.949874   4.950030     2.1980     1.8405      79.08   28.51668  -86.20298   -0.01245   -0.01001     3.1914     3.2121    19.7087    19.7094    36.4933    36.4940    25.9784    25.9788    1534.33    138.918    139.820         35 0.0000e+00
      13857    577.346    111.220    112.000    19.6839    19.6852   4.945825   4.946063     2.1845     1.8275      50.38   28.51668  -86.20298   -0.01106   -0.00963     3.1666     3.1857    19.6633    19.6646    36.4989    36.4997    25.9947    25.9950    1534.24    137.837    138.670         33 0.0000e+00
      13890    578.725    112.213    113.000    19.6531    19.6552   4.943124   4.943448     2.1747     1.8191      99.85   28.51668  -86.20298   -0.00960   -0.00877     3.1487     3.1695    19.6323    19.6344    36.5030    36.5039    26.0060    26.0061    1534.15    137.058    137.963         34 0.0000e+00
      13924    580.142    113.206    114.000    19.5981    19.6015   4.938091   4.938514     2.1697     1.8167     100.00   28.51668  -86.20298   -0.00670   -0.00574     3.1397     3.1656    19.5772    19.5806    36.5080    36.5086    26.0242    26.0238    1534.06    136.662    137.792         34 0.0000e+00
      13960    581.614    114.199    115.000    19.5802    19.5820   4.936414   4.936708     2.1657     1.8149     100.00   28.51668  -86.20298   -0.00392   -0.00231     3.1332     3.1628    19.5591    19.5609    36.5101    36.5110    26.0306    26.0309    1533.97    136.381    137.668         36 0.0000e+00
      13994    583.054    115.192    116.000    19.5659    19.5679   4.935155   4.935449     2.1633     1.8123      97.91   28.51668  -86.20298   -0.00257   -0.00137     3.1293     3.1578    19.5446    19.5466    36.5118    36.5125    26.0357    26.0357    1533.88    136.209    137.449         33 0.0000e+00
      14027    584.406    116.184    117.000    19.5431    19.5447   4.933132   4.933430     2.1611     1.8131     100.02   28.51668  -86.20298   -0.00190   -0.00117     3.1263     3.1613    19.5216    19.5233    36.5146    36.5156    26.0438    26.0442    1533.80    136.075    137.600         32 0.0000e+00
      14060    585.780    117.177    118.000    19.5185    19.5227   4.930914   4.931414     2.1591     1.8105     100.00   28.51668  -86.20298   -0.00157   -0.00058     3.1238     3.1569    19.4969    19.5011    36.5172    36.5177    26.0524    26.0516    1533.71    135.967    137.407         35 0.0000e+00
      14096    587.271    118.170    119.000    19.4946    19.4972   4.928732   4.929108     2.1575     1.8088     100.00   28.51668  -86.20298   -0.00136   -0.00122     3.1222     3.1546    19.4728    19.4754    36.5196    36.5205    26.0604    26.0605    1533.63    135.896    137.306         36 0.0000e+00
      14130    588.701    119.162    120.000    19.4663    19.4670   4.926185   4.926319     2.1553     1.8076      99.04   28.51668  -86.20298   -0.00129   -0.00118     3.1195     3.1538    19.4443    19.4450    36.5228    36.5233    26.0703    26.0706    1533.54    135.776    137.270         32 0.0000e+00
      14161    590.006    120.155    121.000    19.4396    19.4397   4.923715   4.923856     2.1547     1.8058      99.99   28.51668  -86.20297   -0.00119   -0.00099     3.1203     3.1516    19.4175    19.4176    36.5252    36.5263    26.0792    26.0800    1533.47    135.809    137.171         32 0.0000e+00
      14195    591.418    121.148    122.000    19.4171    19.4205   4.921706   4.922139     2.1532     1.8035     100.00   28.51668  -86.20296   -0.00084   -0.00134     3.1188     3.1476    19.3948    19.3983    36.5278    36.5284    26.0871    26.0866    1533.38    135.743    136.997         36 0.0000e+00
      14231    592.917    122.141    123.000    19.3980    19.3984   4.920005   4.920161     2.1519     1.8033      91.92   28.51668  -86.20296   -0.00090   -0.00118     3.1173     3.1488    19.3756    19.3760    36.5299    36.5309    26.0937    26.0944    1533.30    135.679    137.048         35 0.0000e+00
      14264    594.300    123.133    124.000    19.3805    19.3809   4.918418   4.918574     2.1511     1.8030      77.09   28.51668  -86.20296   -0.00085   -0.00043     3.1170     3.1493    19.3579    19.3583    36.5317    36.5326    26.0997    26.1003    1533.22    135.665    137.071         32 0.0000e+00
      14298    595.697    124.126    125.000    19.3361    19.3377   4.914180   4.914358     2.1494     1.8017      99.81   28.51668  -86.20296   -0.00083   -0.00034     3.1163     3.1497    19.3133    19.3151    36.5348    36.5354    26.1137    26.1138    1533.14    135.634    137.083         35 0.0000e+00
      14332    597.130    125.119    126.000    19.2781    19.2799   4.908290   4.908542     2.1477     1.8010     100.00   28.51668  -86.20296   -0.00104   -0.00072     3.1169     3.1512    19.2552    19.2570    36.5361    36.5367    26.1298    26.1298    1533.06    135.655    137.150         33 0.0000e+00
      14365    598.506    126.112    127.000    19.2058    19.2061   4.900752   4.900860     2.1454     1.8008     100.00   28.51668  -86.20296   -0.00134   -0.00046     3.1167     3.1556    19.1828    19.1831    36.5361    36.5368    26.1486    26.1491    1532.98    135.643    137.337         33 0.0000e+00
      14398    599.890    127.104    128.000    19.1260    19.1273   4.892122   4.892314     2.1449     1.7985      99.61   28.51668  -86.20296   -0.00118   -0.00061     3.1210     3.1553    19.1029    19.1041    36.5336    36.5343    26.1674    26.1676    1532.91    135.828    137.320         34 0.0000e+00
      14432    601.302    128.097    129.000    19.0334    19.0351   4.881779   4.882033     2.1433     1.7977     100.00   28.51668  -86.20296   -0.00087   -0.00098     3.1237     3.1592    19.0102    19.0118    36.5279    36.5286    26.1869    26.1870    1532.83    135.945    137.491         34 0.0000e+00
      14466    602.701    129.090    130.000    18.9846    18.9855   4.876359   4.876556     2.1411     1.7962     100.00   28.51668  -86.20296   -0.00114   -0.00106     3.1224     3.1590    18.9612    18.9621    36.5250    36.5258    26.1973    26.1977    1532.75    135.887    137.480         34 0.0000e+00
      14500    604.141    130.082    131.000    18.9533    18.9546   4.872875   4.873111     2.1403     1.7970     100.00   28.51668  -86.20296   -0.00121   -0.00055     3.1231     3.1634    18.9298    18.9311    36.5228    36.5237    26.2037    26.2040    1532.67    135.915    137.671         34 0.0000e+00
      14534    605.532    131.075    132.000    18.9013    18.8997   4.866930   4.866834     2.1409     1.7963     100.00   28.51668  -86.20296   -0.00052    0.00012     3.1282     3.1655    18.8777    18.8760    36.5182    36.5188    26.2135    26.2145    1532.59    136.135    137.760         33 0.0000e+00
      14567    606.897    132.068    133.000    18.7086    18.7213   4.844180   4.845689     2.1382     1.7932     100.00   28.51668  -86.20296   -0.00021   -0.00055     3.1353     3.1695    18.6849    18.6976    36.4959    36.4974    26.2458    26.2437    1532.51    136.440    137.932         33 0.0000e+00
      14602    608.367    133.061    134.000    18.6075    18.6039   4.832303   4.831944     2.1259     1.7815     100.00   28.51668  -86.20296   -0.00255   -0.00302     3.1157     3.1488    18.5837    18.5801    36.4844    36.4845    26.2627    26.2638    1532.43    135.586    137.028         37 0.0000e+00
      14637    609.832    134.053    135.000    18.5675    18.5691   4.827497   4.827766     2.1163     1.7690     100.00   28.51668  -86.20296   -0.00648   -0.00693     3.0966     3.1209    18.5436    18.5453    36.4786    36.4794    26.2685    26.2687    1532.35    134.755    135.810         33 0.0000e+00
      14669    611.157    135.046    136.000    18.4958    18.4969   4.819022   4.819205     2.1058     1.7601     100.00   28.51668  -86.20296   -0.00791   -0.00857     3.0785     3.1041    18.4718    18.4729    36.4698    36.4704    26.2800    26.2801    1532.26    133.964    135.081         31 0.0000e+00
      14702    612.555    136.038    137.000    18.4163    18.4182   4.809437   4.809732     2.0944     1.7503     100.00   28.51668  -86.20296   -0.00798   -0.00744     3.0584     3.0854    18.3922    18.3944    36.4581    36.4591    26.2911    26.2913    1532.18    133.091    134.266         36 0.0000e+00
      14738    614.060    137.031    138.000    18.3381    18.3390   4.799741   4.799861     2.0792     1.7355     100.00   28.51668  -86.20296   -0.00856   -0.00750     3.0301     3.0547    18.3139    18.3148    36.4448    36.4450    26.3006    26.3005    1532.10    131.856    132.927         35 0.0000e+00
      14772    615.466    138.024    139.000    18.1833    18.1845   4.781040   4.781214     2.0586     1.7141     100.00   28.51668  -86.20296   -0.01075   -0.01059     2.9944     3.0121    18.1591    18.1603    36.4222    36.4226    26.3221    26.3222    1532.01    130.301    131.071         33 0.0000e+00
      14805    616.818    139.016    140.000    18.0818    18.0827   4.769161   4.769332     2.0340     1.6911     100.00   28.51668  -86.20296   -0.01540   -0.01513     2.9458     2.9618    18.0575    18.0584    36.4104    36.4111    26.3385    26.3388    1531.93    128.181    128.879         33 0.0000e+00
      14838    618.219    140.009    141.000    18.0105    18.0117   4.760935   4.761130     2.0133     1.6732     100.00   28.51668  -86.20296   -0.01701   -0.01618     2.9044     2.9225    17.9861    17.9873    36.4029    36.4036    26.3505    26.3507    1531.84    126.380    127.168         34 0.0000e+00
      14873    619.660    141.001    142.000    17.9635    17.9642   4.755633   4.755792     2.0060     1.6701     100.00   28.51668  -86.20296   -0.01305   -0.01079     2.8913     2.9181    17.9390    17.9396    36.3989    36.3997    26.3592    26.3596    1531.76    125.808    126.975         35 0.0000e+00
      14907    621.095    141.994    143.000    17.9473    17.9479   4.753968   4.754128     2.0047     1.6729     100.00   28.51668  -86.20296   -0.00459   -0.00099     2.8897     2.9262    17.9226    17.9232    36.3987    36.3995    26.3631    26.3636    1531.67    125.740    127.327         34 0.0000e+00
      14941    622.483    142.987    144.000    17.9255    17.9261   4.751651   4.751799     2.0085     1.6793     100.00   28.51668  -86.20294   -0.00073    0.00206     2.9000     2.9438    17.9007    17.9013    36.3978    36.3986    26.3679    26.3683    1531.59    126.186    128.093         33 0.0000e+00
      14975    623.914    143.979    145.000    17.8942    17.8948   4.748155   4.748285     2.0174     1.6859     100.00   28.51668  -86.20294    0.00292    0.00410     2.9222     2.9621    17.8692    17.8698    36.3953    36.3959    26.3738    26.3741    1531.50    127.151    128.888         35 0.0000e+00
      15009    625.327    144.972    146.000    17.8526    17.8538   4.743338   4.743547     2.0248     1.6939     100.00   28.51668  -86.20294    0.00537    0.00481     2.9419     2.9850    17.8274    17.8286    36.3906    36.3914    26.3805    26.3807    1531.41    128.006    129.884         33 0.0000e+00
      15041    626.679    145.965    147.000    17.7478    17.7492   4.730997   4.731199     2.0293     1.6987     100.00   28.51668  -86.20294    0.00509    0.00491     2.9589     3.0035    17.7226    17.7240    36.3774    36.3780    26.3962    26.3963    1531.33    128.748    130.686         33 0.0000e+00
      15075    628.098    146.957    148.000    17.6235    17.6251   4.716289   4.716499     2.0325     1.7013     100.00   28.51668  -86.20294    0.00351    0.00383     2.9746     3.0177    17.5983    17.5999    36.3611    36.3615    26.4143    26.4141    1531.25    129.427    131.303         34 0.0000e+00
      15110    629.524    147.950    149.000    17.4904    17.4934   4.700603   4.700968     2.0336     1.7018     100.00   28.51668  -86.20294    0.00202    0.00164     2.9859     3.0276    17.4651    17.4681    36.3441    36.3445    26.4338    26.4333    1531.16    129.914    131.730         34 0.0000e+00
      15144    630.971    148.942    150.000    17.3619    17.3632   4.685448   4.685643     2.0387     1.7071     100.00   28.51668  -86.20294    0.00170    0.00140     3.0063     3.0493    17.3366    17.3379    36.3272    36.3278    26.4522    26.4523    1531.08    130.800    132.671         35 0.0000e+00
      15178    632.383    149.935    151.000    17.2788    17.2801   4.675503   4.675670     2.0439     1.7104     100.00   28.51668  -86.20294    0.00310    0.00292     3.0239     3.0631    17.2534    17.2547    36.3148    36.3151    26.4628    26.4627    1530.98    131.564    133.272         33 0.0000e+00
      15211    633.744    150.928    152.000    17.1429    17.1465   4.660390   4.660538     2.0438     1.7097      86.87   28.51668  -86.20294    0.00283    0.00195     3.0327     3.0701    17.1175    17.1210    36.2985    36.2996    26.4831    26.4831    1530.90    131.944    133.575         33 0.0000e+00
      15244    635.121    151.920    153.000    17.0967    17.0972   4.654094   4.654217     2.0452     1.7121      99.96   28.51668  -86.20294    0.00106    0.00060     3.0396     3.0795    17.0712    17.0717    36.2909    36.2915    26.4884    26.4888    1530.81    132.244    133.982         33 0.0000e+00
      15279    636.569    152.913    154.000    17.0743    17.0745   4.651411   4.651510     2.0445     1.7121     100.00   28.51666  -86.20292    0.00037    0.00089     3.0398     3.0813    17.0486    17.0488    36.2872    36.2879    26.4910    26.4915    1530.72    132.254    134.060         36 0.0000e+00
      15314    638.054    153.905    155.000    17.0319    17.0331   4.646175   4.646368     2.0404     1.7061     100.00   28.51666  -86.20292   -0.00069   -0.00053     3.0338     3.0704    17.0061    17.0073    36.2792    36.2797    26.4951    26.4952    1530.63    131.994    133.586         35 0.0000e+00
      15347    639.427    154.898    156.000    16.8899    16.8917   4.629584   4.629824     2.0354     1.7029      86.29   28.51666  -86.20292   -0.00258   -0.00284     3.0318     3.0707    16.8640    16.8658    36.2613    36.2618    26.5153    26.5153    1530.54    131.903    133.593         31 0.0000e+00
      15379    640.756    155.890    157.000    16.8215    16.8231   4.621613   4.621837     2.0364     1.7037      94.83   28.51666  -86.20292   -0.00265   -0.00240     3.0390     3.0774    16.7956    16.7972    36.2525    36.2530    26.5249    26.5249    1530.45    132.213    133.884         33 0.0000e+00
      15413    642.181    156.883    158.000    16.7713    16.7720   4.615709   4.615872     2.0400     1.7063     100.05   28.51666  -86.20292    0.00013    0.00006     3.0511     3.0876    16.7453    16.7459    36.2454    36.2463    26.5315    26.5320    1530.35    132.740    134.330         35 0.0000e+00
      15448    643.640    157.876    159.000    16.7593    16.7608   4.614224   4.614472     2.0403     1.7077     100.00   28.51666  -86.20292    0.00174    0.00142     3.0529     3.0923    16.7331    16.7346    36.2428    36.2437    26.5323    26.5326    1530.27    132.817    134.532         35 0.0000e+00
