Gulf of Mexico/GOMECC-4/1db/drb2103_0371.cnv
* Sea-Bird SBE 9 Data File:
* FileName = C:\Users\scs.user.rb\CTD\GOMECC4\data\rb2103_0371.hex
* Software Version Seasave V 7.26.7.107
* Temperature SN = 4799
* Conductivity SN = 3860
* Number of Bytes Per Scan = 41
* Number of Voltage Words = 4
* Number of Scans Averaged by the Deck Unit = 1
* NMEA Latitude = 27 00.07 N
* NMEA Longitude = 089 59.96 W
* NMEA UTC (Time) = Sep 25 2021  07:16:47
* NMEA baud rate = 4800
# nquan = 28
# nvalues = 758                         
# units = specified
# name 0 = scan: Scan Count
# name 1 = timeS: Time, Elapsed [seconds]
# name 2 = depSM: Depth [salt water, m]
# name 3 = prDM: Pressure, Digiquartz [db]
# name 4 = t090C: Temperature [ITS-90, deg C]
# name 5 = t190C: Temperature, 2 [ITS-90, deg C]
# name 6 = c0S/m: Conductivity [S/m]
# name 7 = c1S/m: Conductivity, 2 [S/m]
# name 8 = sbeox0V: Oxygen raw, SBE 43 [V]
# name 9 = sbeox1V: Oxygen raw, SBE 43, 2 [V]
# name 10 = altM: Altimeter [m]
# name 11 = latitude: Latitude [deg]
# name 12 = longitude: Longitude [deg]
# name 13 = sbox0dV/dT: Oxygen, SBE 43 [dov/dt]
# name 14 = sbox1dV/dT: Oxygen, SBE 43, 2 [dov/dt]
# name 15 = sbeox0ML/L: Oxygen, SBE 43 [ml/l], WS = 5
# name 16 = sbeox1ML/L: Oxygen, SBE 43, 2 [ml/l], WS = 5
# name 17 = potemp090C: Potential Temperature [ITS-90, deg C]
# name 18 = potemp190C: Potential Temperature, 2 [ITS-90, deg C]
# name 19 = sal00: Salinity, Practical [PSU]
# name 20 = sal11: Salinity, Practical, 2 [PSU]
# name 21 = sigma-é00: Density [sigma-theta, kg/m^3]
# name 22 = sigma-é11: Density, 2 [sigma-theta, kg/m^3]
# name 23 = avgsvCM: Average Sound Velocity [Chen-Millero, m/s], minP = 20, minS = 20
# name 24 = sbox0Mm/Kg: Oxygen, SBE 43 [umol/kg], WS = 5
# name 25 = sbox1Mm/Kg: Oxygen, SBE 43, 2 [umol/kg], WS = 5
# name 26 = nbin: number of scans per bin
# name 27 = flag: flag
# span 0 =      23122,      91907       
# span 1 =    963.363,   3829.405       
# span 2 =      5.960,   2375.564       
# span 3 =      6.000,   2405.000       
# span 4 =     4.2722,    29.0265       
# span 5 =     4.2727,    29.0277       
# span 6 =   3.350044,   5.899904       
# span 7 =   3.349953,   5.900211       
# span 8 =     1.5944,     3.1302       
# span 9 =     1.3015,     2.6630       
# span 10 =      11.28,     102.50      
# span 11 =   26.97934,   27.02738      
# span 12 =  -90.07055,  -89.90965      
# span 13 =   -0.01965,    0.01684      
# span 14 =   -0.02024,    0.01974      
# span 15 =     2.6006,     4.7243      
# span 16 =     2.6289,     4.7616      
# span 17 =     4.0826,    29.0190      
# span 18 =     4.0833,    29.0202      
# span 19 =    34.8997,    36.8755      
# span 20 =    34.8990,    36.8767      
# span 21 =    22.9030,    27.7574      
# span 22 =    22.9032,    27.7559      
# span 23 =       0.00,    1546.32      
# span 24 =    113.126,    205.289      
# span 25 =    114.358,    206.909      
# span 26 =         30,         66      
# span 27 = 0.0000e+00, 0.0000e+00      
# interval = decibars: 1                
# start_time = Sep 25 2021 07:16:47 [NMEA time, header]
# bad_flag = -9.990e-29
*END*
[from data line 311]
      48382   2015.861    875.330    883.000     6.1343     6.1347   3.480094   3.480058     1.7033     1.4041      57.16   27.01246  -89.99468    0.00053    0.00063     3.2407     3.2827     6.0533     6.0537    34.9080    34.9072    27.4732    27.4725    1509.92    140.860    142.683         31 0.0000e+00
      48487   2020.262    879.287    887.000     6.1264     6.1267   3.479560   3.479509     1.7044     1.4052     100.00   27.01237  -89.99425    0.00027    0.00028     3.2467     3.2890     6.0451     6.0454    34.9081    34.9073    27.4744    27.4736    1509.83    141.121    142.960         30 0.0000e+00
      48627   2026.098    884.233    892.000     6.1107     6.1111   3.478438   3.478400     1.7051     1.4058     100.00   27.01299  -89.99623    0.00010    0.00013     3.2526     3.2945     6.0290     6.0294    34.9091    34.9083    27.4772    27.4765    1509.75    141.378    143.197         30 0.0000e+00
      48764   2031.797    889.179    897.000     6.1015     6.1017   3.477763   3.477702     1.7061     1.4056     100.00   27.01235  -89.99394    0.00003    0.00008     3.2587     3.2970     6.0194     6.0196    34.9085    34.9077    27.4780    27.4772    1509.59    141.642    143.307         30 0.0000e+00
      48795   2033.070    890.168    898.000     6.0984     6.0987   3.477490   3.477410     1.7063     1.4054     100.00   27.01258  -89.99464    0.00009   -0.00001     3.2602     3.2968     6.0162     6.0165    34.9089    34.9079    27.4787    27.4778    1509.59    141.707    143.297         30 0.0000e+00
      48899   2037.404    894.124    902.000     6.0234     6.0232   3.470820   3.470739     1.7088     1.4084     100.00   27.01187  -89.99220    0.00058    0.00077     3.2767     3.3162     5.9413     5.9411    34.9081    34.9074    27.4876    27.4870    1509.45    142.424    144.141         31 0.0000e+00
      48935   2038.913    895.114    903.000     6.0177     6.0174   3.470427   3.470324     1.7112     1.4111      69.21   27.01261  -89.99461    0.00128    0.00139     3.2857     3.3266     5.9356     5.9353    34.9091    34.9082    27.4892    27.4885    1509.47    142.814    144.592         37 0.0000e+00
      49039   2043.256    899.070    907.000     5.9956     5.9957   3.468514   3.468444     1.7159     1.4155     100.00   27.01161  -89.99118    0.00098    0.00097     3.3049     3.3464     5.9132     5.9133    34.9084    34.9075    27.4914    27.4907    1509.33    143.650    145.452         39 0.0000e+00
      49077   2044.817    900.059    908.000     5.9889     5.9870   3.467871   3.467715     1.7169     1.4166     100.00   27.01265  -89.99460    0.00083    0.00085     3.3092     3.3514     5.9065     5.9046    34.9097    34.9087    27.4933    27.4928    1509.36    143.835    145.668         30 0.0000e+00
      49147   2047.748    903.027    911.000     5.9644     5.9644   3.465851   3.465782     1.7188     1.4191     100.00   27.01155  -89.99086    0.00057    0.00072     3.3192     3.3638     5.8818     5.8819    34.9083    34.9075    27.4953    27.4946    1509.23    144.268    146.209         31 0.0000e+00
      49184   2049.304    904.016    912.000     5.9593     5.9594   3.465553   3.465485     1.7199     1.4206     100.00   27.01268  -89.99458    0.00066    0.00099     3.3235     3.3698     5.8767     5.8768    34.9098    34.9089    27.4971    27.4965    1509.27    144.456    146.467         38 0.0000e+00
      49323   2055.095    908.961    917.000     5.9454     5.9459   3.464569   3.464530     1.7241     1.4235     100.00   27.01314  -89.99599    0.00053    0.00056     3.3410     3.3837     5.8624     5.8629    34.9105    34.9096    27.4995    27.4988    1509.19    145.214    147.073         38 0.0000e+00
      49457   2060.658    913.906    922.000     5.9396     5.9402   3.464153   3.464137     1.7267     1.4249     100.00   27.01210  -89.99238    0.00042    0.00039     3.3523     3.3915     5.8562     5.8568    34.9093    34.9084    27.4993    27.4986    1509.02    145.708    147.412         37 0.0000e+00
      49493   2062.146    914.895    923.000     5.9387     5.9394   3.464182   3.464174     1.7267     1.4250     100.00   27.01276  -89.99456    0.00036    0.00018     3.3528     3.3926     5.8552     5.8559    34.9101    34.9093    27.5001    27.4994    1509.04    145.729    147.457         30 0.0000e+00
      49596   2066.454    918.851    927.000     5.9375     5.9379   3.464252   3.464208     1.7271     1.4259     100.00   27.01275  -89.99436    0.00009    0.00019     3.3559     3.3976     5.8536     5.8540    34.9102    34.9093    27.5004    27.4996    1508.95    145.864    147.674         35 0.0000e+00
      49629   2067.831    919.840    928.000     5.9359     5.9372   3.464152   3.464201     1.7267     1.4260     100.00   27.01280  -89.99454   -0.00008    0.00036     3.3554     3.3984     5.8519     5.8532    34.9102    34.9094    27.5006    27.4998    1508.93    145.840    147.711         30 0.0000e+00
      49823   2075.919    926.763    935.000     5.9182     5.9179   3.462851   3.462753     1.7272     1.4261     100.00   27.01317  -89.99554    0.00010    0.00007     3.3617     3.4036     5.8336     5.8334    34.9103    34.9095    27.5030    27.5024    1508.80    146.114    147.936         30 0.0000e+00
      49933   2080.501    930.719    939.000     5.8862     5.8863   3.460060   3.459992     1.7292     1.4282      39.23   27.01289  -89.99454    0.00044    0.00048     3.3732     3.4158     5.8015     5.8016    34.9098    34.9089    27.5066    27.5059    1508.70    146.615    148.466         31 0.0000e+00
      50128   2088.623    937.642    946.000     5.8016     5.8015   3.452832   3.452737     1.7369     1.4370     100.00   27.01291  -89.99442    0.00093    0.00105     3.4100     3.4592     5.7168     5.7167    34.9112    34.9103    27.5183    27.5177    1508.56    148.215    150.350         35 0.0000e+00
      50266   2094.385    942.586    951.000     5.7818     5.7820   3.451302   3.451246     1.7456     1.4451     100.00   27.01337  -89.99578    0.00147    0.00125     3.4429     3.4924     5.6967     5.6968    34.9123    34.9115    27.5218    27.5211    1508.48    149.641    151.793         34 0.0000e+00
      50403   2100.071    947.531    956.000     5.7647     5.7649   3.449958   3.449907     1.7498     1.4481     100.00   27.01284  -89.99395    0.00062    0.00045     3.4612     3.5070     5.6792     5.6794    34.9122    34.9114    27.5239    27.5232    1508.35    150.435    152.429         31 0.0000e+00
      50435   2101.420    948.520    957.000     5.7627     5.7628   3.449845   3.449773     1.7508     1.4482     100.00   27.01302  -89.99448    0.00070    0.00039     3.4649     3.5081     5.6771     5.6772    34.9125    34.9116    27.5244    27.5237    1508.34    150.597    152.477         32 0.0000e+00
      50541   2105.834    952.475    961.000     5.7556     5.7559   3.449341   3.449292     1.7523     1.4486     100.00   27.01251  -89.99271    0.00038    0.00007     3.4726     3.5123     5.6696     5.6700    34.9122    34.9113    27.5250    27.5242    1508.23    150.931    152.659         33 0.0000e+00
      50575   2107.262    953.464    962.000     5.7557     5.7561   3.449451   3.449407     1.7527     1.4490     100.00   27.01306  -89.99446    0.00032    0.00025     3.4742     3.5141     5.6696     5.6701    34.9129    34.9119    27.5256    27.5248    1508.24    151.003    152.734         32 0.0000e+00
      50683   2111.742    957.420    966.000     5.7459     5.7463   3.448752   3.448716     1.7530     1.4493     100.00   27.01297  -89.99409   -0.00000    0.00005     3.4780     3.5177     5.6596     5.6600    34.9130    34.9122    27.5269    27.5262    1508.16    151.166    152.893         35 0.0000e+00
      50791   2116.266    961.375    970.000     5.7302     5.7304   3.447479   3.447422     1.7528     1.4493     100.00   27.01251  -89.99248   -0.00005    0.00001     3.4809     3.5213     5.6436     5.6438    34.9128    34.9119    27.5287    27.5280    1508.04    151.291    153.046         30 0.0000e+00
      50824   2117.645    962.364    971.000     5.7267     5.7268   3.447273   3.447199     1.7534     1.4502      99.94   27.01312  -89.99442    0.00005    0.00015     3.4836     3.5252     5.6400     5.6402    34.9136    34.9127    27.5298    27.5291    1508.06    151.411    153.217         33 0.0000e+00
      50936   2122.276    966.318    975.000     5.7153     5.7149   3.446474   3.446358     1.7555     1.4518     100.00   27.01347  -89.99551    0.00050    0.00036     3.4935     3.5341     5.6283     5.6279    34.9144    34.9135    27.5319    27.5312    1508.00    151.838    153.605         35 0.0000e+00
      51044   2126.775    970.274    979.000     5.6891     5.6894   3.444225   3.444162     1.7565     1.4528     100.00   27.01244  -89.99195    0.00017    0.00027     3.5012     3.5421     5.6020     5.6022    34.9138    34.9128    27.5347    27.5339    1507.86    152.175    153.951         33 0.0000e+00
      51079   2128.250    971.263    980.000     5.6753     5.6754   3.443123   3.443049     1.7573     1.4532      92.72   27.01318  -89.99440    0.00044    0.00047     3.5055     3.5453     5.5882     5.5882    34.9151    34.9142    27.5374    27.5367    1507.89    152.360    154.090         34 0.0000e+00
      51188   2132.808    975.218    984.000     5.6079     5.6080   3.437346   3.437276     1.7591     1.4558     100.00   27.01315  -89.99420    0.00039    0.00057     3.5197     3.5627     5.5209     5.5210    34.9171    34.9161    27.5473    27.5464    1507.81    152.975    154.845         34 0.0000e+00
      51382   2140.859    982.139    991.000     5.5981     5.5983   3.436741   3.436686     1.7680     1.4631     100.00   27.01280  -89.99285    0.00084    0.00032     3.5546     3.5941     5.5104     5.5106    34.9169    34.9161    27.5484    27.5477    1507.65    154.492    156.208         30 0.0000e+00
      51414   2142.196    983.127    992.000     5.5976     5.5979   3.436794   3.436761     1.7684     1.4638     100.00   27.01328  -89.99436    0.00059    0.00026     3.5561     3.5971     5.5098     5.5102    34.9176    34.9168    27.5490    27.5484    1507.66    154.559    156.339         32 0.0000e+00
      51518   2146.523    987.082    996.000     5.5933     5.5940   3.436472   3.436455     1.7688     1.4644      99.92   27.01201  -89.99007    0.00012    0.00009     3.5601     3.6015     5.5052     5.5059    34.9163    34.9154    27.5485    27.5477    1507.51    154.732    156.532         31 0.0000e+00
      51554   2148.054    988.071    997.000     5.5904     5.5908   3.436402   3.436367     1.7685     1.4648     100.00   27.01330  -89.99435    0.00002    0.00018     3.5597     3.6039     5.5023     5.5027    34.9180    34.9172    27.5503    27.5496    1507.57    154.713    156.633         36 0.0000e+00
      51656   2152.300    992.025   1001.000     5.5572     5.5571   3.433506   3.433414     1.7682     1.4641      91.68   27.01187  -89.98944   -0.00007   -0.00018     3.5637     3.6066     5.4689     5.4688    34.9173    34.9164    27.5538    27.5531    1507.41    154.886    156.753         35 0.0000e+00
      51694   2153.889    993.014   1002.000     5.5502     5.5504   3.433094   3.433034     1.7686     1.4650     100.33   27.01334  -89.99434    0.00008    0.00013     3.5660     3.6109     5.4619     5.4621    34.9195    34.9186    27.5564    27.5557    1507.48    154.987    156.937         33 0.0000e+00
      51801   2158.341    996.969   1006.000     5.5186     5.5192   3.430451   3.430431     1.7710     1.4674     100.00   27.01320  -89.99379    0.00052    0.00053     3.5791     3.6248     5.4301     5.4307    34.9201    34.9192    27.5607    27.5600    1507.39    155.557    157.540         38 0.0000e+00
      51938   2164.040   1001.912   1011.000     5.5018     5.5018   3.429214   3.429150     1.7746     1.4702      95.39   27.01337  -89.99423    0.00056    0.00040     3.5954     3.6391     5.4130     5.4130    34.9209    34.9202    27.5635    27.5629    1507.31    156.264    158.162         31 0.0000e+00
      51968   2165.307   1002.901   1012.000     5.4998     5.4997   3.429084   3.428998     1.7754     1.4710      99.98   27.01340  -89.99432    0.00049    0.00028     3.5988     3.6428     5.4109     5.4108    34.9210    34.9202    27.5638    27.5632    1507.30    156.412    158.322         30 0.0000e+00
      51998   2166.554   1003.889   1013.000     5.4934     5.4946   3.428664   3.428646     1.7760     1.4713     100.00   27.01342  -89.99432    0.00052    0.00042     3.6033     3.6450     5.4044     5.4056    34.9213    34.9203    27.5648    27.5638    1507.28    156.605    158.420         30 0.0000e+00
      52102   2170.877   1007.844   1017.000     5.4798     5.4800   3.427464   3.427407     1.7773     1.4723     100.00   27.01269  -89.99181    0.00031    0.00024     3.6098     3.6520     5.3905     5.3908    34.9208    34.9199    27.5661    27.5653    1507.17    156.888    158.721         30 0.0000e+00
      52137   2172.343   1008.832   1018.000     5.4789     5.4792   3.427509   3.427455     1.7779     1.4726     100.00   27.01344  -89.99430    0.00037    0.00032     3.6123     3.6534     5.3896     5.3899    34.9217    34.9208    27.5670    27.5662    1507.19    156.997    158.785         38 0.0000e+00
      52269   2177.826   1013.775   1023.000     5.4715     5.4720   3.426880   3.426837     1.7792     1.4748      99.99   27.01158  -89.98796    0.00028    0.00045     3.6200     3.6647     5.3818     5.3822    34.9196    34.9187    27.5662    27.5654    1507.00    157.331    159.273         46 0.0000e+00
      52407   2183.600   1018.718   1028.000     5.4618     5.4620   3.426381   3.426310     1.7801     1.4748      96.65   27.01269  -89.99152    0.00011    0.00010     3.6266     3.6682     5.3716     5.3718    34.9212    34.9203    27.5687    27.5679    1506.97    157.616    159.426         43 0.0000e+00
      52448   2185.292   1019.707   1029.000     5.4590     5.4592   3.426227   3.426169     1.7803     1.4750      97.50   27.01352  -89.99426    0.00009    0.00013     3.6277     3.6694     5.3688     5.3690    34.9223    34.9214    27.5699    27.5692    1506.99    157.668    159.479         31 0.0000e+00
      52542   2189.227   1023.660   1033.000     5.4331     5.4331   3.423986   3.423910     1.7813     1.4770     100.00   27.01249  -89.99076    0.00020    0.00050     3.6357     3.6814     5.3427     5.3427    34.9215    34.9206    27.5724    27.5717    1506.87    158.012    160.000         32 0.0000e+00
      52579   2190.738   1024.649   1034.000     5.4275     5.4276   3.423646   3.423576     1.7826     1.4779     100.00   27.01355  -89.99426    0.00056    0.00064     3.6412     3.6857     5.3370     5.3372    34.9231    34.9221    27.5743    27.5736    1506.91    158.253    160.186         35 0.0000e+00
      52682   2195.055   1028.603   1038.000     5.4144     5.4145   3.422578   3.422509     1.7859     1.4809     100.00   27.01272  -89.99137    0.00074    0.00067     3.6556     3.7002     5.3237     5.3238    34.9224    34.9214    27.5754    27.5746    1506.80    158.878    160.818         31 0.0000e+00
      52717   2196.485   1029.592   1039.000     5.4054     5.4051   3.421910   3.421809     1.7869     1.4812     100.00   27.01358  -89.99423    0.00074    0.00043     3.6605     3.7028     5.3147     5.3144    34.9236    34.9228    27.5775    27.5769    1506.83    159.092    160.930         33 0.0000e+00
      52823   2200.909   1033.545   1043.000     5.3673     5.3661   3.418706   3.418527     1.7895     1.4842     100.00   27.01352  -89.99392    0.00059    0.00079     3.6752     3.7199     5.2765     5.2753    34.9245    34.9237    27.5828    27.5823    1506.76    159.728    161.670         33 0.0000e+00
