Gulf of Mexico/GOMECC-4/1db/drb2103_0961.cnv
* Sea-Bird SBE 9 Data File:
* FileName = C:\Users\scs.user.rb\CTD\GOMECC4\data\rb2103_0961.hex
* Software Version Seasave V 7.26.7.107
* Temperature SN = 4799
* Conductivity SN = 3860
* Number of Bytes Per Scan = 41
* Number of Voltage Words = 4
* Number of Scans Averaged by the Deck Unit = 1
* NMEA Latitude = 22 39.54 N
* NMEA Longitude = 090 17.28 W
* NMEA UTC (Time) = Oct 11 2021  07:29:15
* NMEA baud rate = 4800
# nquan = 28
# nvalues = 127                         
# units = specified
# name 0 = scan: Scan Count
# name 1 = timeS: Time, Elapsed [seconds]
# name 2 = depSM: Depth [salt water, m]
# name 3 = prDM: Pressure, Digiquartz [db]
# name 4 = t090C: Temperature [ITS-90, deg C]
# name 5 = t190C: Temperature, 2 [ITS-90, deg C]
# name 6 = c0S/m: Conductivity [S/m]
# name 7 = c1S/m: Conductivity, 2 [S/m]
# name 8 = sbeox0V: Oxygen raw, SBE 43 [V]
# name 9 = sbeox1V: Oxygen raw, SBE 43, 2 [V]
# name 10 = altM: Altimeter [m]
# name 11 = latitude: Latitude [deg]
# name 12 = longitude: Longitude [deg]
# name 13 = sbox0dV/dT: Oxygen, SBE 43 [dov/dt]
# name 14 = sbox1dV/dT: Oxygen, SBE 43, 2 [dov/dt]
# name 15 = sbeox0ML/L: Oxygen, SBE 43 [ml/l], WS = 5
# name 16 = sbeox1ML/L: Oxygen, SBE 43, 2 [ml/l], WS = 5
# name 17 = potemp090C: Potential Temperature [ITS-90, deg C]
# name 18 = potemp190C: Potential Temperature, 2 [ITS-90, deg C]
# name 19 = sal00: Salinity, Practical [PSU]
# name 20 = sal11: Salinity, Practical, 2 [PSU]
# name 21 = sigma-é00: Density [sigma-theta, kg/m^3]
# name 22 = sigma-é11: Density, 2 [sigma-theta, kg/m^3]
# name 23 = avgsvCM: Average Sound Velocity [Chen-Millero, m/s], minP = 20, minS = 20
# name 24 = sbox0Mm/Kg: Oxygen, SBE 43 [umol/kg], WS = 5
# name 25 = sbox1Mm/Kg: Oxygen, SBE 43, 2 [umol/kg], WS = 5
# name 26 = nbin: number of scans per bin
# name 27 = flag: flag
# span 0 =       8229,      16407       
# span 1 =    342.850,    683.567       
# span 2 =      4.969,    132.123       
# span 3 =      5.000,    133.000       
# span 4 =    19.7173,    29.5507       
# span 5 =    19.7183,    29.5517       
# span 6 =   4.946265,   5.987367       
# span 7 =   4.946476,   5.987682       
# span 8 =     1.9347,     3.1789       
# span 9 =     1.5977,     2.7028       
# span 10 =       5.59,     101.12      
# span 11 =   22.65948,   22.67356      
# span 12 =  -90.34363,  -90.28784      
# span 13 =   -0.03281,    0.00748      
# span 14 =   -0.03129,    0.00823      
# span 15 =     2.6306,     4.7322      
# span 16 =     2.6438,     4.7334      
# span 17 =    19.6939,    29.5486      
# span 18 =    19.6948,    29.5495      
# span 19 =    36.2119,    36.5109      
# span 20 =    36.2146,    36.5124      
# span 21 =    22.7901,    25.9784      
# span 22 =    22.7927,    25.9781      
# span 23 =       0.00,    1546.22      
# span 24 =    114.509,    206.318      
# span 25 =    115.083,    206.373      
# span 26 =         36,         67      
# span 27 = 0.0000e+00, 0.0000e+00      
# interval = decibars: 1                
# start_time = Oct 11 2021 07:29:15 [NMEA time, header]
# bad_flag = -9.990e-29
*END*
       8229    342.850      4.969      5.000    29.5438    29.5444   5.964636   5.964827     3.1444     2.6619      78.21   22.65948  -90.28790    0.00016   -0.00018     4.3199     4.3067    29.5426    29.5432    36.2135    36.2146    22.7924    22.7930       0.00    188.629    188.049         59 0.0000e+00
       8304    345.967      5.962      6.000    29.5449    29.5455   5.964773   5.965032     3.1490     2.6605     101.12   22.65949  -90.28790    0.00067   -0.00057     4.3286     4.3044    29.5435    29.5440    36.2132    36.2146    22.7919    22.7927       0.00    189.009    187.949         67 0.0000e+00
       8366    348.538      6.956      7.000    29.5474    29.5482   5.964892   5.966317     3.1502     2.6605     100.00   22.65949  -90.28790    0.00093    0.00008     4.3311     4.3046    29.5457    29.5465    36.2119    36.2213    22.7901    22.7970       0.00    189.119    187.958         63 0.0000e+00
       8435    351.434      7.950      8.000    29.5484    29.5500   5.967349   5.969376     3.1486     2.6584     100.00   22.65950  -90.28790   -0.00086   -0.00110     4.3284     4.3005    29.5464    29.5481    36.2277    36.2400    22.8018    22.8103       0.00    188.995    187.777         54 0.0000e+00
       8490    353.697      8.943      9.000    29.5507    29.5517   5.969387   5.969784     3.1504     2.6610     100.00   22.65948  -90.28788    0.00059    0.00103     4.3315     4.3057    29.5486    29.5495    36.2396    36.2415    22.8099    22.8110       0.00    189.131    188.003         63 0.0000e+00
       8550    356.208      9.937     10.000    29.5475    29.5496   5.973143   5.972494     3.1507     2.6609     100.00   22.65949  -90.28788    0.00039   -0.00053     4.3322     4.3058    29.5451    29.5471    36.2675    36.2615    22.8321    22.8268       0.00    189.157    188.006         53 0.0000e+00
       8600    358.304     10.931     11.000    29.5452    29.5466   5.974102   5.974325     3.1505     2.6647     100.00   22.65950  -90.28788   -0.00022    0.00155     4.3324     4.3137    29.5425    29.5439    36.2755    36.2760    22.8390    22.8389       0.00    189.166    188.348         49 0.0000e+00
       8648    360.301     11.925     12.000    29.5427    29.5439   5.975272   5.975696     3.1512     2.6644     100.00   22.65950  -90.28788    0.00027    0.00049     4.3341     4.3135    29.5397    29.5409    36.2852    36.2872    22.8472    22.8482       0.00    189.238    188.337         47 0.0000e+00
       8694    362.197     12.918     13.000    29.5342    29.5361   5.979252   5.979196     3.1520     2.6672      99.67   22.65949  -90.28788    0.00040    0.00086     4.3360     4.3193    29.5311    29.5329    36.3185    36.3168    22.8751    22.8732       0.00    189.317    188.588         46 0.0000e+00
       8740    364.140     13.912     14.000    29.5208    29.5205   5.984461   5.985519     3.1537     2.6651      96.86   22.65950  -90.28788    0.00050    0.00023     4.3393     4.3156    29.5173    29.5171    36.3642    36.3716    22.9141    22.9198       0.00    189.452    188.418         45 0.0000e+00
       8784    365.972     14.905     15.000    29.4690    29.4697   5.987367   5.987682     3.1540     2.6652      99.99   22.65950  -90.28788    0.00062   -0.00056     4.3429     4.3190    29.4653    29.4661    36.4231    36.4247    22.9760    22.9769       0.00    189.596    188.555         44 0.0000e+00
       8830    367.891     15.899     16.000    29.4148    29.4133   5.982162   5.981974     3.1506     2.6644     100.00   22.65950  -90.28788   -0.00038   -0.00035     4.3409     4.3210    29.4108    29.4093    36.4249    36.4274    22.9958    22.9982       0.00    189.508    188.637         47 0.0000e+00
       8875    369.740     16.893     17.000    29.4060    29.4062   5.981503   5.981780     3.1477     2.6674      87.63   22.65950  -90.28788   -0.00194    0.00044     4.3374     4.3283    29.4018    29.4020    36.4300    36.4318    23.0027    23.0040       0.00    189.353    188.953         42 0.0000e+00
       8919    371.587     17.886     18.000    29.3985    29.3995   5.981578   5.981935     3.1502     2.6642      99.88   22.65950  -90.28788   -0.00032    0.00018     4.3429     4.3233    29.3940    29.3951    36.4358    36.4374    23.0097    23.0105       0.00    189.593    188.736         48 0.0000e+00
       8967    373.579     18.880     19.000    29.3937    29.3951   5.981644   5.981999     3.1505     2.6669      90.14   22.65950  -90.28788    0.00072   -0.00028     4.3441     4.3290    29.3890    29.3904    36.4397    36.4411    23.0143    23.0149       0.00    189.643    188.984         45 0.0000e+00
       9008    375.308     19.874     20.000    29.3894    29.3907   5.981607   5.981922     3.1510     2.6676      82.30   22.65950  -90.28788    0.00010    0.00104     4.3462     4.3312    29.3845    29.3858    36.4420    36.4434    23.0176    23.0182     669.10    189.736    189.081         41 0.0000e+00
       9054    377.207     20.867     21.000    29.3864    29.3875   5.981623   5.981987     3.1502     2.6667      99.99   22.65950  -90.28788    0.00014   -0.00020     4.3449     4.3300    29.3812    29.3824    36.4445    36.4462    23.0206    23.0214    1545.59    189.678    189.027         49 0.0000e+00
       9100    379.112     21.861     22.000    29.3854    29.3866   5.982090   5.982418     3.1513     2.6650     100.00   22.65950  -90.28788   -0.00019   -0.00038     4.3475     4.3271    29.3800    29.3812    36.4482    36.4495    23.0237    23.0243    1546.18    189.789    188.900         42 0.0000e+00
       9144    380.950     22.854     23.000    29.3659    29.3671   5.982600   5.982948     3.1500     2.6642     100.00   22.65950  -90.28788    0.00004   -0.00095     4.3466     4.3269    29.3602    29.3614    36.4663    36.4677    23.0440    23.0447    1546.18    189.748    188.886         48 0.0000e+00
       9191    382.918     23.848     24.000    29.3477    29.3491   5.981662   5.982012     3.1549     2.6677     100.00   22.65950  -90.28788    0.00083    0.00106     4.3575     4.3354    29.3418    29.3432    36.4736    36.4750    23.0558    23.0563    1546.18    190.220    189.254         42 0.0000e+00
       9232    384.608     24.842     25.000    29.3334    29.3348   5.981157   5.981508     3.1529     2.6665      99.65   22.65950  -90.28787    0.00115    0.00106     4.3550     4.3345    29.3273    29.3287    36.4801    36.4816    23.0656    23.0662    1546.18    190.109    189.216         44 0.0000e+00
       9280    386.605     25.835     26.000    29.3288    29.3300   5.981201   5.981548     3.1516     2.6654     100.01   22.65950  -90.28788   -0.00094   -0.00095     4.3536     4.3332    29.3225    29.3236    36.4839    36.4854    23.0701    23.0708    1546.18    190.047    189.158         48 0.0000e+00
       9322    388.367     26.829     27.000    29.3256    29.3267   5.981408   5.981760     3.1510     2.6671      89.95   22.65950  -90.28788   -0.00053   -0.00004     4.3531     4.3372    29.3189    29.3201    36.4876    36.4891    23.0740    23.0747    1546.18    190.023    189.332         40 0.0000e+00
       9368    390.304     27.822     28.000    29.3224    29.3242   5.981415   5.981807     3.1490     2.6663      62.01   22.65950  -90.28788   -0.00069    0.00032     4.3502     4.3361    29.3156    29.3173    36.4897    36.4911    23.0767    23.0772    1546.18    189.898    189.284         51 0.0000e+00
       9413    392.157     28.816     29.000    29.3203    29.3215   5.981491   5.981847     3.1478     2.6618      89.73   22.65950  -90.28788   -0.00081   -0.00207     4.3488     4.3280    29.3132    29.3144    36.4916    36.4931    23.0789    23.0797    1546.19    189.834    188.930         38 0.0000e+00
       9454    393.895     29.810     30.000    29.3191    29.3203   5.981618   5.981951     3.1503     2.6667      56.40   22.65950  -90.28788    0.00011    0.00008     4.3538     4.3382    29.3117    29.3130    36.4931    36.4944    23.0806    23.0811    1546.19    190.054    189.372         48 0.0000e+00
       9503    395.922     30.803     31.000    29.3169    29.3181   5.981608   5.981944     3.1506     2.6677      89.70   22.65950  -90.28788    0.00081    0.00198     4.3550     4.3409    29.3093    29.3105    36.4943    36.4957    23.0823    23.0829    1546.19    190.105    189.491         46 0.0000e+00
       9547    397.736     31.797     32.000    29.3192    29.3203   5.982192   5.982533     3.1496     2.6629      31.25   22.65950  -90.28788   -0.00007   -0.00075     4.3535     4.3316    29.3113    29.3125    36.4963    36.4978    23.0832    23.0838    1546.19    190.042    189.086         43 0.0000e+00
       9590    399.562     32.790     33.000    29.3187    29.3199   5.982215   5.982570     3.1483     2.6602      90.76   22.65950  -90.28788   -0.00059   -0.00236     4.3517     4.3268    29.3106    29.3118    36.4966    36.4981    23.0835    23.0843    1546.20    189.962    188.876         45 0.0000e+00
       9636    401.476     33.784     34.000    29.3180    29.3193   5.982252   5.982583     3.1487     2.6612     100.08   22.65950  -90.28787   -0.00041   -0.00059     4.3530     4.3293    29.3097    29.3110    36.4970    36.4983    23.0842    23.0847    1546.20    190.019    188.982         45 0.0000e+00
       9680    403.284     34.778     35.000    29.3150    29.3161   5.981901   5.982242     3.1446     2.6651     100.00   22.65950  -90.28786   -0.00081    0.00135     4.3457     4.3372    29.3064    29.3076    36.4977    36.4992    23.0859    23.0865    1546.20    189.700    189.329         43 0.0000e+00
       9724    405.114     35.771     36.000    29.3014    29.3027   5.980957   5.981302     3.1479     2.6610     100.00   22.65950  -90.28786   -0.00044    0.00039     4.3537     4.3310    29.2926    29.2939    36.5002    36.5016    23.0924    23.0930    1546.21    190.048    189.058         46 0.0000e+00
       9773    407.168     36.765     37.000    29.2932    29.2945   5.980645   5.980982     3.1485     2.6559      99.71   22.65950  -90.28787    0.00104   -0.00231     4.3559     4.3218    29.2842    29.2854    36.5039    36.5053    23.0980    23.0987    1546.21    190.143    188.656         49 0.0000e+00
       9817    408.999     37.758     38.000    29.2931    29.2942   5.981272   5.981598     3.1438     2.6585      98.71   22.65950  -90.28787   -0.00079   -0.00140     4.3479     4.3275    29.2838    29.2849    36.5081    36.5095    23.1013    23.1019    1546.21    189.792    188.904         41 0.0000e+00
       9860    410.801     38.752     39.000    29.2926    29.2939   5.981676   5.982034     3.1440     2.6588      97.71   22.65950  -90.28787   -0.00144    0.00109     4.3488     4.3286    29.2830    29.2844    36.5109    36.5124    23.1037    23.1043    1546.22    189.831    188.948         47 0.0000e+00
       9907    412.750     39.745     40.000    29.2555    29.2566   5.978026   5.978445     3.1444     2.6589      96.73   22.65950  -90.28787    0.00006   -0.00005     4.3528     4.3329    29.2457    29.2467    36.5065    36.5078    23.1130    23.1136    1546.22    190.004    189.137         44 0.0000e+00
       9950    414.561     40.739     41.000    29.1355    29.1377   5.962581   5.963049     3.1454     2.6619      95.77   22.65950  -90.28786    0.00025    0.00078     4.3647     4.3472    29.1255    29.1277    36.4983    36.4999    23.1474    23.1478    1546.22    190.518    189.756         44 0.0000e+00
       9996    416.452     41.732     42.000    29.0134    29.0148   5.948955   5.949298     3.1541     2.6690      95.01   22.65950  -90.28786    0.00253    0.00258     4.3913     4.3719    29.0032    29.0046    36.4970    36.4984    23.1875    23.1881    1546.21    191.673    190.822         46 0.0000e+00
      10041    418.337     42.726     43.000    28.6216    28.6271   5.902197   5.902987     3.1544     2.6747      93.92   22.65950  -90.28786    0.00274    0.00357     4.4224     4.4116    28.6112    28.6167    36.4719    36.4732    23.2997    23.2988    1546.19    193.008    192.538         46 0.0000e+00
      10086    420.217     43.719     44.000    27.9170    27.9224   5.820991   5.821891     3.1571     2.6857      92.93   22.65950  -90.28786    0.00068    0.00387     4.4734     4.4844    27.9066    27.9120    36.4452    36.4474    23.5125    23.5124    1546.15    195.199    195.673         43 0.0000e+00
      10130    422.026     44.713     45.000    27.6450    27.6449   5.790084   5.790417     3.1742     2.6935      91.97   22.65950  -90.28786    0.00517    0.00574     4.5381     4.5244    27.6344    27.6344    36.4373    36.4397    23.5956    23.5974    1546.08    198.002    197.402         45 0.0000e+00
      10176    423.974     45.707     46.000    27.3786    27.3795   5.759857   5.760350     3.1789     2.6992      91.04   22.65950  -90.28786    0.00550    0.00339     4.5690     4.5569    27.3679    27.3688    36.4294    36.4322    23.6762    23.6780    1546.00    199.331    198.805         47 0.0000e+00
      10221    425.819     46.700     47.000    27.2086    27.2100   5.743996   5.744467     3.1694     2.6966      89.95   22.65950  -90.28786   -0.00178    0.00107     4.5652     4.5646    27.1977    27.1991    36.4486    36.4509    23.7457    23.7470    1545.91    199.153    199.126         42 0.0000e+00
      10264    427.606     47.693     48.000    27.0356    27.0367   5.724478   5.724924     3.1647     2.6916      89.03   22.65950  -90.28786   -0.00361   -0.00153     4.5713     4.5680    27.0246    27.0256    36.4439    36.4463    23.7979    23.7993    1545.82    199.409    199.263         44 0.0000e+00
      10309    429.513     48.687     49.000    26.9002    26.9009   5.709735   5.710173     3.1373     2.6654      88.03   22.65950  -90.28786   -0.00676   -0.00660     4.5331     4.5266    26.8889    26.8897    36.4439    36.4465    23.8415    23.8432    1545.74    197.731    197.447         47 0.0000e+00
      10355    431.426     49.680     50.000    26.7850    26.7857   5.698349   5.698731     3.1291     2.6638      87.13   22.65950  -90.28786   -0.01017   -0.00831     4.5258     4.5303    26.7735    26.7742    36.4522    36.4544    23.8846    23.8861    1545.64    197.407    197.602         45 0.0000e+00
      10399    433.232     50.674     51.000    26.5899    26.5907   5.678440   5.678866     3.1281     2.6625      86.19   22.65950  -90.28786   -0.00469   -0.00235     4.5399     4.5427    26.5783    26.5791    36.4618    36.4643    23.9541    23.9557    1545.54    198.011    198.131         43 0.0000e+00
      10443    435.102     51.667     52.000    26.4515    26.4522   5.663188   5.663615     3.1304     2.6631      85.18   22.65950  -90.28786    0.00052   -0.00019     4.5563     4.5551    26.4397    26.4404    36.4604    36.4629    23.9970    23.9986    1545.45    198.717    198.665         47 0.0000e+00
      10491    437.073     52.661     53.000    26.3639    26.3636   5.654240   5.654488     3.1263     2.6614      84.23   22.65950  -90.28786   -0.00052   -0.00023     4.5562     4.5589    26.3520    26.3516    36.4643    36.4664    24.0278    24.0295    1545.34    198.705    198.825         45 0.0000e+00
      10533    438.849     53.654     54.000    26.2048    26.2051   5.636520   5.636883     3.1331     2.6673      83.19   22.65950  -90.28786   -0.00012    0.00067     4.5829     4.5842    26.1926    26.1930    36.4612    36.4636    24.0757    24.0774    1545.24    199.859    199.918         41 0.0000e+00
      10576    440.635     54.648     55.000    26.0128    26.0124   5.615019   5.615265     3.1415     2.6808      82.24   22.65950  -90.28786    0.00415    0.00477     4.6153     4.6283    26.0005    26.0001    36.4564    36.4585    24.1324    24.1342    1545.14    201.264    201.830         47 0.0000e+00
