Gulf of Mexico/GOMECC-4/1db/drb2103_1211.cnv
* Sea-Bird SBE 9 Data File:
* FileName = C:\Users\scs.user.rb\CTD\GOMECC4\data\rb2103_1211.hex
* Software Version Seasave V 7.26.7.107
* Temperature SN = 4799
* Conductivity SN = 3860
* Number of Bytes Per Scan = 41
* Number of Voltage Words = 4
* Number of Scans Averaged by the Deck Unit = 1
* NMEA Latitude = 24 24.00 N
* NMEA Longitude = 080 37.48 W
* NMEA UTC (Time) = Oct 17 2021  18:24:48
* NMEA baud rate = 4800
# nquan = 28
# nvalues = 232                         
# units = specified
# name 0 = scan: Scan Count
# name 1 = timeS: Time, Elapsed [seconds]
# name 2 = depSM: Depth [salt water, m]
# name 3 = prDM: Pressure, Digiquartz [db]
# name 4 = t090C: Temperature [ITS-90, deg C]
# name 5 = t190C: Temperature, 2 [ITS-90, deg C]
# name 6 = c0S/m: Conductivity [S/m]
# name 7 = c1S/m: Conductivity, 2 [S/m]
# name 8 = sbeox0V: Oxygen raw, SBE 43 [V]
# name 9 = sbeox1V: Oxygen raw, SBE 43, 2 [V]
# name 10 = altM: Altimeter [m]
# name 11 = latitude: Latitude [deg]
# name 12 = longitude: Longitude [deg]
# name 13 = sbox0dV/dT: Oxygen, SBE 43 [dov/dt]
# name 14 = sbox1dV/dT: Oxygen, SBE 43, 2 [dov/dt]
# name 15 = sbeox0ML/L: Oxygen, SBE 43 [ml/l], WS = 5
# name 16 = sbeox1ML/L: Oxygen, SBE 43, 2 [ml/l], WS = 5
# name 17 = potemp090C: Potential Temperature [ITS-90, deg C]
# name 18 = potemp190C: Potential Temperature, 2 [ITS-90, deg C]
# name 19 = sal00: Salinity, Practical [PSU]
# name 20 = sal11: Salinity, Practical, 2 [PSU]
# name 21 = sigma-é00: Density [sigma-theta, kg/m^3]
# name 22 = sigma-é11: Density, 2 [sigma-theta, kg/m^3]
# name 23 = avgsvCM: Average Sound Velocity [Chen-Millero, m/s], minP = 20, minS = 20
# name 24 = sbox0Mm/Kg: Oxygen, SBE 43 [umol/kg], WS = 5
# name 25 = sbox1Mm/Kg: Oxygen, SBE 43, 2 [umol/kg], WS = 5
# name 26 = nbin: number of scans per bin
# name 27 = flag: flag
# span 0 =      22597,      38231       
# span 1 =    941.498,   1592.915       
# span 2 =      4.968,    357.389       
# span 3 =      5.000,    360.000       
# span 4 =    12.4506,    29.0660       
# span 5 =    12.4499,    29.1091       
# span 6 =   4.118519,   5.913552       
# span 7 =   4.118622,   5.918588       
# span 8 =     1.7887,     3.2070       
# span 9 =     1.4726,     2.7179       
# span 10 =      13.17,     100.48      
# span 11 =   24.40126,   24.41072      
# span 12 =  -80.62751,  -80.61073      
# span 13 =   -0.02051,    0.00854      
# span 14 =   -0.01967,    0.00706      
# span 15 =     2.7988,     4.5442      
# span 16 =     2.8162,     4.5240      
# span 17 =    12.4019,    29.0647      
# span 18 =    12.4012,    29.1079      
# span 19 =    35.5742,    36.9578      
# span 20 =    35.5742,    36.9597      
# span 21 =    22.9609,    26.9575      
# span 22 =    22.9482,    26.9576      
# span 23 =       0.00,    1548.02      
# span 24 =    121.716,    198.342      
# span 25 =    122.469,    197.464      
# span 26 =         30,         76      
# span 27 = 0.0000e+00, 0.0000e+00      
# interval = decibars: 1                
# start_time = Oct 17 2021 18:24:48 [NMEA time, header]
# bad_flag = -9.990e-29
*END*
      22597    941.498      4.968      5.000    29.0660    29.1091   5.913552   5.918588     3.1539     2.6667      86.05   24.40257  -80.61950    0.00182    0.00060     4.3720     4.3465    29.0647    29.1079    36.2230    36.2251    22.9609    22.9482       0.00    190.871    189.762         63 0.0000e+00
      22672    944.641      5.962      6.000    29.0370    29.0389   5.910220   5.910641     3.1522     2.6651     100.17   24.40258  -80.61947   -0.00093   -0.00001     4.3731     4.3492    29.0356    29.0374    36.2216    36.2231    22.9697    22.9702       0.00    190.915    189.876         76 0.0000e+00
      22745    947.666      6.955      7.000    29.0288    29.0294   5.909334   5.909642     3.1528     2.6637     100.00   24.40260  -80.61944    0.00033   -0.00094     4.3752     4.3476    29.0271    29.0277    36.2214    36.2231    22.9724    22.9734       0.00    191.009    189.804         71 0.0000e+00
      22808    950.293      7.949      8.000    29.0220    29.0231   5.908648   5.909003     3.1536     2.6645      82.48   24.40262  -80.61940    0.00052    0.00068     4.3776     4.3503    29.0201    29.0212    36.2215    36.2231    22.9748    22.9757       0.00    191.112    189.921         55 0.0000e+00
      22866    952.717      8.942      9.000    29.0178    29.0187   5.908218   5.908562     3.1508     2.6650      76.30   24.40263  -80.61938   -0.00100   -0.00006     4.3734     4.3520    29.0156    29.0165    36.2215    36.2231    22.9763    22.9773       0.00    190.931    189.996         62 0.0000e+00
      22925    955.186      9.936     10.000    29.0139    29.0144   5.907783   5.908090     3.1502     2.6644      97.32   24.40265  -80.61935   -0.00043    0.00048     4.3732     4.3517    29.0114    29.0120    36.2211    36.2228    22.9774    22.9785       0.00    190.920    189.980         53 0.0000e+00
      22975    957.255     10.929     11.000    29.0084    29.0094   5.907194   5.907555     3.1513     2.6664      83.09   24.40266  -80.61933    0.00010   -0.00022     4.3761     4.3565    29.0057    29.0068    36.2209    36.2226    22.9792    22.9801       0.00    191.045    190.192         49 0.0000e+00
      23027    959.427     11.923     12.000    29.0057    29.0067   5.906970   5.907335     3.1488     2.6648      99.92   24.40267  -80.61931   -0.00021    0.00035     4.3724     4.3540    29.0028    29.0038    36.2211    36.2229    22.9803    22.9813       0.00    190.886    190.083         56 0.0000e+00
      23084    961.781     12.917     13.000    29.0026    29.0035   5.906666   5.907028     3.1471     2.6645     100.00   24.40268  -80.61929   -0.00112   -0.00060     4.3700     4.3542    28.9994    29.0003    36.2210    36.2229    22.9814    22.9825       0.00    190.780    190.089         55 0.0000e+00
      23134    963.855     13.910     14.000    28.9996    29.0005   5.906382   5.906720     3.1479     2.6641     100.00   24.40269  -80.61926   -0.00010   -0.00040     4.3723     4.3543    28.9962    28.9971    36.2210    36.2227    22.9825    22.9835       0.00    190.880    190.094         47 0.0000e+00
      23183    965.935     14.904     15.000    28.9976    28.9985   5.906150   5.906500     3.1475     2.6661     100.00   24.40270  -80.61924    0.00019    0.00068     4.3721     4.3588    28.9940    28.9948    36.2206    36.2224    22.9830    22.9840       0.00    190.873    190.292         54 0.0000e+00
      23238    968.215     15.897     16.000    28.9960    28.9969   5.906004   5.906367     3.1480     2.6671      95.82   24.40272  -80.61921   -0.00024    0.00079     4.3738     4.3615    28.9922    28.9930    36.2205    36.2224    22.9835    22.9846       0.00    190.945    190.410         52 0.0000e+00
      23289    970.331     16.891     17.000    28.9951    28.9958   5.905940   5.906260     3.1503     2.6647     100.04   24.40273  -80.61919    0.00090   -0.00060     4.3785     4.3574    28.9910    28.9917    36.2205    36.2221    22.9839    22.9848       0.00    191.151    190.229         50 0.0000e+00
      23339    972.410     17.884     18.000    28.9941    28.9951   5.905876   5.906238     3.1496     2.6657     100.00   24.40274  -80.61917    0.00033   -0.00046     4.3778     4.3599    28.9898    28.9908    36.2205    36.2222    22.9842    22.9852       0.00    191.122    190.338         50 0.0000e+00
      23390    974.558     18.878     19.000    28.9938    28.9947   5.905888   5.906242     3.1487     2.6618      81.19   24.40276  -80.61914   -0.00041   -0.00064     4.3767     4.3526    28.9891    28.9901    36.2206    36.2223    22.9845    22.9855       0.00    191.071    190.018         53 0.0000e+00
      23443    976.733     19.871     20.000    28.9926    28.9938   5.905787   5.906190     3.1488     2.6651     100.03   24.40276  -80.61912   -0.00018   -0.00009     4.3776     4.3598    28.9877    28.9890    36.2205    36.2223    22.9849    22.9859     773.88    191.109    190.333         52 0.0000e+00
      23495    978.904     20.865     21.000    28.9909    28.9920   5.905652   5.906037     3.1437     2.6627     100.00   24.40278  -80.61910   -0.00129    0.00051     4.3691     4.3557    28.9858    28.9869    36.2205    36.2223    22.9856    22.9866    1548.02    190.738    190.156         52 0.0000e+00
      23544    980.979     21.858     22.000    28.9900    28.9910   5.905571   5.905954     3.1453     2.6605     100.00   24.40279  -80.61908   -0.00086   -0.00147     4.3725     4.3518    28.9846    28.9857    36.2204    36.2222    22.9859    22.9869    1545.11    190.890    189.986         48 0.0000e+00
      23596    983.105     22.852     23.000    28.9885    28.9893   5.905437   5.905792     3.1469     2.6599     100.00   24.40280  -80.61905    0.00084   -0.00055     4.3759     4.3513    28.9829    28.9837    36.2203    36.2221    22.9864    22.9875    1545.11    191.036    189.961         56 0.0000e+00
      23651    985.402     23.845     24.000    28.9874    28.9884   5.905362   5.905727     3.1463     2.6618      97.99   24.40282  -80.61902    0.00025    0.00041     4.3754     4.3557    28.9816    28.9826    36.2202    36.2220    22.9868    22.9878    1545.11    191.016    190.154         51 0.0000e+00
      23699    987.423     24.839     25.000    28.9863    28.9873   5.905291   5.905656     3.1469     2.6627      96.73   24.40283  -80.61900   -0.00008    0.00068     4.3772     4.3580    28.9802    28.9812    36.2203    36.2221    22.9873    22.9883    1545.11    191.094    190.255         49 0.0000e+00
      23751    989.574     25.832     26.000    28.9852    28.9862   5.905200   5.905575     3.1477     2.6599      99.98   24.40284  -80.61898    0.00034   -0.00060     4.3792     4.3530    28.9789    28.9799    36.2202    36.2220    22.9876    22.9887    1545.11    191.181    190.037         53 0.0000e+00
      23804    991.802     26.826     27.000    28.9840    28.9850   5.905117   5.905475     3.1467     2.6585      80.60   24.40286  -80.61896    0.00001   -0.00067     4.3781     4.3508    28.9774    28.9784    36.2203    36.2220    22.9882    22.9892    1545.12    191.131    189.940         53 0.0000e+00
      23856    993.959     27.819     28.000    28.9830    28.9839   5.905057   5.905420     3.1463     2.6618      96.79   24.40287  -80.61894   -0.00051    0.00017     4.3779     4.3580    28.9762    28.9772    36.2203    36.2221    22.9886    22.9897    1545.12    191.123    190.254         51 0.0000e+00
      23907    996.090     28.813     29.000    28.9818    28.9828   5.904980   5.905341     3.1474     2.6631     100.04   24.40288  -80.61891    0.00050    0.00140     4.3806     4.3614    28.9748    28.9758    36.2203    36.2221    22.9892    22.9902    1545.12    191.240    190.401         50 0.0000e+00
      23957    998.156     29.806     30.000    28.9801    28.9809   5.904820   5.905170     3.1445     2.6617     100.00   24.40290  -80.61889   -0.00063   -0.00008     4.3760     4.3592    28.9728    28.9736    36.2203    36.2220    22.9898    22.9908    1545.13    191.041    190.306         53 0.0000e+00
      24013   1000.515     30.800     31.000    28.9789    28.9799   5.904736   5.905095     3.1436     2.6586     100.00   24.40290  -80.61886   -0.00076   -0.00134     4.3750     4.3534    28.9714    28.9723    36.2203    36.2220    22.9902    22.9912    1545.13    190.995    190.055         56 0.0000e+00
      24065   1002.652     31.793     32.000    28.9773    28.9784   5.904612   5.904984     3.1439     2.6587     100.00   24.40292  -80.61884   -0.00027   -0.00040     4.3761     4.3543    28.9696    28.9707    36.2203    36.2220    22.9909    22.9918    1545.14    191.045    190.091         48 0.0000e+00
      24112   1004.638     32.787     33.000    28.9694    28.9710   5.903925   5.904313     3.1445     2.6608      89.54   24.40293  -80.61882    0.00025    0.00058     4.3788     4.3593    28.9614    28.9630    36.2206    36.2221    22.9938    22.9944    1545.14    191.160    190.309         50 0.0000e+00
      24171   1007.078     33.780     34.000    28.9519    28.9533   5.902243   5.902638     3.1452     2.6602     100.07   24.40295  -80.61879    0.00035    0.00011     4.3812     4.3599    28.9437    28.9451    36.2226    36.2243    23.0013    23.0021    1545.14    191.265    190.336         64 0.0000e+00
      24226   1009.356     34.774     35.000    28.9429    28.9436   5.901988   5.902342     3.1470     2.6633      94.33   24.40297  -80.61877    0.00056    0.00072     4.3856     4.3679    28.9344    28.9351    36.2271    36.2289    23.0077    23.0089    1545.15    191.456    190.684         44 0.0000e+00
      24271   1011.232     35.767     36.000    28.9403    28.9415   5.902141   5.902525     3.1494     2.6644      77.82   24.40298  -80.61875    0.00104    0.00114     4.3908     4.3703    28.9315    28.9328    36.2301    36.2319    23.0110    23.0119    1545.15    191.682    190.789         51 0.0000e+00
      24328   1013.632     36.760     37.000    28.9372    28.9381   5.901855   5.902199     3.1517     2.6618     100.48   24.40298  -80.61873    0.00107   -0.00039     4.3957     4.3659    28.9283    28.9291    36.2302    36.2319    23.0121    23.0132    1545.15    191.895    190.594         59 0.0000e+00
      24383   1015.911     37.754     38.000    28.9355    28.9365   5.901720   5.902077     3.1510     2.6626     100.00   24.40300  -80.61870    0.00016   -0.00038     4.3952     4.3674    28.9263    28.9273    36.2304    36.2321    23.0130    23.0139    1545.16    191.876    190.661         53 0.0000e+00
      24436   1018.115     38.747     39.000    28.9304    28.9314   5.901249   5.901621     3.1501     2.6632     100.00   24.40301  -80.61868   -0.00040   -0.00004     4.3943     4.3700    28.9209    28.9220    36.2305    36.2323    23.0149    23.0158    1545.16    191.835    190.775         51 0.0000e+00
      24484   1020.126     39.741     40.000    28.9293    28.9304   5.901262   5.901630     3.1497     2.6644     100.00   24.40303  -80.61865   -0.00015    0.00054     4.3941     4.3731    28.9196    28.9207    36.2312    36.2329    23.0158    23.0168    1545.16    191.827    190.910         48 0.0000e+00
      24538   1022.367     40.734     41.000    28.9297    28.9306   5.901377   5.901705     3.1494     2.6639      89.33   24.40304  -80.61863   -0.00035    0.00052     4.3942     4.3726    28.9198    28.9207    36.2314    36.2330    23.0159    23.0168    1545.17    191.828    190.887         61 0.0000e+00
      24598   1024.879     41.727     42.000    28.9298    28.9307   5.901508   5.901874     3.1486     2.6623     100.40   24.40306  -80.61861    0.00007   -0.00087     4.3932     4.3699    28.9196    28.9206    36.2319    36.2337    23.0164    23.0174    1545.17    191.786    190.769         53 0.0000e+00
      24646   1026.873     42.721     43.000    28.9270    28.9280   5.901197   5.901566     3.1505     2.6649     100.00   24.40306  -80.61858   -0.00005    0.00048     4.3973     4.3758    28.9166    28.9176    36.2316    36.2334    23.0172    23.0181    1545.18    191.967    191.026         48 0.0000e+00
      24696   1028.964     43.714     44.000    28.9238    28.9251   5.900893   5.901275     3.1487     2.6639      69.28   24.40308  -80.61856    0.00021    0.00059     4.3949     4.3745    28.9132    28.9144    36.2316    36.2333    23.0183    23.0191    1545.18    191.858    190.971         52 0.0000e+00
      24751   1031.260     44.708     45.000    28.9198    28.9209   5.900462   5.900848     3.1461     2.6630      99.57   24.40310  -80.61854   -0.00101   -0.00082     4.3911     4.3735    28.9089    28.9100    36.2314    36.2332    23.0196    23.0205    1545.19    191.693    190.928         59 0.0000e+00
      24809   1033.652     45.701     46.000    28.9154    28.9167   5.899927   5.900344     3.1482     2.6640     100.00   24.40310  -80.61851   -0.00018    0.00028     4.3957     4.3764    28.9042    28.9056    36.2308    36.2326    23.0206    23.0216    1545.19    191.894    191.053         52 0.0000e+00
      24857   1035.678     46.694     47.000    28.9069    28.9083   5.898750   5.899176     3.1473     2.6617     100.00   24.40312  -80.61849    0.00064   -0.00001     4.3954     4.3731    28.8955    28.8970    36.2287    36.2306    23.0220    23.0229    1545.19    191.881    190.906         49 0.0000e+00
      24910   1037.890     47.688     48.000    28.9023    28.9034   5.898148   5.898515     3.1456     2.6610     100.00   24.40312  -80.61846   -0.00078   -0.00116     4.3931     4.3725    28.8907    28.8918    36.2277    36.2294    23.0229    23.0238    1545.20    191.781    190.880         55 0.0000e+00
      24964   1040.120     48.681     49.000    28.9009    28.9018   5.898184   5.898498     3.1424     2.6614      85.92   24.40314  -80.61843   -0.00105    0.00032     4.3880     4.3740    28.8890    28.8899    36.2287    36.2303    23.0242    23.0251    1545.20    191.560    190.947         54 0.0000e+00
      25019   1042.434     49.674     50.000    28.9022    28.9031   5.898826   5.899176     3.1472     2.6611     100.38   24.40316  -80.61841    0.00023   -0.00014     4.3970     4.3737    28.8901    28.8910    36.2319    36.2336    23.0263    23.0272    1545.21    191.950    190.934         53 0.0000e+00
      25069   1044.512     50.668     51.000    28.9011    28.9021   5.898786   5.899153     3.1470     2.6613     100.00   24.40317  -80.61839    0.00146   -0.00008     4.3973     4.3747    28.8888    28.8898    36.2322    36.2340    23.0269    23.0279    1545.21    191.961    190.977         50 0.0000e+00
      25123   1046.739     51.661     52.000    28.8954    28.8968   5.898286   5.898691     3.1467     2.6603     100.00   24.40318  -80.61837   -0.00002   -0.00019     4.3976     4.3735    28.8828    28.8842    36.2327    36.2345    23.0293    23.0301    1545.22    191.976    190.926         58 0.0000e+00
      25179   1049.080     52.655     53.000    28.8606    28.8633   5.895108   5.895626     3.1515     2.6621     100.00   24.40319  -80.61834    0.00032    0.00051     4.4095     4.3794    28.8478    28.8505    36.2368    36.2384    23.0441    23.0444    1545.22    192.495    191.180         51 0.0000e+00
      25228   1051.144     53.648     54.000    28.7732    28.7778   5.886150   5.886873     3.1596     2.6763      99.37   24.40321  -80.61832    0.00342    0.00418     4.4314     4.4152    28.7601    28.7647    36.2409    36.2424    23.0765    23.0761    1545.22    193.443    192.734         51 0.0000e+00
      25283   1053.396     54.641     55.000    28.6700    28.6801   5.875367   5.876656     3.1783     2.6913      97.09   24.40322  -80.61829    0.00703    0.00669     4.4723     4.4518    28.6567    28.6668    36.2443    36.2455    23.1135    23.1111    1545.22    195.222    194.329         55 0.0000e+00
