Gulf of Mexico/GOMECC-4/1db/drb2103_0111.cnv
* Sea-Bird SBE 9 Data File:
* FileName = C:\Users\scs.user.rb\CTD\GOMECC4\data\rb2103_0111.hex
* Software Version Seasave V 7.26.7.107
* Temperature SN = 4799
* Conductivity SN = 3860
* Number of Bytes Per Scan = 41
* Number of Voltage Words = 4
* Number of Scans Averaged by the Deck Unit = 1
* NMEA Latitude = 26 26.63 N
* NMEA Longitude = 085 20.00 W
* NMEA UTC (Time) = Sep 18 2021  04:11:12
* NMEA baud rate = 4800
# nquan = 28
# nvalues = 498                         
# units = specified
# name 0 = scan: Scan Count
# name 1 = timeS: Time, Elapsed [seconds]
# name 2 = depSM: Depth [salt water, m]
# name 3 = prDM: Pressure, Digiquartz [db]
# name 4 = t090C: Temperature [ITS-90, deg C]
# name 5 = t190C: Temperature, 2 [ITS-90, deg C]
# name 6 = c0S/m: Conductivity [S/m]
# name 7 = c1S/m: Conductivity, 2 [S/m]
# name 8 = sbeox0V: Oxygen raw, SBE 43 [V]
# name 9 = sbeox1V: Oxygen raw, SBE 43, 2 [V]
# name 10 = altM: Altimeter [m]
# name 11 = latitude: Latitude [deg]
# name 12 = longitude: Longitude [deg]
# name 13 = sbox0dV/dT: Oxygen, SBE 43 [dov/dt]
# name 14 = sbox1dV/dT: Oxygen, SBE 43, 2 [dov/dt]
# name 15 = sbeox0ML/L: Oxygen, SBE 43 [ml/l], WS = 5
# name 16 = sbeox1ML/L: Oxygen, SBE 43, 2 [ml/l], WS = 5
# name 17 = potemp090C: Potential Temperature [ITS-90, deg C]
# name 18 = potemp190C: Potential Temperature, 2 [ITS-90, deg C]
# name 19 = sal00: Salinity, Practical [PSU]
# name 20 = sal11: Salinity, Practical, 2 [PSU]
# name 21 = sigma-é00: Density [sigma-theta, kg/m^3]
# name 22 = sigma-é11: Density, 2 [sigma-theta, kg/m^3]
# name 23 = avgsvCM: Average Sound Velocity [Chen-Millero, m/s], minP = 20, minS = 20
# name 24 = sbox0Mm/Kg: Oxygen, SBE 43 [umol/kg], WS = 5
# name 25 = sbox1Mm/Kg: Oxygen, SBE 43, 2 [umol/kg], WS = 5
# name 26 = nbin: number of scans per bin
# name 27 = flag: flag
# span 0 =      12224,     104386       
# span 1 =    509.303,   4349.385       
# span 2 =      5.961,   3268.666       
# span 3 =      6.000,   3316.000       
# span 4 =     4.2943,    29.2047       
# span 5 =     4.2952,    29.2062       
# span 6 =   3.348354,   5.844254       
# span 7 =   3.348300,   5.844774       
# span 8 =     1.6227,     3.2332       
# span 9 =     1.3297,     2.7636       
# span 10 =       9.80,     101.19      
# span 11 =   26.42918,   26.44482      
# span 12 =  -85.33610,  -85.28561      
# span 13 =   -0.03204,    0.00912      
# span 14 =   -0.03239,    0.01013      
# span 15 =     2.6091,     4.7476      
# span 16 =     2.6534,     4.7690      
# span 17 =     4.0798,    29.1972      
# span 18 =     4.0811,    29.1987      
# span 19 =    34.8948,    36.5405      
# span 20 =    34.8935,    36.5411      
# span 21 =    22.3280,    27.7591      
# span 22 =    22.3284,    27.7573      
# span 23 =       0.00,    1545.19      
# span 24 =    113.442,    207.113      
# span 25 =    115.371,    208.029      
# span 26 =         30,         69      
# span 27 = 0.0000e+00, 0.0000e+00      
# interval = decibars: 1                
# start_time = Sep 18 2021 04:11:12 [NMEA time, header]
# bad_flag = -9.990e-29
*END*
[from data line 52]
      15152    631.287     59.599     60.000    24.5806    24.5770   5.443152   5.442876     3.1304     2.6830      74.34   26.44388  -85.33302   -0.00767   -0.00311     4.7220     4.7540    24.5677    24.5641    36.3293    36.3301    24.4777    24.4794    1543.39    205.845    207.239         36 0.0000e+00
      15243    635.073     62.579     63.000    23.5854    23.5812   5.339001   5.338464     3.0694     2.6265      99.99   26.43995  -85.32036   -0.01603   -0.01512     4.6890     4.7134    23.5722    23.5680    36.3471    36.3466    24.7878    24.7887    1542.75    204.346    205.406         39 0.0000e+00
      15284    636.787     63.572     64.000    23.2876    23.2802   5.303542   5.302581     3.0511     2.6116     100.00   26.44388  -85.33302   -0.01804   -0.01712     4.6800     4.7069    23.2743    23.2669    36.3209    36.3196    24.8559    24.8571    1542.82    203.940    205.111         37 0.0000e+00
      15342    639.220     65.558     66.000    22.8646    22.8630   5.254735   5.254626     3.0238     2.5910      99.98   26.43747  -85.31235   -0.01019   -0.00745     4.6637     4.6973    22.8511    22.8496    36.2884    36.2888    24.9533    24.9540    1542.12    203.209    204.674         31 0.0000e+00
      15379    640.756     66.552     67.000    22.7398    22.7394   5.242371   5.242525     3.0044     2.5724     100.00   26.44388  -85.33303   -0.01152   -0.00945     4.6361     4.6667    22.7261    22.7258    36.2988    36.3003    24.9982    24.9994    1542.32    201.999    203.330         36 0.0000e+00
      15416    642.310     67.545     68.000    22.6232    22.6199   5.231645   5.231388     2.9843     2.5553     100.00   26.44388  -85.33302   -0.01327   -0.01205     4.6056     4.6384    22.6094    22.6061    36.3117    36.3124    25.0415    25.0430    1542.16    200.662    202.091         36 0.0000e+00
      15449    643.678     68.538     69.000    22.4813    22.4810   5.217075   5.217188     2.9619     2.5349     100.00   26.44388  -85.33302   -0.01408   -0.01239     4.5727     4.6044    22.4674    22.4671    36.3155    36.3166    25.0851    25.0860    1542.00    199.217    200.600         31 0.0000e+00
      15504    645.970     70.524     71.000    22.2844    22.2843   5.196291   5.196412     2.9179     2.4958      99.95   26.43068  -85.29042   -0.01603   -0.01450     4.5004     4.5329    22.2702    22.2700    36.3089    36.3100    25.1343    25.1352    1540.89    196.059    197.475         37 0.0000e+00
      15552    647.972     71.517     72.000    22.1883    22.1864   5.187994   5.187900     2.8956     2.4737     100.00   26.44388  -85.33303   -0.01598   -0.01445     4.4635     4.4918    22.1739    22.1720    36.3307    36.3316    25.1802    25.1814    1541.51    194.442    195.675         42 0.0000e+00
      15635    651.430     74.497     75.000    21.8841    21.8847   5.158662   5.158864     2.8152     2.3957      99.94   26.42918  -85.28561   -0.02048   -0.02002     4.3245     4.3393    21.8692    21.8699    36.3493    36.3504    25.2785    25.2791    1540.16    188.367    189.012         35 0.0000e+00
      15684    653.445     75.489     76.000    21.8596    21.8602   5.159457   5.159787     2.7873     2.3739      99.67   26.44388  -85.33304   -0.02292   -0.02116     4.2688     4.2919    21.8446    21.8451    36.3798    36.3820    25.3105    25.3119    1540.87    185.939    186.944         42 0.0000e+00
      15742    655.861     77.476     78.000    21.8048    21.8048   5.157884   5.157905     2.7440     2.3344      99.97   26.43405  -85.30131   -0.01534   -0.01303     4.1837     4.2062    21.7894    21.7894    36.4077    36.4079    25.3457    25.3459    1539.99    182.226    183.202         30 0.0000e+00
      15782    657.545     78.469     79.000    21.5329    21.5324   5.132659   5.132628     2.7113     2.2999     100.00   26.44388  -85.33304   -0.01843   -0.01744     4.1360     4.1467    21.5174    21.5170    36.4416    36.4417    25.4489    25.4491    1540.42    180.130    180.595         40 0.0000e+00
      15820    659.138     79.462     80.000    21.4327    21.4333   5.121839   5.122056     2.6328     2.2250     100.00   26.44388  -85.33304   -0.03204   -0.03239     3.9831     3.9847    21.4171    21.4177    36.4397    36.4409    25.4754    25.4762    1540.27    173.468    173.536         33 0.0000e+00
      15871    661.264     81.448     82.000    21.3171    21.3172   5.109507   5.109747     2.5838     2.1865      99.95   26.43026  -85.28909   -0.02894   -0.02554     3.8909     3.9057    21.3026    21.3014    36.4302    36.4309    25.4980    25.4981    1539.17    169.446    170.091         32 0.0000e+00
      15916    663.109     82.441     83.000    21.2573    21.2573   5.104359   5.104508     2.5579     2.1623     100.00   26.44388  -85.33303   -0.01872   -0.01578     3.8373     3.8504    21.2405    21.2413    36.4482    36.4494    25.5307    25.5316    1539.83    167.109    167.676         40 0.0000e+00
      15952    664.632     83.434     84.000    21.2339    21.2343   5.102195   5.102356     2.5372     2.1454     100.00   26.44388  -85.33303   -0.01670   -0.01476     3.7999     3.8176    21.2176    21.2180    36.4498    36.4508    25.5383    25.5389    1539.68    165.479    166.249         32 0.0000e+00
      15984    665.978     84.427     85.000    21.1818    21.1829   5.098866   5.099050     2.5230     2.1328      87.28   26.44388  -85.33303   -0.01365   -0.01211     3.7759     3.7948    21.1653    21.1664    36.4679    36.4687    25.5664    25.5667    1539.54    164.426    165.250         35 0.0000e+00
      16020    667.477     85.420     86.000    21.1336    21.1340   5.095315   5.095476     2.4980     2.1082     100.17   26.44388  -85.33303   -0.01255   -0.01136     3.7254     3.7391    21.1170    21.1174    36.4793    36.4802    25.5884    25.5891    1539.40    162.224    162.823         35 0.0000e+00
      16079    669.920     87.406     88.000    21.0025    21.0031   5.081737   5.081905     2.4562     2.0744      99.98   26.43905  -85.31746   -0.01685   -0.01439     3.6478     3.6706    20.9856    20.9862    36.4786    36.4795    25.6234    25.6239    1538.84    158.841    159.832         31 0.0000e+00
      16116    671.462     88.400     89.000    20.9669    20.9672   5.079031   5.079179     2.4355     2.0546      77.86   26.44388  -85.33302   -0.01564   -0.01310     3.6071     3.6278    20.9498    20.9501    36.4893    36.4903    25.6420    25.6426    1538.99    157.065    157.967         38 0.0000e+00
      16155    673.065     89.392     90.000    20.9370    20.9375   5.076484   5.076699     2.4174     2.0385      97.16   26.44388  -85.33302   -0.01388   -0.01264     3.5715     3.5927    20.9197    20.9202    36.4940    36.4953    25.6538    25.6546    1538.86    155.515    156.437         37 0.0000e+00
      16189    674.482     90.385     91.000    20.9176    20.9181   5.075186   5.075325     2.4052     2.0302     100.05   26.44388  -85.33302   -0.01104   -0.01004     3.5530     3.5783    20.9001    20.9006    36.4999    36.5006    25.6636    25.6640    1538.75    154.706    155.806         31 0.0000e+00
      16219    675.741     91.379     92.000    20.7226    20.7240   5.055133   5.055289     2.3886     2.0149     100.00   26.44388  -85.33303   -0.00985   -0.00794     3.5162     3.5407    20.7050    20.7064    36.5041    36.5042    25.7200    25.7197    1538.64    153.098    154.162         31 0.0000e+00
      16251    677.063     92.371     93.000    20.6828    20.6832   5.050884   5.051056     2.3644     1.9918     100.00   26.44388  -85.33303   -0.01309   -0.01150     3.4781     3.5018    20.6650    20.6655    36.5035    36.5045    25.7304    25.7311    1538.47    151.437    152.465         33 0.0000e+00
      16285    678.500     93.364     94.000    20.6711    20.6716   5.049778   5.049969     2.3470     1.9778     100.00   26.44388  -85.33302   -0.01581   -0.01461     3.4425     3.4707    20.6531    20.6537    36.5043    36.5053    25.7342    25.7349    1538.34    149.887    151.112         35 0.0000e+00
      16320    679.958     94.357     95.000    20.6561    20.6568   5.048487   5.048678     2.3373     1.9700     100.00   26.44388  -85.33302   -0.01128   -0.00921     3.4235     3.4537    20.6380    20.6388    36.5063    36.5072    25.7399    25.7403    1538.21    149.058    150.370         35 0.0000e+00
      16354    681.378     95.351     96.000    20.6252    20.6257   5.045894   5.046062     2.3289     1.9632     100.00   26.44388  -85.33302   -0.00726   -0.00571     3.4080     3.4403    20.6069    20.6074    36.5114    36.5123    25.7522    25.7528    1538.09    148.382    149.785         33 0.0000e+00
      16387    682.729     96.344     97.000    20.5935    20.5942   5.042883   5.043124     2.3210     1.9547     100.00   26.44388  -85.33303   -0.00598   -0.00523     3.3940     3.4229    20.5756    20.5760    36.5133    36.5143    25.7622    25.7625    1537.97    147.771    149.028         32 0.0000e+00
      16420    684.120     97.336     98.000    20.5308    20.5313   5.034996   5.035109     2.3106     1.9469      72.90   26.44388  -85.33302   -0.00637   -0.00587     3.3752     3.4080    20.5111    20.5128    36.5041    36.5046    25.7726    25.7729    1537.85    146.949    148.378         35 0.0000e+00
      16455    685.586     98.329     99.000    20.4985    20.4989   5.031202   5.031356     2.3035     1.9414     100.44   26.44388  -85.33302   -0.00645   -0.00534     3.3641     3.3989    20.4797    20.4802    36.4997    36.5006    25.7777    25.7782    1537.73    146.464    147.979         34 0.0000e+00
      16487    686.916     99.323    100.000    20.4639    20.4646   5.027282   5.027409     2.2987     1.9380     100.00   26.44388  -85.33302   -0.00509   -0.00374     3.3576     3.3948    20.4450    20.4457    36.4980    36.4985    25.7858    25.7859    1537.62    146.183    147.801         31 0.0000e+00
      16518    688.202    100.316    101.000    20.3450    20.3457   5.014291   5.014565     2.2904     1.9291     100.00   26.44388  -85.33302   -0.00444   -0.00360     3.3460     3.3794    20.3219    20.3268    36.4968    36.4967    25.8179    25.8171    1537.50    145.672    147.126         32 0.0000e+00
      16553    689.686    101.308    102.000    20.2220    20.2225   5.002890   5.003034     2.2717     1.9083      53.00   26.44388  -85.33303   -0.00734   -0.00770     3.3155     3.3396    20.2029    20.2034    36.5058    36.5066    25.8568    25.8572    1537.38    144.339    145.385         38 0.0000e+00
      16590    691.220    102.301    103.000    20.1610    20.1611   4.997487   4.997552     2.2489     1.8843     101.03   26.44388  -85.33302   -0.01244   -0.01376     3.2748     3.2914    20.1417    20.1418    36.5140    36.5144    25.8794    25.8797    1537.27    142.563    143.286         34 0.0000e+00
      16622    692.534    103.294    104.000    20.0587    20.0594   4.986682   4.986977     2.2294     1.8667     100.00   26.44388  -85.33302   -0.01469   -0.01511     3.2341     3.2505    20.0393    20.0400    36.5134    36.5138    25.9062    25.9064    1537.15    140.787    141.503         30 0.0000e+00
      16653    693.830    104.287    105.000    20.0188    20.0194   4.982371   4.982526     2.2132     1.8531     100.00   26.44388  -85.33302   -0.01434   -0.01334     3.2043     3.2233    19.9992    19.9998    36.5122    36.5129    25.9160    25.9164    1537.03    139.490    140.314         33 0.0000e+00
      16687    695.264    105.280    106.000    19.9868    19.9867   4.979010   4.979101     2.2001     1.8427     100.00   26.44388  -85.33303   -0.01232   -0.01040     3.1785     3.2011    19.9670    19.9669    36.5119    36.5128    25.9243    25.9250    1536.92    138.367    139.347         36 0.0000e+00
      16723    696.755    106.273    107.000    19.9703    19.9711   4.977417   4.977605     2.1909     1.8366     100.00   26.44388  -85.33302   -0.00893   -0.00710     3.1603     3.1881    19.9504    19.9512    36.5128    36.5136    25.9294    25.9298    1536.80    137.574    138.780         35 0.0000e+00
      16757    698.164    107.266    108.000    19.9592    19.9597   4.976428   4.976600     2.1848     1.8352     100.00   26.44388  -85.33302   -0.00618   -0.00381     3.1481     3.1857    19.9391    19.9396    36.5139    36.5148    25.9332    25.9338    1536.69    137.041    138.678         32 0.0000e+00
      16788    699.450    108.259    109.000    19.9390    19.9404   4.974618   4.974766     2.1802     1.8302     100.00   26.44388  -85.33304   -0.00453   -0.00222     3.1423     3.1774    19.9196    19.9202    36.5155    36.5162    25.9396    25.9400    1536.59    136.788    138.315         30 0.0000e+00
      16819    700.729    109.252    110.000    19.7032    19.7076   4.950655   4.950736     2.1705     1.8191     100.00   26.44388  -85.33303   -0.00449   -0.00401     3.1277     3.1564    19.6829    19.6875    36.5228    36.5226    26.0078    26.0073    1536.49    136.140    137.393         32 0.0000e+00
      16854    702.205    110.245    111.000    19.6375    19.6383   4.944176   4.944339     2.1533     1.8010      93.08   26.44387  -85.33303   -0.00777   -0.00849     3.1009     3.1244    19.6171    19.6179    36.5261    36.5268    26.0276    26.0279    1536.36    134.975    135.994         40 0.0000e+00
      16894    703.879    111.238    112.000    19.5942    19.5945   4.939963   4.940088     2.1380     1.7896     100.11   26.44388  -85.33303   -0.01062   -0.01053     3.0711     3.1004    19.5736    19.5740    36.5286    36.5293    26.0409    26.0414    1536.25    133.673    134.948         38 0.0000e+00
      16980    707.455    114.217    115.000    19.4653    19.4662   4.927514   4.927671     2.1218     1.7775      76.38   26.43595  -85.30752   -0.00402   -0.00298     3.0461     3.0806    19.4452    19.4454    36.5321    36.5326    26.0762    26.0764    1535.46    132.580    134.084         35 0.0000e+00
      17024    709.307    115.210    116.000    19.3693    19.3701   4.917671   4.917796     2.1134     1.7665     100.53   26.44388  -85.33304   -0.00432   -0.00472     3.0326     3.0600    19.3482    19.3490    36.5382    36.5386    26.1072    26.1073    1535.81    131.990    133.184         42 0.0000e+00
      17061    710.818    116.202    117.000    19.3168    19.3177   4.912482   4.912628     2.1081     1.7623     100.00   26.44388  -85.33304   -0.00477   -0.00521     3.0246     3.0529    19.2956    19.2964    36.5405    36.5411    26.1227    26.1229    1535.70    131.639    132.869         31 0.0000e+00
      17090    712.048    117.195    118.000    19.2463    19.2473   4.905072   4.905231     2.1059     1.7628     100.00   26.44387  -85.33304   -0.00373   -0.00338     3.0245     3.0587    19.2249    19.2259    36.5401    36.5406    26.1407    26.1409    1535.59    131.632    133.120         30 0.0000e+00
      17123    713.425    118.188    119.000    19.1911    19.1921   4.898889   4.898998     2.1061     1.7648     100.00   26.44387  -85.33304   -0.00175   -0.00034     3.0285     3.0671    19.1696    19.1705    36.5364    36.5365    26.1523    26.1521    1535.49    131.808    133.486         36 0.0000e+00
      17159    714.909    119.181    120.000    19.0576    19.0588   4.883243   4.883364     2.1032     1.7614     100.00   26.44387  -85.33304   -0.00078    0.00038     3.0309     3.0672    19.0360    19.0371    36.5223    36.5223    26.1760    26.1757    1535.38    131.907    133.489         33 0.0000e+00
      17217    717.340    121.167    122.000    18.9376    18.9386   4.869654   4.869831     2.0974     1.7569      99.98   26.43952  -85.31899   -0.00234   -0.00238     3.0265     3.0643    18.9157    18.9167    36.5109    36.5116    26.1977    26.1980    1534.91    131.711    133.356         33 0.0000e+00
