Gulf of Mexico/GOMECC-4/1db/drb2103_0941.cnv
* Sea-Bird SBE 9 Data File:
* FileName = C:\Users\scs.user.rb\CTD\GOMECC4\data\rb2103_0941.hex
* Software Version Seasave V 7.26.7.107
* Temperature SN = 4799
* Conductivity SN = 3860
* Number of Bytes Per Scan = 41
* Number of Voltage Words = 4
* Number of Scans Averaged by the Deck Unit = 1
* NMEA Latitude = 21 42.03 N
* NMEA Longitude = 089 40.01 W
* NMEA UTC (Time) = Oct 10 2021  22:28:41
* NMEA baud rate = 4800
# nquan = 28
# nvalues = 12                          
# units = specified
# name 0 = scan: Scan Count
# name 1 = timeS: Time, Elapsed [seconds]
# name 2 = depSM: Depth [salt water, m]
# name 3 = prDM: Pressure, Digiquartz [db]
# name 4 = t090C: Temperature [ITS-90, deg C]
# name 5 = t190C: Temperature, 2 [ITS-90, deg C]
# name 6 = c0S/m: Conductivity [S/m]
# name 7 = c1S/m: Conductivity, 2 [S/m]
# name 8 = sbeox0V: Oxygen raw, SBE 43 [V]
# name 9 = sbeox1V: Oxygen raw, SBE 43, 2 [V]
# name 10 = altM: Altimeter [m]
# name 11 = latitude: Latitude [deg]
# name 12 = longitude: Longitude [deg]
# name 13 = sbox0dV/dT: Oxygen, SBE 43 [dov/dt]
# name 14 = sbox1dV/dT: Oxygen, SBE 43, 2 [dov/dt]
# name 15 = sbeox0ML/L: Oxygen, SBE 43 [ml/l], WS = 5
# name 16 = sbeox1ML/L: Oxygen, SBE 43, 2 [ml/l], WS = 5
# name 17 = potemp090C: Potential Temperature [ITS-90, deg C]
# name 18 = potemp190C: Potential Temperature, 2 [ITS-90, deg C]
# name 19 = sal00: Salinity, Practical [PSU]
# name 20 = sal11: Salinity, Practical, 2 [PSU]
# name 21 = sigma-é00: Density [sigma-theta, kg/m^3]
# name 22 = sigma-é11: Density, 2 [sigma-theta, kg/m^3]
# name 23 = avgsvCM: Average Sound Velocity [Chen-Millero, m/s], minP = 20, minS = 20
# name 24 = sbox0Mm/Kg: Oxygen, SBE 43 [umol/kg], WS = 5
# name 25 = sbox1Mm/Kg: Oxygen, SBE 43, 2 [umol/kg], WS = 5
# name 26 = nbin: number of scans per bin
# name 27 = flag: flag
# span 0 =      19359,      20432       
# span 1 =    806.574,    851.304       
# span 2 =      5.963,     17.887       
# span 3 =      6.000,     18.000       
# span 4 =    28.4458,    28.9546       
# span 5 =    28.4434,    28.9630       
# span 6 =   5.884117,   5.952830       
# span 7 =   5.883930,   5.953130       
# span 8 =     3.1949,     3.2196       
# span 9 =     2.7058,     2.7365       
# span 10 =      11.55,      23.03      
# span 11 =   21.70052,   21.78243      
# span 12 =  -90.00541,  -89.66694      
# span 13 =   -0.00046,    0.00181      
# span 14 =   -0.00072,    0.00341      
# span 15 =     4.4525,     4.5418      
# span 16 =     4.4332,     4.5359      
# span 17 =    28.4415,    28.9524      
# span 18 =    28.4391,    28.9608      
# span 19 =    36.4801,    36.6290      
# span 20 =    36.4812,    36.6404      
# span 21 =    23.2135,    23.3687      
# span 22 =    23.2156,    23.3699      
# span 23 =       0.00,       0.00      
# span 24 =    194.335,    198.207      
# span 25 =    193.495,    197.946      
# span 26 =         31,         80      
# span 27 = 0.0000e+00, 0.0000e+00      
# interval = decibars: 1                
# start_time = Oct 10 2021 22:28:41 [NMEA time, header]
# bad_flag = -9.990e-29
*END*
      19359    806.574      5.963      6.000    28.9410    28.9391   5.940270   5.940411     3.1962     2.7084      23.03   21.70052  -89.66694   -0.00046    0.00046     4.4525     4.4360    28.9395    28.9376    36.5031    36.5050    23.2135    23.2156       0.00    194.335    193.618         31 0.0000e+00
      19463    810.913      6.956      7.000    28.9137    28.9126   5.937365   5.937494     3.1949     2.7058      22.03   21.70052  -89.66694    0.00020   -0.00046     4.4528     4.4332    28.9120    28.9109    36.5035    36.5052    23.2230    23.2247       0.00    194.350    193.495         35 0.0000e+00
      19719    821.585      8.944      9.000    28.9546    28.9630   5.952830   5.953130     3.2036     2.7214      20.24   21.78243  -90.00541   -0.00015    0.00147     4.4696     4.4667    28.9524    28.9608    36.6290    36.6404    23.3230    23.3302       0.00    195.079    194.952         73 0.0000e+00
      19741    822.492      9.938     10.000    28.8279    28.8299   5.927439   5.927906     3.1975     2.7100      19.22   21.70052  -89.66694    0.00122   -0.00024     4.4660     4.4495    28.8255    28.8275    36.4994    36.5012    23.2489    23.2496       0.00    194.918    194.200         42 0.0000e+00
      19826    826.054     10.931     11.000    28.8010    28.8018   5.924138   5.924524     3.2000     2.7109      18.25   21.70052  -89.66694    0.00068   -0.00014     4.4733     4.4539    28.7981    28.7992    36.4970    36.4989    23.2563    23.2573       0.00    195.238    194.389         48 0.0000e+00
      19913    829.665     11.925     12.000    28.7502    28.7486   5.917913   5.917899     3.1996     2.7107      17.31   21.70052  -89.66694   -0.00018   -0.00072     4.4773     4.4595    28.7474    28.7457    36.4920    36.4931    23.2695    23.2709       0.00    195.408    194.633         73 0.0000e+00
      19999    833.232     12.919     13.000    28.7149    28.7160   5.913577   5.913957     3.2043     2.7216      16.33   21.70052  -89.66694    0.00116    0.00341     4.4890     4.4828    28.7117    28.7129    36.4888    36.4905    23.2790    23.2799       0.00    195.917    195.649         70 0.0000e+00
      20087    836.910     13.913     14.000    28.6937    28.6961   5.910521   5.911012     3.2082     2.7220      15.38   21.70052  -89.66694    0.00098    0.00047     4.4982     4.4860    28.6903    28.6928    36.4837    36.4860    23.2823    23.2832       0.00    196.320    195.787         56 0.0000e+00
      20171    840.412     14.906     15.000    28.6733    28.6740   5.908756   5.908947     3.2126     2.7273      14.46   21.70052  -89.66694    0.00123    0.00132     4.5086     4.4986    28.6697    28.6704    36.4865    36.4872    23.2913    23.2916       0.00    196.769    196.333         36 0.0000e+00
      20259    844.070     15.900     16.000    28.6538    28.6539   5.906812   5.907020     3.2127     2.7263      13.48   21.70052  -89.66694   -0.00018   -0.00020     4.5106     4.4986    28.6500    28.6500    36.4876    36.4890    23.2987    23.2997       0.00    196.858    196.331         67 0.0000e+00
      20347    847.730     16.894     17.000    28.5821    28.5798   5.897889   5.897787     3.2147     2.7308      12.51   21.70052  -89.66694    0.00047    0.00095     4.5203     4.5138    28.5781    28.5757    36.4801    36.4812    23.3170    23.3186       0.00    197.275    196.994         53 0.0000e+00
      20432    851.304     17.887     18.000    28.4458    28.4434   5.884117   5.883930     3.2196     2.7365      11.55   21.70052  -89.66694    0.00181    0.00196     4.5418     4.5359    28.4415    28.4391    36.4885    36.4890    23.3687    23.3699       0.00    198.207    197.946         80 0.0000e+00
