Gulf of Mexico/GOMECC-4/1db/drb2103_0131.cnv
* Sea-Bird SBE 9 Data File:
* FileName = C:\Users\scs.user.rb\CTD\GOMECC4\data\rb2103_0131.hex
* Software Version Seasave V 7.26.7.107
* Temperature SN = 4799
* Conductivity SN = 3860
* Number of Bytes Per Scan = 41
* Number of Voltage Words = 4
* Number of Scans Averaged by the Deck Unit = 1
* NMEA Latitude = 26 53.26 N
* NMEA Longitude = 084 39.99 W
* NMEA UTC (Time) = Sep 18 2021  19:15:07
* NMEA baud rate = 4800
# nquan = 28
# nvalues = 165                         
# units = specified
# name 0 = scan: Scan Count
# name 1 = timeS: Time, Elapsed [seconds]
# name 2 = depSM: Depth [salt water, m]
# name 3 = prDM: Pressure, Digiquartz [db]
# name 4 = t090C: Temperature [ITS-90, deg C]
# name 5 = t190C: Temperature, 2 [ITS-90, deg C]
# name 6 = c0S/m: Conductivity [S/m]
# name 7 = c1S/m: Conductivity, 2 [S/m]
# name 8 = sbeox0V: Oxygen raw, SBE 43 [V]
# name 9 = sbeox1V: Oxygen raw, SBE 43, 2 [V]
# name 10 = altM: Altimeter [m]
# name 11 = latitude: Latitude [deg]
# name 12 = longitude: Longitude [deg]
# name 13 = sbox0dV/dT: Oxygen, SBE 43 [dov/dt]
# name 14 = sbox1dV/dT: Oxygen, SBE 43, 2 [dov/dt]
# name 15 = sbeox0ML/L: Oxygen, SBE 43 [ml/l], WS = 5
# name 16 = sbeox1ML/L: Oxygen, SBE 43, 2 [ml/l], WS = 5
# name 17 = potemp090C: Potential Temperature [ITS-90, deg C]
# name 18 = potemp190C: Potential Temperature, 2 [ITS-90, deg C]
# name 19 = sal00: Salinity, Practical [PSU]
# name 20 = sal11: Salinity, Practical, 2 [PSU]
# name 21 = sigma-é00: Density [sigma-theta, kg/m^3]
# name 22 = sigma-é11: Density, 2 [sigma-theta, kg/m^3]
# name 23 = avgsvCM: Average Sound Velocity [Chen-Millero, m/s], minP = 20, minS = 20
# name 24 = sbox0Mm/Kg: Oxygen, SBE 43 [umol/kg], WS = 5
# name 25 = sbox1Mm/Kg: Oxygen, SBE 43, 2 [umol/kg], WS = 5
# name 26 = nbin: number of scans per bin
# name 27 = flag: flag
# span 0 =      15346,      23335       
# span 1 =    639.362,    972.263       
# span 2 =      4.967,    222.408       
# span 3 =      5.000,    224.000       
# span 4 =    13.2086,    28.7740       
# span 5 =    13.2138,    28.7754       
# span 6 =   4.198852,   5.785827       
# span 7 =   4.199342,   5.786125       
# span 8 =     1.7610,     3.2080       
# span 9 =     1.4541,     2.7463       
# span 10 =       3.33,     100.96      
# span 11 =   26.87716,   26.88773      
# span 12 =  -84.66701,  -84.63393      
# span 13 =   -0.04139,    0.00847      
# span 14 =   -0.03857,    0.00679      
# span 15 =     2.6316,     4.7436      
# span 16 =     2.6691,     4.7749      
# span 17 =    13.1772,    28.7669      
# span 18 =    13.1824,    28.7683      
# span 19 =    34.9642,    36.5852      
# span 20 =    34.9672,    36.5853      
# span 21 =    22.1258,    26.8880      
# span 22 =    22.1307,    26.8868      
# span 23 =       0.00,    1543.45      
# span 24 =    114.451,    206.877      
# span 25 =    116.080,    208.254      
# span 26 =         30,         70      
# span 27 = 0.0000e+00, 0.0000e+00      
# interval = decibars: 1                
# start_time = Sep 18 2021 19:15:07 [NMEA time, header]
# bad_flag = -9.990e-29
*END*
[from data line 156]
      22474    936.393    191.643    193.000    14.2984    14.3004   4.323846   4.324051     1.8249     1.5172      36.89   26.88319  -84.65279    0.00303    0.00335     2.7123     2.7638    14.2699    14.2719    35.8546    35.8546    26.7899    26.7895    1525.44    117.969    120.212         33 0.0000e+00
      22513    937.991    192.636    194.000    14.2425    14.2418   4.317872   4.317732     1.8276     1.5187      35.83   26.88746  -84.66622    0.00337    0.00277     2.7228     2.7714    14.2139    14.2132    35.8509    35.8499    26.7994    26.7988    1525.59    118.425    120.542         37 0.0000e+00
      22548    939.449    193.628    195.000    14.1677    14.1702   4.309121   4.309337     1.8295     1.5195      34.94   26.88746  -84.66622    0.00193    0.00106     2.7323     2.7785    14.1391    14.1416    35.8396    35.8393    26.8067    26.8059    1525.51    118.841    120.846         32 0.0000e+00
      22607    941.937    195.613    197.000    14.0287    14.0297   4.292825   4.293130     1.8314     1.5208      32.96   26.88565  -84.66051    0.00111    0.00080     2.7466     2.7913    13.9999    14.0010    35.8143    35.8136    26.8166    26.8158    1525.23    119.462    121.403         33 0.0000e+00
      22643    943.400    196.605    198.000    14.0127    14.0146   4.291027   4.291212     1.8299     1.5178      32.00   26.88746  -84.66622    0.00021   -0.00029     2.7443     2.7846    13.9839    13.9857    35.8137    35.8137    26.8196    26.8192    1525.24    119.362    121.111         35 0.0000e+00
      22677    944.829    197.598    199.000    14.0009    14.0024   4.289726   4.289855     1.8275     1.5149      30.90   26.88746  -84.66622   -0.00102   -0.00182     2.7393     2.7778    13.9720    13.9734    35.8121    35.8119    26.8209    26.8205    1525.15    119.143    120.818         33 0.0000e+00
      22708    946.139    198.590    200.000    13.9883    13.9899   4.288335   4.288461     1.8250     1.5132      30.02   26.88746  -84.66622   -0.00162   -0.00197     2.7344     2.7744    13.9592    13.9608    35.8104    35.8101    26.8224    26.8218    1525.05    118.928    120.668         30 0.0000e+00
      23179    965.738    216.454    218.000    13.3096    13.3121   4.210228   4.210542     1.7861     1.4756      12.23   26.88773  -84.66701   -0.00587   -0.00525     2.6866     2.7201    13.2789    13.2815    35.7013    35.7019    26.8796    26.8796    1523.55    116.845    118.300         30 0.0000e+00
      23335    972.263    222.408    224.000    13.2086    13.2138   4.198852   4.199342     1.7610     1.4541       6.31   26.88727  -84.66555   -0.00367   -0.00315     2.6316     2.6691    13.1772    13.1824    35.6853    35.6852    26.8880    26.8868    1523.04    114.451    116.080         34 0.0000e+00
