Gulf of Mexico/GOMECC-4/1db/drb2103_1411.cnv
* Sea-Bird SBE 9 Data File:
* FileName = C:\Users\scs.user.rb\CTD\GOMECC4\data\rb2103_1411.hex
* Software Version Seasave V 7.26.7.107
* Temperature SN = 4799
* Conductivity SN = 3860
* Number of Bytes Per Scan = 41
* Number of Voltage Words = 4
* Number of Scans Averaged by the Deck Unit = 1
* NMEA Latitude = 25 34.46 N
* NMEA Longitude = 084 50.56 W
* NMEA UTC (Time) = Oct 20 2021  15:46:56
* NMEA baud rate = 4800
# nquan = 28
# nvalues = 1022                        
# units = specified
# name 0 = scan: Scan Count
# name 1 = timeS: Time, Elapsed [seconds]
# name 2 = depSM: Depth [salt water, m]
# name 3 = prDM: Pressure, Digiquartz [db]
# name 4 = t090C: Temperature [ITS-90, deg C]
# name 5 = t190C: Temperature, 2 [ITS-90, deg C]
# name 6 = c0S/m: Conductivity [S/m]
# name 7 = c1S/m: Conductivity, 2 [S/m]
# name 8 = sbeox0V: Oxygen raw, SBE 43 [V]
# name 9 = sbeox1V: Oxygen raw, SBE 43, 2 [V]
# name 10 = altM: Altimeter [m]
# name 11 = latitude: Latitude [deg]
# name 12 = longitude: Longitude [deg]
# name 13 = sbox0dV/dT: Oxygen, SBE 43 [dov/dt]
# name 14 = sbox1dV/dT: Oxygen, SBE 43, 2 [dov/dt]
# name 15 = sbeox0ML/L: Oxygen, SBE 43 [ml/l], WS = 5
# name 16 = sbeox1ML/L: Oxygen, SBE 43, 2 [ml/l], WS = 5
# name 17 = potemp090C: Potential Temperature [ITS-90, deg C]
# name 18 = potemp190C: Potential Temperature, 2 [ITS-90, deg C]
# name 19 = sal00: Salinity, Practical [PSU]
# name 20 = sal11: Salinity, Practical, 2 [PSU]
# name 21 = sigma-é00: Density [sigma-theta, kg/m^3]
# name 22 = sigma-é11: Density, 2 [sigma-theta, kg/m^3]
# name 23 = avgsvCM: Average Sound Velocity [Chen-Millero, m/s], minP = 20, minS = 20
# name 24 = sbox0Mm/Kg: Oxygen, SBE 43 [umol/kg], WS = 5
# name 25 = sbox1Mm/Kg: Oxygen, SBE 43, 2 [umol/kg], WS = 5
# name 26 = nbin: number of scans per bin
# name 27 = flag: flag
# span 0 =      12045,     110265       
# span 1 =    501.816,   4594.354       
# span 2 =      3.974,   3327.563       
# span 3 =      4.000,   3376.000       
# span 4 =     4.3111,    28.3886       
# span 5 =     4.3120,    28.3919       
# span 6 =   3.349536,   5.841598       
# span 7 =   3.349494,   5.841751       
# span 8 =     1.6163,     3.1329       
# span 9 =     1.3160,     2.6500       
# span 10 =       9.56,     105.32      
# span 11 =   25.51710,   25.63652      
# span 12 =  -85.05053,  -84.65435      
# span 13 =   -0.03559,    0.01460      
# span 14 =   -0.03438,    0.01437      
# span 15 =     2.5833,     4.7052      
# span 16 =     2.5949,     4.7141      
# span 17 =     4.0814,    28.3812      
# span 18 =     4.0828,    28.3845      
# span 19 =    34.9008,    36.7261      
# span 20 =    34.9001,    36.7276      
# span 21 =    22.9152,    27.7596      
# span 22 =    22.9151,    27.7581      
# span 23 =       0.00,    1542.98      
# span 24 =    112.357,    204.460      
# span 25 =    112.863,    204.848      
# span 26 =         30,         70      
# span 27 = 0.0000e+00, 0.0000e+00      
# interval = decibars: 1                
# start_time = Oct 20 2021 15:46:56 [NMEA time, header]
# bad_flag = -9.990e-29
*END*
[from data line 984]
     107267   4469.402   3241.478   3288.000     4.3968     4.3982   3.424824   3.424810     1.7106     1.3979      94.71   25.57360  -84.84193   -0.00002   -0.00003     4.6792     4.6696     4.0827     4.0841    34.9759    34.9743    27.7584    27.7569    1503.12    203.331    202.911         30 0.0000e+00
     107303   4470.929   3242.457   3289.000     4.3969     4.3983   3.424902   3.424873     1.7106     1.3978      93.51   25.57380  -84.84260   -0.00008   -0.00005     4.6799     4.6695     4.0828     4.0841    34.9763    34.9745    27.7586    27.7571    1503.14    203.357    202.909         42 0.0000e+00
     107342   4472.560   3243.435   3290.000     4.3971     4.3985   3.424962   3.424930     1.7103     1.3971      92.61   25.57380  -84.84260   -0.00006   -0.00017     4.6789     4.6666     4.0828     4.0842    34.9764    34.9745    27.7587    27.7571    1503.14    203.315    202.782         33 0.0000e+00
     107457   4477.349   3247.349   3294.000     4.3976     4.3989   3.425129   3.425097     1.7098     1.3968      88.54   25.57365  -84.84210   -0.00009   -0.00009     4.6788     4.6673     4.0828     4.0841    34.9761    34.9743    27.7585    27.7569    1503.16    203.313    202.812         53 0.0000e+00
     107565   4481.844   3251.262   3298.000     4.3983     4.3997   3.425289   3.425266     1.7094     1.3967      84.89   25.57327  -84.84083   -0.00007   -0.00002     4.6796     4.6692     4.0830     4.0844    34.9755    34.9738    27.7580    27.7565    1503.16    203.345    202.895         32 0.0000e+00
     107616   4483.975   3252.241   3299.000     4.3986     4.4000   3.425420   3.425380     1.7095     1.3967      83.74   25.57380  -84.84260   -0.00005   -0.00002     4.6804     4.6695     4.0832     4.0846    34.9763    34.9744    27.7586    27.7570    1503.20    203.381    202.907         43 0.0000e+00
     107731   4488.746   3256.154   3303.000     4.3991     4.4005   3.425620   3.425589     1.7086     1.3956      80.08   25.57390  -84.84292   -0.00014   -0.00023     4.6787     4.6661     4.0832     4.0846    34.9764    34.9746    27.7587    27.7571    1503.23    203.308    202.762         40 0.0000e+00
     107818   4492.362   3259.089   3306.000     4.3994     4.4008   3.425727   3.425702     1.7079     1.3952      77.22   25.57363  -84.84198   -0.00016   -0.00009     4.6772     4.6661     4.0832     4.0845    34.9760    34.9743    27.7584    27.7569    1503.23    203.242    202.760         32 0.0000e+00
     107854   4493.861   3260.068   3307.000     4.3996     4.4009   3.425797   3.425770     1.7079     1.3950      76.05   25.57382  -84.84260   -0.00015   -0.00014     4.6776     4.6657     4.0833     4.0845    34.9762    34.9746    27.7586    27.7571    1503.25    203.261    202.742         39 0.0000e+00
     107890   4495.392   3261.046   3308.000     4.3997     4.4011   3.425845   3.425818     1.7077     1.3947      75.25   25.57382  -84.84262   -0.00016   -0.00016     4.6773     4.6647     4.0833     4.0846    34.9763    34.9745    27.7586    27.7571    1503.25    203.245    202.702         32 0.0000e+00
     108000   4499.962   3264.959   3312.000     4.3996     4.4010   3.425968   3.425940     1.7072     1.3943      71.36   25.57360  -84.84190   -0.00010   -0.00006     4.6772     4.6651     4.0827     4.0841    34.9761    34.9743    27.7585    27.7569    1503.26    203.240    202.715         31 0.0000e+00
     108035   4501.435   3265.937   3313.000     4.3996     4.4012   3.426034   3.426012     1.7070     1.3944      70.38   25.57382  -84.84260   -0.00007   -0.00001     4.6771     4.6661     4.0826     4.0841    34.9764    34.9746    27.7588    27.7572    1503.28    203.239    202.759         39 0.0000e+00
     108073   4502.997   3266.916   3314.000     4.3997     4.4012   3.426076   3.426058     1.7069     1.3944      69.47   25.57382  -84.84260   -0.00007    0.00000     4.6770     4.6665     4.0825     4.0840    34.9764    34.9746    27.7588    27.7572    1503.29    203.233    202.777         33 0.0000e+00
     108186   4507.692   3270.829   3318.000     4.4002     4.4014   3.426270   3.426230     1.7065     1.3938      65.51   25.57384  -84.84268   -0.00011   -0.00011     4.6777     4.6660     4.0825     4.0838    34.9765    34.9747    27.7588    27.7573    1503.32    203.261    202.755         32 0.0000e+00
     108217   4508.997   3271.807   3319.000     4.4002     4.4016   3.426306   3.426276     1.7065     1.3937      64.58   25.57382  -84.84260   -0.00008   -0.00018     4.6783     4.6659     4.0824     4.0838    34.9764    34.9747    27.7588    27.7572    1503.32    203.289    202.749         32 0.0000e+00
     108254   4510.527   3272.786   3320.000     4.4003     4.4017   3.426348   3.426322     1.7063     1.3934      54.52   25.57382  -84.84260   -0.00007   -0.00017     4.6777     4.6650     4.0824     4.0838    34.9764    34.9747    27.7588    27.7572    1503.32    203.265    202.711         43 0.0000e+00
     108295   4512.253   3273.764   3321.000     4.4003     4.4017   3.426390   3.426368     1.7062     1.3933      63.07   25.57382  -84.84260   -0.00015   -0.00010     4.6779     4.6654     4.0823     4.0837    34.9765    34.9748    27.7588    27.7573    1503.33    203.270    202.730         33 0.0000e+00
     108388   4516.125   3277.677   3325.000     4.4010     4.4024   3.426590   3.426572     1.7060     1.3932      58.86   25.57382  -84.84261   -0.00002   -0.00007     4.6792     4.6670     4.0825     4.0839    34.9763    34.9747    27.7587    27.7573    1503.36    203.330    202.799         33 0.0000e+00
     108461   4519.183   3278.655   3326.000     4.4011     4.4025   3.426645   3.426615     1.7057     1.3930      57.59   25.57382  -84.84260   -0.00009   -0.00001     4.6784     4.6668     4.0825     4.0839    34.9765    34.9747    27.7588    27.7572    1503.36    203.293    202.789         34 0.0000e+00
     108543   4522.588   3282.567   3330.000     4.4013     4.4027   3.426741   3.426716     1.7052     1.3928      54.02   25.57326  -84.84074   -0.00012   -0.00002     4.6789     4.6678     4.0822     4.0836    34.9756    34.9739    27.7582    27.7567    1503.35    203.315    202.834         34 0.0000e+00
     108591   4524.575   3283.546   3331.000     4.4015     4.4028   3.426858   3.426827     1.7052     1.3924      52.79   25.57382  -84.84260   -0.00011   -0.00019     4.6793     4.6664     4.0823     4.0836    34.9764    34.9747    27.7588    27.7573    1503.39    203.332    202.773         49 0.0000e+00
     108704   4529.272   3287.459   3335.000     4.4017     4.4031   3.427031   3.427015     1.7049     1.3920      49.27   25.57382  -84.84261   -0.00012   -0.00004     4.6801     4.6669     4.0820     4.0834    34.9766    34.9749    27.7590    27.7575    1503.41    203.370    202.796         30 0.0000e+00
     108735   4530.596   3288.437   3336.000     4.4017     4.4031   3.427071   3.427044     1.7047     1.3919      48.18   25.57382  -84.84261   -0.00003    0.00001     4.6798     4.6669     4.0819     4.0833    34.9766    34.9748    27.7590    27.7574    1503.42    203.356    202.793         33 0.0000e+00
     108769   4531.982   3289.415   3337.000     4.4017     4.4031   3.427111   3.427081     1.7046     1.3919      47.18   25.57382  -84.84262   -0.00007   -0.00003     4.6797     4.6673     4.0817     4.0832    34.9766    34.9748    27.7590    27.7574    1503.43    203.352    202.812         34 0.0000e+00
     108802   4533.393   3290.394   3338.000     4.4018     4.4032   3.427154   3.427124     1.7045     1.3919      46.28   25.57382  -84.84262   -0.00010   -0.00003     4.6802     4.6679     4.0817     4.0831    34.9766    34.9748    27.7590    27.7574    1503.43    203.371    202.837         34 0.0000e+00
     108837   4534.832   3291.372   3339.000     4.4019     4.4033   3.427202   3.427173     1.7044     1.3919      45.24   25.57382  -84.84262   -0.00005    0.00001     4.6801     4.6687     4.0817     4.0831    34.9766    34.9749    27.7590    27.7575    1503.44    203.367    202.871         34 0.0000e+00
     108949   4539.502   3295.284   3343.000     4.4023     4.4037   3.427311   3.427276     1.7040     1.3917      41.32   25.57325  -84.84071   -0.00009   -0.00001     4.6806     4.6703     4.0816     4.0830    34.9758    34.9739    27.7584    27.7568    1503.43    203.388    202.941         44 0.0000e+00
     109003   4541.754   3296.263   3344.000     4.4025     4.4040   3.427433   3.427411     1.7039     1.3914      40.39   25.57382  -84.84262   -0.00005   -0.00015     4.6805     4.6688     4.0818     4.0831    34.9765    34.9748    27.7589    27.7574    1503.47    203.385    202.878         46 0.0000e+00
     109094   4545.536   3300.175   3348.000     4.4029     4.4042   3.427525   3.427505     1.7035     1.3908      36.61   25.57308  -84.84018   -0.00005   -0.00016     4.6814     4.6682     4.0816     4.0830    34.9755    34.9739    27.7582    27.7567    1503.45    203.425    202.852         35 0.0000e+00
     109152   4547.954   3301.154   3349.000     4.4031     4.4045   3.427666   3.427647     1.7035     1.3907      35.45   25.57380  -84.84262   -0.00010   -0.00009     4.6818     4.6684     4.0817     4.0831    34.9765    34.9749    27.7590    27.7575    1503.50    203.439    202.859         30 0.0000e+00
     109249   4552.014   3305.066   3353.000     4.4035     4.4049   3.427810   3.427780     1.7028     1.3906      31.85   25.57341  -84.84133   -0.00018   -0.00005     4.6809     4.6702     4.0816     4.0830    34.9761    34.9743    27.7586    27.7570    1503.50    203.401    202.938         35 0.0000e+00
     109293   4553.847   3306.044   3354.000     4.4037     4.4051   3.427902   3.427880     1.7028     1.3904      30.76   25.57380  -84.84262   -0.00008   -0.00005     4.6812     4.6700     4.0817     4.0831    34.9765    34.9749    27.7590    27.7575    1503.53    203.414    202.928         47 0.0000e+00
     109442   4560.057   3310.935   3359.000     4.4043     4.4057   3.428136   3.428110     1.7020     1.3895      26.00   25.57377  -84.84252   -0.00010   -0.00013     4.6807     4.6680     4.0817     4.0831    34.9765    34.9748    27.7589    27.7574    1503.56    203.395    202.845         46 0.0000e+00
     109483   4561.769   3311.913   3360.000     4.4043     4.4057   3.428183   3.428159     1.7019     1.3895      25.04   25.57380  -84.84264   -0.00003   -0.00004     4.6808     4.6687     4.0816     4.0829    34.9766    34.9749    27.7590    27.7575    1503.56    203.400    202.871         32 0.0000e+00
     109601   4566.657   3315.825   3364.000     4.4048     4.4062   3.428358   3.428335     1.7017     1.3886      21.14   25.57370  -84.84231    0.00001   -0.00022     4.6821     4.6662     4.0816     4.0829    34.9765    34.9748    27.7589    27.7574    1503.58    203.453    202.765         48 0.0000e+00
     109746   4572.697   3320.716   3369.000     4.4052     4.4067   3.428598   3.428581     1.7010     1.3883      16.49   25.57384  -84.84276   -0.00012   -0.00005     4.6816     4.6678     4.0814     4.0828    34.9767    34.9750    27.7591    27.7576    1503.62    203.435    202.833         37 0.0000e+00
     109912   4579.643   3325.606   3374.000     4.4058     4.4072   3.428811   3.428779     1.7005     1.3881      11.70   25.57359  -84.84194   -0.00008   -0.00006     4.6821     4.6696     4.0814     4.0828    34.9764    34.9746    27.7589    27.7573    1503.64    203.454    202.910         38 0.0000e+00
     110265   4594.354   3327.563   3376.000     4.4064     4.4079   3.429015   3.428993     1.6999     1.3876       9.56   25.57436  -84.84449   -0.00007   -0.00004     4.6803     4.6681     4.0818     4.0832    34.9774    34.9756    27.7596    27.7581    1503.69    203.378    202.846         63 0.0000e+00
