Gulf of Mexico/GOMECC-4/1db/drb2103_0901.cnv
* Sea-Bird SBE 9 Data File:
* FileName = C:\Users\scs.user.rb\CTD\GOMECC4\data\rb2103_0901.hex
* Software Version Seasave V 7.26.7.107
* Temperature SN = 4799
* Conductivity SN = 3860
* Number of Bytes Per Scan = 41
* Number of Voltage Words = 4
* Number of Scans Averaged by the Deck Unit = 1
* NMEA Latitude = 22 00.00 N
* NMEA Longitude = 092 55.04 W
* NMEA UTC (Time) = Oct 09 2021  18:18:51
* NMEA baud rate = 4800
# nquan = 28
# nvalues = 407                         
# units = specified
# name 0 = scan: Scan Count
# name 1 = timeS: Time, Elapsed [seconds]
# name 2 = depSM: Depth [salt water, m]
# name 3 = prDM: Pressure, Digiquartz [db]
# name 4 = t090C: Temperature [ITS-90, deg C]
# name 5 = t190C: Temperature, 2 [ITS-90, deg C]
# name 6 = c0S/m: Conductivity [S/m]
# name 7 = c1S/m: Conductivity, 2 [S/m]
# name 8 = sbeox0V: Oxygen raw, SBE 43 [V]
# name 9 = sbeox1V: Oxygen raw, SBE 43, 2 [V]
# name 10 = altM: Altimeter [m]
# name 11 = latitude: Latitude [deg]
# name 12 = longitude: Longitude [deg]
# name 13 = sbox0dV/dT: Oxygen, SBE 43 [dov/dt]
# name 14 = sbox1dV/dT: Oxygen, SBE 43, 2 [dov/dt]
# name 15 = sbeox0ML/L: Oxygen, SBE 43 [ml/l], WS = 5
# name 16 = sbeox1ML/L: Oxygen, SBE 43, 2 [ml/l], WS = 5
# name 17 = potemp090C: Potential Temperature [ITS-90, deg C]
# name 18 = potemp190C: Potential Temperature, 2 [ITS-90, deg C]
# name 19 = sal00: Salinity, Practical [PSU]
# name 20 = sal11: Salinity, Practical, 2 [PSU]
# name 21 = sigma-é00: Density [sigma-theta, kg/m^3]
# name 22 = sigma-é11: Density, 2 [sigma-theta, kg/m^3]
# name 23 = avgsvCM: Average Sound Velocity [Chen-Millero, m/s], minP = 20, minS = 20
# name 24 = sbox0Mm/Kg: Oxygen, SBE 43 [umol/kg], WS = 5
# name 25 = sbox1Mm/Kg: Oxygen, SBE 43, 2 [umol/kg], WS = 5
# name 26 = nbin: number of scans per bin
# name 27 = flag: flag
# span 0 =      10799,      99786       
# span 1 =    449.917,   4157.715       
# span 2 =      6.956,   3245.202       
# span 3 =      7.000,   3291.000       
# span 4 =     4.2793,    29.6514       
# span 5 =     4.2797,    29.6518       
# span 6 =   3.347456,   5.994557       
# span 7 =   3.347417,   5.994600       
# span 8 =     1.5666,     3.1507       
# span 9 =     1.2722,     2.6668       
# span 10 =      10.18,     101.35      
# span 11 =   21.99585,   22.00158      
# span 12 =  -92.92090,  -92.89936      
# span 13 =   -0.03609,    0.01408      
# span 14 =   -0.03530,    0.01325      
# span 15 =     2.3742,     4.6918      
# span 16 =     2.3915,     4.7092      
# span 17 =     4.0789,    29.6440      
# span 18 =     4.0799,    29.6442      
# span 19 =    34.9187,    36.4792      
# span 20 =    34.9184,    36.4801      
# span 21 =    22.7327,    27.7588      
# span 22 =    22.7334,    27.7576      
# span 23 =       0.00,    1556.94      
# span 24 =    103.323,    203.877      
# span 25 =    104.074,    204.633      
# span 26 =         30,         78      
# span 27 = 0.0000e+00, 0.0000e+00      
# interval = decibars: 1                
# start_time = Oct 09 2021 18:18:51 [NMEA time, header]
# bad_flag = -9.990e-29
*END*
[from data line 311]
      41670   1736.217   1083.341   1093.000     4.9205     4.9211   3.381914   3.381924     1.8690     1.5542     100.00   21.99988  -92.91672    0.00067    0.00066     4.0238     4.0556     4.8286     4.8292    34.9414    34.9409    27.6487    27.6482    1500.10    174.867    176.248         30 0.0000e+00
      42250   1760.361   1106.077   1116.000     4.8545     4.8548   3.377180   3.377164     1.8799     1.5631     100.00   21.99987  -92.91667    0.00054    0.00050     4.0816     4.1090     4.7610     4.7613    34.9442    34.9437    27.6586    27.6582    1499.86    177.379    178.570         31 0.0000e+00
      42377   1765.665   1111.019   1121.000     4.8534     4.8538   3.377321   3.377314     1.8813     1.5641     100.00   22.00001  -92.91729    0.00019 9.8130e-07     4.0892     4.1156     4.7595     4.7598    34.9445    34.9440    27.6590    27.6586    1499.82    177.708    178.854         31 0.0000e+00
      43844   1826.774   1168.342   1179.000     4.7174     4.7177   3.367923   3.367904     1.8960     1.5778     100.00   22.00008  -92.91756    0.00077    0.00071     4.1880     4.2150     4.6193     4.6196    34.9490    34.9485    27.6784    27.6780    1499.28    182.000    183.172         30 0.0000e+00
      44223   1842.587   1183.164   1194.000     4.6646     4.6647   3.363968   3.363943     1.9065     1.5882     100.00   21.99983  -92.91651    0.00043    0.00042     4.2401     4.2699     4.5656     4.5657    34.9509    34.9504    27.6860    27.6856    1499.13    184.262    185.557         32 0.0000e+00
      44350   1847.875   1188.104   1199.000     4.6556     4.6560   3.363479   3.363456     1.9091     1.5897      95.30   22.00029  -92.91847    0.00048    0.00036     4.2531     4.2795     4.5563     4.5566    34.9521    34.9515    27.6879    27.6874    1499.12    184.827    185.974         30 0.0000e+00
      44857   1868.982   1207.865   1219.000     4.6239     4.6240   3.361540   3.361505     1.9144     1.5947      62.26   22.00009  -92.91752    0.00027    0.00018     4.2870     4.3138     4.5230     4.5231    34.9529    34.9523    27.6923    27.6918    1498.94    186.299    187.462         30 0.0000e+00
      46902   1954.201   1287.877   1300.000     4.4910     4.4912   3.353497   3.353466     1.9336     1.6129     100.00   21.99997  -92.91703    0.00021    0.00044     4.4185     4.4475     4.3840     4.3841    34.9584    34.9579    27.7120    27.7116    1498.35    192.010    193.270         31 0.0000e+00
      47025   1959.326   1292.815   1305.000     4.4805     4.4807   3.352776   3.352747     1.9342     1.6135     100.00   21.99975  -92.91608    0.00008    0.00011     4.4250     4.4539     4.3731     4.3733    34.9585    34.9581    27.7133    27.7129    1498.30    192.293    193.547         32 0.0000e+00
      47058   1960.699   1293.803   1306.000     4.4789     4.4791   3.352717   3.352681     1.9345     1.6138     100.00   22.00006  -92.91740    0.00012    0.00023     4.4267     4.4557     4.3714     4.3716    34.9591    34.9585    27.7139    27.7134    1498.32    192.364    193.628         30 0.0000e+00
      48420   2017.439   1347.126   1360.000     4.4236     4.4240   3.350260   3.350236     1.9424     1.6204      74.90   22.00007  -92.91745   -0.00004    0.00018     4.4940     4.5203     4.3117     4.3121    34.9619    34.9612    27.7226    27.7220    1498.00    195.287    196.432         30 0.0000e+00
      48546   2022.724   1352.063   1365.000     4.4178     4.4180   3.349961   3.349937     1.9425     1.6203     100.00   22.00003  -92.91718    0.00008    0.00004     4.4979     4.5237     4.3055     4.3057    34.9620    34.9615    27.7234    27.7230    1497.98    195.458    196.577         32 0.0000e+00
      48906   2037.727   1365.885   1379.000     4.4001     4.4003   3.349043   3.349013     1.9438     1.6225     100.00   22.00005  -92.91729    0.00014    0.00026     4.5134     4.5428     4.2867     4.2869    34.9629    34.9624    27.7262    27.7257    1497.90    196.128    197.408         30 0.0000e+00
      49826   2076.038   1401.423   1415.000     4.3674     4.3677   3.347690   3.347657     1.9485     1.6263     100.00   21.99962  -92.91537    0.00001    0.00029     4.5560     4.5837     4.2510     4.2512    34.9638    34.9631    27.7307    27.7302    1497.70    197.983    199.183         31 0.0000e+00
      49858   2077.370   1402.410   1416.000     4.3658     4.3660   3.347663   3.347624     1.9486     1.6262      80.86   22.00010  -92.91738    0.00002    0.00028     4.5572     4.5842     4.2493     4.2495    34.9647    34.9640    27.7316    27.7311    1497.73    198.034    199.207         30 0.0000e+00
      51673   2153.001   1472.481   1487.000     4.3285     4.3288   3.347456   3.347417     1.9479     1.6252     100.00   22.00012  -92.91746   -0.00001    0.00003     4.6017     4.6273     4.2058     4.2061    34.9666    34.9659    27.7379    27.7373    1497.46    199.963    201.076         31 0.0000e+00
      55053   2293.852   1602.693   1619.000     4.2990     4.2992   3.350513   3.350475     1.9362     1.6137     100.00   22.00048  -92.91900   -0.00004   -0.00008     4.6404     4.6634     4.1642     4.1644    34.9693    34.9687    27.7444    27.7439    1497.17    201.647    202.645         30 0.0000e+00
      55150   2297.896   1606.637   1623.000     4.2970     4.2973   3.350410   3.350377     1.9361     1.6140     100.00   21.99970  -92.91571    0.00004    0.00017     4.6427     4.6675     4.1619     4.1622    34.9682    34.9675    27.7438    27.7432    1497.10    201.746    202.823         30 0.0000e+00
      57355   2389.737   1691.427   1709.000     4.2873     4.2876   3.353205   3.353175     1.9280     1.6057     100.00   21.99998  -92.91691   -0.00010   -0.00006     4.6648     4.6865     4.1441     4.1443    34.9696    34.9690    27.7468    27.7463    1497.03    202.705    203.649         33 0.0000e+00
      58186   2424.356   1722.968   1741.000     4.2858     4.2861   3.354417   3.354385     1.9237     1.6019     100.00   22.00012  -92.91747   -0.00017   -0.00002     4.6678     4.6900     4.1395     4.1398    34.9700    34.9694    27.7476    27.7471    1497.03    202.835    203.799         30 0.0000e+00
      58833   2451.325   1747.606   1766.000     4.2831     4.2833   3.355187   3.355150     1.9208     1.5987      81.12   21.99983  -92.91626   -0.00011   -0.00000     4.6717     4.6924     4.1344     4.1347    34.9699    34.9692    27.7481    27.7475    1497.00    203.006    203.903         30 0.0000e+00
      58962   2456.714   1752.533   1771.000     4.2834     4.2837   3.355446   3.355406     1.9205     1.5981     100.00   21.99997  -92.91682   -0.00006   -0.00019     4.6737     4.6925     4.1343     4.1345    34.9702    34.9695    27.7483    27.7477    1497.01    203.092    203.910         30 0.0000e+00
      60802   2533.394   1822.489   1842.000     4.2806     4.2810   3.358150   3.358124     1.9110     1.5891     100.00   22.00008  -92.91729   -0.00009   -0.00016     4.6800     4.6982     4.1246     4.1249    34.9709    34.9702    27.7499    27.7494    1497.05    203.367    204.155         30 0.0000e+00
      61867   2577.748   1862.875   1883.000     4.2794     4.2798   3.359755   3.359727     1.9054     1.5840     100.00   22.00026  -92.91802   -0.00015   -0.00024     4.6828     4.7013     4.1194     4.1198    34.9714    34.9707    27.7509    27.7503    1497.09    203.488    204.291         30 0.0000e+00
      62306   2596.042   1879.619   1900.000     4.2794     4.2797   3.360401   3.360370     1.9030     1.5823      99.68   21.99992  -92.91661    0.00000   -0.00004     4.6837     4.7045     4.1177     4.1180    34.9710    34.9703    27.7507    27.7501    1497.09    203.525    204.429         30 0.0000e+00
      62435   2601.421   1884.542   1905.000     4.2793     4.2797   3.360602   3.360572     1.9025     1.5812     100.00   21.99996  -92.91676   -0.00012   -0.00019     4.6848     4.7029     4.1171     4.1175    34.9710    34.9703    27.7508    27.7502    1497.09    203.573    204.361         32 0.0000e+00
      64924   2705.115   1979.066   2001.000     4.2815     4.2821   3.364757   3.364716     1.8885     1.5679      98.76   22.00021  -92.91773   -0.00009   -0.00027     4.6869     4.7038     4.1098     4.1103    34.9720    34.9710    27.7523    27.7515    1497.26    203.667    204.401         30 0.0000e+00
      65910   2746.194   2016.470   2039.000     4.2820     4.2825   3.366329   3.366298     1.8831     1.5629     100.00   22.00017  -92.91756   -0.00015   -0.00001     4.6883     4.7049     4.1064     4.1069    34.9721    34.9712    27.7528    27.7520    1497.32    203.724    204.448         32 0.0000e+00
      66140   2755.800   2025.328   2048.000     4.2821     4.2826   3.366687   3.366658     1.8823     1.5626     100.00   22.00002  -92.91690   -0.00003   -0.00008     4.6908     4.7092     4.1056     4.1061    34.9718    34.9710    27.7527    27.7520    1497.33    203.833    204.633         32 0.0000e+00
      67588   2816.139   2079.451   2103.000     4.2846     4.2851   3.369138   3.369112     1.8744     1.5547      94.58   22.00009  -92.91709   -0.00019   -0.00014     4.6918     4.7079     4.1025     4.1030    34.9722    34.9714    27.7533    27.7526    1497.46    203.877    204.577         32 0.0000e+00
      67718   2821.546   2084.370   2108.000     4.2847     4.2853   3.369350   3.369322     1.8736     1.5538     100.00   22.00001  -92.91676   -0.00015   -0.00013     4.6917     4.7069     4.1021     4.1027    34.9722    34.9713    27.7534    27.7526    1497.47    203.872    204.536         30 0.0000e+00
      68063   2835.896   2097.161   2121.000     4.2855     4.2860   3.369958   3.369918     1.8716     1.5520     100.00   22.00014  -92.91732   -0.00006   -0.00031     4.6912     4.7069     4.1016     4.1021    34.9724    34.9714    27.7536    27.7527    1497.51    203.851    204.533         30 0.0000e+00
      68190   2841.197   2102.080   2126.000     4.2858     4.2863   3.370149   3.370116     1.8706     1.5518     100.00   21.99991  -92.91626   -0.00019   -0.00004     4.6902     4.7087     4.1013     4.1018    34.9720    34.9711    27.7533    27.7525    1497.50    203.810    204.614         30 0.0000e+00
      68349   2847.848   2107.983   2132.000     4.2864     4.2869   3.370470   3.370433     1.8701     1.5507     100.00   22.00012  -92.91712   -0.00010   -0.00006     4.6917     4.7075     4.1013     4.1018    34.9723    34.9714    27.7536    27.7527    1497.54    203.875    204.558         32 0.0000e+00
      68823   2867.567   2125.691   2150.000     4.2872     4.2878   3.371293   3.371249     1.8671     1.5482     100.00   22.00021  -92.91745   -0.00015   -0.00000     4.6901     4.7076     4.1003     4.1009    34.9727    34.9716    27.7539    27.7530    1497.59    203.803    204.566         30 0.0000e+00
      69635   2901.430   2156.184   2181.000     4.2888     4.2894   3.372655   3.372612     1.8621     1.5433     100.00   22.00012  -92.91706   -0.00005   -0.00011     4.6883     4.7044     4.0987     4.0992    34.9725    34.9715    27.7540    27.7531    1497.67    203.727    204.425         30 0.0000e+00
      69766   2906.886   2161.102   2186.000     4.2887     4.2893   3.372820   3.372783     1.8613     1.5429      95.72   21.99994  -92.91631   -0.00017   -0.00008     4.6881     4.7056     4.0981     4.0986    34.9723    34.9713    27.7538    27.7530    1497.67    203.718    204.476         31 0.0000e+00
      70213   2925.509   2177.822   2203.000     4.2893     4.2899   3.373581   3.373546     1.8595     1.5405     100.00   22.00011  -92.91691   -0.00005   -0.00007     4.6911     4.7055     4.0970     4.0976    34.9726    34.9716    27.7542    27.7534    1497.73    203.846    204.472         30 0.0000e+00
      70343   2930.926   2182.739   2208.000     4.2897     4.2903   3.373802   3.373780     1.8585     1.5397     100.00   22.00011  -92.91691   -0.00024   -0.00025     4.6898     4.7047     4.0968     4.0974    34.9725    34.9717    27.7542    27.7534    1497.74    203.792    204.438         30 0.0000e+00
      70374   2932.219   2183.723   2209.000     4.2898     4.2903   3.373862   3.373829     1.8584     1.5395     100.00   22.00020  -92.91728   -0.00012   -0.00029     4.6902     4.7042     4.0968     4.0973    34.9727    34.9717    27.7543    27.7535    1497.75    203.809    204.417         30 0.0000e+00
      71395   2974.754   2222.074   2248.000     4.2914     4.2920   3.375554   3.375521     1.8527     1.5338     100.00   22.00007  -92.91677   -0.00022   -0.00023     4.6899     4.7025     4.0944     4.0950    34.9727    34.9717    27.7545    27.7537    1497.86    203.794    204.340         30 0.0000e+00
      72972   3040.448   2281.062   2308.000     4.2958     4.2965   3.378361   3.378321     1.8433     1.5258     100.00   22.00032  -92.91764   -0.00009   -0.00014     4.6870     4.7022     4.0925     4.0931    34.9733    34.9721    27.7552    27.7542    1498.08    203.669    204.330         30 0.0000e+00
      73103   3045.908   2285.977   2313.000     4.2963     4.2969   3.378590   3.378551     1.8425     1.5250     100.00   22.00033  -92.91766   -0.00015   -0.00016     4.6863     4.7018     4.0924     4.0930    34.9732    34.9721    27.7551    27.7542    1498.10    203.639    204.313         30 0.0000e+00
      76673   3194.669   2418.639   2448.000     4.3053     4.3061   3.384702   3.384672     1.8226     1.5060     100.00   22.00017  -92.91669   -0.00013   -0.00002     4.6834     4.6962     4.0871     4.0879    34.9733    34.9722    27.7558    27.7548    1498.59    203.513    204.069         30 0.0000e+00
      76804   3200.134   2423.551   2453.000     4.3059     4.3067   3.384952   3.384920     1.8219     1.5053     100.00   22.00022  -92.91687   -0.00008   -0.00011     4.6833     4.6959     4.0872     4.0879    34.9734    34.9723    27.7559    27.7549    1498.61    203.508    204.055         30 0.0000e+00
      77152   3214.642   2436.322   2466.000     4.3070     4.3078   3.385572   3.385541     1.8200     1.5028     100.00   22.00028  -92.91714   -0.00012   -0.00023     4.6832     4.6919     4.0869     4.0876    34.9735    34.9724    27.7560    27.7550    1498.67    203.504    203.882         30 0.0000e+00
      77255   3218.908   2440.250   2470.000     4.3075     4.3082   3.385741   3.385712     1.8194     1.5023     100.00   22.00010  -92.91638   -0.00019   -0.00011     4.6828     4.6923     4.0869     4.0876    34.9732    34.9721    27.7557    27.7548    1498.67    203.487    203.899         30 0.0000e+00
      77286   3220.201   2441.233   2471.000     4.3078     4.3085   3.385835   3.385791     1.8192     1.5020     100.00   22.00030  -92.91722   -0.00012   -0.00022     4.6827     4.6913     4.0870     4.0877    34.9736    34.9724    27.7561    27.7550    1498.69    203.480    203.854         30 0.0000e+00
      77790   3241.211   2459.895   2490.000     4.3097     4.3105   3.386730   3.386702     1.8154     1.4995     100.00   22.00021  -92.91669   -0.00019   -0.00005     4.6779     4.6910     4.0869     4.0877    34.9734    34.9723    27.7559    27.7549    1498.76    203.274    203.841         34 0.0000e+00
      77918   3246.525   2464.806   2495.000     4.3100     4.3108   3.386942   3.386906     1.8147     1.4984      99.09   22.00009  -92.91616   -0.00019   -0.00028     4.6779     4.6890     4.0867     4.0874    34.9733    34.9721    27.7558    27.7548    1498.77    203.273    203.755         30 0.0000e+00
      77950   3247.871   2465.788   2496.000     4.3098     4.3106   3.386992   3.386964     1.8146     1.4984     100.00   22.00034  -92.91722   -0.00017   -0.00028     4.6780     4.6896     4.0863     4.0872    34.9737    34.9724    27.7562    27.7551    1498.79    203.278    203.781         33 0.0000e+00
