Gulf of Mexico/GOMECC-4/1db/drb2103_1381.cnv
* Sea-Bird SBE 9 Data File:
* FileName = C:\Users\scs.user.rb\CTD\GOMECC4\data\rb2103_1381.hex
* Software Version Seasave V 7.26.7.107
* Temperature SN = 4799
* Conductivity SN = 3860
* Number of Bytes Per Scan = 41
* Number of Voltage Words = 4
* Number of Scans Averaged by the Deck Unit = 1
* NMEA Latitude = 25 52.44 N
* NMEA Longitude = 084 23.57 W
* NMEA UTC (Time) = Oct 20 2021  08:17:47
* NMEA baud rate = 4800
# nquan = 28
# nvalues = 163                         
# units = specified
# name 0 = scan: Scan Count
# name 1 = timeS: Time, Elapsed [seconds]
# name 2 = depSM: Depth [salt water, m]
# name 3 = prDM: Pressure, Digiquartz [db]
# name 4 = t090C: Temperature [ITS-90, deg C]
# name 5 = t190C: Temperature, 2 [ITS-90, deg C]
# name 6 = c0S/m: Conductivity [S/m]
# name 7 = c1S/m: Conductivity, 2 [S/m]
# name 8 = sbeox0V: Oxygen raw, SBE 43 [V]
# name 9 = sbeox1V: Oxygen raw, SBE 43, 2 [V]
# name 10 = altM: Altimeter [m]
# name 11 = latitude: Latitude [deg]
# name 12 = longitude: Longitude [deg]
# name 13 = sbox0dV/dT: Oxygen, SBE 43 [dov/dt]
# name 14 = sbox1dV/dT: Oxygen, SBE 43, 2 [dov/dt]
# name 15 = sbeox0ML/L: Oxygen, SBE 43 [ml/l], WS = 5
# name 16 = sbeox1ML/L: Oxygen, SBE 43, 2 [ml/l], WS = 5
# name 17 = potemp090C: Potential Temperature [ITS-90, deg C]
# name 18 = potemp190C: Potential Temperature, 2 [ITS-90, deg C]
# name 19 = sal00: Salinity, Practical [PSU]
# name 20 = sal11: Salinity, Practical, 2 [PSU]
# name 21 = sigma-é00: Density [sigma-theta, kg/m^3]
# name 22 = sigma-é11: Density, 2 [sigma-theta, kg/m^3]
# name 23 = avgsvCM: Average Sound Velocity [Chen-Millero, m/s], minP = 20, minS = 20
# name 24 = sbox0Mm/Kg: Oxygen, SBE 43 [umol/kg], WS = 5
# name 25 = sbox1Mm/Kg: Oxygen, SBE 43, 2 [umol/kg], WS = 5
# name 26 = nbin: number of scans per bin
# name 27 = flag: flag
# span 0 =      11676,      20475       
# span 1 =    486.442,    853.098       
# span 2 =      2.980,    201.583       
# span 3 =      3.000,    203.000       
# span 4 =    15.7138,    28.5405       
# span 5 =    15.7149,    28.5439       
# span 6 =   4.490374,   5.762413       
# span 7 =   4.490527,   5.762914       
# span 8 =     1.9215,     3.1860       
# span 9 =     1.5872,     2.7004       
# span 10 =      10.09,     101.25      
# span 11 =   25.65065,   25.89801      
# span 12 =  -84.47049,  -83.66452      
# span 13 =   -0.03456,    0.01245      
# span 14 =   -0.03325,    0.01145      
# span 15 =     2.8401,     4.6933      
# span 16 =     2.8484,     4.6820      
# span 17 =    15.6852,    28.5333      
# span 18 =    15.6864,    28.5368      
# span 19 =    35.0716,    36.5261      
# span 20 =    35.0726,    36.5279      
# span 21 =    22.3099,    26.6791      
# span 22 =    22.3102,    26.6788      
# span 23 =       0.00,    1547.83      
# span 24 =    123.555,    204.625      
# span 25 =    123.916,    204.117      
# span 26 =         30,         70      
# span 27 = 0.0000e+00, 0.0000e+00      
# interval = decibars: 1                
# start_time = Oct 20 2021 08:17:47 [NMEA time, header]
# bad_flag = -9.990e-29
*END*
[from data line 104]
      17054    710.562    131.101    132.000    16.9721    16.9735   4.637637   4.637932     1.9982     1.6571      80.10   25.87416  -84.39292   -0.00039   -0.00025     2.9321     2.9415    16.9502    16.9516    36.2674    36.2686    26.4994    26.5000    1530.87    127.568    127.976         41 0.0000e+00
      17092    712.134    132.094    133.000    16.9580    16.9583   4.636041   4.636199     1.9956     1.6534      79.12   25.87416  -84.39292   -0.00112   -0.00118     2.9275     2.9333    16.9359    16.9363    36.2656    36.2667    26.5015    26.5022    1530.76    127.367    127.621         34 0.0000e+00
      17125    713.497    133.087    134.000    16.9331    16.9347   4.633114   4.633405     1.9901     1.6489      78.18   25.87416  -84.39290   -0.00207   -0.00228     2.9168     2.9239    16.9108    16.9125    36.2620    36.2631    26.5047    26.5051    1530.65    126.902    127.212         32 0.0000e+00
      17156    714.794    134.080    135.000    16.8568    16.8561   4.624106   4.624034     1.9824     1.6403      77.34   25.87416  -84.39290   -0.00381   -0.00380     2.9041     2.9074    16.8345    16.8338    36.2512    36.2513    26.5147    26.5149    1530.54    126.349    126.490         30 0.0000e+00
      17186    716.050    135.072    136.000    16.8023    16.8005   4.617702   4.617593     1.9770     1.6366      76.36   25.87416  -84.39290   -0.00511   -0.00491     2.8955     2.9016    16.7798    16.7780    36.2438    36.2445    26.5220    26.5229    1530.43    125.972    126.239         32 0.0000e+00
      17222    717.561    136.065    137.000    16.7743    16.7755   4.614452   4.614679     1.9759     1.6368      75.19   25.87416  -84.39290   -0.00376   -0.00296     2.8951     2.9041    16.7517    16.7530    36.2400    36.2409    26.5258    26.5262    1530.33    125.956    126.348         41 0.0000e+00
      17262    719.197    137.058    138.000    16.7648    16.7653   4.613354   4.613462     1.9775     1.6392      74.17   25.87418  -84.39290   -0.00056    0.00021     2.8998     2.9111    16.7421    16.7425    36.2385    36.2390    26.5269    26.5272    1530.22    126.157    126.652         35 0.0000e+00
      17294    720.554    138.051    139.000    16.7528    16.7519   4.611888   4.611895     1.9796     1.6417      73.35   25.87418  -84.39290    0.00100    0.00139     2.9061     2.9187    16.7299    16.7290    36.2362    36.2369    26.5280    26.5288    1530.11    126.434    126.979         31 0.0000e+00
      17326    721.868    139.044    140.000    16.7153    16.7111   4.607371   4.606887     1.9826     1.6455      72.40   25.87418  -84.39290    0.00158    0.00207     2.9156     2.9312    16.6923    16.6881    36.2297    36.2293    26.5320    26.5326    1530.01    126.846    127.522         33 0.0000e+00
      17361    723.344    140.037    141.000    16.6044    16.6022   4.594190   4.594296     1.9857     1.6480      71.20   25.87418  -84.39290    0.00219    0.00251     2.9301     2.9444    16.5813    16.5792    36.2133    36.2162    26.5456    26.5483    1529.91    127.475    128.094         37 0.0000e+00
      17397    724.831    141.029    142.000    16.5617    16.5612   4.589538   4.589544     1.9788     1.6373      70.35   25.87418  -84.39290    0.00095    0.00059     2.9172     2.9201    16.5385    16.5380    36.2104    36.2109    26.5535    26.5540    1529.81    126.913    127.040         34 0.0000e+00
      17429    726.153    142.022    143.000    16.5474    16.5484   4.587812   4.587999     1.9664     1.6248      69.39   25.87418  -84.39290   -0.00435   -0.00609     2.8898     2.8896    16.5240    16.5250    36.2077    36.2084    26.5548    26.5551    1529.70    125.721    125.713         31 0.0000e+00
      17462    727.533    143.015    144.000    16.5328    16.5339   4.586108   4.586308     1.9560     1.6166      68.42   25.87418  -84.39290   -0.00802   -0.00819     2.8670     2.8700    16.5093    16.5104    36.2054    36.2062    26.5565    26.5568    1529.60    124.728    124.861         35 0.0000e+00
      17498    729.053    144.008    145.000    16.5107    16.5115   4.583460   4.583601     1.9484     1.6101      67.39   25.87418  -84.39290   -0.00722   -0.00614     2.8512     2.8552    16.4870    16.4881    36.2016    36.2021    26.5589    26.5591    1529.50    124.041    124.212         37 0.0000e+00
      17532    730.477    145.001    146.000    16.4477    16.4488   4.575982   4.576121     1.9432     1.6066      66.40   25.87418  -84.39290   -0.00503   -0.00408     2.8433     2.8504    16.4239    16.4250    36.1920    36.1923    26.5663    26.5662    1529.40    123.695    124.004         32 0.0000e+00
      17564    731.785    145.993    147.000    16.3769    16.3781   4.567722   4.567894     1.9398     1.6040      65.46   25.87418  -84.39290   -0.00371   -0.00276     2.8401     2.8484    16.3531    16.3542    36.1825    36.1830    26.5756    26.5757    1529.30    123.555    123.916         31 0.0000e+00
      17598    733.191    146.986    148.000    16.3389    16.3399   4.563317   4.563467     1.9390     1.6043      64.36   25.87418  -84.39290   -0.00237   -0.00155     2.8411     2.8516    16.3150    16.3160    36.1774    36.1778    26.5806    26.5807    1529.20    123.600    124.054         37 0.0000e+00
      17635    734.767    147.979    149.000    16.2981    16.2996   4.558441   4.558646     1.9416     1.6073      63.36   25.87418  -84.39290   -0.00024    0.00040     2.8500     2.8623    16.2741    16.2755    36.1707    36.1712    26.5850    26.5850    1529.10    123.984    124.522         37 0.0000e+00
      17670    736.188    148.972    150.000    16.2579    16.2590   4.553741   4.553901     1.9440     1.6082      62.39   25.87418  -84.39290    0.00139    0.00142     2.8585     2.8674    16.2337    16.2348    36.1650    36.1655    26.5900    26.5901    1529.00    124.355    124.742         31 0.0000e+00
      17700    737.451    149.965    151.000    16.2180    16.2185   4.549042   4.549134     1.9445     1.6094      61.40   25.87418  -84.39290    0.00153    0.00112     2.8627     2.8734    16.1937    16.1942    36.1590    36.1593    26.5947    26.5948    1528.90    124.534    125.000         31 0.0000e+00
      17732    738.792    150.957    152.000    16.1793    16.1804   4.544595   4.544753     1.9458     1.6126      60.47   25.87418  -84.39290    0.00080    0.00100     2.8683     2.8840    16.1549    16.1559    36.1541    36.1546    26.6000    26.6001    1528.81    124.781    125.462         34 0.0000e+00
      17769    740.320    151.950    153.000    16.1050    16.1073   4.535892   4.536183     1.9537     1.6225      59.36   25.87418  -84.39290    0.00188    0.00319     2.8921     2.9144    16.0805    16.0828    36.1436    36.1441    26.6091    26.6090    1528.71    125.814    126.784         38 0.0000e+00
      17806    741.874    152.943    154.000    15.9641    15.9658   4.518990   4.519167     1.9630     1.6299      58.45   25.87418  -84.39290    0.00521    0.00573     2.9236     2.9431    15.9395    15.9413    36.1216    36.1216    26.6247    26.6243    1528.63    127.183    128.028         36 0.0000e+00
      17839    743.238    153.936    155.000    15.8809    15.8822   4.509282   4.509478     1.9659     1.6328      57.43   25.87418  -84.39290    0.00509    0.00459     2.9360     2.9554    15.8563    15.8576    36.1088    36.1094    26.6340    26.6341    1528.51    127.720    128.566         31 0.0000e+00
      17869    744.519    154.928    156.000    15.8493    15.8506   4.505622   4.505842     1.9678     1.6332      56.56   25.87418  -84.39290    0.00290    0.00224     2.9429     2.9589    15.8246    15.8259    36.1043    36.1051    26.6379    26.6381    1528.41    128.019    128.717         31 0.0000e+00
      17903    745.913    155.921    157.000    15.8412    15.8414   4.504860   4.504802     1.9662     1.6303      55.54   25.87418  -84.39290    0.00105    0.00027     2.9403     2.9523    15.8164    15.8165    36.1032    36.1038    26.6389    26.6393    1528.32    127.908    128.430         36 0.0000e+00
      17940    747.453    156.914    158.000    15.8339    15.8334   4.503949   4.503938     1.9625     1.6265      54.39   25.87419  -84.39290   -0.00103   -0.00181     2.9322     2.9433    15.8089    15.8084    36.1025    36.1029    26.6400    26.6404    1528.22    127.554    128.039         37 0.0000e+00
      17976    748.949    157.907    159.000    15.8313    15.8323   4.503729   4.503917     1.9590     1.6231      53.51   25.87418  -84.39290   -0.00226   -0.00244     2.9245     2.9350    15.8062    15.8071    36.1025    36.1033    26.6406    26.6411    1528.12    127.217    127.674         34 0.0000e+00
      18010    750.357    158.899    160.000    15.8308    15.8319   4.503775   4.503963     1.9557     1.6197      52.45   25.87418  -84.39290   -0.00238   -0.00234     2.9170     2.9266    15.8055    15.8066    36.1030    36.1036    26.6412    26.6415    1528.03    126.890    127.309         33 0.0000e+00
      18041    751.685    159.892    161.000    15.8264    15.8281   4.503324   4.503560     1.9540     1.6187      51.61   25.87419  -84.39290   -0.00216   -0.00196     2.9137     2.9247    15.8009    15.8026    36.1025    36.1031    26.6419    26.6419    1527.93    126.750    127.226         31 0.0000e+00
      18073    752.994    160.885    162.000    15.8202    15.8207   4.502642   4.502752     1.9525     1.6175      50.63   25.87419  -84.39290   -0.00151   -0.00128     2.9108     2.9223    15.7945    15.7951    36.1018    36.1022    26.6428    26.6430    1527.84    126.624    127.123         33 0.0000e+00
      18109    754.483    161.878    163.000    15.8189    15.8202   4.502565   4.502768     1.9501     1.6159      49.49   25.87419  -84.39290   -0.00131   -0.00090     2.9057     2.9188    15.7931    15.7944    36.1018    36.1024    26.6431    26.6433    1527.75    126.403    126.971         39 0.0000e+00
      18146    756.050    162.870    164.000    15.7895    15.7981   4.499095   4.500114     1.9481     1.6145      48.54   25.87420  -84.39290   -0.00146   -0.00097     2.9033     2.9167    15.7636    15.7722    36.0970    36.0983    26.6462    26.6452    1527.66    126.298    126.880         34 0.0000e+00
      18178    757.358    163.863    165.000    15.7626    15.7661   4.495966   4.496398     1.9449     1.6106      47.61   25.87420  -84.39290   -0.00152   -0.00136     2.8978     2.9090    15.7366    15.7400    36.0930    36.0937    26.6492    26.6490    1527.57    126.057    126.544         30 0.0000e+00
      18208    758.623    164.856    166.000    15.7334    15.7350   4.493124   4.493094     1.9410     1.6057      46.56   25.87419  -84.39290   -0.00219   -0.00253     2.8906     2.8982    15.7072    15.7089    36.0885    36.0893    26.6525    26.6528    1527.48    125.744    126.074         32 0.0000e+00
      18245    760.172    165.849    167.000    15.7256    15.7241   4.491670   4.491726     1.9360     1.6006      45.53   25.87420  -84.39290   -0.00306   -0.00352     2.8798     2.8865    15.6993    15.6978    36.0874    36.0874    26.6534    26.6538    1527.40    125.275    125.562         41 0.0000e+00
      18284    761.801    166.841    168.000    15.7202    15.7212   4.491108   4.491241     1.9321     1.5973      44.61   25.87419  -84.39290   -0.00295   -0.00307     2.8712     2.8786    15.6937    15.6948    36.0868    36.0871    26.6543    26.6543    1527.31    124.899    125.223         35 0.0000e+00
      18375    765.588    169.819    171.000    15.7160    15.7164   4.490488   4.490567     1.9281     1.5935      41.68   25.87154  -84.38424   -0.00099   -0.00099     2.8633     2.8700    15.6890    15.6895    36.0828    36.0831    26.6520    26.6521    1526.90    124.554    124.846         37 0.0000e+00
      18416    767.281    170.812    172.000    15.7162    15.7173   4.490837   4.490975     1.9278     1.5934      40.56   25.87420  -84.39292   -0.00036   -0.00064     2.8627     2.8702    15.6891    15.6902    36.0864    36.0867    26.6550    26.6550    1526.97    124.528    124.854         39 0.0000e+00
      18451    768.755    171.805    173.000    15.7159    15.7179   4.490857   4.491100     1.9268     1.5921      39.71   25.87420  -84.39292   -0.00044   -0.00045     2.8609     2.8671    15.6887    15.6906    36.0864    36.0868    26.6551    26.6550    1526.90    124.450    124.722         32 0.0000e+00
      18482    770.041    172.797    174.000    15.7163    15.7189   4.490946   4.491268     1.9265     1.5922      38.82   25.87420  -84.39291   -0.00046   -0.00055     2.8605     2.8676    15.6889    15.6915    36.0865    36.0870    26.6551    26.6549    1526.81    124.432    124.742         30 0.0000e+00
      18538    772.375    174.783    176.000    15.7138    15.7151   4.490374   4.490527     1.9257     1.5921      36.81   25.87069  -84.38148   -0.00027    0.00006     2.8596     2.8684    15.6861    15.6873    36.0814    36.0819    26.6515    26.6516    1526.44    124.393    124.778         32 0.0000e+00
      18581    774.155    175.775    177.000    15.7155    15.7166   4.490971   4.491097     1.9252     1.5920      35.67   25.87420  -84.39292   -0.00028   -0.00007     2.8584     2.8683    15.6876    15.6887    36.0862    36.0864    26.6552    26.6551    1526.58    124.342    124.771         50 0.0000e+00
      18624    775.948    176.768    178.000    15.7159    15.7170   4.491084   4.491209     1.9248     1.5922      34.83   25.87420  -84.39292   -0.00039   -0.00009     2.8578     2.8692    15.6879    15.6890    36.0864    36.0865    26.6553    26.6551    1526.50    124.316    124.810         30 0.0000e+00
      18706    779.358    179.746    181.000    15.7138    15.7149   4.490449   4.490591     1.9239     1.5906      31.75   25.86948  -84.37751   -0.00015   -0.00041     2.8570     2.8663    15.6852    15.6864    36.0797    36.0799    26.6502    26.6501    1526.00    124.282    124.686         45 0.0000e+00
      18752    781.301    180.739    182.000    15.7171    15.7180   4.491370   4.491471     1.9239     1.5907      30.75   25.87420  -84.39292   -0.00010   -0.00010     2.8571     2.8667    15.6884    15.6893    36.0863    36.0864    26.6551    26.6550    1526.21    124.286    124.702         38 0.0000e+00
      18842    785.042    183.716    185.000    15.7172    15.7184   4.491286   4.491424     1.9235     1.5890      27.92   25.87215  -84.38620   -0.00013   -0.00042     2.8571     2.8633    15.6880    15.6892    36.0835    36.0836    26.6528    26.6527    1525.87    124.287    124.556         36 0.0000e+00
      18880    786.629    184.709    186.000    15.7186    15.7200   4.491702   4.491848     1.9233     1.5894      26.90   25.87420  -84.39290   -0.00008   -0.00051     2.8569     2.8646    15.6893    15.6906    36.0863    36.0864    26.6549    26.6546    1525.93    124.275    124.613         36 0.0000e+00
      18913    787.994    185.702    187.000    15.7173    15.7185   4.491585   4.491727     1.9232     1.5897      26.01   25.87420  -84.39290   -0.00013    0.00000     2.8571     2.8657    15.6878    15.6890    36.0860    36.0862    26.6550    26.6549    1525.86    124.285    124.659         31 0.0000e+00
      18944    789.298    186.695    188.000    15.7172    15.7182   4.491618   4.491717     1.9229     1.5897      25.00   25.87420  -84.39290   -0.00016    0.00020     2.8569     2.8662    15.6876    15.6886    36.0860    36.0860    26.6550    26.6548    1525.79    124.275    124.680         33 0.0000e+00
      18981    790.823    187.687    189.000    15.7177    15.7188   4.491714   4.491829     1.9229     1.5897      24.02   25.87420  -84.39290   -0.00013    0.00004     2.8570     2.8665    15.6879    15.6890    36.0860    36.0861    26.6550    26.6548    1525.72    124.281    124.694         38 0.0000e+00
