Gulf of Mexico/GOMECC-4/1db/drb2103_0901.cnv
* Sea-Bird SBE 9 Data File:
* FileName = C:\Users\scs.user.rb\CTD\GOMECC4\data\rb2103_0901.hex
* Software Version Seasave V 7.26.7.107
* Temperature SN = 4799
* Conductivity SN = 3860
* Number of Bytes Per Scan = 41
* Number of Voltage Words = 4
* Number of Scans Averaged by the Deck Unit = 1
* NMEA Latitude = 22 00.00 N
* NMEA Longitude = 092 55.04 W
* NMEA UTC (Time) = Oct 09 2021  18:18:51
* NMEA baud rate = 4800
# nquan = 28
# nvalues = 407                         
# units = specified
# name 0 = scan: Scan Count
# name 1 = timeS: Time, Elapsed [seconds]
# name 2 = depSM: Depth [salt water, m]
# name 3 = prDM: Pressure, Digiquartz [db]
# name 4 = t090C: Temperature [ITS-90, deg C]
# name 5 = t190C: Temperature, 2 [ITS-90, deg C]
# name 6 = c0S/m: Conductivity [S/m]
# name 7 = c1S/m: Conductivity, 2 [S/m]
# name 8 = sbeox0V: Oxygen raw, SBE 43 [V]
# name 9 = sbeox1V: Oxygen raw, SBE 43, 2 [V]
# name 10 = altM: Altimeter [m]
# name 11 = latitude: Latitude [deg]
# name 12 = longitude: Longitude [deg]
# name 13 = sbox0dV/dT: Oxygen, SBE 43 [dov/dt]
# name 14 = sbox1dV/dT: Oxygen, SBE 43, 2 [dov/dt]
# name 15 = sbeox0ML/L: Oxygen, SBE 43 [ml/l], WS = 5
# name 16 = sbeox1ML/L: Oxygen, SBE 43, 2 [ml/l], WS = 5
# name 17 = potemp090C: Potential Temperature [ITS-90, deg C]
# name 18 = potemp190C: Potential Temperature, 2 [ITS-90, deg C]
# name 19 = sal00: Salinity, Practical [PSU]
# name 20 = sal11: Salinity, Practical, 2 [PSU]
# name 21 = sigma-é00: Density [sigma-theta, kg/m^3]
# name 22 = sigma-é11: Density, 2 [sigma-theta, kg/m^3]
# name 23 = avgsvCM: Average Sound Velocity [Chen-Millero, m/s], minP = 20, minS = 20
# name 24 = sbox0Mm/Kg: Oxygen, SBE 43 [umol/kg], WS = 5
# name 25 = sbox1Mm/Kg: Oxygen, SBE 43, 2 [umol/kg], WS = 5
# name 26 = nbin: number of scans per bin
# name 27 = flag: flag
# span 0 =      10799,      99786       
# span 1 =    449.917,   4157.715       
# span 2 =      6.956,   3245.202       
# span 3 =      7.000,   3291.000       
# span 4 =     4.2793,    29.6514       
# span 5 =     4.2797,    29.6518       
# span 6 =   3.347456,   5.994557       
# span 7 =   3.347417,   5.994600       
# span 8 =     1.5666,     3.1507       
# span 9 =     1.2722,     2.6668       
# span 10 =      10.18,     101.35      
# span 11 =   21.99585,   22.00158      
# span 12 =  -92.92090,  -92.89936      
# span 13 =   -0.03609,    0.01408      
# span 14 =   -0.03530,    0.01325      
# span 15 =     2.3742,     4.6918      
# span 16 =     2.3915,     4.7092      
# span 17 =     4.0789,    29.6440      
# span 18 =     4.0799,    29.6442      
# span 19 =    34.9187,    36.4792      
# span 20 =    34.9184,    36.4801      
# span 21 =    22.7327,    27.7588      
# span 22 =    22.7334,    27.7576      
# span 23 =       0.00,    1556.94      
# span 24 =    103.323,    203.877      
# span 25 =    104.074,    204.633      
# span 26 =         30,         78      
# span 27 = 0.0000e+00, 0.0000e+00      
# interval = decibars: 1                
# start_time = Oct 09 2021 18:18:51 [NMEA time, header]
# bad_flag = -9.990e-29
*END*
      10799    449.917      6.956      7.000    29.5223    29.5232   5.949445   5.949695     3.1488     2.6668     100.00   22.00010  -92.91738    0.00082    0.00112     4.3326     4.3209    29.5206    29.5215    36.1241    36.1254    22.7327    22.7334       0.00    189.194    188.680         78 0.0000e+00
      10885    453.503      7.950      8.000    29.5176    29.5187   5.950600   5.950821     3.1467     2.6603     100.00   22.00010  -92.91738   -0.00053   -0.00191     4.3294     4.3087    29.5156    29.5168    36.1360    36.1367    22.7434    22.7435       0.00    189.052    188.148         60 0.0000e+00
      10966    456.863      8.944      9.000    29.5308    29.5317   5.955717   5.955821     3.1483     2.6600     100.00   22.00010  -92.91738   -0.00001    0.00023     4.3310     4.3072    29.5286    29.5295    36.1584    36.1604    22.7558    22.7570       0.00    189.117    188.081         69 0.0000e+00
      11044    460.136      9.937     10.000    29.5613    29.5618   5.962436   5.962713     3.1488     2.6644      88.51   22.00010  -92.91738    0.00046    0.00075     4.3296     4.3140    29.5588    29.5594    36.1848    36.1866    22.7653    22.7665       0.00    189.056    188.372         70 0.0000e+00
      11120    463.297     10.931     11.000    29.5690    29.5699   5.964382   5.964752     3.1469     2.6647     100.05   22.00010  -92.91738   -0.00066    0.00048     4.3262     4.3140    29.5663    29.5672    36.1909    36.1928    22.7674    22.7685       0.00    188.905    188.373         67 0.0000e+00
      11190    466.208     11.925     12.000    29.5830    29.5847   5.967452   5.968032     3.1469     2.6617      79.04   22.00010  -92.91738   -0.00012   -0.00087     4.3250     4.3076    29.5801    29.5818    36.2010    36.2036    22.7702    22.7716       0.00    188.856    188.095         66 0.0000e+00
      11262    469.226     12.919     13.000    29.6007    29.6016   5.971535   5.971932     3.1462     2.6646     101.12   22.00010  -92.91739   -0.00017    0.00069     4.3229     4.3120    29.5975    29.5984    36.2155    36.2175    22.7752    22.7764       0.00    188.762    188.286         67 0.0000e+00
      11316    471.466     13.913     14.000    29.6355    29.6366   5.980618   5.981023     3.1476     2.6636     100.00   22.00010  -92.91738    0.00003    0.00076     4.3235     4.3060    29.6320    29.6331    36.2519    36.2540    22.7908    22.7920       0.00    188.785    188.023         49 0.0000e+00
      11373    473.823     14.906     15.000    29.6352    29.6358   5.981188   5.981473     3.1507     2.6641     100.00   22.00010  -92.91738    0.00127   -0.00088     4.3285     4.3087    29.6315    29.6321    36.2550    36.2565    22.7933    22.7943       0.00    189.004    188.137         61 0.0000e+00
      11427    476.098     15.900     16.000    29.6376    29.6385   5.981943   5.982276     3.1499     2.6641     100.00   22.00010  -92.91738    0.00051    0.00099     4.3272     4.3089    29.6336    29.6346    36.2581    36.2597    22.7949    22.7958       0.00    188.948    188.145         50 0.0000e+00
      11479    478.257     16.893     17.000    29.6306    29.6310   5.980724   5.980968     3.1476     2.6627      97.32   22.00010  -92.91740   -0.00110   -0.00118     4.3243     4.3072    29.6264    29.6269    36.2552    36.2566    22.7952    22.7961       0.00    188.821    188.071         54 0.0000e+00
      11535    480.568     17.887     18.000    29.6333    29.6347   5.981167   5.981588     3.1478     2.6641     100.01   22.00010  -92.91738   -0.00020    0.00058     4.3249     4.3101    29.6288    29.6303    36.2570    36.2592    22.7957    22.7969       0.00    188.846    188.201         56 0.0000e+00
      11588    482.793     18.881     19.000    29.6347    29.6355   5.981804   5.982143     3.1486     2.6665      96.01   22.00010  -92.91738    0.00025    0.00075     4.3267     4.3153    29.6300    29.6308    36.2584    36.2602    22.7964    22.7974       0.00    188.924    188.426         51 0.0000e+00
      11639    484.900     19.874     20.000    29.6307    29.6329   5.981274   5.981830     3.1483     2.6626      86.00   22.00010  -92.91739   -0.00002   -0.00028     4.3271     4.3084    29.6258    29.6279    36.2575    36.2597    22.7972    22.7981     774.79    188.941    188.123         50 0.0000e+00
      11686    486.881     20.868     21.000    29.6269    29.6281   5.980759   5.981120     3.1481     2.6629     100.19   22.00010  -92.91738   -0.00002   -0.00155     4.3276     4.3090    29.6218    29.6230    36.2564    36.2582    22.7976    22.7986    1556.94    188.962    188.151         44 0.0000e+00
      11731    488.735     21.862     22.000    29.6213    29.6214   5.979971   5.980130     3.1480     2.6641     100.00   22.00010  -92.91739   -0.00005    0.00095     4.3283     4.3132    29.6159    29.6160    36.2543    36.2558    22.7981    22.7992    1546.49    188.991    188.336         48 0.0000e+00
      11778    490.718     22.855     23.000    29.6164    29.6171   5.979234   5.979547     3.1467     2.6618     100.00   22.00010  -92.91738   -0.00037   -0.00044     4.3270     4.3095    29.6107    29.6115    36.2535    36.2551    22.7992    22.8001    1546.49    188.935    188.173         44 0.0000e+00
      11823    492.593     23.849     24.000    29.6190    29.6198   5.979987   5.980349     3.1471     2.6617     100.00   22.00010  -92.91738   -0.00031   -0.00090     4.3279     4.3095    29.6131    29.6139    36.2564    36.2582    22.8006    22.8017    1546.49    188.974    188.173         50 0.0000e+00
      11876    494.809     24.843     25.000    29.6264    29.6272   5.982054   5.982381     3.1465     2.6629     100.00   22.00010  -92.91738    0.00013    0.00056     4.3266     4.3118    29.6202    29.6210    36.2647    36.2663    22.8044    22.8053    1546.49    188.916    188.270         50 0.0000e+00
      11918    496.562     25.836     26.000    29.6347    29.6334   5.985202   5.984576     3.1448     2.6636     100.00   22.00010  -92.91738   -0.00078    0.00046     4.3231     4.3130    29.6283    29.6270    36.2796    36.2763    22.8129    22.8108    1546.50    188.764    188.321         39 0.0000e+00
      11963    498.402     26.830     27.000    29.6429    29.6422   5.989317   5.989041     3.1458     2.6619     100.00   22.00010  -92.91738   -0.00030   -0.00010     4.3241     4.3090    29.6362    29.6356    36.3014    36.3000    22.8265    22.8257    1546.50    188.806    188.145         51 0.0000e+00
      12016    500.629     27.824     28.000    29.6481    29.6481   5.991671   5.991666     3.1441     2.6634     100.00   22.00010  -92.91738   -0.00014   -0.00048     4.3210     4.3118    29.6412    29.6412    36.3132    36.3132    22.8337    22.8337    1546.51    188.669    188.265         50 0.0000e+00
      12060    502.476     28.817     29.000    29.6478    29.6471   5.992364   5.992548     3.1464     2.6640     100.00   22.00010  -92.91738    0.00017    0.00099     4.3256     4.3134    29.6407    29.6399    36.3182    36.3197    22.8376    22.8390    1546.52    188.870    188.334         43 0.0000e+00
      12104    504.310     29.811     30.000    29.6514    29.6502   5.993704   5.993766     3.1452     2.6657     100.00   22.00010  -92.91738    0.00041    0.00065     4.3235     4.3169    29.6440    29.6428    36.3243    36.3250    22.8411    22.8420    1546.53    188.776    188.487         44 0.0000e+00
      12151    506.271     30.805     31.000    29.6509    29.6518   5.994187   5.994545     3.1464     2.6655     100.00   22.00010  -92.91738   -0.00039    0.00038     4.3262     4.3168    29.6433    29.6442    36.3274    36.3298    22.8437    22.8451    1546.54    188.892    188.482         53 0.0000e+00
      12205    508.482     31.798     32.000    29.6514    29.6504   5.994357   5.994458     3.1471     2.6636     100.00   22.00010  -92.91738    0.00116   -0.00100     4.3274     4.3136    29.6435    29.6425    36.3290    36.3294    22.8448    22.8454    1546.54    188.946    188.343         46 0.0000e+00
      12246    510.227     32.792     33.000    29.6479    29.6450   5.993749   5.993647     3.1458     2.6645     100.00   22.00010  -92.91738   -0.00027    0.00001     4.3266     4.3161    29.6398    29.6369    36.3293    36.3294    22.8462    22.8473    1546.55    188.911    188.450         43 0.0000e+00
      12294    512.224     33.785     34.000    29.6489    29.6484   5.994557   5.994600     3.1454     2.6618     100.00   22.00010  -92.91738   -0.00047   -0.00055     4.3259     4.3111    29.6405    29.6400    36.3306    36.3313    22.8470    22.8477    1546.56    188.878    188.234         51 0.0000e+00
      12342    514.193     34.779     35.000    29.6408    29.6416   5.994268   5.994575     3.1457     2.6642     100.00   22.00010  -92.91738   -0.00021   -0.00029     4.3274     4.3167    29.6322    29.6330    36.3344    36.3359    22.8527    22.8535    1546.57    188.945    188.478         44 0.0000e+00
      12387    516.099     35.773     36.000    29.6212    29.6248   5.993428   5.993801     3.1448     2.6636     100.00   22.00010  -92.91738    0.00006    0.00077     4.3276     4.3171    29.6123    29.6159    36.3432    36.3430    22.8661    22.8647    1546.57    188.951    188.490         49 0.0000e+00
      12437    518.162     36.766     37.000    29.5732    29.5758   5.990768   5.991222     3.1443     2.6603      90.04   22.00010  -92.91738   -0.00057   -0.00084     4.3305     4.3143    29.5641    29.5667    36.3609    36.3621    22.8957    22.8958    1546.58    189.073    188.363         48 0.0000e+00
      12482    520.026     37.760     38.000    29.4848    29.4978   5.983891   5.985095     3.1432     2.6610      90.21   22.00010  -92.91738   -0.00037   -0.00080     4.3330     4.3225    29.4776    29.4886    36.3789    36.3774    22.9386    22.9331    1546.59    189.175    188.714         44 0.0000e+00
      12530    522.027     38.753     39.000    28.6919    28.7604   5.902446   5.909657     3.1241     2.6506     100.03   22.00010  -92.91738   -0.00418   -0.00196     4.3704     4.3526    28.6825    28.7510    36.4208    36.4185    23.2371    23.2126    1546.57    190.744    189.978         50 0.0000e+00
      12576    523.968     39.747     40.000    28.0031    28.0138   5.823550   5.825028     3.1192     2.6429     100.00   22.00010  -92.91738   -0.00702   -0.00570     4.4066     4.3921    27.9936    28.0043    36.3979    36.4001    23.4484    23.4465    1546.50    192.289    191.656         44 0.0000e+00
      12623    525.926     40.741     41.000    27.7733    27.7930   5.797792   5.800191     3.1228     2.6490     100.00   22.00010  -92.91738   -0.00026   -0.00003     4.4317     4.4213    27.7637    27.7834    36.3935    36.3952    23.5204    23.5152    1546.42    193.372    192.917         51 0.0000e+00
      12673    528.015     41.734     42.000    26.8856    26.9271   5.699575   5.703963     3.1031     2.6366     100.00   22.00010  -92.91738   -0.00380   -0.00136     4.4663     4.4608    26.8760    26.9175    36.3844    36.3834    23.8006    23.7865    1546.32    194.829    194.589         47 0.0000e+00
      12719    529.899     42.728     43.000    26.1684    26.1943   5.619308   5.622372     3.0817     2.6214     100.00   22.00010  -92.91738   -0.01064   -0.00730     4.4846     4.4850    26.1587    26.1846    36.3679    36.3697    24.0158    24.0090    1546.17    195.585    195.604         45 0.0000e+00
      12766    531.865     43.721     44.000    25.4616    25.4921   5.540258   5.543665     3.0747     2.6222     100.00   22.00010  -92.91738   -0.00724   -0.00318     4.5299     4.5415    25.4519    25.4824    36.3495    36.3503    24.2222    24.2134    1546.00    197.521    198.027         50 0.0000e+00
      12815    533.910     44.715     45.000    25.0744    25.0790   5.497506   5.498463     3.0547     2.6075     100.00   22.00010  -92.91738   -0.00769   -0.00457     4.5239     4.5426    25.0646    25.0692    36.3426    36.3461    24.3366    24.3378    1545.79    197.238    198.054         45 0.0000e+00
      12860    535.786     45.708     46.000    24.9402    24.9445   5.483968   5.484751     3.0380     2.5878      99.21   22.00010  -92.91738   -0.00823   -0.00749     4.5030     4.5113    24.9302    24.9345    36.3494    36.3518    24.3827    24.3833    1545.60    196.316    196.681         48 0.0000e+00
      12910    537.859     46.702     47.000    24.7334    24.7395   5.461720   5.462685     3.0055     2.5574     100.03   22.00010  -92.91738   -0.01289   -0.01401     4.4575     4.4622    24.7232    24.7293    36.3494    36.3517    24.4458    24.4457    1545.39    194.321    194.527         47 0.0000e+00
      12954    539.717     47.695     48.000    24.4899    24.5017   5.434194   5.435721     2.9859     2.5442     100.00   22.00010  -92.91738   -0.01389   -0.01133     4.4397     4.4528    24.4796    24.4915    36.3393    36.3412    24.5118    24.5097    1545.19    193.532    194.106         47 0.0000e+00
      13004    541.788     48.689     49.000    24.0160    24.0378   5.379741   5.382077     2.9901     2.5552      94.53   22.00010  -92.91738   -0.00393   -0.00111     4.4893     4.5149    24.0056    24.0275    36.3120    36.3140    24.6332    24.6289    1544.98    195.674    196.789         49 0.0000e+00
      13048    543.628     49.682     50.000    23.7143    23.7217   5.345285   5.346471     3.0124     2.5754      65.75   22.00010  -92.91738    0.00674    0.00806     4.5587     4.5840    23.7038    23.7112    36.2957    36.2987    24.7106    24.7107    1544.75    198.681    199.783         42 0.0000e+00
      13095    545.587     50.676     51.000    23.4810    23.4914   5.319457   5.320763     3.0458     2.6075      99.70   22.00010  -92.91738    0.01408    0.01325     4.6459     4.6738    23.4703    23.4807    36.2887    36.2902    24.7741    24.7722    1544.53    202.471    203.687         52 0.0000e+00
      13144    547.626     51.669     52.000    23.2818    23.2870   5.300570   5.301438     3.0514     2.6077     100.00   22.00010  -92.91738    0.01279    0.01170     4.6746     4.6912    23.2711    23.2763    36.3069    36.3093    24.8462    24.8466    1544.29    203.707    204.428         44 0.0000e+00
      13190    549.542     52.663     53.000    23.0490    23.0637   5.274802   5.276604     3.0195     2.5696     100.00   22.00010  -92.91738   -0.00826   -0.01135     4.6309     4.6287    23.0388    23.0529    36.2989    36.3009    24.9078    24.9051    1544.06    201.790    201.695         49 0.0000e+00
      13237    551.479     53.657     54.000    22.6927    22.7045   5.233084   5.234593     2.9848     2.5515     100.00   22.00010  -92.91738   -0.01823   -0.01519     4.5939     4.6161    22.6817    22.6935    36.2699    36.2719    24.9889    24.9870    1543.83    200.162    201.129         45 0.0000e+00
      13283    553.398     54.650     55.000    22.4471    22.4505   5.205478   5.206085     2.9782     2.5481     100.00   22.00010  -92.91738   -0.01090   -0.00624     4.6027     4.6303    22.4360    22.4394    36.2579    36.2599    25.0503    25.0508    1543.58    200.532    201.734         47 0.0000e+00
      13330    555.360     55.644     56.000    22.3861    22.3888   5.200197   5.200851     2.9719     2.5387      88.93   22.00010  -92.91738   -0.00204   -0.00177     4.5954     4.6144    22.3749    22.3776    36.2670    36.2699    25.0746    25.0761    1543.34    200.212    201.038         47 0.0000e+00
      13378    557.394     56.637     57.000    22.2585    22.2627   5.185401   5.186157     2.9517     2.5207     100.10   22.00010  -92.91738   -0.00752   -0.00799     4.5660     4.5851    22.2471    22.2513    36.2568    36.2593    25.1033    25.1039    1543.11    198.925    199.755         49 0.0000e+00
