Gulf of Mexico/GOMECC-4/1db/drb2103_0291.cnv
* Sea-Bird SBE 9 Data File:
* FileName = C:\Users\scs.user.rb\CTD\GOMECC4\data\rb2103_0291.hex
* Software Version Seasave V 7.26.7.107
* Temperature SN = 4799
* Conductivity SN = 3860
* Number of Bytes Per Scan = 41
* Number of Voltage Words = 4
* Number of Scans Averaged by the Deck Unit = 1
* NMEA Latitude = 27 29.98 N
* NMEA Longitude = 086 48.58 W
* NMEA UTC (Time) = Sep 22 2021  01:30:43
* NMEA baud rate = 4800
# nquan = 28
# nvalues = 204                         
# units = specified
# name 0 = scan: Scan Count
# name 1 = timeS: Time, Elapsed [seconds]
# name 2 = depSM: Depth [salt water, m]
# name 3 = prDM: Pressure, Digiquartz [db]
# name 4 = t090C: Temperature [ITS-90, deg C]
# name 5 = t190C: Temperature, 2 [ITS-90, deg C]
# name 6 = c0S/m: Conductivity [S/m]
# name 7 = c1S/m: Conductivity, 2 [S/m]
# name 8 = sbeox0V: Oxygen raw, SBE 43 [V]
# name 9 = sbeox1V: Oxygen raw, SBE 43, 2 [V]
# name 10 = altM: Altimeter [m]
# name 11 = latitude: Latitude [deg]
# name 12 = longitude: Longitude [deg]
# name 13 = sbox0dV/dT: Oxygen, SBE 43 [dov/dt]
# name 14 = sbox1dV/dT: Oxygen, SBE 43, 2 [dov/dt]
# name 15 = sbeox0ML/L: Oxygen, SBE 43 [ml/l], WS = 5
# name 16 = sbeox1ML/L: Oxygen, SBE 43, 2 [ml/l], WS = 5
# name 17 = potemp090C: Potential Temperature [ITS-90, deg C]
# name 18 = potemp190C: Potential Temperature, 2 [ITS-90, deg C]
# name 19 = sal00: Salinity, Practical [PSU]
# name 20 = sal11: Salinity, Practical, 2 [PSU]
# name 21 = sigma-é00: Density [sigma-theta, kg/m^3]
# name 22 = sigma-é11: Density, 2 [sigma-theta, kg/m^3]
# name 23 = avgsvCM: Average Sound Velocity [Chen-Millero, m/s], minP = 20, minS = 20
# name 24 = sbox0Mm/Kg: Oxygen, SBE 43 [umol/kg], WS = 5
# name 25 = sbox1Mm/Kg: Oxygen, SBE 43, 2 [umol/kg], WS = 5
# name 26 = nbin: number of scans per bin
# name 27 = flag: flag
# span 0 =      17647,     100077       
# span 1 =    735.269,   4169.844       
# span 2 =      4.967,   3026.672       
# span 3 =      5.000,   3069.000       
# span 4 =     4.3681,    30.2906       
# span 5 =     4.3692,    30.2909       
# span 6 =   3.413988,   5.979302       
# span 7 =   3.413918,   5.979569       
# span 8 =     1.7407,     3.1669       
# span 9 =     1.4335,     2.6909       
# span 10 =       9.86,     100.36      
# span 11 =   27.49488,   27.49760      
# span 12 =  -86.81487,  -86.80816      
# span 13 =   -0.03481,    0.00948      
# span 14 =   -0.03100,    0.00837      
# span 15 =     2.6306,     4.6949      
# span 16 =     2.6605,     4.7236      
# span 17 =     4.0806,    30.2848      
# span 18 =     4.0817,    30.2852      
# span 19 =    33.0426,    36.5891      
# span 20 =    33.0240,    36.5869      
# span 21 =    20.6445,    27.7588      
# span 22 =    20.6305,    27.7571      
# span 23 =       0.00,    1552.34      
# span 24 =    114.424,    204.013      
# span 25 =    115.727,    205.257      
# span 26 =         30,         87      
# span 27 = 0.0000e+00, 0.0000e+00      
# interval = decibars: 1                
# start_time = Sep 22 2021 01:30:43 [NMEA time, header]
# bad_flag = -9.990e-29
*END*
[from data line 104]
      22238    926.540    108.251    109.000    20.0388    20.0348   4.986320   4.985877     2.2101     1.8502     100.00   27.49698  -86.81140   -0.01188   -0.00974     3.1977     3.2167    20.0184    20.0145    36.5259    36.5257    25.9213    25.9222    1539.20    139.203    140.028         33 0.0000e+00
      22273    927.999    109.243    110.000    19.9048    19.9015   4.971705   4.971376     2.1937     1.8350     100.00   27.49697  -86.81140   -0.01082   -0.00921     3.1714     3.1893    19.8844    19.8811    36.5214    36.5216    25.9535    25.9545    1539.07    138.052    138.829         37 0.0000e+00
      22309    929.520    110.236    111.000    19.8367    19.8356   4.964237   4.964232     2.1765     1.8182     100.00   27.49696  -86.81142   -0.01107   -0.01030     3.1389     3.1540    19.8162    19.8150    36.5186    36.5196    25.9694    25.9704    1538.93    136.636    137.290         35 0.0000e+00
      22343    930.924    111.229    112.000    19.7801    19.7789   4.958067   4.958015     2.1651     1.8089     100.00   27.49696  -86.81142   -0.01067   -0.00993     3.1183     3.1356    19.7594    19.7583    36.5165    36.5170    25.9828    25.9835    1538.81    135.736    136.489         33 0.0000e+00
      22377    932.334    112.222    113.000    19.7294    19.7286   4.952384   4.952402     2.1553     1.8009     100.00   27.49696  -86.81142   -0.00851   -0.00741     3.1007     3.1200    19.7085    19.7077    36.5133    36.5141    25.9937    25.9946    1538.68    134.970    135.809         35 0.0000e+00
      22413    933.818    113.215    114.000    19.6892    19.6877   4.947936   4.947832     2.1476     1.7954     100.00   27.49694  -86.81142   -0.00661   -0.00517     3.0869     3.1099    19.6682    19.6667    36.5110    36.5115    26.0026    26.0034    1538.55    134.368    135.369         36 0.0000e+00
      22447    935.270    114.208    115.000    19.5769    19.5737   4.935379   4.935033     2.1387     1.7885     100.00   27.49694  -86.81142   -0.00569   -0.00416     3.0751     3.1006    19.5558    19.5526    36.5044    36.5043    26.0271    26.0279    1538.42    133.851    134.958         34 0.0000e+00
      22481    936.684    115.201    116.000    19.4667    19.4652   4.922990   4.922865     2.1284     1.7788     100.00   27.49694  -86.81142   -0.00618   -0.00517     3.0600     3.0842    19.4455    19.4440    36.4973    36.4975    26.0505    26.0511    1538.29    133.188    134.245         34 0.0000e+00
      22516    938.141    116.194    117.000    19.4086    19.4076   4.916969   4.916928     2.1195     1.7710     100.00   27.49692  -86.81142   -0.00684   -0.00612     3.0446     3.0694    19.3872    19.3862    36.4976    36.4981    26.0660    26.0667    1538.17    132.516    133.596         36 0.0000e+00
      22551    939.579    117.186    118.000    19.3175    19.3172   4.906780   4.906786     2.1126     1.7650     100.00   27.49692  -86.81142   -0.00603   -0.00539     3.0354     3.0606    19.2960    19.2957    36.4919    36.4923    26.0854    26.0858    1538.04    132.116    133.213         33 0.0000e+00
      22584    940.949    118.179    119.000    19.2895    19.2898   4.903672   4.903823     2.1077     1.7602     100.00   27.49692  -86.81142   -0.00474   -0.00421     3.0269     3.0511    19.2678    19.2682    36.4901    36.4911    26.0914    26.0920    1537.91    131.745    132.797         33 0.0000e+00
      22617    942.353    119.172    120.000    19.2867    19.2873   4.903449   4.903643     2.1046     1.7583     100.00   27.49692  -86.81144   -0.00352   -0.00313     3.0208     3.0471    19.2649    19.2655    36.4903    36.4914    26.0923    26.0930    1537.79    131.480    132.622         34 0.0000e+00
      22651    943.770    120.164    121.000    19.2868    19.2873   4.903564   4.903750     2.1026     1.7574     100.00   27.49691  -86.81144   -0.00221   -0.00164     3.0166     3.0453    19.2648    19.2653    36.4908    36.4919    26.0927    26.0934    1537.66    131.296    132.546         34 0.0000e+00
      22685    945.173    121.158    122.000    19.2846    19.2857   4.903557   4.903760     2.1003     1.7564     100.00   27.49690  -86.81144   -0.00166   -0.00067     3.0127     3.0442    19.2625    19.2636    36.4911    36.4920    26.0935    26.0939    1537.57    131.128    132.498         34 0.0000e+00
      22719    946.598    122.150    123.000    19.2636    19.2620   4.901169   4.901050     2.0985     1.7538      87.91   27.49690  -86.81144   -0.00157   -0.00109     3.0099     3.0390    19.2413    19.2397    36.4904    36.4908    26.0985    26.0992    1537.43    131.003    132.268         34 0.0000e+00
      22753    948.003    123.143    124.000    19.2025    19.2010   4.894536   4.894442     2.0968     1.7516      99.85   27.49690  -86.81144   -0.00127   -0.00144     3.0102     3.0377    19.1801    19.1786    36.4881    36.4886    26.1126    26.1134    1537.31    131.016    132.211         34 0.0000e+00
      22788    949.448    124.136    125.000    19.1669    19.1663   4.890680   4.890692     2.0943     1.7479     100.00   27.49690  -86.81144   -0.00135   -0.00194     3.0072     3.0309    19.1443    19.1437    36.4866    36.4873    26.1207    26.1214    1537.19    130.883    131.915         35 0.0000e+00
      22822    950.861    125.128    126.000    19.1490    19.1495   4.888790   4.888932     2.0917     1.7448     100.00   27.49690  -86.81144   -0.00175   -0.00243     3.0032     3.0251    19.1263    19.1267    36.4861    36.4869    26.1250    26.1255    1537.08    130.706    131.659         32 0.0000e+00
      22854    952.220    126.122    127.000    19.1415    19.1421   4.888139   4.888307     2.0903     1.7443      84.34   27.49690  -86.81144   -0.00162   -0.00177     3.0010     3.0245    19.1186    19.1192    36.4869    36.4878    26.1276    26.1281    1536.96    130.611    131.635         33 0.0000e+00
      22888    953.633    127.114    128.000    19.1242    19.1228   4.886614   4.886614     2.0903     1.7451      90.68   27.49688  -86.81144   -0.00090   -0.00052     3.0022     3.0279    19.1011    19.0997    36.4892    36.4902    26.1339    26.1350    1536.85    130.663    131.783         35 0.0000e+00
      22923    955.073    128.107    129.000    19.1061    19.1059   4.884859   4.884918     2.0889     1.7454     100.07   27.49688  -86.81144   -0.00045    0.00034     3.0006     3.0301    19.0828    19.0826    36.4898    36.4904    26.1391    26.1396    1536.75    130.595    131.876         34 0.0000e+00
      22955    956.420    129.100    130.000    19.0385    19.0377   4.877674   4.877610     2.0875     1.7445     100.00   27.49688  -86.81144   -0.00074    0.00013     3.0021     3.0321    19.0151    19.0143    36.4885    36.4886    26.1555    26.1558    1536.63    130.656    131.961         32 0.0000e+00
      22988    957.804    130.093    131.000    18.9856    18.9858   4.872087   4.872169     2.0867     1.7433      91.69   27.49688  -86.81144   -0.00096   -0.00059     3.0039     3.0326    18.9621    18.9623    36.4877    36.4882    26.1685    26.1689    1536.53    130.735    131.982         34 0.0000e+00
      23024    959.272    131.085    132.000    18.9197    18.9176   4.865253   4.865014     2.0868     1.7436      70.88   27.49686  -86.81144   -0.00046   -0.00058     3.0084     3.0376    18.8960    18.8939    36.4878    36.4877    26.1856    26.1860    1536.42    130.926    132.199         35 0.0000e+00
      23057    960.670    132.078    133.000    18.8209    18.8201   4.854807   4.854747     2.0871     1.7452     100.06   27.49686  -86.81144   -0.00010    0.00019     3.0155     3.0476    18.7971    18.7964    36.4865    36.4867    26.2100    26.2103    1536.31    131.231    132.629         33 0.0000e+00
      23091    962.076    133.070    134.000    18.7801    18.7799   4.850279   4.850332     2.0891     1.7460     100.00   27.49686  -86.81144    0.00050    0.00090     3.0225     3.0523    18.7563    18.7560    36.4839    36.4846    26.2184    26.2190    1536.21    131.535    132.833         35 0.0000e+00
      23127    963.579    134.064    135.000    18.6881    18.6729   4.840117   4.838378     2.0897     1.7456     100.00   27.49686  -86.81144    0.00104    0.00052     3.0304     3.0572    18.6641    18.6489    36.4788    36.4776    26.2380    26.2409    1536.10    131.876    133.041         37 0.0000e+00
      23163    965.066    135.056    136.000    18.6410    18.6416   4.834935   4.835071     2.0901     1.7461     100.00   27.49686  -86.81144    0.00043   -0.00008     3.0343     3.0616    18.6168    18.6175    36.4763    36.4769    26.2481    26.2484    1535.99    132.047    133.232         34 0.0000e+00
      23196    966.461    136.049    137.000    18.6042    18.6061   4.830756   4.830800     2.0907     1.7470     100.00   27.49684  -86.81144    0.00025    0.00027     3.0383     3.0666    18.5800    18.5819    36.4741    36.4742    26.2558    26.2554    1535.89    132.218    133.452         33 0.0000e+00
      23230    967.867    137.042    138.000    18.5393    18.5388   4.823676   4.823651     2.0907     1.7470     100.00   27.49684  -86.81144    0.00030    0.00043     3.0429     3.0704    18.5149    18.5144    36.4700    36.4702    26.2692    26.2695    1535.78    132.416    133.615         34 0.0000e+00
      23264    969.296    138.034    139.000    18.5131    18.5135   4.820820   4.820918     2.0911     1.7480     100.00   27.49684  -86.81144    0.00018    0.00023     3.0458     3.0749    18.4886    18.4890    36.4686    36.4691    26.2747    26.2750    1535.67    132.545    133.809         35 0.0000e+00
      23299    970.766    139.027    140.000    18.4997    18.5002   4.819380   4.819505     2.0924     1.7486     100.00   27.49682  -86.81146    0.00042    0.00055     3.0499     3.0774    18.4750    18.4755    36.4679    36.4685    26.2776    26.2780    1535.56    132.719    133.920         35 0.0000e+00
      23334    972.190    140.020    141.000    18.4925    18.4931   4.818655   4.818791     2.0925     1.7487     100.00   27.49682  -86.81146    0.00054    0.00041     3.0511     3.0785    18.4677    18.4682    36.4677    36.4683    26.2793    26.2797    1535.46    132.772    133.964         34 0.0000e+00
      23367    973.571    141.012    142.000    18.4779    18.4782   4.817102   4.817195     2.0921     1.7490     100.00   27.49682  -86.81146    0.00023    0.00012     3.0514     3.0806    18.4529    18.4532    36.4670    36.4675    26.2826    26.2829    1535.36    132.787    134.055         33 0.0000e+00
      23401    975.005    142.005    143.000    18.4457    18.4456   4.813611   4.813553     2.0914     1.7496      94.55   27.49682  -86.81146   -0.00028    0.00033     3.0521     3.0840    18.4205    18.4204    36.4645    36.4645    26.2888    26.2889    1535.26    132.816    134.205         35 0.0000e+00
      23436    976.452    142.998    144.000    18.4043    18.4044   4.808814   4.808876     2.0905     1.7477      92.91   27.49680  -86.81148   -0.00054   -0.00013     3.0533     3.0827    18.3789    18.3791    36.4611    36.4615    26.2967    26.2970    1535.16    132.865    134.148         34 0.0000e+00
      23470    977.861    143.990    145.000    18.3694    18.3696   4.804866   4.804899     2.0899     1.7466     100.04   27.49680  -86.81148   -0.00051   -0.00086     3.0545     3.0824    18.3439    18.3442    36.4580    36.4581    26.3032    26.3032    1535.06    132.916    134.130         34 0.0000e+00
      23504    979.281    144.983    146.000    18.3153    18.3140   4.798708   4.798535     2.0894     1.7486     100.00   27.49680  -86.81148   -0.00048   -0.00035     3.0573     3.0912    18.2897    18.2884    36.4532    36.4528    26.3131    26.3132    1534.96    133.036    134.514         34 0.0000e+00
      23538    980.699    145.976    147.000    18.2496    18.2494   4.791053   4.791054     2.0899     1.7481      97.78   27.49680  -86.81148   -0.00021    0.00057     3.0630     3.0942    18.2239    18.2237    36.4458    36.4460    26.3240    26.3242    1534.87    133.284    134.644         34 0.0000e+00
      23571    982.079    146.969    148.000    18.1681    18.1659   4.781154   4.780801     2.0902     1.7469      77.91   27.49680  -86.81148    0.00025   -0.00002     3.0694     3.0969    18.1423    18.1401    36.4333    36.4322    26.3349    26.3345    1534.77    133.562    134.758         33 0.0000e+00
      23604    983.471    147.961    149.000    18.0397    18.0126   4.763407   4.761860     2.0846     1.7392      99.86   27.49678  -86.81148   -0.00060   -0.00169     3.0705     3.0938    18.0139    17.9869    36.4128    36.4059    26.3511    26.3526    1534.71    133.606    134.623         34 0.0000e+00
      23639    984.920    148.954    150.000    17.6877    17.6880   4.723374   4.723349     2.0707     1.7238     100.00   27.49678  -86.81149   -0.00449   -0.00557     3.0577     3.0705    17.6621    17.6623    36.3641    36.3637    26.4009    26.4005    1534.56    133.047    133.600         35 0.0000e+00
      23672    986.311    149.947    151.000    17.6635    17.6633   4.720400   4.720423     2.0575     1.7105     100.00   27.49678  -86.81150   -0.00869   -0.00991     3.0298     3.0394    17.6377    17.6375    36.3597    36.3600    26.4036    26.4038    1534.46    131.830    132.249         32 0.0000e+00
      23706    987.695    150.940    152.000    17.6470    17.6476   4.718556   4.718691     2.0479     1.7058      99.31   27.49678  -86.81150   -0.00915   -0.00862     3.0094     3.0292    17.6210    17.6217    36.3581    36.3587    26.4064    26.4067    1534.35    130.941    131.804         34 0.0000e+00
      23739    989.103    151.932    153.000    17.6250    17.6245   4.716088   4.716061     2.0426     1.7039     100.00   27.49678  -86.81150   -0.00671   -0.00407     2.9993     3.0263    17.5988    17.5984    36.3561    36.3563    26.4103    26.4105    1534.25    130.501    131.679         34 0.0000e+00
      23773    990.513    152.925    154.000    17.5713    17.5708   4.709869   4.709774     2.0375     1.7003     100.00   27.49676  -86.81150   -0.00434   -0.00195     2.9914     3.0210    17.5451    17.5446    36.3499    36.3495    26.4187    26.4185    1534.15    130.157    131.447         34 0.0000e+00
      23808    991.957    153.917    155.000    17.5202    17.5199   4.703915   4.703895     2.0323     1.6956     100.00   27.49676  -86.81151   -0.00359   -0.00246     2.9834     3.0128    17.4939    17.4935    36.3437    36.3438    26.4264    26.4266    1534.05    129.806    131.086         35 0.0000e+00
      23842    993.375    154.910    156.000    17.4693    17.4698   4.697816   4.697800     2.0283     1.6925     100.00   27.49676  -86.81152   -0.00341   -0.00292     2.9779     3.0086    17.4428    17.4433    36.3360    36.3354    26.4331    26.4325    1533.94    129.570    130.903         33 0.0000e+00
      23875    994.730    155.903    157.000    17.3569    17.3573   4.684607   4.684602     2.0227     1.6867     100.00   27.49676  -86.81152   -0.00325   -0.00287     2.9726     3.0012    17.3304    17.3307    36.3217    36.3213    26.4494    26.4490    1533.84    129.335    130.579         32 0.0000e+00
      23907    996.101    156.895    158.000    17.2967    17.2950   4.677459   4.677192     2.0162     1.6795     100.00   27.49675  -86.81152   -0.00395   -0.00402     2.9621     2.9875    17.2701    17.2684    36.3131    36.3122    26.4575    26.4572    1533.74    128.878    129.984         34 0.0000e+00
      23942    997.531    157.888    159.000    17.1938    17.1918   4.665153   4.664822     2.0082     1.6713     100.00   27.49674  -86.81152   -0.00475   -0.00508     2.9508     2.9737    17.1671    17.1651    36.2978    36.2967    26.4706    26.4703    1533.64    128.383    129.380         35 0.0000e+00
