Gulf of Mexico/GOMECC-4/1db/drb2103_0701.cnv
* Sea-Bird SBE 9 Data File:
* FileName = C:\Users\scs.user.rb\CTD\GOMECC4\data\rb2103_0701.hex
* Software Version Seasave V 7.26.7.107
* Temperature SN = 4799
* Conductivity SN = 3860
* Number of Bytes Per Scan = 41
* Number of Voltage Words = 4
* Number of Scans Averaged by the Deck Unit = 1
* NMEA Latitude = 26 03.47 N
* NMEA Longitude = 094 40.25 W
* NMEA UTC (Time) = Oct 03 2021  15:59:31
* NMEA baud rate = 4800
# nquan = 28
# nvalues = 373                         
# units = specified
# name 0 = scan: Scan Count
# name 1 = timeS: Time, Elapsed [seconds]
# name 2 = depSM: Depth [salt water, m]
# name 3 = prDM: Pressure, Digiquartz [db]
# name 4 = t090C: Temperature [ITS-90, deg C]
# name 5 = t190C: Temperature, 2 [ITS-90, deg C]
# name 6 = c0S/m: Conductivity [S/m]
# name 7 = c1S/m: Conductivity, 2 [S/m]
# name 8 = sbeox0V: Oxygen raw, SBE 43 [V]
# name 9 = sbeox1V: Oxygen raw, SBE 43, 2 [V]
# name 10 = altM: Altimeter [m]
# name 11 = latitude: Latitude [deg]
# name 12 = longitude: Longitude [deg]
# name 13 = sbox0dV/dT: Oxygen, SBE 43 [dov/dt]
# name 14 = sbox1dV/dT: Oxygen, SBE 43, 2 [dov/dt]
# name 15 = sbeox0ML/L: Oxygen, SBE 43 [ml/l], WS = 5
# name 16 = sbeox1ML/L: Oxygen, SBE 43, 2 [ml/l], WS = 5
# name 17 = potemp090C: Potential Temperature [ITS-90, deg C]
# name 18 = potemp190C: Potential Temperature, 2 [ITS-90, deg C]
# name 19 = sal00: Salinity, Practical [PSU]
# name 20 = sal11: Salinity, Practical, 2 [PSU]
# name 21 = sigma-é00: Density [sigma-theta, kg/m^3]
# name 22 = sigma-é11: Density, 2 [sigma-theta, kg/m^3]
# name 23 = avgsvCM: Average Sound Velocity [Chen-Millero, m/s], minP = 20, minS = 20
# name 24 = sbox0Mm/Kg: Oxygen, SBE 43 [umol/kg], WS = 5
# name 25 = sbox1Mm/Kg: Oxygen, SBE 43, 2 [umol/kg], WS = 5
# name 26 = nbin: number of scans per bin
# name 27 = flag: flag
# span 0 =      13028,      97148       
# span 1 =    542.790,   4047.796       
# span 2 =      3.974,   3013.283       
# span 3 =      4.000,   3055.000       
# span 4 =     4.2980,    29.3535       
# span 5 =     4.2987,    29.3546       
# span 6 =   3.352400,   5.946184       
# span 7 =   3.352362,   5.946452       
# span 8 =     1.5752,     3.4137       
# span 9 =     1.2802,     2.9273       
# span 10 =      11.11,     100.73      
# span 11 =   26.05321,   26.06079      
# span 12 =  -94.67969,  -94.65405      
# span 13 =   -0.03743,    0.05571      
# span 14 =   -0.03432,    0.05414      
# span 15 =     2.4105,     5.0833      
# span 16 =     2.4320,     5.0890      
# span 17 =     4.0796,    29.3469      
# span 18 =     4.0808,    29.3480      
# span 19 =    34.9113,    36.7021      
# span 20 =    34.9107,    36.7035      
# span 21 =    22.8115,    27.7609      
# span 22 =    22.8101,    27.7595      
# span 23 =       0.00,    1546.02      
# span 24 =    104.821,    221.700      
# span 25 =    105.757,    221.937      
# span 26 =         30,         87      
# span 27 = 0.0000e+00, 0.0000e+00      
# interval = decibars: 1                
# start_time = Oct 03 2021 15:59:31 [NMEA time, header]
# bad_flag = -9.990e-29
*END*
[from data line 104]
      18520    771.636    118.192    119.000    21.3275    21.3269   5.097618   5.097841     2.5144     2.1191     100.00   26.05784  -94.67088   -0.01876   -0.01715     3.7645     3.7699    21.3043    21.3037    36.3210    36.3233    25.4163    25.4182    1539.74    163.958    164.190         32 0.0000e+00
      18553    772.999    119.185    120.000    21.2731    21.2737   5.092121   5.092518     2.4938     2.1039     100.00   26.05784  -94.67088   -0.02114   -0.01885     3.7254     3.7386    21.2497    21.2504    36.3227    36.3253    25.4326    25.4345    1539.65    162.249    162.823         34 0.0000e+00
      18586    774.395    120.178    121.000    21.2640    21.2627   5.094183   5.094262     2.4812     2.0936      99.84   26.05784  -94.67088   -0.01739   -0.01360     3.7059     3.7166    21.2406    21.2392    36.3512    36.3532    25.4568    25.4588    1539.56    161.395    161.862         32 0.0000e+00
      18645    776.848    122.163    123.000    21.0863    21.0863   5.077749   5.078013     2.4149     2.0286      99.99   26.05624  -94.66506   -0.02227   -0.02169     3.5729     3.5772    21.0625    21.0626    36.3640    36.3661    25.5154    25.5169    1539.27    155.597    155.781         30 0.0000e+00
      18677    778.161    123.156    124.000    21.0179    21.0191   5.070930   5.071331     2.3880     2.0029     100.00   26.05784  -94.67088   -0.02429   -0.02207     3.5214     3.5223    20.9940    20.9952    36.3677    36.3699    25.5372    25.5386    1539.28    153.351    153.389         31 0.0000e+00
      18709    779.510    124.149    125.000    20.9938    20.9948   5.068642   5.068986     2.3684     1.9871      63.50   26.05784  -94.67088   -0.01957   -0.01764     3.4819     3.4876    20.9697    20.9707    36.3695    36.3714    25.5452    25.5464    1539.18    151.631    151.876         34 0.0000e+00
      18744    780.946    125.142    126.000    20.9707    20.9708   5.067558   5.067819     2.3578     1.9800     100.23   26.05784  -94.67088   -0.01419   -0.01177     3.4614     3.4727    20.9464    20.9466    36.3801    36.3820    25.5597    25.5611    1539.09    150.735    151.227         34 0.0000e+00
      18777    782.322    126.135    127.000    20.9126    20.9114   5.061176   5.061160     2.3443     1.9684     100.00   26.05784  -94.67088   -0.00953   -0.00742     3.4374     3.4496    20.8883    20.8870    36.3777    36.3794    25.5737    25.5754    1539.00    149.686    150.216         32 0.0000e+00
      18836    784.789    128.121    129.000    20.7860    20.7861   5.050340   5.050542     2.3354     1.9608     100.00   26.05707  -94.66809   -0.00458   -0.00265     3.4271     3.4407    20.7613    20.7614    36.3972    36.3988    25.6232    25.6243    1538.77    149.233    149.824         30 0.0000e+00
      18867    786.069    129.114    130.000    20.7365    20.7356   5.044401   5.044504     2.3171     1.9421     100.00   26.05784  -94.67088   -0.00643   -0.00670     3.3922     3.4008    20.7116    20.7108    36.3914    36.3929    25.6323    25.6337    1538.73    147.707    148.083         31 0.0000e+00
      18899    787.406    130.106    131.000    20.6752    20.6746   5.037455   5.037633     2.3056     1.9326     100.00   26.05784  -94.67088   -0.01102   -0.01172     3.3735     3.3841    20.6503    20.6496    36.3872    36.3889    25.6457    25.6472    1538.65    146.895    147.353         33 0.0000e+00
      18932    788.804    131.099    132.000    20.6350    20.6354   5.035537   5.035786     2.2956     1.9223     100.00   26.05784  -94.67088   -0.00960   -0.00877     3.3538     3.3613    20.6099    20.6103    36.4056    36.4073    25.6707    25.6719    1538.55    146.030    146.360         33 0.0000e+00
      18964    790.141    132.092    133.000    20.6159    20.6164   5.034111   5.034341     2.2804     1.9075     100.00   26.05784  -94.67088   -0.00831   -0.00811     3.3229     3.3280    20.5906    20.5911    36.4100    36.4115    25.6793    25.6803    1538.46    144.684    144.907         31 0.0000e+00
      18995    791.409    133.085    134.000    20.6172    20.6180   5.036420   5.036699     2.2688     1.8985     100.00   26.05784  -94.67088   -0.00975   -0.00923     3.2980     3.3070    20.5917    20.5925    36.4274    36.4289    25.6922    25.6932    1538.38    143.602    143.991         31 0.0000e+00
      19027    792.757    134.078    135.000    20.6193    20.6199   5.039288   5.039590     2.2512     1.8795     100.00   26.05784  -94.67088   -0.01054   -0.00966     3.2605     3.2625    20.5936    20.5942    36.4485    36.4504    25.7079    25.7092    1538.29    141.967    142.050         33 0.0000e+00
      19060    794.142    135.071    136.000    20.5860    20.5860   5.038474   5.038690     2.2226     1.8529     100.00   26.05784  -94.67088   -0.01383   -0.01363     3.2017     3.2020    20.5602    20.5602    36.4702    36.4719    25.7334    25.7347    1538.21    139.400    139.415         33 0.0000e+00
      19151    797.900    138.049    139.000    20.4452    20.4453   5.027429   5.027628     2.1603     1.8006      85.71   26.05731  -94.66897   -0.01834   -0.01596     3.0779     3.0882    20.4189    20.4190    36.5000    36.5016    25.7943    25.7955    1537.94    134.004    134.450         37 0.0000e+00
      19187    799.400    139.042    140.000    20.4132    20.4131   5.024548   5.024709     2.1581     1.7986     100.25   26.05784  -94.67090   -0.01108   -0.00702     3.0754     3.0857    20.3868    20.3867    36.5040    36.5054    25.8060    25.8071    1537.88    133.893    134.341         33 0.0000e+00
      19217    800.685    140.035    141.000    20.3738    20.3747   5.021445   5.021734     2.1470     1.7875     100.00   26.05784  -94.67088   -0.00440   -0.00333     3.0545     3.0620    20.3472    20.3480    36.5123    36.5139    25.8230    25.8240    1537.80    132.978    133.306         30 0.0000e+00
      19249    801.982    141.028    142.000    20.2925    20.2928   5.012467   5.012683     2.1336     1.7750     100.00   26.05784  -94.67088   -0.00679   -0.00682     3.0309     3.0376    20.2657    20.2660    36.5087    36.5102    25.8421    25.8432    1537.72    131.951    132.242         32 0.0000e+00
      19280    803.282    142.020    143.000    20.2608    20.2617   5.010566   5.010846     2.1128     1.7528      80.73   26.05784  -94.67088   -0.01106   -0.01105     2.9884     2.9870    20.2339    20.2348    36.5201    36.5217    25.8594    25.8603    1537.64    130.097    130.038         30 0.0000e+00
      19340    805.791    144.006    145.000    20.1925    20.1859   5.004406   5.003859     2.0993     1.7456     100.00   26.05714  -94.66837   -0.00934   -0.00727     2.9639     2.9749    20.1653    20.1587    36.5276    36.5289    25.8834    25.8861    1537.44    129.026    129.504         34 0.0000e+00
      19375    807.247    144.999    146.000    20.1786    20.1794   5.005272   5.005555     2.0846     1.7294     100.00   26.05784  -94.67090   -0.00574   -0.00473     2.9332     2.9370    20.1512    20.1520    36.5468    36.5485    25.9019    25.9029    1537.40    127.688    127.854         34 0.0000e+00
      19407    808.604    145.992    147.000    20.1616    20.1615   5.005131   5.005277     2.0698     1.7169      96.66   26.05786  -94.67090   -0.00889   -0.00916     2.9026     2.9087    20.1341    20.1340    36.5600    36.5613    25.9165    25.9175    1537.32    126.354    126.619         32 0.0000e+00
      19468    811.120    147.977    149.000    19.9850    19.9842   4.985605   4.985703     2.0474     1.6979     100.00   26.05838  -94.67278   -0.00947   -0.00799     2.8652     2.8740    19.9572    19.9564    36.5522    36.5538    25.9578    25.9591    1537.20    124.721    125.103         30 0.0000e+00
      19498    812.369    148.970    150.000    19.8971    19.8970   4.976079   4.976251     2.0363     1.6883     100.00   26.05786  -94.67090   -0.00903   -0.00768     2.8464     2.8563    19.8692    19.8691    36.5495    36.5510    25.9790    25.9801    1537.09    123.903    124.333         31 0.0000e+00
      19529    813.687    149.963    151.000    19.8386    19.8385   4.969610   4.969775     2.0316     1.6857     100.00   26.05786  -94.67089   -0.00789   -0.00648     2.8399     2.8536    19.8106    19.8105    36.5466    36.5480    25.9922    25.9934    1537.01    123.616    124.212         32 0.0000e+00
      19563    815.098    150.955    152.000    19.7637    19.7640   4.961672   4.961904     2.0260     1.6794     100.00   26.05786  -94.67089   -0.00476   -0.00383     2.8323     2.8428    19.7356    19.7359    36.5458    36.5474    26.0114    26.0126    1536.94    123.284    123.742         36 0.0000e+00
      19598    816.558    151.948    153.000    19.7356    19.7357   4.959785   4.960000     2.0186     1.6748     100.00   26.05786  -94.67089   -0.00427   -0.00380     2.8182     2.8336    19.7073    19.7075    36.5543    36.5560    26.0254    26.0266    1536.86    122.669    123.339         33 0.0000e+00
      19684    820.110    154.926    156.000    19.5511    19.5517   4.939478   4.939724     2.0293     1.6853      99.99   26.05408  -94.65715    0.00445    0.00492     2.8531     2.8697    19.5225    19.5231    36.5439    36.5455    26.0656    26.0666    1536.40    124.181    124.903         30 0.0000e+00
      19718    821.532    155.919    157.000    19.4879    19.4878   4.933279   4.933452     2.0111     1.6646     100.00   26.05786  -94.67088   -0.00283   -0.00431     2.8181     2.8248    19.4591    19.4590    36.5492    36.5507    26.0867    26.0878    1536.55    122.654    122.948         34 0.0000e+00
      19754    823.031    156.912    158.000    19.3940    19.3939   4.923235   4.923391     2.0038     1.6605     100.00   26.05786  -94.67088   -0.00877   -0.00992     2.8068     2.8194    19.3652    19.3651    36.5473    36.5487    26.1098    26.1108    1536.47    122.161    122.712         36 0.0000e+00
      19787    824.417    157.905    159.000    19.3368    19.3372   4.916695   4.916899     2.0048     1.6647     100.00   26.05786  -94.67088   -0.00637   -0.00484     2.8127     2.8330    19.3079    19.3083    36.5424    36.5438    26.1210    26.1219    1536.39    122.416    123.301         31 0.0000e+00
      19876    828.120    160.883    162.000    19.2037    19.2036   4.902087   4.902246     2.0196     1.6813     100.00   26.05836  -94.67264    0.00347    0.00423     2.8540     2.8814    19.1744    19.1742    36.5362    36.5377    26.1509    26.1521    1536.18    124.210    125.405         32 0.0000e+00
      19909    829.499    161.876    163.000    19.1396    19.1404   4.894542   4.894808     2.0202     1.6776     100.00   26.05788  -94.67088    0.00518    0.00449     2.8594     2.8763    19.1101    19.1109    36.5288    36.5303    26.1618    26.1627    1536.08    124.446    125.182         35 0.0000e+00
      19944    830.974    162.868    164.000    19.0811    19.0818   4.887715   4.887959     2.0101     1.6668     100.00   26.05788  -94.67088    0.00004   -0.00186     2.8410     2.8540    19.0516    19.0522    36.5225    36.5240    26.1721    26.1731    1536.00    123.641    124.208         36 0.0000e+00
      20032    834.613    165.846    167.000    18.9969    18.9976   4.878729   4.878952     2.0039     1.6648      99.99   26.05555  -94.66240   -0.00234   -0.00114     2.8332     2.8548    18.9668    18.9676    36.5190    36.5202    26.1910    26.1917    1535.63    123.303    124.239         30 0.0000e+00
      20066    836.060    166.839    168.000    18.9847    18.9848   4.877587   4.877724     2.0129     1.6746     100.00   26.05788  -94.67088    0.00240    0.00326     2.8540     2.8795    18.9545    18.9546    36.5208    36.5219    26.1959    26.1966    1535.69    124.206    125.314         35 0.0000e+00
      20100    837.457    167.832    169.000    18.9411    18.9429   4.872415   4.872659     2.0167     1.6772     100.00   26.05788  -94.67088    0.00492    0.00521     2.8639     2.8851    18.9107    18.9129    36.5153    36.5165    26.2029    26.2035    1535.63    124.638    125.559         32 0.0000e+00
      20130    838.713    168.824    170.000    18.9374    18.9386   4.872128   4.872387     2.0140     1.6733      55.09   26.05788  -94.67088    0.00274    0.00213     2.8600     2.8795    18.9069    18.9081    36.5158    36.5169    26.2042    26.2048    1535.54    124.467    125.315         30 0.0000e+00
      20163    840.084    169.817    171.000    18.9179    18.9183   4.869881   4.870057     2.0122     1.6716     100.03   26.05788  -94.67088   -0.00068   -0.00136     2.8576     2.8770    18.8872    18.8876    36.5137    36.5148    26.2077    26.2084    1535.47    124.361    125.205         35 0.0000e+00
      20197    841.520    170.810    172.000    18.9024    18.9037   4.868166   4.868431     2.0097     1.6700     100.00   26.05788  -94.67088   -0.00161   -0.00160     2.8533     2.8742    18.8716    18.8728    36.5125    36.5136    26.2108    26.2113    1535.39    124.173    125.085         33 0.0000e+00
      20287    845.235    173.788    175.000    18.7622    18.7628   4.852095   4.852116     2.0030     1.6632     100.00   26.05870  -94.67386   -0.00184   -0.00178     2.8476     2.8667    18.7325    18.7316    36.4986    36.4996    26.2358    26.2368    1535.22    123.924    124.755         31 0.0000e+00
      20318    846.554    174.780    176.000    18.6785    18.6792   4.842431   4.842656     1.9968     1.6579     100.00   26.05788  -94.67088   -0.00281   -0.00266     2.8392     2.8589    18.6472    18.6479    36.4914    36.4927    26.2520    26.2527    1535.10    123.556    124.410         34 0.0000e+00
      20353    847.991    175.773    177.000    18.6498    18.6506   4.839279   4.839502     1.9993     1.6630     100.00   26.05788  -94.67088   -0.00246   -0.00168     2.8469     2.8733    18.6184    18.6192    36.4897    36.4909    26.2580    26.2587    1535.03    123.889    125.038         34 0.0000e+00
      20386    849.362    176.766    178.000    18.6199    18.6209   4.835861   4.836120     2.0058     1.6689     100.00   26.05788  -94.67088    0.00039    0.00195     2.8622     2.8887    18.5883    18.5893    36.4868    36.4882    26.2634    26.2642    1534.96    124.555    125.708         31 0.0000e+00
      20416    850.620    177.758    179.000    18.5704    18.5713   4.830311   4.830539     2.0098     1.6728     100.00   26.05788  -94.67086    0.00385    0.00411     2.8757     2.9025    18.5387    18.5396    36.4832    36.4843    26.2732    26.2738    1534.88    125.141    126.305         30 0.0000e+00
      20475    853.064    179.744    181.000    18.5364    18.5383   4.826349   4.826707     2.0178     1.6800     100.00   26.05792  -94.67102    0.00339    0.00320     2.8962     2.9228    18.5044    18.5062    36.4789    36.4803    26.2786    26.2793    1534.75    126.032    127.190         30 0.0000e+00
      20506    854.393    180.736    182.000    18.4459    18.4486   4.815084   4.815597     2.0161     1.6753     100.00   26.05790  -94.67086    0.00235    0.00176     2.8949     2.9107    18.4138    18.4165    36.4628    36.4648    26.2893    26.2901    1534.68    125.974    126.662         35 0.0000e+00
      20544    855.948    181.729    183.000    18.4153    18.4163   4.811655   4.811902     1.9995     1.6568     100.00   26.05790  -94.67086   -0.00314   -0.00483     2.8636     2.8737    18.3831    18.3841    36.4605    36.4618    26.2953    26.2959    1534.60    124.610    125.052         37 0.0000e+00
      20577    857.329    182.721    184.000    18.3768    18.3778   4.807150   4.807389     1.9899     1.6496     100.00   26.05790  -94.67086   -0.00859   -0.00943     2.8448     2.8587    18.3445    18.3455    36.4560    36.4571    26.3015    26.3021    1534.53    123.792    124.397         30 0.0000e+00
