Gulf of Mexico/GOMECC-4/1db/drb2103_0421.cnv
* Sea-Bird SBE 9 Data File:
* FileName = C:\Users\scs.user.rb\CTD\GOMECC4\data\rb2103_0421.hex
* Software Version Seasave V 7.26.7.107
* Temperature SN = 4799
* Conductivity SN = 3860
* Number of Bytes Per Scan = 41
* Number of Voltage Words = 4
* Number of Scans Averaged by the Deck Unit = 1
* NMEA Latitude = 28 14.68 N
* NMEA Longitude = 089 59.18 W
* NMEA UTC (Time) = Sep 26 2021  04:34:16
* NMEA baud rate = 4800
# nquan = 28
# nvalues = 153                         
# units = specified
# name 0 = scan: Scan Count
# name 1 = timeS: Time, Elapsed [seconds]
# name 2 = depSM: Depth [salt water, m]
# name 3 = prDM: Pressure, Digiquartz [db]
# name 4 = t090C: Temperature [ITS-90, deg C]
# name 5 = t190C: Temperature, 2 [ITS-90, deg C]
# name 6 = c0S/m: Conductivity [S/m]
# name 7 = c1S/m: Conductivity, 2 [S/m]
# name 8 = sbeox0V: Oxygen raw, SBE 43 [V]
# name 9 = sbeox1V: Oxygen raw, SBE 43, 2 [V]
# name 10 = altM: Altimeter [m]
# name 11 = latitude: Latitude [deg]
# name 12 = longitude: Longitude [deg]
# name 13 = sbox0dV/dT: Oxygen, SBE 43 [dov/dt]
# name 14 = sbox1dV/dT: Oxygen, SBE 43, 2 [dov/dt]
# name 15 = sbeox0ML/L: Oxygen, SBE 43 [ml/l], WS = 5
# name 16 = sbeox1ML/L: Oxygen, SBE 43, 2 [ml/l], WS = 5
# name 17 = potemp090C: Potential Temperature [ITS-90, deg C]
# name 18 = potemp190C: Potential Temperature, 2 [ITS-90, deg C]
# name 19 = sal00: Salinity, Practical [PSU]
# name 20 = sal11: Salinity, Practical, 2 [PSU]
# name 21 = sigma-é00: Density [sigma-theta, kg/m^3]
# name 22 = sigma-é11: Density, 2 [sigma-theta, kg/m^3]
# name 23 = avgsvCM: Average Sound Velocity [Chen-Millero, m/s], minP = 20, minS = 20
# name 24 = sbox0Mm/Kg: Oxygen, SBE 43 [umol/kg], WS = 5
# name 25 = sbox1Mm/Kg: Oxygen, SBE 43, 2 [umol/kg], WS = 5
# name 26 = nbin: number of scans per bin
# name 27 = flag: flag
# span 0 =       5930,      16292       
# span 1 =    247.041,    678.794       
# span 2 =      5.960,    190.631       
# span 3 =      6.000,    192.000       
# span 4 =    14.2918,    28.7515       
# span 5 =    14.2919,    28.7518       
# span 6 =   4.323275,   5.890808       
# span 7 =   4.323116,   5.890907       
# span 8 =     1.8469,     3.1539       
# span 9 =     1.5285,     2.6811       
# span 10 =      10.02,     101.51      
# span 11 =   28.15490,   28.58363      
# span 12 =  -91.06589,  -89.69988      
# span 13 =   -0.02557,    0.01022      
# span 14 =   -0.02252,    0.01123      
# span 15 =     2.7654,     4.4143      
# span 16 =     2.7932,     4.4207      
# span 17 =    14.2634,    28.7491      
# span 18 =    14.2635,    28.7495      
# span 19 =    35.8566,    36.9101      
# span 20 =    35.8562,    36.9112      
# span 21 =    23.0352,    26.8074      
# span 22 =    23.0353,    26.8069      
# span 23 =       0.00,    1543.78      
# span 24 =    120.278,    192.699      
# span 25 =    121.491,    192.979      
# span 26 =         30,         67      
# span 27 = 0.0000e+00, 0.0000e+00      
# interval = decibars: 1                
# start_time = Sep 26 2021 04:34:16 [NMEA time, header]
# bad_flag = -9.990e-29
*END*
[from data line 52]
       9828    409.470     66.542     67.000    25.1218    25.1241   5.554449   5.554781     2.7337     2.3189      99.90   28.24516  -89.98718   -0.01222   -0.00996     3.9004     3.9237    25.1071    25.1094    36.7216    36.7222    24.6102    24.6099    1542.40    170.006    171.025         34 0.0000e+00
       9863    410.897     67.535     68.000    25.0917    25.0960   5.552506   5.553127     2.7237     2.3093     100.00   28.24516  -89.98718   -0.00934   -0.00708     3.8833     3.9052    25.0768    25.0811    36.7313    36.7324    24.6267    24.6263    1542.33    169.262    170.215         34 0.0000e+00
       9895    412.244     68.528     69.000    25.0220    25.0262   5.544821   5.545411     2.7172     2.3015     100.00   28.24516  -89.98718   -0.00679   -0.00649     3.8763     3.8936    25.0071    25.0113    36.7301    36.7310    24.6473    24.6466    1542.26    168.952    169.705         31 0.0000e+00
       9926    413.556     69.521     70.000    24.9040    24.9148   5.532527   5.533720     2.7087     2.2943      93.22   28.24516  -89.98718   -0.00569   -0.00574     3.8684     3.8861    24.8888    24.8995    36.7340    36.7342    24.6864    24.6833    1542.19    168.600    169.371         32 0.0000e+00
       9959    414.934     70.514     71.000    24.6974    24.7076   5.511079   5.512217     2.6929     2.2798      65.53   28.24516  -89.98718   -0.00715   -0.00668     3.8525     3.8689    24.6821    24.6922    36.7414    36.7417    24.7550    24.7521    1542.12    167.896    168.613         34 0.0000e+00
       9993    416.330     71.507     72.000    24.6139    24.6196   5.502407   5.503146     2.6796     2.2681      99.91   28.24516  -89.98718   -0.01007   -0.00921     3.8328     3.8500    24.5984    24.6041    36.7442    36.7451    24.7825    24.7814    1542.04    167.032    167.783         33 0.0000e+00
      10027    417.735     72.500     73.000    24.4958    24.5034   5.490088   5.491007     2.6766     2.2666     100.00   28.24516  -89.98718   -0.00821   -0.00697     3.8357     3.8549    24.4801    24.4877    36.7478    36.7484    24.8210    24.8192    1541.96    167.154    167.989         34 0.0000e+00
      10061    419.162     73.493     74.000    24.4007    24.4046   5.480143   5.480689     2.6701     2.2610     100.00   28.24516  -89.98718   -0.00419   -0.00318     3.8300     3.8495    24.3848    24.3887    36.7504    36.7513    24.8518    24.8512    1541.88    166.899    167.749         34 0.0000e+00
      10093    420.514     74.486     75.000    24.3216    24.3264   5.471981   5.472603     2.6656     2.2543     100.00   28.24516  -89.98718   -0.00378   -0.00344     3.8262     3.8411    24.3056    24.3103    36.7537    36.7543    24.8781    24.8772    1541.80    166.731    167.380         31 0.0000e+00
      10124    421.776     75.479     76.000    24.2424    24.2473   5.463651   5.464299     2.6530     2.2479     100.00   28.24516  -89.98718   -0.00555   -0.00488     3.8084     3.8324    24.2262    24.2310    36.7549    36.7558    24.9029    24.9022    1541.73    165.950    166.996         31 0.0000e+00
      10157    423.185     76.472     77.000    24.1957    24.2020   5.458487   5.459342     2.6449     2.2431     100.00   28.24516  -89.98718   -0.00682   -0.00448     3.7962     3.8253    24.1793    24.1856    36.7538    36.7552    24.9162    24.9153    1541.65    165.416    166.686         36 0.0000e+00
      10192    424.630     77.465     78.000    24.1371    24.1394   5.452105   5.452456     2.6431     2.2415     100.00   28.24516  -89.98718   -0.00541   -0.00334     3.7973     3.8265    24.1205    24.1228    36.7533    36.7541    24.9334    24.9333    1541.57    165.462    166.735         32 0.0000e+00
      10223    425.926     78.458     79.000    24.0221    24.0377   5.442402   5.444025     2.6404     2.2368     100.00   28.24516  -89.98718   -0.00210   -0.00190     3.8000     3.8231    24.0053    24.0210    36.7741    36.7735    24.9836    24.9785    1541.49    165.573    166.577         31 0.0000e+00
      10256    427.281     79.451     80.000    23.6968    23.7141   5.405921   5.408149     2.6180     2.2161     100.00   28.24516  -89.98718   -0.00509   -0.00566     3.7790     3.7997    23.6800    23.6973    36.7643    36.7670    25.0729    25.0698    1541.41    164.643    165.545         35 0.0000e+00
      10291    428.732     80.444     81.000    23.4752    23.4881   5.376810   5.378433     2.6079     2.2083     100.00   28.24516  -89.98718   -0.01150   -0.01076     3.7758     3.7991    23.4583    23.4712    36.7244    36.7262    25.1080    25.1056    1541.31    164.498    165.510         34 0.0000e+00
      10324    430.133     81.437     82.000    23.4443    23.4439   5.385114   5.384424     2.6093     2.2089     100.00   28.24516  -89.98718   -0.00663   -0.00506     3.7792     3.8019    23.4272    23.4268    36.8137    36.8088    25.1850    25.1814    1541.23    164.635    165.620         33 0.0000e+00
      10356    431.474     82.430     83.000    23.3290    23.3413   5.378528   5.379886     2.5697     2.1648     100.00   28.24516  -89.98718   -0.00707   -0.00818     3.7075     3.7105    23.3118    23.3240    36.8589    36.8591    25.2531    25.2497    1541.14    161.501    161.630         32 0.0000e+00
      10389    432.823     83.423     84.000    23.1881    23.1871   5.363478   5.363393     2.5323     2.1350     100.00   28.24516  -89.98718   -0.02013   -0.02224     3.6425     3.6549    23.1707    23.1697    36.8601    36.8603    25.2954    25.2958    1541.05    158.661    159.202         33 0.0000e+00
      10421    434.162     84.416     85.000    23.1525    23.1573   5.361118   5.361341     2.5159     2.1244     100.00   28.24516  -89.98718   -0.02557   -0.02252     3.6122     3.6338    23.1349    23.1397    36.8713    36.8691    25.3144    25.3112    1540.95    157.339    158.279         31 0.0000e+00
      10453    435.481     85.409     86.000    23.1109    23.1101   5.359086   5.359181     2.5056     2.1162     100.00   28.24516  -89.98718   -0.01515   -0.01081     3.5944     3.6184    23.0931    23.0923    36.8901    36.8916    25.3408    25.3422    1540.86    156.558    157.603         32 0.0000e+00
      10485    436.851     86.402     87.000    23.0189    23.0248   5.351397   5.352295     2.4926     2.1029     100.00   28.24516  -89.98718   -0.00914   -0.00726     3.5776     3.5989    23.0073    23.0075    36.9021    36.9028    25.3749    25.3733    1540.78    155.822    156.750         34 0.0000e+00
      10521    438.344     87.394     88.000    22.8918    22.8969   5.336503   5.337429     2.4770     2.0905      99.92   28.24516  -89.98718   -0.00943   -0.00879     3.5511     3.5747    22.8703    22.8789    36.9010    36.9020    25.4139    25.4125    1540.68    154.659    155.689         37 0.0000e+00
      10557    439.834     88.388     89.000    22.8363    22.8398   5.331323   5.331777     2.4656     2.0819     100.00   28.24517  -89.98718   -0.00959   -0.00792     3.5331     3.5603    22.8181    22.8216    36.9041    36.9047    25.4313    25.4308    1540.59    153.874    155.060         33 0.0000e+00
      10645    443.503     91.366     92.000    22.6280    22.6321   5.309582   5.310123     2.4485     2.0636      59.87   28.23738  -89.96234   -0.00405   -0.00443     3.5141     3.5343    22.6095    22.6134    36.9074    36.9085    25.4936    25.4933    1539.90    153.040    153.918         39 0.0000e+00
      10687    445.268     92.359     93.000    22.6046    22.6060   5.307227   5.307510     2.4430     2.0579     101.51   28.24518  -89.98720   -0.00457   -0.00460     3.5041     3.5227    22.5857    22.5871    36.9101    36.9112    25.5029    25.5034    1540.24    152.603    153.413         37 0.0000e+00
      10777    448.985     95.337     96.000    22.3202    22.3281   5.274526   5.275544     2.4241     2.0438      99.98   28.23899  -89.96749   -0.00477   -0.00325     3.4859     3.5101    22.3008    22.3088    36.8900    36.8913    25.5684    25.5671    1539.63    151.797    152.852         35 0.0000e+00
      10815    450.593     96.331     97.000    22.2416    22.2455   5.266041   5.266646     2.4190     2.0361     100.00   28.24518  -89.98720   -0.00538   -0.00597     3.4811     3.4984    22.2221    22.2260    36.8927    36.8941    25.5938    25.5937    1539.88    151.587    152.338         36 0.0000e+00
      10849    452.001     97.323     98.000    22.1281    22.1360   5.253385   5.254235     2.4118     2.0313     100.00   28.24518  -89.98720   -0.00448   -0.00512     3.4745     3.4948    22.1085    22.1164    36.8889    36.8888    25.6231    25.6208    1539.79    151.296    152.179         32 0.0000e+00
      10880    453.298     98.316     99.000    21.9704    21.9746   5.237976   5.238492     2.4046     2.0248     100.00   28.24518  -89.98720   -0.00476   -0.00437     3.4702     3.4904    21.9506    21.9549    36.9009    36.9013    25.6770    25.6761    1539.69    151.098    151.980         32 0.0000e+00
      10915    454.730     99.309    100.000    21.8483    21.8571   5.224409   5.225489     2.3973     2.0205      97.10   28.24519  -89.98720   -0.00540   -0.00393     3.4637     3.4886    21.8285    21.8372    36.8970    36.8981    25.7085    25.7068    1539.61    150.813    151.896         36 0.0000e+00
      10949    456.187    100.302    101.000    21.7372    21.7414   5.211673   5.212245     2.3912     2.0132      95.31   28.24520  -89.98720   -0.00502   -0.00392     3.4591     3.4797    21.7172    21.7214    36.8903    36.8913    25.7346    25.7342    1539.51    150.609    151.503         32 0.0000e+00
      11007    458.581    102.287    103.000    21.5715    21.5753   5.192100   5.192616     2.3797     2.0042      98.33   28.23991  -89.97035   -0.00432   -0.00404     3.4472     3.4705    21.5513    21.5550    36.8727    36.8736    25.7670    25.7666    1539.03    150.085    151.101         33 0.0000e+00
      11046    460.224    103.280    104.000    21.5098    21.5139   5.185666   5.186248     2.3729     2.0012      97.33   28.24520  -89.98720   -0.00463   -0.00300     3.4378     3.4681    21.4894    21.4934    36.8764    36.8776    25.7878    25.7875    1539.22    149.672    150.992         41 0.0000e+00
      11083    461.761    104.273    105.000    21.4386    21.4428   5.177571   5.178134     2.3685     1.9977      69.74   28.24520  -89.98720   -0.00407   -0.00241     3.4337     3.4650    21.4180    21.4223    36.8724    36.8732    25.8046    25.8040    1539.12    149.491    150.856         32 0.0000e+00
      11142    464.212    106.259    107.000    21.3741    21.3782   5.170295   5.170865     2.3618     1.9921      94.65   28.24289  -89.97983   -0.00253   -0.00256     3.4248     3.4570    21.3532    21.3573    36.8676    36.8686    25.8186    25.8183    1538.81    149.104    150.505         31 0.0000e+00
      11176    465.643    107.252    108.000    21.2891    21.2955   5.160743   5.161571     2.3577     1.9877      93.67   28.24520  -89.98720   -0.00279   -0.00219     3.4225     3.4528    21.2681    21.2744    36.8647    36.8659    25.8404    25.8395    1538.84    148.997    150.317         37 0.0000e+00
      11214    467.203    108.244    109.000    21.2010    21.2119   5.149865   5.151329     2.3513     1.9824      92.48   28.24520  -89.98720   -0.00343   -0.00269     3.4156     3.4464    21.1798    21.1907    36.8527    36.8551    25.8556    25.8544    1538.75    148.695    150.037         36 0.0000e+00
      11248    468.611    109.237    110.000    21.1314    21.1396   5.141124   5.142257     2.3460     1.9759      91.65   28.24520  -89.98720   -0.00393   -0.00383     3.4096     3.4365    21.1101    21.1183    36.8418    36.8439    25.8666    25.8659    1538.66    148.436    149.604         32 0.0000e+00
      11278    469.893    110.230    111.000    21.0562    21.0600   5.131592   5.132161     2.3429     1.9717      90.86   28.24520  -89.98720   -0.00352   -0.00399     3.4088     3.4326    21.0347    21.0386    36.8295    36.8307    25.8779    25.8778    1538.56    148.399    149.435         30 0.0000e+00
      11309    471.153    111.223    112.000    21.0389    21.0408   5.129454   5.129783     2.3379     1.9674      89.48   28.24520  -89.98720   -0.00317   -0.00376     3.3999     3.4243    21.0172    21.0191    36.8267    36.8278    25.8806    25.8809    1538.47    148.009    149.072         31 0.0000e+00
      11341    472.494    112.216    113.000    20.9976    21.0006   5.124499   5.124939     2.3339     1.9640      88.84   28.24520  -89.98720   -0.00330   -0.00309     3.3948     3.4195    20.9758    20.9788    36.8220    36.8230    25.8884    25.8883    1538.38    147.787    148.859         34 0.0000e+00
      11378    474.038    113.208    114.000    20.9572    20.9598   5.119864   5.120242     2.3301     1.9607      87.85   28.24520  -89.98720   -0.00301   -0.00274     3.3912     3.4146    20.9353    20.9379    36.8190    36.8198    25.8972    25.8971    1538.29    147.627    148.648         38 0.0000e+00
      11414    475.534    114.201    115.000    20.7970    20.7997   5.101315   5.101682     2.3245     1.9583      86.76   28.24520  -89.98720   -0.00283   -0.00192     3.3888     3.4190    20.7749    20.7777    36.8068    36.8074    25.9317    25.9315    1538.20    147.519    148.833         33 0.0000e+00
      11472    477.969    116.187    117.000    20.5372    20.5450   5.070126   5.071093     2.3171     1.9498      84.76   28.24088  -89.97343   -0.00319   -0.00282     3.3922     3.4175    20.5150    20.5228    36.7753    36.7764    25.9779    25.9766    1537.77    147.660    148.761         31 0.0000e+00
      11508    479.472    117.179    118.000    20.4389    20.4447   5.058623   5.059381     2.3115     1.9455      83.73   28.24520  -89.98720   -0.00310   -0.00338     3.3876     3.4144    20.4165    20.4223    36.7684    36.7696    25.9998    25.9991    1537.91    147.458    148.621         37 0.0000e+00
      11544    480.948    118.172    119.000    20.3266    20.3317   5.044892   5.045554     2.3067     1.9432      82.86   28.24520  -89.98720   -0.00366   -0.00271     3.3854     3.4167    20.3042    20.3093    36.7533    36.7543    26.0184    26.0178    1537.81    147.359    148.723         34 0.0000e+00
      11576    482.295    119.165    120.000    20.2441    20.2483   5.034734   5.035297     2.3021     1.9379      81.97   28.24520  -89.98720   -0.00346   -0.00240     3.3818     3.4104    20.2215    20.2257    36.7415    36.7424    26.0316    26.0312    1537.71    147.201    148.445         32 0.0000e+00
      11609    483.668    120.158    121.000    20.1653    20.1723   5.024421   5.025401     2.2956     1.9320      80.87   28.24520  -89.98720   -0.00361   -0.00340     3.3739     3.4019    20.1426    20.1496    36.7250    36.7269    26.0402    26.0398    1537.62    146.853    148.075         33 0.0000e+00
      11641    485.012    121.151    122.000    20.0779    20.0886   5.012812   5.014262     2.2869     1.9243      79.90   28.24520  -89.98720   -0.00481   -0.00450     3.3617     3.3899    20.0551    20.0657    36.7052    36.7079    26.0484    26.0477    1537.52    146.320    147.548         32 0.0000e+00
      11674    486.366    122.143    123.000    19.7873    19.7961   4.975577   4.976674     2.2668     1.9030      78.82   28.24520  -89.98720   -0.00747   -0.00697     3.3393     3.3595    19.7646    19.7733    36.6511    36.6525    26.0843    26.0830    1537.42    145.343    146.222         33 0.0000e+00
      11708    487.784    123.136    124.000    19.7435    19.7465   4.969830   4.970286     2.2317     1.8666      77.93   28.24520  -89.98720   -0.01601   -0.01672     3.2675     3.2772    19.7206    19.7235    36.6415    36.6427    26.0885    26.0886    1537.31    142.214    142.640         35 0.0000e+00
