Gulf of Mexico/GOMECC-4/1db/drb2103_0321.cnv
* Sea-Bird SBE 9 Data File:
* FileName = C:\Users\scs.user.rb\CTD\GOMECC4\data\rb2103_0321.hex
* Software Version Seasave V 7.26.7.107
* Temperature SN = 4799
* Conductivity SN = 3860
* Number of Bytes Per Scan = 41
* Number of Voltage Words = 4
* Number of Scans Averaged by the Deck Unit = 1
* NMEA Latitude = 29 45.48 N
* NMEA Longitude = 087 02.49 W
* NMEA UTC (Time) = Sep 23 2021  20:34:47
* NMEA baud rate = 4800
# nquan = 28
# nvalues = 181                         
# units = specified
# name 0 = scan: Scan Count
# name 1 = timeS: Time, Elapsed [seconds]
# name 2 = depSM: Depth [salt water, m]
# name 3 = prDM: Pressure, Digiquartz [db]
# name 4 = t090C: Temperature [ITS-90, deg C]
# name 5 = t190C: Temperature, 2 [ITS-90, deg C]
# name 6 = c0S/m: Conductivity [S/m]
# name 7 = c1S/m: Conductivity, 2 [S/m]
# name 8 = sbeox0V: Oxygen raw, SBE 43 [V]
# name 9 = sbeox1V: Oxygen raw, SBE 43, 2 [V]
# name 10 = altM: Altimeter [m]
# name 11 = latitude: Latitude [deg]
# name 12 = longitude: Longitude [deg]
# name 13 = sbox0dV/dT: Oxygen, SBE 43 [dov/dt]
# name 14 = sbox1dV/dT: Oxygen, SBE 43, 2 [dov/dt]
# name 15 = sbeox0ML/L: Oxygen, SBE 43 [ml/l], WS = 5
# name 16 = sbeox1ML/L: Oxygen, SBE 43, 2 [ml/l], WS = 5
# name 17 = potemp090C: Potential Temperature [ITS-90, deg C]
# name 18 = potemp190C: Potential Temperature, 2 [ITS-90, deg C]
# name 19 = sal00: Salinity, Practical [PSU]
# name 20 = sal11: Salinity, Practical, 2 [PSU]
# name 21 = sigma-é00: Density [sigma-theta, kg/m^3]
# name 22 = sigma-é11: Density, 2 [sigma-theta, kg/m^3]
# name 23 = avgsvCM: Average Sound Velocity [Chen-Millero, m/s], minP = 20, minS = 20
# name 24 = sbox0Mm/Kg: Oxygen, SBE 43 [umol/kg], WS = 5
# name 25 = sbox1Mm/Kg: Oxygen, SBE 43, 2 [umol/kg], WS = 5
# name 26 = nbin: number of scans per bin
# name 27 = flag: flag
# span 0 =       7380,      19784       
# span 1 =    307.446,    824.292       
# span 2 =      3.973,    200.531       
# span 3 =      4.000,    202.000       
# span 4 =    14.2756,    28.5127       
# span 5 =    14.2774,    28.5121       
# span 6 =   4.321640,   5.708637       
# span 7 =   4.321790,   5.708771       
# span 8 =     1.8271,     3.1194       
# span 9 =     1.5133,     2.6558       
# span 10 =      10.88,     100.31      
# span 11 =   29.74159,   29.75857      
# span 12 =  -87.04340,  -86.99371      
# span 13 =   -0.04532,    0.02157      
# span 14 =   -0.04103,    0.02267      
# span 15 =     2.7219,     4.4388      
# span 16 =     2.7575,     4.4486      
# span 17 =    14.2460,    28.5057      
# span 18 =    14.2477,    28.5052      
# span 19 =    33.4388,    36.4966      
# span 20 =    33.4392,    36.4977      
# span 21 =    21.2021,    26.7941      
# span 22 =    21.2021,    26.7936      
# span 23 =       0.00,    1541.14      
# span 24 =    118.387,    193.871      
# span 25 =    119.935,    194.294      
# span 26 =         30,         68      
# span 27 = 0.0000e+00, 0.0000e+00      
# interval = decibars: 1                
# start_time = Sep 23 2021 20:34:47 [NMEA time, header]
# bad_flag = -9.990e-29
*END*
[from data line 104]
      13075    544.761    110.217    111.000    17.7481    17.7494   4.729769   4.729993     2.0026     1.6687     100.00   29.75830  -87.04260    0.00035    0.00038     2.8856     2.9160    17.7291    17.7303    36.3805    36.3814    26.3970    26.3973    1532.72    125.558    126.880         34 0.0000e+00
      13134    547.192    112.202    113.000    17.5825    17.5843   4.710060   4.710377     2.0154     1.6868      99.23   29.75059  -87.02006    0.00155    0.00295     2.9259     2.9713    17.5633    17.5650    36.3556    36.3563    26.4181    26.4182    1532.06    127.305    129.284         33 0.0000e+00
      13171    548.769    113.195    114.000    17.5268    17.5309   4.704089   4.704624     2.0343     1.7069      98.28   29.75830  -87.04260    0.00852    0.01033     2.9721     3.0246    17.5074    17.5116    36.3554    36.3563    26.4321    26.4318    1532.33    129.316    131.602         36 0.0000e+00
      13208    550.307    114.188    115.000    17.4600    17.4630   4.696277   4.696706     2.0479     1.7195      97.24   29.75830  -87.04260    0.01140    0.01223     3.0076     3.0605    17.4405    17.4436    36.3471    36.3481    26.4421    26.4421    1532.21    130.861    133.162         37 0.0000e+00
      13243    551.759    115.180    116.000    17.3586    17.3636   4.684368   4.684960     2.0562     1.7250      96.38   29.75830  -87.04260    0.00854    0.00796     3.0334     3.0808    17.3391    17.3441    36.3341    36.3348    26.4569    26.4561    1532.08    131.978    134.041         32 0.0000e+00
      13273    553.018    116.173    117.000    17.2636    17.2685   4.673018   4.673613     2.0596     1.7262      95.36   29.75830  -87.04260    0.00594    0.00414     3.0477     3.0900    17.2439    17.2489    36.3203    36.3210    26.4693    26.4687    1531.95    132.601    134.441         30 0.0000e+00
      13305    554.347    117.166    118.000    17.1836    17.1873   4.663692   4.664243     2.0586     1.7241      87.51   29.75830  -87.04260    0.00284    0.00111     3.0511     3.0903    17.1638    17.1675    36.3096    36.3104    26.4805    26.4802    1531.82    132.747    134.451         35 0.0000e+00
      13343    555.899    118.158    119.000    17.1412    17.1423   4.658514   4.658733     2.0545     1.7187      91.33   29.75830  -87.04260   -0.00064   -0.00163     3.0450     3.0801    17.1213    17.1224    36.3030    36.3039    26.4856    26.4861    1531.70    132.479    134.006         38 0.0000e+00
      13377    557.343    119.151    120.000    17.1102    17.1113   4.654390   4.654772     2.0499     1.7145      92.53   29.75830  -87.04260   -0.00256   -0.00316     3.0384     3.0725    17.0901    17.0913    36.2977    36.2979    26.4891    26.4890    1531.58    132.192    133.679         31 0.0000e+00
      13409    558.666    120.144    121.000    17.0110    17.0355   4.642569   4.645750     2.0438     1.7095      91.50   29.75830  -87.04260   -0.00341   -0.00326     3.0252     3.0628    16.9908    17.0154    36.2797    36.2855    26.4992    26.4977    1531.50    131.615    133.255         33 0.0000e+00
      13444    560.135    121.136    122.000    16.9844    16.9870   4.639546   4.639992     2.0371     1.7028      90.44   29.75830  -87.04260   -0.00427   -0.00372     3.0168     3.0514    16.9642    16.9667    36.2769    36.2785    26.5034    26.5040    1531.31    131.252    132.756         37 0.0000e+00
      13480    561.624    122.129    123.000    16.9613    16.9636   4.636888   4.637299     2.0312     1.6976      89.50   29.75830  -87.04260   -0.00450   -0.00425     3.0050     3.0401    16.9409    16.9431    36.2740    36.2756    26.5068    26.5074    1531.19    130.738    132.266         33 0.0000e+00
      13511    562.905    123.121    124.000    16.9328    16.9349   4.633622   4.633983     2.0284     1.6931      88.62   29.75830  -87.04260   -0.00374   -0.00375     3.0009     3.0312    16.9123    16.9144    36.2706    36.2719    26.5110    26.5115    1531.07    130.558    131.876         30 0.0000e+00
      13543    564.244    124.114    125.000    16.9086    16.9109   4.630817   4.631193     2.0251     1.6905      87.46   29.75830  -87.04260   -0.00274   -0.00305     2.9952     3.0265    16.8879    16.8902    36.2675    36.2687    26.5144    26.5148    1530.95    130.309    131.672         36 0.0000e+00
      13581    565.843    125.106    126.000    16.8145    16.8198   4.619760   4.620445     2.0199     1.6862      86.42   29.75830  -87.04260   -0.00261   -0.00248     2.9897     3.0218    16.7937    16.7990    36.2549    36.2560    26.5272    26.5268    1530.83    130.070    131.465         38 0.0000e+00
      13615    567.235    126.099    127.000    16.7738    16.7801   4.614988   4.615805     2.0148     1.6822      85.54   29.75830  -87.04260   -0.00325   -0.00256     2.9812     3.0144    16.7528    16.7592    36.2492    36.2507    26.5326    26.5322    1530.71    129.698    131.143         30 0.0000e+00
      13644    568.458    127.092    128.000    16.6488    16.6509   4.600077   4.600317     2.0104     1.6777      84.72   29.75830  -87.04259   -0.00353   -0.00300     2.9794     3.0117    16.6278    16.6299    36.2303    36.2305    26.5477    26.5473    1530.59    129.621    131.024         31 0.0000e+00
      13680    569.940    128.085    129.000    16.6027    16.6038   4.594653   4.594883     2.0076     1.6756      83.55   29.75829  -87.04258   -0.00323   -0.00297     2.9763     3.0097    16.5816    16.5827    36.2237    36.2247    26.5535    26.5540    1530.47    129.485    130.935         39 0.0000e+00
      13717    571.485    129.077    130.000    16.5998    16.6006   4.594374   4.594563     2.0079     1.6770      82.68   29.75828  -87.04258   -0.00156   -0.00111     2.9777     3.0137    16.5786    16.5794    36.2234    36.2244    26.5540    26.5546    1530.35    129.545    131.109         34 0.0000e+00
      13749    572.839    130.070    131.000    16.5934    16.5944   4.593696   4.593899     2.0075     1.6773      70.72   29.75829  -87.04258   -0.00015    0.00051     2.9775     3.0153    16.5719    16.5730    36.2229    36.2237    26.5552    26.5556    1530.23    129.534    131.181         32 0.0000e+00
      13782    574.202    131.062    132.000    16.5750    16.5762   4.591575   4.591792     2.0073     1.6766      80.51   29.75830  -87.04258   -0.00010    0.00023     2.9786     3.0149    16.5534    16.5546    36.2204    36.2212    26.5576    26.5580    1530.12    129.583    131.163         33 0.0000e+00
      13815    575.575    132.055    133.000    16.5654    16.5669   4.590497   4.590742     2.0070     1.6760      79.67   29.75830  -87.04258   -0.00024   -0.00030     2.9789     3.0144    16.5436    16.5451    36.2191    36.2200    26.5590    26.5593    1530.00    129.596    131.138         34 0.0000e+00
      13850    577.045    133.047    134.000    16.5432    16.5446   4.587942   4.588142     2.0060     1.6752      78.61   29.75830  -87.04258   -0.00031   -0.00054     2.9783     3.0142    16.5213    16.5228    36.2162    36.2167    26.5620    26.5620    1529.89    129.570    131.132         36 0.0000e+00
      13886    578.523    134.040    135.000    16.5186    16.5204   4.584969   4.585232     2.0050     1.6744      77.68   29.75830  -87.04258   -0.00065   -0.00047     2.9780     3.0149    16.4966    16.4984    36.2119    36.2125    26.5645    26.5646    1529.79    129.558    131.163         34 0.0000e+00
      13919    579.904    135.033    136.000    16.3875    16.3914   4.569339   4.569778     2.0039     1.6724      76.63   29.75830  -87.04258   -0.00073   -0.00078     2.9842     3.0173    16.3654    16.3694    36.1916    36.1920    26.5797    26.5790    1529.68    129.825    131.263         32 0.0000e+00
      13950    581.196    136.025    137.000    16.3405    16.3431   4.563788   4.564120     2.0030     1.6722      75.69   29.75830  -87.04258   -0.00067   -0.00097     2.9860     3.0205    16.3183    16.3209    36.1846    36.1852    26.5853    26.5852    1529.55    129.903    131.400         31 0.0000e+00
      13982    582.557    137.018    138.000    16.2944    16.2967   4.558357   4.558686     2.0015     1.6707      74.74   29.75830  -87.04258   -0.00085   -0.00075     2.9858     3.0199    16.2722    16.2744    36.1777    36.1786    26.5908    26.5910    1529.45    129.892    131.376         35 0.0000e+00
      14020    584.121    138.010    139.000    16.2770    16.2787   4.556347   4.556615     2.0013     1.6704      75.73   29.75830  -87.04258   -0.00073   -0.00065     2.9868     3.0207    16.2545    16.2563    36.1753    36.1761    26.5930    26.5933    1529.33    129.936    131.408         39 0.0000e+00
      14057    585.658    139.003    140.000    16.2534    16.2557   4.553612   4.553916     2.0000     1.6701      74.58   29.75830  -87.04258   -0.00044   -0.00025     2.9858     3.0218    16.2309    16.2331    36.1720    36.1726    26.5960    26.5960    1529.22    129.892    131.458         34 0.0000e+00
      14118    588.206    140.988    142.000    16.2139    16.2151   4.549042   4.549250     1.9986     1.6702      70.77   29.75819  -87.04226   -0.00103   -0.00027     2.9858     3.0253    16.1910    16.1922    36.1664    36.1671    26.6010    26.6012    1529.00    129.891    131.610         31 0.0000e+00
      14152    589.642    141.980    143.000    16.2092    16.2103   4.548563   4.548740     1.9999     1.6695      69.78   29.75830  -87.04258    0.00008    0.00009     2.9896     3.0243    16.1862    16.1872    36.1659    36.1666    26.6017    26.6020    1528.90    130.055    131.564         38 0.0000e+00
      14191    591.267    142.973    144.000    16.2032    16.2040   4.547837   4.547981     2.0004     1.6693      68.72   29.75830  -87.04258    0.00078   -0.00014     2.9915     3.0247    16.1801    16.1808    36.1650    36.1655    26.6024    26.6027    1528.80    130.136    131.585         38 0.0000e+00
      14252    593.806    144.958    146.000    16.1057    16.1085   4.536104   4.536439     1.9956     1.6656      66.92   29.75586  -87.03545   -0.00105   -0.00101     2.9877     3.0219    16.0823    16.0851    36.1469    36.1473    26.6111    26.6107    1528.47    129.973    131.460         30 0.0000e+00
      14286    595.224    145.951    147.000    16.0735    16.0753   4.532241   4.532431     1.9959     1.6660      65.78   29.75830  -87.04258   -0.00150   -0.00110     2.9903     3.0247    16.0501    16.0518    36.1450    36.1455    26.6173    26.6172    1528.50    130.082    131.582         37 0.0000e+00
      14325    596.851    146.943    148.000    16.0285    16.0295   4.527560   4.527872     1.9991     1.6703      64.81   29.75830  -87.04258    0.00025    0.00083     3.0026     3.0409    16.0049    16.0059    36.1381    36.1385    26.6223    26.6224    1528.39    130.617    132.285         38 0.0000e+00
      14359    598.258    147.935    149.000    16.0277    16.0289   4.527197   4.527369     2.0006     1.6701      63.84   29.75830  -87.04258    0.00166    0.00179     3.0056     3.0398    16.0039    16.0051    36.1380    36.1384    26.6225    26.6226    1528.30    130.748    132.237         30 0.0000e+00
      14388    599.470    148.928    150.000    16.0253    16.0273   4.526964   4.527245     1.9991     1.6682      62.98   29.75830  -87.04258    0.00093    0.00039     3.0029     3.0354    16.0013    16.0033    36.1377    36.1383    26.6229    26.6229    1528.20    130.631    132.044         30 0.0000e+00
      14423    600.905    149.920    151.000    16.0181    16.0195   4.526168   4.526375     1.9964     1.6661      61.82   29.75830  -87.04258   -0.00080   -0.00113     2.9972     3.0307    15.9940    15.9954    36.1366    36.1372    26.6238    26.6239    1528.10    130.382    131.842         40 0.0000e+00
      14462    602.525    150.913    152.000    16.0128    16.0142   4.525612   4.525791     1.9943     1.6630      60.85   29.75830  -87.04258   -0.00164   -0.00175     2.9929     3.0237    15.9886    15.9899    36.1360    36.1364    26.6245    26.6246    1528.00    130.198    131.535         34 0.0000e+00
      14493    603.815    151.905    153.000    16.0052    16.0060   4.524733   4.524877     1.9930     1.6629      60.06   29.75830  -87.04257   -0.00135   -0.00149     2.9909     3.0242    15.9808    15.9816    36.1348    36.1353    26.6254    26.6256    1527.91    130.110    131.557         30 0.0000e+00
      14523    605.098    152.898    154.000    15.9983    15.9995   4.523962   4.524142     1.9925     1.6630      58.91   29.75830  -87.04256   -0.00093   -0.00054     2.9904     3.0252    15.9737    15.9750    36.1337    36.1342    26.6262    26.6263    1527.81    130.086    131.601         34 0.0000e+00
      14562    606.702    153.890    155.000    15.9905    15.9913   4.523066   4.523212     1.9903     1.6626      57.90   29.75828  -87.04256   -0.00082   -0.00002     2.9862     3.0251    15.9657    15.9666    36.1324    36.1330    26.6270    26.6273    1527.72    129.903    131.598         40 0.0000e+00
      14658    610.721    156.868    158.000    15.8728    15.8759   4.508841   4.509207     1.9817     1.6509      54.95   29.75583  -87.03538   -0.00190   -0.00288     2.9749     3.0037    15.8477    15.8508    36.1102    36.1106    26.6368    26.6364    1527.32    129.409    130.667         40 0.0000e+00
      14699    612.436    157.860    159.000    15.8445    15.8458   4.505686   4.505870     1.9772     1.6471      53.97   29.75828  -87.04256   -0.00318   -0.00353     2.9667     2.9963    15.8193    15.8206    36.1081    36.1085    26.6420    26.6420    1527.36    129.054    130.342         37 0.0000e+00
      14732    613.780    158.853    160.000    15.8033    15.8056   4.500839   4.501141     1.9746     1.6457      53.16   29.75828  -87.04256   -0.00274   -0.00237     2.9634     2.9954    15.7780    15.7803    36.1017    36.1023    26.6465    26.6464    1527.27    128.911    130.304         30 0.0000e+00
      14793    616.320    160.838    162.000    15.7598    15.7608   4.495426   4.495586     1.9697     1.6420      51.05   29.75462  -87.03186   -0.00191   -0.00132     2.9557     2.9895    15.7342    15.7352    36.0907    36.0913    26.6478    26.6479    1526.90    128.575    130.044         38 0.0000e+00
      14833    618.006    161.830    163.000    15.7455    15.7479   4.494028   4.494356     1.9684     1.6409      49.95   29.75828  -87.04256   -0.00142   -0.00106     2.9538     2.9878    15.7198    15.7222    36.0920    36.0928    26.6523    26.6524    1527.01    128.493    129.973         38 0.0000e+00
      14894    620.557    163.815    165.000    15.6799    15.6818   4.485918   4.486132     1.9610     1.6339      48.83   29.75503  -87.03306   -0.00211   -0.00177     2.9413     2.9747    15.6539    15.6558    36.0770    36.0773    26.6555    26.6553    1526.67    127.948    129.402         31 0.0000e+00
      14930    622.055    164.807    166.000    15.6257    15.6298   4.479757   4.480231     1.9543     1.6266      47.00   29.75828  -87.04256   -0.00341   -0.00356     2.9295     2.9595    15.5997    15.6037    36.0717    36.0722    26.6640    26.6635    1526.75    127.433    128.738         38 0.0000e+00
      14967    623.569    165.799    167.000    15.5683    15.5710   4.472931   4.473255     1.9460     1.6193      46.11   29.75828  -87.04256   -0.00473   -0.00498     2.9139     2.9445    15.5421    15.5449    36.0622    36.0626    26.6698    26.6694    1526.66    126.754    128.087         33 0.0000e+00
      14998    624.870    166.792    168.000    15.4949    15.4986   4.464244   4.464711     1.9409     1.6155      45.16   29.75828  -87.04256   -0.00510   -0.00453     2.9066     2.9398    15.4687    15.4724    36.0508    36.0513    26.6776    26.6771    1526.57    126.437    127.878         31 0.0000e+00
