Gulf of Mexico/GOMECC-4/1db/drb2103_0421.cnv
* Sea-Bird SBE 9 Data File:
* FileName = C:\Users\scs.user.rb\CTD\GOMECC4\data\rb2103_0421.hex
* Software Version Seasave V 7.26.7.107
* Temperature SN = 4799
* Conductivity SN = 3860
* Number of Bytes Per Scan = 41
* Number of Voltage Words = 4
* Number of Scans Averaged by the Deck Unit = 1
* NMEA Latitude = 28 14.68 N
* NMEA Longitude = 089 59.18 W
* NMEA UTC (Time) = Sep 26 2021  04:34:16
* NMEA baud rate = 4800
# nquan = 28
# nvalues = 153                         
# units = specified
# name 0 = scan: Scan Count
# name 1 = timeS: Time, Elapsed [seconds]
# name 2 = depSM: Depth [salt water, m]
# name 3 = prDM: Pressure, Digiquartz [db]
# name 4 = t090C: Temperature [ITS-90, deg C]
# name 5 = t190C: Temperature, 2 [ITS-90, deg C]
# name 6 = c0S/m: Conductivity [S/m]
# name 7 = c1S/m: Conductivity, 2 [S/m]
# name 8 = sbeox0V: Oxygen raw, SBE 43 [V]
# name 9 = sbeox1V: Oxygen raw, SBE 43, 2 [V]
# name 10 = altM: Altimeter [m]
# name 11 = latitude: Latitude [deg]
# name 12 = longitude: Longitude [deg]
# name 13 = sbox0dV/dT: Oxygen, SBE 43 [dov/dt]
# name 14 = sbox1dV/dT: Oxygen, SBE 43, 2 [dov/dt]
# name 15 = sbeox0ML/L: Oxygen, SBE 43 [ml/l], WS = 5
# name 16 = sbeox1ML/L: Oxygen, SBE 43, 2 [ml/l], WS = 5
# name 17 = potemp090C: Potential Temperature [ITS-90, deg C]
# name 18 = potemp190C: Potential Temperature, 2 [ITS-90, deg C]
# name 19 = sal00: Salinity, Practical [PSU]
# name 20 = sal11: Salinity, Practical, 2 [PSU]
# name 21 = sigma-é00: Density [sigma-theta, kg/m^3]
# name 22 = sigma-é11: Density, 2 [sigma-theta, kg/m^3]
# name 23 = avgsvCM: Average Sound Velocity [Chen-Millero, m/s], minP = 20, minS = 20
# name 24 = sbox0Mm/Kg: Oxygen, SBE 43 [umol/kg], WS = 5
# name 25 = sbox1Mm/Kg: Oxygen, SBE 43, 2 [umol/kg], WS = 5
# name 26 = nbin: number of scans per bin
# name 27 = flag: flag
# span 0 =       5930,      16292       
# span 1 =    247.041,    678.794       
# span 2 =      5.960,    190.631       
# span 3 =      6.000,    192.000       
# span 4 =    14.2918,    28.7515       
# span 5 =    14.2919,    28.7518       
# span 6 =   4.323275,   5.890808       
# span 7 =   4.323116,   5.890907       
# span 8 =     1.8469,     3.1539       
# span 9 =     1.5285,     2.6811       
# span 10 =      10.02,     101.51      
# span 11 =   28.15490,   28.58363      
# span 12 =  -91.06589,  -89.69988      
# span 13 =   -0.02557,    0.01022      
# span 14 =   -0.02252,    0.01123      
# span 15 =     2.7654,     4.4143      
# span 16 =     2.7932,     4.4207      
# span 17 =    14.2634,    28.7491      
# span 18 =    14.2635,    28.7495      
# span 19 =    35.8566,    36.9101      
# span 20 =    35.8562,    36.9112      
# span 21 =    23.0352,    26.8074      
# span 22 =    23.0353,    26.8069      
# span 23 =       0.00,    1543.78      
# span 24 =    120.278,    192.699      
# span 25 =    121.491,    192.979      
# span 26 =         30,         67      
# span 27 = 0.0000e+00, 0.0000e+00      
# interval = decibars: 1                
# start_time = Sep 26 2021 04:34:16 [NMEA time, header]
# bad_flag = -9.990e-29
*END*
       5930    247.041      5.960      6.000    28.4024    28.4031   5.819824   5.819919     3.1181     2.6490      98.58   28.24494  -89.98686    0.00016    0.00093     4.3632     4.3663    28.4010    28.4017    36.0751    36.0755    23.0712    23.0713       0.00    190.466    190.603         49 0.0000e+00
       6058    252.366      6.953      7.000    28.4025    28.4039   5.819834   5.820046     3.1183     2.6484      89.99   28.24494  -89.98688    0.00106   -0.00012     4.3645     4.3656    28.4008    28.4023    36.0751    36.0755    23.0713    23.0711       0.00    190.524    190.572         56 0.0000e+00
       6176    257.271      7.947      8.000    28.4091    28.4104   5.820762   5.820970     3.1195     2.6470      95.97   28.24495  -89.98689    0.00027   -0.00048     4.3666     4.3627    28.4072    28.4085    36.0763    36.0767    23.0700    23.0700       0.00    190.615    190.443         41 0.0000e+00
       6480    269.945      9.933     10.000    28.7515    28.7518   5.890808   5.890907     3.1539     2.6811      99.15   28.58363  -91.06589    0.00070    0.00020     4.4143     4.4207    28.7491    28.7495    36.5087    36.5092    23.3461    23.3464       0.00    192.699    192.979         31 0.0000e+00
       6537    272.339     10.926     11.000    28.4141    28.4152   5.821489   5.821722     3.1191     2.6508     100.18   28.24496  -89.98694    0.00101    0.00173     4.3671     4.3716    28.4115    28.4125    36.0766    36.0774    23.0689    23.0692       0.00    190.637    190.833         48 0.0000e+00
       6660    277.449     11.920     12.000    28.4125    28.4128   5.821261   5.821423     3.1162     2.6505     100.00   28.24498  -89.98694   -0.00022    0.00025     4.3625     4.3718    28.4096    28.4099    36.0760    36.0765    23.0690    23.0693       0.00    190.437    190.841         46 0.0000e+00
       6772    282.112     12.913     13.000    28.4094    28.4105   5.820878   5.821057     3.1171     2.6513      97.94   28.24498  -89.98696    0.00003    0.00045     4.3649     4.3740    28.4063    28.4074    36.0753    36.0757    23.0696    23.0695       0.00    190.542    190.940         34 0.0000e+00
       6888    286.961     13.906     14.000    28.4092    28.4104   5.821074   5.821288     3.1171     2.6493      99.62   28.24498  -89.98697    0.00006    0.00022     4.3654     4.3705    28.4059    28.4070    36.0766    36.0771    23.0707    23.0707       0.00    190.565    190.787         35 0.0000e+00
       7261    302.484     16.886     17.000    28.5271    28.5236   5.845223   5.845367     3.1284     2.6606     100.40   28.35674  -90.34301    0.00025    0.00029     4.3817     4.3907    28.5230    28.5196    36.2220    36.2171    23.1625    23.1591       0.00    191.276    191.666         50 0.0000e+00
       7368    306.975     17.879     18.000    28.4116    28.4135   5.821845   5.822071     3.1176     2.6496      98.37   28.24500  -89.98700    0.00106    0.00143     4.3683     4.3730    28.4073    28.4092    36.0791    36.0798    23.0721    23.0720       0.00    190.688    190.894         60 0.0000e+00
       7796    324.809     21.852     22.000    28.3652    28.3661   5.819502   5.819522     3.1132     2.6465      99.92   28.22182  -89.91314    0.00007    0.00008     4.3641     4.3704    28.3599    28.3609    36.0827    36.0821    23.0862    23.0854    1542.46    190.498    190.773         37 0.0000e+00
       7902    329.202     23.839     24.000    28.3029    28.3045   5.807328   5.807594     3.1061     2.6425      99.71   28.15490  -89.69988   -0.00026    0.00032     4.3548     4.3651    28.2972    28.2988    36.0041    36.0051    23.0352    23.0353    1538.80    190.094    190.543         39 0.0000e+00
       7982    332.543     24.832     25.000    28.3970    28.3980   5.826493   5.826622     3.1148     2.6525     100.00   28.24504  -89.98706   -0.00078    0.00108     4.3663     4.3837    28.3894    28.3922    36.1211    36.1216    23.1096    23.1096    1543.73    190.594    191.352         67 0.0000e+00
       8038    334.870     25.825     26.000    28.4067    28.4077   5.833659   5.833704     3.1168     2.6497      80.83   28.24504  -89.98707    0.00028   -0.00103     4.3692     4.3757    28.4006    28.4015    36.1628    36.1623    23.1373    23.1365    1543.73    190.714    191.000         40 0.0000e+00
       8077    336.511     26.818     27.000    28.4001    28.4015   5.834799   5.834986     3.1199     2.6529      99.67   28.24504  -89.98708    0.00155    0.00000     4.3756     4.3829    28.3936    28.3950    36.1756    36.1759    23.1493    23.1490    1543.74    190.994    191.311         43 0.0000e+00
       8131    338.735     27.811     28.000    28.3957    28.3968   5.835047   5.835267     3.1211     2.6525     100.00   28.24505  -89.98708    0.00142    0.00061     4.3784     4.3828    28.3890    28.3901    36.1804    36.1811    23.1544    23.1545    1543.75    191.116    191.306         62 0.0000e+00
       8185    341.014     28.804     29.000    28.3922    28.3934   5.836088   5.836287     3.1204     2.6534     100.00   28.24506  -89.98708   -0.00087    0.00006     4.3774     4.3851    28.3853    28.3865    36.1898    36.1904    23.1627    23.1628    1543.75    191.069    191.405         45 0.0000e+00
       8230    342.887     29.798     30.000    28.3905    28.3918   5.837146   5.837340     3.1196     2.6543     100.00   28.24506  -89.98710    0.00009    0.00053     4.3767     4.3873    28.3833    28.3846    36.1985    36.1989    23.1699    23.1697    1543.76    191.039    191.502         48 0.0000e+00
       8280    344.957     30.791     31.000    28.3800    28.3818   5.837887   5.838139     3.1188     2.6543     100.00   28.24507  -89.98710   -0.00040    0.00031     4.3770     4.3897    28.3727    28.3745    36.2113    36.2116    23.1830    23.1826    1543.77    191.048    191.601         51 0.0000e+00
       8332    347.112     31.784     32.000    28.3637    28.3652   5.837932   5.838185     3.1162     2.6555     100.00   28.24508  -89.98710   -0.00105   -0.00003     4.3730     4.3922    28.3561    28.3576    36.2239    36.2245    23.1980    23.1980    1543.77    190.870    191.706         51 0.0000e+00
       8381    349.180     32.777     33.000    28.3504    28.3520   5.837683   5.837954     3.1168     2.6550     100.00   28.24508  -89.98710   -0.00026    0.00063     4.3754     4.3926    28.3426    28.3442    36.2327    36.2330    23.2091    23.2088    1543.78    190.973    191.722         51 0.0000e+00
       8431    351.242     33.770     34.000    28.2997    28.3012   5.835576   5.835815     3.1170     2.6508     100.00   28.24508  -89.98712    0.00039   -0.00155     4.3796     4.3876    28.2916    28.2931    36.2559    36.2564    23.2434    23.2433    1543.78    191.152    191.500         45 0.0000e+00
       8476    353.107     34.763     35.000    28.1951    28.1993   5.827907   5.828352     3.1149     2.6484     100.00   28.24508  -89.98712   -0.00084   -0.00173     4.3839     4.3890    28.1868    28.1909    36.2820    36.2820    23.2976    23.2962    1543.78    191.329    191.552         48 0.0000e+00
       8531    355.419     35.757     36.000    28.1060    28.1091   5.821196   5.821582     3.1104     2.6473     100.00   28.24509  -89.98712   -0.00117   -0.00089     4.3827     4.3943    28.0975    28.1006    36.3031    36.3034    23.3429    23.3422    1543.78    191.266    191.775         60 0.0000e+00
       8584    357.644     36.750     37.000    28.0242    28.0269   5.814930   5.815283     3.1075     2.6472     100.00   28.24510  -89.98713   -0.00200   -0.00001     4.3845     4.4014    28.0167    28.0182    36.3208    36.3213    23.3828    23.3824    1543.77    191.336    192.076         47 0.0000e+00
       8630    359.531     37.743     38.000    27.8093    27.8259   5.797205   5.798594     3.0942     2.6371     100.00   28.24510  -89.98714   -0.00348   -0.00215     4.3751     4.3923    27.8004    27.8169    36.3623    36.3610    23.4850    23.4792    1543.75    190.910    191.660         45 0.0000e+00
       8678    361.548     38.736     39.000    27.7715    27.7729   5.794184   5.794483     3.0908     2.6321     100.00   28.24510  -89.98714   -0.00438   -0.00442     4.3724     4.3877    27.7623    27.7637    36.3700    36.3711    23.5032    23.5036    1543.73    190.788    191.453         53 0.0000e+00
       8737    364.002     39.729     40.000    27.7626    27.7641   5.793943   5.794251     3.0901     2.6329     100.00   28.24511  -89.98714   -0.00081    0.00023     4.3722     4.3904    27.7532    27.7547    36.3748    36.3759    23.5098    23.5101    1543.71    190.779    191.570         57 0.0000e+00
       8782    365.885     40.722     41.000    27.7240    27.7274   5.790743   5.791209     3.0873     2.6279     100.00   28.24512  -89.98714   -0.00051   -0.00133     4.3702     4.3833    27.7153    27.7179    36.3811    36.3818    23.5269    23.5263    1543.69    190.687    191.257         39 0.0000e+00
       8830    367.893     41.716     42.000    27.6769    27.6768   5.786291   5.786305     3.0822     2.6213     100.00   28.24512  -89.98714   -0.00210   -0.00282     4.3651     4.3739    27.6671    27.6670    36.3864    36.3866    23.5466    23.5468    1543.68    190.460    190.843         64 0.0000e+00
       8892    370.448     42.709     43.000    27.6030    27.5818   5.778782   5.777153     3.0764     2.6150     100.00   28.24512  -89.98714   -0.00189   -0.00253     4.3656     4.3719    27.5929    27.5718    36.3919    36.3970    23.5749    23.5856    1543.65    190.477    190.749         43 0.0000e+00
       8931    372.080     43.702     44.000    27.2522    27.2551   5.749909   5.750334     3.0550     2.6001     100.00   28.24512  -89.98714   -0.00613   -0.00492     4.3469     4.3603    27.2419    27.2449    36.4578    36.4585    23.7384    23.7379    1543.61    189.630    190.216         41 0.0000e+00
       8983    374.248     44.695     45.000    27.1590    27.1599   5.741935   5.742219     3.0354     2.5846     100.00   28.24512  -89.98714   -0.01113   -0.00802     4.3175     4.3352    27.1486    27.1495    36.4734    36.4747    23.7802    23.7809    1543.57    188.342    189.112         61 0.0000e+00
       9037    376.516     45.688     46.000    27.0761    27.0787   5.734572   5.734965     3.0245     2.5731     100.00   28.24514  -89.98716   -0.00616   -0.00551     4.3039     4.3176    27.0654    27.0680    36.4853    36.4861    23.8160    23.8157    1543.53    187.742    188.339         45 0.0000e+00
       9079    378.267     46.681     47.000    26.9803    26.9851   5.726499   5.727058     3.0161     2.5655     100.00   28.24514  -89.98716   -0.00455   -0.00484     4.2956     4.3088    26.9695    26.9743    36.5022    36.5025    23.8596    23.8583    1543.48    187.369    187.947         43 0.0000e+00
       9128    380.285     47.674     48.000    26.9334    26.9365   5.722999   5.723417     3.0087     2.5588     100.00   28.24514  -89.98716   -0.00432   -0.00412     4.2857     4.2986    26.9224    26.9254    36.5136    36.5143    23.8833    23.8828    1543.44    186.934    187.500         54 0.0000e+00
       9184    382.613     48.667     49.000    26.8727    26.8749   5.718889   5.719231     2.9981     2.5478     100.00   28.24514  -89.98716   -0.00404   -0.00361     4.2706     4.2803    26.8614    26.8636    36.5316    36.5323    23.9164    23.9162    1543.40    186.268    186.692         54 0.0000e+00
       9231    384.599     49.660     50.000    26.8387    26.8414   5.716565   5.716933     2.9883     2.5420     100.00   28.24514  -89.98716   -0.00486   -0.00459     4.2551     4.2710    26.8273    26.8300    36.5413    36.5418    23.9346    23.9341    1543.35    185.589    186.283         42 0.0000e+00
       9273    386.316     50.654     51.000    26.7035    26.7104   5.706172   5.706876     2.9798     2.5340     100.00   28.24514  -89.98716   -0.00478   -0.00284     4.2491     4.2635    26.6919    26.6988    36.5728    36.5724    24.0016    23.9991    1543.31    185.318    185.945         44 0.0000e+00
       9326    388.553     51.647     52.000    26.6466    26.6473   5.701523   5.701749     2.9658     2.5193     100.00   28.24514  -89.98716   -0.00607   -0.00652     4.2273     4.2375    26.6347    26.6354    36.5839    36.5850    24.0282    24.0288    1543.26    184.360    184.805         59 0.0000e+00
       9370    390.393     52.640     53.000    26.6449    26.6468   5.701996   5.702261     2.9601     2.5162     100.00   28.24514  -89.98716   -0.00476   -0.00401     4.2171     4.2314    26.6328    26.6347    36.5883    36.5887    24.0322    24.0319    1543.22    183.916    184.542         31 0.0000e+00
       9424    392.637     54.626     55.000    26.4353    26.4395   5.680576   5.680909     2.9424     2.4984      99.97   28.22797  -89.93245   -0.00411   -0.00428     4.2023     4.2107    26.4247    26.4270    36.6004    36.5991    24.1066    24.1041    1542.18    183.257    183.624         31 0.0000e+00
       9465    394.330     55.619     56.000    26.3133    26.3180   5.670591   5.671204     2.9270     2.4851      72.44   28.24515  -89.98716   -0.00891   -0.00832     4.1802     4.1905    26.3006    26.3053    36.6228    36.6235    24.1636    24.1626    1543.07    182.284    182.732         40 0.0000e+00
       9505    395.995     56.612     57.000    26.2621    26.2645   5.666277   5.666650     2.9156     2.4784      85.75   28.24515  -89.98716   -0.01013   -0.00782     4.1628     4.1805    26.2492    26.2516    36.6317    36.6326    24.1866    24.1865    1543.02    181.519    182.290         38 0.0000e+00
       9539    397.396     57.605     58.000    26.2323    26.2345   5.664181   5.664245     2.9071     2.4713      85.17   28.24514  -89.98716   -0.00708   -0.00486     4.1493     4.1681    26.2193    26.2214    36.6399    36.6386    24.2022    24.2006    1542.97    180.928    181.751         30 0.0000e+00
       9569    398.651     58.598     59.000    26.1490    26.1569   5.656989   5.657800     2.8966     2.4622      99.73   28.24516  -89.98716   -0.00643   -0.00494     4.1356     4.1546    26.1357    26.1436    36.6536    36.6532    24.2389    24.2361    1542.92    180.326    181.153         30 0.0000e+00
       9599    399.921     59.591     60.000    26.0182    26.0213   5.644217   5.644562     2.8797     2.4417     100.00   28.24516  -89.98716   -0.00855   -0.00796     4.1126     4.1214    26.0030    26.0080    36.6658    36.6659    24.2898    24.2889    1542.87    179.313    179.695         31 0.0000e+00
       9631    401.250     60.584     61.000    25.8827    25.8900   5.630628   5.631434     2.8594     2.4241     100.00   28.24516  -89.98716   -0.01228   -0.01265     4.0852     4.0934    25.8690    25.8763    36.6730    36.6731    24.3372    24.3350    1542.81    178.112    178.466         33 0.0000e+00
       9666    402.690     61.577     62.000    25.6468    25.6584   5.606274   5.607492     2.8314     2.3988      71.12   28.24516  -89.98716   -0.01594   -0.01534     4.0492     4.0562    25.6330    25.6447    36.6831    36.6827    24.4184    24.4145    1542.75    176.525    176.832         36 0.0000e+00
       9702    404.194     62.570     63.000    25.4987    25.5013   5.591242   5.591707     2.8004     2.3707     100.95   28.24516  -89.98716   -0.01914   -0.01713     4.0008     4.0075    25.4848    25.4874    36.6910    36.6924    24.4705    24.4707    1542.68    174.405    174.701         34 0.0000e+00
       9759    406.590     64.556     65.000    25.2203    25.2245   5.561217   5.561654     2.7635     2.3419      99.98   28.23834  -89.96545   -0.01673   -0.01360     3.9505     3.9655    25.2060    25.2102    36.6889    36.6888    24.5539    24.5525    1542.17    172.202    172.854         30 0.0000e+00
