Gulf of Mexico/GOMECC-4/1db/drb2103_1251.cnv
* Sea-Bird SBE 9 Data File:
* FileName = C:\Users\scs.user.rb\CTD\GOMECC4\data\rb2103_1251.hex
* Software Version Seasave V 7.26.7.107
* Temperature SN = 4799
* Conductivity SN = 3860
* Number of Bytes Per Scan = 41
* Number of Voltage Words = 4
* Number of Scans Averaged by the Deck Unit = 1
* NMEA Latitude = 26 35.79 N
* NMEA Longitude = 082 41.74 W
* NMEA UTC (Time) = Oct 19 2021  05:19:27
* NMEA baud rate = 4800
# nquan = 28
# nvalues = 13                          
# units = specified
# name 0 = scan: Scan Count
# name 1 = timeS: Time, Elapsed [seconds]
# name 2 = depSM: Depth [salt water, m]
# name 3 = prDM: Pressure, Digiquartz [db]
# name 4 = t090C: Temperature [ITS-90, deg C]
# name 5 = t190C: Temperature, 2 [ITS-90, deg C]
# name 6 = c0S/m: Conductivity [S/m]
# name 7 = c1S/m: Conductivity, 2 [S/m]
# name 8 = sbeox0V: Oxygen raw, SBE 43 [V]
# name 9 = sbeox1V: Oxygen raw, SBE 43, 2 [V]
# name 10 = altM: Altimeter [m]
# name 11 = latitude: Latitude [deg]
# name 12 = longitude: Longitude [deg]
# name 13 = sbox0dV/dT: Oxygen, SBE 43 [dov/dt]
# name 14 = sbox1dV/dT: Oxygen, SBE 43, 2 [dov/dt]
# name 15 = sbeox0ML/L: Oxygen, SBE 43 [ml/l], WS = 5
# name 16 = sbeox1ML/L: Oxygen, SBE 43, 2 [ml/l], WS = 5
# name 17 = potemp090C: Potential Temperature [ITS-90, deg C]
# name 18 = potemp190C: Potential Temperature, 2 [ITS-90, deg C]
# name 19 = sal00: Salinity, Practical [PSU]
# name 20 = sal11: Salinity, Practical, 2 [PSU]
# name 21 = sigma-é00: Density [sigma-theta, kg/m^3]
# name 22 = sigma-é11: Density, 2 [sigma-theta, kg/m^3]
# name 23 = avgsvCM: Average Sound Velocity [Chen-Millero, m/s], minP = 20, minS = 20
# name 24 = sbox0Mm/Kg: Oxygen, SBE 43 [umol/kg], WS = 5
# name 25 = sbox1Mm/Kg: Oxygen, SBE 43, 2 [umol/kg], WS = 5
# name 26 = nbin: number of scans per bin
# name 27 = flag: flag
# span 0 =       6581,      10749       
# span 1 =    274.159,    447.818       
# span 2 =      4.967,     20.861       
# span 3 =      5.000,     21.000       
# span 4 =    28.5826,    28.9206       
# span 5 =    28.5907,    28.9216       
# span 6 =   5.796800,   5.886952       
# span 7 =   5.797125,   5.887215       
# span 8 =     3.0981,     3.1359       
# span 9 =     2.6168,     2.6476       
# span 10 =       5.18,      20.78      
# span 11 =   26.51184,   26.66154      
# span 12 =  -82.89446,  -82.42992      
# span 13 =   -0.00270,    0.00221      
# span 14 =   -0.00265,    0.00290      
# span 15 =     4.2970,     4.3891      
# span 16 =     4.2742,     4.3573      
# span 17 =    28.5793,    28.9155      
# span 18 =    28.5893,    28.9165      
# span 19 =    35.7686,    36.1857      
# span 20 =    35.7744,    36.1868      
# span 21 =    22.7672,    22.9962      
# span 22 =    22.7827,    22.9966      
# span 23 =       0.00,    1548.31      
# span 24 =    187.600,    191.652      
# span 25 =    186.606,    190.262      
# span 26 =         30,         54      
# span 27 = 0.0000e+00, 0.0000e+00      
# interval = decibars: 1                
# start_time = Oct 19 2021 05:19:27 [NMEA time, header]
# bad_flag = -9.990e-29
*END*
       6581    274.159      4.967      5.000    28.5931    28.5941   5.797217   5.797798     3.1339     2.6465      20.78   26.59729  -82.69580   -0.00021   -0.00016     4.3843     4.3542    28.5919    28.5929    35.7732    35.7770    22.7809    22.7834       0.00    191.442    190.127         46 0.0000e+00
       6688    278.622      5.961      6.000    28.5887    28.5907   5.796800   5.797125     3.1359     2.6476      19.90   26.59730  -82.69580    0.00107    0.00009     4.3891     4.3573    28.5872    28.5893    35.7735    35.7744    22.7827    22.7827       0.00    191.652    190.262         50 0.0000e+00
       6781    282.480      6.954      7.000    28.5934    28.5937   5.798626   5.798587     3.1345     2.6466      18.85   26.59730  -82.69581    0.00011   -0.00006     4.3858     4.3549    28.5917    28.5920    35.7827    35.7811    22.7882    22.7868       0.00    191.506    190.155         46 0.0000e+00
       6870    286.220      7.947      8.000    28.6098    28.6198   5.802776   5.805406     3.1305     2.6423      17.91   26.59732  -82.69582   -0.00043   -0.00114     4.3781     4.3448    28.6079    28.6179    35.7984    35.8096    22.7946    22.7996       0.00    191.170    189.714         30 0.0000e+00
       6963    290.069      8.941      9.000    28.5964    28.6006   5.799181   5.800380     3.1322     2.6464      16.91   26.59732  -82.69582    0.00044    0.00124     4.3830     4.3554    28.5943    28.5984    35.7833    35.7874    22.7877    22.7895       0.00    191.383    190.177         50 0.0000e+00
       7053    293.839      9.934     10.000    28.5995    28.6166   5.799991   5.804593     3.1322     2.6451      15.89   26.59732  -82.69582    0.00028   -0.00058     4.3832     4.3518    28.5971    28.6142    35.7864    35.8055    22.7891    22.7978       0.00    191.394    190.017         54 0.0000e+00
       7143    297.569     10.928     11.000    28.6234    28.6348   5.806802   5.809637     3.1321     2.6460      14.95   26.59733  -82.69582    0.00014    0.00018     4.3809     4.3523    28.6208    28.6321    35.8154    35.8266    22.8031    22.8077       0.00    191.290    190.038         40 0.0000e+00
       7229    301.155     11.921     12.000    28.6473    28.6497   5.814081   5.814285     3.1270     2.6414      13.97   26.59734  -82.69582   -0.00148   -0.00026     4.3707     4.3418    28.6444    28.6468    35.8455    35.8476    22.8178    22.8187       0.00    190.840    189.579         32 0.0000e+00
       7385    307.658     13.908     14.000    28.5826    28.6070   5.799213   5.804911     3.1132     2.6332      12.00   26.51184  -82.42992   -0.00027    0.00099     4.3508     4.3299    28.5793    28.6036    35.7686    35.7981    22.7672    22.7856       0.00    189.968    189.059         34 0.0000e+00
       7495    312.269     14.901     15.000    28.7209    28.7154   5.836943   5.834439     3.1149     2.6332      11.11   26.59737  -82.69584   -0.00270   -0.00265     4.3411     4.3196    28.7173    28.7118    35.9502    35.9381    22.8722    22.8655       0.00    189.539    188.601         43 0.0000e+00
       7579    315.734     15.895     16.000    28.7194    28.7253   5.836163   5.838045     3.1111     2.6249      10.19   26.59738  -82.69584   -0.00138   -0.00210     4.3342     4.3027    28.7140    28.7215    35.9468    35.9542    22.8708    22.8739       0.00    189.236    187.863         46 0.0000e+00
       7664    319.283     16.888     17.000    28.7095    28.7896   5.834490   5.857790     3.1127     2.6270       9.17   26.59738  -82.69584    0.00221    0.00290     4.3391     4.3007    28.7059    28.7855    35.9367    36.0425    22.8659    22.9188       0.00    189.454    187.766         30 0.0000e+00
      10749    447.818     20.861     21.000    28.9206    28.9216   5.886952   5.887215     3.0981     2.6168       5.18   26.66154  -82.89446    0.00051   -0.00027     4.2970     4.2742    28.9155    28.9165    36.1857    36.1868    22.9962    22.9966    1548.31    187.600    186.606         41 0.0000e+00
