Gulf of Mexico/GOMECC-4/1db/drb2103_0121.cnv
* Sea-Bird SBE 9 Data File:
* FileName = C:\Users\scs.user.rb\CTD\GOMECC4\data\rb2103_0122.hex
* Software Version Seasave V 7.26.7.107
* Temperature SN = 4799
* Conductivity SN = 3860
* Number of Bytes Per Scan = 41
* Number of Voltage Words = 4
* Number of Scans Averaged by the Deck Unit = 1
* NMEA Latitude = 26 39.93 N
* NMEA Longitude = 085 00.17 W
* NMEA UTC (Time) = Sep 18 2021  13:28:43
* NMEA baud rate = 4800
# nquan = 28
# nvalues = 379                         
# units = specified
# name 0 = scan: Scan Count
# name 1 = timeS: Time, Elapsed [seconds]
# name 2 = depSM: Depth [salt water, m]
# name 3 = prDM: Pressure, Digiquartz [db]
# name 4 = t090C: Temperature [ITS-90, deg C]
# name 5 = t190C: Temperature, 2 [ITS-90, deg C]
# name 6 = c0S/m: Conductivity [S/m]
# name 7 = c1S/m: Conductivity, 2 [S/m]
# name 8 = sbeox0V: Oxygen raw, SBE 43 [V]
# name 9 = sbeox1V: Oxygen raw, SBE 43, 2 [V]
# name 10 = altM: Altimeter [m]
# name 11 = latitude: Latitude [deg]
# name 12 = longitude: Longitude [deg]
# name 13 = sbox0dV/dT: Oxygen, SBE 43 [dov/dt]
# name 14 = sbox1dV/dT: Oxygen, SBE 43, 2 [dov/dt]
# name 15 = sbeox0ML/L: Oxygen, SBE 43 [ml/l], WS = 5
# name 16 = sbeox1ML/L: Oxygen, SBE 43, 2 [ml/l], WS = 5
# name 17 = potemp090C: Potential Temperature [ITS-90, deg C]
# name 18 = potemp190C: Potential Temperature, 2 [ITS-90, deg C]
# name 19 = sal00: Salinity, Practical [PSU]
# name 20 = sal11: Salinity, Practical, 2 [PSU]
# name 21 = sigma-é00: Density [sigma-theta, kg/m^3]
# name 22 = sigma-é11: Density, 2 [sigma-theta, kg/m^3]
# name 23 = avgsvCM: Average Sound Velocity [Chen-Millero, m/s], minP = 20, minS = 20
# name 24 = sbox0Mm/Kg: Oxygen, SBE 43 [umol/kg], WS = 5
# name 25 = sbox1Mm/Kg: Oxygen, SBE 43, 2 [umol/kg], WS = 5
# name 26 = nbin: number of scans per bin
# name 27 = flag: flag
# span 0 =       5059,     101561       
# span 1 =    210.765,   4231.666       
# span 2 =      3.974,   3276.439       
# span 3 =      4.000,   3324.000       
# span 4 =     4.3024,    30.4335       
# span 5 =     4.3032,    30.4349       
# span 6 =   3.349275,   5.995744       
# span 7 =   3.349245,   5.995962       
# span 8 =     1.6203,     3.1448       
# span 9 =     1.3286,     2.6778       
# span 10 =      10.29,     106.59      
# span 11 =   26.57926,   26.66546      
# span 12 =  -85.00765,  -84.72906      
# span 13 =   -0.02639,    0.10622      
# span 14 =   -0.02147,    0.07387      
# span 15 =     2.6209,     4.6987      
# span 16 =     2.6657,     4.7392      
# span 17 =     4.0795,    30.4325      
# span 18 =     4.0808,    30.4326      
# span 19 =    34.2620,    36.7058      
# span 20 =    34.3912,    36.7055      
# span 21 =    21.2240,    27.7600      
# span 22 =    21.3624,    27.7584      
# span 23 =       0.00,    1544.32      
# span 24 =    113.956,    204.177      
# span 25 =    115.903,    205.939      
# span 26 =         30,         79      
# span 27 = 0.0000e+00, 0.0000e+00      
# interval = decibars: 1                
# start_time = Sep 18 2021 13:28:43 [NMEA time, header]
# bad_flag = -9.990e-29
*END*
[from data line 259]
      55012   2292.130   1633.720   1651.000     4.3158     4.3163   3.353283   3.353217     1.9300     1.6167     100.00   26.66378  -85.00506   -0.00011   -0.00024     4.6335     4.6930     4.1778     4.1783    34.9686    34.9673    27.7424    27.7413    1496.24    201.348    203.933         30 0.0000e+00
      55491   2312.093   1652.447   1670.000     4.3130     4.3137   3.353850   3.353798     1.9295     1.6162      84.85   26.66381  -85.00524   -0.00006   -0.00002     4.6434     4.7032     4.1732     4.1739    34.9690    34.9676    27.7432    27.7421    1496.23    201.776    204.373         30 0.0000e+00
      57753   2406.338   1741.132   1760.000     4.3024     4.3032   3.356686   3.356628     1.9203     1.6080     100.00   26.66372  -85.00517   -0.00003   -0.00002     4.6636     4.7251     4.1541     4.1548    34.9700    34.9686    27.7461    27.7448    1496.23    202.654    205.327         32 0.0000e+00
      57904   2412.645   1747.043   1766.000     4.3031     4.3037   3.357006   3.356952     1.9194     1.6067     100.00   26.66389  -85.00569   -0.00010   -0.00012     4.6637     4.7233     4.1542     4.1548    34.9702    34.9689    27.7462    27.7451    1496.25    202.658    205.247         30 0.0000e+00
      58584   2440.962   1773.640   1793.000     4.3047     4.3054   3.358269   3.358207     1.9147     1.6021     100.00   26.66393  -85.00593   -0.00013   -0.00031     4.6616     4.7200     4.1531     4.1538    34.9704    34.9690    27.7465    27.7453    1496.26    202.567    205.107         31 0.0000e+00
      58737   2447.338   1779.551   1799.000     4.3050     4.3057   3.358562   3.358506     1.9140     1.6019     100.00   26.66415  -85.00665   -0.00015    0.00002     4.6623     4.7228     4.1528     4.1535    34.9707    34.9693    27.7467    27.7455    1496.28    202.598    205.228         32 0.0000e+00
      58860   2452.473   1784.476   1804.000     4.3047     4.3054   3.358735   3.358678     1.9132     1.6005     100.00   26.66404  -85.00630   -0.00017   -0.00029     4.6624     4.7202     4.1521     4.1528    34.9706    34.9692    27.7467    27.7456    1496.28    202.602    205.112         31 0.0000e+00
      60041   2501.686   1830.764   1851.000     4.3061     4.3068   3.360771   3.360718     1.9061     1.5945     100.00   26.66385  -85.00580   -0.00017   -0.00001     4.6628     4.7231     4.1489     4.1495    34.9705    34.9692    27.7470    27.7459    1496.31    202.618    205.240         30 0.0000e+00
      60542   2522.555   1850.459   1871.000     4.3059     4.3066   3.361539   3.361484     1.9027     1.5921     100.00   26.66354  -85.00488   -0.00024   -0.00000     4.6616     4.7254     4.1467     4.1474    34.9702    34.9688    27.7470    27.7459    1496.32    202.569    205.341         33 0.0000e+00
      60692   2528.807   1856.367   1877.000     4.3059     4.3065   3.361778   3.361719     1.9022     1.5910     100.00   26.66356  -85.00494   -0.00008   -0.00013     4.6633     4.7240     4.1461     4.1467    34.9702    34.9688    27.7471    27.7459    1496.33    202.639    205.280         31 0.0000e+00
      60724   2530.121   1857.351   1878.000     4.3060     4.3067   3.361869   3.361809     1.9023     1.5908      61.75   26.66384  -85.00586    0.00001   -0.00010     4.6641     4.7240     4.1461     4.1468    34.9707    34.9692    27.7475    27.7462    1496.35    202.675    205.279         30 0.0000e+00
      60873   2536.316   1863.259   1884.000     4.3058     4.3065   3.362132   3.362074     1.9015     1.5898      99.99   26.66409  -85.00667   -0.00016   -0.00011     4.6645     4.7233     4.1453     4.1460    34.9711    34.9697    27.7479    27.7467    1496.37    202.691    205.249         31 0.0000e+00
      61022   2542.553   1869.167   1890.000     4.3061     4.3067   3.362380   3.362316     1.9005     1.5888      88.66   26.66396  -85.00625   -0.00009   -0.00021     4.6644     4.7228     4.1450     4.1456    34.9709    34.9695    27.7477    27.7465    1496.38    202.686    205.227         33 0.0000e+00
      61525   2563.495   1888.858   1910.000     4.3041     4.3048   3.363006   3.362961     1.8979     1.5871     100.00   26.66377  -85.00571   -0.00023   -0.00003     4.6663     4.7278     4.1410     4.1418    34.9708    34.9695    27.7481    27.7470    1496.40    202.771    205.444         31 0.0000e+00
      62909   2621.186   1942.998   1965.000     4.3060     4.3066   3.365431   3.365364     1.8901     1.5785     100.00   26.66376  -85.00588   -0.00007   -0.00028     4.6682     4.7245     4.1375     4.1381    34.9712    34.9697    27.7488    27.7476    1496.50    202.852    205.297         32 0.0000e+00
      64408   2683.634   2001.061   2024.000     4.3040     4.3048   3.367647   3.367589     1.8826     1.5710     100.00   26.66362  -85.00561   -0.00007   -0.00012     4.6742     4.7284     4.1296     4.1304    34.9714    34.9699    27.7498    27.7485    1496.61    203.115    205.470         34 0.0000e+00
      64563   2690.091   2006.965   2030.000     4.3040     4.3049   3.367937   3.367884     1.8814     1.5702      75.04   26.66402  -85.00689   -0.00017   -0.00024     4.6732     4.7285     4.1290     4.1298    34.9720    34.9705    27.7503    27.7490    1496.66    203.069    205.472         32 0.0000e+00
      65047   2710.267   2025.658   2049.000     4.3035     4.3043   3.368646   3.368588     1.8781     1.5677      99.66   26.66391  -85.00656   -0.00019   -0.00035     4.6713     4.7292     4.1266     4.1274    34.9718    34.9704    27.7504    27.7492    1496.69    202.989    205.503         33 0.0000e+00
      65171   2715.397   2030.578   2054.000     4.3039     4.3047   3.368838   3.368786     1.8770     1.5659      89.70   26.66355  -85.00541   -0.00019   -0.00021     4.6698     4.7243     4.1265     4.1273    34.9713    34.9699    27.7501    27.7488    1496.68    202.920    205.291         33 0.0000e+00
      67085   2795.183   2104.353   2129.000     4.3042     4.3050   3.371938   3.371881     1.8680     1.5579     100.00   26.66366  -85.00592   -0.00005   -0.00003     4.6790     4.7351     4.1192     4.1200    34.9722    34.9707    27.7515    27.7502    1496.90    203.320    205.761         30 0.0000e+00
      67211   2800.426   2109.271   2134.000     4.3047     4.3055   3.372160   3.372110     1.8671     1.5574      95.98   26.66359  -85.00572   -0.00016   -0.00020     4.6781     4.7358     4.1191     4.1199    34.9720    34.9706    27.7514    27.7502    1496.91    203.284    205.790         30 0.0000e+00
      68258   2844.045   2149.589   2175.000     4.3036     4.3044   3.373717   3.373662     1.8614     1.5516      65.35   26.66352  -85.00560   -0.00010   -0.00010     4.6800     4.7355     4.1138     4.1147    34.9723    34.9708    27.7522    27.7509    1497.03    203.365    205.779         32 0.0000e+00
      68413   2850.500   2155.489   2181.000     4.3041     4.3049   3.374039   3.373981     1.8606     1.5506      91.45   26.66388  -85.00674   -0.00014   -0.00004     4.6803     4.7350     4.1137     4.1145    34.9727    34.9712    27.7526    27.7512    1497.07    203.379    205.754         34 0.0000e+00
      68565   2856.854   2161.388   2187.000     4.3047     4.3055   3.374335   3.374276     1.8601     1.5496      60.82   26.66387  -85.00675   -0.00009   -0.00018     4.6815     4.7337     4.1137     4.1145    34.9728    34.9712    27.7526    27.7513    1497.09    203.432    205.698         31 0.0000e+00
      69739   2905.738   2206.613   2233.000     4.3070     4.3079   3.376352   3.376292     1.8536     1.5438      92.06   26.66353  -85.00582   -0.00014   -0.00015     4.6827     4.7362     4.1113     4.1121    34.9726    34.9710    27.7527    27.7514    1497.22    203.481    205.807         33 0.0000e+00
      69862   2910.873   2211.528   2238.000     4.3074     4.3083   3.376573   3.376514     1.8529     1.5433     100.00   26.66343  -85.00552   -0.00015   -0.00000     4.6826     4.7368     4.1111     4.1120    34.9725    34.9709    27.7526    27.7513    1497.23    203.476    205.832         32 0.0000e+00
      69896   2912.292   2212.511   2239.000     4.3075     4.3083   3.376647   3.376583     1.8531     1.5433     100.00   26.66364  -85.00620   -0.00011   -0.00001     4.6842     4.7372     4.1111     4.1119    34.9728    34.9712    27.7528    27.7515    1497.25    203.548    205.851         33 0.0000e+00
      70017   2917.340   2217.426   2244.000     4.3079     4.3088   3.376873   3.376819     1.8520     1.5422      99.68   26.66351  -85.00579   -0.00011   -0.00024     4.6824     4.7355     4.1110     4.1119    34.9727    34.9711    27.7528    27.7515    1497.26    203.470    205.777         30 0.0000e+00
      70171   2923.750   2223.323   2250.000     4.3080     4.3088   3.377102   3.377052     1.8510     1.5421     100.00   26.66345  -85.00559   -0.00010   -0.00002     4.6819     4.7386     4.1105     4.1113    34.9725    34.9710    27.7527    27.7514    1497.28    203.448    205.914         30 0.0000e+00
      70787   2949.415   2246.913   2274.000     4.3093     4.3101   3.378220   3.378163     1.8475     1.5385      86.25   26.66379  -85.00677   -0.00020   -0.00017     4.6818     4.7369     4.1092     4.1100    34.9732    34.9717    27.7533    27.7521    1497.38    203.442    205.837         30 0.0000e+00
      70914   2954.701   2251.827   2279.000     4.3090     4.3098   3.378389   3.378336     1.8473     1.5383     100.00   26.66374  -85.00661   -0.00012    0.00001     4.6842     4.7392     4.1084     4.1093    34.9732    34.9716    27.7534    27.7521    1497.40    203.546    205.939         30 0.0000e+00
      71861   2994.149   2288.189   2316.000     4.3106     4.3114   3.379994   3.379934     1.8425     1.5330     100.00   26.66363  -85.00637    0.00004   -0.00019     4.6863     4.7378     4.1061     4.1070    34.9732    34.9716    27.7537    27.7523    1497.53    203.640    205.879         30 0.0000e+00
      72557   3023.174   2314.719   2343.000     4.3121     4.3130   3.381184   3.381129     1.8381     1.5294      72.50   26.66346  -85.00593   -0.00012   -0.00014     4.6840     4.7378     4.1048     4.1057    34.9731    34.9716    27.7538    27.7525    1497.62    203.540    205.879         30 0.0000e+00
      72588   3024.466   2315.701   2344.000     4.3122     4.3131   3.381244   3.381192     1.8380     1.5291      96.70   26.66358  -85.00630   -0.00030   -0.00018     4.6841     4.7372     4.1048     4.1057    34.9732    34.9717    27.7539    27.7526    1497.63    203.544    205.851         30 0.0000e+00
      72843   3035.097   2325.526   2354.000     4.3130     4.3140   3.381709   3.381655     1.8364     1.5278      60.12   26.66352  -85.00611   -0.00032   -0.00027     4.6835     4.7373     4.1046     4.1055    34.9732    34.9716    27.7539    27.7525    1497.67    203.519    205.853         30 0.0000e+00
      73156   3048.125   2337.316   2366.000     4.3145     4.3154   3.382311   3.382262     1.8347     1.5260     100.00   26.66358  -85.00631   -0.00022   -0.00009     4.6835     4.7362     4.1047     4.1057    34.9732    34.9717    27.7539    27.7526    1497.72    203.517    205.806         31 0.0000e+00
      73806   3075.202   2361.875   2391.000     4.3166     4.3174   3.383498   3.383437     1.8315     1.5224     100.00   26.66369  -85.00674    0.00002   -0.00012     4.6848     4.7348     4.1041     4.1050    34.9735    34.9719    27.7542    27.7528    1497.83    203.573    205.746         30 0.0000e+00
      77225   3217.672   2491.502   2523.000     4.3251     4.3261   3.389423   3.389367     1.8122     1.5047     100.00   26.66333  -85.00609   -0.00017    0.00000     4.6819     4.7335     4.0985     4.0995    34.9737    34.9721    27.7549    27.7535    1498.38    203.446    205.688         30 0.0000e+00
      77353   3222.990   2496.411   2528.000     4.3255     4.3265   3.389659   3.389601     1.8121     1.5043     100.00   26.66338  -85.00626   -0.00006   -0.00006     4.6843     4.7346     4.0984     4.0994    34.9738    34.9721    27.7550    27.7536    1498.40    203.553    205.738         31 0.0000e+00
      80622   3359.221   2620.070   2654.000     4.3328     4.3339   3.395201   3.395150     1.7939     1.4868     100.00   26.66331  -85.00645   -0.00020   -0.00005     4.6813     4.7286     4.0919     4.0929    34.9742    34.9725    27.7561    27.7546    1498.99    203.421    205.477         30 0.0000e+00
      81439   3393.235   2650.483   2685.000     4.3350     4.3360   3.396620   3.396546     1.7897     1.4834     100.00   26.66343  -85.00683   -0.00016   -0.00003     4.6814     4.7312     4.0907     4.0917    34.9746    34.9728    27.7565    27.7549    1499.15    203.425    205.588         30 0.0000e+00
      82200   3424.976   2678.930   2714.000     4.3373     4.3384   3.397920   3.397873     1.7856     1.4794      68.17   26.66334  -85.00665    0.00003   -0.00010     4.6809     4.7298     4.0897     4.0908    34.9745    34.9728    27.7565    27.7550    1499.29    203.403    205.529         30 0.0000e+00
      83894   3495.558   2743.658   2780.000     4.3427     4.3439   3.400949   3.400898     1.7767     1.4701     100.00   26.66329  -85.00669   -0.00027   -0.00025     4.6808     4.7253     4.0877     4.0890    34.9749    34.9730    27.7570    27.7554    1499.63    203.399    205.333         30 0.0000e+00
      84693   3528.840   2775.034   2812.000     4.3454     4.3465   3.402403   3.402350     1.7723     1.4662     100.00   26.66319  -85.00649   -0.00008   -0.00006     4.6803     4.7256     4.0868     4.0880    34.9748    34.9730    27.7571    27.7555    1499.79    203.375    205.345         30 0.0000e+00
      85494   3562.227   2806.406   2844.000     4.3483     4.3495   3.403892   3.403835     1.7680     1.4617     100.00   26.66326  -85.00683   -0.00011   -0.00009     4.6803     4.7232     4.0861     4.0873    34.9751    34.9732    27.7573    27.7557    1499.97    203.377    205.241         30 0.0000e+00
      85648   3568.608   2812.288   2850.000     4.3489     4.3501   3.404192   3.404133     1.7672     1.4613     100.00   26.66331  -85.00697   -0.00026   -0.00007     4.6802     4.7247     4.0861     4.0873    34.9752    34.9733    27.7575    27.7558    1500.00    203.371    205.308         30 0.0000e+00
      95633   3984.682   3198.170   3244.000     4.3883     4.3895   3.422514   3.422456     1.7192     1.4152      88.05   26.66267  -85.00588   -0.00005   -0.00006     4.6943     4.7319     4.0796     4.0808    34.9766    34.9747    27.7592    27.7576    1502.23    203.984    205.620         39 0.0000e+00
      95700   3987.446   3199.149   3245.000     4.3886     4.3898   3.422614   3.422560     1.7192     1.4149      86.93   26.66312  -85.00734   -0.00002   -0.00008     4.6946     4.7311     4.0798     4.0810    34.9771    34.9752    27.7596    27.7580    1502.26    204.000    205.585         41 0.0000e+00
      95767   3990.267   3200.127   3246.000     4.3887     4.3899   3.422659   3.422611     1.7190     1.4145      86.16   26.66312  -85.00734   -0.00005   -0.00007     4.6942     4.7297     4.0797     4.0809    34.9771    34.9753    27.7596    27.7581    1502.27    203.981    205.523         38 0.0000e+00
      95802   3991.721   3201.106   3247.000     4.3888     4.3900   3.422706   3.422660     1.7188     1.4143      85.10   26.66310  -85.00734   -0.00009   -0.00017     4.6940     4.7291     4.0797     4.0809    34.9771    34.9753    27.7596    27.7581    1502.28    203.970    205.497         36 0.0000e+00
      95856   3993.971   3202.084   3248.000     4.3889     4.3902   3.422752   3.422701     1.7187     1.4141      84.05   26.66310  -85.00734   -0.00005   -0.00013     4.6940     4.7289     4.0798     4.0809    34.9770    34.9752    27.7596    27.7580    1502.28    203.973    205.487         63 0.0000e+00
