Gulf of Mexico/GOMECC-4/1db/drb2103_0771.cnv
* Sea-Bird SBE 9 Data File:
* FileName = C:\Users\scs.user.rb\CTD\GOMECC4\data\rb2103_0771.hex
* Software Version Seasave V 7.26.7.107
* Temperature SN = 4799
* Conductivity SN = 3860
* Number of Bytes Per Scan = 41
* Number of Voltage Words = 4
* Number of Scans Averaged by the Deck Unit = 1
* NMEA Latitude = 22 16.39 N
* NMEA Longitude = 097 32.73 W
* NMEA UTC (Time) = Oct 06 2021  01:30:55
* NMEA baud rate = 4800
# nquan = 28
# nvalues = 37                          
# units = specified
# name 0 = scan: Scan Count
# name 1 = timeS: Time, Elapsed [seconds]
# name 2 = depSM: Depth [salt water, m]
# name 3 = prDM: Pressure, Digiquartz [db]
# name 4 = t090C: Temperature [ITS-90, deg C]
# name 5 = t190C: Temperature, 2 [ITS-90, deg C]
# name 6 = c0S/m: Conductivity [S/m]
# name 7 = c1S/m: Conductivity, 2 [S/m]
# name 8 = sbeox0V: Oxygen raw, SBE 43 [V]
# name 9 = sbeox1V: Oxygen raw, SBE 43, 2 [V]
# name 10 = altM: Altimeter [m]
# name 11 = latitude: Latitude [deg]
# name 12 = longitude: Longitude [deg]
# name 13 = sbox0dV/dT: Oxygen, SBE 43 [dov/dt]
# name 14 = sbox1dV/dT: Oxygen, SBE 43, 2 [dov/dt]
# name 15 = sbeox0ML/L: Oxygen, SBE 43 [ml/l], WS = 5
# name 16 = sbeox1ML/L: Oxygen, SBE 43, 2 [ml/l], WS = 5
# name 17 = potemp090C: Potential Temperature [ITS-90, deg C]
# name 18 = potemp190C: Potential Temperature, 2 [ITS-90, deg C]
# name 19 = sal00: Salinity, Practical [PSU]
# name 20 = sal11: Salinity, Practical, 2 [PSU]
# name 21 = sigma-é00: Density [sigma-theta, kg/m^3]
# name 22 = sigma-é11: Density, 2 [sigma-theta, kg/m^3]
# name 23 = avgsvCM: Average Sound Velocity [Chen-Millero, m/s], minP = 20, minS = 20
# name 24 = sbox0Mm/Kg: Oxygen, SBE 43 [umol/kg], WS = 5
# name 25 = sbox1Mm/Kg: Oxygen, SBE 43, 2 [umol/kg], WS = 5
# name 26 = nbin: number of scans per bin
# name 27 = flag: flag
# span 0 =      17927,      21237       
# span 1 =    746.919,    884.824       
# span 2 =      3.975,     43.720       
# span 3 =      4.000,     44.000       
# span 4 =    26.4414,    29.7191       
# span 5 =    26.4552,    29.7183       
# span 6 =   5.634794,   5.985142       
# span 7 =   5.636551,   5.985026       
# span 8 =     3.1335,     3.3358       
# span 9 =     2.6463,     2.8477       
# span 10 =       9.46,      47.94      
# span 11 =   22.17586,   22.33120      
# span 12 =  -97.79992,  -97.11965      
# span 13 =   -0.01131,    0.00454      
# span 14 =   -0.00808,    0.00672      
# span 15 =     4.3136,     4.9051      
# span 16 =     4.2875,     4.9040      
# span 17 =    26.4315,    29.7112      
# span 18 =    26.4453,    29.7104      
# span 19 =    35.8307,    36.3816      
# span 20 =    35.8315,    36.3838      
# span 21 =    22.5135,    23.8526      
# span 22 =    22.5137,    23.8503      
# span 23 =       0.00,    1553.60      
# span 24 =    188.388,    213.986      
# span 25 =    187.245,    213.935      
# span 26 =         36,         70      
# span 27 = 0.0000e+00, 0.0000e+00      
# interval = decibars: 1                
# start_time = Oct 06 2021 01:30:55 [NMEA time, header]
# bad_flag = -9.990e-29
*END*
      17927    746.919      3.975      4.000    29.5721    29.5740   5.934670   5.935035     3.1493     2.6628      47.94   22.27324  -97.54620   -0.00012   -0.00028     4.3314     4.3112    29.5711    29.5730    35.9872    35.9882    22.6128    22.6129       0.00    189.165    188.281         59 0.0000e+00
      18318    763.198      4.969      5.000    29.5725    29.5743   5.934796   5.935155     3.1505     2.6659      47.09   22.27324  -97.54620   -0.00043   -0.00006     4.3341     4.3179    29.5712    29.5731    35.9875    35.9885    22.6130    22.6131       0.00    189.281    188.573         43 0.0000e+00
      18364    765.130      5.962      6.000    29.5753    29.5776   5.935230   5.935638     3.1525     2.6644      46.35   22.27324  -97.54620    0.00049   -0.00031     4.3380     4.3152    29.5738    29.5761    35.9880    35.9891    22.6125    22.6125       0.00    189.452    188.454         40 0.0000e+00
      18450    768.709      6.956      7.000    29.5770    29.5786   5.935576   5.935887     3.1497     2.6635      45.20   22.27324  -97.54620   -0.00074    0.00003     4.3333     4.3139    29.5753    29.5769    35.9888    35.9897    22.6126    22.6128       0.00    189.246    188.398         39 0.0000e+00
      18494    770.527      7.950      8.000    29.5759    29.5771   5.935377   5.935639     3.1479     2.6626      44.41   22.27326  -97.54620   -0.00036   -0.00136     4.3308     4.3127    29.5739    29.5751    35.9880    35.9889    22.6124    22.6127       0.00    189.138    188.346         41 0.0000e+00
      18569    773.684      8.944      9.000    29.5761    29.5776   5.935503   5.935771     3.1498     2.6659      43.34   22.27325  -97.54621    0.00055    0.00105     4.3346     4.3197    29.5739    29.5754    35.9884    35.9891    22.6128    22.6128       0.00    189.301    188.653         52 0.0000e+00
      18624    775.968      9.937     10.000    29.5762    29.5776   5.935473   5.935766     3.1496     2.6606      42.35   22.27326  -97.54622    0.00017   -0.00123     4.3348     4.3096    29.5737    29.5751    35.9878    35.9888    22.6124    22.6126       0.00    189.312    188.211         59 0.0000e+00
      18675    778.096     10.931     11.000    29.5765    29.5777   5.935540   5.935764     3.1486     2.6624      41.33   22.27326  -97.54622   -0.00040   -0.00097     4.3335     4.3138    29.5738    29.5750    35.9878    35.9884    22.6123    22.6124       0.00    189.253    188.396         45 0.0000e+00
      18738    780.710     11.925     12.000    29.5771    29.5784   5.935672   5.935947     3.1488     2.6625      40.35   22.27326  -97.54622   -0.00017    0.00082     4.3343     4.3145    29.5742    29.5754    35.9879    35.9888    22.6123    22.6126       0.00    189.291    188.423         46 0.0000e+00
      18768    781.972     13.912     14.000    29.4484    29.4495   5.909894   5.910135     3.1335     2.6463      38.19   22.17586  -97.11965   -0.00070   -0.00157     4.3136     4.2875    29.4450    29.4461    35.8307    35.8315    22.5135    22.5137       0.00    188.388    187.245         66 0.0000e+00
      18914    788.045     14.906     15.000    29.5797    29.5807   5.936229   5.936434     3.1487     2.6619      37.40   22.27326  -97.54622    0.00052    0.00098     4.3355     4.3146    29.5760    29.5770    35.9889    35.9896    22.6124    22.6126       0.00    189.341    188.429         57 0.0000e+00
      18965    790.186     15.899     16.000    29.5796    29.5816   5.936220   5.936647     3.1491     2.6613      36.51   22.27326  -97.54622    0.00016    0.00044     4.3367     4.3139    29.5756    29.5777    35.9887    35.9900    22.6124    22.6127       0.00    189.394    188.397         48 0.0000e+00
      19018    792.375     16.893     17.000    29.5795    29.5815   5.936207   5.936590     3.1456     2.6604      35.47   22.27326  -97.54622   -0.00079   -0.00037     4.3310     4.3125    29.5753    29.5773    35.9883    35.9895    22.6122    22.6124       0.00    189.147    188.340         65 0.0000e+00
      19086    795.202     17.887     18.000    29.5832    29.5833   5.937041   5.937162     3.1462     2.6573      34.52   22.27326  -97.54622   -0.00047   -0.00108     4.3321     4.3069    29.5788    29.5789    35.9908    35.9908    22.6129    22.6128       0.00    189.195    188.093         56 0.0000e+00
      19133    797.171     18.880     19.000    29.5911    29.5891   5.938922   5.938571     3.1478     2.6632      33.63   22.27326  -97.54622    0.00079    0.00142     4.3349     4.3185    29.5865    29.5844    35.9976    35.9953    22.6154    22.6144       0.00    189.317    188.598         49 0.0000e+00
      19188    799.465     19.874     20.000    29.5872    29.5876   5.938238   5.938259     3.1475     2.6618      32.57   22.27325  -97.54622    0.00045    0.00059     4.3351     4.3163    29.5823    29.5826    35.9956    35.9955    22.6153    22.6151     762.36    189.326    188.502         59 0.0000e+00
      19252    802.129     20.867     21.000    29.5921    29.5908   5.939933   5.939455     3.1449     2.6591      31.67   22.27326  -97.54623   -0.00124   -0.00111     4.3304     4.3112    29.5870    29.5857    36.0032    36.0009    22.6194    22.6182    1553.60    189.120    188.278         68 0.0000e+00
      19309    804.511     21.861     22.000    29.6054    29.6060   5.943445   5.943568     3.1459     2.6576      30.74   22.27326  -97.54624    0.00075   -0.00061     4.3314     4.3070    29.6000    29.6006    36.0175    36.0176    22.6258    22.6256    1546.13    189.162    188.095         43 0.0000e+00
      19349    806.162     22.855     23.000    29.6059    29.6076   5.943781   5.944225     3.1460     2.6580      29.82   22.27326  -97.54624   -0.00001   -0.00045     4.3320     4.3084    29.6002    29.6019    36.0187    36.0204    22.6266    22.6272    1546.13    189.187    188.154         45 0.0000e+00
      19429    809.517     23.849     24.000    29.6129    29.6148   5.947463   5.947978     3.1462     2.6628      28.75   22.27326  -97.54624    0.00034    0.00205     4.3319     4.3174    29.6070    29.6089    36.0383    36.0404    22.6390    22.6399    1546.14    189.181    188.546         36 0.0000e+00
      19475    811.400     24.842     25.000    29.6142    29.6167   5.948079   5.948901     3.1456     2.6600      28.04   22.27326  -97.54624   -0.00062   -0.00097     4.3303     4.3121    29.6080    29.6106    36.0413    36.0451    22.6409    22.6429    1546.15    189.108    188.316         38 0.0000e+00
      19524    813.464     25.836     26.000    29.6254    29.6266   5.955777   5.955725     3.1461     2.6594      26.77   22.27326  -97.54624    0.00022   -0.00136     4.3302     4.3099    29.6190    29.6202    36.0852    36.0839    22.6701    22.6687    1546.15    189.101    188.212         62 0.0000e+00
      19591    816.251     26.830     27.000    29.6265    29.6283   5.959712   5.959961     3.1452     2.6595      25.84   22.27326  -97.54624   -0.00060    0.00048     4.3289     4.3096    29.6199    29.6217    36.1110    36.1114    22.6892    22.6888    1546.16    189.039    188.197         68 0.0000e+00
      19650    818.694     27.823     28.000    29.6076    29.6098   5.959083   5.959440     3.1432     2.6580      25.00   22.27326  -97.54626   -0.00031   -0.00165     4.3270     4.3083    29.6007    29.6029    36.1206    36.1214    22.7029    22.7028    1546.17    188.956    188.137         50 0.0000e+00
      19698    820.718     28.817     29.000    29.6035    29.6053   5.960311   5.960767     3.1440     2.6566      24.00   22.27326  -97.54626   -0.00046    0.00022     4.3291     4.3061    29.5964    29.5981    36.1318    36.1336    22.7128    22.7135    1546.18    189.043    188.039         49 0.0000e+00
      19757    823.146     29.810     30.000    29.6094    29.6107   5.962388   5.962601     3.1453     2.6588      22.97   22.27326  -97.54626    0.00052    0.00027     4.3312     4.3103    29.6021    29.6033    36.1413    36.1418    22.7179    22.7179    1546.19    189.135    188.223         70 0.0000e+00
      19821    825.816     30.804     31.000    29.7096    29.6897   5.982922   5.978866     3.1498     2.6611      22.09   22.27326  -97.54626    0.00103    0.00055     4.3332     4.3098    29.7019    29.6820    36.2077    36.1961    22.7338    22.7317    1546.21    189.218    188.197         49 0.0000e+00
      19868    827.785     31.798     32.000    29.7191    29.7183   5.985142   5.985026     3.1523     2.6640      21.14   22.27326  -97.54626    0.00174    0.00149     4.3348     4.3125    29.7112    29.7104    36.2140    36.2138    22.7354    22.7355    1546.23    189.290    188.314         56 0.0000e+00
      19932    830.468     32.791     33.000    29.6909    29.6961   5.981677   5.982487     3.1535     2.6679      20.09   22.27326  -97.54626    0.00089    0.00180     4.3395     4.3222    29.6827    29.6879    36.2112    36.2128    22.7429    22.7424    1546.25    189.491    188.739         59 0.0000e+00
      19980    832.449     33.785     34.000    29.6199    29.6222   5.972371   5.972776     3.1525     2.6654      19.31   22.27326  -97.54626   -0.00032   -0.00067     4.3437     4.3232    29.6115    29.6138    36.2006    36.2016    22.7593    22.7593    1546.26    189.675    188.778         50 0.0000e+00
      20056    835.629     34.778     35.000    29.6088    29.6072   5.975564   5.976320     3.1643     2.6765      18.19   22.27326  -97.54626    0.00335    0.00311     4.3645     4.3455    29.6002    29.5986    36.2379    36.2420    22.7911    22.7947    1546.27    190.575    189.747         41 0.0000e+00
      20406    850.197     37.759     38.000    29.0701    29.0726   5.920303   5.920635     3.2102     2.7203      15.22   22.24989  -97.44380    0.00313    0.00372     4.4893     4.4715    29.0608    29.0633    36.2384    36.2388    22.9680    22.9675    1544.65    195.986    195.210         45 0.0000e+00
      20563    856.742     38.753     39.000    28.7080    28.7180   5.884096   5.885283     3.2362     2.7436      14.37   22.27328  -97.54627    0.00247    0.00137     4.5629     4.5429    28.6987    28.7086    36.2808    36.2814    23.1269    23.1240    1546.25    199.175    198.304         59 0.0000e+00
      20874    869.694     40.740     41.000    27.6116    27.6816   5.772303   5.780244     3.3263     2.8391      12.47   22.33120  -97.79992    0.00454    0.00672     4.8267     4.8249    27.6021    27.6720    36.3816    36.3838    23.5773    23.5563    1550.15    210.608    210.532         43 0.0000e+00
      20967    873.597     41.733     42.000    26.8877    26.8932   5.685450   5.686689     3.3358     2.8477      11.49   22.27328  -97.54628   -0.00490   -0.00315     4.9051     4.9040    26.8780    26.8836    36.2811    36.2856    23.7221    23.7238    1546.01    213.986    213.935         48 0.0000e+00
      21113    879.649     42.727     43.000    26.5311    26.5788   5.644571   5.650346     3.2615     2.7795      10.37   22.27328  -97.54628   -0.01131   -0.00808     4.7974     4.7885    26.5214    26.5690    36.2653    36.2696    23.8239    23.8120    1545.89    209.265    208.882         45 0.0000e+00
      21237    884.824     43.720     44.000    26.4414    26.4552   5.634794   5.636551     3.2163     2.7444       9.46   22.27328  -97.54628   -0.00426   -0.00294     4.7235     4.7248    26.4315    26.4453    36.2656    36.2664    23.8526    23.8503    1545.76    206.036    206.096         42 0.0000e+00
