Gulf of Mexico/GOMECC-4/1db/drb2103_0391.cnv
* Sea-Bird SBE 9 Data File:
* FileName = C:\Users\scs.user.rb\CTD\GOMECC4\data\rb2103_0391.hex
* Software Version Seasave V 7.26.7.107
* Temperature SN = 4799
* Conductivity SN = 3860
* Number of Bytes Per Scan = 41
* Number of Voltage Words = 4
* Number of Scans Averaged by the Deck Unit = 1
* NMEA Latitude = 27 44.23 N
* NMEA Longitude = 089 59.91 W
* NMEA UTC (Time) = Sep 25 2021  20:49:51
* NMEA baud rate = 4800
# nquan = 28
# nvalues = 304                         
# units = specified
# name 0 = scan: Scan Count
# name 1 = timeS: Time, Elapsed [seconds]
# name 2 = depSM: Depth [salt water, m]
# name 3 = prDM: Pressure, Digiquartz [db]
# name 4 = t090C: Temperature [ITS-90, deg C]
# name 5 = t190C: Temperature, 2 [ITS-90, deg C]
# name 6 = c0S/m: Conductivity [S/m]
# name 7 = c1S/m: Conductivity, 2 [S/m]
# name 8 = sbeox0V: Oxygen raw, SBE 43 [V]
# name 9 = sbeox1V: Oxygen raw, SBE 43, 2 [V]
# name 10 = altM: Altimeter [m]
# name 11 = latitude: Latitude [deg]
# name 12 = longitude: Longitude [deg]
# name 13 = sbox0dV/dT: Oxygen, SBE 43 [dov/dt]
# name 14 = sbox1dV/dT: Oxygen, SBE 43, 2 [dov/dt]
# name 15 = sbeox0ML/L: Oxygen, SBE 43 [ml/l], WS = 5
# name 16 = sbeox1ML/L: Oxygen, SBE 43, 2 [ml/l], WS = 5
# name 17 = potemp090C: Potential Temperature [ITS-90, deg C]
# name 18 = potemp190C: Potential Temperature, 2 [ITS-90, deg C]
# name 19 = sal00: Salinity, Practical [PSU]
# name 20 = sal11: Salinity, Practical, 2 [PSU]
# name 21 = sigma-é00: Density [sigma-theta, kg/m^3]
# name 22 = sigma-é11: Density, 2 [sigma-theta, kg/m^3]
# name 23 = avgsvCM: Average Sound Velocity [Chen-Millero, m/s], minP = 20, minS = 20
# name 24 = sbox0Mm/Kg: Oxygen, SBE 43 [umol/kg], WS = 5
# name 25 = sbox1Mm/Kg: Oxygen, SBE 43, 2 [umol/kg], WS = 5
# name 26 = nbin: number of scans per bin
# name 27 = flag: flag
# span 0 =       6972,     204711       
# span 1 =    290.479,   8528.424       
# span 2 =      5.960,    941.546       
# span 3 =      4.000,    950.000       
# span 4 =     5.5766,   833.2382       
# span 5 =     5.5767,   833.2580       
# span 6 =   3.433148, 171.458437       
# span 7 =   3.433056, 171.464385       
# span 8 =     1.6131,    91.4584       
# span 9 =     1.3185,    77.7876       
# span 10 =      10.54,    2507.85      
# span 11 =   27.19040,  811.80593      
# span 12 =-2634.04879,  -88.22409      
# span 13 =   -0.03628,    0.03879      
# span 14 =   -0.03551,    0.03946      
# span 15 =     2.6102,   127.7504      
# span 16 =     2.6418,   127.9958      
# span 17 =     5.4931,   833.2033      
# span 18 =     5.4932,   833.2231      
# span 19 =    34.9070,  1062.2220      
# span 20 =    34.9063,  1062.2479      
# span 21 =    22.7553,   679.3897      
# span 22 =    22.7556,   679.4033      
# span 23 =       0.00,    1565.91      
# span 24 =    113.493,   5575.904      
# span 25 =    114.864,   5586.616      
# span 26 =         30,         65      
# span 27 = 0.0000e+00, 0.0000e+00      
# interval = decibars: 1                
# start_time = Sep 25 2021 20:49:51 [NMEA time, header]
# bad_flag = -9.990e-29
*END*
[from data line 52]
       9997    416.487     62.573     63.000    25.1486    25.1457   5.547743   5.547773     2.9060     2.4701     100.15   27.73766  -89.99926   -0.00883   -0.00837     4.2317     4.2455    25.1348    25.1321    36.6512    36.6530    24.5484    24.5503    1542.35    184.460    185.059         45 0.0000e+00
      10035    418.081     63.566     64.000    25.0203    25.0178   5.536757   5.536704     2.8838     2.4444     100.00   27.73766  -89.99926   -0.01138   -0.01142     4.1985     4.1996    25.0063    25.0038    36.6730    36.6747    24.6043    24.6063    1542.28    183.002    183.050         36 0.0000e+00
      10084    420.144     64.559     65.000    24.8631    24.8612   5.517801   5.517779     2.8411     2.4065     100.00   27.73766  -89.99926   -0.01747   -0.01745     4.1284     4.1303    24.8490    24.8471    36.6587    36.6601    24.6415    24.6432    1542.19    179.940    180.021         49 0.0000e+00
      10151    422.926     65.552     66.000    24.7177    24.7107   5.500243   5.499717     2.8297     2.4032     100.00   27.73766  -89.99927   -0.00727   -0.00457     4.1180     4.1346    24.7034    24.6965    36.6451    36.6468    24.6755    24.6790    1542.11    179.482    180.202         39 0.0000e+00
      10181    424.153     66.545     67.000    24.4185    24.4160   5.467486   5.467508     2.8275     2.4030     100.00   27.73766  -89.99928   -0.00251    0.00048     4.1370     4.1558    24.4041    24.4017    36.6424    36.6446    24.7641    24.7665    1542.03    180.293    181.114         30 0.0000e+00
      10231    426.237     67.538     68.000    24.3480    24.3434   5.460571   5.460303     2.8271     2.4043      85.93   27.73766  -89.99928   -0.00105    0.00094     4.1419     4.1641    24.3335    24.3289    36.6475    36.6492    24.7893    24.7920    1541.93    180.503    181.468         41 0.0000e+00
      10323    430.065     69.524     70.000    24.2234    24.2210   5.446243   5.446357     2.8101     2.3864      99.95   27.72300  -89.95172   -0.00361   -0.00391     4.1190     4.1346    24.2085    24.2061    36.6356    36.6353    24.8158    24.8161    1540.93    179.498    180.178         35 0.0000e+00
      10367    431.925     70.517     71.000    24.1780    24.1771   5.443551   5.443656     2.7965     2.3749     100.00   27.73766  -89.99928   -0.00661   -0.00766     4.0958     4.1133    24.1629    24.1620    36.6570    36.6586    24.8477    24.8492    1541.66    178.483    179.246         45 0.0000e+00
      10413    433.850     71.510     72.000    24.0882    24.0828   5.434686   5.434376     2.7788     2.3613      64.42   27.73766  -89.99928   -0.00902   -0.00738     4.0679     4.0908    24.0729    24.0675    36.6632    36.6653    24.8794    24.8825    1541.57    177.264    178.257         43 0.0000e+00
      10531    438.745     75.482     76.000    23.5352    23.5335   5.385449   5.385578     2.6214     2.2058      99.97   27.72944  -89.97262   -0.03628   -0.03551     3.7957     3.7874    23.5193    23.5177    36.7383    36.7407    25.0994    25.1017    1540.73    165.364    165.002         35 0.0000e+00
      10574    440.535     76.475     77.000    23.3404    23.3319   5.365557   5.364830     2.5720     2.1680     100.00   27.73766  -89.99930   -0.03623   -0.03223     3.7109     3.7178    23.3244    23.3159    36.7513    36.7527    25.1678    25.1714    1541.09    161.658    161.960         44 0.0000e+00
      10612    442.143     77.468     78.000    23.2292    23.2299   5.352367   5.352627     2.5496     2.1552     100.00   27.73766  -89.99930   -0.02636   -0.01794     3.6745     3.6968    23.2130    23.2138    36.7418    36.7437    25.1932    25.1946    1540.99    160.071    161.043         31 0.0000e+00
      10689    445.320     80.447     81.000    23.1388    23.1377   5.340685   5.340787     2.5441     2.1503      99.94   27.72126  -89.94604   -0.00201   -0.00095     3.6708     3.6932    23.1220    23.1209    36.7171    36.7188    25.1987    25.2003    1539.79    159.908    160.884         39 0.0000e+00
      10739    447.396     81.440     82.000    23.0705    23.0662   5.335217   5.335022     2.5427     2.1505     100.00   27.73768  -89.99930   -0.00102   -0.00179     3.6732     3.6988    23.0536    23.0493    36.7402    36.7422    25.2385    25.2413    1540.60    160.008    161.123         45 0.0000e+00
      10775    448.909     82.433     83.000    22.9338    22.9302   5.321795   5.321630     2.5357     2.1458     100.00   27.73768  -89.99930   -0.00226   -0.00114     3.6687     3.6968    22.9168    22.9131    36.7500    36.7518    25.2857    25.2881    1540.51    159.803    161.026         30 0.0000e+00
      10852    452.144     85.412     86.000    22.7439    22.7435   5.298767   5.298929     2.4987     2.1080      93.98   27.72734  -89.96576   -0.01068   -0.01077     3.6083     3.6267    22.7263    22.7260    36.7235    36.7250    25.3192    25.3204    1539.64    157.168    157.965         32 0.0000e+00
      10898    454.043     86.405     87.000    22.7155    22.7143   5.296390   5.296418     2.4852     2.0961      99.86   27.73768  -89.99932   -0.00965   -0.00842     3.5835     3.6026    22.6978    22.6966    36.7338    36.7351    25.3367    25.3380    1540.13    156.085    156.918         53 0.0000e+00
      10943    455.916     87.398     88.000    22.6762    22.6753   5.291862   5.291975     2.4758     2.0848      94.37   27.73768  -89.99932   -0.00708   -0.00707     3.5676     3.5804    22.6583    22.6574    36.7311    36.7328    25.3461    25.3476    1540.03    155.391    155.946         30 0.0000e+00
      11013    458.836     90.377     91.000    22.3384    22.3316   5.247203   5.246463     2.4519     2.0678      99.95   27.72272  -89.95078   -0.00630   -0.00446     3.5451     3.5675    22.3200    22.3133    36.6601    36.6600    25.3879    25.3897    1538.92    154.404    155.378         37 0.0000e+00
      11066    461.030     91.369     92.000    22.1219    22.1168   5.218425   5.218005     2.4383     2.0551     100.00   27.73768  -89.99933   -0.00840   -0.00693     3.5323     3.5530    22.1035    22.0984    36.6198    36.6208    25.4199    25.4221    1539.66    153.843    154.742         53 0.0000e+00
      11178    465.719     95.341     96.000    21.6656    21.6693   5.164039   5.164899     2.4053     2.0265      99.93   27.71963  -89.94078   -0.00682   -0.00586     3.4992     3.5208    21.6467    21.6504    36.5644    36.5681    25.5039    25.5057    1538.22    152.386    153.328         52 0.0000e+00
      11230    467.863     96.334     97.000    21.8145    21.8188   5.193123   5.194463     2.3985     2.0190      90.27   27.73769  -89.99934   -0.00460   -0.00520     3.4702     3.4887    21.7953    21.7995    36.6810    36.6850    25.5534    25.5553    1539.13    151.117    151.925         33 0.0000e+00
      11312    471.286     99.313    100.000    21.8125    21.8118   5.195754   5.195790     2.3736     1.9969      99.99   27.73370  -89.98637   -0.00708   -0.00636     3.4211     3.4415    21.7927    21.7920    36.6976    36.6984    25.5663    25.5671    1538.63    148.977    149.866         30 0.0000e+00
      11345    472.664    100.306    101.000    21.7709    21.7698   5.190134   5.190149     2.3673     1.9936     100.00   27.73770  -89.99934   -0.00697   -0.00516     3.4114     3.4372    21.7509    21.7499    36.6900    36.6910    25.5727    25.5738    1538.76    148.553    149.679         34 0.0000e+00
      11381    474.183    101.299    102.000    21.7196    21.7186   5.182651   5.182256     2.3607     1.9875     100.00   27.73770  -89.99934   -0.00517   -0.00369     3.4046     3.4294    21.6995    21.6985    36.6737    36.6751    25.5748    25.5761    1538.68    148.259    149.340         36 0.0000e+00
      11442    476.719    103.284    104.000    21.3624    21.3622   5.133643   5.133781     2.3374     1.9642      99.98   27.73228  -89.98168   -0.00766   -0.00759     3.3793     3.3982    21.3421    21.3419    36.5836    36.5847    25.6052    25.6061    1538.18    147.149    147.975         34 0.0000e+00
      11477    478.179    104.277    105.000    21.3035    21.3035   5.126300   5.126493     2.3313     1.9590     100.00   27.73772  -89.99936   -0.00800   -0.00762     3.3708     3.3908    21.2831    21.2830    36.5766    36.5782    25.6168    25.6180    1538.39    146.782    147.650         30 0.0000e+00
      11530    480.365    106.263    107.000    21.1816    21.1792   5.108354   5.108193     2.3203     1.9513      99.94   27.72029  -89.94280   -0.00394   -0.00275     3.3571     3.3820    21.1608    21.1584    36.5272    36.5280    25.6106    25.6119    1537.23    146.183    147.266         39 0.0000e+00
      11581    482.492    107.256    108.000    21.1107    21.1093   5.100473   5.100467     2.3145     1.9449     100.00   27.73772  -89.99936   -0.00414   -0.00351     3.3502     3.3723    21.0898    21.0884    36.5325    36.5337    25.6365    25.6378    1538.10    145.879    146.842         43 0.0000e+00
      11693    487.172    111.227    112.000    20.8709    20.8703   5.069880   5.070081     2.2658     1.8977      99.94   27.72139  -89.94630   -0.01082   -0.01074     3.2655     3.2796    20.8494    20.8488    36.4814    36.4835    25.6613    25.6631    1536.82    142.185    142.801         53 0.0000e+00
      11748    489.462    112.220    113.000    20.8723    20.8717   5.072449   5.072546     2.2537     1.8897     100.00   27.73774  -89.99936   -0.01081   -0.00914     3.2398     3.2612    20.8507    20.8500    36.5085    36.5098    25.6837    25.6849    1537.64    141.066    141.996         35 0.0000e+00
      11860    494.144    116.191    117.000    20.8972    20.9005   5.092906   5.093555     2.2406     1.8807      99.99   27.73531  -89.99141   -0.00405   -0.00244     3.2097     3.2376    20.8748    20.8780    36.6503    36.6527    25.7849    25.7859    1537.15    139.741    140.956         60 0.0000e+00
      12023    500.925    121.155    122.000    20.8973    20.8976   5.098236   5.098379     2.2606     1.8983     100.01   27.74067  -90.00875    0.00156    0.00039     3.2533     3.2799    20.8738    20.8741    36.6935    36.6945    25.8187    25.8194    1537.06    141.637    142.795         51 0.0000e+00
      12132    505.464    125.126    126.000    20.7699    20.7706   5.079546   5.079737     2.2488     1.8852      99.94   27.72094  -89.94466   -0.00264   -0.00251     3.2383     3.2589    20.7458    20.7465    36.6413    36.6422    25.8114    25.8119    1535.66    140.982    141.879         38 0.0000e+00
      12183    507.576    126.119    127.000    20.7550    20.7519   5.078933   5.078454     2.2417     1.8782     100.00   27.73780  -89.99936   -0.00454   -0.00494     3.2273     3.2475    20.7307    20.7276    36.6570    36.6571    25.8296    25.8305    1536.53    140.503    141.382         43 0.0000e+00
      12246    510.195    128.105    129.000    20.5861    20.5857   5.062070   5.062179     2.2246     1.8626     100.00   27.73708  -89.99696   -0.00589   -0.00552     3.1994     3.2185    20.5616    20.5611    36.6645    36.6658    25.8812    25.8823    1536.34    139.282    140.111         31 0.0000e+00
      12331    513.756    131.083    132.000    20.4479    20.4478   5.046461   5.046535     2.2126     1.8513      99.98   27.73249  -89.98210   -0.00255   -0.00216     3.1839     3.2015    20.4232    20.4228    36.6534    36.6541    25.9096    25.9101    1535.87    138.602    139.369         34 0.0000e+00
      12372    515.477    132.075    133.000    20.4146    20.4136   5.042804   5.042790     2.1997     1.8401     100.00   27.73783  -89.99937   -0.00577   -0.00613     3.1588     3.1776    20.3894    20.3885    36.6546    36.6553    25.9202    25.9210    1536.09    137.508    138.324         44 0.0000e+00
      12411    517.092    133.068    134.000    20.3475    20.3465   5.034551   5.034544     2.1873     1.8287     100.00   27.73784  -89.99937   -0.00799   -0.00729     3.1370     3.1553    20.3222    20.3212    36.6449    36.6457    25.9309    25.9318    1536.02    136.558    137.353         31 0.0000e+00
      12487    520.251    136.047    137.000    19.9735    19.9740   4.985870   4.986062     2.1114     1.7475      99.97   27.72901  -89.97071   -0.01872   -0.01964     2.9992     2.9873    19.9480    19.9485    36.5645    36.5657    25.9684    25.9692    1535.31    130.555    130.033         33 0.0000e+00
      12533    522.149    137.039    138.000    19.9473    19.9475   4.984621   4.984853     2.0638     1.7124      99.98   27.73786  -89.99938   -0.03073   -0.02989     2.8983     2.9060    19.9217    19.9218    36.5807    36.5824    25.9889    25.9902    1535.73    126.161    126.495         48 0.0000e+00
      12651    527.094    141.010    142.000    19.9304    19.9294   4.989650   4.989625     2.2046     1.8647      80.92   27.73183  -89.97976    0.03879    0.03946     3.2036     3.2685    19.9040    19.9030    36.6327    36.6333    26.0326    26.0333    1535.10    139.441    142.265         41 0.0000e+00
      12698    529.021    142.003    143.000    19.8836    19.8825   4.984591   4.984552     2.2301     1.8821     100.92   27.73788  -89.99938    0.02832    0.02459     3.2622     3.3129    19.8571    19.8560    36.6342    36.6348    26.0468    26.0476    1535.37    141.992    144.199         42 0.0000e+00
      12814    533.881    145.973    147.000    19.6591    19.6584   4.958183   4.958213     2.2154     1.8604      99.97   27.73061  -89.97571   -0.00559   -0.00645     3.2468     3.2774    19.6320    19.6313    36.6068    36.6077    26.0845    26.0854    1534.68    141.316    142.647         50 0.0000e+00
      12861    535.826    146.966    148.000    19.6406    19.6405   4.956915   4.957033     2.2194     1.8646     100.00   27.73792  -89.99938   -0.00344   -0.00345     3.2571     3.2888    19.6133    19.6133    36.6154    36.6165    26.0969    26.0976    1535.01    141.761    143.140         32 0.0000e+00
      12939    539.096    149.944    151.000    19.5971    19.5972   4.951127   4.951245     2.2222     1.8680      99.96   27.72568  -89.95968    0.00127    0.00131     3.2672     3.3009    19.5693    19.5694    36.5987    36.5996    26.0942    26.0948    1534.13    142.202    143.666         45 0.0000e+00
      12989    541.153    150.936    152.000    19.5992    19.6006   4.952812   4.953063     2.2229     1.8703     100.00   27.73793  -89.99938    0.00025    0.00115     3.2688     3.3065    19.5712    19.5726    36.6161    36.6170    26.1085    26.1087    1534.74    142.271    143.910         36 0.0000e+00
      13075    544.738    153.914    155.000    19.3188    19.3184   4.918264   4.918311     2.2108     1.8538      99.99   27.73416  -89.98710   -0.00280   -0.00377     3.2629     3.2864    19.2906    19.2901    36.5712    36.5720    26.1470    26.1477    1534.33    142.008    143.031         40 0.0000e+00
      13114    546.365    154.907    156.000    19.2792    19.2792   4.913750   4.913861     2.2026     1.8468     100.00   27.73796  -89.99940   -0.00533   -0.00670     3.2479     3.2725    19.2508    19.2509    36.5696    36.5705    26.1566    26.1572    1534.47    141.354    142.425         31 0.0000e+00
      13166    548.556    156.893    158.000    19.1974    19.1987   4.902702   4.902955     2.1930     1.8399      99.96   27.72815  -89.96750   -0.00418   -0.00298     3.2333     3.2620    19.1687    19.1700    36.5439    36.5448    26.1570    26.1575    1533.79    140.719    141.966         35 0.0000e+00
      13213    550.506    157.885    159.000    19.1194    19.1154   4.893754   4.893371     2.1872     1.8338      99.95   27.73798  -89.99940   -0.00383   -0.00323     3.2263     3.2531    19.0907    19.0867    36.5414    36.5417    26.1765    26.1777    1534.26    140.412    141.576         46 0.0000e+00
