Gulf of Mexico/GOMECC-4/1db/drb2103_0741.cnv
* Sea-Bird SBE 9 Data File:
* FileName = C:\Users\scs.user.rb\CTD\GOMECC4\data\rb2103_0741.hex
* Software Version Seasave V 7.26.7.107
* Temperature SN = 4799
* Conductivity SN = 3860
* Number of Bytes Per Scan = 41
* Number of Voltage Words = 4
* Number of Scans Averaged by the Deck Unit = 1
* NMEA Latitude = 24 59.96 N
* NMEA Longitude = 093 24.95 W
* NMEA UTC (Time) = Oct 04 2021  19:58:51
* NMEA baud rate = 4800
# nquan = 28
# nvalues = 829                         
# units = specified
# name 0 = scan: Scan Count
# name 1 = timeS: Time, Elapsed [seconds]
# name 2 = depSM: Depth [salt water, m]
# name 3 = prDM: Pressure, Digiquartz [db]
# name 4 = t090C: Temperature [ITS-90, deg C]
# name 5 = t190C: Temperature, 2 [ITS-90, deg C]
# name 6 = c0S/m: Conductivity [S/m]
# name 7 = c1S/m: Conductivity, 2 [S/m]
# name 8 = sbeox0V: Oxygen raw, SBE 43 [V]
# name 9 = sbeox1V: Oxygen raw, SBE 43, 2 [V]
# name 10 = altM: Altimeter [m]
# name 11 = latitude: Latitude [deg]
# name 12 = longitude: Longitude [deg]
# name 13 = sbox0dV/dT: Oxygen, SBE 43 [dov/dt]
# name 14 = sbox1dV/dT: Oxygen, SBE 43, 2 [dov/dt]
# name 15 = sbeox0ML/L: Oxygen, SBE 43 [ml/l], WS = 5
# name 16 = sbeox1ML/L: Oxygen, SBE 43, 2 [ml/l], WS = 5
# name 17 = potemp090C: Potential Temperature [ITS-90, deg C]
# name 18 = potemp190C: Potential Temperature, 2 [ITS-90, deg C]
# name 19 = sal00: Salinity, Practical [PSU]
# name 20 = sal11: Salinity, Practical, 2 [PSU]
# name 21 = sigma-é00: Density [sigma-theta, kg/m^3]
# name 22 = sigma-é11: Density, 2 [sigma-theta, kg/m^3]
# name 23 = avgsvCM: Average Sound Velocity [Chen-Millero, m/s], minP = 20, minS = 20
# name 24 = sbox0Mm/Kg: Oxygen, SBE 43 [umol/kg], WS = 5
# name 25 = sbox1Mm/Kg: Oxygen, SBE 43, 2 [umol/kg], WS = 5
# name 26 = nbin: number of scans per bin
# name 27 = flag: flag
# span 0 =      16226,     117935       
# span 1 =    676.025,   4913.930       
# span 2 =      3.974,   3653.156       
# span 3 =      4.000,   3709.000       
# span 4 =     4.2913,    29.4663       
# span 5 =     4.2918,    29.4713       
# span 6 =   3.350044,   5.954798       
# span 7 =   3.350006,   5.955361       
# span 8 =     1.5770,     3.3499       
# span 9 =     1.2810,     2.8635       
# span 10 =       9.94,     102.32      
# span 11 =   24.93399,   25.00133      
# span 12 =  -93.42278,  -93.17113      
# span 13 =   -0.03304,    0.02055      
# span 14 =   -0.03199,    0.02120      
# span 15 =     2.4425,     4.9616      
# span 16 =     2.4622,     4.9652      
# span 17 =     4.0772,    29.4653      
# span 18 =     4.0784,    29.4703      
# span 19 =    34.9119,    36.6592      
# span 20 =    34.9114,    36.6604      
# span 21 =    22.8119,    27.7594      
# span 22 =    22.8103,    27.7581      
# span 23 =       0.00,    1545.87      
# span 24 =    106.199,    216.433      
# span 25 =    107.056,    216.591      
# span 26 =         30,         68      
# span 27 = 0.0000e+00, 0.0000e+00      
# interval = decibars: 1                
# start_time = Oct 04 2021 19:58:51 [NMEA time, header]
# bad_flag = -9.990e-29
*END*
[from data line 415]
      63438   2643.208   1696.998   1715.000     4.3010     4.3015   3.354624   3.354596     1.9204     1.5999     100.00   24.99920  -93.41539   -0.00001   -0.00020     4.6373     4.6640     4.1571     4.1576    34.9690    34.9681    27.7449    27.7442    1498.85    201.509    202.672         30 0.0000e+00
      63595   2649.735   1702.912   1721.000     4.3004     4.3009   3.354847   3.354812     1.9200     1.6001     100.00   24.99948  -93.41636   -0.00008    0.00013     4.6391     4.6685     4.1559     4.1563    34.9693    34.9685    27.7453    27.7446    1498.85    201.589    202.869         44 0.0000e+00
      63752   2656.296   1708.824   1727.000     4.2997     4.3003   3.355035   3.355001     1.9195     1.5995     100.00   24.99946  -93.41629   -0.00002    0.00001     4.6410     4.6697     4.1546     4.1551    34.9694    34.9684    27.7455    27.7447    1498.84    201.672    202.917         39 0.0000e+00
      64512   2687.950   1737.400   1756.000     4.2985     4.2990   3.356078   3.356035     1.9159     1.5959     100.00   24.99893  -93.41444   -0.00005   -0.00004     4.6447     4.6721     4.1506     4.1511    34.9689    34.9679    27.7456    27.7447    1498.77    201.832    203.024         31 0.0000e+00
      64545   2689.335   1738.386   1757.000     4.2987     4.2991   3.356182   3.356148     1.9158     1.5959     100.00   24.99940  -93.41618   -0.00004   -0.00008     4.6447     4.6728     4.1507     4.1511    34.9695    34.9687    27.7460    27.7453    1498.80    201.834    203.052         32 0.0000e+00
      64672   2694.632   1743.312   1762.000     4.2985     4.2990   3.356364   3.356328     1.9146     1.5952     100.00   24.99927  -93.41572   -0.00018   -0.00017     4.6432     4.6730     4.1500     4.1505    34.9694    34.9685    27.7460    27.7452    1498.79    201.768    203.064         32 0.0000e+00
      65171   2715.418   1762.032   1781.000     4.2974     4.2979   3.357067   3.357030     1.9123     1.5928     100.00   24.99941  -93.41625   -0.00019   -0.00012     4.6457     4.6746     4.1471     4.1476    34.9697    34.9688    27.7466    27.7458    1498.78    201.877    203.133         31 0.0000e+00
      65301   2720.851   1766.958   1786.000     4.2972     4.2977   3.357254   3.357217     1.9118     1.5921      87.29   24.99937  -93.41609   -0.00008   -0.00006     4.6469     4.6745     4.1464     4.1469    34.9697    34.9688    27.7466    27.7459    1498.78    201.929    203.128         30 0.0000e+00
      65905   2746.013   1789.615   1809.000     4.2959     4.2964   3.358085   3.358051     1.9086     1.5889      76.58   24.99933  -93.41594   -0.00017   -0.00018     4.6484     4.6752     4.1429     4.1434    34.9699    34.9689    27.7472    27.7463    1498.76    201.992    203.156         30 0.0000e+00
      66040   2751.619   1794.541   1814.000     4.2960     4.2965   3.358308   3.358268     1.9082     1.5885      99.25   24.99935  -93.41601   -0.00010   -0.00003     4.6499     4.6765     4.1425     4.1430    34.9699    34.9690    27.7472    27.7464    1498.76    202.058    203.213         33 0.0000e+00
      66166   2756.883   1799.466   1819.000     4.2959     4.2964   3.358426   3.358391     1.9074     1.5876     100.00   24.99872  -93.41365   -0.00010   -0.00004     4.6498     4.6759     4.1419     4.1424    34.9690    34.9681    27.7466    27.7458    1498.72    202.053    203.190         41 0.0000e+00
      66206   2758.529   1800.451   1820.000     4.2960     4.2965   3.358564   3.358525     1.9075     1.5873     100.00   24.99940  -93.41620   -0.00001   -0.00009     4.6508     4.6751     4.1419     4.1424    34.9701    34.9691    27.7474    27.7466    1498.76    202.097    203.154         30 0.0000e+00
      66322   2763.361   1805.376   1825.000     4.2961     4.2966   3.358693   3.358660     1.9070     1.5872     100.00   24.99871  -93.41361   -0.00007   -0.00001     4.6518     4.6778     4.1415     4.1421    34.9691    34.9681    27.7467    27.7459    1498.71    202.142    203.272         38 0.0000e+00
      66361   2765.001   1806.361   1826.000     4.2963     4.2968   3.358823   3.358793     1.9066     1.5868      70.88   24.99940  -93.41620   -0.00013   -0.00010     4.6507     4.6764     4.1416     4.1421    34.9700    34.9691    27.7474    27.7466    1498.75    202.095    203.208         33 0.0000e+00
      66482   2770.057   1811.286   1831.000     4.2959     4.2964   3.358971   3.358941     1.9059     1.5867     100.00   24.99916  -93.41532   -0.00012    0.00010     4.6511     4.6792     4.1408     4.1413    34.9697    34.9688    27.7472    27.7465    1498.74    202.112    203.330         37 0.0000e+00
      66519   2771.569   1812.271   1832.000     4.2958     4.2963   3.359033   3.359002     1.9055     1.5863     100.00   24.99940  -93.41620   -0.00011    0.00009     4.6504     4.6780     4.1405     4.1411    34.9701    34.9691    27.7476    27.7468    1498.75    202.078    203.280         31 0.0000e+00
      66608   2775.289   1816.211   1836.000     4.2956     4.2961   3.359086   3.359058     1.9049     1.5854     100.00   24.99862  -93.41329   -0.00015   -0.00021     4.6504     4.6768     4.1399     4.1404    34.9690    34.9681    27.7468    27.7460    1498.70    202.082    203.227         33 0.0000e+00
      66650   2777.022   1817.196   1837.000     4.2956     4.2962   3.359227   3.359194     1.9050     1.5851     100.00   24.99940  -93.41620   -0.00004   -0.00021     4.6514     4.6760     4.1399     4.1405    34.9701    34.9691    27.7477    27.7468    1498.75    202.125    203.191         39 0.0000e+00
      66773   2782.164   1822.121   1842.000     4.2952     4.2957   3.359395   3.359359     1.9042     1.5848     100.00   24.99940  -93.41615   -0.00016   -0.00003     4.6512     4.6779     4.1390     4.1395    34.9701    34.9692    27.7478    27.7470    1498.75    202.114    203.276         31 0.0000e+00
      67011   2792.093   1830.985   1851.000     4.2943     4.2948   3.359704   3.359667     1.9030     1.5847     100.00   24.99951  -93.41655   -0.00020    0.00003     4.6519     4.6832     4.1372     4.1377    34.9704    34.9695    27.7482    27.7474    1498.76    202.146    203.504         31 0.0000e+00
      67166   2798.536   1836.894   1857.000     4.2941     4.2946   3.359920   3.359883     1.9024     1.5833     100.00   24.99935  -93.41605   -0.00009   -0.00013     4.6535     4.6807     4.1364     4.1369    34.9703    34.9694    27.7482    27.7474    1498.75    202.213    203.395         31 0.0000e+00
      67197   2799.846   1837.879   1858.000     4.2942     4.2947   3.359967   3.359934     1.9023     1.5830     100.00   24.99940  -93.41622   -0.00013   -0.00013     4.6535     4.6802     4.1364     4.1369    34.9703    34.9694    27.7482    27.7474    1498.75    202.212    203.373         31 0.0000e+00
      67353   2806.335   1843.788   1864.000     4.2934     4.2939   3.360169   3.360139     1.9018     1.5824     100.00   24.99960  -93.41697   -0.00009   -0.00001     4.6553     4.6813     4.1350     4.1355    34.9707    34.9698    27.7486    27.7479    1498.75    202.293    203.421         32 0.0000e+00
      67481   2811.662   1848.712   1869.000     4.2929     4.2934   3.360283   3.360254     1.9012     1.5823     100.00   24.99919  -93.41539   -0.00006   -0.00000     4.6561     4.6840     4.1341     4.1346    34.9701    34.9692    27.7483    27.7475    1498.73    202.329    203.539         30 0.0000e+00
      67877   2828.173   1863.484   1884.000     4.2931     4.2937   3.360954   3.360921     1.8990     1.5799     100.00   24.99948  -93.41645   -0.00021   -0.00029     4.6565     4.6829     4.1328     4.1334    34.9706    34.9696    27.7488    27.7480    1498.75    202.345    203.489         33 0.0000e+00
      68007   2833.582   1868.407   1889.000     4.2930     4.2936   3.361135   3.361101     1.8986     1.5789     100.00   24.99941  -93.41621   -0.00003   -0.00025     4.6578     4.6815     4.1322     4.1327    34.9705    34.9695    27.7488    27.7479    1498.75    202.402    203.432         33 0.0000e+00
      68166   2840.201   1874.315   1895.000     4.2930     4.2935   3.361382   3.361341     1.8975     1.5787     100.00   24.99936  -93.41601   -0.00013   -0.00007     4.6573     4.6843     4.1316     4.1321    34.9705    34.9695    27.7489    27.7480    1498.75    202.377    203.554         31 0.0000e+00
      68292   2845.476   1879.239   1900.000     4.2927     4.2932   3.361512   3.361484     1.8967     1.5781     100.00   24.99902  -93.41475   -0.00011   -0.00003     4.6572     4.6848     4.1308     4.1313    34.9700    34.9691    27.7485    27.7478    1498.73    202.376    203.574         30 0.0000e+00
      68326   2846.855   1880.223   1901.000     4.2927     4.2933   3.361609   3.361575     1.8966     1.5778     100.00   24.99942  -93.41624   -0.00012   -0.00015     4.6572     4.6841     4.1307     4.1313    34.9706    34.9697    27.7490    27.7482    1498.75    202.376    203.546         33 0.0000e+00
      68454   2852.229   1885.146   1906.000     4.2922     4.2928   3.361772   3.361743     1.8962     1.5773      81.23   24.99942  -93.41623   -0.00008   -0.00009     4.6586     4.6850     4.1298     4.1303    34.9707    34.9697    27.7492    27.7484    1498.75    202.438    203.582         32 0.0000e+00
      68627   2859.414   1892.039   1913.000     4.2922     4.2928   3.362100   3.362062     1.8955     1.5764     100.00   24.99976  -93.41753   -0.00004   -0.00003     4.6601     4.6852     4.1290     4.1296    34.9713    34.9702    27.7497    27.7489    1498.77    202.503    203.594         31 0.0000e+00
      68789   2866.184   1898.931   1920.000     4.2918     4.2924   3.362301   3.362270     1.8949     1.5755     100.00   24.99939  -93.41613   -0.00003    0.00007     4.6622     4.6861     4.1279     4.1285    34.9707    34.9698    27.7494    27.7486    1498.76    202.593    203.631         30 0.0000e+00
      68985   2874.315   1906.807   1928.000     4.2913     4.2919   3.362597   3.362567     1.8936     1.5749     100.00   24.99944  -93.41635   -0.00010    0.00002     4.6617     4.6881     4.1267     4.1273    34.9709    34.9699    27.7497    27.7489    1498.76    202.572    203.719         32 0.0000e+00
      69118   2879.887   1912.714   1934.000     4.2913     4.2918   3.362765   3.362730     1.8929     1.5739     100.00   24.99880  -93.41396   -0.00008   -0.00016     4.6628     4.6875     4.1260     4.1266    34.9700    34.9691    27.7491    27.7482    1498.72    202.619    203.691         31 0.0000e+00
      69155   2881.399   1913.699   1935.000     4.2913     4.2918   3.362875   3.362841     1.8927     1.5739     100.00   24.99942  -93.41626   -0.00008   -0.00003     4.6625     4.6882     4.1259     4.1265    34.9709    34.9699    27.7498    27.7489    1498.76    202.604    203.722         34 0.0000e+00
      69291   2887.098   1919.606   1941.000     4.2916     4.2922   3.363154   3.363114     1.8918     1.5726     100.00   24.99935  -93.41610   -0.00013   -0.00006     4.6627     4.6862     4.1257     4.1263    34.9710    34.9699    27.7498    27.7489    1498.77    202.611    203.634         30 0.0000e+00
      70204   2925.129   1957.012   1979.000     4.2926     4.2932   3.364819   3.364779     1.8863     1.5676     100.00   24.99961  -93.41707   -0.00004   -0.00027     4.6635     4.6876     4.1229     4.1235    34.9715    34.9704    27.7506    27.7496    1498.81    202.646    203.697         34 0.0000e+00
      70340   2930.791   1962.918   1985.000     4.2927     4.2933   3.365004   3.364968     1.8853     1.5671      67.43   24.99904  -93.41493   -0.00012   -0.00013     4.6630     4.6893     4.1224     4.1230    34.9706    34.9696    27.7499    27.7490    1498.78    202.627    203.767         35 0.0000e+00
      70375   2932.247   1963.902   1986.000     4.2928     4.2934   3.365093   3.365062     1.8852     1.5669     101.43   24.99940  -93.41628   -0.00013   -0.00021     4.6631     4.6886     4.1223     4.1229    34.9712    34.9702    27.7504    27.7495    1498.80    202.629    203.741         30 0.0000e+00
      71422   2975.896   2007.206   2030.000     4.2932     4.2939   3.366939   3.366908     1.8792     1.5616     100.00   24.99957  -93.41695   -0.00016   -0.00003     4.6656     4.6924     4.1184     4.1190    34.9716    34.9706    27.7512    27.7503    1498.86    202.741    203.903         35 0.0000e+00
      71563   2981.747   2013.110   2036.000     4.2934     4.2941   3.367200   3.367167     1.8783     1.5608      94.79   24.99955  -93.41688   -0.00019   -0.00013     4.6656     4.6926     4.1180     4.1186    34.9717    34.9705    27.7512    27.7503    1498.87    202.740    203.911         38 0.0000e+00
      71948   2997.812   2028.855   2052.000     4.2932     4.2939   3.367833   3.367808     1.8759     1.5589     100.00   24.99957  -93.41696   -0.00020   -0.00006     4.6656     4.6942     4.1161     4.1168    34.9718    34.9708    27.7515    27.7507    1498.89    202.740    203.982         33 0.0000e+00
      72087   3003.567   2034.758   2058.000     4.2931     4.2938   3.368005   3.367965     1.8755     1.5580     100.00   24.99891  -93.41451   -0.00003   -0.00011     4.6677     4.6939     4.1155     4.1161    34.9710    34.9698    27.7510    27.7500    1498.86    202.830    203.972         33 0.0000e+00
      72121   3004.997   2035.742   2059.000     4.2933     4.2940   3.368111   3.368078     1.8755     1.5580      77.35   24.99940  -93.41632   -0.00000   -0.00015     4.6682     4.6943     4.1155     4.1162    34.9717    34.9705    27.7515    27.7505    1498.89    202.851    203.986         31 0.0000e+00
      72603   3025.067   2055.420   2079.000     4.2935     4.2942   3.368964   3.368930     1.8729     1.5555     100.00   24.99961  -93.41712   -0.00005   -0.00003     4.6699     4.6954     4.1138     4.1144    34.9720    34.9709    27.7519    27.7510    1498.93    202.925    204.035         31 0.0000e+00
      73933   3080.519   2109.524   2134.000     4.2953     4.2961   3.371343   3.371304     1.8648     1.5473     100.00   24.99954  -93.41692   -0.00018   -0.00015     4.6699     4.6925     4.1099     4.1107    34.9723    34.9710    27.7526    27.7515    1499.03    202.924    203.909         35 0.0000e+00
      74072   3086.306   2115.425   2140.000     4.2954     4.2962   3.371532   3.371511     1.8633     1.5467      71.96   24.99916  -93.41552   -0.00026   -0.00004     4.6676     4.6936     4.1094     4.1101    34.9716    34.9705    27.7521    27.7512    1499.02    202.827    203.954         31 0.0000e+00
      74461   3102.487   2131.162   2156.000     4.2963     4.2970   3.372280   3.372242     1.8616     1.5442     100.00   24.99928  -93.41598   -0.00014   -0.00016     4.6700     4.6920     4.1086     4.1094    34.9720    34.9707    27.7525    27.7514    1499.05    202.930    203.888         31 0.0000e+00
      74975   3123.930   2151.815   2177.000     4.2970     4.2977   3.373197   3.373168     1.8585     1.5420      96.82   24.99948  -93.41675   -0.00012   -0.00014     4.6701     4.6949     4.1071     4.1078    34.9722    34.9711    27.7528    27.7519    1499.12    202.936    204.010         33 0.0000e+00
      75620   3150.797   2178.365   2204.000     4.2978     4.2986   3.374315   3.374277     1.8544     1.5373     100.00   24.99910  -93.41532   -0.00017   -0.00020     4.6696     4.6905     4.1052     4.1060    34.9719    34.9706    27.7528    27.7516    1499.15    202.911    203.823         31 0.0000e+00
      75653   3152.175   2179.348   2205.000     4.2980     4.2987   3.374400   3.374359     1.8542     1.5370     100.00   24.99938  -93.41638   -0.00013   -0.00025     4.6693     4.6898     4.1053     4.1060    34.9722    34.9710    27.7530    27.7520    1499.17    202.900    203.789         32 0.0000e+00
