Gulf of Mexico/GOMECC-4/1db/drb2103_0271.cnv
* Sea-Bird SBE 9 Data File:
* FileName = C:\Users\scs.user.rb\CTD\GOMECC4\data\rb2103_0271.hex
* Software Version Seasave V 7.26.7.107
* Temperature SN = 4799
* Conductivity SN = 3860
* Number of Bytes Per Scan = 41
* Number of Voltage Words = 4
* Number of Scans Averaged by the Deck Unit = 1
* NMEA Latitude = 28 10.29 N
* NMEA Longitude = 086 28.83 W
* NMEA UTC (Time) = Sep 21 2021  14:01:03
* NMEA baud rate = 4800
# nquan = 28
# nvalues = 228                         
# units = specified
# name 0 = scan: Scan Count
# name 1 = timeS: Time, Elapsed [seconds]
# name 2 = depSM: Depth [salt water, m]
# name 3 = prDM: Pressure, Digiquartz [db]
# name 4 = t090C: Temperature [ITS-90, deg C]
# name 5 = t190C: Temperature, 2 [ITS-90, deg C]
# name 6 = c0S/m: Conductivity [S/m]
# name 7 = c1S/m: Conductivity, 2 [S/m]
# name 8 = sbeox0V: Oxygen raw, SBE 43 [V]
# name 9 = sbeox1V: Oxygen raw, SBE 43, 2 [V]
# name 10 = altM: Altimeter [m]
# name 11 = latitude: Latitude [deg]
# name 12 = longitude: Longitude [deg]
# name 13 = sbox0dV/dT: Oxygen, SBE 43 [dov/dt]
# name 14 = sbox1dV/dT: Oxygen, SBE 43, 2 [dov/dt]
# name 15 = sbeox0ML/L: Oxygen, SBE 43 [ml/l], WS = 5
# name 16 = sbeox1ML/L: Oxygen, SBE 43, 2 [ml/l], WS = 5
# name 17 = potemp090C: Potential Temperature [ITS-90, deg C]
# name 18 = potemp190C: Potential Temperature, 2 [ITS-90, deg C]
# name 19 = sal00: Salinity, Practical [PSU]
# name 20 = sal11: Salinity, Practical, 2 [PSU]
# name 21 = sigma-é00: Density [sigma-theta, kg/m^3]
# name 22 = sigma-é11: Density, 2 [sigma-theta, kg/m^3]
# name 23 = avgsvCM: Average Sound Velocity [Chen-Millero, m/s], minP = 20, minS = 20
# name 24 = sbox0Mm/Kg: Oxygen, SBE 43 [umol/kg], WS = 5
# name 25 = sbox1Mm/Kg: Oxygen, SBE 43, 2 [umol/kg], WS = 5
# name 26 = nbin: number of scans per bin
# name 27 = flag: flag
# span 0 =       8190,      36928       
# span 1 =    341.212,   1538.630       
# span 2 =      3.973,    885.145       
# span 3 =      4.000,    893.000       
# span 4 =     5.6140,    29.0369       
# span 5 =     5.6145,    29.0341       
# span 6 =   3.434032,   5.850025       
# span 7 =   3.434000,   5.850415       
# span 8 =     1.7564,     3.1111       
# span 9 =     1.4544,     2.6422       
# span 10 =      10.07,     101.28      
# span 11 =   28.15675,   28.17157      
# span 12 =  -86.48196,  -86.43643      
# span 13 =   -0.02056,    0.01527      
# span 14 =   -0.01935,    0.01464      
# span 15 =     3.0575,     4.4410      
# span 16 =     3.0925,     4.4430      
# span 17 =     5.5356,    29.0231      
# span 18 =     5.5360,    29.0289      
# span 19 =    32.8189,    36.5824      
# span 20 =    32.8176,    36.5826      
# span 21 =    20.6993,    27.5461      
# span 22 =    20.6985,    27.5454      
# span 23 =       0.00,    1552.89      
# span 24 =    133.025,    194.312      
# span 25 =    134.552,    194.401      
# span 26 =         30,         63      
# span 27 = 0.0000e+00, 0.0000e+00      
# interval = decibars: 1                
# start_time = Sep 21 2021 14:01:03 [NMEA time, header]
# bad_flag = -9.990e-29
*END*
[from data line 52]
      10875    453.080     55.619     56.000    25.3495    25.3489   5.504952   5.505047     2.9428     2.5023     100.00   28.17088  -86.47960   -0.00362   -0.00368     4.2953     4.3074    25.3372    25.3365    36.1740    36.1752    24.1254    24.1265    1542.03    187.308    187.836         35 0.0000e+00
      10910    454.541     56.612     57.000    25.3300    25.3314   5.504036   5.504272     2.9518     2.5156     100.00   28.17088  -86.47960    0.00383    0.00522     4.3145     4.3379    25.3175    25.3189    36.1825    36.1831    24.1378    24.1378    1541.95    188.144    189.164         34 0.0000e+00
      10943    455.911     57.606     58.000    25.2120    25.2132   5.493736   5.493912     2.9521     2.5135     100.00   28.17088  -86.47960    0.00493    0.00632     4.3245     4.3419    25.1993    25.2005    36.1999    36.2003    24.1874    24.1873    1541.87    188.573    189.328         33 0.0000e+00
      10976    457.290     58.598     59.000    25.0407    25.0423   5.478354   5.478380     2.9426     2.5009     100.00   28.17088  -86.47960   -0.00017   -0.00079     4.3187     4.3275    25.0278    25.0294    36.2224    36.2213    24.2569    24.2555    1541.78    188.308    188.692         34 0.0000e+00
      11011    458.742     59.592     60.000    24.8570    24.8581   5.461417   5.461569     2.9235     2.4844      84.34   28.17088  -86.47960   -0.00689   -0.00840     4.2992     4.3069    24.8440    24.8451    36.2432    36.2435    24.3287    24.3286    1541.70    187.441    187.779         35 0.0000e+00
      11045    460.147     60.585     61.000    24.7670    24.7671   5.453071   5.453145     2.9196     2.4831      95.71   28.17088  -86.47960   -0.00865   -0.00817     4.2966     4.3098    24.7538    24.7539    36.2528    36.2534    24.3634    24.3638    1541.61    187.324    187.897         32 0.0000e+00
      11076    461.452     61.578     62.000    24.6835    24.6840   5.445316   5.445425     2.9199     2.4841      99.98   28.17088  -86.47960   -0.00568   -0.00370     4.3041     4.3184    24.6701    24.6707    36.2617    36.2621    24.3956    24.3956    1541.52    187.642    188.265         31 0.0000e+00
      11109    462.828     62.571     63.000    24.5579    24.5589   5.433695   5.434084     2.9153     2.4811     100.00   28.17088  -86.47960   -0.00190   -0.00042     4.3051     4.3213    24.5444    24.5454    36.2755    36.2758    24.4440    24.4439    1541.43    187.679    188.383         35 0.0000e+00
      11144    464.302     63.564     64.000    24.4765    24.4772   5.426467   5.426552     2.9078     2.4764      83.56   28.17088  -86.47960   -0.00275   -0.00164     4.2972     4.3177    24.4628    24.4635    36.2866    36.2867    24.4771    24.4769    1541.34    187.330    188.219         35 0.0000e+00
      11178    465.704     64.557     65.000    24.2635    24.2630   5.407063   5.406873     2.8899     2.4574      65.20   28.17086  -86.47960   -0.00637   -0.00533     4.2785     4.2921    24.2497    24.2491    36.3126    36.3116    24.5608    24.5602    1541.25    186.496    187.091         32 0.0000e+00
      11210    467.033     65.550     66.000    24.0817    24.0822   5.389610   5.389662     2.8671     2.4394      99.78   28.17086  -86.47960   -0.01263   -0.01171     4.2494     4.2671    24.0677    24.0682    36.3279    36.3279    24.6269    24.6267    1541.15    185.215    185.986         33 0.0000e+00
      11244    468.439     66.543     67.000    24.0009    24.0012   5.380452   5.380538     2.8686     2.4459     100.00   28.17086  -86.47960   -0.01153   -0.00920     4.2581     4.2872    23.9868    23.9871    36.3239    36.3243    24.6480    24.6482    1541.05    185.593    186.861         35 0.0000e+00
      11278    469.883     67.536     68.000    23.8947    23.8949   5.369140   5.369179     2.8704     2.4453     100.00   28.17086  -86.47960   -0.00255   -0.00005     4.2713     4.2954    23.8803    23.8806    36.3269    36.3269    24.6819    24.6819    1540.95    186.162    187.213         33 0.0000e+00
      11310    471.218     68.529     69.000    23.7308    23.7311   5.354944   5.354998     2.8399     2.4082     100.00   28.17086  -86.47960   -0.00253   -0.00452     4.2242     4.2233    23.7163    23.7166    36.3362    36.3359    24.7376    24.7373    1540.86    184.098    184.058         32 0.0000e+00
      11343    472.589     69.522     70.000    23.6313    23.6313   5.341497   5.341564     2.8147     2.3889     100.00   28.17086  -86.47960   -0.01467   -0.01635     4.1814     4.1908    23.6166    23.6166    36.3278    36.3284    24.7607    24.7611    1540.75    182.229    182.641         34 0.0000e+00
      11379    474.083     70.515     71.000    23.5295    23.5293   5.329352   5.329289     2.7974     2.3743     100.00   28.17086  -86.47960   -0.01958   -0.01843     4.1554     4.1669    23.5147    23.5145    36.3181    36.3177    24.7833    24.7831    1540.65    181.093    181.596         36 0.0000e+00
      11412    475.464     71.508     72.000    23.3961    23.3962   5.315629   5.315751     2.7875     2.3680     100.00   28.17086  -86.47960   -0.01188   -0.00951     4.1463     4.1630    23.3812    23.3813    36.3220    36.3228    24.8255    24.8261    1540.55    180.689    181.415         31 0.0000e+00
      11443    476.753     72.501     73.000    23.3275    23.3275   5.310131   5.310180     2.7787     2.3597      80.16   28.17086  -86.47960   -0.00786   -0.00597     4.1341     4.1499    23.3123    23.3123    36.3358    36.3362    24.8561    24.8564    1540.44    180.152    180.839         32 0.0000e+00
      11477    478.154     73.494     74.000    23.1512    23.1506   5.291141   5.290975     2.7638     2.3506      93.99   28.17086  -86.47960   -0.00787   -0.00592     4.1184     4.1431    23.1359    23.1353    36.3343    36.3335    24.9065    24.9061    1540.34    179.456    180.532         35 0.0000e+00
      11512    479.611     74.487     75.000    22.9200    22.9181   5.267317   5.266903     2.7502     2.3369     100.03   28.17085  -86.47960   -0.00957   -0.00738     4.1066     4.1265    22.9046    22.9027    36.3406    36.3390    24.9784    24.9777    1540.24    178.931    179.797         34 0.0000e+00
      11544    480.975     75.480     76.000    22.7692    22.7673   5.251333   5.251150     2.7340     2.3190     100.00   28.17084  -86.47959   -0.01016   -0.00951     4.0883     4.1014    22.7537    22.7518    36.3411    36.3413    25.0224    25.0231    1540.12    178.126    178.697         32 0.0000e+00
      11577    482.350     76.472     77.000    22.6919    22.6920   5.246130   5.246338     2.7188     2.3074     100.00   28.17084  -86.47959   -0.01121   -0.01123     4.0633     4.0808    22.6763    22.6764    36.3645    36.3660    25.0624    25.0636    1540.00    177.032    177.791         34 0.0000e+00
      11612    483.789     77.465     78.000    22.6727    22.6731   5.248354   5.248575     2.7064     2.2934      99.68   28.17084  -86.47958   -0.01069   -0.00977     4.0393     4.0506    22.6569    22.6573    36.3975    36.3989    25.0930    25.0940    1539.90    175.978    176.472         34 0.0000e+00
      11645    485.146     78.459     79.000    22.6309    22.6310   5.245970   5.246115     2.6949     2.2862     100.00   28.17084  -86.47958   -0.00895   -0.00812     4.0193     4.0374    22.6149    22.6150    36.4134    36.4144    25.1172    25.1180    1539.79    175.106    175.891         32 0.0000e+00
      11677    486.507     79.452     80.000    22.6057    22.6068   5.243484   5.243748     2.6852     2.2813     100.00   28.17084  -86.47958   -0.00832   -0.00636     4.0019     4.0287    22.5895    22.5906    36.4147    36.4158    25.1254    25.1260    1539.68    174.347    175.510         34 0.0000e+00
      11712    487.975     80.444     81.000    22.5779    22.5811   5.240321   5.240856     2.6815     2.2785     100.00   28.17084  -86.47958   -0.00609   -0.00355     3.9971     4.0247    22.5615    22.5647    36.4128    36.4142    25.1320    25.1322    1539.57    174.134    175.338         35 0.0000e+00
      11746    489.372     81.438     82.000    22.5516    22.5505   5.236956   5.236935     2.6799     2.2786     100.00   28.17084  -86.47958   -0.00303   -0.00167     3.9963     4.0277    22.5350    22.5339    36.4080    36.4088    25.1360    25.1369    1539.47    174.099    175.468         32 0.0000e+00
      11777    490.683     82.430     83.000    22.4763    22.4840   5.228520   5.229417     2.6773     2.2748     100.00   28.17084  -86.47958   -0.00161   -0.00118     3.9969     4.0238    22.4595    22.4673    36.4045    36.4051    25.1550    25.1532    1539.37    174.123    175.293         32 0.0000e+00
      11811    492.071     83.423     84.000    22.3789    22.3778   5.217602   5.217271     2.6665     2.2596     100.00   28.17084  -86.47958   -0.00316   -0.00457     3.9845     3.9998    22.3620    22.3610    36.3999    36.3996    25.1793    25.1798    1539.27    173.578    174.242         35 0.0000e+00
      11847    493.573     84.416     85.000    22.2237    22.2233   5.202783   5.202707     2.6560     2.2500     100.00   28.17084  -86.47958   -0.00619   -0.00763     3.9735     3.9881    22.2067    22.2062    36.4131    36.4128    25.2335    25.2334    1539.17    173.088    173.723         36 0.0000e+00
      11881    494.979     85.409     86.000    22.1086    22.1084   5.191741   5.191717     2.6480     2.2417      75.85   28.17084  -86.47958   -0.00710   -0.00713     3.9660     3.9777    22.0915    22.0912    36.4223    36.4223    25.2731    25.2732    1539.06    172.755    173.267         31 0.0000e+00
      11912    496.273     86.402     87.000    21.8970    21.8971   5.170546   5.170608     2.6333     2.2282      98.32   28.17084  -86.47958   -0.00722   -0.00692     3.9478     3.9580    21.8798    21.8798    36.4323    36.4321    25.3405    25.3403    1538.96    171.951    172.397         32 0.0000e+00
      11945    497.659     87.395     88.000    21.8066    21.8055   5.160517   5.160403     2.6070     2.2064      51.41   28.17084  -86.47958   -0.01172   -0.01053     3.9051     3.9196    21.7892    21.7881    36.4287    36.4287    25.3632    25.3635    1538.85    170.086    170.721         35 0.0000e+00
      11979    499.099     88.388     89.000    21.7439    21.7442   5.154314   5.154492     2.5826     2.1840      80.80   28.17084  -86.47958   -0.01694   -0.01475     3.8596     3.8734    21.7264    21.7267    36.4320    36.4332    25.3833    25.3841    1538.74    168.103    168.703         34 0.0000e+00
      12013    500.500     89.381     90.000    21.6556    21.6541   5.146041   5.145884     2.5599     2.1621      78.51   28.17084  -86.47958   -0.01726   -0.01561     3.8191     3.8298    21.6379    21.6364    36.4405    36.4405    25.4145    25.4149    1538.63    166.335    166.801         34 0.0000e+00
      12047    501.924     90.374     91.000    21.5885    21.5887   5.139532   5.139667     2.5390     2.1441      81.38   28.17083  -86.47958   -0.01601   -0.01500     3.7811     3.7935    21.5706    21.5708    36.4451    36.4460    25.4368    25.4374    1538.53    164.674    165.215         34 0.0000e+00
      12080    503.295     91.367     92.000    21.4675    21.4681   5.128513   5.128484     2.5218     2.1291     100.04   28.17082  -86.47958   -0.01442   -0.01280     3.7542     3.7675    21.4495    21.4501    36.4593    36.4586    25.4813    25.4806    1538.42    163.495    164.077         31 0.0000e+00
      12111    504.591     92.360     93.000    21.3835    21.3840   5.121807   5.122038     2.4989     2.1055     100.00   28.17082  -86.47958   -0.01415   -0.01286     3.7126     3.7191    21.3654    21.3658    36.4766    36.4781    25.5179    25.5188    1538.31    161.679    161.962         32 0.0000e+00
      12145    506.007     93.352     94.000    21.3677    21.3670   5.121211   5.121308     2.4785     2.0899     100.00   28.17082  -86.47958   -0.01562   -0.01461     3.6714     3.6849    21.3494    21.3487    36.4850    36.4863    25.5286    25.5298    1538.20    159.882    160.470         36 0.0000e+00
      12181    507.515     94.345     95.000    21.3144    21.3137   5.116859   5.116840     2.4609     2.0739     100.00   28.17082  -86.47958   -0.01431   -0.01229     3.6437     3.6563    21.2985    21.2956    36.4929    36.4933    25.5488    25.5492    1538.11    158.674    159.221         35 0.0000e+00
      12213    508.843     95.338     96.000    21.1447    21.1448   5.096440   5.096159     2.4429     2.0577     100.00   28.17082  -86.47958   -0.01243   -0.01062     3.6123     3.6254    21.1262    21.1262    36.4752    36.4729    25.5828    25.5810    1538.00    157.303    157.874         30 0.0000e+00
      12245    510.148     96.331     97.000    20.8692    20.8697   5.066038   5.065838     2.4217     2.0366     100.00   28.17082  -86.47958   -0.01354   -0.01270     3.5889     3.5966    20.8506    20.8511    36.4650    36.4629    25.6506    25.6488    1537.89    156.274    156.608         33 0.0000e+00
      12280    511.641     97.324     98.000    20.6542    20.6541   5.042159   5.042089     2.3912     2.0085     100.00   28.17082  -86.47958   -0.01682   -0.01601     3.5401     3.5460    20.6356    20.6354    36.4553    36.4549    25.7017    25.7014    1537.77    154.140    154.398         37 0.0000e+00
      12314    513.059     98.317     99.000    20.5734    20.5769   5.035412   5.035733     2.3620     1.9803      96.45   28.17082  -86.47958   -0.01975   -0.01866     3.4759     3.4776    20.5537    20.5584    36.4702    36.4705    25.7352    25.7347    1537.67    151.339    151.411         31 0.0000e+00
      12345    514.354     99.310    100.000    20.5416    20.5423   5.033007   5.033203     2.3360     1.9568      99.99   28.17082  -86.47958   -0.02056   -0.01935     3.4311     3.4329    20.5227    20.5233    36.4769    36.4779    25.7487    25.7493    1537.54    149.386    149.466         32 0.0000e+00
      12379    515.761    100.302    101.000    20.5156    20.5153   5.031106   5.031254     2.3112     1.9387     100.00   28.17082  -86.47958   -0.01968   -0.01762     3.3804     3.3926    20.4965    20.4962    36.4834    36.4849    25.7607    25.7619    1537.43    147.178    147.708         36 0.0000e+00
      12413    517.177    101.295    102.000    20.4512    20.4519   5.024968   5.024867     2.2925     1.9239     100.00   28.17082  -86.47958   -0.01716   -0.01305     3.3452     3.3625    20.4319    20.4327    36.4885    36.4870    25.7821    25.7807    1537.32    145.642    146.395         30 0.0000e+00
      13179    549.090    131.079    132.000    19.3704    19.3712   4.922295   4.922457     2.1582     1.8098      91.40   28.15675  -86.43643   -0.00352   -0.00223     3.1355     3.1684    19.3463    19.3471    36.5637    36.5643    26.1256    26.1259    1533.70    136.465    137.894         38 0.0000e+00
      13232    551.274    132.071    133.000    19.3693    19.3680   4.923719   4.923607     2.1572     1.8068     100.01   28.17080  -86.47956   -0.00147   -0.00162     3.1335     3.1618    19.3451    19.3438    36.5824    36.5826    26.1418    26.1423    1534.39    136.379    137.610         48 0.0000e+00
      13277    553.170    133.064    134.000    19.2906    19.2911   4.915224   4.915316     2.1558     1.8078     100.00   28.17079  -86.47956   -0.00114   -0.00103     3.1359     3.1691    19.2662    19.2668    36.5802    36.5805    26.1607    26.1607    1534.31    136.477    137.925         44 0.0000e+00
      13323    555.070    134.057    135.000    19.2287    19.2268   4.908115   4.907783     2.1589     1.8096     100.00   28.17078  -86.47956    0.00040    0.00087     3.1472     3.1779    19.2042    19.2023    36.5747    36.5736    26.1726    26.1722    1534.23    136.967    138.305         46 0.0000e+00
