Gulf of Mexico/GOMECC-4/1db/drb2103_0111.cnv
* Sea-Bird SBE 9 Data File:
* FileName = C:\Users\scs.user.rb\CTD\GOMECC4\data\rb2103_0111.hex
* Software Version Seasave V 7.26.7.107
* Temperature SN = 4799
* Conductivity SN = 3860
* Number of Bytes Per Scan = 41
* Number of Voltage Words = 4
* Number of Scans Averaged by the Deck Unit = 1
* NMEA Latitude = 26 26.63 N
* NMEA Longitude = 085 20.00 W
* NMEA UTC (Time) = Sep 18 2021  04:11:12
* NMEA baud rate = 4800
# nquan = 28
# nvalues = 498                         
# units = specified
# name 0 = scan: Scan Count
# name 1 = timeS: Time, Elapsed [seconds]
# name 2 = depSM: Depth [salt water, m]
# name 3 = prDM: Pressure, Digiquartz [db]
# name 4 = t090C: Temperature [ITS-90, deg C]
# name 5 = t190C: Temperature, 2 [ITS-90, deg C]
# name 6 = c0S/m: Conductivity [S/m]
# name 7 = c1S/m: Conductivity, 2 [S/m]
# name 8 = sbeox0V: Oxygen raw, SBE 43 [V]
# name 9 = sbeox1V: Oxygen raw, SBE 43, 2 [V]
# name 10 = altM: Altimeter [m]
# name 11 = latitude: Latitude [deg]
# name 12 = longitude: Longitude [deg]
# name 13 = sbox0dV/dT: Oxygen, SBE 43 [dov/dt]
# name 14 = sbox1dV/dT: Oxygen, SBE 43, 2 [dov/dt]
# name 15 = sbeox0ML/L: Oxygen, SBE 43 [ml/l], WS = 5
# name 16 = sbeox1ML/L: Oxygen, SBE 43, 2 [ml/l], WS = 5
# name 17 = potemp090C: Potential Temperature [ITS-90, deg C]
# name 18 = potemp190C: Potential Temperature, 2 [ITS-90, deg C]
# name 19 = sal00: Salinity, Practical [PSU]
# name 20 = sal11: Salinity, Practical, 2 [PSU]
# name 21 = sigma-é00: Density [sigma-theta, kg/m^3]
# name 22 = sigma-é11: Density, 2 [sigma-theta, kg/m^3]
# name 23 = avgsvCM: Average Sound Velocity [Chen-Millero, m/s], minP = 20, minS = 20
# name 24 = sbox0Mm/Kg: Oxygen, SBE 43 [umol/kg], WS = 5
# name 25 = sbox1Mm/Kg: Oxygen, SBE 43, 2 [umol/kg], WS = 5
# name 26 = nbin: number of scans per bin
# name 27 = flag: flag
# span 0 =      12224,     104386       
# span 1 =    509.303,   4349.385       
# span 2 =      5.961,   3268.666       
# span 3 =      6.000,   3316.000       
# span 4 =     4.2943,    29.2047       
# span 5 =     4.2952,    29.2062       
# span 6 =   3.348354,   5.844254       
# span 7 =   3.348300,   5.844774       
# span 8 =     1.6227,     3.2332       
# span 9 =     1.3297,     2.7636       
# span 10 =       9.80,     101.19      
# span 11 =   26.42918,   26.44482      
# span 12 =  -85.33610,  -85.28561      
# span 13 =   -0.03204,    0.00912      
# span 14 =   -0.03239,    0.01013      
# span 15 =     2.6091,     4.7476      
# span 16 =     2.6534,     4.7690      
# span 17 =     4.0798,    29.1972      
# span 18 =     4.0811,    29.1987      
# span 19 =    34.8948,    36.5405      
# span 20 =    34.8935,    36.5411      
# span 21 =    22.3280,    27.7591      
# span 22 =    22.3284,    27.7573      
# span 23 =       0.00,    1545.19      
# span 24 =    113.442,    207.113      
# span 25 =    115.371,    208.029      
# span 26 =         30,         69      
# span 27 = 0.0000e+00, 0.0000e+00      
# interval = decibars: 1                
# start_time = Sep 18 2021 04:11:12 [NMEA time, header]
# bad_flag = -9.990e-29
*END*
[from data line 467]
      99665   4152.653   3227.576   3274.000     4.3923     4.3936   3.423930   3.423867     1.7076     1.4044      50.91   26.44378  -85.33234   -0.00014   -0.00015     4.6571     4.6945     4.0800     4.0812    34.9762    34.9741    27.7588    27.7571    1502.38    202.370    203.993         38 0.0000e+00
      99701   4154.146   3228.555   3275.000     4.3924     4.3937   3.423977   3.423917     1.7075     1.4042      49.86   26.44378  -85.33234   -0.00014   -0.00002     4.6572     4.6944     4.0799     4.0812    34.9762    34.9742    27.7589    27.7571    1502.39    202.374    203.991         33 0.0000e+00
      99733   4155.481   3229.533   3276.000     4.3925     4.3938   3.424029   3.423962     1.7072     1.4041      48.99   26.44378  -85.33235   -0.00014   -0.00003     4.6565     4.6944     4.0800     4.0812    34.9763    34.9742    27.7589    27.7572    1502.39    202.341    203.991         32 0.0000e+00
      99764   4156.794   3230.511   3277.000     4.3926     4.3939   3.424074   3.424007     1.7072     1.4039      48.10   26.44378  -85.33236   -0.00012   -0.00012     4.6572     4.6938     4.0800     4.0812    34.9762    34.9742    27.7589    27.7571    1502.40    202.375    203.964         32 0.0000e+00
      99797   4158.157   3231.490   3278.000     4.3927     4.3941   3.424129   3.424056     1.7071     1.4038      47.01   26.44378  -85.33236   -0.00008   -0.00012     4.6571     4.6941     4.0799     4.0813    34.9763    34.9741    27.7590    27.7571    1502.41    202.369    203.975         33 0.0000e+00
      99830   4159.535   3232.468   3279.000     4.3928     4.3942   3.424173   3.424101     1.7070     1.4036      46.12   26.44378  -85.33234   -0.00006   -0.00011     4.6572     4.6936     4.0799     4.0812    34.9763    34.9741    27.7590    27.7571    1502.41    202.372    203.954         33 0.0000e+00
      99862   4160.893   3233.447   3280.000     4.3930     4.3943   3.424214   3.424147     1.7068     1.4035      45.16   26.44378  -85.33234   -0.00006   -0.00010     4.6572     4.6935     4.0800     4.0813    34.9762    34.9741    27.7589    27.7571    1502.42    202.372    203.952         32 0.0000e+00
      99895   4162.266   3234.425   3281.000     4.3932     4.3944   3.424270   3.424204     1.7067     1.4034      44.12   26.44378  -85.33234   -0.00010   -0.00010     4.6571     4.6935     4.0800     4.0812    34.9763    34.9742    27.7589    27.7572    1502.43    202.368    203.951         34 0.0000e+00
      99930   4163.689   3235.404   3282.000     4.3933     4.3945   3.424310   3.424251     1.7067     1.4029      43.23   26.44378  -85.33236   -0.00009   -0.00015     4.6575     4.6920     4.0800     4.0812    34.9761    34.9742    27.7588    27.7572    1502.43    202.385    203.884         34 0.0000e+00
      99963   4165.077   3236.382   3283.000     4.3934     4.3947   3.424367   3.424298     1.7065     1.4030      42.20   26.44378  -85.33235   -0.00007   -0.00016     4.6573     4.6927     4.0800     4.0813    34.9763    34.9742    27.7589    27.7571    1502.44    202.379    203.917         32 0.0000e+00
      99994   4166.367   3237.360   3284.000     4.3935     4.3948   3.424405   3.424345     1.7064     1.4030      41.36   26.44378  -85.33234   -0.00009   -0.00006     4.6577     4.6932     4.0800     4.0812    34.9762    34.9742    27.7588    27.7572    1502.44    202.393    203.938         30 0.0000e+00
     100024   4167.644   3238.339   3285.000     4.3936     4.3949   3.424455   3.424397     1.7061     1.4029      40.38   26.44378  -85.33234   -0.00010    0.00001     4.6568     4.6937     4.0800     4.0813    34.9762    34.9742    27.7589    27.7572    1502.45    202.358    203.961         32 0.0000e+00
     100058   4169.038   3239.317   3286.000     4.3937     4.3950   3.424503   3.424443     1.7060     1.4028      39.31   26.44378  -85.33234   -0.00012   -0.00003     4.6567     4.6936     4.0800     4.0813    34.9762    34.9742    27.7589    27.7571    1502.46    202.351    203.956         36 0.0000e+00
     100095   4170.563   3240.295   3287.000     4.3939     4.3952   3.424553   3.424486     1.7060     1.4029      38.37   26.44378  -85.33234   -0.00009   -0.00003     4.6573     4.6949     4.0800     4.0813    34.9763    34.9742    27.7589    27.7571    1502.46    202.378    204.012         35 0.0000e+00
     100127   4171.918   3241.274   3288.000     4.3940     4.3953   3.424601   3.424541     1.7061     1.4030      37.48   26.44378  -85.33234   -0.00002    0.00003     4.6583     4.6958     4.0800     4.0813    34.9763    34.9742    27.7590    27.7572    1502.47    202.423    204.049         30 0.0000e+00
     100187   4174.411   3243.230   3290.000     4.3942     4.3955   3.424677   3.424612     1.7057     1.4027      35.48   26.44361  -85.33180   -0.00005   -0.00005     4.6579     4.6957     4.0799     4.0812    34.9761    34.9740    27.7588    27.7570    1502.47    202.402    204.048         34 0.0000e+00
     100225   4175.984   3244.209   3291.000     4.3943     4.3956   3.424747   3.424681     1.7057     1.4028      34.42   26.44378  -85.33234   -0.00011   -0.00004     4.6583     4.6966     4.0800     4.0813    34.9763    34.9742    27.7590    27.7572    1502.49    202.423    204.087         41 0.0000e+00
     100263   4177.597   3245.187   3292.000     4.3944     4.3957   3.424790   3.424737     1.7057     1.4028      33.52   26.44378  -85.33234   -0.00005    0.00002     4.6587     4.6973     4.0799     4.0813    34.9764    34.9744    27.7590    27.7573    1502.49    202.438    204.116         33 0.0000e+00
     100350   4181.190   3248.122   3295.000     4.3947     4.3961   3.424890   3.424831     1.7052     1.4026      30.62   26.44340  -85.33112   -0.00014   -0.00004     4.6582     4.6982     4.0799     4.0812    34.9758    34.9738    27.7586    27.7569    1502.49    202.416    204.154         35 0.0000e+00
     100391   4182.937   3249.101   3296.000     4.3950     4.3962   3.424986   3.424914     1.7050     1.4020      29.57   26.44378  -85.33234   -0.00012   -0.00022     4.6577     4.6953     4.0800     4.0813    34.9763    34.9742    27.7590    27.7571    1502.52    202.396    204.028         46 0.0000e+00
     100432   4184.625   3250.079   3297.000     4.3950     4.3964   3.425038   3.424972     1.7050     1.4018      28.72   26.44378  -85.33235   -0.00010   -0.00029     4.6584     4.6948     4.0799     4.0813    34.9765    34.9743    27.7591    27.7572    1502.52    202.426    204.009         32 0.0000e+00
     100518   4188.204   3253.014   3300.000     4.3954     4.3967   3.425157   3.425085     1.7045     1.4017      25.80   26.44362  -85.33183   -0.00009   -0.00002     4.6580     4.6962     4.0800     4.0812    34.9761    34.9740    27.7588    27.7570    1502.53    202.410    204.070         36 0.0000e+00
     100558   4189.878   3253.992   3301.000     4.3956     4.3968   3.425220   3.425154     1.7046     1.4017      24.79   26.44378  -85.33234   -0.00006   -0.00000     4.6590     4.6969     4.0800     4.0813    34.9763    34.9743    27.7589    27.7572    1502.55    202.451    204.097         42 0.0000e+00
     100594   4191.382   3254.970   3302.000     4.3957     4.3970   3.425268   3.425201     1.7044     1.4016      23.87   26.44378  -85.33234   -0.00004   -0.00002     4.6587     4.6971     4.0800     4.0813    34.9763    34.9742    27.7590    27.7572    1502.56    202.437    204.105         31 0.0000e+00
     100652   4193.791   3256.927   3304.000     4.3958     4.3972   3.425345   3.425282     1.7042     1.4014      22.08   26.44365  -85.33193   -0.00011   -0.00009     4.6587     4.6970     4.0799     4.0813    34.9762    34.9741    27.7589    27.7570    1502.56    202.440    204.102         30 0.0000e+00
     100686   4195.211   3257.905   3305.000     4.3960     4.3973   3.425412   3.425346     1.7041     1.4011      20.93   26.44378  -85.33236   -0.00009   -0.00014     4.6588     4.6962     4.0800     4.0812    34.9763    34.9743    27.7590    27.7572    1502.57    202.444    204.069         38 0.0000e+00
     100726   4196.881   3258.883   3306.000     4.3961     4.3974   3.425457   3.425389     1.7041     1.4008      19.96   26.44378  -85.33234   -0.00008   -0.00018     4.6594     4.6953     4.0800     4.0813    34.9763    34.9742    27.7590    27.7572    1502.58    202.469    204.031         40 0.0000e+00
     102326   4263.530   3265.730   3313.000     4.3968     4.3982   3.425616   3.425555     1.7029     1.3993      12.81   26.44236  -85.32776   -0.00002   -0.00004     4.6583     4.6916     4.0798     4.0811    34.9745    34.9724    27.7575    27.7557    1502.54    202.420    203.870         41 0.0000e+00
     102603   4275.072   3266.709   3314.000     4.3973     4.3986   3.425858   3.425788     1.7029     1.3995      12.06   26.44378  -85.33234 -6.766e-07    0.00002     4.6583     4.6931     4.0802     4.0815    34.9764    34.9742    27.7590    27.7572    1502.63    202.419    203.934         31 0.0000e+00
     102943   4289.244   3267.688   3315.000     4.3972     4.3986   3.425888   3.425822     1.7025     1.3992      11.01   26.44376  -85.33234   -0.00005   -0.00002     4.6570     4.6925     4.0800     4.0814    34.9764    34.9742    27.7590    27.7571    1502.64    202.363    203.905         60 0.0000e+00
     104386   4349.385   3268.666   3316.000     4.3983     4.3994   3.426011   3.425921     1.7020     1.3982       9.80   26.44376  -85.33234   -0.00001   -0.00003     4.6553     4.6878     4.0809     4.0820    34.9763    34.9741    27.7588    27.7570    1502.64    202.292    203.702         57 0.0000e+00
