Gulf of Mexico/GOMECC-4/1db/drb2103_0271.cnv
* Sea-Bird SBE 9 Data File:
* FileName = C:\Users\scs.user.rb\CTD\GOMECC4\data\rb2103_0271.hex
* Software Version Seasave V 7.26.7.107
* Temperature SN = 4799
* Conductivity SN = 3860
* Number of Bytes Per Scan = 41
* Number of Voltage Words = 4
* Number of Scans Averaged by the Deck Unit = 1
* NMEA Latitude = 28 10.29 N
* NMEA Longitude = 086 28.83 W
* NMEA UTC (Time) = Sep 21 2021  14:01:03
* NMEA baud rate = 4800
# nquan = 28
# nvalues = 228                         
# units = specified
# name 0 = scan: Scan Count
# name 1 = timeS: Time, Elapsed [seconds]
# name 2 = depSM: Depth [salt water, m]
# name 3 = prDM: Pressure, Digiquartz [db]
# name 4 = t090C: Temperature [ITS-90, deg C]
# name 5 = t190C: Temperature, 2 [ITS-90, deg C]
# name 6 = c0S/m: Conductivity [S/m]
# name 7 = c1S/m: Conductivity, 2 [S/m]
# name 8 = sbeox0V: Oxygen raw, SBE 43 [V]
# name 9 = sbeox1V: Oxygen raw, SBE 43, 2 [V]
# name 10 = altM: Altimeter [m]
# name 11 = latitude: Latitude [deg]
# name 12 = longitude: Longitude [deg]
# name 13 = sbox0dV/dT: Oxygen, SBE 43 [dov/dt]
# name 14 = sbox1dV/dT: Oxygen, SBE 43, 2 [dov/dt]
# name 15 = sbeox0ML/L: Oxygen, SBE 43 [ml/l], WS = 5
# name 16 = sbeox1ML/L: Oxygen, SBE 43, 2 [ml/l], WS = 5
# name 17 = potemp090C: Potential Temperature [ITS-90, deg C]
# name 18 = potemp190C: Potential Temperature, 2 [ITS-90, deg C]
# name 19 = sal00: Salinity, Practical [PSU]
# name 20 = sal11: Salinity, Practical, 2 [PSU]
# name 21 = sigma-é00: Density [sigma-theta, kg/m^3]
# name 22 = sigma-é11: Density, 2 [sigma-theta, kg/m^3]
# name 23 = avgsvCM: Average Sound Velocity [Chen-Millero, m/s], minP = 20, minS = 20
# name 24 = sbox0Mm/Kg: Oxygen, SBE 43 [umol/kg], WS = 5
# name 25 = sbox1Mm/Kg: Oxygen, SBE 43, 2 [umol/kg], WS = 5
# name 26 = nbin: number of scans per bin
# name 27 = flag: flag
# span 0 =       8190,      36928       
# span 1 =    341.212,   1538.630       
# span 2 =      3.973,    885.145       
# span 3 =      4.000,    893.000       
# span 4 =     5.6140,    29.0369       
# span 5 =     5.6145,    29.0341       
# span 6 =   3.434032,   5.850025       
# span 7 =   3.434000,   5.850415       
# span 8 =     1.7564,     3.1111       
# span 9 =     1.4544,     2.6422       
# span 10 =      10.07,     101.28      
# span 11 =   28.15675,   28.17157      
# span 12 =  -86.48196,  -86.43643      
# span 13 =   -0.02056,    0.01527      
# span 14 =   -0.01935,    0.01464      
# span 15 =     3.0575,     4.4410      
# span 16 =     3.0925,     4.4430      
# span 17 =     5.5356,    29.0231      
# span 18 =     5.5360,    29.0289      
# span 19 =    32.8189,    36.5824      
# span 20 =    32.8176,    36.5826      
# span 21 =    20.6993,    27.5461      
# span 22 =    20.6985,    27.5454      
# span 23 =       0.00,    1552.89      
# span 24 =    133.025,    194.312      
# span 25 =    134.552,    194.401      
# span 26 =         30,         63      
# span 27 = 0.0000e+00, 0.0000e+00      
# interval = decibars: 1                
# start_time = Sep 21 2021 14:01:03 [NMEA time, header]
# bad_flag = -9.990e-29
*END*
[from data line 104]
      13394    558.060    136.042    137.000    19.0521    19.0528   4.887235   4.887217     2.1541     1.8054     100.00   28.17078  -86.47956   -0.00092   -0.00090     3.1489     3.1797    19.0274    19.0281    36.5543    36.5535    26.2026    26.2019    1534.07    137.037    138.378         32 0.0000e+00
      13425    559.341    137.034    138.000    18.9448    18.9465   4.874706   4.874773     2.1505     1.8015      99.32   28.17078  -86.47956   -0.00234   -0.00204     3.1484     3.1771    18.9200    18.9217    36.5431    36.5422    26.2217    26.2206    1533.98    137.015    138.263         30 0.0000e+00
      13455    560.582    138.027    139.000    18.8683    18.8701   4.865777   4.865954     2.1463     1.7968      98.27   28.17078  -86.47956   -0.00276   -0.00296     3.1445     3.1708    18.8434    18.8453    36.5350    36.5348    26.2352    26.2346    1533.90    136.845    137.987         30 0.0000e+00
      13486    561.875    139.020    140.000    18.8120    18.8135   4.859149   4.859275     2.1420     1.7941      99.97   28.17078  -86.47956   -0.00320   -0.00315     3.1392     3.1682    18.7870    18.7885    36.5284    36.5282    26.2446    26.2440    1533.81    136.612    137.871         32 0.0000e+00
      13518    563.219    140.013    141.000    18.6053    18.6062   4.834426   4.834814     2.1368     1.7879     100.00   28.17078  -86.47956   -0.00346   -0.00291     3.1387     3.1653    18.5802    18.5812    36.5016    36.5011    26.2768    26.2761    1533.73    136.584    137.744         32 0.0000e+00
      13579    565.766    141.998    143.000    18.5718    18.5727   4.830591   4.830784     2.1290     1.7815      83.87   28.17157  -86.48196   -0.00364   -0.00348     3.1274     3.1540    18.5465    18.5474    36.4984    36.4992    26.2830    26.2834    1533.60    136.093    137.250         31 0.0000e+00
      13611    567.077    142.990    144.000    18.5664    18.5664   4.829997   4.830072     2.1270     1.7802      99.93   28.17078  -86.47954   -0.00256   -0.00237     3.1235     3.1516    18.5409    18.5410    36.4974    36.4980    26.2836    26.2840    1533.47    135.923    137.146         33 0.0000e+00
      13645    568.506    143.983    145.000    18.5603    18.5600   4.829384   4.829421     2.1250     1.7800     100.00   28.17078  -86.47954   -0.00160   -0.00097     3.1199     3.1519    18.5346    18.5343    36.4972    36.4978    26.2850    26.2855    1533.39    135.767    137.159         35 0.0000e+00
      13679    569.934    144.976    146.000    18.5444    18.5403   4.827597   4.827125     2.1229     1.7788     100.00   28.17078  -86.47954   -0.00144   -0.00048     3.1173     3.1507    18.5186    18.5145    36.4959    36.4954    26.2880    26.2887    1533.31    135.652    137.105         34 0.0000e+00
      13715    571.431    145.968    147.000    18.4902    18.4915   4.821268   4.821430     2.1216     1.7764      97.50   28.17076  -86.47954   -0.00128   -0.00093     3.1174     3.1478    18.4643    18.4656    36.4896    36.4898    26.2970    26.2968    1533.22    135.656    136.977         37 0.0000e+00
      13751    572.909    146.961    148.000    18.4405    18.4412   4.815467   4.815505     2.1200     1.7759     100.02   28.17076  -86.47954   -0.00107   -0.00121     3.1178     3.1504    18.4145    18.4152    36.4840    36.4837    26.3053    26.3049    1533.15    135.672    137.092         34 0.0000e+00
      13783    574.270    147.954    149.000    18.3534    18.3512   4.805177   4.804848     2.1185     1.7750     100.00   28.17076  -86.47954   -0.00101   -0.00065     3.1206     3.1542    18.3272    18.3250    36.4733    36.4725    26.3191    26.3190    1533.06    135.794    137.254         33 0.0000e+00
      13819    575.731    148.946    150.000    18.2782    18.2817   4.796349   4.796766     2.1177     1.7730     100.00   28.17076  -86.47954   -0.00092   -0.00077     3.1242     3.1541    18.2519    18.2554    36.4645    36.4649    26.3313    26.3308    1532.98    135.947    137.247         37 0.0000e+00
      13856    577.277    149.939    151.000    18.2370    18.2383   4.791443   4.791622     2.1170     1.7737      55.65   28.17076  -86.47954   -0.00058   -0.00084     3.1258     3.1590    18.2106    18.2119    36.4588    36.4592    26.3373    26.3372    1532.90    136.015    137.462         36 0.0000e+00
      13890    578.716    150.932    152.000    18.2154    18.2161   4.788821   4.788967     2.1159     1.7726      99.61   28.17076  -86.47954   -0.00052    0.00002     3.1251     3.1581    18.1889    18.1896    36.4552    36.4558    26.3400    26.3403    1532.82    135.984    137.419         34 0.0000e+00
      13924    580.135    151.924    153.000    18.1827    18.1846   4.784848   4.785000     2.1146     1.7718     100.00   28.17076  -86.47954   -0.00077   -0.00038     3.1248     3.1585    18.1560    18.1579    36.4500    36.4496    26.3442    26.3435    1532.74    135.970    137.439         34 0.0000e+00
      13959    581.580    152.917    154.000    18.0564    18.0609   4.769889   4.770274     2.1103     1.7658     100.00   28.17076  -86.47954   -0.00133   -0.00169     3.1239     3.1520    18.0297    18.0342    36.4339    36.4332    26.3635    26.3618    1532.66    135.931    137.152         35 0.0000e+00
      13994    583.034    153.910    155.000    17.9591    17.9605   4.758189   4.758302     2.1021     1.7591     100.00   28.17076  -86.47954   -0.00331   -0.00363     3.1119     3.1419    17.9323    17.9337    36.4198    36.4195    26.3768    26.3763    1532.57    135.407    136.712         35 0.0000e+00
      14030    584.528    154.902    156.000    17.8567    17.8608   4.746059   4.746388     2.0929     1.7492     100.00   28.17076  -86.47954   -0.00547   -0.00526     3.0987     3.1245    17.8298    17.8339    36.4065    36.4056    26.3920    26.3903    1532.49    134.828    135.953         36 0.0000e+00
      14065    586.017    155.895    157.000    17.7686    17.7714   4.735597   4.735883     2.0852     1.7432     100.00   28.17076  -86.47954   -0.00589   -0.00558     3.0874     3.1157    17.7417    17.7444    36.3946    36.3946    26.4047    26.4040    1532.40    134.337    135.567         35 0.0000e+00
      14100    587.459    156.887    158.000    17.7240    17.7255   4.730390   4.730576     2.0826     1.7423     100.00   28.17076  -86.47954   -0.00449   -0.00361     3.0850     3.1167    17.6969    17.6984    36.3892    36.3895    26.4116    26.4114    1532.32    134.231    135.610         35 0.0000e+00
      14134    588.867    157.880    159.000    17.6708    17.6728   4.724180   4.724390     2.0818     1.7412     100.00   28.17076  -86.47954   -0.00210   -0.00120     3.0869     3.1178    17.6437    17.6457    36.3827    36.3828    26.4197    26.4192    1532.24    134.313    135.658         33 0.0000e+00
      14168    590.298    158.872    160.000    17.6275    17.6301   4.719059   4.719352     2.0804     1.7407     100.00   28.17076  -86.47954   -0.00088   -0.00051     3.0870     3.1196    17.6002    17.6027    36.3768    36.3771    26.4258    26.4254    1532.15    134.316    135.734         36 0.0000e+00
      14205    591.817    159.865    161.000    17.5855    17.5867   4.714061   4.714172     2.0776     1.7386     100.00   28.17076  -86.47954   -0.00117   -0.00075     3.0839     3.1175    17.5581    17.5593    36.3708    36.3707    26.4316    26.4312    1532.07    134.179    135.643         36 0.0000e+00
      14240    593.290    160.858    162.000    17.5486    17.5500   4.709732   4.709889     2.0753     1.7363     100.00   28.17076  -86.47954   -0.00161   -0.00137     3.0815     3.1146    17.5210    17.5224    36.3660    36.3661    26.4369    26.4367    1531.99    134.076    135.513         35 0.0000e+00
      14274    594.715    161.850    163.000    17.5079    17.5095   4.704911   4.705073     2.0735     1.7341     100.00   28.17076  -86.47954   -0.00157   -0.00142     3.0804     3.1120    17.4803    17.4818    36.3602    36.3603    26.4425    26.4421    1531.90    134.028    135.400         34 0.0000e+00
      14309    596.178    162.843    164.000    17.4542    17.4567   4.698540   4.698796     2.0708     1.7307     100.00   28.17075  -86.47954   -0.00142   -0.00176     3.0782     3.1069    17.4264    17.4288    36.3527    36.3527    26.4499    26.4493    1531.83    133.928    135.178         36 0.0000e+00
      14345    597.660    163.835    165.000    17.4114    17.4133   4.693405   4.693646     2.0675     1.7281     100.00   28.17075  -86.47954   -0.00184   -0.00211     3.0741     3.1039    17.3834    17.3853    36.3462    36.3465    26.4553    26.4551    1531.74    133.750    135.047         35 0.0000e+00
      14379    599.085    164.827    166.000    17.3953    17.3959   4.691471   4.691544     2.0648     1.7253     100.00   28.17074  -86.47954   -0.00211   -0.00191     3.0693     3.0985    17.3672    17.3678    36.3434    36.3435    26.4571    26.4571    1531.66    133.542    134.813         34 0.0000e+00
      14414    600.544    165.820    167.000    17.3723    17.3738   4.688715   4.688892     2.0612     1.7233      99.95   28.17074  -86.47954   -0.00208   -0.00175     3.0631     3.0952    17.3441    17.3455    36.3397    36.3399    26.4599    26.4597    1531.58    133.272    134.668         36 0.0000e+00
      14451    602.077    166.813    168.000    17.3238    17.3264   4.683066   4.683252     2.0580     1.7209     100.00   28.17074  -86.47954   -0.00229   -0.00151     3.0592     3.0925    17.2955    17.2981    36.3337    36.3329    26.4671    26.4659    1531.50    133.102    134.552         36 0.0000e+00
      14484    603.478    167.805    169.000    17.2408    17.2433   4.673151   4.673336     2.0558     1.7194     100.00   28.17074  -86.47954   -0.00207   -0.00146     3.0602     3.0945    17.2124    17.2149    36.3215    36.3208    26.4779    26.4767    1531.41    133.142    134.634         32 0.0000e+00
      14518    604.885    168.798    170.000    17.1429    17.1455   4.661787   4.662030     2.0524     1.7172     100.00   28.17074  -86.47954   -0.00186   -0.00122     3.0575     3.0935    17.1144    17.1170    36.3084    36.3082    26.4915    26.4907    1531.34    133.025    134.591         36 0.0000e+00
      14555    606.408    169.790    171.000    17.1215    17.1224   4.659220   4.659329     2.0539     1.7187      85.57   28.17074  -86.47954   -0.00147   -0.00101     3.0643     3.1013    17.0929    17.0938    36.3064    36.3065    26.4951    26.4950    1531.25    133.321    134.931         36 0.0000e+00
      14589    607.847    170.783    172.000    17.1052    17.1071   4.657423   4.657642     2.0587     1.7266      99.93   28.17074  -86.47954    0.00121    0.00174     3.0763     3.1221    17.0765    17.0784    36.3049    36.3051    26.4979    26.4976    1531.17    133.843    135.834         34 0.0000e+00
      14624    609.291    171.775    173.000    17.0903    17.0913   4.655751   4.655895     2.0691     1.7341     100.00   28.17074  -86.47954    0.00462    0.00502     3.1023     3.1429    17.0614    17.0624    36.3033    36.3037    26.5004    26.5004    1531.09    134.974    136.738         36 0.0000e+00
      14661    610.834    172.768    174.000    17.0687    17.0705   4.653283   4.653491     2.0722     1.7357      73.60   28.17074  -86.47954    0.00441    0.00370     3.1113     3.1485    17.0396    17.0415    36.3008    36.3010    26.5037    26.5033    1531.01    135.362    136.982         37 0.0000e+00
      14696    612.284    173.760    175.000    17.0370    17.0372   4.649628   4.649648     2.0732     1.7361      97.84   28.17074  -86.47954    0.00223    0.00136     3.1159     3.1520    17.0078    17.0081    36.2970    36.2969    26.5084    26.5082    1530.93    135.564    137.135         32 0.0000e+00
      14728    613.639    174.753    176.000    17.0200    17.0199   4.647617   4.647619     2.0723     1.7351      99.99   28.17074  -86.47954    0.00059    0.00013     3.1155     3.1511    16.9906    16.9906    36.2943    36.2943    26.5104    26.5104    1530.85    135.543    137.095         34 0.0000e+00
      14764    615.110    175.745    177.000    17.0064    17.0076   4.646014   4.646139     2.0712     1.7341     100.00   28.17074  -86.47954   -0.00042   -0.00044     3.1142     3.1498    16.9770    16.9781    36.2920    36.2921    26.5119    26.5117    1530.78    135.489    137.036         37 0.0000e+00
      14802    616.690    176.738    178.000    16.9478    16.9527   4.639240   4.639524     2.0697     1.7327      76.00   28.17074  -86.47954   -0.00078   -0.00076     3.1146     3.1503    16.9182    16.9231    36.2833    36.2833    26.5193    26.5181    1530.71    135.507    137.058         37 0.0000e+00
      14836    618.112    177.730    179.000    16.9060    16.9074   4.634060   4.634216     2.0681     1.7305      91.09   28.17074  -86.47954   -0.00099   -0.00109     3.1146     3.1481    16.8763    16.8777    36.2769    36.2771    26.5244    26.5242    1530.62    135.506    136.960         32 0.0000e+00
      14868    619.469    178.723    180.000    16.8696    16.8716   4.629653   4.629850     2.0663     1.7300      99.93   28.17074  -86.47954   -0.00119   -0.00116     3.1134     3.1494    16.8398    16.8418    36.2707    36.2706    26.5284    26.5278    1530.55    135.452    137.018         34 0.0000e+00
      14905    620.991    179.715    181.000    16.8389    16.8415   4.625964   4.626204     2.0654     1.7300     100.00   28.17074  -86.47954   -0.00107   -0.00048     3.1139     3.1518    16.8090    16.8116    36.2655    36.2653    26.5317    26.5309    1530.47    135.474    137.121         39 0.0000e+00
      14942    622.544    180.708    182.000    16.7802    16.7823   4.618984   4.619218     2.0644     1.7282      76.65   28.17073  -86.47954   -0.00061   -0.00033     3.1160     3.1515    16.7501    16.7522    36.2568    36.2570    26.5391    26.5387    1530.39    135.565    137.106         35 0.0000e+00
      14975    623.924    181.700    183.000    16.7489    16.7513   4.615281   4.615492     2.0625     1.7258      81.41   28.17072  -86.47954   -0.00072   -0.00111     3.1140     3.1480    16.7188    16.7211    36.2520    36.2517    26.5428    26.5420    1530.32    135.477    136.954         32 0.0000e+00
      15009    625.322    182.692    184.000    16.6913    16.6925   4.608476   4.608541     2.0599     1.7241      99.84   28.17072  -86.47954   -0.00144   -0.00159     3.1122     3.1481    16.6611    16.6622    36.2437    36.2432    26.5501    26.5495    1530.25    135.395    136.960         35 0.0000e+00
      15046    626.863    183.685    185.000    16.6526    16.6547   4.603874   4.604103     2.0582     1.7239     100.00   28.17072  -86.47954   -0.00158   -0.00090     3.1114     3.1503    16.6222    16.6243    36.2378    36.2379    26.5547    26.5543    1530.17    135.359    137.051         38 0.0000e+00
      15082    628.370    184.678    186.000    16.6386    16.6394   4.602257   4.602386     2.0566     1.7216     100.00   28.17072  -86.47954   -0.00124   -0.00071     3.1090     3.1457    16.6080    16.6089    36.2358    36.2362    26.5566    26.5567    1530.09    135.258    136.853         35 0.0000e+00
      15116    629.776    185.670    187.000    16.6388    16.6397   4.602361   4.602494     2.0567     1.7210     100.00   28.17072  -86.47954   -0.00080   -0.00102     3.1096     3.1446    16.6081    16.6090    36.2361    36.2364    26.5568    26.5569    1530.01    135.280    136.805         33 0.0000e+00
      15150    631.188    186.662    188.000    16.6359    16.6379   4.602100   4.602334     2.0572     1.7206     100.00   28.17072  -86.47954   -0.00006   -0.00068     3.1115     3.1440    16.6050    16.6070    36.2360    36.2363    26.5574    26.5572    1529.94    135.364    136.777         34 0.0000e+00
