Gulf of Mexico/GOMECC-4/1db/drb2103_1391.cnv
* Sea-Bird SBE 9 Data File:
* FileName = C:\Users\scs.user.rb\CTD\GOMECC4\data\rb2103_1391.hex
* Software Version Seasave V 7.26.7.107
* Temperature SN = 4799
* Conductivity SN = 3860
* Number of Bytes Per Scan = 41
* Number of Voltage Words = 4
* Number of Scans Averaged by the Deck Unit = 1
* NMEA Latitude = 25 44.68 N
* NMEA Longitude = 084 35.32 W
* NMEA UTC (Time) = Oct 20 2021  10:34:58
* NMEA baud rate = 4800
# nquan = 28
# nvalues = 243                         
# units = specified
# name 0 = scan: Scan Count
# name 1 = timeS: Time, Elapsed [seconds]
# name 2 = depSM: Depth [salt water, m]
# name 3 = prDM: Pressure, Digiquartz [db]
# name 4 = t090C: Temperature [ITS-90, deg C]
# name 5 = t190C: Temperature, 2 [ITS-90, deg C]
# name 6 = c0S/m: Conductivity [S/m]
# name 7 = c1S/m: Conductivity, 2 [S/m]
# name 8 = sbeox0V: Oxygen raw, SBE 43 [V]
# name 9 = sbeox1V: Oxygen raw, SBE 43, 2 [V]
# name 10 = altM: Altimeter [m]
# name 11 = latitude: Latitude [deg]
# name 12 = longitude: Longitude [deg]
# name 13 = sbox0dV/dT: Oxygen, SBE 43 [dov/dt]
# name 14 = sbox1dV/dT: Oxygen, SBE 43, 2 [dov/dt]
# name 15 = sbeox0ML/L: Oxygen, SBE 43 [ml/l], WS = 5
# name 16 = sbeox1ML/L: Oxygen, SBE 43, 2 [ml/l], WS = 5
# name 17 = potemp090C: Potential Temperature [ITS-90, deg C]
# name 18 = potemp190C: Potential Temperature, 2 [ITS-90, deg C]
# name 19 = sal00: Salinity, Practical [PSU]
# name 20 = sal11: Salinity, Practical, 2 [PSU]
# name 21 = sigma-é00: Density [sigma-theta, kg/m^3]
# name 22 = sigma-é11: Density, 2 [sigma-theta, kg/m^3]
# name 23 = avgsvCM: Average Sound Velocity [Chen-Millero, m/s], minP = 20, minS = 20
# name 24 = sbox0Mm/Kg: Oxygen, SBE 43 [umol/kg], WS = 5
# name 25 = sbox1Mm/Kg: Oxygen, SBE 43, 2 [umol/kg], WS = 5
# name 26 = nbin: number of scans per bin
# name 27 = flag: flag
# span 0 =       7215,      24257       
# span 1 =    300.574,   1010.667       
# span 2 =      2.980,    443.622       
# span 3 =      3.000,    447.000       
# span 4 =    10.4907,    28.6169       
# span 5 =    10.4907,    28.6192       
# span 6 =   3.901786,   5.851961       
# span 7 =   3.901757,   5.852207       
# span 8 =     1.6649,     3.1716       
# span 9 =     1.3579,     2.6836       
# span 10 =      10.34,     102.14      
# span 11 =   25.72646,   25.74632      
# span 12 =  -84.59430,  -84.52925      
# span 13 =   -0.02873,    0.02730      
# span 14 =   -0.02720,    0.02527      
# span 15 =     2.6264,     4.6875      
# span 16 =     2.6368,     4.6933      
# span 17 =    10.4364,    28.6120      
# span 18 =    10.4364,    28.6121      
# span 19 =    35.2641,    36.6114      
# span 20 =    35.2638,    36.6129      
# span 21 =    22.6944,    27.0865      
# span 22 =    22.6951,    27.0862      
# span 23 =       0.00,    1543.12      
# span 24 =    114.202,    204.317      
# span 25 =    114.654,    204.570      
# span 26 =         30,         68      
# span 27 = 0.0000e+00, 0.0000e+00      
# interval = decibars: 1                
# start_time = Oct 20 2021 10:34:58 [NMEA time, header]
# bad_flag = -9.990e-29
*END*
       7215    300.574      2.980      3.000    28.2802    28.2814   5.727618   5.727966     3.1207     2.6415      80.76   25.74468  -84.58875    0.00030   -0.00019     4.3896     4.3718    28.2795    28.2807    35.5238    35.5253    22.6968    22.6976       0.00    191.690    190.910         59 0.0000e+00
       7439    309.927      3.974      4.000    28.2782    28.2796   5.727346   5.727687     3.1237     2.6379      97.50   25.74468  -84.58876    0.00146   -0.00079     4.3959     4.3652    28.2772    28.2787    35.5232    35.5245    22.6971    22.6976       0.00    191.964    190.624         49 0.0000e+00
       7517    313.161      4.968      5.000    28.2802    28.2856   5.727655   5.728559     3.1210     2.6399      71.81   25.74468  -84.58876   -0.00047    0.00059     4.3912     4.3692    28.2790    28.2844    35.5235    35.5258    22.6968    22.6966       0.00    191.760    190.797         45 0.0000e+00
       7589    316.186      5.961      6.000    28.2920    28.2930   5.729369   5.729576     3.1217     2.6392     100.19   25.74467  -84.58876    0.00023   -0.00053     4.3920     4.3678    28.2905    28.2916    35.5264    35.5270    22.6951    22.6952       0.00    191.794    190.739         46 0.0000e+00
       7666    319.387      6.954      7.000    28.2913    28.2938   5.729352   5.729744     3.1223     2.6414     100.00   25.74466  -84.58876   -0.00025    0.00089     4.3938     4.3727    28.2896    28.2922    35.5264    35.5273    22.6954    22.6953       0.00    191.871    190.952         66 0.0000e+00
       7733    322.177      7.948      8.000    28.2937    28.2946   5.729696   5.729896     3.1253     2.6410     100.00   25.74466  -84.58876    0.00095   -0.00017     4.3996     4.3723    28.2918    28.2927    35.5267    35.5275    22.6950    22.6952       0.00    192.124    190.933         61 0.0000e+00
       7792    324.633      8.941      9.000    28.2914    28.2929   5.729463   5.729764     3.1233     2.6400     100.00   25.74466  -84.58876   -0.00002   -0.00030     4.3966     4.3709    28.2892    28.2908    35.5266    35.5275    22.6957    22.6959       0.00    191.996    190.874         62 0.0000e+00
       7847    326.911      9.935     10.000    28.2917    28.2930   5.729505   5.729789     3.1239     2.6397     100.00   25.74466  -84.58876   -0.00064   -0.00007     4.3982     4.3710    28.2893    28.2906    35.5263    35.5274    22.6954    22.6958       0.00    192.066    190.875         43 0.0000e+00
       7890    328.698     10.928     11.000    28.2911    28.2926   5.729511   5.729782     3.1234     2.6422      98.89   25.74466  -84.58876    0.00030    0.00031     4.3980     4.3764    28.2885    28.2899    35.5265    35.5273    22.6959    22.6960       0.00    192.055    191.114         51 0.0000e+00
       7948    331.108     11.922     12.000    28.2911    28.2925   5.729557   5.729818     3.1241     2.6375      89.00   25.74466  -84.58876   -0.00006   -0.00017     4.3997     4.3675    28.2883    28.2896    35.5265    35.5273    22.6959    22.6961       0.00    192.128    190.723         54 0.0000e+00
       7992    332.945     12.916     13.000    28.2914    28.2927   5.729636   5.729889     3.1221     2.6401      96.56   25.74466  -84.58875   -0.00026   -0.00145     4.3965     4.3733    28.2883    28.2896    35.5265    35.5274    22.6959    22.6961       0.00    191.991    190.979         42 0.0000e+00
       8039    334.923     13.909     14.000    28.2915    28.2928   5.729693   5.729954     3.1214     2.6403      65.33   25.74466  -84.58874   -0.00076    0.00119     4.3958     4.3743    28.2882    28.2895    35.5266    35.5274    22.6960    22.6962       0.00    191.958    191.019         51 0.0000e+00
       8090    337.059     14.902     15.000    28.2923    28.2936   5.729826   5.730071     3.1216     2.6387      99.28   25.74466  -84.58876   -0.00011   -0.00049     4.3967     4.3713    28.2887    28.2900    35.5266    35.5274    22.6959    22.6960       0.00    191.997    190.891         54 0.0000e+00
       8144    339.302     15.896     16.000    28.2926    28.2940   5.729889   5.730156     3.1222     2.6375     100.00   25.74466  -84.58874    0.00025   -0.00073     4.3982     4.3695    28.2888    28.2902    35.5266    35.5274    22.6958    22.6960       0.00    192.064    190.812         47 0.0000e+00
       8184    340.944     16.889     17.000    28.2928    28.2928   5.729882   5.729900     3.1217     2.6397     100.00   25.74466  -84.58874    0.00017    0.00025     4.3979     4.3746    28.2887    28.2888    35.5261    35.5262    22.6955    22.6955       0.00    192.051    191.034         38 0.0000e+00
       8233    343.016     17.883     18.000    28.2891    28.2896   5.729196   5.729402     3.1216     2.6391     100.00   25.74466  -84.58874   -0.00023    0.00036     4.3985     4.3742    28.2848    28.2853    35.5237    35.5248    22.6950    22.6956       0.00    192.077    191.017         63 0.0000e+00
       8290    345.392     18.876     19.000    28.2821    28.2848   5.727916   5.728714     3.1188     2.6393     100.00   25.74466  -84.58874   -0.00070   -0.00006     4.3945     4.3754    28.2776    28.2803    35.5198    35.5233    22.6944    22.6961       0.00    191.903    191.069         41 0.0000e+00
       8330    347.056     19.869     20.000    28.2822    28.2835   5.727978   5.728306     3.1189     2.6386      86.98   25.74466  -84.58874   -0.00094   -0.00014     4.3953     4.3748    28.2775    28.2787    35.5198    35.5211    22.6944    22.6951     822.51    191.938    191.042         42 0.0000e+00
       8381    349.156     20.863     21.000    28.2841    28.2866   5.728422   5.729176     3.1196     2.6377      97.05   25.74466  -84.58875    0.00037   -0.00053     4.3968     4.3730    28.2791    28.2816    35.5207    35.5232    22.6946    22.6957    1532.25    192.002    190.964         58 0.0000e+00
       8436    351.471     21.856     22.000    28.2918    28.2936   5.729860   5.730240     3.1185     2.6395      97.53   25.74466  -84.58876   -0.00043    0.00061     4.3946     4.3767    28.2865    28.2884    35.5252    35.5263    22.6955    22.6957    1542.84    191.909    191.127         49 0.0000e+00
       8481    353.328     22.850     23.000    28.2918    28.2935   5.730048   5.730357     3.1202     2.6381      75.32   25.74466  -84.58876    0.00028   -0.00014     4.3980     4.3744    28.2863    28.2880    35.5256    35.5266    22.6959    22.6961    1542.84    192.056    191.024         44 0.0000e+00
       8529    355.328     23.843     24.000    28.2969    28.2980   5.730744   5.730957     3.1200     2.6372      88.24   25.74466  -84.58876    0.00048   -0.00087     4.3981     4.3727    28.2912    28.2923    35.5269    35.5276    22.6953    22.6954    1542.84    192.060    190.950         51 0.0000e+00
       8580    357.451     24.836     25.000    28.2996    28.3008   5.731635   5.731788     3.1156     2.6390     100.19   25.74466  -84.58876   -0.00127    0.00068     4.3903     4.3767    28.2937    28.2948    35.5295    35.5306    22.6964    22.6968    1542.85    191.719    191.123         49 0.0000e+00
       8626    359.375     25.830     26.000    28.3022    28.3054   5.732199   5.733078     3.1173     2.6384     100.00   25.74466  -84.58876   -0.00080    0.00028     4.3935     4.3755    28.2961    28.2992    35.5324    35.5362    22.6978    22.6996    1542.85    191.861    191.071         47 0.0000e+00
       8676    361.470     26.823     27.000    28.3033    28.3052   5.732956   5.732963     3.1205     2.6370     100.00   25.74466  -84.58876    0.00136   -0.00026     4.3996     4.3732    28.2969    28.2988    35.5337    35.5353    22.6985    22.6990    1542.86    192.125    190.971         51 0.0000e+00
       8726    363.536     27.817     28.000    28.3664    28.3782   5.751744   5.755082     3.1212     2.6356      99.96   25.74466  -84.58876    0.00075   -0.00126     4.3947     4.3632    28.3597    28.3716    35.6201    35.6345    22.7427    22.7496    1542.87    191.902    190.528         49 0.0000e+00
       8776    365.609     28.810     29.000    28.5509    28.5552   5.821087   5.822612     3.1341     2.6504      99.88   25.74466  -84.58876    0.00241    0.00337     4.3960     4.3726    28.5439    28.5482    35.9643    35.9717    22.9405    22.9446    1542.89    191.922    190.901         49 0.0000e+00
       8822    367.540     29.803     30.000    28.6169    28.6192   5.850815   5.850748     3.1428     2.6583     100.00   25.74466  -84.58876    0.00598    0.00631     4.4048     4.3816    28.6120    28.6121    36.1193    36.1184    23.0344    23.0335    1542.93    192.289    191.275         46 0.0000e+00
       8873    369.657     30.797     31.000    28.6168    28.6182   5.851961   5.852207     3.1495     2.6640     100.00   25.74466  -84.58876    0.00375    0.00318     4.4159     4.3927    28.6092    28.6108    36.1290    36.1296    23.0426    23.0426    1542.99    192.772    191.758         51 0.0000e+00
       8917    371.492     31.790     32.000    28.5919    28.5938   5.850434   5.850735     3.1507     2.6628      99.89   25.74466  -84.58876    0.00187    0.00109     4.4203     4.3923    28.5842    28.5861    36.1369    36.1376    23.0569    23.0568    1543.02    192.961    191.740         35 0.0000e+00
       8968    373.635     32.783     33.000    28.4863    28.4889   5.838861   5.839295     3.1556     2.6735     100.00   25.74465  -84.58876    0.00172    0.00193     4.4376     4.4222    28.4784    28.4810    36.1363    36.1374    23.0916    23.0916    1543.07    193.709    193.036         50 0.0000e+00
       9030    376.210     33.777     34.000    28.3419    28.3440   5.825331   5.825964     3.1716     2.6836      56.41   25.74464  -84.58876    0.00550    0.00542     4.4769     4.4526    28.3305    28.3361    36.1543    36.1563    23.1541    23.1546    1543.10    195.414    194.353         37 0.0000e+00
       9063    377.582     34.770     35.000    28.0909    28.0938   5.820248   5.820785     3.1628     2.6746      98.29   25.74464  -84.58876    0.00326    0.00126     4.4792     4.4501    28.0825    28.0855    36.3085    36.3100    23.3519    23.3521    1543.11    195.474    194.208         38 0.0000e+00
       9118    379.865     35.763     36.000    27.8919    27.8922   5.803298   5.803549     3.1470     2.6626     100.00   25.74464  -84.58876   -0.00741   -0.00585     4.4656     4.4404    27.8834    27.8837    36.3421    36.3437    23.4426    23.4436    1543.12    194.866    193.765         67 0.0000e+00
       9175    382.269     36.757     37.000    27.8006    27.8030   5.793647   5.793910     3.1417     2.6615     100.00   25.74464  -84.58876   -0.00224   -0.00168     4.4649     4.4448    27.7919    27.7943    36.3443    36.3456    23.4742    23.4744    1543.11    194.831    193.953         49 0.0000e+00
       9221    384.186     37.750     38.000    27.5125    27.5132   5.762180   5.762395     3.1365     2.6586     100.00   25.74464  -84.58876   -0.00341   -0.00120     4.4777     4.4625    27.5036    27.5043    36.3432    36.3450    23.5673    23.5684    1543.10    195.371    194.707         43 0.0000e+00
       9263    385.921     38.744     39.000    27.4971    27.4977   5.760845   5.761093     3.1388     2.6592     100.00   25.74464  -84.58876   -0.00086   -0.00031     4.4833     4.4641    27.4880    27.4886    36.3462    36.3476    23.5746    23.5754    1543.07    195.611    194.777         41 0.0000e+00
       9314    388.061     39.737     40.000    27.4943    27.4945   5.761561   5.761803     3.1372     2.6608     100.00   25.74464  -84.58876    0.00024    0.00066     4.4810     4.4680    27.4849    27.4851    36.3532    36.3548    23.5809    23.5820    1543.05    195.512    194.945         46 0.0000e+00
       9384    390.970     40.730     41.000    27.4408    27.4379   5.758404   5.758388     3.1305     2.6521     100.00   25.74464  -84.58876   -0.00168   -0.00249     4.4740     4.4559    27.4312    27.4283    36.3734    36.3750    23.6135    23.6157    1543.04    195.198    194.408         36 0.0000e+00
       9418    392.383     41.723     42.000    27.3369    27.3387   5.758878   5.759374     3.1242     2.6485     100.00   25.74464  -84.58876   -0.00362   -0.00332     4.4678     4.4528    27.3272    27.3289    36.4563    36.4584    23.7097    23.7107    1543.01    194.911    194.256         34 0.0000e+00
       9461    394.169     42.717     43.000    27.0919    27.0879   5.739799   5.739650     3.1153     2.6383      86.73   25.74464  -84.58876   -0.00412   -0.00338     4.4699     4.4494    27.0820    27.0780    36.5113    36.5134    23.8303    23.8331    1542.99    194.981    194.085         55 0.0000e+00
       9527    396.908     43.710     44.000    26.8728    26.8667   5.717297   5.716955     3.0940     2.6130     100.92   25.74464  -84.58876   -0.00687   -0.00894     4.4479     4.4137    26.8627    26.8566    36.5216    36.5239    23.9084    23.9121    1542.95    194.005    192.514         59 0.0000e+00
       9573    398.846     44.703     45.000    26.6513    26.6518   5.699018   5.699338     3.0681     2.5951     100.00   25.74463  -84.58876   -0.01100   -0.00963     4.4162     4.3919    26.6410    26.6415    36.5643    36.5662    24.0114    24.0127    1542.91    192.603    191.544         41 0.0000e+00
       9616    400.626     45.697     46.000    26.4352    26.4377   5.678250   5.678827     3.0495     2.5821      99.83   25.74463  -84.58876   -0.01185   -0.00788     4.3969     4.3788    26.4247    26.4272    36.5812    36.5835    24.0929    24.0938    1542.86    191.746    190.957         46 0.0000e+00
       9669    402.823     46.690     47.000    26.1948    26.1926   5.653343   5.653387     3.0181     2.5543      95.88   25.74462  -84.58877   -0.01274   -0.01060     4.3582     4.3406    26.1842    26.1820    36.5942    36.5963    24.1787    24.1810    1542.79    190.044    189.273         58 0.0000e+00
       9722    405.061     47.683     48.000    25.9341    25.9371   5.622203   5.622860     2.9951     2.5348     100.11   25.74462  -84.58877   -0.01237   -0.01082     4.3359     4.3194    25.9233    25.9263    36.5742    36.5766    24.2455    24.2464    1542.73    189.057    188.338         47 0.0000e+00
       9767    406.921     48.677     49.000    25.4966    25.4975   5.568179   5.568594     2.9810     2.5254     100.00   25.74462  -84.58877   -0.00920   -0.00715     4.3450     4.3334    25.4858    25.4867    36.5265    36.5288    24.3458    24.3473    1542.64    189.435    188.932         46 0.0000e+00
       9819    409.063     49.670     50.000    24.8529    24.8526   5.479991   5.478796     2.9970     2.5500     100.00   25.74462  -84.58878   -0.00115    0.00213     4.4379     4.4464    24.8364    24.8419    36.3931    36.3924    24.4443    24.4469    1542.53    193.469    193.838         56 0.0000e+00
       9871    411.259     50.663     51.000    24.5111    24.5106   5.433584   5.433947     3.0673     2.6214     100.00   25.74462  -84.58878    0.02258    0.02527     4.5994     4.6213    24.5002    24.4997    36.3165    36.3195    24.4884    24.4907    1542.40    200.501    201.452         48 0.0000e+00
       9918    413.188     51.656     52.000    24.1701    24.1719   5.399729   5.400212     3.0972     2.6422     100.00   25.74462  -84.58878    0.02730    0.02482     4.6875     4.6933    24.1590    24.1608    36.3359    36.3381    24.6057    24.6068    1542.26    204.317    204.570         48 0.0000e+00
       9973    415.508     52.650     53.000    23.9602    23.9591   5.381301   5.381485     3.0706     2.6141     100.00   25.74460  -84.58878   -0.00176   -0.00433     4.6530     4.6494    23.9490    23.9479    36.3684    36.3707    24.6930    24.6950    1542.11    202.793    202.638         58 0.0000e+00
