Gulf of Mexico/GOMECC-4/1db/drb2103_0251.cnv
* Sea-Bird SBE 9 Data File:
* FileName = C:\Users\scs.user.rb\CTD\GOMECC4\data\rb2103_0251.hex
* Software Version Seasave V 7.26.7.107
* Temperature SN = 4799
* Conductivity SN = 3860
* Number of Bytes Per Scan = 41
* Number of Voltage Words = 4
* Number of Scans Averaged by the Deck Unit = 1
* NMEA Latitude = 28 30.98 N
* NMEA Longitude = 086 12.21 W
* NMEA UTC (Time) = Sep 21 2021  08:11:51
* NMEA baud rate = 4800
# nquan = 28
# nvalues = 246                         
# units = specified
# name 0 = scan: Scan Count
# name 1 = timeS: Time, Elapsed [seconds]
# name 2 = depSM: Depth [salt water, m]
# name 3 = prDM: Pressure, Digiquartz [db]
# name 4 = t090C: Temperature [ITS-90, deg C]
# name 5 = t190C: Temperature, 2 [ITS-90, deg C]
# name 6 = c0S/m: Conductivity [S/m]
# name 7 = c1S/m: Conductivity, 2 [S/m]
# name 8 = sbeox0V: Oxygen raw, SBE 43 [V]
# name 9 = sbeox1V: Oxygen raw, SBE 43, 2 [V]
# name 10 = altM: Altimeter [m]
# name 11 = latitude: Latitude [deg]
# name 12 = longitude: Longitude [deg]
# name 13 = sbox0dV/dT: Oxygen, SBE 43 [dov/dt]
# name 14 = sbox1dV/dT: Oxygen, SBE 43, 2 [dov/dt]
# name 15 = sbeox0ML/L: Oxygen, SBE 43 [ml/l], WS = 5
# name 16 = sbeox1ML/L: Oxygen, SBE 43, 2 [ml/l], WS = 5
# name 17 = potemp090C: Potential Temperature [ITS-90, deg C]
# name 18 = potemp190C: Potential Temperature, 2 [ITS-90, deg C]
# name 19 = sal00: Salinity, Practical [PSU]
# name 20 = sal11: Salinity, Practical, 2 [PSU]
# name 21 = sigma-é00: Density [sigma-theta, kg/m^3]
# name 22 = sigma-é11: Density, 2 [sigma-theta, kg/m^3]
# name 23 = avgsvCM: Average Sound Velocity [Chen-Millero, m/s], minP = 20, minS = 20
# name 24 = sbox0Mm/Kg: Oxygen, SBE 43 [umol/kg], WS = 5
# name 25 = sbox1Mm/Kg: Oxygen, SBE 43, 2 [umol/kg], WS = 5
# name 26 = nbin: number of scans per bin
# name 27 = flag: flag
# span 0 =       9186,      23264       
# span 1 =    382.717,    969.304       
# span 2 =      4.966,    395.949       
# span 3 =      5.000,    399.000       
# span 4 =     9.8800,    28.8877       
# span 5 =     9.8813,    28.8906       
# span 6 =   3.833947,   5.767234       
# span 7 =   3.833940,   5.767633       
# span 8 =     1.6082,     3.1889       
# span 9 =     1.3139,     2.7217       
# span 10 =      10.22,     100.14      
# span 11 =   28.51479,   28.51668      
# span 12 =  -86.20318,  -86.19742      
# span 13 =   -0.03925,    0.02451      
# span 14 =   -0.03956,    0.02538      
# span 15 =     2.4919,     4.5466      
# span 16 =     2.5261,     4.5657      
# span 17 =     9.8334,    28.8848      
# span 18 =     9.8348,    28.8877      
# span 19 =    33.6283,    36.5361      
# span 20 =    33.6422,    36.5368      
# span 21 =    21.4351,    27.1281      
# span 22 =    21.4419,    27.1274      
# span 23 =       0.00,    1546.33      
# span 24 =    108.349,    198.490      
# span 25 =    109.837,    199.322      
# span 26 =         30,         68      
# span 27 = 0.0000e+00, 0.0000e+00      
# interval = decibars: 1                
# start_time = Sep 21 2021 08:11:51 [NMEA time, header]
# bad_flag = -9.990e-29
*END*
[from data line 156]
      15516    646.465    159.861    161.000    16.6392    16.6404   4.600042   4.600196     2.0369     1.7065      99.87   28.51666  -86.20290   -0.00087    0.00015     3.0539     3.0978    16.6128    16.6140    36.2255    36.2258    26.5475    26.5475    1530.08    132.860    134.767         33 0.0000e+00
      15549    647.833    160.853    162.000    16.5975    16.5980   4.595275   4.595380     2.0346     1.7037     100.00   28.51666  -86.20290   -0.00149   -0.00112     3.0518     3.0937    16.5709    16.5715    36.2208    36.2212    26.5538    26.5540    1530.00    132.768    134.592         33 0.0000e+00
      15583    649.251    161.846    163.000    16.5617    16.5629   4.591046   4.591251     2.0345     1.7036     100.00   28.51666  -86.20290   -0.00127   -0.00140     3.0542     3.0962    16.5350    16.5362    36.2154    36.2161    26.5581    26.5584    1529.91    132.871    134.700         35 0.0000e+00
      15617    650.683    162.838    164.000    16.5204    16.5219   4.586127   4.586331     2.0341     1.7030      68.43   28.51666  -86.20290   -0.00044   -0.00053     3.0564     3.0977    16.4936    16.4952    36.2088    36.2093    26.5628    26.5628    1529.82    132.969    134.765         34 0.0000e+00
      15651    652.094    163.831    165.000    16.4361    16.4374   4.576193   4.576355     2.0322     1.7003      99.78   28.51666  -86.20290   -0.00045   -0.00078     3.0581     3.0968    16.4093    16.4105    36.1968    36.1971    26.5734    26.5733    1529.73    133.039    134.722         34 0.0000e+00
      15685    653.500    164.823    166.000    16.3826    16.3838   4.569912   4.570084     2.0304     1.6980     100.00   28.51666  -86.20290   -0.00110   -0.00152     3.0579     3.0948    16.3557    16.3569    36.1892    36.1896    26.5801    26.5802    1529.64    133.031    134.633         34 0.0000e+00
      15719    654.929    165.816    167.000    16.3333    16.3340   4.564057   4.564168     2.0286     1.6980     100.00   28.51666  -86.20290   -0.00132   -0.00124     3.0575     3.0982    16.3063    16.3069    36.1815    36.1819    26.5858    26.5859    1529.56    133.011    134.783         34 0.0000e+00
      15753    656.336    166.808    168.000    16.2467    16.2482   4.553880   4.554079     2.0267     1.6956      76.51   28.51666  -86.20290   -0.00125   -0.00080     3.0591     3.0982    16.2196    16.2211    36.1692    36.1696    26.5965    26.5965    1529.46    133.082    134.780         33 0.0000e+00
      15786    657.688    167.801    169.000    16.1962    16.1975   4.547978   4.548176     2.0243     1.6938      87.97   28.51666  -86.20290   -0.00144   -0.00114     3.0575     3.0974    16.1690    16.1703    36.1621    36.1627    26.6028    26.6030    1529.38    133.010    134.743         33 0.0000e+00
      15820    659.104    168.793    170.000    16.1665    16.1670   4.544458   4.544519     2.0220     1.6908      99.83   28.51666  -86.20290   -0.00161   -0.00168     3.0544     3.0919    16.1392    16.1397    36.1573    36.1574    26.6061    26.6060    1529.29    132.873    134.506         35 0.0000e+00
      15855    660.581    169.786    171.000    16.0859    16.0889   4.534966   4.535338     2.0177     1.6872     100.00   28.51666  -86.20290   -0.00204   -0.00205     3.0502     3.0882    16.0585    16.0615    36.1455    36.1461    26.6157    26.6155    1529.20    132.690    134.344         34 0.0000e+00
      15888    661.978    170.778    172.000    16.0338    16.0355   4.528728   4.528951     2.0142     1.6844     100.00   28.51666  -86.20290   -0.00260   -0.00224     3.0458     3.0850    16.0063    16.0080    36.1368    36.1373    26.6210    26.6210    1529.11    132.498    134.202         33 0.0000e+00
      15922    663.357    171.771    173.000    16.0045    16.0056   4.525227   4.525364     2.0117     1.6816     100.00   28.51666  -86.20290   -0.00246   -0.00218     3.0423     3.0801    15.9769    15.9780    36.1317    36.1320    26.6239    26.6239    1529.02    132.345    133.989         34 0.0000e+00
      15956    664.795    172.763    174.000    15.9483    15.9495   4.518590   4.518755     2.0094     1.6797     100.00   28.51667  -86.20290   -0.00186   -0.00179     3.0411     3.0792    15.9206    15.9218    36.1231    36.1234    26.6303    26.6302    1528.94    132.294    133.951         35 0.0000e+00
      15990    666.213    173.756    175.000    15.9143    15.9149   4.514652   4.514755     2.0058     1.6749     100.00   28.51668  -86.20290   -0.00186   -0.00195     3.0352     3.0694    15.8865    15.8871    36.1184    36.1187    26.6344    26.6346    1528.85    132.036    133.525         33 0.0000e+00
      16022    667.558    174.748    176.000    15.8897    15.8906   4.511718   4.511803     2.0022     1.6722     100.00   28.51668  -86.20291   -0.00237   -0.00264     3.0289     3.0644    15.8618    15.8627    36.1141    36.1140    26.6368    26.6366    1528.76    131.762    133.306         32 0.0000e+00
      16056    668.960    175.740    177.000    15.8358    15.8371   4.505378   4.505523     1.9984     1.6678     100.00   28.51668  -86.20292   -0.00260   -0.00263     3.0240     3.0570    15.8078    15.8091    36.1059    36.1060    26.6429    26.6427    1528.67    131.548    132.983         36 0.0000e+00
      16093    670.480    176.733    178.000    15.7894    15.7907   4.500042   4.500212     1.9902     1.6574     100.00   28.51668  -86.20292   -0.00366   -0.00407     3.0074     3.0331    15.7612    15.7625    36.1000    36.1003    26.6490    26.6490    1528.59    130.826    131.941         36 0.0000e+00
      16127    671.904    177.725    179.000    15.7643    15.7660   4.497145   4.497353     1.9786     1.6484     100.00   28.51668  -86.20291   -0.00614   -0.00667     2.9825     3.0121    15.7361    15.7377    36.0964    36.0967    26.6520    26.6519    1528.50    129.743    131.030         32 0.0000e+00
      16158    673.212    178.718    180.000    15.6908    15.6929   4.488401   4.488625     1.9748     1.6472     100.00   28.51668  -86.20290   -0.00617   -0.00512     2.9787     3.0139    15.6625    15.6646    36.0844    36.0845    26.6596    26.6591    1528.41    129.576    131.108         32 0.0000e+00
      16192    674.612    179.710    181.000    15.6442    15.6450   4.482937   4.483045     1.9700     1.6432     100.00   28.51668  -86.20292   -0.00397   -0.00233     2.9709     3.0069    15.6157    15.6166    36.0774    36.0776    26.6648    26.6647    1528.33    129.232    130.801         35 0.0000e+00
      16227    676.070    180.703    182.000    15.6236    15.6252   4.480409   4.480611     1.9648     1.6382     100.00   28.51668  -86.20291   -0.00331   -0.00274     2.9604     2.9957    15.5950    15.5966    36.0730    36.0734    26.6661    26.6660    1528.25    128.780    130.314         34 0.0000e+00
      16261    677.502    181.695    183.000    15.5259    15.5290   4.468713   4.469029     1.9594     1.6337     100.00   28.51668  -86.20291   -0.00355   -0.00321     2.9544     2.9907    15.4973    15.5004    36.0563    36.0563    26.6754    26.6747    1528.16    128.516    130.093         35 0.0000e+00
      16296    678.947    182.688    184.000    15.4318    15.4340   4.457705   4.457955     1.9530     1.6283     100.00   28.51668  -86.20292   -0.00391   -0.00338     2.9457     2.9823    15.4032    15.4054    36.0425    36.0427    26.6860    26.6857    1528.07    128.136    129.728         35 0.0000e+00
      16331    680.404    183.680    185.000    15.3726    15.3738   4.450760   4.450900     1.9477     1.6217     100.00   28.51668  -86.20291   -0.00421   -0.00408     2.9374     2.9701    15.3439    15.3451    36.0334    36.0336    26.6923    26.6922    1527.98    127.773    129.198         34 0.0000e+00
      16363    681.745    184.673    186.000    15.3373    15.3388   4.446534   4.446725     1.9449     1.6193     100.00   28.51668  -86.20291   -0.00348   -0.00362     2.9333     2.9663    15.3085    15.3099    36.0270    36.0274    26.6954    26.6953    1527.90    127.595    129.031         31 0.0000e+00
      16396    683.112    185.665    187.000    15.3057    15.3070   4.442825   4.442989     1.9432     1.6190     100.00   28.51668  -86.20292   -0.00226   -0.00192     2.9317     2.9680    15.2768    15.2781    36.0219    36.0222    26.6985    26.6985    1527.81    127.527    129.105         35 0.0000e+00
      16431    684.586    186.657    188.000    15.2706    15.2734   4.438703   4.439011     1.9412     1.6185     100.00   28.51668  -86.20292   -0.00139   -0.00052     2.9297     2.9691    15.2416    15.2443    36.0162    36.0165    26.7020    26.7016    1527.73    127.437    129.153         34 0.0000e+00
      16465    685.983    187.650    189.000    15.2153    15.2170   4.432199   4.432384     1.9402     1.6187     100.00   28.51668  -86.20292   -0.00119   -0.00020     2.9313     2.9738    15.1862    15.1879    36.0075    36.0076    26.7077    26.7074    1527.64    127.507    129.356         34 0.0000e+00
      16499    687.405    188.642    190.000    15.1639    15.1646   4.426237   4.426347     1.9399     1.6188     100.00   28.51668  -86.20292   -0.00076    0.00001     2.9344     2.9777    15.1347    15.1354    36.0000    36.0003    26.7134    26.7135    1527.55    127.639    129.526         34 0.0000e+00
      16533    688.832    189.634    191.000    15.1469    15.1481   4.424325   4.424493     1.9393     1.6175     100.00   28.51668  -86.20292   -0.00030   -0.00004     2.9344     2.9757    15.1175    15.1188    35.9978    35.9982    26.7155    26.7155    1527.47    127.640    129.438         34 0.0000e+00
      16566    690.210    190.627    192.000    15.1385    15.1387   4.423377   4.423412     1.9387     1.6160     100.00   28.51668  -86.20292   -0.00037   -0.00080     2.9340     2.9729    15.1090    15.1092    35.9964    35.9965    26.7164    26.7164    1527.38    127.621    129.314         33 0.0000e+00
      16600    691.623    191.619    193.000    15.1109    15.1126   4.420354   4.420514     1.9381     1.6168     100.00   28.51668  -86.20293   -0.00044   -0.00077     2.9347     2.9772    15.0812    15.0830    35.9918    35.9923    26.7190    26.7189    1527.31    127.653    129.500         35 0.0000e+00
      16634    693.047    192.612    194.000    15.0850    15.0861   4.417120   4.417256     1.9377     1.6167     100.00   28.51668  -86.20294   -0.00036    0.00014     2.9359     2.9789    15.0553    15.0564    35.9877    35.9879    26.7215    26.7215    1527.21    127.705    129.576         33 0.0000e+00
      16667    694.435    193.604    195.000    15.0446    15.0462   4.412326   4.412474     1.9370     1.6146     100.00   28.51668  -86.20294   -0.00037   -0.00018     2.9371     2.9764    15.0148    15.0164    35.9807    35.9806    26.7251    26.7247    1527.13    127.758    129.465         34 0.0000e+00
      16702    695.895    194.596    196.000    14.9778    14.9789   4.404586   4.404761     1.9367     1.6134     100.00   28.51668  -86.20294   -0.00039   -0.00108     2.9413     2.9775    14.9479    14.9490    35.9706    35.9707    26.7322    26.7320    1527.05    127.937    129.511         36 0.0000e+00
      16738    697.358    195.589    197.000    14.9656    14.9663   4.403128   4.403234     1.9362     1.6129     100.00   28.51668  -86.20294   -0.00027   -0.00089     2.9413     2.9777    14.9355    14.9363    35.9686    35.9688    26.7333    26.7334    1526.97    127.938    129.521         34 0.0000e+00
      20582    857.526    342.406    345.000    11.2059    11.2156   3.976591   3.977657     1.7025     1.4015      63.88   28.51479  -86.19742   -0.00085   -0.00079     2.6480     2.6857    11.1624    11.1721    35.3714    35.3714    27.0351    27.0334    1517.35    115.148    116.787         43 0.0000e+00
      20668    861.127    343.398    346.000    11.1882    11.1995   3.974741   3.975871     1.7010     1.4001      62.93   28.51666  -86.20306   -0.00048   -0.00042     2.6451     2.6827    11.1446    11.1559    35.3698    35.3702    27.0372    27.0354    1517.40    115.022    116.657         68 0.0000e+00
      20732    863.799    344.389    347.000    11.1732    11.1753   3.973083   3.973246     1.6994     1.3989      64.81   28.51666  -86.20306   -0.00060   -0.00046     2.6423     2.6813    11.1295    11.1316    35.3672    35.3669    27.0380    27.0373    1517.35    114.898    116.592         61 0.0000e+00
      20792    866.285    345.381    348.000    11.1577    11.1595   3.971363   3.971489     1.6984     1.3986      62.04   28.51666  -86.20306   -0.00041   -0.00023     2.6408     2.6817    11.1139    11.1157    35.3646    35.3641    27.0388    27.0381    1517.30    114.833    116.612         56 0.0000e+00
      20847    868.591    346.373    349.000    11.1150    11.1185   3.966687   3.966959     1.6972     1.3975      60.03   28.51666  -86.20306   -0.00047   -0.00027     2.6407     2.6815    11.0712    11.0747    35.3585    35.3579    27.0419    27.0407    1517.25    114.827    116.604         56 0.0000e+00
      20899    870.737    347.364    350.000    11.0144    11.0221   3.956045   3.956874     1.6945     1.3945      59.05   28.51666  -86.20306   -0.00089   -0.00095     2.6406     2.6795    10.9741    10.9804    35.3454    35.3453    27.0493    27.0477    1517.21    114.824    116.514         43 0.0000e+00
      20936    872.298    348.356    351.000    10.9081    10.9127   3.943853   3.944209     1.6917     1.3920      58.19   28.51666  -86.20306   -0.00146   -0.00155     2.6401     2.6791    10.8645    10.8691    35.3285    35.3277    27.0561    27.0546    1517.15    114.799    116.497         34 0.0000e+00
      20972    873.777    349.348    352.000    10.8724    10.8739   3.939983   3.940068     1.6889     1.3889      57.19   28.51666  -86.20306   -0.00177   -0.00174     2.6353     2.6730    10.8289    10.8304    35.3236    35.3230    27.0587    27.0580    1517.10    114.590    116.230         39 0.0000e+00
      21012    875.475    350.339    353.000    10.8677    10.8691   3.939513   3.939593     1.6860     1.3853      56.15   28.51666  -86.20306   -0.00179   -0.00206     2.6280     2.6628    10.8241    10.8255    35.3229    35.3224    27.0590    27.0583    1517.05    114.273    115.790         40 0.0000e+00
      21048    876.964    351.331    354.000    10.8665    10.8673   3.939448   3.939456     1.6834     1.3835      58.33   28.51666  -86.20306   -0.00173   -0.00191     2.6214     2.6579    10.8228    10.8235    35.3230    35.3223    27.0593    27.0586    1517.00    113.987    115.575         32 0.0000e+00
      21080    878.274    352.322    355.000    10.8652    10.8664   3.939371   3.939440     1.6821     1.3825      64.06   28.51666  -86.20306   -0.00158   -0.00127     2.6181     2.6555    10.8213    10.8224    35.3231    35.3227    27.0596    27.0591    1516.95    113.846    115.472         33 0.0000e+00
      21115    879.733    353.314    356.000    10.8614    10.8622   3.939025   3.939034     1.6811     1.3819      53.22   28.51666  -86.20306   -0.00112   -0.00073     2.6160     2.6543    10.8174    10.8182    35.3228    35.3221    27.0602    27.0595    1516.89    113.754    115.419         36 0.0000e+00
      21150    881.208    354.306    357.000    10.8514    10.8559   3.937974   3.938414     1.6802     1.3806      52.30   28.51666  -86.20306   -0.00069   -0.00063     2.6146     2.6510    10.8073    10.8118    35.3215    35.3215    27.0609    27.0601    1516.84    113.693    115.273         34 0.0000e+00
      21183    882.579    355.297    358.000    10.8430    10.8470   3.937099   3.937385     1.6793     1.3794      51.36   28.51666  -86.20306   -0.00059   -0.00078     2.6131     2.6486    10.7988    10.8027    35.3203    35.3202    27.0615    27.0607    1516.80    113.627    115.169         33 0.0000e+00
