Gulf of Mexico/GOMECC-4/1db/drb2103_0271.cnv
* Sea-Bird SBE 9 Data File:
* FileName = C:\Users\scs.user.rb\CTD\GOMECC4\data\rb2103_0271.hex
* Software Version Seasave V 7.26.7.107
* Temperature SN = 4799
* Conductivity SN = 3860
* Number of Bytes Per Scan = 41
* Number of Voltage Words = 4
* Number of Scans Averaged by the Deck Unit = 1
* NMEA Latitude = 28 10.29 N
* NMEA Longitude = 086 28.83 W
* NMEA UTC (Time) = Sep 21 2021  14:01:03
* NMEA baud rate = 4800
# nquan = 28
# nvalues = 228                         
# units = specified
# name 0 = scan: Scan Count
# name 1 = timeS: Time, Elapsed [seconds]
# name 2 = depSM: Depth [salt water, m]
# name 3 = prDM: Pressure, Digiquartz [db]
# name 4 = t090C: Temperature [ITS-90, deg C]
# name 5 = t190C: Temperature, 2 [ITS-90, deg C]
# name 6 = c0S/m: Conductivity [S/m]
# name 7 = c1S/m: Conductivity, 2 [S/m]
# name 8 = sbeox0V: Oxygen raw, SBE 43 [V]
# name 9 = sbeox1V: Oxygen raw, SBE 43, 2 [V]
# name 10 = altM: Altimeter [m]
# name 11 = latitude: Latitude [deg]
# name 12 = longitude: Longitude [deg]
# name 13 = sbox0dV/dT: Oxygen, SBE 43 [dov/dt]
# name 14 = sbox1dV/dT: Oxygen, SBE 43, 2 [dov/dt]
# name 15 = sbeox0ML/L: Oxygen, SBE 43 [ml/l], WS = 5
# name 16 = sbeox1ML/L: Oxygen, SBE 43, 2 [ml/l], WS = 5
# name 17 = potemp090C: Potential Temperature [ITS-90, deg C]
# name 18 = potemp190C: Potential Temperature, 2 [ITS-90, deg C]
# name 19 = sal00: Salinity, Practical [PSU]
# name 20 = sal11: Salinity, Practical, 2 [PSU]
# name 21 = sigma-é00: Density [sigma-theta, kg/m^3]
# name 22 = sigma-é11: Density, 2 [sigma-theta, kg/m^3]
# name 23 = avgsvCM: Average Sound Velocity [Chen-Millero, m/s], minP = 20, minS = 20
# name 24 = sbox0Mm/Kg: Oxygen, SBE 43 [umol/kg], WS = 5
# name 25 = sbox1Mm/Kg: Oxygen, SBE 43, 2 [umol/kg], WS = 5
# name 26 = nbin: number of scans per bin
# name 27 = flag: flag
# span 0 =       8190,      36928       
# span 1 =    341.212,   1538.630       
# span 2 =      3.973,    885.145       
# span 3 =      4.000,    893.000       
# span 4 =     5.6140,    29.0369       
# span 5 =     5.6145,    29.0341       
# span 6 =   3.434032,   5.850025       
# span 7 =   3.434000,   5.850415       
# span 8 =     1.7564,     3.1111       
# span 9 =     1.4544,     2.6422       
# span 10 =      10.07,     101.28      
# span 11 =   28.15675,   28.17157      
# span 12 =  -86.48196,  -86.43643      
# span 13 =   -0.02056,    0.01527      
# span 14 =   -0.01935,    0.01464      
# span 15 =     3.0575,     4.4410      
# span 16 =     3.0925,     4.4430      
# span 17 =     5.5356,    29.0231      
# span 18 =     5.5360,    29.0289      
# span 19 =    32.8189,    36.5824      
# span 20 =    32.8176,    36.5826      
# span 21 =    20.6993,    27.5461      
# span 22 =    20.6985,    27.5454      
# span 23 =       0.00,    1552.89      
# span 24 =    133.025,    194.312      
# span 25 =    134.552,    194.401      
# span 26 =         30,         63      
# span 27 = 0.0000e+00, 0.0000e+00      
# interval = decibars: 1                
# start_time = Sep 21 2021 14:01:03 [NMEA time, header]
# bad_flag = -9.990e-29
*END*
[from data line 208]
      32857   1369.017    858.438    866.000     5.7707     5.7712   3.446644   3.446587     1.7640     1.4603      37.74   28.17031  -86.47936    0.00025    0.00006     3.4678     3.5102     5.6938     5.6942    34.9125    34.9115    27.5223    27.5214    1502.21    150.723    152.567         31 0.0000e+00
      32888   1370.312    859.427    867.000     5.7682     5.7691   3.446395   3.446359     1.7641     1.4604      36.71   28.17030  -86.47936    0.00018    0.00004     3.4689     3.5113     5.6912     5.6921    34.9127    34.9115    27.5227    27.5217    1502.19    150.772    152.614         32 0.0000e+00
      32921   1371.661    860.416    868.000     5.7632     5.7632   3.446065   3.445968     1.7639     1.4604      35.66   28.17030  -86.47936    0.00005    0.00001     3.4691     3.5120     5.6861     5.6861    34.9128    34.9117    27.5235    27.5226    1502.19    150.779    152.644         33 0.0000e+00
      32954   1373.060    861.405    869.000     5.7603     5.7607   3.445863   3.445798     1.7639     1.4605      34.70   28.17030  -86.47936   -0.00004 4.1344e-08     3.4698     3.5131     5.6832     5.6836    34.9129    34.9118    27.5239    27.5230    1502.17    150.811    152.694         34 0.0000e+00
      32989   1374.503    862.394    870.000     5.7583     5.7587   3.445717   3.445663     1.7642     1.4615      33.60   28.17030  -86.47936    0.00004    0.00026     3.4713     3.5174     5.6810     5.6815    34.9129    34.9118    27.5242    27.5233    1502.15    150.876    152.878         35 0.0000e+00
      33022   1375.895    863.384    871.000     5.7569     5.7572   3.445638   3.445584     1.7644     1.4616      32.74   28.17030  -86.47936    0.00010    0.00040     3.4725     3.5184     5.6796     5.6799    34.9129    34.9120    27.5244    27.5236    1502.13    150.929    152.922         31 0.0000e+00
      33053   1377.155    864.373    872.000     5.7549     5.7556   3.445521   3.445483     1.7646     1.4621      31.79   28.17030  -86.47936    0.00015    0.00028     3.4738     3.5206     5.6775     5.6782    34.9132    34.9121    27.5248    27.5239    1502.12    150.985    153.019         30 0.0000e+00
      33084   1378.456    865.362    873.000     5.7547     5.7553   3.445541   3.445497     1.7650     1.4626      30.65   28.17030  -86.47934    0.00021    0.00031     3.4756     3.5232     5.6772     5.6778    34.9132    34.9120    27.5249    27.5239    1502.10    151.062    153.129         34 0.0000e+00
      33121   1380.014    866.351    874.000     5.7541     5.7544   3.445529   3.445465     1.7653     1.4627      29.65   28.17030  -86.47934    0.00022    0.00030     3.4773     3.5239     5.6765     5.6768    34.9131    34.9121    27.5249    27.5240    1502.08    151.135    153.162         38 0.0000e+00
      33216   1383.957    869.319    877.000     5.7377     5.7385   3.444158   3.444142     1.7654     1.4628      26.71   28.16984  -86.47798   -0.00001    0.00002     3.4804     3.5272     5.6599     5.6607    34.9130    34.9120    27.5268    27.5260    1502.01    151.272    153.304         38 0.0000e+00
      33253   1385.510    870.308    878.000     5.7370     5.7374   3.444180   3.444129     1.7657     1.4633      25.63   28.17029  -86.47934    0.00007    0.00013     3.4821     3.5294     5.6591     5.6595    34.9135    34.9125    27.5274    27.5265    1502.02    151.343    153.399         34 0.0000e+00
      33313   1388.008    872.286    880.000     5.7335     5.7341   3.443891   3.443853     1.7664     1.4630      23.70   28.16960  -86.47722    0.00028    0.00002     3.4857     3.5298     5.6555     5.6561    34.9129    34.9117    27.5273    27.5263    1501.95    151.501    153.419         31 0.0000e+00
      33348   1389.468    873.275    881.000     5.7262     5.7267   3.443362   3.443305     1.7666     1.4631      22.62   28.17028  -86.47934    0.00025   -0.00004     3.4872     3.5310     5.6481     5.6486    34.9139    34.9127    27.5290    27.5281    1501.97    151.567    153.471         37 0.0000e+00
      33383   1390.934    874.264    882.000     5.7109     5.7128   3.442059   3.442114     1.7666     1.4635      21.71   28.17028  -86.47934    0.00010    0.00008     3.4893     3.5345     5.6328     5.6347    34.9143    34.9131    27.5313    27.5301    1501.96    151.658    153.620         32 0.0000e+00
      33414   1392.199    875.254    883.000     5.6972     5.6981   3.440964   3.441021     1.7670     1.4645      20.77   28.17028  -86.47934    0.00007    0.00035     3.4923     3.5403     5.6191     5.6200    34.9146    34.9133    27.5332    27.5320    1501.94    151.786    153.873         30 0.0000e+00
      33446   1393.523    876.243    884.000     5.6835     5.6846   3.439706   3.439689     1.7677     1.4657      19.68   28.17029  -86.47934    0.00026    0.00069     3.4964     3.5458     5.6054     5.6065    34.9149    34.9136    27.5351    27.5340    1501.92    151.967    154.113         35 0.0000e+00
      33482   1395.026    877.232    885.000     5.6774     5.6782   3.439200   3.439176     1.7691     1.4673      18.71   28.17030  -86.47934    0.00059    0.00093     3.5020     3.5527     5.5993     5.6001    34.9150    34.9139    27.5360    27.5350    1501.91    152.208    154.413         34 0.0000e+00
      33519   1396.565    878.221    886.000     5.6664     5.6680   3.438278   3.438309     1.7706     1.4690      17.63   28.17028  -86.47934    0.00088    0.00109     3.5088     3.5603     5.5883     5.5898    34.9154    34.9141    27.5376    27.5364    1501.89    152.502    154.744         40 0.0000e+00
      33574   1398.895    879.210    887.000     5.6453     5.6481   3.436443   3.436587     1.7730     1.4710      16.40   28.17028  -86.47934    0.00106    0.00089     3.5192     3.5702     5.5672     5.5700    34.9159    34.9146    27.5406    27.5393    1501.87    152.955    155.171         44 0.0000e+00
      36928   1538.630    885.145    893.000     5.6140     5.6145   3.434032   3.434000     1.7851     1.4802      10.07   28.17107  -86.48194    0.00009    0.00013     3.5653     3.6092     5.5356     5.5360    34.9178    34.9170    27.5461    27.5454    1501.82    154.960    156.867         51 0.0000e+00
