Gulf of Mexico/GOMECC-4/1db/drb2103_1011.cnv
* Sea-Bird SBE 9 Data File:
* FileName = C:\Users\scs.user.rb\CTD\GOMECC4\data\rb2103_1011.hex
* Software Version Seasave V 7.26.7.107
* Temperature SN = 4799
* Conductivity SN = 3860
* Number of Bytes Per Scan = 41
* Number of Voltage Words = 4
* Number of Scans Averaged by the Deck Unit = 1
* NMEA Latitude = 23 09.37 N
* NMEA Longitude = 088 00.06 W
* NMEA UTC (Time) = Oct 12 2021  18:34:17
* NMEA baud rate = 4800
# nquan = 28
# nvalues = 60                          
# units = specified
# name 0 = scan: Scan Count
# name 1 = timeS: Time, Elapsed [seconds]
# name 2 = depSM: Depth [salt water, m]
# name 3 = prDM: Pressure, Digiquartz [db]
# name 4 = t090C: Temperature [ITS-90, deg C]
# name 5 = t190C: Temperature, 2 [ITS-90, deg C]
# name 6 = c0S/m: Conductivity [S/m]
# name 7 = c1S/m: Conductivity, 2 [S/m]
# name 8 = sbeox0V: Oxygen raw, SBE 43 [V]
# name 9 = sbeox1V: Oxygen raw, SBE 43, 2 [V]
# name 10 = altM: Altimeter [m]
# name 11 = latitude: Latitude [deg]
# name 12 = longitude: Longitude [deg]
# name 13 = sbox0dV/dT: Oxygen, SBE 43 [dov/dt]
# name 14 = sbox1dV/dT: Oxygen, SBE 43, 2 [dov/dt]
# name 15 = sbeox0ML/L: Oxygen, SBE 43 [ml/l], WS = 5
# name 16 = sbeox1ML/L: Oxygen, SBE 43, 2 [ml/l], WS = 5
# name 17 = potemp090C: Potential Temperature [ITS-90, deg C]
# name 18 = potemp190C: Potential Temperature, 2 [ITS-90, deg C]
# name 19 = sal00: Salinity, Practical [PSU]
# name 20 = sal11: Salinity, Practical, 2 [PSU]
# name 21 = sigma-é00: Density [sigma-theta, kg/m^3]
# name 22 = sigma-é11: Density, 2 [sigma-theta, kg/m^3]
# name 23 = avgsvCM: Average Sound Velocity [Chen-Millero, m/s], minP = 20, minS = 20
# name 24 = sbox0Mm/Kg: Oxygen, SBE 43 [umol/kg], WS = 5
# name 25 = sbox1Mm/Kg: Oxygen, SBE 43, 2 [umol/kg], WS = 5
# name 26 = nbin: number of scans per bin
# name 27 = flag: flag
# span 0 =      10616,      18394       
# span 1 =    442.310,    766.356       
# span 2 =      4.969,     71.534       
# span 3 =      5.000,     72.000       
# span 4 =    21.6898,    29.6979       
# span 5 =    21.6839,    29.6998       
# span 6 =   5.172482,   5.963061       
# span 7 =   5.172066,   5.963403       
# span 8 =     2.0546,     3.3336       
# span 9 =     1.7025,     2.8412       
# span 10 =       8.02,      73.25      
# span 11 =   23.14064,   23.22024      
# span 12 =  -88.24324,  -87.94081      
# span 13 =   -0.06137,    0.01839      
# span 14 =   -0.05475,    0.01633      
# span 15 =     2.7596,     4.8804      
# span 16 =     2.7690,     4.8793      
# span 17 =    21.6755,    29.6964      
# span 18 =    21.6697,    29.6986      
# span 19 =    36.0761,    36.7823      
# span 20 =    36.0775,    36.7844      
# span 21 =    22.6446,    25.5381      
# span 22 =    22.6450,    25.5405      
# span 23 =       0.00,    1546.83      
# span 24 =    120.170,    212.898      
# span 25 =    120.583,    212.837      
# span 26 =         37,         69      
# span 27 = 0.0000e+00, 0.0000e+00      
# interval = decibars: 1                
# start_time = Oct 12 2021 18:34:17 [NMEA time, header]
# bad_flag = -9.990e-29
*END*
      10616    442.310      4.969      5.000    29.6976    29.6998   5.962934   5.963403     3.1712     2.6843      73.25   23.15648  -88.00122    0.00079    0.00135     4.3591     4.3429    29.6964    29.6986    36.0863    36.0879    22.6446    22.6450       0.00    190.369    189.661         37 0.0000e+00
      10713    446.327      5.962      6.000    29.6925    29.6960   5.962285   5.962866     3.1720     2.6831      72.30   23.15648  -88.00122    0.00048   -0.00014     4.3615     4.3412    29.6911    29.6945    36.0857    36.0874    22.6459    22.6461       0.00    190.472    189.585         61 0.0000e+00
      10788    449.465      6.956      7.000    29.6979    29.6983   5.963061   5.963302     3.1675     2.6802      71.31   23.15650  -88.00122   -0.00126   -0.00140     4.3535     4.3361    29.6962    29.6966    36.0862    36.0876    22.6446    22.6455       0.00    190.122    189.361         68 0.0000e+00
      10859    452.416      7.949      8.000    29.6909    29.6947   5.962248   5.962655     3.1713     2.6806      68.47   23.15650  -88.00122    0.00067    0.00015     4.3605     4.3374    29.6889    29.6927    36.0857    36.0868    22.6467    22.6462       0.00    190.429    189.420         69 0.0000e+00
      10922    455.028      8.943      9.000    29.6770    29.6736   5.960644   5.960394     3.1744     2.6843      69.50   23.15650  -88.00122    0.00134    0.00087     4.3684     4.3472    29.6748    29.6713    36.0848    36.0857    22.6508    22.6526       0.00    190.773    189.846         60 0.0000e+00
      10981    457.513      9.937     10.000    29.6759    29.6499   5.960470   5.957512     3.1720     2.6826      68.52   23.15650  -88.00122   -0.00015    0.00028     4.3648     4.3457    29.6734    29.6474    36.0842    36.0831    22.6508    22.6587       0.00    190.615    189.781         60 0.0000e+00
      11035    459.731     10.930     11.000    29.6903    29.6688   5.962253   5.959880     3.1685     2.6848      67.52   23.15650  -88.00122   -0.00146    0.00003     4.3579     4.3493    29.6876    29.6661    36.0853    36.0852    22.6468    22.6541       0.00    190.315    189.935         44 0.0000e+00
      11075    461.414     11.924     12.000    29.6318    29.6469   5.955156   5.957304     3.1663     2.6847      66.63   23.15650  -88.00122   -0.00167    0.00068     4.3592     4.3509    29.6288    29.6440    36.0803    36.0836    22.6631    22.6604       0.00    190.365    190.004         41 0.0000e+00
      11123    463.426     12.918     13.000    29.5952    29.5957   5.950758   5.951279     3.1687     2.6824      65.69   23.15650  -88.00122    0.00011   -0.00079     4.3668     4.3509    29.5920    29.5925    36.0774    36.0790    22.6734    22.6744       0.00    190.695    190.005         54 0.0000e+00
      11176    465.628     13.911     14.000    29.5822    29.5828   5.949332   5.949604     3.1678     2.6826      64.72   23.15650  -88.00122    0.00013   -0.00010     4.3667     4.3529    29.5787    29.5794    36.0771    36.0785    22.6777    22.6785       0.00    190.691    190.089         49 0.0000e+00
      11224    467.642     14.905     15.000    29.5752    29.5760   5.948601   5.948917     3.1662     2.6813      63.64   23.15650  -88.00122   -0.00057   -0.00025     4.3650     4.3508    29.5715    29.5723    36.0766    36.0781    22.6798    22.6807       0.00    190.619    189.999         51 0.0000e+00
      11278    469.872     15.899     16.000    29.5714    29.5723   5.948243   5.948556     3.1687     2.6817      62.75   23.15650  -88.00124    0.00013   -0.00029     4.3702     4.3527    29.5675    29.5684    36.0771    36.0786    22.6815    22.6823       0.00    190.845    190.082         54 0.0000e+00
      11331    472.095     16.892     17.000    29.5661    29.5673   5.947667   5.948013     3.1684     2.6777      61.77   23.15650  -88.00124    0.00088   -0.00082     4.3705     4.3458    29.5619    29.5631    36.0768    36.0782    22.6832    22.6838       0.00    190.858    189.781         53 0.0000e+00
      11381    474.184     17.886     18.000    29.5623    29.5640   5.947324   5.947709     3.1672     2.6782      60.88   23.15650  -88.00124   -0.00061   -0.00079     4.3693     4.3475    29.5579    29.5596    36.0770    36.0784    22.6847    22.6852       0.00    190.805    189.851         50 0.0000e+00
      11435    476.412     18.879     19.000    29.5600    29.5612   5.947135   5.947482     3.1679     2.6785      59.84   23.15650  -88.00124   -0.00006    0.00017     4.3713     4.3489    29.5553    29.5566    36.0772    36.0786    22.6857    22.6864       0.00    190.891    189.914         53 0.0000e+00
      11486    478.539     19.873     20.000    29.5568    29.5582   5.946792   5.947158     3.1669     2.6775      58.87   23.15650  -88.00124   -0.00028    0.00003     4.3702     4.3475    29.5519    29.5533    36.0770    36.0784    22.6867    22.6873     794.11    190.845    189.854         52 0.0000e+00
      11537    480.686     20.867     21.000    29.5533    29.5548   5.946419   5.946798     3.1663     2.6764      57.98   23.15650  -88.00124    0.00001   -0.00106     4.3699     4.3462    29.5481    29.5496    36.0767    36.0782    22.6878    22.6884    1538.25    190.830    189.793         51 0.0000e+00
      11592    482.943     21.860     22.000    29.5518    29.5520   5.946280   5.946477     3.1629     2.6789      56.96   23.15650  -88.00124   -0.00136    0.00081     4.3644     4.3518    29.5464    29.5466    36.0766    36.0779    22.6883    22.6892    1546.15    190.590    190.042         56 0.0000e+00
      11644    485.117     22.854     23.000    29.5497    29.5504   5.946046   5.946332     3.1645     2.6804      56.00   23.15650  -88.00124   -0.00014    0.00100     4.3679     4.3554    29.5440    29.5447    36.0763    36.0777    22.6889    22.6897    1546.15    190.744    190.196         49 0.0000e+00
      11695    487.256     23.847     24.000    29.5451    29.5461   5.945564   5.945871     3.1670     2.6801      55.01   23.15650  -88.00124    0.00086    0.00019     4.3734     4.3558    29.5392    29.5402    36.0761    36.0775    22.6904    22.6911    1546.15    190.982    190.213         53 0.0000e+00
      11748    489.439     24.841     25.000    29.5437    29.5449   5.945527   5.945876     3.1647     2.6817      54.04   23.15650  -88.00124    0.00039    0.00036     4.3698     4.3593    29.5376    29.5388    36.0766    36.0781    22.6913    22.6920    1546.15    190.826    190.369         52 0.0000e+00
      11799    491.576     25.834     26.000    29.5439    29.5452   5.945628   5.946004     3.1648     2.6785      53.11   23.15652  -88.00124   -0.00111   -0.00104     4.3705     4.3536    29.5375    29.5388    36.0769    36.0785    22.6915    22.6923    1546.15    190.855    190.118         51 0.0000e+00
      11852    493.776     26.828     27.000    29.5432    29.5444   5.945667   5.946005     3.1653     2.6778      52.11   23.15652  -88.00124    0.00077   -0.00093     4.3720     4.3527    29.5366    29.5378    36.0774    36.0788    22.6922    22.6929    1546.16    190.919    190.080         54 0.0000e+00
      11905    496.007     27.822     28.000    29.5419    29.5431   5.945582   5.945919     3.1630     2.6795      51.15   23.15652  -88.00124   -0.00105    0.00105     4.3685     4.3568    29.5350    29.5362    36.0775    36.0789    22.6928    22.6935    1546.16    190.768    190.256         54 0.0000e+00
      11958    498.210     28.815     29.000    29.5403    29.5415   5.945513   5.945845     3.1639     2.6789      50.17   23.15652  -88.00124    0.00024   -0.00021     4.3708     4.3563    29.5331    29.5344    36.0779    36.0793    22.6938    22.6944    1546.16    190.869    190.234         49 0.0000e+00
      12007    500.241     29.809     30.000    29.5385    29.5399   5.945379   5.945745     3.1622     2.6786      49.21   23.15652  -88.00124   -0.00037    0.00013     4.3683     4.3563    29.5311    29.5325    36.0780    36.0795    22.6946    22.6952    1546.17    190.759    190.234         53 0.0000e+00
      12063    502.594     30.802     31.000    29.5369    29.5381   5.945293   5.945641     3.1644     2.6770      48.21   23.15652  -88.00124    0.00018   -0.00104     4.3728     4.3535    29.5293    29.5305    36.0784    36.0799    22.6955    22.6961    1546.17    190.957    190.114         56 0.0000e+00
      12113    504.662     31.796     32.000    29.5358    29.5371   5.945255   5.945625     3.1659     2.6767      47.28   23.15652  -88.00124    0.00094   -0.00064     4.3762     4.3536    29.5279    29.5293    36.0787    36.0802    22.6961    22.6968    1546.18    191.104    190.117         45 0.0000e+00
      12163    506.761     32.789     33.000    29.5289    29.5306   5.944749   5.945138     3.1663     2.6773      46.27   23.15652  -88.00124    0.00046    0.00059     4.3779     4.3559    29.5208    29.5225    36.0801    36.0814    22.6996    22.7000    1546.18    191.179    190.216         59 0.0000e+00
      12223    509.239     33.783     34.000    29.4859    29.4912   5.941667   5.942485     3.1645     2.6776      45.32   23.15652  -88.00124   -0.00034   -0.00018     4.3780     4.3602    29.4776    29.4829    36.0887    36.0907    22.7207    22.7204    1546.18    191.178    190.399         54 0.0000e+00
      12272    511.277     34.776     35.000    29.1800    29.1906   5.915546   5.916750     3.1771     2.6960      44.38   23.15652  -88.00124    0.00095    0.00370     4.4216     4.4154    29.1714    29.1821    36.1415    36.1417    22.8638    22.8604    1546.18    193.057    192.787         48 0.0000e+00
      12321    513.327     35.770     36.000    28.8874    28.8929   5.888784   5.889611     3.2242     2.7387      43.41   23.15652  -88.00124    0.01713    0.01633     4.5375     4.5287    28.8787    28.8842    36.1777    36.1792    22.9893    22.9886    1546.16    198.088    197.705         50 0.0000e+00
      12376    515.627     36.764     37.000    28.7883    28.7927   5.880126   5.880828     3.2560     2.7633      42.42   23.15652  -88.00124    0.01839    0.01464     4.5970     4.5812    28.7794    28.7838    36.1926    36.1942    23.0337    23.0334    1546.12    200.681    199.988         59 0.0000e+00
      12431    517.911     37.757     38.000    28.7173    28.7265   5.874861   5.875912     3.2646     2.7748      41.47   23.15654  -88.00124    0.00633    0.00705     4.6187     4.6098    28.7081    28.7173    36.2098    36.2101    23.0704    23.0676    1546.09    201.621    201.231         49 0.0000e+00
      12480    519.942     38.751     39.000    28.3719    28.3956   5.846075   5.847980     3.2685     2.7783      40.51   23.15654  -88.00124    0.00272    0.00284     4.6497     4.6390    28.3626    28.3863    36.2725    36.2697    23.2323    23.2224    1546.05    202.947    202.477         51 0.0000e+00
      12533    522.166     39.744     40.000    28.0033    28.0097   5.814246   5.815158     3.2932     2.8033      39.51   23.15654  -88.00124    0.00661    0.00741     4.7279     4.7207    27.9938    28.0003    36.3321    36.3336    23.3988    23.3978    1546.00    206.321    206.005         55 0.0000e+00
      12589    524.505     40.737     41.000    27.7829    27.7867   5.794805   5.795486     3.3123     2.8269      38.61   23.15654  -88.00124    0.01023    0.01079     4.7813     4.7862    27.7733    27.7771    36.3649    36.3668    23.4958    23.4959    1545.92    208.629    208.844         56 0.0000e+00
      12638    526.555     41.731     42.000    27.6149    27.6230   5.779076   5.780140     3.3150     2.8302      37.66   23.15654  -88.00124    0.00466    0.00615     4.8006     4.8061    27.6050    27.6132    36.3834    36.3847    23.5646    23.5629    1545.84    209.457    209.701         43 0.0000e+00
      12688    528.606     42.724     43.000    27.2957    27.3031   5.747961   5.749052     3.3229     2.8360      36.63   23.15654  -88.00124    0.00200    0.00192     4.8425     4.8434    27.2857    27.2931    36.4101    36.4121    23.6883    23.6874    1545.76    211.260    211.303         60 0.0000e+00
      12749    531.171     43.718     44.000    27.0915    27.0981   5.727702   5.728664     3.3336     2.8412      35.62   23.15654  -88.00124    0.00580    0.00324     4.8804     4.8712    27.0813    27.0880    36.4245    36.4262    23.7650    23.7642    1545.67    212.898    212.496         53 0.0000e+00
      12794    533.036     44.712     45.000    26.9400    26.9414   5.713274   5.713780     3.3256     2.8388      34.76   23.15654  -88.00124   -0.00051   -0.00028     4.8788     4.8793    26.9297    26.9311    36.4394    36.4419    23.8250    23.8264    1545.58    212.819    212.837         44 0.0000e+00
      12845    535.173     45.705     46.000    26.8545    26.8605   5.705303   5.706176     3.3210     2.8327      33.70   23.15654  -88.00123   -0.00283   -0.00200     4.8781     4.8733    26.8440    26.8499    36.4489    36.4505    23.8596    23.8589    1545.48    212.778    212.570         60 0.0000e+00
      12904    537.643     46.698     47.000    26.5205    26.5242   5.673513   5.674136     3.2990     2.8138      32.81   23.15654  -88.00122   -0.00531   -0.00504     4.8666     4.8615    26.5099    26.5136    36.4822    36.4838    23.9912    23.9913    1545.38    212.248    212.026         52 0.0000e+00
      12952    539.634     47.692     48.000    26.2111    26.2162   5.643031   5.643814     3.2797     2.7974      31.84   23.15654  -88.00122   -0.01060   -0.00907     4.8559     4.8518    26.2003    26.2054    36.5056    36.5073    24.1068    24.1064    1545.27    211.758    211.582         48 0.0000e+00
      13003    541.754     48.685     49.000    25.9660    25.9690   5.618770   5.619376     3.2628     2.7791      30.83   23.15654  -88.00122   -0.00874   -0.00861     4.8454     4.8337    25.9550    25.9580    36.5232    36.5252    24.1971    24.1977    1545.14    211.282    210.774         55 0.0000e+00
      13058    544.059     49.679     50.000    25.6432    25.6473   5.585424   5.586182     3.2343     2.7562      29.83   23.15654  -88.00122   -0.01002   -0.00865     4.8194     4.8119    25.6320    25.6362    36.5360    36.5382    24.3076    24.3080    1545.02    210.128    209.799         53 0.0000e+00
      13110    546.215     50.672     51.000    25.5120    25.5128   5.571863   5.572282     3.2042     2.7305      28.89   23.15654  -88.00122   -0.01454   -0.01227     4.7734     4.7687    25.5007    25.5015    36.5408    36.5433    24.3520    24.3537    1544.88    208.113    207.908         51 0.0000e+00
      13161    548.321     51.666     52.000    25.4285    25.4304   5.563217   5.563708     3.1869     2.7191      27.94   23.15654  -88.00123   -0.01052   -0.00780     4.7480     4.7515    25.4170    25.4189    36.5437    36.5458    24.3801    24.3811    1544.75    206.998    207.153         51 0.0000e+00
      13214    550.545     52.659     53.000    24.8105    24.8139   5.499375   5.499965     3.1501     2.6783      26.97   23.15654  -88.00124   -0.01119   -0.01071     4.7173     4.7058    24.7990    24.8024    36.5585    36.5601    24.5809    24.5811    1544.61    205.621    205.120         58 0.0000e+00
      13273    553.001     53.652     54.000    24.2008    24.2090   5.435657   5.436638     3.0610     2.6025      25.96   23.15654  -88.00124   -0.03049   -0.02866     4.6074     4.5961    24.1893    24.1975    36.5843    36.5850    24.7842    24.7822    1544.45    200.790    200.300         53 0.0000e+00
      13318    554.883     54.646     55.000    23.5399    23.5423   5.368970   5.369692     2.9338     2.4697      25.11   23.15655  -88.00124   -0.04940   -0.04688     4.4116     4.3608    23.5284    23.5309    36.6193    36.6228    25.0077    25.0096    1544.26    192.216    190.002         43 0.0000e+00
