Gulf of Mexico/GOMECC-4/1db/drb2103_0291.cnv
* Sea-Bird SBE 9 Data File:
* FileName = C:\Users\scs.user.rb\CTD\GOMECC4\data\rb2103_0291.hex
* Software Version Seasave V 7.26.7.107
* Temperature SN = 4799
* Conductivity SN = 3860
* Number of Bytes Per Scan = 41
* Number of Voltage Words = 4
* Number of Scans Averaged by the Deck Unit = 1
* NMEA Latitude = 27 29.98 N
* NMEA Longitude = 086 48.58 W
* NMEA UTC (Time) = Sep 22 2021  01:30:43
* NMEA baud rate = 4800
# nquan = 28
# nvalues = 204                         
# units = specified
# name 0 = scan: Scan Count
# name 1 = timeS: Time, Elapsed [seconds]
# name 2 = depSM: Depth [salt water, m]
# name 3 = prDM: Pressure, Digiquartz [db]
# name 4 = t090C: Temperature [ITS-90, deg C]
# name 5 = t190C: Temperature, 2 [ITS-90, deg C]
# name 6 = c0S/m: Conductivity [S/m]
# name 7 = c1S/m: Conductivity, 2 [S/m]
# name 8 = sbeox0V: Oxygen raw, SBE 43 [V]
# name 9 = sbeox1V: Oxygen raw, SBE 43, 2 [V]
# name 10 = altM: Altimeter [m]
# name 11 = latitude: Latitude [deg]
# name 12 = longitude: Longitude [deg]
# name 13 = sbox0dV/dT: Oxygen, SBE 43 [dov/dt]
# name 14 = sbox1dV/dT: Oxygen, SBE 43, 2 [dov/dt]
# name 15 = sbeox0ML/L: Oxygen, SBE 43 [ml/l], WS = 5
# name 16 = sbeox1ML/L: Oxygen, SBE 43, 2 [ml/l], WS = 5
# name 17 = potemp090C: Potential Temperature [ITS-90, deg C]
# name 18 = potemp190C: Potential Temperature, 2 [ITS-90, deg C]
# name 19 = sal00: Salinity, Practical [PSU]
# name 20 = sal11: Salinity, Practical, 2 [PSU]
# name 21 = sigma-é00: Density [sigma-theta, kg/m^3]
# name 22 = sigma-é11: Density, 2 [sigma-theta, kg/m^3]
# name 23 = avgsvCM: Average Sound Velocity [Chen-Millero, m/s], minP = 20, minS = 20
# name 24 = sbox0Mm/Kg: Oxygen, SBE 43 [umol/kg], WS = 5
# name 25 = sbox1Mm/Kg: Oxygen, SBE 43, 2 [umol/kg], WS = 5
# name 26 = nbin: number of scans per bin
# name 27 = flag: flag
# span 0 =      17647,     100077       
# span 1 =    735.269,   4169.844       
# span 2 =      4.967,   3026.672       
# span 3 =      5.000,   3069.000       
# span 4 =     4.3681,    30.2906       
# span 5 =     4.3692,    30.2909       
# span 6 =   3.413988,   5.979302       
# span 7 =   3.413918,   5.979569       
# span 8 =     1.7407,     3.1669       
# span 9 =     1.4335,     2.6909       
# span 10 =       9.86,     100.36      
# span 11 =   27.49488,   27.49760      
# span 12 =  -86.81487,  -86.80816      
# span 13 =   -0.03481,    0.00948      
# span 14 =   -0.03100,    0.00837      
# span 15 =     2.6306,     4.6949      
# span 16 =     2.6605,     4.7236      
# span 17 =     4.0806,    30.2848      
# span 18 =     4.0817,    30.2852      
# span 19 =    33.0426,    36.5891      
# span 20 =    33.0240,    36.5869      
# span 21 =    20.6445,    27.7588      
# span 22 =    20.6305,    27.7571      
# span 23 =       0.00,    1552.34      
# span 24 =    114.424,    204.013      
# span 25 =    115.727,    205.257      
# span 26 =         30,         87      
# span 27 = 0.0000e+00, 0.0000e+00      
# interval = decibars: 1                
# start_time = Sep 22 2021 01:30:43 [NMEA time, header]
# bad_flag = -9.990e-29
*END*
[from data line 156]
      24011   1000.427    159.873    161.000    17.0162    17.0097   4.643895   4.643071     1.9712     1.6353     100.00   27.49674  -86.81153   -0.01098   -0.01145     2.8780     2.8949    16.9894    16.9829    36.2709    36.2696    26.4928    26.4933    1533.43    125.214    125.949         33 0.0000e+00
      24043   1001.768    160.866    162.000    16.9385    16.9355   4.634673   4.634199     1.9565     1.6216     100.00   27.49674  -86.81154   -0.01291   -0.01241     2.8492     2.8653    16.9116    16.9086    36.2597    36.2583    26.5028    26.5024    1533.33    123.961    124.659         32 0.0000e+00
      24076   1003.124    161.858    163.000    16.7749    16.7723   4.615410   4.614927     1.9403     1.6056     100.00   27.49672  -86.81154   -0.01249   -0.01126     2.8223     2.8347    16.7480    16.7454    36.2376    36.2357    26.5247    26.5239    1533.23    122.787    123.325         34 0.0000e+00
      24112   1004.606    162.851    164.000    16.6831    16.6828   4.604509   4.604427     1.9189     1.5848     100.00   27.49672  -86.81154   -0.01246   -0.01199     2.7789     2.7881    16.6562    16.6558    36.2241    36.2237    26.5362    26.5359    1533.12    120.896    121.297         37 0.0000e+00
      24148   1006.116    163.843    165.000    16.6328    16.6325   4.598522   4.598466     1.9038     1.5742     100.00   27.49672  -86.81154   -0.01282   -0.01177     2.7470     2.7641    16.6058    16.6055    36.2163    36.2160    26.5421    26.5420    1533.01    119.508    120.252         34 0.0000e+00
      24180   1007.474    164.836    166.000    16.5833    16.5838   4.592861   4.592901     1.8964     1.5699     100.00   27.49672  -86.81154   -0.01055   -0.00803     2.7330     2.7561    16.5562    16.5566    36.2106    36.2106    26.5495    26.5494    1532.91    118.901    119.905         32 0.0000e+00
      24212   1008.810    165.829    167.000    16.5496    16.5497   4.588949   4.588957     1.8916     1.5662     100.00   27.49671  -86.81154   -0.00571   -0.00387     2.7243     2.7491    16.5223    16.5225    36.2062    36.2061    26.5541    26.5540    1532.80    118.521    119.598         33 0.0000e+00
      24247   1010.259    166.821    168.000    16.5252    16.5254   4.586097   4.586132     1.8877     1.5643      90.07   27.49670  -86.81154   -0.00373   -0.00238     2.7171     2.7459    16.4978    16.4980    36.2027    36.2027    26.5571    26.5571    1532.70    118.206    119.459         36 0.0000e+00
      24283   1011.735    167.814    169.000    16.5085    16.5090   4.584175   4.584243     1.8847     1.5627      96.37   27.49670  -86.81155   -0.00265   -0.00164     2.7115     2.7433    16.4810    16.4814    36.2003    36.2005    26.5593    26.5593    1532.60    117.962    119.347         35 0.0000e+00
      24318   1013.228    168.806    170.000    16.4802    16.4790   4.580839   4.580657     1.8826     1.5620      98.05   27.49670  -86.81156   -0.00196   -0.00091     2.7086     2.7435    16.4526    16.4513    36.1960    36.1955    26.5626    26.5625    1532.50    117.835    119.355         36 0.0000e+00
      24353   1014.668    169.799    171.000    16.4147    16.4144   4.573096   4.573020     1.8814     1.5603      99.13   27.49668  -86.81156   -0.00138   -0.00075     2.7100     2.7433    16.3870    16.3866    36.1863    36.1859    26.5705    26.5704    1532.39    117.896    119.344         33 0.0000e+00
      24385   1016.009    170.792    172.000    16.3844    16.3845   4.569457   4.569452     1.8812     1.5599      99.99   27.49668  -86.81156   -0.00082   -0.00084     2.7116     2.7443    16.3565    16.3566    36.1811    36.1810    26.5737    26.5736    1532.29    117.965    119.388         32 0.0000e+00
      24419   1017.415    171.784    173.000    16.3075    16.3058   4.560477   4.560187     1.8805     1.5592      99.69   27.49668  -86.81156   -0.00038   -0.00045     2.7149     2.7473    16.2795    16.2778    36.1707    36.1697    26.5837    26.5833    1532.19    118.108    119.518         35 0.0000e+00
      24455   1018.904    172.777    174.000    16.1968    16.1941   4.547404   4.546906     1.8791     1.5578     100.00   27.49667  -86.81156   -0.00047   -0.00064     2.7187     2.7506    16.1688    16.1661    36.1544    36.1524    26.5969    26.5960    1532.09    118.270    119.660         36 0.0000e+00
      24490   1020.366    173.769    175.000    16.0705    16.0695   4.532387   4.532208     1.8762     1.5565     100.00   27.49666  -86.81158   -0.00119   -0.00094     2.7201     2.7551    16.0425    16.0415    36.1349    36.1342    26.6112    26.6109    1531.99    118.332    119.852         35 0.0000e+00
      24524   1021.787    174.762    176.000    15.9981    15.9979   4.523698   4.523761     1.8755     1.5560     100.00   27.49666  -86.81158   -0.00146   -0.00067     2.7230     2.7581    15.9700    15.9698    36.1227    36.1221    26.6186    26.6182    1531.89    118.457    119.982         33 0.0000e+00
      24557   1023.174    175.754    177.000    15.9625    15.9631   4.519514   4.519598     1.8754     1.5556     100.00   27.49666  -86.81158   -0.00076   -0.00049     2.7252     2.7595    15.9343    15.9349    36.1172    36.1174    26.6226    26.6226    1531.78    118.553    120.041         33 0.0000e+00
      24592   1024.605    176.747    178.000    15.9429    15.9429   4.517278   4.517260     1.8753     1.5544     100.00   27.49666  -86.81158   -0.00009   -0.00048     2.7268     2.7580    15.9146    15.9146    36.1147    36.1145    26.6252    26.6250    1531.68    118.620    119.978         36 0.0000e+00
      24627   1026.075    177.739    179.000    15.8890    15.8893   4.510963   4.511179     1.8744     1.5540     100.00   27.49665  -86.81158   -0.00020   -0.00051     2.7282     2.7601    15.8605    15.8609    36.1059    36.1060    26.6308    26.6308    1531.58    118.680    120.068         35 0.0000e+00
      24661   1027.502    178.732    180.000    15.8763    15.8779   4.509446   4.509655     1.8739     1.5545     100.00   27.49664  -86.81158   -0.00041   -0.00027     2.7279     2.7626    15.8477    15.8493    36.1043    36.1047    26.6326    26.6325    1531.48    118.669    120.175         33 0.0000e+00
      24694   1028.885    179.724    181.000    15.8716    15.8726   4.508998   4.509136     1.8736     1.5540     100.00   27.49664  -86.81159   -0.00036    0.00006     2.7279     2.7620    15.8428    15.8439    36.1042    36.1045    26.6336    26.6336    1531.38    118.669    120.151         34 0.0000e+00
      24728   1030.308    180.717    182.000    15.8642    15.8649   4.508205   4.508299     1.8724     1.5535     100.00   27.49664  -86.81160   -0.00046   -0.00012     2.7258     2.7616    15.8353    15.8360    36.1034    36.1036    26.6347    26.6347    1531.28    118.576    120.133         34 0.0000e+00
      24762   1031.706    181.709    183.000    15.8344    15.8296   4.504715   4.504090     1.8711     1.5513     100.00   27.49664  -86.81160   -0.00071   -0.00073     2.7248     2.7582    15.8054    15.8006    36.0988    36.0976    26.6380    26.6382    1531.19    118.534    119.984         33 0.0000e+00
      24795   1033.093    182.702    184.000    15.7850    15.7847   4.498817   4.498712     1.8694     1.5506     100.00   27.49663  -86.81160   -0.00107   -0.00106     2.7244     2.7596    15.7559    15.7556    36.0905    36.0899    26.6429    26.6425    1531.09    118.513    120.044         34 0.0000e+00
      24830   1034.555    183.694    185.000    15.7193    15.7179   4.491042   4.490781     1.8685     1.5482     100.00   27.49662  -86.81160   -0.00092   -0.00100     2.7266     2.7576    15.6901    15.6887    36.0801    36.0791    26.6499    26.6494    1530.99    118.608    119.958         35 0.0000e+00
      24864   1035.973    184.687    186.000    15.6407    15.6403   4.481942   4.481819     1.8654     1.5441     100.00   27.49662  -86.81160   -0.00109   -0.00163     2.7242     2.7517    15.6115    15.6111    36.0695    36.0688    26.6597    26.6592    1530.89    118.502    119.701         33 0.0000e+00
      24897   1037.328    185.679    187.000    15.5933    15.5937   4.476474   4.476496     1.8617     1.5412     100.00   27.49662  -86.81160   -0.00204   -0.00257     2.7186     2.7474    15.5640    15.5644    36.0631    36.0630    26.6655    26.6653    1530.79    118.260    119.512         33 0.0000e+00
      24931   1038.754    186.672    188.000    15.5740    15.5738   4.474241   4.474225     1.8599     1.5399      97.96   27.49660  -86.81160   -0.00221   -0.00203     2.7160     2.7453    15.5445    15.5444    36.0602    36.0602    26.6677    26.6678    1530.69    118.147    119.419         35 0.0000e+00
      24967   1040.241    187.664    189.000    15.5564    15.5556   4.472195   4.472065     1.8578     1.5385      90.91   27.49660  -86.81162   -0.00157   -0.00114     2.7124     2.7432    15.5268    15.5260    36.0575    36.0570    26.6696    26.6694    1530.60    117.988    119.330         36 0.0000e+00
      25001   1041.657    188.657    190.000    15.4517    15.4604   4.460371   4.460634     1.8550     1.5363      99.94   27.49660  -86.81162   -0.00144   -0.00101     2.7112     2.7424    15.4221    15.4308    36.0408    36.0415    26.6804    26.6790    1530.51    117.934    119.294         33 0.0000e+00
      25034   1043.050    189.649    191.000    15.4024    15.4004   4.453992   4.453707     1.8513     1.5331     100.00   27.49660  -86.81162   -0.00202   -0.00157     2.7069     2.7390    15.3727    15.3707    36.0329    36.0322    26.6854    26.6854    1530.41    117.749    119.146         34 0.0000e+00
      25068   1044.476    190.642    192.000    15.3787    15.3817   4.451210   4.451526     1.8483     1.5299     100.00   27.49658  -86.81163   -0.00244   -0.00223     2.7016     2.7321    15.3489    15.3519    36.0290    36.0291    26.6878    26.6872    1530.31    117.518    118.843         34 0.0000e+00
      25103   1045.905    191.634    193.000    15.3566    15.3568   4.448801   4.448766     1.8463     1.5290     100.00   27.49658  -86.81164   -0.00208   -0.00183     2.6985     2.7315    15.3266    15.3269    36.0257    36.0252    26.6903    26.6898    1530.22    117.383    118.819         34 0.0000e+00
      25137   1047.351    192.627    194.000    15.3376    15.3371   4.446424   4.446354     1.8442     1.5267     100.00   27.49658  -86.81164   -0.00154   -0.00124     2.6948     2.7268    15.3075    15.3070    36.0225    36.0223    26.6921    26.6920    1530.12    117.221    118.614         35 0.0000e+00
      25172   1048.773    193.619    195.000    15.3257    15.3279   4.445098   4.445377     1.8424     1.5255     100.00   27.49658  -86.81164   -0.00138   -0.00115     2.6917     2.7247    15.2955    15.2977    36.0210    36.0214    26.6936    26.6935    1530.03    117.086    118.520         34 0.0000e+00
      25205   1050.170    194.612    196.000    15.3089    15.3085   4.443200   4.443110     1.8408     1.5241     100.00   27.49656  -86.81164   -0.00126   -0.00106     2.6892     2.7225    15.2785    15.2781    36.0187    36.0182    26.6956    26.6954    1529.94    116.979    118.425         34 0.0000e+00
      25239   1051.592    195.604    197.000    15.2297    15.2277   4.433901   4.433488     1.8382     1.5224      63.21   27.49656  -86.81164   -0.00127   -0.00092     2.6882     2.7231    15.1993    15.1973    36.0065    36.0045    26.7039    26.7029    1529.85    116.932    118.449         34 0.0000e+00
      25273   1052.996    196.597    198.000    15.1207    15.1216   4.421124   4.421162     1.8325     1.5157      99.90   27.49656  -86.81164   -0.00217   -0.00197     2.6812     2.7121    15.0903    15.0912    35.9898    35.9893    26.7153    26.7148    1529.76    116.628    117.971         33 0.0000e+00
      25307   1054.430    197.589    199.000    15.0778    15.0744   4.416039   4.415582     1.8247     1.5058     100.00   27.49656  -86.81164   -0.00396   -0.00452     2.6656     2.6893    15.0473    15.0439    35.9824    35.9814    26.7192    26.7192    1529.66    115.947    116.978         35 0.0000e+00
      25340   1055.780    198.581    200.000    15.0575    15.0587   4.413660   4.413793     1.8182     1.5004     100.00   27.49656  -86.81165   -0.00508   -0.00579     2.6513     2.6761    15.0269    15.0281    35.9790    35.9791    26.7211    26.7210    1529.56    115.325    116.405         30 0.0000e+00
      25397   1058.187    200.566    202.000    15.0186    15.0143   4.408921   4.408351     1.8100     1.4942     100.00   27.49543  -86.80816   -0.00403   -0.00328     2.6348     2.6627    14.9874    14.9834    35.9705    35.9690    26.7233    26.7230    1529.32    114.608    115.822         30 0.0000e+00
      25429   1059.485    201.559    203.000    14.9728    14.9742   4.403733   4.403790     1.8071     1.4923     100.00   27.49654  -86.81166   -0.00308   -0.00230     2.6306     2.6605    14.9419    14.9432    35.9649    35.9642    26.7291    26.7283    1529.30    114.424    115.727         30 0.0000e+00
      99055   4127.266   3021.776   3064.000     4.3681     4.3692   3.413988   3.413918     1.7423     1.4348      14.94   27.49488  -86.81435   -0.00008   -0.00014     4.6949     4.7231     4.0806     4.0817    34.9759    34.9739    27.7585    27.7569    1500.96    204.013    205.235         50 0.0000e+00
      99125   4130.165   3022.755   3065.000     4.3682     4.3693   3.414059   3.413987     1.7419     1.4346      13.93   27.49504  -86.81486   -0.00009   -0.00008     4.6935     4.7226     4.0807     4.0818    34.9761    34.9742    27.7587    27.7571    1500.98    203.949    205.215         56 0.0000e+00
      99175   4132.241   3023.734   3066.000     4.3683     4.3695   3.414107   3.414032     1.7416     1.4347      13.04   27.49504  -86.81485   -0.00016   -0.00003     4.6927     4.7236     4.0807     4.0818    34.9761    34.9741    27.7587    27.7570    1500.98    203.916    205.257         53 0.0000e+00
      99237   4134.813   3024.713   3067.000     4.3685     4.3696   3.414154   3.414079     1.7413     1.4344      11.96   27.49504  -86.81485   -0.00006   -0.00005     4.6920     4.7230     4.0807     4.0817    34.9761    34.9741    27.7587    27.7570    1500.99    203.886    205.233         66 0.0000e+00
      99298   4137.366   3025.693   3068.000     4.3686     4.3697   3.414200   3.414129     1.7412     1.4343      11.03   27.49504  -86.81484   -0.00009   -0.00005     4.6919     4.7229     4.0806     4.0817    34.9761    34.9741    27.7588    27.7570    1500.99    203.882    205.228         57 0.0000e+00
     100077   4169.844   3026.672   3069.000     4.3689     4.3700   3.414259   3.414197     1.7407     1.4335       9.86   27.49504  -86.81487   -0.00002   -0.00009     4.6905     4.7197     4.0808     4.0819    34.9761    34.9742    27.7587    27.7571    1501.00    203.818    205.090         87 0.0000e+00
