Gulf of Mexico/GOMECC-4/1db/drb2103_0831.cnv
* Sea-Bird SBE 9 Data File:
* FileName = C:\Users\scs.user.rb\CTD\GOMECC4\data\rb2103_0831.hex
* Software Version Seasave V 7.26.7.107
* Temperature SN = 4799
* Conductivity SN = 3860
* Number of Bytes Per Scan = 41
* Number of Voltage Words = 4
* Number of Scans Averaged by the Deck Unit = 1
* NMEA Latitude = 22 16.43 N
* NMEA Longitude = 095 00.01 W
* NMEA UTC (Time) = Oct 07 2021  05:34:53
* NMEA baud rate = 4800
# nquan = 28
# nvalues = 271                         
# units = specified
# name 0 = scan: Scan Count
# name 1 = timeS: Time, Elapsed [seconds]
# name 2 = depSM: Depth [salt water, m]
# name 3 = prDM: Pressure, Digiquartz [db]
# name 4 = t090C: Temperature [ITS-90, deg C]
# name 5 = t190C: Temperature, 2 [ITS-90, deg C]
# name 6 = c0S/m: Conductivity [S/m]
# name 7 = c1S/m: Conductivity, 2 [S/m]
# name 8 = sbeox0V: Oxygen raw, SBE 43 [V]
# name 9 = sbeox1V: Oxygen raw, SBE 43, 2 [V]
# name 10 = altM: Altimeter [m]
# name 11 = latitude: Latitude [deg]
# name 12 = longitude: Longitude [deg]
# name 13 = sbox0dV/dT: Oxygen, SBE 43 [dov/dt]
# name 14 = sbox1dV/dT: Oxygen, SBE 43, 2 [dov/dt]
# name 15 = sbeox0ML/L: Oxygen, SBE 43 [ml/l], WS = 5
# name 16 = sbeox1ML/L: Oxygen, SBE 43, 2 [ml/l], WS = 5
# name 17 = potemp090C: Potential Temperature [ITS-90, deg C]
# name 18 = potemp190C: Potential Temperature, 2 [ITS-90, deg C]
# name 19 = sal00: Salinity, Practical [PSU]
# name 20 = sal11: Salinity, Practical, 2 [PSU]
# name 21 = sigma-é00: Density [sigma-theta, kg/m^3]
# name 22 = sigma-é11: Density, 2 [sigma-theta, kg/m^3]
# name 23 = avgsvCM: Average Sound Velocity [Chen-Millero, m/s], minP = 20, minS = 20
# name 24 = sbox0Mm/Kg: Oxygen, SBE 43 [umol/kg], WS = 5
# name 25 = sbox1Mm/Kg: Oxygen, SBE 43, 2 [umol/kg], WS = 5
# name 26 = nbin: number of scans per bin
# name 27 = flag: flag
# span 0 =       7789,      98127       
# span 1 =    324.503,   4088.591       
# span 2 =      4.969,   3395.802       
# span 3 =      5.000,   3445.000       
# span 4 =     4.2776,    29.5743       
# span 5 =     4.2782,    29.5766       
# span 6 =   3.344632,   5.968491       
# span 7 =   3.344600,   5.968886       
# span 8 =     1.5798,     3.3757       
# span 9 =     1.2845,     2.8940       
# span 10 =       9.77,     100.70      
# span 11 =   22.26806,   22.27463      
# span 12 =  -95.00376,  -94.97569      
# span 13 =   -0.03744,    0.02519      
# span 14 =   -0.03419,    0.02742      
# span 15 =     2.4994,     5.1077      
# span 16 =     2.5149,     5.1193      
# span 17 =     4.0775,    29.5669      
# span 18 =     4.0787,    29.5692      
# span 19 =    34.9137,    36.5061      
# span 20 =    34.9131,    36.5079      
# span 21 =    22.7805,    27.7589      
# span 22 =    22.7807,    27.7575      
# span 23 =       0.00,    1546.39      
# span 24 =    108.760,    222.710      
# span 25 =    109.437,    223.214      
# span 26 =         30,         69      
# span 27 = 0.0000e+00, 0.0000e+00      
# interval = decibars: 1                
# start_time = Oct 07 2021 05:34:53 [NMEA time, header]
# bad_flag = -9.990e-29
*END*
       7789    324.503      4.969      5.000    29.5466    29.5483   5.964078   5.964376     3.1478     2.6622      99.11   22.27382  -95.00026    0.00020    0.00066     4.3259     4.3070    29.5454    29.5471    36.2075    36.2083    22.7869    22.7869       0.00    188.891    188.067         41 0.0000e+00
       7872    327.945      5.962      6.000    29.5501    29.5518   5.964455   5.964753     3.1507     2.6649      90.30   22.27382  -95.00026    0.00105    0.00069     4.3313     4.3128    29.5486    29.5503    36.2072    36.2080    22.7856    22.7856       0.00    189.128    188.319         60 0.0000e+00
       7933    330.519      6.956      7.000    29.5510    29.5525   5.964573   5.964856     3.1505     2.6643      80.63   22.27382  -95.00026    0.00022    0.00049     4.3316     4.3121    29.5493    29.5508    36.2070    36.2078    22.7852    22.7853       0.00    189.139    188.289         65 0.0000e+00
       7993    332.993      7.950      8.000    29.5525    29.5536   5.964749   5.965002     3.1503     2.6676      96.99   22.27382  -95.00026   -0.00032    0.00038     4.3315     4.3191    29.5505    29.5516    36.2068    36.2077    22.7846    22.7850       0.00    189.135    188.593         49 0.0000e+00
       8042    335.037      8.944      9.000    29.5536    29.5542   5.965012   5.965157     3.1499     2.6650      99.77   22.27382  -95.00026   -0.00006    0.00034     4.3313     4.3144    29.5514    29.5520    36.2074    36.2080    22.7848    22.7851       0.00    189.125    188.389         60 0.0000e+00
       8105    337.682      9.937     10.000    29.5589    29.5603   5.965724   5.966063     3.1487     2.6638     100.00   22.27382  -95.00026   -0.00048   -0.00155     4.3291     4.3120    29.5564    29.5579    36.2079    36.2089    22.7834    22.7837       0.00    189.033    188.286         50 0.0000e+00
       8144    339.282     10.931     11.000    29.5559    29.5583   5.965376   5.965796     3.1526     2.6673     100.00   22.27382  -95.00024    0.00056    0.00086     4.3368     4.3196    29.5532    29.5556    36.2077    36.2087    22.7844    22.7843       0.00    189.366    188.616         38 0.0000e+00
       8193    341.354     11.925     12.000    29.5551    29.5568   5.965357   5.965667     3.1477     2.6660     100.00   22.27382  -95.00024   -0.00032    0.00072     4.3287     4.3177    29.5522    29.5539    36.2078    36.2087    22.7848    22.7849       0.00    189.013    188.531         61 0.0000e+00
       8246    343.539     12.918     13.000    29.5553    29.5560   5.965435   5.965649     3.1486     2.6648     100.00   22.27382  -95.00024   -0.00073   -0.00108     4.3309     4.3158    29.5521    29.5528    36.2079    36.2088    22.7849    22.7854       0.00    189.110    188.451         40 0.0000e+00
       8286    345.224     13.912     14.000    29.5562    29.5568   5.965635   5.965806     3.1485     2.6657     100.00   22.27382  -95.00024    0.00007   -0.00007     4.3308     4.3178    29.5527    29.5534    36.2079    36.2088    22.7847    22.7852       0.00    189.106    188.539         47 0.0000e+00
       8339    347.430     14.906     15.000    29.5523    29.5533   5.965211   5.965436     3.1487     2.6662      92.97   22.27382  -95.00024    0.00044    0.00071     4.3317     4.3198    29.5485    29.5496    36.2077    36.2088    22.7860    22.7865       0.00    189.146    188.623         54 0.0000e+00
       8392    349.638     15.899     16.000    29.5547    29.5588   5.965560   5.966082     3.1471     2.6647      92.95   22.27382  -95.00024   -0.00085   -0.00101     4.3296     4.3168    29.5508    29.5549    36.2078    36.2084    22.7853    22.7844       0.00    189.053    188.494         55 0.0000e+00
       8444    351.805     16.893     17.000    29.5661    29.5674   5.966575   5.966838     3.1489     2.6637      92.50   22.27382  -95.00024    0.00020    0.00036     4.3326     4.3149    29.5619    29.5632    36.2064    36.2073    22.7805    22.7807       0.00    189.185    188.410         46 0.0000e+00
       8491    353.756     17.887     18.000    29.5655    29.5671   5.966518   5.966817     3.1492     2.6633      99.72   22.27382  -95.00024    0.00074   -0.00072     4.3338     4.3148    29.5611    29.5627    36.2061    36.2070    22.7805    22.7807       0.00    189.235    188.405         53 0.0000e+00
       8550    356.197     18.880     19.000    29.5659    29.5671   5.966604   5.966841     3.1469     2.6625      99.28   22.27381  -95.00024   -0.00064   -0.00032     4.3301     4.3137    29.5612    29.5624    36.2061    36.2069    22.7805    22.7807       0.00    189.075    188.357         57 0.0000e+00
       8599    358.240     19.874     20.000    29.5657    29.5674   5.966623   5.966940     3.1482     2.6624     100.00   22.27381  -95.00025   -0.00023    0.00005     4.3331     4.3139    29.5608    29.5625    36.2061    36.2070    22.7806    22.7808     786.65    189.205    188.369         45 0.0000e+00
       8649    360.320     20.868     21.000    29.5659    29.5672   5.966684   5.966945     3.1474     2.6639     100.00   22.27380  -95.00026    0.00020    0.00068     4.3321     4.3174    29.5608    29.5620    36.2061    36.2069    22.7806    22.7808    1534.04    189.163    188.519         56 0.0000e+00
       8704    362.608     21.861     22.000    29.5661    29.5675   5.966761   5.967040     3.1459     2.6612     100.00   22.27380  -95.00025   -0.00063   -0.00111     4.3299     4.3126    29.5607    29.5621    36.2062    36.2070    22.7807    22.7809    1546.30    189.064    188.310         52 0.0000e+00
       8755    364.766     22.855     23.000    29.5665    29.5686   5.966862   5.967251     3.1477     2.6614     100.00   22.27380  -95.00025   -0.00001   -0.00021     4.3335     4.3134    29.5608    29.5630    36.2063    36.2073    22.7808    22.7808    1546.30    189.226    188.347         51 0.0000e+00
       8804    366.809     23.849     24.000    29.5680    29.5697   5.967117   5.967453     3.1456     2.6589     100.00   22.27380  -95.00025    0.00018   -0.00064     4.3302     4.3088    29.5621    29.5638    36.2066    36.2076    22.7805    22.7807    1546.30    189.081    188.143         49 0.0000e+00
       8857    369.011     24.842     25.000    29.5676    29.5691   5.967100   5.967401     3.1476     2.6608     100.00   22.27380  -95.00025   -0.00009    0.00022     4.3344     4.3133    29.5614    29.5630    36.2065    36.2074    22.7807    22.7809    1546.31    189.263    188.340         54 0.0000e+00
       8910    371.211     25.836     26.000    29.5684    29.5699   5.967275   5.967552     3.1456     2.6590      98.86   22.27380  -95.00024    0.00012   -0.00033     4.3312     4.3100    29.5620    29.5635    36.2068    36.2076    22.7808    22.7808    1546.31    189.122    188.200         55 0.0000e+00
       8966    373.550     26.830     27.000    29.5703    29.5723   5.967678   5.968051     3.1453     2.6603      97.74   22.27380  -95.00024   -0.00099   -0.00013     4.3311     4.3130    29.5637    29.5657    36.2078    36.2088    22.7809    22.7810    1546.31    189.117    188.328         51 0.0000e+00
       9010    375.371     27.823     28.000    29.5733    29.5749   5.968214   5.968513     3.1462     2.6607      99.95   22.27380  -95.00024    0.00033    0.00055     4.3330     4.3140    29.5664    29.5680    36.2089    36.2098    22.7808    22.7809    1546.32    189.201    188.371         43 0.0000e+00
       9066    377.692     28.817     29.000    29.5720    29.5732   5.968047   5.968311     3.1465     2.6620     100.00   22.27380  -95.00024    0.00043    0.00060     4.3341     4.3173    29.5649    29.5661    36.2085    36.2094    22.7810    22.7813    1546.32    189.250    188.518         65 0.0000e+00
       9120    379.946     29.810     30.000    29.5743    29.5766   5.968491   5.968886     3.1451     2.6599      90.03   22.27380  -95.00024   -0.00053   -0.00056     4.3318     4.3133    29.5669    29.5692    36.2095    36.2105    22.7811    22.7811    1546.33    189.151    188.339         42 0.0000e+00
       9162    381.723     30.804     31.000    29.5722    29.5723   5.968165   5.968249     3.1437     2.6609      97.06   22.27380  -95.00024   -0.00068   -0.00059     4.3301     4.3162    29.5646    29.5646    36.2085    36.2091    22.7812    22.7816    1546.34    189.076    188.468         49 0.0000e+00
       9219    384.075     31.798     32.000    29.5678    29.5687   5.967479   5.967657     3.1437     2.6583     100.02   22.27380  -95.00024   -0.00028   -0.00011     4.3309     4.3118    29.5600    29.5608    36.2068    36.2074    22.7815    22.7816    1546.34    189.110    188.276         60 0.0000e+00
       9274    386.369     32.791     33.000    29.5683    29.5695   5.967588   5.967831     3.1424     2.6579      51.14   22.27380  -95.00024   -0.00057   -0.00084     4.3291     4.3114    29.5602    29.5614    36.2069    36.2077    22.7815    22.7816    1546.35    189.032    188.260         49 0.0000e+00
       9321    388.333     33.785     34.000    29.5668    29.5687   5.967348   5.967707     3.1430     2.6565      99.49   22.27380  -95.00024    0.00020   -0.00038     4.3309     4.3093    29.5584    29.5604    36.2062    36.2071    22.7815    22.7816    1546.35    189.108    188.168         48 0.0000e+00
       9371    390.405     34.778     35.000    29.5679    29.5694   5.967573   5.967887     3.1426     2.6599     100.00   22.27380  -95.00024   -0.00007    0.00059     4.3306     4.3166    29.5592    29.5608    36.2066    36.2076    22.7815    22.7817    1546.36    189.095    188.484         50 0.0000e+00
       9424    392.617     35.772     36.000    29.5685    29.5706   5.967765   5.968170     3.1429     2.6596     100.00   22.27380  -95.00024   -0.00019    0.00064     4.3316     4.3162    29.5596    29.5617    36.2071    36.2084    22.7818    22.7820    1546.36    189.140    188.469         58 0.0000e+00
       9479    394.911     36.766     37.000    29.5674    29.5689   5.967573   5.967839     3.1416     2.6573     100.00   22.27380  -95.00024    0.00019   -0.00072     4.3299     4.3124    29.5583    29.5598    36.2063    36.2071    22.7816    22.7817    1546.37    189.066    188.302         48 0.0000e+00
       9525    396.820     37.759     38.000    29.5667    29.5685   5.967472   5.967818     3.1411     2.6531     100.00   22.27380  -95.00024   -0.00074   -0.00174     4.3295     4.3047    29.5573    29.5591    36.2059    36.2069    22.7817    22.7818    1546.38    189.050    187.965         49 0.0000e+00
       9579    399.091     38.753     39.000    29.5666    29.5686   5.967536   5.967856     3.1423     2.6546     100.00   22.27380  -95.00022    0.00017   -0.00030     4.3322     4.3082    29.5570    29.5590    36.2061    36.2068    22.7819    22.7818    1546.38    189.169    188.117         58 0.0000e+00
       9635    401.415     39.746     40.000    29.5673    29.5685   5.967619   5.967893     3.1412     2.6548      77.91   22.27380  -95.00022    0.00043    0.00023     4.3307     4.3089    29.5574    29.5587    36.2059    36.2068    22.7816    22.7819    1546.39    189.102    188.149         50 0.0000e+00
       9680    403.292     40.740     41.000    29.5660    29.5649   5.967535   5.967619     3.1396     2.6542      99.56   22.27380  -95.00022   -0.00111   -0.00023     4.3294     4.3075    29.5560    29.5549    36.2060    36.2074    22.7822    22.7836    1546.39    189.046    188.086         45 0.0000e+00
       9732    405.471     41.733     42.000    28.9661    28.9602   5.913621   5.913875     3.1661     2.6940     100.00   22.27380  -95.00022    0.00414    0.00776     4.4275     4.4387    28.9559    28.9500    36.2848    36.2884    23.0439    23.0486    1546.39    193.279    193.765         59 0.0000e+00
       9788    407.786     42.727     43.000    28.6229    28.6210   5.877475   5.877842     3.2263     2.7492     100.00   22.27379  -95.00022    0.02519    0.02742     4.5560     4.5660    28.6126    28.6107    36.2985    36.3026    23.1687    23.1724    1546.36    198.863    199.301         49 0.0000e+00
       9835    409.744     43.720     44.000    27.9031    27.8966   5.802658   5.802580     3.2600     2.7846     100.00   22.27378  -95.00022    0.01909    0.01724     4.6776     4.6938    27.8927    27.8862    36.3265    36.3310    23.4277    23.4332    1546.30    204.121    204.823         48 0.0000e+00
       9887    411.919     44.714     45.000    27.2325    27.1997   5.730291   5.727977     3.3102     2.8291     100.00   22.27378  -95.00022    0.02290    0.02200     4.8235     4.8375    27.2473    27.1894    36.3126    36.3187    23.6269    23.6409    1546.22    210.447    211.053         56 0.0000e+00
       9941    414.186     45.707     46.000    26.5062    26.5018   5.646246   5.646511     3.3207     2.8411     100.00   22.27378  -95.00022    0.01106    0.01018     4.9124     4.9245    26.4956    26.4914    36.2963    36.3017    23.8555    23.8609    1546.10    214.275    214.805         51 0.0000e+00
       9990    416.212     46.701     47.000    26.1564    26.1531   5.610403   5.610724     3.3416     2.8673     100.00   22.27378  -95.00022    0.00630    0.00778     4.9801     5.0071    26.1458    26.1425    36.3112    36.3161    23.9771    23.9819    1545.96    217.206    218.379         47 0.0000e+00
      10040    418.276     47.694     48.000    25.8907    25.8898   5.580845   5.581319     3.3757     2.8940      95.75   22.27378  -95.00022    0.01571    0.01537     5.0731     5.0884    25.8799    25.8791    36.3053    36.3095    24.0561    24.0595    1545.81    221.244    221.910         55 0.0000e+00
      10096    420.632     48.688     49.000    25.6551    25.6543   5.554286   5.554799     3.3599     2.8737      94.19   22.27378  -95.00022    0.00162   -0.00108     5.0654     5.0672    25.6442    25.6434    36.2972    36.3014    24.1234    24.1268    1545.66    220.893    220.969         52 0.0000e+00
      10143    422.600     49.682     50.000    25.4603    25.4613   5.533740   5.534353     3.3569     2.8767      99.93   22.27378  -95.00022   -0.00740   -0.00708     5.0780     5.0900    25.4492    25.4503    36.3006    36.3043    24.1864    24.1889    1545.51    221.428    221.950         47 0.0000e+00
      10197    424.828     50.675     51.000    25.2641    25.2655   5.513762   5.514351     3.3627     2.8823     100.00   22.27378  -95.00022    0.00309    0.00452     5.1077     5.1193    25.2529    25.2543    36.3092    36.3125    24.2535    24.2555    1545.35    222.710    223.214         56 0.0000e+00
      10247    426.920     51.669     52.000    24.9566    24.9585   5.479831   5.480581     3.3467     2.8652     100.00   22.27378  -95.00022   -0.00301   -0.00339     5.1063     5.1105    24.9453    24.9472    36.3032    36.3073    24.3432    24.3457    1545.19    222.627    222.808         49 0.0000e+00
      10301    429.147     52.662     53.000    24.7215    24.7234   5.453977   5.454656     3.3209     2.8400     100.00   22.27378  -95.00020   -0.01057   -0.01101     5.0788     5.0774    24.7100    24.7120    36.2990    36.3025    24.4116    24.4138    1545.02    221.416    221.353         54 0.0000e+00
      10350    431.203     53.656     54.000    24.5761    24.5780   5.437398   5.438009     3.3047     2.8269     100.00   22.27378  -95.00020   -0.01010   -0.00860     5.0613     5.0627    24.5645    24.5664    36.2916    36.2947    24.4501    24.4519    1544.84    220.645    220.705         45 0.0000e+00
      10391    432.913     54.649     55.000    24.4677    24.4691   5.426023   5.426535     3.2894     2.8165     100.00   22.27378  -95.00020   -0.00787   -0.00611     5.0421     5.0501    24.4559    24.4574    36.2934    36.2961    24.4843    24.4859    1544.67    219.798    220.148         40 0.0000e+00
