Gulf of Mexico/GOMECC-4/1db/drb2103_0851.cnv
* Sea-Bird SBE 9 Data File:
* FileName = C:\Users\scs.user.rb\CTD\GOMECC4\data\rb2103_0851.hex
* Software Version Seasave V 7.26.7.107
* Temperature SN = 4799
* Conductivity SN = 3860
* Number of Bytes Per Scan = 41
* Number of Voltage Words = 4
* Number of Scans Averaged by the Deck Unit = 1
* NMEA Latitude = 20 36.04 N
* NMEA Longitude = 094 17.37 W
* NMEA UTC (Time) = Oct 07 2021  22:53:37
* NMEA baud rate = 4800
# nquan = 28
# nvalues = 253                         
# units = specified
# name 0 = scan: Scan Count
# name 1 = timeS: Time, Elapsed [seconds]
# name 2 = depSM: Depth [salt water, m]
# name 3 = prDM: Pressure, Digiquartz [db]
# name 4 = t090C: Temperature [ITS-90, deg C]
# name 5 = t190C: Temperature, 2 [ITS-90, deg C]
# name 6 = c0S/m: Conductivity [S/m]
# name 7 = c1S/m: Conductivity, 2 [S/m]
# name 8 = sbeox0V: Oxygen raw, SBE 43 [V]
# name 9 = sbeox1V: Oxygen raw, SBE 43, 2 [V]
# name 10 = altM: Altimeter [m]
# name 11 = latitude: Latitude [deg]
# name 12 = longitude: Longitude [deg]
# name 13 = sbox0dV/dT: Oxygen, SBE 43 [dov/dt]
# name 14 = sbox1dV/dT: Oxygen, SBE 43, 2 [dov/dt]
# name 15 = sbeox0ML/L: Oxygen, SBE 43 [ml/l], WS = 5
# name 16 = sbeox1ML/L: Oxygen, SBE 43, 2 [ml/l], WS = 5
# name 17 = potemp090C: Potential Temperature [ITS-90, deg C]
# name 18 = potemp190C: Potential Temperature, 2 [ITS-90, deg C]
# name 19 = sal00: Salinity, Practical [PSU]
# name 20 = sal11: Salinity, Practical, 2 [PSU]
# name 21 = sigma-é00: Density [sigma-theta, kg/m^3]
# name 22 = sigma-é11: Density, 2 [sigma-theta, kg/m^3]
# name 23 = avgsvCM: Average Sound Velocity [Chen-Millero, m/s], minP = 20, minS = 20
# name 24 = sbox0Mm/Kg: Oxygen, SBE 43 [umol/kg], WS = 5
# name 25 = sbox1Mm/Kg: Oxygen, SBE 43, 2 [umol/kg], WS = 5
# name 26 = nbin: number of scans per bin
# name 27 = flag: flag
# span 0 =      14634,      67315       
# span 1 =    609.707,   2804.757       
# span 2 =      3.975,   1863.038       
# span 3 =      4.000,   1883.000       
# span 4 =     4.2610,    29.4071       
# span 5 =     4.2615,    29.4087       
# span 6 =   3.342030,   5.982406       
# span 7 =   3.341986,   5.982705       
# span 8 =     1.5786,     3.3135       
# span 9 =     1.2821,     2.8263       
# span 10 =      11.18,     106.54      
# span 11 =   20.59445,   20.60147      
# span 12 =  -94.29304,  -94.26027      
# span 13 =   -0.03694,    0.01625      
# span 14 =   -0.03597,    0.01507      
# span 15 =     2.4383,     4.8899      
# span 16 =     2.4553,     4.8861      
# span 17 =     4.1019,    29.4011      
# span 18 =     4.1026,    29.4027      
# span 19 =    34.9144,    36.5215      
# span 20 =    34.9139,    36.5231      
# span 21 =    23.0047,    27.7540      
# span 22 =    23.0048,    27.7529      
# span 23 =       0.00,    1548.93      
# span 24 =    106.030,    213.285      
# span 25 =    106.767,    213.116      
# span 26 =         30,         67      
# span 27 = 0.0000e+00, 0.0000e+00      
# interval = decibars: 1                
# start_time = Oct 07 2021 22:53:37 [NMEA time, header]
# bad_flag = -9.990e-29
*END*
[from data line 104]
      20437    851.520    108.302    109.000    19.2140    19.2162   4.895734   4.896161     1.9475     1.6022     100.00   20.60084  -94.28961   -0.01144   -0.01220     2.6780     2.6731    19.1943    19.1964    36.4937    36.4954    26.1131    26.1139    1537.33    116.558    116.343         34 0.0000e+00
      20469    852.853    109.295    110.000    19.1591    19.1587   4.889814   4.889935     1.9307     1.5883     100.00   20.60084  -94.28962   -0.01434   -0.01413     2.6447     2.6432    19.1393    19.1388    36.4919    36.4933    26.1260    26.1272    1537.20    115.105    115.039         31 0.0000e+00
      20500    854.126    110.288    111.000    19.1144    19.1137   4.884755   4.884855     1.9198     1.5795     100.00   20.60084  -94.28962   -0.01279   -0.01084     2.6230     2.6246    19.0941    19.0936    36.4886    36.4898    26.1352    26.1363    1537.07    114.158    114.227         31 0.0000e+00
      20532    855.438    111.281    112.000    19.0252    19.0242   4.874781   4.874849     1.9099     1.5728     100.00   20.60084  -94.28962   -0.00994   -0.00776     2.6071     2.6134    19.0050    19.0041    36.4827    36.4842    26.1537    26.1550    1536.93    113.468    113.738         32 0.0000e+00
      20565    856.838    112.275    113.000    18.9734    18.9727   4.869255   4.869327     1.9077     1.5731      91.67   20.60084  -94.28962   -0.00608   -0.00416     2.6053     2.6171    18.9531    18.9524    36.4814    36.4827    26.1661    26.1672    1536.80    113.386    113.898         36 0.0000e+00
      20600    858.304    113.268    114.000    18.8998    18.8992   4.861167   4.861264     1.9106     1.5781     100.07   20.60084  -94.28962   -0.00154    0.00010     2.6159     2.6332    18.8794    18.8788    36.4778    36.4791    26.1822    26.1834    1536.67    113.847    114.596         33 0.0000e+00
      20658    860.720    115.255    116.000    18.8361    18.8364   4.853470   4.853646     1.9127     1.5807      99.98   20.59712  -94.27260    0.00169    0.00227     2.6248     2.6434    18.8154    18.8157    36.4661    36.4673    26.1891    26.1899    1536.13    114.232    115.042         33 0.0000e+00
      20698    862.367    116.248    117.000    18.8161    18.8160   4.851679   4.851805     1.9096     1.5775     100.00   20.60084  -94.28962   -0.00026   -0.00010     2.6193     2.6370    18.7952    18.7951    36.4704    36.4715    26.1981    26.1990    1536.29    113.990    114.764         37 0.0000e+00
      20758    864.872    118.235    119.000    18.5994    18.5973   4.826922   4.826881     1.9034     1.5722      99.99   20.59829  -94.27793   -0.00270   -0.00295     2.6180     2.6362    18.5783    18.5762    36.4501    36.4516    26.2375    26.2392    1535.84    113.931    114.720         32 0.0000e+00
      20794    866.356    119.228    120.000    18.4910    18.4894   4.814736   4.814866     1.9097     1.5802     100.00   20.60084  -94.28962   -0.00094    0.00063     2.6375     2.6604    18.4699    18.4683    36.4462    36.4475    26.2623    26.2638    1535.91    114.778    115.775         34 0.0000e+00
      20826    867.700    120.221    121.000    18.4031    18.4024   4.804961   4.805064     1.9213     1.5918     100.00   20.60084  -94.28962    0.00433    0.00575     2.6690     2.6946    18.3818    18.3812    36.4381    36.4396    26.2784    26.2797    1535.78    116.146    117.259         31 0.0000e+00
      20857    868.993    121.215    122.000    18.3789    18.3792   4.802200   4.802400     1.9270     1.5966     100.00   20.60084  -94.28962    0.00643    0.00643     2.6835     2.7079    18.3575    18.3577    36.4357    36.4371    26.2826    26.2837    1535.65    116.774    117.837         31 0.0000e+00
      20889    870.343    122.208    123.000    18.3375    18.3375   4.797354   4.797512     1.9291     1.5973     100.00   20.60084  -94.28962    0.00458    0.00408     2.6908     2.7122    18.3160    18.3160    36.4307    36.4321    26.2893    26.2903    1535.53    117.095    118.025         34 0.0000e+00
      20923    871.757    123.201    124.000    18.2903    18.2899   4.791833   4.791925     1.9282     1.5937     100.00   20.60085  -94.28962    0.00166    0.00047     2.6917     2.7062    18.2686    18.2682    36.4251    36.4263    26.2970    26.2979    1535.41    117.131    117.764         33 0.0000e+00
      20955    873.068    124.194    125.000    18.2168    18.2165   4.783274   4.783392     1.9241     1.5905     100.00   20.60086  -94.28962   -0.00070   -0.00178     2.6871     2.7026    18.1950    18.1947    36.4169    36.4182    26.3091    26.3102    1535.28    116.928    117.604         31 0.0000e+00
      20987    874.428    125.188    126.000    18.1490    18.1484   4.775378   4.775469     1.9180     1.5842     100.00   20.60086  -94.28962   -0.00281   -0.00309     2.6785     2.6922    18.1271    18.1265    36.4093    36.4106    26.3202    26.3214    1535.16    116.556    117.149         34 0.0000e+00
      21022    875.884    126.181    127.000    18.0154    18.0151   4.759815   4.760105     1.9100     1.5765     100.00   20.60086  -94.28962   -0.00445   -0.00428     2.6659     2.6786    17.9934    17.9931    36.3944    36.3957    26.3422    26.3433    1535.04    116.004    116.553         34 0.0000e+00
      21054    877.191    127.174    128.000    17.9635    17.9638   4.753631   4.753806     1.9029     1.5693     100.00   20.60086  -94.28962   -0.00525   -0.00525     2.6551     2.6652    17.9414    17.9416    36.3871    36.3885    26.3496    26.3505    1534.91    115.530    115.972         30 0.0000e+00
      21083    878.420    128.167    129.000    17.9467    17.9462   4.751765   4.751852     1.8977     1.5655     100.00   20.60086  -94.28962   -0.00530   -0.00501     2.6446     2.6571    17.9244    17.9239    36.3858    36.3869    26.3527    26.3537    1534.79    115.074    115.621         30 0.0000e+00
      21116    879.803    129.161    130.000    17.9424    17.9427   4.751383   4.751545     1.8937     1.5637     100.00   20.60086  -94.28962   -0.00432   -0.00337     2.6360     2.6532    17.9199    17.9202    36.3859    36.3870    26.3539    26.3547    1534.67    114.702    115.451         36 0.0000e+00
      21152    881.284    130.154    131.000    17.9372    17.9383   4.750888   4.751141     1.8929     1.5637     100.00   20.60086  -94.28962   -0.00257   -0.00134     2.6349     2.6538    17.9146    17.9157    36.3858    36.3871    26.3552    26.3559    1534.55    114.652    115.476         33 0.0000e+00
      21208    883.637    132.140    133.000    17.8360    17.8278   4.738318   4.737567     1.8907     1.5606      99.98   20.59578  -94.26638   -0.00037   -0.00054     2.6357     2.6523    17.8119    17.8049    36.3660    36.3655    26.3648    26.3661    1533.95    114.686    115.409         34 0.0000e+00
      21249    885.333    133.134    134.000    17.7701    17.7696   4.731278   4.731347     1.8867     1.5573      65.98   20.60086  -94.28962   -0.00142   -0.00161     2.6313     2.6480    17.7472    17.7466    36.3649    36.3660    26.3806    26.3815    1534.20    114.494    115.220         36 0.0000e+00
      21305    887.681    135.120    136.000    17.6612    17.6600   4.717745   4.717724     1.8790     1.5493      99.98   20.59635  -94.26900   -0.00289   -0.00294     2.6203     2.6345    17.6380    17.6367    36.3421    36.3431    26.3893    26.3904    1533.64    114.014    114.631         31 0.0000e+00
      21346    889.366    136.113    137.000    17.5376    17.5346   4.703768   4.703560     1.8739     1.5448     100.00   20.60086  -94.28962   -0.00310   -0.00303     2.6164     2.6308    17.5143    17.5113    36.3339    36.3348    26.4139    26.4154    1533.86    113.842    114.466         40 0.0000e+00
      21431    892.931    139.093    140.000    17.2266    17.2258   4.666570   4.666638     1.8634     1.5371      99.97   20.59445  -94.26027   -0.00261   -0.00193     2.6111     2.6297    17.2031    17.2023    36.2861    36.2876    26.4525    26.4538    1533.04    113.606    114.416         35 0.0000e+00
      21476    894.807    140.086    141.000    17.1691    17.1687   4.660289   4.660381     1.8629     1.5376     100.00   20.60086  -94.28962   -0.00186   -0.00083     2.6135     2.6338    17.1454    17.1451    36.2847    36.2858    26.4658    26.4667    1533.40    113.711    114.594         40 0.0000e+00
      21565    898.503    143.065    144.000    17.0017    17.0025   4.640275   4.640494     1.8565     1.5314      98.11   20.59757  -94.27457   -0.00156   -0.00150     2.6095     2.6281    16.9777    16.9785    36.2573    36.2585    26.4846    26.4854    1532.80    113.532    114.344         34 0.0000e+00
      21604    900.118    144.059    145.000    16.9767    16.9770   4.637739   4.637868     1.8533     1.5277     100.04   20.60086  -94.28962   -0.00220   -0.00239     2.6036     2.6206    16.9526    16.9529    36.2589    36.2598    26.4923    26.4930    1532.93    113.277    114.017         35 0.0000e+00
      21637    901.483    145.052    146.000    16.9035    16.9028   4.629075   4.629116     1.8503     1.5236     100.00   20.60086  -94.28962   -0.00236   -0.00273     2.6013     2.6146    16.8793    16.8786    36.2485    36.2494    26.5018    26.5028    1532.82    113.175    113.753         32 0.0000e+00
      21668    902.788    146.045    147.000    16.8246    16.8244   4.619986   4.620049     1.8479     1.5228      91.89   20.60086  -94.28962   -0.00222   -0.00237     2.6005     2.6170    16.8003    16.8001    36.2394    36.2401    26.5137    26.5143    1532.70    113.140    113.859         32 0.0000e+00
      21700    904.127    147.038    148.000    16.7947    16.7946   4.616527   4.616621     1.8480     1.5247      78.97   20.60086  -94.28962   -0.00152   -0.00085     2.6027     2.6238    16.7703    16.7702    36.2355    36.2364    26.5179    26.5186    1532.59    113.234    114.151         31 0.0000e+00
      21731    905.399    148.031    149.000    16.7712    16.7719   4.613861   4.614043     1.8487     1.5251      99.72   20.60086  -94.28962   -0.00036    0.00061     2.6061     2.6264    16.7467    16.7474    36.2328    36.2338    26.5214    26.5220    1532.48    113.379    114.263         31 0.0000e+00
      21764    906.796    149.024    150.000    16.7061    16.7046   4.606187   4.606107     1.8485     1.5247     100.00   20.60086  -94.28962    0.00035    0.00056     2.6097     2.6294    16.6815    16.6800    36.2236    36.2243    26.5298    26.5307    1532.37    113.538    114.392         36 0.0000e+00
      21800    908.308    150.017    151.000    16.6474    16.6482   4.599416   4.599594     1.8464     1.5221     100.00   20.60086  -94.28962   -0.00037   -0.00064     2.6083     2.6262    16.6227    16.6235    36.2165    36.2174    26.5383    26.5387    1532.26    113.477    114.252         34 0.0000e+00
      21831    909.590    151.011    152.000    16.6093    16.6095   4.594799   4.594938     1.8443     1.5207     100.00   20.60086  -94.28962   -0.00124   -0.00130     2.6061     2.6252    16.5844    16.5846    36.2098    36.2109    26.5422    26.5429    1532.15    113.378    114.208         30 0.0000e+00
      21862    910.855    152.004    153.000    16.5677    16.5682   4.589991   4.590140     1.8430     1.5189     100.00   20.60086  -94.28962   -0.00144   -0.00131     2.6058     2.6233    16.5427    16.5432    36.2046    36.2054    26.5480    26.5485    1532.04    113.364    114.127         31 0.0000e+00
      21893    912.178    152.997    154.000    16.5454    16.5457   4.587393   4.587494     1.8414     1.5174     100.00   20.60086  -94.28962   -0.00128   -0.00130     2.6037     2.6211    16.5203    16.5206    36.2014    36.2020    26.5508    26.5512    1531.93    113.274    114.029         32 0.0000e+00
      21926    913.529    153.990    155.000    16.5127    16.5130   4.583546   4.583663     1.8407     1.5180     100.00   20.60086  -94.28962   -0.00097   -0.00081     2.6042     2.6246    16.4874    16.4877    36.1966    36.1973    26.5549    26.5554    1531.82    113.295    114.181         33 0.0000e+00
      21960    914.943    154.983    156.000    16.4604    16.4610   4.577341   4.577507     1.8392     1.5172     100.00   20.60086  -94.28962   -0.00081   -0.00019     2.6041     2.6257    16.4350    16.4356    36.1885    36.1895    26.5610    26.5616    1531.71    113.291    114.229         34 0.0000e+00
      21992    916.292    155.976    157.000    16.4080    16.4116   4.571170   4.571526     1.8384     1.5165     100.00   20.60086  -94.28962   -0.00081   -0.00036     2.6055     2.6272    16.3826    16.3861    36.1809    36.1821    26.5674    26.5675    1531.60    113.351    114.294         31 0.0000e+00
      22022    917.558    156.969    158.000    16.3590    16.3592   4.565394   4.565471     1.8369     1.5150     100.00   20.60086  -94.28962   -0.00085   -0.00065     2.6053     2.6263    16.3334    16.3336    36.1737    36.1742    26.5734    26.5738    1531.50    113.341    114.256         31 0.0000e+00
      22055    918.932    157.962    159.000    16.3190    16.3195   4.560731   4.560837     1.8352     1.5120     100.00   20.60086  -94.28962   -0.00102   -0.00122     2.6038     2.6213    16.2932    16.2938    36.1682    36.1686    26.5785    26.5788    1531.39    113.274    114.038         34 0.0000e+00
      22089    920.334    158.955    160.000    16.3064    16.3068   4.559266   4.559363     1.8329     1.5102     100.00   20.60086  -94.28962   -0.00137   -0.00174     2.5996     2.6176    16.2805    16.2809    36.1661    36.1667    26.5799    26.5803    1531.29    113.090    113.875         32 0.0000e+00
      22121    921.661    159.948    161.000    16.2610    16.2615   4.553978   4.554099     1.8307     1.5083      88.21   20.60086  -94.28962   -0.00151   -0.00155     2.5974     2.6156    16.2350    16.2356    36.1599    36.1605    26.5858    26.5861    1531.18    112.995    113.789         33 0.0000e+00
      22154    923.051    160.942    162.000    16.2260    16.2262   4.549888   4.549952     1.8285     1.5065     100.08   20.60086  -94.28962   -0.00167   -0.00139     2.5944     2.6134    16.1999    16.2001    36.1549    36.1553    26.5901    26.5904    1531.08    112.866    113.690         33 0.0000e+00
      22186    924.393    161.935    163.000    16.1558    16.1496   4.541209   4.540464     1.8261     1.5048     100.00   20.60086  -94.28962   -0.00167   -0.00130     2.5940     2.6136    16.1296    16.1235    36.1424    36.1426    26.5968    26.5984    1530.98    112.848    113.700         31 0.0000e+00
      22217    925.648    162.928    164.000    16.0679    16.0684   4.531268   4.531415     1.8231     1.5003     100.00   20.60086  -94.28962   -0.00181   -0.00183     2.5915     2.6068    16.0417    16.0422    36.1317    36.1325    26.6089    26.6095    1530.87    112.737    113.404         30 0.0000e+00
      22247    926.935    163.921    165.000    16.0027    16.0030   4.523479   4.523605     1.8203     1.4977     100.00   20.60086  -94.28962   -0.00216   -0.00247     2.5890     2.6039    15.9764    15.9767    36.1209    36.1218    26.6157    26.6164    1530.77    112.629    113.275         33 0.0000e+00
      22282    928.363    164.914    166.000    15.9528    15.9537   4.517621   4.517809     1.8168     1.4951     100.00   20.60086  -94.28962   -0.00234   -0.00232     2.5839     2.6004    15.9264    15.9272    36.1135    36.1144    26.6215    26.6220    1530.66    112.407    113.123         35 0.0000e+00
      22315    929.771    165.907    167.000    15.9142    15.9140   4.513046   4.513083     1.8139     1.4921     100.00   20.60086  -94.28961   -0.00227   -0.00191     2.5797     2.5951    15.8877    15.8875    36.1073    36.1078    26.6256    26.6261    1530.56    112.221    112.889         31 0.0000e+00
