Gulf of Mexico/GOMECC-4/1db/drb2103_1091.cnv
* Sea-Bird SBE 9 Data File:
* FileName = C:\Users\scs.user.rb\CTD\GOMECC4\data\rb2103_1091.hex
* Software Version Seasave V 7.26.7.107
* Temperature SN = 4799
* Conductivity SN = 3860
* Number of Bytes Per Scan = 41
* Number of Voltage Words = 4
* Number of Scans Averaged by the Deck Unit = 1
* NMEA Latitude = 22 44.06 N
* NMEA Longitude = 086 29.42 W
* NMEA UTC (Time) = Oct 15 2021  01:38:41
* NMEA baud rate = 4800
# nquan = 28
# nvalues = 288                         
# units = specified
# name 0 = scan: Scan Count
# name 1 = timeS: Time, Elapsed [seconds]
# name 2 = depSM: Depth [salt water, m]
# name 3 = prDM: Pressure, Digiquartz [db]
# name 4 = t090C: Temperature [ITS-90, deg C]
# name 5 = t190C: Temperature, 2 [ITS-90, deg C]
# name 6 = c0S/m: Conductivity [S/m]
# name 7 = c1S/m: Conductivity, 2 [S/m]
# name 8 = sbeox0V: Oxygen raw, SBE 43 [V]
# name 9 = sbeox1V: Oxygen raw, SBE 43, 2 [V]
# name 10 = altM: Altimeter [m]
# name 11 = latitude: Latitude [deg]
# name 12 = longitude: Longitude [deg]
# name 13 = sbox0dV/dT: Oxygen, SBE 43 [dov/dt]
# name 14 = sbox1dV/dT: Oxygen, SBE 43, 2 [dov/dt]
# name 15 = sbeox0ML/L: Oxygen, SBE 43 [ml/l], WS = 5
# name 16 = sbeox1ML/L: Oxygen, SBE 43, 2 [ml/l], WS = 5
# name 17 = potemp090C: Potential Temperature [ITS-90, deg C]
# name 18 = potemp190C: Potential Temperature, 2 [ITS-90, deg C]
# name 19 = sal00: Salinity, Practical [PSU]
# name 20 = sal11: Salinity, Practical, 2 [PSU]
# name 21 = sigma-é00: Density [sigma-theta, kg/m^3]
# name 22 = sigma-é11: Density, 2 [sigma-theta, kg/m^3]
# name 23 = avgsvCM: Average Sound Velocity [Chen-Millero, m/s], minP = 20, minS = 20
# name 24 = sbox0Mm/Kg: Oxygen, SBE 43 [umol/kg], WS = 5
# name 25 = sbox1Mm/Kg: Oxygen, SBE 43, 2 [umol/kg], WS = 5
# name 26 = nbin: number of scans per bin
# name 27 = flag: flag
# span 0 =      12874,      36138       
# span 1 =    536.396,   1505.699       
# span 2 =      2.981,    651.842       
# span 3 =      3.000,    657.000       
# span 4 =     7.7837,    30.0355       
# span 5 =     7.7844,    30.0376       
# span 6 =   3.625643,   6.026292       
# span 7 =   3.625698,   6.026716       
# span 8 =     1.6381,     3.1868       
# span 9 =     1.3369,     2.6973       
# span 10 =      11.02,     102.03      
# span 11 =   22.73195,   22.75133      
# span 12 =  -86.52101,  -86.46672      
# span 13 =   -0.01931,    0.00330      
# span 14 =   -0.01766,    0.00311      
# span 15 =     2.6951,     4.4316      
# span 16 =     2.7110,     4.4097      
# span 17 =     7.7165,    30.0341      
# span 18 =     7.7172,    30.0361      
# span 19 =    34.9489,    36.9975      
# span 20 =    34.9485,    36.9985      
# span 21 =    22.6627,    27.2840      
# span 22 =    22.6631,    27.2837      
# span 23 =       0.00,    1552.29      
# span 24 =    117.179,    193.484      
# span 25 =    117.873,    192.536      
# span 26 =         30,         67      
# span 27 = 0.0000e+00, 0.0000e+00      
# interval = decibars: 1                
# start_time = Oct 15 2021 01:38:41 [NMEA time, header]
# bad_flag = -9.990e-29
*END*
[from data line 259]
      31388   1307.775    582.489    587.000     8.5958     8.6003   3.705073   3.705465     1.6408     1.3395      80.17   22.74362  -86.49629    0.00073    0.00051     2.7350     2.7549     8.5333     8.5368    35.0209    35.0208    27.2086    27.2080    1520.15    118.909    119.775         30 0.0000e+00
      31418   1309.031    583.480    588.000     8.5410     8.5426   3.699393   3.699541     1.6413     1.3405      79.06   22.74357  -86.49605    0.00077    0.00069     2.7415     2.7625     8.4776     8.4792    35.0148    35.0148    27.2125    27.2122    1520.10    119.192    120.105         30 0.0000e+00
      31528   1313.638    587.443    592.000     8.4806     8.4820   3.693391   3.693513     1.6447     1.3431      75.15   22.74346  -86.49553    0.00065    0.00049     2.7572     2.7768     8.4171     8.4185    35.0091    35.0090    27.2174    27.2171    1519.92    119.875    120.725         32 0.0000e+00
      31561   1314.986    588.434    593.000     8.4686     8.4698   3.692190   3.692272     1.6451     1.3433      74.08   22.74361  -86.49607    0.00046    0.00025     2.7599     2.7784     8.4050     8.4062    35.0078    35.0075    27.2183    27.2178    1519.88    119.990    120.797         31 0.0000e+00
      31669   1319.515    592.398    597.000     8.4144     8.4160   3.686611   3.686799     1.6456     1.3431      70.12   22.74354  -86.49572    0.00013   -0.00003     2.7668     2.7833     8.3506     8.3522    35.0021    35.0018    27.2222    27.2217    1519.70    120.288    121.006         36 0.0000e+00
      31813   1325.497    597.352    602.000     8.3061     8.3051   3.675959   3.675788     1.6449     1.3431      65.15   22.74435  -86.49865   -0.00004   -0.00001     2.7740     2.7930     8.2423     8.2412    34.9925    34.9917    27.2313    27.2308    1519.53    120.604    121.428         31 0.0000e+00
      31955   1331.398    602.306    607.000     8.1815     8.1850   3.663116   3.663440     1.6443     1.3421      60.17   22.74376  -86.49629   -0.00019   -0.00022     2.7833     2.8000     8.1176     8.1211    34.9769    34.9769    27.2380    27.2375    1519.27    121.007    121.731         32 0.0000e+00
      31986   1332.718    603.297    608.000     8.1412     8.1634   3.659032   3.660827     1.6438     1.3419      59.28   22.74374  -86.49614   -0.00020   -0.00039     2.7850     2.8019     8.0775     8.0995    34.9729    34.9743    27.2410    27.2387    1519.22    121.079    121.813         30 0.0000e+00
      32067   1336.074    606.269    611.000     8.0865     8.0914   3.653580   3.654047     1.6434     1.3420      56.19   22.74360  -86.49553   -0.00013    0.00001     2.7892     2.8079     8.0226     8.0275    34.9677    34.9678    27.2451    27.2444    1519.08    121.264    122.075         31 0.0000e+00
      32099   1337.411    607.260    612.000     8.0667     8.0644   3.651590   3.651323     1.6431     1.3419      55.18   22.74376  -86.49616   -0.00014    0.00007     2.7899     2.8101     8.0028     8.0005    34.9657    34.9651    27.2465    27.2464    1519.04    121.293    122.171         31 0.0000e+00
      32240   1343.283    612.214    617.000     8.0475     8.0480   3.649898   3.649910     1.6443     1.3424      50.32   22.74330  -86.49428    0.00020    0.00004     2.7969     2.8147     7.9832     7.9837    34.9641    34.9638    27.2482    27.2479    1518.80    121.595    122.370         32 0.0000e+00
      32272   1344.645    613.205    618.000     8.0451     8.0460   3.649743   3.649836     1.6440     1.3422      49.37   22.74382  -86.49620   -0.00007    0.00015     2.7966     2.8143     7.9807     7.9816    34.9648    34.9646    27.2492    27.2488    1518.78    121.584    122.353         32 0.0000e+00
      32353   1347.984    616.177    621.000     8.0371     8.0379   3.649079   3.649117     1.6441     1.3424      46.54   22.74322  -86.49386   -0.00001   -0.00002     2.7986     2.8169     7.9724     7.9732    34.9638    34.9635    27.2496    27.2492    1518.62    121.669    122.464         30 0.0000e+00
      32386   1349.391    617.168    622.000     8.0361     8.0359   3.649017   3.648865     1.6441     1.3429      45.45   22.74384  -86.49624    0.00009    0.00015     2.7990     2.8190     7.9713     7.9711    34.9648    34.9645    27.2506    27.2503    1518.62    121.686    122.556         35 0.0000e+00
      32498   1354.062    621.131    626.000     7.9889     7.9921   3.644560   3.644794     1.6442     1.3430      41.61   22.74315  -86.49357    0.00004    0.00005     2.8041     2.8238     7.9239     7.9290    34.9611    34.9606    27.2547    27.2539    1518.40    121.908    122.766         34 0.0000e+00
      32532   1355.464    622.122    627.000     7.9502     7.9538   3.640869   3.641168     1.6444     1.3431      40.73   22.74388  -86.49628    0.00018    0.00015     2.8078     2.8273     7.8853     7.8888    34.9597    34.9593    27.2594    27.2586    1518.41    122.069    122.918         30 0.0000e+00
      32616   1358.949    625.094    630.000     7.8865     7.8820   3.634581   3.634385     1.6462     1.3445      37.89   22.74306  -86.49305    0.00049    0.00031     2.8192     2.8383     7.8215     7.8171    34.9541    34.9536    27.2645    27.2647    1518.22    122.566    123.394         33 0.0000e+00
      32649   1360.325    626.085    631.000     7.8848     7.8818   3.634568   3.634229     1.6472     1.3458      36.98   22.74392  -86.49628    0.00071    0.00072     2.8227     2.8430     7.8197     7.8168    34.9554    34.9547    27.2658    27.2657    1518.24    122.716    123.598         30 0.0000e+00
      32731   1363.735    629.057    634.000     7.8675     7.8701   3.632900   3.633095     1.6491     1.3478      34.24   22.74300  -86.49268    0.00063    0.00068     2.8311     2.8517     7.8022     7.8048    34.9532    34.9527    27.2666    27.2658    1518.05    123.081    123.975         31 0.0000e+00
      32763   1365.093    630.047    635.000     7.8560     7.8587   3.631887   3.632123     1.6492     1.3479      33.27   22.74396  -86.49630    0.00028    0.00031     2.8323     2.8531     7.7907     7.7933    34.9534    34.9533    27.2685    27.2680    1518.07    123.135    124.039         31 0.0000e+00
      32850   1368.706    633.019    638.000     7.8405     7.8414   3.630476   3.630537     1.6494     1.3479      30.70   22.74396  -86.49613   -0.00000   -0.00001     2.8352     2.8554     7.7748     7.7758    34.9524    34.9521    27.2700    27.2697    1517.95    123.257    124.136         31 0.0000e+00
      32881   1370.008    634.010    639.000     7.8388     7.8391   3.630367   3.630360     1.6496     1.3480      29.64   22.74400  -86.49630    0.00005    0.00000     2.8365     2.8562     7.7731     7.7734    34.9524    34.9520    27.2703    27.2700    1517.91    123.315    124.171         31 0.0000e+00
      32996   1374.789    637.973    643.000     7.8184     7.8201   3.628590   3.628727     1.6499     1.3480      26.11   22.74436  -86.49748    0.00006 2.2103e-10     2.8404     2.8592     7.7524     7.7540    34.9517    34.9516    27.2729    27.2725    1517.77    123.483    124.302         36 0.0000e+00
      33112   1379.627    641.935    647.000     7.7959     7.7964   3.626416   3.626437     1.6506     1.3488      22.73   22.74377  -86.49516    0.00015    0.00026     2.8457     2.8650     7.7295     7.7300    34.9489    34.9486    27.2740    27.2737    1517.56    123.713    124.554         36 0.0000e+00
      33224   1384.302    645.898    651.000     7.7897     7.7913   3.626007   3.626138     1.6508     1.3485      19.19   22.74360  -86.49440    0.00007   -0.00016     2.8482     2.8658     7.7229     7.7246    34.9490    34.9485    27.2751    27.2744    1517.39    123.823    124.590         31 0.0000e+00
      33258   1385.727    646.888    652.000     7.7849     7.7856   3.625643   3.625698     1.6506     1.3488      18.21   22.74412  -86.49634   -0.00001   -0.00002     2.8483     2.8675     7.7181     7.7188    34.9492    34.9491    27.2759    27.2757    1517.39    123.829    124.664         36 0.0000e+00
      33356   1389.807    649.860    655.000     7.7837     7.7844   3.625673   3.625711     1.6509     1.3488      15.51   22.74407  -86.49603    0.00008   -0.00002     2.8502     2.8690     7.7165     7.7172    34.9493    34.9490    27.2763    27.2759    1517.27    123.911    124.727         40 0.0000e+00
      33468   1394.456    650.851    656.000     7.7840     7.7845   3.625769   3.625802     1.6509     1.3481      14.56   22.74419  -86.49639   -0.00001   -0.00008     2.8508     2.8670     7.7167     7.7172    34.9496    34.9495    27.2764    27.2762    1517.23    123.934    124.640         48 0.0000e+00
      36138   1505.699    651.842    657.000     7.7901     7.7905   3.627244   3.627195     1.6511     1.3483      11.02   22.75133  -86.52101    0.00002    0.00000     2.8508     2.8673     7.7227     7.7231    34.9600    34.9596    27.2840    27.2837    1517.50    123.936    124.653         41 0.0000e+00
