Gulf of Mexico/GOMECC-4/1db/drb2103_0121.cnv
* Sea-Bird SBE 9 Data File:
* FileName = C:\Users\scs.user.rb\CTD\GOMECC4\data\rb2103_0122.hex
* Software Version Seasave V 7.26.7.107
* Temperature SN = 4799
* Conductivity SN = 3860
* Number of Bytes Per Scan = 41
* Number of Voltage Words = 4
* Number of Scans Averaged by the Deck Unit = 1
* NMEA Latitude = 26 39.93 N
* NMEA Longitude = 085 00.17 W
* NMEA UTC (Time) = Sep 18 2021  13:28:43
* NMEA baud rate = 4800
# nquan = 28
# nvalues = 379                         
# units = specified
# name 0 = scan: Scan Count
# name 1 = timeS: Time, Elapsed [seconds]
# name 2 = depSM: Depth [salt water, m]
# name 3 = prDM: Pressure, Digiquartz [db]
# name 4 = t090C: Temperature [ITS-90, deg C]
# name 5 = t190C: Temperature, 2 [ITS-90, deg C]
# name 6 = c0S/m: Conductivity [S/m]
# name 7 = c1S/m: Conductivity, 2 [S/m]
# name 8 = sbeox0V: Oxygen raw, SBE 43 [V]
# name 9 = sbeox1V: Oxygen raw, SBE 43, 2 [V]
# name 10 = altM: Altimeter [m]
# name 11 = latitude: Latitude [deg]
# name 12 = longitude: Longitude [deg]
# name 13 = sbox0dV/dT: Oxygen, SBE 43 [dov/dt]
# name 14 = sbox1dV/dT: Oxygen, SBE 43, 2 [dov/dt]
# name 15 = sbeox0ML/L: Oxygen, SBE 43 [ml/l], WS = 5
# name 16 = sbeox1ML/L: Oxygen, SBE 43, 2 [ml/l], WS = 5
# name 17 = potemp090C: Potential Temperature [ITS-90, deg C]
# name 18 = potemp190C: Potential Temperature, 2 [ITS-90, deg C]
# name 19 = sal00: Salinity, Practical [PSU]
# name 20 = sal11: Salinity, Practical, 2 [PSU]
# name 21 = sigma-é00: Density [sigma-theta, kg/m^3]
# name 22 = sigma-é11: Density, 2 [sigma-theta, kg/m^3]
# name 23 = avgsvCM: Average Sound Velocity [Chen-Millero, m/s], minP = 20, minS = 20
# name 24 = sbox0Mm/Kg: Oxygen, SBE 43 [umol/kg], WS = 5
# name 25 = sbox1Mm/Kg: Oxygen, SBE 43, 2 [umol/kg], WS = 5
# name 26 = nbin: number of scans per bin
# name 27 = flag: flag
# span 0 =       5059,     101561       
# span 1 =    210.765,   4231.666       
# span 2 =      3.974,   3276.439       
# span 3 =      4.000,   3324.000       
# span 4 =     4.3024,    30.4335       
# span 5 =     4.3032,    30.4349       
# span 6 =   3.349275,   5.995744       
# span 7 =   3.349245,   5.995962       
# span 8 =     1.6203,     3.1448       
# span 9 =     1.3286,     2.6778       
# span 10 =      10.29,     106.59      
# span 11 =   26.57926,   26.66546      
# span 12 =  -85.00765,  -84.72906      
# span 13 =   -0.02639,    0.10622      
# span 14 =   -0.02147,    0.07387      
# span 15 =     2.6209,     4.6987      
# span 16 =     2.6657,     4.7392      
# span 17 =     4.0795,    30.4325      
# span 18 =     4.0808,    30.4326      
# span 19 =    34.2620,    36.7058      
# span 20 =    34.3912,    36.7055      
# span 21 =    21.2240,    27.7600      
# span 22 =    21.3624,    27.7584      
# span 23 =       0.00,    1544.32      
# span 24 =    113.956,    204.177      
# span 25 =    115.903,    205.939      
# span 26 =         30,         79      
# span 27 = 0.0000e+00, 0.0000e+00      
# interval = decibars: 1                
# start_time = Sep 18 2021 13:28:43 [NMEA time, header]
# bad_flag = -9.990e-29
*END*
[from data line 208]
      37418   1559.045    949.533    958.000     5.4193     5.4202   3.419659   3.419637     1.7983     1.4964     100.00   26.66443  -85.00484    0.00072    0.00057     3.6595     3.7185     5.3361     5.3370    34.9233    34.9222    27.5746    27.5737    1500.39    159.047    161.611         30 0.0000e+00
      37543   1564.267    954.478    963.000     5.3936     5.3946   3.417650   3.417633     1.8022     1.5001     100.00   26.66471  -85.00579    0.00066    0.00057     3.6779     3.7371     5.3101     5.3111    34.9245    34.9233    27.5787    27.5777    1500.34    159.845    162.421         31 0.0000e+00
      39180   1632.441   1017.756   1027.000     5.2021     5.2027   3.403651   3.403622     1.8289     1.5254     100.00   26.66477  -85.00618    0.00044    0.00042     3.8201     3.8826     5.1140     5.1147    34.9313    34.9303    27.6075    27.6066    1499.58    166.023    168.740         31 0.0000e+00
      39660   1652.468   1036.538   1046.000     5.0804     5.0813   3.393755   3.393733     1.8481     1.5436      99.02   26.66384  -85.00332    0.00134    0.00128     3.9090     3.9736     4.9916     4.9924    34.9346    34.9335    27.6244    27.6234    1499.32    169.884    172.691         31 0.0000e+00
      39814   1658.886   1042.469   1052.000     5.0458     5.0467   3.391075   3.391055     1.8520     1.5469     100.00   26.66454  -85.00557    0.00054    0.00040     3.9293     3.9928     4.9566     4.9575    34.9369    34.9357    27.6303    27.6293    1499.30    170.763    173.523         31 0.0000e+00
      40758   1698.227   1079.038   1089.000     4.8783     4.8790   3.378095   3.378071     1.8853     1.5778     100.00   26.66428  -85.00489    0.00026    0.00010     4.0836     4.1478     4.7871     4.7878    34.9433    34.9423    27.6549    27.6540    1498.91    177.467    180.256         30 0.0000e+00
      40883   1703.425   1083.980   1094.000     4.8484     4.8490   3.375658   3.375625     1.8872     1.5803     100.00   26.66381  -85.00338    0.00044    0.00057     4.0962     4.1633     4.7570     4.7576    34.9438    34.9427    27.6587    27.6578    1498.83    178.013    180.929         31 0.0000e+00
      41039   1709.900   1089.909   1100.000     4.8342     4.8348   3.374712   3.374683     1.8919     1.5848     100.00   26.66405  -85.00417    0.00070    0.00063     4.1177     4.1854     4.7424     4.7430    34.9446    34.9437    27.6611    27.6602    1498.79    178.946    181.890         31 0.0000e+00
      42004   1750.131   1127.458   1138.000     4.7342     4.7347   3.367647   3.367617     1.9073     1.5987      96.95   26.66405  -85.00434    0.00017    0.00021     4.2042     4.2712     4.6397     4.6402    34.9485    34.9476    27.6758    27.6750    1498.43    182.703    185.614         30 0.0000e+00
      42036   1751.443   1128.447   1139.000     4.7332     4.7339   3.367636   3.367611     1.9077     1.5988      97.36   26.66428  -85.00506    0.00022    0.00025     4.2062     4.2722     4.6386     4.6393    34.9489    34.9479    27.6762    27.6753    1498.44    182.789    185.659         30 0.0000e+00
      42131   1755.409   1132.399   1143.000     4.7291     4.7294   3.367368   3.367306     1.9081     1.5992     100.00   26.66353  -85.00267    0.00012    0.00011     4.2103     4.2764     4.6342     4.6345    34.9483    34.9475    27.6762    27.6755    1498.36    182.969    185.839         31 0.0000e+00
      42164   1756.803   1133.387   1144.000     4.7266     4.7272   3.367281   3.367247     1.9083     1.5991     100.00   26.66428  -85.00506    0.00004    0.00014     4.2117     4.2768     4.6316     4.6323    34.9492    34.9482    27.6772    27.6763    1498.39    183.028    185.860         31 0.0000e+00
      42288   1761.965   1138.327   1149.000     4.7016     4.7022   3.365369   3.365330     1.9088     1.5999     100.00   26.66469  -85.00638    0.00004    0.00019     4.2193     4.2857     4.6064     4.6070    34.9507    34.9496    27.6812    27.6803    1498.37    183.356    186.242         30 0.0000e+00
      42622   1775.893   1151.171   1162.000     4.6747     4.6754   3.363612   3.363580     1.9154     1.6066     100.00   26.66486  -85.00694    0.00017    0.00024     4.2528     4.3217     4.5786     4.5792    34.9517    34.9506    27.6852    27.6843    1498.27    184.814    187.809         34 0.0000e+00
      42744   1780.977   1156.110   1167.000     4.6598     4.6604   3.362470   3.362421     1.9173     1.6081     100.00   26.66424  -85.00499    0.00043    0.00033     4.2643     4.3322     4.5633     4.5639    34.9518    34.9507    27.6870    27.6860    1498.19    185.311    188.266         32 0.0000e+00
      43131   1797.096   1170.929   1182.000     4.6229     4.6235   3.359983   3.359944     1.9238     1.6132     100.00   26.66477  -85.00667    0.00055    0.00038     4.3004     4.3650     4.5254     4.5260    34.9541    34.9531    27.6930    27.6921    1498.10    186.880    189.687         30 0.0000e+00
      43256   1802.301   1175.868   1187.000     4.6159     4.6163   3.359578   3.359533     1.9260     1.6156     100.00   26.66472  -85.00651    0.00042    0.00043     4.3116     4.3777     4.5180     4.5184    34.9543    34.9533    27.6940    27.6932    1498.06    187.366    190.239         36 0.0000e+00
      43409   1808.673   1181.795   1193.000     4.6116     4.6121   3.359436   3.359386     1.9268     1.6165     100.00   26.66436  -85.00540    0.00003    0.00022     4.3186     4.3854     4.5132     4.5137    34.9541    34.9530    27.6943    27.6934    1497.99    187.672    190.574         31 0.0000e+00
      43531   1813.736   1186.733   1198.000     4.6091     4.6096   3.359365   3.359322     1.9264     1.6163     100.00   26.66374  -85.00347   -0.00011    0.00001     4.3203     4.3878     4.5102     4.5107    34.9534    34.9524    27.6941    27.6933    1497.92    187.747    190.680         30 0.0000e+00
      43563   1815.096   1187.721   1199.000     4.6082     4.6087   3.359392   3.359344     1.9267     1.6161     100.00   26.66426  -85.00512   -0.00006   -0.00010     4.3218     4.3877     4.5093     4.5098    34.9542    34.9531    27.6949    27.6939    1497.94    187.809    190.676         32 0.0000e+00
      43685   1820.170   1192.660   1204.000     4.6069     4.6073   3.359421   3.359376     1.9268     1.6157     100.00   26.66369  -85.00333    0.00007   -0.00013     4.3253     4.3891     4.5075     4.5079    34.9534    34.9524    27.6944    27.6936    1497.87    187.964    190.734         33 0.0000e+00
      43718   1821.554   1193.648   1205.000     4.6068     4.6072   3.359525   3.359469     1.9269     1.6156     100.00   26.66424  -85.00514   -0.00001   -0.00022     4.3261     4.3892     4.5073     4.5077    34.9542    34.9532    27.6951    27.6942    1497.89    187.998    190.738         30 0.0000e+00
      43842   1826.716   1198.586   1210.000     4.6009     4.6014   3.359278   3.359225     1.9268     1.6157     100.00   26.66466  -85.00648    0.00003   -0.00007     4.3294     4.3930     4.5010     4.5015    34.9550    34.9539    27.6965    27.6955    1497.88    188.142    190.903         32 0.0000e+00
      43996   1833.133   1204.513   1216.000     4.5862     4.5867   3.358250   3.358207     1.9277     1.6166     100.00   26.66466  -85.00647    0.00012    0.00024     4.3378     4.4020     4.4859     4.4864    34.9556    34.9545    27.6985    27.6976    1497.83    188.505    191.293         30 0.0000e+00
      44221   1842.481   1213.402   1225.000     4.5840     4.5845   3.358345   3.358299     1.9290     1.6178      61.44   26.66365  -85.00331   -0.00001   -0.00004     4.3477     4.4122     4.4829     4.4835    34.9544    34.9534    27.6980    27.6970    1497.72    188.933    191.738         30 0.0000e+00
      44253   1843.817   1214.389   1226.000     4.5839     4.5844   3.358438   3.358399     1.9290     1.6176     100.75   26.66422  -85.00516    0.00003   -0.00005     4.3485     4.4118     4.4827     4.4832    34.9552    34.9542    27.6986    27.6977    1497.74    188.970    191.720         31 0.0000e+00
      44380   1849.128   1219.328   1231.000     4.5747     4.5752   3.357920   3.357885     1.9288     1.6170     100.00   26.66489  -85.00723 -6.092e-07    0.00004     4.3514     4.4135     4.4732     4.4737    34.9563    34.9554    27.7006    27.6998    1497.75    189.094    191.796         33 0.0000e+00
      44504   1854.287   1224.266   1236.000     4.5731     4.5736   3.357943   3.357907     1.9291     1.6179     100.00   26.66447  -85.00590    0.00010    0.00016     4.3556     4.4200     4.4711     4.4716    34.9558    34.9549    27.7004    27.6996    1497.68    189.279    192.075         30 0.0000e+00
      45218   1884.052   1251.917   1264.000     4.5267     4.5273   3.355166   3.355129     1.9354     1.6236     100.00   26.66466  -85.00660    0.00012    0.00004     4.4000     4.4643     4.4226     4.4232    34.9582    34.9572    27.7076    27.7067    1497.51    191.206    194.001         30 0.0000e+00
      45697   1903.986   1270.678   1283.000     4.5163     4.5169   3.354981   3.354938     1.9351     1.6230     100.00   26.66371  -85.00366   -0.00004    0.00003     4.4110     4.4739     4.4105     4.4112    34.9576    34.9564    27.7084    27.7074    1497.35    191.685    194.420         30 0.0000e+00
      46211   1925.409   1290.424   1303.000     4.4767     4.4771   3.352477   3.352425     1.9393     1.6277     100.00   26.66437  -85.00584    0.00041    0.00046     4.4426     4.5091     4.3695     4.3699    34.9601    34.9590    27.7149    27.7140    1497.27    193.057    195.945         30 0.0000e+00
      46338   1930.692   1295.361   1308.000     4.4717     4.4723   3.352248   3.352212     1.9406     1.6287     100.00   26.66424  -85.00544    0.00026    0.00023     4.4511     4.5166     4.3641     4.3647    34.9601    34.9591    27.7156    27.7147    1497.24    193.424    196.270         30 0.0000e+00
      47837   1993.184   1352.614   1366.000     4.4098     4.4106   3.349439   3.349416     1.9480     1.6350     100.00   26.66466  -85.00694    0.00017    0.00008     4.5198     4.5837     4.2975     4.2983    34.9638    34.9627    27.7257    27.7247    1496.97    196.407    199.185         30 0.0000e+00
      47964   1998.448   1357.549   1371.000     4.4076     4.4081   3.349425   3.349380     1.9487     1.6352     100.00   26.66429  -85.00573    0.00015    0.00007     4.5255     4.5879     4.2948     4.2954    34.9635    34.9624    27.7258    27.7248    1496.93    196.655    199.367         30 0.0000e+00
      48325   2013.516   1371.366   1385.000     4.4000     4.4004   3.349342   3.349287     1.9487     1.6360     100.00   26.66410  -85.00512    0.00022    0.00033     4.5346     4.6004     4.2860     4.2865    34.9636    34.9625    27.7268    27.7259    1496.86    197.053    199.910         30 0.0000e+00
      48633   2026.339   1383.209   1397.000     4.3961     4.3966   3.349527   3.349487     1.9483     1.6348     100.00   26.66422  -85.00560   -0.00005   -0.00002     4.5408     4.6034     4.2810     4.2815    34.9640    34.9630    27.7276    27.7268    1496.81    197.321    200.042         31 0.0000e+00
      48759   2031.601   1388.143   1402.000     4.3928     4.3933   3.349417   3.349366     1.9476     1.6341     100.00   26.66382  -85.00432   -0.00012   -0.00003     4.5417     4.6038     4.2773     4.2778    34.9637    34.9626    27.7278    27.7269    1496.77    197.359    200.058         31 0.0000e+00
      48791   2032.914   1389.130   1403.000     4.3929     4.3934   3.349501   3.349448     1.9477     1.6342     100.00   26.66414  -85.00534   -0.00000   -0.00002     4.5425     4.6048     4.2773     4.2778    34.9641    34.9630    27.7281    27.7272    1496.79    197.393    200.104         30 0.0000e+00
      49125   2046.827   1401.958   1416.000     4.3903     4.3908   3.349849   3.349798     1.9469     1.6337     100.00   26.66431  -85.00597   -0.00008   -0.00001     4.5477     4.6110     4.2735     4.2740    34.9645    34.9634    27.7289    27.7279    1496.75    197.621    200.373         30 0.0000e+00
      49255   2052.241   1406.892   1421.000     4.3868     4.3872   3.349751   3.349699     1.9462     1.6328     100.00   26.66426  -85.00587   -0.00013   -0.00022     4.5486     4.6108     4.2696     4.2700    34.9646    34.9635    27.7294    27.7285    1496.73    197.658    200.364         32 0.0000e+00
      49383   2057.602   1411.825   1426.000     4.3838     4.3843   3.349718   3.349662     1.9460     1.6327     100.00   26.66434  -85.00615    0.00000    0.00002     4.5509     4.6137     4.2662     4.2667    34.9649    34.9638    27.7299    27.7290    1496.71    197.761    200.490         33 0.0000e+00
      49512   2062.938   1416.759   1431.000     4.3808     4.3814   3.349654   3.349597     1.9465     1.6337     100.00   26.66411  -85.00541    0.00006    0.00018     4.5562     4.6212     4.2628     4.2633    34.9648    34.9636    27.7303    27.7292    1496.69    197.990    200.815         34 0.0000e+00
      49639   2068.229   1421.693   1436.000     4.3744     4.3751   3.349275   3.349245     1.9467     1.6334      89.47   26.66383  -85.00453    0.00011   -0.00013     4.5610     4.6237     4.2559     4.2566    34.9647    34.9636    27.7309    27.7300    1496.66    198.196    200.921         33 0.0000e+00
      50395   2099.762   1450.304   1465.000     4.3596     4.3602   3.349325   3.349278     1.9484     1.6344      98.88   26.66450  -85.00677    0.00007   -0.00017     4.5862     4.6470     4.2387     4.2392    34.9666    34.9655    27.7343    27.7333    1496.60    199.293    201.935         30 0.0000e+00
      52205   2175.164   1522.309   1538.000     4.3304     4.3309   3.349827   3.349768     1.9442     1.6314      96.84   26.66400  -85.00540   -0.00005    0.00006     4.6178     4.6829     4.2029     4.2034    34.9676    34.9664    27.7389    27.7379    1496.40    200.666    203.494         33 0.0000e+00
      52524   2188.454   1535.129   1551.000     4.3308     4.3314   3.350384   3.350326     1.9423     1.6296      92.19   26.66374  -85.00455   -0.00022   -0.00009     4.6184     4.6834     4.2021     4.2027    34.9673    34.9660    27.7388    27.7377    1496.36    200.693    203.516         30 0.0000e+00
      52556   2189.782   1536.115   1552.000     4.3308     4.3315   3.350457   3.350414     1.9420     1.6291      59.47   26.66404  -85.00552   -0.00011   -0.00024     4.6179     4.6819     4.2020     4.2027    34.9677    34.9665    27.7391    27.7380    1496.37    200.670    203.451         31 0.0000e+00
      53174   2215.544   1560.767   1577.000     4.3306     4.3311   3.351522   3.351456     1.9389     1.6253     100.00   26.66430  -85.00649   -0.00004   -0.00023     4.6210     4.6817     4.1995     4.1999    34.9682    34.9670    27.7398    27.7388    1496.35    200.804    203.440         30 0.0000e+00
      54091   2253.735   1597.247   1614.000     4.3248     4.3255   3.352551   3.352496     1.9342     1.6213     100.00   26.66405  -85.00583   -0.00011   -0.00003     4.6262     4.6886     4.1902     4.1909    34.9684    34.9671    27.7409    27.7398    1496.29    201.028    203.742         30 0.0000e+00
      54536   2272.284   1614.991   1632.000     4.3234     4.3239   3.353131   3.353071     1.9319     1.6190      99.54   26.66365  -85.00455   -0.00029   -0.00007     4.6284     4.6900     4.1871     4.1876    34.9680    34.9667    27.7409    27.7399    1496.25    201.127    203.803         30 0.0000e+00
