Gulf of Mexico/GOMECC-4/1db/drb2103_1411.cnv
* Sea-Bird SBE 9 Data File:
* FileName = C:\Users\scs.user.rb\CTD\GOMECC4\data\rb2103_1411.hex
* Software Version Seasave V 7.26.7.107
* Temperature SN = 4799
* Conductivity SN = 3860
* Number of Bytes Per Scan = 41
* Number of Voltage Words = 4
* Number of Scans Averaged by the Deck Unit = 1
* NMEA Latitude = 25 34.46 N
* NMEA Longitude = 084 50.56 W
* NMEA UTC (Time) = Oct 20 2021  15:46:56
* NMEA baud rate = 4800
# nquan = 28
# nvalues = 1022                        
# units = specified
# name 0 = scan: Scan Count
# name 1 = timeS: Time, Elapsed [seconds]
# name 2 = depSM: Depth [salt water, m]
# name 3 = prDM: Pressure, Digiquartz [db]
# name 4 = t090C: Temperature [ITS-90, deg C]
# name 5 = t190C: Temperature, 2 [ITS-90, deg C]
# name 6 = c0S/m: Conductivity [S/m]
# name 7 = c1S/m: Conductivity, 2 [S/m]
# name 8 = sbeox0V: Oxygen raw, SBE 43 [V]
# name 9 = sbeox1V: Oxygen raw, SBE 43, 2 [V]
# name 10 = altM: Altimeter [m]
# name 11 = latitude: Latitude [deg]
# name 12 = longitude: Longitude [deg]
# name 13 = sbox0dV/dT: Oxygen, SBE 43 [dov/dt]
# name 14 = sbox1dV/dT: Oxygen, SBE 43, 2 [dov/dt]
# name 15 = sbeox0ML/L: Oxygen, SBE 43 [ml/l], WS = 5
# name 16 = sbeox1ML/L: Oxygen, SBE 43, 2 [ml/l], WS = 5
# name 17 = potemp090C: Potential Temperature [ITS-90, deg C]
# name 18 = potemp190C: Potential Temperature, 2 [ITS-90, deg C]
# name 19 = sal00: Salinity, Practical [PSU]
# name 20 = sal11: Salinity, Practical, 2 [PSU]
# name 21 = sigma-é00: Density [sigma-theta, kg/m^3]
# name 22 = sigma-é11: Density, 2 [sigma-theta, kg/m^3]
# name 23 = avgsvCM: Average Sound Velocity [Chen-Millero, m/s], minP = 20, minS = 20
# name 24 = sbox0Mm/Kg: Oxygen, SBE 43 [umol/kg], WS = 5
# name 25 = sbox1Mm/Kg: Oxygen, SBE 43, 2 [umol/kg], WS = 5
# name 26 = nbin: number of scans per bin
# name 27 = flag: flag
# span 0 =      12045,     110265       
# span 1 =    501.816,   4594.354       
# span 2 =      3.974,   3327.563       
# span 3 =      4.000,   3376.000       
# span 4 =     4.3111,    28.3886       
# span 5 =     4.3120,    28.3919       
# span 6 =   3.349536,   5.841598       
# span 7 =   3.349494,   5.841751       
# span 8 =     1.6163,     3.1329       
# span 9 =     1.3160,     2.6500       
# span 10 =       9.56,     105.32      
# span 11 =   25.51710,   25.63652      
# span 12 =  -85.05053,  -84.65435      
# span 13 =   -0.03559,    0.01460      
# span 14 =   -0.03438,    0.01437      
# span 15 =     2.5833,     4.7052      
# span 16 =     2.5949,     4.7141      
# span 17 =     4.0814,    28.3812      
# span 18 =     4.0828,    28.3845      
# span 19 =    34.9008,    36.7261      
# span 20 =    34.9001,    36.7276      
# span 21 =    22.9152,    27.7596      
# span 22 =    22.9151,    27.7581      
# span 23 =       0.00,    1542.98      
# span 24 =    112.357,    204.460      
# span 25 =    112.863,    204.848      
# span 26 =         30,         70      
# span 27 = 0.0000e+00, 0.0000e+00      
# interval = decibars: 1                
# start_time = Oct 20 2021 15:46:56 [NMEA time, header]
# bad_flag = -9.990e-29
*END*
[from data line 777]
      89598   3733.224   2669.333   2704.000     4.3460     4.3472   3.398298   3.398270     1.7900     1.4726      99.36   25.57375  -84.84251   -0.00007   -0.00001     4.6926     4.6902     4.0993     4.1005    34.9743    34.9727    27.7553    27.7539    1499.97    203.912    203.810         55 0.0000e+00
      89736   3738.978   2674.237   2709.000     4.3464     4.3476   3.398466   3.398432     1.7894     1.4714     100.00   25.57316  -84.84059   -0.00010   -0.00031     4.6932     4.6876     4.0992     4.1004    34.9736    34.9719    27.7547    27.7532    1499.96    203.938    203.695         42 0.0000e+00
      89785   3740.987   2675.219   2710.000     4.3466     4.3479   3.398591   3.398563     1.7893     1.4713     100.00   25.57376  -84.84251   -0.00001   -0.00025     4.6935     4.6874     4.0993     4.1006    34.9743    34.9727    27.7553    27.7539    1500.00    203.950    203.684         42 0.0000e+00
      89883   3745.085   2679.142   2714.000     4.3469     4.3482   3.398711   3.398680     1.7887     1.4712     100.00   25.57319  -84.84065   -0.00015   -0.00002     4.6929     4.6894     4.0992     4.1005    34.9736    34.9719    27.7548    27.7533    1499.99    203.926    203.774         37 0.0000e+00
      89929   3747.011   2680.123   2715.000     4.3471     4.3484   3.398831   3.398801     1.7886     1.4711     100.00   25.57375  -84.84250   -0.00007   -0.00005     4.6933     4.6896     4.0993     4.1005    34.9744    34.9727    27.7554    27.7539    1500.02    203.941    203.782         44 0.0000e+00
      90043   3751.765   2684.047   2719.000     4.3476     4.3488   3.398982   3.398950     1.7876     1.4702     100.00   25.57345  -84.84153   -0.00016   -0.00018     4.6913     4.6879     4.0993     4.1005    34.9739    34.9722    27.7550    27.7535    1500.02    203.855    203.706         50 0.0000e+00
      90189   3757.851   2688.952   2724.000     4.3481     4.3494   3.399248   3.399217     1.7874     1.4701      91.22   25.57364  -84.84218   -0.00006   -0.00001     4.6934     4.6900     4.0993     4.1005    34.9742    34.9725    27.7552    27.7538    1500.06    203.946    203.800         37 0.0000e+00
      90510   3771.191   2699.741   2735.000     4.3494     4.3506   3.399758   3.399724     1.7855     1.4678     100.00   25.57348  -84.84162   -0.00008   -0.00025     4.6916     4.6859     4.0992     4.1005    34.9739    34.9723    27.7550    27.7536    1500.10    203.869    203.621         48 0.0000e+00
      90555   3773.074   2700.722   2736.000     4.3494     4.3507   3.399838   3.399806     1.7852     1.4676     100.00   25.57374  -84.84249   -0.00007   -0.00021     4.6909     4.6855     4.0992     4.1004    34.9744    34.9727    27.7554    27.7539    1500.13    203.839    203.604         38 0.0000e+00
      90682   3778.379   2705.626   2741.000     4.3501     4.3514   3.400059   3.400023     1.7845     1.4672     100.00   25.57348  -84.84162   -0.00015   -0.00011     4.6906     4.6865     4.0993     4.1006    34.9740    34.9723    27.7551    27.7536    1500.13    203.825    203.648         35 0.0000e+00
      90751   3781.232   2706.608   2742.000     4.3503     4.3516   3.400151   3.400108     1.7842     1.4670      78.67   25.57374  -84.84248   -0.00010   -0.00009     4.6899     4.6862     4.0994     4.1007    34.9745    34.9726    27.7554    27.7538    1500.15    203.795    203.632         32 0.0000e+00
      90873   3786.336   2711.512   2747.000     4.3510     4.3522   3.400404   3.400374     1.7835     1.4664     100.00   25.57389  -84.84297   -0.00013   -0.00003     4.6897     4.6860     4.0996     4.1007    34.9744    34.9729    27.7554    27.7540    1500.19    203.786    203.627         56 0.0000e+00
      91041   3793.321   2717.396   2753.000     4.3515     4.3527   3.400623   3.400590     1.7826     1.4653      87.50   25.57338  -84.84127   -0.00011   -0.00022     4.6892     4.6844     4.0993     4.1006    34.9738    34.9722    27.7549    27.7535    1500.19    203.766    203.554         39 0.0000e+00
      91104   3795.971   2718.377   2754.000     4.3516     4.3529   3.400720   3.400698     1.7826     1.4652     101.04   25.57374  -84.84250    0.00002   -0.00007     4.6900     4.6845     4.0993     4.1006    34.9744    34.9728    27.7554    27.7540    1500.21    203.799    203.560         34 0.0000e+00
      91236   3801.453   2723.281   2759.000     4.3520     4.3533   3.400976   3.400940     1.7817     1.4650     100.00   25.57399  -84.84330   -0.00011   -0.00003     4.6888     4.6867     4.0992     4.1004    34.9748    34.9730    27.7557    27.7542    1500.25    203.747    203.657         38 0.0000e+00
      91389   3807.835   2728.185   2764.000     4.3520     4.3535   3.401161   3.401135     1.7809     1.4640     100.00   25.57388  -84.84295   -0.00016   -0.00012     4.6885     4.6847     4.0987     4.1001    34.9746    34.9729    27.7557    27.7541    1500.27    203.732    203.567         37 0.0000e+00
      91529   3813.646   2733.088   2769.000     4.3521     4.3533   3.401358   3.401331     1.7802     1.4632     100.00   25.57388  -84.84297   -0.00008   -0.00020     4.6884     4.6839     4.0982     4.0994    34.9747    34.9731    27.7558    27.7543    1500.29    203.727    203.535         39 0.0000e+00
      91563   3815.070   2734.069   2770.000     4.3520     4.3533   3.401380   3.401348     1.7801     1.4629     100.00   25.57374  -84.84250   -0.00007   -0.00024     4.6886     4.6833     4.0980     4.0993    34.9746    34.9729    27.7557    27.7542    1500.29    203.738    203.507         30 0.0000e+00
      91597   3816.496   2735.050   2771.000     4.3522     4.3534   3.401423   3.401396     1.7799     1.4628      92.14   25.57374  -84.84248   -0.00007   -0.00017     4.6884     4.6835     4.0980     4.0993    34.9745    34.9729    27.7556    27.7542    1500.30    203.731    203.515         41 0.0000e+00
      91637   3818.160   2736.030   2772.000     4.3522     4.3535   3.401477   3.401445     1.7799     1.4628      78.13   25.57374  -84.84250   -0.00008   -0.00006     4.6887     4.6839     4.0980     4.0992    34.9746    34.9729    27.7557    27.7542    1500.30    203.745    203.534         32 0.0000e+00
      91751   3822.923   2739.953   2776.000     4.3524     4.3536   3.401648   3.401606     1.7795     1.4626     100.00   25.57385  -84.84286   -0.00009   -0.00006     4.6893     4.6852     4.0977     4.0989    34.9746    34.9729    27.7557    27.7542    1500.33    203.767    203.591         39 0.0000e+00
      91891   3828.746   2744.856   2781.000     4.3528     4.3540   3.401853   3.401823     1.7789     1.4615      96.55   25.57373  -84.84246   -0.00008   -0.00019     4.6898     4.6831     4.0975     4.0987    34.9744    34.9728    27.7556    27.7542    1500.34    203.790    203.500         38 0.0000e+00
      92052   3835.465   2749.760   2786.000     4.3534     4.3547   3.402145   3.402117     1.7780     1.4609     100.00   25.57412  -84.84376   -0.00012   -0.00008     4.6886     4.6832     4.0975     4.0988    34.9750    34.9733    27.7561    27.7546    1500.39    203.737    203.503         42 0.0000e+00
      92192   3841.285   2754.663   2791.000     4.3538     4.3551   3.402309   3.402285     1.7771     1.4603     100.00   25.57356  -84.84190   -0.00015   -0.00008     4.6876     4.6832     4.0974     4.0987    34.9743    34.9726    27.7555    27.7541    1500.38    203.695    203.504         36 0.0000e+00
      92232   3842.952   2755.643   2792.000     4.3540     4.3552   3.402384   3.402362     1.7770     1.4602      99.98   25.57374  -84.84250   -0.00014   -0.00004     4.6879     4.6833     4.0975     4.0987    34.9745    34.9729    27.7556    27.7543    1500.40    203.709    203.507         43 0.0000e+00
      92271   3844.568   2756.624   2793.000     4.3541     4.3553   3.402441   3.402407     1.7767     1.4599     100.00   25.57374  -84.84250   -0.00012   -0.00009     4.6872     4.6824     4.0975     4.0987    34.9746    34.9729    27.7557    27.7542    1500.41    203.676    203.470         32 0.0000e+00
      92362   3848.367   2760.546   2797.000     4.3544     4.3556   3.402543   3.402511     1.7761     1.4593     100.00   25.57313  -84.84048   -0.00015   -0.00015     4.6871     4.6821     4.0973     4.0986    34.9737    34.9720    27.7550    27.7536    1500.39    203.672    203.453         33 0.0000e+00
      92442   3851.722   2761.527   2798.000     4.3545     4.3560   3.402678   3.402655     1.7760     1.4591     100.00   25.57374  -84.84250   -0.00002   -0.00014     4.6872     4.6815     4.0973     4.0988    34.9747    34.9729    27.7558    27.7542    1500.43    203.676    203.429         30 0.0000e+00
      92549   3856.179   2766.430   2803.000     4.3550     4.3562   3.402885   3.402846     1.7753     1.4586     100.00   25.57368  -84.84232   -0.00012   -0.00008     4.6869     4.6822     4.0972     4.0985    34.9744    34.9727    27.7556    27.7541    1500.45    203.663    203.461         36 0.0000e+00
      92734   3863.874   2772.313   2809.000     4.3549     4.3562   3.403049   3.403024     1.7745     1.4578     100.00   25.57317  -84.84061   -0.00013   -0.00004     4.6869     4.6820     4.0965     4.0978    34.9737    34.9720    27.7551    27.7537    1500.45    203.663    203.450         52 0.0000e+00
      92792   3866.291   2773.293   2810.000     4.3546     4.3560   3.403139   3.403112     1.7740     1.4574     100.00   25.57374  -84.84250   -0.00008   -0.00012     4.6856     4.6805     4.0961     4.0975    34.9746    34.9729    27.7559    27.7544    1500.49    203.606    203.387         31 0.0000e+00
      92884   3870.145   2777.215   2814.000     4.3548     4.3561   3.403207   3.403176     1.7737     1.4573     100.00   25.57292  -84.83975   -0.00008   -0.00008     4.6865     4.6825     4.0958     4.0971    34.9735    34.9718    27.7550    27.7535    1500.46    203.648    203.473         46 0.0000e+00
      92933   3872.185   2778.196   2815.000     4.3550     4.3563   3.403361   3.403336     1.7736     1.4569      98.74   25.57376  -84.84250   -0.00003   -0.00012     4.6866     4.6814     4.0960     4.0972    34.9746    34.9730    27.7559    27.7545    1500.52    203.652    203.426         37 0.0000e+00
      93037   3876.480   2782.118   2819.000     4.3556     4.3569   3.403535   3.403507     1.7732     1.4567     100.00   25.57348  -84.84161   -0.00014   -0.00001     4.6871     4.6826     4.0961     4.0974    34.9742    34.9726    27.7556    27.7542    1500.52    203.672    203.478         38 0.0000e+00
      93077   3878.161   2783.098   2820.000     4.3558     4.3572   3.403618   3.403595     1.7730     1.4566      68.08   25.57375  -84.84250   -0.00010 -9.951e-07     4.6871     4.6829     4.0962     4.0975    34.9746    34.9729    27.7559    27.7544    1500.54    203.672    203.490         38 0.0000e+00
      93218   3884.039   2788.001   2825.000     4.3556     4.3569   3.403765   3.403736     1.7723     1.4555      92.94   25.57346  -84.84152   -0.00017   -0.00023     4.6868     4.6805     4.0954     4.0966    34.9743    34.9727    27.7557    27.7543    1500.55    203.660    203.385         39 0.0000e+00
      93258   3885.706   2788.981   2826.000     4.3556     4.3569   3.403845   3.403807     1.7722     1.4556      98.89   25.57376  -84.84250   -0.00014   -0.00012     4.6870     4.6817     4.0953     4.0966    34.9748    34.9730    27.7561    27.7546    1500.57    203.668    203.438         36 0.0000e+00
      93369   3890.319   2792.903   2830.000     4.3561     4.3574   3.404016   3.403984     1.7719     1.4554      52.38   25.57351  -84.84172   -0.00006   -0.00003     4.6880     4.6830     4.0953     4.0966    34.9745    34.9728    27.7559    27.7544    1500.58    203.711    203.493         30 0.0000e+00
      93402   3891.700   2793.883   2831.000     4.3562     4.3575   3.404088   3.404055     1.7719     1.4553      96.46   25.57376  -84.84250   -0.00002   -0.00003     4.6885     4.6833     4.0953     4.0966    34.9748    34.9731    27.7561    27.7546    1500.60    203.732    203.507         36 0.0000e+00
      93440   3893.273   2794.864   2832.000     4.3563     4.3576   3.404133   3.404104     1.7718     1.4552     100.08   25.57376  -84.84250   -0.00005   -0.00006     4.6886     4.6831     4.0953     4.0966    34.9748    34.9731    27.7561    27.7547    1500.60    203.737    203.498         36 0.0000e+00
      93553   3898.016   2798.785   2836.000     4.3568     4.3580   3.404254   3.404222     1.7712     1.4544     100.00   25.57318  -84.84057   -0.00012   -0.00006     4.6884     4.6820     4.0953     4.0966    34.9739    34.9722    27.7554    27.7539    1500.59    203.728    203.451         48 0.0000e+00
      93598   3899.879   2799.766   2837.000     4.3569     4.3582   3.404374   3.404351     1.7711     1.4542     100.00   25.57376  -84.84250   -0.00009   -0.00009     4.6885     4.6812     4.0954     4.0966    34.9747    34.9732    27.7561    27.7547    1500.63    203.734    203.418         31 0.0000e+00
      93703   3904.245   2803.687   2841.000     4.3574     4.3588   3.404561   3.404525     1.7704     1.4538     100.00   25.57359  -84.84194   -0.00008   -0.00009     4.6879     4.6818     4.0954     4.0967    34.9746    34.9728    27.7560    27.7544    1500.64    203.708    203.444         38 0.0000e+00
      93740   3905.793   2804.668   2842.000     4.3576     4.3589   3.404625   3.404601     1.7704     1.4539     100.00   25.57376  -84.84250   -0.00008   -0.00005     4.6883     4.6828     4.0955     4.0967    34.9747    34.9731    27.7561    27.7547    1500.65    203.726    203.486         34 0.0000e+00
      93772   3907.105   2805.648   2843.000     4.3577     4.3590   3.404676   3.404646     1.7702     1.4535     100.00   25.57376  -84.84250   -0.00008   -0.00010     4.6881     4.6814     4.0954     4.0967    34.9748    34.9731    27.7561    27.7546    1500.66    203.716    203.425         30 0.0000e+00
      93878   3911.526   2809.569   2847.000     4.3581     4.3594   3.404784   3.404757     1.7696     1.4530     100.00   25.57311  -84.84035   -0.00010   -0.00007     4.6878     4.6817     4.0954     4.0966    34.9739    34.9722    27.7554    27.7539    1500.64    203.702    203.437         37 0.0000e+00
      93927   3913.597   2810.550   2848.000     4.3585     4.3598   3.404927   3.404895     1.7693     1.4529     100.00   25.57376  -84.84251   -0.00001   -0.00009     4.6872     4.6813     4.0957     4.0969    34.9746    34.9730    27.7560    27.7545    1500.68    203.678    203.423         50 0.0000e+00
      94065   3919.352   2815.452   2853.000     4.3584     4.3597   3.405123   3.405087     1.7684     1.4521     100.00   25.57375  -84.84246   -0.00024   -0.00010     4.6858     4.6807     4.0951     4.0963    34.9748    34.9731    27.7562    27.7546    1500.71    203.618    203.394         44 0.0000e+00
      94103   3920.914   2816.432   2854.000     4.3585     4.3598   3.405162   3.404956     1.7682     1.4521      93.58   25.57376  -84.84251   -0.00020   -0.00006     4.6856     4.6812     4.0950     4.0963    34.9748    34.9711    27.7561    27.7531    1500.71    203.606    203.419         30 0.0000e+00
      94248   3926.941   2821.334   2859.000     4.3590     4.3603   3.405383   3.405349     1.7679     1.4517     100.00   25.57365  -84.84212   -0.00003   -0.00005     4.6876     4.6822     4.0949     4.0962    34.9746    34.9729    27.7560    27.7545    1500.73    203.693    203.460         43 0.0000e+00
      94287   3928.569   2822.314   2860.000     4.3590     4.3603   3.405442   3.405409     1.7679     1.4513     100.00   25.57376  -84.84250   -0.00007   -0.00007     4.6879     4.6811     4.0949     4.0961    34.9748    34.9732    27.7562    27.7547    1500.74    203.707    203.414         31 0.0000e+00
