Gulf of Mexico/GOMECC-4/1db/drb2103_0901.cnv
* Sea-Bird SBE 9 Data File:
* FileName = C:\Users\scs.user.rb\CTD\GOMECC4\data\rb2103_0901.hex
* Software Version Seasave V 7.26.7.107
* Temperature SN = 4799
* Conductivity SN = 3860
* Number of Bytes Per Scan = 41
* Number of Voltage Words = 4
* Number of Scans Averaged by the Deck Unit = 1
* NMEA Latitude = 22 00.00 N
* NMEA Longitude = 092 55.04 W
* NMEA UTC (Time) = Oct 09 2021  18:18:51
* NMEA baud rate = 4800
# nquan = 28
# nvalues = 407                         
# units = specified
# name 0 = scan: Scan Count
# name 1 = timeS: Time, Elapsed [seconds]
# name 2 = depSM: Depth [salt water, m]
# name 3 = prDM: Pressure, Digiquartz [db]
# name 4 = t090C: Temperature [ITS-90, deg C]
# name 5 = t190C: Temperature, 2 [ITS-90, deg C]
# name 6 = c0S/m: Conductivity [S/m]
# name 7 = c1S/m: Conductivity, 2 [S/m]
# name 8 = sbeox0V: Oxygen raw, SBE 43 [V]
# name 9 = sbeox1V: Oxygen raw, SBE 43, 2 [V]
# name 10 = altM: Altimeter [m]
# name 11 = latitude: Latitude [deg]
# name 12 = longitude: Longitude [deg]
# name 13 = sbox0dV/dT: Oxygen, SBE 43 [dov/dt]
# name 14 = sbox1dV/dT: Oxygen, SBE 43, 2 [dov/dt]
# name 15 = sbeox0ML/L: Oxygen, SBE 43 [ml/l], WS = 5
# name 16 = sbeox1ML/L: Oxygen, SBE 43, 2 [ml/l], WS = 5
# name 17 = potemp090C: Potential Temperature [ITS-90, deg C]
# name 18 = potemp190C: Potential Temperature, 2 [ITS-90, deg C]
# name 19 = sal00: Salinity, Practical [PSU]
# name 20 = sal11: Salinity, Practical, 2 [PSU]
# name 21 = sigma-é00: Density [sigma-theta, kg/m^3]
# name 22 = sigma-é11: Density, 2 [sigma-theta, kg/m^3]
# name 23 = avgsvCM: Average Sound Velocity [Chen-Millero, m/s], minP = 20, minS = 20
# name 24 = sbox0Mm/Kg: Oxygen, SBE 43 [umol/kg], WS = 5
# name 25 = sbox1Mm/Kg: Oxygen, SBE 43, 2 [umol/kg], WS = 5
# name 26 = nbin: number of scans per bin
# name 27 = flag: flag
# span 0 =      10799,      99786       
# span 1 =    449.917,   4157.715       
# span 2 =      6.956,   3245.202       
# span 3 =      7.000,   3291.000       
# span 4 =     4.2793,    29.6514       
# span 5 =     4.2797,    29.6518       
# span 6 =   3.347456,   5.994557       
# span 7 =   3.347417,   5.994600       
# span 8 =     1.5666,     3.1507       
# span 9 =     1.2722,     2.6668       
# span 10 =      10.18,     101.35      
# span 11 =   21.99585,   22.00158      
# span 12 =  -92.92090,  -92.89936      
# span 13 =   -0.03609,    0.01408      
# span 14 =   -0.03530,    0.01325      
# span 15 =     2.3742,     4.6918      
# span 16 =     2.3915,     4.7092      
# span 17 =     4.0789,    29.6440      
# span 18 =     4.0799,    29.6442      
# span 19 =    34.9187,    36.4792      
# span 20 =    34.9184,    36.4801      
# span 21 =    22.7327,    27.7588      
# span 22 =    22.7334,    27.7576      
# span 23 =       0.00,    1556.94      
# span 24 =    103.323,    203.877      
# span 25 =    104.074,    204.633      
# span 26 =         30,         78      
# span 27 = 0.0000e+00, 0.0000e+00      
# interval = decibars: 1                
# start_time = Oct 09 2021 18:18:51 [NMEA time, header]
# bad_flag = -9.990e-29
*END*
[from data line 363]
      82313   3429.665   2626.803   2660.000     4.3249     4.3258   3.394699   3.394661     1.7888     1.4741     100.00   22.00023  -92.91658   -0.00036   -0.00022     4.6639     4.6736     4.0835     4.0844    34.9739    34.9726    27.7567    27.7556    1499.51    202.664    203.087         30 0.0000e+00
      83271   3469.581   2662.131   2696.000     4.3287     4.3296   3.396417   3.396385     1.7837     1.4689      90.62   22.00023  -92.91657   -0.00021   -0.00014     4.6626     4.6703     4.0833     4.0841    34.9739    34.9727    27.7567    27.7556    1499.68    202.609    202.941         30 0.0000e+00
      83539   3480.766   2671.944   2706.000     4.3299     4.3307   3.396919   3.396886     1.7824     1.4676     100.00   22.00035  -92.91708   -0.00007   -0.00002     4.6629     4.6699     4.0833     4.0841    34.9741    34.9729    27.7569    27.7558    1499.74    202.621    202.924         30 0.0000e+00
      83995   3499.735   2688.624   2723.000     4.3316     4.3325   3.397709   3.397682     1.7794     1.4652     100.00   22.00028  -92.91677   -0.00014   -0.00009     4.6598     4.6685     4.0832     4.0840    34.9740    34.9728    27.7568    27.7557    1499.81    202.488    202.864         31 0.0000e+00
      84155   3506.427   2694.511   2729.000     4.3320     4.3329   3.397981   3.397950     1.7782     1.4644     100.00   22.00031  -92.91690   -0.00021   -0.00017     4.6582     4.6681     4.0829     4.0838    34.9741    34.9727    27.7569    27.7557    1499.85    202.418    202.845         30 0.0000e+00
      84186   3507.708   2695.492   2730.000     4.3321     4.3330   3.398036   3.398008     1.7783     1.4642     100.00   22.00038  -92.91718   -0.00019   -0.00015     4.6589     4.6677     4.0829     4.0837    34.9742    34.9729    27.7569    27.7559    1499.86    202.448    202.830         30 0.0000e+00
      85318   3554.892   2736.695   2772.000     4.3348     4.3357   3.399873   3.399835     1.7722     1.4579     100.00   22.00038  -92.91707   -0.00017   -0.00036     4.6572     4.6630     4.0809     4.0818    34.9741    34.9727    27.7571    27.7559    1500.06    202.374    202.626         30 0.0000e+00
      85697   3570.676   2750.428   2786.000     4.3364     4.3372   3.400527   3.400502     1.7701     1.4561     100.00   22.00035  -92.91685   -0.00010   -0.00016     4.6561     4.6626     4.0809     4.0818    34.9739    34.9727    27.7569    27.7559    1500.13    202.327    202.608         30 0.0000e+00
      86615   3608.900   2783.775   2820.000     4.3401     4.3409   3.402146   3.402113     1.7647     1.4508     100.00   22.00032  -92.91668   -0.00014   -0.00015     4.6520     4.6572     4.0808     4.0816    34.9739    34.9726    27.7569    27.7559    1500.30    202.146    202.372         31 0.0000e+00
      86747   3614.437   2788.678   2825.000     4.3406     4.3414   3.402394   3.402369     1.7640     1.4505     100.00   22.00042  -92.91710   -0.00010   -0.00002     4.6520     4.6583     4.0807     4.0815    34.9740    34.9728    27.7571    27.7560    1500.33    202.147    202.420         30 0.0000e+00
      87696   3653.956   2823.000   2860.000     4.3439     4.3446   3.404040   3.404002     1.7585     1.4457     100.00   22.00058  -92.91756   -0.00021   -0.00001     4.6482     4.6557     4.0800     4.0808    34.9744    34.9731    27.7574    27.7563    1500.52    201.981    202.310         30 0.0000e+00
      88450   3685.359   2850.453   2888.000     4.3469     4.3478   3.405340   3.405313     1.7544     1.4409     100.00   22.00042  -92.91669   -0.00012   -0.00024     4.6461     4.6493     4.0798     4.0807    34.9740    34.9728    27.7571    27.7561    1500.65    201.892    202.032         31 0.0000e+00
      88613   3692.173   2856.336   2894.000     4.3473     4.3483   3.405630   3.405597     1.7534     1.4401     100.00   22.00056  -92.91726   -0.00013   -0.00011     4.6449     4.6488     4.0796     4.0805    34.9743    34.9730    27.7574    27.7562    1500.69    201.841    202.009         31 0.0000e+00
      88746   3697.725   2861.237   2899.000     4.3479     4.3488   3.405859   3.405835     1.7523     1.4396     100.00   22.00051  -92.91696   -0.00022   -0.00006     4.6431     4.6492     4.0796     4.0805    34.9742    34.9730    27.7573    27.7562    1500.72    201.762    202.027         32 0.0000e+00
      89692   3737.142   2895.547   2934.000     4.3517     4.3526   3.407519   3.407492     1.7471     1.4346      97.28   22.00050  -92.91700   -0.00012   -0.00003     4.6402     4.6455     4.0794     4.0802    34.9742    34.9730    27.7574    27.7563    1500.90    201.634    201.866         30 0.0000e+00
      89827   3742.755   2900.449   2939.000     4.3522     4.3531   3.407783   3.407748     1.7461     1.4336     100.00   22.00069  -92.91773   -0.00013   -0.00019     4.6388     4.6436     4.0793     4.0802    34.9746    34.9733    27.7577    27.7565    1500.94    201.574    201.782         30 0.0000e+00
      90664   3777.619   2930.832   2970.000     4.3557     4.3566   3.409247   3.409225     1.7413     1.4296     100.00   22.00063  -92.91744   -0.00019   -0.00003     4.6352     4.6420     4.0792     4.0801    34.9745    34.9733    27.7576    27.7565    1501.11    201.415    201.714         30 0.0000e+00
      90796   3783.142   2935.732   2975.000     4.3562     4.3572   3.409471   3.409446     1.7406     1.4284     100.00   22.00052  -92.91699   -0.00013   -0.00017     4.6348     4.6392     4.0791     4.0801    34.9744    34.9731    27.7575    27.7564    1501.13    201.399    201.593         30 0.0000e+00
      92039   3834.902   2980.809   3021.000     4.3616     4.3625   3.411683   3.411648     1.7340     1.4225      77.06   22.00057  -92.91720   -0.00015   -0.00002     4.6319     4.6369     4.0792     4.0800    34.9745    34.9732    27.7576    27.7565    1501.38    201.272    201.491         30 0.0000e+00
      92145   3839.349   2984.728   3025.000     4.3620     4.3629   3.411859   3.411835     1.7334     1.4213     100.00   22.00053  -92.91694   -0.00013   -0.00023     4.6313     4.6330     4.0791     4.0801    34.9744    34.9731    27.7575    27.7564    1501.40    201.246    201.324         30 0.0000e+00
      92991   3874.577   3015.100   3056.000     4.3656     4.3666   3.413357   3.413322     1.7289     1.4170     100.00   22.00064  -92.91738   -0.00004   -0.00014     4.6288     4.6301     4.0792     4.0801    34.9746    34.9732    27.7577    27.7565    1501.58    201.139    201.195         30 0.0000e+00
      93759   3906.563   3042.530   3084.000     4.3689     4.3698   3.414670   3.414649     1.7250     1.4136     100.00   22.00057  -92.91703   -0.00012   -0.00009     4.6271     4.6296     4.0791     4.0800    34.9744    34.9732    27.7575    27.7565    1501.73    201.064    201.175         30 0.0000e+00
      93894   3912.217   3047.427   3089.000     4.3694     4.3703   3.414897   3.414877     1.7242     1.4127     100.00   22.00051  -92.91674   -0.00007   -0.00021     4.6263     4.6277     4.0790     4.0800    34.9744    34.9731    27.7575    27.7564    1501.76    201.032    201.094         32 0.0000e+00
      94142   3922.554   3056.243   3098.000     4.3704     4.3714   3.415346   3.415320     1.7229     1.4115     100.00   22.00065  -92.91733   -0.00010   -0.00002     4.6255     4.6272     4.0790     4.0799    34.9746    34.9733    27.7577    27.7566    1501.81    200.997    201.071         31 0.0000e+00
      94497   3937.319   3068.976   3111.000     4.3719     4.3730   3.415948   3.415921     1.7209     1.4098     100.00   22.00052  -92.91670   -0.00020   -0.00012     4.6241     4.6263     4.0790     4.0800    34.9744    34.9730    27.7575    27.7563    1501.88    200.936    201.030         31 0.0000e+00
      95592   3982.966   3108.149   3151.000     4.3767     4.3776   3.417866   3.417843     1.7155     1.4047     100.00   22.00064  -92.91722   -0.00009   -0.00020     4.6224     4.6239     4.0791     4.0800    34.9745    34.9733    27.7576    27.7566    1502.12    200.861    200.928         31 0.0000e+00
      95702   3987.545   3112.066   3155.000     4.3771     4.3781   3.418056   3.418028     1.7149     1.4042     100.00   22.00062  -92.91713   -0.00003   -0.00005     4.6221     4.6237     4.0790     4.0799    34.9746    34.9733    27.7577    27.7566    1502.14    200.847    200.917         31 0.0000e+00
      95839   3993.248   3116.962   3160.000     4.3777     4.3787   3.418283   3.418261     1.7142     1.4036     100.00   22.00059  -92.91700   -0.00011   -0.00017     4.6217     4.6236     4.0790     4.0800    34.9745    34.9732    27.7576    27.7565    1502.17    200.831    200.915         31 0.0000e+00
      96387   4016.083   3136.546   3180.000     4.3801     4.3811   3.419237   3.419208     1.7112     1.4006      90.27   22.00060  -92.91700   -0.00014   -0.00024     4.6192     4.6202     4.0790     4.0800    34.9745    34.9732    27.7576    27.7564    1502.29    200.723    200.766         31 0.0000e+00
      96519   4021.601   3141.441   3185.000     4.3806     4.3816   3.419454   3.419428     1.7106     1.4002     100.00   22.00047  -92.91646   -0.00010   -0.00008     4.6194     4.6212     4.0789     4.0800    34.9744    34.9730    27.7575    27.7563    1502.31    200.731    200.807         31 0.0000e+00
      96551   4022.930   3142.421   3186.000     4.3807     4.3818   3.419519   3.419497     1.7105     1.4000     100.00   22.00062  -92.91702   -0.00009   -0.00004     4.6196     4.6208     4.0790     4.0800    34.9745    34.9732    27.7577    27.7565    1502.32    200.741    200.790         31 0.0000e+00
      96742   4030.864   3149.274   3193.000     4.3816     4.3826   3.419853   3.419821     1.7094     1.3992     100.00   22.00056  -92.91678   -0.00012    0.00000     4.6185     4.6209     4.0789     4.0800    34.9746    34.9731    27.7577    27.7564    1502.36    200.690    200.796         31 0.0000e+00
      97071   4044.590   3161.023   3205.000     4.3830     4.3840   3.420419   3.420391     1.7080     1.3973      63.21   22.00056  -92.91670   -0.00012   -0.00020     4.6189     4.6181     4.0789     4.0800    34.9745    34.9731    27.7576    27.7564    1502.43    200.708    200.674         30 0.0000e+00
      97671   4069.597   3182.560   3227.000     4.3856     4.3866   3.421473   3.421434     1.7045     1.3944      72.41   22.00060  -92.91686   -0.00012   -0.00007     4.6154     4.6163     4.0790     4.0800    34.9746    34.9731    27.7577    27.7564    1502.56    200.555    200.597         30 0.0000e+00
      98166   4090.198   3200.180   3245.000     4.3877     4.3887   3.422327   3.422300     1.7021     1.3920      54.87   22.00070  -92.91723   -0.00009   -0.00006     4.6144     4.6146     4.0789     4.0799    34.9747    34.9734    27.7578    27.7566    1502.67    200.514    200.520         30 0.0000e+00
      98796   4116.442   3222.692   3268.000     4.3904     4.3915   3.423417   3.423386     1.6991     1.3891      32.74   22.00068  -92.91709   -0.00014   -0.00006     4.6138     4.6130     4.0789     4.0799    34.9747    34.9733    27.7578    27.7565    1502.81    200.486    200.453         30 0.0000e+00
      98932   4122.105   3227.586   3273.000     4.3911     4.3921   3.423635   3.423605     1.6984     1.3882      29.83   22.00055  -92.91654   -0.00017   -0.00013     4.6133     4.6114     4.0789     4.0799    34.9745    34.9731    27.7576    27.7564    1502.83    200.464    200.382         31 0.0000e+00
      99069   4127.841   3232.479   3278.000     4.3917     4.3927   3.423874   3.423848     1.6972     1.3875      23.19   22.00059  -92.91671   -0.00025   -0.00013     4.6109     4.6107     4.0789     4.0799    34.9745    34.9732    27.7576    27.7565    1502.86    200.361    200.352         30 0.0000e+00
      99271   4136.261   3239.329   3285.000     4.3925     4.3935   3.424139   3.424112     1.6964     1.3867      16.23   22.00016  -92.91491   -0.00014   -0.00007     4.6111     4.6111     4.0789     4.0799    34.9738    34.9724    27.7571    27.7559    1502.87    200.370    200.371         50 0.0000e+00
      99329   4138.646   3240.309   3286.000     4.3927     4.3937   3.424264   3.424239     1.6962     1.3866      15.21   22.00066  -92.91700   -0.00006   -0.00008     4.6108     4.6111     4.0790     4.0800    34.9746    34.9732    27.7577    27.7565    1502.91    200.358    200.370         52 0.0000e+00
      99375   4140.598   3241.287   3287.000     4.3928     4.3938   3.424314   3.424281     1.6961     1.3863      14.29   22.00066  -92.91700   -0.00009   -0.00012     4.6108     4.6097     4.0790     4.0800    34.9746    34.9732    27.7577    27.7565    1502.92    200.355    200.310         42 0.0000e+00
      99464   4144.300   3242.266   3288.000     4.3930     4.3940   3.424355   3.424333     1.6960     1.3859      13.25   22.00066  -92.91700   -0.00003   -0.00011     4.6109     4.6084     4.0790     4.0800    34.9745    34.9732    27.7576    27.7564    1502.93    200.359    200.253         57 0.0000e+00
      99643   4151.740   3244.224   3290.000     4.3934     4.3944   3.424590   3.424566     1.6956     1.3858      11.43   22.00158  -92.92090   -0.00002   -0.00001     4.6098     4.6089     4.0792     4.0802    34.9759    34.9746    27.7588    27.7576    1503.00    200.314    200.273         54 0.0000e+00
      99786   4157.715   3245.202   3291.000     4.3935     4.3945   3.424492   3.424478     1.6951     1.3855      10.18   22.00066  -92.91698   -0.00007   -0.00005     4.6085     4.6081     4.0792     4.0801    34.9743    34.9731    27.7574    27.7564    1502.95    200.259    200.241         34 0.0000e+00
