Gulf of Mexico/GOMECC-4/1db/drb2103_0341.cnv
* Sea-Bird SBE 9 Data File:
* FileName = C:\Users\scs.user.rb\CTD\GOMECC4\data\rb2103_0341.hex
* Software Version Seasave V 7.26.7.107
* Temperature SN = 4799
* Conductivity SN = 3860
* Number of Bytes Per Scan = 41
* Number of Voltage Words = 4
* Number of Scans Averaged by the Deck Unit = 1
* NMEA Latitude = 29 03.10 N
* NMEA Longitude = 087 31.28 W
* NMEA UTC (Time) = Sep 24 2021  06:51:00
* NMEA baud rate = 4800
# nquan = 28
# nvalues = 303                         
# units = specified
# name 0 = scan: Scan Count
# name 1 = timeS: Time, Elapsed [seconds]
# name 2 = depSM: Depth [salt water, m]
# name 3 = prDM: Pressure, Digiquartz [db]
# name 4 = t090C: Temperature [ITS-90, deg C]
# name 5 = t190C: Temperature, 2 [ITS-90, deg C]
# name 6 = c0S/m: Conductivity [S/m]
# name 7 = c1S/m: Conductivity, 2 [S/m]
# name 8 = sbeox0V: Oxygen raw, SBE 43 [V]
# name 9 = sbeox1V: Oxygen raw, SBE 43, 2 [V]
# name 10 = altM: Altimeter [m]
# name 11 = latitude: Latitude [deg]
# name 12 = longitude: Longitude [deg]
# name 13 = sbox0dV/dT: Oxygen, SBE 43 [dov/dt]
# name 14 = sbox1dV/dT: Oxygen, SBE 43, 2 [dov/dt]
# name 15 = sbeox0ML/L: Oxygen, SBE 43 [ml/l], WS = 5
# name 16 = sbeox1ML/L: Oxygen, SBE 43, 2 [ml/l], WS = 5
# name 17 = potemp090C: Potential Temperature [ITS-90, deg C]
# name 18 = potemp190C: Potential Temperature, 2 [ITS-90, deg C]
# name 19 = sal00: Salinity, Practical [PSU]
# name 20 = sal11: Salinity, Practical, 2 [PSU]
# name 21 = sigma-é00: Density [sigma-theta, kg/m^3]
# name 22 = sigma-é11: Density, 2 [sigma-theta, kg/m^3]
# name 23 = avgsvCM: Average Sound Velocity [Chen-Millero, m/s], minP = 20, minS = 20
# name 24 = sbox0Mm/Kg: Oxygen, SBE 43 [umol/kg], WS = 5
# name 25 = sbox1Mm/Kg: Oxygen, SBE 43, 2 [umol/kg], WS = 5
# name 26 = nbin: number of scans per bin
# name 27 = flag: flag
# span 0 =      15130,      58622       
# span 1 =    630.395,   2442.545       
# span 2 =      3.973,   1483.574       
# span 3 =      4.000,   1499.000       
# span 4 =     4.2937,    28.2570       
# span 5 =     4.2941,    28.2482       
# span 6 =   3.344506,   5.744590       
# span 7 =   3.344471,   5.744817       
# span 8 =     1.6160,     3.1308       
# span 9 =     1.3214,     2.6627       
# span 10 =       9.61,     100.48      
# span 11 =   29.04600,   29.05357      
# span 12 =  -87.52572,  -87.50285      
# span 13 =   -0.03711,    0.01992      
# span 14 =   -0.03609,    0.02013      
# span 15 =     2.6236,     4.6551      
# span 16 =     2.6492,     4.7023      
# span 17 =     4.1706,    28.2612      
# span 18 =     4.1710,    28.2436      
# span 19 =    34.0905,    36.4882      
# span 20 =    34.0913,    36.4895      
# span 21 =    21.8255,    27.7427      
# span 22 =    21.8250,    27.7420      
# span 23 =       0.00,    1562.34      
# span 24 =    114.177,    202.284      
# span 25 =    115.293,    204.338      
# span 26 =         30,         79      
# span 27 = 0.0000e+00, 0.0000e+00      
# interval = decibars: 1                
# start_time = Sep 24 2021 06:51:00 [NMEA time, header]
# bad_flag = -9.990e-29
*END*
[from data line 156]
      22011    917.072    167.794    169.000    16.3402    16.3423   4.564573   4.564730     1.9242     1.6002     100.00   29.05230  -87.52178   -0.00240   -0.00197     2.8148     2.8503    16.3124    16.3158    36.1794    36.1796    26.5827    26.5826    1528.50    122.453    124.000         31 0.0000e+00
      22042    918.390    168.786    170.000    16.2928    16.2945   4.559202   4.559440     1.9292     1.6072     100.00   29.05230  -87.52178    0.00028    0.00120     2.8287     2.8698    16.2653    16.2671    36.1739    36.1745    26.5895    26.5895    1528.41    123.056    124.846         32 0.0000e+00
      22075    919.764    169.779    171.000    16.2683    16.2676   4.556697   4.556641     1.9356     1.6140     100.00   29.05230  -87.52178    0.00305    0.00426     2.8457     2.8891    16.2407    16.2400    36.1734    36.1736    26.5949    26.5951    1528.33    123.796    125.685         34 0.0000e+00
      22109    921.165    170.771    172.000    16.2780    16.2781   4.558205   4.558309     1.9551     1.6331     100.00   29.05230  -87.52178    0.00645    0.00664     2.8910     2.9375    16.2502    16.2504    36.1777    36.1785    26.5959    26.5965    1528.25    125.767    127.790         32 0.0000e+00
      22140    922.440    171.763    173.000    16.2827    16.2835   4.559012   4.559195     1.9731     1.6531     100.00   29.05230  -87.52178    0.01100    0.01136     2.9331     2.9890    16.2548    16.2555    36.1802    36.1811    26.5968    26.5973    1528.17    127.598    130.029         30 0.0000e+00
      22170    923.696    172.756    174.000    16.2692    16.2701   4.557681   4.557837     1.9929     1.6726     100.00   29.05230  -87.52178    0.01464    0.01538     2.9806     3.0401    16.2412    16.2421    36.1802    36.1807    26.5999    26.6002    1528.09    129.665    132.251         32 0.0000e+00
      22204    925.141    173.748    175.000    16.2456    16.2475   4.554997   4.555136     2.0137     1.6943     100.00   29.05230  -87.52178    0.01569    0.01616     3.0371     3.0976    16.2173    16.2192    36.1756    36.1767    26.6019    26.6024    1528.03    132.124    134.753         36 0.0000e+00
      22238    926.527    174.741    176.000    16.2277    16.2284   4.552573   4.552722     2.0281     1.7021     100.00   29.05230  -87.52178    0.01414    0.01293     3.0668     3.1191    16.1994    16.2000    36.1716    36.1723    26.6031    26.6035    1527.95    133.414    135.691         30 0.0000e+00
      22297    928.992    176.726    178.000    16.1868    16.1872   4.547668   4.547790     2.0290     1.6960      99.99   29.04943  -87.51315    0.00343   -0.00003     3.0724     3.1070    16.1582    16.1585    36.1633    36.1640    26.6060    26.6065    1527.64    133.656    135.164         37 0.0000e+00
      22335    930.577    177.718    179.000    16.1794    16.1808   4.547175   4.547401     2.0320     1.7008     100.00   29.05230  -87.52178    0.00032   -0.00106     3.0803     3.1201    16.1507    16.1521    36.1662    36.1669    26.6102    26.6105    1527.72    134.000    135.730         34 0.0000e+00
      22366    931.878    178.711    180.000    16.1395    16.1412   4.542429   4.542672     2.0365     1.7066     100.00   29.05230  -87.52178    0.00165    0.00224     3.0939     3.1379    16.1106    16.1123    36.1598    36.1604    26.6146    26.6147    1527.65    134.593    136.505         30 0.0000e+00
      22398    933.196    179.703    181.000    16.0827    16.0890   4.535643   4.536438     2.0392     1.7100     100.00   29.05230  -87.52178    0.00279    0.00382     3.1037     3.1506    16.0537    16.0600    36.1505    36.1520    26.6206    26.6203    1527.58    135.018    137.057         33 0.0000e+00
      22430    934.521    180.695    182.000    15.9758    15.9767   4.522875   4.523016     2.0393     1.7095     100.00   29.05230  -87.52178    0.00203    0.00244     3.1128     3.1572    15.9468    15.9477    36.1332    36.1336    26.6320    26.6321    1527.50    135.414    137.343         30 0.0000e+00
      22489    937.012    182.680    184.000    15.9369    15.9378   4.518117   4.518293     2.0362     1.7044      94.35   29.05008  -87.51508   -0.00069   -0.00137     3.1089     3.1475    15.9076    15.9085    36.1244    36.1252    26.6341    26.6344    1527.23    135.243    136.919         35 0.0000e+00
      22527    938.600    183.673    185.000    15.9275    15.9287   4.517238   4.517440     2.0347     1.7015     100.06   29.05230  -87.52178   -0.00127   -0.00211     3.1065     3.1411    15.8981    15.8992    36.1255    36.1262    26.6372    26.6376    1527.28    135.135    136.641         37 0.0000e+00
      22586    941.057    185.657    187.000    15.8894    15.8891   4.512326   4.512382     2.0300     1.6991      99.99   29.04825  -87.50959   -0.00153   -0.00128     3.0991     3.1382    15.8597    15.8594    36.1140    36.1138    26.6369    26.6368    1526.92    134.816    136.515         30 0.0000e+00
      22622    942.524    186.650    188.000    15.8147    15.8152   4.503678   4.503771     2.0265     1.6951     100.00   29.05230  -87.52178   -0.00190   -0.00125     3.0961     3.1333    15.7849    15.7855    36.1055    36.1058    26.6478    26.6480    1527.06    134.681    136.302         35 0.0000e+00
      22656    943.969    187.642    189.000    15.7323    15.7335   4.493725   4.493845     2.0189     1.6860     100.00   29.05230  -87.52178   -0.00310   -0.00318     3.0841     3.1156    15.7025    15.7037    36.0908    36.0908    26.6553    26.6551    1526.99    134.161    135.531         33 0.0000e+00
      22717    946.495    189.627    191.000    15.6331    15.6346   4.482066   4.482147     1.9995     1.6659     100.00   29.05150  -87.51938   -0.00714   -0.00786     3.0447     3.0707    15.6031    15.6046    36.0741    36.0746    26.6651    26.6651    1526.80    132.444    133.574         32 0.0000e+00
      22751    947.919    190.619    192.000    15.5963    15.5969   4.477725   4.477862     1.9919     1.6609      72.29   29.05230  -87.52178   -0.00697   -0.00647     3.0304     3.0605    15.5661    15.5668    36.0697    36.0704    26.6701    26.6705    1526.77    131.824    133.130         35 0.0000e+00
      22784    949.306    191.611    193.000    15.5686    15.5692   4.474466   4.474567     1.9876     1.6585     100.29   29.05230  -87.52178   -0.00525   -0.00383     3.0224     3.0563    15.5384    15.5390    36.0651    36.0656    26.6729    26.6731    1526.70    131.473    132.950         31 0.0000e+00
      22815    950.575    192.604    194.000    15.5429    15.5437   4.471470   4.471620     1.9861     1.6577     100.00   29.05230  -87.52178   -0.00333   -0.00204     3.0210     3.0563    15.5125    15.5134    36.0613    36.0618    26.6757    26.6760    1526.63    131.413    132.947         31 0.0000e+00
      22847    951.918    193.596    195.000    15.5168    15.5171   4.468422   4.468503     1.9837     1.6548     100.00   29.05230  -87.52178   -0.00180   -0.00128     3.0174     3.0510    15.4863    15.4867    36.0572    36.0576    26.6785    26.6788    1526.55    131.257    132.718         33 0.0000e+00
      22880    953.279    194.588    196.000    15.4747    15.4758   4.463410   4.463556     1.9816     1.6509     100.00   29.05230  -87.52178   -0.00154   -0.00186     3.0155     3.0438    15.4441    15.4452    36.0499    36.0503    26.6825    26.6825    1526.48    131.171    132.405         32 0.0000e+00
      22911    954.582    195.581    197.000    15.4320    15.4331   4.458368   4.458549     1.9765     1.6464     100.00   29.05230  -87.52178   -0.00214   -0.00283     3.0069     3.0352    15.4014    15.4024    36.0430    36.0437    26.6868    26.6871    1526.41    130.800    132.027         32 0.0000e+00
      22945    956.006    196.573    198.000    15.3731    15.3734   4.451380   4.451413     1.9714     1.6430     100.00   29.05230  -87.52178   -0.00318   -0.00310     2.9989     3.0307    15.3423    15.3426    36.0333    36.0333    26.6926    26.6926    1526.34    130.447    131.830         35 0.0000e+00
      22979    957.413    197.565    199.000    15.3293    15.3328   4.446178   4.446620     1.9654     1.6376     100.00   29.05230  -87.52178   -0.00387   -0.00292     2.9878     3.0195    15.2984    15.3020    36.0258    36.0266    26.6967    26.6965    1526.27    129.966    131.345         32 0.0000e+00
      23036    959.809    199.550    201.000    15.2641    15.2668   4.438332   4.438727     1.9513     1.6246      99.99   29.04965  -87.51383   -0.00514   -0.00468     2.9595     2.9906    15.2330    15.2357    36.0133    36.0143    26.7016    26.7017    1525.98    128.733    130.088         32 0.0000e+00
      23073    961.331    200.542    202.000    15.2568    15.2597   4.437678   4.438093     1.9439     1.6176     100.00   29.05230  -87.52180   -0.00555   -0.00523     2.9421     2.9730    15.2255    15.2285    36.0139    36.0150    26.7038    26.7040    1526.05    127.977    129.321         36 0.0000e+00
      23107    962.764    201.534    203.000    15.2116    15.2094   4.432455   4.432045     1.9376     1.6121     100.00   29.05230  -87.52180   -0.00515   -0.00477     2.9300     2.9614    15.1803    15.1781    36.0061    36.0057    26.7079    26.7081    1525.99    127.449    128.815         32 0.0000e+00
      23138    964.024    202.527    204.000    15.1903    15.1913   4.429819   4.429983     1.9324     1.6059     100.00   29.05230  -87.52180   -0.00455   -0.00430     2.9197     2.9474    15.1588    15.1598    36.0027    36.0032    26.7100    26.7103    1525.92    127.000    128.208         30 0.0000e+00
      23168    965.277    203.519    205.000    15.1798    15.1808   4.428587   4.428739     1.9266     1.6011     100.00   29.05230  -87.52180   -0.00429   -0.00437     2.9069     2.9358    15.1482    15.1493    36.0006    36.0011    26.7109    26.7110    1525.84    126.446    127.703         31 0.0000e+00
      23202    966.698    204.511    206.000    15.1410    15.1402   4.423774   4.423760     1.9209     1.5964     100.00   29.05230  -87.52180   -0.00432   -0.00397     2.8969     2.9267    15.1082    15.1086    35.9931    35.9933    26.7140    26.7140    1525.79    126.011    127.304         36 0.0000e+00
      23237    968.152    205.504    207.000    15.0702    15.0719   4.415542   4.415780     1.9156     1.5915     100.00   29.05230  -87.52180   -0.00404   -0.00340     2.8881     2.9182    15.0385    15.0402    35.9816    35.9822    26.7206    26.7206    1525.70    125.626    126.936         33 0.0000e+00
      23296    970.614    207.488    209.000    15.0217    15.0225   4.409826   4.409955     1.9072     1.5847      99.99   29.05072  -87.51705   -0.00359   -0.00297     2.8718     2.9039    14.9898    14.9905    35.9726    35.9731    26.7243    26.7246    1525.48    124.916    126.313         31 0.0000e+00
      23329    972.015    208.480    210.000    15.0061    15.0071   4.408207   4.408357     1.9043     1.5832     100.00   29.05230  -87.52180   -0.00291   -0.00230     2.8662     2.9013    14.9740    14.9750    35.9723    35.9728    26.7277    26.7279    1525.50    124.674    126.198         34 0.0000e+00
      23363    973.410    209.473    211.000    14.9602    14.9608   4.402867   4.402973     1.9015     1.5808     100.00   29.05230  -87.52180   -0.00228   -0.00158     2.8627     2.8984    14.9280    14.9286    35.9654    35.9658    26.7326    26.7327    1525.43    124.520    126.072         32 0.0000e+00
      23394    974.717    210.465    212.000    14.9353    14.9356   4.400031   4.400102     1.8994     1.5770     100.00   29.05230  -87.52180   -0.00196   -0.00182     2.8597     2.8901    14.9030    14.9033    35.9619    35.9623    26.7354    26.7356    1525.36    124.389    125.712         31 0.0000e+00
      23426    976.060    211.457    213.000    14.9039    14.9038   4.396303   4.396314     1.8969     1.5745     100.00   29.05230  -87.52180   -0.00175   -0.00237     2.8559     2.8861    14.8716    14.8714    35.9562    35.9564    26.7379    26.7381    1525.29    124.225    125.536         34 0.0000e+00
      23460    977.465    212.450    214.000    14.8686    14.8682   4.392131   4.392138     1.8943     1.5725     100.00   29.05230  -87.52180   -0.00180   -0.00197     2.8523     2.8831    14.8361    14.8357    35.9502    35.9506    26.7411    26.7415    1525.23    124.067    125.407         33 0.0000e+00
      23493    978.830    213.442    215.000    14.8596    14.8603   4.391137   4.391251     1.8920     1.5709     100.00   29.05230  -87.52180   -0.00186   -0.00148     2.8478     2.8798    14.8270    14.8277    35.9488    35.9493    26.7420    26.7422    1525.16    123.870    125.262         32 0.0000e+00
      23552    981.285    215.426    217.000    14.8538    14.8547   4.390316   4.390478     1.8891     1.5691      99.99   29.04965  -87.51381   -0.00133   -0.00091     2.8418     2.8761    14.8209    14.8218    35.9452    35.9457    26.7404    26.7405    1524.89    123.607    125.102         33 0.0000e+00
      23589    982.845    216.418    218.000    14.8545    14.8549   4.390703   4.390808     1.8887     1.5691     100.00   29.05230  -87.52180   -0.00082   -0.00042     2.8412     2.8764    14.8214    14.8218    35.9484    35.9490    26.7429    26.7433    1524.96    123.582    125.114         37 0.0000e+00
      23623    984.240    217.410    219.000    14.8540    14.8550   4.390703   4.390872     1.8880     1.5689     100.00   29.05230  -87.52180   -0.00047   -0.00011     2.8398     2.8764    14.8208    14.8217    35.9485    35.9491    26.7431    26.7434    1524.90    123.523    125.113         30 0.0000e+00
      23680    986.611    219.395    221.000    14.8506    14.8515   4.390217   4.390360     1.8867     1.5673      99.99   29.05005  -87.51502   -0.00047   -0.00043     2.8375     2.8731    14.8171    14.8179    35.9455    35.9461    26.7415    26.7417    1524.65    123.424    124.972         34 0.0000e+00
      23717    988.149    220.387    222.000    14.8504    14.8515   4.390435   4.390600     1.8862     1.5673     100.00   29.05230  -87.52180   -0.00044   -0.00049     2.8367     2.8734    14.8168    14.8178    35.9481    35.9486    26.7437    26.7439    1524.71    123.386    124.986         36 0.0000e+00
      23750    989.542    221.379    223.000    14.8391    14.8400   4.389085   4.389229     1.8858     1.5665     100.00   29.05230  -87.52180   -0.00046   -0.00029     2.8369     2.8724    14.8053    14.8062    35.9457    35.9462    26.7444    26.7446    1524.65    123.397    124.938         31 0.0000e+00
      23781    990.820    222.372    224.000    14.7894    14.7954   4.383224   4.383782     1.8842     1.5652     100.00   29.05230  -87.52180   -0.00052   -0.00057     2.8375     2.8720    14.7566    14.7615    35.9364    35.9370    26.7479    26.7473    1524.58    123.421    124.922         31 0.0000e+00
      23814    992.205    223.364    225.000    14.7375    14.7379   4.376965   4.377044     1.8782     1.5574     100.00   29.05230  -87.52180   -0.00162   -0.00210     2.8253     2.8552    14.7035    14.7040    35.9273    35.9276    26.7524    26.7526    1524.52    122.892    124.193         34 0.0000e+00
      23847    993.564    224.356    226.000    14.7048    14.7043   4.373100   4.373015     1.8709     1.5496     100.00   29.05232  -87.52180   -0.00381   -0.00439     2.8102     2.8370    14.6708    14.6702    35.9215    35.9212    26.7551    26.7551    1524.46    122.234    123.399         31 0.0000e+00
      23907    996.089    226.340    228.000    14.5778    14.5791   4.358394   4.358552     1.8561     1.5359     100.00   29.05189  -87.52051   -0.00589   -0.00556     2.7829     2.8089    14.5437    14.5450    35.9023    35.9026    26.7680    26.7679    1524.31    121.045    122.175         34 0.0000e+00
