Gulf of Mexico/GOMECC-4/1db/drb2103_0111.cnv
* Sea-Bird SBE 9 Data File:
* FileName = C:\Users\scs.user.rb\CTD\GOMECC4\data\rb2103_0111.hex
* Software Version Seasave V 7.26.7.107
* Temperature SN = 4799
* Conductivity SN = 3860
* Number of Bytes Per Scan = 41
* Number of Voltage Words = 4
* Number of Scans Averaged by the Deck Unit = 1
* NMEA Latitude = 26 26.63 N
* NMEA Longitude = 085 20.00 W
* NMEA UTC (Time) = Sep 18 2021  04:11:12
* NMEA baud rate = 4800
# nquan = 28
# nvalues = 498                         
# units = specified
# name 0 = scan: Scan Count
# name 1 = timeS: Time, Elapsed [seconds]
# name 2 = depSM: Depth [salt water, m]
# name 3 = prDM: Pressure, Digiquartz [db]
# name 4 = t090C: Temperature [ITS-90, deg C]
# name 5 = t190C: Temperature, 2 [ITS-90, deg C]
# name 6 = c0S/m: Conductivity [S/m]
# name 7 = c1S/m: Conductivity, 2 [S/m]
# name 8 = sbeox0V: Oxygen raw, SBE 43 [V]
# name 9 = sbeox1V: Oxygen raw, SBE 43, 2 [V]
# name 10 = altM: Altimeter [m]
# name 11 = latitude: Latitude [deg]
# name 12 = longitude: Longitude [deg]
# name 13 = sbox0dV/dT: Oxygen, SBE 43 [dov/dt]
# name 14 = sbox1dV/dT: Oxygen, SBE 43, 2 [dov/dt]
# name 15 = sbeox0ML/L: Oxygen, SBE 43 [ml/l], WS = 5
# name 16 = sbeox1ML/L: Oxygen, SBE 43, 2 [ml/l], WS = 5
# name 17 = potemp090C: Potential Temperature [ITS-90, deg C]
# name 18 = potemp190C: Potential Temperature, 2 [ITS-90, deg C]
# name 19 = sal00: Salinity, Practical [PSU]
# name 20 = sal11: Salinity, Practical, 2 [PSU]
# name 21 = sigma-é00: Density [sigma-theta, kg/m^3]
# name 22 = sigma-é11: Density, 2 [sigma-theta, kg/m^3]
# name 23 = avgsvCM: Average Sound Velocity [Chen-Millero, m/s], minP = 20, minS = 20
# name 24 = sbox0Mm/Kg: Oxygen, SBE 43 [umol/kg], WS = 5
# name 25 = sbox1Mm/Kg: Oxygen, SBE 43, 2 [umol/kg], WS = 5
# name 26 = nbin: number of scans per bin
# name 27 = flag: flag
# span 0 =      12224,     104386       
# span 1 =    509.303,   4349.385       
# span 2 =      5.961,   3268.666       
# span 3 =      6.000,   3316.000       
# span 4 =     4.2943,    29.2047       
# span 5 =     4.2952,    29.2062       
# span 6 =   3.348354,   5.844254       
# span 7 =   3.348300,   5.844774       
# span 8 =     1.6227,     3.2332       
# span 9 =     1.3297,     2.7636       
# span 10 =       9.80,     101.19      
# span 11 =   26.42918,   26.44482      
# span 12 =  -85.33610,  -85.28561      
# span 13 =   -0.03204,    0.00912      
# span 14 =   -0.03239,    0.01013      
# span 15 =     2.6091,     4.7476      
# span 16 =     2.6534,     4.7690      
# span 17 =     4.0798,    29.1972      
# span 18 =     4.0811,    29.1987      
# span 19 =    34.8948,    36.5405      
# span 20 =    34.8935,    36.5411      
# span 21 =    22.3280,    27.7591      
# span 22 =    22.3284,    27.7573      
# span 23 =       0.00,    1545.19      
# span 24 =    113.442,    207.113      
# span 25 =    115.371,    208.029      
# span 26 =         30,         69      
# span 27 = 0.0000e+00, 0.0000e+00      
# interval = decibars: 1                
# start_time = Sep 18 2021 04:11:12 [NMEA time, header]
# bad_flag = -9.990e-29
*END*
[from data line 259]
      48201   2008.352   1287.483   1300.000     4.4540     4.4547   3.350330   3.350271     1.9435     1.6313     100.00   26.44385  -85.33287    0.00025    0.00046     4.4594     4.5246     4.3473     4.3480    34.9603    34.9589    27.7175    27.7163    1497.16    193.786    196.618         32 0.0000e+00
      48357   2014.814   1293.407   1306.000     4.4483     4.4491   3.350031   3.349964     1.9435     1.6305     100.00   26.44335  -85.33126   -0.00009   -0.00015     4.4637     4.5256     4.3411     4.3419    34.9598    34.9582    27.7178    27.7164    1497.09    193.973    196.661         34 0.0000e+00
      48391   2016.233   1294.394   1307.000     4.4476     4.4484   3.350075   3.350007     1.9436     1.6300     100.00   26.44388  -85.33298   -0.00004   -0.00035     4.4644     4.5243     4.3403     4.3411    34.9606    34.9590    27.7185    27.7171    1497.12    194.001    196.606         30 0.0000e+00
      48516   2021.467   1299.331   1312.000     4.4437     4.4444   3.349927   3.349871     1.9434     1.6310     100.00   26.44372  -85.33245    0.00001    0.00025     4.4672     4.5319     4.3360     4.3367    34.9605    34.9591    27.7189    27.7177    1497.08    194.127    196.936         30 0.0000e+00
      48547   2022.743   1300.318   1313.000     4.4429     4.4436   3.349923   3.349866     1.9435     1.6302     100.00   26.44388  -85.33298    0.00007    0.00011     4.4681     4.5294     4.3351     4.3358    34.9608    34.9594    27.7193    27.7181    1497.09    194.165    196.825         30 0.0000e+00
      48704   2029.275   1306.242   1319.000     4.4377     4.4385   3.349725   3.349654     1.9444     1.6316      99.95   26.44366  -85.33226    0.00015    0.00020     4.4757     4.5392     4.3294     4.3302    34.9609    34.9593    27.7200    27.7186    1497.04    194.493    197.251         31 0.0000e+00
      48836   2034.802   1311.178   1324.000     4.4321     4.4328   3.349448   3.349377     1.9446     1.6325     100.00   26.44374  -85.33252    0.00001    0.00012     4.4801     4.5461     4.3234     4.3241    34.9612    34.9596    27.7208    27.7195    1497.02    194.684    197.551         30 0.0000e+00
      49790   2074.545   1346.714   1360.000     4.4045     4.4053   3.348605   3.348551     1.9448     1.6319     100.00   26.44392  -85.33310   -0.00006    0.00008     4.5052     4.5685     4.2927     4.2935    34.9626    34.9611    27.7253    27.7240    1496.86    195.776    198.523         31 0.0000e+00
      49893   2078.852   1350.662   1364.000     4.4018     4.4026   3.348483   3.348423     1.9450     1.6315      98.58   26.44333  -85.33118    0.00001   -0.00014     4.5087     4.5696     4.2897     4.2906    34.9620    34.9604    27.7251    27.7238    1496.81    195.928    198.574         30 0.0000e+00
      49926   2080.213   1351.649   1365.000     4.4018     4.4026   3.348584   3.348522     1.9452     1.6318     100.03   26.44388  -85.33296    0.00001    0.00005     4.5099     4.5717     4.2896     4.2904    34.9627    34.9612    27.7257    27.7244    1496.83    195.976    198.663         32 0.0000e+00
      50021   2084.162   1355.597   1369.000     4.4006     4.4014   3.348561   3.348493     1.9444     1.6315     100.00   26.44303  -85.33022   -0.00018   -0.00014     4.5097     4.5731     4.2881     4.2888    34.9617    34.9601    27.7250    27.7237    1496.77    195.970    198.724         30 0.0000e+00
      50058   2085.726   1356.584   1370.000     4.4006     4.4014   3.348692   3.348626     1.9447     1.6314     100.00   26.44388  -85.33296   -0.00002   -0.00018     4.5113     4.5733     4.2880     4.2888    34.9627    34.9611    27.7258    27.7245    1496.81    196.040    198.732         39 0.0000e+00
      50182   2090.859   1361.519   1375.000     4.3997     4.4005   3.348778   3.348722     1.9437     1.6313      97.74   26.44342  -85.33147   -0.00023   -0.00001     4.5107     4.5758     4.2866     4.2874    34.9622    34.9607    27.7256    27.7243    1496.76    196.014    198.843         34 0.0000e+00
      50216   2092.311   1362.506   1376.000     4.3993     4.4001   3.348840   3.348781     1.9437     1.6313     100.07   26.44388  -85.33296   -0.00011    0.00000     4.5113     4.5764     4.2862     4.2869    34.9629    34.9614    27.7262    27.7249    1496.78    196.038    198.868         32 0.0000e+00
      50372   2098.795   1368.427   1382.000     4.3967     4.3974   3.348876   3.348808     1.9437     1.6301     100.00   26.44392  -85.33308    0.00003   -0.00026     4.5150     4.5754     4.2831     4.2838    34.9630    34.9615    27.7267    27.7254    1496.76    196.200    198.827         31 0.0000e+00
      50611   2108.763   1377.310   1391.000     4.3903     4.3910   3.348693   3.348626     1.9441     1.6306      86.70   26.44378  -85.33265    0.00006    0.00010     4.5225     4.5835     4.2759     4.2766    34.9633    34.9617    27.7276    27.7263    1496.72    196.527    199.177         32 0.0000e+00
      50769   2115.320   1383.231   1397.000     4.3870     4.3878   3.348667   3.348602     1.9446     1.6313     100.00   26.44372  -85.33244    0.00012 -9.109e-07     4.5284     4.5904     4.2721     4.2729    34.9634    34.9618    27.7282    27.7268    1496.69    196.784    199.478         33 0.0000e+00
      51138   2130.699   1397.047   1411.000     4.3822     4.3830   3.348855   3.348786     1.9452     1.6324     100.00   26.44350  -85.33174    0.00023    0.00029     4.5397     4.6040     4.2660     4.2668    34.9638    34.9622    27.7291    27.7278    1496.62    197.271    200.066         32 0.0000e+00
      51171   2132.065   1398.034   1412.000     4.3814     4.3821   3.348864   3.348803     1.9458     1.6329     100.00   26.44387  -85.33294    0.00039    0.00047     4.5423     4.6064     4.2651     4.2658    34.9643    34.9628    27.7296    27.7283    1496.64    197.385    200.170         31 0.0000e+00
      51296   2137.282   1402.968   1417.000     4.3793     4.3799   3.348848   3.348785     1.9468     1.6338     100.00   26.44349  -85.33174    0.00020    0.00016     4.5492     4.6134     4.2625     4.2632    34.9639    34.9624    27.7295    27.7283    1496.60    197.686    200.474         36 0.0000e+00
      51331   2138.740   1403.954   1418.000     4.3786     4.3793   3.348885   3.348807     1.9470     1.6337      72.55   26.44386  -85.33294    0.00018    0.00007     4.5509     4.6137     4.2618     4.2625    34.9645    34.9629    27.7301    27.7288    1496.62    197.758    200.489         31 0.0000e+00
      51458   2144.046   1408.888   1423.000     4.3739     4.3747   3.348691   3.348623     1.9475     1.6337     100.00   26.44392  -85.33313    0.00011   -0.00004     4.5563     4.6173     4.2567     4.2574    34.9648    34.9632    27.7309    27.7295    1496.60    197.992    200.644         35 0.0000e+00
      51587   2149.421   1413.822   1428.000     4.3704     4.3711   3.348578   3.348505     1.9481     1.6343     100.00   26.44366  -85.33229    0.00008    0.00012     4.5617     4.6231     4.2528     4.2534    34.9646    34.9631    27.7312    27.7299    1496.58    198.228    200.899         30 0.0000e+00
      51618   2150.693   1414.809   1429.000     4.3692     4.3699   3.348530   3.348465     1.9481     1.6344      74.24   26.44386  -85.33294    0.00008    0.00021     4.5625     4.6243     4.2514     4.2522    34.9649    34.9634    27.7316    27.7303    1496.58    198.264    200.947         30 0.0000e+00
      52118   2171.557   1433.555   1448.000     4.3581     4.3590   3.348354   3.348300     1.9486     1.6353      93.45   26.44354  -85.33190   -0.00001    0.00011     4.5771     4.6410     4.2387     4.2396    34.9651    34.9636    27.7331    27.7318    1496.50    198.898    201.673         31 0.0000e+00
      52150   2172.883   1434.542   1449.000     4.3581     4.3589   3.348429   3.348364     1.9486     1.6353      98.53   26.44386  -85.33294    0.00005    0.00005     4.5775     4.6414     4.2386     4.2394    34.9656    34.9640    27.7335    27.7321    1496.52    198.915    201.692         31 0.0000e+00
      52277   2178.149   1439.475   1454.000     4.3569     4.3577   3.348546   3.348478     1.9486     1.6339     100.00   26.44390  -85.33303   -0.00002   -0.00021     4.5808     4.6388     4.2370     4.2377    34.9657    34.9641    27.7338    27.7324    1496.50    199.056    201.577         32 0.0000e+00
      52491   2187.088   1447.368   1462.000     4.3523     4.3531   3.348493   3.348423     1.9477     1.6335     100.00   26.44392  -85.33311   -0.00007   -0.00003     4.5827     4.6426     4.2317     4.2325    34.9660    34.9644    27.7346    27.7332    1496.48    199.142    201.746         33 0.0000e+00
      52649   2193.660   1453.287   1468.000     4.3508     4.3515   3.348627   3.348550     1.9475     1.6339      98.21   26.44403  -85.33345   -0.00004    0.00005     4.5860     4.6481     4.2296     4.2304    34.9662    34.9646    27.7350    27.7336    1496.47    199.283    201.984         32 0.0000e+00
      52780   2199.144   1458.220   1473.000     4.3489     4.3496   3.348679   3.348614     1.9474     1.6335     100.00   26.44409  -85.33366    0.00004   -0.00007     4.5885     4.6498     4.2273     4.2280    34.9664    34.9649    27.7354    27.7341    1496.46    199.392    202.057         31 0.0000e+00
      52886   2203.545   1462.166   1477.000     4.3476     4.3483   3.348683   3.348621     1.9474     1.6327     100.00   26.44365  -85.33226    0.00004   -0.00021     4.5914     4.6494     4.2256     4.2263    34.9658    34.9644    27.7351    27.7339    1496.42    199.519    202.037         32 0.0000e+00
      53018   2209.028   1467.098   1482.000     4.3471     4.3478   3.348904   3.348834     1.9470     1.6330      90.61   26.44395  -85.33319   -0.00013    0.00009     4.5926     4.6535     4.2247     4.2254    34.9665    34.9650    27.7357    27.7344    1496.42    199.569    202.218         30 0.0000e+00
      53548   2231.125   1486.827   1502.000     4.3412     4.3420   3.349199   3.349140     1.9457     1.6326      96.29   26.44361  -85.33210   -0.00006   -0.00002     4.6005     4.6649     4.2170     4.2178    34.9664    34.9648    27.7365    27.7351    1496.36    199.915    202.710         32 0.0000e+00
      53679   2236.584   1491.759   1507.000     4.3396     4.3403   3.349267   3.349204     1.9450     1.6317     100.00   26.44362  -85.33210   -0.00013   -0.00012     4.6013     4.6644     4.2149     4.2156    34.9664    34.9649    27.7367    27.7354    1496.35    199.948    202.689         38 0.0000e+00
      53838   2243.228   1497.677   1513.000     4.3377     4.3384   3.349378   3.349318     1.9446     1.6312      91.18   26.44384  -85.33282   -0.00009   -0.00002     4.6035     4.6659     4.2125     4.2131    34.9668    34.9654    27.7373    27.7361    1496.35    200.042    202.756         36 0.0000e+00
      53873   2244.653   1498.663   1514.000     4.3374     4.3381   3.349398   3.349336     1.9443     1.6308     100.31   26.44386  -85.33288   -0.00017   -0.00006     4.6030     4.6652     4.2120     4.2128    34.9669    34.9655    27.7374    27.7362    1496.34    200.023    202.725         30 0.0000e+00
      53997   2249.853   1503.595   1519.000     4.3359     4.3366   3.349474   3.349411     1.9444     1.6302     100.00   26.44385  -85.33284    0.00007   -0.00003     4.6065     4.6660     4.2101     4.2108    34.9669    34.9655    27.7376    27.7364    1496.33    200.173    202.757         36 0.0000e+00
      54184   2257.612   1510.499   1526.000     4.3330     4.3338   3.349516   3.349446     1.9439     1.6302     100.00   26.44370  -85.33237   -0.00013    0.00002     4.6091     4.6705     4.2066     4.2074    34.9670    34.9654    27.7380    27.7367    1496.31    200.288    202.957         31 0.0000e+00
      54527   2271.921   1523.320   1539.000     4.3294     4.3301   3.349752   3.349682     1.9435     1.6300     100.00   26.44367  -85.33226   -0.00006    0.00007     4.6159     4.6778     4.2018     4.2026    34.9672    34.9657    27.7388    27.7374    1496.28    200.583    203.274         32 0.0000e+00
      54655   2277.262   1528.251   1544.000     4.3278     4.3285   3.349770   3.349708     1.9430     1.6293     100.00   26.44327  -85.33096   -0.00011   -0.00009     4.6175     4.6784     4.1998     4.2005    34.9667    34.9652    27.7386    27.7373    1496.25    200.651    203.298         30 0.0000e+00
      54689   2278.672   1529.237   1545.000     4.3275     4.3282   3.349850   3.349780     1.9432     1.6294     100.00   26.44386  -85.33286   -0.00002   -0.00009     4.6185     4.6795     4.1994     4.2001    34.9675    34.9659    27.7392    27.7379    1496.28    200.696    203.345         34 0.0000e+00
      54815   2283.905   1534.168   1550.000     4.3252     4.3259   3.349783   3.349722     1.9424     1.6286     100.00   26.44324  -85.33086   -0.00021   -0.00006     4.6191     4.6798     4.1967     4.1974    34.9666    34.9652    27.7388    27.7376    1496.24    200.719    203.358         31 0.0000e+00
      54848   2285.287   1535.154   1551.000     4.3251     4.3259   3.349895   3.349830     1.9421     1.6285     100.00   26.44386  -85.33286   -0.00027   -0.00010     4.6183     4.6797     4.1965     4.1972    34.9676    34.9660    27.7396    27.7383    1496.27    200.685    203.356         32 0.0000e+00
      55059   2294.068   1543.043   1559.000     4.3233     4.3240   3.350114   3.350037     1.9411     1.6275     100.00   26.44416  -85.33381    0.00001   -0.00001     4.6197     4.6807     4.1939     4.1946    34.9682    34.9665    27.7403    27.7390    1496.28    200.746    203.399         31 0.0000e+00
      55483   2311.739   1558.820   1575.000     4.3201     4.3208   3.350499   3.350427     1.9400     1.6265     100.00   26.44397  -85.33321   -0.00005    0.00007     4.6256     4.6868     4.1893     4.1900    34.9682    34.9667    27.7409    27.7396    1496.24    201.002    203.663         36 0.0000e+00
      55609   2317.019   1563.751   1580.000     4.3200     4.3207   3.350636   3.350563     1.9403     1.6273      96.59   26.44336  -85.33122    0.00004    0.00024     4.6297     4.6934     4.1886     4.1894    34.9676    34.9660    27.7404    27.7391    1496.19    201.184    203.948         34 0.0000e+00
      55644   2318.479   1564.736   1581.000     4.3198     4.3206   3.350717   3.350651     1.9406     1.6276     100.16   26.44386  -85.33282    0.00012    0.00037     4.6314     4.6950     4.1883     4.1892    34.9683    34.9666    27.7410    27.7396    1496.22    201.257    204.020         31 0.0000e+00
      55853   2327.159   1572.625   1589.000     4.3175     4.3182   3.350796   3.350727     1.9394     1.6263     100.00   26.44354  -85.33178   -0.00011   -0.00010     4.6320     4.6950     4.1853     4.1860    34.9677    34.9661    27.7409    27.7396    1496.19    201.281    204.021         38 0.0000e+00
      55974   2332.222   1577.554   1594.000     4.3167     4.3174   3.350863   3.350799     1.9384     1.6246     100.00   26.44283  -85.32951   -0.00022   -0.00031     4.6314     4.6909     4.1841     4.1848    34.9669    34.9653    27.7403    27.7390    1496.15    201.255    203.841         34 0.0000e+00
      56017   2333.994   1578.540   1595.000     4.3165     4.3172   3.351012   3.350943     1.9384     1.6242      96.12   26.44386  -85.33282   -0.00012   -0.00031     4.6321     4.6900     4.1838     4.1845    34.9683    34.9668    27.7415    27.7402    1496.20    201.284    203.803         41 0.0000e+00
      56138   2339.033   1583.470   1600.000     4.3159     4.3167   3.351137   3.351081     1.9381     1.6250     100.00   26.44352  -85.33173   -0.00008    0.00023     4.6338     4.6965     4.1828     4.1835    34.9680    34.9665    27.7414    27.7401    1496.18    201.360    204.082         30 0.0000e+00
