Gulf of Mexico/GOMECC-4/1db/drb2103_1411.cnv
* Sea-Bird SBE 9 Data File:
* FileName = C:\Users\scs.user.rb\CTD\GOMECC4\data\rb2103_1411.hex
* Software Version Seasave V 7.26.7.107
* Temperature SN = 4799
* Conductivity SN = 3860
* Number of Bytes Per Scan = 41
* Number of Voltage Words = 4
* Number of Scans Averaged by the Deck Unit = 1
* NMEA Latitude = 25 34.46 N
* NMEA Longitude = 084 50.56 W
* NMEA UTC (Time) = Oct 20 2021  15:46:56
* NMEA baud rate = 4800
# nquan = 28
# nvalues = 1022                        
# units = specified
# name 0 = scan: Scan Count
# name 1 = timeS: Time, Elapsed [seconds]
# name 2 = depSM: Depth [salt water, m]
# name 3 = prDM: Pressure, Digiquartz [db]
# name 4 = t090C: Temperature [ITS-90, deg C]
# name 5 = t190C: Temperature, 2 [ITS-90, deg C]
# name 6 = c0S/m: Conductivity [S/m]
# name 7 = c1S/m: Conductivity, 2 [S/m]
# name 8 = sbeox0V: Oxygen raw, SBE 43 [V]
# name 9 = sbeox1V: Oxygen raw, SBE 43, 2 [V]
# name 10 = altM: Altimeter [m]
# name 11 = latitude: Latitude [deg]
# name 12 = longitude: Longitude [deg]
# name 13 = sbox0dV/dT: Oxygen, SBE 43 [dov/dt]
# name 14 = sbox1dV/dT: Oxygen, SBE 43, 2 [dov/dt]
# name 15 = sbeox0ML/L: Oxygen, SBE 43 [ml/l], WS = 5
# name 16 = sbeox1ML/L: Oxygen, SBE 43, 2 [ml/l], WS = 5
# name 17 = potemp090C: Potential Temperature [ITS-90, deg C]
# name 18 = potemp190C: Potential Temperature, 2 [ITS-90, deg C]
# name 19 = sal00: Salinity, Practical [PSU]
# name 20 = sal11: Salinity, Practical, 2 [PSU]
# name 21 = sigma-é00: Density [sigma-theta, kg/m^3]
# name 22 = sigma-é11: Density, 2 [sigma-theta, kg/m^3]
# name 23 = avgsvCM: Average Sound Velocity [Chen-Millero, m/s], minP = 20, minS = 20
# name 24 = sbox0Mm/Kg: Oxygen, SBE 43 [umol/kg], WS = 5
# name 25 = sbox1Mm/Kg: Oxygen, SBE 43, 2 [umol/kg], WS = 5
# name 26 = nbin: number of scans per bin
# name 27 = flag: flag
# span 0 =      12045,     110265       
# span 1 =    501.816,   4594.354       
# span 2 =      3.974,   3327.563       
# span 3 =      4.000,   3376.000       
# span 4 =     4.3111,    28.3886       
# span 5 =     4.3120,    28.3919       
# span 6 =   3.349536,   5.841598       
# span 7 =   3.349494,   5.841751       
# span 8 =     1.6163,     3.1329       
# span 9 =     1.3160,     2.6500       
# span 10 =       9.56,     105.32      
# span 11 =   25.51710,   25.63652      
# span 12 =  -85.05053,  -84.65435      
# span 13 =   -0.03559,    0.01460      
# span 14 =   -0.03438,    0.01437      
# span 15 =     2.5833,     4.7052      
# span 16 =     2.5949,     4.7141      
# span 17 =     4.0814,    28.3812      
# span 18 =     4.0828,    28.3845      
# span 19 =    34.9008,    36.7261      
# span 20 =    34.9001,    36.7276      
# span 21 =    22.9152,    27.7596      
# span 22 =    22.9151,    27.7581      
# span 23 =       0.00,    1542.98      
# span 24 =    112.357,    204.460      
# span 25 =    112.863,    204.848      
# span 26 =         30,         70      
# span 27 = 0.0000e+00, 0.0000e+00      
# interval = decibars: 1                
# start_time = Oct 20 2021 15:46:56 [NMEA time, header]
# bad_flag = -9.990e-29
*END*
[from data line 415]
      51841   2160.007   1381.345   1395.000     4.4064     4.4070   3.350397   3.350362     1.9538     1.6279     100.00   25.57368  -84.84236   -0.00012    0.00003     4.5587     4.5732     4.2914     4.2920    34.9643    34.9633    27.7268    27.7259    1498.17    198.098    198.728         31 0.0000e+00
      51959   2164.907   1386.279   1400.000     4.4064     4.4070   3.350491   3.350456     1.9540     1.6283     100.00   25.57268  -84.83905    0.00007    0.00010     4.5625     4.5778     4.2909     4.2916    34.9629    34.9618    27.7257    27.7248    1498.08    198.262    198.928         39 0.0000e+00
      52013   2167.154   1387.266   1401.000     4.4065     4.4072   3.350659   3.350621     1.9540     1.6286      99.71   25.57368  -84.84236    0.00012    0.00030     4.5628     4.5796     4.2910     4.2916    34.9643    34.9632    27.7268    27.7259    1498.14    198.278    199.007         32 0.0000e+00
      52152   2172.949   1393.188   1407.000     4.4039     4.4047   3.350628   3.350602     1.9536     1.6276     100.00   25.57308  -84.84038    0.00000   -0.00021     4.5654     4.5792     4.2878     4.2886    34.9637    34.9626    27.7267    27.7257    1498.07    198.389    198.991         33 0.0000e+00
      52192   2174.609   1394.175   1408.000     4.4035     4.4042   3.350707   3.350676     1.9536     1.6276     100.00   25.57368  -84.84235   -0.00004   -0.00013     4.5659     4.5800     4.2874     4.2881    34.9645    34.9635    27.7274    27.7265    1498.10    198.411    199.024         43 0.0000e+00
      52313   2179.647   1399.109   1413.000     4.4012     4.4019   3.350503   3.350461     1.9539     1.6280      91.20   25.57173  -84.83591    0.00009    0.00014     4.5705     4.5852     4.2846     4.2853    34.9621    34.9608    27.7257    27.7246    1497.97    198.612    199.249         36 0.0000e+00
      52750   2197.880   1414.898   1429.000     4.3849     4.3856   3.350030   3.350000     1.9564     1.6307     100.00   25.57375  -84.84256    0.00024    0.00041     4.5911     4.6075     4.2670     4.2677    34.9659    34.9649    27.7307    27.7298    1498.01    199.507    200.217         39 0.0000e+00
      52787   2199.403   1415.885   1430.000     4.3843     4.3850   3.350012   3.349987     1.9572     1.6313     100.00   25.57368  -84.84237    0.00049    0.00048     4.5950     4.6105     4.2663     4.2670    34.9659    34.9648    27.7307    27.7298    1498.00    199.675    200.351         35 0.0000e+00
      52944   2205.945   1421.805   1436.000     4.3809     4.3817   3.349933   3.349907     1.9585     1.6317     100.00   25.57328  -84.84106    0.00019    0.00005     4.6038     4.6162     4.2624     4.2632    34.9655    34.9643    27.7309    27.7298    1497.96    200.058    200.596         40 0.0000e+00
      52981   2207.489   1422.792   1437.000     4.3797     4.3805   3.349915   3.349899     1.9587     1.6323     100.00   25.57369  -84.84238    0.00011   -0.00000     4.6051     4.6193     4.2611     4.2619    34.9661    34.9650    27.7315    27.7305    1497.97    200.116    200.732         30 0.0000e+00
      53056   2210.636   1425.752   1440.000     4.3764     4.3774   3.349754   3.349742     1.9591     1.6325     100.00   25.57359  -84.84201    0.00013    0.00009     4.6090     4.6221     4.2576     4.2585    34.9662    34.9651    27.7319    27.7309    1497.95    200.281    200.851         30 0.0000e+00
      53168   2215.290   1429.699   1444.000     4.3727     4.3735   3.349612   3.349585     1.9588     1.6326      73.92   25.57368  -84.84232   -0.00018    0.00003     4.6106     4.6254     4.2536     4.2543    34.9665    34.9653    27.7326    27.7316    1497.94    200.352    200.997         37 0.0000e+00
      53357   2223.147   1436.606   1451.000     4.3700     4.3704   3.349674   3.349608     1.9589     1.6325     100.00   25.57369  -84.84239    0.00003   -0.00006     4.6157     4.6299     4.2502     4.2506    34.9666    34.9655    27.7331    27.7321    1497.92    200.573    201.192         32 0.0000e+00
      53388   2224.467   1437.593   1452.000     4.3680     4.3685   3.349536   3.349494     1.9591     1.6325     100.00   25.57369  -84.84238    0.00009   -0.00012     4.6171     4.6304     4.2481     4.2487    34.9667    34.9656    27.7333    27.7324    1497.91    200.637    201.215         30 0.0000e+00
      53637   2234.830   1446.473   1461.000     4.3660     4.3668   3.349683   3.349662     1.9585     1.6315     100.00   25.57319  -84.84066   -0.00012   -0.00022     4.6207     4.6322     4.2453     4.2461    34.9660    34.9649    27.7331    27.7321    1497.84    200.792    201.293         47 0.0000e+00
      53756   2239.804   1451.405   1466.000     4.3661     4.3669   3.349773   3.349737     1.9584     1.6315      76.69   25.57196  -84.83651   -0.00004    0.00004     4.6233     4.6355     4.2450     4.2457    34.9644    34.9632    27.7319    27.7308    1497.75    200.907    201.434         31 0.0000e+00
      53932   2247.119   1457.325   1472.000     4.3616     4.3624   3.349777   3.349757     1.9575     1.6313     100.00   25.57317  -84.84054   -0.00011   -0.00005     4.6241     4.6385     4.2399     4.2407    34.9666    34.9654    27.7341    27.7331    1497.80    200.937    201.564         41 0.0000e+00
      53971   2248.750   1458.312   1473.000     4.3606     4.3615   3.349810   3.349796     1.9576     1.6313     100.00   25.57372  -84.84238   -0.00020   -0.00004     4.6250     4.6391     4.2389     4.2398    34.9673    34.9662    27.7348    27.7339    1497.83    200.980    201.591         33 0.0000e+00
      54099   2254.091   1463.245   1478.000     4.3596     4.3603   3.349807   3.349764     1.9585     1.6323     100.00   25.57262  -84.83874    0.00023    0.00026     4.6319     4.6464     4.2374     4.2381    34.9658    34.9646    27.7338    27.7327    1497.75    201.280    201.910         44 0.0000e+00
      54143   2255.911   1464.231   1479.000     4.3594     4.3600   3.349956   3.349902     1.9587     1.6324     100.00   25.57372  -84.84238    0.00013    0.00019     4.6332     4.6477     4.2371     4.2377    34.9673    34.9661    27.7350    27.7340    1497.81    201.334    201.964         33 0.0000e+00
      54229   2259.481   1468.178   1483.000     4.3573     4.3580   3.349788   3.349753     1.9587     1.6324      99.99   25.57233  -84.83776    0.00002    0.00002     4.6360     4.6502     4.2347     4.2354    34.9656    34.9644    27.7339    27.7329    1497.71    201.455    202.074         30 0.0000e+00
      54276   2261.476   1469.164   1484.000     4.3577     4.3584   3.350009   3.349982     1.9591     1.6324     100.00   25.57372  -84.84238    0.00016    0.00002     4.6379     4.6509     4.2349     4.2357    34.9674    34.9663    27.7353    27.7343    1497.79    201.540    202.103         47 0.0000e+00
      54406   2266.875   1474.097   1489.000     4.3580     4.3587   3.350304   3.350280     1.9585     1.6324     100.00   25.57421  -84.84400   -0.00014    0.00004     4.6384     4.6538     4.2348     4.2355    34.9681    34.9670    27.7359    27.7350    1497.80    201.562    202.231         48 0.0000e+00
      54608   2275.309   1481.002   1496.000     4.3573     4.3579   3.350602   3.350568     1.9578     1.6315      91.70   25.57475  -84.84581   -0.00005   -0.00005     4.6401     4.6544     4.2335     4.2341    34.9689    34.9678    27.7367    27.7358    1497.81    201.636    202.254         35 0.0000e+00
      54719   2279.899   1485.934   1501.000     4.3545     4.3552   3.350230   3.350197     1.9573     1.6311      99.99   25.57166  -84.83552   -0.00008   -0.00008     4.6420     4.6562     4.2302     4.2309    34.9649    34.9638    27.7338    27.7328    1497.61    201.715    202.336         31 0.0000e+00
      54774   2282.224   1486.921   1502.000     4.3546     4.3553   3.350517   3.350480     1.9572     1.6312      81.22   25.57372  -84.84238   -0.00001    0.00000     4.6418     4.6572     4.2302     4.2310    34.9677    34.9665    27.7361    27.7351    1497.73    201.708    202.378         31 0.0000e+00
      54867   2286.075   1490.866   1506.000     4.3538     4.3545   3.350541   3.350514     1.9569     1.6301     100.00   25.57316  -84.84055   -0.00011   -0.00027     4.6433     4.6553     4.2290     4.2297    34.9669    34.9659    27.7356    27.7347    1497.69    201.774    202.297         31 0.0000e+00
      54899   2287.427   1491.853   1507.000     4.3538     4.3545   3.350652   3.350628     1.9567     1.6301     100.00   25.57372  -84.84240   -0.00001   -0.00003     4.6430     4.6556     4.2290     4.2297    34.9677    34.9667    27.7362    27.7353    1497.71    201.760    202.308         30 0.0000e+00
      54952   2289.627   1493.826   1509.000     4.3531     4.3539   3.350611   3.350581     1.9566     1.6300     100.00   25.57305  -84.84017   -0.00006   -0.00003     4.6443     4.6568     4.2281     4.2289    34.9669    34.9658    27.7357    27.7347    1497.67    201.816    202.358         30 0.0000e+00
      54989   2291.149   1494.812   1510.000     4.3532     4.3539   3.350728   3.350696     1.9568     1.6300     100.00   25.57372  -84.84240    0.00004    0.00000     4.6453     4.6574     4.2281     4.2287    34.9678    34.9667    27.7363    27.7355    1497.70    201.858    202.388         38 0.0000e+00
      55091   2295.409   1498.758   1514.000     4.3527     4.3533   3.350816   3.350769     1.9562     1.6300     100.00   25.57337  -84.84124   -0.00012   -0.00002     4.6458     4.6597     4.2272     4.2278    34.9674    34.9662    27.7361    27.7352    1497.67    201.884    202.488         34 0.0000e+00
      55228   2301.143   1503.690   1519.000     4.3528     4.3535   3.350972   3.350938     1.9556     1.6292      97.22   25.57280  -84.83935   -0.00006   -0.00013     4.6467     4.6597     4.2269     4.2275    34.9666    34.9655    27.7356    27.7346    1497.63    201.919    202.488         37 0.0000e+00
      55391   2307.924   1509.608   1525.000     4.3510     4.3518   3.351148   3.351118     1.9551     1.6287      85.20   25.57354  -84.84181   -0.00011   -0.00003     4.6486     4.6613     4.2245     4.2253    34.9677    34.9665    27.7367    27.7356    1497.65    202.002    202.556         36 0.0000e+00
      55583   2315.935   1516.512   1532.000     4.3491     4.3499   3.351120   3.351079     1.9540     1.6277      99.99   25.57208  -84.83697   -0.00015   -0.00017     4.6487     4.6620     4.2220     4.2227    34.9659    34.9646    27.7355    27.7344    1497.54    202.010    202.586         47 0.0000e+00
      55635   2318.067   1517.498   1533.000     4.3493     4.3500   3.351369   3.351332     1.9538     1.6277      68.45   25.57372  -84.84240    0.00001   -0.00025     4.6486     4.6624     4.2221     4.2228    34.9682    34.9670    27.7373    27.7363    1497.64    202.004    202.603         36 0.0000e+00
      55765   2323.511   1522.430   1538.000     4.3497     4.3503   3.351954   3.351915     1.9540     1.6278      93.73   25.57682  -84.85267   -0.00001   -0.00001     4.6517     4.6653     4.2220     4.2226    34.9723    34.9712    27.7407    27.7397    1497.80    202.139    202.727         30 0.0000e+00
      55885   2328.488   1527.361   1543.000     4.3489     4.3499   3.351674   3.351644     1.9534     1.6267     100.00   25.57303  -84.84011   -0.00007   -0.00020     4.6531     4.6645     4.2207     4.2217    34.9673    34.9659    27.7367    27.7356    1497.57    202.198    202.695         35 0.0000e+00
      56106   2337.691   1534.265   1550.000     4.3456     4.3473   3.351940   3.351989     1.9523     1.6255      99.65   25.57534  -84.84782   -0.00009   -0.00027     4.6533     4.6639     4.2168     4.2185    34.9705    34.9693    27.7398    27.7386    1497.69    202.208    202.669         33 0.0000e+00
      56203   2341.749   1539.196   1555.000     4.3418     4.3427   3.351451   3.351428     1.9520     1.6254      99.99   25.57210  -84.83706    0.00003    0.00001     4.6563     4.6675     4.2126     4.2134    34.9662    34.9651    27.7368    27.7358    1497.49    202.338    202.825         34 0.0000e+00
      56254   2343.860   1540.182   1556.000     4.3408     4.3417   3.351575   3.351559     1.9522     1.6261     100.00   25.57370  -84.84238    0.00006    0.00023     4.6577     4.6707     4.2115     4.2124    34.9684    34.9672    27.7386    27.7376    1497.58    202.397    202.963         50 0.0000e+00
      56373   2348.848   1545.113   1561.000     4.3405     4.3414   3.351687   3.351669     1.9522     1.6263      85.85   25.57296  -84.83991    0.00004    0.00010     4.6608     4.6749     4.2107     4.2116    34.9675    34.9664    27.7380    27.7370    1497.52    202.533    203.148         31 0.0000e+00
      56411   2350.424   1546.099   1562.000     4.3401     4.3410   3.351777   3.351765     1.9523     1.6257      90.41   25.57370  -84.84238    0.00005   -0.00007     4.6616     4.6729     4.2102     4.2111    34.9685    34.9675    27.7389    27.7380    1497.56    202.568    203.060         39 0.0000e+00
      56564   2356.795   1552.016   1568.000     4.3381     4.3391   3.351734   3.351722     1.9519     1.6251     100.00   25.57261  -84.83875   -0.00009   -0.00001     4.6640     4.6745     4.2077     4.2087    34.9672    34.9660    27.7381    27.7370    1497.49    202.672    203.130         32 0.0000e+00
      56610   2358.720   1553.002   1569.000     4.3387     4.3393   3.351955   3.351908     1.9519     1.6252     100.00   25.57370  -84.84238    0.00003    0.00004     4.6646     4.6752     4.2082     4.2088    34.9686    34.9675    27.7392    27.7382    1497.54    202.697    203.158         46 0.0000e+00
      56771   2365.432   1558.919   1575.000     4.3390     4.3398   3.352232   3.352203     1.9510     1.6239     100.00   25.57371  -84.84240   -0.00010   -0.00021     4.6647     4.6735     4.2079     4.2087    34.9687    34.9676    27.7393    27.7383    1497.53    202.703    203.087         47 0.0000e+00
      56903   2370.925   1563.849   1580.000     4.3390     4.3398   3.352303   3.352273     1.9498     1.6234     100.00   25.57250  -84.83840   -0.00019   -0.00009     4.6632     4.6745     4.2074     4.2082    34.9670    34.9659    27.7380    27.7370    1497.45    202.636    203.127         49 0.0000e+00
      57083   2378.399   1569.766   1586.000     4.3383     4.3390   3.352717   3.352688     1.9490     1.6226     100.00   25.57451  -84.84508   -0.00010   -0.00013     4.6639     4.6748     4.2061     4.2069    34.9698    34.9687    27.7404    27.7394    1497.56    202.669    203.142         36 0.0000e+00
      57196   2383.144   1574.696   1591.000     4.3372     4.3379   3.352583   3.352539     1.9486     1.6224      94.09   25.57224  -84.83754   -0.00007   -0.00001     4.6656     4.6776     4.2046     4.2053    34.9669    34.9657    27.7382    27.7371    1497.41    202.743    203.264         33 0.0000e+00
      57376   2390.624   1580.612   1597.000     4.3318     4.3326   3.352607   3.352581     1.9485     1.6218     100.00   25.57436  -84.84458    0.00002    0.00008     4.6693     4.6790     4.1987     4.1996    34.9700    34.9688    27.7413    27.7403    1497.53    202.901    203.325         48 0.0000e+00
      57538   2397.358   1586.528   1603.000     4.3274     4.3281   3.352359   3.352325     1.9486     1.6218      95.03   25.57330  -84.84106    0.00004    0.00006     4.6739     4.6835     4.1938     4.1945    34.9688    34.9676    27.7409    27.7398    1497.45    203.104    203.518         44 0.0000e+00
      57663   2402.597   1591.458   1608.000     4.3263     4.3273   3.352422   3.352406     1.9485     1.6224     100.00   25.57274  -84.83918   -0.00007    0.00000     4.6770     4.6891     4.1923     4.1932    34.9682    34.9670    27.7405    27.7395    1497.40    203.237    203.764         30 0.0000e+00
