Gulf of Mexico/GOMECC-4/1db/drb2103_1091.cnv
* Sea-Bird SBE 9 Data File:
* FileName = C:\Users\scs.user.rb\CTD\GOMECC4\data\rb2103_1091.hex
* Software Version Seasave V 7.26.7.107
* Temperature SN = 4799
* Conductivity SN = 3860
* Number of Bytes Per Scan = 41
* Number of Voltage Words = 4
* Number of Scans Averaged by the Deck Unit = 1
* NMEA Latitude = 22 44.06 N
* NMEA Longitude = 086 29.42 W
* NMEA UTC (Time) = Oct 15 2021  01:38:41
* NMEA baud rate = 4800
# nquan = 28
# nvalues = 288                         
# units = specified
# name 0 = scan: Scan Count
# name 1 = timeS: Time, Elapsed [seconds]
# name 2 = depSM: Depth [salt water, m]
# name 3 = prDM: Pressure, Digiquartz [db]
# name 4 = t090C: Temperature [ITS-90, deg C]
# name 5 = t190C: Temperature, 2 [ITS-90, deg C]
# name 6 = c0S/m: Conductivity [S/m]
# name 7 = c1S/m: Conductivity, 2 [S/m]
# name 8 = sbeox0V: Oxygen raw, SBE 43 [V]
# name 9 = sbeox1V: Oxygen raw, SBE 43, 2 [V]
# name 10 = altM: Altimeter [m]
# name 11 = latitude: Latitude [deg]
# name 12 = longitude: Longitude [deg]
# name 13 = sbox0dV/dT: Oxygen, SBE 43 [dov/dt]
# name 14 = sbox1dV/dT: Oxygen, SBE 43, 2 [dov/dt]
# name 15 = sbeox0ML/L: Oxygen, SBE 43 [ml/l], WS = 5
# name 16 = sbeox1ML/L: Oxygen, SBE 43, 2 [ml/l], WS = 5
# name 17 = potemp090C: Potential Temperature [ITS-90, deg C]
# name 18 = potemp190C: Potential Temperature, 2 [ITS-90, deg C]
# name 19 = sal00: Salinity, Practical [PSU]
# name 20 = sal11: Salinity, Practical, 2 [PSU]
# name 21 = sigma-é00: Density [sigma-theta, kg/m^3]
# name 22 = sigma-é11: Density, 2 [sigma-theta, kg/m^3]
# name 23 = avgsvCM: Average Sound Velocity [Chen-Millero, m/s], minP = 20, minS = 20
# name 24 = sbox0Mm/Kg: Oxygen, SBE 43 [umol/kg], WS = 5
# name 25 = sbox1Mm/Kg: Oxygen, SBE 43, 2 [umol/kg], WS = 5
# name 26 = nbin: number of scans per bin
# name 27 = flag: flag
# span 0 =      12874,      36138       
# span 1 =    536.396,   1505.699       
# span 2 =      2.981,    651.842       
# span 3 =      3.000,    657.000       
# span 4 =     7.7837,    30.0355       
# span 5 =     7.7844,    30.0376       
# span 6 =   3.625643,   6.026292       
# span 7 =   3.625698,   6.026716       
# span 8 =     1.6381,     3.1868       
# span 9 =     1.3369,     2.6973       
# span 10 =      11.02,     102.03      
# span 11 =   22.73195,   22.75133      
# span 12 =  -86.52101,  -86.46672      
# span 13 =   -0.01931,    0.00330      
# span 14 =   -0.01766,    0.00311      
# span 15 =     2.6951,     4.4316      
# span 16 =     2.7110,     4.4097      
# span 17 =     7.7165,    30.0341      
# span 18 =     7.7172,    30.0361      
# span 19 =    34.9489,    36.9975      
# span 20 =    34.9485,    36.9985      
# span 21 =    22.6627,    27.2840      
# span 22 =    22.6631,    27.2837      
# span 23 =       0.00,    1552.29      
# span 24 =    117.179,    193.484      
# span 25 =    117.873,    192.536      
# span 26 =         30,         67      
# span 27 = 0.0000e+00, 0.0000e+00      
# interval = decibars: 1                
# start_time = Oct 15 2021 01:38:41 [NMEA time, header]
# bad_flag = -9.990e-29
*END*
[from data line 104]
      17838    743.224    108.287    109.000    24.7482    24.7478   5.540845   5.541084     2.6067     2.1923     100.00   22.73952  -86.49366   -0.00091   -0.00023     3.6941     3.6911    24.7245    24.7242    36.9110    36.9130    24.8704    24.8721    1544.29    160.974    160.843         35 0.0000e+00
      17872    744.633    109.280    110.000    24.7430    24.7428   5.540470   5.540719     2.6059     2.1909      95.19   22.73953  -86.49369   -0.00067   -0.00073     3.6933     3.6888    24.7191    24.7189    36.9121    36.9141    24.8729    24.8745    1544.23    160.940    160.743         33 0.0000e+00
      17983    749.270    113.253    114.000    24.4769    24.4773   5.515599   5.515897     2.5935     2.1837      99.98   22.73574  -86.47919   -0.00238   -0.00138     3.6880     3.6908    24.4524    24.4528    36.9396    36.9415    24.9739    24.9753    1543.74    160.693    160.816         34 0.0000e+00
      18020    750.778    114.246    115.000    24.4421    24.4391   5.512783   5.512706     2.5923     2.1804     100.00   22.73957  -86.49375   -0.00209   -0.00137     3.6885     3.6866    24.4174    24.4143    36.9493    36.9512    24.9926    24.9949    1543.94    160.712    160.629         32 0.0000e+00
      18131    755.405    118.219    119.000    24.0125    24.0130   5.470002   5.470295     2.5641     2.1527      99.98   22.73551  -86.47813   -0.00572   -0.00558     3.6628     3.6542    23.9872    23.9877    36.9761    36.9779    25.1413    25.1425    1543.41    159.569    159.191         33 0.0000e+00
      18167    756.911    119.212    120.000    23.9175    23.9166   5.460849   5.460998     2.5515     2.1413     100.00   22.73964  -86.49380   -0.00681   -0.00686     3.6446     3.6356    23.8921    23.8912    36.9877    36.9895    25.1793    25.1809    1543.62    158.772    158.379         32 0.0000e+00
      18282    761.714    123.185    124.000    23.6261    23.6295   5.430634   5.431126     2.5109     2.1107     100.00   22.73924  -86.49215   -0.00705   -0.00507     3.5848     3.5879    23.6001    23.6035    36.9975    36.9985    25.2734    25.2731    1543.33    156.149    156.286         30 0.0000e+00
      18313    763.003    124.178    125.000    23.5222    23.5193   5.419215   5.419102     2.5037     2.1046     100.00   22.73969  -86.49385   -0.00616   -0.00387     3.5776     3.5818    23.4960    23.4932    36.9966    36.9981    25.3035    25.3054    1543.30    155.834    156.015         31 0.0000e+00
      18346    764.363    125.171    126.000    23.4549    23.4545   5.411817   5.411997     2.4970     2.0990     100.00   22.73972  -86.49386   -0.00565   -0.00421     3.5692     3.5739    23.4286    23.4282    36.9956    36.9973    25.3225    25.3240    1543.23    155.464    155.670         35 0.0000e+00
      18383    765.913    126.164    127.000    23.3106    23.2939   5.395959   5.394154     2.4871     2.0874     100.00   22.73972  -86.49388   -0.00535   -0.00514     3.5649     3.5648    23.2842    23.2675    36.9939    36.9940    25.3637    25.3686    1543.16    155.268    155.265         37 0.0000e+00
      18416    767.298    127.157    128.000    23.0606    23.0592   5.367582   5.367755     2.4748     2.0786     100.00   22.73974  -86.49390   -0.00704   -0.00675     3.5518     3.5543    23.0342    23.0328    36.9838    36.9864    25.4291    25.4315    1543.09    154.689    154.799         30 0.0000e+00
      18467    769.436    129.143    130.000    23.0385    23.0408   5.364506   5.365054     2.4639     2.0684      99.98   22.73478  -86.47495   -0.00607   -0.00525     3.5322     3.5336    23.0117    23.0140    36.9746    36.9769    25.4278    25.4289    1542.61    153.836    153.896         32 0.0000e+00
      18509    771.177    130.136    131.000    23.0164    23.0139   5.362706   5.363227     2.4586     2.0639     100.00   22.73978  -86.49391   -0.00427   -0.00379     3.5232     3.5255    22.9894    22.9869    36.9822    36.9836    25.4409    25.4427    1542.87    153.444    153.544         44 0.0000e+00
      18548    772.781    131.129    132.000    22.9549    22.9530   5.355994   5.355918     2.4540     2.0612     100.00   22.73980  -86.49392   -0.00350   -0.00272     3.5185     3.5239    22.9277    22.9259    36.9814    36.9825    25.4583    25.4596    1542.81    153.236    153.471         31 0.0000e+00
      18597    774.838    133.116    134.000    22.8819    22.8825   5.348234   5.348469     2.4520     2.0611      99.97   22.73321  -86.46883   -0.00177   -0.00061     3.5198     3.5286    22.8544    22.8549    36.9779    36.9795    25.4757    25.4767    1542.22    153.288    153.669         30 0.0000e+00
      18640    776.612    134.109    135.000    22.8076    22.8070   5.341070   5.341169     2.4511     2.0600     100.00   22.73984  -86.49396   -0.00051   -0.00012     3.5236     3.5315    22.7799    22.7794    36.9884    36.9897    25.5064    25.5075    1542.60    153.449    153.794         46 0.0000e+00
      18684    778.445    135.102    136.000    22.7606    22.7605   5.335712   5.335895     2.4483     2.0556     100.00   22.73985  -86.49397   -0.00109   -0.00148     3.5213     3.5250    22.7328    22.7327    36.9859    36.9874    25.5181    25.5193    1542.53    153.348    153.509         38 0.0000e+00
      18776    782.283    138.081    139.000    22.6671    22.6675   5.324375   5.324640     2.4380     2.0462      99.97   22.73295  -86.46762   -0.00238   -0.00205     3.5079     3.5110    22.6387    22.6392    36.9710    36.9726    25.5327    25.5339    1541.86    152.760    152.895         46 0.0000e+00
      18828    784.467    139.074    140.000    22.6529    22.6532   5.323743   5.324005     2.4356     2.0439     100.00   22.73992  -86.49403   -0.00218   -0.00210     3.5044     3.5071    22.6244    22.6247    36.9821    36.9839    25.5465    25.5478    1542.26    152.607    152.727         42 0.0000e+00
      18916    788.140    142.053    143.000    22.5808    22.5813   5.316139   5.316448     2.4352     2.0460      99.98   22.73617  -86.47969    0.00003    0.00067     3.5098     3.5176    22.5519    22.5522    36.9806    36.9825    25.5657    25.5670    1541.81    152.839    153.178         34 0.0000e+00
      18958    789.876    143.046    144.000    22.5073    22.5057   5.308631   5.308618     2.4328     2.0426     100.00   22.73996  -86.49408   -0.00029   -0.00033     3.5099     3.5151    22.4781    22.4765    36.9856    36.9869    25.5912    25.5927    1542.00    152.840    153.066         43 0.0000e+00
      18998    791.551    144.039    145.000    22.4162    22.4165   5.298800   5.299024     2.4333     2.0459     100.00   22.73998  -86.49411   -0.00109   -0.00087     3.5173     3.5284    22.3869    22.3872    36.9854    36.9870    25.6172    25.6184    1541.94    153.159    153.644         36 0.0000e+00
      19033    793.002    145.032    146.000    22.3256    22.3302   5.288597   5.289245     2.4391     2.0520      94.01   22.73998  -86.49412    0.00113    0.00229     3.5360     3.5482    22.2962    22.3007    36.9818    36.9830    25.6404    25.6400    1541.87    153.970    154.503         35 0.0000e+00
      19068    794.452    146.025    147.000    22.2722    22.2715   5.282464   5.282601     2.4417     2.0528      99.97   22.73999  -86.49413    0.00287    0.00311     3.5455     3.5542    22.2426    22.2419    36.9786    36.9802    25.6532    25.6547    1541.81    154.383    154.760         35 0.0000e+00
      19106    796.023    147.018    148.000    22.2673    22.2678   5.282086   5.282358     2.4446     2.0536     100.00   22.74001  -86.49414    0.00210    0.00094     3.5521     3.5567    22.2375    22.2380    36.9794    36.9811    25.6553    25.6565    1541.74    154.671    154.868         41 0.0000e+00
      19148    797.783    148.011    149.000    22.2572    22.2580   5.281248   5.281544     2.4456     2.0547      61.17   22.74002  -86.49416    0.00147    0.00043     3.5554     3.5603    22.2272    22.2280    36.9810    36.9826    25.6594    25.6605    1541.68    154.811    155.026         41 0.0000e+00
      19184    799.300    149.004    150.000    22.2472    22.2475   5.280523   5.280769     2.4465     2.0607     101.28   22.74004  -86.49418    0.00054    0.00150     3.5581     3.5749    22.2170    22.2173    36.9835    36.9852    25.6642    25.6655    1541.61    154.930    155.661         31 0.0000e+00
      19240    801.619    150.990    152.000    22.0341    22.0327   5.254604   5.254509     2.4517     2.0636      99.98   22.73456  -86.47327    0.00221    0.00277     3.5848     3.5965    22.0037    22.0023    36.9566    36.9576    25.7034    25.7046    1541.11    156.083    156.593         38 0.0000e+00
      19285    803.490    151.983    153.000    21.9004    21.8975   5.239019   5.238835     2.4475     2.0551     100.00   22.74009  -86.49421    0.00044   -0.00044     3.5847     3.5859    21.8699    21.8671    36.9498    36.9508    25.7369    25.7385    1541.42    156.075    156.129         41 0.0000e+00
      19320    804.965    152.976    154.000    21.7573    21.7565   5.221738   5.221852     2.4333     2.0422     100.00   22.74010  -86.49422   -0.00483   -0.00603     3.5670     3.5670    21.7268    21.7260    36.9344    36.9360    25.7655    25.7669    1541.36    155.300    155.300         30 0.0000e+00
      19375    807.248    154.962    156.000    21.5046    21.5046   5.190751   5.190997     2.4117     2.0238      99.98   22.73597  -86.47840   -0.00911   -0.00779     3.5406     3.5420    21.4739    21.4739    36.9004    36.9024    25.8097    25.8112    1540.93    154.144    154.206         32 0.0000e+00
      19415    808.919    155.955    157.000    21.4546    21.4541   5.185350   5.185505     2.4043     2.0192      90.92   22.74015  -86.49422   -0.00748   -0.00617     3.5290     3.5352    21.4238    21.4233    36.9022    36.9040    25.8257    25.8272    1541.14    153.639    153.909         41 0.0000e+00
      19454    810.538    156.948    158.000    21.3211    21.3154   5.169060   5.168538     2.3961     2.0123      88.23   22.74017  -86.49423   -0.00523   -0.00397     3.5216     3.5291    21.2902    21.2846    36.8860    36.8867    25.8504    25.8525    1541.07    153.311    153.639         35 0.0000e+00
      19513    813.004    158.934    160.000    21.1117    21.1136   5.143751   5.144027     2.3806     1.9990      99.99   22.73798  -86.48582   -0.00632   -0.00517     3.5032     3.5119    21.0806    21.0825    36.8590    36.8612    25.8874    25.8886    1540.79    152.505    152.881         31 0.0000e+00
      19549    814.484    159.927    161.000    21.0966    21.0969   5.142072   5.142345     2.3781     1.9973     100.00   22.74020  -86.49427   -0.00462   -0.00391     3.5008     3.5101    21.0654    21.0657    36.8611    36.8630    25.8935    25.8949    1540.86    152.401    152.806         37 0.0000e+00
      19588    816.118    160.920    162.000    21.0827    21.0827   5.140465   5.140685     2.3741     1.9961     100.00   22.74022  -86.49428   -0.00235   -0.00155     3.4937     3.5087    21.0514    21.0513    36.8597    36.8615    25.8964    25.8978    1540.78    152.091    152.744         40 0.0000e+00
      19624    817.623    161.913    163.000    21.0487    21.0487   5.136319   5.136509     2.3708     1.9918     100.00   22.74025  -86.49428   -0.00233   -0.00127     3.4895     3.5014    21.0172    21.0172    36.8552    36.8567    25.9023    25.9035    1540.71    151.907    152.422         32 0.0000e+00
      19681    819.982    163.899    165.000    20.8805    20.8811   5.115665   5.115951     2.3622     1.9836      99.99   22.73746  -86.48358   -0.00298   -0.00336     3.4841     3.4942    20.8488    20.8494    36.8311    36.8329    25.9296    25.9309    1540.37    151.665    152.107         31 0.0000e+00
      19717    821.492    164.891    166.000    20.8185    20.8152   5.108620   5.108436     2.3601     1.9811     100.00   22.74028  -86.49430   -0.00290   -0.00284     3.4843     3.4931    20.7866    20.7833    36.8289    36.8303    25.9455    25.9474    1540.49    151.673    152.057         38 0.0000e+00
      19755    823.081    165.884    167.000    20.7846    20.7841   5.104623   5.104789     2.3578     1.9807     100.00   22.74030  -86.49430   -0.00192   -0.00156     3.4823     3.4948    20.7526    20.7521    36.8255    36.8272    25.9521    25.9536    1540.42    151.584    152.128         36 0.0000e+00
      19789    824.508    166.877    168.000    20.7359    20.7252   5.098790   5.097661     2.3550     1.9781     100.00   22.74032  -86.49432   -0.00158   -0.00094     3.4809     3.4926    20.7037    20.6931    36.8200    36.8205    25.9612    25.9645    1540.35    151.522    152.035         33 0.0000e+00
      19821    825.845    167.870    169.000    20.6733    20.6727   5.091330   5.091481     2.3527     1.9742     100.00   22.74033  -86.49432   -0.00175   -0.00178     3.4802     3.4878    20.6410    20.6404    36.8131    36.8149    25.9730    25.9745    1540.28    151.493    151.822         32 0.0000e+00
      19854    827.205    168.863    170.000    20.6347    20.6353   5.086805   5.087107     2.3511     1.9730      77.14   22.74034  -86.49434   -0.00166   -0.00211     3.4798     3.4879    20.6023    20.6029    36.8093    36.8113    25.9807    25.9820    1540.20    151.474    151.824         33 0.0000e+00
      19888    828.612    169.856    171.000    20.6172    20.6176   5.084785   5.085086     2.3496     1.9721      85.54   22.74035  -86.49434   -0.00125   -0.00118     3.4782     3.4874    20.5846    20.5850    36.8077    36.8098    25.9843    25.9857    1540.13    151.402    151.803         34 0.0000e+00
      19921    830.001    170.849    172.000    20.6063    20.6068   5.083593   5.083873     2.3489     1.9703     100.24   22.74036  -86.49434   -0.00100   -0.00082     3.4779     3.4842    20.5735    20.5740    36.8071    36.8089    25.9868    25.9880    1540.06    151.389    151.663         32 0.0000e+00
      19953    831.322    171.842    173.000    20.5528    20.5500   5.077256   5.077091     2.3465     1.9700     100.00   22.74038  -86.49436   -0.00093   -0.00093     3.4770     3.4877    20.5199    20.5171    36.8015    36.8026    25.9970    25.9986    1539.99    151.347    151.812         32 0.0000e+00
      19986    832.723    172.835    174.000    20.4937    20.4940   5.070238   5.070495     2.3443     1.9682     100.00   22.74039  -86.49437   -0.00141   -0.00077     3.4768     3.4873    20.4606    20.4610    36.7952    36.7970    26.0083    26.0096    1539.91    151.336    151.797         36 0.0000e+00
      20022    834.197    173.828    175.000    20.4707    20.4708   5.067534   5.067741     2.3424     1.9651     100.00   22.74040  -86.49438   -0.00159   -0.00134     3.4749     3.4824    20.4375    20.4376    36.7927    36.7943    26.0126    26.0138    1539.85    151.254    151.581         35 0.0000e+00
      20057    835.646    174.820    176.000    20.4685    20.4697   5.067325   5.067677     2.3412     1.9638     100.00   22.74041  -86.49440   -0.00119   -0.00169     3.4728     3.4798    20.4351    20.4363    36.7925    36.7944    26.0131    26.0142    1539.78    151.161    151.468         34 0.0000e+00
      20089    836.997    175.813    177.000    20.4445    20.4482   5.064361   5.065026     2.3407     1.9631     100.00   22.74042  -86.49441   -0.00084   -0.00099     3.4742     3.4796    20.4110    20.4147    36.7889    36.7911    26.0168    26.0175    1539.72    151.224    151.460         30 0.0000e+00
      20119    838.247    176.806    178.000    20.3639    20.3638   5.054763   5.054909     2.3395     1.9635     100.00   22.74042  -86.49442   -0.00060   -0.00042     3.4775     3.4869    20.3303    20.3301    36.7800    36.7813    26.0318    26.0329    1539.64    151.363    151.774         31 0.0000e+00
