Gulf of Mexico/GOMECC-4/1db/drb2103_1091.cnv
* Sea-Bird SBE 9 Data File:
* FileName = C:\Users\scs.user.rb\CTD\GOMECC4\data\rb2103_1091.hex
* Software Version Seasave V 7.26.7.107
* Temperature SN = 4799
* Conductivity SN = 3860
* Number of Bytes Per Scan = 41
* Number of Voltage Words = 4
* Number of Scans Averaged by the Deck Unit = 1
* NMEA Latitude = 22 44.06 N
* NMEA Longitude = 086 29.42 W
* NMEA UTC (Time) = Oct 15 2021  01:38:41
* NMEA baud rate = 4800
# nquan = 28
# nvalues = 288                         
# units = specified
# name 0 = scan: Scan Count
# name 1 = timeS: Time, Elapsed [seconds]
# name 2 = depSM: Depth [salt water, m]
# name 3 = prDM: Pressure, Digiquartz [db]
# name 4 = t090C: Temperature [ITS-90, deg C]
# name 5 = t190C: Temperature, 2 [ITS-90, deg C]
# name 6 = c0S/m: Conductivity [S/m]
# name 7 = c1S/m: Conductivity, 2 [S/m]
# name 8 = sbeox0V: Oxygen raw, SBE 43 [V]
# name 9 = sbeox1V: Oxygen raw, SBE 43, 2 [V]
# name 10 = altM: Altimeter [m]
# name 11 = latitude: Latitude [deg]
# name 12 = longitude: Longitude [deg]
# name 13 = sbox0dV/dT: Oxygen, SBE 43 [dov/dt]
# name 14 = sbox1dV/dT: Oxygen, SBE 43, 2 [dov/dt]
# name 15 = sbeox0ML/L: Oxygen, SBE 43 [ml/l], WS = 5
# name 16 = sbeox1ML/L: Oxygen, SBE 43, 2 [ml/l], WS = 5
# name 17 = potemp090C: Potential Temperature [ITS-90, deg C]
# name 18 = potemp190C: Potential Temperature, 2 [ITS-90, deg C]
# name 19 = sal00: Salinity, Practical [PSU]
# name 20 = sal11: Salinity, Practical, 2 [PSU]
# name 21 = sigma-é00: Density [sigma-theta, kg/m^3]
# name 22 = sigma-é11: Density, 2 [sigma-theta, kg/m^3]
# name 23 = avgsvCM: Average Sound Velocity [Chen-Millero, m/s], minP = 20, minS = 20
# name 24 = sbox0Mm/Kg: Oxygen, SBE 43 [umol/kg], WS = 5
# name 25 = sbox1Mm/Kg: Oxygen, SBE 43, 2 [umol/kg], WS = 5
# name 26 = nbin: number of scans per bin
# name 27 = flag: flag
# span 0 =      12874,      36138       
# span 1 =    536.396,   1505.699       
# span 2 =      2.981,    651.842       
# span 3 =      3.000,    657.000       
# span 4 =     7.7837,    30.0355       
# span 5 =     7.7844,    30.0376       
# span 6 =   3.625643,   6.026292       
# span 7 =   3.625698,   6.026716       
# span 8 =     1.6381,     3.1868       
# span 9 =     1.3369,     2.6973       
# span 10 =      11.02,     102.03      
# span 11 =   22.73195,   22.75133      
# span 12 =  -86.52101,  -86.46672      
# span 13 =   -0.01931,    0.00330      
# span 14 =   -0.01766,    0.00311      
# span 15 =     2.6951,     4.4316      
# span 16 =     2.7110,     4.4097      
# span 17 =     7.7165,    30.0341      
# span 18 =     7.7172,    30.0361      
# span 19 =    34.9489,    36.9975      
# span 20 =    34.9485,    36.9985      
# span 21 =    22.6627,    27.2840      
# span 22 =    22.6631,    27.2837      
# span 23 =       0.00,    1552.29      
# span 24 =    117.179,    193.484      
# span 25 =    117.873,    192.536      
# span 26 =         30,         67      
# span 27 = 0.0000e+00, 0.0000e+00      
# interval = decibars: 1                
# start_time = Oct 15 2021 01:38:41 [NMEA time, header]
# bad_flag = -9.990e-29
*END*
[from data line 208]
      26567   1106.921    409.997    413.000    13.6998    13.7001   4.263068   4.263156     1.8791     1.5549      84.50   22.74101  -86.49077   -0.00168   -0.00098     2.9661     2.9848    13.6402    13.6404    35.7527    35.7533    26.8446    26.8450    1528.00    129.003    129.817         36 0.0000e+00
      26602   1108.375    410.989    414.000    13.6927    13.6949   4.262452   4.262725     1.8777     1.5533      73.37   22.74220  -86.49530   -0.00148   -0.00125     2.9634     2.9812    13.6329    13.6350    35.7536    35.7541    26.8470    26.8469    1528.04    128.886    129.658         30 0.0000e+00
      26705   1112.659    414.956    418.000    13.6307    13.6342   4.255532   4.255938     1.8729     1.5495      98.15   22.74166  -86.49312   -0.00113   -0.00097     2.9571     2.9762    13.5706    13.5740    35.7444    35.7450    26.8527    26.8525    1527.83    128.609    129.440         32 0.0000e+00
      26738   1114.027    415.948    419.000    13.6143    13.6140   4.253806   4.253795     1.8722     1.5485      50.18   22.74224  -86.49532   -0.00095   -0.00104     2.9568     2.9749    13.5540    13.5537    35.7433    35.7435    26.8554    26.8556    1527.82    128.597    129.384         31 0.0000e+00
      26846   1118.528    419.915    423.000    13.5578    13.5594   4.247652   4.247852     1.8697     1.5459     100.00   22.74284  -86.49745   -0.00054   -0.00067     2.9556     2.9728    13.4971    13.4987    35.7366    35.7370    26.8620    26.8620    1527.69    128.546    129.294         33 0.0000e+00
      26954   1123.027    423.881    427.000    13.4006    13.3968   4.229496   4.228993     1.8631     1.5413     100.00   22.74202  -86.49421   -0.00139   -0.00093     2.9513     2.9723    13.3398    13.3360    35.7101    35.7088    26.8739    26.8737    1527.46    128.354    129.268         33 0.0000e+00
      26986   1124.371    424.874    428.000    13.3527    13.3569   4.224073   4.224621     1.8603     1.5380     100.00   22.74232  -86.49534   -0.00206   -0.00162     2.9477     2.9662    13.2919    13.2960    35.7033    35.7045    26.8785    26.8786    1527.44    128.200    129.005         30 0.0000e+00
      27118   1129.891    429.832    433.000    13.2699    13.2701   4.214703   4.214750     1.8528     1.5295     100.00   22.74225  -86.49504   -0.00141   -0.00159     2.9358     2.9499    13.2086    13.2089    35.6898    35.6900    26.8851    26.8853    1527.22    127.681    128.292         30 0.0000e+00
      27149   1131.149    430.823    434.000    13.2483    13.2504   4.212217   4.212425     1.8508     1.5282      96.20   22.74236  -86.49538   -0.00144   -0.00148     2.9325     2.9480    13.1869    13.1890    35.6861    35.6861    26.8867    26.8863    1527.18    127.536    128.210         30 0.0000e+00
      27251   1135.404    434.790    438.000    13.1249    13.1257   4.197899   4.198016     1.8434     1.5212      99.99   22.74048  -86.48808   -0.00171   -0.00166     2.9236     2.9380    13.0634    13.0641    35.6634    35.6640    26.8941    26.8944    1526.88    127.149    127.772         31 0.0000e+00
      27285   1136.844    435.781    439.000    13.1191    13.1225   4.197452   4.197853     1.8418     1.5196      64.92   22.74240  -86.49538   -0.00167   -0.00158     2.9199     2.9339    13.0575    13.0608    35.6647    35.6654    26.8964    26.8963    1526.97    126.989    127.595         33 0.0000e+00
      27449   1143.651    441.731    445.000    12.8392    12.8417   4.165515   4.165801     1.8277     1.5075      84.23   22.74255  -86.49585   -0.00239   -0.00215     2.9050     2.9207    12.7776    12.7800    35.6203    35.6207    26.9185    26.9183    1526.72    126.337    127.017         32 0.0000e+00
      27584   1149.279    446.689    450.000    12.7008    12.7043   4.149812   4.150201     1.8173     1.4982     100.00   22.74181  -86.49290   -0.00173   -0.00165     2.8891     2.9052    12.6389    12.6424    35.5976    35.5981    26.9284    26.9281    1526.45    125.642    126.346         30 0.0000e+00
      27614   1150.562    447.680    451.000    12.6507    12.6552   4.144199   4.144686     1.8146     1.4958     100.00   22.74248  -86.49544   -0.00181   -0.00172     2.8858     2.9020    12.5888    12.5933    35.5907    35.5912    26.9331    26.9325    1526.46    125.498    126.205         30 0.0000e+00
      27748   1156.122    452.638    456.000    12.3906    12.3921   4.114570   4.114757     1.8009     1.4817     100.00   22.74164  -86.49211   -0.00257   -0.00285     2.8695     2.8809    12.3289    12.3304    35.5481    35.5486    26.9511    26.9512    1526.18    124.788    125.283         33 0.0000e+00
      27781   1157.518    453.630    457.000    12.3675    12.3685   4.112099   4.112233     1.7977     1.4797     100.00   22.74253  -86.49547   -0.00271   -0.00233     2.8630     2.8770    12.3057    12.3067    35.5459    35.5463    26.9540    26.9541    1526.19    124.504    125.113         32 0.0000e+00
      27880   1161.645    457.596    461.000    12.2520    12.2525   4.099037   4.099110     1.7899     1.4719      96.72   22.74090  -86.48922   -0.00186   -0.00187     2.8517     2.8635    12.1901    12.1905    35.5263    35.5266    26.9612    26.9613    1525.91    124.014    124.525         30 0.0000e+00
      27917   1163.168    458.587    462.000    12.2367    12.2382   4.097560   4.097733     1.7875     1.4702     100.10   22.74256  -86.49548   -0.00194   -0.00197     2.8468     2.8600    12.1747    12.1761    35.5266    35.5269    26.9645    26.9645    1525.97    123.798    124.374         37 0.0000e+00
      28052   1168.794    463.545    467.000    11.8828    11.8891   4.057367   4.058079     1.7741     1.4585     100.00   22.74224  -86.49412   -0.00259   -0.00240     2.8373     2.8511    11.8212    11.8276    35.4685    35.4694    26.9874    26.9868    1525.73    123.382    123.986         34 0.0000e+00
      28159   1173.268    467.511    471.000    11.5182    11.5288   4.015893   4.016979     1.7557     1.4407     100.00   22.74177  -86.49221   -0.00421   -0.00380     2.8145     2.8247    11.4574    11.4679    35.4064    35.4071    27.0077    27.0062    1525.50    122.390    122.832         30 0.0000e+00
      28191   1174.603    468.502    472.000    11.3553    11.3581   3.997955   3.998335     1.7492     1.4350     100.00   22.74264  -86.49553   -0.00436   -0.00420     2.8097     2.8208    11.2949    11.2977    35.3837    35.3847    27.0203    27.0206    1525.51    122.180    122.664         32 0.0000e+00
      28298   1179.061    472.468    476.000    11.3075    11.3086   3.992636   3.992817     1.7349     1.4225     100.00   22.74223  -86.49392   -0.00300   -0.00250     2.7740     2.7872    11.2468    11.2479    35.3758    35.3762    27.0230    27.0231    1525.29    120.627    121.201         31 0.0000e+00
      28687   1195.249    486.348    490.000    11.0506    11.0516   3.964864   3.965003     1.7146     1.4048      87.84   22.74276  -86.49552   -0.00049   -0.00052     2.7407     2.7560    10.9890    10.9900    35.3398    35.3402    27.0423    27.0424    1524.65    119.176    119.844         33 0.0000e+00
      28820   1200.787    491.305    495.000    11.0075    11.0083   3.960176   3.960262     1.7115     1.4016      74.01   22.74192  -86.49230   -0.00044   -0.00029     2.7371     2.7513    10.9454    10.9462    35.3328    35.3327    27.0447    27.0445    1524.36    119.019    119.636         31 0.0000e+00
      28853   1202.149    492.296    496.000    10.9992    10.9966   3.959410   3.959112     1.7108     1.4007     100.48   22.74280  -86.49564   -0.00040   -0.00057     2.7358     2.7497    10.9370    10.9344    35.3321    35.3316    27.0457    27.0458    1524.38    118.965    119.567         31 0.0000e+00
      29014   1208.858    498.244    502.000    10.8080    10.8108   3.938320   3.938760     1.7048     1.3959     100.00   22.74175  -86.49144   -0.00102   -0.00091     2.7339     2.7488    10.7457    10.7485    35.3018    35.3016    27.0566    27.0559    1524.02    118.878    119.526         33 0.0000e+00
      29047   1210.258    499.235    503.000    10.7798    10.7796   3.935315   3.935305     1.7032     1.3940     100.00   22.74286  -86.49566   -0.00125   -0.00123     2.7322     2.7463    10.7175    10.7173    35.2989    35.2989    27.0594    27.0595    1524.06    118.806    119.417         30 0.0000e+00
      29153   1214.687    503.200    507.000    10.6627    10.6649   3.922562   3.922804     1.6979     1.3895     100.00   22.74289  -86.49568   -0.00117   -0.00104     2.7270     2.7418    10.6003    10.6025    35.2817    35.2820    27.0670    27.0668    1523.87    118.576    119.221         34 0.0000e+00
      29186   1216.052    504.192    508.000    10.6476    10.6491   3.920886   3.921076     1.6967     1.3884     100.00   22.74290  -86.49570   -0.00099   -0.00098     2.7253     2.7399    10.5852    10.5866    35.2795    35.2797    27.0679    27.0679    1523.82    118.503    119.139         30 0.0000e+00
      29289   1220.317    508.157    512.000    10.4736    10.4736   3.901773   3.901795     1.6907     1.3838     100.00   22.74186  -86.49160   -0.00140   -0.00107     2.7218     2.7391    10.4113    10.4113    35.2521    35.2523    27.0773    27.0775    1523.57    118.349    119.103         35 0.0000e+00
      29324   1221.779    509.148    513.000    10.4659    10.4676   3.901119   3.901304     1.6895     1.3825     100.00   22.74294  -86.49572   -0.00119   -0.00126     2.7192     2.7357    10.4035    10.4051    35.2528    35.2530    27.0792    27.0791    1523.59    118.240    118.957         31 0.0000e+00
      29515   1229.749    516.087    520.000    10.3568    10.3581   3.889440   3.889571     1.6824     1.3761     100.00   22.74260  -86.49421   -0.00071   -0.00080     2.7091     2.7259    10.2939    10.2953    35.2368    35.2368    27.0860    27.0857    1523.24    117.799    118.529         30 0.0000e+00
      29620   1234.140    520.052    524.000    10.1706    10.1738   3.869126   3.869440     1.6771     1.3718     100.00   22.74215  -86.49243   -0.00132   -0.00105     2.7085     2.7267    10.1080    10.1112    35.2088    35.2090    27.0965    27.0961    1523.03    117.769    118.562         30 0.0000e+00
      29652   1235.479    521.043    525.000    10.1049    10.1087   3.862145   3.862521     1.6753     1.3702     100.00   22.74304  -86.49577   -0.00133   -0.00112     2.7082     2.7262    10.0424    10.0462    35.2013    35.2014    27.1020    27.1014    1523.04    117.756    118.540         32 0.0000e+00
      29684   1236.798    522.034    526.000    10.0706    10.0710   3.858405   3.858413     1.6740     1.3678     100.00   22.74305  -86.49578   -0.00123   -0.00134     2.7071     2.7218    10.0081    10.0085    35.1960    35.1957    27.1037    27.1034    1522.99    117.710    118.348         30 0.0000e+00
      29788   1241.141    525.999    530.000     9.8563     9.8575   3.835267   3.835409     1.6675     1.3626      99.99   22.74184  -86.49109   -0.00139   -0.00101     2.7049     2.7217     9.7942     9.7954    35.1655    35.1658    27.1163    27.1163    1522.73    117.611    118.342         35 0.0000e+00
      29823   1242.598    526.990    531.000     9.8387     9.8444   3.833602   3.834170     1.6665     1.3618     100.00   22.74310  -86.49580   -0.00093   -0.00070     2.7036     2.7203     9.7765     9.7822    35.1654    35.1657    27.1193    27.1186    1522.76    117.556    118.283         31 0.0000e+00
      29927   1246.911    530.955    535.000     9.5845     9.5878   3.806239   3.806544     1.6599     1.3563      99.99   22.74187  -86.49108   -0.00158   -0.00131     2.7038     2.7220     9.5228     9.5262    35.1297    35.1297    27.1341    27.1334    1522.48    117.561    118.353         32 0.0000e+00
      29961   1248.352    531.946    536.000     9.4943     9.5000   3.796659   3.797179     1.6579     1.3542     100.00   22.74314  -86.49582   -0.00174   -0.00156     2.7046     2.7217     9.4328     9.4385    35.1186    35.1184    27.1403    27.1392    1522.52    117.596    118.339         33 0.0000e+00
      30066   1252.700    535.910    540.000     9.3445     9.3459   3.780762   3.780901     1.6534     1.3490     100.00   22.74264  -86.49385   -0.00089   -0.00106     2.7033     2.7172     9.2832     9.2846    35.0985    35.0986    27.1493    27.1491    1522.30    117.539    118.143         30 0.0000e+00
      30099   1254.093    536.902    541.000     9.3323     9.3328   3.779570   3.779624     1.6520     1.3479     100.00   22.74317  -86.49584   -0.00096   -0.00120     2.7004     2.7150     9.2709     9.2714    35.0978    35.0979    27.1507    27.1507    1522.28    117.413    118.049         34 0.0000e+00
      30209   1258.656    540.866    545.000     9.2726     9.2741   3.773528   3.773659     1.6484     1.3459      94.76   22.74340  -86.49658   -0.00080   -0.00044     2.6955     2.7142     9.2110     9.2125    35.0917    35.0916    27.1558    27.1555    1522.10    117.200    118.010         32 0.0000e+00
      30350   1264.562    545.822    550.000     9.2180     9.2204   3.767957   3.768197     1.6463     1.3432      90.39   22.74325  -86.49584   -0.00042   -0.00048     2.6951     2.7110     9.1561     9.1584    35.0850    35.0851    27.1595    27.1592    1521.85    117.179    117.873         30 0.0000e+00
      30685   1278.496    557.714    562.000     9.0055     9.0066   3.745946   3.746042     1.6418     1.3394     100.00   22.74291  -86.49426   -0.00012   -0.00011     2.7011     2.7177     8.9431     8.9442    35.0583    35.0582    27.1730    27.1728    1521.25    117.438    118.160         32 0.0000e+00
      30718   1279.861    558.705    563.000     8.9978     8.9993   3.745249   3.745352     1.6413     1.3394     100.00   22.74336  -86.49592   -0.00025   -0.00005     2.7003     2.7186     8.9353     8.9368    35.0582    35.0579    27.1742    27.1737    1521.24    117.405    118.200         31 0.0000e+00
      30821   1284.172    562.670    567.000     8.8904     8.8916   3.734123   3.734260     1.6398     1.3373      99.92   22.74165  -86.48930   -0.00038   -0.00041     2.7050     2.7206     8.8279     8.8291    35.0437    35.0435    27.1799    27.1796    1520.93    117.611    118.286         34 0.0000e+00
      30858   1285.714    563.661    568.000     8.8877     8.8888   3.733897   3.733977     1.6399     1.3378      99.19   22.74340  -86.49596   -0.00026   -0.00029     2.7057     2.7227     8.8251     8.8261    35.0454    35.0452    27.1818    27.1815    1521.00    117.638    118.379         33 0.0000e+00
      30966   1290.193    567.625    572.000     8.8843     8.8858   3.733836   3.733946     1.6403     1.3380      95.19   22.74388  -86.49772    0.00004   -0.00001     2.7085     2.7250     8.8213     8.8227    35.0463    35.0460    27.1831    27.1826    1520.85    117.761    118.477         33 0.0000e+00
      31161   1298.347    574.561    579.000     8.7637     8.7643   3.721318   3.721356     1.6385     1.3369      88.19   22.74263  -86.49276   -0.00035   -0.00006     2.7143     2.7324     8.7003     8.7010    35.0301    35.0299    27.1896    27.1893    1520.45    118.010    118.798         32 0.0000e+00
      31194   1299.701    575.552    580.000     8.7605     8.7640   3.721148   3.721461     1.6386     1.3370      87.21   22.74350  -86.49602    0.00007    0.00023     2.7151     2.7331     8.6971     8.7006    35.0312    35.0310    27.1909    27.1902    1520.46    118.046    118.829         30 0.0000e+00
