Gulf of Mexico/GOMECC-4/1db/drb2103_0091.cnv
* Sea-Bird SBE 9 Data File:
* FileName = C:\Users\scs.user.rb\CTD\GOMECC4\data\rb2103_0091.hex
* Software Version Seasave V 7.26.7.107
* Temperature SN = 4799
* Conductivity SN = 3860
* Number of Bytes Per Scan = 41
* Number of Voltage Words = 4
* Number of Scans Averaged by the Deck Unit = 1
* NMEA Latitude = 26 00.03 N
* NMEA Longitude = 085 59.98 W
* NMEA UTC (Time) = Sep 17 2021  12:33:51
* NMEA baud rate = 4800
# nquan = 28
# nvalues = 705                         
# units = specified
# name 0 = scan: Scan Count
# name 1 = timeS: Time, Elapsed [seconds]
# name 2 = depSM: Depth [salt water, m]
# name 3 = prDM: Pressure, Digiquartz [db]
# name 4 = t090C: Temperature [ITS-90, deg C]
# name 5 = t190C: Temperature, 2 [ITS-90, deg C]
# name 6 = c0S/m: Conductivity [S/m]
# name 7 = c1S/m: Conductivity, 2 [S/m]
# name 8 = sbeox0V: Oxygen raw, SBE 43 [V]
# name 9 = sbeox1V: Oxygen raw, SBE 43, 2 [V]
# name 10 = altM: Altimeter [m]
# name 11 = latitude: Latitude [deg]
# name 12 = longitude: Longitude [deg]
# name 13 = sbox0dV/dT: Oxygen, SBE 43 [dov/dt]
# name 14 = sbox1dV/dT: Oxygen, SBE 43, 2 [dov/dt]
# name 15 = sbeox0ML/L: Oxygen, SBE 43 [ml/l], WS = 5
# name 16 = sbeox1ML/L: Oxygen, SBE 43, 2 [ml/l], WS = 5
# name 17 = potemp090C: Potential Temperature [ITS-90, deg C]
# name 18 = potemp190C: Potential Temperature, 2 [ITS-90, deg C]
# name 19 = sal00: Salinity, Practical [PSU]
# name 20 = sal11: Salinity, Practical, 2 [PSU]
# name 21 = sigma-é00: Density [sigma-theta, kg/m^3]
# name 22 = sigma-é11: Density, 2 [sigma-theta, kg/m^3]
# name 23 = avgsvCM: Average Sound Velocity [Chen-Millero, m/s], minP = 20, minS = 20
# name 24 = sbox0Mm/Kg: Oxygen, SBE 43 [umol/kg], WS = 5
# name 25 = sbox1Mm/Kg: Oxygen, SBE 43, 2 [umol/kg], WS = 5
# name 26 = nbin: number of scans per bin
# name 27 = flag: flag
# span 0 =      16602,     106863       
# span 1 =    691.710,   4452.586       
# span 2 =      5.961,   3221.810       
# span 3 =      6.000,   3268.000       
# span 4 =     4.2849,    29.1652       
# span 5 =     4.2859,    29.1660       
# span 6 =   3.343242,   5.881754       
# span 7 =   3.343176,   5.882015       
# span 8 =     1.6224,     3.2641       
# span 9 =     1.3318,     2.8142       
# span 10 =      18.49,     104.61      
# span 11 =   25.98842,   26.00305      
# span 12 =  -86.00332,  -85.95706      
# span 13 =   -0.05494,    0.01903      
# span 14 =   -0.05125,    0.01979      
# span 15 =     2.6106,     4.9276      
# span 16 =     2.6597,     4.9804      
# span 17 =     4.0766,    29.1625      
# span 18 =     4.0778,    29.1633      
# span 19 =    34.9029,    36.8027      
# span 20 =    34.9016,    36.8042      
# span 21 =    22.6985,    27.7609      
# span 22 =    22.6999,    27.7593      
# span 23 =       0.00,    1549.26      
# span 24 =    113.513,    214.848      
# span 25 =    115.646,    217.166      
# span 26 =         30,         70      
# span 27 = 0.0000e+00, 0.0000e+00      
# interval = decibars: 1                
# start_time = Sep 17 2021 12:33:51 [NMEA time, header]
# bad_flag = -9.990e-29
*END*
[from data line 363]
      71675   2986.429   2014.933   2038.000     4.2876     4.2885   3.366787   3.366723     1.8826     1.5730     100.00   26.00140  -85.99292   -0.00008   -0.00017     4.6852     4.7479     4.1120     4.1129    34.9720    34.9703    27.7521    27.7507    1497.34    203.590    206.317         30 0.0000e+00
      71779   2990.737   2018.869   2042.000     4.2880     4.2889   3.367001   3.366925     1.8821     1.5726     100.00   26.00147  -85.99315   -0.00009   -0.00012     4.6852     4.7486     4.1120     4.1130    34.9722    34.9703    27.7523    27.7507    1497.35    203.590    206.348         32 0.0000e+00
      71883   2995.096   2022.805   2046.000     4.2876     4.2884   3.367085   3.367014     1.8816     1.5716     100.00   26.00115  -85.99206   -0.00016   -0.00024     4.6858     4.7465     4.1112     4.1121    34.9717    34.9700    27.7520    27.7505    1497.35    203.617    206.256         31 0.0000e+00
      71915   2996.408   2023.789   2047.000     4.2876     4.2885   3.367157   3.367085     1.8813     1.5717     100.00   26.00140  -85.99290   -0.00018   -0.00026     4.6854     4.7477     4.1111     4.1120    34.9721    34.9703    27.7523    27.7508    1497.36    203.600    206.309         30 0.0000e+00
      72019   3000.746   2027.725   2051.000     4.2878     4.2887   3.367354   3.367294     1.8809     1.5716     100.00   26.00155  -85.99339   -0.00007   -0.00001     4.6861     4.7495     4.1109     4.1118    34.9723    34.9707    27.7525    27.7511    1497.38    203.628    206.385         30 0.0000e+00
      72151   3006.240   2032.644   2056.000     4.2880     4.2888   3.367544   3.367477     1.8805     1.5709      87.66   26.00131  -85.99259   -0.00008   -0.00006     4.6875     4.7497     4.1106     4.1114    34.9720    34.9703    27.7523    27.7508    1497.37    203.691    206.392         31 0.0000e+00
      72285   3011.845   2037.564   2061.000     4.2880     4.2889   3.367747   3.367682     1.8797     1.5702     100.00   26.00131  -85.99261   -0.00008    0.00008     4.6873     4.7498     4.1101     4.1110    34.9720    34.9703    27.7524    27.7509    1497.39    203.681    206.399         30 0.0000e+00
      72499   3020.733   2045.434   2069.000     4.2889     4.2899   3.368163   3.368096     1.8791     1.5699     100.00   26.00123  -85.99236   -0.00003    0.00002     4.6894     4.7533     4.1102     4.1111    34.9721    34.9704    27.7524    27.7510    1497.40    203.772    206.552         33 0.0000e+00
      72633   3026.315   2050.353   2074.000     4.2891     4.2899   3.368393   3.368325     1.8789     1.5690     100.00   26.00140  -85.99292   -0.00010   -0.00017     4.6917     4.7523     4.1098     4.1107    34.9723    34.9707    27.7526    27.7512    1497.42    203.872    206.505         32 0.0000e+00
      73243   3051.762   2072.979   2097.000     4.2895     4.2905   3.369352   3.369286     1.8755     1.5662     100.00   26.00130  -85.99254   -0.00018   -0.00008     4.6921     4.7540     4.1080     4.1089    34.9723    34.9706    27.7528    27.7513    1497.47    203.889    206.579         30 0.0000e+00
      73403   3058.436   2078.882   2103.000     4.2897     4.2906   3.369594   3.369533     1.8745     1.5649      93.56   26.00137  -85.99274   -0.00015   -0.00012     4.6915     4.7522     4.1075     4.1084    34.9722    34.9706    27.7527    27.7514    1497.49    203.864    206.501         30 0.0000e+00
      73565   3065.184   2084.783   2109.000     4.2902     4.2911   3.369889   3.369821     1.8730     1.5634     100.00   26.00135  -85.99267   -0.00026   -0.00017     4.6890     4.7492     4.1074     4.1083    34.9723    34.9706    27.7529    27.7514    1497.50    203.754    206.371         30 0.0000e+00
      73697   3070.672   2089.701   2114.000     4.2908     4.2918   3.370166   3.370102     1.8720     1.5629     100.00   26.00142  -85.99290   -0.00017   -0.00005     4.6878     4.7498     4.1075     4.1085    34.9725    34.9708    27.7530    27.7515    1497.52    203.705    206.400         31 0.0000e+00
      73802   3075.037   2093.636   2118.000     4.2911     4.2921   3.370325   3.370255     1.8717     1.5626     100.00   26.00116  -85.99204   -0.00007   -0.00003     4.6889     4.7512     4.1074     4.1084    34.9722    34.9703    27.7528    27.7512    1497.51    203.751    206.457         30 0.0000e+00
      73934   3080.552   2098.554   2123.000     4.2917     4.2926   3.370566   3.370498     1.8711     1.5623     100.00   26.00109  -85.99185   -0.00001   -0.00001     4.6897     4.7528     4.1075     4.1083    34.9720    34.9704    27.7527    27.7512    1497.52    203.786    206.530         31 0.0000e+00
      73966   3081.883   2099.538   2124.000     4.2919     4.2927   3.370649   3.370577     1.8712     1.5627     100.00   26.00136  -85.99274   -0.00005    0.00006     4.6907     4.7549     4.1075     4.1084    34.9724    34.9707    27.7530    27.7515    1497.54    203.831    206.618         31 0.0000e+00
      74097   3087.332   2104.455   2129.000     4.2924     4.2933   3.370903   3.370826     1.8706     1.5617     100.00   26.00135  -85.99270   -0.00009   -0.00010     4.6909     4.7534     4.1075     4.1084    34.9725    34.9707    27.7530    27.7515    1497.55    203.839    206.554         33 0.0000e+00
      74229   3092.817   2109.373   2134.000     4.2928     4.2936   3.371134   3.371060     1.8695     1.5604      67.41   26.00140  -85.99284   -0.00025   -0.00015     4.6895     4.7510     4.1074     4.1083    34.9725    34.9707    27.7530    27.7515    1497.57    203.776    206.452         32 0.0000e+00
      74364   3098.464   2114.291   2139.000     4.2929     4.2938   3.371344   3.371275     1.8692     1.5596      78.71   26.00141  -85.99286   -0.00007   -0.00020     4.6913     4.7502     4.1070     4.1079    34.9725    34.9708    27.7531    27.7516    1497.58    203.856    206.416         31 0.0000e+00
      74495   3103.903   2119.208   2144.000     4.2926     4.2936   3.371509   3.371453     1.8678     1.5583     100.00   26.00141  -85.99290   -0.00022   -0.00030     4.6888     4.7478     4.1063     4.1072    34.9723    34.9707    27.7530    27.7517    1497.59    203.748    206.313         30 0.0000e+00
      74627   3109.428   2124.125   2149.000     4.2926     4.2935   3.371672   3.371605     1.8667     1.5567      91.09   26.00109  -85.99185   -0.00027   -0.00040     4.6873     4.7438     4.1057     4.1066    34.9720    34.9703    27.7528    27.7513    1497.59    203.680    206.138         31 0.0000e+00
      74761   3114.981   2129.043   2154.000     4.2929     4.2938   3.371901   3.371848     1.8655     1.5556     100.00   26.00118  -85.99216   -0.00016   -0.00008     4.6852     4.7421     4.1055     4.1064    34.9720    34.9705    27.7529    27.7515    1497.61    203.591    206.062         31 0.0000e+00
      75267   3136.063   2147.727   2173.000     4.2927     4.2935   3.372682   3.372606     1.8610     1.5522     100.00   26.00153  -85.99323   -0.00016   -0.00016     4.6785     4.7385     4.1033     4.1041    34.9725    34.9708    27.7535    27.7520    1497.68    203.300    205.905         31 0.0000e+00
      76302   3179.223   2186.074   2212.000     4.2944     4.2953   3.374411   3.374342     1.8565     1.5482     100.00   26.00146  -85.99298   -0.00001 3.1026e-12     4.6832     4.7445     4.1010     4.1019    34.9729    34.9711    27.7540    27.7525    1497.80    203.504    206.167         31 0.0000e+00
      76434   3184.689   2190.990   2217.000     4.2949     4.2959   3.374673   3.374601     1.8563     1.5478     100.00   26.00150  -85.99318   -0.00007   -0.00001     4.6854     4.7458     4.1010     4.1019    34.9730    34.9713    27.7541    27.7526    1497.81    203.600    206.223         31 0.0000e+00
      79405   3308.512   2305.988   2334.000     4.3048     4.3057   3.380227   3.380157     1.8433     1.5348      99.38   26.00140  -85.99264   -0.00013   -0.00004     4.7014     4.7579     4.0986     4.0995    34.9737    34.9719    27.7549    27.7534    1498.20    204.293    206.751         31 0.0000e+00
      79508   3312.778   2309.918   2338.000     4.3050     4.3060   3.380366   3.380299     1.8425     1.5338     100.00   26.00105  -85.99143   -0.00015   -0.00028     4.7006     4.7560     4.0984     4.0994    34.9732    34.9714    27.7546    27.7530    1498.18    204.258    206.665         30 0.0000e+00
      80450   3352.022   2345.289   2374.000     4.3079     4.3088   3.382047   3.381984     1.8377     1.5297     100.00   26.00121  -85.99169   -0.00010   -0.00005     4.7018     4.7592     4.0974     4.0983    34.9734    34.9717    27.7548    27.7534    1498.32    204.311    206.805         31 0.0000e+00
      80580   3357.475   2350.201   2379.000     4.3081     4.3091   3.382290   3.382222     1.8366     1.5288     100.00   26.00133  -85.99206   -0.00018   -0.00025     4.7003     4.7580     4.0971     4.0981    34.9737    34.9719    27.7551    27.7535    1498.35    204.245    206.755         30 0.0000e+00
      80611   3358.759   2351.183   2380.000     4.3083     4.3092   3.382349   3.382274     1.8365     1.5287     100.00   26.00137  -85.99216   -0.00022   -0.00029     4.7006     4.7579     4.0972     4.0981    34.9737    34.9719    27.7551    27.7536    1498.36    204.260    206.748         30 0.0000e+00
      80872   3369.604   2361.007   2390.000     4.3089     4.3098   3.382787   3.382717     1.8348     1.5268     100.00   26.00138  -85.99213   -0.00021   -0.00019     4.6994     4.7554     4.0968     4.0976    34.9736    34.9719    27.7551    27.7536    1498.39    204.206    206.641         30 0.0000e+00
      81002   3375.059   2365.919   2395.000     4.3092     4.3101   3.383005   3.382940     1.8334     1.5261     100.00   26.00135  -85.99203   -0.00023   -0.00008     4.6963     4.7554     4.0965     4.0974    34.9736    34.9719    27.7551    27.7536    1498.41    204.071    206.641         30 0.0000e+00
      81133   3380.484   2370.831   2400.000     4.3095     4.3105   3.383219   3.383148     1.8327     1.5250     100.00   26.00125  -85.99168   -0.00020   -0.00011     4.6965     4.7533     4.0963     4.0972    34.9735    34.9717    27.7550    27.7534    1498.42    204.080    206.550         31 0.0000e+00
      81320   3388.284   2377.707   2407.000     4.3101     4.3111   3.383570   3.383507     1.8314     1.5238     100.00   26.00150  -85.99240   -0.00009   -0.00013     4.6951     4.7521     4.0962     4.0971    34.9738    34.9721    27.7552    27.7538    1498.47    204.019    206.497         30 0.0000e+00
      81451   3393.738   2382.618   2412.000     4.3108     4.3118   3.383855   3.383790     1.8307     1.5237     100.00   26.00163  -85.99279   -0.00012    0.00001     4.6951     4.7546     4.0963     4.0973    34.9741    34.9723    27.7555    27.7540    1498.49    204.022    206.605         31 0.0000e+00
      81950   3414.538   2401.281   2431.000     4.3121     4.3130   3.384667   3.384600     1.8290     1.5211      44.24   26.00123  -85.99134   -0.00007   -0.00009     4.6994     4.7544     4.0956     4.0965    34.9735    34.9718    27.7551    27.7536    1498.54    204.205    206.597         30 0.0000e+00
      82082   3420.024   2406.192   2436.000     4.3124     4.3133   3.384909   3.384840     1.8276     1.5201     100.00   26.00144  -85.99201   -0.00009   -0.00009     4.6966     4.7529     4.0953     4.0962    34.9739    34.9721    27.7554    27.7539    1498.57    204.085    206.532         30 0.0000e+00
      82400   3433.303   2417.977   2448.000     4.3137     4.3147   3.385502   3.385434     1.8268     1.5197     100.00   26.00137  -85.99163   -0.00013   -0.00001     4.7000     4.7582     4.0953     4.0962    34.9739    34.9722    27.7554    27.7539    1498.62    204.231    206.764         30 0.0000e+00
      82990   3457.873   2439.583   2470.000     4.3153     4.3163   3.386499   3.386439     1.8231     1.5162     100.00   26.00147  -85.99172   -0.00036   -0.00007     4.6976     4.7550     4.0945     4.0955    34.9739    34.9722    27.7555    27.7541    1498.71    204.130    206.626         31 0.0000e+00
      83231   3467.937   2448.420   2479.000     4.3162     4.3171   3.386943   3.386874     1.8223     1.5153     100.00   26.00150  -85.99168   -0.00024   -0.00001     4.6994     4.7564     4.0945     4.0954    34.9741    34.9723    27.7556    27.7542    1498.75    204.206    206.684         30 0.0000e+00
      83365   3473.511   2453.330   2484.000     4.3166     4.3175   3.387159   3.387095     1.8217     1.5142     100.00   26.00143  -85.99145   -0.00015   -0.00014     4.7002     4.7546     4.0943     4.0952    34.9739    34.9722    27.7555    27.7541    1498.77    204.240    206.605         30 0.0000e+00
      83397   3474.819   2454.312   2485.000     4.3166     4.3176   3.387211   3.387147     1.8216     1.5140     100.00   26.00150  -85.99168    0.00002   -0.00011     4.7000     4.7544     4.0943     4.0952    34.9740    34.9723    27.7556    27.7541    1498.77    204.231    206.596         31 0.0000e+00
      83499   3479.076   2458.240   2489.000     4.3166     4.3175   3.387335   3.387278     1.8215     1.5133     100.00   26.00131  -85.99096    0.00015   -0.00019     4.7023     4.7537     4.0938     4.0947    34.9737    34.9721    27.7554    27.7540    1498.78    204.334    206.565         30 0.0000e+00
      83530   3480.391   2459.222   2490.000     4.3167     4.3176   3.387412   3.387347     1.8206     1.5132     100.00   26.00152  -85.99164   -0.00005   -0.00019     4.6989     4.7537     4.0938     4.0947    34.9740    34.9723    27.7556    27.7542    1498.79    204.187    206.568         30 0.0000e+00
      84204   3508.455   2483.769   2515.000     4.3184     4.3194   3.388558   3.388495     1.8166     1.5093     100.00   26.00167  -85.99195   -0.00026   -0.00012     4.6969     4.7506     4.0928     4.0938    34.9743    34.9725    27.7560    27.7545    1498.91    204.097    206.431         30 0.0000e+00
      84799   3533.259   2505.367   2537.000     4.3202     4.3212   3.389547   3.389482     1.8124     1.5056     100.00   26.00149  -85.99110   -0.00015   -0.00027     4.6918     4.7467     4.0922     4.0932    34.9740    34.9723    27.7558    27.7543    1498.99    203.877    206.261         30 0.0000e+00
      85239   3551.564   2521.074   2553.000     4.3216     4.3226   3.390300   3.390245     1.8105     1.5035      50.06   26.00161  -85.99130   -0.00010   -0.00018     4.6933     4.7464     4.0918     4.0928    34.9741    34.9725    27.7560    27.7546    1499.06    203.943    206.250         30 0.0000e+00
      85375   3557.247   2525.982   2558.000     4.3220     4.3229   3.390526   3.390464     1.8094     1.5030     100.00   26.00158  -85.99116   -0.00035   -0.00024     4.6915     4.7474     4.0917     4.0926    34.9741    34.9724    27.7560    27.7545    1499.08    203.864    206.293         31 0.0000e+00
      85594   3566.393   2533.835   2566.000     4.3225     4.3234   3.390885   3.390825     1.8083     1.5018     100.00   26.00160  -85.99113   -0.00030   -0.00003     4.6914     4.7464     4.0913     4.0922    34.9741    34.9726    27.7560    27.7547    1499.12    203.862    206.252         30 0.0000e+00
      85731   3572.072   2538.743   2571.000     4.3228     4.3238   3.391082   3.391017     1.8080     1.5013     100.00   26.00138  -85.99037   -0.00002   -0.00014     4.6933     4.7471     4.0911     4.0920    34.9739    34.9721    27.7558    27.7544    1499.13    203.942    206.282         32 0.0000e+00
      85868   3577.809   2543.650   2576.000     4.3233     4.3243   3.391346   3.391278     1.8070     1.5003      96.40   26.00162  -85.99104   -0.00008   -0.00011     4.6919     4.7457     4.0910     4.0920    34.9742    34.9724    27.7561    27.7546    1499.16    203.881    206.220         30 0.0000e+00
