Gulf of Mexico/GOMECC-4/1db/drb2103_0001.cnv
* Sea-Bird SBE 9 Data File:
* FileName = C:\Users\scs.user.rb\CTD\GOMECC4\data\rb2103_000.hex
* Software Version Seasave V 7.26.7.107
* Temperature SN = 4799
* Conductivity SN = 3860
* Number of Bytes Per Scan = 41
* Number of Voltage Words = 4
* Number of Scans Averaged by the Deck Unit = 1
* NMEA Latitude = 24 13.42 N
* NMEA Longitude = 081 36.66 W
* NMEA UTC (Time) = Sep 13 2021  22:57:13
* NMEA baud rate = 4800
# nquan = 28
# nvalues = 271                         
# units = specified
# name 0 = scan: Scan Count
# name 1 = timeS: Time, Elapsed [seconds]
# name 2 = depSM: Depth [salt water, m]
# name 3 = prDM: Pressure, Digiquartz [db]
# name 4 = t090C: Temperature [ITS-90, deg C]
# name 5 = t190C: Temperature, 2 [ITS-90, deg C]
# name 6 = c0S/m: Conductivity [S/m]
# name 7 = c1S/m: Conductivity, 2 [S/m]
# name 8 = sbeox0V: Oxygen raw, SBE 43 [V]
# name 9 = sbeox1V: Oxygen raw, SBE 43, 2 [V]
# name 10 = altM: Altimeter [m]
# name 11 = latitude: Latitude [deg]
# name 12 = longitude: Longitude [deg]
# name 13 = sbox0dV/dT: Oxygen, SBE 43 [dov/dt]
# name 14 = sbox1dV/dT: Oxygen, SBE 43, 2 [dov/dt]
# name 15 = sbeox0ML/L: Oxygen, SBE 43 [ml/l], WS = 5
# name 16 = sbeox1ML/L: Oxygen, SBE 43, 2 [ml/l], WS = 5
# name 17 = potemp090C: Potential Temperature [ITS-90, deg C]
# name 18 = potemp190C: Potential Temperature, 2 [ITS-90, deg C]
# name 19 = sal00: Salinity, Practical [PSU]
# name 20 = sal11: Salinity, Practical, 2 [PSU]
# name 21 = sigma-é00: Density [sigma-theta, kg/m^3]
# name 22 = sigma-é11: Density, 2 [sigma-theta, kg/m^3]
# name 23 = avgsvCM: Average Sound Velocity [Chen-Millero, m/s], minP = 20, minS = 20
# name 24 = sbox0Mm/Kg: Oxygen, SBE 43 [umol/kg], WS = 5
# name 25 = sbox1Mm/Kg: Oxygen, SBE 43, 2 [umol/kg], WS = 5
# name 26 = nbin: number of scans per bin
# name 27 = flag: flag
# span 0 =      17929,      48519       
# span 1 =    747.011,   2021.583       
# span 2 =    800.296,   1235.345       
# span 3 =    807.000,   1247.000       
# span 4 =     9.0619,    29.3582       
# span 5 =     9.0618,    29.3825       
# span 6 =   3.751637,   5.828271       
# span 7 =   3.751661,   5.828546       
# span 8 =     1.6242,     3.5764       
# span 9 =     1.3323,     3.1511       
# span 10 =      27.43,     101.00      
# span 11 =   24.22360,   24.22782      
# span 12 =  -81.61700,  -81.60261      
# span 13 =   -0.17464,    0.09778      
# span 14 =   -0.05374,    0.09164      
# span 15 =     2.8854,     5.8232      
# span 16 =     2.9391,     5.9800      
# span 17 =     8.9183,    29.1572      
# span 18 =     8.9182,    29.1864      
# span 19 =    25.9912,    36.3277      
# span 20 =    29.8500,    36.3289      
# span 21 =    15.3923,    26.9422      
# span 22 =    18.2727,    26.9422      
# span 23 =    1119.31,    1555.83      
# span 24 =    125.487,    255.197      
# span 25 =    127.821,    261.770      
# span 26 =         30,         71      
# span 27 = 0.0000e+00, 0.0000e+00      
# interval = decibars: 1                
# start_time = Sep 13 2021 22:57:13 [NMEA time, header]
# bad_flag = -9.990e-29
*END*
      17929    747.011    800.296    807.000    28.9810    28.9887   4.396978   4.993735     3.3436     2.9291      90.53   24.22554  -81.60932    0.02404    0.02590     5.5239     5.6183    28.7903    28.7975    25.9912    29.8500    15.3923    18.2727    1119.31    242.990    246.725         44 0.0000e+00
      17977    749.003    801.286    808.000    28.9879    28.9933   5.159381   5.383268     3.5764     3.1511     100.32   24.22554  -81.60932    0.09201    0.09164     5.8232     5.9800    28.7936    28.7982    30.9151    32.4218    19.0683    20.1962    1555.83    255.197    261.770         48 0.0000e+00
      18505    771.020    803.265    810.000    29.0001    29.0006   5.449386   5.451895     2.8470     2.3153      99.99   24.22416  -81.60474   -0.17464   -0.02693     4.2841     4.0961    28.8042    28.8048    32.8681    32.8823    20.5291    20.5393    1541.43    187.479    179.248         49 0.0000e+00
      18593    774.673    804.255    811.000    29.0058    29.0065   5.451203   5.451961     2.7824     2.1400      94.80   24.22552  -81.60932   -0.03614   -0.04416     4.1592     3.7037    28.8097    28.8104    32.8748    32.8794    20.5323    20.5356    1541.53    182.014    162.079         37 0.0000e+00
      18677    778.164    805.245    812.000    29.0084    29.0081   5.451763   5.451368     2.6054     2.1603      83.94   24.22552  -81.60932   -0.04572    0.01294     3.8031     3.7495    28.8121    28.8118    32.8764    32.8739    20.5328    20.5310    1541.55    166.431    164.085         66 0.0000e+00
      18747    781.097    806.235    813.000    29.0012    29.0104   5.446916   5.451103     2.4530     2.0234      81.97   24.22552  -81.60932   -0.06091   -0.03403     3.4970     3.4434    28.8047    28.8138    32.8482    32.8703    20.5140    20.5276    1541.57    153.036    150.691         68 0.0000e+00
      18816    783.966    807.224    814.000    28.9579    29.0066   5.427533   5.450026     2.6150     1.8863      90.34   24.22552  -81.60932    0.03754   -0.05374     3.8299     3.1369    28.7614    28.8098    32.7445    32.8653    20.4506    20.5252    1541.58    167.617    137.278         68 0.0000e+00
      18882    786.722    808.214    815.000    28.9164    29.0510   5.257754   5.449752     2.8708     1.9292      99.83   24.22552  -81.60932    0.09778    0.00034     4.3137     3.2252    28.7204    28.8537    31.8713    32.8328    19.8092    20.4863    1541.59    188.907    141.157         68 0.0000e+00
      18953    789.685    809.204    816.000    28.8439    29.3183   5.207061   5.451368     2.9333     1.9293     100.00   24.22552  -81.60932    0.03645    0.00707     4.5192     3.2208    28.6483    29.1195    31.3276    32.6623    19.4252    20.2703    1541.61    197.981    140.982         71 0.0000e+00
      20733    863.813    810.194    817.000    28.9119    29.3825   5.325450   5.489867     2.9809     2.1420     100.00   24.22552  -81.60932   -0.00346   -0.00563     4.5132     3.3661    28.6860    29.1864    32.0293    32.8799    19.9389    20.4129    1541.63    197.617    147.313         55 0.0000e+00
      25796   1074.781    811.183    818.000    29.3530    29.3765   5.797559   5.805209     3.1557     2.6693     100.00   24.22552  -81.60934   -0.00099    0.00062     4.8254     4.7891    29.1506    29.1764    34.9796    35.0183    21.9983    22.0192    1541.64    210.863    209.268         64 0.0000e+00
      26109   1087.815    812.173    819.000    29.3582    29.3609   5.824353   5.824592     3.1622     2.6943     100.00   24.22552  -81.60934   -0.00154    0.00016     4.8381     4.8582    29.1572    29.1599    35.1607    35.1603    22.1321    22.1309    1541.66    211.390    212.270         62 0.0000e+00
      26168   1090.282    813.163    820.000    29.3368    29.3393   5.823751   5.824121     3.1632     2.6895     100.00   24.22552  -81.60934    0.00043   -0.00128     4.8423     4.8497    29.1356    29.1382    35.1720    35.1726    22.1478    22.1474    1541.68    211.573    211.896         66 0.0000e+00
      26235   1093.092    814.152    821.000    29.3181    29.3186   5.822999   5.823326     3.1632     2.6912     100.00   24.22550  -81.60932   -0.00049   -0.00015     4.8454     4.8570    29.1167    29.1173    35.1796    35.1813    22.1599    22.1609    1541.70    211.702    212.213         63 0.0000e+00
      26295   1095.596    815.142    822.000    29.3140    29.3148   5.822607   5.822937     3.1617     2.6892     100.00   24.22550  -81.60932    0.00006   -0.00015     4.8422     4.8517    29.1125    29.1132    35.1802    35.1818    22.1617    22.1627    1541.72    211.566    211.980         61 0.0000e+00
      26360   1098.299    816.132    823.000    29.3029    29.3041   5.822419   5.822741     3.1637     2.6918     100.00   24.22550  -81.60932    0.00031    0.00005     4.8476     4.8589    29.1012    29.1023    35.1867    35.1880    22.1704    22.1710    1541.74    211.796    212.292         67 0.0000e+00
      26424   1100.940    817.122    824.000    29.2783    29.2813   5.824082   5.824417     3.1629     2.6941      83.82   24.22550  -81.60932    0.00001    0.00142     4.8478     4.8656    29.0765    29.0794    35.2157    35.2158    22.2004    22.1996    1541.76    211.799    212.578         61 0.0000e+00
      26486   1103.558    818.111    825.000    29.2541    29.2557   5.822474   5.822900     3.1585     2.6914     100.11   24.22550  -81.60932   -0.00131   -0.00083     4.8416     4.8621    29.0521    29.0536    35.2221    35.2239    22.2134    22.2143    1541.78    211.527    212.423         63 0.0000e+00
      26552   1106.274    819.101    826.000    29.2328    29.2345   5.821111   5.821470     3.1583     2.6890     100.00   24.22552  -81.60932   -0.00064   -0.00112     4.8435     4.8590    29.0307    29.0324    35.2281    35.2293    22.2251    22.2254    1541.80    211.607    212.285         68 0.0000e+00
      26613   1108.851    820.091    827.000    29.2288    29.2289   5.823331   5.823504     3.1581     2.6916     100.00   24.22552  -81.60932    0.00007    0.00093     4.8435     4.8672    29.0264    29.0265    35.2466    35.2479    22.2404    22.2414    1541.82    211.606    212.640         58 0.0000e+00
      26680   1111.622    821.080    828.000    29.2344    29.2347   5.826201   5.826481     3.1604     2.6936     100.00   24.22552  -81.60932    0.00057    0.00102     4.8478     4.8693    29.0317    29.0320    35.2612    35.2629    22.2496    22.2508    1541.83    211.792    212.729         70 0.0000e+00
      26741   1114.185    822.070    829.000    29.2345    29.2359   5.828271   5.828546     3.1620     2.6898     100.00   24.22552  -81.60932    0.00070   -0.00150     4.8512     4.8612    29.0316    29.0330    35.2750    35.2758    22.2600    22.2602    1541.85    211.936    212.375         60 0.0000e+00
      26809   1117.021    823.060    830.000    29.2203    29.2221   5.827785   5.828184     3.1610     2.6925      96.33   24.22552  -81.60932   -0.00011    0.00067     4.8508     4.8685    29.0172    29.0190    35.2818    35.2832    22.2699    22.2703    1541.87    211.918    212.692         65 0.0000e+00
      26868   1119.460    824.049    831.000    29.1973    29.1998   5.827675   5.827929     3.1603     2.6886      87.81   24.22552  -81.60932   -0.00042   -0.00011     4.8515     4.8620    28.9941    28.9966    35.2976    35.2975    22.2895    22.2886    1541.89    211.944    212.402         66 0.0000e+00
      26939   1122.418    825.039    832.000    29.1425    29.1480   5.824185   5.824948     3.1557     2.6898     100.43   24.22552  -81.60932   -0.00105   -0.00068     4.8474     4.8691    28.9393    28.9448    35.3137    35.3148    22.3199    22.3189    1541.91    211.758    212.706         61 0.0000e+00
      26997   1124.840    826.028    833.000    29.1093    29.1110   5.821365   5.821706     3.1573     2.6865     100.00   24.22552  -81.60931   -0.00037   -0.00061     4.8537     4.8652    28.9061    28.9077    35.3184    35.3195    22.3346    22.3349    1541.93    212.031    212.532         66 0.0000e+00
      27068   1127.796    827.018    834.000    29.0968    29.0977   5.822207   5.822507     3.1558     2.6882     100.00   24.22552  -81.60931   -0.00004    0.00020     4.8522     4.8702    28.8933    28.8942    35.3330    35.3345    22.3498    22.3506    1541.95    211.961    212.747         64 0.0000e+00
      27128   1130.285    828.008    835.000    29.0719    29.0769   5.821981   5.822392     3.1570     2.6908      94.65   24.22552  -81.60931   -0.00008    0.00111     4.8569     4.8778    28.8683    28.8733    35.3494    35.3487    22.3704    22.3683    1541.97    212.162    213.077         64 0.0000e+00
      27196   1133.104    828.998    836.000    29.0294    29.0340   5.820073   5.820629     3.1577     2.6867     100.13   24.22552  -81.60931    0.00061   -0.00112     4.8619     4.8722    28.8257    28.8303    35.3675    35.3679    22.3983    22.3970    1541.99    212.374    212.827         65 0.0000e+00
      27258   1135.716    829.987    837.000    28.9622    28.9696   5.815617   5.816334     3.1559     2.6937      81.16   24.22552  -81.60931   -0.00076    0.00155     4.8642     4.8933    28.7586    28.7660    35.3861    35.3856    22.4346    22.4317    1542.01    212.470    213.740         65 0.0000e+00
      27327   1138.576    830.977    838.000    28.9229    28.9255   5.813378   5.813810     3.1582     2.6943     100.53   24.22552  -81.60931    0.00042    0.00100     4.8727     4.8985    28.7193    28.7219    35.3995    35.4004    22.4577    22.4576    1542.03    212.834    213.963         67 0.0000e+00
      27389   1141.161    831.966    839.000    28.8824    28.8858   5.810886   5.811373     3.1617     2.6953     100.00   24.22552  -81.60931    0.00153    0.00019     4.8833     4.9042    28.6788    28.6821    35.4119    35.4127    22.4805    22.4800    1542.05    213.292    214.204         62 0.0000e+00
      27459   1144.081    832.956    840.000    28.8038    28.8114   5.806314   5.806846     3.1586     2.6952     100.00   24.22552  -81.60931   -0.00045   -0.00014     4.8840     4.9100    28.6003    28.6079    35.4382    35.4363    22.5264    22.5224    1542.07    213.312    214.451         60 0.0000e+00
      27514   1146.370    833.946    841.000    28.7343    28.7343   5.810866   5.811120     3.1628     2.6963      99.64   24.22552  -81.60931   -0.00021    0.00058     4.8967     4.9170    28.5308    28.5308    35.5209    35.5226    22.6115    22.6129    1542.09    213.850    214.738         49 0.0000e+00
      27590   1149.545    834.935    842.000    28.6886    28.6972   5.811456   5.811782     3.1595     2.6957      91.90   24.22552  -81.60931   -0.00001   -0.00022     4.8949     4.9187    28.4851    28.4937    35.5591    35.5561    22.6554    22.6503    1542.10    213.762    214.804         55 0.0000e+00
      27645   1151.832    835.925    843.000    28.5471    28.5574   5.810158   5.811529     3.1611     2.6951      99.73   24.22552  -81.60931   -0.00048   -0.00023     4.9073     4.9266    28.3441    28.3543    35.6548    35.6567    22.7740    22.7720    1542.12    214.279    215.124         64 0.0000e+00
      27718   1154.873    836.915    844.000    28.3164    28.3351   5.797853   5.798813     3.1561     2.6900      98.35   24.22552  -81.60931   -0.00104   -0.00128     4.9157     4.9316    28.1142    28.1329    35.7373    35.7299    22.9117    22.9000    1542.14    214.617    215.316         62 0.0000e+00
      27777   1157.322    837.904    845.000    28.0815    28.0923   5.784669   5.785425     3.1547     2.6882      99.97   24.22552  -81.60931   -0.00129   -0.00124     4.9311     4.9466    27.8802    27.8910    35.8265    35.8237    23.0556    23.0499    1542.16    215.261    215.936         61 0.0000e+00
      27846   1160.210    838.894    846.000    27.9063    27.9172   5.773839   5.774717     3.1530     2.6903     100.00   24.22552  -81.60931   -0.00050    0.00046     4.9434     4.9651    27.7057    27.7166    35.8831    35.8810    23.1551    23.1499    1542.17    215.776    216.723         68 0.0000e+00
      27908   1162.784    839.883    847.000    27.5064    27.5566   5.725914   5.733174     3.1469     2.6857     100.00   24.22552  -81.60931   -0.00190   -0.00130     4.9718     4.9924    27.2693    27.3644    35.8785    35.8785    23.2930    23.2714    1542.18    216.986    217.888         63 0.0000e+00
      27978   1165.707    840.873    848.000    27.1921    27.2132   5.703192   5.705146     3.1531     2.6921      99.88   24.22552  -81.60931    0.00148    0.00210     5.0079     5.0281    26.9945    27.0157    35.9292    35.9260    23.4196    23.4104    1542.20    218.535    219.420         63 0.0000e+00
      28039   1168.264    841.863    849.000    26.5125    26.6014   5.641808   5.649271     3.1349     2.6789     100.00   24.22552  -81.60931   -0.00329   -0.00331     5.0306     5.0498    26.3183    26.4068    36.0129    35.9977    23.6976    23.6581    1542.22    219.466    220.314         58 0.0000e+00
      28104   1170.957    842.852    850.000    25.9265    25.9661   5.589908   5.592947     3.1197     2.6686      88.06   24.22552  -81.60931   -0.00715   -0.00436     5.0506     5.0794    25.7379    25.7745    36.0915    36.0849    23.9388    23.9224    1542.23    220.285    221.548         70 0.0000e+00
      28173   1173.852    843.842    851.000    25.6959    25.6995   5.572422   5.572727     3.0973     2.6440      87.33   24.22552  -81.60930   -0.00568   -0.00540     5.0247     5.0442    25.5054    25.5090    36.1470    36.1464    24.0530    24.0514    1542.24    219.131    219.981         60 0.0000e+00
      28234   1176.395    844.831    852.000    25.6321    25.6402   5.572023   5.572475     3.0599     2.6163      99.87   24.22552  -81.60931   -0.01329   -0.01116     4.9506     4.9839    25.4416    25.4497    36.1941    36.1910    24.1083    24.1034    1542.25    215.889    217.344         65 0.0000e+00
      28304   1179.278    845.821    853.000    25.5284    25.5375   5.567408   5.568269     3.0118     2.5736      60.74   24.22552  -81.60931   -0.01641   -0.01391     4.8574     4.8919    25.3379    25.3473    36.2422    36.2410    24.1767    24.1728    1542.26    211.809    213.314         62 0.0000e+00
      28369   1181.987    846.810    854.000    25.3239    25.3453   5.552713   5.554430     2.9651     2.5334     101.00   24.22552  -81.60931   -0.01678   -0.01429     4.7756     4.8128    25.1346    25.1559    36.2957    36.2914    24.2796    24.2698    1542.27    208.221    209.848         67 0.0000e+00
      28432   1184.607    847.800    855.000    25.1551    25.1727   5.535686   5.537618     2.9319     2.5021      85.13   24.22552  -81.60932   -0.01520   -0.01437     4.7207     4.7547    24.9664    24.9839    36.3041    36.3044    24.3374    24.3323    1542.28    205.817    207.299         58 0.0000e+00
      28499   1187.437    848.789    856.000    24.9523    24.9714   5.514090   5.516066     2.9209     2.4946     100.09   24.22552  -81.60931   -0.00523   -0.00409     4.7150     4.7532    24.7644    24.7834    36.3056    36.3047    24.4001    24.3937    1542.29    205.558    207.223         65 0.0000e+00
      28564   1190.140    849.779    857.000    24.6118    24.6339   5.475324   5.477887     2.9033     2.4798     100.00   24.22552  -81.60931   -0.00589   -0.00489     4.7082     4.7472    24.4255    24.4475    36.2892    36.2906    24.4903    24.4847    1542.30    205.240    206.944         63 0.0000e+00
      28630   1192.871    850.768    858.000    24.3949    24.4139   5.446394   5.448672     2.9167     2.4970     100.00   24.22552  -81.60931    0.00250    0.00389     4.7581     4.8083    24.2096    24.2285    36.2465    36.2483    24.5228    24.5184    1542.31    207.412    209.601         66 0.0000e+00
