Gulf of Mexico/GOMECC-4/1db/drb2103_0001.cnv
* Sea-Bird SBE 9 Data File:
* FileName = C:\Users\scs.user.rb\CTD\GOMECC4\data\rb2103_000.hex
* Software Version Seasave V 7.26.7.107
* Temperature SN = 4799
* Conductivity SN = 3860
* Number of Bytes Per Scan = 41
* Number of Voltage Words = 4
* Number of Scans Averaged by the Deck Unit = 1
* NMEA Latitude = 24 13.42 N
* NMEA Longitude = 081 36.66 W
* NMEA UTC (Time) = Sep 13 2021  22:57:13
* NMEA baud rate = 4800
# nquan = 28
# nvalues = 271                         
# units = specified
# name 0 = scan: Scan Count
# name 1 = timeS: Time, Elapsed [seconds]
# name 2 = depSM: Depth [salt water, m]
# name 3 = prDM: Pressure, Digiquartz [db]
# name 4 = t090C: Temperature [ITS-90, deg C]
# name 5 = t190C: Temperature, 2 [ITS-90, deg C]
# name 6 = c0S/m: Conductivity [S/m]
# name 7 = c1S/m: Conductivity, 2 [S/m]
# name 8 = sbeox0V: Oxygen raw, SBE 43 [V]
# name 9 = sbeox1V: Oxygen raw, SBE 43, 2 [V]
# name 10 = altM: Altimeter [m]
# name 11 = latitude: Latitude [deg]
# name 12 = longitude: Longitude [deg]
# name 13 = sbox0dV/dT: Oxygen, SBE 43 [dov/dt]
# name 14 = sbox1dV/dT: Oxygen, SBE 43, 2 [dov/dt]
# name 15 = sbeox0ML/L: Oxygen, SBE 43 [ml/l], WS = 5
# name 16 = sbeox1ML/L: Oxygen, SBE 43, 2 [ml/l], WS = 5
# name 17 = potemp090C: Potential Temperature [ITS-90, deg C]
# name 18 = potemp190C: Potential Temperature, 2 [ITS-90, deg C]
# name 19 = sal00: Salinity, Practical [PSU]
# name 20 = sal11: Salinity, Practical, 2 [PSU]
# name 21 = sigma-é00: Density [sigma-theta, kg/m^3]
# name 22 = sigma-é11: Density, 2 [sigma-theta, kg/m^3]
# name 23 = avgsvCM: Average Sound Velocity [Chen-Millero, m/s], minP = 20, minS = 20
# name 24 = sbox0Mm/Kg: Oxygen, SBE 43 [umol/kg], WS = 5
# name 25 = sbox1Mm/Kg: Oxygen, SBE 43, 2 [umol/kg], WS = 5
# name 26 = nbin: number of scans per bin
# name 27 = flag: flag
# span 0 =      17929,      48519       
# span 1 =    747.011,   2021.583       
# span 2 =    800.296,   1235.345       
# span 3 =    807.000,   1247.000       
# span 4 =     9.0619,    29.3582       
# span 5 =     9.0618,    29.3825       
# span 6 =   3.751637,   5.828271       
# span 7 =   3.751661,   5.828546       
# span 8 =     1.6242,     3.5764       
# span 9 =     1.3323,     3.1511       
# span 10 =      27.43,     101.00      
# span 11 =   24.22360,   24.22782      
# span 12 =  -81.61700,  -81.60261      
# span 13 =   -0.17464,    0.09778      
# span 14 =   -0.05374,    0.09164      
# span 15 =     2.8854,     5.8232      
# span 16 =     2.9391,     5.9800      
# span 17 =     8.9183,    29.1572      
# span 18 =     8.9182,    29.1864      
# span 19 =    25.9912,    36.3277      
# span 20 =    29.8500,    36.3289      
# span 21 =    15.3923,    26.9422      
# span 22 =    18.2727,    26.9422      
# span 23 =    1119.31,    1555.83      
# span 24 =    125.487,    255.197      
# span 25 =    127.821,    261.770      
# span 26 =         30,         71      
# span 27 = 0.0000e+00, 0.0000e+00      
# interval = decibars: 1                
# start_time = Sep 13 2021 22:57:13 [NMEA time, header]
# bad_flag = -9.990e-29
*END*
[from data line 104]
      30837   1284.816    904.197    912.000    18.7067    18.7080   4.842021   4.842319     1.9997     1.6729     100.00   24.22553  -81.60930    0.00379    0.00395     3.1201     3.1748    18.5422    18.5435    36.1920    36.1934    26.0494    26.0501    1542.19    135.807    138.185         39 0.0000e+00
      30873   1286.346    905.186    913.000    18.6439    18.6498   4.835430   4.835816     2.0026     1.6756     100.00   24.22554  -81.60930    0.00387    0.00390     3.1315     3.1854    18.4796    18.4855    36.1909    36.1904    26.0644    26.0625    1542.18    136.300    138.644         35 0.0000e+00
      30909   1287.818    906.175    914.000    18.4595    18.4642   4.814760   4.815412     2.0131     1.6924     100.00   24.22554  -81.60930    0.00316    0.00399     3.1797     3.2594    18.2941    18.3008    36.1788    36.1785    26.1018    26.0999    1542.17    138.394    141.863         37 0.0000e+00
      30949   1289.490    907.164    915.000    18.3856    18.3904   4.806429   4.806967     2.0331     1.7089      98.47   24.22554  -81.60930    0.00824    0.00978     3.2243     3.2927    18.2225    18.2272    36.1710    36.1713    26.1138    26.1129    1542.16    140.331    143.308         41 0.0000e+00
      30987   1291.069    908.154    916.000    18.3232    18.3259   4.800180   4.800499     2.0433     1.7154      95.86   24.22554  -81.60930    0.01036    0.00911     3.2539     3.3150    18.1603    18.1629    36.1723    36.1727    26.1303    26.1300    1542.15    141.619    144.278         35 0.0000e+00
      31021   1292.520    909.143    917.000    18.3003    18.3003   4.798509   4.798697     2.0635     1.7385      99.94   24.22554  -81.60930    0.00885    0.00770     3.3056     3.3791    18.1373    18.1373    36.1779    36.1794    26.1404    26.1416    1542.14    143.868    147.065         37 0.0000e+00
      31061   1294.170    910.132    918.000    18.3216    18.3207   4.803300   4.803286     2.1027     1.7792     100.00   24.22554  -81.60930    0.01589    0.01694     3.4005     3.4876    18.1582    18.1574    36.1995    36.2001    26.1517    26.1524    1542.13    147.996    151.785         42 0.0000e+00
      31101   1295.822    911.121    919.000    18.3201    18.3216   4.804155   4.804495     2.1547     1.8392     100.00   24.22554  -81.60930    0.02693    0.02825     3.5286     3.6496    18.1566    18.1580    36.2076    36.2092    26.1584    26.1592    1542.12    153.571    158.836         36 0.0000e+00
      31136   1297.292    912.111    920.000    18.2886    18.2933   4.799977   4.800573     2.2035     1.8726     100.00   24.22554  -81.60930    0.03321    0.03232     3.6518     3.7423    18.1251    18.1298    36.1995    36.2004    26.1600    26.1595    1542.11    158.932    162.871         36 0.0000e+00
      31174   1298.878    913.100    921.000    18.2072    18.2112   4.789421   4.789721     2.2098     1.8678     100.00   24.22554  -81.60930    0.02495    0.01896     3.6781     3.7419    18.0441    18.0480    36.1809    36.1799    26.1659    26.1642    1542.10    160.077    162.851         39 0.0000e+00
      31213   1300.511    914.089    922.000    17.9353    17.9422   4.755498   4.756240     2.1829     1.8329      92.98   24.22554  -81.60930   -0.00546   -0.01190     3.6095     3.6394    17.7735    17.7804    36.1303    36.1305    26.1942    26.1926    1542.09    157.088    158.388         38 0.0000e+00
      31249   1302.014    915.078    923.000    17.8780    17.8825   4.748389   4.748921     2.1447     1.7939      78.14   24.22554  -81.60930   -0.01742   -0.02134     3.5402     3.5617    17.7165    17.7209    36.1196    36.1203    26.2000    26.1994    1542.08    154.069    155.003         36 0.0000e+00
      31287   1303.572    916.068    924.000    17.8396    17.8405   4.743733   4.743931     2.1162     1.7681      99.84   24.22554  -81.60930   -0.02292   -0.02343     3.4724     3.4946    17.6781    17.6790    36.1132    36.1141    26.2045    26.2050    1542.07    151.118    152.083         39 0.0000e+00
      31327   1305.230    917.057    925.000    17.8098    17.8117   4.740272   4.740611     2.0963     1.7534     100.00   24.22554  -81.60930   -0.01731   -0.01501     3.4261     3.4576    17.6484    17.6502    36.1094    36.1106    26.2089    26.2094    1542.06    149.101    150.474         39 0.0000e+00
      31364   1306.779    918.046    926.000    17.7914    17.7930   4.738126   4.738430     2.0899     1.7521      79.99   24.22554  -81.60930   -0.00942   -0.00644     3.4118     3.4556    17.6299    17.6315    36.1070    36.1081    26.2116    26.2120    1542.05    148.481    150.383         36 0.0000e+00
      31400   1308.278    919.036    927.000    17.7702    17.7719   4.735652   4.735966     2.0871     1.7508      81.59   24.22554  -81.60930   -0.00447   -0.00201     3.4067     3.4539    17.6086    17.6103    36.1040    36.1053    26.2145    26.2151    1542.04    148.255    150.310         37 0.0000e+00
      31438   1309.882    920.025    928.000    17.7542    17.7558   4.733812   4.734117     2.0841     1.7506     100.09   24.22554  -81.60930   -0.00217   -0.00054     3.4008     3.4550    17.5925    17.5941    36.1020    36.1032    26.2169    26.2174    1542.03    148.000    150.360         39 0.0000e+00
      31477   1311.489    921.014    929.000    17.7207    17.7234   4.729907   4.730290     2.0818     1.7495     100.00   24.22554  -81.60930   -0.00171   -0.00042     3.3981     3.4548    17.5591    17.5617    36.0977    36.0986    26.2218    26.2218    1542.01    147.882    150.350         37 0.0000e+00
      31512   1312.975    922.003    930.000    17.6585    17.6619   4.722506   4.722747     2.0812     1.7492     100.00   24.22554  -81.60930   -0.00124   -0.00043     3.4018     3.4586    17.4971    17.5016    36.0886    36.0888    26.2299    26.2297    1542.00    148.040    150.512         36 0.0000e+00
      31550   1314.538    922.992    931.000    17.6034    17.6078   4.715916   4.716395     2.0816     1.7470     100.00   24.22554  -81.60930   -0.00025   -0.00069     3.4070     3.4569    17.4422    17.4465    36.0802    36.0805    26.2369    26.2361    1541.99    148.267    150.440         40 0.0000e+00
      31590   1316.222    923.981    932.000    17.5041    17.5081   4.704357   4.704816     2.0804     1.7464     100.00   24.22554  -81.60930   -0.00022   -0.00113     3.4118     3.4629    17.3433    17.3472    36.0680    36.0685    26.2516    26.2510    1541.98    148.475    150.695         39 0.0000e+00
      31627   1317.735    924.971    933.000    17.4714    17.4743   4.700695   4.701048     2.0861     1.7539     100.00   24.22554  -81.60930    0.00047    0.00107     3.4292     3.4863    17.3106    17.3135    36.0649    36.0655    26.2571    26.2569    1541.97    149.228    151.714         34 0.0000e+00
      31662   1319.226    925.960    934.000    17.3961    17.4007   4.692127   4.692624     2.0963     1.7648     100.00   24.22554  -81.60930    0.00388    0.00475     3.4608     3.5222    17.2356    17.2402    36.0573    36.0574    26.2694    26.2684    1541.95    150.601    153.275         38 0.0000e+00
      31702   1320.858    926.949    935.000    17.3084    17.3143   4.681823   4.682364     2.1084     1.7761     100.00   24.22554  -81.60930    0.00705    0.00730     3.4981     3.5598    17.1482    17.1541    36.0448    36.0449    26.2809    26.2796    1541.94    152.225    154.908         40 0.0000e+00
      31740   1322.468    927.938    936.000    17.2003    17.2067   4.669046   4.669739     2.1164     1.7835     100.00   24.22554  -81.60930    0.00680    0.00653     3.5273     3.5891    17.0407    17.0470    36.0301    36.0305    26.2955    26.2942    1541.93    153.493    156.182         37 0.0000e+00
      31777   1323.998    928.927    937.000    17.1407    17.1420   4.661903   4.662174     2.1182     1.7843     100.00   24.22554  -81.60930    0.00393    0.00342     3.5370     3.5966    16.9813    16.9826    36.0206    36.0218    26.3024    26.3030    1541.91    153.914    156.506         37 0.0000e+00
      31814   1325.538    929.917    938.000    17.1207    17.1230   4.659501   4.659857     2.1182     1.7826     100.00   24.22554  -81.60930    0.00127    0.00037     3.5389     3.5938    16.9612    16.9635    36.0171    36.0182    26.3046    26.3048    1541.90    153.996    156.384         37 0.0000e+00
      31852   1327.143    930.906    939.000    17.0937    17.0956   4.656294   4.656583     2.1162     1.7813     100.00   24.22554  -81.60930   -0.00033   -0.00092     3.5365     3.5928    16.9342    16.9361    36.0128    36.0137    26.3077    26.3079    1541.89    153.890    156.340         39 0.0000e+00
      31890   1328.713    931.895    940.000    17.0656    17.0676   4.652988   4.653296     2.1139     1.7795     100.00   24.22554  -81.60930   -0.00123   -0.00084     3.5332     3.5903    16.9061    16.9081    36.0087    36.0096    26.3112    26.3114    1541.88    153.749    156.232         37 0.0000e+00
      31927   1330.230    932.884    941.000    17.0464    17.0476   4.650730   4.650993     2.1121     1.7782      97.56   24.22554  -81.60930   -0.00144   -0.00104     3.5308     3.5884    16.8869    16.8881    36.0057    36.0069    26.3136    26.3142    1541.87    153.642    156.150         37 0.0000e+00
      31966   1331.873    933.873    942.000    17.0314    17.0327   4.649004   4.649266     2.1120     1.7766     100.00   24.22554  -81.60930   -0.00077   -0.00095     3.5321     3.5858    16.8718    16.8731    36.0037    36.0048    26.3156    26.3161    1541.85    153.698    156.037         41 0.0000e+00
      32005   1333.520    934.862    943.000    17.0077    17.0102   4.646263   4.646581     2.1104     1.7746     100.00   24.22554  -81.60930   -0.00039   -0.00105     3.5302     3.5822    16.8481    16.8506    35.9999    36.0010    26.3183    26.3185    1541.84    153.617    155.879         37 0.0000e+00
      32041   1335.006    935.851    944.000    16.9839    16.9858   4.643319   4.643622     2.1087     1.7736     100.00   24.22554  -81.60930   -0.00094   -0.00108     3.5283     3.5818    16.8242    16.8261    35.9956    35.9966    26.3207    26.3210    1541.83    153.535    155.860         36 0.0000e+00
      32079   1336.573    936.840    945.000    16.8853    16.9084   4.631753   4.633661     2.1072     1.7727      92.37   24.22554  -81.60930   -0.00111   -0.00070     3.5319     3.5868    16.7261    16.7490    35.9820    35.9838    26.3335    26.3294    1541.81    153.688    156.075         39 0.0000e+00
      32118   1338.200    937.829    946.000    16.7942    16.7995   4.620815   4.621462     2.1046     1.7701     100.06   24.22554  -81.60930   -0.00127   -0.00092     3.5337     3.5871    16.6354    16.6406    35.9671    35.9681    26.3435    26.3431    1541.80    153.764    156.086         38 0.0000e+00
      32155   1339.765    938.819    947.000    16.7679    16.7662   4.617627   4.617417     2.1046     1.7682     100.00   24.22554  -81.60930   -0.00097   -0.00136     3.5362     3.5848    16.6091    16.6075    35.9623    35.9619    26.3461    26.3462    1541.79    153.873    155.988         37 0.0000e+00
      32193   1341.331    939.808    948.000    16.7273    16.7270   4.612676   4.612683     2.1033     1.7680     100.00   24.22554  -81.60930   -0.00039   -0.00094     3.5365     3.5876    16.5685    16.5682    35.9548    35.9551    26.3499    26.3502    1541.77    153.885    156.109         39 0.0000e+00
      32232   1342.948    940.797    949.000    16.7135    16.7151   4.611011   4.611302     2.1011     1.7669     100.00   24.22554  -81.60930   -0.00088   -0.00045     3.5324     3.5859    16.5547    16.5563    35.9521    35.9532    26.3510    26.3515    1541.76    153.705    156.035         38 0.0000e+00
      32269   1344.516    941.786    950.000    16.7061    16.7083   4.610108   4.610439     2.0990     1.7648     100.00   24.22554  -81.60930   -0.00132   -0.00075     3.5281     3.5812    16.5472    16.5493    35.9507    35.9516    26.3518    26.3520    1541.74    153.517    155.829         38 0.0000e+00
      32307   1346.102    942.775    951.000    16.6267    16.6304   4.601411   4.602028     2.0945     1.7598     100.00   24.22554  -81.60930   -0.00175   -0.00163     3.5207     3.5709    16.4681    16.4717    35.9373    35.9373    26.3600    26.3592    1541.73    153.197    155.380         38 0.0000e+00
      32346   1347.694    943.764    952.000    16.5592    16.5641   4.592522   4.593030     2.0851     1.7498      74.77   24.22554  -81.60930   -0.00356   -0.00390     3.5050     3.5508    16.4009    16.4057    35.9262    35.9263    26.3673    26.3662    1541.72    152.511    154.503         39 0.0000e+00
      32384   1349.309    944.754    953.000    16.5021    16.5037   4.585758   4.585971     2.0734     1.7394     100.28   24.22554  -81.60930   -0.00621   -0.00632     3.4796     3.5265    16.3440    16.3456    35.9174    35.9179    26.3738    26.3738    1541.71    151.406    153.447         37 0.0000e+00
      32421   1350.820    945.742    954.000    16.4609    16.4640   4.580824   4.581188     2.0637     1.7292     100.00   24.22554  -81.60930   -0.00690   -0.00653     3.4586     3.5019    16.3029    16.3060    35.9104    35.9108    26.3780    26.3776    1541.69    150.491    152.376         37 0.0000e+00
      32459   1352.411    946.732    955.000    16.4104    16.4134   4.574726   4.575093     2.0573     1.7238      92.48   24.22554  -81.60930   -0.00566   -0.00545     3.4464     3.4902    16.2525    16.2555    35.9014    35.9020    26.3828    26.3826    1541.68    149.959    151.867         40 0.0000e+00
      32499   1354.063    947.721    956.000    16.3868    16.3880   4.571864   4.572084     2.0537     1.7231      75.14   24.22554  -81.60930   -0.00379   -0.00303     3.4394     3.4906    16.2289    16.2301    35.8969    35.8978    26.3849    26.3852    1541.66    149.654    151.884         38 0.0000e+00
      32535   1355.594    948.710    957.000    16.3723    16.3737   4.570184   4.570404     2.0524     1.7218     100.18   24.22554  -81.60930   -0.00194   -0.00077     3.4374     3.4886    16.2143    16.2157    35.8947    35.8954    26.3865    26.3867    1541.65    149.570    151.795         35 0.0000e+00
      32571   1357.087    949.699    958.000    16.3463    16.3482   4.567156   4.567411     2.0513     1.7207     100.00   24.22554  -81.60930   -0.00089   -0.00065     3.4372     3.4879    16.1883    16.1902    35.8908    35.8914    26.3896    26.3896    1541.63    149.559    151.764         38 0.0000e+00
      32613   1358.822    950.688    959.000    16.3227    16.3243   4.564345   4.564548     2.0497     1.7199     100.00   24.22554  -81.60930   -0.00086   -0.00067     3.4353     3.4877    16.1647    16.1663    35.8867    35.8871    26.3919    26.3919    1541.62    149.476    151.757         44 0.0000e+00
      32653   1360.510    951.677    960.000    16.2965    16.2986   4.561223   4.561503     2.0483     1.7180     100.00   24.22554  -81.60930   -0.00087   -0.00073     3.4342     3.4846    16.1385    16.1406    35.8823    35.8828    26.3946    26.3945    1541.60    149.426    151.622         36 0.0000e+00
      32686   1361.895    952.666    961.000    16.2429    16.2469   4.554867   4.555252     2.0466     1.7168     100.00   24.22554  -81.60930   -0.00089   -0.00094     3.4346     3.4866    16.0851    16.0910    35.8736    35.8730    26.4003    26.3987    1541.59    149.443    151.707         33 0.0000e+00
      32724   1363.462    953.655    962.000    16.1081    16.1127   4.538781   4.539226     2.0387     1.7088     100.00   24.22554  -81.60930   -0.00232   -0.00211     3.4247     3.4736    15.9510    15.9556    35.8515    35.8512    26.4141    26.4129    1541.57    149.012    151.141         42 0.0000e+00
