Gulf of Mexico/GOMECC-4/1db/drb2103_0351.cnv
* Sea-Bird SBE 9 Data File:
* FileName = C:\Users\scs.user.rb\CTD\GOMECC4\data\rb2103_0351.hex
* Software Version Seasave V 7.26.7.107
* Temperature SN = 4799
* Conductivity SN = 3860
* Number of Bytes Per Scan = 41
* Number of Voltage Words = 4
* Number of Scans Averaged by the Deck Unit = 1
* NMEA Latitude = 28 42.06 N
* NMEA Longitude = 087 45.57 W
* NMEA UTC (Time) = Sep 24 2021  11:26:03
* NMEA baud rate = 4800
# nquan = 28
# nvalues = 285                         
# units = specified
# name 0 = scan: Scan Count
# name 1 = timeS: Time, Elapsed [seconds]
# name 2 = depSM: Depth [salt water, m]
# name 3 = prDM: Pressure, Digiquartz [db]
# name 4 = t090C: Temperature [ITS-90, deg C]
# name 5 = t190C: Temperature, 2 [ITS-90, deg C]
# name 6 = c0S/m: Conductivity [S/m]
# name 7 = c1S/m: Conductivity, 2 [S/m]
# name 8 = sbeox0V: Oxygen raw, SBE 43 [V]
# name 9 = sbeox1V: Oxygen raw, SBE 43, 2 [V]
# name 10 = altM: Altimeter [m]
# name 11 = latitude: Latitude [deg]
# name 12 = longitude: Longitude [deg]
# name 13 = sbox0dV/dT: Oxygen, SBE 43 [dov/dt]
# name 14 = sbox1dV/dT: Oxygen, SBE 43, 2 [dov/dt]
# name 15 = sbeox0ML/L: Oxygen, SBE 43 [ml/l], WS = 5
# name 16 = sbeox1ML/L: Oxygen, SBE 43, 2 [ml/l], WS = 5
# name 17 = potemp090C: Potential Temperature [ITS-90, deg C]
# name 18 = potemp190C: Potential Temperature, 2 [ITS-90, deg C]
# name 19 = sal00: Salinity, Practical [PSU]
# name 20 = sal11: Salinity, Practical, 2 [PSU]
# name 21 = sigma-é00: Density [sigma-theta, kg/m^3]
# name 22 = sigma-é11: Density, 2 [sigma-theta, kg/m^3]
# name 23 = avgsvCM: Average Sound Velocity [Chen-Millero, m/s], minP = 20, minS = 20
# name 24 = sbox0Mm/Kg: Oxygen, SBE 43 [umol/kg], WS = 5
# name 25 = sbox1Mm/Kg: Oxygen, SBE 43, 2 [umol/kg], WS = 5
# name 26 = nbin: number of scans per bin
# name 27 = flag: flag
# span 0 =      13875,      77337       
# span 1 =    578.065,   3222.322       
# span 2 =      3.973,   2248.531       
# span 3 =      4.000,   2276.000       
# span 4 =     4.2830,    29.8775       
# span 5 =     4.2837,    29.8795       
# span 6 =   3.345145,   5.960205       
# span 7 =   3.345089,   5.960637       
# span 8 =     1.6288,     3.1238       
# span 9 =     1.3336,     2.6463       
# span 10 =      10.97,     101.91      
# span 11 =   28.68689,   28.70150      
# span 12 =  -87.76469,  -87.72099      
# span 13 =   -0.07293,    0.05004      
# span 14 =   -0.06778,    0.04795      
# span 15 =     2.6003,     4.6986      
# span 16 =     2.6314,     4.7382      
# span 17 =     4.0955,    29.8711      
# span 18 =     4.0965,    29.8728      
# span 19 =    33.5477,    36.5292      
# span 20 =    33.5484,    36.5301      
# span 21 =    21.1912,    27.7552      
# span 22 =    21.1921,    27.7536      
# span 23 =       0.00,    1557.56      
# span 24 =    113.065,    204.175      
# span 25 =    114.420,    205.894      
# span 26 =         30,         70      
# span 27 = 0.0000e+00, 0.0000e+00      
# interval = decibars: 1                
# start_time = Sep 24 2021 11:26:03 [NMEA time, header]
# bad_flag = -9.990e-29
*END*
[from data line 208]
      41517   1729.835    970.149    979.000     5.0644     5.0649   3.389417   3.389374     1.8622     1.5530     100.00   28.69981  -87.75947    0.00066    0.00089     3.9254     3.9760     4.9818     4.9824    34.9345    34.9335    27.6255    27.6246    1499.46    170.596    172.794         32 0.0000e+00
      41647   1735.261    975.092    984.000     5.0424     5.0431   3.387725   3.387705     1.8638     1.5546     100.00   28.69998  -87.75994    0.00011    0.00019     3.9359     3.9870     4.9595     4.9603    34.9354    34.9345    27.6288    27.6280    1499.41    171.053    173.272         34 0.0000e+00
      41776   1740.641    980.035    989.000     5.0310     5.0318   3.386957   3.386957     1.8676     1.5573     100.00   28.70006  -87.76017    0.00074    0.00043     3.9529     4.0006     4.9477     4.9486    34.9360    34.9351    27.6307    27.6299    1499.35    171.788    173.864         30 0.0000e+00
      42063   1752.580    990.910   1000.000     4.9937     4.9941   3.384161   3.384114     1.8717     1.5615     100.00   28.69976  -87.75922    0.00021    0.00029     3.9768     4.0265     4.9097     4.9101    34.9371    34.9362    27.6359    27.6352    1499.20    172.826    174.989         30 0.0000e+00
      42193   1758.001    995.852   1005.000     4.9879     4.9886   3.383917   3.383893     1.8743     1.5636     100.00   28.70017  -87.76051    0.00055    0.00044     3.9890     4.0373     4.9035     4.9042    34.9379    34.9369    27.6372    27.6364    1499.16    173.360    175.456         31 0.0000e+00
      43311   1804.598   1038.355   1048.000     4.8453     4.8459   3.373352   3.373323     1.8962     1.5841     100.00   28.70006  -87.76015    0.00029    0.00050     4.1035     4.1533     4.7581     4.7587    34.9431    34.9422    27.6581    27.6573    1498.66    178.331    180.493         34 0.0000e+00
      43444   1810.113   1043.296   1053.000     4.8231     4.8236   3.371693   3.371651     1.8975     1.5853     100.00   28.70061  -87.76188    0.00036    0.00018     4.1135     4.1633     4.7356     4.7361    34.9445    34.9435    27.6617    27.6609    1498.63    178.764    180.927         33 0.0000e+00
      43572   1815.445   1048.238   1058.000     4.8121     4.8127   3.370916   3.370878     1.9006     1.5885     100.00   28.70028  -87.76080    0.00053    0.00054     4.1281     4.1793     4.7242     4.7248    34.9447    34.9437    27.6632    27.6623    1498.56    179.400    181.624         30 0.0000e+00
      44687   1861.926   1090.729   1101.000     4.6801     4.6806   3.361302   3.361259     1.9241     1.6096     100.00   28.70000  -87.75988    0.00021   -0.00004     4.2497     4.2989     4.5895     4.5899    34.9497    34.9488    27.6824    27.6816    1498.11    184.680    186.819         30 0.0000e+00
      45676   1903.121   1128.272   1139.000     4.5953     4.5956   3.355605   3.355546     1.9341     1.6194     100.00   28.70040  -87.76123    0.00030    0.00015     4.3164     4.3679     4.5019     4.5022    34.9534    34.9524    27.6951    27.6942    1497.78    187.576    189.815         30 0.0000e+00
      45807   1908.564   1133.212   1144.000     4.5917     4.5923   3.355493   3.355457     1.9362     1.6212      85.15   28.70019  -87.76052    0.00040    0.00058     4.3271     4.3780     4.4979     4.4985    34.9533    34.9524    27.6954    27.6946    1497.73    188.041    190.254         30 0.0000e+00
      45937   1914.000   1138.151   1149.000     4.5840     4.5844   3.355065   3.355018     1.9364     1.6215     100.00   28.70047  -87.76138    0.00001    0.00015     4.3316     4.3829     4.4898     4.4902    34.9540    34.9529    27.6968    27.6959    1497.70    188.238    190.467         30 0.0000e+00
      46872   1952.948   1173.711   1185.000     4.5267     4.5271   3.351649   3.351593     1.9441     1.6287     100.00   28.70034  -87.76089    0.00013    0.00030     4.3864     4.4385     4.4298     4.4302    34.9563    34.9553    27.7053    27.7045    1497.40    190.617    192.880         30 0.0000e+00
      46975   1957.256   1177.661   1189.000     4.5181     4.5187   3.351049   3.351007     1.9451     1.6297     100.00   28.69998  -87.75978    0.00019    0.00027     4.3933     4.4457     4.4209     4.4215    34.9564    34.9553    27.7063    27.7054    1497.35    190.914    193.191         30 0.0000e+00
      47076   1961.451   1181.612   1193.000     4.5105     4.5113   3.350548   3.350518     1.9467     1.6313     100.00   28.69978  -87.75916    0.00040    0.00045     4.4023     4.4553     4.4130     4.4138    34.9565    34.9554    27.7073    27.7063    1497.31    191.306    193.610         32 0.0000e+00
      47108   1962.802   1182.600   1194.000     4.5080     4.5085   3.350411   3.350375     1.9471     1.6313      94.15   28.70020  -87.76044    0.00036    0.00038     4.4045     4.4561     4.4104     4.4109    34.9571    34.9561    27.7081    27.7072    1497.32    191.401    193.646         30 0.0000e+00
      48256   2010.617   1228.026   1240.000     4.4582     4.4587   3.348100   3.348046     1.9558     1.6395     100.00   28.70012  -87.76014    0.00012    0.00009     4.4686     4.5213     4.3569     4.3574    34.9596    34.9584    27.7159    27.7149    1496.99    194.186    196.474         31 0.0000e+00
      50962   2123.368   1334.641   1348.000     4.3742     4.3747   3.345479   3.345430     1.9603     1.6432      86.43   28.70018  -87.76019    0.00006   -0.00002     4.5592     4.6103     4.2639     4.2644    34.9637    34.9626    27.7293    27.7283    1496.40    198.119    200.340         31 0.0000e+00
      51087   2128.571   1339.576   1353.000     4.3698     4.3703   3.345328   3.345277     1.9607     1.6434     100.00   28.70039  -87.76085    0.00008    0.00009     4.5641     4.6149     4.2591     4.2595    34.9641    34.9631    27.7301    27.7292    1496.39    198.335    200.541         32 0.0000e+00
      51606   2150.222   1360.300   1374.000     4.3603     4.3608   3.345354   3.345303     1.9607     1.6430     100.00   28.69993  -87.75937   -0.00007   -0.00014     4.5778     4.6269     4.2477     4.2482    34.9641    34.9630    27.7313    27.7304    1496.28    198.928    201.063         33 0.0000e+00
      51735   2155.563   1365.234   1379.000     4.3552     4.3557   3.345145   3.345089     1.9602     1.6432     100.00   28.70005  -87.75967    0.00002    0.00010     4.5795     4.6314     4.2422     4.2427    34.9646    34.9635    27.7323    27.7314    1496.26    199.004    201.256         33 0.0000e+00
      53086   2211.866   1420.486   1435.000     4.3337     4.3343   3.345714   3.345667     1.9588     1.6414     100.00   28.70050  -87.76099   -0.00000   -0.00007     4.6104     4.6608     4.2158     4.2164    34.9663    34.9651    27.7365    27.7355    1496.09    200.344    202.532         32 0.0000e+00
      56725   2363.512   1569.399   1586.000     4.2965     4.2973   3.348918   3.348866     1.9464     1.6291     100.00   28.70084  -87.76176   -0.00010   -0.00005     4.6596     4.7073     4.1649     4.1656    34.9692    34.9678    27.7443    27.7431    1495.79    202.479    204.552         30 0.0000e+00
      60219   2509.093   1711.310   1730.000     4.2862     4.2869   3.353950   3.353889     1.9285     1.6125     100.00   28.70012  -87.75943   -0.00019   -0.00001     4.6796     4.7276     4.1410     4.1417    34.9694    34.9680    27.7469    27.7458    1495.70    203.349    205.436         31 0.0000e+00
      63008   2625.285   1823.589   1844.000     4.2830     4.2837   3.358455   3.358402     1.9134     1.5972      97.61   28.70094  -87.76178   -0.00010   -0.00010     4.6904     4.7333     4.1268     4.1275    34.9710    34.9697    27.7498    27.7486    1495.84    203.818    205.682         31 0.0000e+00
      71993   2999.664   2182.681   2209.000     4.2922     4.2931   3.374039   3.373980     1.8604     1.5468      77.39   28.70053  -87.75995   -0.00016   -0.00008     4.6980     4.7369     4.0991     4.1000    34.9722    34.9706    27.7537    27.7523    1496.72    204.145    205.836         32 0.0000e+00
      72145   3005.997   2188.579   2215.000     4.2927     4.2936   3.374299   3.374244     1.8595     1.5462      71.38   28.70034  -87.75935   -0.00012   -0.00012     4.6981     4.7376     4.0990     4.1000    34.9719    34.9703    27.7535    27.7521    1496.73    204.150    205.867         33 0.0000e+00
      72185   3007.682   2189.562   2216.000     4.2928     4.2938   3.374392   3.374336     1.8592     1.5457      70.64   28.70076  -87.76064    0.00002   -0.00020     4.6973     4.7361     4.0991     4.1000    34.9724    34.9708    27.7539    27.7525    1496.75    204.116    205.804         48 0.0000e+00
      72239   3009.923   2190.545   2217.000     4.2929     4.2939   3.374441   3.374384     1.8586     1.5455      69.03   28.70076  -87.76064   -0.00033   -0.00021     4.6953     4.7359     4.0990     4.1000    34.9725    34.9708    27.7539    27.7525    1496.75    204.028    205.793         57 0.0000e+00
      72288   3011.977   2191.528   2218.000     4.2930     4.2939   3.374485   3.374427     1.8589     1.5454      68.12   28.70078  -87.76064    0.00000   -0.00005     4.6971     4.7357     4.0990     4.0999    34.9725    34.9708    27.7539    27.7525    1496.76    204.106    205.783         41 0.0000e+00
      72329   3013.686   2192.511   2219.000     4.2930     4.2940   3.374533   3.374477     1.8585     1.5454      67.18   28.70078  -87.76064    0.00001   -0.00002     4.6962     4.7363     4.0989     4.0999    34.9725    34.9708    27.7539    27.7525    1496.76    204.070    205.813         45 0.0000e+00
      72380   3015.802   2193.494   2220.000     4.2931     4.2941   3.374580   3.374522     1.8584     1.5449      66.02   28.70078  -87.76064   -0.00016   -0.00014     4.6963     4.7347     4.0989     4.0999    34.9725    34.9708    27.7539    27.7524    1496.76    204.073    205.741         49 0.0000e+00
      72418   3017.368   2194.477   2221.000     4.2931     4.2941   3.374631   3.374572     1.8586     1.5446      65.25   28.70078  -87.76064    0.00001   -0.00025     4.6976     4.7341     4.0989     4.0998    34.9726    34.9709    27.7540    27.7525    1496.77    204.129    205.714         30 0.0000e+00
      72506   3021.047   2197.426   2224.000     4.2933     4.2943   3.374725   3.374672     1.8581     1.5443      68.79   28.70043  -87.75957   -0.00019   -0.00005     4.6977     4.7346     4.0987     4.0997    34.9721    34.9705    27.7536    27.7522    1496.76    204.133    205.738         37 0.0000e+00
      72545   3022.654   2198.409   2225.000     4.2934     4.2944   3.374815   3.374756     1.8582     1.5442      61.19   28.70078  -87.76064    0.00007   -0.00010     4.6986     4.7348     4.0987     4.0997    34.9726    34.9709    27.7540    27.7526    1496.78    204.175    205.744         37 0.0000e+00
      72637   3026.486   2201.357   2228.000     4.2937     4.2946   3.374919   3.374861     1.8569     1.5435      58.30   28.70045  -87.75962   -0.00039   -0.00016     4.6950     4.7333     4.0986     4.0995    34.9722    34.9705    27.7537    27.7523    1496.77    204.015    205.683         34 0.0000e+00
      72672   3027.973   2202.340   2229.000     4.2937     4.2947   3.374996   3.374946     1.8571     1.5437      57.40   28.70078  -87.76064   -0.00015   -0.00011     4.6964     4.7348     4.0986     4.0996    34.9725    34.9709    27.7540    27.7526    1496.80    204.076    205.744         35 0.0000e+00
      72705   3029.335   2203.323   2230.000     4.2938     4.2947   3.375043   3.374997     1.8571     1.5437      56.48   28.70078  -87.76064    0.00005   -0.00006     4.6971     4.7353     4.0986     4.0995    34.9725    34.9710    27.7540    27.7527    1496.80    204.109    205.770         31 0.0000e+00
      72736   3030.615   2204.306   2231.000     4.2939     4.2948   3.375086   3.375036     1.8565     1.5436      55.38   28.70078  -87.76064   -0.00005    0.00001     4.6949     4.7354     4.0985     4.0995    34.9725    34.9710    27.7540    27.7526    1496.80    204.012    205.774         31 0.0000e+00
      72770   3032.033   2205.289   2232.000     4.2940     4.2949   3.375132   3.375084     1.8563     1.5435      83.36   28.70078  -87.76064   -0.00030   -0.00003     4.6948     4.7357     4.0986     4.0994    34.9724    34.9710    27.7539    27.7527    1496.81    204.008    205.787         36 0.0000e+00
      72804   3033.461   2206.272   2233.000     4.2939     4.2948   3.375169   3.375116     1.8562     1.5433      53.24   28.70079  -87.76064   -0.00023   -0.00009     4.6951     4.7355     4.0984     4.0993    34.9725    34.9710    27.7540    27.7527    1496.81    204.020    205.777         32 0.0000e+00
      72865   3035.998   2208.238   2235.000     4.2940     4.2950   3.375243   3.375189     1.8561     1.5433      51.64   28.70058  -87.75997   -0.00004   -0.00003     4.6960     4.7367     4.0982     4.0992    34.9724    34.9707    27.7539    27.7525    1496.81    204.060    205.829         34 0.0000e+00
      72900   3037.475   2209.220   2236.000     4.2941     4.2951   3.375309   3.375255     1.8558     1.5431      50.49   28.70080  -87.76064   -0.00008   -0.00003     4.6953     4.7366     4.0982     4.0992    34.9726    34.9710    27.7541    27.7527    1496.82    204.031    205.824         36 0.0000e+00
      72934   3038.875   2210.203   2237.000     4.2941     4.2951   3.375350   3.375297     1.8559     1.5430      49.64   28.70080  -87.76064   -0.00010   -0.00007     4.6961     4.7367     4.0982     4.0991    34.9726    34.9710    27.7540    27.7527    1496.82    204.062    205.830         31 0.0000e+00
      72964   3040.131   2211.186   2238.000     4.2942     4.2952   3.375398   3.375346     1.8559     1.5430      48.72   28.70080  -87.76064   -0.00004   -0.00010     4.6968     4.7372     4.0981     4.0991    34.9726    34.9710    27.7541    27.7527    1496.83    204.095    205.849         30 0.0000e+00
      72995   3041.435   2212.169   2239.000     4.2941     4.2950   3.375430   3.375375     1.8559     1.5431      47.61   28.70080  -87.76064    0.00003   -0.00002     4.6976     4.7382     4.0979     4.0989    34.9726    34.9710    27.7541    27.7527    1496.83    204.129    205.894         33 0.0000e+00
      73030   3042.869   2213.152   2240.000     4.2941     4.2950   3.375470   3.375417     1.8557     1.5426      46.59   28.70080  -87.76064   -0.00001   -0.00006     4.6971     4.7367     4.0978     4.0987    34.9726    34.9710    27.7542    27.7528    1496.84    204.106    205.829         35 0.0000e+00
      73064   3044.280   2214.135   2241.000     4.2942     4.2951   3.375519   3.375463     1.8553     1.5425      45.62   28.70080  -87.76064   -0.00019   -0.00017     4.6960     4.7369     4.0978     4.0987    34.9726    34.9710    27.7541    27.7528    1496.84    204.061    205.836         32 0.0000e+00
      73095   3045.593   2215.118   2242.000     4.2942     4.2952   3.375555   3.375510     1.8551     1.5423      44.63   28.70080  -87.76065   -0.00024   -0.00016     4.6960     4.7367     4.0977     4.0987    34.9726    34.9711    27.7541    27.7528    1496.84    204.062    205.829         31 0.0000e+00
      73127   3046.926   2216.100   2243.000     4.2942     4.2952   3.375594   3.375549     1.8551     1.5421      43.66   28.70080  -87.76065   -0.00011   -0.00014     4.6967     4.7364     4.0977     4.0986    34.9725    34.9710    27.7541    27.7528    1496.85    204.090    205.816         33 0.0000e+00
