Gulf of Mexico/GOMECC-4/1db/drb2103_0961.cnv
* Sea-Bird SBE 9 Data File:
* FileName = C:\Users\scs.user.rb\CTD\GOMECC4\data\rb2103_0961.hex
* Software Version Seasave V 7.26.7.107
* Temperature SN = 4799
* Conductivity SN = 3860
* Number of Bytes Per Scan = 41
* Number of Voltage Words = 4
* Number of Scans Averaged by the Deck Unit = 1
* NMEA Latitude = 22 39.54 N
* NMEA Longitude = 090 17.28 W
* NMEA UTC (Time) = Oct 11 2021  07:29:15
* NMEA baud rate = 4800
# nquan = 28
# nvalues = 127                         
# units = specified
# name 0 = scan: Scan Count
# name 1 = timeS: Time, Elapsed [seconds]
# name 2 = depSM: Depth [salt water, m]
# name 3 = prDM: Pressure, Digiquartz [db]
# name 4 = t090C: Temperature [ITS-90, deg C]
# name 5 = t190C: Temperature, 2 [ITS-90, deg C]
# name 6 = c0S/m: Conductivity [S/m]
# name 7 = c1S/m: Conductivity, 2 [S/m]
# name 8 = sbeox0V: Oxygen raw, SBE 43 [V]
# name 9 = sbeox1V: Oxygen raw, SBE 43, 2 [V]
# name 10 = altM: Altimeter [m]
# name 11 = latitude: Latitude [deg]
# name 12 = longitude: Longitude [deg]
# name 13 = sbox0dV/dT: Oxygen, SBE 43 [dov/dt]
# name 14 = sbox1dV/dT: Oxygen, SBE 43, 2 [dov/dt]
# name 15 = sbeox0ML/L: Oxygen, SBE 43 [ml/l], WS = 5
# name 16 = sbeox1ML/L: Oxygen, SBE 43, 2 [ml/l], WS = 5
# name 17 = potemp090C: Potential Temperature [ITS-90, deg C]
# name 18 = potemp190C: Potential Temperature, 2 [ITS-90, deg C]
# name 19 = sal00: Salinity, Practical [PSU]
# name 20 = sal11: Salinity, Practical, 2 [PSU]
# name 21 = sigma-é00: Density [sigma-theta, kg/m^3]
# name 22 = sigma-é11: Density, 2 [sigma-theta, kg/m^3]
# name 23 = avgsvCM: Average Sound Velocity [Chen-Millero, m/s], minP = 20, minS = 20
# name 24 = sbox0Mm/Kg: Oxygen, SBE 43 [umol/kg], WS = 5
# name 25 = sbox1Mm/Kg: Oxygen, SBE 43, 2 [umol/kg], WS = 5
# name 26 = nbin: number of scans per bin
# name 27 = flag: flag
# span 0 =       8229,      16407       
# span 1 =    342.850,    683.567       
# span 2 =      4.969,    132.123       
# span 3 =      5.000,    133.000       
# span 4 =    19.7173,    29.5507       
# span 5 =    19.7183,    29.5517       
# span 6 =   4.946265,   5.987367       
# span 7 =   4.946476,   5.987682       
# span 8 =     1.9347,     3.1789       
# span 9 =     1.5977,     2.7028       
# span 10 =       5.59,     101.12      
# span 11 =   22.65948,   22.67356      
# span 12 =  -90.34363,  -90.28784      
# span 13 =   -0.03281,    0.00748      
# span 14 =   -0.03129,    0.00823      
# span 15 =     2.6306,     4.7322      
# span 16 =     2.6438,     4.7334      
# span 17 =    19.6939,    29.5486      
# span 18 =    19.6948,    29.5495      
# span 19 =    36.2119,    36.5109      
# span 20 =    36.2146,    36.5124      
# span 21 =    22.7901,    25.9784      
# span 22 =    22.7927,    25.9781      
# span 23 =       0.00,    1546.22      
# span 24 =    114.509,    206.318      
# span 25 =    115.083,    206.373      
# span 26 =         36,         67      
# span 27 = 0.0000e+00, 0.0000e+00      
# interval = decibars: 1                
# start_time = Oct 11 2021 07:29:15 [NMEA time, header]
# bad_flag = -9.990e-29
*END*
[from data line 52]
      10668    444.476     56.635     57.000    25.4980    25.4976   5.556530   5.556819     3.1668     2.7018      80.34   22.65950  -90.28786    0.00680    0.00596     4.7090     4.7151    25.4854    25.4850    36.4367    36.4392    24.2781    24.2801    1544.91    205.322    205.584         39 0.0000e+00
      10712    446.299     57.628     58.000    25.2891    25.2851   5.532626   5.532491     3.1700     2.7028      79.28   22.65951  -90.28786    0.00526    0.00342     4.7322     4.7334    25.2764    25.2723    36.4269    36.4291    24.3352    24.3381    1544.80    206.318    206.373         49 0.0000e+00
      10760    448.274     58.621     59.000    25.0825    25.0832   5.509877   5.510312     3.1551     2.6904      78.41   22.65951  -90.28786   -0.00279   -0.00271     4.7236     4.7257    25.0696    25.0704    36.4238    36.4264    24.3964    24.3982    1544.66    205.932    206.025         42 0.0000e+00
      10803    450.077     59.615     60.000    24.9959    24.9949   5.500474   5.500699     3.1414     2.6759      77.45   22.65952  -90.28786   -0.00731   -0.00685     4.7051     4.7022    24.9828    24.9819    36.4231    36.4256    24.4225    24.4246    1544.53    205.121    204.995         48 0.0000e+00
      10850    452.039     60.608     61.000    24.7478    24.7459   5.473298   5.473401     3.1088     2.6426      76.39   22.65952  -90.28786   -0.01085   -0.01107     4.6635     4.6511    24.7346    24.7327    36.4200    36.4223    24.4957    24.4981    1544.40    203.291    202.752         43 0.0000e+00
      10891    453.733     61.602     62.000    24.5335    24.5338   5.449485   5.449831     3.0516     2.5887      75.48   22.65952  -90.28786   -0.02303   -0.02294     4.5705     4.5522    24.5202    24.5205    36.4144    36.4168    24.5565    24.5582    1544.26    199.227    198.427         43 0.0000e+00
      10941    455.814     62.595     63.000    24.3489    24.3473   5.429303   5.429468     3.0095     2.5543      74.37   22.65952  -90.28786   -0.02775   -0.02504     4.5039     4.4928    24.3354    24.3338    36.4120    36.4146    24.6104    24.6128    1544.13    196.313    195.828         50 0.0000e+00
      10983    457.570     63.589     64.000    24.1811    24.1815   5.412874   5.413250     2.9782     2.5272      73.68   22.65952  -90.28786   -0.01855   -0.01522     4.4556     4.4462    24.1675    24.1679    36.4241    36.4266    24.6699    24.6717    1543.99    194.195    193.785         38 0.0000e+00
      11026    459.385     64.582     65.000    24.0904    24.0896   5.403072   5.403279     2.9238     2.4767      72.52   22.65952  -90.28786   -0.02374   -0.02124     4.3571     4.3452    24.0766    24.0758    36.4234    36.4256    24.6966    24.6985    1543.84    189.899    189.378         52 0.0000e+00
      11076    461.467     65.576     66.000    23.9435    23.9422   5.385365   5.385499     2.8978     2.4609      71.46   22.65952  -90.28786   -0.02097   -0.01730     4.3179     4.3217    23.9295    23.9283    36.4086    36.4106    24.7292    24.7311    1543.70    188.184    188.350         42 0.0000e+00
      11115    463.084     66.569     67.000    23.7987    23.7986   5.368122   5.368401     2.8977     2.4647      70.58   22.65952  -90.28786   -0.00669   -0.00324     4.3303     4.3417    23.7846    23.7845    36.3953    36.3976    24.7622    24.7640    1543.56    188.717    189.215         40 0.0000e+00
      11163    465.083     67.562     68.000    23.6064    23.6060   5.348260   5.348561     2.8976     2.4656      69.55   22.65952  -90.28786   -0.00006    0.00157     4.3456     4.3585    23.5922    23.5918    36.4009    36.4036    24.8233    24.8255    1543.42    189.375    189.936         54 0.0000e+00
      11211    467.071     68.556     69.000    23.4308    23.4317   5.331583   5.331841     2.8490     2.4105      68.61   22.65952  -90.28786   -0.00919   -0.00995     4.2667     4.2557    23.4165    23.4173    36.4172    36.4184    24.8873    24.8880    1543.28    185.923    185.442         40 0.0000e+00
      11250    468.704     69.549     70.000    23.0775    23.0796   5.290382   5.290637     2.8079     2.3783      67.68   22.65952  -90.28786   -0.02393   -0.02387     4.2097     4.2065    23.0631    23.0652    36.3907    36.3909    24.9704    24.9700    1543.13    183.427    183.284         43 0.0000e+00
      11298    470.693     70.543     71.000    22.8746    22.8740   5.266100   5.266360     2.7947     2.3744      66.62   22.65952  -90.28786   -0.02252   -0.01840     4.2000     4.2139    22.8601    22.8595    36.3702    36.3728    25.0138    25.0159    1542.96    182.994    183.600         49 0.0000e+00
      11342    472.544     71.536     72.000    22.7379    22.7414   5.250307   5.250776     2.7952     2.3741      65.69   22.65952  -90.28786   -0.00145    0.00058     4.2127     4.2240    22.7232    22.7268    36.3605    36.3612    25.0459    25.0454    1542.80    183.541    184.034         40 0.0000e+00
      11386    474.359     72.529     73.000    22.4842    22.4849   5.220334   5.220605     2.7932     2.3753      64.67   22.65952  -90.28786   -0.00137   -0.00061     4.2295     4.2467    22.4695    22.4701    36.3372    36.3388    25.1009    25.1019    1542.65    184.266    185.014         50 0.0000e+00
      11435    476.399     73.522     74.000    22.3006    22.3023   5.198176   5.198578     2.8107     2.3944      63.71   22.65952  -90.28786    0.00413    0.00512     4.2815     4.3051    22.2857    22.2875    36.3163    36.3179    25.1374    25.1382    1542.48    186.524    187.551         43 0.0000e+00
      11474    478.061     74.516     75.000    22.0736    22.0782   5.169971   5.170637     2.8190     2.4037      62.81   22.65952  -90.28786    0.00748    0.00823     4.3185     4.3447    22.0586    22.0633    36.2835    36.2849    25.1769    25.1766    1542.31    188.128    189.268         41 0.0000e+00
      11521    479.982     75.509     76.000    21.8702    21.8711   5.147700   5.148090     2.8349     2.4165      61.75   22.65952  -90.28786    0.00662    0.00661     4.3689     4.3906    21.8551    21.8561    36.2776    36.2799    25.2298    25.2312    1542.14    190.315    191.259         50 0.0000e+00
      11568    481.958     76.503     77.000    21.7844    21.7860   5.142530   5.142933     2.8161     2.3897      60.76   22.65952  -90.28786    0.00224   -0.00106     4.3368     4.3360    21.7691    21.7708    36.3084    36.3103    25.2773    25.2782    1541.97    188.905    188.872         43 0.0000e+00
      11610    483.695     77.496     78.000    21.7065    21.7074   5.136978   5.137349     2.7499     2.3270      59.75   22.65952  -90.28786   -0.02534   -0.02681     4.2065     4.1995    21.6896    21.6925    36.3308    36.3331    25.3166    25.3181    1541.80    183.224    182.916         43 0.0000e+00
      11656    485.645     78.489     79.000    21.6861    21.6870   5.138117   5.138491     2.6928     2.2726      58.74   22.65952  -90.28786   -0.03281   -0.03129     4.0892     4.0765    21.6706    21.6714    36.3554    36.3577    25.3407    25.3421    1541.63    178.111    177.555         49 0.0000e+00
      11702    487.535     79.483     80.000    21.6269    21.6287   5.132873   5.133246     2.6428     2.2302      57.82   22.65952  -90.28786   -0.03206   -0.02920     3.9862     3.9815    21.6112    21.6129    36.3593    36.3608    25.3602    25.3609    1541.50    173.619    173.418         41 0.0000e+00
      11743    489.261     80.476     81.000    21.5091    21.5112   5.121281   5.121626     2.6058     2.1978      56.84   22.65952  -90.28786   -0.02366   -0.01996     3.9228     3.9187    21.4933    21.4953    36.3700    36.3710    25.4012    25.4014    1541.31    170.851    170.675         45 0.0000e+00
      11791    491.266     81.470     82.000    21.3221    21.3236   5.100639   5.100986     2.5615     2.1585      55.78   22.65952  -90.28786   -0.02310   -0.02069     3.8452     3.8425    21.3061    21.3077    36.3630    36.3645    25.4477    25.4484    1541.15    167.464    167.348         49 0.0000e+00
      11836    493.139     82.463     83.000    21.0615    21.0648   5.073433   5.073800     2.5291     2.1304      54.90   22.65952  -90.28786   -0.01862   -0.01598     3.7970     3.7961    21.0455    21.0488    36.3655    36.3656    25.5214    25.5206    1540.98    165.355    165.315         42 0.0000e+00
      11879    494.916     83.456     84.000    20.9112    20.9118   5.058343   5.058654     2.4794     2.0821      53.88   22.65952  -90.28786   -0.02143   -0.01979     3.7039     3.6952    20.8951    20.8956    36.3715    36.3735    25.5671    25.5686    1540.81    161.291    160.913         43 0.0000e+00
      11924    496.810     84.449     85.000    20.8565    20.8575   5.053332   5.053657     2.4381     2.0486      52.96   22.65952  -90.28786   -0.02572   -0.02346     3.6210     3.6217    20.8402    20.8412    36.3773    36.3791    25.5866    25.5876    1540.65    157.679    157.710         48 0.0000e+00
      11971    498.759     85.443     86.000    20.7653    20.7672   5.046421   5.046788     2.4049     2.0196      51.97   22.65952  -90.28786   -0.01897   -0.01543     3.5572     3.5604    20.7488    20.7508    36.3990    36.4003    25.6280    25.6285    1540.48    154.896    155.034         45 0.0000e+00
      12016    500.613     86.436     87.000    20.7208    20.7213   5.046107   5.046353     2.3567     1.9689      50.98   22.65952  -90.28786   -0.02051   -0.01955     3.4582     3.4453    20.7042    20.7047    36.4342    36.4358    25.6670    25.6680    1540.32    150.578    150.016         45 0.0000e+00
      12060    502.475     87.429     88.000    20.6453    20.6470   5.039470   5.039819     2.2952     1.9136      50.01   22.65952  -90.28786   -0.02937   -0.02893     3.3333     3.3214    20.6286    20.6302    36.4447    36.4461    25.6955    25.6961    1540.16    145.136    144.616         42 0.0000e+00
      12102    504.194     88.423     89.000    20.5611    20.5620   5.031815   5.032132     2.2474     1.8718      49.03   22.65952  -90.28786   -0.03063   -0.02794     3.2376     3.2292    20.5442    20.5452    36.4545    36.4562    25.7258    25.7268    1540.00    140.966    140.600         44 0.0000e+00
      12151    506.255     89.416     90.000    20.5197    20.5203   5.027580   5.027855     2.1933     1.8243      48.00   22.65952  -90.28786   -0.02826   -0.02507     3.1259     3.1214    20.5026    20.5032    36.4552    36.4569    25.7375    25.7387    1539.85    136.099    135.905         51 0.0000e+00
      12196    508.128     90.409     91.000    20.4707    20.4720   5.022313   5.022612     2.1705     1.8071      47.10   22.65952  -90.28786   -0.02162   -0.01990     3.0814     3.0850    20.4535    20.4547    36.4539    36.4554    25.7498    25.7506    1539.70    134.159    134.317         40 0.0000e+00
      12237    509.846     91.402     92.000    20.4254    20.4264   5.017409   5.017711     2.1565     1.7962      46.06   22.65952  -90.28786   -0.01089   -0.00837     3.0543     3.0620    20.4081    20.4090    36.4526    36.4543    25.7611    25.7621    1539.54    132.979    133.315         45 0.0000e+00
      12285    511.824     92.396     93.000    20.3975    20.3987   5.014485   5.014777     2.1455     1.7853      45.08   22.65952  -90.28786   -0.00713   -0.00615     3.0336     3.0395    20.3800    20.3811    36.4527    36.4541    25.7687    25.7694    1539.39    132.078    132.335         47 0.0000e+00
      12329    513.673     93.389     94.000    20.3444    20.3454   5.009154   5.009434     2.1330     1.7748      44.08   22.65952  -90.28786   -0.00575   -0.00530     3.0097     3.0174    20.3267    20.3277    36.4543    36.4557    25.7843    25.7851    1539.24    131.036    131.368         44 0.0000e+00
      12373    515.497     94.382     95.000    20.3035    20.3044   5.004990   5.005259     2.1190     1.7633      43.15   22.65952  -90.28786   -0.00728   -0.00599     2.9826     2.9929    20.2856    20.2866    36.4551    36.4565    25.7959    25.7967    1539.10    129.852    130.301         44 0.0000e+00
      12418    517.387     95.376     96.000    20.2730    20.2736   5.001953   5.002206     2.1053     1.7490      42.15   22.65952  -90.28786   -0.00750   -0.00694     2.9555     2.9615    20.2549    20.2556    36.4563    36.4578    25.8050    25.8060    1538.96    128.674    128.932         46 0.0000e+00
      12465    519.319     96.369     97.000    20.1911    20.1930   4.993524   4.993843     2.0924     1.7373      41.14   22.65952  -90.28786   -0.00686   -0.00674     2.9331     2.9387    20.1729    20.1749    36.4575    36.4584    25.8279    25.8281    1538.81    127.695    127.938         46 0.0000e+00
      12509    521.148     97.362     98.000    20.0973    20.0987   4.983840   4.984157     2.0698     1.7143      40.21   22.65952  -90.28786   -0.00855   -0.00835     2.8905     2.8903    20.0790    20.0804    36.4587    36.4601    25.8539    25.8546    1538.67    125.836    125.828         42 0.0000e+00
      12551    522.907     98.355     99.000    20.0179    20.0197   4.975651   4.975969     2.0462     1.6930      39.23   22.65952  -90.28786   -0.01272   -0.01220     2.8446     2.8445    19.9995    20.0013    36.4598    36.4609    25.8758    25.8762    1538.53    123.837    123.831         43 0.0000e+00
      12597    524.849     99.348    100.000    19.9590    19.9597   4.969669   4.969937     2.0204     1.6690      38.21   22.65952  -90.28786   -0.01380   -0.01284     2.7932     2.7921    19.9404    19.9412    36.4613    36.4626    25.8927    25.8935    1538.39    121.595    121.546         50 0.0000e+00
      12644    526.781    100.342    101.000    19.9185    19.9194   4.965584   4.965844     1.9994     1.6531      37.23   22.65954  -90.28786   -0.01231   -0.01065     2.7504     2.7562    19.8997    19.9007    36.4623    36.4637    25.9043    25.9051    1538.25    119.731    119.986         41 0.0000e+00
      12685    528.513    101.335    102.000    19.8981    19.8985   4.963563   4.963786     1.9889     1.6441      36.31   22.65954  -90.28784   -0.00930   -0.00714     2.7291     2.7363    19.8791    19.8796    36.4630    36.4645    25.9103    25.9113    1538.12    118.805    119.118         45 0.0000e+00
      12733    530.513    102.328    103.000    19.8934    19.8945   4.963114   4.963421     1.9811     1.6385      35.27   22.65954  -90.28786   -0.00508   -0.00412     2.7129     2.7237    19.8743    19.8754    36.4630    36.4645    25.9115    25.9124    1537.99    118.097    118.570         48 0.0000e+00
      12777    532.332    103.322    104.000    19.8467    19.8495   4.958383   4.958776     1.9747     1.6345      34.40   22.65954  -90.28784   -0.00365   -0.00250     2.7020     2.7166    19.8275    19.8302    36.4640    36.4649    25.9247    25.9247    1537.85    117.622    118.258         41 0.0000e+00
      12820    534.117    104.315    105.000    19.8044    19.8055   4.954547   4.954832     1.9658     1.6242      33.34   22.65954  -90.28784   -0.00389   -0.00375     2.6855     2.6947    19.7850    19.7861    36.4645    36.4658    25.9363    25.9370    1537.73    116.903    117.302         46 0.0000e+00
      12869    536.153    105.308    106.000    19.7941    19.7952   4.953006   4.953271     1.9627     1.6216      32.36   22.65954  -90.28784   -0.00344   -0.00331     2.6796     2.6898    19.7745    19.7756    36.4647    36.4660    25.9392    25.9399    1537.60    116.645    117.089         48 0.0000e+00
      12912    537.958    106.301    107.000    19.7880    19.7889   4.952456   4.952711     1.9608     1.6205      31.40   22.65954  -90.28784   -0.00143   -0.00114     2.6761     2.6877    19.7683    19.7691    36.4650    36.4663    25.9411    25.9419    1537.47    116.491    116.998         41 0.0000e+00
