Gulf of Mexico/GOMECC-4/1db/drb2103_0391.cnv
* Sea-Bird SBE 9 Data File:
* FileName = C:\Users\scs.user.rb\CTD\GOMECC4\data\rb2103_0391.hex
* Software Version Seasave V 7.26.7.107
* Temperature SN = 4799
* Conductivity SN = 3860
* Number of Bytes Per Scan = 41
* Number of Voltage Words = 4
* Number of Scans Averaged by the Deck Unit = 1
* NMEA Latitude = 27 44.23 N
* NMEA Longitude = 089 59.91 W
* NMEA UTC (Time) = Sep 25 2021  20:49:51
* NMEA baud rate = 4800
# nquan = 28
# nvalues = 304                         
# units = specified
# name 0 = scan: Scan Count
# name 1 = timeS: Time, Elapsed [seconds]
# name 2 = depSM: Depth [salt water, m]
# name 3 = prDM: Pressure, Digiquartz [db]
# name 4 = t090C: Temperature [ITS-90, deg C]
# name 5 = t190C: Temperature, 2 [ITS-90, deg C]
# name 6 = c0S/m: Conductivity [S/m]
# name 7 = c1S/m: Conductivity, 2 [S/m]
# name 8 = sbeox0V: Oxygen raw, SBE 43 [V]
# name 9 = sbeox1V: Oxygen raw, SBE 43, 2 [V]
# name 10 = altM: Altimeter [m]
# name 11 = latitude: Latitude [deg]
# name 12 = longitude: Longitude [deg]
# name 13 = sbox0dV/dT: Oxygen, SBE 43 [dov/dt]
# name 14 = sbox1dV/dT: Oxygen, SBE 43, 2 [dov/dt]
# name 15 = sbeox0ML/L: Oxygen, SBE 43 [ml/l], WS = 5
# name 16 = sbeox1ML/L: Oxygen, SBE 43, 2 [ml/l], WS = 5
# name 17 = potemp090C: Potential Temperature [ITS-90, deg C]
# name 18 = potemp190C: Potential Temperature, 2 [ITS-90, deg C]
# name 19 = sal00: Salinity, Practical [PSU]
# name 20 = sal11: Salinity, Practical, 2 [PSU]
# name 21 = sigma-é00: Density [sigma-theta, kg/m^3]
# name 22 = sigma-é11: Density, 2 [sigma-theta, kg/m^3]
# name 23 = avgsvCM: Average Sound Velocity [Chen-Millero, m/s], minP = 20, minS = 20
# name 24 = sbox0Mm/Kg: Oxygen, SBE 43 [umol/kg], WS = 5
# name 25 = sbox1Mm/Kg: Oxygen, SBE 43, 2 [umol/kg], WS = 5
# name 26 = nbin: number of scans per bin
# name 27 = flag: flag
# span 0 =       6972,     204711       
# span 1 =    290.479,   8528.424       
# span 2 =      5.960,    941.546       
# span 3 =      4.000,    950.000       
# span 4 =     5.5766,   833.2382       
# span 5 =     5.5767,   833.2580       
# span 6 =   3.433148, 171.458437       
# span 7 =   3.433056, 171.464385       
# span 8 =     1.6131,    91.4584       
# span 9 =     1.3185,    77.7876       
# span 10 =      10.54,    2507.85      
# span 11 =   27.19040,  811.80593      
# span 12 =-2634.04879,  -88.22409      
# span 13 =   -0.03628,    0.03879      
# span 14 =   -0.03551,    0.03946      
# span 15 =     2.6102,   127.7504      
# span 16 =     2.6418,   127.9958      
# span 17 =     5.4931,   833.2033      
# span 18 =     5.4932,   833.2231      
# span 19 =    34.9070,  1062.2220      
# span 20 =    34.9063,  1062.2479      
# span 21 =    22.7553,   679.3897      
# span 22 =    22.7556,   679.4033      
# span 23 =       0.00,    1565.91      
# span 24 =    113.493,   5575.904      
# span 25 =    114.864,   5586.616      
# span 26 =         30,         65      
# span 27 = 0.0000e+00, 0.0000e+00      
# interval = decibars: 1                
# start_time = Sep 25 2021 20:49:51 [NMEA time, header]
# bad_flag = -9.990e-29
*END*
[from data line 208]
      24893   1037.181    598.131    603.000     8.0951     8.0915   3.654678   3.654548     1.6224     1.3272     100.00   27.74000  -89.99753    0.00050    0.00031     2.7212     2.7563     8.0321     8.0285    34.9787    34.9776    27.2523    27.2520    1511.22    118.305    119.831         33 0.0000e+00
      24926   1038.562    599.121    604.000     8.0687     8.0695   3.652479   3.652514     1.6227     1.3272     100.00   27.74072  -89.99986    0.00041    0.00003     2.7252     2.7583     8.0057     8.0065    34.9768    34.9764    27.2548    27.2544    1511.22    118.479    119.919         31 0.0000e+00
      25056   1043.972    604.073    609.000     8.0329     8.0325   3.649209   3.649106     1.6215     1.3260     100.00   27.74168  -90.00286   -0.00038   -0.00040     2.7259     2.7588     7.9695     7.9691    34.9753    34.9746    27.2591    27.2586    1511.12    118.507    119.938         30 0.0000e+00
      25242   1051.723    611.006    616.000     7.8202     7.8204   3.627957   3.627933     1.6234     1.3294     100.00   27.74066  -89.99934    0.00110    0.00100     2.7497     2.7878     7.7570     7.7572    34.9558    34.9554    27.2754    27.2750    1510.84    119.541    121.200         32 0.0000e+00
      25399   1058.250    616.949    622.000     7.7850     7.7858   3.625091   3.625110     1.6188     1.3234     100.00   27.73977  -89.99633   -0.00134   -0.00135     2.7400     2.7725     7.7214     7.7222    34.9568    34.9561    27.2814    27.2807    1510.61    119.121    120.530         31 0.0000e+00
      25528   1063.610    621.901    627.000     7.6781     7.6752   3.614297   3.613916     1.6167     1.3230      99.99   27.73887  -89.99332   -0.00023    0.00028     2.7436     2.7812     7.6144     7.6116    34.9452    34.9439    27.2880    27.2873    1510.40    119.273    120.909         32 0.0000e+00
      25563   1065.096    622.891    628.000     7.6464     7.6467   3.611291   3.611271     1.6179     1.3252     100.00   27.74090  -89.99986    0.00032    0.00100     2.7497     2.7907     7.5828     7.5831    34.9442    34.9436    27.2918    27.2913    1510.48    119.540    121.323         33 0.0000e+00
      25717   1071.510    628.833    634.000     7.5935     7.5931   3.606247   3.606137     1.6259     1.3308     100.00   27.74064  -89.99894    0.00105    0.00075     2.7804     2.8154     7.5295     7.5291    34.9398    34.9389    27.2961    27.2955    1510.28    120.873    122.395         30 0.0000e+00
      25874   1078.028    634.775    640.000     7.4480     7.4478   3.592123   3.592021     1.6292     1.3347     100.00   27.74115  -90.00047    0.00039    0.00060     2.8034     2.8413     7.3841     7.3839    34.9297    34.9288    27.3091    27.3085    1510.13    121.870    123.521         34 0.0000e+00
      26003   1083.400    639.727    645.000     7.3699     7.3701   3.584776   3.584741     1.6347     1.3392     100.00   27.74058  -89.99849    0.00099    0.00094     2.8280     2.8641     7.3058     7.3060    34.9259    34.9252    27.3173    27.3168    1509.94    122.940    124.509         35 0.0000e+00
      26036   1084.796    640.717    646.000     7.3643     7.3646   3.584343   3.584313     1.6353     1.3392     100.00   27.74100  -89.99986    0.00082    0.00064     2.8309     2.8649     7.3001     7.3004    34.9263    34.9257    27.3185    27.3180    1509.94    123.064    124.543         30 0.0000e+00
      26163   1090.085    645.668    651.000     7.2943     7.2941   3.577707   3.577630     1.6372     1.3417     100.00   27.74055  -89.99830    0.00029    0.00047     2.8437     2.8804     7.2300     7.2298    34.9220    34.9213    27.3250    27.3245    1509.76    123.620    125.216         34 0.0000e+00
      26374   1098.882    653.590    659.000     7.2623     7.2628   3.575420   3.575399     1.6371     1.3398      98.74   27.74019  -89.99699   -0.00043   -0.00070     2.8486     2.8790     7.1973     7.1978    34.9254    34.9246    27.3323    27.3316    1509.50    123.835    125.155         33 0.0000e+00
      26507   1104.411    658.542    664.000     7.2431     7.2434   3.574129   3.574080     1.6322     1.3355     100.00   27.74045  -89.99772   -0.00095   -0.00081     2.8366     2.8679     7.1777     7.1779    34.9282    34.9274    27.3373    27.3366    1509.37    123.312    124.670         40 0.0000e+00
      26639   1109.932    663.492    669.000     7.1710     7.1693   3.567519   3.567289     1.6304     1.3346     100.00   27.74128  -90.00032   -0.00022   -0.00004     2.8384     2.8721     7.1054     7.1037    34.9263    34.9255    27.3461    27.3456    1509.26    123.390    124.855         43 0.0000e+00
      26777   1115.670    668.443    674.000     7.1211     7.1215   3.563487   3.563452     1.6374     1.3432     100.01   27.74282  -90.00517    0.00146    0.00166     2.8655     2.9067     7.0553     7.0557    34.9304    34.9296    27.3563    27.3556    1509.20    124.567    126.355         42 0.0000e+00
      26910   1121.190    673.394    679.000     7.1135     7.1127   3.562889   3.562732     1.6462     1.3499     100.00   27.74128  -90.00007    0.00155    0.00081     2.8956     2.9321     7.0472     7.0464    34.9289    34.9280    27.3562    27.3556    1508.97    125.875    127.460         34 0.0000e+00
      27043   1126.738    678.344    684.000     7.0922     7.0926   3.560936   3.560898     1.6481     1.3516      99.99   27.73941  -89.99393    0.00029    0.00040     2.9054     2.9413     7.0254     7.0258    34.9265    34.9257    27.3574    27.3566    1508.73    126.301    127.858         44 0.0000e+00
      27171   1132.073    683.295    689.000     7.0718     7.0725   3.559285   3.559275     1.6497     1.3532      99.99   27.73795  -89.98907    0.00026    0.00014     2.9139     2.9500     7.0047     7.0054    34.9263    34.9254    27.3600    27.3592    1508.51    126.668    128.237         37 0.0000e+00
      27213   1133.819    684.285    690.000     7.0726     7.0727   3.559743   3.559670     1.6507     1.3538     100.00   27.74128  -89.99986    0.00038    0.00029     2.9170     2.9523     7.0053     7.0055    34.9304    34.9295    27.3633    27.3625    1508.67    126.802    128.337         36 0.0000e+00
      27337   1138.980    689.235    695.000     7.0708     7.0710   3.559745   3.559675     1.6512     1.3537     100.00   27.74083  -89.99828    0.00007    0.00009     2.9208     2.9542     7.0031     7.0032    34.9297    34.9288    27.3630    27.3623    1508.51    126.967    128.420         33 0.0000e+00
      27370   1140.380    690.226    696.000     7.0706     7.0711   3.559824   3.559784     1.6511     1.3533      96.09   27.74132  -89.99986    0.00008   -0.00012     2.9208     2.9532     7.0028     7.0032    34.9304    34.9295    27.3636    27.3629    1508.51    126.970    128.379         32 0.0000e+00
      27527   1146.932    696.166    702.000     7.0678     7.0679   3.559673   3.559595     1.6508     1.3534      92.69   27.74024  -89.99619   -0.00002    0.00004     2.9222     2.9562     6.9994     6.9995    34.9286    34.9276    27.3626    27.3619    1508.29    127.029    128.506         38 0.0000e+00
      27565   1148.500    697.156    703.000     7.0664     7.0669   3.559675   3.559640     1.6507     1.3530     100.43   27.74138  -89.99986   -0.00007    0.00001     2.9223     2.9550     6.9979     6.9984    34.9297    34.9288    27.3637    27.3630    1508.33    127.035    128.457         31 0.0000e+00
      27659   1152.412    701.116    707.000     7.0494     7.0503   3.557919   3.557930     1.6500     1.3525      99.99   27.73980  -89.99464   -0.00011   -0.00015     2.9233     2.9562     6.9805     6.9815    34.9255    34.9247    27.3628    27.3620    1508.14    127.079    128.507         38 0.0000e+00
      27696   1153.959    702.106    708.000     7.0448     7.0433   3.557679   3.557393     1.6501     1.3529      83.77   27.74142  -89.99986   -0.00016    0.00010     2.9240     2.9585     6.9759     6.9744    34.9272    34.9259    27.3649    27.3640    1508.20    127.108    128.608         31 0.0000e+00
      27823   1159.243    707.056    713.000     6.9516     6.9524   3.548613   3.548627     1.6507     1.3546     100.00   27.74078  -89.99767    0.00004    0.00038     2.9355     2.9733     6.8826     6.8835    34.9196    34.9187    27.3717    27.3709    1508.03    127.606    129.250         30 0.0000e+00
      27856   1160.607    708.045    714.000     6.9517     6.9527   3.548738   3.548756     1.6523     1.3563     100.00   27.74146  -89.99984    0.00054    0.00088     2.9408     2.9796     6.8827     6.8837    34.9202    34.9194    27.3723    27.3715    1508.05    127.835    129.523         34 0.0000e+00
      27990   1166.191    712.995    719.000     6.7832     6.7823   3.532765   3.532614     1.6564     1.3611     100.00   27.74109  -89.99852    0.00048    0.00079     2.9691     3.0114     6.7146     6.7137    34.9124    34.9117    27.3891    27.3887    1507.90    129.067    130.902         33 0.0000e+00
      28131   1172.080    717.945    724.000     6.6854     6.6846   3.523823   3.523684     1.6682     1.3722     100.00   27.74245  -90.00280    0.00188    0.00167     3.0163     3.0593     6.6168     6.6160    34.9106    34.9098    27.4010    27.4005    1507.84    131.114    132.986         33 0.0000e+00
      28269   1177.829    722.894    729.000     6.6175     6.6174   3.517919   3.517851     1.6755     1.3782     100.00   27.74196  -90.00110    0.00129    0.00095     3.0472     3.0876     6.5488     6.5487    34.9116    34.9109    27.4109    27.4104    1507.68    132.456    134.212         36 0.0000e+00
      28372   1182.115    726.854    733.000     6.5576     6.5589   3.512656   3.512702     1.6807     1.3835      99.99   27.73989  -89.99427    0.00127    0.00122     3.0703     3.1125     6.4888     6.4901    34.9120    34.9111    27.4192    27.4183    1507.46    133.458    135.293         30 0.0000e+00
      28408   1183.636    727.844    734.000     6.5498     6.5498   3.512154   3.512080     1.6831     1.3861      88.13   27.74161  -89.99982    0.00134    0.00164     3.0790     3.1225     6.4809     6.4809    34.9140    34.9132    27.4219    27.4213    1507.53    133.837    135.730         38 0.0000e+00
      28548   1189.473    732.793    739.000     6.4148     6.4083   3.499754   3.499126     1.6905     1.3932      88.99   27.74247  -90.00246    0.00107    0.00110     3.1159     3.1608     6.3462     6.3397    34.9113    34.9109    27.4377    27.4382    1507.45    135.441    137.392         42 0.0000e+00
      28686   1195.220    737.742    744.000     6.3348     6.3348   3.492492   3.492431     1.7024     1.4046     100.00   27.74149  -89.99910    0.00216    0.00196     3.1631     3.2092     6.2662     6.2662    34.9093    34.9087    27.4466    27.4461    1507.26    137.491    139.493         40 0.0000e+00
      28723   1196.738    738.732    745.000     6.3328     6.3331   3.492395   3.492348     1.7048     1.4060     100.00   27.74171  -89.99978    0.00196    0.00148     3.1715     3.2146     6.2641     6.2644    34.9098    34.9090    27.4473    27.4466    1507.25    137.854    139.728         31 0.0000e+00
      28825   1200.985    742.691    749.000     6.2797     6.2801   3.487529   3.487497     1.7096     1.4097      71.55   27.73994  -89.99397    0.00105    0.00079     3.1931     3.2338     6.2109     6.2113    34.9076    34.9068    27.4524    27.4518    1507.04    138.792    140.563         38 0.0000e+00
      28865   1202.655    743.681    750.000     6.2756     6.2748   3.487393   3.487256     1.7116     1.4115     100.92   27.74174  -89.99978    0.00142    0.00141     3.2002     3.2408     6.2067     6.2059    34.9100    34.9092    27.4549    27.4544    1507.12    139.100    140.865         35 0.0000e+00
      28997   1208.158    748.630    755.000     6.2380     6.2276   3.483099   3.482659     1.7144     1.4138     100.00   27.74062  -89.99603    0.00044    0.00044     3.2139     3.2543     6.1689     6.1585    34.9081    34.9080    27.4583    27.4596    1506.93    139.699    141.452         35 0.0000e+00
      29037   1209.844    749.620    756.000     6.2022     6.2038   3.481054   3.481019     1.7157     1.4149      85.49   27.74179  -89.99978    0.00041    0.00039     3.2224     3.2615     6.1332     6.1348    34.9095    34.9089    27.4640    27.4634    1506.96    140.065    141.766         40 0.0000e+00
      29141   1214.148    753.579    760.000     6.2049     6.2047   3.481168   3.481089     1.7197     1.4190     100.00   27.73997  -89.99372    0.00101    0.00094     3.2368     3.2774     6.1354     6.1352    34.9075    34.9068    27.4622    27.4617    1506.76    140.693    142.458         36 0.0000e+00
      29180   1215.791    754.569    761.000     6.2038     6.2038   3.481303   3.481221     1.7205     1.4196     100.00   27.74184  -89.99976    0.00066    0.00043     3.2400     3.2796     6.1343     6.1343    34.9101    34.9091    27.4644    27.4636    1506.84    140.831    142.553         36 0.0000e+00
      29289   1220.322    758.527    765.000     6.2126     6.2108   3.482316   3.482087     1.7209     1.4190     100.00   27.74163  -89.99893    0.00006   -0.00021     3.2421     3.2790     6.1426     6.1408    34.9103    34.9092    27.4634    27.4628    1506.72    140.922    142.524         39 0.0000e+00
      29325   1221.838    759.517    766.000     6.2104     6.2098   3.482311   3.482175     1.7205     1.4188     100.00   27.74190  -89.99976   -0.00018   -0.00028     3.2415     3.2788     6.1403     6.1397    34.9104    34.9095    27.4638    27.4632    1506.71    140.894    142.518         30 0.0000e+00
      29435   1226.422    763.476    770.000     6.2101     6.2115   3.482473   3.482572     1.7204     1.4189     100.01   27.74392  -90.00624   -0.00004   -0.00001     3.2425     3.2804     6.1397     6.1410    34.9126    34.9113    27.4657    27.4645    1506.73    140.941    142.588         47 0.0000e+00
      29533   1230.491    767.435    774.000     6.2110     6.2108   3.482301   3.482219     1.7194     1.4172      99.99   27.73940  -89.99146   -0.00018   -0.00040     3.2413     3.2767     6.1402     6.1400    34.9070    34.9063    27.4611    27.4606    1506.38    140.889    142.424         30 0.0000e+00
      29573   1232.163    768.425    775.000     6.1994     6.1964   3.481551   3.481191     1.7194     1.4165     100.00   27.74197  -89.99974   -0.00021   -0.00052     3.2424     3.2756     6.1285     6.1256    34.9103    34.9093    27.4653    27.4649    1506.49    140.936    142.377         40 0.0000e+00
      29679   1236.585    772.383    779.000     6.1688     6.1691   3.478936   3.478889     1.7196     1.4187     100.00   27.74250  -90.00135    0.00006    0.00047     3.2474     3.2875     6.0977     6.0980    34.9104    34.9095    27.4694    27.4686    1506.43    141.151    142.896         30 0.0000e+00
      29763   1240.101    775.352    782.000     6.1414     6.1417   3.476492   3.476444     1.7214     1.4203     100.00   27.74194  -89.99947    0.00047    0.00041     3.2570     3.2966     6.0702     6.0705    34.9095    34.9086    27.4722    27.4714    1506.32    141.568    143.290         30 0.0000e+00
      29873   1244.686    779.311    786.000     6.1319     6.1316   3.475906   3.475773     1.7244     1.4235     100.00   27.74293  -90.00261    0.00067    0.00071     3.2693     3.3107     6.0604     6.0600    34.9107    34.9096    27.4745    27.4736    1506.28    142.104    143.904         30 0.0000e+00
