Gulf of Mexico/GOMECC-4/1db/drb2103_0631.cnv
* Sea-Bird SBE 9 Data File:
* FileName = C:\Users\scs.user.rb\CTD\GOMECC4\data\rb2103_0631.hex
* Software Version Seasave V 7.26.7.107
* Temperature SN = 4799
* Conductivity SN = 3860
* Number of Bytes Per Scan = 41
* Number of Voltage Words = 4
* Number of Scans Averaged by the Deck Unit = 1
* NMEA Latitude = 26 03.63 N
* NMEA Longitude = 096 48.43 W
* NMEA UTC (Time) = Sep 30 2021  06:31:03
* NMEA baud rate = 4800
# nquan = 28
# nvalues = 32                          
# units = specified
# name 0 = scan: Scan Count
# name 1 = timeS: Time, Elapsed [seconds]
# name 2 = depSM: Depth [salt water, m]
# name 3 = prDM: Pressure, Digiquartz [db]
# name 4 = t090C: Temperature [ITS-90, deg C]
# name 5 = t190C: Temperature, 2 [ITS-90, deg C]
# name 6 = c0S/m: Conductivity [S/m]
# name 7 = c1S/m: Conductivity, 2 [S/m]
# name 8 = sbeox0V: Oxygen raw, SBE 43 [V]
# name 9 = sbeox1V: Oxygen raw, SBE 43, 2 [V]
# name 10 = altM: Altimeter [m]
# name 11 = latitude: Latitude [deg]
# name 12 = longitude: Longitude [deg]
# name 13 = sbox0dV/dT: Oxygen, SBE 43 [dov/dt]
# name 14 = sbox1dV/dT: Oxygen, SBE 43, 2 [dov/dt]
# name 15 = sbeox0ML/L: Oxygen, SBE 43 [ml/l], WS = 5
# name 16 = sbeox1ML/L: Oxygen, SBE 43, 2 [ml/l], WS = 5
# name 17 = potemp090C: Potential Temperature [ITS-90, deg C]
# name 18 = potemp190C: Potential Temperature, 2 [ITS-90, deg C]
# name 19 = sal00: Salinity, Practical [PSU]
# name 20 = sal11: Salinity, Practical, 2 [PSU]
# name 21 = sigma-é00: Density [sigma-theta, kg/m^3]
# name 22 = sigma-é11: Density, 2 [sigma-theta, kg/m^3]
# name 23 = avgsvCM: Average Sound Velocity [Chen-Millero, m/s], minP = 20, minS = 20
# name 24 = sbox0Mm/Kg: Oxygen, SBE 43 [umol/kg], WS = 5
# name 25 = sbox1Mm/Kg: Oxygen, SBE 43, 2 [umol/kg], WS = 5
# name 26 = nbin: number of scans per bin
# name 27 = flag: flag
# span 0 =       7949,     217742       
# span 1 =    331.183,   9071.412       
# span 2 =      5.961,    136.154       
# span 3 =      4.000,     39.000       
# span 4 =    28.8789,   808.7471       
# span 5 =    28.8688,   808.7702       
# span 6 =   5.820564, 161.973503       
# span 7 =   5.820889, 161.981222       
# span 8 =     2.8339,    85.2646       
# span 9 =     2.3890,    72.1369       
# span 10 =       4.90,    1061.98      
# span 11 =   25.88819,  719.81232      
# span 12 =-2673.86513,  -96.16611      
# span 13 =   -0.02048,    0.02001      
# span 14 =   -0.01894,    0.02586      
# span 15 =     3.8334,   117.3527      
# span 16 =     3.8195,   117.0298      
# span 17 =    28.8695,   808.7139      
# span 18 =    28.8594,   808.7370      
# span 19 =    35.5063,   986.6465      
# span 20 =    35.5072,   986.6822      
# span 21 =    22.4081,   621.7934      
# span 22 =    22.4083,   621.8127      
# span 23 =       0.00,    1570.32      
# span 24 =    167.401,   5125.574      
# span 25 =    166.798,   5111.481      
# span 26 =         31,         66      
# span 27 = 0.0000e+00, 0.0000e+00      
# interval = decibars: 1                
# start_time = Sep 30 2021 06:31:03 [NMEA time, header]
# bad_flag = -9.990e-29
*END*
     217742   9071.412    136.154      4.000   808.7471   808.7702 161.973503 161.981222    85.2646    72.1369    1061.98  719.81232-2673.86513    0.02001    0.02586   117.3527   117.0298   808.7139   808.7370   986.6465   986.6822   621.7934   621.8127       0.00   5125.574   5111.481         52 0.0000e+00
       7949    331.183      5.961      6.000    29.2925    29.2934   5.866631   5.866940     3.0884     2.6151      43.35   26.07112  -96.84559    0.00034    0.00090     4.2512     4.2440    29.2911    29.2920    35.7356    35.7370    22.5209    22.5217       0.00    185.679    185.362         46 0.0000e+00
       8003    333.398      6.954      7.000    29.2813    29.2821   5.864297   5.864533     3.0857     2.6138      52.99   26.06076  -96.80712   -0.00075    0.00004     4.2475     4.2422    29.2796    29.2804    35.7207    35.7218    22.5114    22.5119       0.00    185.517    185.285         33 0.0000e+00
       8057    335.686      7.948      8.000    29.2786    29.2819   5.863861   5.864467     3.0841     2.6133      35.55   26.06076  -96.80713   -0.00054    0.00018     4.2454     4.2418    29.2766    29.2799    35.7195    35.7212    22.5115    22.5116       0.00    185.423    185.267         66 0.0000e+00
       8117    338.176      8.941      9.000    29.2798    29.2816   5.864030   5.864416     3.0851     2.6113      41.27   26.06076  -96.80712   -0.00057   -0.00181     4.2468     4.2384    29.2776    29.2794    35.7197    35.7212    22.5113    22.5118       0.00    185.488    185.119         48 0.0000e+00
       8155    339.742      9.935     10.000    29.2788    29.2805   5.863894   5.864294     3.0874     2.6129      36.54   26.06077  -96.80713    0.00125    0.00037     4.2523     4.2421    29.2764    29.2781    35.7190    35.7204    22.5112    22.5117       0.00    185.725    185.279         34 0.0000e+00
       8197    341.506     10.928     11.000    29.2803    29.2811   5.864068   5.864353     3.0872     2.6138      32.72   26.06076  -96.80714    0.00090    0.00086     4.2522     4.2443    29.2776    29.2785    35.7188    35.7201    22.5106    22.5113       0.00    185.724    185.379         53 0.0000e+00
       8268    344.473     11.922     12.000    29.2810    29.2814   5.864231   5.864469     3.0835     2.6148      31.46   26.06076  -96.80714   -0.00092    0.00046     4.2460     4.2469    29.2781    29.2785    35.7190    35.7204    22.5106    22.5115       0.00    185.454    185.490         46 0.0000e+00
       8316    346.443     13.908     14.000    29.1871    29.1693   5.839958   5.840254     3.0732     2.5994      29.45   25.95299  -96.40682    0.00080   -0.00096     4.2381     4.2225    29.1836    29.1659    35.6053    35.5840    22.4394    22.4258       0.00    185.108    184.424         49 0.0000e+00
       8407    350.260     14.902     15.000    29.2803    29.2812   5.864252   5.864568     3.0863     2.6144      43.61   26.06076  -96.80714    0.00017   -0.00045     4.2527     4.2475    29.2767    29.2775    35.7188    35.7204    22.5109    22.5118       0.00    185.743    185.516         61 0.0000e+00
       8456    352.293     15.895     16.000    29.2813    29.2827   5.864442   5.864789     3.0853     2.6149      27.55   26.06076  -96.80714    0.00005    0.00141     4.2512     4.2490    29.2774    29.2788    35.7191    35.7205    22.5109    22.5115       0.00    185.679    185.581         41 0.0000e+00
       8496    353.960     16.889     17.000    29.2821    29.2825   5.864584   5.864834     3.0853     2.6149      26.61   26.06076  -96.80714   -0.00031    0.00015     4.2518     4.2494    29.2780    29.2784    35.7192    35.7206    22.5108    22.5117       0.00    185.704    185.600         42 0.0000e+00
       8549    356.175     17.882     18.000    29.2816    29.2822   5.864602   5.864880     3.0844     2.6120      25.58   26.06076  -96.80714   -0.00032   -0.00068     4.2506     4.2442    29.2772    29.2778    35.7194    35.7208    22.5112    22.5121       0.00    185.652    185.375         61 0.0000e+00
       8600    358.284     18.876     19.000    29.2813    29.2816   5.864660   5.864927     3.0857     2.6108      24.64   26.06076  -96.80714    0.00012   -0.00140     4.2534     4.2424    29.2767    29.2770    35.7197    35.7214    22.5116    22.5127       0.00    185.776    185.293         40 0.0000e+00
       8642    360.052     19.869     20.000    29.2808    29.2814   5.864670   5.864941     3.0850     2.6067      23.75   26.06076  -96.80714    0.00021   -0.00106     4.2528     4.2348    29.2759    29.2765    35.7199    35.7213    22.5120    22.5129     848.25    185.747    184.960         49 0.0000e+00
       8697    362.352     20.862     21.000    29.2799    29.2801   5.864660   5.864926     3.0849     2.6078      22.77   26.06076  -96.80714   -0.00010   -0.00073     4.2532     4.2375    29.2748    29.2750    35.7202    35.7218    22.5126    22.5138    1570.32    185.765    185.079         54 0.0000e+00
       8741    364.171     21.856     22.000    29.2800    29.2806   5.864658   5.864947     3.0802     2.6076      21.79   26.06076  -96.80714   -0.00100    0.00035     4.2452     4.2376    29.2746    29.2752    35.7198    35.7214    22.5124    22.5133    1545.19    185.415    185.085         37 0.0000e+00
       8782    365.859     22.849     23.000    29.2798    29.2826   5.864682   5.865058     3.0814     2.6077      20.84   26.06076  -96.80714   -0.00133   -0.00007     4.2480     4.2381    29.2742    29.2770    35.7196    35.7203    22.5124    22.5120    1545.19    185.538    185.106         49 0.0000e+00
       8844    368.450     23.842     24.000    29.2334    29.2321   5.861876   5.862043     3.0598     2.5851      19.85   26.06076  -96.80714   -0.00382   -0.00432     4.2127     4.1966    29.2275    29.2263    35.7349    35.7370    22.5396    22.5415    1545.20    183.991    183.289         59 0.0000e+00
       8868    369.469     25.829     26.000    29.0052    29.0069   5.820564   5.820889     3.0017     2.5418      17.56   25.88819  -96.16611   -0.01069   -0.00650     4.1199     4.1196    28.9989    29.0006    35.5063    35.5072    22.4081    22.4083    1534.96    179.936    179.923         39 0.0000e+00
       8986    374.383     26.823     27.000    29.1947    29.1960   5.860630   5.861216     3.0046     2.5412      16.92   26.06076  -96.80714   -0.00720   -0.00497     4.1170     4.1122    29.1881    29.1894    35.7543    35.7574    22.5674    22.5693    1545.19    179.806    179.600         55 0.0000e+00
       9029    376.178     27.816     28.000    29.1966    29.1972   5.862599   5.862989     2.9767     2.5108      16.07   26.06076  -96.80714   -0.01004   -0.01224     4.0668     4.0517    29.1898    29.1904    35.7661    35.7684    22.5757    22.5772    1545.19    177.615    176.953         34 0.0000e+00
       9064    377.613     28.809     29.000    29.1704    29.1705   5.863030   5.863231     2.9556     2.4927      15.15   26.06076  -96.80714   -0.01428   -0.01448     4.0306     4.0171    29.1634    29.1634    35.7884    35.7897    22.6013    22.6023    1545.19    176.028    175.439         38 0.0000e+00
       9113    379.678     29.803     30.000    29.1240    29.1253   5.860148   5.860493     2.9045     2.4439      27.13   26.06076  -96.80714   -0.02048   -0.01894     3.9418     3.9226    29.1167    29.1180    35.8030    35.8044    22.6280    22.6286    1545.19    172.145    171.307         44 0.0000e+00
       9242    385.054     30.796     31.000    29.1161    29.1108   5.859737   5.859610     2.8816     2.4203      14.06   26.06076  -96.80714    0.00047   -0.00234     3.9023     3.8765    29.1086    29.1033    35.8050    35.8089    22.6322    22.6369    1545.19    170.418    169.292         49 0.0000e+00
       9426    392.724     31.791     32.000    29.0880    29.0853   5.858023   5.858075     2.8826     2.4064      12.06   26.06075  -96.80714    0.01050    0.00161     3.9055     3.8505    29.0803    29.0775    35.8147    35.8171    22.6490    22.6518    1545.18    170.557    168.154         44 0.0000e+00
       9615    400.590     32.783     33.000    29.0310    29.0280   5.853461   5.853391     2.8528     2.3890      11.04   26.06074  -96.80714    0.00483    0.00046     3.8557     3.8195    29.0230    29.0200    35.8257    35.8274    22.6765    22.6788    1545.18    168.379    166.798         33 0.0000e+00
       9767    406.897     33.776     34.000    28.9969    28.9953   5.850185   5.850220     2.8389     2.3905      10.03   26.06074  -96.80713   -0.00013    0.00004     3.8334     3.8251    28.9887    28.9871    35.8283    35.8298    22.6899    22.6916    1545.17    167.401    167.039         38 0.0000e+00
       9907    412.748     34.769     35.000    28.9804    28.9802   5.848517   5.848712     2.8402     2.3912       9.06   26.06074  -96.80712    0.00028   -0.00022     3.8373     3.8279    28.9719    28.9717    35.8289    35.8304    22.6960    22.6972    1545.16    167.569    167.159         49 0.0000e+00
      10054    418.877     35.763     36.000    28.9460    28.9415   5.845159   5.844965     2.8437     2.3973       8.13   26.06074  -96.80712   -0.00016    0.00002     3.8463     3.8429    28.9373    28.9328    35.8312    35.8332    22.7094    22.7124    1545.16    167.962    167.815         47 0.0000e+00
      10181    424.152     36.756     37.000    28.8896    28.8917   5.839991   5.840352     2.8500     2.4036       7.12   26.06074  -96.80712    0.00054   -0.00015     3.8620     3.8592    28.8807    28.8828    35.8376    35.8385    22.7331    22.7331    1545.15    168.643    168.522         31 0.0000e+00
      11796    491.471     38.743     39.000    28.8789    28.8688   5.849162   5.848475     2.8339     2.3891       4.90   26.13555  -97.08485   -0.00054   -0.00131     3.8356     3.8343    28.8695    28.8594    35.9577    35.9606    22.8427    22.8482    1549.55    167.485    167.424         55 0.0000e+00
