Gulf of Mexico/GOMECC-4/1db/drb2103_0741.cnv
* Sea-Bird SBE 9 Data File:
* FileName = C:\Users\scs.user.rb\CTD\GOMECC4\data\rb2103_0741.hex
* Software Version Seasave V 7.26.7.107
* Temperature SN = 4799
* Conductivity SN = 3860
* Number of Bytes Per Scan = 41
* Number of Voltage Words = 4
* Number of Scans Averaged by the Deck Unit = 1
* NMEA Latitude = 24 59.96 N
* NMEA Longitude = 093 24.95 W
* NMEA UTC (Time) = Oct 04 2021  19:58:51
* NMEA baud rate = 4800
# nquan = 28
# nvalues = 829                         
# units = specified
# name 0 = scan: Scan Count
# name 1 = timeS: Time, Elapsed [seconds]
# name 2 = depSM: Depth [salt water, m]
# name 3 = prDM: Pressure, Digiquartz [db]
# name 4 = t090C: Temperature [ITS-90, deg C]
# name 5 = t190C: Temperature, 2 [ITS-90, deg C]
# name 6 = c0S/m: Conductivity [S/m]
# name 7 = c1S/m: Conductivity, 2 [S/m]
# name 8 = sbeox0V: Oxygen raw, SBE 43 [V]
# name 9 = sbeox1V: Oxygen raw, SBE 43, 2 [V]
# name 10 = altM: Altimeter [m]
# name 11 = latitude: Latitude [deg]
# name 12 = longitude: Longitude [deg]
# name 13 = sbox0dV/dT: Oxygen, SBE 43 [dov/dt]
# name 14 = sbox1dV/dT: Oxygen, SBE 43, 2 [dov/dt]
# name 15 = sbeox0ML/L: Oxygen, SBE 43 [ml/l], WS = 5
# name 16 = sbeox1ML/L: Oxygen, SBE 43, 2 [ml/l], WS = 5
# name 17 = potemp090C: Potential Temperature [ITS-90, deg C]
# name 18 = potemp190C: Potential Temperature, 2 [ITS-90, deg C]
# name 19 = sal00: Salinity, Practical [PSU]
# name 20 = sal11: Salinity, Practical, 2 [PSU]
# name 21 = sigma-é00: Density [sigma-theta, kg/m^3]
# name 22 = sigma-é11: Density, 2 [sigma-theta, kg/m^3]
# name 23 = avgsvCM: Average Sound Velocity [Chen-Millero, m/s], minP = 20, minS = 20
# name 24 = sbox0Mm/Kg: Oxygen, SBE 43 [umol/kg], WS = 5
# name 25 = sbox1Mm/Kg: Oxygen, SBE 43, 2 [umol/kg], WS = 5
# name 26 = nbin: number of scans per bin
# name 27 = flag: flag
# span 0 =      16226,     117935       
# span 1 =    676.025,   4913.930       
# span 2 =      3.974,   3653.156       
# span 3 =      4.000,   3709.000       
# span 4 =     4.2913,    29.4663       
# span 5 =     4.2918,    29.4713       
# span 6 =   3.350044,   5.954798       
# span 7 =   3.350006,   5.955361       
# span 8 =     1.5770,     3.3499       
# span 9 =     1.2810,     2.8635       
# span 10 =       9.94,     102.32      
# span 11 =   24.93399,   25.00133      
# span 12 =  -93.42278,  -93.17113      
# span 13 =   -0.03304,    0.02055      
# span 14 =   -0.03199,    0.02120      
# span 15 =     2.4425,     4.9616      
# span 16 =     2.4622,     4.9652      
# span 17 =     4.0772,    29.4653      
# span 18 =     4.0784,    29.4703      
# span 19 =    34.9119,    36.6592      
# span 20 =    34.9114,    36.6604      
# span 21 =    22.8119,    27.7594      
# span 22 =    22.8103,    27.7581      
# span 23 =       0.00,    1545.87      
# span 24 =    106.199,    216.433      
# span 25 =    107.056,    216.591      
# span 26 =         30,         68      
# span 27 = 0.0000e+00, 0.0000e+00      
# interval = decibars: 1                
# start_time = Oct 04 2021 19:58:51 [NMEA time, header]
# bad_flag = -9.990e-29
*END*
[from data line 208]
      33102   1379.214    522.945    527.000     9.3796     9.3814   3.787317   3.787465     1.5777     1.2823     100.00   25.00037  -93.41883   -0.00015   -0.00021     2.4770     2.5004     9.3197     9.3215    35.1383    35.1381    27.1745    27.1740    1516.92    107.698    108.713         33 0.0000e+00
      33419   1392.414    535.828    540.000     9.0733     9.0745   3.755255   3.755337     1.5786     1.2833     100.00   24.99836  -93.41132    0.00000    0.00006     2.5038     2.5272     9.0131     9.0143    35.0989    35.0986    27.1935    27.1931    1516.28    108.857    109.877         30 0.0000e+00
      33452   1393.787    536.819    541.000     9.0464     9.0488   3.752580   3.752795     1.5782     1.2828      95.12   24.99952  -93.41566   -0.00004   -0.00006     2.5045     2.5275     8.9862     8.9886    35.0972    35.0971    27.1965    27.1961    1516.31    108.891    109.889         30 0.0000e+00
      33847   1410.235    552.674    557.000     8.7374     8.7395   3.720854   3.721028     1.5775     1.2821     100.00   24.99925  -93.41466   -0.00001   -0.00012     2.5280     2.5503     8.6766     8.6787    35.0614    35.0612    27.2179    27.2174    1515.67    109.907    110.879         31 0.0000e+00
      33971   1415.412    557.629    562.000     8.6475     8.6487   3.711649   3.711717     1.5791     1.2843     100.00   24.99832  -93.41124    0.00034    0.00030     2.5405     2.5650     8.5866     8.5877    35.0507    35.0503    27.2236    27.2231    1515.43    110.452    111.517         34 0.0000e+00
      34122   1421.706    563.574    568.000     8.5254     8.5282   3.699384   3.699630     1.5800     1.2845     100.00   24.99910  -93.41414    0.00000   -0.00008     2.5531     2.5754     8.4643     8.4671    35.0393    35.0391    27.2338    27.2332    1515.24    111.000    111.969         30 0.0000e+00
      34298   1429.038    570.510    575.000     8.4636     8.4648   3.693535   3.693606     1.5793     1.2845     100.00   25.00018  -93.41812   -0.00008   -0.00009     2.5576     2.5818     8.4020     8.4031    35.0353    35.0348    27.2403    27.2397    1515.04    111.194    112.244         31 0.0000e+00
      34821   1450.841    591.316    596.000     8.2175     8.2197   3.669163   3.669330     1.5796     1.2845     100.00   24.99857  -93.41212    0.00015 -7.027e-14     2.5818     2.6051     8.1546     8.1568    35.0106    35.0102    27.2588    27.2582    1514.17    112.243    113.256         34 0.0000e+00
      35101   1462.501    602.213    607.000     8.0427     8.0441   3.651958   3.652051     1.5813     1.2869     100.00   24.99952  -93.41572    0.00068    0.00070     2.6026     2.6285     7.9794     7.9808    34.9958    34.9953    27.2737    27.2731    1513.84    113.148    114.270         31 0.0000e+00
      35224   1467.611    607.167    612.000     7.9654     7.9670   3.644323   3.644436     1.5832     1.2888     100.00   24.99926  -93.41475    0.00048    0.00054     2.6154     2.6418     7.9020     7.9036    34.9885    34.9882    27.2796    27.2790    1513.64    113.704    114.848         33 0.0000e+00
      35374   1473.867    613.111    618.000     7.8763     7.8775   3.635527   3.635509     1.5861     1.2915     100.00   24.99865  -93.41250    0.00061    0.00047     2.6325     2.6589     7.8126     7.8138    34.9801    34.9797    27.2862    27.2857    1513.40    114.444    115.592         37 0.0000e+00
      35522   1480.038    619.054    624.000     7.8283     7.8291   3.630969   3.630993     1.5899     1.2950     100.00   24.99873  -93.41279    0.00073    0.00073     2.6493     2.6760     7.7642     7.7650    34.9763    34.9757    27.2904    27.2898    1513.20    115.175    116.335         35 0.0000e+00
      35556   1481.464    620.045    625.000     7.8290     7.8299   3.631191   3.631228     1.5902     1.2949     100.00   24.99950  -93.41568    0.00056    0.00022     2.6505     2.6757     7.7648     7.7657    34.9776    34.9771    27.2913    27.2908    1513.21    115.227    116.324         30 0.0000e+00
      35672   1486.286    624.997    630.000     7.8034     7.8038   3.628771   3.628742     1.5905     1.2941     100.00   24.99870  -93.41271    0.00007   -0.00010     2.6550     2.6768     7.7388     7.7392    34.9746    34.9739    27.2928    27.2922    1512.99    115.423    116.371         35 0.0000e+00
      35879   1494.919    632.922    638.000     7.7265     7.7277   3.621507   3.621576     1.5909     1.2957     100.00   24.99954  -93.41584    0.00002    0.00007     2.6643     2.6899     7.6614     7.6626    34.9696    34.9691    27.3003    27.2998    1512.77    115.827    116.937         35 0.0000e+00
      36332   1513.774    650.751    656.000     7.5947     7.5956   3.609274   3.609303     1.5971     1.2997     100.00   25.00025  -93.41849    0.00009   -0.00020     2.6988     2.7188     7.5283     7.5292    34.9610    34.9604    27.3129    27.3124    1512.23    117.325    118.195         30 0.0000e+00
      36450   1518.725    655.703    661.000     7.5752     7.5761   3.607470   3.607491     1.5976     1.3015     100.00   24.99908  -93.41415    0.00011    0.00041     2.7036     2.7282     7.5084     7.5093    34.9585    34.9578    27.3138    27.3131    1512.00    117.531    118.601         37 0.0000e+00
      36603   1525.083    661.645    667.000     7.5058     7.5071   3.601187   3.601248     1.5956     1.2991     100.00   24.99915  -93.41439   -0.00051   -0.00055     2.7045     2.7269     7.4387     7.4400    34.9571    34.9565    27.3228    27.3222    1511.82    117.572    118.544         32 0.0000e+00
      36754   1531.383    667.587    673.000     7.4326     7.4339   3.594227   3.594298     1.5977     1.3028     100.00   24.99896  -93.41367    0.00065    0.00090     2.7185     2.7467     7.3653     7.3666    34.9522    34.9516    27.3295    27.3289    1511.62    118.179    119.404         33 0.0000e+00
      36787   1532.754    668.578    674.000     7.4127     7.4139   3.592386   3.592458     1.5984     1.3030     100.00   24.99950  -93.41570    0.00069    0.00060     2.7225     2.7493     7.3454     7.3466    34.9518    34.9513    27.3320    27.3315    1511.63    118.352    119.516         30 0.0000e+00
      36912   1537.956    673.529    679.000     7.3601     7.3612   3.587579   3.587632     1.6012     1.3054      87.47   25.00048  -93.41937    0.00057    0.00040     2.7367     2.7625     7.2925     7.2936    34.9501    34.9496    27.3383    27.3377    1511.53    118.969    120.092         30 0.0000e+00
      37159   1548.271    683.433    689.000     7.2281     7.2291   3.574936   3.574985     1.6082     1.3120     100.00   24.99847  -93.41194    0.00047    0.00032     2.7717     2.7982     7.1602     7.1611    34.9401    34.9397    27.3492    27.3487    1511.11    120.490    121.639         35 0.0000e+00
      37197   1549.842    684.423    690.000     7.2190     7.2200   3.574215   3.574257     1.6092     1.3132     100.00   24.99948  -93.41572    0.00054    0.00046     2.7760     2.8035     7.1510     7.1520    34.9411    34.9405    27.3512    27.3507    1511.14    120.675    121.872         34 0.0000e+00
      37300   1554.109    689.374    695.000     7.1608     7.1617   3.568471   3.568501     1.6117     1.3161      99.99   24.99688  -93.40603    0.00054    0.00067     2.7901     2.8193     7.0926     7.0935    34.9342    34.9336    27.3539    27.3533    1510.83    121.288    122.558         30 0.0000e+00
      37345   1556.017    690.364    696.000     7.1505     7.1516   3.567800   3.567863     1.6133     1.3174     100.00   24.99948  -93.41574    0.00060    0.00064     2.7960     2.8249     7.0822     7.0833    34.9372    34.9367    27.3578    27.3573    1510.96    121.544    122.801         46 0.0000e+00
      37486   1561.888    696.306    702.000     7.0841     7.0849   3.561493   3.561511     1.6181     1.3211     100.00   24.99835  -93.41151    0.00074    0.00054     2.8182     2.8448     7.0156     7.0165    34.9320    34.9314    27.3631    27.3625    1510.72    122.507    123.666         33 0.0000e+00
      37521   1563.334    697.296    703.000     7.0458     7.0466   3.557917   3.557943     1.6189     1.3222      99.98   24.99948  -93.41574    0.00063    0.00055     2.8240     2.8518     6.9774     6.9782    34.9312    34.9306    27.3678    27.3672    1510.76    122.761    123.968         32 0.0000e+00
      37851   1577.074    710.168    716.000     6.9343     6.9350   3.547823   3.547841     1.6328     1.3349     100.00   24.99997  -93.41768    0.00082    0.00063     2.8810     2.9082     6.8651     6.8658    34.9269    34.9264    27.3800    27.3794    1510.41    125.237    126.419         31 0.0000e+00
      38003   1583.414    716.109    722.000     6.8798     6.8807   3.542865   3.542898     1.6361     1.3379     100.00   24.99974  -93.41684    0.00070    0.00067     2.8981     2.9249     6.8104     6.8112    34.9245    34.9240    27.3856    27.3851    1510.23    125.980    127.144         30 0.0000e+00
      38158   1589.869    722.050    728.000     6.8074     6.8082   3.536434   3.536461     1.6397     1.3420     100.01   25.00133  -93.42278    0.00061    0.00081     2.9174     2.9470     6.7378     6.7386    34.9243    34.9238    27.3954    27.3949    1510.16    126.817    128.102         45 0.0000e+00
      38267   1594.396    727.000    733.000     6.7912     6.7919   3.534633   3.534642     1.6434     1.3453      99.99   24.99685  -93.40604    0.00088    0.00064     2.9325     2.9615     6.7211     6.7218    34.9179    34.9173    27.3925    27.3919    1509.74    127.472    128.735         32 0.0000e+00
      38308   1596.113    727.990    734.000     6.7796     6.7809   3.533940   3.533971     1.6439     1.3455     100.00   24.99946  -93.41578    0.00051    0.00039     2.9352     2.9634     6.7095     6.7108    34.9212    34.9206    27.3967    27.3961    1509.87    127.589    128.817         38 0.0000e+00
      38447   1601.937    733.931    740.000     6.7372     6.7380   3.529818   3.529847     1.6468     1.3479      85.86   24.99652  -93.40480    0.00066    0.00055     2.9501     2.9775     6.6667     6.6676    34.9161    34.9155    27.3984    27.3979    1509.53    128.238    129.429         39 0.0000e+00
      38493   1603.845    734.921    741.000     6.7262     6.7269   3.528997   3.529049     1.6479     1.3487      94.81   24.99946  -93.41578    0.00065    0.00041     2.9544     2.9811     6.6557     6.6564    34.9198    34.9191    27.4029    27.4024    1509.68    128.424    129.585         36 0.0000e+00
      38599   1608.261    739.871    746.000     6.6775     6.6778   3.524670   3.524654     1.6505     1.3522      77.56   24.99803  -93.41037    0.00061    0.00086     2.9691     2.9994     6.6067     6.6070    34.9170    34.9165    27.4073    27.4069    1509.45    129.061    130.378         30 0.0000e+00
      38636   1609.795    740.861    747.000     6.6768     6.6775   3.524850   3.524868     1.6518     1.3528      94.26   24.99947  -93.41578    0.00091    0.00106     2.9736     3.0019     6.6059     6.6067    34.9194    34.9188    27.4094    27.4088    1509.52    129.256    130.487         38 0.0000e+00
      38781   1615.817    746.801    753.000     6.6455     6.6461   3.522130   3.522131     1.6536     1.3539     100.00   24.99857  -93.41244    0.00020    0.00028     2.9840     3.0105     6.5742     6.5748    34.9180    34.9175    27.4125    27.4120    1509.30    129.712    130.860         35 0.0000e+00
      38817   1617.322    747.791    754.000     6.6424     6.6431   3.521972   3.521995     1.6542     1.3544     100.00   24.99946  -93.41578    0.00026    0.00039     2.9867     3.0127     6.5710     6.5718    34.9191    34.9186    27.4138    27.4133    1509.33    129.825    130.959         32 0.0000e+00
      38988   1624.464    754.720    761.000     6.5788     6.5795   3.516227   3.516233     1.6579     1.3586     100.00   24.99858  -93.41249    0.00065    0.00059     3.0063     3.0353     6.5071     6.5078    34.9165    34.9159    27.4204    27.4198    1509.09    130.679    131.940         32 0.0000e+00
      39143   1630.916    760.660    767.000     6.5330     6.5337   3.512421   3.512439     1.6620     1.3624      92.05   25.00041  -93.41934    0.00055    0.00056     3.0253     3.0542     6.4609     6.4617    34.9177    34.9171    27.4275    27.4269    1509.05    131.504    132.758         38 0.0000e+00
      39260   1635.809    765.610    772.000     6.4921     6.4930   3.508649   3.508670     1.6650     1.3652     100.00   24.99878  -93.41321    0.00050    0.00044     3.0406     3.0696     6.4198     6.4207    34.9153    34.9147    27.4310    27.4304    1508.82    132.166    133.427         30 0.0000e+00
      39293   1637.170    766.600    773.000     6.4843     6.4848   3.508046   3.508039     1.6657     1.3660     100.00   24.99948  -93.41580    0.00049    0.00040     3.0437     3.0733     6.4120     6.4125    34.9162    34.9156    27.4328    27.4322    1508.84    132.301    133.589         32 0.0000e+00
      39671   1652.917    781.447    788.000     6.3832     6.3840   3.499234   3.499256     1.6780     1.3774     100.00   24.99883  -93.41347    0.00080    0.00071     3.0977     3.1275     6.3100     6.3108    34.9137    34.9132    27.4443    27.4437    1508.42    134.649    135.945         35 0.0000e+00
      39789   1657.847    786.396    793.000     6.3379     6.3388   3.495159   3.495193     1.6796     1.3788      99.99   24.99747  -93.40839    0.00019    0.00023     3.1091     3.1382     6.2644     6.2653    34.9119    34.9114    27.4488    27.4483    1508.21    135.142    136.409         30 0.0000e+00
      39827   1659.426    787.386    794.000     6.3371     6.3378   3.495353   3.495366     1.6811     1.3798     100.00   24.99946  -93.41582    0.00056    0.00058     3.1142     3.1422     6.2635     6.2642    34.9146    34.9141    27.4511    27.4506    1508.31    135.363    136.582         36 0.0000e+00
      39950   1664.551    792.335    799.000     6.2876     6.2884   3.491031   3.491034     1.6843     1.3831     100.00   24.99961  -93.41636    0.00047    0.00061     3.1308     3.1599     6.2139     6.2147    34.9144    34.9137    27.4575    27.4568    1508.20    136.087    137.351         31 0.0000e+00
      40130   1672.028    799.263    806.000     6.2535     6.2542   3.488266   3.488266     1.6900     1.3879      82.58   24.99987  -93.41736    0.00066    0.00035     3.1550     3.1826     6.1793     6.1800    34.9149    34.9142    27.4624    27.4617    1508.04    137.134    138.336         31 0.0000e+00
      40253   1677.182    804.212    811.000     6.2115     6.2122   3.484572   3.484580     1.6922     1.3908     100.00   24.99938  -93.41553    0.00037    0.00060     3.1677     3.1984     6.1371     6.1377    34.9141    34.9136    27.4672    27.4667    1507.89    137.690    139.023         32 0.0000e+00
      40285   1678.520    805.201    812.000     6.2015     6.2022   3.483708   3.483711     1.6932     1.3920     100.00   24.99946  -93.41584    0.00048    0.00063     3.1722     3.2039     6.1270     6.1277    34.9143    34.9136    27.4686    27.4680    1507.88    137.883    139.261         30 0.0000e+00
      40403   1683.401    810.150    817.000     6.1768     6.1777   3.481583   3.481608     1.6981     1.3965     100.00   24.99861  -93.41265    0.00109    0.00097     3.1925     3.2243     6.1020     6.1029    34.9130    34.9124    27.4708    27.4703    1507.70    138.766    140.146         41 0.0000e+00
