Gulf of Mexico/GOMECC-4/1db/drb2103_0131.cnv
* Sea-Bird SBE 9 Data File:
* FileName = C:\Users\scs.user.rb\CTD\GOMECC4\data\rb2103_0131.hex
* Software Version Seasave V 7.26.7.107
* Temperature SN = 4799
* Conductivity SN = 3860
* Number of Bytes Per Scan = 41
* Number of Voltage Words = 4
* Number of Scans Averaged by the Deck Unit = 1
* NMEA Latitude = 26 53.26 N
* NMEA Longitude = 084 39.99 W
* NMEA UTC (Time) = Sep 18 2021  19:15:07
* NMEA baud rate = 4800
# nquan = 28
# nvalues = 165                         
# units = specified
# name 0 = scan: Scan Count
# name 1 = timeS: Time, Elapsed [seconds]
# name 2 = depSM: Depth [salt water, m]
# name 3 = prDM: Pressure, Digiquartz [db]
# name 4 = t090C: Temperature [ITS-90, deg C]
# name 5 = t190C: Temperature, 2 [ITS-90, deg C]
# name 6 = c0S/m: Conductivity [S/m]
# name 7 = c1S/m: Conductivity, 2 [S/m]
# name 8 = sbeox0V: Oxygen raw, SBE 43 [V]
# name 9 = sbeox1V: Oxygen raw, SBE 43, 2 [V]
# name 10 = altM: Altimeter [m]
# name 11 = latitude: Latitude [deg]
# name 12 = longitude: Longitude [deg]
# name 13 = sbox0dV/dT: Oxygen, SBE 43 [dov/dt]
# name 14 = sbox1dV/dT: Oxygen, SBE 43, 2 [dov/dt]
# name 15 = sbeox0ML/L: Oxygen, SBE 43 [ml/l], WS = 5
# name 16 = sbeox1ML/L: Oxygen, SBE 43, 2 [ml/l], WS = 5
# name 17 = potemp090C: Potential Temperature [ITS-90, deg C]
# name 18 = potemp190C: Potential Temperature, 2 [ITS-90, deg C]
# name 19 = sal00: Salinity, Practical [PSU]
# name 20 = sal11: Salinity, Practical, 2 [PSU]
# name 21 = sigma-é00: Density [sigma-theta, kg/m^3]
# name 22 = sigma-é11: Density, 2 [sigma-theta, kg/m^3]
# name 23 = avgsvCM: Average Sound Velocity [Chen-Millero, m/s], minP = 20, minS = 20
# name 24 = sbox0Mm/Kg: Oxygen, SBE 43 [umol/kg], WS = 5
# name 25 = sbox1Mm/Kg: Oxygen, SBE 43, 2 [umol/kg], WS = 5
# name 26 = nbin: number of scans per bin
# name 27 = flag: flag
# span 0 =      15346,      23335       
# span 1 =    639.362,    972.263       
# span 2 =      4.967,    222.408       
# span 3 =      5.000,    224.000       
# span 4 =    13.2086,    28.7740       
# span 5 =    13.2138,    28.7754       
# span 6 =   4.198852,   5.785827       
# span 7 =   4.199342,   5.786125       
# span 8 =     1.7610,     3.2080       
# span 9 =     1.4541,     2.7463       
# span 10 =       3.33,     100.96      
# span 11 =   26.87716,   26.88773      
# span 12 =  -84.66701,  -84.63393      
# span 13 =   -0.04139,    0.00847      
# span 14 =   -0.03857,    0.00679      
# span 15 =     2.6316,     4.7436      
# span 16 =     2.6691,     4.7749      
# span 17 =    13.1772,    28.7669      
# span 18 =    13.1824,    28.7683      
# span 19 =    34.9642,    36.5852      
# span 20 =    34.9672,    36.5853      
# span 21 =    22.1258,    26.8880      
# span 22 =    22.1307,    26.8868      
# span 23 =       0.00,    1543.45      
# span 24 =    114.451,    206.877      
# span 25 =    116.080,    208.254      
# span 26 =         30,         70      
# span 27 = 0.0000e+00, 0.0000e+00      
# interval = decibars: 1                
# start_time = Sep 18 2021 19:15:07 [NMEA time, header]
# bad_flag = -9.990e-29
*END*
      15346    639.362      4.967      5.000    28.7354    28.7277   5.696073   5.695529     3.1329     2.6651     100.00   26.88732  -84.66618    0.00134    0.00004     4.3915     4.4018    28.7342    28.7265    34.9642    34.9674    22.1258    22.1307       0.00    191.879    192.328         70 0.0000e+00
      15408    641.964      5.960      6.000    28.7116    28.7102   5.693699   5.693959     3.1306     2.6632     100.00   26.88732  -84.66618   -0.00031   -0.00080     4.3893     4.4001    28.7101    28.7088    34.9661    34.9672    22.1352    22.1364       0.00    191.783    192.253         58 0.0000e+00
      15476    644.809      6.954      7.000    28.7032    28.7036   5.693117   5.693838     3.1299     2.6649     100.00   26.88732  -84.66618   -0.00062    0.00046     4.3894     4.4041    28.7015    28.7019    34.9680    34.9729    22.1395    22.1431       0.00    191.784    192.425         66 0.0000e+00
      15527    646.923      7.947      8.000    28.7175    28.7033   5.696213   5.695452     3.1333     2.6666     100.00   26.88732  -84.66618    0.00071    0.00121     4.3947     4.4080    28.7156    28.7013    34.9764    34.9793    22.1411    22.1480       0.00    192.016    192.594         39 0.0000e+00
      15569    648.667      8.941      9.000    28.7040    28.7007   5.694746   5.694604     3.1313     2.6604     100.00   26.88732  -84.66618    0.00050   -0.00078     4.3925     4.3961    28.7019    28.6985    34.9781    34.9795    22.1470    22.1491       0.00    191.920    192.077         50 0.0000e+00
      15626    651.035      9.934     10.000    28.7037    28.7046   5.695645   5.695875     3.1312     2.6607      89.10   26.88732  -84.66618   -0.00032   -0.00197     4.3929     4.3968    28.7013    28.7022    34.9844    34.9852    22.1518    22.1522       0.00    191.935    192.107         56 0.0000e+00
      15672    652.946     10.927     11.000    28.7104    28.7115   5.698396   5.698660     3.1301     2.6611     100.04   26.88732  -84.66618   -0.00039    0.00148     4.3906     4.3973    28.7077    28.7088    34.9982    34.9992    22.1601    22.1605       0.00    191.832    192.126         40 0.0000e+00
      15715    654.770     11.921     12.000    28.7122    28.7125   5.700706   5.700676     3.1313     2.6640      69.92   26.88732  -84.66618    0.00005    0.00039     4.3926     4.4038    28.7093    28.7096    35.0134    35.0132    22.1710    22.1707       0.00    191.918    192.406         53 0.0000e+00
      15775    657.242     12.914     13.000    28.7182    28.7192   5.704237   5.704387     3.1314     2.6654      99.09   26.88732  -84.66618    0.00027    0.00130     4.3926     4.4055    28.7151    28.7161    35.0322    35.0325    22.1832    22.1831       0.00    191.914    192.482         55 0.0000e+00
      15818    659.056     13.908     14.000    28.7161    28.7176   5.706186   5.706380     3.1326     2.6615      99.99   26.88732  -84.66618    0.00013   -0.00048     4.3950     4.3979    28.7127    28.7142    35.0470    35.0473    22.1951    22.1948       0.00    192.016    192.147         38 0.0000e+00
      15865    660.984     14.901     15.000    28.6937    28.6954   5.705221   5.705530     3.1318     2.6657     100.00   26.88732  -84.66618    0.00032   -0.00035     4.3955     4.4084    28.6901    28.6918    35.0565    35.0574    22.2098    22.2099       0.00    192.038    192.601         58 0.0000e+00
      15922    663.359     15.894     16.000    28.7166    28.7167   5.712109   5.712123     3.1331     2.6681     100.00   26.88732  -84.66618   -0.00050    0.00139     4.3961     4.4124    28.7129    28.7129    35.0870    35.0870    22.2251    22.2251       0.00    192.063    192.775         49 0.0000e+00
      15967    665.257     16.888     17.000    28.7237    28.7253   5.715558   5.715818     3.1358     2.6682     100.00   26.88732  -84.66618    0.00150    0.00100     4.4004     4.4111    28.7196    28.7212    35.1054    35.1061    22.2367    22.2367       0.00    192.248    192.715         46 0.0000e+00
      16015    667.241     17.881     18.000    28.7117    28.7132   5.715390   5.715675     3.1348     2.6660     100.00   26.88732  -84.66618    0.00055   -0.00071     4.3998     4.4079    28.7074    28.7089    35.1128    35.1137    22.2463    22.2465       0.00    192.218    192.574         48 0.0000e+00
      16065    669.348     18.874     19.000    28.6977    28.6990   5.714198   5.714489     3.1342     2.6669      99.99   26.88732  -84.66618   -0.00043   -0.00040     4.4003     4.4113    28.6931    28.6944    35.1146    35.1157    22.2524    22.2528       0.00    192.238    192.719         55 0.0000e+00
      16117    671.508     19.868     20.000    28.6884    28.6897   5.713370   5.713680     3.1333     2.6698      97.69   26.88732  -84.66618   -0.00038    0.00111     4.3999     4.4184    28.6836    28.6849    35.1151    35.1161    22.2559    22.2562     737.26    192.221    193.031         45 0.0000e+00
      16161    673.323     20.861     21.000    28.6842    28.6853   5.713162   5.713422     3.1308     2.6665      71.57   26.88732  -84.66618   -0.00076    0.00012     4.3962     4.4124    28.6792    28.6802    35.1168    35.1178    22.2587    22.2591    1521.07    192.058    192.767         47 0.0000e+00
      16213    675.499     21.854     22.000    28.6854    28.6849   5.714560   5.714471     3.1317     2.6646      89.51   26.88732  -84.66618   -0.00057   -0.00121     4.3980     4.4090    28.6801    28.6797    35.1253    35.1251    22.2648    22.2647    1543.29    192.138    192.616         55 0.0000e+00
      16265    677.649     22.848     23.000    28.7262    28.7256   5.726757   5.726459     3.1349     2.6667      91.28   26.88732  -84.66618    0.00118   -0.00066     4.3999     4.4094    28.7207    28.7200    35.1794    35.1778    22.2919    22.2909    1543.29    192.217    192.629         46 0.0000e+00
      16309    679.508     23.841     24.000    28.7408    28.7413   5.734434   5.734449     3.1327     2.6692      99.94   26.88732  -84.66618    0.00063    0.00203     4.3943     4.4128    28.7350    28.7356    35.2215    35.2211    22.3188    22.3183    1543.30    191.966    192.773         46 0.0000e+00
      16359    681.568     24.834     25.000    28.7452    28.7459   5.740035   5.740027     3.1330     2.6696     100.00   26.88732  -84.66618   -0.00089   -0.00010     4.3940     4.4128    28.7392    28.7399    35.2567    35.2561    22.3438    22.3432    1543.32    191.949    192.769         54 0.0000e+00
      16413    683.841     25.828     26.000    28.7521    28.7529   5.744531   5.744726     3.1353     2.6689     100.00   26.88732  -84.66618    0.00106    0.00067     4.3977     4.4110    28.7459    28.7466    35.2824    35.2832    22.3609    22.3613    1543.33    192.103    192.687         50 0.0000e+00
      16459    685.756     26.821     27.000    28.7602    28.7607   5.747476   5.747632     3.1362     2.6645      91.15   26.88732  -84.66618    0.00060   -0.00110     4.3988     4.4016    28.7537    28.7542    35.2965    35.2972    22.3689    22.3692    1543.35    192.154    192.273         47 0.0000e+00
      16513    688.001     27.814     28.000    28.7728    28.7736   5.751403   5.751554     3.1363     2.6668     100.18   26.88733  -84.66618    0.00051   -0.00091     4.3981     4.4054    28.7661    28.7668    35.3135    35.3145    22.3775    22.3781    1543.36    192.120    192.437         57 0.0000e+00
      16563    690.063     28.807     29.000    28.7740    28.7754   5.765096   5.765081     3.1380     2.6726     100.00   26.88734  -84.66618   -0.00028    0.00248     4.4007     4.4150    28.7669    28.7683    35.4137    35.4144    22.4525    22.4526    1543.38    192.219    192.846         44 0.0000e+00
      16611    692.090     29.801     30.000    28.7609    28.7636   5.774951   5.774719     3.1479     2.6816      99.84   26.88734  -84.66618    0.00280    0.00338     4.4185     4.4326    28.7518    28.7565    35.4869    35.4833    22.5126    22.5090    1543.40    192.983    193.600         54 0.0000e+00
      16663    694.246     30.794     31.000    28.6534    28.6581   5.778195   5.778599     3.1588     2.6946     100.00   26.88734  -84.66618    0.00476    0.00531     4.4434     4.4650    28.6460    28.6506    35.5880    35.5873    22.6237    22.6217    1543.42    194.050    194.998         48 0.0000e+00
      16711    696.229     31.787     32.000    28.5293    28.5338   5.770605   5.771079     3.1789     2.7094     100.00   26.88734  -84.66618    0.00799    0.00679     4.4894     4.5037    28.5216    28.5261    35.6280    35.6280    22.6951    22.6936    1543.43    196.046    196.674         50 0.0000e+00
      16763    698.419     32.781     33.000    28.4185    28.4243   5.760899   5.761559     3.1933     2.7170     100.00   26.88734  -84.66618    0.00847    0.00636     4.5246     4.5274    28.4106    28.4164    35.6433    35.6436    22.7434    22.7417    1543.44    197.576    197.696         52 0.0000e+00
      16814    700.536     33.774     34.000    28.3356    28.3364   5.754030   5.754195     3.2026     2.7263     100.00   26.88734  -84.66618    0.00507    0.00251     4.5480     4.5531    28.3276    28.3283    35.6575    35.6581    22.7815    22.7816    1543.43    198.589    198.811         50 0.0000e+00
      16863    702.571     34.767     35.000    28.4263    28.4241   5.774000   5.773744     3.2080     2.7330      99.76   26.88734  -84.66618    0.00378    0.00438     4.5498     4.5589    28.4179    28.4158    35.7283    35.7281    22.8048    22.8054    1543.44    198.665    199.060         48 0.0000e+00
      16910    704.561     35.760     36.000    28.4282    28.4351   5.785827   5.786125     3.2055     2.7342      99.77   26.88734  -84.66618    0.00085    0.00281     4.5435     4.5591    28.4197    28.4265    35.8092    35.8061    22.8651    22.8605    1543.44    198.378    199.056         50 0.0000e+00
      16962    706.714     36.754     37.000    28.1625    28.1804   5.771320   5.772383     3.1973     2.7270     100.00   26.88734  -84.66618   -0.00276   -0.00259     4.5478     4.5617    28.1588    28.1716    35.9051    35.9028    23.0233    23.0173    1543.45    198.532    199.143         50 0.0000e+00
      17010    708.694     37.747     38.000    27.6266    27.6345   5.715315   5.716212     3.1909     2.7271      90.27   26.88734  -84.66618   -0.00392   -0.00145     4.5829     4.6081    27.5845    27.6257    35.9225    35.9227    23.2242    23.2234    1543.43    200.026    201.125         47 0.0000e+00
      17061    710.824     38.740     39.000    27.5379    27.5422   5.715495   5.715243     3.2017     2.7345      94.83   26.88735  -84.66618    0.00129    0.00207     4.6057     4.6248    27.5286    27.5331    35.9922    35.9871    23.2948    23.2896    1543.38    201.008    201.841         55 0.0000e+00
      17112    712.970     39.733     40.000    27.4437    27.4593   5.721619   5.723280     3.2005     2.7346     100.08   26.88736  -84.66618    0.00267    0.00166     4.6089     4.6288    27.4344    27.4500    36.1080    36.1078    23.4126    23.4073    1543.35    201.123    201.992         46 0.0000e+00
      17158    714.886     40.727     41.000    26.7964    26.8171   5.643358   5.645095     3.1942     2.7316     100.00   26.88736  -84.66618   -0.00253   -0.00117     4.6526     4.6747    26.7870    26.8077    36.0495    36.0459    23.5766    23.5672    1543.29    203.000    203.964         49 0.0000e+00
      17211    717.064     41.720     42.000    26.2902    26.3018   5.599916   5.600841     3.1988     2.7365     100.00   26.88736  -84.66618   -0.00009    0.00082     4.7022     4.7241    26.2807    26.2924    36.1308    36.1284    23.7986    23.7931    1543.21    205.120    206.075         53 0.0000e+00
      17260    719.107     42.713     43.000    26.0769    26.0857   5.583565   5.584314     3.2042     2.7445     100.00   26.88736  -84.66618    0.00268    0.00310     4.7300     4.7573    26.0672    26.0761    36.1794    36.1778    23.9024    23.8984    1543.11    206.310    207.504         45 0.0000e+00
      17305    721.017     43.706     44.000    25.9087    25.9118   5.569832   5.570241     3.2032     2.7463     100.00   26.88736  -84.66618    0.00122    0.00274     4.7423     4.7749    25.8988    25.9020    36.2116    36.2121    23.9794    23.9788    1543.02    206.831    208.254         50 0.0000e+00
      17361    723.316     44.700     45.000    25.7868    25.7858   5.560019   5.560096     3.1985     2.7394     100.00   26.88736  -84.66617   -0.00123   -0.00103     4.7436     4.7704    25.7768    25.7758    36.2359    36.2372    24.0359    24.0371    1542.91    206.877    208.045         54 0.0000e+00
      17407    725.230     45.693     46.000    25.7256    25.7258   5.555690   5.555891     3.1886     2.7264     100.00   26.88736  -84.66616   -0.00375   -0.00533     4.7300     4.7477    25.7154    25.7155    36.2524    36.2537    24.0674    24.0684    1542.81    206.277    207.051         43 0.0000e+00
      17457    727.352     46.686     47.000    25.6596    25.6630   5.549943   5.550420     3.1704     2.7107      94.42   26.88736  -84.66617   -0.00682   -0.00721     4.7011     4.7198    25.6492    25.6526    36.2622    36.2630    24.0955    24.0950    1542.72    205.009    205.826         58 0.0000e+00
      17508    729.439     47.679     48.000    25.2919    25.2864   5.518108   5.517757     3.1448     2.6873      99.28   26.88736  -84.66616   -0.01000   -0.00764     4.6747     4.6860    25.2819    25.2759    36.3198    36.3216    24.2525    24.2556    1542.62    203.827    204.324         41 0.0000e+00
      17552    731.301     48.672     49.000    25.1597    25.1628   5.508774   5.509043     3.1060     2.6489      87.77   26.88736  -84.66616   -0.01676   -0.01658     4.6175     4.6258    25.1490    25.1521    36.3566    36.3561    24.3212    24.3199    1542.50    201.319    201.683         55 0.0000e+00
      17612    733.787     49.666     50.000    24.8815    24.9023   5.482965   5.484801     3.0733     2.6272      85.81   26.88736  -84.66616   -0.01578   -0.01262     4.5758     4.5983    24.8671    24.8915    36.3907    36.3901    24.4332    24.4273    1542.38    199.483    200.463         52 0.0000e+00
      17653    735.519     50.659     51.000    24.5035    24.5148   5.438147   5.439642     3.0554     2.6136      99.83   26.88736  -84.66616   -0.01180   -0.00838     4.5757     4.6029    24.4925    24.5039    36.3571    36.3592    24.5215    24.5196    1542.26    199.462    200.648         39 0.0000e+00
      17702    737.523     51.652     52.000    24.4028    24.4038   5.425875   5.426189     3.0633     2.6264     100.00   26.88736  -84.66616   -0.00363   -0.00068     4.6006     4.6405    24.3917    24.3927    36.3459    36.3475    24.5434    24.5443    1542.12    200.542    202.281         59 0.0000e+00
      17761    740.017     52.645     53.000    24.3813    24.3804   5.423381   5.423494     3.0725     2.6318     100.00   26.88736  -84.66616    0.00540    0.00548     4.6211     4.6547    24.3700    24.3691    36.3442    36.3458    24.5486    24.5501    1541.99    201.435    202.897         52 0.0000e+00
      17803    741.768     53.638     54.000    24.3118    24.3150   5.415617   5.416638     3.0711     2.6287     100.00   26.88737  -84.66616    0.00135   -0.00092     4.6248     4.6537    24.3002    24.3034    36.3393    36.3406    24.5659    24.5659    1541.88    201.589    202.852         32 0.0000e+00
      17849    743.661     54.632     55.000    24.2266    24.2296   5.406156   5.406640     3.0671     2.6285     100.00   26.88738  -84.66616   -0.00106   -0.00052     4.6250     4.6608    24.2148    24.2179    36.3390    36.3400    24.5913    24.5911    1541.74    201.594    203.157         60 0.0000e+00
