Gulf of Mexico/GOMECC-4/1db/drb2103_0651.cnv
* Sea-Bird SBE 9 Data File:
* FileName = C:\Users\scs.user.rb\CTD\GOMECC4\data\rb2103_0651.hex
* Software Version Seasave V 7.26.7.107
* Temperature SN = 4799
* Conductivity SN = 3860
* Number of Bytes Per Scan = 41
* Number of Voltage Words = 4
* Number of Scans Averaged by the Deck Unit = 1
* NMEA Latitude = 26 03.47 N
* NMEA Longitude = 096 19.52 W
* NMEA UTC (Time) = Oct 02 2021  07:20:22
* NMEA baud rate = 4800
# nquan = 28
# nvalues = 148                         
# units = specified
# name 0 = scan: Scan Count
# name 1 = timeS: Time, Elapsed [seconds]
# name 2 = depSM: Depth [salt water, m]
# name 3 = prDM: Pressure, Digiquartz [db]
# name 4 = t090C: Temperature [ITS-90, deg C]
# name 5 = t190C: Temperature, 2 [ITS-90, deg C]
# name 6 = c0S/m: Conductivity [S/m]
# name 7 = c1S/m: Conductivity, 2 [S/m]
# name 8 = sbeox0V: Oxygen raw, SBE 43 [V]
# name 9 = sbeox1V: Oxygen raw, SBE 43, 2 [V]
# name 10 = altM: Altimeter [m]
# name 11 = latitude: Latitude [deg]
# name 12 = longitude: Longitude [deg]
# name 13 = sbox0dV/dT: Oxygen, SBE 43 [dov/dt]
# name 14 = sbox1dV/dT: Oxygen, SBE 43, 2 [dov/dt]
# name 15 = sbeox0ML/L: Oxygen, SBE 43 [ml/l], WS = 5
# name 16 = sbeox1ML/L: Oxygen, SBE 43, 2 [ml/l], WS = 5
# name 17 = potemp090C: Potential Temperature [ITS-90, deg C]
# name 18 = potemp190C: Potential Temperature, 2 [ITS-90, deg C]
# name 19 = sal00: Salinity, Practical [PSU]
# name 20 = sal11: Salinity, Practical, 2 [PSU]
# name 21 = sigma-é00: Density [sigma-theta, kg/m^3]
# name 22 = sigma-é11: Density, 2 [sigma-theta, kg/m^3]
# name 23 = avgsvCM: Average Sound Velocity [Chen-Millero, m/s], minP = 20, minS = 20
# name 24 = sbox0Mm/Kg: Oxygen, SBE 43 [umol/kg], WS = 5
# name 25 = sbox1Mm/Kg: Oxygen, SBE 43, 2 [umol/kg], WS = 5
# name 26 = nbin: number of scans per bin
# name 27 = flag: flag
# span 0 =       7022,      15910       
# span 1 =    292.528,    662.857       
# span 2 =      2.980,    183.714       
# span 3 =      3.000,    185.000       
# span 4 =    15.6196,    29.2229       
# span 5 =    15.6262,    29.2291       
# span 6 =   4.479277,   5.880218       
# span 7 =   4.479907,   5.880278       
# span 8 =     1.8170,     3.3902       
# span 9 =     1.4997,     2.9034       
# span 10 =       4.59,     102.43      
# span 11 =   25.81350,   26.06324      
# span 12 =  -96.34349,  -95.42090      
# span 13 =   -0.04680,    0.02733      
# span 14 =   -0.04573,    0.02452      
# span 15 =     2.5411,     5.1121      
# span 16 =     2.5634,     5.1314      
# span 17 =    15.5905,    29.2078      
# span 18 =    15.5972,    29.2238      
# span 19 =    34.8243,    36.4459      
# span 20 =    34.8125,    36.4471      
# span 21 =    22.0379,    26.6607      
# span 22 =    22.0304,    26.6592      
# span 23 =       0.00,    1545.01      
# span 24 =    110.580,    222.937      
# span 25 =    111.555,    223.766      
# span 26 =         30,         67      
# span 27 = 0.0000e+00, 0.0000e+00      
# interval = decibars: 1                
# start_time = Oct 02 2021 07:20:22 [NMEA time, header]
# bad_flag = -9.990e-29
*END*
[from data line 104]
      12980    540.782    129.113    130.000    17.1830    17.1858   4.660533   4.660949     1.8497     1.5291      59.22   26.05198  -96.30171   -0.00120   -0.00075     2.5793     2.6079    17.1612    17.1640    36.2758    36.2770    26.4545    26.4547    1530.11    112.221    113.465         35 0.0000e+00
      13019    542.423    130.106    131.000    17.1181    17.1237   4.653492   4.654220     1.8484     1.5275      58.22   26.05850  -96.32578   -0.00154   -0.00172     2.5801     2.6078    17.0962    17.1018    36.2751    36.2764    26.4703    26.4700    1530.39    112.255    113.460         37 0.0000e+00
      13056    543.945    131.099    132.000    17.0075    17.0147   4.640529   4.641456     1.8470     1.5256      57.28   26.05850  -96.32578   -0.00122   -0.00127     2.5833     2.6090    16.9856    16.9927    36.2607    36.2624    26.4858    26.4854    1530.28    112.392    113.513         36 0.0000e+00
      13090    545.358    132.092    133.000    16.9255    16.9277   4.630985   4.631350     1.8469     1.5244      56.41   26.05850  -96.32578   -0.00082   -0.00124     2.5881     2.6111    16.9034    16.9056    36.2505    36.2518    26.4977    26.4981    1530.18    112.599    113.601         32 0.0000e+00
      13120    546.638    133.085    134.000    16.8787    16.8864   4.625487   4.626491     1.8484     1.5272      55.43   26.05850  -96.32578   -0.00004   -0.00039     2.5944     2.6207    16.8565    16.8642    36.2441    36.2459    26.5039    26.5035    1530.07    112.875    114.017         30 0.0000e+00
      13153    547.995    134.078    135.000    16.8230    16.8258   4.618983   4.619439     1.8482     1.5269      54.42   26.05850  -96.32578    0.00062    0.00085     2.5975     2.6235    16.8007    16.8035    36.2368    36.2382    26.5116    26.5121    1529.97    113.006    114.138         37 0.0000e+00
      13194    549.699    135.071    136.000    16.7930    16.7947   4.615518   4.615816     1.8457     1.5245      53.23   26.05850  -96.32578   -0.00040   -0.00025     2.5938     2.6195    16.7706    16.7723    36.2329    36.2340    26.5158    26.5162    1529.86    112.846    113.963         41 0.0000e+00
      13229    551.177    136.063    137.000    16.7642    16.7666   4.612185   4.612555     1.8431     1.5219      52.35   26.05850  -96.32578   -0.00147   -0.00142     2.5897     2.6148    16.7417    16.7440    36.2292    36.2303    26.5198    26.5201    1529.76    112.668    113.762         31 0.0000e+00
      13260    552.463    137.056    138.000    16.7299    16.7320   4.608188   4.608520     1.8410     1.5203      51.37   26.05850  -96.32580   -0.00167   -0.00155     2.5870     2.6129    16.7072    16.7093    36.2246    36.2256    26.5245    26.5248    1529.66    112.552    113.677         32 0.0000e+00
      13294    553.861    138.049    139.000    16.6877    16.6902   4.603256   4.603647     1.8388     1.5183      50.44   26.05850  -96.32580   -0.00167   -0.00147     2.5846     2.6106    16.6648    16.6673    36.2188    36.2200    26.5301    26.5304    1529.56    112.447    113.576         34 0.0000e+00
      13326    555.227    139.042    140.000    16.6421    16.6443   4.597968   4.598312     1.8373     1.5178      57.18   26.05852  -96.32580   -0.00153   -0.00115     2.5841     2.6120    16.6191    16.6213    36.2130    36.2140    26.5364    26.5367    1529.45    112.422    113.635         32 0.0000e+00
      13361    556.676    140.035    141.000    16.5991    16.6018   4.592870   4.593263     1.8377     1.5186      48.77   26.05852  -96.32580   -0.00082   -0.00028     2.5879     2.6168    16.5761    16.5788    36.2064    36.2074    26.5415    26.5417    1529.35    112.587    113.846         39 0.0000e+00
      13402    558.359    141.028    142.000    16.5674    16.5705   4.589101   4.589547     1.8363     1.5154      47.35   26.05852  -96.32580   -0.00017   -0.00033     2.5873     2.6119    16.5442    16.5474    36.2015    36.2025    26.5452    26.5453    1529.26    112.563    113.631         37 0.0000e+00
      13455    560.596    143.013    144.000    16.4777    16.4790   4.577914   4.578146     1.8318     1.5138      45.44   26.04941  -96.29213   -0.00180   -0.00163     2.5822     2.6123    16.4542    16.4555    36.1791    36.1800    26.5483    26.5487    1528.51    112.339    113.649         31 0.0000e+00
      13499    562.420    144.006    145.000    16.4724    16.4736   4.578282   4.578521     1.8369     1.5186      44.33   26.05852  -96.32580    0.00016    0.00107     2.5945     2.6250    16.4488    16.4500    36.1904    36.1914    26.5592    26.5597    1528.96    112.872    114.201         47 0.0000e+00
      13539    564.091    144.999    146.000    16.4598    16.4620   4.576855   4.577177     1.8402     1.5205      43.49   26.05852  -96.32580    0.00237    0.00214     2.6031     2.6308    16.4361    16.4383    36.1888    36.1896    26.5609    26.5611    1528.86    113.248    114.451         32 0.0000e+00
      13598    566.549    146.984    148.000    16.4427    16.4433   4.574782   4.574921     1.8413     1.5214      41.57   26.05692  -96.31990    0.00098    0.00061     2.6074     2.6349    16.4187    16.4192    36.1844    36.1851    26.5615    26.5619    1528.58    113.434    114.628         33 0.0000e+00
      13633    568.019    147.977    149.000    16.4422    16.4430   4.574928   4.575111     1.8413     1.5214      40.56   26.05852  -96.32580    0.00024    0.00024     2.6077     2.6351    16.4179    16.4188    36.1865    36.1874    26.5634    26.5639    1528.58    113.447    114.640         36 0.0000e+00
      13669    569.485    148.970    150.000    16.4424    16.4433   4.574896   4.575072     1.8412     1.5199      39.52   26.05854  -96.32580   -0.00001   -0.00026     2.6077     2.6316    16.4181    16.4189    36.1867    36.1875    26.5636    26.5640    1528.49    113.448    114.486         36 0.0000e+00
      13707    571.085    149.963    151.000    16.4103    16.4137   4.572013   4.572410     1.8402     1.5200      38.52   26.05854  -96.32580   -0.00020   -0.00048     2.6071     2.6338    16.3858    16.3892    36.1825    36.1835    26.5679    26.5679    1528.40    113.420    114.582         38 0.0000e+00
      13800    574.946    152.941    154.000    16.2803    16.2836   4.555201   4.555643     1.8395     1.5196      35.62   26.05040  -96.29571    0.00004    0.00002     2.6146     2.6412    16.2554    16.2588    36.1528    36.1537    26.5748    26.5747    1527.65    113.746    114.902         41 0.0000e+00
      13848    576.955    153.934    155.000    16.2414    16.2439   4.551407   4.551770     1.8399     1.5199      34.52   26.05854  -96.32580    0.00007    0.00034     2.6180     2.6442    16.2164    16.2189    36.1572    36.1582    26.5880    26.5882    1528.04    113.891    115.032         41 0.0000e+00
      13940    580.805    156.912    158.000    16.0633    16.0659   4.530014   4.530417     1.8345     1.5143      31.56   26.05444  -96.31064   -0.00128   -0.00136     2.6170     2.6412    16.0380    16.0406    36.1262    36.1272    26.6053    26.6055    1527.53    113.846    114.897         48 0.0000e+00
      13983    582.595    157.905    159.000    16.0263    16.0310   4.525888   4.526486     1.8305     1.5102      30.69   26.05854  -96.32581   -0.00199   -0.00202     2.6109     2.6330    16.0009    16.0056    36.1235    36.1246    26.6120    26.6118    1527.69    113.580    114.543         30 0.0000e+00
      14042    585.051    159.890    161.000    15.9332    15.9344   4.514652   4.514858     1.8219     1.5020      28.76   26.05432  -96.31019   -0.00315   -0.00328     2.5957     2.6176    15.9076    15.9088    36.1054    36.1061    26.6192    26.6196    1527.26    112.917    113.871         42 0.0000e+00
      14084    586.790    160.883    162.000    15.9206    15.9222   4.513476   4.513807     1.8203     1.5018      27.71   26.05854  -96.32581   -0.00250   -0.00172     2.5930     2.6181    15.8949    15.8965    36.1080    36.1088    26.6246    26.6248    1527.42    112.802    113.891         36 0.0000e+00
      14117    588.155    161.875    163.000    15.8559    15.8568   4.506005   4.506144     1.8190     1.5014      26.89   26.05854  -96.32582   -0.00131   -0.00040     2.5938     2.6210    15.8300    15.8309    36.0989    36.0993    26.6324    26.6325    1527.33    112.836    114.016         30 0.0000e+00
      14147    589.408    162.868    164.000    15.7885    15.7950   4.498147   4.498918     1.8185     1.5017      25.91   26.05856  -96.32582   -0.00078   -0.00010     2.5970     2.6256    15.7626    15.7691    36.0894    36.0904    26.6405    26.6398    1527.25    112.973    114.219         31 0.0000e+00
      14180    590.810    163.861    165.000    15.7503    15.7478   4.493764   4.493513     1.8201     1.5031      24.85   26.05855  -96.32582   -0.00022    0.00021     2.6033     2.6323    15.7243    15.7217    36.0844    36.0845    26.6455    26.6461    1527.16    113.245    114.506         38 0.0000e+00
      14222    592.522    164.854    166.000    15.7385    15.7394   4.492459   4.492592     1.8234     1.5063      23.77   26.05855  -96.32582    0.00127    0.00128     2.6121     2.6412    15.7124    15.7132    36.0828    36.0835    26.6470    26.6472    1527.08    113.630    114.895         40 0.0000e+00
      14316    596.469    167.832    169.000    15.7314    15.7319   4.491495   4.491616     1.8250     1.5070      20.84   26.05537  -96.31403    0.00040    0.00015     2.6173     2.6445    15.7047    15.7053    36.0784    36.0790    26.6450    26.6454    1526.64    113.855    115.036         41 0.0000e+00
      14356    598.124    168.824    170.000    15.7338    15.7337   4.492167   4.492225     1.8244     1.5068      19.93   26.05856  -96.32582   -0.00005    0.00013     2.6161     2.6443    15.7070    15.7069    36.0831    36.0837    26.6484    26.6489    1526.74    113.803    115.028         34 0.0000e+00
      14388    599.467    169.817    171.000    15.7277    15.7302   4.491525   4.491862     1.8241     1.5066      19.03   26.05856  -96.32582   -0.00032   -0.00010     2.6161     2.6442    15.7007    15.7033    36.0825    36.0833    26.6494    26.6494    1526.66    113.801    115.026         33 0.0000e+00
      14423    600.916    170.810    172.000    15.7276    15.7289   4.491566   4.491755     1.8241     1.5055      18.01   26.05856  -96.32582   -0.00023   -0.00044     2.6164     2.6417    15.7005    15.7018    36.0826    36.0830    26.6495    26.6495    1526.58    113.815    114.918         35 0.0000e+00
      14458    602.361    171.802    173.000    15.7297    15.7305   4.491875   4.491993     1.8236     1.5055      17.08   26.05856  -96.32582   -0.00012   -0.00041     2.6153     2.6420    15.7025    15.7032    36.0830    36.0833    26.6493    26.6494    1526.50    113.766    114.927         34 0.0000e+00
      14490    603.711    172.795    174.000    15.7298    15.7306   4.491931   4.492050     1.8229     1.5052      16.13   26.05856  -96.32583   -0.00034   -0.00023     2.6140     2.6415    15.7024    15.7031    36.0830    36.0834    26.6494    26.6495    1526.42    113.713    114.908         31 0.0000e+00
      14522    605.045    173.788    175.000    15.7293    15.7294   4.491917   4.491964     1.8228     1.5044      15.16   26.05856  -96.32584   -0.00039   -0.00028     2.6141     2.6398    15.7017    15.7018    36.0830    36.0833    26.6495    26.6497    1526.34    113.716    114.833         34 0.0000e+00
      14559    606.585    174.780    176.000    15.7300    15.7306   4.492043   4.492151     1.8227     1.5047      14.04   26.05856  -96.32584   -0.00015   -0.00032     2.6142     2.6409    15.7022    15.7029    36.0830    36.0834    26.6494    26.6496    1526.27    113.719    114.881         40 0.0000e+00
      14598    608.198    175.773    177.000    15.7221    15.7247   4.491006   4.491354     1.8227     1.5051      13.16   26.05856  -96.32584   -0.00004    0.00017     2.6148     2.6426    15.6942    15.6968    36.0818    36.0825    26.6503    26.6502    1526.21    113.746    114.953         35 0.0000e+00
      14653    610.507    177.758    179.000    15.7035    15.7058   4.488631   4.488910     1.8218     1.5041      11.26   26.05442  -96.31047   -0.00016   -0.00016     2.6146     2.6418    15.6753    15.6776    36.0737    36.0741    26.6480    26.6478    1525.80    113.736    114.918         30 0.0000e+00
      14693    612.180    178.751    180.000    15.7034    15.7034   4.489055   4.489089     1.8217     1.5045      10.09   26.05858  -96.32584   -0.00026   -0.00016     2.6147     2.6433    15.6751    15.6751    36.0788    36.0791    26.6524    26.6526    1525.97    113.743    114.984         48 0.0000e+00
      14737    613.983    179.744    181.000    15.6981    15.6991   4.488473   4.488622     1.8217     1.5044       9.18   26.05858  -96.32584   -0.00010    0.00001     2.6154     2.6434    15.6696    15.6706    36.0780    36.0784    26.6530    26.6531    1525.90    113.771    114.991         33 0.0000e+00
      14988    624.439    182.721    184.000    15.6349    15.6346   4.480085   4.480146     1.8187     1.5016       5.86   26.04975  -96.29311   -0.00027    0.00048     2.6134     2.6411    15.6060    15.6057    36.0589    36.0567    26.6521    26.6503    1525.17    113.685    114.889         55 0.0000e+00
      15910    662.857    183.714    185.000    15.6196    15.6262   4.479277   4.479907     1.8170     1.4997       4.59   26.05862  -96.32584   -0.00007   -0.00006     2.6099     2.6369    15.5905    15.5972    36.0646    36.0647    26.6607    26.6592    1525.60    113.533    114.706         60 0.0000e+00
