Gulf of Mexico/GOMECC-4/1db/drb2103_0081.cnv
* Sea-Bird SBE 9 Data File:
* FileName = C:\Users\scs.user.rb\CTD\GOMECC4\data\rb2103_008.hex
* Software Version Seasave V 7.26.7.107
* Temperature SN = 4799
* Conductivity SN = 3860
* Number of Bytes Per Scan = 41
* Number of Voltage Words = 4
* Number of Scans Averaged by the Deck Unit = 1
* NMEA Latitude = 25 29.79 N
* NMEA Longitude = 080 01.43 W
* NMEA UTC (Time) = Sep 15 2021  16:51:51
* NMEA baud rate = 4800
# nquan = 28
# nvalues = 184                         
# units = specified
# name 0 = scan: Scan Count
# name 1 = timeS: Time, Elapsed [seconds]
# name 2 = depSM: Depth [salt water, m]
# name 3 = prDM: Pressure, Digiquartz [db]
# name 4 = t090C: Temperature [ITS-90, deg C]
# name 5 = t190C: Temperature, 2 [ITS-90, deg C]
# name 6 = c0S/m: Conductivity [S/m]
# name 7 = c1S/m: Conductivity, 2 [S/m]
# name 8 = sbeox0V: Oxygen raw, SBE 43 [V]
# name 9 = sbeox1V: Oxygen raw, SBE 43, 2 [V]
# name 10 = altM: Altimeter [m]
# name 11 = latitude: Latitude [deg]
# name 12 = longitude: Longitude [deg]
# name 13 = sbox0dV/dT: Oxygen, SBE 43 [dov/dt]
# name 14 = sbox1dV/dT: Oxygen, SBE 43, 2 [dov/dt]
# name 15 = sbeox0ML/L: Oxygen, SBE 43 [ml/l], WS = 5
# name 16 = sbeox1ML/L: Oxygen, SBE 43, 2 [ml/l], WS = 5
# name 17 = potemp090C: Potential Temperature [ITS-90, deg C]
# name 18 = potemp190C: Potential Temperature, 2 [ITS-90, deg C]
# name 19 = sal00: Salinity, Practical [PSU]
# name 20 = sal11: Salinity, Practical, 2 [PSU]
# name 21 = sigma-é00: Density [sigma-theta, kg/m^3]
# name 22 = sigma-é11: Density, 2 [sigma-theta, kg/m^3]
# name 23 = avgsvCM: Average Sound Velocity [Chen-Millero, m/s], minP = 20, minS = 20
# name 24 = sbox0Mm/Kg: Oxygen, SBE 43 [umol/kg], WS = 5
# name 25 = sbox1Mm/Kg: Oxygen, SBE 43, 2 [umol/kg], WS = 5
# name 26 = nbin: number of scans per bin
# name 27 = flag: flag
# span 0 =      15575,      27628       
# span 1 =    648.914,   1151.127       
# span 2 =      6.955,    319.669       
# span 3 =      7.000,    322.000       
# span 4 =     7.7714,    29.5533       
# span 5 =     7.7718,    29.5515       
# span 6 =   3.611633,   5.842404       
# span 7 =   3.611614,   5.842945       
# span 8 =     1.6709,     3.1706       
# span 9 =     1.3786,     2.6921       
# span 10 =      10.21,     100.25      
# span 11 =   25.49490,   25.52397      
# span 12 =  -80.08672,  -79.99678      
# span 13 =   -0.03955,    0.00385      
# span 14 =   -0.04091,    0.00362      
# span 15 =     2.7808,     4.5073      
# span 16 =     2.8286,     4.5241      
# span 17 =     7.7393,    29.5479      
# span 18 =     7.7397,    29.5466      
# span 19 =    33.8354,    36.4986      
# span 20 =    33.8374,    36.5040      
# span 21 =    21.1185,    27.3119      
# span 22 =    21.1277,    27.3112      
# span 23 =       0.00,    1545.40      
# span 24 =    120.904,    196.668      
# span 25 =    122.980,    197.309      
# span 26 =         30,         70      
# span 27 = 0.0000e+00, 0.0000e+00      
# interval = decibars: 1                
# start_time = Sep 15 2021 16:51:51 [NMEA time, header]
# bad_flag = -9.990e-29
*END*
[from data line 52]
      18370    765.374     58.610     59.000    28.3283    28.3088   5.793592   5.792088     3.1496     2.6774      70.28   25.50074  -80.02162   -0.00156   -0.00208     4.4574     4.4621    28.3299    28.2949    35.9205    35.9349    22.9784    23.0002    1544.98    194.598    194.798         35 0.0000e+00
      18409    766.991     59.603     60.000    28.2241    28.1678   5.796833   5.794991     3.1452     2.6791      99.84   25.50074  -80.02162   -0.00280   -0.00322     4.4573     4.4732    28.1916    28.1537    36.0480    36.0627    23.1200    23.1429    1544.96    194.563    195.256         43 0.0000e+00
      18453    768.822     60.597     61.000    27.9081    27.8881   5.766649   5.765685     3.1401     2.6764     100.00   25.50076  -80.02162   -0.00322   -0.00036     4.4719     4.4889    27.8941    27.8738    36.0629    36.0717    23.2289    23.2422    1544.94    195.180    195.921         43 0.0000e+00
      18494    770.556     61.590     62.000    27.7760    27.7639   5.755351   5.754844     3.1436     2.6727     100.00   25.50078  -80.02162   -0.00089   -0.00203     4.4889     4.4908    27.7614    27.7493    36.0845    36.0902    23.2885    23.2968    1544.91    195.911    195.992         41 0.0000e+00
      18535    772.242     62.583     63.000    27.5127    27.4884   5.730169   5.728970     3.1380     2.6661     100.00   25.50078  -80.02162    0.00011   -0.00255     4.4995     4.4977    27.4980    27.4737    36.1085    36.1187    23.3923    23.4078    1544.87    196.356    196.271         40 0.0000e+00
      18575    773.913     63.576     64.000    27.2263    27.2142   5.706078   5.705757     3.1302     2.6668     100.00   25.50080  -80.02162   -0.00371   -0.00276     4.5073     4.5191    27.2115    27.1994    36.1582    36.1653    23.5224    23.5317    1544.83    196.668    197.183         40 0.0000e+00
      18615    775.582     64.570     65.000    27.0306    27.0207   5.690240   5.689745     3.1219     2.6587     100.00   25.50080  -80.02162   -0.00441   -0.00152     4.5072     4.5167    27.0157    27.0058    36.1950    36.2025    23.6131    23.6227    1544.78    196.647    197.063         41 0.0000e+00
      18655    777.247     65.563     66.000    26.8926    26.8833   5.679220   5.679120     3.1131     2.6546      92.72   25.50082  -80.02162   -0.00517   -0.00330     4.5013     4.5182    26.8775    26.8682    36.2249    36.2314    23.6799    23.6879    1544.73    196.379    197.115         39 0.0000e+00
      18693    778.844     66.556     67.000    26.7760    26.7700   5.668141   5.669179     3.1069     2.6439      99.95   25.50082  -80.02162   -0.00513   -0.00411     4.5005     4.5147    26.7607    26.7548    36.2475    36.2530    23.7343    23.7390    1544.68    196.332    196.953         38 0.0000e+00
      18731    780.427     67.549     68.000    26.2726    26.2612   5.625461   5.624150     3.0858     2.6291     100.00   25.50084  -80.02162   -0.00735   -0.00773     4.4978     4.5111    26.2573    26.2459    36.3130    36.3219    23.9434    23.9537    1544.61    196.176    196.752         39 0.0000e+00
      18772    782.120     68.542     69.000    26.0805    26.0700   5.604996   5.604742     3.0787     2.6288     100.00   25.50084  -80.02161   -0.00869   -0.00571     4.5010     4.5241    26.0650    26.0546    36.3248    36.3312    24.0128    24.0210    1544.54    196.302    197.309         41 0.0000e+00
      18811    783.751     69.536     70.000    25.8794    25.8683   5.584968   5.584629     3.0653     2.6119     100.00   25.50085  -80.02160   -0.00636   -0.00411     4.4921     4.5060    25.8638    25.8527    36.3375    36.3438    24.0854    24.0937    1544.46    195.899    196.503         38 0.0000e+00
      18849    785.353     70.529     71.000    25.6835    25.6635   5.567701   5.566753     3.0575     2.6060     100.00   25.50086  -80.02160   -0.00658   -0.00649     4.4928     4.5078    25.6677    25.6478    36.3663    36.3752    24.1683    24.1812    1544.38    195.912    196.563         39 0.0000e+00
      18889    787.015     71.522     72.000    25.4229    25.3776   5.541345   5.537618     3.0442     2.5923     100.00   25.50086  -80.02160   -0.00619   -0.00639     4.4895     4.5016    25.4088    25.3618    36.3783    36.3878    24.2575    24.2790    1544.31    195.754    196.276         40 0.0000e+00
      18930    788.703     72.515     73.000    25.0232    25.0125   5.499971   5.499576     3.0277     2.5869     100.00   25.50088  -80.02160   -0.00923   -0.00662     4.4896     4.5176    25.0072    24.9966    36.3931    36.3988    24.3923    24.3999    1544.21    195.730    196.950         40 0.0000e+00
      18968    790.279     73.508     74.000    24.8494    24.8237   5.483158   5.481494     3.0211     2.5823     100.00   25.50088  -80.02160   -0.00727   -0.00307     4.4913     4.5225    24.8333    24.8076    36.4074    36.4157    24.4562    24.4703    1544.11    195.795    197.148         37 0.0000e+00
      19005    791.826     74.501     75.000    24.6257    24.5963   5.463058   5.461013     3.0072     2.5717     100.00   25.50089  -80.02160   -0.00572   -0.00377     4.4846     4.5177    24.6095    24.5802    36.4377    36.4459    24.5471    24.5622    1544.01    195.481    196.922         37 0.0000e+00
      19043    793.434     75.495     76.000    24.4482    24.4437   5.445406   5.445603     2.9931     2.5551     100.00   25.50090  -80.02160   -0.00834   -0.00784     4.4694     4.4932    24.4319    24.4274    36.4484    36.4536    24.6089    24.6142    1543.90    194.808    195.846         39 0.0000e+00
      19082    795.036     76.488     77.000    24.3718    24.3601   5.437148   5.436568     2.9799     2.5427      98.11   25.50090  -80.02160   -0.00897   -0.00890     4.4503     4.4732    24.3553    24.3436    36.4480    36.4531    24.6316    24.6391    1543.80    193.973    194.968         39 0.0000e+00
      19121    796.654     77.481     78.000    24.2508    24.2415   5.424867   5.424692     2.9616     2.5224      99.98   25.50092  -80.02160   -0.00914   -0.00952     4.4246     4.4385    24.2342    24.2249    36.4534    36.4597    24.6721    24.6797    1543.69    192.843    193.448         39 0.0000e+00
      19160    798.285     78.474     79.000    24.1169    24.1124   5.411485   5.411674     2.9313     2.4930     100.00   25.50092  -80.02160   -0.01329   -0.01436     4.3760     4.3845    24.1001    24.0956    36.4610    36.4661    24.7180    24.7233    1543.58    190.717    191.086         39 0.0000e+00
      19198    799.876     79.467     80.000    23.8997    23.8812   5.389228   5.388335     2.9000     2.4721      99.41   25.50093  -80.02160   -0.01845   -0.01593     4.3310     4.3566    23.8828    23.8644    36.4684    36.4766    24.7884    24.8001    1543.49    188.743    189.859         37 0.0000e+00
      19235    801.437     80.460     81.000    23.7171    23.7044   5.369901   5.369415     2.8763     2.4521      99.99   25.50094  -80.02160   -0.01847   -0.01374     4.2995     4.3265    23.7001    23.6874    36.4713    36.4779    24.8448    24.8536    1543.36    187.361    188.534         39 0.0000e+00
      19276    803.107     81.454     82.000    23.5870    23.5806   5.356284   5.356241     2.8579     2.4355     100.00   25.50094  -80.02160   -0.01428   -0.01177     4.2737     4.2998    23.5698    23.5634    36.4738    36.4787    24.8852    24.8908    1543.25    186.231    187.364         40 0.0000e+00
      19314    804.722     82.447     83.000    23.4437    23.4342   5.341830   5.341562     2.8412     2.4171     100.00   25.50096  -80.02159   -0.01073   -0.01042     4.2480     4.2665    23.4251    23.4171    36.4817    36.4873    24.9337    24.9408    1543.14    185.100    185.904         37 0.0000e+00
      19351    806.259     83.440     84.000    23.3414    23.3295   5.332038   5.331598     2.8200     2.3993     100.00   25.50098  -80.02158   -0.01154   -0.01157     4.2178     4.2391    23.3239    23.3120    36.4895    36.4959    24.9693    24.9777    1543.01    183.777    184.707         38 0.0000e+00
      19391    807.911     84.433     85.000    23.2515    23.2441   5.323625   5.323525     2.8010     2.3835     100.00   25.50098  -80.02158   -0.01276   -0.01084     4.1870     4.2107    23.2339    23.2265    36.4986    36.5040    25.0026    25.0088    1542.90    182.430    183.463         41 0.0000e+00
      19432    809.628     85.426     86.000    23.0596    23.0294   5.301677   5.299179     2.7823     2.3677     100.00   25.50099  -80.02158   -0.01136   -0.00948     4.1652     4.1922    23.0419    23.0117    36.4877    36.4934    25.0502    25.0633    1542.78    181.472    182.645         40 0.0000e+00
      19470    811.221     86.420     87.000    22.8175    22.7998   5.274360   5.273060     2.7680     2.3578     100.00   25.50100  -80.02158   -0.01037   -0.00836     4.1560     4.1880    22.7997    22.7821    36.4766    36.4811    25.1120    25.1205    1542.66    181.060    182.453         38 0.0000e+00
      19509    812.850     87.412     88.000    22.6844    22.6816   5.259839   5.260015     2.7566     2.3469     100.00   25.50100  -80.02158   -0.00853   -0.00657     4.1436     4.1729    22.6665    22.6637    36.4735    36.4777    25.1480    25.1520    1542.54    180.515    181.787         39 0.0000e+00
      19547    814.429     88.406     89.000    22.6638    22.6621   5.257697   5.257969     2.7516     2.3440     100.00   25.50102  -80.02158   -0.00606   -0.00520     4.1357     4.1683    22.6457    22.6440    36.4741    36.4777    25.1545    25.1577    1542.41    180.170    181.588         37 0.0000e+00
      19583    815.928     89.398     90.000    22.6545    22.6496   5.256837   5.256723     2.7499     2.3436     100.00   25.50102  -80.02158   -0.00302   -0.00216     4.1339     4.1689    22.6362    22.6314    36.4746    36.4780    25.1576    25.1615    1542.29    180.087    181.615         36 0.0000e+00
      19622    817.531     90.392     91.000    22.6398    22.6395   5.255381   5.255791     2.7470     2.3403      83.10   25.50104  -80.02158   -0.00163   -0.00077     4.1292     4.1626    22.6213    22.6210    36.4754    36.4788    25.1624    25.1652    1542.18    179.884    181.338         41 0.0000e+00
      19663    819.246     91.385     92.000    22.6365    22.6363   5.255219   5.255527     2.7444     2.3380      96.65   25.50104  -80.02158   -0.00161   -0.00182     4.1247     4.1582    22.6179    22.6176    36.4762    36.4792    25.1640    25.1664    1542.06    179.687    181.145         39 0.0000e+00
      19700    820.794     92.378     93.000    22.6254    22.6243   5.254120   5.254343     2.7417     2.3385     100.01   25.50105  -80.02157   -0.00155   -0.00120     4.1203     4.1611    22.6065    22.6055    36.4752    36.4781    25.1665    25.1691    1541.95    179.497    181.275         37 0.0000e+00
      19736    822.311     93.371     94.000    22.6122    22.6110   5.252427   5.252628     2.7396     2.3384     100.00   25.50106  -80.02156   -0.00161    0.00033     4.1177     4.1620    22.5931    22.5919    36.4743    36.4768    25.1697    25.1720    1541.83    179.384    181.309         37 0.0000e+00
      19775    823.931     94.364     95.000    22.5985    22.5999   5.250817   5.251267     2.7389     2.3349      56.32   25.50106  -80.02156   -0.00119   -0.00074     4.1181     4.1561    22.5798    22.5807    36.4724    36.4752    25.1721    25.1739    1541.74    179.398    181.053         40 0.0000e+00
      19815    825.571     95.357     96.000    22.5468    22.5461   5.244560   5.244749     2.7369     2.3335     100.23   25.50108  -80.02156   -0.00075   -0.00173     4.1183     4.1572    22.5273    22.5266    36.4667    36.4688    25.1828    25.1846    1541.62    179.405    181.102         38 0.0000e+00
      19852    827.129     96.350     97.000    22.5070    22.4999   5.239782   5.239328     2.7349     2.3345     100.00   25.50108  -80.02156   -0.00108   -0.00036     4.1182     4.1633    22.4874    22.4803    36.4622    36.4646    25.1908    25.1947    1541.51    179.399    181.364         37 0.0000e+00
      19890    828.705     97.343     98.000    22.4811    22.4838   5.236846   5.237439     2.7338     2.3359     100.00   25.50110  -80.02156   -0.00116    0.00055     4.1185     4.1683    22.4613    22.4639    36.4605    36.4630    25.1970    25.1981    1541.41    179.413    181.579         38 0.0000e+00
      19927    830.238     98.336     99.000    22.4610    22.4575   5.234505   5.234368     2.7335     2.3296     100.00   25.50110  -80.02156   -0.00060   -0.00064     4.1201     4.1566    22.4410    22.4375    36.4587    36.4605    25.2014    25.2038    1541.31    179.479    181.068         36 0.0000e+00
      19962    831.726     99.329    100.000    22.3803    22.3640   5.224834   5.223385     2.7302     2.3288     100.00   25.50111  -80.02156   -0.00066   -0.00214     4.1203     4.1622    22.3601    22.3439    36.4500    36.4522    25.2179    25.2242    1541.21    179.488    181.312         36 0.0000e+00
      19999    833.247    100.322    101.000    22.1610    22.1242   5.197960   5.194753     2.7218     2.3201     100.00   25.50112  -80.02156   -0.00275   -0.00260     4.1239     4.1623    22.1408    22.1040    36.4325    36.4347    25.2668    25.2789    1541.11    179.636    181.307         37 0.0000e+00
      20036    834.795    101.315    102.000    21.7444    21.7107   5.151036   5.147748     2.7077     2.3041     100.00   25.50112  -80.02156   -0.00608   -0.00640     4.1261     4.1570    21.7243    21.6906    36.4008    36.4032    25.3602    25.3714    1540.99    179.716    181.057         37 0.0000e+00
      20072    836.296    102.308    103.000    21.5484    21.5407   5.127818   5.127325     2.6947     2.2947      83.68   25.50114  -80.02156   -0.00877   -0.00889     4.1156     4.1493    21.5282    21.5205    36.3812    36.3838    25.4000    25.4041    1540.88    179.249    180.716         35 0.0000e+00
      20106    837.726    103.302    104.000    21.4069    21.4166   5.110346   5.111881     2.6872     2.2883      99.96   25.50115  -80.02156   -0.00811   -0.00656     4.1121     4.1447    21.3866    21.3963    36.3610    36.3651    25.4240    25.4243    1540.76    179.093    180.515         34 0.0000e+00
      20141    839.174    104.294    105.000    21.2989    21.2995   5.097521   5.098006     2.6793     2.2814     100.00   25.50116  -80.02156   -0.00576   -0.00466     4.1049     4.1386    21.2785    21.2791    36.3495    36.3528    25.4451    25.4474    1540.64    178.778    180.244         35 0.0000e+00
      20176    840.639    105.288    106.000    21.1013    21.0964   5.074050   5.073893     2.6650     2.2704     100.00   25.50117  -80.02156   -0.00639   -0.00529     4.0939     4.1306    21.0808    21.0759    36.3283    36.3312    25.4834    25.4869    1540.52    178.288    179.889         35 0.0000e+00
      20211    842.081    106.280    107.000    20.5728    20.6296   5.011917   5.018957     2.6368     2.2420      66.54   25.50118  -80.02155   -0.01078   -0.00938     4.0727     4.1003    20.5525    20.6093    36.2757    36.2843    25.5871    25.5784    1540.40    177.351    178.550         34 0.0000e+00
      20244    843.465    107.274    108.000    20.1230    20.1513   4.960050   4.963284     2.5972     2.2036     100.15   25.50118  -80.02154   -0.01928   -0.01820     4.0282     4.0475    20.1028    20.1311    36.2372    36.2394    25.6785    25.6725    1540.25    175.396    176.238         33 0.0000e+00
      20277    844.833    108.267    109.000    19.6950    19.7136   4.910486   4.912778     2.5492     2.1554     100.00   25.50119  -80.02154   -0.02880   -0.02882     3.9601     3.9677    19.6749    19.6936    36.1973    36.2001    25.7611    25.7584    1540.10    172.416    172.747         33 0.0000e+00
