Gulf of Mexico/GOMECC-4/1db/drb2103_1211.cnv
* Sea-Bird SBE 9 Data File:
* FileName = C:\Users\scs.user.rb\CTD\GOMECC4\data\rb2103_1211.hex
* Software Version Seasave V 7.26.7.107
* Temperature SN = 4799
* Conductivity SN = 3860
* Number of Bytes Per Scan = 41
* Number of Voltage Words = 4
* Number of Scans Averaged by the Deck Unit = 1
* NMEA Latitude = 24 24.00 N
* NMEA Longitude = 080 37.48 W
* NMEA UTC (Time) = Oct 17 2021  18:24:48
* NMEA baud rate = 4800
# nquan = 28
# nvalues = 232                         
# units = specified
# name 0 = scan: Scan Count
# name 1 = timeS: Time, Elapsed [seconds]
# name 2 = depSM: Depth [salt water, m]
# name 3 = prDM: Pressure, Digiquartz [db]
# name 4 = t090C: Temperature [ITS-90, deg C]
# name 5 = t190C: Temperature, 2 [ITS-90, deg C]
# name 6 = c0S/m: Conductivity [S/m]
# name 7 = c1S/m: Conductivity, 2 [S/m]
# name 8 = sbeox0V: Oxygen raw, SBE 43 [V]
# name 9 = sbeox1V: Oxygen raw, SBE 43, 2 [V]
# name 10 = altM: Altimeter [m]
# name 11 = latitude: Latitude [deg]
# name 12 = longitude: Longitude [deg]
# name 13 = sbox0dV/dT: Oxygen, SBE 43 [dov/dt]
# name 14 = sbox1dV/dT: Oxygen, SBE 43, 2 [dov/dt]
# name 15 = sbeox0ML/L: Oxygen, SBE 43 [ml/l], WS = 5
# name 16 = sbeox1ML/L: Oxygen, SBE 43, 2 [ml/l], WS = 5
# name 17 = potemp090C: Potential Temperature [ITS-90, deg C]
# name 18 = potemp190C: Potential Temperature, 2 [ITS-90, deg C]
# name 19 = sal00: Salinity, Practical [PSU]
# name 20 = sal11: Salinity, Practical, 2 [PSU]
# name 21 = sigma-é00: Density [sigma-theta, kg/m^3]
# name 22 = sigma-é11: Density, 2 [sigma-theta, kg/m^3]
# name 23 = avgsvCM: Average Sound Velocity [Chen-Millero, m/s], minP = 20, minS = 20
# name 24 = sbox0Mm/Kg: Oxygen, SBE 43 [umol/kg], WS = 5
# name 25 = sbox1Mm/Kg: Oxygen, SBE 43, 2 [umol/kg], WS = 5
# name 26 = nbin: number of scans per bin
# name 27 = flag: flag
# span 0 =      22597,      38231       
# span 1 =    941.498,   1592.915       
# span 2 =      4.968,    357.389       
# span 3 =      5.000,    360.000       
# span 4 =    12.4506,    29.0660       
# span 5 =    12.4499,    29.1091       
# span 6 =   4.118519,   5.913552       
# span 7 =   4.118622,   5.918588       
# span 8 =     1.7887,     3.2070       
# span 9 =     1.4726,     2.7179       
# span 10 =      13.17,     100.48      
# span 11 =   24.40126,   24.41072      
# span 12 =  -80.62751,  -80.61073      
# span 13 =   -0.02051,    0.00854      
# span 14 =   -0.01967,    0.00706      
# span 15 =     2.7988,     4.5442      
# span 16 =     2.8162,     4.5240      
# span 17 =    12.4019,    29.0647      
# span 18 =    12.4012,    29.1079      
# span 19 =    35.5742,    36.9578      
# span 20 =    35.5742,    36.9597      
# span 21 =    22.9609,    26.9575      
# span 22 =    22.9482,    26.9576      
# span 23 =       0.00,    1548.02      
# span 24 =    121.716,    198.342      
# span 25 =    122.469,    197.464      
# span 26 =         30,         76      
# span 27 = 0.0000e+00, 0.0000e+00      
# interval = decibars: 1                
# start_time = Oct 17 2021 18:24:48 [NMEA time, header]
# bad_flag = -9.990e-29
*END*
[from data line 208]
      31536   1313.964    243.290    245.000    17.3052    17.3064   4.686531   4.686794     2.1770     1.8221     100.00   24.40445  -80.61452   -0.00141   -0.00076     3.3644     3.3792    17.2639    17.2650    36.3503    36.3516    26.4875    26.4882    1534.88    146.377    147.019         30 0.0000e+00
      31705   1320.989    249.245    251.000    17.0221    17.0273   4.651662   4.652959     2.1587     1.8041     100.00   24.40573  -80.61855   -0.00250   -0.00237     3.3431     3.3536    16.9739    16.9854    36.3031    36.3054    26.5213    26.5203    1534.58    145.446    145.904         30 0.0000e+00
      32183   1340.937    266.115    268.000    16.3815    16.3836   4.574821   4.575176     2.0247     1.6812     100.00   24.40567  -80.61767   -0.00673   -0.00583     3.0835     3.0908    16.3379    16.3401    36.1935    36.1947    26.5877    26.5881    1533.48    134.144    134.460         30 0.0000e+00
      32324   1346.792    271.077    273.000    16.1716    16.1698   4.549612   4.549474     2.0021     1.6626      98.71   24.40533  -80.61640   -0.00372   -0.00318     3.0458     3.0581    16.1276    16.1258    36.1575    36.1579    26.6089    26.6097    1533.14    132.499    133.034         30 0.0000e+00
      32436   1351.478    275.046    277.000    16.1209    16.1212   4.543723   4.543854     1.9903     1.6521      94.82   24.40495  -80.61497   -0.00224   -0.00233     3.0230     3.0357    16.0763    16.0767    36.1494    36.1503    26.6146    26.6151    1532.86    131.509    132.057         30 0.0000e+00
      32575   1357.265    280.007    282.000    16.0714    16.0735   4.538036   4.538369     1.9836     1.6467      89.73   24.40490  -80.61466   -0.00100   -0.00079     3.0124     3.0267    16.0261    16.0282    36.1416    36.1427    26.6201    26.6205    1532.56    131.044    131.666         30 0.0000e+00
      32606   1358.559    280.999    283.000    16.0444    16.0466   4.535180   4.535604     1.9827     1.6459      88.52   24.40501  -80.61499   -0.00083   -0.00119     3.0118     3.0267    15.9990    16.0012    36.1374    36.1388    26.6232    26.6238    1532.51    131.019    131.665         31 0.0000e+00
      32772   1365.449    286.953    289.000    15.9230    15.9255   4.520679   4.521042     1.9816     1.6456      82.93   24.40451  -80.61311   -0.00005    0.00035     3.0201     3.0360    15.8769    15.8794    36.1185    36.1194    26.6367    26.6368    1532.12    131.379    132.068         32 0.0000e+00
      32804   1366.772    287.945    290.000    15.9001    15.9000   4.518030   4.518107     1.9800     1.6437      81.75   24.40506  -80.61491   -0.00022   -0.00027     3.0183     3.0329    15.8539    15.8538    36.1154    36.1162    26.6396    26.6403    1532.09    131.298    131.935         30 0.0000e+00
      32997   1374.839    294.890    297.000    15.5151    15.5190   4.472178   4.472712     1.9513     1.6151      74.81   24.40483  -80.61393   -0.00530   -0.00558     2.9779     2.9850    15.4686    15.4724    36.0512    36.0525    26.6779    26.6780    1531.68    129.536    129.847         32 0.0000e+00
      33029   1376.183    295.882    298.000    15.4564    15.4579   4.465252   4.465492     1.9454     1.6101      74.05   24.40512  -80.61480   -0.00499   -0.00505     2.9680     2.9761    15.4098    15.4113    36.0421    36.0428    26.6842    26.6844    1531.64    129.104    129.457         31 0.0000e+00
      33168   1381.950    300.843    303.000    15.3250    15.3269   4.450018   4.450345     1.9271     1.5943      69.32   24.40574  -80.61671   -0.00277   -0.00272     2.9341     2.9443    15.2779    15.2798    36.0226    36.0238    26.6989    26.6994    1531.38    127.632    128.075         31 0.0000e+00
      33198   1383.211    301.835    304.000    15.3081    15.3100   4.447996   4.448329     1.9253     1.5933      68.30   24.40514  -80.61474   -0.00237   -0.00201     2.9313     2.9431    15.2609    15.2628    36.0191    36.0203    26.6999    26.7004    1531.28    127.508    128.022         30 0.0000e+00
      33308   1387.795    305.804    308.000    15.1147    15.1193   4.425274   4.425863     1.9184     1.5880      64.37   24.40486  -80.61363   -0.00151   -0.00108     2.9285     2.9427    15.0673    15.0718    35.9877    35.9891    26.7189    26.7189    1531.03    127.382    127.999         30 0.0000e+00
      33422   1392.543    309.773    312.000    14.9844    14.9864   4.409932   4.410233     1.9172     1.5878      60.37   24.40486  -80.61351    0.00012    0.00011     2.9360     2.9524    14.9367    14.9386    35.9662    35.9671    26.7312    26.7315    1530.80    127.710    128.420         30 0.0000e+00
      33562   1398.361    314.733    317.000    14.8034    14.8054   4.388924   4.389257     1.9116     1.5822      55.51   24.40498  -80.61379   -0.00119   -0.00092     2.9364     2.9509    14.7553    14.7572    35.9385    35.9397    26.7497    26.7503    1530.51    127.723    128.352         31 0.0000e+00
      34073   1419.656    332.590    335.000    12.6932    12.6937   4.144568   4.144675     1.8114     1.4943      37.57   24.40551  -80.61495   -0.00266   -0.00205     2.8325     2.8529    12.6473    12.6479    35.6038    35.6046    26.9316    26.9322    1529.33    123.184    124.070         30 0.0000e+00
      34212   1425.479    337.550    340.000    12.6466    12.6392   4.139675   4.138901     1.8049     1.4868      32.87   24.40536  -80.61431   -0.00093   -0.00104     2.8206     2.8369    12.6002    12.5927    35.5985    35.5980    26.9368    26.9380    1528.96    122.662    123.373         30 0.0000e+00
      34272   1427.956    339.534    342.000    12.6110    12.6162   4.135866   4.136579     1.8029     1.4847      30.87   24.40570  -80.61537   -0.00075   -0.00098     2.8185     2.8333    12.5643    12.5696    35.5947    35.5966    26.9410    26.9415    1528.84    122.574    123.215         30 0.0000e+00
      34440   1434.969    345.486    348.000    12.5462    12.5496   4.128731   4.129129     1.7994     1.4812      24.94   24.40487  -80.61245   -0.00050   -0.00086     2.8158     2.8299    12.4990    12.5023    35.5842    35.5849    26.9457    26.9456    1528.37    122.455    123.068         31 0.0000e+00
      34472   1436.280    346.478    349.000    12.5332    12.5377   4.127313   4.127837     1.7979     1.4810      23.94   24.40542  -80.61421   -0.00068   -0.00078     2.8134     2.8304    12.4858    12.4902    35.5826    35.5834    26.9471    26.9469    1528.34    122.349    123.091         30 0.0000e+00
      34502   1437.523    347.469    350.000    12.5423    12.5415   4.128412   4.128368     1.7973     1.4809      23.02   24.40542  -80.61420   -0.00085   -0.00041     2.8114     2.8302    12.4947    12.4939    35.5842    35.5845    26.9466    26.9470    1528.27    122.264    123.080         30 0.0000e+00
      34644   1443.446    352.429    355.000    12.5785    12.5763   4.132857   4.132459     1.7969     1.4802      18.24   24.40487  -80.61226    0.00001    0.00013     2.8098     2.8278    12.5315    12.5279    35.5892    35.5888    26.9432    26.9436    1527.91    122.195    122.977         30 0.0000e+00
      38231   1592.915    357.389    360.000    12.4506    12.4499   4.118519   4.118622     1.7887     1.4726      13.17   24.41072  -80.62751    0.00017    0.00029     2.7988     2.8162    12.4019    12.4012    35.5742    35.5742    26.9575    26.9576    1527.74    121.716    122.469         52 0.0000e+00
