Gulf of Mexico/GOMECC-4/1db/drb2103_0881.cnv
* Sea-Bird SBE 9 Data File:
* FileName = C:\Users\scs.user.rb\CTD\GOMECC4\data\rb2103_0881.hex
* Software Version Seasave V 7.26.7.107
* Temperature SN = 4799
* Conductivity SN = 3860
* Number of Bytes Per Scan = 41
* Number of Voltage Words = 4
* Number of Scans Averaged by the Deck Unit = 1
* NMEA Latitude = 19 10.20 N
* NMEA Longitude = 093 17.93 W
* NMEA UTC (Time) = Oct 08 2021  18:58:02
* NMEA baud rate = 4800
# nquan = 28
# nvalues = 203                         
# units = specified
# name 0 = scan: Scan Count
# name 1 = timeS: Time, Elapsed [seconds]
# name 2 = depSM: Depth [salt water, m]
# name 3 = prDM: Pressure, Digiquartz [db]
# name 4 = t090C: Temperature [ITS-90, deg C]
# name 5 = t190C: Temperature, 2 [ITS-90, deg C]
# name 6 = c0S/m: Conductivity [S/m]
# name 7 = c1S/m: Conductivity, 2 [S/m]
# name 8 = sbeox0V: Oxygen raw, SBE 43 [V]
# name 9 = sbeox1V: Oxygen raw, SBE 43, 2 [V]
# name 10 = altM: Altimeter [m]
# name 11 = latitude: Latitude [deg]
# name 12 = longitude: Longitude [deg]
# name 13 = sbox0dV/dT: Oxygen, SBE 43 [dov/dt]
# name 14 = sbox1dV/dT: Oxygen, SBE 43, 2 [dov/dt]
# name 15 = sbeox0ML/L: Oxygen, SBE 43 [ml/l], WS = 5
# name 16 = sbeox1ML/L: Oxygen, SBE 43, 2 [ml/l], WS = 5
# name 17 = potemp090C: Potential Temperature [ITS-90, deg C]
# name 18 = potemp190C: Potential Temperature, 2 [ITS-90, deg C]
# name 19 = sal00: Salinity, Practical [PSU]
# name 20 = sal11: Salinity, Practical, 2 [PSU]
# name 21 = sigma-é00: Density [sigma-theta, kg/m^3]
# name 22 = sigma-é11: Density, 2 [sigma-theta, kg/m^3]
# name 23 = avgsvCM: Average Sound Velocity [Chen-Millero, m/s], minP = 20, minS = 20
# name 24 = sbox0Mm/Kg: Oxygen, SBE 43 [umol/kg], WS = 5
# name 25 = sbox1Mm/Kg: Oxygen, SBE 43, 2 [umol/kg], WS = 5
# name 26 = nbin: number of scans per bin
# name 27 = flag: flag
# span 0 =      19640,      43820       
# span 1 =    818.290,   1825.792       
# span 2 =      3.975,    717.367       
# span 3 =      4.000,    723.000       
# span 4 =     6.7176,    29.7420       
# span 5 =     6.7180,    29.7432       
# span 6 =   3.528995,   5.984409       
# span 7 =   3.528994,   5.984727       
# span 8 =     1.5581,     3.2070       
# span 9 =     1.2629,     2.7417       
# span 10 =       9.71,     101.70      
# span 11 =   19.16248,   19.17115      
# span 12 =  -93.30585,  -93.26293      
# span 13 =   -0.04026,    0.03950      
# span 14 =   -0.03981,    0.04043      
# span 15 =     2.3439,     4.8232      
# span 16 =     2.3599,     4.8317      
# span 17 =     6.6490,    29.7368      
# span 18 =     6.6494,    29.7380      
# span 19 =    34.9352,    36.5121      
# span 20 =    34.9349,    36.5134      
# span 21 =    22.1847,    27.4180      
# span 22 =    22.1852,    27.4176      
# span 23 =       0.00,    1546.64      
# span 24 =    101.924,    210.267      
# span 25 =    102.621,    210.660      
# span 26 =         30,         65      
# span 27 = 0.0000e+00, 0.0000e+00      
# interval = decibars: 1                
# start_time = Oct 08 2021 18:58:02 [NMEA time, header]
# bad_flag = -9.990e-29
*END*
[from data line 156]
      26973   1123.847    185.783    187.000    16.3458    16.3466   4.564655   4.564817     1.7932     1.4742      99.99   19.16778  -93.28884   -0.00072   -0.00070     2.5131     2.5321    16.3155    16.3163    36.1665    36.1671    26.5718    26.5721    1528.08    109.331    110.155         31 0.0000e+00
      27008   1125.310    186.776    188.000    16.3254    16.3279   4.562530   4.562888     1.7924     1.4725     100.00   19.16968  -93.29808   -0.00095   -0.00087     2.5127     2.5291    16.2950    16.2975    36.1667    36.1676    26.5770    26.5771    1528.17    109.312    110.024         34 0.0000e+00
      27042   1126.720    187.769    189.000    16.2932    16.2962   4.558704   4.559102     1.7921     1.4724     100.00   19.16968  -93.29808   -0.00067   -0.00081     2.5141     2.5308    16.2627    16.2657    36.1615    36.1623    26.5805    26.5804    1528.10    109.372    110.099         32 0.0000e+00
      27073   1128.009    188.762    190.000    16.2610    16.2645   4.554835   4.555274     1.7909     1.4703     100.00   19.16968  -93.29808   -0.00045   -0.00068     2.5134     2.5275    16.2303    16.2338    36.1559    36.1566    26.5838    26.5835    1528.03    109.343    109.957         31 0.0000e+00
      27104   1129.307    189.755    191.000    16.2083    16.2111   4.548605   4.548951     1.7885     1.4685     100.00   19.16968  -93.29808   -0.00094   -0.00107     2.5109     2.5258    16.1776    16.1803    36.1479    36.1485    26.5899    26.5897    1527.96    109.233    109.880         32 0.0000e+00
      27138   1130.698    190.748    192.000    16.1307    16.1354   4.539440   4.539971     1.7849     1.4652     100.00   19.16968  -93.29808   -0.00178   -0.00176     2.5071     2.5218    16.0999    16.1046    36.1362    36.1368    26.5989    26.5983    1527.89    109.067    109.704         34 0.0000e+00
      27170   1132.046    191.741    193.000    16.0269    16.0299   4.527225   4.527580     1.7797     1.4609     100.00   19.16968  -93.29808   -0.00274   -0.00233     2.5011     2.5166    15.9960    15.9991    36.1212    36.1216    26.6114    26.6110    1527.82    108.802    109.480         31 0.0000e+00
      27201   1133.353    192.734    194.000    15.9843    15.9847   4.522183   4.522295     1.7764     1.4578     100.00   19.16968  -93.29808   -0.00325   -0.00278     2.4957     2.5114    15.9534    15.9538    36.1144    36.1151    26.6160    26.6164    1527.75    108.570    109.249         32 0.0000e+00
      27233   1134.681    193.727    195.000    15.9710    15.9724   4.520643   4.520875     1.7741     1.4555     100.00   19.16968  -93.29808   -0.00278   -0.00251     2.4914     2.5065    15.9399    15.9414    36.1123    36.1131    26.6175    26.6178    1527.68    108.382    109.036         32 0.0000e+00
      27266   1136.026    194.720    196.000    15.9479    15.9494   4.517967   4.518207     1.7721     1.4545     100.00   19.16968  -93.29808   -0.00187   -0.00160     2.4883     2.5055    15.9166    15.9182    36.1091    36.1098    26.6204    26.6206    1527.61    108.245    108.994         32 0.0000e+00
      27296   1137.305    195.713    197.000    15.9300    15.9315   4.515907   4.516132     1.7705     1.4533     100.00   19.16968  -93.29808   -0.00151   -0.00106     2.4858     2.5035    15.8987    15.9002    36.1064    36.1071    26.6225    26.6226    1527.55    108.136    108.909         30 0.0000e+00
      27327   1138.598    196.706    198.000    15.9139    15.9154   4.514072   4.514283     1.7694     1.4531     100.00   19.16968  -93.29808   -0.00123   -0.00073     2.4845     2.5041    15.8824    15.8839    36.1042    36.1048    26.6245    26.6246    1527.48    108.082    108.935         33 0.0000e+00
      27362   1140.052    197.699    199.000    15.8779    15.8809   4.509806   4.510174     1.7678     1.4515     100.00   19.16968  -93.29808   -0.00095   -0.00058     2.4830     2.5021    15.8463    15.8493    36.0984    36.0990    26.6283    26.6280    1527.41    108.015    108.846         36 0.0000e+00
      27397   1141.482    198.692    200.000    15.7963    15.7970   4.500092   4.500338     1.7643     1.4477     100.00   19.16968  -93.29808   -0.00133   -0.00127     2.4800     2.4976    15.7647    15.7658    36.0852    36.0852    26.6368    26.6363    1527.34    107.884    108.649         31 0.0000e+00
      27451   1143.750    200.678    202.000    15.4273    15.4310   4.456240   4.456645     1.7508     1.4338      99.99   19.16759  -93.28791   -0.00423   -0.00433     2.4685     2.4813    15.3959    15.3995    36.0249    36.0252    26.6738    26.6732    1527.03    107.379    107.933         31 0.0000e+00
      27489   1145.348    201.671    203.000    15.3474    15.3502   4.447096   4.447467     1.7428     1.4254     100.00   19.16968  -93.29808   -0.00575   -0.00599     2.4540     2.4637    15.3160    15.3187    36.0159    36.0167    26.6851    26.6851    1527.13    106.747    107.171         40 0.0000e+00
      27526   1146.872    202.663    204.000    15.3098    15.3134   4.442686   4.443137     1.7374     1.4210     100.00   19.16968  -93.29808   -0.00525   -0.00527     2.4435     2.4544    15.2782    15.2818    36.0100    36.0107    26.6890    26.6888    1527.05    106.292    106.766         31 0.0000e+00
      27612   1150.457    205.643    207.000    14.9213    14.9300   4.397295   4.398270     1.7265     1.4131     100.00   19.17001  -93.29967   -0.00296   -0.00204     2.4395     2.4549    14.8898    14.8985    35.9519    35.9534    26.7305    26.7298    1526.85    106.114    106.782         34 0.0000e+00
      28583   1190.931    243.371    245.000    13.8486    13.8500   4.274188   4.274390     1.6838     1.3755     100.00   19.17021  -93.30079   -0.00156   -0.00139     2.4063     2.4237    13.8131    13.8145    35.7895    35.7900    26.8370    26.8372    1524.12    104.657    105.415         34 0.0000e+00
      28707   1196.098    248.335    250.000    13.8050    13.8062   4.269467   4.269645     1.6799     1.3722     100.00   19.17021  -93.30080   -0.00065   -0.00076     2.4005     2.4186    13.7689    13.7701    35.7837    35.7842    26.8418    26.8420    1523.80    104.402    105.191         32 0.0000e+00
      28861   1202.507    254.291    256.000    13.6956    13.6998   4.257102   4.257531     1.6774     1.3701      82.44   19.17009  -93.30019   -0.00024   -0.00020     2.4021     2.4204    13.6588    13.6630    35.7670    35.7671    26.8519    26.8511    1523.41    104.471    105.270         30 0.0000e+00
      29561   1231.672    282.085    284.000    13.0549    13.0556   4.184289   4.184382     1.6542     1.3489      99.99   19.16808  -93.29052   -0.00109   -0.00105     2.3883     2.4058    13.0154    13.0161    35.6647    35.6649    26.9048    26.9048    1521.59    103.865    104.627         30 0.0000e+00
      30451   1268.744    316.823    319.000    12.2535    12.2557   4.094777   4.095025     1.6323     1.3286     100.00   19.16982  -93.29906   -0.00251   -0.00243     2.3879     2.4034    12.2108    12.2130    35.5455    35.5458    26.9722    26.9720    1519.88    103.844    104.516         30 0.0000e+00
      31727   1321.914    366.437    369.000    11.4129    11.4145   4.002643   4.002800     1.5917     1.2920      99.97   19.16894  -93.29486   -0.00064   -0.00088     2.3439     2.3599    11.3657    11.3674    35.4210    35.4209    27.0361    27.0358    1517.45    101.924    102.621         31 0.0000e+00
      31857   1327.328    371.398    374.000    11.1863    11.1874   3.977794   3.977907     1.5874     1.2891      55.37   19.17040  -93.30197   -0.00106   -0.00080     2.3467     2.3658    11.1391    11.1402    35.3899    35.3899    27.0539    27.0537    1517.34    102.045    102.873         30 0.0000e+00
      32365   1348.518    391.240    394.000    10.9026    10.9048   3.947482   3.947674     1.5817     1.2834     100.00   19.16954  -93.29775   -0.00025   -0.00026     2.3540     2.3710    10.8537    10.8559    35.3508    35.3507    27.0754    27.0749    1516.40    102.357    103.098         30 0.0000e+00
      32494   1353.867    396.200    399.000    10.7928    10.7941   3.935659   3.935792     1.5791     1.2809     100.00   19.16976  -93.29885   -0.00056   -0.00038     2.3548     2.3713    10.7436    10.7448    35.3360    35.3361    27.0837    27.0836    1516.21    102.393    103.111         34 0.0000e+00
      33284   1386.782    426.950    430.000    10.5098    10.5112   3.905821   3.905954     1.5688     1.2722     100.00   19.16916  -93.29592   -0.00015   -0.00007     2.3523     2.3711    10.4575    10.4589    35.2960    35.2959    27.1034    27.1031    1514.92    102.280    103.097         30 0.0000e+00
      33409   1391.979    431.910    435.000    10.4437    10.4447   3.899014   3.899200     1.5668     1.2712     100.00   19.16930  -93.29657   -0.00038   -0.00026     2.3522     2.3732    10.3910    10.3920    35.2872    35.2871    27.1083    27.1080    1514.75    102.275    103.190         31 0.0000e+00
      33440   1393.299    432.902    436.000    10.4083    10.4085   3.895188   3.895158     1.5665     1.2704     100.00   19.16958  -93.29796   -0.00043   -0.00022     2.3536     2.3733    10.3557    10.3558    35.2828    35.2823    27.1111    27.1107    1514.73    102.339    103.194         30 0.0000e+00
      33566   1398.535    437.861    441.000    10.3584    10.3590   3.889956   3.889976     1.5663     1.2698     100.00   19.16949  -93.29752   -0.00002    0.00003     2.3576     2.3757    10.3053    10.3059    35.2758    35.2755    27.1145    27.1141    1514.54    102.509    103.300         31 0.0000e+00
      33720   1404.952    443.811    447.000    10.1854    10.1875   3.871380   3.871569     1.5634     1.2681     100.00   19.16949  -93.29753   -0.00060   -0.00041     2.3616     2.3825    10.1321    10.1342    35.2522    35.2522    27.1262    27.1258    1514.32    102.686    103.594         31 0.0000e+00
      33850   1410.373    448.771    452.000    10.1245    10.1213   3.865221   3.864881     1.5631     1.2674     100.01   19.17095  -93.30472    0.00004   -0.00004     2.3659     2.3856    10.0708    10.0676    35.2469    35.2465    27.1328    27.1330    1514.26    102.871    103.725         32 0.0000e+00
      33943   1414.254    452.738    456.000    10.0399    10.0410   3.855878   3.855958     1.5619     1.2657     100.00   19.16878  -93.29408   -0.00024   -0.00033     2.3690     2.3865     9.9860     9.9871    35.2312    35.2311    27.1350    27.1347    1513.94    103.005    103.765         30 0.0000e+00
      33975   1415.573    453.730    457.000    10.0238    10.0252   3.854246   3.854378     1.5623     1.2664     100.00   19.16957  -93.29796   -0.00025   -0.00007     2.3715     2.3898     9.9698     9.9712    35.2301    35.2301    27.1369    27.1366    1513.97    103.113    103.908         30 0.0000e+00
      34864   1452.626    488.438    492.000     9.5831     9.5840   3.808607   3.808689     1.5604     1.2645      69.13   19.16958  -93.29801   -0.00014   -0.00020     2.4037     2.4212     9.5265     9.5274    35.1752    35.1752    27.1690    27.1688    1512.76    104.508    105.269         31 0.0000e+00
      34996   1458.138    493.396    497.000     9.4365     9.4372   3.793439   3.793472     1.5581     1.2629      92.61   19.17083  -93.30409   -0.00068   -0.00061     2.4076     2.4258     9.3799     9.3806    35.1600    35.1597    27.1815    27.1812    1512.69    104.677    105.470         31 0.0000e+00
      35089   1462.014    497.362    501.000     9.3439     9.3461   3.783359   3.783561     1.5591     1.2640      99.99   19.16838  -93.29215    0.00030    0.00025     2.4175     2.4370     9.2871     9.2893    35.1436    35.1436    27.1839    27.1835    1512.36    105.109    105.955         30 0.0000e+00
      36086   1503.544    536.028    540.000     8.8398     8.8402   3.732378   3.732396     1.5630     1.2676     100.00   19.16904  -93.29548    0.00056    0.00040     2.4730     2.4917     8.7806     8.7809    35.0893    35.0891    27.2232    27.2230    1511.19    107.517    108.331         31 0.0000e+00
      37157   1548.178    577.661    582.000     8.2767     8.2775   3.676371   3.676425     1.5688     1.2736      89.67   19.16940  -93.29729   -0.00028   -0.00023     2.5405     2.5608     8.2151     8.2159    35.0352    35.0350    27.2689    27.2686    1509.97    110.445    111.331         32 0.0000e+00
      37742   1572.548    600.456    605.000     7.9393     7.9403   3.643401   3.643471     1.5853     1.2895      88.10   19.16934  -93.29698    0.00010    0.00001     2.6208     2.6433     7.8767     7.8777    35.0081    35.0078    27.2987    27.2983    1509.29    113.935    114.914         30 0.0000e+00
      38278   1594.856    621.267    626.000     7.6328     7.6341   3.613889   3.613959     1.5935     1.2976      85.43   19.16954  -93.29794    0.00036    0.00044     2.6745     2.6982     7.5694     7.5707    34.9867    34.9862    27.3272    27.3266    1508.71    116.266    117.295         30 0.0000e+00
      40512   1687.964    707.462    713.000     6.7374     6.7379   3.530463   3.530488     1.6485     1.3480      20.37   19.16956  -93.29813    0.00027    0.00025     2.9449     2.9669     6.6696     6.6701    34.9364    34.9361    27.4142    27.4138    1506.42    128.010    128.967         33 0.0000e+00
      41086   1711.880    713.406    719.000     6.7225     6.7238   3.529736   3.529761     1.6498     1.3490      14.12   19.17115  -93.30585    0.00005    0.00022     2.9521     2.9738     6.6542     6.6555    34.9381    34.9383    27.4177    27.4176    1506.41    128.322    129.268         54 0.0000e+00
      41338   1722.356    715.387    721.000     6.7181     6.7187   3.529161   3.529178     1.6497     1.3487      12.10   19.17068  -93.30359    0.00002   -0.00006     2.9533     2.9739     6.6496     6.6502    34.9378    34.9372    27.4180    27.4175    1506.32    128.373    129.270         55 0.0000e+00
      41468   1727.809    716.377    722.000     6.7176     6.7180   3.528995   3.528994     1.6495     1.3481      11.06   19.16950  -93.29782    0.00006   -0.00001     2.9531     2.9725     6.6490     6.6494    34.9357    34.9352    27.4164    27.4159    1506.20    128.367    129.211         52 0.0000e+00
      43820   1825.792    717.367    723.000     6.7196     6.7238   3.529112   3.529471     1.6490     1.3481       9.71   19.16947  -93.29782   -0.00007    0.00005     2.9516     2.9725     6.6508     6.6551    34.9352    34.9349    27.4158    27.4150    1506.18    128.303    129.211         54 0.0000e+00
