Gulf of Mexico/GOMECC-4/1db/drb2103_0401.cnv
* Sea-Bird SBE 9 Data File:
* FileName = C:\Users\scs.user.rb\CTD\GOMECC4\data\rb2103_0401.hex
* Software Version Seasave V 7.26.7.107
* Temperature SN = 4799
* Conductivity SN = 3860
* Number of Bytes Per Scan = 41
* Number of Voltage Words = 4
* Number of Scans Averaged by the Deck Unit = 1
* NMEA Latitude = 27 54.62 N
* NMEA Longitude = 090 00.08 W
* NMEA UTC (Time) = Sep 25 2021  23:21:03
* NMEA baud rate = 4800
# nquan = 28
# nvalues = 234                         
# units = specified
# name 0 = scan: Scan Count
# name 1 = timeS: Time, Elapsed [seconds]
# name 2 = depSM: Depth [salt water, m]
# name 3 = prDM: Pressure, Digiquartz [db]
# name 4 = t090C: Temperature [ITS-90, deg C]
# name 5 = t190C: Temperature, 2 [ITS-90, deg C]
# name 6 = c0S/m: Conductivity [S/m]
# name 7 = c1S/m: Conductivity, 2 [S/m]
# name 8 = sbeox0V: Oxygen raw, SBE 43 [V]
# name 9 = sbeox1V: Oxygen raw, SBE 43, 2 [V]
# name 10 = altM: Altimeter [m]
# name 11 = latitude: Latitude [deg]
# name 12 = longitude: Longitude [deg]
# name 13 = sbox0dV/dT: Oxygen, SBE 43 [dov/dt]
# name 14 = sbox1dV/dT: Oxygen, SBE 43, 2 [dov/dt]
# name 15 = sbeox0ML/L: Oxygen, SBE 43 [ml/l], WS = 5
# name 16 = sbeox1ML/L: Oxygen, SBE 43, 2 [ml/l], WS = 5
# name 17 = potemp090C: Potential Temperature [ITS-90, deg C]
# name 18 = potemp190C: Potential Temperature, 2 [ITS-90, deg C]
# name 19 = sal00: Salinity, Practical [PSU]
# name 20 = sal11: Salinity, Practical, 2 [PSU]
# name 21 = sigma-é00: Density [sigma-theta, kg/m^3]
# name 22 = sigma-é11: Density, 2 [sigma-theta, kg/m^3]
# name 23 = avgsvCM: Average Sound Velocity [Chen-Millero, m/s], minP = 20, minS = 20
# name 24 = sbox0Mm/Kg: Oxygen, SBE 43 [umol/kg], WS = 5
# name 25 = sbox1Mm/Kg: Oxygen, SBE 43, 2 [umol/kg], WS = 5
# name 26 = nbin: number of scans per bin
# name 27 = flag: flag
# span 0 =      14517,      36328       
# span 1 =    604.854,   1513.626       
# span 2 =      2.980,    671.417       
# span 3 =      3.000,    677.000       
# span 4 =     6.7142,    28.5349       
# span 5 =     6.7137,    28.5482       
# span 6 =   3.524577,   5.862052       
# span 7 =   3.525005,   5.862265       
# span 8 =     1.6022,     3.1526       
# span 9 =     1.3082,     2.6847       
# span 10 =      10.38,     102.88      
# span 11 =   27.76109,   27.93294      
# span 12 =  -90.07279,  -89.51868      
# span 13 =   -0.02528,    0.03287      
# span 14 =   -0.02475,    0.03223      
# span 15 =     2.5864,     4.5242      
# span 16 =     2.6195,     4.5313      
# span 17 =     6.6501,    28.5328      
# span 18 =     6.6496,    28.5461      
# span 19 =    34.9107,    36.7350      
# span 20 =    34.9099,    36.7363      
# span 21 =    23.0358,    27.4068      
# span 22 =    23.0359,    27.4061      
# span 23 =       0.00,    1544.16      
# span 24 =    112.454,    197.357      
# span 25 =    113.901,    197.667      
# span 26 =         30,         64      
# span 27 = 0.0000e+00, 0.0000e+00      
# interval = decibars: 1                
# start_time = Sep 25 2021 23:21:03 [NMEA time, header]
# bad_flag = -9.990e-29
*END*
[from data line 208]
      31473   1311.332    536.704    541.000     8.7149     8.7156   3.717812   3.717812     1.6083     1.3150     100.00   27.91147  -90.00230    0.00078    0.00051     2.6150     2.6518     8.6561     8.6567    35.0590    35.0584    27.2192    27.2186    1513.68    113.690    115.291         31 0.0000e+00
      31601   1316.657    541.658    546.000     8.6490     8.6537   3.711214   3.711299     1.6082     1.3151     100.00   27.91129  -90.00171   -0.00007   -0.00006     2.6214     2.6586     8.5898     8.5973    35.0515    35.0508    27.2237    27.2226    1513.50    113.967    115.587         33 0.0000e+00
      31729   1321.989    546.612    551.000     8.5954     8.5964   3.705785   3.705814     1.6081     1.3150     100.00   27.91084  -90.00024    0.00008    0.00009     2.6259     2.6634     8.5359     8.5369    35.0457    35.0450    27.2276    27.2269    1513.29    114.164    115.796         32 0.0000e+00
      31885   1328.511    552.556    557.000     8.5555     8.5566   3.702075   3.702111     1.6090     1.3141     100.00   27.91176  -90.00316    0.00014   -0.00024     2.6332     2.6654     8.4955     8.4966    35.0432    35.0425    27.2320    27.2312    1513.13    114.483    115.881         31 0.0000e+00
      32660   1360.790    582.275    587.000     8.1678     8.1693   3.663304   3.663380     1.6023     1.3082      74.85   27.91192  -90.00367   -0.00044   -0.00052     2.6507     2.6828     8.1061     8.1076    35.0020    35.0013    27.2595    27.2587    1512.11    115.237    116.636         34 0.0000e+00
      32783   1365.921    587.227    592.000     7.9395     7.9413   3.640336   3.640434     1.6022     1.3098      96.22   27.91117  -90.00129   -0.00012    0.00049     2.6680     2.7058     7.8784     7.8802    34.9810    34.9803    27.2772    27.2763    1511.90    115.990    117.631         32 0.0000e+00
      32965   1373.520    594.161    599.000     7.6760     7.6769   3.613655   3.613655     1.6197     1.3273      88.94   27.91108  -90.00099    0.00267    0.00265     2.7426     2.7848     7.6153     7.6162    34.9538    34.9529    27.2946    27.2938    1511.65    119.229    121.066         31 0.0000e+00
      33198   1383.215    603.075    608.000     7.5891     7.5895   3.606305   3.606258     1.6275     1.3322      79.91   27.91123  -90.00143   -0.00014   -0.00029     2.7761     2.8106     7.5278     7.5282    34.9571    34.9562    27.3099    27.3091    1511.35    120.684    122.187         34 0.0000e+00
      33231   1384.593    604.066    609.000     7.5852     7.5860   3.605999   3.605984     1.6279     1.3326      78.93   27.91152  -90.00238   -0.00009   -0.00010     2.7777     2.8125     7.5239     7.5246    34.9572    34.9563    27.3106    27.3098    1511.34    120.756    122.266         30 0.0000e+00
      33326   1388.534    608.027    613.000     7.5559     7.5578   3.602907   3.603042     1.6281     1.3329      75.01   27.90969  -89.99648    0.00004    0.00011     2.7821     2.8172     7.4943     7.4962    34.9520    34.9508    27.3107    27.3095    1511.10    120.946    122.471         33 0.0000e+00
      33360   1389.959    609.018    614.000     7.5496     7.5504   3.602490   3.602479     1.6288     1.3331      79.89   27.91152  -90.00238    0.00016    0.00019     2.7850     2.8188     7.4879     7.4887    34.9525    34.9516    27.3121    27.3113    1511.17    121.073    122.540         30 0.0000e+00
      33724   1405.128    622.883    628.000     7.3176     7.3179   3.580107   3.580034     1.6413     1.3457      59.99   27.91242  -90.00525    0.00027    0.00006     2.8461     2.8832     7.2555     7.2558    34.9358    34.9348    27.3323    27.3315    1510.75    123.724    125.338         31 0.0000e+00
      33851   1410.423    627.835    633.000     7.3008     7.3017   3.578572   3.578570     1.6425     1.3467      54.99   27.91125  -90.00143    0.00022    0.00032     2.8528     2.8896     7.2383     7.2392    34.9335    34.9326    27.3329    27.3321    1510.52    124.015    125.614         32 0.0000e+00
      33883   1411.759    628.825    634.000     7.2984     7.2993   3.578411   3.578415     1.6427     1.3467      53.96   27.91154  -90.00238    0.00028    0.00002     2.8541     2.8902     7.2358     7.2367    34.9337    34.9329    27.3335    27.3327    1510.50    124.074    125.642         30 0.0000e+00
      34374   1432.206    647.640    653.000     6.8635     6.8643   3.537363   3.537356     1.6602     1.3655      34.95   27.91106  -90.00092    0.00075    0.00063     2.9496     2.9945     6.8011     6.8019    34.9136    34.9127    27.3782    27.3774    1509.85    128.220    130.168         32 0.0000e+00
      34407   1433.564    648.631    654.000     6.8565     6.8575   3.536803   3.536818     1.6623     1.3674      33.89   27.91152  -90.00239    0.00086    0.00096     2.9569     3.0017     6.7940     6.7950    34.9142    34.9133    27.3797    27.3788    1509.84    128.537    130.485         30 0.0000e+00
      34509   1437.838    652.592    658.000     6.8151     6.8158   3.533216   3.533207     1.6676     1.3708      30.02   27.91242  -90.00529    0.00127    0.00077     2.9784     3.0184     6.7524     6.7531    34.9146    34.9136    27.3858    27.3849    1509.77    129.471    131.209         33 0.0000e+00
      34608   1441.945    656.553    662.000     6.7775     6.7786   3.529604   3.529627     1.6705     1.3744      25.98   27.91007  -89.99765    0.00069    0.00093     2.9925     3.0354     6.7146     6.7157    34.9107    34.9099    27.3877    27.3869    1509.51    130.080    131.945         30 0.0000e+00
      34640   1443.301    657.543    663.000     6.7763     6.7767   3.529691   3.529644     1.6719     1.3759      24.85   27.91152  -90.00238    0.00096    0.00105     2.9971     3.0409     6.7133     6.7137    34.9126    34.9117    27.3895    27.3887    1509.56    130.283    132.188         31 0.0000e+00
      34766   1448.560    662.494    668.000     6.7713     6.7726   3.529375   3.529404     1.6739     1.3765      19.98   27.91068  -89.99961    0.00040    0.00018     3.0060     3.0453     6.7078     6.7091    34.9117    34.9107    27.3894    27.3885    1509.35    130.667    132.378         30 0.0000e+00
      34933   1455.513    665.465    671.000     6.7619     6.7684   3.528609   3.529130     1.6750     1.3771      16.59   27.91083  -90.00009    0.00025    0.00011     3.0111     3.0489     6.6981     6.7046    34.9114    34.9105    27.3905    27.3890    1509.26    130.892    132.532         62 0.0000e+00
      35059   1460.759    666.464    672.000     6.7550     6.7666   3.528107   3.529075     1.6755     1.3769      15.39   27.91154  -90.00239    0.00018   -0.00003     3.0136     3.0484     6.6913     6.7027    34.9123    34.9113    27.3922    27.3898    1509.27    131.000    132.514         55 0.0000e+00
      35254   1468.872    667.445    673.000     6.7552     6.7751   3.528186   3.529844     1.6755     1.3765      14.41   27.91154  -90.00240    0.00006   -0.00004     3.0141     3.0470     6.6913     6.7111    34.9125    34.9118    27.3924    27.3891    1509.24    131.022    132.452         33 0.0000e+00
      35387   1474.427    668.435    674.000     6.7267     6.7371   3.525499   3.526362     1.6753     1.3754      13.57   27.91154  -90.00239   -0.00002   -0.00007     3.0160     3.0466     6.6629     6.6732    34.9112    34.9100    27.3952    27.3929    1509.21    131.103    132.435         47 0.0000e+00
      35506   1479.393    669.425    675.000     6.7161     6.7187   3.524577   3.525005     1.6773     1.3782      12.43   27.91154  -90.00239    0.00039    0.00050     3.0238     3.0579     6.6522     6.6548    34.9113    34.9102    27.3967    27.3955    1509.18    131.443    132.923         55 0.0000e+00
      36328   1513.626    671.417    677.000     6.7142     6.7137   3.525487   3.525399     1.6795     1.3806      10.38   27.92137  -90.03407    0.00007    0.00005     3.0309     3.0669     6.6501     6.6496    34.9234    34.9224    27.4068    27.4061    1509.65    131.750    133.316         44 0.0000e+00
