Gulf of Mexico/GOMECC-4/1db/drb2103_0661.cnv
* Sea-Bird SBE 9 Data File:
* FileName = C:\Users\scs.user.rb\CTD\GOMECC4\data\rb2103_0661.hex
* Software Version Seasave V 7.26.7.107
* Temperature SN = 4799
* Conductivity SN = 3860
* Number of Bytes Per Scan = 41
* Number of Voltage Words = 4
* Number of Scans Averaged by the Deck Unit = 1
* NMEA Latitude = 26 03.55 N
* NMEA Longitude = 096 04.91 W
* NMEA UTC (Time) = Oct 02 2021  23:29:35
* NMEA baud rate = 4800
# nquan = 28
# nvalues = 190                         
# units = specified
# name 0 = scan: Scan Count
# name 1 = timeS: Time, Elapsed [seconds]
# name 2 = depSM: Depth [salt water, m]
# name 3 = prDM: Pressure, Digiquartz [db]
# name 4 = t090C: Temperature [ITS-90, deg C]
# name 5 = t190C: Temperature, 2 [ITS-90, deg C]
# name 6 = c0S/m: Conductivity [S/m]
# name 7 = c1S/m: Conductivity, 2 [S/m]
# name 8 = sbeox0V: Oxygen raw, SBE 43 [V]
# name 9 = sbeox1V: Oxygen raw, SBE 43, 2 [V]
# name 10 = altM: Altimeter [m]
# name 11 = latitude: Latitude [deg]
# name 12 = longitude: Longitude [deg]
# name 13 = sbox0dV/dT: Oxygen, SBE 43 [dov/dt]
# name 14 = sbox1dV/dT: Oxygen, SBE 43, 2 [dov/dt]
# name 15 = sbeox0ML/L: Oxygen, SBE 43 [ml/l], WS = 5
# name 16 = sbeox1ML/L: Oxygen, SBE 43, 2 [ml/l], WS = 5
# name 17 = potemp090C: Potential Temperature [ITS-90, deg C]
# name 18 = potemp190C: Potential Temperature, 2 [ITS-90, deg C]
# name 19 = sal00: Salinity, Practical [PSU]
# name 20 = sal11: Salinity, Practical, 2 [PSU]
# name 21 = sigma-é00: Density [sigma-theta, kg/m^3]
# name 22 = sigma-é11: Density, 2 [sigma-theta, kg/m^3]
# name 23 = avgsvCM: Average Sound Velocity [Chen-Millero, m/s], minP = 20, minS = 20
# name 24 = sbox0Mm/Kg: Oxygen, SBE 43 [umol/kg], WS = 5
# name 25 = sbox1Mm/Kg: Oxygen, SBE 43, 2 [umol/kg], WS = 5
# name 26 = nbin: number of scans per bin
# name 27 = flag: flag
# span 0 =      23633,      49682       
# span 1 =    984.674,   2070.057       
# span 2 =      3.974,    851.648       
# span 3 =      4.000,    859.000       
# span 4 =     5.7500,    29.3575       
# span 5 =     5.7501,    29.3649       
# span 6 =   3.444741,   5.858777       
# span 7 =   3.444808,   5.858745       
# span 8 =     1.5993,     3.3874       
# span 9 =     1.3040,     2.9033       
# span 10 =      10.57,     100.48      
# span 11 =   26.05486,   26.06493      
# span 12 =  -96.10157,  -96.06392      
# span 13 =   -0.04010,    0.02123      
# span 14 =   -0.03748,    0.01872      
# span 15 =     2.5065,     5.0995      
# span 16 =     2.5267,     5.1110      
# span 17 =     5.6739,    29.3565      
# span 18 =     5.6740,    29.3640      
# span 19 =    34.9096,    36.4470      
# span 20 =    34.9093,    36.4485      
# span 21 =    22.2095,    27.5331      
# span 22 =    22.2080,    27.5329      
# span 23 =       0.00,    1544.72      
# span 24 =    109.077,    222.384      
# span 25 =    109.956,    222.888      
# span 26 =         30,         67      
# span 27 = 0.0000e+00, 0.0000e+00      
# interval = decibars: 1                
# start_time = Oct 02 2021 23:29:35 [NMEA time, header]
# bad_flag = -9.990e-29
*END*
[from data line 156]
      31122   1296.728    170.810    172.000    15.6875    15.6885   4.486340   4.486562     1.8116     1.4941      99.96   26.05966  -96.08154   -0.00220   -0.00192     2.5892     2.6146    15.6604    15.6614    36.0721    36.0732    26.6505    26.6511    1528.66    112.632    113.736         31 0.0000e+00
      31175   1298.927    172.795    174.000    15.6452    15.6464   4.481188   4.481430     1.8093     1.4909     100.00   26.05775  -96.07458   -0.00116   -0.00122     2.5868     2.6093    15.6179    15.6191    36.0628    36.0638    26.6529    26.6534    1528.36    112.527    113.506         30 0.0000e+00
      31211   1300.401    173.788    175.000    15.6169    15.6176   4.478086   4.478304     1.8081     1.4907     100.00   26.05964  -96.08154   -0.00099   -0.00106     2.5859     2.6105    15.5894    15.5901    36.0610    36.0620    26.6582    26.6587    1528.38    112.489    113.560         37 0.0000e+00
      31249   1301.993    174.780    176.000    15.5831    15.5854   4.474093   4.474470     1.8070     1.4892     100.00   26.05965  -96.08154   -0.00093   -0.00063     2.5856     2.6089    15.5555    15.5578    36.0555    36.0568    26.6616    26.6620    1528.29    112.474    113.486         37 0.0000e+00
      31282   1303.381    175.773    177.000    15.4688    15.4722   4.460743   4.461245     1.8052     1.4869     100.00   26.05966  -96.08154   -0.00088   -0.00103     2.5878     2.6095    15.4412    15.4446    36.0389    36.0404    26.6746    26.6750    1528.20    112.567    113.512         30 0.0000e+00
      31334   1305.553    177.758    179.000    15.3761    15.3775   4.449507   4.449766     1.8017     1.4849      99.98   26.05570  -96.06700   -0.00143   -0.00105     2.5860     2.6103    15.3483    15.3497    36.0198    36.0208    26.6804    26.6809    1527.79    112.491    113.544         31 0.0000e+00
      31374   1307.227    178.751    180.000    15.3568    15.3574   4.447633   4.447785     1.7992     1.4826     100.00   26.05966  -96.08154   -0.00135   -0.00100     2.5814     2.6057    15.3289    15.3294    36.0216    36.0224    26.6866    26.6871    1527.93    112.290    113.347         40 0.0000e+00
      31411   1308.756    179.744    181.000    15.3322    15.3324   4.444670   4.444747     1.7959     1.4798     100.00   26.05966  -96.08154   -0.00184   -0.00165     2.5754     2.6002    15.3042    15.3044    36.0168    36.0173    26.6884    26.6888    1527.84    112.027    113.106         32 0.0000e+00
      31467   1311.078    181.729    183.000    15.1767    15.1789   4.426506   4.426837     1.7896     1.4729      99.99   26.05831  -96.07656   -0.00229   -0.00223     2.5698     2.5913    15.1486    15.1507    35.9930    35.9941    26.7048    26.7051    1527.59    111.782    112.718         30 0.0000e+00
      31502   1312.538    182.721    184.000    15.1012    15.1030   4.417849   4.418160     1.7847     1.4686     100.00   26.05966  -96.08154   -0.00295   -0.00300     2.5628     2.5847    15.0730    15.0748    35.9836    35.9848    26.7145    26.7150    1527.58    111.479    112.429         37 0.0000e+00
      31538   1314.058    183.714    185.000    15.0676    15.0687   4.413943   4.414160     1.7807     1.4655     100.00   26.05966  -96.08154   -0.00326   -0.00299     2.5553     2.5787    15.0393    15.0404    35.9784    35.9794    26.7179    26.7185    1527.49    111.152    112.166         34 0.0000e+00
      31571   1315.405    184.707    186.000    15.0345    15.0359   4.410092   4.410341     1.7788     1.4641     100.00   26.05966  -96.08154   -0.00256   -0.00201     2.5531     2.5773    15.0061    15.0074    35.9733    35.9743    26.7213    26.7218    1527.40    111.053    112.105         32 0.0000e+00
      31601   1316.680    185.699    187.000    15.0114    15.0125   4.407441   4.407656     1.7779     1.4640     100.00   26.05966  -96.08154   -0.00162   -0.00112     2.5525     2.5785    14.9828    14.9840    35.9699    35.9708    26.7239    26.7244    1527.31    111.026    112.159         30 0.0000e+00
      31631   1317.931    186.692    188.000    14.9859    14.9884   4.404483   4.404854     1.7776     1.4638     100.00   26.05966  -96.08154   -0.00082   -0.00037     2.5536     2.5797    14.9572    14.9597    35.9659    35.9670    26.7265    26.7268    1527.22    111.074    112.210         30 0.0000e+00
      31663   1319.263    187.684    189.000    14.9553    14.9566   4.400964   4.401177     1.7775     1.4632     100.00   26.05966  -96.08154   -0.00036   -0.00025     2.5555     2.5802    14.9266    14.9278    35.9615    35.9623    26.7298    26.7302    1527.13    111.159    112.230         33 0.0000e+00
      31696   1320.622    188.677    190.000    14.9182    14.9200   4.396618   4.396928     1.7778     1.4642     100.00   26.05966  -96.08154   -0.00005   -0.00010     2.5586     2.5853    14.8893    14.8911    35.9555    35.9567    26.7334    26.7339    1527.04    111.293    112.455         33 0.0000e+00
      31729   1322.016    189.669    191.000    14.8905    14.8915   4.393443   4.393641     1.7781     1.4651     100.00   26.05966  -96.08154    0.00017    0.00052     2.5615     2.5897    14.8615    14.8625    35.9515    35.9524    26.7365    26.7370    1526.96    111.417    112.642         35 0.0000e+00
      31765   1323.514    190.662    192.000    14.8766    14.8770   4.391885   4.392000     1.7793     1.4660     100.00   26.05966  -96.08154    0.00038    0.00062     2.5655     2.5930    14.8474    14.8479    35.9496    35.9503    26.7382    26.7385    1526.87    111.592    112.788         34 0.0000e+00
      31854   1327.207    193.640    195.000    14.7602    14.7628   4.378030   4.378387     1.7789     1.4657      99.99   26.05718  -96.07241   -0.00013   -0.00010     2.5723     2.5996    14.7308    14.7333    35.9276    35.9285    26.7465    26.7467    1526.47    111.886    113.076         37 0.0000e+00
      31893   1328.818    194.632    196.000    14.7271    14.7286   4.374333   4.374588     1.7788     1.4652     100.00   26.05966  -96.08154   -0.00037   -0.00062     2.5743     2.6006    14.6976    14.6991    35.9248    35.9257    26.7518    26.7522    1526.54    111.972    113.118         34 0.0000e+00
      31924   1330.140    195.625    197.000    14.6181    14.6198   4.361933   4.362010     1.7782     1.4652     100.00   26.05966  -96.08154   -0.00026   -0.00035     2.5795     2.6074    14.5885    14.5903    35.9091    35.9098    26.7635    26.7637    1526.45    112.200    113.410         30 0.0000e+00
      31955   1331.416    196.618    198.000    14.5963    14.5965   4.359253   4.359361     1.7782     1.4652     100.00   26.05966  -96.08154   -0.00026   -0.00007     2.5812     2.6089    14.5667    14.5669    35.9058    35.9065    26.7657    26.7663    1526.36    112.272    113.475         31 0.0000e+00
      31986   1332.708    197.610    199.000    14.5839    14.5848   4.357820   4.358004     1.7793     1.4661     100.00   26.05966  -96.08154    0.00001    0.00013     2.5850     2.6124    14.5541    14.5550    35.9036    35.9045    26.7668    26.7672    1526.27    112.435    113.628         31 0.0000e+00
      32016   1333.965    198.603    200.000    14.5753    14.5770   4.356832   4.357104     1.7807     1.4680     100.00   26.05966  -96.08154    0.00065    0.00061     2.5893     2.6180    14.5454    14.5471    35.9020    35.9029    26.7674    26.7678    1526.19    112.625    113.874         30 0.0000e+00
      32047   1335.244    199.595    201.000    14.5551    14.5563   4.354493   4.354666     1.7831     1.4703     100.00   26.05966  -96.08154    0.00121    0.00131     2.5965     2.6258    14.5251    14.5262    35.8987    35.8992    26.7692    26.7694    1526.11    112.938    114.211         31 0.0000e+00
      38295   1595.593    454.517    458.000     8.7548     8.7556   3.718074   3.718154     1.5993     1.3040      92.02   26.05945  -96.08089    0.00009    0.00015     2.5588     2.5867     8.7051     8.7059    35.0611    35.0611    27.2131    27.2130    1511.33    111.247    112.460         30 0.0000e+00
      38440   1601.612    460.464    464.000     8.6917     8.6924   3.711775   3.711838     1.6006     1.3053     100.00   26.05975  -96.08198    0.00025    0.00029     2.5685     2.5968     8.6415     8.6422    35.0543    35.0543    27.2179    27.2177    1511.10    111.672    112.902         30 0.0000e+00
      41673   1736.344    592.261    597.000     7.2321     7.2328   3.570497   3.570535     1.6289     1.3324     100.00   26.05880  -96.07868    0.00063    0.00048     2.8029     2.8335     7.1736     7.1743    34.9317    34.9315    27.3406    27.3404    1506.51    121.845    123.178         30 0.0000e+00
      41706   1737.693    593.252    598.000     7.2281     7.2284   3.570232   3.570246     1.6300     1.3333     100.00   26.05958  -96.08156    0.00053    0.00031     2.8070     2.8374     7.1695     7.1698    34.9325    34.9324    27.3419    27.3417    1506.53    122.026    123.345         30 0.0000e+00
      44176   1840.616    693.282    699.000     6.4738     6.4744   3.503261   3.503287     1.6828     1.3841     100.00   26.06005  -96.08331    0.00102    0.00129     3.0705     3.1078     6.4088     6.4094    34.9097    34.9093    27.4281    27.4277    1503.94    133.466    135.088         31 0.0000e+00
      44813   1867.183    719.025    725.000     6.2382     6.2386   3.482856   3.482862     1.7088     1.4069     100.00   26.05923  -96.08028    0.00086    0.00056     3.1842     3.2172     6.1720     6.1723    34.9096    34.9093    27.4591    27.4588    1503.30    138.404    139.841         31 0.0000e+00
      48068   2002.783    847.690    855.000     5.7582     5.7581   3.445533   3.445529     1.7595     1.4534      14.63   26.06161  -96.08919    0.00005    0.00008     3.4487     3.4813     5.6824     5.6823    34.9184    34.9180    27.5284    27.5281    1501.02    149.893    151.309         51 0.0000e+00
      48157   2006.481    848.679    856.000     5.7515     5.7527   3.444741   3.444808     1.7596     1.4539      13.54   26.05954  -96.08160   -0.00002    0.00017     3.4504     3.4842     5.6756     5.6768    34.9157    34.9153    27.5271    27.5266    1500.88    149.965    151.433         34 0.0000e+00
      49682   2070.057    851.648    859.000     5.7500     5.7501   3.445328   3.445317     1.7607     1.4543      10.57   26.06493  -96.10157    0.00001    0.00005     3.4550     3.4868     5.6739     5.6740    34.9229    34.9226    27.5331    27.5329    1501.15    150.168    151.546         66 0.0000e+00
