Gulf of Mexico/GOMECC-4/1db/drb2103_0961.cnv
* Sea-Bird SBE 9 Data File:
* FileName = C:\Users\scs.user.rb\CTD\GOMECC4\data\rb2103_0961.hex
* Software Version Seasave V 7.26.7.107
* Temperature SN = 4799
* Conductivity SN = 3860
* Number of Bytes Per Scan = 41
* Number of Voltage Words = 4
* Number of Scans Averaged by the Deck Unit = 1
* NMEA Latitude = 22 39.54 N
* NMEA Longitude = 090 17.28 W
* NMEA UTC (Time) = Oct 11 2021  07:29:15
* NMEA baud rate = 4800
# nquan = 28
# nvalues = 127                         
# units = specified
# name 0 = scan: Scan Count
# name 1 = timeS: Time, Elapsed [seconds]
# name 2 = depSM: Depth [salt water, m]
# name 3 = prDM: Pressure, Digiquartz [db]
# name 4 = t090C: Temperature [ITS-90, deg C]
# name 5 = t190C: Temperature, 2 [ITS-90, deg C]
# name 6 = c0S/m: Conductivity [S/m]
# name 7 = c1S/m: Conductivity, 2 [S/m]
# name 8 = sbeox0V: Oxygen raw, SBE 43 [V]
# name 9 = sbeox1V: Oxygen raw, SBE 43, 2 [V]
# name 10 = altM: Altimeter [m]
# name 11 = latitude: Latitude [deg]
# name 12 = longitude: Longitude [deg]
# name 13 = sbox0dV/dT: Oxygen, SBE 43 [dov/dt]
# name 14 = sbox1dV/dT: Oxygen, SBE 43, 2 [dov/dt]
# name 15 = sbeox0ML/L: Oxygen, SBE 43 [ml/l], WS = 5
# name 16 = sbeox1ML/L: Oxygen, SBE 43, 2 [ml/l], WS = 5
# name 17 = potemp090C: Potential Temperature [ITS-90, deg C]
# name 18 = potemp190C: Potential Temperature, 2 [ITS-90, deg C]
# name 19 = sal00: Salinity, Practical [PSU]
# name 20 = sal11: Salinity, Practical, 2 [PSU]
# name 21 = sigma-é00: Density [sigma-theta, kg/m^3]
# name 22 = sigma-é11: Density, 2 [sigma-theta, kg/m^3]
# name 23 = avgsvCM: Average Sound Velocity [Chen-Millero, m/s], minP = 20, minS = 20
# name 24 = sbox0Mm/Kg: Oxygen, SBE 43 [umol/kg], WS = 5
# name 25 = sbox1Mm/Kg: Oxygen, SBE 43, 2 [umol/kg], WS = 5
# name 26 = nbin: number of scans per bin
# name 27 = flag: flag
# span 0 =       8229,      16407       
# span 1 =    342.850,    683.567       
# span 2 =      4.969,    132.123       
# span 3 =      5.000,    133.000       
# span 4 =    19.7173,    29.5507       
# span 5 =    19.7183,    29.5517       
# span 6 =   4.946265,   5.987367       
# span 7 =   4.946476,   5.987682       
# span 8 =     1.9347,     3.1789       
# span 9 =     1.5977,     2.7028       
# span 10 =       5.59,     101.12      
# span 11 =   22.65948,   22.67356      
# span 12 =  -90.34363,  -90.28784      
# span 13 =   -0.03281,    0.00748      
# span 14 =   -0.03129,    0.00823      
# span 15 =     2.6306,     4.7322      
# span 16 =     2.6438,     4.7334      
# span 17 =    19.6939,    29.5486      
# span 18 =    19.6948,    29.5495      
# span 19 =    36.2119,    36.5109      
# span 20 =    36.2146,    36.5124      
# span 21 =    22.7901,    25.9784      
# span 22 =    22.7927,    25.9781      
# span 23 =       0.00,    1546.22      
# span 24 =    114.509,    206.318      
# span 25 =    115.083,    206.373      
# span 26 =         36,         67      
# span 27 = 0.0000e+00, 0.0000e+00      
# interval = decibars: 1                
# start_time = Oct 11 2021 07:29:15 [NMEA time, header]
# bad_flag = -9.990e-29
*END*
[from data line 104]
      13001    541.646    108.288    109.000    19.7645    19.7668   4.950264   4.950625     1.9516     1.6110      29.46   22.65954  -90.28784   -0.00240   -0.00247     2.6587     2.6677    19.7444    19.7467    36.4663    36.4675    25.9484    25.9487    1537.23    115.733    116.128         45 0.0000e+00
      13048    543.630    109.281    110.000    19.7524    19.7532   4.948977   4.949210     1.9470     1.6084      28.43   22.65954  -90.28784   -0.00302   -0.00232     2.6493     2.6619    19.7321    19.7329    36.4661    36.4673    25.9515    25.9522    1537.11    115.324    115.873         47 0.0000e+00
      13090    545.386    110.274    111.000    19.7503    19.7509   4.948827   4.949038     1.9466     1.6070      27.57   22.65954  -90.28784   -0.00146   -0.00107     2.6488     2.6589    19.7298    19.7304    36.4663    36.4675    25.9523    25.9530    1536.99    115.301    115.744         40 0.0000e+00
      13135    547.270    111.267    112.000    19.7483    19.7493   4.948696   4.948939     1.9463     1.6082      26.48   22.65954  -90.28784   -0.00027   -0.00012     2.6485     2.6623    19.7276    19.7286    36.4666    36.4677    25.9530    25.9536    1536.87    115.289    115.892         51 0.0000e+00
      13183    549.262    112.260    113.000    19.7467    19.7468   4.948606   4.948762     1.9453     1.6080      25.60   22.65954  -90.28784   -0.00022    0.00026     2.6468     2.6621    19.7258    19.7260    36.4668    36.4680    25.9537    25.9546    1536.77    115.215    115.882         41 0.0000e+00
      13222    550.874    113.254    114.000    19.7449    19.7452   4.948491   4.948654     1.9442     1.6076      24.60   22.65954  -90.28784   -0.00063   -0.00012     2.6449     2.6616    19.7239    19.7241    36.4670    36.4682    25.9544    25.9552    1536.66    115.133    115.860         41 0.0000e+00
      13272    552.943    114.247    115.000    19.7410    19.7419   4.948182   4.948396     1.9435     1.6066      23.56   22.65954  -90.28784   -0.00045   -0.00037     2.6439     2.6599    19.7198    19.7207    36.4675    36.4685    25.9558    25.9564    1536.54    115.090    115.784         55 0.0000e+00
      13317    554.819    115.240    116.000    19.7385    19.7392   4.947990   4.948195     1.9417     1.6049      22.65   22.65954  -90.28784   -0.00058   -0.00055     2.6405     2.6563    19.7171    19.7178    36.4678    36.4688    25.9567    25.9574    1536.44    114.940    115.628         36 0.0000e+00
      13356    556.455    116.233    117.000    19.7342    19.7350   4.947622   4.947835     1.9413     1.6032      21.71   22.65954  -90.28784   -0.00073   -0.00094     2.6401     2.6527    19.7126    19.7134    36.4681    36.4691    25.9581    25.9588    1536.34    114.924    115.474         47 0.0000e+00
      13407    558.598    117.226    118.000    19.7313    19.7323   4.947386   4.947630     1.9413     1.6036      20.63   22.65954  -90.28784   -0.00013   -0.00062     2.6405     2.6541    19.7096    19.7106    36.4683    36.4694    25.9591    25.9597    1536.23    114.940    115.533         48 0.0000e+00
      13449    560.345    118.220    119.000    19.7287    19.7295   4.947200   4.947422     1.9407     1.6028      19.81   22.65954  -90.28784   -0.00010    0.00016     2.6396     2.6526    19.7067    19.7075    36.4686    36.4698    25.9601    25.9608    1536.13    114.901    115.467         41 0.0000e+00
      13494    562.207    119.212    120.000    19.7245    19.7261   4.946833   4.947112     1.9389     1.6015      18.75   22.65954  -90.28784   -0.00061   -0.00060     2.6364     2.6500    19.7024    19.7040    36.4689    36.4698    25.9615    25.9618    1536.03    114.764    115.355         47 0.0000e+00
      13540    564.114    120.206    121.000    19.7219    19.7231   4.946633   4.946869     1.9381     1.6004      17.81   22.65954  -90.28784   -0.00069   -0.00061     2.6350     2.6479    19.6996    19.7008    36.4691    36.4700    25.9623    25.9627    1535.93    114.703    115.264         44 0.0000e+00
      13583    565.907    121.199    122.000    19.7196    19.7206   4.946432   4.946652     1.9373     1.5996      16.82   22.65954  -90.28784   -0.00050   -0.00058     2.6338     2.6464    19.6971    19.6981    36.4690    36.4700    25.9630    25.9635    1535.84    114.651    115.196         44 0.0000e+00
      13629    567.847    122.192    123.000    19.7178    19.7189   4.946265   4.946504     1.9372     1.5994      15.84   22.65954  -90.28784   -0.00019   -0.00022     2.6339     2.6464    19.6951    19.6962    36.4689    36.4699    25.9634    25.9639    1535.75    114.654    115.198         47 0.0000e+00
      13674    569.706    123.185    124.000    19.7174    19.7183   4.946270   4.946476     1.9367     1.5985      14.86   22.65954  -90.28784   -0.00023   -0.00032     2.6333     2.6446    19.6945    19.6954    36.4689    36.4699    25.9635    25.9640    1535.65    114.626    115.120         44 0.0000e+00
      13719    571.599    124.178    125.000    19.7173    19.7183   4.946298   4.946529     1.9366     1.5980      13.88   22.65954  -90.28784   -0.00011   -0.00041     2.6335     2.6438    19.6943    19.6953    36.4688    36.4699    25.9636    25.9641    1535.56    114.633    115.083         45 0.0000e+00
      13763    573.419    125.171    126.000    19.7178    19.7187   4.946385   4.946607     1.9365     1.5991      12.94   22.65954  -90.28784   -0.00007    0.00015     2.6335     2.6467    19.6945    19.6954    36.4688    36.4699    25.9635    25.9640    1535.47    114.635    115.210         44 0.0000e+00
      13809    575.330    126.164    127.000    19.7180    19.7190   4.946456   4.946676     1.9366     1.5986      11.93   22.65954  -90.28784   -0.00001    0.00022     2.6339     2.6459    19.6946    19.6955    36.4688    36.4698    25.9634    25.9640    1535.39    114.655    115.175         46 0.0000e+00
      13854    577.191    127.158    128.000    19.7181    19.7190   4.946503   4.946713     1.9366     1.5990      10.99   22.65954  -90.28784    0.00001   -0.00009     2.6343     2.6472    19.6945    19.6954    36.4687    36.4697    25.9634    25.9639    1535.30    114.671    115.230         45 0.0000e+00
      13900    579.137    128.151    129.000    19.7182    19.7190   4.946542   4.946755     1.9358     1.5983       9.99   22.65954  -90.28784   -0.00018    0.00005     2.6328     2.6458    19.6944    19.6952    36.4687    36.4697    25.9634    25.9639    1535.21    114.607    115.170         47 0.0000e+00
      13943    580.919    129.144    130.000    19.7179    19.7188   4.946559   4.946774     1.9367     1.5996       9.04   22.65954  -90.28784   -0.00008   -0.00007     2.6352     2.6491    19.6939    19.6948    36.4687    36.4697    25.9635    25.9641    1535.13    114.708    115.315         40 0.0000e+00
      16407    683.567    132.123    133.000    19.7328    19.7371   4.949932   4.950512     1.9347     1.5977       5.59   22.67356  -90.34363    0.00007    0.00024     2.6306     2.6445    19.7083    19.7126    36.4904    36.4915    25.9784    25.9781    1535.79    114.509    115.114         60 0.0000e+00
