Gulf of Mexico/GOMECC-4/1db/drb2103_0431.cnv
* Sea-Bird SBE 9 Data File:
* FileName = C:\Users\scs.user.rb\CTD\GOMECC4\data\rb2103_0431.hex
* Software Version Seasave V 7.26.7.107
* Temperature SN = 4799
* Conductivity SN = 3860
* Number of Bytes Per Scan = 41
* Number of Voltage Words = 4
* Number of Scans Averaged by the Deck Unit = 1
* NMEA Latitude = 28 29.94 N
* NMEA Longitude = 090 00.00 W
* NMEA UTC (Time) = Sep 26 2021  07:09:27
* NMEA baud rate = 4800
# nquan = 28
# nvalues = 76                          
# units = specified
# name 0 = scan: Scan Count
# name 1 = timeS: Time, Elapsed [seconds]
# name 2 = depSM: Depth [salt water, m]
# name 3 = prDM: Pressure, Digiquartz [db]
# name 4 = t090C: Temperature [ITS-90, deg C]
# name 5 = t190C: Temperature, 2 [ITS-90, deg C]
# name 6 = c0S/m: Conductivity [S/m]
# name 7 = c1S/m: Conductivity, 2 [S/m]
# name 8 = sbeox0V: Oxygen raw, SBE 43 [V]
# name 9 = sbeox1V: Oxygen raw, SBE 43, 2 [V]
# name 10 = altM: Altimeter [m]
# name 11 = latitude: Latitude [deg]
# name 12 = longitude: Longitude [deg]
# name 13 = sbox0dV/dT: Oxygen, SBE 43 [dov/dt]
# name 14 = sbox1dV/dT: Oxygen, SBE 43, 2 [dov/dt]
# name 15 = sbeox0ML/L: Oxygen, SBE 43 [ml/l], WS = 5
# name 16 = sbeox1ML/L: Oxygen, SBE 43, 2 [ml/l], WS = 5
# name 17 = potemp090C: Potential Temperature [ITS-90, deg C]
# name 18 = potemp190C: Potential Temperature, 2 [ITS-90, deg C]
# name 19 = sal00: Salinity, Practical [PSU]
# name 20 = sal11: Salinity, Practical, 2 [PSU]
# name 21 = sigma-é00: Density [sigma-theta, kg/m^3]
# name 22 = sigma-é11: Density, 2 [sigma-theta, kg/m^3]
# name 23 = avgsvCM: Average Sound Velocity [Chen-Millero, m/s], minP = 20, minS = 20
# name 24 = sbox0Mm/Kg: Oxygen, SBE 43 [umol/kg], WS = 5
# name 25 = sbox1Mm/Kg: Oxygen, SBE 43, 2 [umol/kg], WS = 5
# name 26 = nbin: number of scans per bin
# name 27 = flag: flag
# span 0 =      18592,      23430       
# span 1 =    774.615,    976.215       
# span 2 =      5.960,     89.379       
# span 3 =      6.000,     90.000       
# span 4 =    17.7307,    29.4965       
# span 5 =    17.7378,    29.4651       
# span 6 =   4.719406,   5.821672       
# span 7 =   4.720216,   5.821897       
# span 8 =     1.9239,     3.1499       
# span 9 =     1.5960,     2.6745       
# span 10 =       6.25,      87.09      
# span 11 =   28.49372,   28.49914      
# span 12 =  -90.00018,  -89.98300      
# span 13 =   -0.05446,    0.03337      
# span 14 =   -0.04966,    0.03345      
# span 15 =     2.7035,     4.4023      
# span 16 =     2.7313,     4.4108      
# span 17 =    17.7153,    29.4939      
# span 18 =    17.7224,    29.4629      
# span 19 =    33.6489,    36.3705      
# span 20 =    33.5667,    36.3718      
# span 21 =    21.2929,    26.3477      
# span 22 =    21.2573,    26.3465      
# span 23 =       0.00,    1548.54      
# span 24 =    117.637,    192.248      
# span 25 =    118.848,    192.618      
# span 26 =         30,         67      
# span 27 = 0.0000e+00, 0.0000e+00      
# interval = decibars: 1                
# start_time = Sep 26 2021 07:09:27 [NMEA time, header]
# bad_flag = -9.990e-29
*END*
[from data line 52]
      21384    890.972     57.604     58.000    23.4527    23.4614   5.317957   5.318909     2.4905     2.1007      37.85   28.49914  -90.00018    0.00095    0.00077     3.5373     3.5581    23.4407    23.4494    36.2980    36.2982    24.7898    24.7874    1541.03    154.154    155.062         39 0.0000e+00
      21428    892.787     58.597     59.000    22.9511    22.9613   5.265414   5.266622     2.4087     2.0079      36.82   28.49914  -90.00018   -0.01901   -0.02342     3.4106     3.3893    22.9390    22.9492    36.3056    36.3065    24.9419    24.9396    1540.87    148.609    147.681         44 0.0000e+00
      21466    894.393     59.590     60.000    22.2571    22.2790   5.190534   5.192709     2.3594     1.9781      35.99   28.49914  -90.00018   -0.03722   -0.03586     3.3545     3.3620    22.2451    22.2670    36.2972    36.2960    25.1343    25.1271    1540.70    146.138    146.465         34 0.0000e+00
      21498    895.707     60.583     61.000    21.6909    21.6970   5.130454   5.131264     2.3611     1.9918      34.99   28.49914  -90.00018   -0.02983   -0.02043     3.3841     3.4156    21.6789    21.6850    36.2969    36.2981    25.2937    25.2930    1540.51    147.404    148.780         30 0.0000e+00
      21527    896.932     61.576     62.000    21.1748    21.1860   5.072802   5.075223     2.3753     2.0028      34.08   28.49914  -90.00018   -0.00571    0.00142     3.4600     3.4867    21.1526    21.1740    36.2802    36.2815    25.4269    25.4220    1540.30    150.694    151.855         30 0.0000e+00
      21558    898.206     62.569     63.000    20.8938    20.8971   5.044207   5.044818     2.3539     1.9745      33.13   28.49914  -90.00018    0.00273    0.00327     3.4337     3.4402    20.8817    20.8850    36.2795    36.2817    25.5007    25.5015    1540.07    149.536    149.817         31 0.0000e+00
      21592    899.625     63.562     64.000    20.7619    20.7654   5.030244   5.030810     2.3261     1.9492      32.02   28.49914  -90.00018   -0.01121   -0.01372     3.3844     3.3913    20.7497    20.7533    36.2786    36.2802    25.5360    25.5362    1539.86    147.383    147.683         38 0.0000e+00
      21633    901.339     64.555     65.000    20.3554    20.3611   4.986471   4.987258     2.2932     1.9275      31.04   28.49914  -90.00017   -0.02029   -0.01763     3.3427     3.3651    20.3432    20.3488    36.2698    36.2714    25.6390    25.6388    1539.63    145.551    146.529         42 0.0000e+00
      21673    902.984     65.548     66.000    20.2204    20.2231   4.972587   4.973080     2.2918     1.9305      30.05   28.49914  -90.00017   -0.01199   -0.00733     3.3484     3.3814    20.2080    20.2108    36.2718    36.2735    25.6768    25.6773    1539.41    145.798    147.235         36 0.0000e+00
      21706    904.368     66.541     67.000    20.1622    20.1631   4.967855   4.968123     2.2941     1.9324      29.22   28.49914  -90.00018   -0.00158    0.00019     3.3573     3.3899    20.1496    20.1505    36.2827    36.2842    25.7008    25.7016    1539.18    146.179    147.597         32 0.0000e+00
      21739    905.755     67.534     68.000    20.1321    20.1339   4.967258   4.967571     2.2849     1.9234      28.14   28.49914  -90.00018   -0.00037    0.00009     3.3396     3.3706    20.1194    20.1212    36.3033    36.3044    25.7245    25.7248    1538.96    145.407    146.755         36 0.0000e+00
      21778    907.388     68.527     69.000    20.0610    20.0640   4.964490   4.964864     2.2622     1.9008      27.12   28.49914  -90.00018   -0.00712   -0.00711     3.2951     3.3213    20.0481    20.0511    36.3416    36.3421    25.7727    25.7723    1538.74    143.463    144.602         43 0.0000e+00
      21821    909.176     69.520     70.000    19.8905    19.8994   4.950702   4.952392     2.2180     1.8569      26.16   28.49914  -90.00018   -0.01908   -0.01921     3.2070     3.2230    19.8775    19.8864    36.3692    36.3696    25.8391    25.8370    1538.53    139.617    140.315         39 0.0000e+00
      21856    910.613     70.513     71.000    19.7316    19.7324   4.933467   4.933739     2.1802     1.8227      25.22   28.49914  -90.00018   -0.02391   -0.02337     3.1408     3.1578    19.7186    19.7193    36.3701    36.3718    25.8818    25.8828    1538.32    136.729    137.471         32 0.0000e+00
      21888    911.943     71.506     72.000    19.6932    19.7014   4.929416   4.930480     2.1587     1.8043      24.27   28.49914  -90.00018   -0.02401   -0.02230     3.0974     3.1167    19.6799    19.6882    36.3696    36.3712    25.8915    25.8906    1538.11    134.837    135.679         34 0.0000e+00
      21925    913.511     72.499     73.000    19.6577    19.6621   4.925852   4.926481     2.1457     1.7954      23.20   28.49914  -90.00018   -0.01576   -0.01293     3.0718     3.0981    19.6443    19.6487    36.3705    36.3718    25.9016    25.9014    1537.91    133.723    134.869         41 0.0000e+00
      21967    915.241     73.492     74.000    19.6065    19.6028   4.920471   4.920202     2.1359     1.7865      22.26   28.49914  -90.00018   -0.00786   -0.00582     3.0542     3.0810    19.5929    19.5893    36.3700    36.3709    25.9147    25.9163    1537.71    132.956    134.121         40 0.0000e+00
      22003    916.762     74.485     75.000    19.4072    19.4309   4.899656   4.901803     2.1264     1.7771      21.25   28.49914  -90.00018   -0.00584   -0.00536     3.0432     3.0684    19.3935    19.4172    36.3654    36.3672    25.9634    25.9585    1537.51    132.472    133.566         34 0.0000e+00
      22037    918.158     75.478     76.000    19.1733    19.1726   4.874409   4.874333     2.1101     1.7621      20.38   28.49914  -90.00018   -0.00717   -0.00699     3.0255     3.0486    19.1596    19.1589    36.3630    36.3630    26.0222    26.0224    1537.30    131.692    132.697         33 0.0000e+00
      22073    919.666     76.471     77.000    18.9589    18.9603   4.852275   4.852625     2.0800     1.7306      19.29   28.49914  -90.00018   -0.01301   -0.01277     2.9730     2.9857    18.9452    18.9465    36.3648    36.3665    26.0789    26.0798    1537.10    129.401    129.952         40 0.0000e+00
      22115    921.398     77.464     78.000    18.8886    18.8909   4.844955   4.845426     2.0500     1.7039      18.29   28.49914  -90.00018   -0.01864   -0.01836     2.9120     2.9259    18.8741    18.8770    36.3651    36.3665    26.0973    26.0977    1536.89    126.743    127.347         41 0.0000e+00
      22152    922.940     78.457     79.000    18.8269    18.8290   4.838772   4.839134     2.0352     1.6918      17.35   28.49914  -90.00018   -0.01540   -0.01368     2.8834     2.9005    18.8129    18.8149    36.3662    36.3675    26.1139    26.1143    1536.68    125.496    126.238         33 0.0000e+00
      22185    924.316     79.450     80.000    18.8065    18.8071   4.836813   4.837040     2.0267     1.6864      16.50   28.49914  -90.00018   -0.00985   -0.00786     2.8665     2.8890    18.7922    18.7928    36.3673    36.3687    26.1200    26.1209    1536.49    124.760    125.737         32 0.0000e+00
      23430    976.215     89.379     90.000    17.7307    17.7378   4.719406   4.720216     1.9239     1.5960       6.25   28.49372  -89.98300   -0.00030   -0.00066     2.7035     2.7313    17.7153    17.7224    36.3126    36.3132    26.3477    26.3465    1534.24    117.637    118.848         40 0.0000e+00
