Gulf of Mexico/GOMECC-4/1db/drb2103_0921.cnv
* Sea-Bird SBE 9 Data File:
* FileName = C:\Users\scs.user.rb\CTD\GOMECC4\data\rb2103_0921.hex
* Software Version Seasave V 7.26.7.107
* Temperature SN = 4799
* Conductivity SN = 3860
* Number of Bytes Per Scan = 41
* Number of Voltage Words = 4
* Number of Scans Averaged by the Deck Unit = 1
* NMEA Latitude = 21 26.99 N
* NMEA Longitude = 091 34.00 W
* NMEA UTC (Time) = Oct 10 2021  09:11:05
* NMEA baud rate = 4800
# nquan = 28
# nvalues = 36                          
# units = specified
# name 0 = scan: Scan Count
# name 1 = timeS: Time, Elapsed [seconds]
# name 2 = depSM: Depth [salt water, m]
# name 3 = prDM: Pressure, Digiquartz [db]
# name 4 = t090C: Temperature [ITS-90, deg C]
# name 5 = t190C: Temperature, 2 [ITS-90, deg C]
# name 6 = c0S/m: Conductivity [S/m]
# name 7 = c1S/m: Conductivity, 2 [S/m]
# name 8 = sbeox0V: Oxygen raw, SBE 43 [V]
# name 9 = sbeox1V: Oxygen raw, SBE 43, 2 [V]
# name 10 = altM: Altimeter [m]
# name 11 = latitude: Latitude [deg]
# name 12 = longitude: Longitude [deg]
# name 13 = sbox0dV/dT: Oxygen, SBE 43 [dov/dt]
# name 14 = sbox1dV/dT: Oxygen, SBE 43, 2 [dov/dt]
# name 15 = sbeox0ML/L: Oxygen, SBE 43 [ml/l], WS = 5
# name 16 = sbeox1ML/L: Oxygen, SBE 43, 2 [ml/l], WS = 5
# name 17 = potemp090C: Potential Temperature [ITS-90, deg C]
# name 18 = potemp190C: Potential Temperature, 2 [ITS-90, deg C]
# name 19 = sal00: Salinity, Practical [PSU]
# name 20 = sal11: Salinity, Practical, 2 [PSU]
# name 21 = sigma-é00: Density [sigma-theta, kg/m^3]
# name 22 = sigma-é11: Density, 2 [sigma-theta, kg/m^3]
# name 23 = avgsvCM: Average Sound Velocity [Chen-Millero, m/s], minP = 20, minS = 20
# name 24 = sbox0Mm/Kg: Oxygen, SBE 43 [umol/kg], WS = 5
# name 25 = sbox1Mm/Kg: Oxygen, SBE 43, 2 [umol/kg], WS = 5
# name 26 = nbin: number of scans per bin
# name 27 = flag: flag
# span 0 =      10661,      15061       
# span 1 =    444.148,    627.516       
# span 2 =      4.969,     42.729       
# span 3 =      5.000,     43.000       
# span 4 =    27.7831,    29.4954       
# span 5 =    27.8157,    29.4967       
# span 6 =   5.813337,   6.008924       
# span 7 =   5.817194,   6.009386       
# span 8 =     2.8163,     3.1525       
# span 9 =     2.3738,     2.6674       
# span 10 =       5.41,      42.18      
# span 11 =   21.45038,   21.48817      
# span 12 =  -91.72810,  -91.56734      
# span 13 =   -0.00122,    0.00180      
# span 14 =   -0.00135,    0.00204      
# span 15 =     3.8660,     4.3444      
# span 16 =     3.8581,     4.3273      
# span 17 =    27.7730,    29.4942      
# span 18 =    27.8056,    29.4955      
# span 19 =    36.5251,    36.5542      
# span 20 =    36.5271,    36.5556      
# span 21 =    23.0646,    23.6256      
# span 22 =    23.0651,    23.6164      
# span 23 =       0.00,    1548.89      
# span 24 =    168.679,    189.641      
# span 25 =    168.335,    188.896      
# span 26 =         33,         58      
# span 27 = 0.0000e+00, 0.0000e+00      
# interval = decibars: 1                
# start_time = Oct 10 2021 09:11:05 [NMEA time, header]
# bad_flag = -9.990e-29
*END*
      10661    444.148      4.969      5.000    29.4954    29.4967   6.008924   6.009252     3.1511     2.6629      42.18   21.45038  -91.56734    0.00010   -0.00055     4.3274     4.3038    29.4942    29.4955    36.5542    36.5554    23.0646    23.0651       0.00    188.907    187.875         56 0.0000e+00
      10719    446.593      5.963      6.000    29.4943    29.4961   6.008835   6.009228     3.1510     2.6663      41.27   21.45038  -91.56734   -0.00000    0.00130     4.3279     4.3112    29.4928    29.4946    36.5541    36.5555    23.0650    23.0654       0.00    188.929    188.197         52 0.0000e+00
      10771    448.765      6.957      7.000    29.4929    29.4946   6.008659   6.009096     3.1516     2.6666      40.38   21.45038  -91.56736    0.00027    0.00063     4.3297     4.3123    29.4912    29.4929    36.5541    36.5554    23.0656    23.0660       0.00    189.006    188.244         52 0.0000e+00
      10820    450.792      7.950      8.000    29.4926    29.4942   6.008738   6.009119     3.1499     2.6662      39.44   21.45038  -91.56736   -0.00028   -0.00014     4.3271     4.3122    29.4906    29.4922    36.5541    36.5556    23.0658    23.0663       0.00    188.890    188.241         46 0.0000e+00
      10865    452.665      8.944      9.000    29.4929    29.4962   6.008810   6.009386     3.1507     2.6645      38.53   21.45038  -91.56736   -0.00042   -0.00040     4.3288     4.3091    29.4907    29.4940    36.5535    36.5551    23.0653    23.0654       0.00    188.966    188.106         43 0.0000e+00
      10910    454.528      9.938     10.000    29.4917    29.4924   6.008594   6.008841     3.1504     2.6638      37.56   21.45038  -91.56736    0.00017   -0.00051     4.3292     4.3087    29.4893    29.4900    36.5532    36.5544    23.0655    23.0662       0.00    188.981    188.086         48 0.0000e+00
      10959    456.568     10.932     11.000    29.4747    29.4701   6.006193   6.005748     3.1497     2.6645      36.60   21.45038  -91.56736   -0.00016   -0.00040     4.3297     4.3121    29.4720    29.4674    36.5494    36.5498    23.0686    23.0704       0.00    189.005    188.234         49 0.0000e+00
      11007    458.596     11.925     12.000    29.4686    29.4700   6.005442   6.005763     3.1494     2.6645      35.57   21.45038  -91.56736   -0.00043    0.00072     4.3302     4.3127    29.4656    29.4670    36.5486    36.5498    23.0701    23.0705       0.00    189.025    188.263         48 0.0000e+00
      11055    460.588     12.919     13.000    29.4700    29.4727   6.005659   6.006206     3.1495     2.6636      34.67   21.45038  -91.56736    0.00002   -0.00064     4.3308     4.3111    29.4668    29.4695    36.5487    36.5504    23.0698    23.0702       0.00    189.052    188.194         48 0.0000e+00
      11106    462.727     13.913     14.000    29.4878    29.4835   6.008128   6.007718     3.1502     2.6631      33.67   21.45039  -91.56736    0.00015   -0.00031     4.3325     4.3097    29.4843    29.4800    36.5519    36.5524    23.0662    23.0681       0.00    189.127    188.132         53 0.0000e+00
      11155    464.739     14.907     15.000    29.4909    29.4912   6.008582   6.008849     3.1485     2.6674      32.79   21.45040  -91.56736    0.00001    0.00096     4.3283     4.3183    29.4872    29.4875    36.5528    36.5542    23.0660    23.0669       0.00    188.945    188.506         44 0.0000e+00
      11201    466.673     15.900     16.000    29.4413    29.4605   6.002117   6.004896     3.1497     2.6654      31.81   21.45040  -91.56736   -0.00034    0.00058     4.3350     4.3167    29.4374    29.4566    36.5434    36.5482    23.0758    23.0725       0.00    189.236    188.436         52 0.0000e+00
      11255    468.930     16.894     17.000    29.3937    29.3955   5.995502   5.995891     3.1525     2.6613      30.78   21.45040  -91.56736    0.00111   -0.00123     4.3444     4.3145    29.3895    29.3913    36.5358    36.5371    23.0863    23.0867       0.00    189.641    188.335         50 0.0000e+00
      11300    470.793     17.888     18.000    29.3945    29.3958   5.995877   5.996228     3.1519     2.6627      29.94   21.45040  -91.56736    0.00062   -0.00126     4.3436     4.3178    29.3901    29.3914    36.5374    36.5388    23.0873    23.0879       0.00    189.609    188.480         44 0.0000e+00
      11350    472.859     18.882     19.000    29.3896    29.3909   5.995413   5.995747     3.1515     2.6646      28.89   21.45040  -91.56738   -0.00024    0.00141     4.3439     4.3224    29.3850    29.3862    36.5376    36.5390    23.0892    23.0898       0.00    189.619    188.682         55 0.0000e+00
      11402    475.044     19.875     20.000    29.3865    29.3878   5.995089   5.995422     3.1496     2.6642      27.96   21.45042  -91.56738   -0.00058   -0.00118     4.3411     4.3223    29.3816    29.3828    36.5375    36.5388    23.0903    23.0908     748.91    189.500    188.676         48 0.0000e+00
      11448    476.938     20.869     21.000    29.3837    29.3850   5.994811   5.995138     3.1499     2.6664      27.04   21.45042  -91.56738   -0.00055    0.00116     4.3424     4.3273    29.3786    29.3798    36.5374    36.5387    23.0912    23.0918    1537.82    189.554    188.896         45 0.0000e+00
      11498    479.061     21.863     22.000    29.3842    29.3854   5.995082   5.995408     3.1474     2.6649      26.00   21.45042  -91.56738   -0.00042    0.00053     4.3385     4.3249    29.3788    29.3800    36.5386    36.5399    23.0921    23.0926    1546.27    189.383    188.792         56 0.0000e+00
      11550    481.196     22.856     23.000    29.3825    29.3839   5.994961   5.995314     3.1463     2.6628      25.08   21.45042  -91.56738   -0.00090   -0.00125     4.3372     4.3212    29.3769    29.3782    36.5387    36.5401    23.0928    23.0934    1546.27    189.325    188.630         45 0.0000e+00
      11595    483.100     23.850     24.000    29.3799    29.3811   5.994647   5.994975     3.1459     2.6633      24.18   21.45042  -91.56738   -0.00072   -0.00027     4.3372     4.3229    29.3740    29.3752    36.5383    36.5396    23.0934    23.0940    1546.28    189.327    188.704         51 0.0000e+00
      11649    485.316     24.844     25.000    29.3756    29.3769   5.994065   5.994409     3.1454     2.6626      23.18   21.45042  -91.56738    0.00028   -0.00024     4.3370     4.3225    29.3695    29.3708    36.5372    36.5386    23.0942    23.0948    1546.28    189.320    188.685         50 0.0000e+00
      11695    487.240     25.837     26.000    29.3715    29.3728   5.993566   5.993911     3.1443     2.6618      22.25   21.45042  -91.56738   -0.00072   -0.00044     4.3359     4.3217    29.3651    29.3664    36.5366    36.5380    23.0952    23.0958    1546.28    189.272    188.652         46 0.0000e+00
      11745    489.340     26.831     27.000    29.3717    29.3728   5.993743   5.994043     3.1451     2.6620      21.28   21.45043  -91.56738    0.00015    0.00023     4.3378     4.3227    29.3651    29.3662    36.5373    36.5386    23.0958    23.0963    1546.28    189.355    188.692         53 0.0000e+00
      11795    491.433     27.825     28.000    29.3728    29.3741   5.994062   5.994409     3.1435     2.6585      20.38   21.45044  -91.56738   -0.00019   -0.00093     4.3353     4.3159    29.3660    29.3673    36.5384    36.5398    23.0962    23.0969    1546.29    189.245    188.398         47 0.0000e+00
      11843    493.436     28.818     29.000    29.3726    29.3738   5.994083   5.994416     3.1439     2.6574      19.35   21.45044  -91.56738   -0.00049   -0.00135     4.3367     4.3144    29.3654    29.3667    36.5385    36.5398    23.0965    23.0971    1546.29    189.303    188.332         51 0.0000e+00
      11893    495.513     29.812     30.000    29.3718    29.3730   5.994040   5.994392     3.1408     2.6595      18.43   21.45044  -91.56738   -0.00040    0.00050     4.3316     4.3191    29.3644    29.3656    36.5384    36.5400    23.0968    23.0976    1546.29    189.083    188.535         47 0.0000e+00
      11941    497.518     30.806     31.000    29.3743    29.3754   5.994601   5.994897     3.1408     2.6559      17.45   21.45044  -91.56738   -0.00106   -0.00048     4.3320     4.3123    29.3667    29.3678    36.5401    36.5413    23.0973    23.0978    1546.30    189.098    188.238         52 0.0000e+00
      11994    499.725     31.799     32.000    29.3739    29.3751   5.994548   5.994877     3.1404     2.6591      16.49   21.45044  -91.56738    0.00038   -0.00011     4.3319     4.3192    29.3661    29.3673    36.5397    36.5411    23.0972    23.0978    1546.30    189.096    188.541         50 0.0000e+00
      12040    501.610     32.793     33.000    29.3735    29.3747   5.994614   5.994936     3.1387     2.6600      15.60   21.45044  -91.56738   -0.00092    0.00142     4.3294     4.3215    29.3654    29.3667    36.5402    36.5415    23.0978    23.0983    1546.31    188.985    188.640         43 0.0000e+00
      12089    503.674     33.787     34.000    29.3713    29.3727   5.994344   5.994699     3.1421     2.6547      14.55   21.45044  -91.56738    0.00070   -0.00101     4.3361     4.3116    29.3630    29.3644    36.5397    36.5411    23.0983    23.0988    1546.31    189.277    188.210         58 0.0000e+00
      12145    505.994     34.780     35.000    29.3681    29.3693   5.993906   5.994234     3.1402     2.6583      13.62   21.45044  -91.56739    0.00007   -0.00129     4.3335     4.3196    29.3595    29.3607    36.5388    36.5402    23.0988    23.0993    1546.32    189.163    188.558         47 0.0000e+00
      12186    507.695     35.774     36.000    29.3669    29.3681   5.993811   5.994133     3.1397     2.6559      12.78   21.45044  -91.56740   -0.00089    0.00204     4.3331     4.3153    29.3580    29.3593    36.5389    36.5401    23.0993    23.0998    1546.32    189.148    188.371         33 0.0000e+00
      12245    510.174     36.768     37.000    29.3670    29.3683   5.993931   5.994265     3.1386     2.6565      11.63   21.45045  -91.56740   -0.00039   -0.00060     4.3316     4.3171    29.3579    29.3592    36.5393    36.5406    23.0996    23.1002    1546.32    189.082    188.446         38 0.0000e+00
      12328    513.615     37.761     38.000    29.3626    29.3640   5.993403   5.993726     3.1374     2.6548      10.66   21.45046  -91.56740   -0.00122   -0.00020     4.3305     4.3146    29.3533    29.3547    36.5387    36.5398    23.1008    23.1011    1546.33    189.033    188.338         43 0.0000e+00
      12464    519.290     38.755     39.000    29.3577    29.3596   5.992921   5.993318     3.1384     2.6549       9.62   21.45046  -91.56740    0.00055    0.00033     4.3332     4.3155    29.3481    29.3501    36.5388    36.5401    23.1026    23.1029    1546.34    189.149    188.376         33 0.0000e+00
      15061    627.516     42.729     43.000    27.7831    27.8157   5.813337   5.817194     2.8163     2.3738       5.41   21.48817  -91.72810    0.00180    0.00156     3.8660     3.8581    27.7730    27.8056    36.5251    36.5271    23.6256    23.6164    1548.89    168.679    168.335         43 0.0000e+00
