Gulf of Mexico/GOMECC-4/1db/drb2103_0111.cnv
* Sea-Bird SBE 9 Data File:
* FileName = C:\Users\scs.user.rb\CTD\GOMECC4\data\rb2103_0111.hex
* Software Version Seasave V 7.26.7.107
* Temperature SN = 4799
* Conductivity SN = 3860
* Number of Bytes Per Scan = 41
* Number of Voltage Words = 4
* Number of Scans Averaged by the Deck Unit = 1
* NMEA Latitude = 26 26.63 N
* NMEA Longitude = 085 20.00 W
* NMEA UTC (Time) = Sep 18 2021  04:11:12
* NMEA baud rate = 4800
# nquan = 28
# nvalues = 498                         
# units = specified
# name 0 = scan: Scan Count
# name 1 = timeS: Time, Elapsed [seconds]
# name 2 = depSM: Depth [salt water, m]
# name 3 = prDM: Pressure, Digiquartz [db]
# name 4 = t090C: Temperature [ITS-90, deg C]
# name 5 = t190C: Temperature, 2 [ITS-90, deg C]
# name 6 = c0S/m: Conductivity [S/m]
# name 7 = c1S/m: Conductivity, 2 [S/m]
# name 8 = sbeox0V: Oxygen raw, SBE 43 [V]
# name 9 = sbeox1V: Oxygen raw, SBE 43, 2 [V]
# name 10 = altM: Altimeter [m]
# name 11 = latitude: Latitude [deg]
# name 12 = longitude: Longitude [deg]
# name 13 = sbox0dV/dT: Oxygen, SBE 43 [dov/dt]
# name 14 = sbox1dV/dT: Oxygen, SBE 43, 2 [dov/dt]
# name 15 = sbeox0ML/L: Oxygen, SBE 43 [ml/l], WS = 5
# name 16 = sbeox1ML/L: Oxygen, SBE 43, 2 [ml/l], WS = 5
# name 17 = potemp090C: Potential Temperature [ITS-90, deg C]
# name 18 = potemp190C: Potential Temperature, 2 [ITS-90, deg C]
# name 19 = sal00: Salinity, Practical [PSU]
# name 20 = sal11: Salinity, Practical, 2 [PSU]
# name 21 = sigma-é00: Density [sigma-theta, kg/m^3]
# name 22 = sigma-é11: Density, 2 [sigma-theta, kg/m^3]
# name 23 = avgsvCM: Average Sound Velocity [Chen-Millero, m/s], minP = 20, minS = 20
# name 24 = sbox0Mm/Kg: Oxygen, SBE 43 [umol/kg], WS = 5
# name 25 = sbox1Mm/Kg: Oxygen, SBE 43, 2 [umol/kg], WS = 5
# name 26 = nbin: number of scans per bin
# name 27 = flag: flag
# span 0 =      12224,     104386       
# span 1 =    509.303,   4349.385       
# span 2 =      5.961,   3268.666       
# span 3 =      6.000,   3316.000       
# span 4 =     4.2943,    29.2047       
# span 5 =     4.2952,    29.2062       
# span 6 =   3.348354,   5.844254       
# span 7 =   3.348300,   5.844774       
# span 8 =     1.6227,     3.2332       
# span 9 =     1.3297,     2.7636       
# span 10 =       9.80,     101.19      
# span 11 =   26.42918,   26.44482      
# span 12 =  -85.33610,  -85.28561      
# span 13 =   -0.03204,    0.00912      
# span 14 =   -0.03239,    0.01013      
# span 15 =     2.6091,     4.7476      
# span 16 =     2.6534,     4.7690      
# span 17 =     4.0798,    29.1972      
# span 18 =     4.0811,    29.1987      
# span 19 =    34.8948,    36.5405      
# span 20 =    34.8935,    36.5411      
# span 21 =    22.3280,    27.7591      
# span 22 =    22.3284,    27.7573      
# span 23 =       0.00,    1545.19      
# span 24 =    113.442,    207.113      
# span 25 =    115.371,    208.029      
# span 26 =         30,         69      
# span 27 = 0.0000e+00, 0.0000e+00      
# interval = decibars: 1                
# start_time = Sep 18 2021 04:11:12 [NMEA time, header]
# bad_flag = -9.990e-29
*END*
[from data line 104]
      17296    720.638    123.153    124.000    18.9008    18.9015   4.866036   4.866212     2.0973     1.7566     100.00   26.44387  -85.33304   -0.00020    0.00033     3.0292     3.0665    18.8786    18.8793    36.5142    36.5150    26.2103    26.2107    1534.95    131.828    133.453         32 0.0000e+00
      17350    722.883    125.139    126.000    18.8202    18.8219   4.856396   4.856599     2.0955     1.7553      99.98   26.43807  -85.31432   -0.00042   -0.00102     3.0313     3.0690    18.7977    18.7994    36.5005    36.5007    26.2199    26.2195    1534.41    131.917    133.557         31 0.0000e+00
      17390    724.558    126.131    127.000    18.7232    18.7230   4.845862   4.845686     2.0942     1.7542     100.00   26.44387  -85.33304   -0.00074   -0.00057     3.0350     3.0730    18.7006    18.7004    36.5015    36.5015    26.2461    26.2461    1534.66    132.077    133.731         42 0.0000e+00
      17430    726.207    127.124    128.000    18.6063    18.6085   4.833123   4.833428     2.0954     1.7568     100.00   26.44388  -85.33304   -0.00071   -0.00022     3.0450     3.0860    18.5836    18.5858    36.4946    36.4952    26.2706    26.2705    1534.54    132.507    134.291         34 0.0000e+00
      17485    728.504    129.110    130.000    18.5551    18.5556   4.826692   4.826814     2.1033     1.7640      99.98   26.43947  -85.31880    0.00280    0.00330     3.0665     3.1074    18.5321    18.5326    36.4827    36.4833    26.2740    26.2744    1534.08    133.441    135.225         31 0.0000e+00
      17524    730.104    130.102    131.000    18.5461    18.5472   4.826213   4.826415     2.1051     1.7644      82.17   26.44388  -85.33304    0.00260    0.00185     3.0715     3.1094    18.5229    18.5240    36.4883    36.4890    26.2811    26.2814    1534.24    133.659    135.308         41 0.0000e+00
      17563    731.743    131.096    132.000    18.5395    18.5403   4.825541   4.825716     2.1061     1.7666      83.96   26.44388  -85.33304    0.00100    0.00044     3.0745     3.1155    18.5161    18.5170    36.4880    36.4888    26.2827    26.2830    1534.13    133.792    135.577         34 0.0000e+00
      17620    734.132    133.081    134.000    18.5221    18.5227   4.823417   4.823578     2.1084     1.7692      99.98   26.43961  -85.31927    0.00079    0.00115     3.0814     3.1236    18.4985    18.4990    36.4827    36.4835    26.2825    26.2830    1533.69    134.091    135.926         31 0.0000e+00
      17658    735.717    134.074    135.000    18.5137    18.5149   4.822850   4.823045     2.1108     1.7721     100.00   26.44388  -85.33304    0.00129    0.00151     3.0878     3.1316    18.4898    18.4911    36.4869    36.4874    26.2884    26.2885    1533.84    134.368    136.275         40 0.0000e+00
      17695    737.247    135.067    136.000    18.4831    18.4839   4.819138   4.819251     2.1104     1.7698     100.00   26.44388  -85.33304    0.00106    0.00090     3.0903     3.1312    18.4592    18.4600    36.4822    36.4824    26.2926    26.2926    1533.80    134.475    136.258         32 0.0000e+00
      17726    738.552    136.060    137.000    18.3595    18.3606   4.804323   4.804426     2.1066     1.7653     100.00   26.44388  -85.33304   -0.00046   -0.00121     3.0882     3.1240    18.3355    18.3365    36.4652    36.4651    26.3108    26.3105    1533.67    134.383    135.941         32 0.0000e+00
      17762    740.021    137.053    138.000    18.3302    18.3311   4.800777   4.800925     2.0985     1.7575     100.00   26.44388  -85.33304   -0.00310   -0.00367     3.0734     3.1088    18.3060    18.3069    36.4606    36.4611    26.3148    26.3148    1533.56    133.739    135.279         37 0.0000e+00
      17795    741.431    138.045    139.000    18.3066    18.3076   4.797947   4.798100     2.0927     1.7526     100.00   26.44388  -85.33304   -0.00482   -0.00459     3.0625     3.0985    18.2822    18.2832    36.4571    36.4575    26.3180    26.3181    1533.46    133.264    134.830         31 0.0000e+00
      17853    743.836    140.031    141.000    18.1026    18.1045   4.773597   4.773819     2.0819     1.7412      99.99   26.44026  -85.32135   -0.00373   -0.00372     3.0523     3.0840    18.0781    18.0800    36.4279    36.4282    26.3464    26.3461    1533.07    132.816    134.196         34 0.0000e+00
      17894    745.543    141.024    142.000    18.0855    18.0873   4.772077   4.772336     2.0715     1.7312     100.00   26.44388  -85.33304   -0.00537   -0.00551     3.0304     3.0608    18.0608    18.0626    36.4314    36.4320    26.3538    26.3537    1533.19    131.864    133.187         43 0.0000e+00
      17934    747.193    142.016    143.000    18.0667    18.0677   4.770142   4.770289     2.0665     1.7299     100.00   26.44388  -85.33304   -0.00565   -0.00480     3.0207     3.0592    18.0419    18.0428    36.4312    36.4316    26.3583    26.3583    1533.09    131.439    133.115         33 0.0000e+00
      18022    750.872    144.995    146.000    17.8882    17.8964   4.748627   4.749605     2.0541     1.7174      99.98   26.43864  -85.31613   -0.00310   -0.00340     3.0044     3.0400    17.8631    17.8712    36.4023    36.4030    26.3801    26.3785    1532.51    130.727    132.278         42 0.0000e+00
      18066    752.728    145.988    147.000    17.8311    17.8318   4.742705   4.742836     2.0592     1.7271     100.00   26.44388  -85.33304   -0.00343   -0.00294     3.0208     3.0684    17.8059    17.8065    36.4040    36.4045    26.3960    26.3963    1532.72    131.441    133.509         37 0.0000e+00
      18160    756.620    148.966    150.000    17.7790    17.7804   4.736645   4.736854     2.0748     1.7391     100.00   26.44297  -85.33009    0.00418    0.00312     3.0607     3.1024    17.7533    17.7546    36.3967    36.3973    26.4034    26.4034    1532.40    133.175    134.987         42 0.0000e+00
      18198    758.229    149.958    151.000    17.7648    17.7646   4.735085   4.735111     2.0735     1.7367     100.00   26.44388  -85.33304    0.00100   -0.00007     3.0590     3.0977    17.7389    17.7387    36.3959    36.3963    26.4064    26.4067    1532.36    133.099    134.785         32 0.0000e+00
      18228    759.476    150.951    152.000    17.7241    17.7275   4.730424   4.730788     2.0730     1.7366      61.78   26.44388  -85.33304   -0.00049   -0.00099     3.0608     3.1001    17.6981    17.7015    36.3917    36.3918    26.4133    26.4125    1532.28    133.177    134.889         30 0.0000e+00
      18260    760.782    151.944    153.000    17.6509    17.6532   4.721787   4.722085     2.0745     1.7399      85.58   26.44388  -85.33304   -0.00030    0.00001     3.0694     3.1133    17.6247    17.6271    36.3822    36.3827    26.4240    26.4238    1532.19    133.551    135.462         33 0.0000e+00
      18294    762.224    152.936    154.000    17.6014    17.6038   4.715523   4.715805     2.0737     1.7382      99.95   26.44388  -85.33304    0.00046    0.00107     3.0714     3.1128    17.5751    17.5775    36.3720    36.3723    26.4283    26.4279    1532.10    133.639    135.438         36 0.0000e+00
      18331    763.761    153.929    155.000    17.5653    17.5668   4.710891   4.711087     2.0648     1.7278     100.00   26.44388  -85.33304   -0.00164   -0.00209     3.0540     3.0898    17.5389    17.5404    36.3638    36.3642    26.4309    26.4308    1532.01    132.881    134.438         38 0.0000e+00
      18367    765.271    154.922    156.000    17.5374    17.5359   4.707224   4.707044     2.0519     1.7147     100.00   26.44388  -85.33304   -0.00593   -0.00666     3.0269     3.0594    17.5109    17.5094    36.3566    36.3564    26.4322    26.4324    1531.92    131.701    133.114         32 0.0000e+00
      18425    767.650    156.908    158.000    17.4363    17.4385   4.694557   4.694786     2.0288     1.6925      99.99   26.44113  -85.32418   -0.00914   -0.00889     2.9817     3.0111    17.4095    17.4117    36.3356    36.3354    26.4406    26.4399    1531.59    129.734    131.011         30 0.0000e+00
      18461    769.173    157.900    159.000    17.3717    17.3726   4.686892   4.686980     2.0151     1.6797     100.00   26.44388  -85.33304   -0.00935   -0.00897     2.9550     2.9836    17.3449    17.3458    36.3274    36.3274    26.4503    26.4501    1531.66    128.572    129.812         40 0.0000e+00
      18501    770.828    158.893    160.000    17.3283    17.3292   4.681620   4.681758     2.0002     1.6661     100.00   26.44388  -85.33304   -0.00943   -0.00881     2.9241     2.9525    17.3013    17.3022    36.3202    36.3206    26.4553    26.4554    1531.58    127.225    128.459         37 0.0000e+00
      18534    772.209    159.886    161.000    17.3202    17.3215   4.680646   4.680826     1.9911     1.6592     100.00   26.44388  -85.33304   -0.00865   -0.00760     2.9041     2.9360    17.2930    17.2943    36.3186    36.3190    26.4561    26.4561    1531.49    126.355    127.745         30 0.0000e+00
      18591    774.594    161.871    163.000    17.2729    17.2776   4.674541   4.674831     1.9805     1.6509      99.98   26.43927  -85.31815   -0.00496   -0.00383     2.8881     2.9220    17.2455    17.2502    36.3053    36.3048    26.4569    26.4554    1531.10    125.659    127.131         34 0.0000e+00
      18632    776.291    162.863    164.000    17.1323    17.1333   4.658289   4.658525     1.9757     1.6464     100.00   26.44388  -85.33304   -0.00371   -0.00310     2.8808     2.9154    17.1049    17.1058    36.2912    36.2910    26.4805    26.4802    1531.25    125.339    126.845         41 0.0000e+00
      18671    777.910    163.856    165.000    17.1129    17.1136   4.655953   4.656054     1.9717     1.6428      99.99   26.44389  -85.33303   -0.00305   -0.00278     2.8744     2.9090    17.0853    17.0860    36.2879    36.2882    26.4827    26.4828    1531.16    125.058    126.562         34 0.0000e+00
      18758    781.551    166.834    168.000    16.7671    16.7684   4.614588   4.614574     1.9589     1.6318      99.98   26.43856  -85.31582   -0.00296   -0.00252     2.8676     2.9031    16.7394    16.7407    36.2332    36.2320    26.5229    26.5216    1530.59    124.757    126.302         39 0.0000e+00
      18802    783.372    167.827    169.000    16.6557    16.6551   4.601867   4.601764     1.9498     1.6236      93.36   26.44390  -85.33302   -0.00522   -0.00444     2.8537     2.8895    16.6280    16.6274    36.2235    36.2232    26.5424    26.5423    1530.82    124.152    125.708         38 0.0000e+00
      18835    784.764    168.820    170.000    16.6110    16.6119   4.596467   4.596506     1.9438     1.6178      96.65   26.44390  -85.33302   -0.00541   -0.00498     2.8430     2.8776    16.5832    16.5840    36.2159    36.2154    26.5471    26.5466    1530.73    123.687    125.191         30 0.0000e+00
      18864    785.971    169.812    171.000    16.5005    16.5012   4.583443   4.583390     1.9393     1.6138      99.98   26.44390  -85.33302   -0.00454   -0.00423     2.8396     2.8746    16.4726    16.4733    36.2002    36.1992    26.5612    26.5602    1530.64    123.537    125.060         30 0.0000e+00
      18895    787.261    170.805    172.000    16.4272    16.4279   4.574803   4.574879     1.9345     1.6083     100.00   26.44390  -85.33302   -0.00401   -0.00383     2.8334     2.8654    16.3993    16.3999    36.1897    36.1898    26.5703    26.5702    1530.55    123.265    124.656         33 0.0000e+00
      18931    788.742    171.798    173.000    16.4051    16.4057   4.572231   4.572298     1.9305     1.6063      72.15   26.44390  -85.33302   -0.00346   -0.00328     2.8260     2.8618    16.3770    16.3776    36.1866    36.1866    26.5731    26.5730    1530.46    122.940    124.500         38 0.0000e+00
      18969    790.351    172.791    174.000    16.3658    16.3669   4.567635   4.567736     1.9273     1.6039     100.31   26.44390  -85.33302   -0.00252   -0.00174     2.8213     2.8584    16.3376    16.3387    36.1810    36.1809    26.5780    26.5777    1530.37    122.736    124.350         37 0.0000e+00
      19058    794.058    175.768    177.000    16.1457    16.1457   4.541188   4.540950     1.9178     1.5960      81.34   26.44028  -85.32135   -0.00237   -0.00204     2.8139     2.8527    16.1173    16.1172    36.1428    36.1407    26.5996    26.5980    1529.90    122.414    124.098         35 0.0000e+00
      19101    795.824    176.761    178.000    16.0184    16.0196   4.526610   4.526754     1.9131     1.5923      84.07   26.44390  -85.33302   -0.00268   -0.00193     2.8111     2.8509    15.9900    15.9912    36.1295    36.1296    26.6191    26.6190    1530.02    122.289    124.020         43 0.0000e+00
      19138    797.391    177.753    179.000    16.0014    16.0024   4.524633   4.524760     1.9112     1.5897     100.38   26.44390  -85.33302   -0.00242   -0.00216     2.8078     2.8458    15.9728    15.9738    36.1268    36.1270    26.6211    26.6210    1529.93    122.146    123.796         32 0.0000e+00
      19194    799.728    179.738    181.000    15.9597    15.9604   4.519427   4.519508     1.9066     1.5872      99.98   26.43972  -85.31952   -0.00152   -0.00118     2.8005     2.8425    15.9308    15.9316    36.1158    36.1158    26.6219    26.6217    1529.50    121.826    123.652         32 0.0000e+00
      19233    801.321    180.731    182.000    15.9311    15.9326   4.516516   4.516675     1.9054     1.5863     100.00   26.44390  -85.33302   -0.00156   -0.00089     2.7996     2.8423    15.9022    15.9036    36.1169    36.1170    26.6297    26.6295    1529.66    121.787    123.644         38 0.0000e+00
      19268    802.794    181.724    183.000    15.9010    15.9024   4.513018   4.513183     1.9030     1.5843     100.00   26.44390  -85.33302   -0.00130   -0.00086     2.7963     2.8391    15.8719    15.8733    36.1127    36.1129    26.6334    26.6332    1529.57    121.645    123.505         31 0.0000e+00
      19298    804.037    182.716    184.000    15.8546    15.8571   4.507565   4.507807     1.9014     1.5815     100.00   26.44390  -85.33302   -0.00139   -0.00139     2.7959     2.8351    15.8254    15.8280    36.1053    36.1055    26.6384    26.6379    1529.49    121.625    123.330         31 0.0000e+00
      19333    805.508    183.709    185.000    15.7780    15.7796   4.498509   4.498641     1.8988     1.5785     100.00   26.44390  -85.33302   -0.00155   -0.00199     2.7947     2.8324    15.7487    15.7504    36.0937    36.0935    26.6471    26.6465    1529.40    121.570    123.212         40 0.0000e+00
      19372    807.121    184.701    186.000    15.7021    15.7026   4.489499   4.489497     1.8954     1.5758     100.00   26.44390  -85.33302   -0.00176   -0.00199     2.7918     2.8303    15.6728    15.6733    36.0816    36.0811    26.6550    26.6545    1529.31    121.445    123.119         35 0.0000e+00
      19427    809.436    186.686    188.000    15.5833    15.5847   4.475249   4.475359     1.8903     1.5715      99.99   26.44111  -85.32403   -0.00214   -0.00166     2.7881     2.8274    15.5538    15.5552    36.0603    36.0600    26.6655    26.6649    1528.97    121.284    122.990         30 0.0000e+00
      19464    810.953    187.679    189.000    15.5461    15.5475   4.471102   4.471260     1.8881     1.5685     100.00   26.44390  -85.33302   -0.00191   -0.00184     2.7853     2.8219    15.5165    15.5179    36.0570    36.0572    26.6716    26.6714    1529.05    121.160    122.754         41 0.0000e+00
      19507    812.752    188.672    190.000    15.5101    15.5107   4.466966   4.466950     1.8852     1.5664     100.00   26.44390  -85.33302   -0.00168   -0.00185     2.7809     2.8189    15.4804    15.4811    36.0516    36.0514    26.6755    26.6753    1528.96    120.968    122.623         40 0.0000e+00
