Gulf of Mexico/GOMECC-4/1db/drb2103_0371.cnv
* Sea-Bird SBE 9 Data File:
* FileName = C:\Users\scs.user.rb\CTD\GOMECC4\data\rb2103_0371.hex
* Software Version Seasave V 7.26.7.107
* Temperature SN = 4799
* Conductivity SN = 3860
* Number of Bytes Per Scan = 41
* Number of Voltage Words = 4
* Number of Scans Averaged by the Deck Unit = 1
* NMEA Latitude = 27 00.07 N
* NMEA Longitude = 089 59.96 W
* NMEA UTC (Time) = Sep 25 2021  07:16:47
* NMEA baud rate = 4800
# nquan = 28
# nvalues = 758                         
# units = specified
# name 0 = scan: Scan Count
# name 1 = timeS: Time, Elapsed [seconds]
# name 2 = depSM: Depth [salt water, m]
# name 3 = prDM: Pressure, Digiquartz [db]
# name 4 = t090C: Temperature [ITS-90, deg C]
# name 5 = t190C: Temperature, 2 [ITS-90, deg C]
# name 6 = c0S/m: Conductivity [S/m]
# name 7 = c1S/m: Conductivity, 2 [S/m]
# name 8 = sbeox0V: Oxygen raw, SBE 43 [V]
# name 9 = sbeox1V: Oxygen raw, SBE 43, 2 [V]
# name 10 = altM: Altimeter [m]
# name 11 = latitude: Latitude [deg]
# name 12 = longitude: Longitude [deg]
# name 13 = sbox0dV/dT: Oxygen, SBE 43 [dov/dt]
# name 14 = sbox1dV/dT: Oxygen, SBE 43, 2 [dov/dt]
# name 15 = sbeox0ML/L: Oxygen, SBE 43 [ml/l], WS = 5
# name 16 = sbeox1ML/L: Oxygen, SBE 43, 2 [ml/l], WS = 5
# name 17 = potemp090C: Potential Temperature [ITS-90, deg C]
# name 18 = potemp190C: Potential Temperature, 2 [ITS-90, deg C]
# name 19 = sal00: Salinity, Practical [PSU]
# name 20 = sal11: Salinity, Practical, 2 [PSU]
# name 21 = sigma-é00: Density [sigma-theta, kg/m^3]
# name 22 = sigma-é11: Density, 2 [sigma-theta, kg/m^3]
# name 23 = avgsvCM: Average Sound Velocity [Chen-Millero, m/s], minP = 20, minS = 20
# name 24 = sbox0Mm/Kg: Oxygen, SBE 43 [umol/kg], WS = 5
# name 25 = sbox1Mm/Kg: Oxygen, SBE 43, 2 [umol/kg], WS = 5
# name 26 = nbin: number of scans per bin
# name 27 = flag: flag
# span 0 =      23122,      91907       
# span 1 =    963.363,   3829.405       
# span 2 =      5.960,   2375.564       
# span 3 =      6.000,   2405.000       
# span 4 =     4.2722,    29.0265       
# span 5 =     4.2727,    29.0277       
# span 6 =   3.350044,   5.899904       
# span 7 =   3.349953,   5.900211       
# span 8 =     1.5944,     3.1302       
# span 9 =     1.3015,     2.6630       
# span 10 =      11.28,     102.50      
# span 11 =   26.97934,   27.02738      
# span 12 =  -90.07055,  -89.90965      
# span 13 =   -0.01965,    0.01684      
# span 14 =   -0.02024,    0.01974      
# span 15 =     2.6006,     4.7243      
# span 16 =     2.6289,     4.7616      
# span 17 =     4.0826,    29.0190      
# span 18 =     4.0833,    29.0202      
# span 19 =    34.8997,    36.8755      
# span 20 =    34.8990,    36.8767      
# span 21 =    22.9030,    27.7574      
# span 22 =    22.9032,    27.7559      
# span 23 =       0.00,    1546.32      
# span 24 =    113.126,    205.289      
# span 25 =    114.358,    206.909      
# span 26 =         30,         66      
# span 27 = 0.0000e+00, 0.0000e+00      
# interval = decibars: 1                
# start_time = Sep 25 2021 07:16:47 [NMEA time, header]
# bad_flag = -9.990e-29
*END*
[from data line 259]
      44258   1844.031    725.904    732.000     7.3437     7.3441   3.586664   3.586630     1.6115     1.3183     100.00   27.01137  -89.99510    0.00067    0.00062     2.7892     2.8271     7.2707     7.2711    34.9314    34.9305    27.3266    27.3259    1513.95    121.253    122.901         32 0.0000e+00
      44360   1848.274    729.864    736.000     7.2861     7.2859   3.581172   3.581075     1.6127     1.3187     100.00   27.01113  -89.99425    0.00034    0.00005     2.7986     2.8342     7.2130     7.2128    34.9275    34.9267    27.3318    27.3312    1513.81    121.661    123.209         31 0.0000e+00
      44391   1849.572    730.853    737.000     7.2676     7.2677   3.579442   3.579391     1.6131     1.3194     100.00   27.01140  -89.99509    0.00021    0.00009     2.8018     2.8381     7.1945     7.1946    34.9268    34.9262    27.3339    27.3334    1513.80    121.798    123.379         31 0.0000e+00
      44520   1854.975    735.803    742.000     7.2010     7.2012   3.573210   3.573158     1.6169     1.3224     100.00   27.01077  -89.99285    0.00076    0.00041     2.8204     2.8551     7.1278     7.1279    34.9238    34.9231    27.3409    27.3403    1513.61    122.606    124.117         32 0.0000e+00
      44555   1856.414    736.793    743.000     7.1896     7.1897   3.572219   3.572158     1.6176     1.3238     100.00   27.01145  -89.99507    0.00034    0.00037     2.8237     2.8614     7.1163     7.1163    34.9237    34.9229    27.3424    27.3418    1513.62    122.748    124.388         34 0.0000e+00
      44650   1860.369    740.752    747.000     7.1536     7.1541   3.568773   3.568754     1.6203     1.3262      99.99   27.00928  -89.98773    0.00071    0.00062     2.8366     2.8736     7.0800     7.0805    34.9201    34.9194    27.3446    27.3440    1513.37    123.311    124.920         32 0.0000e+00
      44692   1862.141    741.742    748.000     7.1523     7.1527   3.568935   3.568907     1.6213     1.3269     100.00   27.01149  -89.99506    0.00072    0.00043     2.8402     2.8763     7.0787     7.0791    34.9230    34.9222    27.3471    27.3465    1513.47    123.465    125.035         41 0.0000e+00
      44786   1866.055    745.702    752.000     7.1210     7.1213   3.565805   3.565768     1.6216     1.3271      99.99   27.00869  -89.98564    0.00010    0.00011     2.8452     2.8812     7.0471     7.0475    34.9180    34.9173    27.3476    27.3469    1513.18    123.686    125.249         37 0.0000e+00
      44831   1867.935    746.692    753.000     7.1137     7.1137   3.565419   3.565350     1.6224     1.3276     100.00   27.01153  -89.99504    0.00018    0.00007     2.8483     2.8836     7.0398     7.0398    34.9210    34.9202    27.3511    27.3504    1513.32    123.819    125.352         37 0.0000e+00
      44925   1871.842    750.651    757.000     7.0898     7.0902   3.563131   3.563096     1.6242     1.3297      95.25   27.00989  -89.98945    0.00052    0.00049     2.8576     2.8943     7.0156     7.0160    34.9183    34.9176    27.3522    27.3517    1513.11    124.222    125.820         39 0.0000e+00
      44965   1873.497    751.641    758.000     7.0894     7.0899   3.563323   3.563302     1.6251     1.3306      99.20   27.01157  -89.99502    0.00056    0.00058     2.8606     2.8977     7.0151     7.0156    34.9202    34.9194    27.3538    27.3532    1513.17    124.352    125.964         31 0.0000e+00
      45064   1877.613    755.600    762.000     7.0399     7.0393   3.558542   3.558425     1.6257     1.3305     100.00   27.01082  -89.99245    0.00008   -0.00017     2.8678     2.9027     6.9655     6.9649    34.9157    34.9151    27.3572    27.3568    1513.01    124.665    126.184         33 0.0000e+00
      45099   1879.085    756.590    763.000     7.0382     7.0392   3.558503   3.558526     1.6268     1.3320     100.00   27.01160  -89.99502    0.00036    0.00020     2.8717     2.9080     6.9637     6.9647    34.9167    34.9159    27.3582    27.3575    1513.03    124.836    126.412         33 0.0000e+00
      45230   1884.532    761.539    768.000     7.0324     7.0326   3.558117   3.558078     1.6297     1.3346     100.00   27.01120  -89.99353    0.00039    0.00039     2.8832     2.9194     6.9574     6.9577    34.9162    34.9152    27.3587    27.3579    1512.86    125.333    126.909         30 0.0000e+00
      45479   1894.904    770.446    777.000     6.9864     6.9868   3.554257   3.554234     1.6313     1.3367     100.00   27.01182  -89.99537    0.00036    0.00056     2.8953     2.9336     6.9107     6.9112    34.9157    34.9150    27.3648    27.3642    1512.64    125.862    127.527         30 0.0000e+00
      45586   1899.390    774.405    781.000     6.9653     6.9657   3.552575   3.552538     1.6315     1.3368     100.00   27.01194  -89.99568    0.00002   -0.00001     2.8991     2.9369     6.8894     6.8898    34.9166    34.9158    27.3685    27.3678    1512.53    126.023    127.669         33 0.0000e+00
      45618   1900.727    775.395    782.000     6.9600     6.9601   3.552108   3.552060     1.6316     1.3366      98.20   27.01174  -89.99496   -0.00004   -0.00001     2.9001     2.9373     6.8840     6.8841    34.9163    34.9156    27.3690    27.3684    1512.49    126.070    127.684         30 0.0000e+00
      45722   1905.050    779.353    786.000     6.9312     6.9314   3.549544   3.549488     1.6313     1.3364      99.96   27.01129  -89.99339   -0.00009    0.00011     2.9029     2.9402     6.8550     6.8551    34.9155    34.9146    27.3723    27.3716    1512.36    126.191    127.812         31 0.0000e+00
      45755   1906.407    780.343    787.000     6.9219     6.9223   3.548746   3.548719     1.6314     1.3369     100.00   27.01178  -89.99494   -0.00000    0.00018     2.9042     2.9429     6.8456     6.8460    34.9155    34.9148    27.3736    27.3730    1512.36    126.245    127.930         32 0.0000e+00
      45855   1910.595    784.302    791.000     6.8691     6.8694   3.543639   3.543591     1.6327     1.3388      65.59   27.01019  -89.98958    0.00033    0.00035     2.9143     2.9552     6.7927     6.7930    34.9105    34.9098    27.3769    27.3763    1512.16    126.685    128.463         31 0.0000e+00
      45894   1912.190    785.291    792.000     6.8619     6.8621   3.543156   3.543109     1.6343     1.3405     101.06   27.01182  -89.99492    0.00064    0.00088     2.9200     2.9621     6.7855     6.7857    34.9123    34.9115    27.3793    27.3787    1512.22    126.934    128.761         38 0.0000e+00
      45993   1916.320    789.250    796.000     6.8139     6.8143   3.538464   3.538424     1.6383     1.3433      99.99   27.01018  -89.98940    0.00091    0.00065     2.9383     2.9770     6.7373     6.7377    34.9071    34.9062    27.3818    27.3810    1512.02    127.728    129.411         34 0.0000e+00
      46029   1917.852    790.240    797.000     6.8078     6.8077   3.538044   3.537969     1.6401     1.3451     100.00   27.01184  -89.99492    0.00106    0.00095     2.9449     2.9844     6.7312     6.7311    34.9083    34.9076    27.3837    27.3831    1512.08    128.012    129.729         32 0.0000e+00
      46132   1922.123    794.198    801.000     6.7376     6.7377   3.531382   3.531332     1.6462     1.3522     100.00   27.01155  -89.99383    0.00145    0.00171     2.9717     3.0163     6.6610     6.6611    34.9040    34.9033    27.3898    27.3892    1511.96    129.179    131.115         30 0.0000e+00
      46218   1925.702    797.167    804.000     6.6918     6.6920   3.527272   3.527159     1.6525     1.3578     100.00   27.01208  -89.99558    0.00184    0.00159     2.9970     3.0405     6.6152     6.6154    34.9029    34.9020    27.3951    27.3943    1511.91    130.278    132.170         30 0.0000e+00
      46318   1929.868    801.125    808.000     6.6681     6.6685   3.524960   3.524929     1.6590     1.3637      99.99   27.01007  -89.98875    0.00160    0.00150     3.0213     3.0648     6.5912     6.5916    34.8999    34.8992    27.3959    27.3953    1511.69    131.335    133.222         37 0.0000e+00
      46358   1931.531    802.115    809.000     6.6663     6.6666   3.525054   3.524996     1.6607     1.3649     100.00   27.01192  -89.99490    0.00138    0.00105     3.0272     3.0691     6.5893     6.5896    34.9025    34.9015    27.3982    27.3975    1511.76    131.590    133.410         33 0.0000e+00
      46452   1935.460    806.073    813.000     6.6379     6.6375   3.522398   3.522295     1.6629     1.3660      99.99   27.00964  -89.98721    0.00060    0.00024     3.0381     3.0770     6.5607     6.5603    34.8997    34.8990    27.3998    27.3994    1511.53    132.063    133.753         37 0.0000e+00
      46495   1937.270    807.063    814.000     6.6238     6.6238   3.521517   3.521449     1.6635     1.3665     100.00   27.01196  -89.99488    0.00036    0.00043     3.0413     3.0802     6.5466     6.5466    34.9042    34.9034    27.4054    27.4047    1511.63    132.203    133.892         35 0.0000e+00
      46593   1941.330    811.021    818.000     6.6144     6.6149   3.520810   3.520784     1.6650     1.3675     100.00   27.01106  -89.99179    0.00044    0.00020     3.0487     3.0860     6.5368     6.5373    34.9038    34.9030    27.4063    27.4056    1511.47    132.525    134.145         44 0.0000e+00
      46698   1945.703    814.979    822.000     6.5779     6.5780   3.517523   3.517468     1.6649     1.3678      99.99   27.01019  -89.98881   -0.00007    0.00002     3.0530     3.0917     6.5002     6.5003    34.9023    34.9016    27.4100    27.4095    1511.32    132.709    134.391         33 0.0000e+00
      46738   1947.375    815.968    823.000     6.5709     6.5715   3.517109   3.517095     1.6659     1.3689     100.00   27.01202  -89.99484    0.00031    0.00036     3.0570     3.0965     6.4931     6.4937    34.9046    34.9038    27.4128    27.4121    1511.40    132.882    134.598         36 0.0000e+00
      46836   1951.462    819.926    827.000     6.5414     6.5412   3.514386   3.514301     1.6683     1.3710      99.99   27.00979  -89.98734    0.00057    0.00051     3.0689     3.1079     6.4634     6.4632    34.9022    34.9014    27.4148    27.4143    1511.17    133.402    135.096         45 0.0000e+00
      46976   1957.291    824.874    832.000     6.5143     6.5144   3.512361   3.512310     1.6703     1.3730      88.07   27.01205  -89.99475    0.00041    0.00031     3.0795     3.1191     6.4359     6.4361    34.9051    34.9044    27.4209    27.4203    1511.17    133.858    135.582         49 0.0000e+00
      47077   1961.513    828.831    836.000     6.4350     6.4346   3.504896   3.504793     1.6721     1.3753      99.99   27.00969  -89.98680    0.00036    0.00054     3.0938     3.1353     6.3567     6.3563    34.9007    34.8999    27.4278    27.4272    1510.93    134.478    136.283         36 0.0000e+00
      47120   1963.283    829.821    837.000     6.4211     6.4210   3.503948   3.503871     1.6750     1.3795     100.00   27.01212  -89.99482    0.00091    0.00149     3.1047     3.1520     6.3428     6.3427    34.9040    34.9033    27.4323    27.4318    1511.04    134.953    137.011         35 0.0000e+00
      47214   1967.197    833.778    841.000     6.3664     6.3671   3.499159   3.499128     1.6804     1.3842     100.00   27.01112  -89.99142    0.00138    0.00120     3.1289     3.1748     6.2881     6.2888    34.9035    34.9027    27.4391    27.4384    1510.88    136.004    138.000         32 0.0000e+00
      47250   1968.723    834.768    842.000     6.3647     6.3652   3.499072   3.499050     1.6822     1.3852     100.00   27.01215  -89.99480    0.00125    0.00097     3.1350     3.1787     6.2862     6.2867    34.9048    34.9040    27.4404    27.4397    1510.91    136.271    138.170         35 0.0000e+00
      47353   1972.995    838.726    846.000     6.3593     6.3596   3.498746   3.498705     1.6854     1.3872     100.00   27.01182  -89.99360    0.00066    0.00046     3.1476     3.1879     6.2805     6.2808    34.9046    34.9039    27.4410    27.4404    1510.79    136.816    138.568         30 0.0000e+00
      47385   1974.315    839.715    847.000     6.3572     6.3576   3.498644   3.498600     1.6859     1.3881     100.00   27.01218  -89.99478    0.00049    0.00051     3.1496     3.1916     6.2783     6.2787    34.9052    34.9043    27.4418    27.4410    1510.79    136.904    138.731         32 0.0000e+00
      47548   1981.108    845.652    853.000     6.3463     6.3467   3.497891   3.497859     1.6873     1.3885      94.73   27.01201  -89.99400    0.00012    0.00004     3.1577     3.1965     6.2669     6.2673    34.9050    34.9042    27.4431    27.4424    1510.63    137.257    138.941         31 0.0000e+00
      47681   1986.649    850.598    858.000     6.2939     6.2937   3.493279   3.493193     1.6880     1.3894      74.99   27.01175  -89.99303    0.00013    0.00016     3.1663     3.2063     6.2144     6.2142    34.9045    34.9037    27.4495    27.4490    1510.49    137.627    139.369         34 0.0000e+00
      47717   1988.179    851.587    859.000     6.2735     6.2739   3.492185   3.491958     1.6889     1.3909     100.94   27.01228  -89.99476    0.00025    0.00060     3.1721     3.2141     6.1939     6.1944    34.9058    34.9048    27.4532    27.4524    1510.49    137.882    139.706         35 0.0000e+00
      47819   1992.417    855.545    863.000     6.2515     6.2519   3.489776   3.489701     1.6922     1.3938      62.50   27.01118  -89.99101    0.00081    0.00069     3.1862     3.2280     6.1717     6.1721    34.9047    34.9039    27.4552    27.4545    1510.33    138.493    140.309         37 0.0000e+00
      47856   1993.946    856.534    864.000     6.2483     6.2489   3.489517   3.489494     1.6927     1.3942     101.36   27.01231  -89.99474    0.00055    0.00050     3.1880     3.2297     6.1685     6.1690    34.9062    34.9053    27.4569    27.4561    1510.37    138.573    140.383         30 0.0000e+00
      47928   1996.949    859.502    867.000     6.2272     6.2273   3.487642   3.487580     1.6935     1.3945     100.00   27.01137  -89.99152    0.00033    0.00007     3.1938     3.2337     6.1472     6.1473    34.9055    34.9047    27.4591    27.4585    1510.25    138.825    140.557         30 0.0000e+00
      47964   1998.467    860.491    868.000     6.2192     6.2193   3.487064   3.487004     1.6941     1.3953     100.00   27.01235  -89.99474    0.00025    0.00027     3.1968     3.2378     6.1392     6.1393    34.9065    34.9057    27.4609    27.4603    1510.28    138.953    140.734         38 0.0000e+00
      48067   2002.765    864.448    872.000     6.1898     6.1902   3.484459   3.484412     1.6964     1.3979     100.00   27.01116  -89.99070    0.00054    0.00070     3.2089     3.2513     6.1096     6.1099    34.9053    34.9044    27.4638    27.4630    1510.11    139.479    141.323         36 0.0000e+00
      48106   2004.362    865.438    873.000     6.1872     6.1868   3.484384   3.484273     1.6978     1.3990     100.00   27.01238  -89.99472    0.00068    0.00059     3.2138     3.2557     6.1069     6.1065    34.9068    34.9060    27.4653    27.4647    1510.16    139.690    141.512         34 0.0000e+00
      48204   2008.476    869.395    877.000     6.1666     6.1668   3.482538   3.482488     1.6996     1.4005      99.99   27.01069  -89.98897    0.00044    0.00045     3.2235     3.2647     6.0860     6.0863    34.9051    34.9043    27.4666    27.4659    1509.97    140.115    141.903         34 0.0000e+00
      48245   2010.168    870.384    878.000     6.1601     6.1602   3.482177   3.482109     1.7004     1.4014     100.00   27.01242  -89.99470    0.00034    0.00045     3.2269     3.2689     6.0795     6.0795    34.9073    34.9065    27.4693    27.4686    1510.04    140.260    142.086         37 0.0000e+00
