Gulf of Mexico/GOMECC-4/1db/drb2103_0891.cnv
* Sea-Bird SBE 9 Data File:
* FileName = C:\Users\scs.user.rb\CTD\GOMECC4\data\rb2103_0891.hex
* Software Version Seasave V 7.26.7.107
* Temperature SN = 4799
* Conductivity SN = 3860
* Number of Bytes Per Scan = 41
* Number of Voltage Words = 4
* Number of Scans Averaged by the Deck Unit = 1
* NMEA Latitude = 18 50.17 N
* NMEA Longitude = 093 03.96 W
* NMEA UTC (Time) = Oct 09 2021  00:32:54
* NMEA baud rate = 4800
# nquan = 28
# nvalues = 45                          
# units = specified
# name 0 = scan: Scan Count
# name 1 = timeS: Time, Elapsed [seconds]
# name 2 = depSM: Depth [salt water, m]
# name 3 = prDM: Pressure, Digiquartz [db]
# name 4 = t090C: Temperature [ITS-90, deg C]
# name 5 = t190C: Temperature, 2 [ITS-90, deg C]
# name 6 = c0S/m: Conductivity [S/m]
# name 7 = c1S/m: Conductivity, 2 [S/m]
# name 8 = sbeox0V: Oxygen raw, SBE 43 [V]
# name 9 = sbeox1V: Oxygen raw, SBE 43, 2 [V]
# name 10 = altM: Altimeter [m]
# name 11 = latitude: Latitude [deg]
# name 12 = longitude: Longitude [deg]
# name 13 = sbox0dV/dT: Oxygen, SBE 43 [dov/dt]
# name 14 = sbox1dV/dT: Oxygen, SBE 43, 2 [dov/dt]
# name 15 = sbeox0ML/L: Oxygen, SBE 43 [ml/l], WS = 5
# name 16 = sbeox1ML/L: Oxygen, SBE 43, 2 [ml/l], WS = 5
# name 17 = potemp090C: Potential Temperature [ITS-90, deg C]
# name 18 = potemp190C: Potential Temperature, 2 [ITS-90, deg C]
# name 19 = sal00: Salinity, Practical [PSU]
# name 20 = sal11: Salinity, Practical, 2 [PSU]
# name 21 = sigma-é00: Density [sigma-theta, kg/m^3]
# name 22 = sigma-é11: Density, 2 [sigma-theta, kg/m^3]
# name 23 = avgsvCM: Average Sound Velocity [Chen-Millero, m/s], minP = 20, minS = 20
# name 24 = sbox0Mm/Kg: Oxygen, SBE 43 [umol/kg], WS = 5
# name 25 = sbox1Mm/Kg: Oxygen, SBE 43, 2 [umol/kg], WS = 5
# name 26 = nbin: number of scans per bin
# name 27 = flag: flag
# span 0 =      28088,      36938       
# span 1 =   1170.295,   1539.057       
# span 2 =      3.976,     53.667       
# span 3 =      4.000,     54.000       
# span 4 =    24.4794,    30.0227       
# span 5 =    24.4818,    30.0191       
# span 6 =   5.419543,   6.017432       
# span 7 =   5.419927,   6.017822       
# span 8 =     2.4976,     3.2386       
# span 9 =     2.0971,     2.7421       
# span 10 =       7.42,      69.85      
# span 11 =   18.81226,   18.91989      
# span 12 =  -93.47148,  -92.93951      
# span 13 =   -0.02492,    0.01597      
# span 14 =   -0.02328,    0.01459      
# span 15 =     3.4876,     4.4792      
# span 16 =     3.4911,     4.4653      
# span 17 =    24.4678,    30.0197      
# span 18 =    24.4703,    30.0162      
# span 19 =    32.7850,    36.2769      
# span 20 =    32.7925,    36.2781      
# span 21 =    20.3195,    24.4480      
# span 22 =    20.3245,    24.4480      
# span 23 =       0.00,    1562.55      
# span 24 =    152.039,    195.995      
# span 25 =    152.193,    195.386      
# span 26 =         31,         83      
# span 27 = 0.0000e+00, 0.0000e+00      
# interval = decibars: 1                
# start_time = Oct 09 2021 00:32:54 [NMEA time, header]
# bad_flag = -9.990e-29
*END*
      28088   1170.295      3.976      4.000    29.2682    29.2661   5.448327   5.444811     3.1690     2.6831      57.69   18.83757  -93.06490   -0.00015   -0.00069     4.4661     4.4492    29.2670    29.2651    32.8929    32.8644    20.3940    20.3733       0.00    195.469    194.731         41 0.0000e+00
      29573   1232.175      4.970      5.000    29.2495    29.2511   5.431083   5.432122     3.1658     2.6871      69.35   18.83761  -93.06492   -0.00015    0.00021     4.4647     4.4615    29.2483    29.2499    32.7850    32.7925    20.3195    20.3245       0.00    195.423    195.283         38 0.0000e+00
      29627   1234.406      6.958      7.000    29.4362    29.4370   5.527221   5.531704     3.1848     2.6982      53.65   18.91989  -93.47148    0.00117    0.00037     4.4792     4.4653    29.4345    29.4353    33.3793    33.4081    20.7269    20.7476       0.00    195.995    195.386         41 0.0000e+00
      29549   1231.174      7.951      8.000    29.5847    29.6092   5.712129   5.730345     3.1848     2.7028      52.60   18.83760  -93.06492    0.00424    0.00400     4.4332     4.4247    29.5828    29.6072    34.4587    34.5649    21.4620    21.5334       0.00    193.828    193.441         34 0.0000e+00
      29644   1235.140      8.945      9.000    29.6545    29.6933   5.760574   5.788176     3.1932     2.7108      62.03   18.83760  -93.06492    0.00162    0.00094     4.4366     4.4269    29.6523    29.6911    34.7371    34.8966    21.6473    21.7537       0.00    193.939    193.495         46 0.0000e+00
      29711   1237.914      9.939     10.000    29.9393    29.9565   5.961652   5.973167     3.2217     2.7319      50.51   18.83760  -93.06491    0.00663    0.00474     4.4375     4.4241    29.9369    29.9540    35.8955    35.9611    22.4193    22.4627       0.00    193.832    193.242         41 0.0000e+00
      29786   1241.032     10.933     11.000    30.0206    30.0100   6.005023   6.000196     3.2358     2.7383      49.55   18.83760  -93.06492    0.00464    0.00211     4.4508     4.4297    30.0179    30.0073    36.1296    36.1047    22.5672    22.5522       0.00    194.388    193.467         48 0.0000e+00
      29871   1244.578     11.927     12.000    30.0227    30.0191   6.001706   6.002473     3.2251     2.7333      48.44   18.83761  -93.06491   -0.00277   -0.00206     4.4331     4.4196    30.0197    30.0162    36.1048    36.1139    22.5480    22.5560       0.00    193.615    193.026         39 0.0000e+00
      29938   1247.393     12.921     13.000    30.0212    30.0178   6.000971   6.003452     3.2319     2.7348      69.85   18.83762  -93.06491    0.00102    0.00032     4.4455     4.4232    30.0180    30.0146    36.0997    36.1177    22.5447    22.5594       0.00    194.160    193.184         38 0.0000e+00
      30018   1250.715     13.915     14.000    29.9426    29.9428   6.017432   6.017822     3.2386     2.7421      46.66   18.83762  -93.06492    0.00171    0.00000     4.4627     4.4396    29.9391    29.9393    36.2715    36.2740    22.7007    22.7025       0.00    194.879    193.872         46 0.0000e+00
      30099   1254.070     14.909     15.000    29.8191    29.8226   6.004635   6.005198     3.2066     2.7122      45.57   18.83762  -93.06491   -0.00711   -0.00583     4.4137     4.3899    29.8154    29.8189    36.2769    36.2781    22.7470    22.7467       0.00    192.731    191.694         71 0.0000e+00
      30174   1257.190     15.903     16.000    29.7052    29.7078   5.988429   5.988822     3.1613     2.6718      44.59   18.83762  -93.06492   -0.01575   -0.01471     4.3427     4.3191    29.7013    29.7038    36.2515    36.2523    22.7669    22.7666       0.00    189.626    188.598         68 0.0000e+00
      30253   1260.510     16.897     17.000    29.5724    29.5801   5.969792   5.970812     3.1261     2.6389      43.52   18.83762  -93.06492   -0.01113   -0.01016     4.2910     4.2652    29.5682    29.5759    36.2237    36.2248    22.7913    22.7896       0.00    187.367    186.241         45 0.0000e+00
      30327   1263.585     17.890     18.000    29.4585    29.4637   5.954820   5.955613     3.0969     2.6165      42.58   18.83762  -93.06492   -0.00864   -0.00656     4.2487     4.2293    29.4541    29.4593    36.2065    36.2080    22.8171    22.8165       0.00    185.512    184.667         55 0.0000e+00
      30408   1266.959     18.884     19.000    29.3435    29.3484   5.940216   5.940921     3.0773     2.5963      41.64   18.83762  -93.06492   -0.00563   -0.00591     4.2209     4.1968    29.3388    29.3438    36.1927    36.1938    22.8457    22.8449       0.00    184.295    183.244         72 0.0000e+00
      30479   1269.905     19.878     20.000    29.2367    29.2417   5.930147   5.930608     3.0527     2.5754      40.67   18.83762  -93.06492   -0.00888   -0.00741     4.1870     4.1639    29.2318    29.2368    36.2037    36.2032    22.8902    22.8881     299.47    182.806    181.800         37 0.0000e+00
      30561   1273.321     20.872     21.000    29.2091    29.2103   5.930743   5.931063     3.0487     2.5747      39.73   18.83762  -93.06492   -0.00211   -0.00141     4.1814     4.1645    29.2040    29.2051    36.2284    36.2298    22.9181    22.9188    1562.55    182.556    181.818         54 0.0000e+00
      30644   1276.776     21.866     22.000    29.1922    29.1967   5.930529   5.930881     3.0481     2.5758      38.77   18.83762  -93.06492   -0.00044    0.00020     4.1818     4.1679    29.1868    29.1913    36.2395    36.2385    22.9323    22.9300    1545.59    182.572    181.965         40 0.0000e+00
      30709   1279.488     22.860     23.000    29.1242    29.1312   5.924440   5.925422     3.0501     2.5770      37.87   18.83762  -93.06491    0.00072    0.00016     4.1904     4.1748    29.1186    29.1256    36.2486    36.2496    22.9621    22.9605    1545.59    182.940    182.262         31 0.0000e+00
      30799   1283.257     23.854     24.000    28.9061    28.9231   5.896870   5.899172     3.0326     2.5677      36.80   18.83762  -93.06490   -0.00489   -0.00280     4.1765     4.1725    28.9003    28.9172    36.2238    36.2262    23.0167    23.0128    1545.57    182.328    182.154         43 0.0000e+00
      30866   1286.057     24.847     25.000    28.7856    28.7886   5.883099   5.883549     3.0561     2.5848      35.85   18.83763  -93.06490    0.00275    0.00299     4.2282     4.2158    28.7795    28.7826    36.2189    36.2198    23.0534    23.0531    1545.54    184.578    184.035         36 0.0000e+00
      30951   1289.596     25.841     26.000    28.6218    28.6294   5.866588   5.867419     3.1105     2.6374      34.90   18.83764  -93.06490    0.01597    0.01459     4.3396     4.3333    28.6155    28.6231    36.2286    36.2286    23.1154    23.1129    1545.50    189.429    189.155         55 0.0000e+00
      31031   1292.896     26.835     27.000    28.5450    28.5481   5.859060   5.859580     3.1314     2.6573      33.93   18.83764  -93.06490    0.00816    0.00755     4.3839     4.3795    28.5385    28.5416    36.2345    36.2357    23.1454    23.1453    1545.46    191.357    191.165         41 0.0000e+00
      31215   1300.579     29.817     30.000    28.2241    28.2304   5.821257   5.821798     3.1363     2.6602      31.00   18.81226  -92.93951   -0.00206   -0.00226     4.4194     4.4091    28.2170    28.2233    36.1923    36.1906    23.2135    23.2097    1543.23    192.887    192.438         42 0.0000e+00
      31342   1305.858     30.811     31.000    28.2224    28.2295   5.824495   5.825475     3.1272     2.6544      30.10   18.83764  -93.06490   -0.00311   -0.00061     4.4033     4.3989    28.2150    28.2221    36.2383    36.2387    23.2554    23.2534    1545.26    192.180    191.989         54 0.0000e+00
      31436   1309.796     31.804     32.000    28.0727    28.0788   5.808538   5.809297     3.0934     2.6254      29.08   18.83764  -93.06490   -0.00822   -0.00573     4.3534     4.3514    28.0651    28.0712    36.2408    36.2414    23.3067    23.3051    1545.21    189.996    189.907         35 0.0000e+00
      31513   1313.003     32.798     33.000    27.9862    27.9931   5.800222   5.800971     3.0473     2.5769      28.22   18.83764  -93.06490   -0.01486   -0.01366     4.2756     4.2591    27.9784    27.9853    36.2485    36.2485    23.3410    23.3387    1545.15    186.593    185.873         41 0.0000e+00
      31604   1316.776     33.792     34.000    27.8461    27.8557   5.783909   5.785024     3.0005     2.5384      27.21   18.83764  -93.06490   -0.01050   -0.00875     4.2000     4.1901    27.8361    27.8477    36.2426    36.2431    23.3831    23.3804    1545.09    183.286    182.855         39 0.0000e+00
      31706   1321.057     34.786     35.000    27.5273    27.5593   5.746781   5.750038     2.9897     2.5301      26.25   18.83764  -93.06492   -0.00149   -0.00159     4.2054     4.1954    27.5188    27.5512    36.2241    36.2225    23.4726    23.4610    1545.01    183.506    183.073         33 0.0000e+00
      31788   1324.438     35.780     36.000    27.0733    27.0889   5.695035   5.696556     2.9672     2.5101      25.30   18.83764  -93.06492   -0.00463   -0.00476     4.1985     4.1880    27.0650    27.0806    36.2068    36.2055    23.6062    23.6002    1544.92    183.181    182.725         43 0.0000e+00
      31883   1328.420     36.773     37.000    26.6090    26.6416   5.643634   5.646910     2.9098     2.4615      24.26   18.83764  -93.06492   -0.01363   -0.01128     4.1258     4.1188    26.6006    26.6332    36.1990    36.1972    23.7484    23.7367    1544.80    179.986    179.682         45 0.0000e+00
      31968   1331.972     37.767     38.000    25.9843    25.9937   5.574858   5.575966     2.8343     2.3952      23.33   18.83764  -93.06492   -0.02492   -0.02328     4.0300     4.0253    25.9758    25.9852    36.1906    36.1913    23.9398    23.9374    1544.65    175.771    175.567         41 0.0000e+00
      32065   1336.013     38.761     39.000    25.6132    25.6368   5.535551   5.537941     2.8038     2.3703      22.38   18.83764  -93.06492   -0.00726   -0.00566     3.9987     3.9972    25.6046    25.6282    36.1957    36.1945    24.0591    24.0508    1544.49    174.388    174.324         56 0.0000e+00
      32159   1339.913     39.754     40.000    25.3886    25.3942   5.513872   5.514512     2.7106     2.2763      21.38   18.83764  -93.06492   -0.02143   -0.02164     3.8354     3.8133    25.3798    25.3854    36.2140    36.2143    24.1423    24.1409    1544.31    167.251    166.287         54 0.0000e+00
      32347   1347.738     41.742     42.000    24.8696    24.8779   5.459121   5.460142     2.6552     2.2399      19.46   18.84244  -93.08863   -0.00250   -0.00217     3.7652     3.7701    24.8605    24.8688    36.2257    36.2267    24.3116    24.3098    1544.33    164.165    164.379         62 0.0000e+00
      32437   1351.505     42.736     43.000    24.7762    24.7780   5.448700   5.449048     2.6434     2.2315      18.48   18.83764  -93.06492   -0.00190   -0.00135     3.7490     3.7587    24.7669    24.7687    36.2186    36.2197    24.3335    24.3339    1543.76    163.455    163.874         42 0.0000e+00
      32528   1355.285     43.729     44.000    24.5937    24.6012   5.431642   5.432538     2.5968     2.1810      17.47   18.83764  -93.06492   -0.01192   -0.01094     3.6454     3.6511    24.5843    24.5917    36.2373    36.2381    24.4031    24.4014    1543.60    158.925    159.175         43 0.0000e+00
      32700   1362.443     45.717     46.000    24.5373    24.5355   5.426099   5.426279     2.5235     2.1221      15.52   18.83344  -93.04409   -0.00480   -0.00341     3.5316     3.5387    24.5274    24.5257    36.2417    36.2413    24.4230    24.4229    1542.86    153.960    154.269         35 0.0000e+00
      32805   1366.832     46.711     47.000    24.5385    24.5386   5.427273   5.427480     2.5196     2.1169      14.54   18.83766  -93.06494   -0.00155   -0.00176     3.5240     3.5275    24.5284    24.5285    36.2481    36.2496    24.4281    24.4292    1543.04    153.628    153.781         43 0.0000e+00
      32891   1370.415     47.704     48.000    24.5369    24.5381   5.427210   5.427516     2.5163     2.1144      13.59   18.83766  -93.06494   -0.00103   -0.00104     3.5182     3.5227    24.5266    24.5278    36.2486    36.2500    24.4290    24.4297    1542.88    153.376    153.571         41 0.0000e+00
      32982   1374.191     48.698     49.000    24.5324    24.5347   5.426685   5.427115     2.5148     2.1116      12.71   18.83766  -93.06494   -0.00018    0.00005     3.5166     3.5171    24.5219    24.5242    36.2492    36.2502    24.4309    24.4310    1542.74    153.307    153.327         53 0.0000e+00
      33079   1378.265     49.692     50.000    24.5101    24.5069   5.424476   5.424433     2.5110     2.1097      11.65   18.83766  -93.06492   -0.00081   -0.00000     3.5103     3.5150    24.4994    24.4962    36.2498    36.2513    24.4382    24.4403    1542.57    153.030    153.235         41 0.0000e+00
      33837   1409.818     51.679     52.000    24.4819    24.4824   5.419543   5.419927     2.5025     2.1040       9.55   18.82503  -93.00241   -0.00029   -0.00034     3.4967     3.5049    24.4708    24.4713    36.2284    36.2263    24.4280    24.4259    1541.26    152.437    152.793         52 0.0000e+00
      33998   1416.524     52.673     53.000    24.4806    24.4887   5.421633   5.422579     2.5015     2.1021       8.69   18.83768  -93.06492   -0.00075   -0.00055     3.4947     3.5010    24.4693    24.4773    36.2505    36.2511    24.4478    24.4458    1542.17    152.350    152.625         57 0.0000e+00
      36938   1539.057     53.667     54.000    24.4794    24.4818   5.421503   5.421904     2.4976     2.0971       7.42   18.83775  -93.06495    0.00016   -0.00030     3.4876     3.4911    24.4678    24.4703    36.2502    36.2512    24.4480    24.4480    1541.99    152.039    152.193         83 0.0000e+00
