Gulf of Mexico/GOMECC-4/1db/drb2103_1381.cnv
* Sea-Bird SBE 9 Data File:
* FileName = C:\Users\scs.user.rb\CTD\GOMECC4\data\rb2103_1381.hex
* Software Version Seasave V 7.26.7.107
* Temperature SN = 4799
* Conductivity SN = 3860
* Number of Bytes Per Scan = 41
* Number of Voltage Words = 4
* Number of Scans Averaged by the Deck Unit = 1
* NMEA Latitude = 25 52.44 N
* NMEA Longitude = 084 23.57 W
* NMEA UTC (Time) = Oct 20 2021  08:17:47
* NMEA baud rate = 4800
# nquan = 28
# nvalues = 163                         
# units = specified
# name 0 = scan: Scan Count
# name 1 = timeS: Time, Elapsed [seconds]
# name 2 = depSM: Depth [salt water, m]
# name 3 = prDM: Pressure, Digiquartz [db]
# name 4 = t090C: Temperature [ITS-90, deg C]
# name 5 = t190C: Temperature, 2 [ITS-90, deg C]
# name 6 = c0S/m: Conductivity [S/m]
# name 7 = c1S/m: Conductivity, 2 [S/m]
# name 8 = sbeox0V: Oxygen raw, SBE 43 [V]
# name 9 = sbeox1V: Oxygen raw, SBE 43, 2 [V]
# name 10 = altM: Altimeter [m]
# name 11 = latitude: Latitude [deg]
# name 12 = longitude: Longitude [deg]
# name 13 = sbox0dV/dT: Oxygen, SBE 43 [dov/dt]
# name 14 = sbox1dV/dT: Oxygen, SBE 43, 2 [dov/dt]
# name 15 = sbeox0ML/L: Oxygen, SBE 43 [ml/l], WS = 5
# name 16 = sbeox1ML/L: Oxygen, SBE 43, 2 [ml/l], WS = 5
# name 17 = potemp090C: Potential Temperature [ITS-90, deg C]
# name 18 = potemp190C: Potential Temperature, 2 [ITS-90, deg C]
# name 19 = sal00: Salinity, Practical [PSU]
# name 20 = sal11: Salinity, Practical, 2 [PSU]
# name 21 = sigma-é00: Density [sigma-theta, kg/m^3]
# name 22 = sigma-é11: Density, 2 [sigma-theta, kg/m^3]
# name 23 = avgsvCM: Average Sound Velocity [Chen-Millero, m/s], minP = 20, minS = 20
# name 24 = sbox0Mm/Kg: Oxygen, SBE 43 [umol/kg], WS = 5
# name 25 = sbox1Mm/Kg: Oxygen, SBE 43, 2 [umol/kg], WS = 5
# name 26 = nbin: number of scans per bin
# name 27 = flag: flag
# span 0 =      11676,      20475       
# span 1 =    486.442,    853.098       
# span 2 =      2.980,    201.583       
# span 3 =      3.000,    203.000       
# span 4 =    15.7138,    28.5405       
# span 5 =    15.7149,    28.5439       
# span 6 =   4.490374,   5.762413       
# span 7 =   4.490527,   5.762914       
# span 8 =     1.9215,     3.1860       
# span 9 =     1.5872,     2.7004       
# span 10 =      10.09,     101.25      
# span 11 =   25.65065,   25.89801      
# span 12 =  -84.47049,  -83.66452      
# span 13 =   -0.03456,    0.01245      
# span 14 =   -0.03325,    0.01145      
# span 15 =     2.8401,     4.6933      
# span 16 =     2.8484,     4.6820      
# span 17 =    15.6852,    28.5333      
# span 18 =    15.6864,    28.5368      
# span 19 =    35.0716,    36.5261      
# span 20 =    35.0726,    36.5279      
# span 21 =    22.3099,    26.6791      
# span 22 =    22.3102,    26.6788      
# span 23 =       0.00,    1547.83      
# span 24 =    123.555,    204.625      
# span 25 =    123.916,    204.117      
# span 26 =         30,         70      
# span 27 = 0.0000e+00, 0.0000e+00      
# interval = decibars: 1                
# start_time = Oct 20 2021 08:17:47 [NMEA time, header]
# bad_flag = -9.990e-29
*END*
[from data line 52]
      14638    609.857     59.602     60.000    23.1392    23.1399   5.299612   5.299895     2.8468     2.4071      99.98   25.86889  -84.37600   -0.02162   -0.01998     4.2772     4.2601    23.1269    23.1275    36.4120    36.4136    24.9673    24.9684    1540.53    186.364    185.622         30 0.0000e+00
      14672    611.283     60.595     61.000    22.9043    22.9104   5.274319   5.275204     2.8121     2.3759     100.00   25.87408  -84.39294   -0.02586   -0.02448     4.2266     4.2085    22.8918    22.8979    36.4130    36.4148    25.0370    25.0366    1540.69    184.148    183.363         33 0.0000e+00
      14705    612.676     61.588     62.000    22.5915    22.5974   5.240702   5.241488     2.7751     2.3439     100.00   25.87408  -84.39294   -0.02732   -0.02500     4.1766     4.1602    22.5789    22.5848    36.4087    36.4106    25.1240    25.1237    1540.54    181.955    181.241         32 0.0000e+00
      14796    616.451     64.568     65.000    22.0753    22.0822   5.183074   5.184148     2.6972     2.2750     100.00   25.87293  -84.38913   -0.02085   -0.01917     4.0590     4.0435    22.0623    22.0693    36.3886    36.3912    25.2556    25.2556    1539.99    176.808    176.134         36 0.0000e+00
      14833    618.006     65.561     66.000    21.9734    21.9766   5.175863   5.176324     2.6422     2.2222     100.00   25.87410  -84.39294   -0.02590   -0.02433     3.9549     3.9333    21.9602    21.9635    36.4176    36.4185    25.3066    25.3064    1539.90    172.265    171.324         36 0.0000e+00
      14867    619.401     66.554     67.000    21.8009    21.8073   5.159892   5.160710     2.6228     2.2128     100.00   25.87410  -84.39294   -0.02703   -0.02326     3.9279     3.9239    21.7877    21.7940    36.4360    36.4371    25.3691    25.3682    1539.74    171.080    170.905         32 0.0000e+00
      14898    620.717     67.547     68.000    21.6785    21.6806   5.147955   5.148451     2.6004     2.1921     100.00   25.87410  -84.39294   -0.01912   -0.01391     3.8911     3.8859    21.6651    21.6672    36.4442    36.4463    25.4097    25.4107    1539.58    169.470    169.243         32 0.0000e+00
      14932    622.137     68.541     69.000    21.5021    21.5080   5.129711   5.130514     2.5659     2.1588     100.00   25.87410  -84.39294   -0.01758   -0.01490     3.8330     3.8225    21.4886    21.4945    36.4477    36.4491    25.4616    25.4610    1539.42    166.931    166.474         35 0.0000e+00
      15017    625.681     71.520     72.000    21.1087    21.1108   5.091956   5.092401     2.4399     2.0394      99.98   25.86779  -84.37236   -0.03456   -0.03325     3.5991     3.5757    21.0948    21.0968    36.4752    36.4771    25.5906    25.5914    1538.55    156.722    155.706         33 0.0000e+00
      15059    627.437     72.513     73.000    21.0242    21.0276   5.087039   5.087580     2.4003     2.0082     100.00   25.87410  -84.39293   -0.03165   -0.02783     3.5218     3.5091    21.0102    21.0135    36.5107    36.5123    25.6418    25.6420    1538.76    153.351    152.799         44 0.0000e+00
      15099    629.075     73.506     74.000    20.9196    20.9221   5.076167   5.076298     2.3621     1.9767     100.00   25.87410  -84.39293   -0.02515   -0.02037     3.4562     3.4495    20.9062    20.9082    36.5115    36.5132    25.6708    25.6714    1538.62    150.489    150.199         33 0.0000e+00
      15153    631.333     75.493     76.000    20.6341    20.6357   5.046621   5.047008     2.2967     1.9124      99.97   25.86551  -84.36491   -0.02400   -0.02241     3.3309     3.3128    20.6197    20.6212    36.5125    36.5144    25.7485    25.7494    1537.77    145.020    144.235         33 0.0000e+00
      15195    633.072     76.486     77.000    20.6024    20.6034   5.044430   5.044762     2.2551     1.8749     100.00   25.87410  -84.39292   -0.02773   -0.02687     3.2453     3.2281    20.5877    20.5887    36.5261    36.5279    25.7686    25.7697    1538.12    141.296    140.546         40 0.0000e+00
      15232    634.645     77.479     78.000    20.5704    20.5714   5.041064   5.041369     2.2269     1.8536     100.00   25.87411  -84.39292   -0.02535   -0.02221     3.1881     3.1809    20.5556    20.5566    36.5259    36.5275    25.7771    25.7781    1537.96    138.803    138.489         36 0.0000e+00
      15267    636.068     78.472     79.000    20.5202    20.5228   5.035543   5.036014     2.2094     1.8380     100.00   25.87411  -84.39292   -0.01783   -0.01435     3.1545     3.1479    20.5053    20.5078    36.5237    36.5253    25.7891    25.7897    1537.81    137.339    137.052         33 0.0000e+00
      15299    637.416     79.465     80.000    20.4426    20.4455   5.027197   5.027679     2.1984     1.8294     100.00   25.87412  -84.39292   -0.01245   -0.01033     3.1362     3.1326    20.4275    20.4303    36.5216    36.5229    25.8085    25.8087    1537.66    136.541    136.384         31 0.0000e+00
      15332    638.772     80.458     81.000    20.3750    20.3764   5.019906   5.020245     2.1907     1.8251      83.96   25.87412  -84.39292   -0.00863   -0.00684     3.1245     3.1270    20.3598    20.3611    36.5206    36.5222    25.8260    25.8268    1537.51    136.028    136.137         34 0.0000e+00
      15365    640.182     81.451     82.000    20.3100    20.3118   5.013085   5.013428     2.1867     1.8233      98.49   25.87412  -84.39292   -0.00546   -0.00330     3.1204     3.1268    20.2946    20.2964    36.5206    36.5219    25.8435    25.8439    1537.36    135.845    136.126         34 0.0000e+00
      15399    641.596     82.444     83.000    20.2002    20.2021   5.001741   5.002086     2.1826     1.8193      99.99   25.87412  -84.39292   -0.00331   -0.00210     3.1188     3.1242    20.1846    20.1866    36.5216    36.5228    25.8737    25.8741    1537.21    135.771    136.009         34 0.0000e+00
      15436    643.130     83.438     84.000    20.1275    20.1296   4.994175   4.994573     2.1790     1.8158     100.00   25.87412  -84.39292   -0.00266   -0.00226     3.1160     3.1206    20.1118    20.1139    36.5227    36.5242    25.8940    25.8946    1537.07    135.649    135.850         40 0.0000e+00
      15475    644.755     84.431     85.000    20.0332    20.0244   4.984231   4.983099     2.1744     1.8098      80.66   25.87412  -84.39292   -0.00257   -0.00278     3.1132     3.1141    20.0174    20.0086    36.5224    36.5234    25.9189    25.9220    1536.93    135.524    135.562         35 0.0000e+00
      15564    648.459     87.410     88.000    19.7398    19.7409   4.951811   4.952121     2.1469     1.7860      99.97   25.86580  -84.36578   -0.00690   -0.00631     3.0726     3.0744    19.7235    19.7246    36.5046    36.5063    25.9821    25.9831    1535.98    133.748    133.825         41 0.0000e+00
      15607    650.251     88.403     89.000    19.6758    19.6772   4.945925   4.946241     2.1380     1.7798      89.45   25.87412  -84.39292   -0.00633   -0.00472     3.0575     3.0639    19.6594    19.6608    36.5154    36.5168    26.0083    26.0090    1536.34    133.087    133.365         34 0.0000e+00
      15662    652.551     90.389     91.000    19.4988    19.5029   4.925045   4.925609     2.1245     1.7672      99.97   25.86538  -84.36440   -0.00519   -0.00457     3.0402     3.0448    19.4822    19.4862    36.4914    36.4926    26.0353    26.0352    1535.53    132.327    132.530         30 0.0000e+00
      15698    654.051     91.382     92.000    19.3599    19.3618   4.911047   4.911435     2.1122     1.7544     100.00   25.87412  -84.39292   -0.00617   -0.00605     3.0223     3.0228    19.3432    19.3450    36.5002    36.5018    26.0794    26.0802    1535.91    131.545    131.567         32 0.0000e+00
      15732    655.446     92.375     93.000    19.3297    19.3303   4.907877   4.908140     2.1000     1.7414     100.00   25.87412  -84.39292   -0.00860   -0.00888     2.9979     2.9940    19.3128    19.3134    36.4998    36.5015    26.0871    26.0882    1535.77    130.480    130.312         35 0.0000e+00
      15769    656.993     93.368     94.000    19.2868    19.2878   4.903243   4.903511     2.0903     1.7334     100.00   25.87412  -84.39292   -0.00840   -0.00838     2.9798     2.9779    19.2697    19.2707    36.4983    36.4997    26.0971    26.0979    1535.62    129.692    129.609         39 0.0000e+00
      15807    658.569     94.361     95.000    19.2127    19.2143   4.894822   4.895136     2.0815     1.7267     100.00   25.87412  -84.39292   -0.00633   -0.00516     2.9650     2.9662    19.1945    19.1972    36.4933    36.4945    26.1128    26.1134    1535.49    129.045    129.098         34 0.0000e+00
      15857    660.648     96.347     97.000    19.0550    19.0561   4.876063   4.876376     2.0671     1.7143      99.95   25.86194  -84.35321   -0.00545   -0.00456     2.9446     2.9465    19.0375    19.0386    36.4671    36.4688    26.1319    26.1329    1534.49    128.155    128.236         31 0.0000e+00
      15903    662.602     97.341     98.000    18.9517    18.9520   4.865563   4.865711     2.0600     1.7076     100.00   25.87412  -84.39292   -0.00545   -0.00488     2.9352     2.9367    18.9341    18.9344    36.4751    36.4761    26.1661    26.1668    1535.08    127.744    127.807         48 0.0000e+00
      15943    664.268     98.334     99.000    18.8030    18.8045   4.848743   4.849051     2.0507     1.7001     100.00   25.87412  -84.39292   -0.00533   -0.00456     2.9245     2.9274    18.7854    18.7868    36.4640    36.4653    26.1957    26.1963    1534.94    127.272    127.400         30 0.0000e+00
      15992    666.299    100.320    101.000    18.6704    18.6717   4.832202   4.832520     2.0405     1.6931      99.94   25.85902  -84.34361   -0.00443   -0.00356     2.9109     2.9187    18.6524    18.6538    36.4334    36.4349    26.2044    26.2053    1533.77    126.678    127.019         36 0.0000e+00
      16042    668.378    101.313    102.000    18.6527    18.6512   4.831695   4.831656     2.0378     1.6912     100.00   25.87414  -84.39290   -0.00321   -0.00183     2.9061     2.9158    18.6346    18.6331    36.4514    36.4524    26.2245    26.2257    1534.54    126.471    126.892         41 0.0000e+00
      16097    670.686    103.299    104.000    18.4980    18.4996   4.813498   4.814144     2.0299     1.6830      93.87   25.86363  -84.35864   -0.00248   -0.00255     2.8974     2.9039    18.4797    18.4812    36.4247    36.4257    26.2422    26.2426    1533.64    126.089    126.369         33 0.0000e+00
      16143    672.566    104.292    105.000    18.4929    18.4937   4.813659   4.813884     2.0284     1.6821      48.85   25.87414  -84.39292   -0.00244   -0.00246     2.8960     2.9036    18.4744    18.4752    36.4387    36.4399    26.2555    26.2562    1534.14    126.027    126.359         43 0.0000e+00
      16230    676.191    107.271    108.000    18.1827    18.1846   4.777643   4.777985     2.0180     1.6708      99.94   25.85912  -84.34393   -0.00244   -0.00291     2.8941     2.8963    18.1638    18.1657    36.4054    36.4066    26.3080    26.3085    1532.85    125.935    126.033         43 0.0000e+00
      16281    678.340    108.264    109.000    18.1417    18.1431   4.773398   4.773665     2.0171     1.6706     100.00   25.87414  -84.39292   -0.00259   -0.00282     2.8936     2.8972    18.1228    18.1241    36.4054    36.4064    26.3183    26.3188    1533.61    125.914    126.070         37 0.0000e+00
      16371    682.093    111.242    112.000    18.0877    18.0885   4.767285   4.767494     2.0291     1.6867      87.86   25.86899  -84.37607    0.00343    0.00435     2.9249     2.9408    18.0682    18.0690    36.3976    36.3987    26.3254    26.3260    1532.92    127.273    127.968         42 0.0000e+00
      16415    683.902    112.236    113.000    18.0680    18.0694   4.765623   4.765898     2.0320     1.6903      98.98   25.87416  -84.39292    0.00246    0.00309     2.9327     2.9513    18.0484    18.0498    36.4028    36.4040    26.3350    26.3355    1533.11    127.613    128.421         37 0.0000e+00
      16448    685.298    113.229    114.000    18.0183    18.0197   4.759844   4.760100     2.0329     1.6900      97.84   25.87416  -84.39292    0.00141    0.00152     2.9382     2.9537    17.9985    17.9999    36.3971    36.3981    26.3430    26.3434    1532.99    127.853    128.525         31 0.0000e+00
      16507    687.747    115.214    116.000    17.9505    17.9530   4.751557   4.751946     2.0336     1.6899      95.87   25.86933  -84.37717    0.00044   -0.00011     2.9450     2.9581    17.9305    17.9330    36.3834    36.3845    26.3489    26.3491    1532.46    128.147    128.716         35 0.0000e+00
      16545    689.346    116.207    117.000    17.8960    17.8967   4.745669   4.745782     2.0341     1.6906      94.85   25.87416  -84.39292    0.00042    0.00022     2.9498     2.9635    17.8758    17.8765    36.3832    36.3835    26.3628    26.3628    1532.63    128.353    128.952         36 0.0000e+00
      16580    690.810    117.200    118.000    17.7907    17.7913   4.733355   4.733474     2.0355     1.6928      93.93   25.87416  -84.39292    0.00040    0.00055     2.9593     2.9756    17.7705    17.7711    36.3707    36.3712    26.3793    26.3795    1532.51    128.766    129.477         34 0.0000e+00
      16616    692.279    118.193    119.000    17.7115    17.7134   4.723723   4.724018     2.0357     1.6883      92.87   25.87416  -84.39292    0.00103    0.00053     2.9665     2.9706    17.6912    17.6931    36.3579    36.3588    26.3890    26.3892    1532.40    129.079    129.257         36 0.0000e+00
      16650    693.695    119.186    120.000    17.6189    17.6211   4.712919   4.713226     2.0301     1.6832      92.01   25.87416  -84.39292   -0.00075   -0.00209     2.9594     2.9629    17.5985    17.6007    36.3469    36.3477    26.4033    26.4034    1532.28    128.766    128.921         32 0.0000e+00
      16681    694.990    120.179    121.000    17.4667    17.4679   4.695005   4.695180     2.0299     1.6846      91.09   25.87416  -84.39292   -0.00257   -0.00306     2.9689     2.9760    17.4462    17.4474    36.3276    36.3280    26.4258    26.4258    1532.16    129.178    129.486         30 0.0000e+00
      16712    696.284    121.172    122.000    17.3548    17.3563   4.681969   4.682228     2.0321     1.6883      90.03   25.87416  -84.39292   -0.00106   -0.00028     2.9817     2.9929    17.3342    17.3357    36.3143    36.3152    26.4428    26.4432    1532.03    129.732    130.217         33 0.0000e+00
      16750    697.861    122.165    123.000    17.3109    17.3116   4.676876   4.677060     2.0344     1.6898      89.02   25.87416  -84.39292    0.00126    0.00187     2.9898     2.9992    17.2902    17.2909    36.3090    36.3100    26.4494    26.4500    1531.92    130.082    130.492         44 0.0000e+00
      16792    699.617    123.158    124.000    17.2761    17.2768   4.673198   4.672998     2.0338     1.6894      88.05   25.87416  -84.39292    0.00091    0.00084     2.9914     3.0008    17.2584    17.2560    36.3051    36.3054    26.4541    26.4550    1531.79    130.151    130.563         35 0.0000e+00
      16872    702.950    126.137    127.000    17.0673    17.0684   4.646874   4.647162     2.0098     1.6637      84.93   25.86002  -84.34677   -0.00599   -0.00661     2.9511     2.9506    17.0461    17.0473    36.2585    36.2599    26.4681    26.4689    1530.59    128.396    128.372         47 0.0000e+00
      16927    705.268    127.129    128.000    17.0711    17.0721   4.648938   4.649184     2.0013     1.6583      83.96   25.87418  -84.39292   -0.00721   -0.00663     2.9315     2.9369    17.0498    17.0508    36.2787    36.2799    26.4842    26.4849    1531.32    127.545    127.777         40 0.0000e+00
