Gulf of Mexico/GOMECC-4/1db/drb2103_0851.cnv
* Sea-Bird SBE 9 Data File:
* FileName = C:\Users\scs.user.rb\CTD\GOMECC4\data\rb2103_0851.hex
* Software Version Seasave V 7.26.7.107
* Temperature SN = 4799
* Conductivity SN = 3860
* Number of Bytes Per Scan = 41
* Number of Voltage Words = 4
* Number of Scans Averaged by the Deck Unit = 1
* NMEA Latitude = 20 36.04 N
* NMEA Longitude = 094 17.37 W
* NMEA UTC (Time) = Oct 07 2021  22:53:37
* NMEA baud rate = 4800
# nquan = 28
# nvalues = 253                         
# units = specified
# name 0 = scan: Scan Count
# name 1 = timeS: Time, Elapsed [seconds]
# name 2 = depSM: Depth [salt water, m]
# name 3 = prDM: Pressure, Digiquartz [db]
# name 4 = t090C: Temperature [ITS-90, deg C]
# name 5 = t190C: Temperature, 2 [ITS-90, deg C]
# name 6 = c0S/m: Conductivity [S/m]
# name 7 = c1S/m: Conductivity, 2 [S/m]
# name 8 = sbeox0V: Oxygen raw, SBE 43 [V]
# name 9 = sbeox1V: Oxygen raw, SBE 43, 2 [V]
# name 10 = altM: Altimeter [m]
# name 11 = latitude: Latitude [deg]
# name 12 = longitude: Longitude [deg]
# name 13 = sbox0dV/dT: Oxygen, SBE 43 [dov/dt]
# name 14 = sbox1dV/dT: Oxygen, SBE 43, 2 [dov/dt]
# name 15 = sbeox0ML/L: Oxygen, SBE 43 [ml/l], WS = 5
# name 16 = sbeox1ML/L: Oxygen, SBE 43, 2 [ml/l], WS = 5
# name 17 = potemp090C: Potential Temperature [ITS-90, deg C]
# name 18 = potemp190C: Potential Temperature, 2 [ITS-90, deg C]
# name 19 = sal00: Salinity, Practical [PSU]
# name 20 = sal11: Salinity, Practical, 2 [PSU]
# name 21 = sigma-é00: Density [sigma-theta, kg/m^3]
# name 22 = sigma-é11: Density, 2 [sigma-theta, kg/m^3]
# name 23 = avgsvCM: Average Sound Velocity [Chen-Millero, m/s], minP = 20, minS = 20
# name 24 = sbox0Mm/Kg: Oxygen, SBE 43 [umol/kg], WS = 5
# name 25 = sbox1Mm/Kg: Oxygen, SBE 43, 2 [umol/kg], WS = 5
# name 26 = nbin: number of scans per bin
# name 27 = flag: flag
# span 0 =      14634,      67315       
# span 1 =    609.707,   2804.757       
# span 2 =      3.975,   1863.038       
# span 3 =      4.000,   1883.000       
# span 4 =     4.2610,    29.4071       
# span 5 =     4.2615,    29.4087       
# span 6 =   3.342030,   5.982406       
# span 7 =   3.341986,   5.982705       
# span 8 =     1.5786,     3.3135       
# span 9 =     1.2821,     2.8263       
# span 10 =      11.18,     106.54      
# span 11 =   20.59445,   20.60147      
# span 12 =  -94.29304,  -94.26027      
# span 13 =   -0.03694,    0.01625      
# span 14 =   -0.03597,    0.01507      
# span 15 =     2.4383,     4.8899      
# span 16 =     2.4553,     4.8861      
# span 17 =     4.1019,    29.4011      
# span 18 =     4.1026,    29.4027      
# span 19 =    34.9144,    36.5215      
# span 20 =    34.9139,    36.5231      
# span 21 =    23.0047,    27.7540      
# span 22 =    23.0048,    27.7529      
# span 23 =       0.00,    1548.93      
# span 24 =    106.030,    213.285      
# span 25 =    106.767,    213.116      
# span 26 =         30,         67      
# span 27 = 0.0000e+00, 0.0000e+00      
# interval = decibars: 1                
# start_time = Oct 07 2021 22:53:37 [NMEA time, header]
# bad_flag = -9.990e-29
*END*
[from data line 156]
      22377    932.353    167.893    169.000    15.8527    15.8541   4.505843   4.506073     1.8084     1.4876      53.08   20.60086  -94.28960   -0.00220   -0.00189     2.5709     2.5876    15.8259    15.8273    36.0979    36.0987    26.6326    26.6329    1530.36    111.840    112.564         34 0.0000e+00
      22412    933.781    168.886    170.000    15.8348    15.8355   4.503796   4.503922     1.8063     1.4862      95.59   20.60086  -94.28960   -0.00189   -0.00159     2.5673     2.5853    15.8079    15.8086    36.0954    36.0960    26.6348    26.6351    1530.25    111.680    112.466         34 0.0000e+00
      22444    935.136    169.879    171.000    15.8194    15.8204   4.502014   4.502172     1.8045     1.4854      99.97   20.60086  -94.28960   -0.00149   -0.00104     2.5643     2.5843    15.7924    15.7933    36.0931    36.0936    26.6366    26.6368    1530.16    111.550    112.422         32 0.0000e+00
      22476    936.457    170.872    172.000    15.7989    15.8000   4.499618   4.499792     1.8026     1.4845     100.00   20.60088  -94.28960   -0.00138   -0.00067     2.5614     2.5835    15.7717    15.7728    36.0899    36.0905    26.6388    26.6391    1530.06    111.425    112.385         31 0.0000e+00
      22508    937.779    171.865    173.000    15.7755    15.7762   4.496842   4.496979     1.8007     1.4830     100.00   20.60088  -94.28960   -0.00142   -0.00076     2.5585     2.5812    15.7482    15.7489    36.0859    36.0865    26.6411    26.6414    1529.96    111.296    112.283         32 0.0000e+00
      22540    939.128    172.858    174.000    15.7403    15.7414   4.492568   4.492760     1.7989     1.4803     100.00   20.60088  -94.28960   -0.00140   -0.00118     2.5565     2.5764    15.7128    15.7139    36.0792    36.0799    26.6440    26.6444    1529.86    111.209    112.078         33 0.0000e+00
      22573    940.500    173.851    175.000    15.6932    15.6923   4.487191   4.487171     1.7971     1.4779     100.00   20.60088  -94.28960   -0.00137   -0.00181     2.5552     2.5733    15.6656    15.6648    36.0734    36.0740    26.6503    26.6510    1529.76    111.153    111.940         33 0.0000e+00
      22606    941.865    174.844    176.000    15.6136    15.6150   4.477880   4.478109     1.7953     1.4763     100.00   20.60088  -94.28960   -0.00134   -0.00168     2.5558     2.5735    15.5860    15.5874    36.0617    36.0625    26.6595    26.6598    1529.66    111.179    111.946         32 0.0000e+00
      22637    943.166    175.837    177.000    15.5788    15.5794   4.473774   4.473904     1.7939     1.4741     100.00   20.60088  -94.28960   -0.00123   -0.00139     2.5548     2.5703    15.5511    15.5517    36.0561    36.0567    26.6630    26.6634    1529.57    111.136    111.810         31 0.0000e+00
      22668    944.457    176.830    178.000    15.5277    15.5280   4.467727   4.467820     1.7927     1.4720     100.00   20.60088  -94.28960   -0.00112   -0.00153     2.5553     2.5679    15.4999    15.5002    36.0478    36.0484    26.6682    26.6686    1529.47    111.154    111.704         32 0.0000e+00
      22703    945.937    177.823    179.000    15.4575    15.4582   4.459543   4.459702     1.7906     1.4713     100.00   20.60088  -94.28960   -0.00110   -0.00135     2.5546     2.5703    15.4296    15.4303    36.0377    36.0384    26.6763    26.6768    1529.37    111.125    111.809         37 0.0000e+00
      22737    947.344    178.816    180.000    15.4292    15.4303   4.456264   4.456436     1.7892     1.4708     100.00   20.60088  -94.28960   -0.00123   -0.00064     2.5533     2.5708    15.4012    15.4022    36.0334    36.0340    26.6794    26.6797    1529.27    111.067    111.828         30 0.0000e+00
      22797    949.840    180.802    182.000    15.3806    15.3812   4.450598   4.450697     1.7876     1.4695      97.54   20.60055  -94.28817   -0.00075   -0.00049     2.5530     2.5709    15.3524    15.3530    36.0256    36.0260    26.6844    26.6846    1529.06    111.055    111.833         34 0.0000e+00
      22832    951.288    181.795    183.000    15.3310    15.3308   4.444816   4.444844     1.7856     1.4675      96.11   20.60086  -94.28962   -0.00075   -0.00068     2.5513     2.5688    15.3026    15.3024    36.0184    36.0189    26.6900    26.6904    1528.99    110.981    111.740         34 0.0000e+00
      22864    952.638    182.788    184.000    15.2911    15.2940   4.440255   4.440588     1.7836     1.4662     100.04   20.60086  -94.28962   -0.00121   -0.00111     2.5491     2.5676    15.2627    15.2655    36.0131    36.0136    26.6949    26.6946    1528.90    110.885    111.689         31 0.0000e+00
      22896    953.969    183.781    185.000    15.2793    15.2762   4.438817   4.438504     1.7824     1.4655     100.00   20.60086  -94.28961   -0.00137   -0.00101     2.5473     2.5670    15.2507    15.2476    36.0105    36.0106    26.6956    26.6963    1528.80    110.803    111.662         33 0.0000e+00
      22929    955.342    184.774    186.000    15.2408    15.2379   4.434329   4.434030     1.7810     1.4644     100.00   20.60086  -94.28960   -0.00108   -0.00066     2.5465     2.5667    15.2121    15.2092    36.0046    36.0046    26.6997    26.7003    1528.71    110.770    111.648         33 0.0000e+00
      22961    956.650    185.767    187.000    15.2078    15.2123   4.430508   4.431087     1.7796     1.4620      83.60   20.60086  -94.28960   -0.00099   -0.00101     2.5454     2.5622    15.1790    15.1835    35.9998    36.0009    26.7033    26.7032    1528.62    110.721    111.453         31 0.0000e+00
      22993    957.985    186.760    188.000    15.1941    15.2079   4.428918   4.430604     1.7783     1.4613      99.56   20.60086  -94.28960   -0.00104   -0.00122     2.5432     2.5610    15.1651    15.1790    35.9975    36.0001    26.7046    26.7036    1528.53    110.626    111.398         34 0.0000e+00
      23028    959.466    187.753    189.000    15.1814    15.1820   4.427449   4.427540     1.7769     1.4602     100.00   20.60086  -94.28961   -0.00101   -0.00084     2.5409     2.5598    15.1523    15.1529    35.9954    35.9957    26.7059    26.7060    1528.44    110.524    111.345         35 0.0000e+00
      23061    960.851    188.746    190.000    15.1481    15.1488   4.423471   4.423632     1.7751     1.4584      90.00   20.60086  -94.28962   -0.00104   -0.00081     2.5390     2.5571    15.1189    15.1196    35.9893    35.9902    26.7087    26.7092    1528.35    110.442    111.230         30 0.0000e+00
      23117    963.164    190.732    192.000    14.9312    14.9318   4.398074   4.398108     1.7688     1.4529      99.99   20.59857  -94.27912   -0.00191   -0.00175     2.5369     2.5553    14.9020    14.9026    35.9549    35.9554    26.7301    26.7303    1528.00    110.350    111.147         32 0.0000e+00
      23156    964.784    191.725    193.000    14.9158    14.9168   4.396341   4.396502     1.7659     1.4500     100.00   20.60086  -94.28960   -0.00258   -0.00225     2.5310     2.5489    14.8864    14.8875    35.9539    35.9544    26.7329    26.7330    1528.07    110.091    110.871         40 0.0000e+00
      23246    968.529    194.704    196.000    14.8414    14.8425   4.387351   4.387525     1.7616     1.4461      90.67   20.59793  -94.27621   -0.00103   -0.00095     2.5259     2.5438    14.8117    14.8128    35.9375    35.9380    26.7363    26.7365    1527.58    109.869    110.645         35 0.0000e+00
      23285    970.164    195.696    197.000    14.7785    14.7788   4.379988   4.380368     1.7598     1.4443     100.11   20.60086  -94.28960   -0.00117   -0.00086     2.5250     2.5422    14.7487    14.7490    35.9325    35.9330    26.7466    26.7469    1527.71    109.828    110.578         36 0.0000e+00
      23346    972.720    197.682    199.000    14.6757    14.6765   4.368231   4.368382     1.7510     1.4353      99.99   20.59978  -94.28464   -0.00272   -0.00281     2.5108     2.5253    14.6458    14.6466    35.9143    35.9149    26.7549    26.7552    1527.45    109.210    109.839         32 0.0000e+00
      23382    974.206    198.675    200.000    14.6324    14.6311   4.363236   4.363136     1.7483     1.4334     100.00   20.60086  -94.28960   -0.00293   -0.00282     2.5068     2.5228    14.6024    14.6011    35.9083    35.9085    26.7599    26.7603    1527.45    109.036    109.734         36 0.0000e+00
      23415    975.576    199.668    201.000    14.5540    14.5530   4.354173   4.354217     1.7458     1.4323     100.00   20.60086  -94.28960   -0.00224   -0.00166     2.5045     2.5245    14.5239    14.5229    35.8967    35.8969    26.7680    26.7683    1527.36    108.935    109.806         30 0.0000e+00
      23445    976.829    200.661    202.000    14.5380    14.5392   4.352376   4.352548     1.7449     1.4320     100.00   20.60086  -94.28960   -0.00162   -0.00076     2.5047     2.5249    14.5078    14.5090    35.8946    35.8951    26.7699    26.7700    1527.27    108.943    109.820         32 0.0000e+00
      23479    978.236    201.654    203.000    14.5292    14.5301   4.351413   4.351553     1.7448     1.4316     100.00   20.60086  -94.28960   -0.00083   -0.00036     2.5053     2.5247    14.4988    14.4998    35.8934    35.8938    26.7709    26.7710    1527.18    108.969    109.812         34 0.0000e+00
      23512    979.632    202.647    204.000    14.5188    14.5200   4.350297   4.350459     1.7450     1.4310     100.00   20.60086  -94.28960   -0.00012   -0.00035     2.5067     2.5238    14.4883    14.4896    35.8923    35.8927    26.7723    26.7723    1527.09    109.028    109.775         33 0.0000e+00
      23544    980.955    203.639    205.000    14.4970    14.4983   4.347770   4.347951     1.7446     1.4310     100.00   20.60086  -94.28960   -0.00001   -0.00036     2.5073     2.5255    14.4664    14.4677    35.8887    35.8892    26.7743    26.7743    1527.00    109.056    109.846         30 0.0000e+00
      23628    984.442    206.618    208.000    14.4236    14.4246   4.339306   4.339455     1.7411     1.4280      99.99   20.59965  -94.28404   -0.00087   -0.00083     2.5039     2.5226    14.3927    14.3937    35.8768    35.8771    26.7809    26.7810    1526.66    108.908    109.720         31 0.0000e+00
      26066   1086.049    303.895    306.000    11.7681    11.7695   4.039217   4.039351     1.6448     1.3420     100.00   20.60058  -94.28844   -0.00053   -0.00025     2.4454     2.4657    11.7283    11.7297    35.4700    35.4699    27.0062    27.0058    1519.72    106.340    107.224         32 0.0000e+00
      26192   1091.279    308.857    311.000    11.6460    11.6466   4.025725   4.025765     1.6422     1.3405     100.00   20.60059  -94.28858   -0.00055   -0.00034     2.4474     2.4703    11.6058    11.6064    35.4516    35.4515    27.0150    27.0148    1519.42    106.426    107.420         33 0.0000e+00
      26418   1100.714    317.788    320.000    11.4703    11.4714   4.006472   4.006575     1.6337     1.3309     100.00   20.60054  -94.28838   -0.00121   -0.00137     2.4383     2.4553    11.4294    11.4304    35.4256    35.4256    27.0279    27.0277    1518.89    106.030    106.767         30 0.0000e+00
      28727   1196.900    409.061    412.000     9.5534     9.5541   3.800866   3.801069     1.5862     1.2891     100.00   20.60090  -94.28995    0.00014   -0.00010     2.4542     2.4742     9.5056     9.5070    35.1616    35.1615    27.1619    27.1615    1514.19    106.706    107.578         30 0.0000e+00
      29630   1234.543    444.766    448.000     9.0942     9.0958   3.754026   3.754144     1.5786     1.2821     100.00   20.60121  -94.29135   -0.00039   -0.00040     2.4729     2.4925     9.0444     9.0460    35.1083    35.1080    27.1959    27.1954    1512.63    107.517    108.367         30 0.0000e+00
      32738   1364.053    567.701    572.000     7.5719     7.5729   3.603726   3.603768     1.6023     1.3053      97.67   20.60068  -94.28909    0.00021    0.00036     2.6876     2.7097     7.5145     7.5155    34.9636    34.9630    27.3170    27.3164    1508.07    116.837    117.798         30 0.0000e+00
      33316   1388.104    590.496    595.000     7.3358     7.3365   3.581462   3.581474     1.6143     1.3162     100.00   20.60082  -94.28973    0.00074    0.00071     2.7494     2.7711     7.2771     7.2777    34.9479    34.9474    27.3388    27.3383    1507.38    119.522    120.463         30 0.0000e+00
      34697   1445.669    644.995    650.000     6.8584     6.8592   3.537961   3.537981     1.6471     1.3475     100.00   20.60113  -94.29124    0.00030    0.00039     2.9075     2.9323     6.7963     6.7971    34.9269    34.9263    27.3894    27.3888    1505.84    126.388    127.463         30 0.0000e+00
      35026   1459.360    657.874    663.000     6.7486     6.7499   3.528104   3.528157     1.6538     1.3533      55.40   20.60147  -94.29281    0.00095    0.00078     2.9420     2.9654     6.6857     6.6870    34.9233    34.9225    27.4017    27.4009    1505.53    127.888    128.904         30 0.0000e+00
      35889   1495.319    691.555    697.000     6.4621     6.4632   3.502737   3.502785     1.6754     1.3740      79.02   20.60118  -94.29150    0.00063    0.00085     3.0468     3.0729     6.3973     6.3984    34.9167    34.9161    27.4351    27.4345    1504.66    132.437    133.572         33 0.0000e+00
      35987   1499.407    695.517    701.000     6.3983     6.3991   3.496883   3.496904     1.6817     1.3805     100.00   20.60038  -94.28786    0.00150    0.00154     3.0738     3.1020     6.3336     6.3343    34.9144    34.9139    27.4417    27.4413    1504.50    133.611    134.835         30 0.0000e+00
      40271   1677.912    862.846    870.000     5.4568     5.4579   3.419340   3.419346     1.7977     1.4876     100.00   20.60098  -94.29077    0.00072    0.00065     3.6124     3.6407     5.3815     5.3826    34.9244    34.9235    27.5700    27.5693    1501.13    157.002    158.231         30 0.0000e+00
      40728   1696.953    880.660    888.000     5.3290     5.3292   3.408900   3.408859     1.8154     1.5044     100.00   20.60147  -94.29304    0.00100    0.00104     3.6932     3.7233     5.2529     5.2531    34.9285    34.9276    27.5888    27.5881    1500.87    160.508    161.820         30 0.0000e+00
      41129   1713.667    896.493    904.000     5.2512     5.2512   3.402625   3.402548     1.8291     1.5163     100.00   20.60054  -94.28878    0.00100    0.00052     3.7553     3.7827     5.1742     5.1741    34.9295    34.9287    27.5990    27.5983    1500.55    163.207    164.400         30 0.0000e+00
      41814   1742.188    923.210    931.000     5.1556     5.1556   3.395518   3.395451     1.8452     1.5318     100.00   20.60130  -94.29218    0.00032    0.00035     3.8333     3.8632     5.0768     5.0767    34.9337    34.9330    27.6138    27.6132    1500.19    166.596    167.896         30 0.0000e+00
      42366   1765.220    944.976    953.000     5.0280     5.0286   3.385225   3.385210     1.8608     1.5460      85.59   20.60069  -94.28939    0.00061    0.00052     3.9113     3.9404     4.9481     4.9486    34.9370    34.9363    27.6314    27.6308    1499.83    169.981    171.247         30 0.0000e+00
      43001   1791.650    969.707    978.000     4.9913     4.9918   3.383138   3.383126     1.8718     1.5556     100.00   20.60085  -94.29010    0.00006    0.00003     3.9660     3.9932     4.9093     4.9099    34.9388    34.9381    27.6374    27.6367    1499.50    172.360    173.541         30 0.0000e+00
      44632   1859.636   1033.007   1042.000     4.7469     4.7473   3.364655   3.364627     1.9115     1.5922      99.65   20.60113  -94.29146    0.00020    0.00026     4.1651     4.1922     4.6611     4.6614    34.9479    34.9472    27.6728    27.6723    1498.73    181.006    182.183         30 0.0000e+00
