Gulf of Mexico/GOMECC-4/1db/drb2103_0411.cnv
* Sea-Bird SBE 9 Data File:
* FileName = C:\Users\scs.user.rb\CTD\GOMECC4\data\rb2103_0411.hex
* Software Version Seasave V 7.26.7.107
* Temperature SN = 4799
* Conductivity SN = 3860
* Number of Bytes Per Scan = 41
* Number of Voltage Words = 4
* Number of Scans Averaged by the Deck Unit = 1
* NMEA Latitude = 28 04.43 N
* NMEA Longitude = 089 59.85 W
* NMEA UTC (Time) = Sep 26 2021  02:13:04
* NMEA baud rate = 4800
# nquan = 28
# nvalues = 216                         
# units = specified
# name 0 = scan: Scan Count
# name 1 = timeS: Time, Elapsed [seconds]
# name 2 = depSM: Depth [salt water, m]
# name 3 = prDM: Pressure, Digiquartz [db]
# name 4 = t090C: Temperature [ITS-90, deg C]
# name 5 = t190C: Temperature, 2 [ITS-90, deg C]
# name 6 = c0S/m: Conductivity [S/m]
# name 7 = c1S/m: Conductivity, 2 [S/m]
# name 8 = sbeox0V: Oxygen raw, SBE 43 [V]
# name 9 = sbeox1V: Oxygen raw, SBE 43, 2 [V]
# name 10 = altM: Altimeter [m]
# name 11 = latitude: Latitude [deg]
# name 12 = longitude: Longitude [deg]
# name 13 = sbox0dV/dT: Oxygen, SBE 43 [dov/dt]
# name 14 = sbox1dV/dT: Oxygen, SBE 43, 2 [dov/dt]
# name 15 = sbeox0ML/L: Oxygen, SBE 43 [ml/l], WS = 5
# name 16 = sbeox1ML/L: Oxygen, SBE 43, 2 [ml/l], WS = 5
# name 17 = potemp090C: Potential Temperature [ITS-90, deg C]
# name 18 = potemp190C: Potential Temperature, 2 [ITS-90, deg C]
# name 19 = sal00: Salinity, Practical [PSU]
# name 20 = sal11: Salinity, Practical, 2 [PSU]
# name 21 = sigma-é00: Density [sigma-theta, kg/m^3]
# name 22 = sigma-é11: Density, 2 [sigma-theta, kg/m^3]
# name 23 = avgsvCM: Average Sound Velocity [Chen-Millero, m/s], minP = 20, minS = 20
# name 24 = sbox0Mm/Kg: Oxygen, SBE 43 [umol/kg], WS = 5
# name 25 = sbox1Mm/Kg: Oxygen, SBE 43, 2 [umol/kg], WS = 5
# name 26 = nbin: number of scans per bin
# name 27 = flag: flag
# span 0 =      23335,     483164       
# span 1 =    972.231,  20130.961       
# span 2 =      5.960,    430.659       
# span 3 =      4.000,    434.000       
# span 4 =     9.3125,   506.8462       
# span 5 =     9.3183,   427.1431       
# span 6 =   3.775126, 120.219041       
# span 7 =   3.775126, 120.224591       
# span 8 =     1.6299,    64.3249       
# span 9 =     1.3335,    54.7029       
# span 10 =       8.80,    1404.48      
# span 11 =   27.83403,  577.52128      
# span 12 =-1850.99411,  -89.20989      
# span 13 =   -0.02328,    0.00739      
# span 14 =   -0.02225,    0.00800      
# span 15 =     2.5808,    77.6510      
# span 16 =     2.6144,    81.8663      
# span 17 =     9.2636,   506.8251      
# span 18 =     9.2694,   427.1251      
# span 19 =    35.1099,   642.7000      
# span 20 =    35.1090,   541.6318      
# span 21 =    22.9261,   410.5139      
# span 22 =    22.9550,   345.9548      
# span 23 =       0.00,    1564.86      
# span 24 =    112.228,   3389.601      
# span 25 =    113.688,   3573.596      
# span 26 =         30,         66      
# span 27 = 0.0000e+00, 0.0000e+00      
# interval = decibars: 1                
# start_time = Sep 26 2021 02:13:04 [NMEA time, header]
# bad_flag = -9.990e-29
*END*
     483164  20130.961    100.070      4.000   506.8462   427.1431 120.219041 120.224591    64.3249    54.7029    1404.48  577.52128-1850.99411   -0.00109   -0.00862    77.6510    81.8663   506.8251   427.1251   642.7000   541.6318   410.5139   345.9548       0.00   3389.601   3573.596         35 0.0000e+00
      23335    972.231      5.960      6.000    28.3143    28.3489   5.795640   5.795476     3.1041     2.6398      99.42   27.83403  -89.20989    0.00225    0.00131     4.3431     4.3488    28.3129    28.3475    35.8967    35.9415    22.9261    22.9550       0.00    189.583    189.832         45 0.0000e+00
      23615    983.919      6.953      7.000    28.5328    28.5353   5.847581   5.847981     3.1292     2.6615     100.00   28.07966  -89.99714   -0.00072   -0.00071     4.3719     4.3800    28.5312    28.5336    36.1696    36.1705    23.0991    23.0990       0.00    190.839    191.196         39 0.0000e+00
      23651    985.428      7.946      8.000    28.5268    28.5313   5.846606   5.847347     3.1307     2.6630     100.00   28.07966  -89.99714    0.00011    0.00051     4.3757     4.3840    28.5249    28.5294    36.1671    36.1689    23.0993    23.0991       0.00    191.008    191.369         30 0.0000e+00
      23690    987.025      8.940      9.000    28.5262    28.5274   5.846460   5.846642     3.1288     2.6611     100.00   28.07966  -89.99715    0.00025    0.00059     4.3728     4.3810    28.5240    28.5252    36.1662    36.1666    23.0989    23.0989       0.00    190.881    191.238         36 0.0000e+00
      23765    990.156      9.933     10.000    28.5288    28.5302   5.847089   5.847309     3.1282     2.6617     100.00   28.07966  -89.99716   -0.00126   -0.00036     4.3720     4.3826    28.5264    28.5278    36.1683    36.1688    23.0998    23.0996       0.00    190.844    191.306         37 0.0000e+00
      23841    993.335     11.920     12.000    28.5238    28.5232   5.845931   5.845870     3.1278     2.6613      75.58   28.06981  -89.96558    0.00028   -0.00023     4.3725     4.3830    28.5209    28.5203    36.1591    36.1592    23.0929    23.0932       0.00    190.865    191.323         47 0.0000e+00
      23902    995.895     12.913     13.000    28.5332    28.5346   5.847965   5.848183     3.1307     2.6637      99.38   28.07968  -89.99718    0.00023    0.00056     4.3778     4.3877    28.5301    28.5315    36.1702    36.1706    23.0999    23.0998       0.00    191.098    191.532         31 0.0000e+00
      23942    997.541     13.906     14.000    28.5336    28.5351   5.848413   5.848469     3.1291     2.6622     100.00   28.07968  -89.99718    0.00028    0.00028     4.3753     4.3851    28.5302    28.5317    36.1727    36.1720    23.1018    23.1007       0.00    190.988    191.419         45 0.0000e+00
      23999    999.900     14.900     15.000    28.5335    28.5351   5.849163   5.849047     3.1316     2.6623      99.99   28.07968  -89.99718    0.00026   -0.00014     4.3801     4.3858    28.5299    28.5315    36.1776    36.1757    23.1055    23.1036       0.00    191.198    191.448         63 0.0000e+00
      24052   1002.137     15.893     16.000    28.5387    28.5392   5.850561   5.850634     3.1319     2.6618     100.00   28.07968  -89.99718    0.00079   -0.00088     4.3808     4.3848    28.5348    28.5353    36.1833    36.1834    23.1082    23.1081       0.00    191.226    191.402         43 0.0000e+00
      24092   1003.803     16.886     17.000    28.5358    28.5378   5.852728   5.852852     3.1296     2.6617     100.00   28.07968  -89.99720   -0.00038    0.00033     4.3769     4.3849    28.5317    28.5337    36.2003    36.1994    23.1220    23.1207       0.00    191.056    191.405         42 0.0000e+00
      24147   1006.075     17.879     18.000    28.5254    28.5248   5.855182   5.855613     3.1268     2.6563      85.30   28.07970  -89.99720   -0.00165   -0.00150     4.3725     4.3747    28.5210    28.5205    36.2251    36.2285    23.1442    23.1469       0.00    190.861    190.954         64 0.0000e+00
      24199   1008.231     18.873     19.000    28.5089    28.5109   5.858493   5.858615     3.1263     2.6600     100.59   28.07970  -89.99720    0.00016   -0.00026     4.3726     4.3828    28.5044    28.5064    36.2601    36.2597    23.1761    23.1751       0.00    190.857    191.301         32 0.0000e+00
      24237   1009.821     19.866     20.000    28.5048    28.5064   5.859060   5.859273     3.1254     2.6576     100.00   28.07970  -89.99720   -0.00056    0.00101     4.3716     4.3789    28.5000    28.5016    36.2673    36.2675    23.1829    23.1826     835.18    190.814    191.130         46 0.0000e+00
      24293   1012.172     20.859     21.000    28.5030    28.5044   5.859554   5.859774     3.1233     2.6536     100.00   28.07970  -89.99722   -0.00087   -0.00218     4.3683     4.3713    28.4980    28.4993    36.2718    36.2723    23.1870    23.1869    1564.86    190.666    190.796         60 0.0000e+00
      24344   1014.300     21.852     22.000    28.5019    28.5034   5.860384   5.860617     3.1258     2.6562     100.00   28.07970  -89.99722    0.00025    0.00058     4.3733     4.3769    28.4966    28.4981    36.2782    36.2787    23.1922    23.1921    1544.11    190.884    191.041         45 0.0000e+00
      24389   1016.149     22.846     23.000    28.5009    28.5023   5.860594   5.860837     3.1243     2.6570     100.00   28.07970  -89.99722    0.00049    0.00080     4.3711     4.3790    28.4954    28.4968    36.2801    36.2807    23.1941    23.1941    1544.11    190.788    191.135         44 0.0000e+00
      24436   1018.130     23.839     24.000    28.4985    28.4999   5.860463   5.860703     3.1227     2.6553      89.23   28.07972  -89.99722   -0.00081   -0.00009     4.3689     4.3763    28.4927    28.4942    36.2807    36.2813    23.1955    23.1954    1544.11    190.691    191.015         55 0.0000e+00
      24493   1020.502     24.832     25.000    28.4964    28.4980   5.860338   5.860594     3.1229     2.6547     100.54   28.07972  -89.99722   -0.00013   -0.00089     4.3700     4.3758    28.4904    28.4920    36.2812    36.2818    23.1965    23.1965    1544.11    190.741    190.994         50 0.0000e+00
      24536   1022.296     25.825     26.000    28.4933    28.4948   5.860069   5.860320     3.1245     2.6549     100.00   28.07972  -89.99722    0.00028    0.00006     4.3736     4.3769    28.4871    28.4885    36.2813    36.2820    23.1978    23.1978    1544.12    190.895    191.041         42 0.0000e+00
      24583   1024.235     26.819     27.000    28.4903    28.4918   5.859840   5.860084     3.1227     2.6560      65.45   28.07972  -89.99724    0.00009    0.00020     4.3711     4.3798    28.4838    28.4853    36.2817    36.2823    23.1992    23.1991    1544.12    190.788    191.168         52 0.0000e+00
      24637   1026.520     27.812     28.000    28.4831    28.4846   5.859227   5.859424     3.1205     2.6542      99.66   28.07972  -89.99724   -0.00085   -0.00065     4.3682     4.3773    28.4764    28.4779    36.2827    36.2829    23.2023    23.2020    1544.12    190.660    191.059         57 0.0000e+00
      24691   1028.749     28.805     29.000    28.4611    28.4634   5.857271   5.857580     3.1185     2.6518     100.00   28.07972  -89.99724   -0.00111   -0.00017     4.3667     4.3742    28.4542    28.4565    36.2857    36.2861    23.2120    23.2115    1544.13    190.593    190.921         46 0.0000e+00
      24733   1030.497     29.798     30.000    28.2797    28.2890   5.840567   5.841453     3.1147     2.6488      94.79   28.07972  -89.99724   -0.00113   -0.00144     4.3736     4.3810    28.2726    28.2818    36.3074    36.3065    23.2884    23.2847    1544.12    190.881    191.201         42 0.0000e+00
      24784   1032.627     30.791     31.000    27.8057    27.8206   5.798442   5.800403     3.1024     2.6412      99.90   28.07973  -89.99724   -0.00408   -0.00254     4.3868     4.3959    27.7984    27.8134    36.3761    36.3735    23.4958    23.4869    1544.10    191.419    191.819         61 0.0000e+00
      24841   1035.011     31.785     32.000    27.4026    27.4090   5.761269   5.761860     3.1009     2.6366      94.70   28.07974  -89.99725   -0.00332   -0.00426     4.4148     4.4186    27.3951    27.4015    36.4251    36.4245    23.6642    23.6617    1544.05    192.609    192.774         48 0.0000e+00
      24884   1036.794     32.778     33.000    27.1522    27.1566   5.741108   5.741583     3.0896     2.6282      75.27   28.07974  -89.99726   -0.00141   -0.00116     4.4121     4.4185    27.1446    27.1490    36.4765    36.4764    23.7839    23.7824    1543.98    192.467    192.748         44 0.0000e+00
      24936   1038.956     33.771     34.000    27.0746    27.0769   5.735598   5.735945     3.0636     2.6112     100.23   28.07974  -89.99726   -0.01050   -0.00745     4.3705     4.3900    27.0667    27.0691    36.4976    36.4982    23.8248    23.8246    1543.90    190.642    191.494         56 0.0000e+00
      24986   1041.024     34.764     35.000    26.9683    26.9746   5.726203   5.726909     3.0450     2.5996     100.00   28.07974  -89.99727   -0.00950   -0.00540     4.3468     4.3736    26.9603    26.9666    36.5134    36.5131    23.8709    23.8686    1543.83    189.603    190.772         45 0.0000e+00
      25035   1043.072     35.757     36.000    26.7101    26.7180   5.704702   5.705426     3.0166     2.5687     100.00   28.07975  -89.99728   -0.01140   -0.01056     4.3103     4.3276    26.7019    26.7098    36.5617    36.5607    23.9901    23.9868    1543.75    187.990    188.745         54 0.0000e+00
      25087   1045.232     36.750     37.000    26.4950    26.5045   5.689924   5.690961     2.9855     2.5321      93.61   28.07976  -89.99728   -0.01431   -0.01617     4.2702     4.2691    26.4866    26.4961    36.6281    36.6283    24.1087    24.1058    1543.66    186.216    186.170         45 0.0000e+00
      25131   1047.063     37.743     38.000    26.3655    26.3701   5.677151   5.677670     2.9565     2.5107      66.92   28.07976  -89.99728   -0.01545   -0.01490     4.2228     4.2310    26.3569    26.3615    36.6348    36.6349    24.1549    24.1535    1543.57    184.144    184.502         50 0.0000e+00
      25188   1049.468     38.737     39.000    26.3138    26.3169   5.672095   5.672741     2.9338     2.4940      74.44   28.07976  -89.99728   -0.01261   -0.00903     4.1868     4.2024    26.3079    26.3082    36.6382    36.6393    24.1730    24.1730    1543.47    182.570    183.250         56 0.0000e+00
      25233   1051.340     39.730     40.000    26.1881    26.1910   5.658177   5.658567     2.9239     2.4877      99.69   28.07976  -89.99728   -0.00669   -0.00454     4.1756     4.1966    26.1791    26.1820    36.6372    36.6377    24.2128    24.2123    1543.38    182.072    182.988         40 0.0000e+00
      25278   1053.191     40.723     41.000    26.1525    26.1542   5.655435   5.655742     2.9081     2.4750      99.54   28.07977  -89.99729   -0.00683   -0.00493     4.1485     4.1728    26.1432    26.1450    36.6453    36.6461    24.2302    24.2303    1543.28    180.888    181.950         50 0.0000e+00
      25332   1055.438     41.716     42.000    26.1355    26.1368   5.655221   5.655448     2.8945     2.4611     100.00   28.07978  -89.99730   -0.00725   -0.00664     4.1243     4.1450    26.1261    26.1274    36.6569    36.6575    24.2444    24.2445    1543.20    179.830    180.734         56 0.0000e+00
      25384   1057.637     42.709     43.000    26.1134    26.1158   5.653513   5.653836     2.8835     2.4507     100.00   28.07978  -89.99730   -0.00538   -0.00519     4.1086     4.1295    26.1038    26.1062    36.6625    36.6632    24.2557    24.2554    1543.11    179.143    180.058         46 0.0000e+00
      25426   1059.390     43.702     44.000    26.0349    26.0366   5.645740   5.646030     2.8701     2.4349      91.91   28.07978  -89.99730   -0.00569   -0.00672     4.0860     4.0977    26.0250    26.0267    36.6674    36.6682    24.2841    24.2841    1543.02    178.155    178.666         43 0.0000e+00
      25478   1061.538     44.696     45.000    25.9930    25.9952   5.641994   5.642297     2.8520     2.4220      95.55   28.07978  -89.99730   -0.00833   -0.00683     4.0551     4.0738    25.9829    25.9851    36.6732    36.6737    24.3017    24.3014    1542.94    176.803    177.621         61 0.0000e+00
      25534   1063.869     45.689     46.000    25.9327    25.9351   5.639239   5.639517     2.8333     2.4023     100.20   28.07978  -89.99732   -0.00752   -0.00754     4.0237     4.0364    25.9224    25.9248    36.7011    36.7012    24.3417    24.3410    1542.86    175.429    175.982         44 0.0000e+00
      25573   1065.490     46.682     47.000    25.8318    25.8391   5.630414   5.631206     2.8138     2.3858      75.71   28.07978  -89.99732   -0.00953   -0.00902     3.9940     4.0081    25.8213    25.8286    36.7169    36.7169    24.3853    24.3830    1542.79    174.125    174.742         41 0.0000e+00
      25628   1067.803     47.675     48.000    25.7385    25.7416   5.621551   5.621971     2.7884     2.3640      93.83   28.07978  -89.99732   -0.01158   -0.01010     3.9525     3.9691    25.7278    25.7309    36.7264    36.7270    24.4217    24.4212    1542.70    172.308    173.036         66 0.0000e+00
      25679   1069.927     48.668     49.000    25.7135    25.7144   5.619308   5.619505     2.7765     2.3538     100.22   28.07980  -89.99732   -0.00842   -0.00632     3.9319     3.9497    25.7026    25.7035    36.7297    36.7305    24.4321    24.4323    1542.62    171.411    172.186         34 0.0000e+00
      25719   1071.563     49.661     50.000    25.6924    25.6940   5.616675   5.616980     2.7739     2.3505     100.00   28.07980  -89.99732   -0.00397   -0.00416     3.9290     3.9446    25.6813    25.6829    36.7269    36.7279    24.4366    24.4369    1542.54    171.282    171.965         40 0.0000e+00
      25785   1074.344     50.654     51.000    25.6548    25.6502   5.611999   5.611455     2.7696     2.3452     100.00   28.07980  -89.99732   -0.00145   -0.00140     3.9243     3.9368    25.6439    25.6389    36.7221    36.7221    24.4445    24.4462    1542.47    171.076    171.621         44 0.0000e+00
      25825   1075.982     51.647     52.000    25.5892    25.5944   5.607385   5.607856     2.7648     2.3418     100.00   28.07980  -89.99734   -0.00179   -0.00239     3.9195     3.9335    25.5776    25.5828    36.7410    36.7403    24.4795    24.4773    1542.40    170.864    171.474         36 0.0000e+00
      25869   1077.823     52.640     53.000    25.3611    25.3714   5.587783   5.588886     2.7443     2.3232      85.31   28.07980  -89.99734   -0.00563   -0.00428     3.8956     3.9083    25.3494    25.3597    36.7801    36.7799    24.5797    24.5764    1542.32    169.803    170.357         54 0.0000e+00
      25935   1080.581     53.634     54.000    25.1043    25.1063   5.561612   5.561957     2.7036     2.2890     101.38   28.07981  -89.99734   -0.01496   -0.01322     3.8356     3.8532    25.0925    25.0945    36.7936    36.7945    24.6691    24.6692    1542.23    167.175    167.939         52 0.0000e+00
      25974   1082.198     54.627     55.000    24.9252    24.9303   5.541670   5.542302     2.6861     2.2735     100.00   28.07982  -89.99734   -0.01290   -0.01087     3.8148     3.8321    24.9133    24.9183    36.7902    36.7908    24.7214    24.7204    1542.14    166.260    167.014         37 0.0000e+00
      26018   1084.054     55.620     56.000    24.7961    24.8018   5.528731   5.529397     2.6666     2.2547     100.00   28.07982  -89.99734   -0.01125   -0.01005     3.7863     3.8006    24.7840    24.7897    36.7983    36.7987    24.7670    24.7656    1542.05    165.008    165.631         56 0.0000e+00
