Gulf of Mexico/GOMECC-4/1db/rb2103_1021.ros
* Sea-Bird SBE 9 Data File:
* FileName = C:\Users\scs.user.rb\CTD\GOMECC4\data\rb2103_1021.hex
* Software Version Seasave V 7.26.7.107
* Temperature SN = 4799
* Conductivity SN = 3860
* Number of Bytes Per Scan = 41
* Number of Voltage Words = 4
* Number of Scans Averaged by the Deck Unit = 1
* NMEA Latitude = 23 46.13 N
* NMEA Longitude = 088 00.04 W
* NMEA UTC (Time) = Oct 12 2021  22:30:12
* NMEA baud rate = 4800
# nquan = 17
# nvalues = 2128                                  
# units = specified
# name 0 = scan: Scan Count
# name 1 = timeS: Time, Elapsed [seconds]
# name 2 = depSM: Depth [salt water, m]
# name 3 = prDM: Pressure, Digiquartz [db]
# name 4 = t090C: Temperature [ITS-90, deg C]
# name 5 = t190C: Temperature, 2 [ITS-90, deg C]
# name 6 = c0S/m: Conductivity [S/m]
# name 7 = c1S/m: Conductivity, 2 [S/m]
# name 8 = sbeox0V: Oxygen raw, SBE 43 [V]
# name 9 = sbeox1V: Oxygen raw, SBE 43, 2 [V]
# name 10 = altM: Altimeter [m]
# name 11 = latitude: Latitude [deg]
# name 12 = longitude: Longitude [deg]
# name 13 = sbox0dV/dT: Oxygen, SBE 43 [dov/dt]
# name 14 = sbox1dV/dT: Oxygen, SBE 43, 2 [dov/dt]
# name 15 = nbf: Bottles Fired
# name 16 = flag:  0.000e+00
# interval = seconds: 0.0416667
# start_time = Oct 12 2021 22:30:12 [NMEA time, header]
# bad_flag = -9.990e-29
*END*
[from data line 341]
      27130   1130.375    124.818    125.653    19.1202    19.1257   4.885127   4.886192     1.9670     1.6276       9.28   23.77062  -87.99956   -0.00006   -0.00082          3  0.000e+00
      27131   1130.417    124.771    125.606    19.1201    19.1257   4.885157   4.886191     1.9670     1.6264       9.28   23.77062  -87.99956   -0.00004   -0.00081          3  0.000e+00
      27132   1130.458    124.771    125.606    19.1195    19.1263   4.885179   4.886251     1.9670     1.6276       9.28   23.77062  -87.99956   -0.00004   -0.00079          3  0.000e+00
      27133   1130.500    124.818    125.653    19.1193    19.1268   4.885142   4.886333     1.9683     1.6276       9.28   23.77062  -87.99956   -0.00001   -0.00076          3  0.000e+00
      27134   1130.542    124.757    125.592    19.1197    19.1266   4.885135   4.886333     1.9683     1.6276       9.28   23.77062  -87.99956    0.00003   -0.00074          3  0.000e+00
      27135   1130.583    124.771    125.606    19.1181    19.1256   4.885105   4.886377     1.9670     1.6276       9.28   23.77062  -87.99956    0.00002   -0.00071          3  0.000e+00
      27136   1130.625    124.771    125.606    19.1171    19.1252   4.885083   4.886333     1.9670     1.6276       9.28   23.77062  -87.99956    0.00002   -0.00068          3  0.000e+00
      27137   1130.667    124.818    125.653    19.1168    19.1252   4.885091   4.886318     1.9670     1.6276       9.28   23.77062  -87.99956    0.00002   -0.00066          3  0.000e+00
      27138   1130.708    124.771    125.606    19.1166    19.1256   4.885061   4.886377     1.9670     1.6276       9.28   23.77062  -87.99956    0.00002   -0.00063          3  0.000e+00
      27139   1130.750    124.818    125.653    19.1173    19.1262   4.885083   4.886303     1.9683     1.6276       9.28   23.77062  -87.99956    0.00005   -0.00060          3  0.000e+00
      27140   1130.792    124.757    125.592    19.1180    19.1268   4.885098   4.886370     1.9670     1.6276       9.28   23.77062  -87.99956    0.00005   -0.00057          3  0.000e+00
      27141   1130.833    124.818    125.653    19.1185    19.1281   4.885098   4.886430     1.9670     1.6276       9.28   23.77062  -87.99956    0.00005   -0.00055          3  0.000e+00
      27142   1130.875    124.818    125.653    19.1178    19.1290   4.885061   4.886370     1.9683     1.6264       9.28   23.77062  -87.99956    0.00006   -0.00053          3  0.000e+00
      27143   1130.917    124.723    125.558    19.1169    19.1296   4.885083   4.886415     1.9683     1.6264       9.28   23.77062  -87.99956    0.00008   -0.00052          3  0.000e+00
      27144   1130.958    124.818    125.653    19.1162    19.1303   4.885032   4.886496     1.9670     1.6276       9.26   23.77062  -87.99956    0.00008   -0.00049          3  0.000e+00
      27145   1131.000    124.818    125.653    19.1150    19.1315   4.885039   4.886496     1.9683     1.6276       9.26   23.77062  -87.99956    0.00009   -0.00046          3  0.000e+00
      27146   1131.042    124.804    125.640    19.1142    19.1320   4.885017   4.886482     1.9670     1.6264       9.26   23.77062  -87.99956    0.00009   -0.00045          3  0.000e+00
      27147   1131.083    124.818    125.653    19.1155    19.1315   4.885010   4.886504     1.9670     1.6264       9.26   23.77062  -87.99956    0.00009   -0.00043          3  0.000e+00
      27148   1131.125    124.771    125.606    19.1154    19.1306   4.885039   4.886519     1.9683     1.6264       9.26   23.77062  -87.99956    0.00010   -0.00042          3  0.000e+00
      27149   1131.167    124.818    125.653    19.1138    19.1296   4.885017   4.886489     1.9670     1.6264       9.26   23.77062  -87.99956    0.00010   -0.00040          3  0.000e+00
      27150   1131.208    124.818    125.653    19.1164    19.1286   4.885039   4.886541     1.9670     1.6264       9.26   23.77062  -87.99956    0.00009   -0.00039          3  0.000e+00
      27151   1131.250    124.771    125.606    19.1181    19.1289   4.885105   4.886474     1.9683     1.6264       9.26   23.77062  -87.99956    0.00011   -0.00037          3  0.000e+00
      27152   1131.292    124.703    125.537    19.1187    19.1294   4.885194   4.886437     1.9670     1.6264       9.26   23.77062  -87.99956    0.00009   -0.00035          3  0.000e+00
      27153   1131.333    124.967    125.804    19.1199    19.1298   4.885157   4.886407     1.9670     1.6264       9.26   23.77062  -87.99956    0.00008   -0.00033          3  0.000e+00
      27154   1131.375    124.818    125.653    19.1185    19.1299   4.885039   4.886422     1.9670     1.6264       9.26   23.77062  -87.99956    0.00008   -0.00032          3  0.000e+00
      27155   1131.417    124.771    125.606    19.1183    19.1302   4.884885   4.886437     1.9670     1.6264       9.26   23.77062  -87.99956    0.00008   -0.00030          3  0.000e+00
      27156   1131.458    124.818    125.653    19.1176    19.1300   4.884783   4.886407     1.9670     1.6276       9.26   23.77062  -87.99956    0.00007   -0.00026          3  0.000e+00
      27157   1131.500    124.872    125.708    19.1149    19.1262   4.884731   4.886311     1.9670     1.6264       9.26   23.77062  -87.99956    0.00007   -0.00024          3  0.000e+00
      27158   1131.542    124.818    125.653    19.1114    19.1238   4.884695   4.886214     1.9670     1.6264       9.26   23.77062  -87.99956    0.00006   -0.00022          3  0.000e+00
      27159   1131.583    124.804    125.640    19.1117    19.1226   4.884651   4.886125     1.9670     1.6264       9.26   23.77062  -87.99956    0.00006   -0.00019          3  0.000e+00
      27160   1131.625    124.872    125.708    19.1131    19.1223   4.884673   4.886080     1.9670     1.6264       9.26   23.77062  -87.99956    0.00006   -0.00019          3  0.000e+00
      27161   1131.667    124.818    125.653    19.1112    19.1226   4.884621   4.886035     1.9670     1.6264       9.26   23.77062  -87.99956    0.00005   -0.00018          3  0.000e+00
      27162   1131.708    124.818    125.653    19.1107    19.1226   4.884629   4.885968     1.9670     1.6264       9.26   23.77062  -87.99956    0.00005   -0.00018          3  0.000e+00
      27163   1131.750    124.872    125.708    19.1105    19.1232   4.884643   4.886006     1.9670     1.6276       9.26   23.77062  -87.99956    0.00004   -0.00015          3  0.000e+00
      27164   1131.792    124.818    125.653    19.1130    19.1240   4.884731   4.886058     1.9683     1.6276       9.26   23.77062  -87.99958    0.00006   -0.00011          3  0.000e+00
      27165   1131.833    124.859    125.694    19.1133    19.1250   4.884768   4.886035     1.9670     1.6264       9.26   23.77062  -87.99958    0.00004   -0.00011          3  0.000e+00
      27166   1131.875    124.872    125.708    19.1153    19.1251   4.884790   4.885998     1.9670     1.6276       9.26   23.77062  -87.99958    0.00003   -0.00008          3  0.000e+00
      27167   1131.917    124.818    125.653    19.1166    19.1252   4.884775   4.885924     1.9670     1.6264       9.23   23.77062  -87.99958    0.00003   -0.00008          3  0.000e+00
      27168   1131.958    124.872    125.708    19.1176    19.1234   4.884856   4.885879     1.9683     1.6276       9.21   23.77062  -87.99958    0.00004   -0.00003          3  0.000e+00
      27169   1132.000    124.872    125.708    19.1178    19.1224   4.884915   4.885864     1.9683     1.6264       9.21   23.77062  -87.99958    0.00005   -0.00003          3  0.000e+00
      27170   1132.042    124.818    125.653    19.1152    19.1211   4.884863   4.885708     1.9670     1.6276       9.21   23.77062  -87.99958    0.00005    0.00002          3  0.000e+00
      27171   1132.083    124.872    125.708    19.1143    19.1196   4.884783   4.885440     1.9670     1.6276       9.21   23.77062  -87.99958    0.00004    0.00004          3  0.000e+00
      27172   1132.125    124.906    125.742    19.1188    19.1183   4.884731   4.885277     1.9670     1.6264       9.21   23.77062  -87.99958    0.00004    0.00005          3  0.000e+00
      27173   1132.167    124.818    125.653    19.1171    19.1155   4.884695   4.885091     1.9670     1.6264       9.21   23.77062  -87.99958    0.00003    0.00006          3  0.000e+00
      27174   1132.208    124.872    125.708    19.1149    19.1124   4.884651   4.885009     1.9670     1.6276       9.21   23.77062  -87.99958    0.00003    0.00010          3  0.000e+00
      27175   1132.250    124.920    125.756    19.1146    19.1107   4.884548   4.885039     1.9670     1.6276       9.21   23.77062  -87.99958    0.00002    0.00015          3  0.000e+00
      27176   1132.292    124.872    125.708    19.1149    19.1121   4.884548   4.885135     1.9670     1.6276       9.21   23.77062  -87.99958    0.00002    0.00018          3  0.000e+00
      27177   1132.333    124.872    125.708    19.1168    19.1150   4.884430   4.885128     1.9670     1.6276       9.21   23.77062  -87.99958    0.00001    0.00020          3  0.000e+00
      27178   1132.375    124.906    125.742    19.1149    19.1159   4.884269   4.885150     1.9683     1.6276       9.21   23.77062  -87.99958    0.00002    0.00023          3  0.000e+00
      27179   1132.417    124.872    125.708    19.1117    19.1158   4.884166   4.885254     1.9670     1.6276       9.21   23.77062  -87.99958    0.00003    0.00026          3  0.000e+00
      27180   1132.458    124.872    125.708    19.1103    19.1142   4.884115   4.885314     1.9683     1.6276       9.21   23.77062  -87.99958    0.00005    0.00028          3  0.000e+00
      27181   1132.500    124.920    125.756    19.1060    19.1154   4.883983   4.885307     1.9670     1.6276       9.21   23.77062  -87.99958    0.00004    0.00031          3  0.000e+00
      27182   1132.542    124.872    125.708    19.1052    19.1159   4.883880   4.885321     1.9670     1.6276       9.21   23.77062  -87.99958    0.00004    0.00034          3  0.000e+00
      27183   1132.583    124.872    125.708    19.1048    19.1121   4.883829   4.885202     1.9670     1.6276       9.21   23.77062  -87.99958    0.00003    0.00035          3  0.000e+00
      27184   1132.625    124.906    125.742    19.1034    19.1070   4.883814   4.885039     1.9670     1.6276       9.21   23.77062  -87.99958    0.00002    0.00036          3  0.000e+00
      27185   1132.667    124.920    125.756    19.1008    19.1046   4.883689   4.884905     1.9670     1.6276       9.21   23.77062  -87.99958    0.00004    0.00037          3  0.000e+00
      27186   1132.708    124.872    125.708    19.0997    19.1047   4.883653   4.884846     1.9670     1.6276       9.21   23.77062  -87.99958    0.00003    0.00037          3  0.000e+00
      27187   1132.750    124.920    125.756    19.0994    19.1047   4.883653   4.884771     1.9683     1.6276       9.21   23.77062  -87.99958    0.00006    0.00038          3  0.000e+00
      29839   1243.250    109.776    110.506    20.1504    20.1718   4.999180   5.001420     2.0855     1.7375      24.37   23.77068  -87.99960    0.00038    0.00074          4  0.000e+00
      29840   1243.292    109.410    110.138    20.1506    20.1714   4.999180   5.001442     2.0855     1.7375      24.37   23.77068  -87.99960    0.00034    0.00076          4  0.000e+00
      29841   1243.333    109.383    110.110    20.1509    20.1718   4.999306   5.001420     2.0867     1.7363      24.37   23.77068  -87.99960    0.00031    0.00076          4  0.000e+00
      29842   1243.375    109.457    110.186    20.1513    20.1717   4.999372   5.001420     2.0855     1.7363      24.37   23.77068  -87.99960    0.00027    0.00077          4  0.000e+00
      29843   1243.417    109.430    110.158    20.1519    20.1714   4.999387   5.001412     2.0867     1.7375      24.37   23.77068  -87.99960    0.00026    0.00079          4  0.000e+00
      29844   1243.458    109.457    110.186    20.1537    20.1712   4.999410   5.001412     2.0855     1.7375      24.37   23.77068  -87.99960    0.00023    0.00081          4  0.000e+00
      29845   1243.500    109.430    110.158    20.1551    20.1716   4.999395   5.001412     2.0855     1.7375      24.37   23.77068  -87.99960    0.00019    0.00083          4  0.000e+00
      29846   1243.542    109.457    110.186    20.1579    20.1717   4.999550   5.001420     2.0855     1.7375      24.37   23.77068  -87.99960    0.00016    0.00085          4  0.000e+00
      29847   1243.583    109.477    110.206    20.1584    20.1714   4.999654   5.001382     2.0855     1.7375      24.37   23.77068  -87.99960    0.00013    0.00087          4  0.000e+00
      29848   1243.625    109.430    110.158    20.1573    20.1716   4.999654   5.001397     2.0855     1.7363      24.37   23.77068  -87.99960    0.00009    0.00087          4  0.000e+00
      29849   1243.667    109.457    110.186    20.1579    20.1715   4.999691   5.001420     2.0855     1.7363      24.37   23.77068  -87.99960    0.00008    0.00087          4  0.000e+00
      29850   1243.708    109.477    110.206    20.1572    20.1718   4.999624   5.001352     2.0855     1.7375      24.37   23.77068  -87.99960    0.00004    0.00089          4  0.000e+00
      29851   1243.750    109.457    110.186    20.1567    20.1717   4.999632   5.001292     2.0855     1.7375      24.37   23.77068  -87.99960    0.00001    0.00091          4  0.000e+00
      29852   1243.792    109.430    110.158    20.1565    20.1714   4.999632   5.001134     2.0855     1.7375      24.37   23.77068  -87.99960   -0.00003    0.00092          4  0.000e+00
      29853   1243.833    109.457    110.186    20.1565    20.1706   4.999765   5.001044     2.0855     1.7375      24.37   23.77068  -87.99960   -0.00006    0.00094          4  0.000e+00
      29854   1243.875    109.477    110.206    20.1576    20.1684   4.999736   5.000781     2.0867     1.7375      24.37   23.77068  -87.99960   -0.00008    0.00095          4  0.000e+00
      29855   1243.917    109.457    110.186    20.1572    20.1671   4.999758   5.000489     2.0855     1.7375      24.35   23.77068  -87.99960   -0.00012    0.00097          4  0.000e+00
      29856   1243.958    109.477    110.206    20.1569    20.1616   4.999736   5.000188     2.0855     1.7375      24.35   23.77068  -87.99960   -0.00015    0.00098          4  0.000e+00
      29857   1244.000    109.457    110.186    20.1573    20.1597   4.999810   5.000143     2.0855     1.7375      24.35   23.77068  -87.99960   -0.00019    0.00098          4  0.000e+00
      29858   1244.042    109.430    110.158    20.1577    20.1602   4.999943   5.000353     2.0855     1.7375      24.35   23.77068  -87.99960   -0.00023    0.00097          4  0.000e+00
      29859   1244.083    109.457    110.186    20.1586    20.1622   5.000002   5.000691     2.0855     1.7375      24.35   23.77068  -87.99960   -0.00025    0.00096          4  0.000e+00
      29860   1244.125    109.477    110.206    20.1579    20.1642   4.999921   5.000872     2.0867     1.7375      24.35   23.77068  -87.99960   -0.00025    0.00095          4  0.000e+00
      29861   1244.167    109.457    110.186    20.1570    20.1662   4.999765   5.001014     2.0855     1.7375      24.35   23.77068  -87.99960   -0.00027    0.00094          4  0.000e+00
      29862   1244.208    109.477    110.206    20.1558    20.1677   4.999595   5.001067     2.0855     1.7375      24.32   23.77068  -87.99960   -0.00029    0.00093          4  0.000e+00
      29863   1244.250    109.457    110.186    20.1553    20.1674   4.999528   5.001007     2.0855     1.7399      24.35   23.77068  -87.99960   -0.00031    0.00096          4  0.000e+00
      29864   1244.292    109.430    110.158    20.1551    20.1691   4.999543   5.001127     2.0855     1.7387      24.35   23.77068  -87.99960   -0.00033    0.00096          4  0.000e+00
