Gulf of Mexico/GOMECC-4/1db/rb2103_0041.ros
* Sea-Bird SBE 9 Data File:
* FileName = C:\Users\scs.user.rb\CTD\GOMECC4\data\rb2103_004.hex
* Software Version Seasave V 7.26.7.107
* Temperature SN = 4799
* Conductivity SN = 3860
* Number of Bytes Per Scan = 41
* Number of Voltage Words = 4
* Number of Scans Averaged by the Deck Unit = 1
* NMEA Latitude = 26 59.65 N
* NMEA Longitude = 079 51.52 W
* NMEA UTC (Time) = Sep 14 2021  23:37:43
* NMEA baud rate = 4800
# nquan = 17
# nvalues = 2261                                  
# units = specified
# name 0 = scan: Scan Count
# name 1 = timeS: Time, Elapsed [seconds]
# name 2 = depSM: Depth [salt water, m]
# name 3 = prDM: Pressure, Digiquartz [db]
# name 4 = t090C: Temperature [ITS-90, deg C]
# name 5 = t190C: Temperature, 2 [ITS-90, deg C]
# name 6 = c0S/m: Conductivity [S/m]
# name 7 = c1S/m: Conductivity, 2 [S/m]
# name 8 = sbeox0V: Oxygen raw, SBE 43 [V]
# name 9 = sbeox1V: Oxygen raw, SBE 43, 2 [V]
# name 10 = altM: Altimeter [m]
# name 11 = latitude: Latitude [deg]
# name 12 = longitude: Longitude [deg]
# name 13 = sbox0dV/dT: Oxygen, SBE 43 [dov/dt]
# name 14 = sbox1dV/dT: Oxygen, SBE 43, 2 [dov/dt]
# name 15 = nbf: Bottles Fired
# name 16 = flag:  0.000e+00
# interval = seconds: 0.0416667
# start_time = Sep 14 2021 23:37:43 [NMEA time, header]
# bad_flag = -9.990e-29
*END*
[from data line 1022]
      53657   2235.667     74.828     75.337    24.3958    24.3932   5.441930   5.441876     2.9414     2.5116     100.00   27.00874  -79.85810    0.00017   -0.00080          8  0.000e+00
      53658   2235.708     74.881     75.390    24.3962    24.3935   5.441930   5.441900     2.9414     2.5116     100.00   27.00874  -79.85810    0.00013   -0.00086          8  0.000e+00
      53659   2235.750     74.828     75.337    24.3960    24.3935   5.441961   5.441900     2.9414     2.5116     100.00   27.00874  -79.85810    0.00011   -0.00091          8  0.000e+00
      53660   2235.792     74.828     75.337    24.3963    24.3937   5.441938   5.441923     2.9414     2.5116     100.00   27.00874  -79.85810    0.00008   -0.00097          8  0.000e+00
      53661   2235.833     74.828     75.337    24.3967    24.3940   5.441930   5.441970     2.9414     2.5116     100.00   27.00874  -79.85810    0.00004   -0.00103          8  0.000e+00
      53662   2235.875     74.768     75.276    24.3967    24.3942   5.441984   5.441985     2.9414     2.5128     100.00   27.00874  -79.85810    0.00001   -0.00106          8  0.000e+00
      53663   2235.917     74.881     75.390    24.3965    24.3942   5.441946   5.441931     2.9414     2.5116     100.00   27.00874  -79.85810   -0.00003   -0.00110          8  0.000e+00
      53664   2235.958     74.722     75.231    24.3963    24.3940   5.441930   5.441899     2.9414     2.5116     100.00   27.00874  -79.85810   -0.00006   -0.00115          8  0.000e+00
      53665   2236.000     74.934     75.444    24.3962    24.3939   5.441892   5.441962     2.9414     2.5128     100.00   27.00874  -79.85810   -0.00012   -0.00118          8  0.000e+00
      53666   2236.042     74.768     75.276    24.3956    24.3948   5.441854   5.442016     2.9402     2.5128     100.00   27.00874  -79.85810   -0.00018   -0.00120          8  0.000e+00
      53667   2236.083     74.828     75.337    24.3956    24.3944   5.441869   5.441993     2.9414     2.5128     100.00   27.00874  -79.85810   -0.00024   -0.00122          8  0.000e+00
      53668   2236.125     74.828     75.337    24.3958    24.3949   5.441854   5.442016     2.9414     2.5128     100.00   27.00874  -79.85810   -0.00029   -0.00122          8  0.000e+00
      53669   2236.167     74.828     75.337    24.3954    24.3960   5.441869   5.442102     2.9414     2.5128     100.00   27.00874  -79.85810   -0.00034   -0.00122          8  0.000e+00
      53670   2236.208     74.828     75.337    24.3955    24.3960   5.441854   5.442125     2.9414     2.5128     100.00   27.00874  -79.85810   -0.00037   -0.00124          8  0.000e+00
      53671   2236.250     74.768     75.276    24.3956    24.3958   5.441846   5.442086     2.9414     2.5116     100.00   27.00874  -79.85810   -0.00042   -0.00126          8  0.000e+00
      53672   2236.292     74.828     75.337    24.3953    24.3957   5.441808   5.442040     2.9414     2.5128     100.00   27.00874  -79.85810   -0.00046   -0.00126          8  0.000e+00
      53673   2236.333     74.768     75.276    24.3956    24.3955   5.441861   5.442032     2.9414     2.5116     100.00   27.00874  -79.85810   -0.00051   -0.00126          8  0.000e+00
      53674   2236.375     74.828     75.337    24.3956    24.3958   5.441815   5.442063     2.9414     2.5116     100.00   27.00874  -79.85810   -0.00054   -0.00126          8  0.000e+00
      53675   2236.417     74.828     75.337    24.3960    24.3957   5.441831   5.442110     2.9414     2.5116     100.00   27.00874  -79.85810   -0.00058   -0.00126          8  0.000e+00
      53676   2236.458     74.768     75.276    24.3958    24.3958   5.441831   5.442125     2.9414     2.5116     100.00   27.00874  -79.85810   -0.00061   -0.00125          8  0.000e+00
      53677   2236.500     74.775     75.284    24.3960    24.3958   5.441900   5.442149     2.9414     2.5116     100.00   27.00874  -79.85810   -0.00064   -0.00125          8  0.000e+00
      53678   2236.542     74.828     75.337    24.3967    24.3960   5.441930   5.442141     2.9426     2.5116     100.00   27.00874  -79.85810   -0.00065   -0.00124          8  0.000e+00
      53679   2236.583     74.828     75.337    24.3969    24.3964   5.441961   5.442156     2.9414     2.5116     100.00   27.00874  -79.85810   -0.00067   -0.00123          8  0.000e+00
      53680   2236.625     74.768     75.276    24.3967    24.3962   5.441938   5.442164     2.9426     2.5128     100.00   27.00874  -79.85810   -0.00068   -0.00120          8  0.000e+00
      53681   2236.667     74.768     75.276    24.3962    24.3957   5.441861   5.442063     2.9426     2.5128     100.00   27.00874  -79.85810   -0.00068   -0.00117          8  0.000e+00
      53682   2236.708     74.768     75.276    24.3953    24.3948   5.441846   5.441931     2.9426     2.5128     100.00   27.00874  -79.85810   -0.00067   -0.00114          8  0.000e+00
      53683   2236.750     74.828     75.337    24.3951    24.3942   5.441800   5.441923     2.9426     2.5128     100.00   27.00874  -79.85810   -0.00067   -0.00111          8  0.000e+00
      53684   2236.792     74.768     75.276    24.3942    24.3939   5.441761   5.441907     2.9426     2.5128     100.00   27.00876  -79.85810   -0.00066   -0.00108          8  0.000e+00
      53685   2236.833     74.768     75.277    24.3940    24.3937   5.441685   5.441900     2.9426     2.5128     100.00   27.00876  -79.85810   -0.00066   -0.00105          8  0.000e+00
      53686   2236.875     74.828     75.337    24.3940    24.3942   5.441692   5.441962     2.9438     2.5128     100.00   27.00876  -79.85810   -0.00064   -0.00101          8  0.000e+00
      53687   2236.917     74.768     75.277    24.3935    24.3953   5.441708   5.442117     2.9438     2.5128     100.00   27.00876  -79.85810   -0.00061   -0.00098          8  0.000e+00
      53688   2236.958     74.828     75.337    24.3940    24.3964   5.441669   5.442234     2.9438     2.5128     100.00   27.00876  -79.85810   -0.00061   -0.00094          8  0.000e+00
      53689   2237.000     74.828     75.337    24.3942    24.3968   5.441692   5.442156     2.9438     2.5140     100.00   27.00876  -79.85810   -0.00058   -0.00088          8  0.000e+00
      53690   2237.042     74.723     75.231    24.3944    24.3962   5.441662   5.442125     2.9426     2.5140     100.00   27.00876  -79.85810   -0.00058   -0.00083          8  0.000e+00
      53691   2237.083     74.828     75.337    24.3936    24.3960   5.441692   5.442125     2.9426     2.5140     100.00   27.00876  -79.85810   -0.00057   -0.00077          8  0.000e+00
      53692   2237.125     74.768     75.277    24.3935    24.3962   5.441639   5.442086     2.9426     2.5140     100.00   27.00876  -79.85810   -0.00057   -0.00072          8  0.000e+00
      53693   2237.167     74.881     75.391    24.3935    24.3958   5.441646   5.442079     2.9426     2.5140     100.00   27.00876  -79.85810   -0.00058   -0.00066          8  0.000e+00
      53694   2237.208     74.715     75.223    24.3936    24.3948   5.441662   5.442024     2.9426     2.5140     100.00   27.00876  -79.85810   -0.00059   -0.00060          8  0.000e+00
      53695   2237.250     74.828     75.338    24.3942    24.3940   5.441692   5.441954     2.9426     2.5140     100.00   27.00876  -79.85810   -0.00058   -0.00054          8  0.000e+00
      53696   2237.292     74.828     75.338    24.3945    24.3940   5.441708   5.441938     2.9426     2.5140     100.00   27.00876  -79.85810   -0.00059   -0.00048          8  0.000e+00
      53697   2237.333     74.828     75.338    24.3947    24.3944   5.441708   5.441970     2.9426     2.5153     100.00   27.00876  -79.85810   -0.00059   -0.00040          8  0.000e+00
      53698   2237.375     74.768     75.277    24.3943    24.3951   5.441731   5.442016     2.9426     2.5140     100.00   27.00876  -79.85810   -0.00058   -0.00034          8  0.000e+00
      54063   2252.583     74.999     75.509    24.3987    24.3929   5.442215   5.441822     2.9438     2.5140     100.00   27.00888  -79.85808    0.00045    0.00142          9  0.000e+00
      54064   2252.625     74.938     75.448    24.3987    24.3931   5.442207   5.441876     2.9438     2.5153     100.00   27.00888  -79.85808    0.00044    0.00150          9  0.000e+00
      54065   2252.667     74.613     75.121    24.3990    24.3935   5.442207   5.441899     2.9438     2.5153     100.00   27.00888  -79.85808    0.00043    0.00157          9  0.000e+00
      54066   2252.708     74.938     75.448    24.3989    24.3937   5.442207   5.441900     2.9426     2.5140     100.00   27.00888  -79.85808    0.00041    0.00161          9  0.000e+00
      54067   2252.750     74.606     75.113    24.3987    24.3937   5.442207   5.441899     2.9426     2.5153     100.00   27.00888  -79.85808    0.00038    0.00166          9  0.000e+00
      54068   2252.792     74.772     75.281    24.3989    24.3935   5.442191   5.441900     2.9426     2.5153     100.00   27.00890  -79.85808    0.00035    0.00170          9  0.000e+00
      54069   2252.833     74.719     75.228    24.3989    24.3935   5.442199   5.441899     2.9426     2.5153     100.00   27.00890  -79.85808    0.00034    0.00172          9  0.000e+00
      54070   2252.875     74.772     75.281    24.3990    24.3937   5.442168   5.441923     2.9426     2.5153     100.00   27.00890  -79.85808    0.00031    0.00174          9  0.000e+00
      54071   2252.917     74.719     75.228    24.3989    24.3935   5.442191   5.441837     2.9426     2.5153     100.00   27.00890  -79.85808    0.00029    0.00174          9  0.000e+00
      54072   2252.958     74.719     75.228    24.3990    24.3919   5.442230   5.441736     2.9426     2.5153     100.00   27.00890  -79.85808    0.00028    0.00174          9  0.000e+00
      54073   2253.000     74.772     75.281    24.3988    24.3926   5.442214   5.441814     2.9426     2.5153     100.00   27.00890  -79.85808    0.00027    0.00174          9  0.000e+00
      54074   2253.042     74.719     75.228    24.3989    24.3940   5.442168   5.441985     2.9414     2.5153     100.00   27.00890  -79.85808    0.00022    0.00174          9  0.000e+00
      54075   2253.083     74.772     75.281    24.3988    24.3946   5.442214   5.442063     2.9426     2.5153     100.00   27.00890  -79.85808    0.00021    0.00172          9  0.000e+00
      54076   2253.125     74.659     75.167    24.3992    24.3951   5.442237   5.442040     2.9426     2.5153     100.00   27.00890  -79.85808    0.00018    0.00170          9  0.000e+00
      54077   2253.167     74.719     75.228    24.3994    24.3953   5.442276   5.442032     2.9426     2.5153     100.00   27.00890  -79.85808    0.00015    0.00167          9  0.000e+00
      54078   2253.208     74.727     75.235    24.4001    24.3951   5.442322   5.442102     2.9426     2.5153     100.00   27.00890  -79.85808    0.00012    0.00165          9  0.000e+00
      54079   2253.250     74.719     75.228    24.4001    24.3953   5.442337   5.442086     2.9426     2.5153     100.00   27.00890  -79.85808    0.00009    0.00162          9  0.000e+00
      54080   2253.292     74.719     75.228    24.4001    24.3953   5.442299   5.442055     2.9426     2.5153     100.00   27.00890  -79.85808    0.00008    0.00159          9  0.000e+00
      54081   2253.333     74.719     75.228    24.4004    24.3951   5.442360   5.442071     2.9426     2.5165     100.00   27.00890  -79.85808    0.00006    0.00156          9  0.000e+00
      54082   2253.375     74.719     75.228    24.3999    24.3953   5.442337   5.442040     2.9426     2.5165     100.00   27.00890  -79.85808    0.00003    0.00154          9  0.000e+00
      54083   2253.417     74.719     75.228    24.4002    24.3955   5.442368   5.442102     2.9426     2.5165     100.00   27.00890  -79.85808   -0.00000    0.00152          9  0.000e+00
      54084   2253.458     74.772     75.281    24.4006    24.3957   5.442383   5.442149     2.9426     2.5165     100.00   27.00890  -79.85808   -0.00003    0.00148          9  0.000e+00
      54085   2253.500     74.659     75.167    24.4003    24.3962   5.442345   5.442164     2.9426     2.5165     100.00   27.00890  -79.85808   -0.00006    0.00144          9  0.000e+00
      54086   2253.542     74.719     75.228    24.4004    24.3964   5.442337   5.442195     2.9426     2.5165     100.00   27.00890  -79.85808   -0.00009    0.00142          9  0.000e+00
      54087   2253.583     74.719     75.228    24.4004    24.3966   5.442368   5.442211     2.9426     2.5165     100.00   27.00890  -79.85808   -0.00012    0.00139          9  0.000e+00
      54088   2253.625     74.719     75.228    24.4006    24.3978   5.442383   5.442304     2.9426     2.5165     100.00   27.00890  -79.85808   -0.00014    0.00136          9  0.000e+00
      54089   2253.667     74.719     75.228    24.4004    24.3989   5.442406   5.442413     2.9426     2.5165     100.00   27.00890  -79.85808   -0.00017    0.00133          9  0.000e+00
      54090   2253.708     74.674     75.182    24.4006    24.3987   5.442391   5.442335     2.9426     2.5153     100.00   27.00890  -79.85808   -0.00020    0.00128          9  0.000e+00
      54091   2253.750     74.719     75.228    24.4004    24.3977   5.442345   5.442234     2.9426     2.5165     100.00   27.00890  -79.85808   -0.00021    0.00126          9  0.000e+00
      54092   2253.792     74.719     75.228    24.4003    24.3966   5.442368   5.442172     2.9426     2.5165     100.00   27.00890  -79.85808   -0.00024    0.00124          9  0.000e+00
      54093   2253.833     74.719     75.228    24.4003    24.3955   5.442345   5.442024     2.9426     2.5153     100.00   27.00890  -79.85808   -0.00025    0.00120          9  0.000e+00
      54094   2253.875     74.719     75.228    24.4001    24.3946   5.442299   5.441985     2.9426     2.5153     100.00   27.00890  -79.85808   -0.00026    0.00116          9  0.000e+00
      54095   2253.917     74.719     75.228    24.4001    24.3948   5.442314   5.442001     2.9438     2.5165     100.00   27.00890  -79.85808   -0.00027    0.00113          9  0.000e+00
      54096   2253.958     74.719     75.228    24.3999    24.3953   5.442330   5.442024     2.9438     2.5153     100.00   27.00890  -79.85808   -0.00026    0.00109          9  0.000e+00
      54097   2254.000     74.720     75.228    24.3990    24.3962   5.442268   5.442125     2.9426     2.5165     100.00   27.00890  -79.85808   -0.00029    0.00108          9  0.000e+00
      54098   2254.042     74.720     75.228    24.3989    24.3971   5.442214   5.442296     2.9438     2.5165     100.00   27.00890  -79.85808   -0.00028    0.00107          9  0.000e+00
      54099   2254.083     74.720     75.228    24.3983    24.3975   5.442138   5.442343     2.9438     2.5165     100.00   27.00890  -79.85808   -0.00028    0.00106          9  0.000e+00
      54100   2254.125     74.659     75.167    24.3978    24.3975   5.442145   5.442273     2.9438     2.5165     100.00   27.00890  -79.85808   -0.00027    0.00104          9  0.000e+00
      54101   2254.167     74.720     75.228    24.3976    24.3977   5.442092   5.442289     2.9438     2.5165     100.00   27.00890  -79.85808   -0.00028    0.00103          9  0.000e+00
      54102   2254.208     74.773     75.281    24.3974    24.3975   5.442092   5.442304     2.9438     2.5165     100.00   27.00890  -79.85808   -0.00027    0.00101          9  0.000e+00
      54103   2254.250     74.674     75.182    24.3976    24.3973   5.442076   5.442304     2.9438     2.5165     100.00   27.00890  -79.85808   -0.00028    0.00099          9  0.000e+00
      54104   2254.292     74.720     75.228    24.3974    24.3980   5.442030   5.442328     2.9438     2.5165     100.00   27.00890  -79.85808   -0.00029    0.00099          9  0.000e+00
