Gulf of Mexico/GOMECC-4/1db/rb2103_1371.ros
* Sea-Bird SBE 9 Data File:
* FileName = C:\Users\scs.user.rb\CTD\GOMECC4\data\rb2103_1371.hex
* Software Version Seasave V 7.26.7.107
* Temperature SN = 4799
* Conductivity SN = 3860
* Number of Bytes Per Scan = 41
* Number of Voltage Words = 4
* Number of Scans Averaged by the Deck Unit = 1
* NMEA Latitude = 26 00.14 N
* NMEA Longitude = 084 11.82 W
* NMEA UTC (Time) = Oct 20 2021  06:05:28
* NMEA baud rate = 4800
# nquan = 17
# nvalues = 1330                                  
# units = specified
# name 0 = scan: Scan Count
# name 1 = timeS: Time, Elapsed [seconds]
# name 2 = depSM: Depth [salt water, m]
# name 3 = prDM: Pressure, Digiquartz [db]
# name 4 = t090C: Temperature [ITS-90, deg C]
# name 5 = t190C: Temperature, 2 [ITS-90, deg C]
# name 6 = c0S/m: Conductivity [S/m]
# name 7 = c1S/m: Conductivity, 2 [S/m]
# name 8 = sbeox0V: Oxygen raw, SBE 43 [V]
# name 9 = sbeox1V: Oxygen raw, SBE 43, 2 [V]
# name 10 = altM: Altimeter [m]
# name 11 = latitude: Latitude [deg]
# name 12 = longitude: Longitude [deg]
# name 13 = sbox0dV/dT: Oxygen, SBE 43 [dov/dt]
# name 14 = sbox1dV/dT: Oxygen, SBE 43, 2 [dov/dt]
# name 15 = nbf: Bottles Fired
# name 16 = flag:  0.000e+00
# interval = seconds: 0.0416667
# start_time = Oct 20 2021 06:05:28 [NMEA time, header]
# bad_flag = -9.990e-29
*END*
[from data line 1107]
      35828   1492.792     14.702     14.799    28.5321    28.5313   5.752410   5.752713     3.1306     2.6520      68.35   26.00306  -84.19700   -0.00080    0.00108          9  0.000e+00
      35829   1492.833     14.750     14.847    28.5323    28.5312   5.752418   5.752776     3.1306     2.6520      68.60   26.00306  -84.19700   -0.00083    0.00109          9  0.000e+00
      35830   1492.875     14.702     14.799    28.5325    28.5312   5.752355   5.752768     3.1294     2.6508      68.64   26.00306  -84.19700   -0.00085    0.00108          9  0.000e+00
      35831   1492.917     14.702     14.799    28.5328    28.5310   5.752324   5.752784     3.1306     2.6520      68.62   26.00306  -84.19700   -0.00085    0.00107          9  0.000e+00
      35832   1492.958     14.750     14.847    28.5326    28.5310   5.752284   5.752840     3.1306     2.6520      68.62   26.00306  -84.19700   -0.00086    0.00108          9  0.000e+00
      35833   1493.000     14.750     14.847    28.5325    28.5313   5.752253   5.752776     3.1306     2.6520      68.62   26.00306  -84.19700   -0.00086    0.00109          9  0.000e+00
      35834   1493.042     14.702     14.799    28.5323    28.5315   5.752151   5.752752     3.1319     2.6520      68.62   26.00306  -84.19700   -0.00084    0.00110          9  0.000e+00
      35835   1493.083     14.750     14.847    28.5319    28.5319   5.752198   5.752784     3.1319     2.6520      68.62   26.00306  -84.19700   -0.00082    0.00110          9  0.000e+00
      35836   1493.125     14.750     14.847    28.5319    28.5334   5.752135   5.752840     3.1319     2.6520      68.62   26.00306  -84.19700   -0.00080    0.00111          9  0.000e+00
      35837   1493.167     14.750     14.847    28.5312    28.5348   5.752080   5.752920     3.1319     2.6520      68.62   26.00306  -84.19700   -0.00078    0.00112          9  0.000e+00
      35838   1493.208     14.750     14.847    28.5314    28.5345   5.752166   5.752840     3.1319     2.6520      68.62   26.00306  -84.19700   -0.00075    0.00112          9  0.000e+00
      35839   1493.250     14.750     14.847    28.5312    28.5337   5.752143   5.752736     3.1319     2.6532      68.62   26.00306  -84.19700   -0.00075    0.00116          9  0.000e+00
      35840   1493.292     14.750     14.847    28.5316    28.5330   5.752198   5.752673     3.1319     2.6532      68.62   26.00306  -84.19700   -0.00074    0.00118          9  0.000e+00
      35841   1493.333     14.750     14.847    28.5315    28.5323   5.752206   5.752697     3.1331     2.6532      68.62   26.00306  -84.19700   -0.00071    0.00122          9  0.000e+00
      35842   1493.375     14.797     14.894    28.5317    28.5323   5.752253   5.752776     3.1331     2.6532      68.62   26.00306  -84.19700   -0.00069    0.00126          9  0.000e+00
      35843   1493.417     14.750     14.847    28.5318    28.5325   5.752237   5.752872     3.1319     2.6520      68.60   26.00306  -84.19700   -0.00068    0.00128          9  0.000e+00
      35844   1493.458     14.750     14.847    28.5317    28.5332   5.752277   5.752896     3.1319     2.6532      68.62   26.00306  -84.19700   -0.00067    0.00131          9  0.000e+00
      35845   1493.500     14.797     14.894    28.5317    28.5354   5.752245   5.752936     3.1331     2.6532      68.62   26.00306  -84.19700   -0.00064    0.00135          9  0.000e+00
      35846   1493.542     14.797     14.894    28.5317    28.5361   5.752261   5.753087     3.1331     2.6532      68.62   26.00306  -84.19700   -0.00061    0.00136          9  0.000e+00
      35847   1493.583     14.797     14.894    28.5319    28.5367   5.752182   5.753239     3.1331     2.6532      68.60   26.00306  -84.19700   -0.00058    0.00138          9  0.000e+00
      35848   1493.625     14.797     14.894    28.5323    28.5367   5.752277   5.753095     3.1331     2.6520      68.62   26.00306  -84.19700   -0.00055    0.00138          9  0.000e+00
      35849   1493.667     14.797     14.894    28.5323    28.5365   5.752324   5.753111     3.1331     2.6520      68.62   26.00306  -84.19700   -0.00052    0.00137          9  0.000e+00
      35850   1493.708     14.797     14.894    28.5323    28.5388   5.752261   5.753804     3.1319     2.6520      69.47   26.00306  -84.19700   -0.00051    0.00137          9  0.000e+00
      35851   1493.750     14.844     14.942    28.5321    28.5435   5.752300   5.754673     3.1319     2.6508      70.06   26.00306  -84.19700   -0.00049    0.00135          9  0.000e+00
      35852   1493.792     14.851     14.949    28.5321    28.5444   5.752261   5.754841     3.1319     2.6508      70.16   26.00306  -84.19700   -0.00048    0.00132          9  0.000e+00
      35853   1493.833     14.797     14.894    28.5323    28.5442   5.752300   5.754657     3.1319     2.6508      70.11   26.00306  -84.19700   -0.00048    0.00130          9  0.000e+00
      35854   1493.875     14.851     14.949    28.5323    28.5437   5.752324   5.754482     3.1319     2.6508      70.09   26.00306  -84.19700   -0.00047    0.00128          9  0.000e+00
      35855   1493.917     14.797     14.894    28.5321    28.5428   5.752300   5.754307     3.1319     2.6508      70.09   26.00306  -84.19700   -0.00045    0.00125          9  0.000e+00
      35856   1493.958     14.851     14.949    28.5325    28.5420   5.752347   5.754163     3.1331     2.6508      70.09   26.00306  -84.19700   -0.00042    0.00123          9  0.000e+00
      35857   1494.000     14.851     14.949    28.5325    28.5410   5.752402   5.754123     3.1319     2.6496      70.09   26.00306  -84.19700   -0.00040    0.00117          9  0.000e+00
      35858   1494.042     14.844     14.942    28.5334    28.5408   5.752497   5.754339     3.1319     2.6496      70.09   26.00306  -84.19700   -0.00038    0.00111          9  0.000e+00
      35859   1494.083     14.899     14.997    28.5345    28.5419   5.752693   5.754474     3.1319     2.6496      70.09   26.00306  -84.19700   -0.00037    0.00105          9  0.000e+00
      35860   1494.125     14.851     14.949    28.5349    28.5434   5.752851   5.754610     3.1319     2.6496      70.09   26.00306  -84.19700   -0.00037    0.00099          9  0.000e+00
      35861   1494.167     14.899     14.997    28.5358    28.5441   5.753008   5.754641     3.1319     2.6496      70.09   26.00306  -84.19700   -0.00036    0.00093          9  0.000e+00
      35862   1494.208     14.851     14.949    28.5360    28.5439   5.753031   5.754681     3.1319     2.6496      70.09   26.00306  -84.19700   -0.00034    0.00087          9  0.000e+00
      35863   1494.250     14.899     14.997    28.5356    28.5443   5.752961   5.754865     3.1331     2.6496      70.09   26.00306  -84.19700   -0.00032    0.00080          9  0.000e+00
      35864   1494.292     14.899     14.997    28.5356    28.5453   5.752803   5.755144     3.1319     2.6484      70.09   26.00306  -84.19700   -0.00030    0.00072          9  0.000e+00
      35865   1494.333     14.851     14.949    28.5354    28.5461   5.752961   5.755311     3.1319     2.6496      70.09   26.00306  -84.19700   -0.00028    0.00064          9  0.000e+00
      35866   1494.375     14.899     14.997    28.5380    28.5467   5.753204   5.755391     3.1331     2.6496      70.09   26.00306  -84.19700   -0.00026    0.00056          9  0.000e+00
      35867   1494.417     14.946     15.044    28.5376    28.5473   5.753173   5.755463     3.1331     2.6496      70.09   26.00306  -84.19700   -0.00024    0.00048          9  0.000e+00
      35868   1494.458     14.899     14.997    28.5374    28.5474   5.753126   5.755462     3.1331     2.6496      70.09   26.00306  -84.19700   -0.00022    0.00040          9  0.000e+00
      35869   1494.500     14.899     14.997    28.5385    28.5470   5.753126   5.755407     3.1331     2.6496      70.09   26.00306  -84.19700   -0.00020    0.00032          9  0.000e+00
      35870   1494.542     14.946     15.044    28.5387    28.5467   5.753173   5.755327     3.1331     2.6496      70.11   26.00306  -84.19700   -0.00017    0.00023          9  0.000e+00
      35871   1494.583     14.899     14.997    28.5389    28.5454   5.753315   5.755231     3.1331     2.6496      70.09   26.00306  -84.19700   -0.00015    0.00015          9  0.000e+00
      35872   1494.625     14.899     14.997    28.5382    28.5454   5.753362   5.755207     3.1331     2.6496      70.06   26.00306  -84.19700   -0.00013    0.00007          9  0.000e+00
      35873   1494.667     14.946     15.044    28.5367    28.5461   5.753197   5.755279     3.1331     2.6496      86.50   26.00306  -84.19700   -0.00011   -0.00002          9  0.000e+00
      35874   1494.708     14.899     14.997    28.5363    28.5463   5.753126   5.755335     3.1331     2.6496      99.24   26.00306  -84.19700   -0.00009   -0.00011          9  0.000e+00
      35875   1494.750     14.899     14.997    28.5349    28.5460   5.752984   5.755319     3.1343     2.6496     100.00   26.00306  -84.19700   -0.00007   -0.00019          9  0.000e+00
      35876   1494.792     14.797     14.895    28.5330    28.5457   5.752843   5.755263     3.1343     2.6496     100.00   26.00306  -84.19700   -0.00005   -0.00026          9  0.000e+00
      35877   1494.833     15.048     15.147    28.5323    28.5455   5.752725   5.755231     3.1343     2.6496     100.00   26.00306  -84.19700   -0.00003   -0.00033          9  0.000e+00
      35878   1494.875     15.000     15.099    28.5321    28.5453   5.752560   5.755247     3.1343     2.6508      99.98   26.00306  -84.19700   -0.00001   -0.00039          9  0.000e+00
      35879   1494.917     14.899     14.997    28.5319    28.5452   5.752520   5.755191     3.1343     2.6496     100.00   26.00306  -84.19700    0.00001   -0.00046          9  0.000e+00
      35880   1494.958     14.899     14.997    28.5314    28.5452   5.752481   5.755088     3.1343     2.6496     100.00   26.00306  -84.19700    0.00004   -0.00051          9  0.000e+00
      35881   1495.000     14.946     15.044    28.5314    28.5446   5.752442   5.755072     3.1343     2.6496     100.00   26.00306  -84.19700    0.00006   -0.00058          9  0.000e+00
      35882   1495.042     14.946     15.044    28.5317    28.5443   5.752489   5.754992     3.1343     2.6496     100.00   26.00306  -84.19700    0.00008   -0.00064          9  0.000e+00
      35883   1495.083     14.946     15.044    28.5328    28.5441   5.752544   5.754944     3.1343     2.6496     100.00   26.00306  -84.19700    0.00009   -0.00069          9  0.000e+00
      35884   1495.125     14.946     15.044    28.5330    28.5441   5.752465   5.754889     3.1343     2.6484     100.00   26.00306  -84.19700    0.00011   -0.00076          9  0.000e+00
      35885   1495.167     14.899     14.997    28.5329    28.5442   5.752457   5.754920     3.1331     2.6484     100.00   26.00306  -84.19700    0.00012   -0.00083          9  0.000e+00
      35886   1495.208     14.946     15.044    28.5326    28.5435   5.752426   5.754817     3.1331     2.6484     100.00   26.00306  -84.19700    0.00014   -0.00090          9  0.000e+00
      35887   1495.250     14.899     14.997    28.5326    28.5422   5.752426   5.754641     3.1331     2.6484     100.00   26.00306  -84.19700    0.00015   -0.00096          9  0.000e+00
      35888   1495.292     14.946     15.044    28.5325    28.5415   5.752458   5.754498     3.1331     2.6484     100.00   26.00306  -84.19700    0.00017   -0.00101          9  0.000e+00
      35889   1495.333     14.946     15.044    28.5321    28.5412   5.752426   5.754243     3.1331     2.6484     100.00   26.00306  -84.19700    0.00018   -0.00106          9  0.000e+00
      35890   1495.375     14.899     14.997    28.5319    28.5409   5.752324   5.754099     3.1331     2.6471     100.00   26.00306  -84.19700    0.00020   -0.00113          9  0.000e+00
      35891   1495.417     14.899     14.997    28.5317    28.5402   5.752387   5.754004     3.1331     2.6484     100.00   26.00306  -84.19700    0.00021   -0.00116          9  0.000e+00
      35892   1495.458     14.946     15.045    28.5318    28.5399   5.752347   5.753948     3.1331     2.6471     100.00   26.00306  -84.19700    0.00023   -0.00121          9  0.000e+00
      35893   1495.500     14.946     15.045    28.5321    28.5398   5.752332   5.753860     3.1331     2.6484     100.00   26.00306  -84.19700    0.00024   -0.00126          9  0.000e+00
      35894   1495.542     14.899     14.997    28.5323    28.5394   5.752363   5.753741     3.1331     2.6484     100.00   26.00306  -84.19700    0.00026   -0.00128          9  0.000e+00
      35895   1495.583     14.899     14.997    28.5323    28.5384   5.752402   5.753661     3.1319     2.6484     100.00   26.00306  -84.19700    0.00025   -0.00131          9  0.000e+00
      35896   1495.625     14.899     14.997    28.5323    28.5376   5.752497   5.753581     3.1331     2.6471     100.00   26.00306  -84.19700    0.00027   -0.00136          9  0.000e+00
      35897   1495.667     14.899     14.997    28.5328    28.5372   5.752481   5.753446     3.1319     2.6471     100.00   26.00306  -84.19700    0.00027   -0.00140          9  0.000e+00
      35898   1495.708     14.899     14.997    28.5326    28.5369   5.752442   5.753454     3.1319     2.6471     100.00   26.00306  -84.19700    0.00027   -0.00142          9  0.000e+00
      35899   1495.750     14.899     14.997    28.5332    28.5367   5.752457   5.753350     3.1319     2.6471     100.00   26.00306  -84.19700    0.00026   -0.00144          9  0.000e+00
      35900   1495.792     14.899     14.997    28.5336    28.5367   5.752497   5.753318     3.1319     2.6459     100.00   26.00306  -84.19700    0.00026   -0.00148          9  0.000e+00
      35901   1495.833     14.899     14.997    28.5336    28.5363   5.752489   5.753318     3.1319     2.6459     100.00   26.00306  -84.19700    0.00026   -0.00152          9  0.000e+00
      35902   1495.875     14.845     14.942    28.5327    28.5367   5.752505   5.753286     3.1319     2.6459     100.00   26.00306  -84.19700    0.00026   -0.00155          9  0.000e+00
      35903   1495.917     14.899     14.997    28.5325    28.5358   5.752513   5.753239     3.1319     2.6459     100.00   26.00306  -84.19700    0.00026   -0.00158          9  0.000e+00
      35904   1495.958     14.851     14.949    28.5326    28.5358   5.752560   5.753191     3.1319     2.6459     100.00   26.00306  -84.19700    0.00026   -0.00161          9  0.000e+00
      35905   1496.000     14.899     14.997    28.5328    28.5362   5.752528   5.753183     3.1306     2.6459     100.00   26.00306  -84.19700    0.00024   -0.00164          9  0.000e+00
      35906   1496.042     14.797     14.895    28.5325    28.5356   5.752512   5.753111     3.1306     2.6459     100.00   26.00306  -84.19700    0.00023   -0.00166          9  0.000e+00
      35907   1496.083     14.851     14.949    28.5325    28.5350   5.752489   5.753047     3.1306     2.6459     100.00   26.00306  -84.19700    0.00023   -0.00170          9  0.000e+00
      35908   1496.125     14.845     14.942    28.5323    28.5342   5.752465   5.752968     3.1306     2.6459     100.00   26.00306  -84.19700    0.00023   -0.00172          9  0.000e+00
      35909   1496.167     14.851     14.949    28.5323    28.5337   5.752426   5.752944     3.1306     2.6459     100.00   26.00306  -84.19700    0.00022   -0.00176          9  0.000e+00
      35910   1496.208     14.851     14.949    28.5319    28.5336   5.752395   5.752944     3.1319     2.6459     100.00   26.00306  -84.19700    0.00023   -0.00177          9  0.000e+00
      35911   1496.250     14.851     14.949    28.5317    28.5334   5.752371   5.752904     3.1319     2.6459     100.00   26.00306  -84.19700    0.00023   -0.00179          9  0.000e+00
