Gulf of Mexico/GOMECC-4/1db/rb2103_0371.cnv
* Sea-Bird SBE 9 Data File:
* FileName = C:\Users\scs.user.rb\CTD\GOMECC4\data\rb2103_0371.hex
* Software Version Seasave V 7.26.7.107
* Temperature SN = 4799
* Conductivity SN = 3860
* Number of Bytes Per Scan = 41
* Number of Voltage Words = 4
* Number of Scans Averaged by the Deck Unit = 1
* NMEA Latitude = 27 00.07 N
* NMEA Longitude = 089 59.96 W
* NMEA UTC (Time) = Sep 25 2021  07:16:47
* NMEA baud rate = 4800
# nquan = 28
# nvalues = 1279                        
# units = specified
# name 0 = scan: Scan Count
# name 1 = timeS: Time, Elapsed [seconds]
# name 2 = depSM: Depth [salt water, m]
# name 3 = prDM: Pressure, Digiquartz [db]
# name 4 = t090C: Temperature [ITS-90, deg C]
# name 5 = t190C: Temperature, 2 [ITS-90, deg C]
# name 6 = c0S/m: Conductivity [S/m]
# name 7 = c1S/m: Conductivity, 2 [S/m]
# name 8 = sbeox0V: Oxygen raw, SBE 43 [V]
# name 9 = sbeox1V: Oxygen raw, SBE 43, 2 [V]
# name 10 = altM: Altimeter [m]
# name 11 = latitude: Latitude [deg]
# name 12 = longitude: Longitude [deg]
# name 13 = sbox0dV/dT: Oxygen, SBE 43 [dov/dt]
# name 14 = sbox1dV/dT: Oxygen, SBE 43, 2 [dov/dt]
# name 15 = sbeox0ML/L: Oxygen, SBE 43 [ml/l], WS = 5
# name 16 = sbeox1ML/L: Oxygen, SBE 43, 2 [ml/l], WS = 5
# name 17 = potemp090C: Potential Temperature [ITS-90, deg C]
# name 18 = potemp190C: Potential Temperature, 2 [ITS-90, deg C]
# name 19 = sal00: Salinity, Practical [PSU]
# name 20 = sal11: Salinity, Practical, 2 [PSU]
# name 21 = sigma-é00: Density [sigma-theta, kg/m^3]
# name 22 = sigma-é11: Density, 2 [sigma-theta, kg/m^3]
# name 23 = avgsvCM: Average Sound Velocity [Chen-Millero, m/s], minP = 20, minS = 20
# name 24 = sbox0Mm/Kg: Oxygen, SBE 43 [umol/kg], WS = 5
# name 25 = sbox1Mm/Kg: Oxygen, SBE 43, 2 [umol/kg], WS = 5
# name 26 = nbin: number of scans per bin
# name 27 = flag: flag
# span 0 =      23122,     192814       
# span 1 =    963.363,   8033.865       
# span 2 =      1.987,   2375.565       
# span 3 =      2.000,   2405.000       
# span 4 =     4.2721,    29.2290       
# span 5 =     4.2722,    29.2329       
# span 6 =   3.349215,   5.943736       
# span 7 =   3.349130,   5.944230       
# span 8 =     1.5884,     3.1530       
# span 9 =     1.2931,     2.6777       
# span 10 =      10.65,     102.50      
# span 11 =   26.90647,   27.25811      
# span 12 =  -90.72884,  -89.56011      
# span 13 =   -0.01965,    0.02672      
# span 14 =   -0.02024,    0.03204      
# span 15 =     2.5624,     4.7243      
# span 16 =     2.5885,     4.7616      
# span 17 =     4.0826,    29.2258      
# span 18 =     4.0833,    29.2298      
# span 19 =    34.8997,    36.8755      
# span 20 =    34.8990,    36.8767      
# span 21 =    22.8260,    27.7575      
# span 22 =    22.8250,    27.7559      
# span 23 =       0.00,    1546.32      
# span 24 =    111.419,    205.289      
# span 25 =    112.556,    206.909      
# span 26 =         30,         66      
# span 27 = 0.0000e+00, 0.0000e+00      
# interval = decibars: 1                
# start_time = Sep 25 2021 07:16:47 [NMEA time, header]
# bad_flag = -9.990e-29
*END*
[from data line 156]
      32876   1369.809    296.819    299.000    15.8054    15.8057   4.505917   4.505999     1.8227     1.5006     100.00   27.00833  -89.99649   -0.01001   -0.00827     2.6501     2.6667    15.7580    15.7583    36.0894    36.0898    26.6416    26.6419    1532.50    115.284    116.006         30 0.0000e+00
      32969   1373.682    300.787    303.000    15.7240    15.7242   4.496198   4.496248     1.7995     1.4840      99.99   27.00539  -89.98657   -0.00581   -0.00401     2.6006     2.6289    15.6761    15.6762    36.0736    36.0739    26.6478    26.6480    1532.10    113.126    114.358         37 0.0000e+00
      33107   1379.418    305.747    308.000    15.6868    15.6878   4.493192   4.493341     1.8248     1.5205     100.01   27.01006  -90.00197    0.00447    0.00840     2.6653     2.7287    15.6381    15.6391    36.0802    36.0806    26.6620    26.6621    1532.09    115.939    118.701         35 0.0000e+00
      33240   1384.946    310.706    313.000    15.6096    15.6096   4.484480   4.484504     1.9163     1.6013     100.01   27.01105  -90.00510    0.01583    0.01268     2.8925     2.9484    15.5603    15.5603    36.0701    36.0703    26.6718    26.6720    1531.87    125.823    128.254         36 0.0000e+00
      33329   1388.674    314.674    317.000    15.4706    15.4699   4.467490   4.467418     1.9269     1.6014      86.99   27.00458  -89.98343    0.00263   -0.00010     2.9293     2.9595    15.4210    15.4203    36.0404    36.0404    26.6801    26.6802    1531.28    127.422    128.735         31 0.0000e+00
      33368   1390.303    315.666    318.000    15.4225    15.4197   4.462061   4.461764     1.9201     1.5939     100.50   27.00848  -89.99642   -0.00246   -0.00425     2.9161     2.9428    15.3728    15.3701    36.0361    36.0359    26.6879    26.6884    1531.45    126.847    128.011         35 0.0000e+00
      33464   1394.298    319.633    322.000    15.2392    15.2395   4.440352   4.440418     1.9094     1.5857      94.14   27.00703  -89.99145   -0.00233   -0.00156     2.9037     2.9341    15.1893    15.1896    36.0050    36.0053    26.7049    26.7051    1531.15    126.305    127.627         31 0.0000e+00
      33497   1395.674    320.625    323.000    15.2230    15.2230   4.438655   4.438686     1.9053     1.5814     100.03   27.00853  -89.99640   -0.00206   -0.00224     2.8951     2.9240    15.1730    15.1730    36.0046    36.0048    26.7084    26.7086    1531.18    125.931    127.188         31 0.0000e+00
      33653   1402.158    326.577    329.000    15.0083    15.0079   4.413512   4.413488     1.9024     1.5853     100.00   27.00801  -89.99449    0.00028    0.00200     2.9042     2.9504    14.9579    14.9574    35.9699    35.9701    26.7294    26.7297    1530.82    126.327    128.333         32 0.0000e+00
      33786   1407.698    331.536    334.000    14.8921    14.8916   4.400288   4.400245     1.9245     1.6031     100.00   27.00963  -89.99974    0.00299    0.00189     2.9684     3.0076    14.8412    14.8406    35.9544    35.9545    26.7433    26.7435    1530.65    129.116    130.821         34 0.0000e+00
      34234   1426.392    348.396    351.000    14.3885    14.3886   4.341373   4.341388     1.8610     1.5377     100.00   27.00948  -89.99870   -0.00915   -0.00950     2.8509     2.8695    14.3362    14.3363    35.8698    35.8698    26.7878    26.7878    1529.74    124.001    124.807         32 0.0000e+00
      34359   1431.564    353.355    356.000    14.2136    14.2123   4.320925   4.320790     1.8357     1.5189      99.99   27.00646  -89.98852   -0.00382   -0.00272     2.8008     2.8310    14.1610    14.1597    35.8390    35.8390    26.8014    26.8017    1529.30    121.818    123.133         38 0.0000e+00
      34397   1433.153    354.346    357.000    14.1841    14.1838   4.317775   4.317747     1.8318     1.5163     100.00   27.00880  -89.99628   -0.00317   -0.00270     2.7932     2.8259    14.1314    14.1311    35.8374    35.8375    26.8066    26.8068    1529.38    121.489    122.908         30 0.0000e+00
      34482   1436.696    358.313    361.000    14.0428    14.0418   4.300936   4.300825     1.8244     1.5086      99.98   27.00388  -89.97983   -0.00175   -0.00176     2.7849     2.8148    13.9898    13.9888    35.8086    35.8084    26.8141    26.8142    1528.89    121.125    122.425         33 0.0000e+00
      34525   1438.496    359.305    362.000    14.0188    14.0184   4.298685   4.298627     1.8163     1.4989     100.00   27.00884  -89.99627   -0.00325   -0.00413     2.7666     2.7904    13.9658    13.9653    35.8110    35.8109    26.8214    26.8214    1529.12    120.330    121.366         38 0.0000e+00
      34649   1443.680    364.263    367.000    13.8829    13.8826   4.283053   4.283024     1.7963     1.4834     100.00   27.00757  -89.99187   -0.00340   -0.00232     2.7266     2.7579    13.8295    13.8292    35.7891    35.7891    26.8331    26.8332    1528.79    118.589    119.948         41 0.0000e+00
      34777   1449.007    369.222    372.000    13.7278    13.7268   4.264864   4.264763     1.7840     1.4733      99.99   27.00709  -89.99017   -0.00224   -0.00190     2.7070     2.7412    13.6740    13.6731    35.7605    35.7604    26.8435    26.8437    1528.50    117.735    119.223         40 0.0000e+00
      34816   1450.628    370.213    373.000    13.6894    13.6882   4.260546   4.260426     1.7827     1.4723     100.00   27.00892  -89.99623   -0.00200   -0.00144     2.7064     2.7412    13.6356    13.6344    35.7559    35.7559    26.8481    26.8484    1528.55    117.710    119.221         30 0.0000e+00
      34907   1454.424    374.180    377.000    13.5303    13.5289   4.241908   4.241740     1.7871     1.4784      99.99   27.00637  -89.98765    0.00122    0.00170     2.7293     2.7696    13.4763    13.4749    35.7264    35.7261    26.8582    26.8582    1528.20    118.704    120.453         32 0.0000e+00
      34945   1456.005    375.171    378.000    13.4998    13.4997   4.238690   4.238686     1.7891     1.4807      93.19   27.00896  -89.99622    0.00156    0.00188     2.7366     2.7780    13.4458    13.4457    35.7248    35.7249    26.8635    26.8636    1528.29    119.018    120.820         35 0.0000e+00
      35072   1461.309    380.129    383.000    13.2480    13.2468   4.209737   4.209632     1.7870     1.4788      99.97   27.00970  -89.99854   -0.00101   -0.00065     2.7495     2.7904    13.1939    13.1928    35.6845    35.6846    26.8841    26.8844    1528.08    119.577    121.356         40 0.0000e+00
      35205   1466.847    385.087    388.000    13.0164    13.0142   4.183201   4.182944     1.7904     1.4807     100.01   27.01082  -90.00212   -0.00023   -0.00047     2.7751     2.8125    12.9623    12.9601    35.6474    35.6471    26.9024    26.9026    1527.87    120.688    122.318         47 0.0000e+00
      35331   1472.072    390.045    393.000    12.8889    12.8888   4.168797   4.168765     1.7868     1.4766      98.27   27.00886  -89.99545   -0.00087   -0.00123     2.7762     2.8108    12.8345    12.8343    35.6269    35.6268    26.9121    26.9120    1527.49    120.734    122.239         45 0.0000e+00
      35451   1477.079    395.002    398.000    12.7818    12.7804   4.156288   4.156124     1.7841     1.4747      99.98   27.00368  -89.97810   -0.00013   -0.00007     2.7783     2.8143    12.7269    12.7255    35.6042    35.6040    26.9157    26.9158    1526.93    120.825    122.390         39 0.0000e+00
      35498   1479.049    395.994    399.000    12.7542    12.7508   4.153699   4.153406     1.7803     1.4715     100.00   27.00911  -89.99614   -0.00113   -0.00150     2.7719     2.8065    12.6993    12.6966    35.6067    35.6063    26.9235    26.9237    1527.19    120.547    122.053         35 0.0000e+00
      35574   1482.198    399.960    403.000    12.6506    12.6512   4.141543   4.141614     1.7663     1.4575      99.98   27.00402  -89.97908   -0.00405   -0.00335     2.7421     2.7754    12.5954    12.5960    35.5842    35.5843    26.9264    26.9263    1526.69    119.250    120.697         30 0.0000e+00
      35620   1484.134    400.952    404.000    12.6311    12.6279   4.139888   4.139509     1.7613     1.4506      67.88   27.00915  -89.99612   -0.00232   -0.00185     2.7304     2.7579    12.5758    12.5726    35.5878    35.5871    26.9334    26.9335    1526.93    118.741    119.939         43 0.0000e+00
      35745   1489.315    405.909    409.000    12.5537    12.5541   4.131320   4.131352     1.7498     1.4416      97.23   27.00922  -89.99626   -0.00197   -0.00137     2.7069     2.7382    12.4980    12.4984    35.5761    35.5761    26.9397    26.9396    1526.67    117.718    119.079         34 0.0000e+00
      36159   1506.577    421.772    425.000    12.2343    12.2349   4.095567   4.095616     1.7281     1.4234     100.00   27.00881  -89.99443   -0.00086   -0.00054     2.6758     2.7115    12.1773    12.1779    35.5253    35.5253    26.9630    26.9628    1525.84    116.365    117.917         30 0.0000e+00
      36190   1507.874    422.763    426.000    12.2249    12.2269   4.094598   4.094731     1.7275     1.4224     100.00   27.00930  -89.99605   -0.00082   -0.00045     2.6751     2.7097    12.1678    12.1698    35.5245    35.5246    26.9643    26.9639    1525.82    116.332    117.837         30 0.0000e+00
      36291   1512.088    426.728    430.000    12.1617    12.1623   4.087433   4.087491     1.7256     1.4200      99.99   27.00793  -89.99136   -0.00036   -0.00042     2.6757     2.7079    12.1043    12.1049    35.5126    35.5126    26.9672    26.9671    1525.54    116.358    117.759         31 0.0000e+00
      36416   1517.285    431.685    435.000    12.0181    12.0180   4.071171   4.071136     1.7204     1.4163      99.99   27.00666  -89.98699   -0.00106   -0.00060     2.6730     2.7082    11.9604    11.9603    35.4880    35.4878    26.9757    26.9756    1525.23    116.242    117.772         30 0.0000e+00
      36452   1518.776    432.677    436.000    11.9915    11.9904   4.068473   4.068339     1.7198     1.4160     100.00   27.00938  -89.99602   -0.00073   -0.00050     2.6732     2.7092    11.9338    11.9327    35.4873    35.4870    26.9805    26.9804    1525.34    116.250    117.816         33 0.0000e+00
      36581   1524.149    437.633    441.000    11.8870    11.8877   4.057064   4.057116     1.7175     1.4125     100.00   27.00984  -89.99745   -0.00049   -0.00076     2.6756     2.7075    11.8290    11.8297    35.4730    35.4728    26.9894    26.9892    1525.12    116.352    117.737         39 0.0000e+00
      36713   1529.683    442.590    446.000    11.8559    11.8564   4.053895   4.053929     1.7129     1.4086     100.01   27.01084  -90.00063   -0.00085   -0.00061     2.6669     2.6998    11.7973    11.7978    35.4697    35.4695    26.9929    26.9927    1524.94    115.974    117.402         44 0.0000e+00
      36842   1535.047    447.546    451.000    11.7642    11.7637   4.043597   4.043503     1.7102     1.4060     100.00   27.01030  -89.99870   -0.00037   -0.00023     2.6675     2.6998    11.7052    11.7047    35.4534    35.4529    26.9977    26.9974    1524.67    116.000    117.404         43 0.0000e+00
      36962   1540.046    452.502    456.000    11.6026    11.6034   4.025248   4.025298     1.7042     1.4010      99.99   27.00558  -89.98283   -0.00104   -0.00058     2.6638     2.6971    11.5435    11.5443    35.4239    35.4237    27.0050    27.0046    1524.17    115.837    117.285         42 0.0000e+00
      37007   1541.925    453.494    457.000    11.5924    11.5912   4.024566   4.024393     1.7026     1.3994     100.00   27.00952  -89.99594   -0.00085   -0.00061     2.6602     2.6933    11.5332    11.5320    35.4275    35.4270    27.0099    27.0098    1524.35    115.680    117.121         32 0.0000e+00
      37087   1545.265    457.459    461.000    11.5368    11.5363   4.018109   4.018027     1.6994     1.3968      99.98   27.00471  -89.97984   -0.00081   -0.00061     2.6570     2.6908    11.4772    11.4767    35.4138    35.4133    27.0095    27.0092    1523.89    115.538    117.012         33 0.0000e+00
      37134   1547.225    458.450    462.000    11.5065    11.5048   4.015186   4.014983     1.6988     1.3966      89.52   27.00956  -89.99592   -0.00072   -0.00056     2.6572     2.6924    11.4469    11.4452    35.4149    35.4145    27.0163    27.0163    1524.12    115.548    117.082         41 0.0000e+00
      37263   1552.578    463.406    467.000    11.3999    11.4004   4.003659   4.003675     1.6915     1.3883      94.73   27.01203  -90.00404   -0.00162   -0.00178     2.6459     2.6761    11.3401    11.3405    35.4012    35.4009    27.0257    27.0254    1524.03    115.057    116.369         46 0.0000e+00
      37395   1558.069    468.362    472.000    11.3175    11.3171   3.994650   3.994572     1.6887     1.3872     100.01   27.01226  -90.00468   -0.00019    0.00001     2.6455     2.6800    11.2573    11.2569    35.3887    35.3883    27.0313    27.0311    1523.82    115.038    116.539         39 0.0000e+00
      37521   1563.345    473.317    477.000    11.1694    11.1693   3.978037   3.978003     1.6868     1.3858      98.89   27.00986  -89.99654   -0.00057   -0.00043     2.6519     2.6871    11.1090    11.1089    35.3628    35.3626    27.0383    27.0382    1523.45    115.314    116.845         31 0.0000e+00
      38278   1594.872    502.058    506.000    10.6666    10.6677   3.923788   3.923873     1.6644     1.3658     100.00   27.00945  -89.99448   -0.00031   -0.00016     2.6329     2.6691    10.6043    10.6054    35.2907    35.2904    27.0732    27.0728    1522.14    114.485    116.059         30 0.0000e+00
      38406   1600.193    507.013    511.000    10.5789    10.5790   3.914171   3.914144     1.6617     1.3625      99.99   27.00821  -89.99025   -0.00066   -0.00060     2.6329     2.6667    10.5164    10.5165    35.2758    35.2754    27.0772    27.0769    1521.86    114.486    115.954         31 0.0000e+00
      38440   1601.615    508.005    512.000    10.5730    10.5738   3.913704   3.913749     1.6616     1.3623     100.00   27.00990  -89.99580   -0.00051   -0.00063     2.6331     2.6667    10.5103    10.5111    35.2768    35.2764    27.0791    27.0787    1521.91    114.495    115.954         31 0.0000e+00
      38537   1605.662    511.968    516.000    10.4766    10.4765   3.903241   3.903195     1.6595     1.3608     100.00   27.00949  -89.99438   -0.00049   -0.00028     2.6351     2.6699    10.4138    10.4137    35.2624    35.2621    27.0850    27.0847    1521.73    114.581    116.095         36 0.0000e+00
      38665   1611.016    516.923    521.000    10.3816    10.3819   3.892992   3.892979     1.6574     1.3595      70.54   27.00916  -89.99318   -0.00035   -0.00017     2.6372     2.6737    10.3186    10.3188    35.2482    35.2478    27.0905    27.0902    1521.49    114.671    116.258         34 0.0000e+00
      38792   1616.308    521.878    526.000    10.2781    10.2786   3.881824   3.881828     1.6537     1.3551      99.99   27.00817  -89.98973   -0.00080   -0.00093     2.6356     2.6688    10.2148    10.2153    35.2327    35.2323    27.0965    27.0961    1521.22    114.599    116.046         31 0.0000e+00
      38829   1617.815    522.869    527.000    10.2611    10.2613   3.880171   3.880161     1.6521     1.3532     100.00   27.00999  -89.99576   -0.00115   -0.00130     2.6324     2.6644    10.1977    10.1980    35.2323    35.2320    27.0993    27.0990    1521.29    114.463    115.852         34 0.0000e+00
      38952   1622.974    527.823    532.000    10.1724    10.1723   3.870690   3.870623     1.6472     1.3486     100.00   27.00925  -89.99317   -0.00085   -0.00076     2.6262     2.6577    10.1088    10.1087    35.2196    35.2190    27.1047    27.1043    1521.04    114.192    115.562         40 0.0000e+00
