Gulf of Mexico/GOMECC-4/1db/rb2103_1041.cnv
* Sea-Bird SBE 9 Data File:
* FileName = C:\Users\scs.user.rb\CTD\GOMECC4\data\rb2103_1041.hex
* Software Version Seasave V 7.26.7.107
* Temperature SN = 4799
* Conductivity SN = 3860
* Number of Bytes Per Scan = 41
* Number of Voltage Words = 4
* Number of Scans Averaged by the Deck Unit = 1
* NMEA Latitude = 24 59.65 N
* NMEA Longitude = 087 59.43 W
* NMEA UTC (Time) = Oct 13 2021  08:39:27
* NMEA baud rate = 4800
# nquan = 28
# nvalues = 645                         
# units = specified
# name 0 = scan: Scan Count
# name 1 = timeS: Time, Elapsed [seconds]
# name 2 = depSM: Depth [salt water, m]
# name 3 = prDM: Pressure, Digiquartz [db]
# name 4 = t090C: Temperature [ITS-90, deg C]
# name 5 = t190C: Temperature, 2 [ITS-90, deg C]
# name 6 = c0S/m: Conductivity [S/m]
# name 7 = c1S/m: Conductivity, 2 [S/m]
# name 8 = sbeox0V: Oxygen raw, SBE 43 [V]
# name 9 = sbeox1V: Oxygen raw, SBE 43, 2 [V]
# name 10 = altM: Altimeter [m]
# name 11 = latitude: Latitude [deg]
# name 12 = longitude: Longitude [deg]
# name 13 = sbox0dV/dT: Oxygen, SBE 43 [dov/dt]
# name 14 = sbox1dV/dT: Oxygen, SBE 43, 2 [dov/dt]
# name 15 = sbeox0ML/L: Oxygen, SBE 43 [ml/l], WS = 5
# name 16 = sbeox1ML/L: Oxygen, SBE 43, 2 [ml/l], WS = 5
# name 17 = potemp090C: Potential Temperature [ITS-90, deg C]
# name 18 = potemp190C: Potential Temperature, 2 [ITS-90, deg C]
# name 19 = sal00: Salinity, Practical [PSU]
# name 20 = sal11: Salinity, Practical, 2 [PSU]
# name 21 = sigma-é00: Density [sigma-theta, kg/m^3]
# name 22 = sigma-é11: Density, 2 [sigma-theta, kg/m^3]
# name 23 = avgsvCM: Average Sound Velocity [Chen-Millero, m/s], minP = 20, minS = 20
# name 24 = sbox0Mm/Kg: Oxygen, SBE 43 [umol/kg], WS = 5
# name 25 = sbox1Mm/Kg: Oxygen, SBE 43, 2 [umol/kg], WS = 5
# name 26 = nbin: number of scans per bin
# name 27 = flag: flag
# span 0 =       8381,     228661       
# span 1 =    349.161,   9527.486       
# span 2 =      1.987,   3417.662       
# span 3 =      2.000,   3468.000       
# span 4 =     4.2981,    29.5944       
# span 5 =     4.2991,    29.5989       
# span 6 =   3.351009,   5.988335       
# span 7 =   3.350984,   5.988959       
# span 8 =     1.6260,     3.1867       
# span 9 =     1.3224,     2.7001       
# span 10 =       8.47,     102.83      
# span 11 =   24.73953,   25.08604      
# span 12 =  -88.25073,  -87.02534      
# span 13 =   -0.01214,    0.01118      
# span 14 =   -0.01125,    0.00967      
# span 15 =     2.6652,     4.6647      
# span 16 =     2.6738,     4.6723      
# span 17 =     4.0784,    29.5823      
# span 18 =     4.0796,    29.5869      
# span 19 =    34.8888,    37.0187      
# span 20 =    34.8879,    37.0192      
# span 21 =    22.6002,    27.7601      
# span 22 =    22.6018,    27.7589      
# span 23 =       0.00,    1546.51      
# span 24 =    115.881,    202.698      
# span 25 =    116.254,    203.029      
# span 26 =         30,         72      
# span 27 = 0.0000e+00, 0.0000e+00      
# interval = decibars: 1                
# start_time = Oct 13 2021 08:39:27 [NMEA time, header]
# bad_flag = -9.990e-29
*END*
[from data line 467]
     160511   6687.912   1586.592   1603.000     4.3295     4.3306   3.352242   3.352219     1.9159     1.5900      99.99   25.00685  -87.99372    0.00000   -0.00001     4.5498     4.5520     4.1959     4.1970    34.9652    34.9637    27.7377    27.7364    1506.51    197.709    197.807         38 0.0000e+00
     160726   6696.858   1585.606   1602.000     4.3299     4.3309   3.352430   3.352407     1.9158     1.5898      97.84   25.00858  -87.99980 -5.599e-07   -0.00005     4.5482     4.5505     4.1964     4.1974    34.9675    34.9661    27.7395    27.7383    1506.61    197.642    197.741         47 0.0000e+00
     162031   6751.252   1581.662   1598.000     4.3309     4.3319   3.352335   3.352311     1.9166     1.5910     100.00   25.00867  -87.99974    0.00016    0.00005     4.5488     4.5529     4.1978     4.1987    34.9673    34.9660    27.7392    27.7381    1506.61    197.668    197.844         32 0.0000e+00
     165479   6894.903   1444.558   1459.000     4.3846     4.3856   3.351053   3.351024     1.9233     1.5971     100.00   25.00862  -87.99856    0.00008    0.00019     4.4857     4.4895     4.2639     4.2649    34.9635    34.9621    27.7291    27.7278    1506.58    194.927    195.093         31 0.0000e+00
     165710   6904.540   1435.677   1450.000     4.3874     4.3884   3.351009   3.350984     1.9244     1.5979     100.00   25.00943  -88.00139    0.00012    0.00018     4.4844     4.4873     4.2676     4.2685    34.9644    34.9632    27.7295    27.7284    1506.63    194.871    194.998         31 0.0000e+00
     166897   6954.007   1390.283   1404.000     4.4187     4.4189   3.351551   3.351451     1.9245     1.5978      78.82   25.00766  -87.99500   -0.00001    0.00002     4.4542     4.4564     4.3027     4.3030    34.9604    34.9590    27.7224    27.7213    1506.52    193.557    193.654         32 0.0000e+00
     167081   6961.665   1389.296   1403.000     4.4199     4.4217   3.351793   3.351827     1.9238     1.5974      97.50   25.00922  -88.00040   -0.00008   -0.00005     4.4506     4.4538     4.3041     4.3058    34.9625    34.9611    27.7239    27.7226    1506.61    193.400    193.542         41 0.0000e+00
     167222   6967.532   1388.309   1402.000     4.4215     4.4231   3.351871   3.351897     1.9235     1.5972      88.92   25.00922  -88.00040   -0.00007   -0.00003     4.4487     4.4521     4.3057     4.3072    34.9623    34.9609    27.7236    27.7224    1506.61    193.319    193.469         50 0.0000e+00
     167358   6973.216   1387.322   1401.000     4.4222     4.4239   3.351894   3.351930     1.9235     1.5967      99.36   25.00924  -88.00040    0.00003   -0.00017     4.4484     4.4496     4.3065     4.3082    34.9622    34.9609    27.7235    27.7222    1506.61    193.305    193.359         47 0.0000e+00
     167674   6986.387   1386.335   1400.000     4.4227     4.4248   3.351898   3.351961     1.9232     1.5969     100.00   25.00925  -88.00040   -0.00004    0.00001     4.4463     4.4499     4.3071     4.3091    34.9623    34.9609    27.7235    27.7221    1506.61    193.214    193.370         38 0.0000e+00
     168703   7029.229   1385.348   1399.000     4.4248     4.4252   3.352025   3.351967     1.9226     1.5973     100.00   25.00930  -88.00042   -0.00001    0.00005     4.4434     4.4508     4.3092     4.3097    34.9621    34.9610    27.7231    27.7221    1506.61    193.087    193.410         40 0.0000e+00
     168697   7029.009   1384.361   1398.000     4.4247     4.4258   3.351985   3.351973     1.9231     1.5972     100.00   25.00930  -88.00042    0.00015    0.00003     4.4447     4.4495     4.3093     4.3103    34.9621    34.9609    27.7231    27.7220    1506.61    193.144    193.356         31 0.0000e+00
     168730   7030.392   1383.374   1397.000     4.4250     4.4261   3.351959   3.351954     1.9234     1.5971     100.00   25.00930  -88.00042    0.00028   -0.00005     4.4453     4.4488     4.3096     4.3107    34.9621    34.9608    27.7230    27.7219    1506.61    193.173    193.322         31 0.0000e+00
     169705   7070.981   1347.840   1361.000     4.4470     4.4473   3.352344   3.352261     1.9234     1.5971     100.00   25.00953  -88.00096    0.00004    0.00001     4.4217     4.4253     4.3348     4.3350    34.9611    34.9599    27.7195    27.7185    1506.62    192.145    192.303         30 0.0000e+00
     169812   7075.472   1343.892   1357.000     4.4499     4.4504   3.352455   3.352384     1.9232     1.5971     100.00   25.00980  -88.00189   -0.00003    0.00002     4.4184     4.4226     4.3380     4.3385    34.9614    34.9600    27.7194    27.7182    1506.64    192.005    192.189         32 0.0000e+00
     169944   7080.961   1338.956   1352.000     4.4527     4.4533   3.352387   3.352320     1.9230     1.5966     100.00   25.00902  -87.99918   -0.00004   -0.00007     4.4144     4.4176     4.3412     4.3418    34.9601    34.9587    27.7180    27.7168    1506.59    191.829    191.968         30 0.0000e+00
     170051   7085.401   1335.007   1348.000     4.4526     4.4536   3.352219   3.352200     1.9233     1.5971     100.00   25.00904  -87.99921    0.00011    0.00010     4.4132     4.4170     4.3415     4.3425    34.9602    34.9589    27.7180    27.7169    1506.59    191.776    191.942         33 0.0000e+00
     170161   7090.020   1331.059   1344.000     4.4550     4.4558   3.352273   3.352217     1.9237     1.5974     100.00   25.00918  -87.99965    0.00005    0.00016     4.4120     4.4158     4.3442     4.3450    34.9603    34.9588    27.7178    27.7166    1506.60    191.724    191.892         31 0.0000e+00
     170270   7094.523   1327.110   1340.000     4.4598     4.4610   3.352533   3.352528     1.9235     1.5973     100.00   25.00943  -88.00046    0.00001   -0.00005     4.4085     4.4122     4.3494     4.3506    34.9602    34.9589    27.7172    27.7160    1506.61    191.571    191.734         30 0.0000e+00
     170785   7116.005   1308.351   1321.000     4.4762     4.4763   3.353115   3.353021     1.9218     1.5951     100.00   25.00937  -88.00003   -0.00002   -0.00002     4.3894     4.3911     4.3673     4.3674    34.9592    34.9580    27.7144    27.7135    1506.60    190.743    190.817         31 0.0000e+00
     170890   7120.364   1304.402   1317.000     4.4783     4.4792   3.353135   3.353104     1.9216     1.5958     100.00   25.00939  -88.00008    0.00001    0.00020     4.3862     4.3910     4.3698     4.3707    34.9591    34.9579    27.7141    27.7130    1506.60    190.605    190.814         30 0.0000e+00
     170996   7124.807   1300.453   1313.000     4.4803     4.4809   3.353091   3.353036     1.9220     1.5958     100.00   25.00906  -87.99887    0.00010    0.00000     4.3850     4.3885     4.3722     4.3727    34.9585    34.9573    27.7133    27.7123    1506.58    190.553    190.704         30 0.0000e+00
     171103   7129.235   1296.503   1309.000     4.4838     4.4844   3.353239   3.353176     1.9219     1.5952     100.00   25.00920  -87.99927   -0.00006   -0.00011     4.3820     4.3836     4.3760     4.3766    34.9585    34.9572    27.7129    27.7118    1506.59    190.424    190.494         31 0.0000e+00
     171209   7133.684   1292.553   1305.000     4.4865     4.4874   3.353316   3.353290     1.9213     1.5946      95.01   25.00939  -87.99994   -0.00018   -0.00015     4.3771     4.3786     4.3790     4.3799    34.9586    34.9573    27.7127    27.7116    1506.60    190.210    190.275         30 0.0000e+00
     171549   7147.828   1279.717   1292.000     4.4993     4.5005   3.353859   3.353845     1.9202     1.5935      98.74   25.00929  -87.99945   -0.00005   -0.00025     4.3641     4.3650     4.3929     4.3941    34.9579    34.9565    27.7106    27.7094    1506.59    189.647    189.684         33 0.0000e+00
     173243   7218.405   1214.535   1226.000     4.6232     4.6241   3.361850   3.361795     1.9051     1.5805      60.47   25.01016  -88.00188   -0.00048   -0.00022     4.2578     4.2625     4.5216     4.5226    34.9538    34.9521    27.6932    27.6917    1506.63    185.027    185.233         30 0.0000e+00
     173370   7223.691   1209.596   1221.000     4.6344     4.6339   3.362548   3.362394     1.9042     1.5794     100.00   25.00980  -88.00057   -0.00013   -0.00015     4.2503     4.2543     4.5332     4.5327    34.9526    34.9513    27.6909    27.6899    1506.61    184.706    184.879         31 0.0000e+00
     173493   7228.826   1204.657   1216.000     4.6489     4.6493   3.363533   3.363454     1.9026     1.5780     100.00   25.00928  -87.99869   -0.00033   -0.00034     4.2400     4.2442     4.5481     4.5485    34.9513    34.9500    27.6882    27.6871    1506.57    184.255    184.440         33 0.0000e+00
     173597   7233.172   1200.705   1212.000     4.6590     4.6611   3.364329   3.364374     1.9008     1.5763     100.00   25.01028  -88.00215   -0.00044   -0.00041     4.2302     4.2341     4.5585     4.5605    34.9520    34.9504    27.6876    27.6861    1506.63    183.831    184.002         30 0.0000e+00
     173724   7238.471   1195.766   1207.000     4.6780     4.6785   3.365745   3.365651     1.8974     1.5735      99.99   25.01011  -88.00150   -0.00059   -0.00045     4.2131     4.2186     4.5777     4.5782    34.9510    34.9494    27.6847    27.6834    1506.62    183.091    183.326         31 0.0000e+00
     173881   7245.011   1190.827   1202.000     4.6949     4.6971   3.366924   3.367014     1.8937     1.5695      85.48   25.00960  -87.99968   -0.00067   -0.00061     4.1951     4.1979     4.5950     4.5971    34.9497    34.9482    27.6817    27.6803    1506.59    182.308    182.428         36 0.0000e+00
     173958   7248.218   1189.839   1201.000     4.6952     4.6980   3.366973   3.367096     1.8921     1.5682     101.10   25.00994  -88.00087   -0.00067   -0.00052     4.1890     4.1926     4.5953     4.5981    34.9501    34.9486    27.6821    27.6805    1506.61    182.041    182.197         37 0.0000e+00
     174050   7252.029   1188.851   1200.000     4.7027     4.7044   3.367522   3.367590     1.8912     1.5675     100.00   25.00994  -88.00088   -0.00008   -0.00008     4.1843     4.1882     4.6028     4.6045    34.9494    34.9483    27.6806    27.6796    1506.61    181.836    182.006         34 0.0000e+00
     175255   7302.269   1186.876   1198.000     4.7080     4.7093   3.368088   3.368094     1.8878     1.5650     100.01   25.01152  -88.00598    0.00018   -0.00005     4.1701     4.1771     4.6083     4.6096    34.9514    34.9501    27.6816    27.6804    1506.70    181.222    181.524         60 0.0000e+00
     175301   7304.150   1185.888   1197.000     4.7083     4.7092   3.367907   3.367881     1.8877     1.5649     100.00   25.01010  -88.00098    0.00013   -0.00023     4.1695     4.1759     4.6086     4.6096    34.9494    34.9481    27.6800    27.6788    1506.61    181.193    181.473         44 0.0000e+00
     175338   7305.725   1184.900   1196.000     4.7100     4.7106   3.368013   3.367951     1.8878     1.5648     100.00   25.01011  -88.00098    0.00001   -0.00000     4.1690     4.1749     4.6104     4.6110    34.9493    34.9480    27.6797    27.6786    1506.61    181.171    181.427         38 0.0000e+00
     175380   7307.459   1183.912   1195.000     4.7112     4.7121   3.368089   3.368046     1.8879     1.5652     100.00   25.01012  -88.00098    0.00004    0.00010     4.1685     4.1758     4.6118     4.6126    34.9494    34.9481    27.6796    27.6784    1506.61    181.153    181.467         48 0.0000e+00
     175430   7309.548   1182.924   1194.000     4.7124     4.7125   3.368141   3.368023     1.8878     1.5654     100.00   25.01012  -88.00098    0.00001    0.00018     4.1677     4.1760     4.6130     4.6131    34.9493    34.9478    27.6794    27.6782    1506.61    181.117    181.477         43 0.0000e+00
     175502   7312.549   1180.948   1192.000     4.7176     4.7182   3.368603   3.368528     1.8880     1.5654     100.00   25.01102  -88.00409    0.00003   -0.00001     4.1664     4.1740     4.6183     4.6189    34.9503    34.9488    27.6796    27.6784    1506.66    181.061    181.392         35 0.0000e+00
     175535   7313.897   1179.960   1191.000     4.7185     4.7192   3.368536   3.368482     1.8877     1.5653     100.00   25.01014  -88.00100   -0.00004   -0.00003     4.1648     4.1732     4.6193     4.6200    34.9490    34.9476    27.6785    27.6773    1506.61    180.989    181.357         39 0.0000e+00
     175598   7316.523   1177.984   1189.000     4.7220     4.7228   3.368790   3.368751     1.8877     1.5653     100.00   25.01043  -88.00203   -0.00006 -6.601e-11     4.1635     4.1718     4.6229     4.6238    34.9493    34.9479    27.6783    27.6771    1506.63    180.932    181.294         30 0.0000e+00
     175627   7317.733   1176.996   1188.000     4.7236     4.7235   3.368855   3.368736     1.8874     1.5652     100.00   25.01014  -88.00100   -0.00002   -0.00001     4.1615     4.1708     4.6246     4.6246    34.9489    34.9475    27.6778    27.6767    1506.61    180.847    181.251         31 0.0000e+00
     178743   7447.589   1055.445   1065.000     5.2865     5.2859   3.412771   3.412578     1.7975     1.4812     100.00   25.01065  -88.00188   -0.00037   -0.00051     3.7213     3.7271     5.1943     5.1936    34.9295    34.9279    27.5965    27.5954    1506.62    161.732    161.984         30 0.0000e+00
     180072   7502.961   1004.036   1013.000     5.4813     5.4808   3.427705   3.427560     1.7683     1.4538      99.99   25.01074  -88.00183   -0.00051   -0.00041     3.5769     3.5814     5.3925     5.3919    34.9239    34.9228    27.5683    27.5675    1506.62    155.459    155.653         30 0.0000e+00
     182354   7598.062    989.204    998.000     5.5370     5.5386   3.431957   3.431997     1.7583     1.4458      98.76   25.01059  -88.00079    0.00003    0.00003     3.5305     3.5393     5.4492     5.4507    34.9221    34.9210    27.5600    27.5589    1506.61    153.443    153.824         41 0.0000e+00
     182590   7607.857    980.304    989.000     5.5494     5.5504   3.432664   3.432644     1.7583     1.4458     100.00   25.01042  -88.00013   -0.00013   -0.00008     3.5251     3.5340     5.4623     5.4633    34.9217    34.9205    27.5581    27.5570    1506.59    153.209    153.594         30 0.0000e+00
     182696   7612.285    976.348    985.000     5.5624     5.5629   3.433727   3.433653     1.7585     1.4451     100.00   25.01123  -88.00291    0.00007   -0.00017     3.5228     3.5286     5.4756     5.4761    34.9224    34.9211    27.5571    27.5559    1506.64    153.111    153.360         31 0.0000e+00
     184572   7690.470    902.169    910.000     5.9071     5.9069   3.461211   3.461072     1.7180     1.4067     100.00   25.01050  -87.99971   -0.00032   -0.00039     3.3212     3.3235     5.8251     5.8248    34.9153    34.9140    27.5080    27.5070    1506.58    144.354    144.452         30 0.0000e+00
     187298   7804.038    796.293    803.000     6.5818     6.5855   3.516126   3.515585     1.6873     1.3788     100.00   25.01139  -88.00203   -0.00076   -0.00070     3.1178     3.1225     6.5060     6.5096    34.8923    34.8888    27.4014    27.3982    1506.62    135.526    135.730         38 0.0000e+00
     189037   7876.506    793.324    800.000     6.6711     6.6690   3.524426   3.524112     1.6754     1.3698     100.01   25.01461  -88.01290    0.00014    0.00013     3.0705     3.0827     6.5950     6.5929    34.8957    34.8945    27.3923    27.3916    1506.81    133.472    134.004         36 0.0000e+00
