Gulf of Mexico/GOMECC-4/1db/rb2103_0221.cnv
* Sea-Bird SBE 9 Data File:
* FileName = C:\Users\scs.user.rb\CTD\GOMECC4\data\rb2103_0221.hex
* Software Version Seasave V 7.26.7.107
* Temperature SN = 4799
* Conductivity SN = 3860
* Number of Bytes Per Scan = 41
* Number of Voltage Words = 4
* Number of Scans Averaged by the Deck Unit = 1
* NMEA Latitude = 29 02.28 N
* NMEA Longitude = 085 46.96 W
* NMEA UTC (Time) = Sep 21 2021  00:10:54
* NMEA baud rate = 4800
# nquan = 28
# nvalues = 314                         
# units = specified
# name 0 = scan: Scan Count
# name 1 = timeS: Time, Elapsed [seconds]
# name 2 = depSM: Depth [salt water, m]
# name 3 = prDM: Pressure, Digiquartz [db]
# name 4 = t090C: Temperature [ITS-90, deg C]
# name 5 = t190C: Temperature, 2 [ITS-90, deg C]
# name 6 = c0S/m: Conductivity [S/m]
# name 7 = c1S/m: Conductivity, 2 [S/m]
# name 8 = sbeox0V: Oxygen raw, SBE 43 [V]
# name 9 = sbeox1V: Oxygen raw, SBE 43, 2 [V]
# name 10 = altM: Altimeter [m]
# name 11 = latitude: Latitude [deg]
# name 12 = longitude: Longitude [deg]
# name 13 = sbox0dV/dT: Oxygen, SBE 43 [dov/dt]
# name 14 = sbox1dV/dT: Oxygen, SBE 43, 2 [dov/dt]
# name 15 = sbeox0ML/L: Oxygen, SBE 43 [ml/l], WS = 5
# name 16 = sbeox1ML/L: Oxygen, SBE 43, 2 [ml/l], WS = 5
# name 17 = potemp090C: Potential Temperature [ITS-90, deg C]
# name 18 = potemp190C: Potential Temperature, 2 [ITS-90, deg C]
# name 19 = sal00: Salinity, Practical [PSU]
# name 20 = sal11: Salinity, Practical, 2 [PSU]
# name 21 = sigma-é00: Density [sigma-theta, kg/m^3]
# name 22 = sigma-é11: Density, 2 [sigma-theta, kg/m^3]
# name 23 = avgsvCM: Average Sound Velocity [Chen-Millero, m/s], minP = 20, minS = 20
# name 24 = sbox0Mm/Kg: Oxygen, SBE 43 [umol/kg], WS = 5
# name 25 = sbox1Mm/Kg: Oxygen, SBE 43, 2 [umol/kg], WS = 5
# name 26 = nbin: number of scans per bin
# name 27 = flag: flag
# span 0 =      20015,      63166       
# span 1 =    833.905,   2631.800       
# span 2 =      2.980,    181.688       
# span 3 =      3.000,    183.000       
# span 4 =    14.7998,    88.7556       
# span 5 =    14.7980,    88.7584       
# span 6 =   4.378343,  17.004284       
# span 7 =   4.378279,  17.004933       
# span 8 =     1.7991,     9.8022       
# span 9 =     1.4874,     8.3329       
# span 10 =       5.58,     249.50      
# span 11 =   28.70194,   90.89206      
# span 12 = -268.56629,  -84.80799      
# span 13 =   -0.03667,    0.02373      
# span 14 =   -0.03606,    0.02133      
# span 15 =     2.6132,    13.9518      
# span 16 =     2.6491,    13.9663      
# span 17 =    14.7732,    88.7517      
# span 18 =    14.7714,    88.7545      
# span 19 =    33.0312,   104.6038      
# span 20 =    33.0322,   104.6063      
# span 21 =    20.8467,    66.0181      
# span 22 =    20.8472,    66.0191      
# span 23 =       0.00,    1546.52      
# span 24 =    113.665,    610.223      
# span 25 =    115.226,    610.850      
# span 26 =         30,         76      
# span 27 = 0.0000e+00, 0.0000e+00      
# interval = decibars: 1                
# start_time = Sep 21 2021 00:10:54 [NMEA time, header]
# bad_flag = -9.990e-29
*END*
[from data line 104]
      24538   1022.373    113.202    114.000    18.2203    18.2207   4.780929   4.781056     2.0140     1.6761      73.65   29.03272  -85.78552   -0.00277   -0.00210     2.8839     2.9082    18.2004    18.2008    36.3980    36.3987    26.2933    26.2937    1533.77    125.495    126.554         34 0.0000e+00
      24572   1023.810    114.194    115.000    18.0736    18.0741   4.764335   4.764456     2.0013     1.6633      72.62   29.03272  -85.78552   -0.00566   -0.00658     2.8647     2.8859    18.0537    18.0541    36.3860    36.3866    26.3207    26.3211    1533.64    124.658    125.577         34 0.0000e+00
      24605   1025.161    115.187    116.000    18.0416    18.0421   4.763679   4.763859     1.9946     1.6625      71.78   29.03272  -85.78552   -0.00786   -0.00751     2.8518     2.8855    18.0215    18.0220    36.4085    36.4096    26.3460    26.3467    1533.52    124.091    125.560         30 0.0000e+00
      24659   1027.404    117.172    118.000    17.9516    17.9513   4.753317   4.753383     2.0417     1.7161      69.76   29.02587  -85.76530    0.01055    0.01495     2.9635     3.0232    17.9312    17.9309    36.3962    36.3971    26.3584    26.3591    1532.91    128.950    131.548         32 0.0000e+00
      24699   1029.083    118.165    119.000    17.9352    17.9366   4.752121   4.752393     2.0582     1.7284      68.62   29.03272  -85.78554    0.01789    0.01826     3.0018     3.0546    17.9146    17.9160    36.4030    36.4040    26.3683    26.3688    1533.15    130.619    132.916         37 0.0000e+00
      24734   1030.549    119.158    120.000    17.9091    17.9094   4.749221   4.749365     2.0640     1.7309      67.77   29.03272  -85.78554    0.01123    0.00860     3.0169     3.0628    17.8884    17.8887    36.4009    36.4019    26.3733    26.3739    1533.04    131.271    133.272         32 0.0000e+00
      24789   1032.842    121.143    122.000    17.8130    17.8126   4.737658   4.737590     2.0689     1.7341      65.81   29.02886  -85.77413    0.00258    0.00138     3.0346     3.0769    17.7921    17.7917    36.3848    36.3853    26.3844    26.3848    1532.60    132.039    133.884         32 0.0000e+00
      24826   1034.367    122.136    123.000    17.7245    17.7247   4.727460   4.727590     2.0680     1.7317      64.79   29.03272  -85.78554    0.00160    0.00095     3.0389     3.0773    17.7034    17.7037    36.3771    36.3780    26.4007    26.4013    1532.69    132.227    133.897         35 0.0000e+00
      24860   1035.782    123.129    124.000    17.6811    17.6821   4.722364   4.722550     2.0602     1.7216      63.71   29.03272  -85.78554   -0.00115   -0.00244     3.0245     3.0554    17.6599    17.6609    36.3715    36.3722    26.4071    26.4074    1532.57    131.601    132.942         32 0.0000e+00
      24890   1037.057    124.121    125.000    17.6168    17.6176   4.714967   4.715138     2.0535     1.7164      62.84   29.03272  -85.78554   -0.00453   -0.00554     3.0138     3.0470    17.5955    17.5963    36.3647    36.3654    26.4177    26.4181    1532.46    131.133    132.576         30 0.0000e+00
      24922   1038.360    125.114    126.000    17.5434    17.5455   4.705908   4.706202     2.0502     1.7145      61.92   29.03272  -85.78554   -0.00477   -0.00436     3.0116     3.0473    17.5220    17.5241    36.3515    36.3522    26.4256    26.4256    1532.34    131.034    132.588         32 0.0000e+00
      24954   1039.709    126.106    127.000    17.4195    17.4205   4.691281   4.691449     2.0433     1.7073      60.90   29.03272  -85.78554   -0.00378   -0.00290     3.0044     3.0375    17.3980    17.3990    36.3353    36.3358    26.4434    26.4435    1532.23    130.720    132.158         32 0.0000e+00
      24985   1041.007    127.099    128.000    17.2904    17.2911   4.676383   4.676558     2.0363     1.7002      59.82   29.03272  -85.78554   -0.00456   -0.00448     2.9970     3.0280    17.2689    17.2695    36.3211    36.3221    26.4639    26.4645    1532.11    130.395    131.744         31 0.0000e+00
      25017   1042.346    128.092    129.000    17.2480    17.2501   4.671405   4.671758     2.0363     1.7014      58.90   29.03272  -85.78554   -0.00412   -0.00409     3.0002     3.0339    17.2263    17.2285    36.3155    36.3166    26.4699    26.4703    1532.00    130.534    132.001         34 0.0000e+00
      25052   1043.773    129.085    130.000    17.1662    17.1675   4.661560   4.661788     2.0367     1.7052      57.83   29.03272  -85.78554   -0.00118   -0.00005     3.0068     3.0489    17.1444    17.1458    36.3027    36.3035    26.4799    26.4801    1531.88    130.819    132.654         34 0.0000e+00
      25083   1045.099    130.077    131.000    17.1121    17.1132   4.655127   4.655342     2.0360     1.7029      56.98   29.03272  -85.78554    0.00021    0.00154     3.0091     3.0472    17.0903    17.0914    36.2947    36.2956    26.4868    26.4872    1531.76    130.920    132.577         30 0.0000e+00
      25141   1047.493    132.062    133.000    17.0257    17.0264   4.644357   4.644525     2.0232     1.6889      54.93   29.02906  -85.77473   -0.00344   -0.00410     2.9863     3.0183    17.0035    17.0042    36.2762    36.2770    26.4930    26.4935    1531.34    129.927    131.318         33 0.0000e+00
      25178   1049.024    133.055    134.000    16.9855    16.9864   4.639873   4.640053     2.0144     1.6783      53.88   29.03272  -85.78554   -0.00539   -0.00618     2.9690     2.9945    16.9632    16.9641    36.2740    36.2748    26.5014    26.5018    1531.42    129.173    130.280         34 0.0000e+00
      25210   1050.388    134.048    135.000    16.9523    16.9535   4.635888   4.636115     2.0049     1.6689      53.01   29.03272  -85.78554   -0.00632   -0.00730     2.9498     2.9733    16.9299    16.9311    36.2686    36.2695    26.5052    26.5057    1531.31    128.338    129.360         32 0.0000e+00
      25243   1051.730    135.040    136.000    16.9253    16.9261   4.632719   4.632893     1.9963     1.6625      52.00   29.03272  -85.78554   -0.00680   -0.00661     2.9322     2.9593    16.9027    16.9036    36.2648    36.2656    26.5088    26.5092    1531.20    127.572    128.750         32 0.0000e+00
      25274   1053.053    136.033    137.000    16.8958    16.8966   4.629188   4.629353     1.9900     1.6563      51.01   29.03272  -85.78554   -0.00617   -0.00525     2.9200     2.9459    16.8731    16.8739    36.2600    36.2607    26.5122    26.5125    1531.09    127.039    128.168         31 0.0000e+00
      25304   1054.300    137.026    138.000    16.8548    16.8552   4.624253   4.624355     1.9837     1.6512      50.18   29.03272  -85.78554   -0.00529   -0.00462     2.9083     2.9358    16.8320    16.8324    36.2529    36.2535    26.5165    26.5169    1530.98    126.530    127.726         30 0.0000e+00
      25336   1055.634    138.018    139.000    16.8002    16.8009   4.617705   4.617824     1.9766     1.6452      49.07   29.03272  -85.78554   -0.00504   -0.00431     2.8959     2.9245    16.7773    16.7780    36.2445    36.2449    26.5231    26.5232    1530.87    125.987    127.235         34 0.0000e+00
      25371   1057.072    139.011    140.000    16.7591    16.7581   4.612768   4.612770     1.9681     1.6377      47.96   29.03272  -85.78554   -0.00542   -0.00463     2.8792     2.9084    16.7360    16.7350    36.2378    36.2387    26.5278    26.5287    1530.76    125.264    126.532         33 0.0000e+00
      25402   1058.361    140.003    141.000    16.7258    16.7301   4.608807   4.609359     1.9609     1.6319      47.12   29.03272  -85.78554   -0.00570   -0.00494     2.8652     2.8959    16.7027    16.7069    36.2325    36.2335    26.5316    26.5314    1530.66    124.651    125.988         30 0.0000e+00
      25432   1059.632    140.996    142.000    16.7062    16.7044   4.606501   4.606324     1.9546     1.6256      46.13   29.03272  -85.78554   -0.00557   -0.00476     2.8522     2.8819    16.6829    16.6810    36.2295    36.2296    26.5340    26.5345    1530.55    124.087    125.381         32 0.0000e+00
      25466   1061.023    141.988    143.000    16.6662    16.6643   4.601511   4.601336     1.9482     1.6195      45.07   29.03272  -85.78554   -0.00500   -0.00467     2.8403     2.8693    16.6427    16.6409    36.2213    36.2214    26.5372    26.5377    1530.44    123.567    124.831         34 0.0000e+00
      25498   1062.393    142.981    144.000    16.4795    16.4818   4.578514   4.579055     1.9393     1.6089      44.17   29.03272  -85.78554   -0.00523   -0.00523     2.8228     2.8445    16.4560    16.4583    36.1884    36.1890    26.5560    26.5559    1530.35    122.805    123.748         31 0.0000e+00
      25529   1063.664    143.973    145.000    16.3266    16.3273   4.560977   4.561085     1.9223     1.5916      43.20   29.03272  -85.78554   -0.00764   -0.00813     2.8020     2.8194    16.3031    16.3038    36.1690    36.1694    26.5769    26.5770    1530.23    121.899    122.654         30 0.0000e+00
      25559   1064.932    144.966    146.000    16.2363    16.2385   4.550583   4.550859     1.9109     1.5843      42.13   29.03272  -85.78554   -0.01041   -0.01045     2.7812     2.8063    16.2128    16.2150    36.1581    36.1586    26.5895    26.5894    1530.12    120.991    122.083         32 0.0000e+00
      25593   1066.314    145.959    147.000    16.1451    16.1465   4.540097   4.540313     1.9158     1.5944      41.15   29.03272  -85.78554   -0.00796   -0.00678     2.7980     2.8371    16.1215    16.1229    36.1471    36.1478    26.6023    26.6025    1530.01    121.719    123.423         34 0.0000e+00
      25626   1067.697    146.951    148.000    16.0935    16.0927   4.534154   4.534088     1.9308     1.6087      40.15   29.03272  -85.78554    0.00345    0.00577     2.8373     2.8782    16.0698    16.0690    36.1406    36.1408    26.6092    26.6096    1529.90    123.431    125.210         32 0.0000e+00
      25657   1069.007    147.944    149.000    16.0489    16.0483   4.528888   4.528891     1.9366     1.6157      39.18   29.03272  -85.78554    0.00757    0.00840     2.8542     2.8989    16.0251    16.0245    36.1338    36.1343    26.6144    26.6149    1529.79    124.163    126.110         31 0.0000e+00
      25689   1070.313    148.937    150.000    15.9890    15.9891   4.521814   4.521883     1.9362     1.6143      38.24   29.03272  -85.78554    0.00529    0.00531     2.8573     2.8995    15.9651    15.9652    36.1245    36.1251    26.6211    26.6215    1529.68    124.296    126.134         32 0.0000e+00
      25721   1071.684    149.929    151.000    15.9383    15.9418   4.515870   4.516330     1.9313     1.6094      37.24   29.03272  -85.78554   -0.00031   -0.00041     2.8495     2.8902    15.9143    15.9178    36.1171    36.1181    26.6271    26.6270    1529.57    123.958    125.730         34 0.0000e+00
      25754   1073.040    150.922    152.000    15.8913    15.8925   4.510228   4.510434     1.9271     1.6037      36.24   29.03272  -85.78554   -0.00277   -0.00323     2.8430     2.8789    15.8672    15.8684    36.1089    36.1097    26.6316    26.6319    1529.46    123.673    125.235         31 0.0000e+00
      25810   1075.357    152.907    154.000    15.8453    15.8457   4.504468   4.504569     1.9177     1.5968      34.18   29.02718  -85.76916   -0.00362   -0.00346     2.8246     2.8648    15.8209    15.8213    36.0964    36.0970    26.6321    26.6325    1528.96    122.873    124.622         34 0.0000e+00
      25850   1077.035    153.899    155.000    15.8301    15.8304   4.503186   4.503266     1.9149     1.5937      33.18   29.03272  -85.78554   -0.00304   -0.00222     2.8192     2.8578    15.8056    15.8058    36.1004    36.1008    26.6392    26.6394    1529.14    122.636    124.319         36 0.0000e+00
      25909   1079.517    155.884    157.000    15.7842    15.7845   4.497590   4.497691     1.9094     1.5876      31.40   29.03036  -85.77857   -0.00219   -0.00243     2.8095     2.8454    15.7594    15.7597    36.0903    36.0910    26.6418    26.6423    1528.81    122.217    123.778         30 0.0000e+00
      25943   1080.912    156.876    158.000    15.7551    15.7560   4.494385   4.494545     1.9073     1.5861      30.23   29.03272  -85.78554   -0.00194   -0.00207     2.8069     2.8439    15.7302    15.7311    36.0885    36.0891    26.6472    26.6475    1528.84    122.105    123.712         34 0.0000e+00
      25977   1082.337    157.869    159.000    15.7187    15.7188   4.490106   4.490151     1.9053     1.5845      29.32   29.03272  -85.78554   -0.00164   -0.00143     2.8049     2.8424    15.6936    15.6937    36.0828    36.0831    26.6512    26.6514    1528.74    122.014    123.644         33 0.0000e+00
      26008   1083.640    158.862    160.000    15.6774    15.6779   4.485107   4.485208     1.9030     1.5817      28.38   29.03270  -85.78554   -0.00154   -0.00133     2.8025     2.8384    15.6523    15.6528    36.0751    36.0755    26.6547    26.6549    1528.63    121.912    123.473         30 0.0000e+00
      26040   1084.952    159.854    161.000    15.6360    15.6370   4.480281   4.480452     1.8990     1.5789      27.30   29.03270  -85.78554   -0.00197   -0.00184     2.7957     2.8334    15.6107    15.6118    36.0690    36.0696    26.6595    26.6597    1528.54    121.615    123.256         33 0.0000e+00
      26074   1086.364    160.846    162.000    15.5810    15.5823   4.473693   4.474055     1.8953     1.5755      26.40   29.03270  -85.78554   -0.00262   -0.00226     2.7908     2.8284    15.5557    15.5571    36.0594    36.0603    26.6645    26.6646    1528.43    121.399    123.035         34 0.0000e+00
      26106   1087.696    161.839    163.000    15.4019    15.3951   4.452618   4.451911     1.8906     1.5709      25.40   29.03270  -85.78554   -0.00290   -0.00252     2.7889     2.8252    15.3765    15.3698    36.0323    36.0321    26.6841    26.6855    1528.33    121.314    122.896         30 0.0000e+00
      26136   1088.939    162.832    164.000    15.3850    15.3824   4.450935   4.450620     1.8844     1.5644      24.39   29.03270  -85.78554   -0.00359   -0.00350     2.7777     2.8124    15.3596    15.3570    36.0321    36.0317    26.6878    26.6881    1528.23    120.829    122.338         30 0.0000e+00
      26167   1090.247    163.824    165.000    15.2961    15.2904   4.440014   4.439338     1.8790     1.5589      23.41   29.03270  -85.78554   -0.00438   -0.00448     2.7710     2.8039    15.2706    15.2649    36.0141    36.0133    26.6939    26.6945    1528.13    120.537    121.967         33 0.0000e+00
      26201   1091.650    164.817    166.000    15.1184    15.1189   4.419699   4.419781     1.8721     1.5518      22.39   29.03270  -85.78554   -0.00446   -0.00469     2.7644     2.7948    15.0929    15.0934    35.9886    35.9890    26.7139    26.7141    1528.02    120.244    121.567         34 0.0000e+00
      26234   1093.024    165.809    167.000    15.0634    15.0646   4.412833   4.413008     1.8652     1.5462      21.40   29.03270  -85.78554   -0.00476   -0.00461     2.7532     2.7851    15.0379    15.0390    35.9795    35.9801    26.7191    26.7193    1527.92    119.756    121.144         32 0.0000e+00
      26265   1094.324    166.802    168.000    15.0095    15.0105   4.406610   4.406783     1.8592     1.5405      20.49   29.03270  -85.78552   -0.00501   -0.00443     2.7424     2.7738    14.9838    14.9849    35.9719    35.9725    26.7252    26.7255    1527.82    119.289    120.652         30 0.0000e+00
      26328   1096.961    168.786    170.000    14.8955    14.8954   4.393332   4.393383     1.8508     1.5337      18.39   29.03166  -85.78246   -0.00345   -0.00292     2.7301     2.7635    14.8697    14.8696    35.9542    35.9547    26.7367    26.7371    1527.56    118.750    120.203         35 0.0000e+00
