Gulf of Mexico/GOMECC-4/1db/rb2103_0771.ros
* Sea-Bird SBE 9 Data File:
* FileName = C:\Users\scs.user.rb\CTD\GOMECC4\data\rb2103_0771.hex
* Software Version Seasave V 7.26.7.107
* Temperature SN = 4799
* Conductivity SN = 3860
* Number of Bytes Per Scan = 41
* Number of Voltage Words = 4
* Number of Scans Averaged by the Deck Unit = 1
* NMEA Latitude = 22 16.39 N
* NMEA Longitude = 097 32.73 W
* NMEA UTC (Time) = Oct 06 2021  01:30:55
* NMEA baud rate = 4800
# nquan = 17
# nvalues = 798                                   
# units = specified
# name 0 = scan: Scan Count
# name 1 = timeS: Time, Elapsed [seconds]
# name 2 = depSM: Depth [salt water, m]
# name 3 = prDM: Pressure, Digiquartz [db]
# name 4 = t090C: Temperature [ITS-90, deg C]
# name 5 = t190C: Temperature, 2 [ITS-90, deg C]
# name 6 = c0S/m: Conductivity [S/m]
# name 7 = c1S/m: Conductivity, 2 [S/m]
# name 8 = sbeox0V: Oxygen raw, SBE 43 [V]
# name 9 = sbeox1V: Oxygen raw, SBE 43, 2 [V]
# name 10 = altM: Altimeter [m]
# name 11 = latitude: Latitude [deg]
# name 12 = longitude: Longitude [deg]
# name 13 = sbox0dV/dT: Oxygen, SBE 43 [dov/dt]
# name 14 = sbox1dV/dT: Oxygen, SBE 43, 2 [dov/dt]
# name 15 = nbf: Bottles Fired
# name 16 = flag:  0.000e+00
# interval = seconds: 0.0416667
# start_time = Oct 06 2021 01:30:55 [NMEA time, header]
# bad_flag = -9.990e-29
*END*
[from data line 511]
      29953   1248.000     19.787     19.912    29.5842    29.5870   5.938240   5.938749     3.1453     2.6618      32.67   22.27332  -97.54652   -0.00030    0.00095          4  0.000e+00
      29954   1248.042     19.794     19.919    29.5842    29.5873   5.938184   5.938782     3.1453     2.6618      32.58   22.27332  -97.54652   -0.00028    0.00097          4  0.000e+00
      29955   1248.083     19.794     19.919    29.5846    29.5872   5.938200   5.938644     3.1453     2.6618      32.50   22.27332  -97.54652   -0.00028    0.00098          4  0.000e+00
      29956   1248.125     19.787     19.912    29.5844    29.5866   5.938208   5.938450     3.1453     2.6606      32.48   22.27332  -97.54652   -0.00028    0.00097          4  0.000e+00
      29957   1248.167     19.794     19.919    29.5844    29.5859   5.938176   5.938370     3.1453     2.6606      32.50   22.27332  -97.54652   -0.00028    0.00095          4  0.000e+00
      29958   1248.208     19.841     19.967    29.5844    29.5856   5.938088   5.938394     3.1453     2.6606      32.50   22.27332  -97.54652   -0.00026    0.00094          4  0.000e+00
      29959   1248.250     19.794     19.919    29.5842    29.5861   5.938065   5.938370     3.1465     2.6618      32.50   22.27332  -97.54652   -0.00024    0.00095          4  0.000e+00
      29960   1248.292     19.834     19.960    29.5846    29.5856   5.938025   5.938321     3.1465     2.6606      32.50   22.27332  -97.54652   -0.00022    0.00093          4  0.000e+00
      29961   1248.333     19.841     19.967    29.5844    29.5857   5.938057   5.938313     3.1453     2.6618      32.50   22.27332  -97.54652   -0.00022    0.00092          4  0.000e+00
      29962   1248.375     19.841     19.967    29.5848    29.5849   5.938096   5.938240     3.1465     2.6606      32.50   22.27332  -97.54652   -0.00022    0.00090          4  0.000e+00
      29963   1248.417     19.834     19.960    29.5846    29.5848   5.938080   5.938216     3.1465     2.6606      32.50   22.27332  -97.54652   -0.00020    0.00087          4  0.000e+00
      29964   1248.458     19.841     19.967    29.5846    29.5846   5.938096   5.938248     3.1465     2.6618      32.50   22.27332  -97.54652   -0.00018    0.00086          4  0.000e+00
      29965   1248.500     19.841     19.967    29.5848    29.5848   5.938112   5.938337     3.1465     2.6618      32.50   22.27332  -97.54652   -0.00016    0.00087          4  0.000e+00
      29966   1248.542     19.889     20.015    29.5848    29.5853   5.938073   5.938434     3.1465     2.6618      32.50   22.27332  -97.54652   -0.00014    0.00088          4  0.000e+00
      29967   1248.583     19.841     19.967    29.5848    29.5859   5.938065   5.938555     3.1465     2.6618      32.50   22.27332  -97.54652   -0.00013    0.00089          4  0.000e+00
      29968   1248.625     19.895     20.021    29.5850    29.5866   5.938096   5.938636     3.1465     2.6618      32.50   22.27332  -97.54652   -0.00012    0.00089          4  0.000e+00
      29969   1248.667     19.936     20.062    29.5848    29.5870   5.938041   5.938685     3.1465     2.6618      32.50   22.27332  -97.54652   -0.00011    0.00090          4  0.000e+00
      29970   1248.708     19.895     20.021    29.5850    29.5873   5.938057   5.938806     3.1465     2.6630      32.50   22.27332  -97.54652   -0.00009    0.00092          4  0.000e+00
      29971   1248.750     19.841     19.967    29.5848    29.5876   5.938065   5.938725     3.1465     2.6618      32.50   22.27332  -97.54652   -0.00007    0.00093          4  0.000e+00
      29972   1248.792     19.943     20.069    29.5850    29.5877   5.938104   5.938806     3.1465     2.6630      32.50   22.27332  -97.54652   -0.00005    0.00095          4  0.000e+00
      29973   1248.833     19.889     20.015    29.5848    29.5877   5.938073   5.938774     3.1465     2.6630      32.50   22.27332  -97.54652   -0.00003    0.00097          4  0.000e+00
      32762   1365.042     10.321     10.386    29.5816    29.5836   5.937142   5.937475     3.1490     2.6642      41.90   22.27332  -97.54662    0.00043   -0.00082          5  0.000e+00
      32763   1365.083     10.321     10.386    29.5818    29.5833   5.937134   5.937443     3.1490     2.6642      41.86   22.27332  -97.54662    0.00040   -0.00081          5  0.000e+00
      32764   1365.125     10.423     10.489    29.5816    29.5831   5.937095   5.937459     3.1490     2.6630      41.86   22.27332  -97.54662    0.00037   -0.00083          5  0.000e+00
      32765   1365.167     10.369     10.434    29.5815    29.5829   5.937158   5.937435     3.1490     2.6642      41.86   22.27332  -97.54662    0.00033   -0.00082          5  0.000e+00
      32766   1365.208     10.369     10.434    29.5813    29.5829   5.937071   5.937459     3.1490     2.6654      41.86   22.27332  -97.54662    0.00030   -0.00077          5  0.000e+00
      32767   1365.250     10.321     10.386    29.5815    29.5829   5.937111   5.937443     3.1490     2.6630      41.86   22.27332  -97.54662    0.00026   -0.00076          5  0.000e+00
      32768   1365.292     10.369     10.434    29.5815    29.5825   5.937143   5.937459     3.1490     2.6630      41.86   22.27332  -97.54662    0.00023   -0.00071          5  0.000e+00
      32769   1365.333     10.321     10.386    29.5816    29.5829   5.937095   5.937435     3.1490     2.6642      41.86   22.27332  -97.54662    0.00019   -0.00066          5  0.000e+00
      32770   1365.375     10.369     10.434    29.5818    29.5829   5.937158   5.937427     3.1490     2.6654      41.86   22.27332  -97.54662    0.00015   -0.00061          5  0.000e+00
      32771   1365.417     10.369     10.434    29.5816    29.5829   5.937111   5.937467     3.1502     2.6654      41.86   22.27332  -97.54662    0.00013   -0.00056          5  0.000e+00
      32772   1365.458     10.321     10.386    29.5816    29.5829   5.937127   5.937475     3.1490     2.6654      41.86   22.27332  -97.54662    0.00010   -0.00051          5  0.000e+00
      32773   1365.500     10.423     10.488    29.5816    29.5829   5.937095   5.937475     3.1490     2.6667      41.86   22.27332  -97.54662    0.00006   -0.00041          5  0.000e+00
      32774   1365.542     10.369     10.434    29.5818    29.5831   5.937087   5.937435     3.1490     2.6679      41.86   22.27332  -97.54662    0.00002   -0.00030          5  0.000e+00
      32775   1365.583     10.321     10.386    29.5815    29.5829   5.937047   5.937467     3.1490     2.6654      41.86   22.27332  -97.54662   -0.00001   -0.00025          5  0.000e+00
      32776   1365.625     10.423     10.488    29.5811    29.5829   5.937039   5.937435     3.1490     2.6654      41.86   22.27332  -97.54662   -0.00003   -0.00020          5  0.000e+00
      32777   1365.667     10.369     10.434    29.5811    29.5830   5.936999   5.937500     3.1490     2.6642      41.86   22.27332  -97.54662   -0.00006   -0.00015          5  0.000e+00
      32778   1365.708     10.321     10.386    29.5811    29.5831   5.937023   5.937451     3.1490     2.6642      41.86   22.27332  -97.54662   -0.00008   -0.00010          5  0.000e+00
      32779   1365.750     10.423     10.488    29.5811    29.5833   5.936967   5.937459     3.1490     2.6667      41.86   22.27332  -97.54662   -0.00011   -0.00003          5  0.000e+00
      32780   1365.792     10.369     10.434    29.5809    29.5833   5.937015   5.937443     3.1490     2.6679      41.86   22.27332  -97.54662   -0.00013    0.00006          5  0.000e+00
      32781   1365.833     10.423     10.488    29.5811    29.5833   5.937039   5.937459     3.1490     2.6654      41.86   22.27332  -97.54662   -0.00016    0.00014          5  0.000e+00
      32782   1365.875     10.369     10.434    29.5811    29.5831   5.936999   5.937435     3.1490     2.6654      41.88   22.27332  -97.54662   -0.00018    0.00020          5  0.000e+00
      32783   1365.917     10.369     10.434    29.5813    29.5830   5.937023   5.937459     3.1490     2.6667      41.86   22.27332  -97.54662   -0.00019    0.00027          5  0.000e+00
      32784   1365.958     10.369     10.434    29.5813    29.5831   5.937111   5.937475     3.1490     2.6679      41.86   22.27332  -97.54662   -0.00020    0.00039          5  0.000e+00
      32785   1366.000     10.369     10.434    29.5811    29.5829   5.937063   5.937435     3.1490     2.6654      41.86   22.27332  -97.54662   -0.00022    0.00046          5  0.000e+00
      32786   1366.042     10.369     10.434    29.5811    29.5829   5.937039   5.937459     3.1490     2.6654      41.81   22.27332  -97.54662   -0.00023    0.00051          5  0.000e+00
      32787   1366.083     10.423     10.488    29.5815    29.5830   5.937071   5.937403     3.1490     2.6654      41.78   22.27332  -97.54662   -0.00026    0.00060          5  0.000e+00
      32788   1366.125     10.321     10.386    29.5813    29.5831   5.937015   5.937419     3.1490     2.6654      41.76   22.27332  -97.54662   -0.00027    0.00065          5  0.000e+00
      32789   1366.167     10.423     10.488    29.5813    29.5830   5.937023   5.937387     3.1490     2.6654      41.78   22.27332  -97.54662   -0.00028    0.00070          5  0.000e+00
      32790   1366.208     10.369     10.434    29.5813    29.5829   5.937039   5.937411     3.1490     2.6642      41.78   22.27332  -97.54662   -0.00029    0.00074          5  0.000e+00
      32791   1366.250     10.369     10.434    29.5811    29.5830   5.937039   5.937387     3.1490     2.6618      41.78   22.27332  -97.54662   -0.00030    0.00074          5  0.000e+00
      32792   1366.292     10.369     10.434    29.5811    29.5827   5.936999   5.937411     3.1490     2.6630      41.78   22.27332  -97.54662   -0.00031    0.00079          5  0.000e+00
      32793   1366.333     10.321     10.386    29.5811    29.5830   5.937023   5.937395     3.1490     2.6630      41.78   22.27332  -97.54662   -0.00032    0.00079          5  0.000e+00
      32794   1366.375     10.369     10.434    29.5813    29.5825   5.937039   5.937411     3.1490     2.6618      41.76   22.27332  -97.54662   -0.00031    0.00076          5  0.000e+00
      32795   1366.417     10.369     10.434    29.5809    29.5825   5.937039   5.937387     3.1502     2.6618      41.78   22.27332  -97.54662   -0.00030    0.00075          5  0.000e+00
      32796   1366.458     10.321     10.386    29.5811    29.5825   5.937039   5.937338     3.1502     2.6606      41.78   22.27332  -97.54662   -0.00027    0.00070          5  0.000e+00
      32797   1366.500     10.321     10.386    29.5809    29.5825   5.937079   5.937330     3.1490     2.6593      41.78   22.27332  -97.54662   -0.00026    0.00063          5  0.000e+00
      32798   1366.542     10.369     10.434    29.5811    29.5827   5.937087   5.937362     3.1502     2.6593      41.78   22.27332  -97.54662   -0.00025    0.00057          5  0.000e+00
      32799   1366.583     10.321     10.386    29.5813    29.5825   5.937047   5.937338     3.1502     2.6593      41.78   22.27332  -97.54662   -0.00023    0.00049          5  0.000e+00
      32800   1366.625     10.321     10.386    29.5811    29.5822   5.937071   5.937403     3.1490     2.6581      41.78   22.27332  -97.54662   -0.00022    0.00039          5  0.000e+00
      32801   1366.667     10.321     10.386    29.5813    29.5823   5.937047   5.937354     3.1502     2.6581      41.78   22.27332  -97.54662   -0.00019    0.00031          5  0.000e+00
      32802   1366.708     10.321     10.386    29.5813    29.5824   5.937079   5.937362     3.1502     2.6581      41.78   22.27332  -97.54662   -0.00017    0.00022          5  0.000e+00
      32803   1366.750     10.321     10.386    29.5813    29.5823   5.937047   5.937306     3.1502     2.6581      41.78   22.27332  -97.54662   -0.00014    0.00012          5  0.000e+00
      32804   1366.792     10.274     10.339    29.5815    29.5822   5.937079   5.937281     3.1502     2.6581      41.78   22.27332  -97.54662   -0.00011    0.00003          5  0.000e+00
      32805   1366.833     10.274     10.339    29.5813    29.5823   5.937119   5.937354     3.1502     2.6581      41.78   22.27332  -97.54662   -0.00009   -0.00006          5  0.000e+00
      32806   1366.875     10.321     10.386    29.5813    29.5824   5.937135   5.937306     3.1502     2.6569      41.78   22.27332  -97.54662   -0.00006   -0.00017          5  0.000e+00
      32807   1366.917     10.274     10.339    29.5815    29.5822   5.937134   5.937281     3.1502     2.6581      41.78   22.27332  -97.54662   -0.00004   -0.00026          5  0.000e+00
      32808   1366.958     10.274     10.339    29.5813    29.5814   5.937063   5.937281     3.1502     2.6581      41.78   22.27332  -97.54662   -0.00001   -0.00035          5  0.000e+00
      32809   1367.000     10.274     10.339    29.5813    29.5812   5.937071   5.937241     3.1490     2.6581      41.78   22.27332  -97.54662 2.5752e-12   -0.00044          5  0.000e+00
      32810   1367.042     10.220     10.284    29.5813    29.5812   5.937087   5.937233     3.1502     2.6581      41.88   22.27332  -97.54662    0.00003   -0.00051          5  0.000e+00
      32811   1367.083     10.274     10.339    29.5816    29.5812   5.937127   5.937306     3.1490     2.6593      41.98   22.27332  -97.54662    0.00004   -0.00055          5  0.000e+00
      32812   1367.125     10.274     10.339    29.5813    29.5814   5.937095   5.937290     3.1502     2.6581      41.98   22.27332  -97.54662    0.00006   -0.00062          5  0.000e+00
      32813   1367.167     10.220     10.284    29.5815    29.5814   5.937087   5.937281     3.1490     2.6593      41.98   22.27332  -97.54662    0.00006   -0.00067          5  0.000e+00
      32814   1367.208     10.220     10.284    29.5813    29.5814   5.937087   5.937314     3.1502     2.6593      41.98   22.27332  -97.54662    0.00006   -0.00071          5  0.000e+00
      32815   1367.250     10.220     10.284    29.5813    29.5812   5.937126   5.937298     3.1490     2.6593      41.98   22.27332  -97.54662    0.00007   -0.00076          5  0.000e+00
      32816   1367.292     10.220     10.284    29.5815    29.5816   5.937095   5.937281     3.1502     2.6606      41.98   22.27332  -97.54662    0.00008   -0.00079          5  0.000e+00
      32817   1367.333     10.220     10.284    29.5811    29.5812   5.937047   5.937281     3.1490     2.6606      41.98   22.27332  -97.54662    0.00007   -0.00081          5  0.000e+00
      32818   1367.375     10.172     10.236    29.5813    29.5816   5.937111   5.937241     3.1490     2.6606      41.98   22.27332  -97.54662    0.00007   -0.00082          5  0.000e+00
      32819   1367.417     10.220     10.284    29.5813    29.5816   5.937134   5.937273     3.1490     2.6618      41.98   22.27332  -97.54662    0.00006   -0.00083          5  0.000e+00
      32820   1367.458     10.172     10.236    29.5811    29.5816   5.937063   5.937281     3.1502     2.6618      41.98   22.27332  -97.54662    0.00007   -0.00083          5  0.000e+00
      32821   1367.500     10.172     10.236    29.5813    29.5816   5.937111   5.937281     3.1502     2.6618      41.98   22.27332  -97.54662    0.00008   -0.00086          5  0.000e+00
      32822   1367.542     10.172     10.236    29.5811    29.5810   5.937134   5.937241     3.1502     2.6618      41.98   22.27332  -97.54662    0.00008   -0.00088          5  0.000e+00
      32823   1367.583     10.220     10.284    29.5813    29.5807   5.937095   5.937233     3.1502     2.6618      41.98   22.27332  -97.54662    0.00009   -0.00091          5  0.000e+00
      32824   1367.625     10.125     10.189    29.5813    29.5805   5.937087   5.937233     3.1490     2.6618      41.98   22.27332  -97.54662    0.00008   -0.00093          5  0.000e+00
