Gulf of Mexico/GOMECC-4/1db/rb2103_0771.ros
* Sea-Bird SBE 9 Data File:
* FileName = C:\Users\scs.user.rb\CTD\GOMECC4\data\rb2103_0771.hex
* Software Version Seasave V 7.26.7.107
* Temperature SN = 4799
* Conductivity SN = 3860
* Number of Bytes Per Scan = 41
* Number of Voltage Words = 4
* Number of Scans Averaged by the Deck Unit = 1
* NMEA Latitude = 22 16.39 N
* NMEA Longitude = 097 32.73 W
* NMEA UTC (Time) = Oct 06 2021  01:30:55
* NMEA baud rate = 4800
# nquan = 17
# nvalues = 798                                   
# units = specified
# name 0 = scan: Scan Count
# name 1 = timeS: Time, Elapsed [seconds]
# name 2 = depSM: Depth [salt water, m]
# name 3 = prDM: Pressure, Digiquartz [db]
# name 4 = t090C: Temperature [ITS-90, deg C]
# name 5 = t190C: Temperature, 2 [ITS-90, deg C]
# name 6 = c0S/m: Conductivity [S/m]
# name 7 = c1S/m: Conductivity, 2 [S/m]
# name 8 = sbeox0V: Oxygen raw, SBE 43 [V]
# name 9 = sbeox1V: Oxygen raw, SBE 43, 2 [V]
# name 10 = altM: Altimeter [m]
# name 11 = latitude: Latitude [deg]
# name 12 = longitude: Longitude [deg]
# name 13 = sbox0dV/dT: Oxygen, SBE 43 [dov/dt]
# name 14 = sbox1dV/dT: Oxygen, SBE 43, 2 [dov/dt]
# name 15 = nbf: Bottles Fired
# name 16 = flag:  0.000e+00
# interval = seconds: 0.0416667
# start_time = Oct 06 2021 01:30:55 [NMEA time, header]
# bad_flag = -9.990e-29
*END*
      22935    955.583     45.082     45.371    26.3207    26.3357   5.621741   5.623391     3.1734     2.7070       7.79   22.27328  -97.54634    0.00042    0.00149          1  0.000e+00
      22936    955.625     45.482     45.773    26.3210    26.3407   5.621765   5.623684     3.1734     2.7070       7.79   22.27328  -97.54634    0.00044    0.00155          1  0.000e+00
      22937    955.667     45.130     45.418    26.3202    26.3448   5.621570   5.624157     3.1734     2.7070       7.79   22.27328  -97.54634    0.00046    0.00160          1  0.000e+00
      22938    955.708     45.279     45.568    26.3188    26.3470   5.621531   5.624560     3.1734     2.7082       7.79   22.27328  -97.54634    0.00050    0.00166          1  0.000e+00
      22939    955.750     45.279     45.568    26.3200    26.3459   5.621430   5.624623     3.1746     2.7082       7.79   22.27328  -97.54634    0.00054    0.00173          1  0.000e+00
      22940    955.792     45.279     45.568    26.3181    26.3454   5.621111   5.624473     3.1746     2.7082       7.79   22.27328  -97.54634    0.00058    0.00180          1  0.000e+00
      22941    955.833     45.306     45.596    26.3167    26.3447   5.621056   5.624141     3.1734     2.7082       7.79   22.27328  -97.54634    0.00062    0.00188          1  0.000e+00
      22942    955.875     45.279     45.568    26.3157    26.3425   5.620893   5.623770     3.1734     2.7082       7.79   22.27328  -97.54634    0.00064    0.00195          1  0.000e+00
      22943    955.917     45.333     45.623    26.3115    26.3392   5.620457   5.623439     3.1734     2.7082       7.79   22.27328  -97.54634    0.00066    0.00202          1  0.000e+00
      22944    955.958     45.333     45.623    26.3072    26.3356   5.619912   5.623186     3.1734     2.7082       7.79   22.27328  -97.54634    0.00068    0.00207          1  0.000e+00
      22945    956.000     45.333     45.623    26.3046    26.3328   5.619671   5.623021     3.1734     2.7082       7.77   22.27328  -97.54634    0.00070    0.00212          1  0.000e+00
      22946    956.042     45.380     45.671    26.3032    26.3297   5.619570   5.622815     3.1746     2.7082       7.67   22.27328  -97.54634    0.00074    0.00219          1  0.000e+00
      22947    956.083     45.333     45.623    26.3024    26.3256   5.619484   5.622405     3.1734     2.7082       7.62   22.27328  -97.54634    0.00076    0.00225          1  0.000e+00
      22948    956.125     45.380     45.671    26.3016    26.3237   5.619422   5.622192     3.1746     2.7082       7.62   22.27328  -97.54634    0.00079    0.00230          1  0.000e+00
      22949    956.167     45.380     45.671    26.3010    26.3233   5.619406   5.622121     3.1734     2.7082       7.62   22.27328  -97.54634    0.00081    0.00236          1  0.000e+00
      22950    956.208     45.428     45.718    26.3009    26.3212   5.619367   5.621829     3.1746     2.7082       7.62   22.27328  -97.54634    0.00085    0.00241          1  0.000e+00
      22951    956.250     45.380     45.671    26.3008    26.3192   5.619320   5.621529     3.1746     2.7070       7.62   22.27328  -97.54634    0.00089    0.00245          1  0.000e+00
      22952    956.292     45.428     45.718    26.3007    26.3162   5.619344   5.621048     3.1734     2.7082       7.62   22.27328  -97.54634    0.00089    0.00251          1  0.000e+00
      22953    956.333     45.407     45.698    26.3005    26.3097   5.619359   5.620456     3.1746     2.7070       7.62   22.27328  -97.54634    0.00091    0.00256          1  0.000e+00
      22954    956.375     45.482     45.773    26.2996    26.3055   5.619071   5.619991     3.1746     2.7070       7.62   22.27328  -97.54634    0.00094    0.00260          1  0.000e+00
      22955    956.417     45.428     45.718    26.2972    26.3033   5.618853   5.619817     3.1746     2.7070       7.62   22.27328  -97.54634    0.00096    0.00265          1  0.000e+00
      22956    956.458     45.482     45.773    26.2961    26.3035   5.618768   5.620077     3.1734     2.7070       7.62   22.27328  -97.54634    0.00096    0.00269          1  0.000e+00
      22957    956.500     45.482     45.773    26.2971    26.3070   5.618690   5.620448     3.1734     2.7070       7.62   22.27328  -97.54634    0.00096    0.00273          1  0.000e+00
      22958    956.542     45.482     45.773    26.2961    26.3104   5.618418   5.620709     3.1734     2.7057       7.62   22.27328  -97.54634    0.00096    0.00275          1  0.000e+00
      22959    956.583     45.482     45.773    26.2956    26.3117   5.618270   5.620764     3.1734     2.7057       7.62   22.27328  -97.54634    0.00095    0.00277          1  0.000e+00
      22960    956.625     45.529     45.821    26.2936    26.3128   5.618137   5.620764     3.1746     2.7057       7.62   22.27328  -97.54634    0.00095    0.00278          1  0.000e+00
      22961    956.667     45.482     45.773    26.2904    26.3126   5.618036   5.620661     3.1746     2.7057       7.62   22.27328  -97.54634    0.00095    0.00280          1  0.000e+00
      22962    956.708     45.529     45.821    26.2883    26.3092   5.617881   5.620314     3.1734     2.7057       7.62   22.27328  -97.54634    0.00093    0.00281          1  0.000e+00
      22963    956.750     45.529     45.821    26.2862    26.3041   5.617655   5.619856     3.1734     2.7057       7.62   22.27328  -97.54634    0.00090    0.00283          1  0.000e+00
      22964    956.792     45.529     45.821    26.2852    26.3020   5.617600   5.619714     3.1734     2.7057       7.62   22.27328  -97.54634    0.00088    0.00282          1  0.000e+00
      22965    956.833     45.529     45.821    26.2845    26.3033   5.617632   5.619778     3.1734     2.7045       7.62   22.27328  -97.54634    0.00085    0.00281          1  0.000e+00
      22966    956.875     45.556     45.848    26.2835    26.3052   5.617468   5.619935     3.1734     2.7045       7.62   22.27328  -97.54634    0.00083    0.00279          1  0.000e+00
      22967    956.917     45.529     45.821    26.2834    26.3050   5.617445   5.619975     3.1734     2.7045       7.62   22.27328  -97.54634    0.00080    0.00278          1  0.000e+00
      22968    956.958     45.577     45.868    26.2839    26.3031   5.617530   5.619880     3.1734     2.7045       7.62   22.27328  -97.54634    0.00078    0.00275          1  0.000e+00
      22969    957.000     45.577     45.868    26.2832    26.3020   5.617375   5.619707     3.1734     2.7045       7.59   22.27328  -97.54634    0.00075    0.00272          1  0.000e+00
      22970    957.042     45.577     45.868    26.2844    26.3015   5.617180   5.619730     3.1734     2.7045       7.47   22.27328  -97.54634    0.00072    0.00269          1  0.000e+00
      22971    957.083     45.577     45.868    26.2817    26.3010   5.616853   5.619612     3.1722     2.7045       7.40   22.27328  -97.54634    0.00068    0.00266          1  0.000e+00
      22972    957.125     45.577     45.868    26.2792    26.3033   5.616627   5.619628     3.1722     2.7045       7.40   22.27328  -97.54634    0.00063    0.00262          1  0.000e+00
      22973    957.167     45.577     45.868    26.2781    26.3037   5.616682   5.619651     3.1722     2.7033       7.40   22.27328  -97.54634    0.00058    0.00257          1  0.000e+00
      22974    957.208     45.631     45.923    26.2774    26.3026   5.616760   5.619557     3.1722     2.7033       7.40   22.27328  -97.54634    0.00052    0.00252          1  0.000e+00
      22975    957.250     45.577     45.868    26.2774    26.3010   5.616838   5.619415     3.1722     2.7033       7.40   22.27328  -97.54634    0.00047    0.00246          1  0.000e+00
      22976    957.292     45.631     45.923    26.2778    26.3004   5.616861   5.619162     3.1722     2.7033       7.40   22.27328  -97.54634    0.00042    0.00240          1  0.000e+00
      22977    957.333     45.577     45.868    26.2779    26.2993   5.616861   5.618823     3.1722     2.7033       7.40   22.27328  -97.54634    0.00038    0.00235          1  0.000e+00
      22978    957.375     45.577     45.868    26.2777    26.2978   5.616791   5.618736     3.1722     2.7033       7.40   22.27328  -97.54634    0.00033    0.00227          1  0.000e+00
      22979    957.417     45.604     45.896    26.2774    26.2969   5.616768   5.618689     3.1722     2.7033       7.40   22.27328  -97.54634    0.00028    0.00219          1  0.000e+00
      22980    957.458     45.631     45.923    26.2759    26.2962   5.616737   5.618720     3.1722     2.7021       7.40   22.27328  -97.54634    0.00023    0.00210          1  0.000e+00
      22981    957.500     45.631     45.923    26.2754    26.2962   5.616651   5.618768     3.1709     2.7021       7.40   22.27328  -97.54634    0.00016    0.00200          1  0.000e+00
      22982    957.542     45.577     45.868    26.2761    26.2960   5.616628   5.618744     3.1709     2.7021       7.40   22.27328  -97.54634    0.00009    0.00190          1  0.000e+00
      22983    957.583     45.631     45.923    26.2769    26.2966   5.616628   5.618760     3.1709     2.7021       7.40   22.27328  -97.54634    0.00003    0.00179          1  0.000e+00
      22984    957.625     45.577     45.868    26.2770    26.2971   5.616698   5.618847     3.1722     2.7009       7.42   22.27328  -97.54634   -0.00001    0.00167          1  0.000e+00
      22985    957.667     45.631     45.923    26.2772    26.2978   5.616931   5.618973     3.1709     2.7009       7.40   22.27328  -97.54634   -0.00007    0.00153          1  0.000e+00
      22986    957.708     45.577     45.868    26.2777    26.3013   5.617204   5.619391     3.1709     2.7009       7.40   22.27328  -97.54634   -0.00014    0.00139          1  0.000e+00
      22987    957.750     45.631     45.923    26.2810    26.3046   5.617375   5.619793     3.1709     2.7009       7.40   22.27328  -97.54634   -0.00019    0.00125          1  0.000e+00
      22988    957.792     45.631     45.923    26.2826    26.3053   5.617414   5.619888     3.1709     2.7009       7.40   22.27328  -97.54634   -0.00024    0.00111          1  0.000e+00
      22989    957.833     45.577     45.868    26.2828    26.3060   5.617375   5.619896     3.1709     2.7009       7.40   22.27328  -97.54634   -0.00029    0.00097          1  0.000e+00
      22990    957.875     45.577     45.868    26.2830    26.3052   5.617328   5.619754     3.1709     2.7009       7.40   22.27328  -97.54634   -0.00034    0.00083          1  0.000e+00
      22991    957.917     45.577     45.868    26.2831    26.3050   5.617320   5.619525     3.1697     2.7009       7.40   22.27328  -97.54634   -0.00040    0.00069          1  0.000e+00
      22992    957.958     45.577     45.868    26.2830    26.3028   5.617320   5.619438     3.1709     2.7009       7.40   22.27328  -97.54634   -0.00045    0.00054          1  0.000e+00
      22993    958.000     45.604     45.896    26.2830    26.3004   5.617491   5.619462     3.1709     2.6996       7.40   22.27328  -97.54634   -0.00049    0.00040          1  0.000e+00
      22994    958.042     45.577     45.868    26.2841    26.3006   5.617865   5.619643     3.1709     2.6996       7.35   22.27328  -97.54634   -0.00054    0.00025          1  0.000e+00
      22995    958.083     45.577     45.868    26.2885    26.3026   5.618317   5.619730     3.1709     2.6996       7.35   22.27328  -97.54634   -0.00057    0.00009          1  0.000e+00
      22996    958.125     45.577     45.868    26.2925    26.3037   5.618675   5.619959     3.1697     2.6996       7.33   22.27328  -97.54634   -0.00063   -0.00005          1  0.000e+00
      22997    958.167     45.529     45.821    26.2943    26.3057   5.618791   5.620306     3.1709     2.6996       7.33   22.27328  -97.54634   -0.00068   -0.00020          1  0.000e+00
      22998    958.208     45.577     45.868    26.2945    26.3085   5.618807   5.620677     3.1697     2.6996       7.33   22.27328  -97.54634   -0.00072   -0.00035          1  0.000e+00
      22999    958.250     45.529     45.821    26.2948    26.3104   5.618838   5.621008     3.1697     2.6996       7.33   22.27328  -97.54634   -0.00077   -0.00048          1  0.000e+00
      23000    958.292     45.529     45.821    26.2945    26.3133   5.618854   5.621229     3.1697     2.6996       7.33   22.27328  -97.54634   -0.00082   -0.00062          1  0.000e+00
      23001    958.333     45.529     45.821    26.2939    26.3152   5.618885   5.621277     3.1697     2.6996       7.35   22.27328  -97.54634   -0.00087   -0.00075          1  0.000e+00
      23002    958.375     45.529     45.821    26.2949    26.3166   5.618963   5.621308     3.1697     2.6996       7.33   22.27328  -97.54634   -0.00091   -0.00087          1  0.000e+00
      23003    958.417     45.529     45.821    26.2948    26.3173   5.618916   5.621324     3.1697     2.6996       7.33   22.27328  -97.54634   -0.00095   -0.00098          1  0.000e+00
      23004    958.458     45.529     45.821    26.2953    26.3178   5.618924   5.621324     3.1697     2.6996       7.33   22.27328  -97.54634   -0.00098   -0.00109          1  0.000e+00
      23005    958.500     45.482     45.773    26.2970    26.3177   5.618869   5.621356     3.1697     2.6996       7.35   22.27328  -97.54634   -0.00104   -0.00120          1  0.000e+00
      23006    958.542     45.509     45.800    26.2992    26.3177   5.618962   5.621403     3.1697     2.6996       7.33   22.27328  -97.54634   -0.00108   -0.00131          1  0.000e+00
      23007    958.583     45.482     45.773    26.2994    26.3186   5.619126   5.621553     3.1697     2.6996       7.35   22.27328  -97.54634   -0.00111   -0.00142          1  0.000e+00
      23008    958.625     45.482     45.773    26.3003    26.3203   5.619274   5.621742     3.1697     2.6996       7.35   22.27328  -97.54634   -0.00114   -0.00153          1  0.000e+00
      23009    958.667     45.482     45.773    26.3006    26.3221   5.619414   5.621813     3.1697     2.6984       7.35   22.27328  -97.54634   -0.00118   -0.00164          1  0.000e+00
      23010    958.708     45.428     45.718    26.3012    26.3241   5.619523   5.622003     3.1697     2.6996       7.33   22.27328  -97.54634   -0.00121   -0.00173          1  0.000e+00
      23011    958.750     45.428     45.718    26.3021    26.3252   5.619616   5.622097     3.1685     2.6996       7.35   22.27328  -97.54634   -0.00126   -0.00182          1  0.000e+00
      23012    958.792     45.428     45.718    26.3034    26.3264   5.619873   5.622208     3.1685     2.6996       7.35   22.27328  -97.54634   -0.00131   -0.00191          1  0.000e+00
      23013    958.833     45.428     45.718    26.3045    26.3272   5.620060   5.622350     3.1685     2.6996       7.35   22.27328  -97.54634   -0.00135   -0.00198          1  0.000e+00
      23014    958.875     45.482     45.773    26.3075    26.3283   5.620216   5.622460     3.1685     2.6996       7.35   22.27328  -97.54634   -0.00138   -0.00205          1  0.000e+00
      23015    958.917     45.380     45.671    26.3102    26.3295   5.620348   5.622547     3.1685     2.6996       7.35   22.27328  -97.54634   -0.00142   -0.00212          1  0.000e+00
      23016    958.958     45.380     45.671    26.3124    26.3298   5.620589   5.622602     3.1685     2.6996       7.33   22.27328  -97.54634   -0.00146   -0.00219          1  0.000e+00
      23017    959.000     45.380     45.671    26.3133    26.3308   5.620792   5.622721     3.1685     2.6996       7.35   22.27328  -97.54634   -0.00150   -0.00224          1  0.000e+00
      23018    959.042     45.380     45.671    26.3151    26.3401   5.620908   5.623312     3.1685     2.6996       7.47   22.27328  -97.54634   -0.00152   -0.00228          1  0.000e+00
      23019    959.083     45.407     45.698    26.3182    26.3485   5.621033   5.624157     3.1685     2.6996       7.52   22.27328  -97.54634   -0.00154   -0.00233          1  0.000e+00
