Gulf of Mexico/GOMECC-4/1db/rb2103_0571.ros
* Sea-Bird SBE 9 Data File:
* FileName = C:\Users\scs.user.rb\CTD\GOMECC4\data\rb2103_0571.hex
* Software Version Seasave V 7.26.7.107
* Temperature SN = 4799
* Conductivity SN = 3860
* Number of Bytes Per Scan = 41
* Number of Voltage Words = 4
* Number of Scans Averaged by the Deck Unit = 1
* NMEA Latitude = 28 05.10 N
* NMEA Longitude = 095 00.06 W
* NMEA UTC (Time) = Sep 29 2021  05:34:51
* NMEA baud rate = 4800
# nquan = 17
# nvalues = 798                                   
# units = specified
# name 0 = scan: Scan Count
# name 1 = timeS: Time, Elapsed [seconds]
# name 2 = depSM: Depth [salt water, m]
# name 3 = prDM: Pressure, Digiquartz [db]
# name 4 = t090C: Temperature [ITS-90, deg C]
# name 5 = t190C: Temperature, 2 [ITS-90, deg C]
# name 6 = c0S/m: Conductivity [S/m]
# name 7 = c1S/m: Conductivity, 2 [S/m]
# name 8 = sbeox0V: Oxygen raw, SBE 43 [V]
# name 9 = sbeox1V: Oxygen raw, SBE 43, 2 [V]
# name 10 = altM: Altimeter [m]
# name 11 = latitude: Latitude [deg]
# name 12 = longitude: Longitude [deg]
# name 13 = sbox0dV/dT: Oxygen, SBE 43 [dov/dt]
# name 14 = sbox1dV/dT: Oxygen, SBE 43, 2 [dov/dt]
# name 15 = nbf: Bottles Fired
# name 16 = flag:  0.000e+00
# interval = seconds: 0.0416667
# start_time = Sep 29 2021 05:34:51 [NMEA time, header]
# bad_flag = -9.990e-29
*END*
[from data line 596]
      36284   1511.792      9.526      9.590    28.5711    28.5723   5.691462   5.691801     3.1233     2.6447      50.65   28.08622  -95.00032   -0.00063   -0.00076          5  0.000e+00
      36285   1511.833      9.478      9.542    28.5709    28.5725   5.691430   5.691770     3.1233     2.6447      50.65   28.08622  -95.00032   -0.00060   -0.00078          5  0.000e+00
      36286   1511.875      9.478      9.542    28.5709    28.5725   5.691415   5.691730     3.1233     2.6447      50.67   28.08622  -95.00032   -0.00056   -0.00081          5  0.000e+00
      36287   1511.917      9.478      9.542    28.5709    28.5723   5.691415   5.691738     3.1221     2.6435      50.65   28.08622  -95.00032   -0.00054   -0.00086          5  0.000e+00
      36288   1511.958      9.478      9.542    28.5709    28.5723   5.691446   5.691778     3.1221     2.6435      50.67   28.08622  -95.00032   -0.00053   -0.00090          5  0.000e+00
      36289   1512.000      9.526      9.590    28.5709    28.5725   5.691462   5.691793     3.1221     2.6435      50.67   28.08622  -95.00032   -0.00050   -0.00094          5  0.000e+00
      36290   1512.042      9.478      9.542    28.5707    28.5721   5.691430   5.691746     3.1221     2.6435      50.79   28.08622  -95.00032   -0.00048   -0.00098          5  0.000e+00
      36291   1512.083      9.478      9.542    28.5709    28.5723   5.691485   5.691778     3.1221     2.6435      50.94   28.08622  -95.00032   -0.00045   -0.00103          5  0.000e+00
      36292   1512.125      9.478      9.542    28.5709    28.5723   5.691470   5.691754     3.1209     2.6435      50.96   28.08622  -95.00032   -0.00045   -0.00108          5  0.000e+00
      36293   1512.167      9.478      9.542    28.5711    28.5725   5.691462   5.691746     3.1221     2.6435      50.96   28.08622  -95.00032   -0.00042   -0.00113          5  0.000e+00
      36294   1512.208      9.526      9.590    28.5709    28.5723   5.691423   5.691793     3.1209     2.6435      50.94   28.08622  -95.00032   -0.00040   -0.00120          5  0.000e+00
      36295   1512.250      9.526      9.590    28.5709    28.5723   5.691485   5.691762     3.1209     2.6435      50.94   28.08622  -95.00032   -0.00038   -0.00127          5  0.000e+00
      36296   1512.292      9.526      9.590    28.5709    28.5725   5.691438   5.691746     3.1209     2.6447      50.94   28.08622  -95.00032   -0.00036   -0.00132          5  0.000e+00
      36297   1512.333      9.526      9.590    28.5707    28.5723   5.691446   5.691746     3.1209     2.6447      50.94   28.08622  -95.00034   -0.00034   -0.00136          5  0.000e+00
      36298   1512.375      9.526      9.590    28.5709    28.5727   5.691462   5.691770     3.1209     2.6447      50.94   28.08622  -95.00034   -0.00032   -0.00141          5  0.000e+00
      36299   1512.417      9.580      9.644    28.5709    28.5727   5.691462   5.691754     3.1209     2.6447      50.94   28.08622  -95.00034   -0.00029   -0.00146          5  0.000e+00
      36300   1512.458      9.526      9.590    28.5707    28.5725   5.691431   5.691817     3.1209     2.6447      50.94   28.08622  -95.00034   -0.00027   -0.00150          5  0.000e+00
      36301   1512.500      9.580      9.644    28.5707    28.5727   5.691446   5.691873     3.1209     2.6447      50.94   28.08622  -95.00034   -0.00024   -0.00155          5  0.000e+00
      36302   1512.542      9.580      9.644    28.5709    28.5725   5.691462   5.691817     3.1197     2.6447      50.94   28.08622  -95.00034   -0.00023   -0.00159          5  0.000e+00
      36303   1512.583      9.627      9.692    28.5705    28.5723   5.691501   5.691809     3.1209     2.6447      50.94   28.08622  -95.00034   -0.00021   -0.00163          5  0.000e+00
      36304   1512.625      9.627      9.692    28.5709    28.5725   5.691470   5.691794     3.1197     2.6447      50.94   28.08622  -95.00034   -0.00021   -0.00168          5  0.000e+00
      36305   1512.667      9.627      9.692    28.5709    28.5723   5.691423   5.691754     3.1197     2.6447      50.94   28.08622  -95.00034   -0.00020   -0.00172          5  0.000e+00
      36306   1512.708      9.627      9.692    28.5709    28.5723   5.691485   5.691746     3.1209     2.6459      50.96   28.08622  -95.00034   -0.00019   -0.00172          5  0.000e+00
      36307   1512.750      9.675      9.740    28.5710    28.5725   5.691470   5.691794     3.1209     2.6459      50.94   28.08622  -95.00034   -0.00017   -0.00173          5  0.000e+00
      36308   1512.792      9.675      9.740    28.5711    28.5723   5.691501   5.691794     3.1209     2.6459      50.94   28.08622  -95.00034   -0.00016   -0.00173          5  0.000e+00
      36309   1512.833      9.729      9.794    28.5709    28.5723   5.691470   5.691794     3.1209     2.6471      50.94   28.08622  -95.00034   -0.00014   -0.00170          5  0.000e+00
      36310   1512.875      9.729      9.794    28.5709    28.5723   5.691493   5.691794     3.1209     2.6471      50.94   28.08622  -95.00034   -0.00013   -0.00167          5  0.000e+00
      36311   1512.917      9.729      9.794    28.5710    28.5725   5.691478   5.691809     3.1209     2.6471      50.94   28.08622  -95.00034   -0.00011   -0.00164          5  0.000e+00
      36312   1512.958      9.729      9.794    28.5709    28.5723   5.691493   5.691833     3.1209     2.6471      50.94   28.08622  -95.00034   -0.00009   -0.00160          5  0.000e+00
      36313   1513.000      9.776      9.842    28.5709    28.5725   5.691509   5.691770     3.1209     2.6484      50.94   28.08622  -95.00034   -0.00007   -0.00155          5  0.000e+00
      36314   1513.042      9.824      9.890    28.5710    28.5727   5.691509   5.691849     3.1209     2.6484      50.79   28.08622  -95.00034   -0.00006   -0.00150          5  0.000e+00
      36315   1513.083      9.776      9.842    28.5711    28.5725   5.691509   5.691802     3.1209     2.6496      50.65   28.08622  -95.00034   -0.00004   -0.00143          5  0.000e+00
      36316   1513.125      9.824      9.890    28.5712    28.5725   5.691509   5.691786     3.1209     2.6496      50.60   28.08622  -95.00034   -0.00002   -0.00136          5  0.000e+00
      36317   1513.167      9.878      9.944    28.5713    28.5723   5.691509   5.691794     3.1209     2.6496      50.60   28.08622  -95.00034    0.00001   -0.00129          5  0.000e+00
      36318   1513.208      9.878      9.944    28.5712    28.5723   5.691509   5.691825     3.1209     2.6508      50.62   28.08622  -95.00034    0.00003   -0.00122          5  0.000e+00
      36319   1513.250      9.925      9.992    28.5711    28.5725   5.691548   5.691817     3.1209     2.6508      50.62   28.08622  -95.00034    0.00005   -0.00114          5  0.000e+00
      36320   1513.292      9.878      9.944    28.5712    28.5727   5.691517   5.691794     3.1209     2.6508      50.62   28.08622  -95.00034    0.00006   -0.00105          5  0.000e+00
      36321   1513.333      9.878      9.944    28.5711    28.5727   5.691548   5.691825     3.1221     2.6508      50.62   28.08620  -95.00032    0.00010   -0.00096          5  0.000e+00
      36322   1513.375     10.074     10.142    28.5714    28.5725   5.691517   5.691841     3.1209     2.6508      50.62   28.08620  -95.00032    0.00012   -0.00088          5  0.000e+00
      36323   1513.417      9.972     10.039    28.5713    28.5729   5.691540   5.691841     3.1209     2.6508      50.62   28.08620  -95.00032    0.00013   -0.00079          5  0.000e+00
      36324   1513.458     10.026     10.094    28.5712    28.5727   5.691525   5.691857     3.1209     2.6508      50.62   28.08620  -95.00032    0.00013   -0.00071          5  0.000e+00
      36325   1513.500     10.074     10.142    28.5712    28.5727   5.691540   5.691913     3.1209     2.6508      50.62   28.08620  -95.00032    0.00014   -0.00063          5  0.000e+00
      36326   1513.542     10.026     10.094    28.5713    28.5729   5.691556   5.691865     3.1209     2.6508      50.62   28.08620  -95.00032    0.00015   -0.00054          5  0.000e+00
      36327   1513.583     10.121     10.189    28.5714    28.5729   5.691556   5.691841     3.1209     2.6508      50.62   28.08620  -95.00032    0.00016   -0.00046          5  0.000e+00
      36328   1513.625     10.074     10.142    28.5713    28.5729   5.691556   5.691857     3.1209     2.6508      50.60   28.08620  -95.00032    0.00017   -0.00038          5  0.000e+00
      36329   1513.667     10.175     10.244    28.5712    28.5729   5.691556   5.691841     3.1209     2.6496      50.62   28.08620  -95.00032    0.00016   -0.00029          5  0.000e+00
      36330   1513.708     10.175     10.244    28.5716    28.5727   5.691556   5.691841     3.1209     2.6496      50.62   28.08620  -95.00032    0.00017   -0.00021          5  0.000e+00
      36331   1513.750     10.175     10.244    28.5716    28.5729   5.691587   5.691802     3.1209     2.6496      50.62   28.08620  -95.00032    0.00016   -0.00012          5  0.000e+00
      36332   1513.792     10.175     10.244    28.5718    28.5729   5.691603   5.691841     3.1209     2.6496      50.62   28.08620  -95.00032    0.00017   -0.00004          5  0.000e+00
      36333   1513.833     10.223     10.291    28.5718    28.5725   5.691603   5.691841     3.1209     2.6496      50.62   28.08620  -95.00032    0.00016    0.00003          5  0.000e+00
      36334   1513.875     10.223     10.291    28.5716    28.5727   5.691603   5.691841     3.1209     2.6496      50.62   28.08620  -95.00032    0.00015    0.00009          5  0.000e+00
      36335   1513.917     10.270     10.339    28.5718    28.5727   5.691603   5.691770     3.1209     2.6496      50.62   28.08620  -95.00032    0.00014    0.00016          5  0.000e+00
      36336   1513.958     10.324     10.394    28.5712    28.5725   5.691533   5.691834     3.1209     2.6496      50.62   28.08620  -95.00032    0.00012    0.00023          5  0.000e+00
      36337   1514.000     10.270     10.339    28.5716    28.5725   5.691580   5.691841     3.1209     2.6496      50.60   28.08620  -95.00032    0.00009    0.00029          5  0.000e+00
      36338   1514.042     10.324     10.394    28.5714    28.5727   5.691564   5.691841     3.1209     2.6496      50.38   28.08620  -95.00032    0.00006    0.00036          5  0.000e+00
      36339   1514.083     10.324     10.394    28.5718    28.5727   5.691556   5.691841     3.1209     2.6496      50.13   28.08620  -95.00032    0.00006    0.00043          5  0.000e+00
      36340   1514.125     10.372     10.441    28.5718    28.5725   5.691595   5.691818     3.1209     2.6496      50.09   28.08620  -95.00032    0.00005    0.00049          5  0.000e+00
      36341   1514.167     10.372     10.441    28.5718    28.5727   5.691603   5.691865     3.1209     2.6496      50.09   28.08620  -95.00032    0.00002    0.00056          5  0.000e+00
      36342   1514.208     10.372     10.441    28.5718    28.5727   5.691572   5.691849     3.1209     2.6496      50.09   28.08620  -95.00032   -0.00001    0.00063          5  0.000e+00
      36343   1514.250     10.419     10.489    28.5720    28.5727   5.691627   5.691842     3.1209     2.6496      50.11   28.08620  -95.00032   -0.00004    0.00069          5  0.000e+00
      36344   1514.292     10.419     10.489    28.5718    28.5727   5.691611   5.691873     3.1209     2.6496      50.11   28.08620  -95.00032   -0.00006    0.00076          5  0.000e+00
      36345   1514.333     10.419     10.489    28.5718    28.5729   5.691603   5.691905     3.1209     2.6496      50.09   28.08620  -95.00032   -0.00009    0.00083          5  0.000e+00
      36346   1514.375     10.419     10.489    28.5718    28.5731   5.691603   5.691786     3.1209     2.6508      50.11   28.08620  -95.00032   -0.00012    0.00091          5  0.000e+00
      36347   1514.417     10.520     10.591    28.5718    28.5732   5.691603   5.691778     3.1221     2.6508      50.11   28.08620  -95.00032   -0.00013    0.00100          5  0.000e+00
      36348   1514.458     10.419     10.489    28.5716    28.5732   5.691603   5.691897     3.1209     2.6508      50.11   28.08620  -95.00032   -0.00016    0.00108          5  0.000e+00
      36349   1514.500     10.520     10.591    28.5718    28.5732   5.691564   5.691953     3.1209     2.6496      50.09   28.08620  -95.00032   -0.00019    0.00113          5  0.000e+00
      36350   1514.542     10.466     10.537    28.5716    28.5734   5.691627   5.691937     3.1221     2.6508      50.11   28.08620  -95.00032   -0.00020    0.00121          5  0.000e+00
      36351   1514.583     10.520     10.591    28.5718    28.5734   5.691650   5.691937     3.1221     2.6508      50.11   28.08620  -95.00032   -0.00022    0.00128          5  0.000e+00
      36352   1514.625     10.520     10.591    28.5716    28.5732   5.691611   5.691937     3.1221     2.6508      50.11   28.08620  -95.00032   -0.00023    0.00134          5  0.000e+00
      38788   1616.125      3.916      3.942    28.5701    28.5697   5.691216   5.691306     3.1233     2.6508      56.12   28.08622  -95.00024    0.00020    0.00005          6  0.000e+00
      38789   1616.167      4.024      4.051    28.5701    28.5695   5.691224   5.691283     3.1233     2.6508      56.12   28.08622  -95.00024    0.00016    0.00001          6  0.000e+00
      38790   1616.208      4.024      4.051    28.5702    28.5688   5.691224   5.691275     3.1233     2.6508      56.12   28.08622  -95.00024    0.00012   -0.00002          6  0.000e+00
      38791   1616.250      4.119      4.146    28.5701    28.5692   5.691224   5.691235     3.1233     2.6508      56.09   28.08622  -95.00024    0.00008   -0.00006          6  0.000e+00
      38792   1616.292      4.071      4.099    28.5702    28.5683   5.691224   5.691211     3.1233     2.6508      56.12   28.08622  -95.00024    0.00004   -0.00010          6  0.000e+00
      38793   1616.333      4.071      4.099    28.5701    28.5690   5.691201   5.691188     3.1245     2.6508      56.12   28.08622  -95.00024 -1.758e-07   -0.00014          6  0.000e+00
      38794   1616.375      4.119      4.146    28.5702    28.5680   5.691216   5.691180     3.1233     2.6508      56.12   28.08622  -95.00024   -0.00004   -0.00016          6  0.000e+00
      38795   1616.417      4.024      4.051    28.5698    28.5683   5.691201   5.691180     3.1233     2.6508      56.12   28.08622  -95.00024   -0.00008   -0.00018          6  0.000e+00
      38796   1616.458      4.071      4.099    28.5696    28.5684   5.691177   5.691164     3.1233     2.6508      56.12   28.08622  -95.00024   -0.00012   -0.00020          6  0.000e+00
      38797   1616.500      4.071      4.099    28.5696    28.5684   5.691208   5.691172     3.1233     2.6508      56.12   28.08622  -95.00024   -0.00016   -0.00020          6  0.000e+00
      38798   1616.542      4.071      4.099    28.5698    28.5688   5.691224   5.691251     3.1233     2.6508      56.12   28.08622  -95.00024   -0.00021   -0.00020          6  0.000e+00
      38799   1616.583      4.017      4.044    28.5700    28.5688   5.691255   5.691235     3.1233     2.6508      56.12   28.08622  -95.00024   -0.00025   -0.00020          6  0.000e+00
      38800   1616.625      4.071      4.099    28.5701    28.5688   5.691201   5.691283     3.1233     2.6508      56.12   28.08622  -95.00024   -0.00029   -0.00021          6  0.000e+00
      38801   1616.667      4.071      4.099    28.5703    28.5688   5.691216   5.691243     3.1233     2.6508      56.12   28.08622  -95.00024   -0.00033   -0.00021          6  0.000e+00
      38802   1616.708      4.071      4.099    28.5705    28.5686   5.691255   5.691188     3.1221     2.6508      56.12   28.08622  -95.00024   -0.00039   -0.00021          6  0.000e+00
