Gulf of Mexico/GOMECC-4/1db/rb2103_0982.ros
* Sea-Bird SBE 9 Data File:
* FileName = C:\Users\scs.user.rb\CTD\GOMECC4\data\rb2103_0982.hex
* Software Version Seasave V 7.26.7.107
* Temperature SN = 4799
* Conductivity SN = 3860
* Number of Bytes Per Scan = 41
* Number of Voltage Words = 4
* Number of Scans Averaged by the Deck Unit = 1
* NMEA Latitude = 23 11.00 N
* NMEA Longitude = 090 38.50 W
* NMEA UTC (Time) = Oct 11 2021  16:51:30
* NMEA baud rate = 4800
# nquan = 17
# nvalues = 3192                                  
# units = specified
# name 0 = scan: Scan Count
# name 1 = timeS: Time, Elapsed [seconds]
# name 2 = depSM: Depth [salt water, m]
# name 3 = prDM: Pressure, Digiquartz [db]
# name 4 = t090C: Temperature [ITS-90, deg C]
# name 5 = t190C: Temperature, 2 [ITS-90, deg C]
# name 6 = c0S/m: Conductivity [S/m]
# name 7 = c1S/m: Conductivity, 2 [S/m]
# name 8 = sbeox0V: Oxygen raw, SBE 43 [V]
# name 9 = sbeox1V: Oxygen raw, SBE 43, 2 [V]
# name 10 = altM: Altimeter [m]
# name 11 = latitude: Latitude [deg]
# name 12 = longitude: Longitude [deg]
# name 13 = sbox0dV/dT: Oxygen, SBE 43 [dov/dt]
# name 14 = sbox1dV/dT: Oxygen, SBE 43, 2 [dov/dt]
# name 15 = nbf: Bottles Fired
# name 16 = flag:  0.000e+00
# interval = seconds: 0.0416667
# start_time = Oct 11 2021 16:51:30 [NMEA time, header]
# bad_flag = -9.990e-29
*END*
[from data line 1022]
     180957   7539.833   1189.073   1200.073     4.7459     4.7471   3.371295   3.371270     1.8779     1.5568     100.00   23.18388  -90.64152    0.00014    0.00000          8  0.000e+00
     180958   7539.875   1189.073   1200.073     4.7458     4.7471   3.371314   3.371314     1.8779     1.5568     100.00   23.18388  -90.64152    0.00014   -0.00001          8  0.000e+00
     180959   7539.917   1189.073   1200.074     4.7461     4.7473   3.371276   3.371321     1.8779     1.5568     100.00   23.18388  -90.64152    0.00013   -0.00001          8  0.000e+00
     180960   7539.958   1189.025   1200.025     4.7456     4.7471   3.371307   3.371302     1.8779     1.5568     100.00   23.18388  -90.64152    0.00014   -0.00002          8  0.000e+00
     180961   7540.000   1189.025   1200.025     4.7459     4.7471   3.371326   3.371289     1.8779     1.5568     100.00   23.18388  -90.64152    0.00016   -0.00003          8  0.000e+00
     180962   7540.042   1189.025   1200.025     4.7459     4.7474   3.371326   3.371321     1.8779     1.5568     100.00   23.18388  -90.64152    0.00017   -0.00004          8  0.000e+00
     180963   7540.083   1189.073   1200.074     4.7456     4.7471   3.371301   3.371295     1.8779     1.5568     100.00   23.18388  -90.64152    0.00016   -0.00005          8  0.000e+00
     180964   7540.125   1189.025   1200.025     4.7458     4.7473   3.371314   3.371270     1.8791     1.5568     100.00   23.18388  -90.64152    0.00017   -0.00006          8  0.000e+00
     180965   7540.167   1189.025   1200.025     4.7459     4.7471   3.371301   3.371263     1.8779     1.5568     100.00   23.18388  -90.64152    0.00017   -0.00007          8  0.000e+00
     180966   7540.208   1189.025   1200.025     4.7456     4.7471   3.371314   3.371263     1.8779     1.5568     100.00   23.18388  -90.64152    0.00018   -0.00007          8  0.000e+00
     180967   7540.250   1189.025   1200.025     4.7456     4.7473   3.371301   3.371289     1.8779     1.5568     100.00   23.18388  -90.64152    0.00019   -0.00006          8  0.000e+00
     180968   7540.292   1189.074   1200.074     4.7457     4.7474   3.371314   3.371314     1.8779     1.5568     100.00   23.18388  -90.64152    0.00020   -0.00005          8  0.000e+00
     180969   7540.333   1188.970   1199.970     4.7458     4.7470   3.371301   3.371282     1.8779     1.5568     100.00   23.18388  -90.64152    0.00019   -0.00004          8  0.000e+00
     180970   7540.375   1189.074   1200.074     4.7456     4.7471   3.371269   3.371263     1.8779     1.5580     100.00   23.18388  -90.64152    0.00019   -0.00002          8  0.000e+00
     180971   7540.417   1189.026   1200.025     4.7455     4.7471   3.371307   3.371314     1.8767     1.5568     100.00   23.18388  -90.64152    0.00016   -0.00002          8  0.000e+00
     180972   7540.458   1189.026   1200.025     4.7459     4.7471   3.371326   3.371276     1.8767     1.5568     100.00   23.18388  -90.64152    0.00014   -0.00003          8  0.000e+00
     180973   7540.500   1189.026   1200.026     4.7456     4.7471   3.371301   3.371314     1.8767     1.5568     100.00   23.18388  -90.64152    0.00013   -0.00002          8  0.000e+00
     180974   7540.542   1189.026   1200.026     4.7456     4.7470   3.371295   3.371295     1.8779     1.5568     100.00   23.18388  -90.64152    0.00014   -0.00003          8  0.000e+00
     180975   7540.583   1189.074   1200.074     4.7456     4.7473   3.371295   3.371270     1.8779     1.5568     100.00   23.18388  -90.64152    0.00013   -0.00004          8  0.000e+00
     180976   7540.625   1189.026   1200.026     4.7458     4.7473   3.371269   3.371282     1.8779     1.5568     100.00   23.18388  -90.64152    0.00012   -0.00004          8  0.000e+00
     180977   7540.667   1189.060   1200.061     4.7456     4.7471   3.371307   3.371270     1.8779     1.5568     100.00   23.18388  -90.64152    0.00012   -0.00005          8  0.000e+00
     180978   7540.708   1189.074   1200.075     4.7456     4.7471   3.371301   3.371282     1.8779     1.5568     100.00   23.18388  -90.64152    0.00013   -0.00004          8  0.000e+00
     180979   7540.750   1188.971   1199.970     4.7458     4.7473   3.371295   3.371295     1.8779     1.5568     100.00   23.18388  -90.64152    0.00014   -0.00005          8  0.000e+00
     180980   7540.792   1189.074   1200.075     4.7456     4.7473   3.371295   3.371276     1.8779     1.5568     100.00   23.18388  -90.64152    0.00015   -0.00005          8  0.000e+00
     180981   7540.833   1189.074   1200.075     4.7456     4.7473   3.371314   3.371263     1.8779     1.5568     100.00   23.18388  -90.64152    0.00014   -0.00006          8  0.000e+00
     180982   7540.875   1189.026   1200.026     4.7456     4.7474   3.371326   3.371289     1.8779     1.5568     100.00   23.18388  -90.64152    0.00015   -0.00007          8  0.000e+00
     180983   7540.917   1189.074   1200.075     4.7456     4.7471   3.371301   3.371289     1.8767     1.5568     100.00   23.18388  -90.64152    0.00012   -0.00007          8  0.000e+00
     180984   7540.958   1189.075   1200.075     4.7456     4.7471   3.371269   3.371295     1.8767     1.5568     100.00   23.18388  -90.64152    0.00011   -0.00008          8  0.000e+00
     180985   7541.000   1189.075   1200.075     4.7456     4.7473   3.371282   3.371270     1.8779     1.5568     100.00   23.18388  -90.64152    0.00010   -0.00009          8  0.000e+00
     180986   7541.042   1189.075   1200.075     4.7456     4.7474   3.371295   3.371289     1.8779     1.5568     100.00   23.18388  -90.64152    0.00011   -0.00009          8  0.000e+00
     180987   7541.083   1189.075   1200.075     4.7458     4.7471   3.371295   3.371289     1.8779     1.5568     100.00   23.18388  -90.64152    0.00012   -0.00010          8  0.000e+00
     180988   7541.125   1189.075   1200.075     4.7455     4.7471   3.371295   3.371295     1.8779     1.5568     100.00   23.18388  -90.64152    0.00011   -0.00011          8  0.000e+00
     180989   7541.167   1189.075   1200.075     4.7458     4.7473   3.371314   3.371289     1.8767     1.5568     100.00   23.18388  -90.64152    0.00009   -0.00009          8  0.000e+00
     180990   7541.208   1189.130   1200.131     4.7458     4.7471   3.371345   3.371270     1.8767     1.5568     100.00   23.18388  -90.64152    0.00008   -0.00010          8  0.000e+00
     180991   7541.250   1189.075   1200.075     4.7461     4.7473   3.371307   3.371289     1.8779     1.5568     100.00   23.18388  -90.64152    0.00009   -0.00011          8  0.000e+00
     180992   7541.292   1189.130   1200.131     4.7459     4.7471   3.371314   3.371314     1.8767     1.5568     100.00   23.18388  -90.64152    0.00008   -0.00011          8  0.000e+00
     180993   7541.333   1189.075   1200.076     4.7458     4.7470   3.371326   3.371302     1.8767     1.5568     100.00   23.18388  -90.64152    0.00005   -0.00012          8  0.000e+00
     180994   7541.375   1189.130   1200.131     4.7458     4.7470   3.371301   3.371289     1.8779     1.5568     100.00   23.18388  -90.64152    0.00005   -0.00013          8  0.000e+00
     180995   7541.417   1189.130   1200.131     4.7458     4.7473   3.371314   3.371321     1.8767     1.5568     100.00   23.18388  -90.64152    0.00004   -0.00013          8  0.000e+00
     180996   7541.458   1189.130   1200.132     4.7455     4.7470   3.371326   3.371295     1.8767     1.5568     100.00   23.18388  -90.64152    0.00003   -0.00012          8  0.000e+00
     180997   7541.500   1189.110   1200.111     4.7459     4.7471   3.371326   3.371270     1.8767     1.5568     100.00   23.18388  -90.64152    0.00002   -0.00013          8  0.000e+00
     180998   7541.542   1189.179   1200.180     4.7458     4.7470   3.371301   3.371282     1.8779     1.5568     100.00   23.18388  -90.64152    0.00003   -0.00013          8  0.000e+00
     188233   7843.000    991.315   1000.010     5.2995     5.3002   3.411069   3.411063     1.7998     1.4847      99.98   23.18398  -90.64146   -0.00010 1.2361e-11          9  0.000e+00
     188234   7843.042    991.116    999.808     5.2995     5.3006   3.411114   3.411076     1.7998     1.4847     100.00   23.18398  -90.64146   -0.00008 1.1331e-11          9  0.000e+00
     188235   7843.083    991.425   1000.121     5.2996     5.3006   3.411107   3.411070     1.7998     1.4847     100.00   23.18398  -90.64146   -0.00008 1.2361e-11          9  0.000e+00
     188236   7843.125    991.315   1000.010     5.3001     5.3006   3.411101   3.411057     1.7998     1.4847     100.00   23.18398  -90.64146   -0.00006 1.1331e-11          9  0.000e+00
     188237   7843.167    991.370   1000.065     5.3003     5.3009   3.411120   3.411063     1.7998     1.4847     100.00   23.18398  -90.64146   -0.00006 1.1331e-11          9  0.000e+00
     188238   7843.208    991.315   1000.010     5.3004     5.3006   3.411107   3.411057     1.7998     1.4847     100.00   23.18398  -90.64146   -0.00006 1.1331e-11          9  0.000e+00
     188239   7843.250    991.425   1000.121     5.2998     5.3002   3.411120   3.411038     1.7998     1.4847     100.00   23.18398  -90.64146   -0.00006 1.1331e-11          9  0.000e+00
     188240   7843.292    991.315   1000.010     5.2995     5.3001   3.411107   3.411057     1.7998     1.4847     100.00   23.18398  -90.64146   -0.00006 1.1331e-11          9  0.000e+00
     188241   7843.333    991.418   1000.114     5.2998     5.3002   3.411120   3.411031     1.7998     1.4847     100.00   23.18398  -90.64146   -0.00006 1.1331e-11          9  0.000e+00
     188242   7843.375    991.370   1000.066     5.2992     5.3001   3.411107   3.411031     1.7998     1.4847     100.00   23.18398  -90.64146   -0.00006 9.2706e-12          9  0.000e+00
     188243   7843.417    991.371   1000.066     5.2991     5.3002   3.411076   3.411025     1.8010     1.4847     100.00   23.18398  -90.64146   -0.00002 1.0301e-11          9  0.000e+00
     188244   7843.458    991.371   1000.066     5.2998     5.3001   3.411069   3.411057     1.7998     1.4847     100.00   23.18398  -90.64146   -0.00002 1.0301e-11          9  0.000e+00
     188245   7843.500    991.419   1000.114     5.3001     5.3004   3.411069   3.411031     1.7998     1.4847     100.00   23.18398  -90.64146   -0.00000 9.2706e-12          9  0.000e+00
     188246   7843.542    991.371   1000.066     5.2995     5.3007   3.411044   3.411031     1.7998     1.4847     100.00   23.18398  -90.64146   -0.00000 8.2406e-12          9  0.000e+00
     188247   7843.583    991.426   1000.121     5.2991     5.3004   3.411057   3.411050     1.7998     1.4847     100.00   23.18398  -90.64146   -0.00000 1.0301e-11          9  0.000e+00
     188248   7843.625    991.371   1000.066     5.2984     5.3004   3.411044   3.411038     1.7998     1.4847     100.00   23.18398  -90.64146   -0.00000 8.2406e-12          9  0.000e+00
     188249   7843.667    991.419   1000.115     5.2978     5.3006   3.411038   3.411070     1.7998     1.4847     100.00   23.18398  -90.64146   -0.00000 1.0301e-11          9  0.000e+00
     188250   7843.708    991.426   1000.122     5.2980     5.3004   3.410993   3.411044     1.7998     1.4847     100.00   23.18398  -90.64146   -0.00000 1.0301e-11          9  0.000e+00
     188251   7843.750    991.419   1000.115     5.2982     5.3006   3.410949   3.411057     1.7998     1.4847     100.00   23.18398  -90.64146 -7.034e-07 1.0301e-11          9  0.000e+00
     188252   7843.792    991.419   1000.115     5.2980     5.3007   3.410987   3.411102     1.7998     1.4847     100.00   23.18398  -90.64146 1.4421e-11 1.0301e-11          9  0.000e+00
     188253   7843.833    991.419   1000.115     5.2976     5.3006   3.411006   3.411076     1.7998     1.4847     100.00   23.18398  -90.64146 7.0338e-07 1.1331e-11          9  0.000e+00
     188254   7843.875    991.426   1000.122     5.2977     5.3007   3.411006   3.411076     1.7998     1.4847     100.00   23.18398  -90.64146    0.00002 1.0301e-11          9  0.000e+00
     188255   7843.917    991.419   1000.115     5.2974     5.3011   3.411006   3.411070     1.7998     1.4847     100.00   23.18398  -90.64146    0.00002 1.1331e-11          9  0.000e+00
     188256   7843.958    991.474   1000.171     5.2977     5.3011   3.411025   3.411076     1.7998     1.4847     100.00   23.18398  -90.64146    0.00002 1.0301e-11          9  0.000e+00
     188257   7844.000    991.419   1000.115     5.2978     5.3009   3.411038   3.411095     1.7985     1.4847     100.00   23.18398  -90.64146    0.00000 1.1331e-11          9  0.000e+00
     188258   7844.042    991.426   1000.122     5.2985     5.3012   3.411038   3.411108     1.7985     1.4847     100.00   23.18398  -90.64146   -0.00001 1.1331e-11          9  0.000e+00
     188259   7844.083    991.475   1000.171     5.2986     5.3011   3.411038   3.411128     1.7998     1.4847     100.00   23.18398  -90.64146   -0.00001 1.2361e-11          9  0.000e+00
     188260   7844.125    991.475   1000.171     5.2988     5.3011   3.411038   3.411153     1.7998     1.4847     100.00   23.18398  -90.64146   -0.00001 1.1331e-11          9  0.000e+00
     188261   7844.167    991.420   1000.115     5.2991     5.3009   3.411057   3.411102     1.7998     1.4847     100.00   23.18398  -90.64146    0.00001 1.2361e-11          9  0.000e+00
     188262   7844.208    991.475   1000.171     5.2993     5.3009   3.411069   3.411121     1.7998     1.4847     100.00   23.18398  -90.64146    0.00001 1.2361e-11          9  0.000e+00
     188263   7844.250    991.475   1000.171     5.2992     5.3011   3.411019   3.411076     1.7998     1.4847     100.00   23.18398  -90.64146    0.00002 1.2361e-11          9  0.000e+00
     188264   7844.292    991.475   1000.171     5.2990     5.3011   3.411076   3.411089     1.7998     1.4847     100.00   23.18398  -90.64146    0.00002 1.2361e-11          9  0.000e+00
     188265   7844.333    991.475   1000.171     5.2993     5.3012   3.411050   3.411108     1.7998     1.4847     100.00   23.18398  -90.64146    0.00000 1.3391e-11          9  0.000e+00
     188266   7844.375    991.475   1000.171     5.2991     5.3011   3.411082   3.411102     1.7998     1.4847     100.00   23.18398  -90.64146   -0.00001 1.1331e-11          9  0.000e+00
     188267   7844.417    991.475   1000.171     5.2990     5.3012   3.411025   3.411134     1.7998     1.4847     100.00   23.18398  -90.64146   -0.00001 1.4421e-11          9  0.000e+00
     188268   7844.458    991.523   1000.220     5.2992     5.3012   3.411050   3.411108     1.7998     1.4847     100.00   23.18398  -90.64146    0.00001 1.2361e-11          9  0.000e+00
     188269   7844.500    991.427   1000.123     5.2990     5.3011   3.411019   3.411076     1.7998     1.4847     100.00   23.18398  -90.64146    0.00001 1.4421e-11          9  0.000e+00
     188270   7844.542    991.523   1000.220     5.2986     5.3012   3.411025   3.411128     1.7985     1.4847     100.00   23.18398  -90.64146   -0.00001 1.3391e-11          9  0.000e+00
     188271   7844.583    991.475   1000.172     5.2983     5.3011   3.411012   3.411108     1.7998     1.4847     100.00   23.18398  -90.64146   -0.00000 1.3391e-11          9  0.000e+00
     188272   7844.625    991.523   1000.220     5.2990     5.3009   3.411025   3.411083     1.7998     1.4847     100.00   23.18398  -90.64146   -0.00000 1.3391e-11          9  0.000e+00
     188273   7844.667    991.475   1000.172     5.2990     5.3009   3.411038   3.411096     1.7998     1.4847     100.00   23.18398  -90.64146 -3.517e-07 1.4421e-11          9  0.000e+00
     188274   7844.708    991.523   1000.220     5.2992     5.3012   3.411057   3.411083     1.7998     1.4847     100.00   23.18398  -90.64146    0.00000 1.3391e-11          9  0.000e+00
