Gulf of Mexico/GOMECC-4/1db/rb2103_0761.ros
* Sea-Bird SBE 9 Data File:
* FileName = C:\Users\scs.user.rb\CTD\GOMECC4\data\rb2103_0761.hex
* Software Version Seasave V 7.26.7.107
* Temperature SN = 4799
* Conductivity SN = 3860
* Number of Bytes Per Scan = 41
* Number of Voltage Words = 4
* Number of Scans Averaged by the Deck Unit = 1
* NMEA Latitude = 22 16.44 N
* NMEA Longitude = 097 38.35 W
* NMEA UTC (Time) = Oct 05 2021  23:34:35
* NMEA baud rate = 4800
# nquan = 17
# nvalues = 1596                                  
# units = specified
# name 0 = scan: Scan Count
# name 1 = timeS: Time, Elapsed [seconds]
# name 2 = depSM: Depth [salt water, m]
# name 3 = prDM: Pressure, Digiquartz [db]
# name 4 = t090C: Temperature [ITS-90, deg C]
# name 5 = t190C: Temperature, 2 [ITS-90, deg C]
# name 6 = c0S/m: Conductivity [S/m]
# name 7 = c1S/m: Conductivity, 2 [S/m]
# name 8 = sbeox0V: Oxygen raw, SBE 43 [V]
# name 9 = sbeox1V: Oxygen raw, SBE 43, 2 [V]
# name 10 = altM: Altimeter [m]
# name 11 = latitude: Latitude [deg]
# name 12 = longitude: Longitude [deg]
# name 13 = sbox0dV/dT: Oxygen, SBE 43 [dov/dt]
# name 14 = sbox1dV/dT: Oxygen, SBE 43, 2 [dov/dt]
# name 15 = nbf: Bottles Fired
# name 16 = flag:  0.000e+00
# interval = seconds: 0.0416667
# start_time = Oct 05 2021 23:34:35 [NMEA time, header]
# bad_flag = -9.990e-29
*END*
[from data line 1022]
      24069   1002.833     25.181     25.341    29.2958    29.3026   5.896446   5.896893     3.1429     2.6606      15.80   22.27420  -97.63972   -0.00005   -0.00010          8  0.000e+00
      24070   1002.875     25.167     25.327    29.2956    29.3026   5.896446   5.897022     3.1416     2.6606      15.82   22.27420  -97.63972   -0.00004   -0.00002          8  0.000e+00
      24071   1002.917     25.181     25.341    29.2958    29.3026   5.896446   5.897062     3.1429     2.6606      15.80   22.27420  -97.63972   -0.00002    0.00004          8  0.000e+00
      24072   1002.958     25.181     25.341    29.2956    29.3026   5.896446   5.896949     3.1416     2.6618      15.80   22.27420  -97.63972   -0.00001    0.00012          8  0.000e+00
      24073   1003.000     25.167     25.327    29.2952    29.3026   5.896478   5.896917     3.1429     2.6618      15.80   22.27420  -97.63972    0.00001    0.00020          8  0.000e+00
      24074   1003.042     25.181     25.341    29.2946    29.3026   5.896422   5.896772     3.1429     2.6630      15.82   22.27420  -97.63972    0.00003    0.00028          8  0.000e+00
      24075   1003.083     25.120     25.279    29.2945    29.3037   5.896509   5.896683     3.1429     2.6618      15.80   22.27420  -97.63972    0.00006    0.00034          8  0.000e+00
      24076   1003.125     25.235     25.395    29.2943    29.3040   5.896398   5.896635     3.1429     2.6630      15.80   22.27420  -97.63972    0.00010    0.00042          8  0.000e+00
      24077   1003.167     25.167     25.327    29.2951    29.3041   5.896382   5.896441     3.1429     2.6630      15.80   22.27420  -97.63972    0.00013    0.00049          8  0.000e+00
      24078   1003.208     25.181     25.341    29.2956    29.3050   5.896327   5.896313     3.1429     2.6630      15.80   22.27420  -97.63972    0.00016    0.00057          8  0.000e+00
      24079   1003.250     25.167     25.327    29.2952    29.3054   5.896374   5.896321     3.1416     2.6630      15.80   22.27420  -97.63972    0.00018    0.00065          8  0.000e+00
      24080   1003.292     25.181     25.341    29.2956    29.3054   5.896398   5.896264     3.1429     2.6618      15.80   22.27420  -97.63972    0.00021    0.00069          8  0.000e+00
      24081   1003.333     25.167     25.327    29.2959    29.3059   5.896430   5.896240     3.1429     2.6630      15.80   22.27420  -97.63972    0.00024    0.00075          8  0.000e+00
      24082   1003.375     25.181     25.341    29.2971    29.3059   5.896446   5.896240     3.1429     2.6618      15.80   22.27420  -97.63972    0.00029    0.00079          8  0.000e+00
      24083   1003.417     25.181     25.341    29.2976    29.3059   5.896446   5.896135     3.1429     2.6618      15.80   22.27420  -97.63972    0.00034    0.00083          8  0.000e+00
      24084   1003.458     25.167     25.327    29.2975    29.3061   5.896478   5.896095     3.1429     2.6618      15.80   22.27420  -97.63972    0.00039    0.00085          8  0.000e+00
      24085   1003.500     25.181     25.341    29.2971    29.3063   5.896493   5.896055     3.1416     2.6606      15.80   22.27420  -97.63972    0.00041    0.00086          8  0.000e+00
      24086   1003.542     25.221     25.381    29.2972    29.3074   5.896454   5.895902     3.1416     2.6593      15.80   22.27420  -97.63972    0.00042    0.00085          8  0.000e+00
      24087   1003.583     25.181     25.341    29.2970    29.3080   5.896446   5.895813     3.1429     2.6581      15.80   22.27420  -97.63972    0.00046    0.00081          8  0.000e+00
      24088   1003.625     25.221     25.381    29.2956    29.3083   5.896414   5.895805     3.1429     2.6581      15.80   22.27420  -97.63972    0.00051    0.00078          8  0.000e+00
      24089   1003.667     25.181     25.341    29.2950    29.3085   5.896470   5.895805     3.1416     2.6569      15.80   22.27420  -97.63972    0.00052    0.00072          8  0.000e+00
      24090   1003.708     25.167     25.327    29.2955    29.3087   5.896494   5.895660     3.1429     2.6557      15.80   22.27420  -97.63972    0.00057    0.00065          8  0.000e+00
      24091   1003.750     25.235     25.395    29.2958    29.3089   5.896494   5.895580     3.1416     2.6557      15.82   22.27420  -97.63972    0.00060    0.00059          8  0.000e+00
      24092   1003.792     25.221     25.381    29.2958    29.3093   5.896494   5.895491     3.1416     2.6532      15.80   22.27420  -97.63972    0.00062    0.00048          8  0.000e+00
      24093   1003.833     25.181     25.341    29.2961    29.3095   5.896493   5.895539     3.1416     2.6532      15.82   22.27420  -97.63972    0.00063    0.00036          8  0.000e+00
      24094   1003.875     25.181     25.341    29.2960    29.3095   5.896454   5.895523     3.1416     2.6520      15.80   22.27420  -97.63972    0.00065    0.00025          8  0.000e+00
      24095   1003.917     25.221     25.381    29.2956    29.3094   5.896446   5.895588     3.1429     2.6508      15.80   22.27420  -97.63972    0.00068    0.00012          8  0.000e+00
      24096   1003.958     25.235     25.395    29.2958    29.3091   5.896414   5.895725     3.1416     2.6508      15.82   22.27420  -97.63972    0.00069   -0.00000          8  0.000e+00
      24097   1004.000     25.221     25.381    29.2953    29.3085   5.896430   5.895902     3.1416     2.6508      15.82   22.27420  -97.63972    0.00071   -0.00012          8  0.000e+00
      24098   1004.042     25.235     25.395    29.2937    29.3078   5.896414   5.896023     3.1416     2.6496      15.80   22.27420  -97.63972    0.00072   -0.00026          8  0.000e+00
      24099   1004.083     25.167     25.327    29.2935    29.3074   5.896398   5.896264     3.1416     2.6496      15.82   22.27420  -97.63972    0.00074   -0.00039          8  0.000e+00
      24100   1004.125     25.235     25.395    29.2942    29.3045   5.896327   5.896917     3.1416     2.6496      15.80   22.27420  -97.63972    0.00075   -0.00053          8  0.000e+00
      24101   1004.167     25.221     25.381    29.2934    29.3002   5.896374   5.897763     3.1429     2.6496      15.82   22.27420  -97.63972    0.00078   -0.00066          8  0.000e+00
      24102   1004.208     25.235     25.395    29.2925    29.2976   5.896327   5.898303     3.1429     2.6496      15.82   22.27420  -97.63972    0.00081   -0.00080          8  0.000e+00
      24103   1004.250     25.235     25.395    29.2914    29.2953   5.896303   5.898625     3.1416     2.6508      15.80   22.27420  -97.63972    0.00083   -0.00092          8  0.000e+00
      24104   1004.292     25.221     25.381    29.2915    29.2939   5.896335   5.898810     3.1429     2.6508      15.80   22.27420  -97.63972    0.00086   -0.00104          8  0.000e+00
      24105   1004.333     25.282     25.443    29.2925    29.2931   5.896311   5.898875     3.1429     2.6496      15.80   22.27420  -97.63972    0.00087   -0.00118          8  0.000e+00
      24106   1004.375     25.221     25.381    29.2926    29.2931   5.896303   5.898931     3.1416     2.6508      15.80   22.27420  -97.63972    0.00087   -0.00130          8  0.000e+00
      24107   1004.417     25.235     25.395    29.2920    29.2931   5.896303   5.898979     3.1429     2.6508      15.82   22.27420  -97.63972    0.00088   -0.00141          8  0.000e+00
      24108   1004.458     25.269     25.429    29.2913    29.2935   5.896271   5.898947     3.1429     2.6508      15.82   22.27420  -97.63972    0.00089   -0.00153          8  0.000e+00
      24109   1004.500     25.181     25.341    29.2908    29.2929   5.896287   5.899012     3.1429     2.6508      15.80   22.27420  -97.63972    0.00090   -0.00164          8  0.000e+00
      24110   1004.542     25.269     25.429    29.2907    29.2920   5.896263   5.899108     3.1429     2.6520      15.82   22.27420  -97.63972    0.00091   -0.00173          8  0.000e+00
      26409   1100.333     15.013     15.108    29.4505    29.4522   5.878512   5.878771     3.1368     2.6569      25.52   22.27422  -97.63978   -0.00071   -0.00040          9  0.000e+00
      26410   1100.375     14.918     15.013    29.4505    29.4521   5.878559   5.878787     3.1368     2.6569      25.49   22.27422  -97.63978   -0.00066   -0.00035          9  0.000e+00
      26411   1100.417     15.013     15.108    29.4505    29.4521   5.878559   5.878754     3.1368     2.6557      25.52   22.27422  -97.63978   -0.00060   -0.00031          9  0.000e+00
      26412   1100.458     15.013     15.108    29.4506    29.4522   5.878615   5.878779     3.1368     2.6569      25.52   22.27422  -97.63978   -0.00055   -0.00025          9  0.000e+00
      26413   1100.500     15.061     15.156    29.4502    29.4521   5.878559   5.878795     3.1380     2.6569      25.49   22.27422  -97.63978   -0.00048   -0.00019          9  0.000e+00
      26414   1100.542     15.013     15.108    29.4506    29.4521   5.878567   5.878867     3.1380     2.6569      25.52   22.27422  -97.63978   -0.00043   -0.00015          9  0.000e+00
      26415   1100.583     15.013     15.108    29.4505    29.4522   5.878559   5.878851     3.1380     2.6569      25.52   22.27422  -97.63978   -0.00037   -0.00010          9  0.000e+00
      26416   1100.625     15.013     15.108    29.4505    29.4523   5.878575   5.878915     3.1380     2.6569      25.57   22.27422  -97.63978   -0.00032   -0.00007          9  0.000e+00
      26417   1100.667     14.959     15.054    29.4505    29.4524   5.878583   5.878899     3.1392     2.6569      25.59   22.27422  -97.63978   -0.00025   -0.00005          9  0.000e+00
      26418   1100.708     15.067     15.163    29.4505    29.4524   5.878544   5.878891     3.1380     2.6581      25.62   22.27422  -97.63978   -0.00019 1.7584e-07          9  0.000e+00
      26419   1100.750     15.013     15.108    29.4505    29.4522   5.878512   5.878923     3.1392     2.6581      25.62   22.27422  -97.63978   -0.00012    0.00003          9  0.000e+00
      26420   1100.792     15.013     15.108    29.4506    29.4522   5.878528   5.878939     3.1392     2.6581      25.59   22.27422  -97.63978   -0.00007    0.00006          9  0.000e+00
      26421   1100.833     15.013     15.108    29.4502    29.4524   5.878567   5.878899     3.1392     2.6581      25.62   22.27422  -97.63978   -0.00001    0.00009          9  0.000e+00
      26422   1100.875     15.013     15.108    29.4503    29.4522   5.878544   5.878964     3.1392     2.6581      25.62   22.27422  -97.63978    0.00004    0.00012          9  0.000e+00
      26423   1100.917     15.013     15.108    29.4505    29.4524   5.878472   5.878988     3.1404     2.6581      25.59   22.27422  -97.63978    0.00011    0.00015          9  0.000e+00
      26424   1100.958     14.966     15.060    29.4502    29.4524   5.878512   5.879020     3.1404     2.6593      25.59   22.27422  -97.63978    0.00018    0.00019          9  0.000e+00
      26425   1101.000     15.013     15.108    29.4505    29.4525   5.878536   5.879036     3.1404     2.6593      25.62   22.27422  -97.63978    0.00025    0.00022          9  0.000e+00
      26426   1101.042     15.067     15.163    29.4501    29.4522   5.878496   5.879036     3.1416     2.6593      25.59   22.27422  -97.63978    0.00032    0.00027          9  0.000e+00
      26427   1101.083     14.959     15.054    29.4501    29.4524   5.878496   5.879036     3.1404     2.6593      25.62   22.27422  -97.63978    0.00037    0.00029          9  0.000e+00
      26428   1101.125     15.013     15.108    29.4502    29.4524   5.878488   5.879068     3.1404     2.6593      25.62   22.27422  -97.63978    0.00042    0.00032          9  0.000e+00
      26429   1101.167     15.067     15.163    29.4502    29.4524   5.878488   5.879020     3.1404     2.6593      25.59   22.27422  -97.63978    0.00047    0.00035          9  0.000e+00
      26430   1101.208     14.966     15.060    29.4503    29.4522   5.878488   5.878956     3.1404     2.6606      25.62   22.27422  -97.63978    0.00052    0.00039          9  0.000e+00
      26431   1101.250     15.067     15.163    29.4505    29.4522   5.878488   5.878940     3.1404     2.6606      25.62   22.27422  -97.63978    0.00058    0.00043          9  0.000e+00
      26432   1101.292     15.013     15.108    29.4503    29.4524   5.878567   5.879116     3.1404     2.6606      25.59   22.27422  -97.63978    0.00061    0.00045          9  0.000e+00
      26433   1101.333     15.013     15.108    29.4501    29.4527   5.878551   5.879068     3.1404     2.6606      25.59   22.27422  -97.63978    0.00065    0.00049          9  0.000e+00
      26434   1101.375     15.013     15.108    29.4505    29.4524   5.878496   5.879068     3.1404     2.6618      25.62   22.27422  -97.63978    0.00069    0.00053          9  0.000e+00
      26435   1101.417     15.013     15.108    29.4503    29.4524   5.878488   5.879116     3.1404     2.6618      25.62   22.27422  -97.63978    0.00073    0.00057          9  0.000e+00
      26436   1101.458     15.067     15.163    29.4505    29.4524   5.878536   5.879133     3.1404     2.6606      25.59   22.27422  -97.63978    0.00077    0.00058          9  0.000e+00
      26437   1101.500     15.013     15.108    29.4503    29.4526   5.878504   5.879092     3.1404     2.6618      25.62   22.27422  -97.63978    0.00081    0.00062          9  0.000e+00
      26438   1101.542     15.013     15.108    29.4505    29.4524   5.878488   5.879044     3.1416     2.6606      25.59   22.27422  -97.63978    0.00087    0.00063          9  0.000e+00
      26439   1101.583     15.067     15.163    29.4502    29.4524   5.878520   5.879068     3.1404     2.6606      25.59   22.27422  -97.63978    0.00090    0.00064          9  0.000e+00
      26440   1101.625     15.067     15.163    29.4503    29.4522   5.878512   5.879044     3.1404     2.6606      25.62   22.27422  -97.63978    0.00094    0.00065          9  0.000e+00
      26441   1101.667     15.061     15.156    29.4505    29.4524   5.878559   5.879108     3.1392     2.6606      25.64   22.27422  -97.63978    0.00096    0.00066          9  0.000e+00
      26442   1101.708     15.013     15.108    29.4505    29.4525   5.878583   5.879205     3.1404     2.6606      25.62   22.27422  -97.63978    0.00099    0.00067          9  0.000e+00
      26443   1101.750     15.067     15.163    29.4505    29.4526   5.878583   5.879189     3.1392     2.6606      25.62   22.27422  -97.63978    0.00101    0.00068          9  0.000e+00
      26444   1101.792     15.067     15.163    29.4506    29.4530   5.878559   5.879326     3.1404     2.6606      25.62   22.27422  -97.63978    0.00104    0.00068          9  0.000e+00
      26445   1101.833     15.067     15.163    29.4505    29.4533   5.878575   5.879406     3.1392     2.6606      25.62   22.27422  -97.63978    0.00105    0.00069          9  0.000e+00
      26446   1101.875     15.061     15.156    29.4506    29.4539   5.878583   5.879527     3.1392     2.6606      25.62   22.27422  -97.63978    0.00108    0.00069          9  0.000e+00
      26447   1101.917     15.067     15.163    29.4506    29.4537   5.878623   5.879575     3.1392     2.6606      25.62   22.27422  -97.63978    0.00111    0.00069          9  0.000e+00
      26448   1101.958     15.115     15.210    29.4508    29.4537   5.878710   5.879567     3.1392     2.6618      25.62   22.27422  -97.63978    0.00114    0.00071          9  0.000e+00
      26449   1102.000     15.067     15.163    29.4514    29.4537   5.878734   5.879567     3.1392     2.6606      25.62   22.27422  -97.63978    0.00117    0.00071          9  0.000e+00
      26450   1102.042     15.067     15.163    29.4512    29.4537   5.878766   5.879567     3.1392     2.6606      25.64   22.27422  -97.63978    0.00120    0.00072          9  0.000e+00
