Gulf of Mexico/GOMECC-4/1db/rb2103_0081.ros
* Sea-Bird SBE 9 Data File:
* FileName = C:\Users\scs.user.rb\CTD\GOMECC4\data\rb2103_008.hex
* Software Version Seasave V 7.26.7.107
* Temperature SN = 4799
* Conductivity SN = 3860
* Number of Bytes Per Scan = 41
* Number of Voltage Words = 4
* Number of Scans Averaged by the Deck Unit = 1
* NMEA Latitude = 25 29.79 N
* NMEA Longitude = 080 01.43 W
* NMEA UTC (Time) = Sep 15 2021  16:51:51
* NMEA baud rate = 4800
# nquan = 17
# nvalues = 3192                                  
# units = specified
# name 0 = scan: Scan Count
# name 1 = timeS: Time, Elapsed [seconds]
# name 2 = depSM: Depth [salt water, m]
# name 3 = prDM: Pressure, Digiquartz [db]
# name 4 = t090C: Temperature [ITS-90, deg C]
# name 5 = t190C: Temperature, 2 [ITS-90, deg C]
# name 6 = c0S/m: Conductivity [S/m]
# name 7 = c1S/m: Conductivity, 2 [S/m]
# name 8 = sbeox0V: Oxygen raw, SBE 43 [V]
# name 9 = sbeox1V: Oxygen raw, SBE 43, 2 [V]
# name 10 = altM: Altimeter [m]
# name 11 = latitude: Latitude [deg]
# name 12 = longitude: Longitude [deg]
# name 13 = sbox0dV/dT: Oxygen, SBE 43 [dov/dt]
# name 14 = sbox1dV/dT: Oxygen, SBE 43, 2 [dov/dt]
# name 15 = nbf: Bottles Fired
# name 16 = flag:  0.000e+00
# interval = seconds: 0.0416667
# start_time = Sep 15 2021 16:51:51 [NMEA time, header]
# bad_flag = -9.990e-29
*END*
[from data line 341]
      33128   1380.292    249.134    250.908     8.6011     8.6029   3.694240   3.694446     1.6862     1.3919      81.34   25.50430  -80.02052    0.00001    0.00009          3  0.000e+00
      33129   1380.333    249.020    250.794     8.6011     8.6027   3.694259   3.694446     1.6874     1.3919      81.34   25.50430  -80.02052    0.00002    0.00010          3  0.000e+00
      33130   1380.375    249.157    250.931     8.6011     8.6029   3.694272   3.694453     1.6874     1.3919      81.32   25.50430  -80.02052    0.00003    0.00011          3  0.000e+00
      33131   1380.417    249.020    250.794     8.6008     8.6031   3.694292   3.694446     1.6874     1.3919      81.32   25.50430  -80.02052    0.00004    0.00010          3  0.000e+00
      33132   1380.458    249.134    250.908     8.6016     8.6027   3.694305   3.694466     1.6874     1.3919      81.34   25.50430  -80.02052    0.00004    0.00009          3  0.000e+00
      33133   1380.500    249.043    250.816     8.6013     8.6029   3.694266   3.694486     1.6862     1.3919      81.32   25.50430  -80.02052    0.00003    0.00009          3  0.000e+00
      33134   1380.542    249.134    250.908     8.6010     8.6031   3.694240   3.694479     1.6862     1.3919      81.34   25.50430  -80.02052    0.00002    0.00008          3  0.000e+00
      33135   1380.583    249.081    250.855     8.6010     8.6032   3.694240   3.694459     1.6874     1.3919      81.34   25.50430  -80.02052    0.00004    0.00007          3  0.000e+00
      33136   1380.625    249.104    250.878     8.6008     8.6029   3.694213   3.694446     1.6874     1.3919      81.37   25.50430  -80.02052    0.00005    0.00006          3  0.000e+00
      33137   1380.667    249.081    250.855     8.6007     8.6031   3.694253   3.694446     1.6874     1.3919      81.37   25.50430  -80.02052    0.00006    0.00005          3  0.000e+00
      33138   1380.708    249.134    250.908     8.6008     8.6031   3.694272   3.694433     1.6862     1.3919      81.37   25.50430  -80.02052    0.00005    0.00005          3  0.000e+00
      33139   1380.750    249.081    250.855     8.6008     8.6031   3.694220   3.694439     1.6862     1.3919      81.37   25.50430  -80.02052    0.00005    0.00004          3  0.000e+00
      33140   1380.792    249.157    250.931     8.6010     8.6031   3.694246   3.694453     1.6874     1.3919      81.37   25.50430  -80.02052    0.00006    0.00004          3  0.000e+00
      33141   1380.833    249.081    250.855     8.6008     8.6031   3.694220   3.694446     1.6874     1.3919      81.37   25.50430  -80.02052    0.00007    0.00005          3  0.000e+00
      33142   1380.875    249.081    250.855     8.6008     8.6031   3.694226   3.694446     1.6874     1.3919      81.37   25.50430  -80.02052    0.00008    0.00005          3  0.000e+00
      33143   1380.917    249.157    250.931     8.6007     8.6032   3.694213   3.694453     1.6874     1.3919      81.37   25.50430  -80.02052    0.00010    0.00006          3  0.000e+00
      33144   1380.958    249.081    250.855     8.6005     8.6029   3.694207   3.694446     1.6874     1.3919      81.37   25.50430  -80.02052    0.00009    0.00006          3  0.000e+00
      33145   1381.000    249.134    250.908     8.6007     8.6031   3.694226   3.694466     1.6862     1.3919      81.37   25.50430  -80.02052    0.00009    0.00007          3  0.000e+00
      33146   1381.042    249.157    250.931     8.6008     8.6031   3.694226   3.694439     1.6874     1.3919      81.37   25.50430  -80.02052    0.00010    0.00007          3  0.000e+00
      33147   1381.083    249.081    250.855     8.6007     8.6029   3.694207   3.694466     1.6874     1.3919      81.37   25.50430  -80.02052    0.00009    0.00008          3  0.000e+00
      33148   1381.125    249.187    250.962     8.6008     8.6029   3.694226   3.694439     1.6874     1.3919      81.37   25.50430  -80.02052    0.00010    0.00008          3  0.000e+00
      33149   1381.167    249.104    250.878     8.6008     8.6031   3.694240   3.694466     1.6862     1.3919      81.34   25.50430  -80.02052    0.00010    0.00007          3  0.000e+00
      33150   1381.208    249.187    250.962     8.6008     8.6029   3.694240   3.694479     1.6874     1.3919      81.37   25.50430  -80.02052    0.00011    0.00006          3  0.000e+00
      33151   1381.250    249.134    250.908     8.6007     8.6031   3.694213   3.694459     1.6874     1.3919      81.37   25.50430  -80.02052    0.00011    0.00004          3  0.000e+00
      33152   1381.292    249.157    250.931     8.6007     8.6032   3.694220   3.694473     1.6874     1.3919      81.37   25.50430  -80.02052    0.00010    0.00005          3  0.000e+00
      33153   1381.333    249.134    250.908     8.6007     8.6031   3.694207   3.694459     1.6874     1.3919      81.37   25.50430  -80.02052    0.00009    0.00005          3  0.000e+00
      33154   1381.375    249.134    250.908     8.6007     8.6031   3.694226   3.694473     1.6874     1.3919      81.37   25.50430  -80.02052    0.00009    0.00006          3  0.000e+00
      33155   1381.417    249.157    250.931     8.6008     8.6029   3.694213   3.694453     1.6862     1.3919      81.37   25.50430  -80.02052    0.00006    0.00006          3  0.000e+00
      33156   1381.458    249.134    250.908     8.6008     8.6029   3.694226   3.694406     1.6874     1.3919      81.37   25.50430  -80.02052    0.00007    0.00006          3  0.000e+00
      33157   1381.500    249.134    250.908     8.6007     8.6021   3.694187   3.694406     1.6874     1.3919      81.37   25.50430  -80.02052    0.00009    0.00005          3  0.000e+00
      33158   1381.542    249.187    250.962     8.6007     8.6027   3.694213   3.694413     1.6874     1.3919      81.37   25.50430  -80.02052    0.00010    0.00005          3  0.000e+00
      33159   1381.583    249.104    250.878     8.6007     8.6027   3.694207   3.694426     1.6862     1.3919      81.29   25.50430  -80.02052    0.00007    0.00006          3  0.000e+00
      33160   1381.625    249.187    250.962     8.6008     8.6029   3.694207   3.694439     1.6862     1.3919      81.27   25.50430  -80.02052    0.00007    0.00006          3  0.000e+00
      33161   1381.667    249.187    250.962     8.6005     8.6031   3.694226   3.694433     1.6874     1.3919      81.27   25.50430  -80.02052    0.00006    0.00006          3  0.000e+00
      33162   1381.708    249.104    250.878     8.6005     8.6031   3.694240   3.694466     1.6874     1.3919      81.27   25.50430  -80.02052    0.00007    0.00007          3  0.000e+00
      33163   1381.750    249.187    250.962     8.6008     8.6027   3.694240   3.694453     1.6874     1.3919      81.27   25.50430  -80.02052    0.00006    0.00007          3  0.000e+00
      33164   1381.792    249.134    250.908     8.6007     8.6021   3.694226   3.694406     1.6862     1.3919      81.27   25.50432  -80.02052    0.00006    0.00007          3  0.000e+00
      33165   1381.833    249.157    250.931     8.6010     8.6019   3.694233   3.694360     1.6874     1.3919      81.27   25.50432  -80.02052    0.00007    0.00008          3  0.000e+00
      33166   1381.875    249.187    250.962     8.6007     8.6017   3.694240   3.694307     1.6874     1.3919      81.27   25.50432  -80.02052    0.00008    0.00008          3  0.000e+00
      33167   1381.917    249.134    250.908     8.6005     8.6017   3.694213   3.694333     1.6874     1.3919      81.27   25.50432  -80.02052    0.00007    0.00008          3  0.000e+00
      33168   1381.958    249.157    250.931     8.6002     8.6015   3.694181   3.694320     1.6874     1.3919      81.27   25.50432  -80.02052    0.00008    0.00009          3  0.000e+00
      33169   1382.000    249.188    250.962     8.6000     8.6014   3.694122   3.694326     1.6862     1.3919      81.27   25.50432  -80.02052    0.00006    0.00009          3  0.000e+00
      33170   1382.042    249.134    250.908     8.6000     8.6017   3.694167   3.694313     1.6874     1.3919      81.27   25.50432  -80.02052    0.00005    0.00010          3  0.000e+00
      33171   1382.083    249.157    250.931     8.6002     8.6014   3.694174   3.694313     1.6874     1.3919      81.27   25.50432  -80.02052    0.00006    0.00008          3  0.000e+00
      33172   1382.125    249.188    250.962     8.6002     8.6019   3.694194   3.694353     1.6874     1.3919      81.27   25.50432  -80.02052    0.00005    0.00008          3  0.000e+00
      33173   1382.167    249.134    250.908     8.6003     8.6019   3.694181   3.694400     1.6874     1.3919      81.27   25.50432  -80.02052    0.00004    0.00009          3  0.000e+00
      33174   1382.208    249.157    250.931     8.6002     8.6024   3.694174   3.694373     1.6874     1.3919      81.27   25.50432  -80.02052    0.00004    0.00009          3  0.000e+00
      33175   1382.250    249.188    250.962     8.6002     8.6024   3.694174   3.694400     1.6862     1.3919      81.27   25.50432  -80.02052    0.00003    0.00009          3  0.000e+00
      33176   1382.292    249.135    250.908     8.6002     8.6024   3.694161   3.694433     1.6874     1.3919      81.27   25.50432  -80.02052    0.00004    0.00010          3  0.000e+00
      33177   1382.333    249.188    250.962     8.6000     8.6025   3.694167   3.694453     1.6874     1.3919      81.27   25.50432  -80.02052    0.00005    0.00010          3  0.000e+00
      33178   1382.375    249.157    250.931     8.6002     8.6027   3.694174   3.694419     1.6874     1.3919      81.27   25.50432  -80.02052    0.00004    0.00009          3  0.000e+00
      33179   1382.417    249.188    250.962     8.6005     8.6031   3.694220   3.694446     1.6862     1.3919      81.27   25.50432  -80.02052    0.00001    0.00009          3  0.000e+00
      33180   1382.458    249.135    250.908     8.6003     8.6027   3.694240   3.694419     1.6862     1.3919      81.27   25.50432  -80.02052    0.00000    0.00009          3  0.000e+00
      33181   1382.500    249.157    250.931     8.6005     8.6027   3.694240   3.694413     1.6862     1.3919      81.27   25.50432  -80.02052   -0.00000    0.00009          3  0.000e+00
      33182   1382.542    249.188    250.962     8.6002     8.6027   3.694226   3.694426     1.6874     1.3919      81.27   25.50432  -80.02052    0.00001    0.00010          3  0.000e+00
      33183   1382.583    249.135    250.908     8.6003     8.6025   3.694207   3.694413     1.6874     1.3919      81.29   25.50432  -80.02052   -0.00000    0.00010          3  0.000e+00
      33184   1382.625    249.157    250.931     8.6007     8.6027   3.694207   3.694413     1.6874     1.3919      81.29   25.50432  -80.02052   -0.00001    0.00008          3  0.000e+00
      33185   1382.667    249.188    250.962     8.6005     8.6025   3.694226   3.694400     1.6874     1.3919      81.32   25.50432  -80.02052   -0.00002    0.00007          3  0.000e+00
      33558   1398.208    249.304    251.079     8.5966     8.6019   3.693794   3.694400     1.6862     1.3919      81.29   25.50442  -80.02050   -0.00023    0.00038          4  0.000e+00
      33559   1398.250    249.137    250.911     8.5976     8.6021   3.693912   3.694373     1.6862     1.3919      81.29   25.50442  -80.02050   -0.00024    0.00038          4  0.000e+00
      33560   1398.292    249.274    251.049     8.5980     8.6019   3.693945   3.694327     1.6862     1.3919      81.29   25.50442  -80.02050   -0.00024    0.00037          4  0.000e+00
      33561   1398.333    249.365    251.141     8.5979     8.6014   3.693945   3.694287     1.6862     1.3919      81.29   25.50442  -80.02050   -0.00025    0.00037          4  0.000e+00
      33562   1398.375    249.251    251.026     8.5977     8.6004   3.693932   3.694194     1.6862     1.3919      81.29   25.50442  -80.02050   -0.00027    0.00036          4  0.000e+00
      33563   1398.417    249.304    251.079     8.5976     8.5998   3.693912   3.694174     1.6862     1.3919      81.29   25.50442  -80.02050   -0.00027    0.00034          4  0.000e+00
      33564   1398.458    249.274    251.049     8.5973     8.5993   3.693886   3.694068     1.6862     1.3919      81.29   25.50442  -80.02050   -0.00029    0.00033          4  0.000e+00
      33565   1398.500    249.304    251.079     8.5974     8.5983   3.693853   3.693995     1.6862     1.3919      81.29   25.50442  -80.02050   -0.00029    0.00032          4  0.000e+00
      33566   1398.542    249.304    251.079     8.5979     8.5972   3.693892   3.693908     1.6874     1.3919      81.29   25.50442  -80.02050   -0.00027    0.00031          4  0.000e+00
      33567   1398.583    249.274    251.049     8.5977     8.5966   3.693932   3.693822     1.6874     1.3919      81.29   25.50442  -80.02050   -0.00026    0.00031          4  0.000e+00
      33568   1398.625    249.304    251.079     8.5978     8.5962   3.693905   3.693762     1.6862     1.3907      81.29   25.50442  -80.02050   -0.00026    0.00028          4  0.000e+00
      33569   1398.667    249.304    251.079     8.5971     8.5957   3.693879   3.693736     1.6862     1.3919      81.29   25.50442  -80.02050   -0.00026    0.00027          4  0.000e+00
      33570   1398.708    249.274    251.049     8.5974     8.5960   3.693899   3.693775     1.6874     1.3919      81.29   25.50442  -80.02050   -0.00024    0.00026          4  0.000e+00
      33571   1398.750    249.251    251.026     8.5971     8.5963   3.693886   3.693835     1.6862     1.3919      81.29   25.50442  -80.02050   -0.00024    0.00025          4  0.000e+00
      33572   1398.792    249.304    251.079     8.5974     8.5966   3.693879   3.693835     1.6874     1.3919      81.29   25.50442  -80.02050   -0.00022    0.00024          4  0.000e+00
      33573   1398.833    249.274    251.049     8.5972     8.5966   3.693879   3.693875     1.6862     1.3919      81.29   25.50442  -80.02050   -0.00022    0.00023          4  0.000e+00
      33574   1398.875    249.365    251.141     8.5971     8.5973   3.693840   3.693922     1.6862     1.3919      81.29   25.50442  -80.02050   -0.00022    0.00022          4  0.000e+00
      33575   1398.917    249.251    251.026     8.5965     8.5978   3.693794   3.693995     1.6862     1.3919      81.29   25.50442  -80.02050   -0.00021    0.00021          4  0.000e+00
      33576   1398.958    249.274    251.049     8.5962     8.5980   3.693781   3.694021     1.6862     1.3919      81.29   25.50442  -80.02050   -0.00021    0.00020          4  0.000e+00
      33577   1399.000    249.304    251.080     8.5969     8.5983   3.693853   3.694028     1.6874     1.3919      81.29   25.50442  -80.02050   -0.00019    0.00019          4  0.000e+00
      33578   1399.042    249.251    251.026     8.5972     8.5983   3.693879   3.694021     1.6862     1.3919      81.29   25.50442  -80.02050   -0.00019    0.00018          4  0.000e+00
      33579   1399.083    249.365    251.141     8.5974     8.5986   3.693879   3.694054     1.6862     1.3919      81.29   25.50442  -80.02050   -0.00019    0.00017          4  0.000e+00
      33580   1399.125    249.274    251.049     8.5977     8.5991   3.693899   3.694101     1.6862     1.3919      81.29   25.50442  -80.02050   -0.00018    0.00015          4  0.000e+00
      33581   1399.167    249.251    251.026     8.5977     8.5991   3.693925   3.694087     1.6862     1.3919      81.29   25.50442  -80.02050   -0.00018    0.00014          4  0.000e+00
      33582   1399.208    249.304    251.080     8.5979     8.5994   3.693991   3.694094     1.6874     1.3919      81.29   25.50442  -80.02050   -0.00016    0.00013          4  0.000e+00
      33583   1399.250    249.327    251.102     8.5980     8.5996   3.693958   3.694107     1.6862     1.3919      81.29   25.50442  -80.02050   -0.00015    0.00011          4  0.000e+00
