Gulf of Mexico/GOMECC-4/1db/rb2103_0051.cnv
* Sea-Bird SBE 9 Data File:
* FileName = C:\Users\scs.user.rb\CTD\GOMECC4\data\rb2103_005.hex
* Software Version Seasave V 7.26.7.107
* Temperature SN = 4799
* Conductivity SN = 3860
* Number of Bytes Per Scan = 41
* Number of Voltage Words = 4
* Number of Scans Averaged by the Deck Unit = 1
* NMEA Latitude = 26 59.47 N
* NMEA Longitude = 079 56.01 W
* NMEA UTC (Time) = Sep 15 2021  02:01:09
* NMEA baud rate = 4800
# nquan = 28
# nvalues = 180                         
# units = specified
# name 0 = scan: Scan Count
# name 1 = timeS: Time, Elapsed [seconds]
# name 2 = depSM: Depth [salt water, m]
# name 3 = prDM: Pressure, Digiquartz [db]
# name 4 = t090C: Temperature [ITS-90, deg C]
# name 5 = t190C: Temperature, 2 [ITS-90, deg C]
# name 6 = c0S/m: Conductivity [S/m]
# name 7 = c1S/m: Conductivity, 2 [S/m]
# name 8 = sbeox0V: Oxygen raw, SBE 43 [V]
# name 9 = sbeox1V: Oxygen raw, SBE 43, 2 [V]
# name 10 = altM: Altimeter [m]
# name 11 = latitude: Latitude [deg]
# name 12 = longitude: Longitude [deg]
# name 13 = sbox0dV/dT: Oxygen, SBE 43 [dov/dt]
# name 14 = sbox1dV/dT: Oxygen, SBE 43, 2 [dov/dt]
# name 15 = sbeox0ML/L: Oxygen, SBE 43 [ml/l], WS = 5
# name 16 = sbeox1ML/L: Oxygen, SBE 43, 2 [ml/l], WS = 5
# name 17 = potemp090C: Potential Temperature [ITS-90, deg C]
# name 18 = potemp190C: Potential Temperature, 2 [ITS-90, deg C]
# name 19 = sal00: Salinity, Practical [PSU]
# name 20 = sal11: Salinity, Practical, 2 [PSU]
# name 21 = sigma-é00: Density [sigma-theta, kg/m^3]
# name 22 = sigma-é11: Density, 2 [sigma-theta, kg/m^3]
# name 23 = avgsvCM: Average Sound Velocity [Chen-Millero, m/s], minP = 20, minS = 20
# name 24 = sbox0Mm/Kg: Oxygen, SBE 43 [umol/kg], WS = 5
# name 25 = sbox1Mm/Kg: Oxygen, SBE 43, 2 [umol/kg], WS = 5
# name 26 = nbin: number of scans per bin
# name 27 = flag: flag
# span 0 =      13667,      53210       
# span 1 =    569.422,   2217.048       
# span 2 =      2.980,    139.032       
# span 3 =      3.000,    140.000       
# span 4 =    13.2692,    29.7057       
# span 5 =    13.3079,    29.7084       
# span 6 =   4.198882,   5.946056       
# span 7 =   4.202462,   5.946156       
# span 8 =     1.8440,     3.1888       
# span 9 =     1.5337,     2.7155       
# span 10 =      11.98,     106.99      
# span 11 =   26.84211,   27.08756      
# span 12 =  -80.19300,  -79.45785      
# span 13 =   -0.03771,    0.01260      
# span 14 =   -0.03371,    0.01303      
# span 15 =     2.8084,     4.5369      
# span 16 =     2.8529,     4.5585      
# span 17 =    13.2496,    29.7049      
# span 18 =    13.2882,    29.7076      
# span 19 =    35.4018,    36.4044      
# span 20 =    35.4031,    36.4363      
# span 21 =    22.1448,    26.8492      
# span 22 =    22.1448,    26.8451      
# span 23 =       0.00,    1556.93      
# span 24 =    122.141,    197.918      
# span 25 =    124.077,    198.861      
# span 26 =         30,         72      
# span 27 = 0.0000e+00, 0.0000e+00      
# interval = decibars: 1                
# start_time = Sep 15 2021 02:01:09 [NMEA time, header]
# bad_flag = -9.990e-29
*END*
[from data line 104]
      18788    782.800    123.148    124.000    14.6285    14.6288   4.356573   4.356701     1.9368     1.6177      28.71   26.99518  -79.93268   -0.00292   -0.00275     2.9395     2.9860    14.6089    14.6110    35.8830    35.8839    26.7389    26.7395    1532.60    127.861    129.882         33 0.0000e+00
      18821    784.153    124.140    125.000    14.6512    14.6515   4.360529   4.360672     1.9349     1.6168      27.79   26.99518  -79.93268   -0.00213   -0.00182     2.9332     2.9819    14.6325    14.6327    35.8971    35.8982    26.7447    26.7455    1532.38    127.585    129.704         33 0.0000e+00
      18854    785.556    125.133    126.000    14.6616    14.6628   4.362985   4.363269     1.9349     1.6176      26.69   26.99520  -79.93268   -0.00120   -0.00059     2.9328     2.9837    14.6427    14.6439    35.9097    35.9112    26.7522    26.7531    1532.19    127.565    129.780         34 0.0000e+00
      18888    786.962    126.126    127.000    14.6405    14.6428   4.361260   4.361493     1.9365     1.6196      25.76   26.99521  -79.93268   -0.00003    0.00053     2.9384     2.9903    14.6214    14.6238    35.9130    35.9133    26.7593    26.7591    1532.01    127.808    130.067         34 0.0000e+00
      18923    788.400    127.119    128.000    14.5949    14.5983   4.356107   4.356450     1.9378     1.6215      24.76   26.99522  -79.93268    0.00094    0.00135     2.9449     2.9987    14.5758    14.5792    35.9072    35.9072    26.7648    26.7641    1531.82    128.091    130.430         34 0.0000e+00
      18956    789.801    128.112    129.000    14.5521    14.5543   4.351122   4.351358     1.9377     1.6213      23.71   26.99523  -79.93268    0.00079    0.00097     2.9480     3.0015    14.5328    14.5351    35.9004    35.9004    26.7689    26.7684    1531.64    128.225    130.554         33 0.0000e+00
      18988    791.118    129.105    130.000    14.5164    14.5182   4.346925   4.347153     1.9364     1.6198      22.87   26.99524  -79.93268   -0.00006   -0.00013     2.9479     3.0009    14.4970    14.4988    35.8942    35.8947    26.7719    26.7719    1531.45    128.220    130.527         31 0.0000e+00
      19020    792.465    130.097    131.000    14.4564    14.4616   4.339968   4.340315     1.9342     1.6158      21.83   26.99525  -79.93268   -0.00088   -0.00147     2.9455     2.9928    14.4369    14.4423    35.8849    35.8845    26.7777    26.7766    1531.28    128.117    130.174         34 0.0000e+00
      19057    794.017    131.090    132.000    14.4172    14.4190   4.335627   4.335806     1.9302     1.6117      20.78   26.99526  -79.93267   -0.00182   -0.00243     2.9400     2.9862    14.3977    14.3994    35.8806    35.8807    26.7829    26.7826    1531.10    127.877    129.885         40 0.0000e+00
      19096    795.607    132.083    133.000    14.3978    14.4034   4.333470   4.334095     1.9280     1.6112      19.74   26.99528  -79.93266   -0.00212   -0.00195     2.9364     2.9862    14.3781    14.3837    35.8782    35.8788    26.7853    26.7845    1530.92    127.716    129.883         35 0.0000e+00
      19129    796.983    133.076    134.000    14.3889    14.3904   4.332456   4.332688     1.9279     1.6107      18.88   26.99528  -79.93267   -0.00132   -0.00067     2.9370     2.9860    14.3691    14.3706    35.8767    35.8774    26.7860    26.7863    1530.75    127.745    129.877         32 0.0000e+00
      19160    798.285    134.069    135.000    14.3423    14.3395   4.327040   4.326561     1.9274     1.6094      17.98   26.99528  -79.93268   -0.00046   -0.00034     2.9393     2.9864    14.3224    14.3195    35.8692    35.8674    26.7903    26.7895    1530.57    127.842    129.892         31 0.0000e+00
      22838    951.556    139.032    140.000    13.2692    13.3079   4.198882   4.202462     1.8440     1.5337      11.98   26.97017  -79.85488    0.00136    0.00128     2.8084     2.8529    13.2496    13.2882    35.6566    35.6544    26.8492    26.8395    1527.68    122.141    124.077         54 0.0000e+00
      23050    960.373    137.047    138.000    13.6210    13.6017   4.241428   4.236673     1.8624     1.5505      14.02   26.98935  -79.91148    0.00250    0.00168     2.8296     2.8785    13.6014    13.5826    35.7366    35.7148    26.8398    26.8280    1528.77    123.064    125.195         61 0.0000e+00
      23118    963.202    136.054    137.000    13.6555    13.5969   4.245847   4.239210     1.8684     1.5527      15.08   26.99648  -79.93252    0.00232    0.00101     2.8416     2.8836    13.6360    13.5779    35.7487    35.7374    26.8425    26.8451    1529.17    123.590    125.414         61 0.0000e+00
      23173    965.513    135.061    136.000    13.6742    13.6455   4.247717   4.243216     1.8710     1.5553      15.97   26.99650  -79.93252    0.00147    0.00062     2.8460     2.8878    13.6547    13.6261    35.7492    35.7337    26.8390    26.8329    1529.17    123.782    125.600         50 0.0000e+00
      23217    967.325    134.068    135.000    13.8517    13.6706   4.268226   4.247521     1.8744     1.5579      16.86   26.99650  -79.93252    0.00126    0.00150     2.8436     2.8925    13.8322    13.6513    35.7854    35.7512    26.8298    26.8412    1529.17    123.679    125.803         38 0.0000e+00
      23253    968.849    133.076    134.000    13.9904    13.8688   4.284549   4.269793     1.8800     1.5618      17.83   26.99652  -79.93252    0.00235    0.00169     2.8469     2.8898    13.9709    13.8495    35.8008    35.7759    26.8124    26.8188    1529.17    123.821    125.687         35 0.0000e+00
      23285    970.171    132.083    133.000    14.0611    14.0488   4.293511   4.291866     1.8865     1.5675      18.67   26.99652  -79.93252    0.00370    0.00272     2.8576     2.8935    14.0418    14.0294    35.8192    35.8154    26.8116    26.8113    1529.17    124.288    125.849         30 0.0000e+00
      23316    971.450    131.090    132.000    14.1498    14.1746   4.304727   4.307962     1.8928     1.5754      19.81   26.99653  -79.93252    0.00456    0.00431     2.8676     2.9065    14.1333    14.1565    35.8392    35.8380    26.8076    26.7995    1529.17    124.722    126.416         31 0.0000e+00
      23349    972.836    130.097    131.000    14.2237    14.2635   4.313203   4.317951     1.8993     1.5838      20.80   26.99654  -79.93252    0.00487    0.00565     2.8772     2.9218    14.2045    14.2443    35.8524    35.8595    26.8026    26.7995    1529.17    125.143    127.080         36 0.0000e+00
      23385    974.316    129.104    130.000    14.2765    14.2904   4.318048   4.320339     1.9053     1.5906      21.69   26.99656  -79.93252    0.00463    0.00569     2.8881     2.9379    14.2573    14.2712    35.8489    35.8573    26.7886    26.7921    1529.17    125.617    127.784         34 0.0000e+00
      23418    975.695    128.112    129.000    14.3733    14.3244   4.330469   4.324129     1.9097     1.5943      22.77   26.99656  -79.93251    0.00394    0.00446     2.8931     2.9452    14.3552    14.3054    35.8740    35.8613    26.7869    26.7878    1529.17    125.836    128.101         32 0.0000e+00
      23451    977.071    127.119    128.000    14.3867    14.3458   4.331824   4.326761     1.9141     1.5972      23.69   26.99657  -79.93250    0.00337    0.00292     2.9013     2.9510    14.3677    14.3269    35.8754    35.8663    26.7853    26.7871    1529.17    126.192    128.352         34 0.0000e+00
      23494    978.855    126.126    127.000    14.3922    14.4117   4.332838   4.334496     1.9170     1.6009      24.86   26.99658  -79.93250    0.00264    0.00217     2.9076     2.9560    14.3783    14.3928    35.8756    35.8774    26.7832    26.7815    1529.17    126.468    128.574         43 0.0000e+00
      23599    983.245    125.133    126.000    14.5269    14.4503   4.348040   4.338522     1.9267     1.6030      25.98   26.99661  -79.93250    0.00270    0.00078     2.9219     2.9581    14.5097    14.4316    35.8950    35.8808    26.7697    26.7757    1529.17    127.088    128.665         39 0.0000e+00
      24054   1002.227    121.162    122.000    14.6282    14.6234   4.356566   4.357131     1.9290     1.6163      29.93   26.99085  -79.91504   -0.00111    0.00010     2.9198     2.9814    14.6099    14.6051    35.8811    35.8908    26.7368    26.7453    1528.84    127.003    129.681         47 0.0000e+00
      26003   1083.407    117.191    118.000    14.6313    14.6143   4.355403   4.353590     1.9269     1.6066      33.96   26.99233  -79.91775    0.00045   -0.00018     2.9136     2.9555    14.6136    14.5966    35.8697    35.8685    26.7273    26.7300    1528.89    126.735    128.555         62 0.0000e+00
      26068   1086.119    116.198    117.000    14.6431    14.6824   4.357049   4.361326     1.9280     1.6101      34.97   26.99727  -79.93236    0.00032    0.00084     2.9146     2.9600    14.6256    14.6648    35.8754    35.8790    26.7294    26.7236    1529.17    126.777    128.752         61 0.0000e+00
      26135   1088.926    115.205    116.000    14.6639    14.6930   4.359216   4.362613     1.9286     1.6123      35.98   26.99729  -79.93236    0.00023    0.00103     2.9142     2.9646    14.6465    14.6755    35.8770    35.8815    26.7261    26.7232    1529.17    126.762    128.951         68 0.0000e+00
      26195   1091.433    114.212    115.000    14.7627    14.7728   4.370071   4.371289     1.9308     1.6142      36.89   26.99731  -79.93236    0.00043    0.00071     2.9133     2.9642    14.7454    14.7554    35.8871    35.8881    26.7123    26.7108    1529.17    126.722    128.939         54 0.0000e+00
      26244   1093.464    113.219    114.000    14.8647    14.9027   4.381807   4.386458     1.9360     1.6166      37.82   26.99733  -79.93234    0.00197    0.00077     2.9182     2.9615    14.8474    14.8855    35.9004    35.9080    26.7001    26.6976    1529.17    126.936    128.823         45 0.0000e+00
      26854   1118.859    107.262    108.000    15.5631    15.5459   4.461166   4.455941     1.9671     1.6439      43.62   26.92955  -79.73107    0.00050    0.00084     2.9480     2.9898    15.5501    15.5290    35.9655    35.9281    26.5892    26.5634    1525.32    128.243    130.060         34 0.0000e+00
      27076   1128.128    106.269    107.000    15.7399    15.7301   4.486590   4.484514     1.9780     1.6524      44.98   26.99756  -79.93228    0.00114    0.00117     2.9566     2.9986    15.7237    15.7133    36.0550    36.0431    26.6229    26.6162    1529.17    128.616    130.445         50 0.0000e+00
      28133   1172.170    104.283    105.000    15.8526    15.8428   4.500783   4.499802     1.9868     1.6612      47.09   27.01050  -79.96972    0.00014    0.00029     2.9681     3.0129    15.8360    15.8265    36.0811    36.0793    26.6183    26.6183    1529.89    129.119    131.070         36 0.0000e+00
      28815   1200.603    102.297    103.000    15.8730    15.8733   4.501722   4.501647     1.9898     1.6635      49.04   27.00065  -79.93999    0.00049   -0.00020     2.9741     3.0162    15.8567    15.8570    36.0694    36.0686    26.6038    26.6031    1529.32    129.383    131.214         66 0.0000e+00
      28886   1203.541    101.304    102.000    15.8868    15.8799   4.502745   4.501718     1.9902     1.6639      50.03   26.99802  -79.93215    0.00020    0.00004     2.9740     3.0168    15.8706    15.8637    36.0665    36.0643    26.5982    26.5980    1529.17    129.378    131.239         63 0.0000e+00
      28971   1207.073    100.311    101.000    15.9414    15.9032   4.508709   4.504482     1.9926     1.6652      51.00   26.99805  -79.93214    0.00057    0.00040     2.9756     3.0177    15.9254    15.8872    36.0686    36.0665    26.5872    26.5944    1529.17    129.449    131.281         72 0.0000e+00
      29040   1209.975     99.319    100.000    16.1189    16.0710   4.528609   4.523024     1.9986     1.6684      51.94   26.99806  -79.93214    0.00176    0.00063     2.9778     3.0154    16.1029    16.0550    36.0873    36.0809    26.5606    26.5667    1529.17    129.546    131.184         61 0.0000e+00
      29098   1212.374     98.325     99.000    16.2476    16.3782   4.543328   4.558178     2.0050     1.6779      52.90   26.99808  -79.93213    0.00268    0.00307     2.9840     3.0197    16.2317    16.3622    36.1020    36.1158    26.5420    26.5221    1529.17    129.817    131.377         55 0.0000e+00
      29151   1214.585     97.333     98.000    16.3688    16.4912   4.556701   4.571518     2.0102     1.6861      53.85   26.99809  -79.93212    0.00248    0.00415     2.9877     3.0330    16.3530    16.4753    36.1115    36.1322    26.5210    26.5082    1529.17    129.983    131.956         54 0.0000e+00
      29204   1216.810     96.340     97.000    16.4705    16.7008   4.569131   4.594859     2.0151     1.6935      54.89   26.99810  -79.93212    0.00222    0.00310     2.9919     3.0391    16.4547    16.6849    36.1301    36.1486    26.5114    26.4711    1529.17    130.168    132.227         51 0.0000e+00
      29255   1218.912     95.347     96.000    16.7113    16.7646   4.595772   4.601198     2.0242     1.7020      55.84   26.99812  -79.93212    0.00310    0.00399     2.9968     3.0555    16.6955    16.7489    36.1485    36.1523    26.4688    26.4601    1529.17    130.388    132.939         49 0.0000e+00
      29302   1220.894     94.354     95.000    16.9084    16.9668   4.616878   4.622783     2.0365     1.7116      56.84   26.99813  -79.93212    0.00531    0.00415     3.0121     3.0672    16.8927    16.9515    36.1570    36.1581    26.4284    26.4157    1529.17    131.058    133.456         49 0.0000e+00
      29349   1222.843     93.360     94.000    17.0026    17.0499   4.626555   4.631951     2.0474     1.7216      57.79   26.99814  -79.93212    0.00619    0.00529     3.0308     3.0861    16.9870    17.0342    36.1576    36.1623    26.4063    26.3986    1529.17    131.875    134.279         40 0.0000e+00
      29385   1224.343     92.368     93.000    17.0967    17.0913   4.635562   4.635265     2.0551     1.7275      58.64   26.99814  -79.93210    0.00543    0.00486     3.0421     3.0981    17.0812    17.0758    36.1524    36.1546    26.3796    26.3827    1529.17    132.368    134.804         32 0.0000e+00
      29938   1247.395     86.410     87.000    17.5552    17.5072   4.669424   4.665981     2.1581     1.8083      64.79   26.96251  -79.82623    0.00399    0.00094     3.2462     3.2723    17.5404    17.4925    36.0348    36.0379    26.1749    26.1885    1527.14    141.272    142.406         31 0.0000e+00
      31551   1314.598     83.431     84.000    18.5815    18.6045   4.775439   4.777963     2.2963     1.9427      67.92   26.97559  -79.86373    0.00084    0.00027     3.4832     3.5278    18.5667    18.5897    36.0429    36.0351    25.9272    25.9147    1527.86    151.625    153.567         64 0.0000e+00
      31676   1319.812     82.438     83.000    18.6421    18.6836   4.783601   4.789001     2.3014     1.9536      69.43   26.99865  -79.93194    0.00043    0.00197     3.4882     3.5485    18.6287    18.6689    36.0650    36.0692    25.9302    25.9232    1529.17    151.845    154.471         36 0.0000e+00
      31759   1323.237     81.445     82.000    18.8786    18.7382   4.811077   4.794650     2.3141     1.9571      69.82   26.99867  -79.93194    0.00307    0.00048     3.4986     3.5521    18.8633    18.7237    36.0840    36.0706    25.8851    25.9104    1529.17    152.303    154.632         38 0.0000e+00
      31850   1327.024     80.452     81.000    18.9335    19.0218   4.813646   4.825985     2.3231     1.9697      71.01   26.99870  -79.93192    0.00154    0.00278     3.5155     3.5632    18.9190    19.0073    36.0602    36.0870    25.8524    25.8503    1529.17    153.044    155.124         72 0.0000e+00
