Gulf of Mexico/GOMECC-4/1db/rb2103_0901.ros
* Sea-Bird SBE 9 Data File:
* FileName = C:\Users\scs.user.rb\CTD\GOMECC4\data\rb2103_0901.hex
* Software Version Seasave V 7.26.7.107
* Temperature SN = 4799
* Conductivity SN = 3860
* Number of Bytes Per Scan = 41
* Number of Voltage Words = 4
* Number of Scans Averaged by the Deck Unit = 1
* NMEA Latitude = 22 00.00 N
* NMEA Longitude = 092 55.04 W
* NMEA UTC (Time) = Oct 09 2021  18:18:51
* NMEA baud rate = 4800
# nquan = 17
# nvalues = 3192                                  
# units = specified
# name 0 = scan: Scan Count
# name 1 = timeS: Time, Elapsed [seconds]
# name 2 = depSM: Depth [salt water, m]
# name 3 = prDM: Pressure, Digiquartz [db]
# name 4 = t090C: Temperature [ITS-90, deg C]
# name 5 = t190C: Temperature, 2 [ITS-90, deg C]
# name 6 = c0S/m: Conductivity [S/m]
# name 7 = c1S/m: Conductivity, 2 [S/m]
# name 8 = sbeox0V: Oxygen raw, SBE 43 [V]
# name 9 = sbeox1V: Oxygen raw, SBE 43, 2 [V]
# name 10 = altM: Altimeter [m]
# name 11 = latitude: Latitude [deg]
# name 12 = longitude: Longitude [deg]
# name 13 = sbox0dV/dT: Oxygen, SBE 43 [dov/dt]
# name 14 = sbox1dV/dT: Oxygen, SBE 43, 2 [dov/dt]
# name 15 = nbf: Bottles Fired
# name 16 = flag:  0.000e+00
# interval = seconds: 0.0416667
# start_time = Oct 09 2021 18:18:51 [NMEA time, header]
# bad_flag = -9.990e-29
*END*
[from data line 2639]
     227377   9474.000     67.036     67.467    21.6841    21.6998   5.130733   5.131849     2.7241     2.3162     100.00   22.00284  -92.91516   -0.00120    0.00086         20  0.000e+00
     227378   9474.042     67.083     67.515    21.6852    21.6975   5.130763   5.131743     2.7241     2.3162     100.00   22.00284  -92.91516   -0.00121    0.00087         20  0.000e+00
     227379   9474.083     67.036     67.467    21.6849    21.6961   5.130763   5.131720     2.7241     2.3162     100.00   22.00284  -92.91516   -0.00120    0.00087         20  0.000e+00
     227380   9474.125     67.083     67.515    21.6845    21.6954   5.130770   5.131720     2.7241     2.3175     100.00   22.00284  -92.91516   -0.00119    0.00089         20  0.000e+00
     227381   9474.167     67.049     67.481    21.6859    21.6954   5.130830   5.131690     2.7241     2.3162     100.00   22.00284  -92.91516   -0.00119    0.00089         20  0.000e+00
     227382   9474.208     67.083     67.515    21.6861    21.6952   5.130853   5.131705     2.7241     2.3175     100.00   22.00284  -92.91516   -0.00118    0.00090         20  0.000e+00
     227383   9474.250     67.036     67.467    21.6854    21.6956   5.130853   5.131750     2.7241     2.3175     100.00   22.00284  -92.91516   -0.00117    0.00091         20  0.000e+00
     227384   9474.292     67.083     67.515    21.6854    21.6963   5.130793   5.131826     2.7241     2.3162     100.00   22.00284  -92.91516   -0.00115    0.00091         20  0.000e+00
     227385   9474.333     67.083     67.515    21.6862    21.6970   5.130890   5.131849     2.7241     2.3162     100.00   22.00284  -92.91516   -0.00113    0.00090         20  0.000e+00
     227386   9474.375     67.036     67.467    21.6872    21.6968   5.130973   5.131811     2.7241     2.3162     100.00   22.00284  -92.91516   -0.00110    0.00090         20  0.000e+00
     227387   9474.417     67.104     67.535    21.6877    21.6961   5.131040   5.131804     2.7241     2.3162     100.00   22.00284  -92.91516   -0.00108    0.00089         20  0.000e+00
     227388   9474.458     67.083     67.515    21.6886    21.6965   5.131107   5.131834     2.7241     2.3175     100.00   22.00284  -92.91516   -0.00106    0.00090         20  0.000e+00
     227389   9474.500     67.083     67.515    21.6900    21.6974   5.131272   5.131917     2.7241     2.3162     100.00   22.00284  -92.91516   -0.00104    0.00089         20  0.000e+00
     227390   9474.542     67.137     67.569    21.6908    21.6977   5.131362   5.131940     2.7241     2.3162     100.00   22.00284  -92.91516   -0.00102    0.00088         20  0.000e+00
     227391   9474.583     67.083     67.515    21.6921    21.6980   5.131444   5.131993     2.7241     2.3162     100.00   22.00284  -92.91516   -0.00099    0.00086         20  0.000e+00
     227392   9474.625     67.104     67.535    21.6933    21.6974   5.131512   5.131925     2.7241     2.3162     100.00   22.00284  -92.91516   -0.00097    0.00085         20  0.000e+00
     227393   9474.667     67.083     67.515    21.6942    21.6965   5.131542   5.131796     2.7241     2.3162     100.00   22.00284  -92.91516   -0.00094    0.00084         20  0.000e+00
     227394   9474.708     67.137     67.569    21.6938    21.6947   5.131534   5.131637     2.7241     2.3162     100.00   22.00284  -92.91516   -0.00092    0.00082         20  0.000e+00
     227395   9474.750     67.083     67.515    21.6930    21.6940   5.131444   5.131553     2.7241     2.3162      99.07   22.00284  -92.91516   -0.00089    0.00080         20  0.000e+00
     227396   9474.792     67.137     67.569    21.6926    21.6936   5.131377   5.131545     2.7241     2.3162      56.00   22.00284  -92.91516   -0.00086    0.00080         20  0.000e+00
     227397   9474.833     67.083     67.515    21.6917    21.6929   5.131340   5.131576     2.7241     2.3162      28.91   22.00284  -92.91516   -0.00083    0.00080         20  0.000e+00
     231890   9662.042     39.906     40.160    29.1783    29.2093   5.948259   5.950765     3.1380     2.6532     100.00   22.00294  -92.91508    0.00019    0.00012         21  0.000e+00
     231891   9662.083     40.164     40.419    29.1781    29.2069   5.948227   5.950498     3.1368     2.6532     100.00   22.00294  -92.91508    0.00021    0.00012         21  0.000e+00
     231892   9662.125     40.150     40.406    29.1777    29.2038   5.948211   5.950061     3.1380     2.6532     100.00   22.00294  -92.91508    0.00025    0.00012         21  0.000e+00
     231893   9662.167     40.116     40.372    29.1781    29.1967   5.948251   5.949536     3.1380     2.6532     100.00   22.00294  -92.91508    0.00029    0.00012         21  0.000e+00
     231894   9662.208     40.103     40.358    29.1785    29.1912   5.948299   5.949188     3.1392     2.6532     100.00   22.00294  -92.91508    0.00032    0.00012         21  0.000e+00
     231895   9662.250     40.218     40.474    29.1791    29.1872   5.948387   5.948970     3.1380     2.6532     100.00   22.00294  -92.91508    0.00036    0.00012         21  0.000e+00
     231896   9662.292     40.150     40.406    29.1798    29.1851   5.948411   5.948849     3.1380     2.6532     100.00   22.00294  -92.91508    0.00037    0.00012         21  0.000e+00
     231897   9662.333     40.164     40.419    29.1800    29.1832   5.948419   5.948752     3.1380     2.6532     100.00   22.00294  -92.91508    0.00041    0.00014         21  0.000e+00
     231898   9662.375     40.103     40.358    29.1798    29.1818   5.948483   5.948582     3.1368     2.6532     100.00   22.00294  -92.91508    0.00042    0.00014         21  0.000e+00
     231899   9662.417     40.218     40.474    29.1796    29.1801   5.948395   5.948420     3.1380     2.6520     100.00   22.00294  -92.91508    0.00045    0.00013         21  0.000e+00
     231900   9662.458     40.150     40.406    29.1789    29.1792   5.948323   5.948388     3.1380     2.6532     100.00   22.00294  -92.91508    0.00048    0.00015         21  0.000e+00
     231901   9662.500     40.164     40.419    29.1785    29.1793   5.948267   5.948420     3.1380     2.6520     100.00   22.00294  -92.91508    0.00052    0.00013         21  0.000e+00
     231902   9662.542     40.150     40.406    29.1783    29.1789   5.948299   5.948436     3.1368     2.6520     100.00   22.00294  -92.91508    0.00053    0.00013         21  0.000e+00
     231903   9662.583     40.218     40.474    29.1787    29.1788   5.948315   5.948364     3.1368     2.6520     100.00   22.00294  -92.91508    0.00052    0.00010         21  0.000e+00
     231904   9662.625     40.150     40.406    29.1791    29.1784   5.948387   5.948372     3.1368     2.6508     100.00   22.00294  -92.91508    0.00053    0.00008         21  0.000e+00
     231905   9662.667     40.204     40.460    29.1793    29.1786   5.948411   5.948315     3.1368     2.6508     100.00   22.00294  -92.91508    0.00054    0.00006         21  0.000e+00
     231906   9662.708     40.218     40.474    29.1800    29.1785   5.948491   5.948291     3.1368     2.6520     100.00   22.00294  -92.91508    0.00056    0.00006         21  0.000e+00
     231907   9662.750     40.150     40.406    29.1803    29.1786   5.948467   5.948364     3.1355     2.6508     100.00   22.00294  -92.91508    0.00055    0.00004         21  0.000e+00
     231908   9662.792     40.218     40.474    29.1805    29.1785   5.948459   5.948388     3.1355     2.6508     100.00   22.00294  -92.91508    0.00054    0.00000         21  0.000e+00
     231909   9662.833     40.204     40.460    29.1809    29.1789   5.948538   5.948355     3.1355     2.6496     100.00   22.00294  -92.91508    0.00053   -0.00005         21  0.000e+00
     231910   9662.875     40.163     40.419    29.1813    29.1789   5.948586   5.948372     3.1355     2.6508     100.00   22.00294  -92.91508    0.00053   -0.00007         21  0.000e+00
     231911   9662.917     40.252     40.508    29.1814    29.1790   5.948602   5.948388     3.1355     2.6508     100.00   22.00294  -92.91508    0.00052   -0.00009         21  0.000e+00
     231912   9662.958     40.163     40.419    29.1816    29.1789   5.948610   5.948388     3.1355     2.6496     100.00   22.00294  -92.91508    0.00051   -0.00013         21  0.000e+00
     231913   9663.000     40.252     40.508    29.1814    29.1789   5.948642   5.948420     3.1355     2.6496     100.00   22.00294  -92.91508    0.00051   -0.00016         21  0.000e+00
     231914   9663.042     40.218     40.474    29.1818    29.1786   5.948650   5.948364     3.1355     2.6508     100.00   22.00294  -92.91508    0.00050   -0.00018         21  0.000e+00
     231915   9663.083     40.252     40.508    29.1814    29.1784   5.948618   5.948372     3.1343     2.6508     100.00   22.00294  -92.91508    0.00047   -0.00020         21  0.000e+00
     231916   9663.125     40.218     40.474    29.1814    29.1783   5.948610   5.948356     3.1343     2.6496     100.00   22.00294  -92.91508    0.00045   -0.00023         21  0.000e+00
     231917   9663.167     40.204     40.460    29.1814    29.1788   5.948602   5.948339     3.1343     2.6508     100.00   22.00294  -92.91508    0.00043   -0.00025         21  0.000e+00
     231918   9663.208     40.251     40.508    29.1816    29.1788   5.948642   5.948412     3.1343     2.6508     100.00   22.00294  -92.91508    0.00040   -0.00026         21  0.000e+00
     231919   9663.250     40.218     40.474    29.1814    29.1786   5.948658   5.948364     3.1343     2.6508     100.00   22.00294  -92.91508    0.00038   -0.00026         21  0.000e+00
     231920   9663.292     40.251     40.508    29.1813    29.1786   5.948650   5.948339     3.1343     2.6520     100.00   22.00294  -92.91508    0.00036   -0.00026         21  0.000e+00
     231921   9663.333     40.265     40.521    29.1813    29.1784   5.948578   5.948339     3.1355     2.6520     100.00   22.00294  -92.91508    0.00035   -0.00024         21  0.000e+00
     231922   9663.375     40.251     40.508    29.1809    29.1783   5.948594   5.948307     3.1355     2.6520     100.00   22.00294  -92.91508    0.00035   -0.00022         21  0.000e+00
     231923   9663.417     40.265     40.521    29.1805    29.1788   5.948530   5.948364     3.1355     2.6520     100.00   22.00294  -92.91508    0.00034   -0.00020         21  0.000e+00
     231924   9663.458     40.251     40.508    29.1803    29.1796   5.948475   5.948461     3.1355     2.6532     100.00   22.00294  -92.91508    0.00032   -0.00016         21  0.000e+00
     231925   9663.500     40.265     40.521    29.1801    29.1801   5.948427   5.948485     3.1368     2.6532     100.00   22.00294  -92.91508    0.00033   -0.00012         21  0.000e+00
     231926   9663.542     40.251     40.508    29.1796    29.1798   5.948371   5.948485     3.1355     2.6532     100.00   22.00294  -92.91508    0.00033   -0.00008         21  0.000e+00
     231927   9663.583     40.265     40.521    29.1794    29.1801   5.948323   5.948525     3.1368     2.6532     100.00   22.00294  -92.91508    0.00032   -0.00004         21  0.000e+00
     231928   9663.625     40.299     40.555    29.1791    29.1801   5.948315   5.948533     3.1368     2.6545     100.00   22.00294  -92.91508    0.00033    0.00002         21  0.000e+00
     231929   9663.667     40.265     40.521    29.1787    29.1802   5.948267   5.948533     3.1368     2.6532     100.00   22.00294  -92.91508    0.00034    0.00006         21  0.000e+00
     231930   9663.708     40.251     40.508    29.1781    29.1803   5.948259   5.948533     3.1368     2.6545     100.00   22.00294  -92.91508    0.00035    0.00011         21  0.000e+00
     231931   9663.750     40.251     40.508    29.1777    29.1798   5.948267   5.948501     3.1368     2.6532     100.00   22.00294  -92.91508    0.00036    0.00015         21  0.000e+00
     231932   9663.792     40.312     40.569    29.1776    29.1798   5.948188   5.948485     3.1380     2.6532     100.00   22.00294  -92.91508    0.00039    0.00019         21  0.000e+00
     231933   9663.833     40.299     40.555    29.1772    29.1793   5.948164   5.948412     3.1368     2.6532     100.00   22.00294  -92.91508    0.00038    0.00023         21  0.000e+00
     231934   9663.875     40.265     40.521    29.1767    29.1793   5.948172   5.948428     3.1368     2.6532     100.00   22.00294  -92.91508    0.00037    0.00026         21  0.000e+00
     231935   9663.917     40.251     40.508    29.1763    29.1792   5.948124   5.948469     3.1368     2.6532     100.00   22.00294  -92.91508    0.00036    0.00030         21  0.000e+00
     231936   9663.958     40.312     40.569    29.1759    29.1793   5.948044   5.948453     3.1380     2.6532     100.00   22.00294  -92.91508    0.00037    0.00032         21  0.000e+00
     231937   9664.000     40.251     40.508    29.1752    29.1793   5.947956   5.948469     3.1368     2.6532     100.00   22.00294  -92.91508    0.00037    0.00034         21  0.000e+00
     231938   9664.042     40.312     40.569    29.1748    29.1790   5.947924   5.948380     3.1380     2.6532     100.00   22.00294  -92.91508    0.00038    0.00036         21  0.000e+00
     231939   9664.083     40.299     40.555    29.1743    29.1786   5.947892   5.948372     3.1368     2.6532     100.00   22.00294  -92.91508    0.00038    0.00038         21  0.000e+00
     231940   9664.125     40.265     40.521    29.1739    29.1781   5.947805   5.948315     3.1355     2.6520     100.00   22.00294  -92.91508    0.00035    0.00039         21  0.000e+00
     231941   9664.167     40.299     40.555    29.1730    29.1778   5.947733   5.948291     3.1368     2.6520     100.00   22.00294  -92.91508    0.00036    0.00039         21  0.000e+00
     231942   9664.208     40.312     40.569    29.1720    29.1771   5.947621   5.948259     3.1368     2.6520     100.00   22.00294  -92.91508    0.00034    0.00039         21  0.000e+00
     231943   9664.250     40.299     40.555    29.1722    29.1773   5.947589   5.948242     3.1368     2.6520     100.00   22.00294  -92.91508    0.00033    0.00039         21  0.000e+00
     231944   9664.292     40.299     40.555    29.1726    29.1773   5.947685   5.948242     3.1368     2.6520     100.00   22.00294  -92.91508    0.00031    0.00039         21  0.000e+00
     231945   9664.333     40.265     40.521    29.1722    29.1771   5.947653   5.948210     3.1368     2.6520     100.00   22.00294  -92.91508    0.00029    0.00039         21  0.000e+00
     231946   9664.375     40.299     40.555    29.1719    29.1770   5.947597   5.948153     3.1368     2.6520     100.00   22.00294  -92.91508    0.00029    0.00040         21  0.000e+00
     231947   9664.417     40.312     40.569    29.1713    29.1771   5.947542   5.948145     3.1368     2.6520     100.00   22.00294  -92.91508    0.00028    0.00040         21  0.000e+00
     231948   9664.458     40.251     40.508    29.1715    29.1768   5.947534   5.948137     3.1368     2.6520     100.00   22.00294  -92.91508    0.00028    0.00040         21  0.000e+00
     231949   9664.500     40.312     40.569    29.1718    29.1767   5.947613   5.948145     3.1368     2.6520     100.00   22.00294  -92.91508    0.00028    0.00040         21  0.000e+00
     231950   9664.542     40.299     40.555    29.1718    29.1763   5.947629   5.948105     3.1368     2.6520     100.00   22.00294  -92.91508    0.00027    0.00040         21  0.000e+00
     231951   9664.583     40.265     40.521    29.1720    29.1757   5.947701   5.948064     3.1368     2.6520     100.00   22.00294  -92.91508    0.00025    0.00040         21  0.000e+00
     231952   9664.625     40.299     40.555    29.1726    29.1753   5.947805   5.948008     3.1380     2.6520     100.00   22.00294  -92.91508    0.00027    0.00039         21  0.000e+00
