Gulf of Mexico/GOMECC-4/1db/rb2103_1281.ros
* Sea-Bird SBE 9 Data File:
* FileName = C:\Users\scs.user.rb\CTD\GOMECC4\data\rb2103_1281.hex
* Software Version Seasave V 7.26.7.107
* Temperature SN = 4799
* Conductivity SN = 3860
* Number of Bytes Per Scan = 41
* Number of Voltage Words = 4
* Number of Scans Averaged by the Deck Unit = 1
* NMEA Latitude = 27 02.03 N
* NMEA Longitude = 082 36.87 W
* NMEA UTC (Time) = Oct 19 2021  10:31:33
* NMEA baud rate = 4800
# nquan = 17
# nvalues = 266                                   
# units = specified
# name 0 = scan: Scan Count
# name 1 = timeS: Time, Elapsed [seconds]
# name 2 = depSM: Depth [salt water, m]
# name 3 = prDM: Pressure, Digiquartz [db]
# name 4 = t090C: Temperature [ITS-90, deg C]
# name 5 = t190C: Temperature, 2 [ITS-90, deg C]
# name 6 = c0S/m: Conductivity [S/m]
# name 7 = c1S/m: Conductivity, 2 [S/m]
# name 8 = sbeox0V: Oxygen raw, SBE 43 [V]
# name 9 = sbeox1V: Oxygen raw, SBE 43, 2 [V]
# name 10 = altM: Altimeter [m]
# name 11 = latitude: Latitude [deg]
# name 12 = longitude: Longitude [deg]
# name 13 = sbox0dV/dT: Oxygen, SBE 43 [dov/dt]
# name 14 = sbox1dV/dT: Oxygen, SBE 43, 2 [dov/dt]
# name 15 = nbf: Bottles Fired
# name 16 = flag:  0.000e+00
# interval = seconds: 0.0416667
# start_time = Oct 19 2021 10:31:33 [NMEA time, header]
# bad_flag = -9.990e-29
*END*
[from data line 171]
      14915    621.417      2.946      2.965    28.1766    28.1778   5.739285   5.739496     2.9963     2.5238      12.82   27.03364  -82.61448   -0.00021   -0.00057          2  0.000e+00
      14916    621.458      2.898      2.917    28.1765    28.1778   5.739269   5.739424     2.9963     2.5238      12.82   27.03364  -82.61448   -0.00021   -0.00058          2  0.000e+00
      14917    621.500      2.898      2.917    28.1766    28.1778   5.739245   5.739432     2.9963     2.5238      12.82   27.03364  -82.61448   -0.00023   -0.00060          2  0.000e+00
      14918    621.542      2.946      2.965    28.1766    28.1778   5.739206   5.739448     2.9963     2.5238      12.82   27.03364  -82.61448   -0.00023   -0.00062          2  0.000e+00
      14919    621.583      2.946      2.965    28.1767    28.1780   5.739245   5.739480     2.9963     2.5250      12.82   27.03364  -82.61448   -0.00025   -0.00062          2  0.000e+00
      14920    621.625      2.891      2.911    28.1766    28.1777   5.739245   5.739456     2.9976     2.5250      12.80   27.03364  -82.61448   -0.00025   -0.00062          2  0.000e+00
      14921    621.667      2.946      2.965    28.1766    28.1780   5.739277   5.739448     2.9963     2.5250      12.80   27.03364  -82.61448   -0.00027   -0.00062          2  0.000e+00
      14922    621.708      2.898      2.917    28.1767    28.1780   5.739269   5.739448     2.9976     2.5250      12.80   27.03364  -82.61448   -0.00027   -0.00062          2  0.000e+00
      14923    621.750      2.946      2.965    28.1766    28.1780   5.739245   5.739448     2.9976     2.5250      12.80   27.03364  -82.61448   -0.00027   -0.00062          2  0.000e+00
      14924    621.792      2.946      2.965    28.1766    28.1778   5.739293   5.739448     2.9976     2.5250      12.82   27.03364  -82.61448   -0.00027   -0.00062          2  0.000e+00
      14925    621.833      2.946      2.965    28.1768    28.1776   5.739293   5.739480     2.9976     2.5250      12.80   27.03364  -82.61448   -0.00027   -0.00061          2  0.000e+00
      14926    621.875      2.946      2.965    28.1767    28.1780   5.739253   5.739496     2.9976     2.5263      12.80   27.03364  -82.61448   -0.00027   -0.00059          2  0.000e+00
      14927    621.917      2.939      2.958    28.1766    28.1778   5.739261   5.739496     2.9988     2.5263      12.82   27.03364  -82.61448   -0.00025   -0.00056          2  0.000e+00
      14928    621.958      2.946      2.965    28.1768    28.1780   5.739285   5.739496     2.9976     2.5275      12.80   27.03364  -82.61448   -0.00027   -0.00052          2  0.000e+00
      14929    622.000      2.946      2.965    28.1767    28.1780   5.739293   5.739496     2.9976     2.5263      12.80   27.03364  -82.61448   -0.00027   -0.00052          2  0.000e+00
      14930    622.042      2.898      2.917    28.1766    28.1780   5.739269   5.739456     2.9976     2.5275      12.82   27.03364  -82.61448   -0.00027   -0.00047          2  0.000e+00
      14931    622.083      2.993      3.013    28.1766    28.1780   5.739285   5.739416     2.9976     2.5275      12.80   27.03364  -82.61448   -0.00029   -0.00043          2  0.000e+00
      14932    622.125      2.946      2.965    28.1765    28.1781   5.739308   5.739504     2.9976     2.5275      12.80   27.03364  -82.61448   -0.00029   -0.00039          2  0.000e+00
      14933    622.167      2.946      2.965    28.1768    28.1780   5.739293   5.739504     2.9976     2.5275      12.82   27.03364  -82.61448   -0.00031   -0.00034          2  0.000e+00
      14934    622.208      2.986      3.006    28.1764    28.1781   5.739253   5.739456     2.9988     2.5275      12.80   27.03364  -82.61448   -0.00031   -0.00030          2  0.000e+00
      14935    622.250      2.946      2.965    28.1766    28.1781   5.739261   5.739480     2.9976     2.5275      12.80   27.03364  -82.61448   -0.00033   -0.00026          2  0.000e+00
      14936    622.292      2.993      3.013    28.1765    28.1781   5.739285   5.739456     2.9976     2.5275      12.80   27.03364  -82.61448   -0.00035   -0.00023          2  0.000e+00
      14937    622.333      2.946      2.965    28.1766    28.1780   5.739253   5.739480     2.9976     2.5287      12.80   27.03364  -82.61448   -0.00037   -0.00017          2  0.000e+00
      14938    622.375      2.993      3.013    28.1766    28.1778   5.739261   5.739456     2.9976     2.5287      12.80   27.03364  -82.61448   -0.00039   -0.00012          2  0.000e+00
      14939    622.417      2.946      2.965    28.1767    28.1781   5.739285   5.739448     2.9988     2.5287      12.80   27.03364  -82.61448   -0.00040   -0.00008          2  0.000e+00
      14940    622.458      2.993      3.013    28.1768    28.1779   5.739238   5.739448     2.9976     2.5287      12.80   27.03364  -82.61448   -0.00040   -0.00004          2  0.000e+00
      14941    622.500      2.986      3.006    28.1766    28.1780   5.739238   5.739480     2.9976     2.5299      12.80   27.03364  -82.61448   -0.00040    0.00002          2  0.000e+00
      14942    622.542      2.993      3.013    28.1769    28.1781   5.739245   5.739456     2.9976     2.5299      12.80   27.03364  -82.61448   -0.00041    0.00008          2  0.000e+00
      14943    622.583      2.993      3.013    28.1766    28.1780   5.739261   5.739480     2.9976     2.5299      12.77   27.03364  -82.61448   -0.00040    0.00014          2  0.000e+00
      14944    622.625      2.993      3.013    28.1768    28.1780   5.739245   5.739528     2.9976     2.5299      12.75   27.03364  -82.61448   -0.00040    0.00020          2  0.000e+00
      14945    622.667      2.993      3.013    28.1766    28.1781   5.739245   5.739472     2.9976     2.5299      12.75   27.03364  -82.61448   -0.00040    0.00026          2  0.000e+00
      14946    622.708      2.993      3.013    28.1765    28.1780   5.739261   5.739448     2.9963     2.5299      12.75   27.03364  -82.61448   -0.00042    0.00032          2  0.000e+00
      14947    622.750      2.993      3.013    28.1768    28.1781   5.739285   5.739480     2.9976     2.5311      12.75   27.03364  -82.61448   -0.00043    0.00039          2  0.000e+00
      14948    622.792      2.986      3.006    28.1766    28.1780   5.739308   5.739496     2.9976     2.5311      12.75   27.03364  -82.61448   -0.00041    0.00046          2  0.000e+00
      14949    622.833      3.047      3.067    28.1767    28.1783   5.739293   5.739496     2.9976     2.5311      12.75   27.03364  -82.61448   -0.00042    0.00053          2  0.000e+00
      14950    622.875      2.993      3.013    28.1766    28.1781   5.739293   5.739528     2.9976     2.5311      12.75   27.03364  -82.61448   -0.00042    0.00060          2  0.000e+00
      14951    622.917      3.047      3.067    28.1766    28.1785   5.739269   5.739472     2.9976     2.5311      12.75   27.03364  -82.61448   -0.00042    0.00067          2  0.000e+00
      14952    622.958      3.047      3.067    28.1767    28.1785   5.739285   5.739480     2.9976     2.5311      12.75   27.03364  -82.61448   -0.00043    0.00072          2  0.000e+00
      14953    623.000      2.993      3.013    28.1768    28.1783   5.739222   5.739496     2.9976     2.5311      12.75   27.03364  -82.61448   -0.00043    0.00077          2  0.000e+00
      14954    623.042      3.047      3.067    28.1766    28.1781   5.739285   5.739496     2.9976     2.5311      12.75   27.03364  -82.61448   -0.00043    0.00082          2  0.000e+00
      14955    623.083      3.040      3.061    28.1766    28.1783   5.739261   5.739496     2.9976     2.5311      12.75   27.03364  -82.61448   -0.00042    0.00087          2  0.000e+00
      14956    623.125      2.993      3.013    28.1767    28.1783   5.739222   5.739456     2.9976     2.5311      12.75   27.03364  -82.61448   -0.00040    0.00091          2  0.000e+00
      14957    623.167      3.047      3.067    28.1766    28.1783   5.739269   5.739520     2.9976     2.5311      12.75   27.03364  -82.61448   -0.00039    0.00096          2  0.000e+00
      14958    623.208      2.993      3.013    28.1768    28.1783   5.739253   5.739544     2.9976     2.5311      12.75   27.03364  -82.61448   -0.00039    0.00098          2  0.000e+00
      14959    623.250      3.047      3.067    28.1767    28.1785   5.739261   5.739576     2.9976     2.5311      12.75   27.03364  -82.61448   -0.00039    0.00100          2  0.000e+00
      14960    623.292      3.047      3.067    28.1768    28.1780   5.739245   5.739520     2.9976     2.5311      12.75   27.03364  -82.61448   -0.00039    0.00102          2  0.000e+00
      14961    623.333      2.993      3.013    28.1768    28.1785   5.739206   5.739496     2.9976     2.5311      12.75   27.03364  -82.61448   -0.00038    0.00104          2  0.000e+00
      14962    623.375      3.040      3.061    28.1766    28.1783   5.739245   5.739528     2.9988     2.5311      12.75   27.03364  -82.61448   -0.00034    0.00106          2  0.000e+00
      14963    623.417      3.047      3.067    28.1767    28.1783   5.739245   5.739504     2.9976     2.5311      12.75   27.03364  -82.61448   -0.00033    0.00108          2  0.000e+00
      14964    623.458      3.047      3.067    28.1768    28.1783   5.739261   5.739528     2.9988     2.5299      12.75   27.03364  -82.61448   -0.00030    0.00107          2  0.000e+00
      14965    623.500      2.993      3.013    28.1768    28.1781   5.739285   5.739504     2.9976     2.5299      12.75   27.03364  -82.61448   -0.00028    0.00109          2  0.000e+00
      14966    623.542      3.047      3.067    28.1769    28.1783   5.739293   5.739496     2.9988     2.5299      12.75   27.03364  -82.61448   -0.00024    0.00110          2  0.000e+00
      14967    623.583      2.993      3.013    28.1766    28.1781   5.739238   5.739496     2.9976     2.5299      12.72   27.03364  -82.61448   -0.00023    0.00111          2  0.000e+00
      14968    623.625      2.993      3.013    28.1770    28.1780   5.739238   5.739496     2.9976     2.5299      12.75   27.03364  -82.61448   -0.00021    0.00112          2  0.000e+00
      14969    623.667      3.040      3.061    28.1767    28.1781   5.739277   5.739496     2.9988     2.5299      12.75   27.03364  -82.61448   -0.00018    0.00114          2  0.000e+00
      14970    623.708      2.993      3.013    28.1768    28.1781   5.739308   5.739496     2.9988     2.5299      12.72   27.03364  -82.61448   -0.00012    0.00117          2  0.000e+00
      14971    623.750      2.993      3.013    28.1766    28.1781   5.739261   5.739456     2.9988     2.5299      12.75   27.03364  -82.61448   -0.00009    0.00120          2  0.000e+00
      14972    623.792      3.047      3.067    28.1768    28.1778   5.739222   5.739480     2.9976     2.5299      12.72   27.03364  -82.61448   -0.00007    0.00122          2  0.000e+00
      14973    623.833      2.946      2.965    28.1767    28.1778   5.739238   5.739456     2.9988     2.5299      12.75   27.03364  -82.61448   -0.00003    0.00124          2  0.000e+00
      14974    623.875      2.993      3.013    28.1766    28.1780   5.739277   5.739480     2.9988     2.5287      12.75   27.03364  -82.61448 5.2752e-07    0.00125          2  0.000e+00
      14975    623.917      2.993      3.013    28.1766    28.1781   5.739269   5.739496     2.9988     2.5299      12.75   27.03364  -82.61448    0.00005    0.00127          2  0.000e+00
      14976    623.958      2.986      3.006    28.1767    28.1781   5.739245   5.739456     2.9976     2.5299      12.75   27.03364  -82.61448    0.00007    0.00129          2  0.000e+00
      14977    624.000      2.946      2.965    28.1768    28.1778   5.739277   5.739448     2.9976     2.5299      12.75   27.03364  -82.61448    0.00009    0.00131          2  0.000e+00
      14978    624.042      2.946      2.965    28.1768    28.1780   5.739238   5.739448     2.9988     2.5299      12.75   27.03364  -82.61448    0.00015    0.00133          2  0.000e+00
      14979    624.083      2.946      2.965    28.1765    28.1777   5.739167   5.739480     2.9976     2.5299      12.75   27.03364  -82.61448    0.00018    0.00135          2  0.000e+00
      14980    624.125      2.993      3.013    28.1768    28.1780   5.739238   5.739496     2.9976     2.5311      12.75   27.03364  -82.61448    0.00020    0.00137          2  0.000e+00
      14981    624.167      2.898      2.918    28.1768    28.1780   5.739285   5.739496     2.9976     2.5311      12.75   27.03364  -82.61448    0.00022    0.00139          2  0.000e+00
      14982    624.208      2.946      2.965    28.1766    28.1781   5.739293   5.739456     2.9976     2.5311      12.75   27.03364  -82.61448    0.00024    0.00141          2  0.000e+00
      14983    624.250      2.939      2.958    28.1767    28.1780   5.739308   5.739480     2.9976     2.5311      12.75   27.03364  -82.61448    0.00028    0.00142          2  0.000e+00
      14984    624.292      2.946      2.965    28.1766    28.1783   5.739261   5.739456     2.9988     2.5311      12.72   27.03364  -82.61448    0.00032    0.00143          2  0.000e+00
      14985    624.333      2.898      2.918    28.1770    28.1783   5.739245   5.739448     2.9976     2.5311      12.75   27.03364  -82.61448    0.00034    0.00144          2  0.000e+00
      14986    624.375      2.946      2.965    28.1765    28.1781   5.739261   5.739480     2.9976     2.5311      12.75   27.03364  -82.61448    0.00037    0.00145          2  0.000e+00
      14987    624.417      2.898      2.918    28.1768    28.1781   5.739285   5.739496     2.9988     2.5299      12.72   27.03364  -82.61448    0.00041    0.00145          2  0.000e+00
      14988    624.458      2.898      2.918    28.1768    28.1778   5.739293   5.739496     2.9976     2.5299      12.75   27.03364  -82.61448    0.00043    0.00144          2  0.000e+00
      14989    624.500      2.946      2.965    28.1765    28.1781   5.739269   5.739456     2.9988     2.5299      12.75   27.03364  -82.61448    0.00047    0.00143          2  0.000e+00
      14990    624.542      2.892      2.911    28.1766    28.1781   5.739245   5.739480     2.9976     2.5299      12.75   27.03364  -82.61448    0.00049    0.00141          2  0.000e+00
      14991    624.583      2.898      2.918    28.1766    28.1778   5.739261   5.739496     2.9988     2.5299      12.80   27.03364  -82.61448    0.00053    0.00140          2  0.000e+00
      14992    624.625      2.898      2.918    28.1764    28.1780   5.739245   5.739496     2.9988     2.5287      12.82   27.03364  -82.61448    0.00056    0.00137          2  0.000e+00
      14993    624.667      2.844      2.863    28.1765    28.1778   5.739206   5.739456     2.9988     2.5299      12.82   27.03364  -82.61448    0.00058    0.00137          2  0.000e+00
      14994    624.708      2.898      2.918    28.1764    28.1780   5.739214   5.739448     2.9988     2.5287      12.82   27.03364  -82.61448    0.00060    0.00136          2  0.000e+00
      14995    624.750      2.898      2.918    28.1764    28.1778   5.739198   5.739305     2.9988     2.5299      12.80   27.03364  -82.61448    0.00062    0.00136          2  0.000e+00
      14996    624.792      2.892      2.911    28.1762    28.1780   5.739198   5.739400     2.9988     2.5287      12.82   27.03364  -82.61448    0.00065    0.00133          2  0.000e+00
      14997    624.833      2.898      2.918    28.1762    28.1778   5.739245   5.739416     2.9988     2.5287      12.82   27.03364  -82.61448    0.00065    0.00131          2  0.000e+00
      14998    624.875      2.844      2.863    28.1762    28.1778   5.739245   5.739504     2.9988     2.5287      12.80   27.03364  -82.61448    0.00065    0.00129          2  0.000e+00
