Gulf of Mexico/GOMECC-4/1db/rb2103_0982.ros
* Sea-Bird SBE 9 Data File:
* FileName = C:\Users\scs.user.rb\CTD\GOMECC4\data\rb2103_0982.hex
* Software Version Seasave V 7.26.7.107
* Temperature SN = 4799
* Conductivity SN = 3860
* Number of Bytes Per Scan = 41
* Number of Voltage Words = 4
* Number of Scans Averaged by the Deck Unit = 1
* NMEA Latitude = 23 11.00 N
* NMEA Longitude = 090 38.50 W
* NMEA UTC (Time) = Oct 11 2021  16:51:30
* NMEA baud rate = 4800
# nquan = 17
# nvalues = 3192                                  
# units = specified
# name 0 = scan: Scan Count
# name 1 = timeS: Time, Elapsed [seconds]
# name 2 = depSM: Depth [salt water, m]
# name 3 = prDM: Pressure, Digiquartz [db]
# name 4 = t090C: Temperature [ITS-90, deg C]
# name 5 = t190C: Temperature, 2 [ITS-90, deg C]
# name 6 = c0S/m: Conductivity [S/m]
# name 7 = c1S/m: Conductivity, 2 [S/m]
# name 8 = sbeox0V: Oxygen raw, SBE 43 [V]
# name 9 = sbeox1V: Oxygen raw, SBE 43, 2 [V]
# name 10 = altM: Altimeter [m]
# name 11 = latitude: Latitude [deg]
# name 12 = longitude: Longitude [deg]
# name 13 = sbox0dV/dT: Oxygen, SBE 43 [dov/dt]
# name 14 = sbox1dV/dT: Oxygen, SBE 43, 2 [dov/dt]
# name 15 = nbf: Bottles Fired
# name 16 = flag:  0.000e+00
# interval = seconds: 0.0416667
# start_time = Oct 11 2021 16:51:30 [NMEA time, header]
# bad_flag = -9.990e-29
*END*
[from data line 2298]
     233406   9725.208    124.137    124.963    19.5028    19.5022   4.932158   4.932135     2.0085     1.6630     100.00   23.18418  -90.64138   -0.00015    0.00058         18  0.000e+00
     233407   9725.250    124.110    124.935    19.5029    19.5019   4.932180   4.932068     2.0073     1.6630     100.00   23.18418  -90.64138   -0.00018    0.00058         18  0.000e+00
     233408   9725.292    124.184    125.011    19.5028    19.5013   4.932158   4.932053     2.0085     1.6642     100.00   23.18418  -90.64138   -0.00019    0.00061         18  0.000e+00
     233409   9725.333    124.110    124.936    19.5028    19.5019   4.932151   4.932075     2.0085     1.6642     100.00   23.18418  -90.64138   -0.00020    0.00063         18  0.000e+00
     233410   9725.375    124.137    124.963    19.5024    19.5021   4.932158   4.932090     2.0085     1.6642     100.00   23.18418  -90.64138   -0.00019    0.00065         18  0.000e+00
     233411   9725.417    124.157    124.983    19.5022    19.5026   4.932151   4.932090     2.0085     1.6642     100.00   23.18418  -90.64138   -0.00019    0.00067         18  0.000e+00
     233412   9725.458    124.137    124.963    19.5024    19.5021   4.932151   4.932090     2.0085     1.6630     100.00   23.18418  -90.64138   -0.00019    0.00067         18  0.000e+00
     233413   9725.500    124.110    124.936    19.5017    19.5013   4.932085   4.932060     2.0085     1.6642     100.00   23.18418  -90.64138   -0.00020    0.00069         18  0.000e+00
     233414   9725.542    124.137    124.963    19.5019    19.5012   4.932092   4.932053     2.0085     1.6642     100.00   23.18418  -90.64138   -0.00021    0.00071         18  0.000e+00
     233415   9725.583    124.158    124.984    19.5021    19.5010   4.932107   4.931986     2.0085     1.6630     100.00   23.18418  -90.64138   -0.00022    0.00071         18  0.000e+00
     233416   9725.625    124.137    124.963    19.5022    19.5013   4.932077   4.931993     2.0085     1.6630     100.00   23.18418  -90.64138   -0.00023    0.00071         18  0.000e+00
     233417   9725.667    124.110    124.936    19.5025    19.5012   4.932158   4.931978     2.0085     1.6642     100.00   23.18418  -90.64138   -0.00024    0.00071         18  0.000e+00
     233418   9725.708    124.137    124.963    19.5025    19.5015   4.932195   4.931971     2.0073     1.6642     100.00   23.18418  -90.64138   -0.00025    0.00071         18  0.000e+00
     233419   9725.750    124.137    124.963    19.5029    19.5021   4.932173   4.932031     2.0073     1.6630     100.00   23.18418  -90.64138   -0.00026    0.00070         18  0.000e+00
     233420   9725.792    124.110    124.936    19.5032    19.5021   4.932122   4.932075     2.0073     1.6630     100.00   23.18418  -90.64138   -0.00026    0.00068         18  0.000e+00
     233421   9725.833    124.137    124.963    19.5029    19.5022   4.932136   4.932060     2.0085     1.6630     100.00   23.18418  -90.64138   -0.00027    0.00066         18  0.000e+00
     233422   9725.875    124.158    124.984    19.5025    19.5022   4.932055   4.932053     2.0085     1.6630     100.00   23.18418  -90.64138   -0.00028    0.00064         18  0.000e+00
     233423   9725.917    124.083    124.909    19.5022    19.5027   4.932085   4.932113     2.0085     1.6630     100.00   23.18418  -90.64138   -0.00029    0.00062         18  0.000e+00
     233424   9725.958    124.158    124.984    19.5021    19.5029   4.932077   4.932135     2.0085     1.6630     100.00   23.18418  -90.64138   -0.00028    0.00061         18  0.000e+00
     233425   9726.000    124.138    124.963    19.5024    19.5036   4.932092   4.932135     2.0085     1.6630     100.00   23.18418  -90.64138   -0.00026    0.00059         18  0.000e+00
     233426   9726.042    124.111    124.936    19.5024    19.5036   4.932107   4.932098     2.0073     1.6630     100.00   23.18418  -90.64138   -0.00029    0.00057         18  0.000e+00
     233427   9726.083    124.083    124.909    19.5028    19.5031   4.932195   4.932120     2.0073     1.6630     100.00   23.18418  -90.64138   -0.00029    0.00055         18  0.000e+00
     233428   9726.125    124.158    124.984    19.5025    19.5019   4.932180   4.932135     2.0073     1.6630     100.00   23.18418  -90.64138   -0.00032    0.00052         18  0.000e+00
     233429   9726.167    124.138    124.963    19.5031    19.5010   4.932188   4.932098     2.0085     1.6630     100.00   23.18418  -90.64138   -0.00032    0.00050         18  0.000e+00
     233430   9726.208    124.111    124.936    19.5031    19.5007   4.932195   4.932120     2.0085     1.6630     100.00   23.18418  -90.64138   -0.00031    0.00048         18  0.000e+00
     233431   9726.250    124.138    124.964    19.5028    19.5001   4.932217   4.932068     2.0085     1.6630     100.00   23.18418  -90.64138   -0.00030    0.00046         18  0.000e+00
     233432   9726.292    124.084    124.909    19.5025    19.4998   4.932203   4.932053     2.0085     1.6630     100.00   23.18418  -90.64138   -0.00028    0.00044         18  0.000e+00
     233433   9726.333    124.158    124.984    19.5025    19.4991   4.932195   4.931986     2.0073     1.6630     100.00   23.18418  -90.64138   -0.00029    0.00042         18  0.000e+00
     233434   9726.375    124.084    124.909    19.5028    19.4987   4.932129   4.931971     2.0085     1.6630     100.00   23.18418  -90.64138   -0.00029    0.00039         18  0.000e+00
     233435   9726.417    124.111    124.936    19.5034    19.4992   4.932195   4.931904     2.0085     1.6642     100.00   23.18418  -90.64138   -0.00029    0.00039         18  0.000e+00
     233436   9726.458    124.138    124.964    19.5036    19.4999   4.932232   4.931948     2.0085     1.6630     100.00   23.18418  -90.64138   -0.00029    0.00036         18  0.000e+00
     233437   9726.500    124.111    124.936    19.5034    19.5005   4.932210   4.931933     2.0085     1.6630     100.00   23.18418  -90.64138   -0.00028    0.00034         18  0.000e+00
     233438   9726.542    124.084    124.909    19.5032    19.5007   4.932225   4.931859     2.0085     1.6642     100.00   23.18418  -90.64138   -0.00026    0.00033         18  0.000e+00
     233439   9726.583    124.158    124.984    19.5032    19.5003   4.932203   4.931814     2.0073     1.6642     100.00   23.18418  -90.64138   -0.00028    0.00033         18  0.000e+00
     233440   9726.625    124.084    124.909    19.5031    19.5005   4.932195   4.931866     2.0073     1.6630     100.00   23.18418  -90.64138   -0.00030    0.00030         18  0.000e+00
     233441   9726.667    124.111    124.937    19.5022    19.5005   4.932129   4.931889     2.0073     1.6630     100.00   23.18418  -90.64138   -0.00032    0.00027         18  0.000e+00
     233442   9726.708    124.138    124.964    19.5028    19.4999   4.932173   4.931851     2.0085     1.6642     100.00   23.18418  -90.64138   -0.00032    0.00028         18  0.000e+00
     233443   9726.750    124.111    124.937    19.5028    19.4986   4.932217   4.931844     2.0085     1.6642     100.00   23.18418  -90.64138   -0.00031    0.00027         18  0.000e+00
     233444   9726.792    124.084    124.909    19.5025    19.4973   4.932232   4.931814     2.0085     1.6642     100.00   23.18418  -90.64138   -0.00029    0.00026         18  0.000e+00
     233445   9726.833    124.111    124.937    19.5029    19.4970   4.932203   4.931807     2.0085     1.6642     100.00   23.18418  -90.64138   -0.00027    0.00027         18  0.000e+00
     233446   9726.875    124.084    124.909    19.5028    19.4961   4.932203   4.931769     2.0085     1.6642     100.00   23.18418  -90.64138   -0.00026    0.00026         18  0.000e+00
     233447   9726.917    124.138    124.964    19.5025    19.4964   4.932166   4.931762     2.0085     1.6642     100.00   23.18418  -90.64138   -0.00024    0.00025         18  0.000e+00
     233448   9726.958    124.111    124.937    19.5022    19.4977   4.932180   4.931695     2.0085     1.6642     100.00   23.18418  -90.64138   -0.00024    0.00023         18  0.000e+00
     233449   9727.000    124.084    124.910    19.5024    19.4986   4.932099   4.931702     2.0085     1.6642     100.00   23.18418  -90.64138   -0.00022    0.00022         18  0.000e+00
     233450   9727.042    124.064    124.889    19.5021    19.4989   4.932033   4.931687     2.0085     1.6642     100.00   23.18418  -90.64138   -0.00020    0.00021         18  0.000e+00
     233451   9727.083    124.139    124.964    19.5017    19.4996   4.932055   4.931739     2.0085     1.6642     100.00   23.18418  -90.64138   -0.00020    0.00019         18  0.000e+00
     233452   9727.125    124.111    124.937    19.5021    19.4989   4.932070   4.931694     2.0085     1.6654     100.00   23.18418  -90.64138   -0.00020    0.00019         18  0.000e+00
     233453   9727.167    124.139    124.964    19.5021    19.4984   4.932070   4.931739     2.0085     1.6642     100.00   23.18418  -90.64138   -0.00020    0.00019         18  0.000e+00
     233454   9727.208    124.064    124.889    19.5017    19.4986   4.932033   4.931762     2.0085     1.6642     100.00   23.18418  -90.64138   -0.00020    0.00018         18  0.000e+00
     233455   9727.250    124.085    124.910    19.5015    19.4989   4.932040   4.931724     2.0085     1.6654     100.00   23.18418  -90.64138   -0.00020    0.00020         18  0.000e+00
     233456   9727.292    124.112    124.937    19.5012    19.4992   4.931996   4.931717     2.0085     1.6630     100.00   23.18418  -90.64138   -0.00018    0.00018         18  0.000e+00
     233457   9727.333    124.085    124.910    19.5013    19.4991   4.931982   4.931747     2.0098     1.6654     100.00   23.18418  -90.64138   -0.00014    0.00018         18  0.000e+00
     233458   9727.375    124.112    124.937    19.5015    19.4987   4.931952   4.931792     2.0085     1.6630     100.00   23.18418  -90.64138   -0.00014    0.00016         18  0.000e+00
     233459   9727.417    124.139    124.965    19.5013    19.4980   4.931908   4.931709     2.0085     1.6642     100.00   23.18418  -90.64138   -0.00014    0.00016         18  0.000e+00
     233460   9727.458    124.085    124.910    19.5013    19.4977   4.931959   4.931769     2.0085     1.6630     100.00   23.18418  -90.64138   -0.00014    0.00014         18  0.000e+00
     233461   9727.500    124.064    124.890    19.5012    19.4975   4.931982   4.931829     2.0085     1.6642     100.00   23.18418  -90.64138   -0.00014    0.00013         18  0.000e+00
     233462   9727.542    124.139    124.965    19.5012    19.4977   4.932011   4.931874     2.0085     1.6642     100.00   23.18418  -90.64138   -0.00012    0.00013         18  0.000e+00
     233463   9727.583    124.065    124.890    19.5010    19.4980   4.931959   4.931792     2.0085     1.6642     100.00   23.18418  -90.64138   -0.00010    0.00013         18  0.000e+00
     233464   9727.625    124.085    124.910    19.5012    19.4977   4.931989   4.931762     2.0085     1.6642     100.00   23.18418  -90.64138   -0.00008    0.00013         18  0.000e+00
     233465   9727.667    124.112    124.938    19.5017    19.4972   4.932018   4.931724     2.0085     1.6642     100.00   23.18418  -90.64138   -0.00008    0.00012         18  0.000e+00
     233466   9727.708    124.085    124.910    19.5013    19.4966   4.931989   4.931747     2.0085     1.6642     100.00   23.18418  -90.64138   -0.00007    0.00012         18  0.000e+00
     233467   9727.750    124.112    124.938    19.5015    19.4966   4.932011   4.931695     2.0085     1.6642     100.00   23.18418  -90.64138   -0.00007    0.00012         18  0.000e+00
     233468   9727.792    124.085    124.910    19.5013    19.4965   4.931989   4.931702     2.0098     1.6642     100.00   23.18418  -90.64138   -0.00005    0.00011         18  0.000e+00
     233469   9727.833    124.065    124.890    19.5015    19.4961   4.931952   4.931650     2.0098     1.6642      92.11   23.18418  -90.64138   -0.00003    0.00011         18  0.000e+00
     233470   9727.875    124.139    124.965    19.5015    19.4957   4.931967   4.931635     2.0085     1.6642      52.14   23.18418  -90.64138   -0.00001    0.00010         18  0.000e+00
     233471   9727.917    124.065    124.890    19.5015    19.4965   4.932048   4.931665     2.0085     1.6630      35.41   23.18418  -90.64138   -0.00001    0.00008         18  0.000e+00
     233472   9727.958    124.085    124.911    19.5013    19.4966   4.932004   4.931680     2.0085     1.6630      34.75   23.18418  -90.64138   -0.00001    0.00006         18  0.000e+00
     233473   9728.000    124.112    124.938    19.5017    19.4966   4.932026   4.931642     2.0098     1.6642      36.51   23.18418  -90.64138    0.00001    0.00005         18  0.000e+00
     233474   9728.042    124.085    124.911    19.5019    19.4968   4.932026   4.931635     2.0085     1.6630      37.12   23.18418  -90.64138    0.00001    0.00003         18  0.000e+00
     233475   9728.083    124.085    124.911    19.5019    19.4968   4.932026   4.931568     2.0098     1.6630      37.14   23.18418  -90.64138    0.00003    0.00000         18  0.000e+00
     233476   9728.125    124.065    124.890    19.5024    19.4970   4.932055   4.931612     2.0085     1.6630      37.07   23.18418  -90.64138    0.00005   -0.00002         18  0.000e+00
     233477   9728.167    124.085    124.911    19.5025    19.4970   4.932092   4.931605     2.0098     1.6630      37.02   23.18418  -90.64138    0.00007   -0.00002         18  0.000e+00
     233478   9728.208    124.113    124.938    19.5025    19.4973   4.932077   4.931597     2.0098     1.6630      37.02   23.18418  -90.64138    0.00009   -0.00003         18  0.000e+00
     233479   9728.250    124.038    124.863    19.5025    19.4970   4.932092   4.931597     2.0085     1.6630      37.02   23.18418  -90.64138    0.00009   -0.00005         18  0.000e+00
     233480   9728.292    124.113    124.938    19.5022    19.4968   4.932107   4.931560     2.0085     1.6630      37.02   23.18418  -90.64138    0.00009   -0.00007         18  0.000e+00
     233481   9728.333    124.086    124.911    19.5022    19.4963   4.932107   4.931583     2.0098     1.6630      37.05   23.18418  -90.64138    0.00011   -0.00008         18  0.000e+00
     233482   9728.375    124.065    124.891    19.5024    19.4961   4.932085   4.931530     2.0098     1.6630      37.05   23.18418  -90.64138    0.00013   -0.00010         18  0.000e+00
     233483   9728.417    124.086    124.911    19.5022    19.4957   4.932099   4.931515     2.0098     1.6630      37.02   23.18418  -90.64138    0.00015   -0.00011         18  0.000e+00
     233484   9728.458    124.113    124.938    19.5024    19.4957   4.932077   4.931538     2.0098     1.6630      37.02   23.18418  -90.64138    0.00018   -0.00011         18  0.000e+00
     233485   9728.500    124.086    124.911    19.5025    19.4959   4.932092   4.931523     2.0098     1.6630      37.05   23.18418  -90.64138    0.00020   -0.00011         18  0.000e+00
     233486   9728.542    124.066    124.891    19.5024    19.4966   4.932107   4.931575     2.0098     1.6630      37.02   23.18418  -90.64138    0.00022   -0.00012         18  0.000e+00
     233487   9728.583    124.086    124.911    19.5022    19.4970   4.932077   4.931597     2.0085     1.6630      37.05   23.18418  -90.64138    0.00022   -0.00012         18  0.000e+00
     233488   9728.625    124.086    124.911    19.5022    19.4970   4.932129   4.931560     2.0098     1.6630      37.02   23.18418  -90.64138    0.00023   -0.00012         18  0.000e+00
     233489   9728.667    124.113    124.939    19.5022    19.4964   4.932151   4.931583     2.0098     1.6630      37.05   23.18418  -90.64138    0.00027   -0.00013         18  0.000e+00
