Gulf of Mexico/GOMECC-4/1db/rb2103_0021.ros
* Sea-Bird SBE 9 Data File:
* FileName = C:\Users\scs.user.rb\CTD\GOMECC4\data\rb1203_002.hex
* Software Version Seasave V 7.26.7.107
* Temperature SN = 4799
* Conductivity SN = 3860
* Number of Bytes Per Scan = 41
* Number of Voltage Words = 4
* Number of Scans Averaged by the Deck Unit = 1
* NMEA Latitude = 27 00.26 N
* NMEA Longitude = 079 40.70 W
* NMEA UTC (Time) = Sep 14 2021  18:19:26
* NMEA baud rate = 4800
# nquan = 17
# nvalues = 2394                                  
# units = specified
# name 0 = scan: Scan Count
# name 1 = timeS: Time, Elapsed [seconds]
# name 2 = depSM: Depth [salt water, m]
# name 3 = prDM: Pressure, Digiquartz [db]
# name 4 = t090C: Temperature [ITS-90, deg C]
# name 5 = t190C: Temperature, 2 [ITS-90, deg C]
# name 6 = c0S/m: Conductivity [S/m]
# name 7 = c1S/m: Conductivity, 2 [S/m]
# name 8 = sbeox0V: Oxygen raw, SBE 43 [V]
# name 9 = sbeox1V: Oxygen raw, SBE 43, 2 [V]
# name 10 = altM: Altimeter [m]
# name 11 = latitude: Latitude [deg]
# name 12 = longitude: Longitude [deg]
# name 13 = sbox0dV/dT: Oxygen, SBE 43 [dov/dt]
# name 14 = sbox1dV/dT: Oxygen, SBE 43, 2 [dov/dt]
# name 15 = nbf: Bottles Fired
# name 16 = flag:  0.000e+00
# interval = seconds: 0.0416667
# start_time = Sep 14 2021 18:19:26 [NMEA time, header]
# bad_flag = -9.990e-29
*END*
      50426   2101.042    533.243    537.470     7.3089     7.3604   3.575931   3.580602     1.6654     1.3724       6.59   27.00410  -79.68338    0.00012    0.00003          1  0.000e+00
      50427   2101.083    532.847    537.071     7.3086     7.3604   3.575879   3.580622     1.6667     1.3724       6.59   27.00410  -79.68338    0.00012    0.00004          1  0.000e+00
      50428   2101.125    533.015    537.239     7.3097     7.3592   3.575872   3.580615     1.6667     1.3724       6.59   27.00410  -79.68338    0.00012    0.00006          1  0.000e+00
      50429   2101.167    532.961    537.186     7.3111     7.3592   3.576040   3.580628     1.6667     1.3724       6.59   27.00410  -79.68338    0.00012    0.00005          1  0.000e+00
      50430   2101.208    533.015    537.239     7.3126     7.3599   3.576176   3.580701     1.6654     1.3724       6.59   27.00410  -79.68338    0.00011    0.00007          1  0.000e+00
      50431   2101.250    532.962    537.186     7.3128     7.3599   3.576189   3.580773     1.6654     1.3724       6.59   27.00410  -79.68338    0.00010    0.00007          1  0.000e+00
      50432   2101.292    532.962    537.186     7.3129     7.3605   3.576209   3.580812     1.6642     1.3724       6.59   27.00410  -79.68338    0.00005    0.00006          1  0.000e+00
      50433   2101.333    533.015    537.239     7.3135     7.3624   3.576241   3.580845     1.6667     1.3724       6.59   27.00410  -79.68338    0.00002    0.00006          1  0.000e+00
      50434   2101.375    532.962    537.186     7.3136     7.3627   3.576235   3.580910     1.6667     1.3724       6.59   27.00410  -79.68338    0.00000    0.00006          1  0.000e+00
      50435   2101.417    533.015    537.239     7.3128     7.3631   3.576222   3.580970     1.6667     1.3724       6.59   27.00410  -79.68338    0.00001    0.00006          1  0.000e+00
      50436   2101.458    532.962    537.186     7.3125     7.3633   3.576176   3.581029     1.6667     1.3724       6.59   27.00410  -79.68338    0.00001    0.00005          1  0.000e+00
      50437   2101.500    533.015    537.239     7.3120     7.3638   3.576112   3.581022     1.6667     1.3724       6.59   27.00410  -79.68338    0.00001    0.00005          1  0.000e+00
      50438   2101.542    532.962    537.186     7.3121     7.3645   3.576118   3.581015     1.6667     1.3724       6.59   27.00410  -79.68338    0.00001    0.00005          1  0.000e+00
      50439   2101.583    533.015    537.239     7.3121     7.3643   3.576157   3.580976     1.6667     1.3724       6.59   27.00410  -79.68338 3.5168e-07    0.00005          1  0.000e+00
      50440   2101.625    532.962    537.186     7.3121     7.3611   3.576183   3.580714     1.6667     1.3724       6.59   27.00410  -79.68338    0.00000    0.00004          1  0.000e+00
      50441   2101.667    532.962    537.186     7.3125     7.3591   3.576170   3.580438     1.6667     1.3724       6.59   27.00410  -79.68338    0.00001    0.00004          1  0.000e+00
      50442   2101.708    533.015    537.239     7.3126     7.3573   3.576202   3.580327     1.6654     1.3724       6.59   27.00410  -79.68338   -0.00003    0.00004          1  0.000e+00
      50443   2101.750    532.962    537.186     7.3129     7.3508   3.576222   3.580189     1.6654     1.3724       6.59   27.00410  -79.68338   -0.00006    0.00004          1  0.000e+00
      50444   2101.792    533.015    537.239     7.3128     7.3444   3.576228   3.579842     1.6667     1.3724       6.59   27.00410  -79.68338   -0.00007    0.00003          1  0.000e+00
      50445   2101.833    533.015    537.240     7.3120     7.3377   3.576131   3.579468     1.6667     1.3736       6.59   27.00410  -79.68338   -0.00007    0.00005          1  0.000e+00
      50446   2101.875    532.962    537.186     7.3123     7.3357   3.576118   3.579212     1.6654     1.3724       6.59   27.00410  -79.68338   -0.00009    0.00005          1  0.000e+00
      50447   2101.917    533.015    537.240     7.3125     7.3450   3.576150   3.579179     1.6654     1.3724       6.59   27.00410  -79.68338   -0.00010    0.00004          1  0.000e+00
      50448   2101.958    532.962    537.186     7.3126     7.3521   3.576202   3.579146     1.6642     1.3724       6.59   27.00410  -79.68338   -0.00013    0.00004          1  0.000e+00
      50449   2102.000    533.015    537.240     7.3123     7.3493   3.576157   3.579127     1.6654     1.3724       6.59   27.00410  -79.68338   -0.00015    0.00004          1  0.000e+00
      50450   2102.042    533.015    537.240     7.3118     7.3471   3.576105   3.579225     1.6667     1.3724       6.59   27.00410  -79.68338   -0.00016    0.00004          1  0.000e+00
      50451   2102.083    533.015    537.240     7.3121     7.3471   3.576144   3.579376     1.6667     1.3724       6.59   27.00410  -79.68338   -0.00016    0.00003          1  0.000e+00
      50452   2102.125    532.962    537.186     7.3121     7.3466   3.576138   3.579559     1.6667     1.3724       6.57   27.00410  -79.68338   -0.00015    0.00003          1  0.000e+00
      50453   2102.167    533.015    537.240     7.3112     7.3484   3.576131   3.579848     1.6654     1.3724       6.57   27.00410  -79.68338   -0.00017    0.00003          1  0.000e+00
      50454   2102.208    533.015    537.240     7.3115     7.3511   3.576105   3.579999     1.6654     1.3724       6.54   27.00410  -79.68338   -0.00020    0.00002          1  0.000e+00
      50455   2102.250    532.962    537.186     7.3121     7.3524   3.576099   3.580045     1.6654     1.3724       6.54   27.00410  -79.68338   -0.00023    0.00002          1  0.000e+00
      50456   2102.292    533.015    537.240     7.3120     7.3534   3.576163   3.580058     1.6654     1.3724       6.57   27.00410  -79.68338   -0.00024    0.00002          1  0.000e+00
      50457   2102.333    533.015    537.240     7.3121     7.3536   3.576170   3.580104     1.6654     1.3724       6.54   27.00410  -79.68338   -0.00025    0.00002          1  0.000e+00
      50458   2102.375    533.015    537.240     7.3121     7.3545   3.576144   3.580150     1.6667     1.3724       6.54   27.00410  -79.68338   -0.00025    0.00001          1  0.000e+00
      50459   2102.417    532.962    537.186     7.3120     7.3565   3.576157   3.580176     1.6667     1.3724       6.54   27.00410  -79.68338   -0.00024    0.00001          1  0.000e+00
      50460   2102.458    533.076    537.301     7.3118     7.3586   3.576086   3.580228     1.6667     1.3724       6.54   27.00410  -79.68338   -0.00026    0.00001          1  0.000e+00
      50461   2102.500    533.015    537.240     7.3113     7.3601   3.576040   3.580320     1.6654     1.3724       6.54   27.00410  -79.68338   -0.00029    0.00000          1  0.000e+00
      50462   2102.542    532.962    537.186     7.3115     7.3588   3.576053   3.580268     1.6654     1.3724       6.54   27.00410  -79.68338   -0.00030    0.00000          1  0.000e+00
      50463   2102.583    533.076    537.301     7.3105     7.3553   3.575969   3.580202     1.6654     1.3724       6.54   27.00410  -79.68338   -0.00031 -7.034e-07          1  0.000e+00
      50464   2102.625    532.962    537.186     7.3077     7.3539   3.575743   3.580156     1.6667     1.3724       6.54   27.00410  -79.68338   -0.00031   -0.00000          1  0.000e+00
      50465   2102.667    533.015    537.240     7.3056     7.3563   3.575503   3.580150     1.6667     1.3724       6.57   27.00410  -79.68338   -0.00030   -0.00001          1  0.000e+00
      50466   2102.708    533.076    537.301     7.3034     7.3591   3.575335   3.580130     1.6667     1.3724       6.57   27.00410  -79.68338   -0.00030   -0.00001          1  0.000e+00
      50467   2102.750    532.962    537.186     7.3030     7.3589   3.575296   3.579782     1.6654     1.3724       6.57   27.00410  -79.68338   -0.00033   -0.00001          1  0.000e+00
      50468   2102.792    533.076    537.301     7.3044     7.3510   3.575348   3.579140     1.6654     1.3724       6.57   27.00412  -79.68338   -0.00034   -0.00001          1  0.000e+00
      50469   2102.833    533.015    537.240     7.3052     7.3386   3.575452   3.578484     1.6667     1.3724       6.54   27.00412  -79.68338   -0.00033   -0.00002          1  0.000e+00
      50470   2102.875    533.015    537.240     7.3069     7.3341   3.575581   3.578084     1.6667     1.3736       6.54   27.00412  -79.68338   -0.00033   -0.00000          1  0.000e+00
      50471   2102.917    533.015    537.240     7.3056     7.3377   3.575516   3.578031     1.6667     1.3724       6.54   27.00412  -79.68338   -0.00032   -0.00001          1  0.000e+00
      50472   2102.958    533.015    537.240     7.2998     7.3396   3.575051   3.578209     1.6667     1.3724       6.57   27.00412  -79.68338   -0.00032   -0.00001          1  0.000e+00
      50473   2103.000    533.076    537.301     7.2935     7.3396   3.574436   3.578405     1.6654     1.3724       6.57   27.00412  -79.68338   -0.00033   -0.00001          1  0.000e+00
      50474   2103.042    533.015    537.240     7.2900     7.3393   3.574048   3.578550     1.6667     1.3724       6.57   27.00412  -79.68338   -0.00032   -0.00002          1  0.000e+00
      50475   2103.083    533.015    537.240     7.2867     7.3404   3.573808   3.578563     1.6654     1.3724       6.57   27.00412  -79.68338   -0.00032   -0.00002          1  0.000e+00
      50476   2103.125    533.076    537.301     7.2858     7.3390   3.573608   3.578530     1.6667     1.3724       6.54   27.00412  -79.68338   -0.00029   -0.00002          1  0.000e+00
      50477   2103.167    533.076    537.301     7.2851     7.3360   3.573582   3.578471     1.6667     1.3724       6.52   27.00412  -79.68338   -0.00028   -0.00003          1  0.000e+00
      50478   2103.208    532.962    537.186     7.2848     7.3378   3.573569   3.578622     1.6667     1.3724       6.52   27.00412  -79.68338   -0.00028   -0.00003          1  0.000e+00
      50479   2103.250    533.076    537.301     7.2845     7.3442   3.573660   3.578897     1.6654     1.3724       6.52   27.00412  -79.68338   -0.00029   -0.00003          1  0.000e+00
      50480   2103.292    533.076    537.301     7.2861     7.3465   3.573705   3.579041     1.6667     1.3724       6.52   27.00412  -79.68338   -0.00028   -0.00003          1  0.000e+00
      50481   2103.333    533.015    537.240     7.2887     7.3451   3.573815   3.579159     1.6654     1.3724       6.52   27.00412  -79.68338   -0.00031   -0.00004          1  0.000e+00
      50482   2103.375    533.076    537.301     7.2924     7.3476   3.574112   3.579264     1.6667     1.3724       6.52   27.00412  -79.68338   -0.00028   -0.00004          1  0.000e+00
      50483   2103.417    533.015    537.240     7.2948     7.3511   3.574397   3.579527     1.6679     1.3724       6.52   27.00412  -79.68338   -0.00024   -0.00004          1  0.000e+00
      50484   2103.458    533.076    537.301     7.2971     7.3535   3.574675   3.579848     1.6667     1.3724       6.52   27.00412  -79.68338   -0.00023   -0.00005          1  0.000e+00
      50485   2103.500    533.015    537.240     7.3037     7.3563   3.575154   3.580091     1.6667     1.3724       6.52   27.00412  -79.68338   -0.00022   -0.00005          1  0.000e+00
      50486   2103.542    533.076    537.301     7.3089     7.3576   3.575665   3.580248     1.6667     1.3724       6.52   27.00412  -79.68338   -0.00020   -0.00005          1  0.000e+00
      50487   2103.583    533.076    537.301     7.3115     7.3562   3.575995   3.580255     1.6679     1.3724       6.52   27.00412  -79.68338   -0.00016   -0.00006          1  0.000e+00
      50488   2103.625    533.015    537.240     7.3120     7.3543   3.576066   3.580169     1.6679     1.3724       6.52   27.00412  -79.68338   -0.00013   -0.00006          1  0.000e+00
      50489   2103.667    533.129    537.355     7.3125     7.3485   3.576086   3.580084     1.6654     1.3724       6.52   27.00412  -79.68338   -0.00014   -0.00005          1  0.000e+00
      50490   2103.708    532.962    537.186     7.3139     7.3477   3.576144   3.580084     1.6679     1.3724       6.52   27.00412  -79.68338   -0.00010   -0.00005          1  0.000e+00
      50491   2103.750    533.076    537.301     7.3160     7.3506   3.576377   3.580156     1.6667     1.3724       6.52   27.00412  -79.68338   -0.00007   -0.00005          1  0.000e+00
      50492   2103.792    533.129    537.355     7.3180     7.3535   3.576591   3.580110     1.6667     1.3736       6.52   27.00412  -79.68338   -0.00006   -0.00004          1  0.000e+00
      50493   2103.833    533.015    537.240     7.3194     7.3508   3.576759   3.579730     1.6679     1.3736       6.52   27.00412  -79.68338   -0.00004   -0.00002          1  0.000e+00
      50494   2103.875    533.015    537.240     7.3192     7.3484   3.576778   3.579343     1.6679     1.3724       6.52   27.00412  -79.68338   -0.00001   -0.00003          1  0.000e+00
      50495   2103.917    533.076    537.301     7.3191     7.3463   3.576752   3.579035     1.6654     1.3724       6.52   27.00412  -79.68338   -0.00002   -0.00003          1  0.000e+00
      50496   2103.958    533.076    537.301     7.3191     7.3452   3.576713   3.578851     1.6654     1.3724       6.52   27.00412  -79.68338   -0.00003   -0.00003          1  0.000e+00
      50497   2104.000    533.015    537.240     7.3192     7.3443   3.576726   3.578661     1.6679     1.3724       6.52   27.00412  -79.68338    0.00001   -0.00004          1  0.000e+00
      50498   2104.042    533.076    537.301     7.3204     7.3450   3.576856   3.578687     1.6679     1.3736       6.52   27.00412  -79.68338    0.00006   -0.00002          1  0.000e+00
      50499   2104.083    533.076    537.301     7.3215     7.3458   3.576966   3.578877     1.6667     1.3724       6.52   27.00412  -79.68338    0.00007   -0.00003          1  0.000e+00
      50500   2104.125    533.015    537.240     7.3229     7.3437   3.577069   3.579054     1.6679     1.3736       6.52   27.00412  -79.68338    0.00009   -0.00001          1  0.000e+00
      50501   2104.167    533.076    537.301     7.3228     7.3416   3.577089   3.579140     1.6667     1.3724       6.50   27.00412  -79.68338    0.00012   -0.00002          1  0.000e+00
      50502   2104.208    533.076    537.301     7.3224     7.3440   3.577063   3.579330     1.6667     1.3724       6.50   27.00412  -79.68338    0.00014   -0.00002          1  0.000e+00
      50503   2104.250    533.015    537.240     7.3220     7.3481   3.577005   3.579645     1.6679     1.3724       6.50   27.00412  -79.68338    0.00015   -0.00003          1  0.000e+00
      50504   2104.292    533.129    537.355     7.3210     7.3502   3.576946   3.579874     1.6667     1.3736       6.50   27.00412  -79.68338    0.00014   -0.00001          1  0.000e+00
      50505   2104.333    532.962    537.186     7.3205     7.3529   3.576882   3.580143     1.6679     1.3736       6.50   27.00412  -79.68338    0.00015 7.0337e-07          1  0.000e+00
      50506   2104.375    533.129    537.355     7.3196     7.3531   3.576791   3.580333     1.6667     1.3736       6.50   27.00412  -79.68338    0.00017    0.00001          1  0.000e+00
      50507   2104.417    532.962    537.186     7.3180     7.3552   3.576675   3.580451     1.6654     1.3736       6.50   27.00412  -79.68338    0.00018    0.00003          1  0.000e+00
      50508   2104.458    533.076    537.301     7.3163     7.3571   3.576500   3.580517     1.6679     1.3736       6.50   27.00412  -79.68338    0.00021    0.00005          1  0.000e+00
      50509   2104.500    533.076    537.301     7.3162     7.3581   3.576448   3.580510     1.6679     1.3736       6.50   27.00412  -79.68338    0.00022    0.00008          1  0.000e+00
      50510   2104.542    533.015    537.240     7.3165     7.3599   3.576468   3.580524     1.6667     1.3724       6.50   27.00412  -79.68338    0.00022    0.00008          1  0.000e+00
