Gulf of Mexico/GOMECC-4/1db/rb2103_0941.ros
* Sea-Bird SBE 9 Data File:
* FileName = C:\Users\scs.user.rb\CTD\GOMECC4\data\rb2103_0941.hex
* Software Version Seasave V 7.26.7.107
* Temperature SN = 4799
* Conductivity SN = 3860
* Number of Bytes Per Scan = 41
* Number of Voltage Words = 4
* Number of Scans Averaged by the Deck Unit = 1
* NMEA Latitude = 21 42.03 N
* NMEA Longitude = 089 40.01 W
* NMEA UTC (Time) = Oct 10 2021  22:28:41
* NMEA baud rate = 4800
# nquan = 17
# nvalues = 1197                                  
# units = specified
# name 0 = scan: Scan Count
# name 1 = timeS: Time, Elapsed [seconds]
# name 2 = depSM: Depth [salt water, m]
# name 3 = prDM: Pressure, Digiquartz [db]
# name 4 = t090C: Temperature [ITS-90, deg C]
# name 5 = t190C: Temperature, 2 [ITS-90, deg C]
# name 6 = c0S/m: Conductivity [S/m]
# name 7 = c1S/m: Conductivity, 2 [S/m]
# name 8 = sbeox0V: Oxygen raw, SBE 43 [V]
# name 9 = sbeox1V: Oxygen raw, SBE 43, 2 [V]
# name 10 = altM: Altimeter [m]
# name 11 = latitude: Latitude [deg]
# name 12 = longitude: Longitude [deg]
# name 13 = sbox0dV/dT: Oxygen, SBE 43 [dov/dt]
# name 14 = sbox1dV/dT: Oxygen, SBE 43, 2 [dov/dt]
# name 15 = nbf: Bottles Fired
# name 16 = flag:  0.000e+00
# interval = seconds: 0.0416667
# start_time = Oct 10 2021 22:28:41 [NMEA time, header]
# bad_flag = -9.990e-29
*END*
      22479    936.583     21.670     21.807    27.8031    27.7877   5.814345   5.813123     3.1404     2.6691       7.42   21.70052  -89.66698   -0.00001   -0.00019          1  0.000e+00
      22480    936.625     22.063     22.202    27.8002    27.7885   5.814480   5.813139     3.1404     2.6679       7.42   21.70052  -89.66698    0.00003   -0.00024          1  0.000e+00
      22481    936.667     21.968     22.106    27.8000    27.7888   5.814417   5.813163     3.1404     2.6679       7.42   21.70052  -89.66698    0.00007   -0.00027          1  0.000e+00
      22482    936.708     21.920     22.059    27.8013    27.7890   5.814346   5.813219     3.1404     2.6679       7.42   21.70052  -89.66698    0.00011   -0.00030          1  0.000e+00
      22483    936.750     21.961     22.100    27.8019    27.7888   5.814409   5.813235     3.1404     2.6679       7.42   21.70052  -89.66698    0.00015   -0.00033          1  0.000e+00
      22484    936.792     21.968     22.106    27.8008    27.7892   5.814504   5.813259     3.1392     2.6667       7.42   21.70052  -89.66698    0.00017   -0.00037          1  0.000e+00
      22485    936.833     21.914     22.052    27.8015    27.7900   5.814598   5.813275     3.1392     2.6679       7.42   21.70052  -89.66698    0.00019   -0.00040          1  0.000e+00
      22486    936.875     21.920     22.059    27.8024    27.7899   5.814693   5.813243     3.1392     2.6654       7.42   21.70052  -89.66698    0.00022   -0.00045          1  0.000e+00
      22487    936.917     21.961     22.100    27.8028    27.7901   5.814820   5.813340     3.1392     2.6667       7.42   21.70052  -89.66698    0.00024   -0.00048          1  0.000e+00
      22488    936.958     21.920     22.059    27.8041    27.7899   5.814891   5.813259     3.1392     2.6667       7.42   21.70052  -89.66698    0.00026   -0.00050          1  0.000e+00
      22489    937.000     21.968     22.106    27.8042    27.7900   5.814978   5.813267     3.1392     2.6654       7.42   21.70052  -89.66698    0.00028   -0.00055          1  0.000e+00
      22490    937.042     21.914     22.052    27.8054    27.7901   5.815033   5.813315     3.1404     2.6654       7.42   21.70052  -89.66698    0.00033   -0.00057          1  0.000e+00
      22491    937.083     21.920     22.059    27.8070    27.7899   5.815049   5.813251     3.1392     2.6654       7.42   21.70052  -89.66698    0.00035   -0.00061          1  0.000e+00
      22492    937.125     21.961     22.100    27.8065    27.7900   5.815009   5.813267     3.1392     2.6654       7.42   21.70052  -89.66698    0.00036   -0.00065          1  0.000e+00
      22493    937.167     21.920     22.059    27.8079    27.7903   5.815033   5.813283     3.1392     2.6654       7.42   21.70052  -89.66698    0.00038   -0.00068          1  0.000e+00
      22494    937.208     21.920     22.059    27.8097    27.7899   5.815048   5.813283     3.1392     2.6654       7.42   21.70052  -89.66698    0.00039   -0.00071          1  0.000e+00
      22495    937.250     21.914     22.052    27.8096    27.7904   5.815048   5.813267     3.1392     2.6642       7.42   21.70052  -89.66698    0.00039   -0.00077          1  0.000e+00
      22496    937.292     21.968     22.106    27.8085    27.7903   5.815080   5.813243     3.1392     2.6618       7.42   21.70052  -89.66698    0.00040   -0.00086          1  0.000e+00
      22497    937.333     21.914     22.052    27.8085    27.7903   5.815056   5.813235     3.1392     2.6642       7.42   21.70052  -89.66698    0.00041   -0.00089          1  0.000e+00
      22498    937.375     21.920     22.059    27.8077    27.7901   5.815120   5.813227     3.1392     2.6654       7.42   21.70052  -89.66698    0.00043   -0.00092          1  0.000e+00
      22499    937.417     21.968     22.106    27.8068    27.7900   5.815175   5.813155     3.1392     2.6654       7.42   21.70052  -89.66698    0.00044   -0.00093          1  0.000e+00
      22500    937.458     21.914     22.052    27.8068    27.7897   5.815191   5.813139     3.1392     2.6654       7.42   21.70052  -89.66698    0.00046   -0.00096          1  0.000e+00
      22501    937.500     21.920     22.059    27.8086    27.7896   5.815191   5.813067     3.1392     2.6642       7.45   21.70052  -89.66698    0.00047   -0.00101          1  0.000e+00
      22502    937.542     21.961     22.100    27.8099    27.7891   5.815151   5.813147     3.1392     2.6654       7.45   21.70052  -89.66698    0.00051   -0.00102          1  0.000e+00
      22503    937.583     21.920     22.059    27.8090    27.7885   5.815072   5.813043     3.1392     2.6654       7.45   21.70052  -89.66698    0.00054   -0.00102          1  0.000e+00
      22504    937.625     21.920     22.059    27.8094    27.7885   5.815080   5.813003     3.1404     2.6654       7.45   21.70052  -89.66698    0.00058   -0.00105          1  0.000e+00
      22505    937.667     21.914     22.052    27.8075    27.7881   5.815056   5.813059     3.1404     2.6654       7.45   21.70052  -89.66698    0.00063   -0.00105          1  0.000e+00
      22506    937.708     21.920     22.059    27.8072    27.7880   5.815009   5.813019     3.1404     2.6642       7.45   21.70052  -89.66698    0.00067   -0.00107          1  0.000e+00
      22507    937.750     21.914     22.052    27.8072    27.7879   5.814930   5.813075     3.1404     2.6654       7.45   21.70052  -89.66698    0.00070   -0.00107          1  0.000e+00
      22508    937.792     21.968     22.106    27.8048    27.7883   5.814764   5.813059     3.1404     2.6654       7.45   21.70052  -89.66698    0.00072   -0.00107          1  0.000e+00
      22509    937.833     21.961     22.100    27.8052    27.7884   5.815072   5.813035     3.1404     2.6654       7.45   21.70052  -89.66698    0.00075   -0.00107          1  0.000e+00
      22510    937.875     21.920     22.059    27.8112    27.7881   5.815301   5.813107     3.1404     2.6642       7.45   21.70052  -89.66698    0.00077   -0.00109          1  0.000e+00
      22511    937.917     21.920     22.059    27.8159    27.7877   5.815522   5.813107     3.1416     2.6654       7.45   21.70052  -89.66698    0.00081   -0.00108          1  0.000e+00
      22512    937.958     21.961     22.100    27.8183    27.7881   5.815609   5.813123     3.1416     2.6654       7.45   21.70052  -89.66698    0.00085   -0.00108          1  0.000e+00
      22513    938.000     21.920     22.059    27.8187    27.7882   5.815483   5.813107     3.1416     2.6630       7.45   21.70052  -89.66698    0.00088   -0.00111          1  0.000e+00
      22514    938.042     21.961     22.100    27.8174    27.7888   5.815364   5.813163     3.1416     2.6630       7.45   21.70052  -89.66698    0.00090   -0.00113          1  0.000e+00
      22515    938.083     21.920     22.059    27.8128    27.7892   5.815191   5.813147     3.1416     2.6654       7.45   21.70052  -89.66698    0.00092   -0.00114          1  0.000e+00
      22516    938.125     21.968     22.106    27.8083    27.7891   5.815033   5.813163     3.1416     2.6654       7.45   21.70052  -89.66698    0.00094   -0.00114          1  0.000e+00
      22517    938.167     21.914     22.052    27.8083    27.7890   5.814930   5.813219     3.1416     2.6654       7.45   21.70052  -89.66698    0.00094   -0.00115          1  0.000e+00
      22518    938.208     21.968     22.106    27.8092    27.7892   5.814796   5.813235     3.1416     2.6654       7.45   21.70052  -89.66698    0.00096   -0.00115          1  0.000e+00
      22519    938.250     21.961     22.100    27.8088    27.7894   5.814543   5.813308     3.1416     2.6654       7.45   21.70052  -89.66698    0.00095   -0.00115          1  0.000e+00
      22520    938.292     21.968     22.106    27.8044    27.7895   5.814156   5.813283     3.1416     2.6654       7.45   21.70052  -89.66698    0.00095   -0.00116          1  0.000e+00
      22521    938.333     21.968     22.106    27.7990    27.7897   5.813761   5.813275     3.1416     2.6654       7.45   21.70052  -89.66698    0.00095   -0.00116          1  0.000e+00
      22522    938.375     21.961     22.100    27.7944    27.7901   5.813343   5.813315     3.1416     2.6654       7.45   21.70052  -89.66698    0.00094   -0.00115          1  0.000e+00
      22523    938.417     21.920     22.059    27.7907    27.7902   5.813098   5.813283     3.1429     2.6654       7.47   21.70052  -89.66698    0.00095   -0.00115          1  0.000e+00
      22524    938.458     21.961     22.100    27.7885    27.7909   5.813050   5.813275     3.1429     2.6679       7.45   21.70052  -89.66698    0.00096   -0.00111          1  0.000e+00
      22525    938.500     21.968     22.106    27.7895    27.7910   5.812979   5.813211     3.1416     2.6667       7.42   21.70052  -89.66698    0.00095   -0.00109          1  0.000e+00
      22526    938.542     21.968     22.106    27.7893    27.7907   5.812916   5.813147     3.1429     2.6642       7.42   21.70052  -89.66698    0.00095   -0.00109          1  0.000e+00
      22527    938.583     22.008     22.147    27.7878    27.7897   5.812766   5.813203     3.1429     2.6667       7.42   21.70052  -89.66698    0.00096   -0.00107          1  0.000e+00
      22528    938.625     21.968     22.106    27.7871    27.7897   5.812679   5.813227     3.1416     2.6679       7.42   21.70052  -89.66698    0.00094   -0.00103          1  0.000e+00
      22529    938.667     21.961     22.100    27.7873    27.7907   5.812600   5.813267     3.1429     2.6654       7.42   21.70052  -89.66698    0.00094   -0.00102          1  0.000e+00
      22530    938.708     21.968     22.106    27.7864    27.7915   5.812576   5.813307     3.1429     2.6679       7.42   21.70052  -89.66698    0.00094   -0.00098          1  0.000e+00
      22531    938.750     21.873     22.011    27.7854    27.7914   5.812576   5.813323     3.1416     2.6667       7.40   21.70052  -89.66698    0.00092   -0.00095          1  0.000e+00
      22532    938.792     22.063     22.202    27.7856    27.7912   5.812577   5.813332     3.1416     2.6679       7.42   21.70052  -89.66698    0.00091   -0.00092          1  0.000e+00
      22533    938.833     22.022     22.161    27.7851    27.7911   5.812537   5.813364     3.1416     2.6667       7.42   21.70052  -89.66698    0.00091   -0.00092          1  0.000e+00
      22534    938.875     22.008     22.147    27.7852    27.7909   5.812592   5.813291     3.1416     2.6679       7.42   21.70052  -89.66698    0.00090   -0.00089          1  0.000e+00
      22535    938.917     21.968     22.106    27.7854    27.7909   5.812584   5.813171     3.1429     2.6667       7.42   21.70052  -89.66698    0.00091   -0.00088          1  0.000e+00
      22536    938.958     22.008     22.147    27.7858    27.7901   5.812648   5.812923     3.1429     2.6654       7.42   21.70052  -89.66698    0.00092   -0.00089          1  0.000e+00
      22537    939.000     21.968     22.106    27.7864    27.7884   5.812671   5.812771     3.1416     2.6667       7.42   21.70052  -89.66698    0.00091   -0.00088          1  0.000e+00
      22538    939.042     22.022     22.161    27.7867    27.7857   5.812742   5.812579     3.1404     2.6679       7.42   21.70052  -89.66698    0.00088   -0.00085          1  0.000e+00
      22539    939.083     22.008     22.147    27.7873    27.7842   5.812766   5.812523     3.1404     2.6654       7.42   21.70052  -89.66698    0.00085   -0.00086          1  0.000e+00
      22540    939.125     21.968     22.106    27.7875    27.7829   5.812766   5.812483     3.1416     2.6654       7.42   21.70052  -89.66698    0.00084   -0.00086          1  0.000e+00
      22541    939.167     22.008     22.147    27.7873    27.7828   5.812727   5.812427     3.1416     2.6642       7.42   21.70052  -89.66698    0.00083   -0.00089          1  0.000e+00
      22542    939.208     22.022     22.161    27.7875    27.7829   5.812790   5.812459     3.1416     2.6654       7.42   21.70052  -89.66698    0.00081   -0.00089          1  0.000e+00
      22543    939.250     22.022     22.161    27.7873    27.7828   5.812734   5.812435     3.1404     2.6654       7.42   21.70052  -89.66698    0.00078   -0.00090          1  0.000e+00
      22544    939.292     22.008     22.147    27.7871    27.7831   5.812711   5.812483     3.1404     2.6654       7.42   21.70052  -89.66698    0.00074   -0.00090          1  0.000e+00
      22545    939.333     22.022     22.161    27.7873    27.7835   5.812750   5.812515     3.1404     2.6654       7.42   21.70052  -89.66698    0.00071   -0.00090          1  0.000e+00
      22546    939.375     22.008     22.147    27.7878    27.7837   5.812766   5.812523     3.1404     2.6654       7.42   21.70052  -89.66698    0.00067   -0.00090          1  0.000e+00
      22547    939.417     22.022     22.161    27.7878    27.7837   5.812798   5.812547     3.1392     2.6667       7.40   21.70052  -89.66698    0.00062   -0.00089          1  0.000e+00
      22548    939.458     21.968     22.106    27.7880    27.7838   5.812813   5.812563     3.1392     2.6667       7.42   21.70052  -89.66698    0.00056   -0.00085          1  0.000e+00
      22549    939.500     22.008     22.147    27.7882    27.7841   5.812774   5.812571     3.1392     2.6654       7.37   21.70052  -89.66698    0.00051   -0.00083          1  0.000e+00
      22550    939.542     22.022     22.161    27.7878    27.7844   5.812798   5.812603     3.1392     2.6667       7.37   21.70052  -89.66698    0.00046   -0.00080          1  0.000e+00
      22551    939.583     22.063     22.202    27.7878    27.7846   5.812774   5.812715     3.1392     2.6679       7.37   21.70052  -89.66698    0.00042   -0.00076          1  0.000e+00
      22552    939.625     22.022     22.161    27.7880    27.7853   5.812719   5.812795     3.1392     2.6654       7.37   21.70052  -89.66698    0.00038   -0.00074          1  0.000e+00
      22553    939.667     22.008     22.147    27.7880    27.7859   5.812782   5.812739     3.1380     2.6667       7.37   21.70052  -89.66698    0.00033   -0.00072          1  0.000e+00
      22554    939.708     22.022     22.161    27.7882    27.7861   5.812774   5.812739     3.1392     2.6679       7.37   21.70052  -89.66698    0.00029   -0.00068          1  0.000e+00
      22555    939.750     22.022     22.161    27.7882    27.7855   5.812766   5.812683     3.1380     2.6654       7.37   21.70052  -89.66698    0.00024   -0.00068          1  0.000e+00
      22556    939.792     22.063     22.202    27.7880    27.7852   5.812798   5.812699     3.1380     2.6654       7.37   21.70052  -89.66698    0.00018   -0.00068          1  0.000e+00
      22557    939.833     22.022     22.161    27.7880    27.7850   5.812774   5.812675     3.1380     2.6679       7.37   21.70052  -89.66698    0.00015   -0.00064          1  0.000e+00
      22558    939.875     22.008     22.147    27.7880    27.7853   5.812798   5.812723     3.1380     2.6667       7.37   21.70052  -89.66698    0.00009   -0.00061          1  0.000e+00
      22559    939.917     22.022     22.161    27.7882    27.7864   5.812813   5.812867     3.1380     2.6654       7.37   21.70052  -89.66698    0.00006   -0.00061          1  0.000e+00
      22560    939.958     22.069     22.209    27.7880    27.7874   5.812845   5.812939     3.1380     2.6642       7.37   21.70052  -89.66698    0.00002   -0.00062          1  0.000e+00
      22561    940.000     22.008     22.147    27.7882    27.7877   5.812813   5.812939     3.1380     2.6654       7.37   21.70052  -89.66698   -0.00001   -0.00060          1  0.000e+00
      22562    940.042     22.022     22.161    27.7880    27.7875   5.812845   5.812915     3.1380     2.6654       7.37   21.70052  -89.66698   -0.00004   -0.00059          1  0.000e+00
      22563    940.083     22.008     22.147    27.7884    27.7877   5.812861   5.812979     3.1380     2.6654       7.37   21.70052  -89.66698   -0.00007   -0.00056          1  0.000e+00
