Gulf of Mexico/GOMECC-4/1db/rb2103_0351.cnv
* Sea-Bird SBE 9 Data File:
* FileName = C:\Users\scs.user.rb\CTD\GOMECC4\data\rb2103_0351.hex
* Software Version Seasave V 7.26.7.107
* Temperature SN = 4799
* Conductivity SN = 3860
* Number of Bytes Per Scan = 41
* Number of Voltage Words = 4
* Number of Scans Averaged by the Deck Unit = 1
* NMEA Latitude = 28 42.06 N
* NMEA Longitude = 087 45.57 W
* NMEA UTC (Time) = Sep 24 2021  11:26:03
* NMEA baud rate = 4800
# nquan = 28
# nvalues = 622                         
# units = specified
# name 0 = scan: Scan Count
# name 1 = timeS: Time, Elapsed [seconds]
# name 2 = depSM: Depth [salt water, m]
# name 3 = prDM: Pressure, Digiquartz [db]
# name 4 = t090C: Temperature [ITS-90, deg C]
# name 5 = t190C: Temperature, 2 [ITS-90, deg C]
# name 6 = c0S/m: Conductivity [S/m]
# name 7 = c1S/m: Conductivity, 2 [S/m]
# name 8 = sbeox0V: Oxygen raw, SBE 43 [V]
# name 9 = sbeox1V: Oxygen raw, SBE 43, 2 [V]
# name 10 = altM: Altimeter [m]
# name 11 = latitude: Latitude [deg]
# name 12 = longitude: Longitude [deg]
# name 13 = sbox0dV/dT: Oxygen, SBE 43 [dov/dt]
# name 14 = sbox1dV/dT: Oxygen, SBE 43, 2 [dov/dt]
# name 15 = sbeox0ML/L: Oxygen, SBE 43 [ml/l], WS = 5
# name 16 = sbeox1ML/L: Oxygen, SBE 43, 2 [ml/l], WS = 5
# name 17 = potemp090C: Potential Temperature [ITS-90, deg C]
# name 18 = potemp190C: Potential Temperature, 2 [ITS-90, deg C]
# name 19 = sal00: Salinity, Practical [PSU]
# name 20 = sal11: Salinity, Practical, 2 [PSU]
# name 21 = sigma-é00: Density [sigma-theta, kg/m^3]
# name 22 = sigma-é11: Density, 2 [sigma-theta, kg/m^3]
# name 23 = avgsvCM: Average Sound Velocity [Chen-Millero, m/s], minP = 20, minS = 20
# name 24 = sbox0Mm/Kg: Oxygen, SBE 43 [umol/kg], WS = 5
# name 25 = sbox1Mm/Kg: Oxygen, SBE 43, 2 [umol/kg], WS = 5
# name 26 = nbin: number of scans per bin
# name 27 = flag: flag
# span 0 =      13875,     171459       
# span 1 =    578.065,   7144.063       
# span 2 =      1.987,   2248.531       
# span 3 =      2.000,   2276.000       
# span 4 =     4.2815,    29.8775       
# span 5 =     4.2823,    29.8795       
# span 6 =   3.345069,   5.960205       
# span 7 =   3.345017,   5.960637       
# span 8 =     1.6114,     3.1418       
# span 9 =     1.3150,     2.6712       
# span 10 =       9.36,     111.20      
# span 11 =   28.44295,   29.18345      
# span 12 =  -89.23285,  -86.96870      
# span 13 =   -0.07293,    0.05004      
# span 14 =   -0.06778,    0.04795      
# span 15 =     2.5579,     4.6986      
# span 16 =     2.5824,     4.7382      
# span 17 =     4.0955,    29.8711      
# span 18 =     4.0965,    29.8728      
# span 19 =    33.5232,    36.5682      
# span 20 =    33.5484,    36.5642      
# span 21 =    21.1751,    27.7552      
# span 22 =    21.1921,    27.7536      
# span 23 =       0.00,    1557.56      
# span 24 =    111.222,    204.175      
# span 25 =    112.285,    205.894      
# span 26 =         30,         70      
# span 27 = 0.0000e+00, 0.0000e+00      
# interval = decibars: 1                
# start_time = Sep 24 2021 11:26:03 [NMEA time, header]
# bad_flag = -9.990e-29
*END*
[from data line 156]
      20950    872.862    178.715    180.000    15.6169    15.6191   4.478438   4.478695     1.8300     1.5132      86.72   28.69525  -87.74648   -0.00047   -0.00033     2.6396     2.6706    15.5887    15.5908    36.0606    36.0609    26.6576    26.6573    1527.06    114.821    116.172         37 0.0000e+00
      20990    874.547    179.708    181.000    15.5932    15.5956   4.475975   4.476212     1.8319     1.5156     100.41   28.69979  -87.76034    0.00013    0.00050     2.6446     2.6772    15.5649    15.5673    36.0613    36.0613    26.6639    26.6633    1527.24    115.040    116.459         35 0.0000e+00
      21048    876.977    181.693    183.000    15.4726    15.4742   4.461657   4.461837     1.8411     1.5277      99.55   28.69630  -87.74967    0.00239    0.00343     2.6756     2.7178    15.4441    15.4456    36.0401    36.0403    26.6746    26.6744    1526.86    116.389    118.225         33 0.0000e+00
      21086    878.562    182.685    184.000    15.4582    15.4596   4.460330   4.460513     1.8506     1.5373      70.33   28.69978  -87.76034    0.00490    0.00565     2.6995     2.7439    15.4295    15.4310    36.0421    36.0424    26.6797    26.6797    1526.97    117.426    119.358         38 0.0000e+00
      21121    879.996    183.678    185.000    15.4292    15.4309   4.456998   4.457137     1.8579     1.5434     100.35   28.69978  -87.76034    0.00595    0.00581     2.7189     2.7620    15.4004    15.4021    36.0380    36.0378    26.6831    26.6826    1526.89    118.272    120.145         30 0.0000e+00
      21178    882.360    185.662    187.000    15.3368    15.3382   4.446100   4.446252     1.8667     1.5519      99.99   28.69659  -87.75054    0.00409    0.00370     2.7465     2.7904    15.3078    15.3092    36.0220    36.0221    26.6914    26.6911    1526.56    119.471    121.378         33 0.0000e+00
      21216    883.959    186.655    188.000    15.3034    15.3047   4.442453   4.442578     1.8712     1.5543      62.48   28.69978  -87.76034    0.00348    0.00303     2.7596     2.7990    15.2743    15.2756    36.0202    36.0202    26.6978    26.6975    1526.65    120.038    121.752         39 0.0000e+00
      21253    885.488    187.647    189.000    15.2528    15.2562   4.436499   4.436870     1.8748     1.5568     100.75   28.69980  -87.76034    0.00286    0.00181     2.7718     2.8090    15.2236    15.2270    36.0122    36.0124    26.7029    26.7023    1526.57    120.568    122.187         33 0.0000e+00
      21284    886.794    188.640    190.000    15.2233    15.2257   4.433028   4.433327     1.8791     1.5612     100.00   28.69980  -87.76034    0.00261    0.00196     2.7844     2.8225    15.1940    15.1964    36.0072    36.0078    26.7057    26.7056    1526.49    121.115    122.775         30 0.0000e+00
      21343    889.230    190.624    192.000    15.1759    15.1770   4.427373   4.427457     1.8930     1.5767     100.00   28.69847  -87.75626    0.00494    0.00547     2.8216     2.8671    15.1464    15.1474    35.9980    35.9978    26.7091    26.7087    1526.27    122.732    124.714         32 0.0000e+00
      21376    890.639    191.616    193.000    15.1381    15.1395   4.423100   4.423239     1.8998     1.5840     100.00   28.69980  -87.76034    0.00516    0.00555     2.8407     2.8890    15.1085    15.1098    35.9938    35.9939    26.7145    26.7142    1526.26    123.564    125.664         34 0.0000e+00
      21412    892.112    192.609    194.000    15.1081    15.1098   4.419582   4.419753     1.9084     1.5909     100.00   28.69980  -87.76034    0.00528    0.00511     2.8638     2.9094    15.0783    15.0800    35.9890    35.9890    26.7174    26.7170    1526.18    124.569    126.554         36 0.0000e+00
      21446    893.542    193.601    195.000    15.0599    15.0612   4.413969   4.414057     1.9139     1.5950     100.00   28.69980  -87.76035    0.00522    0.00444     2.8804     2.9235    15.0301    15.0314    35.9816    35.9812    26.7225    26.7219    1526.10    125.293    127.166         32 0.0000e+00
      21476    894.810    194.593    196.000    15.0266    15.0282   4.410111   4.410312     1.9184     1.5985     100.00   28.69980  -87.76036    0.00426    0.00318     2.8939     2.9353    14.9966    14.9983    35.9767    35.9770    26.7261    26.7259    1526.03    125.879    127.677         30 0.0000e+00
      21507    896.103    195.586    197.000    15.0150    15.0179   4.408765   4.409101     1.9228     1.6035     100.00   28.69980  -87.76036    0.00354    0.00299     2.9055     2.9495    14.9849    14.9878    35.9746    35.9750    26.7270    26.7267    1525.96    126.384    128.297         32 0.0000e+00
      21541    897.480    196.578    198.000    14.9767    14.9790   4.404335   4.404567     1.9261     1.6066     100.00   28.69980  -87.76036    0.00320    0.00320     2.9166     2.9605    14.9465    14.9488    35.9690    35.9690    26.7312    26.7307    1525.88    126.864    128.775         33 0.0000e+00
      21573    898.822    197.571    199.000    14.9308    14.9319   4.399115   4.399203     1.9308     1.6111     100.00   28.69980  -87.76036    0.00292    0.00289     2.9314     2.9759    14.9005    14.9016    35.9631    35.9628    26.7368    26.7364    1525.80    127.507    129.441         33 0.0000e+00
      21608    900.286    198.563    200.000    14.8946    14.8978   4.394751   4.395025     1.9381     1.6190     100.00   28.69980  -87.76036    0.00360    0.00348     2.9522     2.9999    14.8642    14.8677    35.9560    35.9559    26.7394    26.7386    1525.73    128.413    130.484         36 0.0000e+00
      21724    905.115    202.533    204.000    14.7535    14.7550   4.378299   4.378434     1.9515     1.6275     100.00   28.69881  -87.75735    0.00249    0.00140     2.9953     3.0327    14.7227    14.7241    35.9331    35.9331    26.7527    26.7524    1525.37    130.285    131.910         36 0.0000e+00
      21758    906.551    203.525    205.000    14.7425    14.7440   4.377040   4.377197     1.9482     1.6239      94.19   28.69978  -87.76034    0.00003   -0.00066     2.9885     3.0244    14.7115    14.7130    35.9316    35.9317    26.7541    26.7538    1525.35    129.989    131.549         30 0.0000e+00
      21814    908.854    205.509    207.000    14.7069    14.7076   4.372748   4.372820     1.9441     1.6200     100.00   28.69847  -87.75632   -0.00216   -0.00208     2.9819     3.0173    14.6757    14.6764    35.9238    35.9238    26.7557    26.7556    1525.14    129.700    131.240         30 0.0000e+00
      21846    910.221    206.501    208.000    14.6914    14.6932   4.371173   4.371385     1.9438     1.6205     100.00   28.69978  -87.76034   -0.00134   -0.00125     2.9824     3.0198    14.6601    14.6619    35.9236    35.9239    26.7591    26.7589    1525.13    129.723    131.351         33 0.0000e+00
      21878    911.531    207.494    209.000    14.6672    14.6694   4.368409   4.368638     1.9435     1.6205     100.00   28.69978  -87.76034   -0.00051   -0.00023     2.9838     3.0219    14.6357    14.6379    35.9201    35.9202    26.7617    26.7613    1525.06    129.785    131.443         30 0.0000e+00
      23457    977.315    269.007    271.000    13.0019    13.0032   4.177075   4.177186     1.7837     1.4751     100.00   28.70113  -87.76435    0.00081    0.00109     2.7183     2.7565    12.9643    12.9656    35.6523    35.6521    26.9057    26.9053    1521.18    118.218    119.881         30 0.0000e+00
      23659    985.737    276.943    279.000    12.7962    12.7976   4.153853   4.153991     1.7659     1.4562     100.00   28.70006  -87.76108   -0.00234   -0.00209     2.6887     2.7192    12.7579    12.7593    35.6199    35.6198    26.9220    26.9217    1520.67    116.931    118.257         30 0.0000e+00
      25082   1045.033    332.485    335.000    11.4083    11.4113   3.999111   3.999421     1.7071     1.4027     100.00   28.70020  -87.76139   -0.00217   -0.00218     2.6435     2.6731    11.3655    11.3686    35.4058    35.4059    27.0244    27.0239    1517.63    114.952    116.241         32 0.0000e+00
      25207   1050.257    337.443    340.000    11.3490    11.3501   3.992641   3.992647     1.7030     1.4008     100.00   28.69949  -87.75925   -0.00054   -0.00018     2.6381     2.6727    11.3057    11.3068    35.3953    35.3950    27.0273    27.0268    1517.34    114.718    116.222         30 0.0000e+00
      26248   1093.606    378.097    381.000    10.5177    10.5188   3.902568   3.902619     1.6641     1.3641     100.00   28.69884  -87.75723   -0.00267   -0.00276     2.6003     2.6314    10.4715    10.4726    35.2761    35.2756    27.0854    27.0848    1515.36    113.065    114.420         30 0.0000e+00
      27086   1128.532    410.813    414.000     9.7615     9.7629   3.821508   3.821604     1.6449     1.3489      99.99   28.69804  -87.75476    0.00040    0.00046     2.6078     2.6456     9.7135     9.7150    35.1692    35.1688    27.1329    27.1323    1513.86    113.388    115.032         30 0.0000e+00
      28129   1172.000    451.453    455.000     9.1632     9.1643   3.759685   3.759732     1.6349     1.3392     100.00   28.70042  -87.76191   -0.00030   -0.00043     2.6332     2.6693     9.1124     9.1135    35.0963    35.0958    27.1755    27.1749    1512.28    114.488    116.058         32 0.0000e+00
      28256   1177.307    456.409    460.000     9.1116     9.1128   3.754463   3.754518     1.6341     1.3382      95.76   28.70028  -87.76149   -0.00025   -0.00014     2.6361     2.6714     9.0604     9.0616    35.0902    35.0896    27.1791    27.1785    1512.07    114.615    116.147         31 0.0000e+00
      31400   1308.289    579.268    584.000     7.5042     7.5054   3.595949   3.595987     1.6288     1.3336      95.56   28.70034  -87.76160    0.00102    0.00044     2.7777     2.8130     7.4458     7.4470    34.9416    34.9408    27.3096    27.3088    1507.76    120.756    122.288         30 0.0000e+00
      31754   1323.030    593.134    598.000     7.2481     7.2500   3.571087   3.571173     1.6390     1.3453     100.00   28.69969  -87.75963    0.00085    0.00100     2.8336     2.8762     7.1894     7.1913    34.9216    34.9207    27.3305    27.3295    1507.30    123.182    125.033         31 0.0000e+00
      33574   1398.868    663.443    669.000     6.6086     6.6097   3.513547   3.513572     1.6883     1.3909     100.00   28.70027  -87.76125    0.00117    0.00096     3.0652     3.1084     6.5459     6.5470    34.9013    34.9005    27.4031    27.4024    1505.32    133.242    135.120         30 0.0000e+00
      34973   1457.181    717.892    724.000     6.2008     6.2017   3.478730   3.478730     1.7250     1.4246     100.00   28.69903  -87.75748    0.00034    0.00027     3.2393     3.2821     6.1349     6.1357    34.9021    34.9012    27.4579    27.4571    1503.90    140.802    142.660         30 0.0000e+00
      35005   1458.516    718.882    725.000     6.1968     6.1977   3.478507   3.478509     1.7257     1.4251     100.00   28.69998  -87.76038    0.00033    0.00031     3.2423     3.2848     6.1308     6.1316    34.9033    34.9025    27.4595    27.4587    1503.93    140.933    142.778         31 0.0000e+00
      35871   1494.602    752.534    759.000     6.0352     6.0359   3.465407   3.465398     1.7403     1.4390     100.00   28.69955  -87.75904    0.00026    0.00038     3.3185     3.3623     5.9668     5.9675    34.9051    34.9042    27.4820    27.4812    1503.15    144.240    146.146         31 0.0000e+00
      36002   1500.028    757.482    764.000     5.9739     5.9742   3.460301   3.460313     1.7437     1.4425     100.00   28.70014  -87.76083    0.00066    0.00066     3.3378     3.3834     5.9054     5.9057    34.9069    34.9061    27.4913    27.4906    1503.08    145.078    147.059         30 0.0000e+00
      36103   1504.268    761.441    768.000     5.9525     5.9547   3.458502   3.458606     1.7486     1.4481     100.00   28.70036  -87.76145    0.00124    0.00146     3.3569     3.4057     5.8837     5.8859    34.9077    34.9067    27.4946    27.4936    1503.00    145.906    148.028         33 0.0000e+00
      36233   1509.678    766.389    773.000     5.9240     5.9249   3.456301   3.456303     1.7529     1.4514     100.00   28.70142  -87.76469    0.00069    0.00063     3.3757     3.4223     5.8549     5.8558    34.9098    34.9090    27.5000    27.4992    1502.96    146.722    148.748         30 0.0000e+00
      36332   1513.772    770.347    777.000     5.8902     5.8908   3.453241   3.453223     1.7554     1.4545      45.19   28.69927  -87.75810    0.00064    0.00076     3.3887     3.4384     5.8209     5.8215    34.9080    34.9071    27.5027    27.5020    1502.76    147.290    149.448         32 0.0000e+00
      36461   1519.165    775.295    782.000     5.8555     5.8560   3.450505   3.450468     1.7597     1.4581      98.50   28.70038  -87.76149    0.00065    0.00065     3.4081     3.4565     5.7860     5.7865    34.9103    34.9094    27.5090    27.5082    1502.72    148.130    150.236         34 0.0000e+00
      36819   1534.073    789.148    796.000     5.7847     5.7853   3.444783   3.444761     1.7696     1.4669     100.00   28.69946  -87.75863    0.00051    0.00083     3.4537     3.5008     5.7143     5.7149    34.9115    34.9106    27.5189    27.5181    1502.39    150.112    152.159         30 0.0000e+00
      36950   1539.543    794.096    801.000     5.7332     5.7341   3.440566   3.440564     1.7728     1.4696     100.00   28.70085  -87.76287    0.00054    0.00050     3.4713     3.5175     5.6626     5.6635    34.9144    34.9135    27.5277    27.5268    1502.36    150.874    152.884         31 0.0000e+00
      37306   1554.356    807.948    815.000     5.6841     5.6846   3.436740   3.436726     1.7828     1.4782     100.00   28.69968  -87.75930    0.00038    0.00023     3.5153     3.5594     5.6125     5.6130    34.9147    34.9140    27.5341    27.5335    1502.03    152.786    154.705         31 0.0000e+00
      38255   1593.918    844.554    852.000     5.5015     5.5019   3.422213   3.422179     1.8005     1.4964     100.00   28.70007  -87.76049    0.00045    0.00074     3.6091     3.6599     5.4276     5.4280    34.9198    34.9189    27.5608    27.5601    1501.38    156.860    159.069         33 0.0000e+00
      38383   1599.253    849.500    857.000     5.4949     5.4955   3.421888   3.421859     1.8037     1.4981     100.00   28.70049  -87.76170    0.00062    0.00032     3.6227     3.6690     5.4206     5.4212    34.9207    34.9198    27.5624    27.5616    1501.31    157.451    159.461         32 0.0000e+00
      39998   1666.528    911.811    920.000     5.2498     5.2505   3.403134   3.403110     1.8337     1.5266      46.56   28.70061  -87.76192    0.00063    0.00065     3.7788     3.8286     5.1713     5.1720    34.9288    34.9278    27.5987    27.5978    1500.32    164.227    166.394         31 0.0000e+00
      40126   1671.886    916.755    925.000     5.2252     5.2258   3.401201   3.401172     1.8377     1.5305     100.00   28.70067  -87.76210    0.00073    0.00073     3.7977     3.8481     5.1464     5.1470    34.9296    34.9287    27.6023    27.6015    1500.24    165.047    167.240         30 0.0000e+00
      40919   1704.901    947.409    956.000     5.1564     5.1568   3.396470   3.396423     1.8508     1.5410     100.00   28.69986  -87.75964    0.00012    0.00001     3.8649     3.9096     5.0753     5.0757    34.9314    34.9304    27.6121    27.6113    1499.77    167.970    169.909         35 0.0000e+00
      41048   1710.292    952.353    961.000     5.1438     5.1443   3.395601   3.395557     1.8507     1.5417     100.00   28.70013  -87.76045   -0.00009    0.00009     3.8684     3.9161     5.0623     5.0628    34.9320    34.9310    27.6141    27.6133    1499.72    168.118    170.193         31 0.0000e+00
