Gulf of Mexico/GOMECC-4/1db/rb2103_0531.ros
* Sea-Bird SBE 9 Data File:
* FileName = C:\Users\scs.user.rb\CTD\GOMECC4\data\rb2103_0531.hex
* Software Version Seasave V 7.26.7.107
* Temperature SN = 4799
* Conductivity SN = 3860
* Number of Bytes Per Scan = 41
* Number of Voltage Words = 4
* Number of Scans Averaged by the Deck Unit = 1
* NMEA Latitude = 27 19.96 N
* NMEA Longitude = 095 00.01 W
* NMEA UTC (Time) = Sep 28 2021  09:37:15
* NMEA baud rate = 4800
# nquan = 17
# nvalues = 2793                                  
# units = specified
# name 0 = scan: Scan Count
# name 1 = timeS: Time, Elapsed [seconds]
# name 2 = depSM: Depth [salt water, m]
# name 3 = prDM: Pressure, Digiquartz [db]
# name 4 = t090C: Temperature [ITS-90, deg C]
# name 5 = t190C: Temperature, 2 [ITS-90, deg C]
# name 6 = c0S/m: Conductivity [S/m]
# name 7 = c1S/m: Conductivity, 2 [S/m]
# name 8 = sbeox0V: Oxygen raw, SBE 43 [V]
# name 9 = sbeox1V: Oxygen raw, SBE 43, 2 [V]
# name 10 = altM: Altimeter [m]
# name 11 = latitude: Latitude [deg]
# name 12 = longitude: Longitude [deg]
# name 13 = sbox0dV/dT: Oxygen, SBE 43 [dov/dt]
# name 14 = sbox1dV/dT: Oxygen, SBE 43, 2 [dov/dt]
# name 15 = nbf: Bottles Fired
# name 16 = flag:  0.000e+00
# interval = seconds: 0.0416667
# start_time = Sep 28 2021 09:37:15 [NMEA time, header]
# bad_flag = -9.990e-29
*END*
[from data line 171]
      52372   2182.125   1015.933   1025.207     5.2836     5.2842   3.410677   3.410570     1.8120     1.5043      94.77   27.33250  -94.99846   -0.00002    0.00011          2  0.000e+00
      52373   2182.167   1015.933   1025.207     5.2835     5.2842   3.410696   3.410557     1.8120     1.5043      94.77   27.33250  -94.99846   -0.00003    0.00012          2  0.000e+00
      52374   2182.208   1015.872   1025.145     5.2837     5.2842   3.410684   3.410563     1.8120     1.5043      94.77   27.33250  -94.99846   -0.00003    0.00014          2  0.000e+00
      52375   2182.250   1015.933   1025.207     5.2838     5.2843   3.410716   3.410531     1.8120     1.5031      94.70   27.33250  -94.99846   -0.00004    0.00013          2  0.000e+00
      52376   2182.292   1015.933   1025.207     5.2840     5.2840   3.410735   3.410557     1.8120     1.5043      94.65   27.33250  -94.99846   -0.00004    0.00014          2  0.000e+00
      52377   2182.333   1015.933   1025.207     5.2839     5.2842   3.410735   3.410557     1.8120     1.5043      94.63   27.33250  -94.99846   -0.00005    0.00015          2  0.000e+00
      52378   2182.375   1015.933   1025.207     5.2838     5.2842   3.410735   3.410563     1.8120     1.5043      94.63   27.33250  -94.99846   -0.00005    0.00017          2  0.000e+00
      52379   2182.417   1015.987   1025.261     5.2842     5.2840   3.410735   3.410557     1.8120     1.5043      94.63   27.33250  -94.99846   -0.00006    0.00020          2  0.000e+00
      52380   2182.458   1015.933   1025.207     5.2840     5.2842   3.410735   3.410576     1.8120     1.5043      94.63   27.33250  -94.99846   -0.00006    0.00020          2  0.000e+00
      52381   2182.500   1015.933   1025.207     5.2841     5.2840   3.410709   3.410550     1.8120     1.5043      94.63   27.33250  -94.99846   -0.00006    0.00021          2  0.000e+00
      52382   2182.542   1015.933   1025.207     5.2843     5.2840   3.410754   3.410550     1.8120     1.5043      94.63   27.33250  -94.99846   -0.00007    0.00021          2  0.000e+00
      52383   2182.583   1015.933   1025.207     5.2842     5.2840   3.410766   3.410537     1.8120     1.5043      94.60   27.33250  -94.99846   -0.00007    0.00022          2  0.000e+00
      52384   2182.625   1015.933   1025.207     5.2845     5.2837   3.410766   3.410525     1.8120     1.5031      94.63   27.33250  -94.99846   -0.00008    0.00023          2  0.000e+00
      52385   2182.667   1015.987   1025.262     5.2844     5.2840   3.410741   3.410557     1.8120     1.5043      94.63   27.33250  -94.99846   -0.00008    0.00023          2  0.000e+00
      52386   2182.708   1015.933   1025.207     5.2845     5.2840   3.410735   3.410557     1.8120     1.5043      94.63   27.33250  -94.99846   -0.00009    0.00024          2  0.000e+00
      52387   2182.750   1015.933   1025.207     5.2842     5.2840   3.410690   3.410563     1.8120     1.5043      94.63   27.33250  -94.99846   -0.00007    0.00024          2  0.000e+00
      52388   2182.792   1015.933   1025.207     5.2843     5.2840   3.410696   3.410557     1.8120     1.5043      94.63   27.33250  -94.99846   -0.00008    0.00027          2  0.000e+00
      52389   2182.833   1015.872   1025.146     5.2841     5.2839   3.410703   3.410537     1.8107     1.5043      94.63   27.33250  -94.99846   -0.00008    0.00027          2  0.000e+00
      52390   2182.875   1015.987   1025.262     5.2838     5.2842   3.410703   3.410525     1.8120     1.5043      94.63   27.33250  -94.99846   -0.00007    0.00027          2  0.000e+00
      52391   2182.917   1015.933   1025.208     5.2843     5.2839   3.410722   3.410557     1.8120     1.5031      94.63   27.33250  -94.99846   -0.00007    0.00026          2  0.000e+00
      52392   2182.958   1015.872   1025.146     5.2842     5.2840   3.410754   3.410531     1.8120     1.5043      94.63   27.33250  -94.99846   -0.00007    0.00026          2  0.000e+00
      52393   2183.000   1015.933   1025.208     5.2843     5.2840   3.410716   3.410525     1.8120     1.5043      94.63   27.33250  -94.99846   -0.00010    0.00027          2  0.000e+00
      52394   2183.042   1015.933   1025.208     5.2845     5.2837   3.410703   3.410531     1.8120     1.5043      94.63   27.33250  -94.99846   -0.00010    0.00027          2  0.000e+00
      52395   2183.083   1015.933   1025.208     5.2842     5.2839   3.410703   3.410550     1.8120     1.5043      94.63   27.33250  -94.99846   -0.00010    0.00028          2  0.000e+00
      52396   2183.125   1015.872   1025.146     5.2840     5.2840   3.410722   3.410537     1.8120     1.5043      94.65   27.33250  -94.99846   -0.00011    0.00030          2  0.000e+00
      52397   2183.167   1015.933   1025.208     5.2837     5.2840   3.410690   3.410525     1.8120     1.5031      94.63   27.33250  -94.99846   -0.00009    0.00028          2  0.000e+00
      52398   2183.208   1015.872   1025.146     5.2839     5.2840   3.410696   3.410557     1.8120     1.5031      94.63   27.33250  -94.99846   -0.00010    0.00027          2  0.000e+00
      52399   2183.250   1015.933   1025.208     5.2838     5.2840   3.410703   3.410531     1.8120     1.5031      94.70   27.33250  -94.99846   -0.00008    0.00025          2  0.000e+00
      52400   2183.292   1015.872   1025.146     5.2840     5.2840   3.410722   3.410505     1.8120     1.5043      94.77   27.33250  -94.99846   -0.00008    0.00025          2  0.000e+00
      52401   2183.333   1015.872   1025.146     5.2838     5.2840   3.410690   3.410563     1.8107     1.5043      94.77   27.33250  -94.99846   -0.00010    0.00026          2  0.000e+00
      52402   2183.375   1015.933   1025.208     5.2838     5.2840   3.410696   3.410550     1.8120     1.5031      94.77   27.33250  -94.99846   -0.00011    0.00024          2  0.000e+00
      52403   2183.417   1015.872   1025.146     5.2840     5.2840   3.410684   3.410550     1.8120     1.5043      94.77   27.33250  -94.99846   -0.00011    0.00026          2  0.000e+00
      52404   2183.458   1015.872   1025.146     5.2838     5.2840   3.410696   3.410576     1.8120     1.5031      94.77   27.33250  -94.99846   -0.00011    0.00024          2  0.000e+00
      52405   2183.500   1015.872   1025.146     5.2840     5.2842   3.410722   3.410550     1.8120     1.5031      94.77   27.33250  -94.99846   -0.00011    0.00023          2  0.000e+00
      52406   2183.542   1015.819   1025.092     5.2838     5.2840   3.410690   3.410576     1.8120     1.5031      94.77   27.33250  -94.99846   -0.00010    0.00021          2  0.000e+00
      52407   2183.583   1015.872   1025.146     5.2838     5.2842   3.410677   3.410550     1.8107     1.5031      94.77   27.33250  -94.99846   -0.00012    0.00020          2  0.000e+00
      52408   2183.625   1015.872   1025.146     5.2838     5.2839   3.410652   3.410550     1.8120     1.5043      94.77   27.33250  -94.99846   -0.00012    0.00020          2  0.000e+00
      52409   2183.667   1015.872   1025.146     5.2838     5.2842   3.410665   3.410518     1.8120     1.5043      94.77   27.33250  -94.99846   -0.00012    0.00020          2  0.000e+00
      52410   2183.708   1015.819   1025.092     5.2838     5.2839   3.410696   3.410544     1.8120     1.5031      94.77   27.33250  -94.99846   -0.00012    0.00019          2  0.000e+00
      52411   2183.750   1015.819   1025.092     5.2840     5.2840   3.410703   3.410563     1.8120     1.5043      94.77   27.33250  -94.99846   -0.00012    0.00019          2  0.000e+00
      52412   2183.792   1015.872   1025.146     5.2837     5.2840   3.410684   3.410557     1.8120     1.5043      94.77   27.33250  -94.99846   -0.00013    0.00019          2  0.000e+00
      52413   2183.833   1015.819   1025.092     5.2840     5.2842   3.410696   3.410537     1.8120     1.5043      94.77   27.33250  -94.99846   -0.00013    0.00019          2  0.000e+00
      52414   2183.875   1015.819   1025.092     5.2841     5.2839   3.410703   3.410550     1.8120     1.5031      94.77   27.33250  -94.99846   -0.00013    0.00017          2  0.000e+00
      52415   2183.917   1015.873   1025.146     5.2843     5.2842   3.410722   3.410563     1.8120     1.5043      94.77   27.33250  -94.99846   -0.00013    0.00019          2  0.000e+00
      52416   2183.958   1015.758   1025.030     5.2843     5.2837   3.410735   3.410582     1.8120     1.5043      94.77   27.33250  -94.99846   -0.00012    0.00019          2  0.000e+00
      52417   2184.000   1015.873   1025.146     5.2846     5.2842   3.410735   3.410563     1.8107     1.5043      94.77   27.33250  -94.99846   -0.00013    0.00019          2  0.000e+00
      52418   2184.042   1015.758   1025.030     5.2843     5.2840   3.410709   3.410563     1.8107     1.5043      94.77   27.33250  -94.99846   -0.00014    0.00019          2  0.000e+00
      52419   2184.083   1015.819   1025.092     5.2844     5.2840   3.410773   3.410557     1.8107     1.5043      94.77   27.33250  -94.99846   -0.00014    0.00021          2  0.000e+00
      52420   2184.125   1015.819   1025.092     5.2845     5.2842   3.410773   3.410589     1.8120     1.5043      94.77   27.33250  -94.99846   -0.00013    0.00020          2  0.000e+00
      52421   2184.167   1015.819   1025.092     5.2846     5.2847   3.410766   3.410589     1.8120     1.5043      94.77   27.33250  -94.99846   -0.00013    0.00020          2  0.000e+00
      52422   2184.208   1015.819   1025.092     5.2848     5.2846   3.410715   3.410615     1.8120     1.5043      94.77   27.33250  -94.99846   -0.00013    0.00020          2  0.000e+00
      52423   2184.250   1015.758   1025.030     5.2844     5.2846   3.410747   3.410615     1.8120     1.5043      94.75   27.33250  -94.99846   -0.00013    0.00020          2  0.000e+00
      52424   2184.292   1015.819   1025.092     5.2848     5.2848   3.410741   3.410602     1.8120     1.5043      94.70   27.33250  -94.99846   -0.00013    0.00022          2  0.000e+00
      52425   2184.333   1015.819   1025.092     5.2846     5.2851   3.410779   3.410608     1.8120     1.5043      94.70   27.33250  -94.99846   -0.00013    0.00021          2  0.000e+00
      52426   2184.375   1015.758   1025.030     5.2848     5.2850   3.410747   3.410602     1.8120     1.5043      94.70   27.33250  -94.99846   -0.00013    0.00023          2  0.000e+00
      52427   2184.417   1015.819   1025.092     5.2846     5.2852   3.410779   3.410634     1.8120     1.5043      94.70   27.33250  -94.99846   -0.00011    0.00024          2  0.000e+00
      52428   2184.458   1015.758   1025.030     5.2848     5.2853   3.410773   3.410647     1.8120     1.5043      94.70   27.33250  -94.99846   -0.00010    0.00024          2  0.000e+00
      52429   2184.500   1015.873   1025.146     5.2846     5.2855   3.410766   3.410608     1.8120     1.5043      94.70   27.33250  -94.99846   -0.00008    0.00024          2  0.000e+00
      52430   2184.542   1015.758   1025.030     5.2846     5.2851   3.410766   3.410634     1.8120     1.5043      94.70   27.33250  -94.99846   -0.00008    0.00023          2  0.000e+00
      52431   2184.583   1015.758   1025.030     5.2849     5.2855   3.410741   3.410627     1.8120     1.5043      94.70   27.33250  -94.99846   -0.00007    0.00023          2  0.000e+00
      52432   2184.625   1015.819   1025.092     5.2848     5.2853   3.410754   3.410640     1.8120     1.5031      94.70   27.33250  -94.99846   -0.00007    0.00021          2  0.000e+00
      52433   2184.667   1015.819   1025.092     5.2851     5.2853   3.410766   3.410627     1.8120     1.5043      94.70   27.33250  -94.99846   -0.00007    0.00021          2  0.000e+00
      52434   2184.708   1015.758   1025.030     5.2848     5.2850   3.410785   3.410615     1.8120     1.5043      94.70   27.33250  -94.99846   -0.00007    0.00020          2  0.000e+00
      52435   2184.750   1015.819   1025.092     5.2848     5.2853   3.410773   3.410647     1.8120     1.5031      94.70   27.33250  -94.99846   -0.00007    0.00018          2  0.000e+00
      52436   2184.792   1015.819   1025.092     5.2850     5.2851   3.410785   3.410621     1.8107     1.5031      94.70   27.33250  -94.99846   -0.00008    0.00016          2  0.000e+00
      52437   2184.833   1015.758   1025.031     5.2849     5.2850   3.410747   3.410647     1.8120     1.5043      94.70   27.33250  -94.99846   -0.00008    0.00017          2  0.000e+00
      52438   2184.875   1015.820   1025.093     5.2849     5.2851   3.410735   3.410673     1.8107     1.5043      94.70   27.33250  -94.99846   -0.00010    0.00016          2  0.000e+00
      52439   2184.917   1015.820   1025.093     5.2848     5.2851   3.410779   3.410653     1.8120     1.5031      94.70   27.33250  -94.99846   -0.00010    0.00014          2  0.000e+00
      52440   2184.958   1015.820   1025.093     5.2850     5.2850   3.410773   3.410679     1.8120     1.5031      94.70   27.33250  -94.99846   -0.00009    0.00014          2  0.000e+00
      52441   2185.000   1015.820   1025.093     5.2851     5.2851   3.410811   3.410653     1.8120     1.5043      94.70   27.33250  -94.99846   -0.00009    0.00013          2  0.000e+00
      52442   2185.042   1015.820   1025.093     5.2849     5.2850   3.410779   3.410608     1.8120     1.5043      94.70   27.33250  -94.99846   -0.00009    0.00013          2  0.000e+00
      52443   2185.083   1015.820   1025.093     5.2849     5.2853   3.410785   3.410660     1.8120     1.5043      94.70   27.33250  -94.99846   -0.00009    0.00012          2  0.000e+00
      52444   2185.125   1015.873   1025.147     5.2849     5.2853   3.410798   3.410621     1.8120     1.5043      94.70   27.33250  -94.99846   -0.00009    0.00012          2  0.000e+00
      52445   2185.167   1015.820   1025.093     5.2849     5.2850   3.410798   3.410634     1.8120     1.5043      94.70   27.33250  -94.99846   -0.00008    0.00011          2  0.000e+00
      52446   2185.208   1015.873   1025.147     5.2849     5.2850   3.410798   3.410628     1.8107     1.5043      94.70   27.33250  -94.99846   -0.00008    0.00010          2  0.000e+00
      52447   2185.250   1015.820   1025.093     5.2851     5.2852   3.410798   3.410666     1.8120     1.5043      94.77   27.33250  -94.99846   -0.00008    0.00010          2  0.000e+00
      52448   2185.292   1015.820   1025.093     5.2850     5.2851   3.410773   3.410621     1.8120     1.5043      94.80   27.33250  -94.99846   -0.00008    0.00009          2  0.000e+00
      52449   2185.333   1015.873   1025.147     5.2849     5.2850   3.410766   3.410608     1.8120     1.5043      94.82   27.33250  -94.99846   -0.00007    0.00008          2  0.000e+00
      52450   2185.375   1015.820   1025.093     5.2849     5.2846   3.410766   3.410576     1.8120     1.5043      94.80   27.33250  -94.99846   -0.00007    0.00007          2  0.000e+00
      52451   2185.417   1015.935   1025.209     5.2846     5.2845   3.410785   3.410602     1.8120     1.5031      94.80   27.33250  -94.99846   -0.00007    0.00005          2  0.000e+00
      52452   2185.458   1015.820   1025.093     5.2843     5.2846   3.410773   3.410595     1.8120     1.5043      94.80   27.33250  -94.99846   -0.00006    0.00004          2  0.000e+00
      52453   2185.500   1015.873   1025.147     5.2843     5.2847   3.410741   3.410570     1.8120     1.5031      94.80   27.33250  -94.99846   -0.00006    0.00001          2  0.000e+00
      52454   2185.542   1015.873   1025.147     5.2842     5.2848   3.410735   3.410582     1.8120     1.5031      94.80   27.33250  -94.99846   -0.00006   -0.00001          2  0.000e+00
      52455   2185.583   1015.873   1025.147     5.2842     5.2846   3.410754   3.410570     1.8120     1.5031      94.80   27.33250  -94.99846   -0.00006   -0.00002          2  0.000e+00
