Gulf of Mexico/GOMECC-4/1db/rb2103_0721.ros
* Sea-Bird SBE 9 Data File:
* FileName = C:\Users\scs.user.rb\CTD\GOMECC4\data\rb2103_0721.hex
* Software Version Seasave V 7.26.7.107
* Temperature SN = 4799
* Conductivity SN = 3860
* Number of Bytes Per Scan = 41
* Number of Voltage Words = 4
* Number of Scans Averaged by the Deck Unit = 1
* NMEA Latitude = 26 03.50 N
* NMEA Longitude = 093 43.74 W
* NMEA UTC (Time) = Oct 04 2021  04:36:25
* NMEA baud rate = 4800
# nquan = 17
# nvalues = 3192                                  
# units = specified
# name 0 = scan: Scan Count
# name 1 = timeS: Time, Elapsed [seconds]
# name 2 = depSM: Depth [salt water, m]
# name 3 = prDM: Pressure, Digiquartz [db]
# name 4 = t090C: Temperature [ITS-90, deg C]
# name 5 = t190C: Temperature, 2 [ITS-90, deg C]
# name 6 = c0S/m: Conductivity [S/m]
# name 7 = c1S/m: Conductivity, 2 [S/m]
# name 8 = sbeox0V: Oxygen raw, SBE 43 [V]
# name 9 = sbeox1V: Oxygen raw, SBE 43, 2 [V]
# name 10 = altM: Altimeter [m]
# name 11 = latitude: Latitude [deg]
# name 12 = longitude: Longitude [deg]
# name 13 = sbox0dV/dT: Oxygen, SBE 43 [dov/dt]
# name 14 = sbox1dV/dT: Oxygen, SBE 43, 2 [dov/dt]
# name 15 = nbf: Bottles Fired
# name 16 = flag:  0.000e+00
# interval = seconds: 0.0416667
# start_time = Oct 04 2021 04:36:25 [NMEA time, header]
# bad_flag = -9.990e-29
*END*
[from data line 426]
     128683   5361.750   2346.346   2375.086     4.3021     4.3031   3.381604   3.381561     1.8266     1.5092      41.54   26.05904  -93.72332    0.00009    0.00007          4  0.000e+00
     128684   5361.792   2346.346   2375.086     4.3020     4.3032   3.381591   3.381574     1.8266     1.5079      41.54   26.05904  -93.72332    0.00011    0.00006          4  0.000e+00
     128685   5361.833   2346.395   2375.136     4.3021     4.3030   3.381617   3.381586     1.8266     1.5079      41.54   26.05904  -93.72332    0.00011    0.00006          4  0.000e+00
     128686   5361.875   2346.346   2375.086     4.3020     4.3031   3.381623   3.381606     1.8254     1.5079      41.54   26.05904  -93.72332    0.00011    0.00006          4  0.000e+00
     128687   5361.917   2346.381   2375.122     4.3020     4.3029   3.381623   3.381548     1.8254     1.5079      47.57   26.05904  -93.72332    0.00011    0.00005          4  0.000e+00
     128688   5361.958   2346.346   2375.086     4.3021     4.3032   3.381604   3.381567     1.8254     1.5079      84.79   26.05904  -93.72332    0.00011    0.00005          4  0.000e+00
     128689   5362.000   2346.346   2375.087     4.3020     4.3029   3.381617   3.381561     1.8254     1.5079     100.00   26.05904  -93.72332    0.00011    0.00006          4  0.000e+00
     128690   5362.042   2346.347   2375.087     4.3021     4.3032   3.381623   3.381619     1.8254     1.5092     100.00   26.05904  -93.72332    0.00011    0.00007          4  0.000e+00
     128691   5362.083   2346.347   2375.087     4.3021     4.3030   3.381642   3.381599     1.8254     1.5092     100.00   26.05904  -93.72332    0.00010    0.00009          4  0.000e+00
     128692   5362.125   2346.347   2375.087     4.3020     4.3031   3.381636   3.381561     1.8254     1.5092     100.00   26.05904  -93.72332    0.00010    0.00008          4  0.000e+00
     128693   5362.167   2346.291   2375.030     4.3018     4.3033   3.381623   3.381593     1.8254     1.5079      99.98   26.05904  -93.72332    0.00008    0.00008          4  0.000e+00
     128694   5362.208   2346.291   2375.030     4.3021     4.3032   3.381598   3.381593     1.8254     1.5079     100.00   26.05904  -93.72332    0.00008    0.00009          4  0.000e+00
     128695   5362.250   2346.382   2375.123     4.3023     4.3034   3.381591   3.381561     1.8254     1.5079     100.00   26.05904  -93.72332    0.00008    0.00009          4  0.000e+00
     128696   5362.292   2346.291   2375.030     4.3020     4.3032   3.381617   3.381574     1.8254     1.5092     100.00   26.05904  -93.72332    0.00008    0.00010          4  0.000e+00
     128697   5362.333   2346.291   2375.030     4.3023     4.3034   3.381623   3.381586     1.8254     1.5079     100.00   26.05904  -93.72332    0.00008    0.00009          4  0.000e+00
     128698   5362.375   2346.291   2375.031     4.3020     4.3030   3.381623   3.381561     1.8254     1.5079     100.00   26.05904  -93.72332    0.00006    0.00009          4  0.000e+00
     128699   5362.417   2346.292   2375.031     4.3020     4.3032   3.381598   3.381574     1.8254     1.5092     100.00   26.05904  -93.72332    0.00004    0.00010          4  0.000e+00
     128700   5362.458   2346.292   2375.031     4.3021     4.3033   3.381617   3.381586     1.8254     1.5092     100.00   26.05904  -93.72332    0.00004    0.00011          4  0.000e+00
     128701   5362.500   2346.292   2375.031     4.3022     4.3032   3.381648   3.381586     1.8254     1.5079     100.00   26.05904  -93.72332    0.00004    0.00010          4  0.000e+00
     128702   5362.542   2346.222   2374.960     4.3021     4.3033   3.381654   3.381586     1.8254     1.5079     100.00   26.05904  -93.72332    0.00004    0.00010          4  0.000e+00
     128703   5362.583   2346.243   2374.981     4.3020     4.3033   3.381654   3.381586     1.8254     1.5079     100.00   26.05904  -93.72332    0.00005    0.00009          4  0.000e+00
     128704   5362.625   2346.292   2375.031     4.3023     4.3032   3.381655   3.381586     1.8266     1.5092     100.00   26.05904  -93.72332    0.00007    0.00010          4  0.000e+00
     128705   5362.667   2346.187   2374.924     4.3021     4.3033   3.381654   3.381586     1.8254     1.5079     100.00   26.05904  -93.72332    0.00007    0.00010          4  0.000e+00
     128706   5362.708   2346.243   2374.982     4.3023     4.3033   3.381629   3.381561     1.8254     1.5079     100.00   26.05904  -93.72332    0.00007    0.00011          4  0.000e+00
     128707   5362.750   2346.187   2374.925     4.3023     4.3033   3.381623   3.381599     1.8254     1.5092     100.00   26.05904  -93.72332    0.00005    0.00012          4  0.000e+00
     128708   5362.792   2346.188   2374.925     4.3023     4.3032   3.381623   3.381567     1.8254     1.5092     100.00   26.05904  -93.72332    0.00005    0.00013          4  0.000e+00
     128709   5362.833   2346.167   2374.903     4.3023     4.3034   3.381623   3.381574     1.8254     1.5079     100.00   26.05904  -93.72332    0.00005    0.00013          4  0.000e+00
     128710   5362.875   2346.188   2374.925     4.3024     4.3033   3.381642   3.381606     1.8254     1.5092     100.00   26.05904  -93.72332    0.00005    0.00014          4  0.000e+00
     128711   5362.917   2346.132   2374.868     4.3023     4.3033   3.381629   3.381612     1.8254     1.5092     100.00   26.05904  -93.72332    0.00004    0.00015          4  0.000e+00
     128712   5362.958   2346.132   2374.868     4.3023     4.3033   3.381623   3.381567     1.8254     1.5079     100.00   26.05904  -93.72332    0.00004    0.00014          4  0.000e+00
     128713   5363.000   2346.132   2374.868     4.3024     4.3032   3.381648   3.381593     1.8254     1.5092     100.00   26.05904  -93.72332    0.00004    0.00015          4  0.000e+00
     128714   5363.042   2346.132   2374.868     4.3024     4.3035   3.381654   3.381612     1.8254     1.5092     100.00   26.05904  -93.72332    0.00004    0.00016          4  0.000e+00
     128715   5363.083   2346.132   2374.869     4.3023     4.3034   3.381673   3.381612     1.8254     1.5092     100.00   26.05904  -93.72332    0.00004    0.00019          4  0.000e+00
     128716   5363.125   2346.083   2374.819     4.3024     4.3033   3.381642   3.381593     1.8254     1.5079     100.00   26.05904  -93.72332    0.00004    0.00018          4  0.000e+00
     128717   5363.167   2346.063   2374.798     4.3024     4.3036   3.381623   3.381586     1.8254     1.5079     100.00   26.05904  -93.72332    0.00005    0.00017          4  0.000e+00
     128718   5363.208   2346.084   2374.819     4.3025     4.3036   3.381642   3.381586     1.8254     1.5079     100.00   26.05904  -93.72332    0.00005    0.00016          4  0.000e+00
     128719   5363.250   2346.028   2374.762     4.3021     4.3035   3.381629   3.381606     1.8254     1.5079     100.00   26.05904  -93.72332    0.00003    0.00015          4  0.000e+00
     128720   5363.292   2346.084   2374.819     4.3023     4.3033   3.381648   3.381593     1.8254     1.5079     100.00   26.05904  -93.72332    0.00003    0.00015          4  0.000e+00
     128721   5363.333   2346.028   2374.762     4.3022     4.3035   3.381673   3.381606     1.8254     1.5079     100.00   26.05904  -93.72332    0.00003    0.00014          4  0.000e+00
     128722   5363.375   2346.028   2374.762     4.3023     4.3032   3.381661   3.381593     1.8254     1.5092     100.00   26.05904  -93.72332    0.00003    0.00015          4  0.000e+00
     128723   5363.417   2345.979   2374.713     4.3023     4.3033   3.381629   3.381586     1.8254     1.5092     100.00   26.05904  -93.72332    0.00003    0.00017          4  0.000e+00
     128724   5363.458   2346.028   2374.763     4.3025     4.3032   3.381604   3.381606     1.8254     1.5079     100.00   26.05904  -93.72332    0.00003    0.00016          4  0.000e+00
     128725   5363.500   2345.958   2374.692     4.3023     4.3032   3.381635   3.381612     1.8254     1.5079     100.00   26.05904  -93.72332    0.00001    0.00016          4  0.000e+00
     128726   5363.542   2345.980   2374.713     4.3024     4.3034   3.381673   3.381567     1.8254     1.5079     100.00   26.05904  -93.72332   -0.00001    0.00015          4  0.000e+00
     128727   5363.583   2345.980   2374.713     4.3025     4.3033   3.381635   3.381593     1.8254     1.5079     100.00   26.05904  -93.72332   -0.00001    0.00014          4  0.000e+00
     128728   5363.625   2345.924   2374.656     4.3024     4.3033   3.381648   3.381593     1.8254     1.5092     100.00   26.05904  -93.72332   -0.00002    0.00015          4  0.000e+00
     128729   5363.667   2345.980   2374.713     4.3023     4.3031   3.381654   3.381586     1.8254     1.5092     100.00   26.05904  -93.72332   -0.00002    0.00016          4  0.000e+00
     128730   5363.708   2345.924   2374.657     4.3023     4.3030   3.381654   3.381586     1.8254     1.5079     100.00   26.05904  -93.72332   -0.00002    0.00015          4  0.000e+00
     128731   5363.750   2345.924   2374.657     4.3024     4.3032   3.381654   3.381586     1.8254     1.5079     100.00   26.05904  -93.72332   -0.00001    0.00014          4  0.000e+00
     128732   5363.792   2345.868   2374.600     4.3025     4.3031   3.381635   3.381561     1.8266     1.5079     100.00   26.05904  -93.72332    0.00001    0.00013          4  0.000e+00
     128733   5363.833   2345.903   2374.635     4.3026     4.3030   3.381623   3.381573     1.8254     1.5079     100.00   26.05904  -93.72332    0.00001    0.00012          4  0.000e+00
     128734   5363.875   2345.924   2374.657     4.3026     4.3033   3.381642   3.381586     1.8254     1.5079     100.00   26.05904  -93.72332    0.00001    0.00011          4  0.000e+00
     128735   5363.917   2345.869   2374.600     4.3025     4.3032   3.381654   3.381586     1.8254     1.5079     100.00   26.05904  -93.72332    0.00000    0.00010          4  0.000e+00
     128736   5363.958   2345.869   2374.600     4.3024     4.3033   3.381610   3.381586     1.8254     1.5079     100.00   26.05904  -93.72332    0.00000    0.00009          4  0.000e+00
     128737   5364.000   2345.869   2374.600     4.3023     4.3033   3.381654   3.381586     1.8254     1.5079     100.00   26.05904  -93.72332 -3.517e-07    0.00010          4  0.000e+00
     128738   5364.042   2345.869   2374.600     4.3025     4.3032   3.381661   3.381586     1.8254     1.5079     100.00   26.05904  -93.72332    0.00002    0.00009          4  0.000e+00
     128739   5364.083   2345.820   2374.551     4.3024     4.3032   3.381629   3.381535     1.8254     1.5092     100.00   26.05904  -93.72332    0.00001    0.00010          4  0.000e+00
     128740   5364.125   2345.820   2374.551     4.3023     4.3033   3.381585   3.381586     1.8242     1.5092     100.00   26.05904  -93.72332   -0.00001    0.00011          4  0.000e+00
     128741   5364.167   2345.855   2374.586     4.3023     4.3029   3.381629   3.381567     1.8254     1.5079     100.00   26.05904  -93.72332   -0.00001    0.00010          4  0.000e+00
     128742   5364.208   2345.820   2374.551     4.3024     4.3035   3.381654   3.381573     1.8254     1.5092     100.00   26.05904  -93.72332   -0.00001    0.00011          4  0.000e+00
     128743   5364.250   2345.869   2374.601     4.3024     4.3031   3.381604   3.381586     1.8254     1.5079     100.00   26.05904  -93.72332    0.00001    0.00010          4  0.000e+00
     128744   5364.292   2345.821   2374.551     4.3023     4.3030   3.381616   3.381561     1.8254     1.5092     100.00   26.05904  -93.72332    0.00001    0.00011          4  0.000e+00
     128745   5364.333   2345.821   2374.551     4.3026     4.3033   3.381623   3.381573     1.8254     1.5079     100.00   26.05904  -93.72332    0.00001    0.00010          4  0.000e+00
     128746   5364.375   2345.821   2374.551     4.3021     4.3031   3.381642   3.381541     1.8254     1.5092     100.00   26.05904  -93.72332   -0.00001    0.00010          4  0.000e+00
     128747   5364.417   2345.821   2374.552     4.3023     4.3029   3.381629   3.381548     1.8254     1.5092     100.00   26.05904  -93.72332   -0.00001    0.00011          4  0.000e+00
     128748   5364.458   2345.821   2374.552     4.3023     4.3032   3.381604   3.381573     1.8254     1.5079     100.00   26.05904  -93.72332   -0.00002    0.00010          4  0.000e+00
     128749   5364.500   2345.800   2374.530     4.3022     4.3029   3.381591   3.381535     1.8266     1.5092     100.00   26.05904  -93.72332 1.7584e-07    0.00011          4  0.000e+00
     128750   5364.542   2345.821   2374.552     4.3024     4.3030   3.381635   3.381567     1.8266     1.5092     100.00   26.05904  -93.72332    0.00002    0.00011          4  0.000e+00
     128751   5364.583   2345.765   2374.495     4.3021     4.3030   3.381604   3.381561     1.8254     1.5092     100.00   26.05904  -93.72332    0.00003    0.00012          4  0.000e+00
     128752   5364.625   2345.821   2374.552     4.3023     4.3027   3.381642   3.381554     1.8254     1.5092     100.00   26.05904  -93.72332    0.00003    0.00012          4  0.000e+00
     128753   5364.667   2345.822   2374.552     4.3023     4.3032   3.381654   3.381573     1.8254     1.5079     100.00   26.05904  -93.72332    0.00003    0.00011          4  0.000e+00
     128754   5364.708   2345.822   2374.552     4.3023     4.3029   3.381673   3.381586     1.8254     1.5092     100.00   26.05904  -93.72332    0.00003    0.00012          4  0.000e+00
     128755   5364.750   2345.822   2374.552     4.3025     4.3030   3.381635   3.381561     1.8242     1.5092     100.00   26.05904  -93.72332    0.00001    0.00012          4  0.000e+00
     128756   5364.792   2345.822   2374.553     4.3021     4.3030   3.381623   3.381554     1.8254     1.5079     100.00   26.05904  -93.72332    0.00001    0.00011          4  0.000e+00
     128757   5364.833   2345.857   2374.588     4.3023     4.3033   3.381667   3.381573     1.8254     1.5092     100.00   26.05904  -93.72332    0.00000    0.00011          4  0.000e+00
     128758   5364.875   2345.822   2374.553     4.3023     4.3030   3.381635   3.381586     1.8254     1.5092     100.00   26.05904  -93.72332    0.00000    0.00012          4  0.000e+00
     128759   5364.917   2345.822   2374.553     4.3021     4.3032   3.381597   3.381605     1.8266     1.5079     100.00   26.05904  -93.72332    0.00000    0.00010          4  0.000e+00
     128760   5364.958   2345.871   2374.603     4.3023     4.3031   3.381616   3.381593     1.8254     1.5079     100.00   26.05904  -93.72332   -0.00002    0.00009          4  0.000e+00
     128761   5365.000   2345.822   2374.553     4.3022     4.3032   3.381623   3.381561     1.8254     1.5079     100.00   26.05904  -93.72332   -0.00002    0.00007          4  0.000e+00
     128762   5365.042   2345.872   2374.603     4.3023     4.3032   3.381623   3.381573     1.8254     1.5079     100.00   26.05904  -93.72332   -0.00002    0.00006          4  0.000e+00
     128763   5365.083   2345.823   2374.553     4.3024     4.3031   3.381642   3.381586     1.8254     1.5092     100.00   26.05904  -93.72332   -0.00003    0.00006          4  0.000e+00
     128764   5365.125   2345.872   2374.603     4.3026     4.3029   3.381635   3.381606     1.8266     1.5092     100.00   26.05904  -93.72332   -0.00001    0.00007          4  0.000e+00
     128765   5365.167   2345.858   2374.589     4.3023     4.3032   3.381623   3.381567     1.8266     1.5079     100.00   26.05904  -93.72332    0.00000    0.00007          4  0.000e+00
     128766   5365.208   2345.928   2374.661     4.3028     4.3031   3.381642   3.381554     1.8254     1.5092     100.00   26.05904  -93.72332 1.7584e-07    0.00007          4  0.000e+00
