Gulf of Mexico/GOMECC-4/1db/rb2103_0351.ros
* Sea-Bird SBE 9 Data File:
* FileName = C:\Users\scs.user.rb\CTD\GOMECC4\data\rb2103_0351.hex
* Software Version Seasave V 7.26.7.107
* Temperature SN = 4799
* Conductivity SN = 3860
* Number of Bytes Per Scan = 41
* Number of Voltage Words = 4
* Number of Scans Averaged by the Deck Unit = 1
* NMEA Latitude = 28 42.06 N
* NMEA Longitude = 087 45.57 W
* NMEA UTC (Time) = Sep 24 2021  11:26:03
* NMEA baud rate = 4800
# nquan = 17
# nvalues = 3192                                  
# units = specified
# name 0 = scan: Scan Count
# name 1 = timeS: Time, Elapsed [seconds]
# name 2 = depSM: Depth [salt water, m]
# name 3 = prDM: Pressure, Digiquartz [db]
# name 4 = t090C: Temperature [ITS-90, deg C]
# name 5 = t190C: Temperature, 2 [ITS-90, deg C]
# name 6 = c0S/m: Conductivity [S/m]
# name 7 = c1S/m: Conductivity, 2 [S/m]
# name 8 = sbeox0V: Oxygen raw, SBE 43 [V]
# name 9 = sbeox1V: Oxygen raw, SBE 43, 2 [V]
# name 10 = altM: Altimeter [m]
# name 11 = latitude: Latitude [deg]
# name 12 = longitude: Longitude [deg]
# name 13 = sbox0dV/dT: Oxygen, SBE 43 [dov/dt]
# name 14 = sbox1dV/dT: Oxygen, SBE 43, 2 [dov/dt]
# name 15 = nbf: Bottles Fired
# name 16 = flag:  0.000e+00
# interval = seconds: 0.0416667
# start_time = Sep 24 2021 11:26:03 [NMEA time, header]
# bad_flag = -9.990e-29
*END*
      77577   3232.333   2248.428   2275.895     4.2961     4.2968   3.377064   3.377007     1.8449     1.5311       9.11   28.70088  -87.76072   -0.00003   -0.00002          1  0.000e+00
      77578   3232.375   2248.482   2275.950     4.2960     4.2970   3.377076   3.376987     1.8449     1.5324       9.08   28.70088  -87.76072   -0.00003   -0.00002          1  0.000e+00
      77579   3232.417   2248.428   2275.895     4.2960     4.2966   3.377095   3.376968     1.8449     1.5324       9.08   28.70088  -87.76072   -0.00004   -0.00002          1  0.000e+00
      77580   3232.458   2248.428   2275.895     4.2961     4.2968   3.377083   3.376987     1.8449     1.5324       9.08   28.70088  -87.76072   -0.00004   -0.00001          1  0.000e+00
      77581   3232.500   2248.482   2275.950     4.2961     4.2968   3.377076   3.376981     1.8449     1.5324       9.11   28.70088  -87.76072   -0.00005   -0.00001          1  0.000e+00
      77582   3232.542   2248.428   2275.895     4.2961     4.2970   3.377114   3.376987     1.8449     1.5324       9.08   28.70088  -87.76072   -0.00005   -0.00001          1  0.000e+00
      77583   3232.583   2248.482   2275.950     4.2961     4.2967   3.377089   3.376994     1.8449     1.5324       9.08   28.70088  -87.76072   -0.00005   -0.00001          1  0.000e+00
      77584   3232.625   2248.428   2275.895     4.2960     4.2968   3.377095   3.376994     1.8449     1.5324       9.11   28.70088  -87.76072   -0.00006   -0.00001          1  0.000e+00
      77585   3232.667   2248.482   2275.950     4.2961     4.2968   3.377083   3.377000     1.8449     1.5324       9.11   28.70088  -87.76072   -0.00004   -0.00001          1  0.000e+00
      77586   3232.708   2248.428   2275.895     4.2960     4.2966   3.377095   3.376975     1.8449     1.5324       9.11   28.70088  -87.76072   -0.00003   -0.00001          1  0.000e+00
      77587   3232.750   2248.482   2275.950     4.2960     4.2968   3.377083   3.377007     1.8462     1.5324       9.13   28.70088  -87.76072   -0.00001   -0.00000          1  0.000e+00
      77588   3232.792   2248.482   2275.950     4.2961     4.2967   3.377076   3.376987     1.8449     1.5324       9.26   28.70088  -87.76072   -0.00002   -0.00000          1  0.000e+00
      77589   3232.833   2248.483   2275.950     4.2960     4.2968   3.377076   3.377013     1.8449     1.5324       9.30   28.70088  -87.76072   -0.00002   -0.00000          1  0.000e+00
      77590   3232.875   2248.428   2275.895     4.2961     4.2966   3.377095   3.376981     1.8462     1.5324       9.30   28.70088  -87.76072   -0.00000    0.00000          1  0.000e+00
      77591   3232.917   2248.545   2276.014     4.2963     4.2965   3.377083   3.376975     1.8449     1.5336       9.30   28.70088  -87.76072   -0.00001    0.00002          1  0.000e+00
      77592   3232.958   2248.428   2275.895     4.2961     4.2968   3.377076   3.376968     1.8449     1.5324       9.28   28.70088  -87.76072   -0.00001    0.00002          1  0.000e+00
      77593   3233.000   2248.545   2276.014     4.2961     4.2965   3.377095   3.376968     1.8449     1.5324       9.30   28.70088  -87.76072   -0.00001    0.00002          1  0.000e+00
      77594   3233.042   2248.483   2275.950     4.2961     4.2965   3.377083   3.376994     1.8449     1.5324       9.28   28.70088  -87.76072 -5.275e-07    0.00002          1  0.000e+00
      77595   3233.083   2248.483   2275.951     4.2960     4.2968   3.377095   3.376994     1.8449     1.5324       9.28   28.70088  -87.76072   -0.00000    0.00002          1  0.000e+00
      77596   3233.125   2248.483   2275.951     4.2960     4.2965   3.377083   3.376975     1.8449     1.5324       9.30   28.70088  -87.76072   -0.00001    0.00002          1  0.000e+00
      77597   3233.167   2248.483   2275.951     4.2961     4.2966   3.377076   3.376975     1.8449     1.5324       9.30   28.70088  -87.76072   -0.00001    0.00003          1  0.000e+00
      77598   3233.208   2248.545   2276.014     4.2960     4.2966   3.377076   3.376987     1.8449     1.5324       9.30   28.70088  -87.76072   -0.00001    0.00003          1  0.000e+00
      77599   3233.250   2248.545   2276.014     4.2961     4.2965   3.377095   3.376975     1.8449     1.5324       9.30   28.70088  -87.76072   -0.00002    0.00003          1  0.000e+00
      77600   3233.292   2248.545   2276.014     4.2961     4.2966   3.377102   3.376994     1.8449     1.5324       9.28   28.70088  -87.76072   -0.00002    0.00003          1  0.000e+00
      77601   3233.333   2248.545   2276.014     4.2960     4.2965   3.377057   3.376994     1.8449     1.5324       9.30   28.70088  -87.76072   -0.00000    0.00003          1  0.000e+00
      77602   3233.375   2248.545   2276.014     4.2961     4.2965   3.377083   3.376975     1.8449     1.5324       9.28   28.70088  -87.76072   -0.00001    0.00003          1  0.000e+00
      77603   3233.417   2248.545   2276.014     4.2961     4.2966   3.377083   3.376975     1.8462     1.5324       9.30   28.70088  -87.76072    0.00001    0.00003          1  0.000e+00
      77604   3233.458   2248.600   2276.069     4.2958     4.2967   3.377076   3.376987     1.8462     1.5324       9.28   28.70088  -87.76072    0.00004    0.00003          1  0.000e+00
      77605   3233.500   2248.615   2276.085     4.2958     4.2966   3.377076   3.376994     1.8449     1.5324       9.30   28.70088  -87.76072    0.00004    0.00003          1  0.000e+00
      77606   3233.542   2248.545   2276.014     4.2956     4.2965   3.377076   3.376981     1.8462     1.5324       9.30   28.70088  -87.76072    0.00005    0.00003          1  0.000e+00
      77607   3233.583   2248.600   2276.070     4.2960     4.2967   3.377095   3.376968     1.8449     1.5324       9.30   28.70088  -87.76072    0.00005    0.00004          1  0.000e+00
      77608   3233.625   2248.662   2276.133     4.2958     4.2965   3.377083   3.376987     1.8449     1.5324       9.30   28.70088  -87.76072    0.00004    0.00004          1  0.000e+00
      77609   3233.667   2248.600   2276.070     4.2958     4.2965   3.377051   3.376975     1.8449     1.5324       9.30   28.70088  -87.76072    0.00004    0.00004          1  0.000e+00
      77610   3233.708   2248.662   2276.133     4.2957     4.2965   3.377064   3.376994     1.8449     1.5324       9.28   28.70088  -87.76072    0.00004    0.00004          1  0.000e+00
      77611   3233.750   2248.600   2276.070     4.2958     4.2966   3.377051   3.377020     1.8449     1.5324       9.28   28.70088  -87.76072    0.00003    0.00004          1  0.000e+00
      77612   3233.792   2248.724   2276.196     4.2955     4.2965   3.377045   3.377000     1.8449     1.5324       9.21   28.70088  -87.76072    0.00003    0.00004          1  0.000e+00
      77613   3233.833   2248.662   2276.133     4.2957     4.2966   3.377083   3.377000     1.8449     1.5324       9.21   28.70088  -87.76072    0.00003    0.00004          1  0.000e+00
      77614   3233.875   2248.662   2276.133     4.2956     4.2965   3.377083   3.376994     1.8449     1.5324       9.21   28.70088  -87.76072    0.00004    0.00004          1  0.000e+00
      77615   3233.917   2248.724   2276.196     4.2958     4.2967   3.377051   3.377039     1.8449     1.5324       9.21   28.70088  -87.76072    0.00004    0.00004          1  0.000e+00
      77616   3233.958   2248.724   2276.196     4.2956     4.2966   3.377045   3.377020     1.8449     1.5324       9.21   28.70088  -87.76072    0.00005    0.00005          1  0.000e+00
      77617   3234.000   2248.724   2276.196     4.2957     4.2970   3.377064   3.377020     1.8449     1.5324       9.21   28.70088  -87.76072    0.00005    0.00005          1  0.000e+00
      77618   3234.042   2248.724   2276.196     4.2957     4.2967   3.377051   3.377000     1.8449     1.5324       9.21   28.70088  -87.76072    0.00005    0.00005          1  0.000e+00
      77619   3234.083   2248.724   2276.197     4.2954     4.2970   3.377064   3.377000     1.8449     1.5324       9.21   28.70088  -87.76072    0.00004    0.00003          1  0.000e+00
      77620   3234.125   2248.779   2276.252     4.2957     4.2968   3.377026   3.377020     1.8449     1.5324       9.21   28.70088  -87.76072    0.00004    0.00003          1  0.000e+00
      77621   3234.167   2248.779   2276.252     4.2957     4.2970   3.377057   3.377045     1.8449     1.5324       9.18   28.70088  -87.76072    0.00004    0.00001          1  0.000e+00
      77622   3234.208   2248.841   2276.315     4.2958     4.2970   3.377051   3.377039     1.8449     1.5324       9.18   28.70088  -87.76072    0.00003    0.00001          1  0.000e+00
      77623   3234.250   2248.779   2276.252     4.2957     4.2968   3.377083   3.377026     1.8462     1.5324       9.21   28.70088  -87.76072    0.00005    0.00001          1  0.000e+00
      77624   3234.292   2248.779   2276.252     4.2955     4.2968   3.377057   3.377026     1.8449     1.5336       9.21   28.70088  -87.76072    0.00005    0.00003          1  0.000e+00
      77625   3234.333   2248.841   2276.315     4.2958     4.2966   3.377064   3.377007     1.8449     1.5324       9.21   28.70088  -87.76072    0.00004    0.00003          1  0.000e+00
      77626   3234.375   2248.841   2276.315     4.2960     4.2968   3.377095   3.377020     1.8462     1.5324       9.21   28.70088  -87.76072    0.00006    0.00003          1  0.000e+00
      77627   3234.417   2248.841   2276.315     4.2958     4.2966   3.377083   3.377000     1.8449     1.5324       9.21   28.70088  -87.76072    0.00005    0.00003          1  0.000e+00
      77628   3234.458   2248.903   2276.379     4.2960     4.2965   3.377076   3.376981     1.8449     1.5324       9.21   28.70088  -87.76072    0.00005    0.00003          1  0.000e+00
      77629   3234.500   2248.841   2276.315     4.2958     4.2966   3.377051   3.377013     1.8449     1.5324       9.21   28.70088  -87.76072    0.00005    0.00003          1  0.000e+00
      77630   3234.542   2248.904   2276.379     4.2958     4.2966   3.377064   3.377026     1.8449     1.5324       9.21   28.70088  -87.76072    0.00004    0.00003          1  0.000e+00
      77631   3234.583   2248.904   2276.379     4.2960     4.2967   3.377076   3.377026     1.8449     1.5324       9.21   28.70088  -87.76072    0.00004    0.00003          1  0.000e+00
      77632   3234.625   2248.904   2276.379     4.2958     4.2966   3.377076   3.377007     1.8449     1.5324       9.21   28.70088  -87.76072    0.00004    0.00003          1  0.000e+00
      77633   3234.667   2248.958   2276.434     4.2961     4.2966   3.377076   3.376994     1.8449     1.5324       9.21   28.70088  -87.76072    0.00003    0.00003          1  0.000e+00
      77634   3234.708   2248.904   2276.379     4.2958     4.2968   3.377095   3.377013     1.8449     1.5324       9.21   28.70088  -87.76072    0.00003    0.00003          1  0.000e+00
      77635   3234.750   2248.958   2276.434     4.2960     4.2968   3.377083   3.376988     1.8449     1.5324       9.11   28.70088  -87.76072    0.00002    0.00003          1  0.000e+00
      77636   3234.792   2248.958   2276.434     4.2958     4.2965   3.377076   3.376968     1.8449     1.5324       8.94   28.70088  -87.76072    0.00002    0.00003          1  0.000e+00
      77637   3234.833   2248.974   2276.450     4.2960     4.2968   3.377095   3.376988     1.8462     1.5324       8.86   28.70088  -87.76072    0.00004    0.00003          1  0.000e+00
      77638   3234.875   2248.958   2276.434     4.2958     4.2966   3.377057   3.376981     1.8449     1.5324       8.86   28.70088  -87.76072    0.00003    0.00003          1  0.000e+00
      77639   3234.917   2249.020   2276.498     4.2957     4.2967   3.377045   3.377013     1.8449     1.5324       8.86   28.70088  -87.76072    0.00003    0.00003          1  0.000e+00
      77640   3234.958   2248.958   2276.434     4.2960     4.2965   3.377083   3.377026     1.8449     1.5324       8.89   28.70088  -87.76072    0.00002    0.00003          1  0.000e+00
      77641   3235.000   2249.021   2276.498     4.2956     4.2968   3.377102   3.376988     1.8449     1.5324       8.89   28.70088  -87.76072    0.00002    0.00003          1  0.000e+00
      77642   3235.042   2248.958   2276.435     4.2958     4.2965   3.377083   3.377013     1.8449     1.5324       8.89   28.70088  -87.76072    0.00002    0.00003          1  0.000e+00
      77643   3235.083   2249.021   2276.498     4.2957     4.2965   3.377076   3.377026     1.8449     1.5324       8.89   28.70088  -87.76072    0.00001    0.00003          1  0.000e+00
      77644   3235.125   2249.021   2276.498     4.2956     4.2967   3.377051   3.376988     1.8449     1.5324       8.89   28.70088  -87.76072    0.00001    0.00003          1  0.000e+00
      77645   3235.167   2249.021   2276.498     4.2958     4.2966   3.377045   3.377013     1.8449     1.5324       8.89   28.70088  -87.76072    0.00000    0.00003          1  0.000e+00
      77646   3235.208   2249.083   2276.561     4.2956     4.2966   3.377083   3.377026     1.8462     1.5324       8.89   28.70088  -87.76072    0.00004    0.00003          1  0.000e+00
      77647   3235.250   2249.021   2276.498     4.2957     4.2964   3.377083   3.376988     1.8449     1.5324       8.86   28.70088  -87.76072    0.00003    0.00003          1  0.000e+00
      77648   3235.292   2249.021   2276.498     4.2955     4.2970   3.377051   3.377013     1.8449     1.5324       8.86   28.70088  -87.76072    0.00003    0.00003          1  0.000e+00
      77649   3235.333   2249.021   2276.498     4.2956     4.2966   3.377045   3.377045     1.8449     1.5324       8.86   28.70088  -87.76072    0.00002    0.00001          1  0.000e+00
      77650   3235.375   2249.021   2276.498     4.2957     4.2967   3.377083   3.377000     1.8449     1.5324       8.86   28.70088  -87.76072    0.00002    0.00001          1  0.000e+00
      77651   3235.417   2249.083   2276.561     4.2957     4.2965   3.377083   3.377013     1.8449     1.5324       8.89   28.70088  -87.76072    0.00002    0.00001          1  0.000e+00
      77652   3235.458   2249.083   2276.561     4.2956     4.2967   3.377096   3.377026     1.8449     1.5324       8.89   28.70088  -87.76072    0.00001    0.00001          1  0.000e+00
      77653   3235.500   2249.021   2276.498     4.2957     4.2966   3.377083   3.376988     1.8449     1.5324       8.86   28.70088  -87.76072    0.00001    0.00001          1  0.000e+00
      77654   3235.542   2249.021   2276.498     4.2956     4.2965   3.377051   3.376988     1.8449     1.5324       8.86   28.70088  -87.76072    0.00000    0.00001          1  0.000e+00
      77655   3235.583   2249.083   2276.562     4.2957     4.2967   3.377064   3.376994     1.8449     1.5324       8.89   28.70088  -87.76072 8.7921e-07    0.00001          1  0.000e+00
      77656   3235.625   2248.959   2276.435     4.2957     4.2966   3.377095   3.376994     1.8449     1.5336       8.89   28.70088  -87.76072   -0.00000    0.00003          1  0.000e+00
      77657   3235.667   2249.138   2276.617     4.2958     4.2968   3.377083   3.377000     1.8449     1.5324       8.89   28.70088  -87.76072   -0.00001    0.00003          1  0.000e+00
      77658   3235.708   2249.083   2276.562     4.2958     4.2968   3.377051   3.377020     1.8449     1.5324       8.89   28.70088  -87.76072   -0.00001    0.00003          1  0.000e+00
      77659   3235.750   2249.021   2276.498     4.2960     4.2965   3.377045   3.377000     1.8449     1.5324       8.84   28.70088  -87.76072   -0.00001    0.00003          1  0.000e+00
      77660   3235.792   2249.021   2276.499     4.2958     4.2968   3.377064   3.377000     1.8449     1.5324       8.72   28.70088  -87.76072   -0.00002    0.00003          1  0.000e+00
      77661   3235.833   2249.021   2276.499     4.2957     4.2968   3.377076   3.376994     1.8449     1.5336       8.69   28.70088  -87.76072   -0.00002    0.00004          1  0.000e+00
