Gulf of Mexico/GOMECC-4/1db/rb2103_0701.ros
* Sea-Bird SBE 9 Data File:
* FileName = C:\Users\scs.user.rb\CTD\GOMECC4\data\rb2103_0701.hex
* Software Version Seasave V 7.26.7.107
* Temperature SN = 4799
* Conductivity SN = 3860
* Number of Bytes Per Scan = 41
* Number of Voltage Words = 4
* Number of Scans Averaged by the Deck Unit = 1
* NMEA Latitude = 26 03.47 N
* NMEA Longitude = 094 40.25 W
* NMEA UTC (Time) = Oct 03 2021  15:59:31
* NMEA baud rate = 4800
# nquan = 17
# nvalues = 3192                                  
# units = specified
# name 0 = scan: Scan Count
# name 1 = timeS: Time, Elapsed [seconds]
# name 2 = depSM: Depth [salt water, m]
# name 3 = prDM: Pressure, Digiquartz [db]
# name 4 = t090C: Temperature [ITS-90, deg C]
# name 5 = t190C: Temperature, 2 [ITS-90, deg C]
# name 6 = c0S/m: Conductivity [S/m]
# name 7 = c1S/m: Conductivity, 2 [S/m]
# name 8 = sbeox0V: Oxygen raw, SBE 43 [V]
# name 9 = sbeox1V: Oxygen raw, SBE 43, 2 [V]
# name 10 = altM: Altimeter [m]
# name 11 = latitude: Latitude [deg]
# name 12 = longitude: Longitude [deg]
# name 13 = sbox0dV/dT: Oxygen, SBE 43 [dov/dt]
# name 14 = sbox1dV/dT: Oxygen, SBE 43, 2 [dov/dt]
# name 15 = nbf: Bottles Fired
# name 16 = flag:  0.000e+00
# interval = seconds: 0.0416667
# start_time = Oct 03 2021 15:59:31 [NMEA time, header]
# bad_flag = -9.990e-29
*END*
[from data line 681]
     135951   5664.583   1977.792   2000.264     4.3003     4.3011   3.366340   3.366305     1.8730     1.5543     100.00   26.06004  -94.66990    0.00000   -0.00002          6  0.000e+00
     135952   5664.625   1977.813   2000.286     4.3001     4.3014   3.366366   3.366311     1.8730     1.5543     100.00   26.06004  -94.66990    0.00000   -0.00002          6  0.000e+00
     135953   5664.667   1977.792   2000.265     4.3001     4.3011   3.366359   3.366318     1.8730     1.5543     100.00   26.06004  -94.66990    0.00000   -0.00002          6  0.000e+00
     135954   5664.708   1977.764   2000.236     4.3001     4.3011   3.366372   3.366318     1.8730     1.5543     100.00   26.06004  -94.66990 7.0337e-07   -0.00002          6  0.000e+00
     135955   5664.750   1977.792   2000.265     4.3003     4.3009   3.366385   3.366337     1.8730     1.5543     100.00   26.06004  -94.66990 1.0301e-12   -0.00002          6  0.000e+00
     135956   5664.792   1977.813   2000.286     4.3003     4.3011   3.366359   3.366350     1.8730     1.5543     100.00   26.06004  -94.66990 -7.034e-07   -0.00002          6  0.000e+00
     135957   5664.833   1977.792   2000.265     4.3003     4.3011   3.366385   3.366350     1.8730     1.5543     100.00   26.06004  -94.66990   -0.00000   -0.00003          6  0.000e+00
     135958   5664.875   1977.764   2000.236     4.3000     4.3011   3.366321   3.366331     1.8730     1.5543     100.00   26.06004  -94.66990   -0.00000   -0.00003          6  0.000e+00
     135959   5664.917   1977.841   2000.314     4.3003     4.3010   3.366359   3.366343     1.8730     1.5543     100.00   26.06004  -94.66990   -0.00000   -0.00003          6  0.000e+00
     135960   5664.958   1977.792   2000.265     4.3003     4.3011   3.366385   3.366324     1.8730     1.5543     100.00   26.06004  -94.66990   -0.00000   -0.00003          6  0.000e+00
     135961   5665.000   1977.813   2000.286     4.3001     4.3011   3.366359   3.366299     1.8730     1.5543     100.00   26.06004  -94.66990   -0.00000   -0.00003          6  0.000e+00
     135962   5665.042   1977.792   2000.265     4.3003     4.3011   3.366372   3.366311     1.8730     1.5543     100.00   26.06004  -94.66990   -0.00000   -0.00003          6  0.000e+00
     135963   5665.083   1977.813   2000.286     4.3003     4.3011   3.366404   3.366343     1.8730     1.5543     100.00   26.06004  -94.66990   -0.00001   -0.00003          6  0.000e+00
     135964   5665.125   1977.792   2000.265     4.3003     4.3011   3.366378   3.366324     1.8730     1.5543     100.00   26.06004  -94.66990   -0.00001   -0.00004          6  0.000e+00
     135965   5665.167   1977.813   2000.286     4.3001     4.3009   3.366353   3.366343     1.8730     1.5543     100.00   26.06004  -94.66990   -0.00001   -0.00004          6  0.000e+00
     135966   5665.208   1977.792   2000.265     4.3007     4.3012   3.366353   3.366350     1.8730     1.5543     100.00   26.06004  -94.66990   -0.00001   -0.00004          6  0.000e+00
     135967   5665.250   1977.869   2000.343     4.3001     4.3011   3.366372   3.366350     1.8730     1.5543     100.00   26.06004  -94.66990   -0.00001   -0.00004          6  0.000e+00
     135968   5665.292   1977.793   2000.265     4.3003     4.3011   3.366385   3.366331     1.8730     1.5543     100.00   26.06004  -94.66990   -0.00001   -0.00004          6  0.000e+00
     135969   5665.333   1977.814   2000.287     4.3004     4.3011   3.366359   3.366318     1.8730     1.5543     100.00   26.06004  -94.66990   -0.00001   -0.00004          6  0.000e+00
     135970   5665.375   1977.841   2000.315     4.3001     4.3011   3.366372   3.366343     1.8730     1.5556     100.00   26.06004  -94.66990   -0.00001   -0.00003          6  0.000e+00
     135971   5665.417   1977.814   2000.287     4.3004     4.3011   3.366372   3.366324     1.8730     1.5543     100.00   26.06004  -94.66990   -0.00001   -0.00003          6  0.000e+00
     135972   5665.458   1977.842   2000.315     4.3003     4.3010   3.366353   3.366337     1.8730     1.5543     100.00   26.06004  -94.66990   -0.00003   -0.00001          6  0.000e+00
     135973   5665.500   1977.793   2000.266     4.3003     4.3012   3.366353   3.366350     1.8730     1.5543     100.00   26.06004  -94.66990   -0.00005    0.00000          6  0.000e+00
     135974   5665.542   1977.870   2000.344     4.3001     4.3011   3.366397   3.366324     1.8730     1.5543     100.00   26.06004  -94.66990   -0.00005    0.00000          6  0.000e+00
     135975   5665.583   1977.842   2000.315     4.3003     4.3011   3.366340   3.366343     1.8730     1.5543     100.00   26.06004  -94.66990   -0.00003    0.00000          6  0.000e+00
     135976   5665.625   1977.870   2000.344     4.3003     4.3011   3.366340   3.366324     1.8730     1.5543     100.00   26.06004  -94.66990   -0.00003 8.7920e-07          6  0.000e+00
     135977   5665.667   1977.793   2000.266     4.3001     4.3009   3.366353   3.366318     1.8730     1.5543     100.00   26.06004  -94.66990   -0.00004 -1.759e-07          6  0.000e+00
     135978   5665.708   1977.870   2000.344     4.3004     4.3008   3.366340   3.366318     1.8730     1.5543     100.00   26.06004  -94.66990   -0.00004    0.00002          6  0.000e+00
     135979   5665.750   1977.842   2000.316     4.3001     4.3011   3.366347   3.366318     1.8742     1.5543     100.00   26.06004  -94.66990   -0.00002    0.00002          6  0.000e+00
     135980   5665.792   1977.870   2000.344     4.3001     4.3009   3.366353   3.366318     1.8742     1.5543     100.00   26.06004  -94.66990   -0.00000    0.00002          6  0.000e+00
     135981   5665.833   1977.898   2000.372     4.3003     4.3011   3.366372   3.366299     1.8730     1.5543     100.00   26.06004  -94.66990   -0.00001    0.00001          6  0.000e+00
     135982   5665.875   1977.870   2000.344     4.3001     4.3009   3.366404   3.366337     1.8730     1.5543     100.00   26.06004  -94.66990   -0.00001    0.00001          6  0.000e+00
     135983   5665.917   1977.842   2000.316     4.3003     4.3009   3.366391   3.366324     1.8730     1.5543     100.00   26.06004  -94.66990    0.00001    0.00001          6  0.000e+00
     135984   5665.958   1977.870   2000.344     4.3001     4.3011   3.366385   3.366337     1.8730     1.5543     100.00   26.06004  -94.66990    0.00001    0.00001          6  0.000e+00
     135985   5666.000   1977.898   2000.373     4.3003     4.3011   3.366372   3.366331     1.8730     1.5543     100.00   26.06004  -94.66990    0.00001    0.00001          6  0.000e+00
     135986   5666.042   1977.898   2000.373     4.3001     4.3010   3.366334   3.366318     1.8730     1.5543     100.00   26.06004  -94.66990    0.00000    0.00001          6  0.000e+00
     135987   5666.083   1977.870   2000.344     4.3001     4.3009   3.366366   3.366343     1.8730     1.5543     100.00   26.06004  -94.66990    0.00000    0.00001          6  0.000e+00
     135988   5666.125   1977.954   2000.429     4.3004     4.3009   3.366385   3.366324     1.8730     1.5543     100.00   26.06004  -94.66990    0.00000    0.00001          6  0.000e+00
     135989   5666.167   1977.926   2000.401     4.3001     4.3008   3.366385   3.366337     1.8730     1.5543     100.00   26.06004  -94.66990 -3.517e-07    0.00001          6  0.000e+00
     135990   5666.208   1977.898   2000.373     4.3004     4.3011   3.366385   3.366305     1.8730     1.5556     100.00   26.06004  -94.66990   -0.00000    0.00003          6  0.000e+00
     135991   5666.250   1977.926   2000.401     4.3003     4.3009   3.366334   3.366311     1.8730     1.5543     100.00   26.06004  -94.66990   -0.00000    0.00002          6  0.000e+00
     135992   5666.292   1977.898   2000.373     4.3003     4.3010   3.366340   3.366318     1.8730     1.5543     100.00   26.06004  -94.66990   -0.00000    0.00002          6  0.000e+00
     135993   5666.333   1977.975   2000.451     4.3001     4.3011   3.366340   3.366299     1.8730     1.5543     100.00   26.06004  -94.66990   -0.00001    0.00002          6  0.000e+00
     135994   5666.375   1977.899   2000.373     4.3003     4.3009   3.366347   3.366356     1.8730     1.5543     100.00   26.06004  -94.66990   -0.00001    0.00002          6  0.000e+00
     135995   5666.417   1977.975   2000.451     4.3004     4.3010   3.366353   3.366337     1.8730     1.5543     100.00   26.06004  -94.66990   -0.00001    0.00002          6  0.000e+00
     135996   5666.458   1977.954   2000.430     4.3003     4.3008   3.366372   3.366318     1.8730     1.5543     100.00   26.06004  -94.66990    0.00001    0.00002          6  0.000e+00
     135997   5666.500   1977.975   2000.451     4.3003     4.3008   3.366334   3.366318     1.8730     1.5543     100.00   26.06004  -94.66990    0.00001    0.00002          6  0.000e+00
     135998   5666.542   1977.954   2000.430     4.3003     4.3008   3.366391   3.366343     1.8730     1.5543     100.00   26.06004  -94.66990    0.00001    0.00002          6  0.000e+00
     135999   5666.583   1978.003   2000.480     4.2999     4.3009   3.366366   3.366331     1.8730     1.5543     100.00   26.06004  -94.66990    0.00000    0.00003          6  0.000e+00
     136000   5666.625   1977.975   2000.451     4.3003     4.3008   3.366366   3.366343     1.8730     1.5543     100.00   26.06004  -94.66990    0.00000    0.00003          6  0.000e+00
     136001   5666.667   1977.955   2000.430     4.3003     4.3009   3.366353   3.366350     1.8730     1.5543     100.00   26.06004  -94.66990    0.00000    0.00003          6  0.000e+00
     136002   5666.708   1978.031   2000.508     4.3003     4.3009   3.366372   3.366305     1.8730     1.5543     100.00   26.06004  -94.66990    0.00002    0.00003          6  0.000e+00
     136003   5666.750   1978.004   2000.480     4.3001     4.3010   3.366385   3.366311     1.8730     1.5543     100.00   26.06004  -94.66990    0.00002    0.00003          6  0.000e+00
     136004   5666.792   1978.031   2000.508     4.3001     4.3009   3.366404   3.366343     1.8730     1.5543     100.00   26.06004  -94.66990    0.00002    0.00003          6  0.000e+00
     136005   5666.833   1978.004   2000.480     4.3003     4.3011   3.366391   3.366350     1.8742     1.5543     100.00   26.06004  -94.66990    0.00003    0.00003          6  0.000e+00
     136006   5666.875   1978.032   2000.508     4.3003     4.3010   3.366359   3.366350     1.8730     1.5543     100.00   26.06004  -94.66990    0.00003    0.00003          6  0.000e+00
     136007   5666.917   1978.059   2000.537     4.3001     4.3008   3.366385   3.366331     1.8730     1.5543     100.00   26.06004  -94.66990    0.00003    0.00003          6  0.000e+00
     136008   5666.958   1978.032   2000.508     4.3004     4.3011   3.366340   3.366343     1.8730     1.5543     100.00   26.06004  -94.66990    0.00003    0.00003          6  0.000e+00
     136009   5667.000   1978.060   2000.537     4.3001     4.3008   3.366340   3.366331     1.8730     1.5543     100.00   26.06004  -94.66990    0.00003    0.00003          6  0.000e+00
     136010   5667.042   1978.060   2000.537     4.3006     4.3011   3.366397   3.366318     1.8730     1.5543     100.00   26.06004  -94.66990    0.00003    0.00003          6  0.000e+00
     136011   5667.083   1978.081   2000.558     4.3001     4.3009   3.366391   3.366318     1.8730     1.5543     100.00   26.06004  -94.66990    0.00003    0.00001          6  0.000e+00
     136012   5667.125   1978.060   2000.537     4.3001     4.3010   3.366385   3.366299     1.8742     1.5543     100.00   26.06004  -94.66990    0.00004    0.00001          6  0.000e+00
     136013   5667.167   1978.081   2000.558     4.3003     4.3009   3.366385   3.366331     1.8730     1.5543     100.00   26.06004  -94.66990    0.00004    0.00001          6  0.000e+00
     136014   5667.208   1978.060   2000.537     4.3003     4.3011   3.366372   3.366350     1.8730     1.5543     100.00   26.06004  -94.66990    0.00004    0.00000          6  0.000e+00
     136015   5667.250   1978.081   2000.558     4.3003     4.3009   3.366353   3.366350     1.8730     1.5543     100.00   26.06004  -94.66990    0.00004    0.00000          6  0.000e+00
     136016   5667.292   1978.109   2000.587     4.3003     4.3011   3.366397   3.366350     1.8730     1.5543     100.00   26.06004  -94.66990    0.00004    0.00000          6  0.000e+00
     136017   5667.333   1978.081   2000.558     4.3001     4.3008   3.366391   3.366350     1.8730     1.5543     100.00   26.06004  -94.66990    0.00004    0.00000          6  0.000e+00
     136018   5667.375   1978.109   2000.587     4.3004     4.3009   3.366359   3.366350     1.8730     1.5543     100.00   26.06004  -94.66990    0.00004 1.7584e-07          6  0.000e+00
     136019   5667.417   1978.137   2000.615     4.3003     4.3011   3.366353   3.366331     1.8730     1.5543     100.00   26.06004  -94.66990    0.00003 -8.792e-07          6  0.000e+00
     136020   5667.458   1978.109   2000.587     4.3003     4.3008   3.366372   3.366318     1.8730     1.5543     100.00   26.06004  -94.66990    0.00003   -0.00000          6  0.000e+00
     136021   5667.500   1978.109   2000.587     4.3001     4.3011   3.366372   3.366363     1.8730     1.5543     100.00   26.06004  -94.66990    0.00003   -0.00000          6  0.000e+00
     136022   5667.542   1978.137   2000.615     4.3006     4.3014   3.366353   3.366311     1.8730     1.5543     100.00   26.06004  -94.66990    0.00003   -0.00000          6  0.000e+00
     136023   5667.583   1978.109   2000.587     4.3003     4.3008   3.366372   3.366331     1.8730     1.5543     100.00   26.06004  -94.66990    0.00003   -0.00001          6  0.000e+00
     136024   5667.625   1978.137   2000.615     4.3001     4.3008   3.366404   3.366350     1.8730     1.5543     100.00   26.06004  -94.66990    0.00003   -0.00001          6  0.000e+00
     136025   5667.667   1978.165   2000.644     4.3004     4.3010   3.366391   3.366350     1.8742     1.5543     100.00   26.06004  -94.66990    0.00004   -0.00001          6  0.000e+00
     136026   5667.708   1978.137   2000.616     4.3001     4.3011   3.366385   3.366331     1.8730     1.5543     100.00   26.06004  -94.66990    0.00004   -0.00001          6  0.000e+00
     136027   5667.750   1978.165   2000.644     4.3003     4.3008   3.366385   3.366343     1.8730     1.5543     100.00   26.06004  -94.66990    0.00004   -0.00001          6  0.000e+00
     136028   5667.792   1978.137   2000.616     4.3003     4.3011   3.366391   3.366331     1.8730     1.5543     100.00   26.06004  -94.66990    0.00004   -0.00001          6  0.000e+00
     136029   5667.833   1978.109   2000.587     4.3004     4.3009   3.366385   3.366318     1.8730     1.5543     100.00   26.06004  -94.66990    0.00004   -0.00001          6  0.000e+00
     136030   5667.875   1978.137   2000.616     4.3003     4.3011   3.366385   3.366337     1.8730     1.5543     100.00   26.06004  -94.66990    0.00003   -0.00001          6  0.000e+00
     136031   5667.917   1978.165   2000.644     4.3004     4.3010   3.366404   3.366350     1.8742     1.5543     100.00   26.06004  -94.66990    0.00005   -0.00001          6  0.000e+00
     136032   5667.958   1978.165   2000.644     4.3004     4.3009   3.366366   3.366324     1.8730     1.5543     100.00   26.06004  -94.66990    0.00005   -0.00001          6  0.000e+00
     136033   5668.000   1978.138   2000.616     4.3004     4.3009   3.366397   3.366343     1.8730     1.5543     100.00   26.06004  -94.66990    0.00005   -0.00002          6  0.000e+00
     136034   5668.042   1978.165   2000.644     4.3003     4.3008   3.366391   3.366324     1.8730     1.5543     100.00   26.06004  -94.66990    0.00004   -0.00002          6  0.000e+00
