Gulf of Mexico/GOMECC-4/1db/rb2103_0831.cnv
* Sea-Bird SBE 9 Data File:
* FileName = C:\Users\scs.user.rb\CTD\GOMECC4\data\rb2103_0831.hex
* Software Version Seasave V 7.26.7.107
* Temperature SN = 4799
* Conductivity SN = 3860
* Number of Bytes Per Scan = 41
* Number of Voltage Words = 4
* Number of Scans Averaged by the Deck Unit = 1
* NMEA Latitude = 22 16.43 N
* NMEA Longitude = 095 00.01 W
* NMEA UTC (Time) = Oct 07 2021  05:34:53
* NMEA baud rate = 4800
# nquan = 28
# nvalues = 514                         
# units = specified
# name 0 = scan: Scan Count
# name 1 = timeS: Time, Elapsed [seconds]
# name 2 = depSM: Depth [salt water, m]
# name 3 = prDM: Pressure, Digiquartz [db]
# name 4 = t090C: Temperature [ITS-90, deg C]
# name 5 = t190C: Temperature, 2 [ITS-90, deg C]
# name 6 = c0S/m: Conductivity [S/m]
# name 7 = c1S/m: Conductivity, 2 [S/m]
# name 8 = sbeox0V: Oxygen raw, SBE 43 [V]
# name 9 = sbeox1V: Oxygen raw, SBE 43, 2 [V]
# name 10 = altM: Altimeter [m]
# name 11 = latitude: Latitude [deg]
# name 12 = longitude: Longitude [deg]
# name 13 = sbox0dV/dT: Oxygen, SBE 43 [dov/dt]
# name 14 = sbox1dV/dT: Oxygen, SBE 43, 2 [dov/dt]
# name 15 = sbeox0ML/L: Oxygen, SBE 43 [ml/l], WS = 5
# name 16 = sbeox1ML/L: Oxygen, SBE 43, 2 [ml/l], WS = 5
# name 17 = potemp090C: Potential Temperature [ITS-90, deg C]
# name 18 = potemp190C: Potential Temperature, 2 [ITS-90, deg C]
# name 19 = sal00: Salinity, Practical [PSU]
# name 20 = sal11: Salinity, Practical, 2 [PSU]
# name 21 = sigma-é00: Density [sigma-theta, kg/m^3]
# name 22 = sigma-é11: Density, 2 [sigma-theta, kg/m^3]
# name 23 = avgsvCM: Average Sound Velocity [Chen-Millero, m/s], minP = 20, minS = 20
# name 24 = sbox0Mm/Kg: Oxygen, SBE 43 [umol/kg], WS = 5
# name 25 = sbox1Mm/Kg: Oxygen, SBE 43, 2 [umol/kg], WS = 5
# name 26 = nbin: number of scans per bin
# name 27 = flag: flag
# span 0 =       7789,     223955       
# span 1 =    324.503,   9331.436       
# span 2 =      4.969,   3395.802       
# span 3 =      5.000,   3445.000       
# span 4 =     4.2775,    29.9240       
# span 5 =     4.2782,    29.9259       
# span 6 =   3.344483,   6.040049       
# span 7 =   3.344436,   6.040675       
# span 8 =     1.5660,     3.3757       
# span 9 =     1.2688,     2.8940       
# span 10 =       9.77,     101.46      
# span 11 =   22.14392,   22.55830      
# span 12 =  -96.21375,  -94.44632      
# span 13 =   -0.03744,    0.02682      
# span 14 =   -0.03419,    0.02742      
# span 15 =     2.3891,     5.1077      
# span 16 =     2.4041,     5.1193      
# span 17 =     4.0775,    29.9205      
# span 18 =     4.0787,    29.9224      
# span 19 =    34.9121,    36.6679      
# span 20 =    34.9120,    36.6687      
# span 21 =    22.6533,    27.7593      
# span 22 =    22.6689,    27.7578      
# span 23 =       0.00,    1546.39      
# span 24 =    103.882,    222.710      
# span 25 =    104.538,    223.214      
# span 26 =         30,         71      
# span 27 = 0.0000e+00, 0.0000e+00      
# interval = decibars: 1                
# start_time = Oct 07 2021 05:34:53 [NMEA time, header]
# bad_flag = -9.990e-29
*END*
[from data line 208]
      53222   2217.531   1695.340   1713.000     4.2809     4.2814   3.352865   3.352827     1.9278     1.6064     100.00   22.27382  -95.00043   -0.00011   -0.00011     4.6672     4.6924     4.1374     4.1379    34.9705    34.9695    27.7482    27.7474    1497.22    202.811    203.905         32 0.0000e+00
      54421   2267.514   1740.677   1759.000     4.2780     4.2785   3.354492   3.354457     1.9221     1.6007     100.00   22.27365  -94.99968   -0.00009   -0.00023     4.6735     4.6968     4.1301     4.1305    34.9705    34.9696    27.7490    27.7483    1497.19    203.082    204.097         30 0.0000e+00
      55907   2329.415   1796.843   1816.000     4.2779     4.2785   3.356880   3.356841     1.9142     1.5929     100.00   22.27390  -95.00076   -0.00004   -0.00017     4.6769     4.6989     4.1244     4.1250    34.9713    34.9702    27.7503    27.7494    1497.21    203.233    204.187         30 0.0000e+00
      56035   2334.760   1801.769   1821.000     4.2777     4.2783   3.357028   3.356989     1.9133     1.5922     100.00   22.27360  -94.99953   -0.00018   -0.00002     4.6765     4.6990     4.1238     4.1244    34.9708    34.9697    27.7499    27.7490    1497.19    203.212    204.192         30 0.0000e+00
      56871   2369.603   1833.293   1853.000     4.2778     4.2784   3.358371   3.358326     1.9087     1.5884     100.00   22.27369  -94.99990   -0.00019   -0.00001     4.6779     4.7023     4.1207     4.1213    34.9712    34.9701    27.7506    27.7496    1497.22    203.272    204.334         30 0.0000e+00
      56997   2374.843   1838.218   1858.000     4.2776     4.2782   3.358548   3.358515     1.9081     1.5873      79.03   22.27360  -94.99951   -0.00011   -0.00024     4.6785     4.7006     4.1201     4.1206    34.9711    34.9701    27.7505    27.7497    1497.21    203.302    204.259         32 0.0000e+00
      60200   2508.310   1959.343   1981.000     4.2797     4.2803   3.363777   3.363739     1.8905     1.5709     100.00   22.27367  -94.99977   -0.00019   -0.00005     4.6830     4.7049     4.1099     4.1105    34.9719    34.9708    27.7522    27.7513    1497.36    203.496    204.448         30 0.0000e+00
      95016   3958.956   3336.138   3384.000     4.4031     4.4043   3.428769   3.428736     1.6813     1.3731      68.82   22.27363  -94.99956   -0.00010   -0.00010     4.5970     4.5987     4.0776     4.0787    34.9746    34.9730    27.7578    27.7565    1503.59    199.759    199.829         34 0.0000e+00
      95058   3960.709   3337.116   3385.000     4.4033     4.4044   3.428833   3.428799     1.6813     1.3730      67.68   22.27376  -95.00012   -0.00008   -0.00018     4.5974     4.5983     4.0776     4.0788    34.9748    34.9732    27.7580    27.7566    1503.61    199.773    199.813         51 0.0000e+00
      95104   3962.612   3338.094   3386.000     4.4033     4.4045   3.428877   3.428849     1.6811     1.3725      66.75   22.27376  -95.00012   -0.00006   -0.00018     4.5969     4.5963     4.0776     4.0787    34.9748    34.9732    27.7580    27.7566    1503.61    199.755    199.726         36 0.0000e+00
      95137   3963.981   3339.073   3387.000     4.4034     4.4047   3.428934   3.428907     1.6810     1.3724      65.94   22.27376  -95.00012   -0.00009   -0.00018     4.5973     4.5968     4.0775     4.0787    34.9749    34.9734    27.7581    27.7567    1503.62    199.771    199.747         32 0.0000e+00
      95168   3965.302   3340.051   3388.000     4.4036     4.4048   3.428977   3.428945     1.6808     1.3724      65.05   22.27376  -95.00012   -0.00007   -0.00009     4.5966     4.5971     4.0775     4.0787    34.9749    34.9732    27.7581    27.7566    1503.62    199.740    199.764         31 0.0000e+00
      95200   3966.609   3341.029   3389.000     4.4037     4.4049   3.429022   3.428996     1.6805     1.3724      64.03   22.27376  -95.00012   -0.00016   -0.00002     4.5959     4.5975     4.0775     4.0787    34.9748    34.9733    27.7580    27.7567    1503.63    199.710    199.780         31 0.0000e+00
      95230   3967.883   3342.007   3390.000     4.4038     4.4050   3.429076   3.429044     1.6804     1.3724      63.00   22.27376  -95.00012   -0.00021   -0.00001     4.5959     4.5983     4.0775     4.0787    34.9749    34.9733    27.7581    27.7567    1503.64    199.710    199.814         31 0.0000e+00
      95263   3969.233   3342.985   3391.000     4.4039     4.4051   3.429121   3.429076     1.6804     1.3724      62.03   22.27376  -95.00012   -0.00009   -0.00000     4.5967     4.5987     4.0775     4.0787    34.9749    34.9731    27.7581    27.7566    1503.64    199.745    199.832         34 0.0000e+00
      95297   3970.664   3343.963   3392.000     4.4041     4.4052   3.429169   3.429132     1.6802     1.3720      61.02   22.27376  -95.00012   -0.00003   -0.00006     4.5964     4.5975     4.0776     4.0787    34.9749    34.9733    27.7581    27.7567    1503.65    199.733    199.778         34 0.0000e+00
      95358   3973.222   3345.920   3394.000     4.4043     4.4055   3.429245   3.429218     1.6801     1.3717      59.23   22.27372  -94.99996   -0.00007   -0.00018     4.5969     4.5969     4.0776     4.0787    34.9747    34.9731    27.7579    27.7566    1503.66    199.754    199.754         32 0.0000e+00
      95391   3974.598   3346.898   3395.000     4.4045     4.4056   3.429306   3.429270     1.6801     1.3714      58.17   22.27376  -95.00012   -0.00005   -0.00017     4.5975     4.5963     4.0776     4.0787    34.9748    34.9732    27.7580    27.7566    1503.67    199.780    199.726         34 0.0000e+00
      95425   3975.984   3347.876   3396.000     4.4046     4.4057   3.429357   3.429324     1.6800     1.3712      57.19   22.27376  -95.00012   -0.00004   -0.00016     4.5976     4.5956     4.0776     4.0787    34.9749    34.9733    27.7581    27.7567    1503.67    199.781    199.695         32 0.0000e+00
      95456   3977.273   3348.854   3397.000     4.4047     4.4059   3.429407   3.429371     1.6799     1.3712      56.29   22.27376  -95.00012   -0.00005   -0.00012     4.5976     4.5961     4.0776     4.0787    34.9748    34.9733    27.7580    27.7567    1503.68    199.782    199.720         30 0.0000e+00
      95486   3978.549   3349.832   3398.000     4.4048     4.4060   3.429454   3.429415     1.6798     1.3711      55.54   22.27376  -95.00012   -0.00010   -0.00008     4.5977     4.5961     4.0776     4.0787    34.9749    34.9732    27.7581    27.7567    1503.69    199.788    199.719         31 0.0000e+00
      95518   3979.892   3350.811   3399.000     4.4049     4.4061   3.429499   3.429463     1.6795     1.3711      57.27   22.27376  -95.00012   -0.00011   -0.00004     4.5972     4.5969     4.0776     4.0787    34.9749    34.9733    27.7581    27.7567    1503.69    199.765    199.755         34 0.0000e+00
      95553   3981.315   3351.789   3400.000     4.4051     4.4062   3.429540   3.429509     1.6794     1.3707      53.32   22.27376  -95.00012   -0.00014   -0.00008     4.5970     4.5954     4.0776     4.0787    34.9748    34.9732    27.7580    27.7566    1503.70    199.759    199.686         34 0.0000e+00
      95585   3982.662   3352.767   3401.000     4.4052     4.4063   3.429588   3.429557     1.6790     1.3708      52.33   22.27376  -95.00012   -0.00018   -0.00010     4.5956     4.5964     4.0776     4.0787    34.9748    34.9733    27.7580    27.7567    1503.70    199.697    199.734         31 0.0000e+00
      95615   3983.921   3353.745   3402.000     4.4053     4.4064   3.429640   3.429605     1.6792     1.3706      51.41   22.27376  -95.00012   -0.00012   -0.00013     4.5971     4.5957     4.0776     4.0787    34.9749    34.9733    27.7581    27.7567    1503.71    199.762    199.703         30 0.0000e+00
      95646   3985.217   3354.723   3403.000     4.4054     4.4066   3.429683   3.429650     1.6789     1.3702      50.47   22.27376  -95.00012   -0.00008   -0.00016     4.5967     4.5946     4.0776     4.0788    34.9748    34.9732    27.7580    27.7566    1503.72    199.742    199.652         32 0.0000e+00
      95679   3986.577   3355.701   3404.000     4.4055     4.4067   3.429731   3.429698     1.6787     1.3703      49.43   22.27376  -95.00012   -0.00010   -0.00015     4.5961     4.5954     4.0776     4.0788    34.9748    34.9732    27.7580    27.7566    1503.72    199.719    199.689         33 0.0000e+00
      95712   3987.970   3356.680   3405.000     4.4057     4.4069   3.429780   3.429746     1.6783     1.3701      48.44   22.27376  -95.00012   -0.00019   -0.00007     4.5946     4.5952     4.0776     4.0788    34.9748    34.9732    27.7580    27.7566    1503.73    199.652    199.677         33 0.0000e+00
      95745   3989.326   3357.658   3406.000     4.4058     4.4070   3.429829   3.429797     1.6782     1.3701      47.58   22.27376  -95.00012   -0.00020   -0.00004     4.5946     4.5957     4.0776     4.0787    34.9749    34.9733    27.7581    27.7567    1503.73    199.652    199.701         32 0.0000e+00
      95776   3990.611   3358.636   3407.000     4.4059     4.4071   3.429867   3.429840     1.6779     1.3700      46.71   22.27376  -95.00012   -0.00022   -0.00006     4.5937     4.5959     4.0776     4.0787    34.9747    34.9732    27.7580    27.7567    1503.74    199.615    199.710         30 0.0000e+00
      95805   3991.847   3359.614   3408.000     4.4060     4.4072   3.429923   3.429887     1.6778     1.3700      45.01   22.27376  -95.00012   -0.00017   -0.00004     4.5939     4.5961     4.0775     4.0787    34.9749    34.9733    27.7581    27.7567    1503.75    199.624    199.717         30 0.0000e+00
      95837   3993.157   3360.592   3409.000     4.4061     4.4073   3.429963   3.429936     1.6778     1.3700      44.66   22.27376  -95.00012   -0.00008   -0.00003     4.5948     4.5969     4.0775     4.0787    34.9748    34.9733    27.7580    27.7567    1503.75    199.662    199.752         33 0.0000e+00
      95872   3994.623   3361.570   3410.000     4.4062     4.4075   3.430013   3.429988     1.6778     1.3700      43.67   22.27376  -95.00012   -0.00001   -0.00002     4.5950     4.5972     4.0776     4.0788    34.9748    34.9733    27.7581    27.7567    1503.76    199.671    199.768         36 0.0000e+00
      95905   3996.016   3362.548   3411.000     4.4064     4.4076   3.430061   3.430031     1.6777     1.3700      42.73   22.27376  -95.00012   -0.00003    0.00001     4.5955     4.5980     4.0776     4.0788    34.9748    34.9732    27.7580    27.7566    1503.77    199.691    199.802         31 0.0000e+00
      95965   3998.508   3364.504   3413.000     4.4066     4.4079   3.430148   3.430111     1.6774     1.3694      40.88   22.27369  -94.99981   -0.00009   -0.00017     4.5952     4.5962     4.0776     4.0788    34.9747    34.9731    27.7580    27.7565    1503.78    199.680    199.721         32 0.0000e+00
      95998   3999.878   3365.482   3414.000     4.4068     4.4080   3.430208   3.430170     1.6771     1.3691      39.77   22.27376  -95.00012   -0.00010   -0.00021     4.5943     4.5951     4.0776     4.0788    34.9749    34.9732    27.7581    27.7566    1503.79    199.641    199.673         34 0.0000e+00
      96032   4001.275   3366.461   3415.000     4.4069     4.4081   3.430259   3.430220     1.6771     1.3688      38.92   22.27378  -95.00012   -0.00011   -0.00019     4.5949     4.5940     4.0776     4.0787    34.9749    34.9733    27.7581    27.7567    1503.79    199.668    199.627         33 0.0000e+00
      96064   4002.635   3367.439   3416.000     4.4071     4.4082   3.430300   3.430266     1.6771     1.3688      37.90   22.27378  -95.00012   -0.00009   -0.00013     4.5952     4.5946     4.0776     4.0788    34.9748    34.9732    27.7580    27.7566    1503.80    199.681    199.652         32 0.0000e+00
      96097   4003.981   3368.417   3417.000     4.4072     4.4084   3.430348   3.430314     1.6768     1.3687      36.99   22.27378  -95.00012   -0.00008   -0.00007     4.5943     4.5947     4.0776     4.0788    34.9748    34.9732    27.7580    27.7566    1503.80    199.638    199.659         32 0.0000e+00
      96128   4005.280   3369.395   3418.000     4.4073     4.4085   3.430395   3.430363     1.6766     1.3687      36.10   22.27378  -95.00012   -0.00010   -0.00004     4.5941     4.5953     4.0776     4.0788    34.9748    34.9732    27.7580    27.7566    1503.81    199.633    199.684         30 0.0000e+00
      96158   4006.552   3370.373   3419.000     4.4074     4.4086   3.430445   3.430404     1.6764     1.3687      35.09   22.27378  -95.00012   -0.00017   -0.00001     4.5939     4.5957     4.0776     4.0788    34.9749    34.9732    27.7581    27.7566    1503.82    199.621    199.701         31 0.0000e+00
      96190   4007.874   3371.351   3420.000     4.4075     4.4087   3.430494   3.430457     1.6765     1.3685      34.08   22.27378  -95.00012   -0.00010   -0.00004     4.5946     4.5954     4.0776     4.0788    34.9749    34.9732    27.7581    27.7566    1503.82    199.655    199.687         33 0.0000e+00
      96224   4009.275   3372.329   3421.000     4.4076     4.4088   3.430539   3.430501     1.6763     1.3681      33.18   22.27378  -95.00012   -0.00004   -0.00015     4.5943     4.5937     4.0776     4.0788    34.9749    34.9732    27.7581    27.7566    1503.83    199.640    199.616         34 0.0000e+00
      96257   4010.664   3373.307   3422.000     4.4078     4.4090   3.430588   3.430558     1.6763     1.3678      32.18   22.27376  -95.00012   -0.00005   -0.00024     4.5949     4.5931     4.0777     4.0788    34.9748    34.9733    27.7580    27.7567    1503.83    199.667    199.589         32 0.0000e+00
      96317   4013.158   3375.263   3424.000     4.4080     4.4093   3.430665   3.430641     1.6758     1.3677      30.34   22.27371  -94.99991   -0.00015   -0.00006     4.5939     4.5933     4.0776     4.0788    34.9747    34.9731    27.7579    27.7565    1503.84    199.623    199.598         31 0.0000e+00
      96350   4014.535   3376.241   3425.000     4.4081     4.4094   3.430728   3.430697     1.6755     1.3676      29.36   22.27376  -95.00012   -0.00018   -0.00009     4.5930     4.5938     4.0776     4.0788    34.9749    34.9732    27.7581    27.7566    1503.85    199.585    199.620         35 0.0000e+00
      96385   4015.981   3377.219   3426.000     4.4082     4.4095   3.430776   3.430740     1.6754     1.3675      28.37   22.27376  -95.00012   -0.00016   -0.00010     4.5929     4.5937     4.0776     4.0788    34.9749    34.9732    27.7581    27.7566    1503.86    199.577    199.613         33 0.0000e+00
      96416   4017.296   3378.197   3427.000     4.4083     4.4096   3.430823   3.430796     1.6753     1.3675      27.50   22.27378  -95.00012   -0.00012   -0.00005     4.5929     4.5943     4.0776     4.0788    34.9749    34.9733    27.7581    27.7567    1503.86    199.579    199.639         31 0.0000e+00
      96447   4018.581   3379.175   3428.000     4.4084     4.4097   3.430867   3.430835     1.6752     1.3675      26.53   22.27378  -95.00013   -0.00010   -0.00003     4.5931     4.5947     4.0776     4.0788    34.9749    34.9733    27.7581    27.7567    1503.87    199.589    199.656         31 0.0000e+00
      96479   4019.904   3380.153   3429.000     4.4086     4.4099   3.430912   3.430884     1.6752     1.3675      25.49   22.27378  -95.00013   -0.00006   -0.00001     4.5935     4.5954     4.0776     4.0788    34.9748    34.9732    27.7580    27.7566    1503.88    199.606    199.689         32 0.0000e+00
