Gulf of Mexico/GOMECC-4/1db/rb2103_0111.ros
* Sea-Bird SBE 9 Data File:
* FileName = C:\Users\scs.user.rb\CTD\GOMECC4\data\rb2103_0111.hex
* Software Version Seasave V 7.26.7.107
* Temperature SN = 4799
* Conductivity SN = 3860
* Number of Bytes Per Scan = 41
* Number of Voltage Words = 4
* Number of Scans Averaged by the Deck Unit = 1
* NMEA Latitude = 26 26.63 N
* NMEA Longitude = 085 20.00 W
* NMEA UTC (Time) = Sep 18 2021  04:11:12
* NMEA baud rate = 4800
# nquan = 17
# nvalues = 3192                                  
# units = specified
# name 0 = scan: Scan Count
# name 1 = timeS: Time, Elapsed [seconds]
# name 2 = depSM: Depth [salt water, m]
# name 3 = prDM: Pressure, Digiquartz [db]
# name 4 = t090C: Temperature [ITS-90, deg C]
# name 5 = t190C: Temperature, 2 [ITS-90, deg C]
# name 6 = c0S/m: Conductivity [S/m]
# name 7 = c1S/m: Conductivity, 2 [S/m]
# name 8 = sbeox0V: Oxygen raw, SBE 43 [V]
# name 9 = sbeox1V: Oxygen raw, SBE 43, 2 [V]
# name 10 = altM: Altimeter [m]
# name 11 = latitude: Latitude [deg]
# name 12 = longitude: Longitude [deg]
# name 13 = sbox0dV/dT: Oxygen, SBE 43 [dov/dt]
# name 14 = sbox1dV/dT: Oxygen, SBE 43, 2 [dov/dt]
# name 15 = nbf: Bottles Fired
# name 16 = flag:  0.000e+00
# interval = seconds: 0.0416667
# start_time = Sep 18 2021 04:11:12 [NMEA time, header]
# bad_flag = -9.990e-29
*END*
[from data line 511]
     128608   5358.625   2518.460   2550.420     4.3223     4.3234   3.390240   3.390181     1.7949     1.4847     100.00   26.44374  -85.33234 1.7584e-07    0.00001          4  0.000e+00
     128609   5358.667   2518.413   2550.372     4.3226     4.3232   3.390215   3.390193     1.7949     1.4847     100.00   26.44374  -85.33234    0.00000    0.00001          4  0.000e+00
     128610   5358.708   2518.460   2550.420     4.3223     4.3234   3.390227   3.390168     1.7949     1.4847     100.00   26.44374  -85.33234    0.00000    0.00001          4  0.000e+00
     128611   5358.750   2518.530   2550.492     4.3224     4.3234   3.390234   3.390181     1.7949     1.4847     100.00   26.44374  -85.33234   -0.00001    0.00001          4  0.000e+00
     128612   5358.792   2518.468   2550.428     4.3223     4.3235   3.390215   3.390168     1.7949     1.4847     100.00   26.44374  -85.33234   -0.00001    0.00001          4  0.000e+00
     128613   5358.833   2518.460   2550.420     4.3224     4.3235   3.390227   3.390181     1.7949     1.4847     100.00   26.44374  -85.33234   -0.00001    0.00001          4  0.000e+00
     128614   5358.875   2518.530   2550.492     4.3223     4.3234   3.390234   3.390193     1.7949     1.4847     100.00   26.44374  -85.33234   -0.00001    0.00001          4  0.000e+00
     128615   5358.917   2518.531   2550.492     4.3223     4.3234   3.390234   3.390168     1.7949     1.4847     100.00   26.44374  -85.33234   -0.00001    0.00001          4  0.000e+00
     128616   5358.958   2518.460   2550.420     4.3224     4.3232   3.390259   3.390206     1.7949     1.4847     100.00   26.44374  -85.33234   -0.00001    0.00001          4  0.000e+00
     128617   5359.000   2518.531   2550.492     4.3223     4.3234   3.390266   3.390200     1.7949     1.4847     100.00   26.44374  -85.33234   -0.00001    0.00001          4  0.000e+00
     128618   5359.042   2518.531   2550.492     4.3226     4.3232   3.390246   3.390213     1.7937     1.4847     100.00   26.44374  -85.33234   -0.00003    0.00001          4  0.000e+00
     128619   5359.083   2518.523   2550.484     4.3224     4.3232   3.390259   3.390174     1.7949     1.4847     100.00   26.44374  -85.33234   -0.00003    0.00001          4  0.000e+00
     128620   5359.125   2518.531   2550.492     4.3226     4.3235   3.390246   3.390181     1.7937     1.4847     100.00   26.44374  -85.33234   -0.00004    0.00002          4  0.000e+00
     128621   5359.167   2518.523   2550.484     4.3226     4.3234   3.390259   3.390193     1.7937     1.4847     100.00   26.44374  -85.33234   -0.00006    0.00002          4  0.000e+00
     128622   5359.208   2518.531   2550.492     4.3224     4.3234   3.390221   3.390213     1.7949     1.4847     100.00   26.44374  -85.33234   -0.00006    0.00002          4  0.000e+00
     128623   5359.250   2518.531   2550.492     4.3226     4.3235   3.390227   3.390174     1.7949     1.4847     100.00   26.44374  -85.33234   -0.00005    0.00002          4  0.000e+00
     128624   5359.292   2518.523   2550.484     4.3223     4.3234   3.390259   3.390181     1.7961     1.4847     100.00   26.44374  -85.33234   -0.00004    0.00002          4  0.000e+00
     128625   5359.333   2518.531   2550.492     4.3226     4.3234   3.390215   3.390213     1.7961     1.4847     100.00   26.44374  -85.33234   -0.00002    0.00002          4  0.000e+00
     128626   5359.375   2518.531   2550.492     4.3224     4.3232   3.390202   3.390174     1.7949     1.4847     100.00   26.44374  -85.33234   -0.00002    0.00002          4  0.000e+00
     128627   5359.417   2518.523   2550.485     4.3224     4.3235   3.390227   3.390181     1.7949     1.4847     100.00   26.44374  -85.33234   -0.00001 -1.030e-12          4  0.000e+00
     128628   5359.458   2518.531   2550.493     4.3224     4.3236   3.390208   3.390193     1.7949     1.4847     100.00   26.44374  -85.33234   -0.00001    0.00000          4  0.000e+00
     134772   5615.458   2321.259   2349.618     4.3081     4.3090   3.381095   3.381026     1.8242     1.5116      74.48   26.44372  -85.33228   -0.00001   -0.00016          5  0.000e+00
     134773   5615.500   2321.157   2349.515     4.3083     4.3090   3.381121   3.381026     1.8230     1.5128      94.24   26.44372  -85.33228   -0.00003   -0.00015          5  0.000e+00
     134774   5615.542   2321.259   2349.618     4.3083     4.3087   3.381076   3.381026     1.8230     1.5128     100.00   26.44372  -85.33228   -0.00003   -0.00014          5  0.000e+00
     134775   5615.583   2321.158   2349.515     4.3081     4.3087   3.381102   3.381001     1.8230     1.5116     100.00   26.44372  -85.33228   -0.00003   -0.00015          5  0.000e+00
     134776   5615.625   2321.259   2349.618     4.3080     4.3090   3.381095   3.380994     1.8230     1.5116     100.00   26.44372  -85.33228   -0.00003   -0.00015          5  0.000e+00
     134777   5615.667   2321.158   2349.515     4.3081     4.3089   3.381095   3.381013     1.8230     1.5116     100.00   26.44372  -85.33228   -0.00005   -0.00016          5  0.000e+00
     134778   5615.708   2321.259   2349.618     4.3079     4.3088   3.381114   3.381026     1.8230     1.5116     100.00   26.44372  -85.33228   -0.00005   -0.00015          5  0.000e+00
     134779   5615.750   2321.158   2349.515     4.3081     4.3089   3.381095   3.381026     1.8230     1.5116     100.00   26.44372  -85.33228   -0.00005   -0.00014          5  0.000e+00
     134780   5615.792   2321.197   2349.555     4.3080     4.3087   3.381064   3.381001     1.8242     1.5116     100.00   26.44372  -85.33228   -0.00004   -0.00013          5  0.000e+00
     134781   5615.833   2321.220   2349.579     4.3081     4.3088   3.381076   3.380994     1.8242     1.5116     100.00   26.44372  -85.33228   -0.00002   -0.00014          5  0.000e+00
     134782   5615.875   2321.197   2349.555     4.3081     4.3087   3.381070   3.381014     1.8242     1.5116     100.00   26.44372  -85.33228   -0.00002   -0.00015          5  0.000e+00
     134783   5615.917   2321.220   2349.579     4.3081     4.3089   3.381083   3.381026     1.8242     1.5116     100.00   26.44372  -85.33228   -0.00000   -0.00016          5  0.000e+00
     134784   5615.958   2321.135   2349.492     4.3082     4.3088   3.381089   3.381026     1.8242     1.5116     100.00   26.44372  -85.33228    0.00001   -0.00016          5  0.000e+00
     134785   5616.000   2321.220   2349.579     4.3083     4.3089   3.381089   3.381046     1.8242     1.5116     100.00   26.44372  -85.33228    0.00001   -0.00015          5  0.000e+00
     134786   5616.042   2321.197   2349.555     4.3081     4.3089   3.381070   3.381007     1.8230     1.5116     100.00   26.44372  -85.33228    0.00001   -0.00016          5  0.000e+00
     134787   5616.083   2321.220   2349.579     4.3084     4.3092   3.381108   3.380994     1.8242     1.5116     100.00   26.44372  -85.33228    0.00001   -0.00015          5  0.000e+00
     134788   5616.125   2321.197   2349.555     4.3081     4.3089   3.381121   3.381039     1.8242     1.5116     100.00   26.44372  -85.33228    0.00001   -0.00014          5  0.000e+00
     134789   5616.167   2321.158   2349.516     4.3081     4.3087   3.381070   3.381058     1.8242     1.5116     100.00   26.44372  -85.33228    0.00003   -0.00015          5  0.000e+00
     134790   5616.208   2321.197   2349.555     4.3082     4.3088   3.381064   3.381058     1.8230     1.5116     100.00   26.44372  -85.33228    0.00001   -0.00014          5  0.000e+00
     134791   5616.250   2321.158   2349.516     4.3083     4.3089   3.381108   3.381033     1.8242     1.5116     100.00   26.44372  -85.33228    0.00000   -0.00015          5  0.000e+00
     134792   5616.292   2321.197   2349.556     4.3081     4.3090   3.381095   3.380975     1.8242     1.5128     100.00   26.44372  -85.33228    0.00002   -0.00014          5  0.000e+00
     134793   5616.333   2321.221   2349.579     4.3081     4.3087   3.381089   3.380981     1.8230     1.5128     100.00   26.44372  -85.33228    0.00002   -0.00011          5  0.000e+00
     134794   5616.375   2321.197   2349.556     4.3083     4.3089   3.381095   3.381039     1.8242     1.5128     100.00   26.44372  -85.33228    0.00004   -0.00010          5  0.000e+00
     134795   5616.417   2321.158   2349.516     4.3081     4.3089   3.381089   3.381007     1.8242     1.5116     100.00   26.44372  -85.33228    0.00005   -0.00009          5  0.000e+00
     134796   5616.458   2321.197   2349.556     4.3081     4.3090   3.381089   3.381039     1.8230     1.5116     100.00   26.44372  -85.33228    0.00005   -0.00008          5  0.000e+00
     134797   5616.500   2321.158   2349.516     4.3080     4.3090   3.381108   3.381007     1.8242     1.5116     100.00   26.44372  -85.33228    0.00007   -0.00007          5  0.000e+00
     134798   5616.542   2321.197   2349.556     4.3083     4.3089   3.381095   3.380994     1.8230     1.5116     100.00   26.44372  -85.33228    0.00007   -0.00006          5  0.000e+00
     134799   5616.583   2321.159   2349.516     4.3082     4.3088   3.381070   3.381013     1.8230     1.5116     100.00   26.44372  -85.33228    0.00007   -0.00005          5  0.000e+00
     134800   5616.625   2321.198   2349.556     4.3080     4.3089   3.381057   3.381046     1.8230     1.5128     100.00   26.44372  -85.33228    0.00005   -0.00003          5  0.000e+00
     134801   5616.667   2321.221   2349.580     4.3081     4.3089   3.381102   3.381007     1.8230     1.5116     100.00   26.44372  -85.33228    0.00003   -0.00002          5  0.000e+00
     134802   5616.708   2321.135   2349.493     4.3082     4.3088   3.381121   3.381013     1.8230     1.5116     100.00   26.44372  -85.33228    0.00001   -0.00001          5  0.000e+00
     134803   5616.750   2321.159   2349.516     4.3081     4.3087   3.381083   3.381026     1.8230     1.5116     100.00   26.44372  -85.33228   -0.00001   -0.00002          5  0.000e+00
     134804   5616.792   2321.198   2349.556     4.3083     4.3089   3.381083   3.381001     1.8242     1.5116     100.00   26.44372  -85.33228   -0.00001   -0.00002          5  0.000e+00
     134805   5616.833   2321.221   2349.580     4.3079     4.3088   3.381108   3.380994     1.8230     1.5116     100.00   26.44372  -85.33228   -0.00003   -0.00001          5  0.000e+00
     134806   5616.875   2321.136   2349.493     4.3083     4.3087   3.381121   3.381013     1.8242     1.5116     100.00   26.44372  -85.33228   -0.00003    0.00000          5  0.000e+00
     134807   5616.917   2321.159   2349.517     4.3081     4.3089   3.381102   3.381026     1.8242     1.5116     100.00   26.44372  -85.33228   -0.00001   -0.00000          5  0.000e+00
     134808   5616.958   2321.198   2349.556     4.3081     4.3087   3.381089   3.381046     1.8242     1.5116     100.00   26.44372  -85.33228    0.00001   -0.00001          5  0.000e+00
     134809   5617.000   2321.159   2349.517     4.3083     4.3089   3.381089   3.381007     1.8230     1.5116     100.00   26.44372  -85.33228   -0.00001   -0.00001          5  0.000e+00
     134810   5617.042   2321.198   2349.556     4.3080     4.3087   3.381089   3.381039     1.8230     1.5116     100.00   26.44372  -85.33228   -0.00003   -0.00002          5  0.000e+00
     134811   5617.083   2321.105   2349.461     4.3082     4.3090   3.381121   3.381007     1.8230     1.5128     100.00   26.44372  -85.33228   -0.00005    0.00001          5  0.000e+00
     134812   5617.125   2321.198   2349.556     4.3081     4.3089   3.381121   3.381014     1.8230     1.5116     100.00   26.44372  -85.33228   -0.00005    0.00001          5  0.000e+00
     134813   5617.167   2321.159   2349.517     4.3081     4.3090   3.381121   3.381026     1.8230     1.5128     100.00   26.44372  -85.33228   -0.00005    0.00002          5  0.000e+00
     134814   5617.208   2321.198   2349.556     4.3081     4.3088   3.381095   3.381026     1.8242     1.5116     100.00   26.44372  -85.33228   -0.00003    0.00002          5  0.000e+00
     134815   5617.250   2321.159   2349.517     4.3083     4.3090   3.381108   3.381026     1.8242     1.5116     100.00   26.44372  -85.33228   -0.00002    0.00001          5  0.000e+00
     134816   5617.292   2321.136   2349.493     4.3081     4.3089   3.381127   3.381001     1.8230     1.5116     100.00   26.44372  -85.33228   -0.00002    0.00002          5  0.000e+00
     134817   5617.333   2321.159   2349.517     4.3082     4.3088   3.381121   3.380994     1.8230     1.5128     100.00   26.44372  -85.33228   -0.00002    0.00003          5  0.000e+00
     134818   5617.375   2321.136   2349.493     4.3081     4.3090   3.381070   3.381013     1.8230     1.5116     100.00   26.44372  -85.33228   -0.00002    0.00003          5  0.000e+00
     134819   5617.417   2321.159   2349.517     4.3080     4.3089   3.381076   3.381001     1.8230     1.5128     100.00   26.44372  -85.33228   -0.00001    0.00004          5  0.000e+00
     134820   5617.458   2321.136   2349.493     4.3081     4.3087   3.381070   3.380994     1.8230     1.5128     100.00   26.44372  -85.33228   -0.00003    0.00005          5  0.000e+00
     134821   5617.500   2321.159   2349.517     4.3081     4.3089   3.381083   3.381013     1.8230     1.5116     100.00   26.44372  -85.33228   -0.00003    0.00005          5  0.000e+00
     134822   5617.542   2321.198   2349.557     4.3081     4.3089   3.381133   3.381026     1.8230     1.5116     100.00   26.44372  -85.33228   -0.00003    0.00004          5  0.000e+00
     134823   5617.583   2321.105   2349.462     4.3080     4.3087   3.381102   3.381001     1.8230     1.5128     100.00   26.44372  -85.33228   -0.00004    0.00005          5  0.000e+00
     134824   5617.625   2321.136   2349.494     4.3081     4.3087   3.381121   3.380994     1.8230     1.5128     100.00   26.44372  -85.33228   -0.00004    0.00006          5  0.000e+00
     134825   5617.667   2321.160   2349.517     4.3080     4.3087   3.381095   3.381013     1.8230     1.5128     100.00   26.44372  -85.33228   -0.00006    0.00007          5  0.000e+00
     134826   5617.708   2321.136   2349.494     4.3083     4.3087   3.381089   3.381001     1.8242     1.5116     100.00   26.44372  -85.33228   -0.00006    0.00007          5  0.000e+00
     134827   5617.750   2321.160   2349.517     4.3079     4.3089   3.381064   3.381039     1.8242     1.5116     100.00   26.44372  -85.33228   -0.00005    0.00006          5  0.000e+00
     134828   5617.792   2321.136   2349.494     4.3081     4.3090   3.381114   3.381033     1.8242     1.5128     100.00   26.44372  -85.33228   -0.00005    0.00007          5  0.000e+00
     134829   5617.833   2321.160   2349.517     4.3081     4.3088   3.381095   3.381001     1.8242     1.5116     100.00   26.44372  -85.33228   -0.00005    0.00006          5  0.000e+00
     134830   5617.875   2321.136   2349.494     4.3082     4.3087   3.381089   3.380994     1.8242     1.5116     100.00   26.44372  -85.33228   -0.00003    0.00007          5  0.000e+00
     134831   5617.917   2321.160   2349.518     4.3081     4.3087   3.381089   3.380994     1.8242     1.5116     100.00   26.44372  -85.33228   -0.00003    0.00007          5  0.000e+00
     134832   5617.958   2321.137   2349.494     4.3081     4.3087   3.381089   3.380969     1.8242     1.5116     100.00   26.44372  -85.33228   -0.00002    0.00008          5  0.000e+00
     134833   5618.000   2321.160   2349.518     4.3081     4.3087   3.381121   3.380981     1.8230     1.5116     100.00   26.44372  -85.33228   -0.00003    0.00007          5  0.000e+00
     134834   5618.042   2321.137   2349.494     4.3081     4.3089   3.381076   3.380969     1.8230     1.5116     100.00   26.44372  -85.33228   -0.00005    0.00006          5  0.000e+00
