Gulf of Mexico/GOMECC-4/1db/rb2103_0571.ros
* Sea-Bird SBE 9 Data File:
* FileName = C:\Users\scs.user.rb\CTD\GOMECC4\data\rb2103_0571.hex
* Software Version Seasave V 7.26.7.107
* Temperature SN = 4799
* Conductivity SN = 3860
* Number of Bytes Per Scan = 41
* Number of Voltage Words = 4
* Number of Scans Averaged by the Deck Unit = 1
* NMEA Latitude = 28 05.10 N
* NMEA Longitude = 095 00.06 W
* NMEA UTC (Time) = Sep 29 2021  05:34:51
* NMEA baud rate = 4800
# nquan = 17
# nvalues = 798                                   
# units = specified
# name 0 = scan: Scan Count
# name 1 = timeS: Time, Elapsed [seconds]
# name 2 = depSM: Depth [salt water, m]
# name 3 = prDM: Pressure, Digiquartz [db]
# name 4 = t090C: Temperature [ITS-90, deg C]
# name 5 = t190C: Temperature, 2 [ITS-90, deg C]
# name 6 = c0S/m: Conductivity [S/m]
# name 7 = c1S/m: Conductivity, 2 [S/m]
# name 8 = sbeox0V: Oxygen raw, SBE 43 [V]
# name 9 = sbeox1V: Oxygen raw, SBE 43, 2 [V]
# name 10 = altM: Altimeter [m]
# name 11 = latitude: Latitude [deg]
# name 12 = longitude: Longitude [deg]
# name 13 = sbox0dV/dT: Oxygen, SBE 43 [dov/dt]
# name 14 = sbox1dV/dT: Oxygen, SBE 43, 2 [dov/dt]
# name 15 = nbf: Bottles Fired
# name 16 = flag:  0.000e+00
# interval = seconds: 0.0416667
# start_time = Sep 29 2021 05:34:51 [NMEA time, header]
# bad_flag = -9.990e-29
*END*
[from data line 86]
      21687    903.583     52.294     52.651    22.6804    22.6795   5.229739   5.229619     2.6422     2.2405       9.13   28.08596  -95.00042    0.00238    0.00182          1  0.000e+00
      21688    903.625     52.348     52.705    22.6829    22.6799   5.229883   5.229650     2.6422     2.2405       9.13   28.08596  -95.00042    0.00234    0.00179          1  0.000e+00
      21689    903.667     52.246     52.603    22.6845    22.6803   5.230102   5.229703     2.6422     2.2405       9.13   28.08596  -95.00042    0.00229    0.00175          1  0.000e+00
      21690    903.708     52.294     52.651    22.6863    22.6809   5.230238   5.229826     2.6422     2.2405       9.13   28.08596  -95.00042    0.00227    0.00171          1  0.000e+00
      21691    903.750     52.246     52.603    22.6880    22.6825   5.230328   5.229956     2.6422     2.2393       9.13   28.08596  -95.00042    0.00224    0.00166          1  0.000e+00
      21692    903.792     52.294     52.651    22.6891    22.6841   5.230441   5.230094     2.6422     2.2393       9.13   28.08596  -95.00042    0.00219    0.00160          1  0.000e+00
      21693    903.833     52.246     52.603    22.6909    22.6837   5.230608   5.230025     2.6422     2.2393       9.13   28.08596  -95.00042    0.00213    0.00154          1  0.000e+00
      21694    903.875     52.294     52.651    22.6925    22.6834   5.230751   5.230048     2.6422     2.2393       9.13   28.08596  -95.00042    0.00208    0.00148          1  0.000e+00
      21695    903.917     52.199     52.555    22.6933    22.6845   5.230819   5.230140     2.6422     2.2393       9.13   28.08596  -95.00042    0.00204    0.00142          1  0.000e+00
      21696    903.958     52.246     52.603    22.6941    22.6859   5.230796   5.230193     2.6422     2.2393       9.13   28.08596  -95.00042    0.00200    0.00136          1  0.000e+00
      21697    904.000     52.246     52.603    22.6939    22.6873   5.230849   5.230270     2.6422     2.2381       9.16   28.08596  -95.00042    0.00196    0.00127          1  0.000e+00
      21698    904.042     52.199     52.555    22.6946    22.6886   5.230872   5.230461     2.6422     2.2381       9.18   28.08596  -95.00042    0.00191    0.00119          1  0.000e+00
      21699    904.083     52.199     52.555    22.6946    22.6900   5.230842   5.230476     2.6422     2.2381       9.18   28.08596  -95.00042    0.00186    0.00111          1  0.000e+00
      21700    904.125     52.199     52.555    22.6946    22.6904   5.230887   5.230530     2.6422     2.2369       9.18   28.08596  -95.00042    0.00181    0.00102          1  0.000e+00
      21701    904.167     52.199     52.555    22.6946    22.6909   5.230910   5.230515     2.6410     2.2369       9.18   28.08596  -95.00042    0.00175    0.00094          1  0.000e+00
      21702    904.208     52.165     52.521    22.6950    22.6900   5.230940   5.230415     2.6410     2.2369       9.18   28.08596  -95.00042    0.00167    0.00085          1  0.000e+00
      21703    904.250     52.144     52.500    22.6949    22.6880   5.230925   5.230323     2.6410     2.2369       9.18   28.08596  -95.00042    0.00160    0.00076          1  0.000e+00
      21704    904.292     52.144     52.500    22.6951    22.6868   5.230985   5.230293     2.6410     2.2369       9.18   28.08596  -95.00042    0.00153    0.00068          1  0.000e+00
      21705    904.333     52.144     52.500    22.6955    22.6861   5.230962   5.230270     2.6410     2.2369       9.18   28.08596  -95.00042    0.00145    0.00059          1  0.000e+00
      21706    904.375     52.097     52.453    22.6957    22.6870   5.230993   5.230285     2.6398     2.2357       9.18   28.08596  -95.00042    0.00137    0.00049          1  0.000e+00
      21707    904.417     52.144     52.500    22.6962    22.6873   5.230970   5.230361     2.6410     2.2369       9.18   28.08596  -95.00042    0.00131    0.00040          1  0.000e+00
      21708    904.458     52.097     52.453    22.6964    22.6877   5.231053   5.230392     2.6398     2.2357       9.18   28.08596  -95.00042    0.00123    0.00030          1  0.000e+00
      21709    904.500     52.049     52.405    22.6964    22.6879   5.231083   5.230415     2.6398     2.2357       9.18   28.08596  -95.00042    0.00115    0.00019          1  0.000e+00
      21710    904.542     52.097     52.453    22.6965    22.6882   5.231091   5.230423     2.6398     2.2357       9.18   28.08596  -95.00042    0.00107    0.00009          1  0.000e+00
      21711    904.583     52.049     52.405    22.6966    22.6886   5.231113   5.230484     2.6410     2.2357       9.18   28.08596  -95.00042    0.00100   -0.00002          1  0.000e+00
      21712    904.625     52.049     52.405    22.6969    22.6891   5.231166   5.230545     2.6398     2.2357       9.18   28.08596  -95.00042    0.00092   -0.00012          1  0.000e+00
      21713    904.667     52.049     52.405    22.6980    22.6894   5.231204   5.230560     2.6386     2.2357       9.18   28.08596  -95.00042    0.00082   -0.00023          1  0.000e+00
      21714    904.708     52.049     52.405    22.6985    22.6894   5.231287   5.230583     2.6386     2.2357       9.18   28.08596  -95.00042    0.00071   -0.00032          1  0.000e+00
      21715    904.750     51.995     52.350    22.6998    22.6898   5.231340   5.230537     2.6386     2.2344       9.18   28.08596  -95.00042    0.00063   -0.00042          1  0.000e+00
      21716    904.792     51.995     52.350    22.7001    22.6904   5.231378   5.230576     2.6386     2.2357       9.18   28.08596  -95.00042    0.00054   -0.00051          1  0.000e+00
      21717    904.833     51.995     52.350    22.7001    22.6907   5.231393   5.230637     2.6386     2.2357       9.18   28.08596  -95.00042    0.00045   -0.00059          1  0.000e+00
      21718    904.875     51.995     52.350    22.7004    22.6911   5.231400   5.230652     2.6386     2.2357       9.18   28.08596  -95.00042    0.00036   -0.00068          1  0.000e+00
      21719    904.917     52.015     52.371    22.7003    22.6916   5.231423   5.230736     2.6386     2.2357       9.18   28.08596  -95.00042    0.00029   -0.00076          1  0.000e+00
      21720    904.958     51.948     52.302    22.7000    22.6921   5.231408   5.230836     2.6374     2.2357       9.21   28.08596  -95.00042    0.00019   -0.00083          1  0.000e+00
      21721    905.000     51.948     52.302    22.6999    22.6934   5.231332   5.230889     2.6374     2.2357       9.35   28.08596  -95.00042    0.00008   -0.00089          1  0.000e+00
      21722    905.042     51.948     52.302    22.6996    22.6943   5.231302   5.230935     2.6374     2.2357       9.43   28.08596  -95.00042   -0.00001   -0.00096          1  0.000e+00
      21723    905.083     51.947     52.302    22.6992    22.6953   5.231302   5.230920     2.6374     2.2357       9.43   28.08596  -95.00042   -0.00009   -0.00102          1  0.000e+00
      21724    905.125     51.947     52.302    22.7000    22.6962   5.231332   5.231004     2.6374     2.2357       9.43   28.08596  -95.00042   -0.00018   -0.00109          1  0.000e+00
      21725    905.167     51.947     52.302    22.7004    22.6962   5.231385   5.230966     2.6374     2.2344       9.43   28.08596  -95.00042   -0.00027   -0.00117          1  0.000e+00
      21726    905.208     51.900     52.254    22.7005    22.6966   5.231400   5.230974     2.6374     2.2357       9.43   28.08596  -95.00042   -0.00035   -0.00121          1  0.000e+00
      21727    905.250     51.900     52.254    22.7007    22.6950   5.231423   5.230958     2.6374     2.2357       9.43   28.08596  -95.00042   -0.00044   -0.00126          1  0.000e+00
      21728    905.292     51.947     52.302    22.7011    22.6945   5.231468   5.230951     2.6374     2.2357       9.43   28.08596  -95.00042   -0.00051   -0.00130          1  0.000e+00
      21729    905.333     51.900     52.254    22.7012    22.6941   5.231483   5.231012     2.6374     2.2357       9.43   28.08596  -95.00042   -0.00057   -0.00134          1  0.000e+00
      21730    905.375     51.900     52.254    22.7005    22.6947   5.231483   5.231004     2.6374     2.2357       9.43   28.08596  -95.00042   -0.00064   -0.00138          1  0.000e+00
      21731    905.417     51.900     52.254    22.7003    22.6953   5.231514   5.231058     2.6374     2.2357       9.43   28.08596  -95.00042   -0.00071   -0.00142          1  0.000e+00
      21732    905.458     51.900     52.254    22.7002    22.6957   5.231491   5.231073     2.6374     2.2357       9.43   28.08596  -95.00042   -0.00077   -0.00146          1  0.000e+00
      21733    905.500     51.900     52.254    22.7001    22.6952   5.231483   5.231073     2.6374     2.2357       9.45   28.08596  -95.00042   -0.00084   -0.00148          1  0.000e+00
      26408   1100.292     39.896     40.167    28.4369    28.4291   5.695278   5.695701     3.0928     2.6276      21.42   28.08592  -95.00048   -0.00044    0.00113          2  0.000e+00
      26409   1100.333     39.469     39.738    28.4365    28.4261   5.695278   5.695661     3.0928     2.6276      21.42   28.08592  -95.00048   -0.00044    0.00111          2  0.000e+00
      26410   1100.375     40.146     40.419    28.4372    28.4241   5.695278   5.695693     3.0928     2.6276      21.42   28.08592  -95.00048   -0.00044    0.00108          2  0.000e+00
      26411   1100.417     39.794     40.065    28.4384    28.4245   5.695278   5.695701     3.0928     2.6276      21.42   28.08592  -95.00048   -0.00043    0.00107          2  0.000e+00
      26412   1100.458     39.699     39.969    28.4378    28.4226   5.695380   5.695661     3.0928     2.6276      21.42   28.08592  -95.00048   -0.00043    0.00105          2  0.000e+00
      26413   1100.500     39.814     40.085    28.4371    28.4199   5.695489   5.695630     3.0928     2.6288      21.42   28.08592  -95.00048   -0.00043    0.00106          2  0.000e+00
      26414   1100.542     39.794     40.065    28.4356    28.4189   5.695544   5.695646     3.0928     2.6288      21.42   28.08592  -95.00048   -0.00043    0.00106          2  0.000e+00
      26415   1100.583     39.794     40.065    28.4349    28.4187   5.695560   5.695614     3.0928     2.6288      21.42   28.08592  -95.00048   -0.00042    0.00106          2  0.000e+00
      26416   1100.625     39.848     40.119    28.4343    28.4191   5.695521   5.695614     3.0928     2.6288      21.42   28.08592  -95.00048   -0.00042    0.00105          2  0.000e+00
      26417   1100.667     39.814     40.085    28.4356    28.4200   5.695513   5.695606     3.0928     2.6288      21.42   28.08592  -95.00048   -0.00041    0.00105          2  0.000e+00
      26418   1100.708     39.794     40.065    28.4375    28.4187   5.695544   5.695566     3.0928     2.6288      21.42   28.08592  -95.00048   -0.00041    0.00104          2  0.000e+00
      26419   1100.750     39.848     40.119    28.4373    28.4173   5.695529   5.695535     3.0928     2.6288      21.44   28.08592  -95.00048   -0.00041    0.00104          2  0.000e+00
      26420   1100.792     39.848     40.119    28.4362    28.4170   5.695474   5.695582     3.0928     2.6288      21.42   28.08592  -95.00048   -0.00038    0.00101          2  0.000e+00
      26421   1100.833     39.814     40.085    28.4365    28.4165   5.695505   5.695535     3.0940     2.6288      21.42   28.08592  -95.00048   -0.00036    0.00100          2  0.000e+00
      26422   1100.875     39.848     40.119    28.4356    28.4156   5.695450   5.695590     3.0928     2.6288      21.42   28.08592  -95.00048   -0.00035    0.00097          2  0.000e+00
      26423   1100.917     39.794     40.065    28.4356    28.4152   5.695419   5.695535     3.0928     2.6288      21.42   28.08592  -95.00048   -0.00035    0.00093          2  0.000e+00
      26424   1100.958     39.896     40.167    28.4350    28.4160   5.695317   5.695511     3.0928     2.6288      21.42   28.08592  -95.00048   -0.00034    0.00090          2  0.000e+00
      26425   1101.000     39.767     40.037    28.4354    28.4164   5.695207   5.695543     3.0928     2.6288      21.34   28.08592  -95.00048   -0.00033    0.00088          2  0.000e+00
      26426   1101.042     39.943     40.215    28.4351    28.4164   5.694902   5.695566     3.0940     2.6276      21.29   28.08592  -95.00048   -0.00031    0.00082          2  0.000e+00
      26427   1101.083     39.848     40.119    28.4327    28.4152   5.695192   5.695487     3.0928     2.6276      21.29   28.08592  -95.00048   -0.00030    0.00077          2  0.000e+00
      26428   1101.125     39.848     40.119    28.4303    28.4135   5.695294   5.695463     3.0928     2.6276      21.29   28.08592  -95.00048   -0.00029    0.00072          2  0.000e+00
      26429   1101.167     39.896     40.167    28.4312    28.4128   5.695239   5.695440     3.0928     2.6276      21.29   28.08592  -95.00048   -0.00029    0.00066          2  0.000e+00
      26430   1101.208     39.869     40.140    28.4332    28.4136   5.695270   5.695455     3.0928     2.6276      21.29   28.08592  -95.00048   -0.00028    0.00062          2  0.000e+00
      26431   1101.250     39.896     40.167    28.4322    28.4165   5.695349   5.695424     3.0928     2.6264      21.29   28.08592  -95.00048   -0.00027    0.00055          2  0.000e+00
      26432   1101.292     39.848     40.119    28.4336    28.4221   5.695341   5.695423     3.0928     2.6264      21.29   28.08592  -95.00048   -0.00026    0.00049          2  0.000e+00
      26433   1101.333     39.896     40.167    28.4343    28.4261   5.695356   5.695455     3.0928     2.6276      21.29   28.08592  -95.00048   -0.00025    0.00046          2  0.000e+00
      26434   1101.375     39.916     40.187    28.4349    28.4291   5.695372   5.695463     3.0916     2.6264      21.29   28.08592  -95.00048   -0.00026    0.00041          2  0.000e+00
      26435   1101.417     39.896     40.167    28.4358    28.4307   5.695411   5.695471     3.0928     2.6276      21.29   28.08592  -95.00048   -0.00025    0.00037          2  0.000e+00
      26436   1101.458     39.848     40.119    28.4356    28.4291   5.695348   5.695463     3.0916     2.6276      21.29   28.08592  -95.00048   -0.00026    0.00036          2  0.000e+00
      26437   1101.500     39.943     40.215    28.4343    28.4245   5.695325   5.695495     3.0916     2.6276      21.29   28.08592  -95.00048   -0.00026    0.00034          2  0.000e+00
      26438   1101.542     39.916     40.187    28.4347    28.4178   5.695356   5.695487     3.0916     2.6276      21.29   28.08592  -95.00048   -0.00027    0.00032          2  0.000e+00
      26439   1101.583     39.896     40.167    28.4340    28.4134   5.695302   5.695463     3.0916     2.6276      21.29   28.08592  -95.00048   -0.00027    0.00030          2  0.000e+00
      26440   1101.625     39.896     40.167    28.4342    28.4112   5.695278   5.695463     3.0916     2.6276      21.29   28.08592  -95.00048   -0.00028    0.00030          2  0.000e+00
      26441   1101.667     39.943     40.215    28.4343    28.4107   5.695247   5.695463     3.0916     2.6276      21.29   28.08592  -95.00048   -0.00028    0.00030          2  0.000e+00
      26442   1101.708     39.896     40.167    28.4347    28.4121   5.695231   5.695511     3.0928     2.6276      21.29   28.08592  -95.00048   -0.00026    0.00030          2  0.000e+00
      26443   1101.750     39.916     40.187    28.4328    28.4164   5.695129   5.695439     3.0916     2.6276      21.29   28.08592  -95.00048   -0.00025    0.00030          2  0.000e+00
      26444   1101.792     39.943     40.215    28.4281    28.4175   5.695090   5.695416     3.0916     2.6276      21.29   28.08592  -95.00048   -0.00025    0.00031          2  0.000e+00
