Gulf of Mexico/GOMECC-4/1db/rb2103_0161.ros
* Sea-Bird SBE 9 Data File:
* FileName = C:\Users\scs.user.rb\CTD\GOMECC4\data\rb2103_0161.hex
* Software Version Seasave V 7.26.7.107
* Temperature SN = 4799
* Conductivity SN = 3860
* Number of Bytes Per Scan = 41
* Number of Voltage Words = 4
* Number of Scans Averaged by the Deck Unit = 1
* NMEA Latitude = 27 33.29 N
* NMEA Longitude = 083 39.94 W
* NMEA UTC (Time) = Sep 19 2021  06:56:19
* NMEA baud rate = 4800
# nquan = 17
# nvalues = 798                                   
# units = specified
# name 0 = scan: Scan Count
# name 1 = timeS: Time, Elapsed [seconds]
# name 2 = depSM: Depth [salt water, m]
# name 3 = prDM: Pressure, Digiquartz [db]
# name 4 = t090C: Temperature [ITS-90, deg C]
# name 5 = t190C: Temperature, 2 [ITS-90, deg C]
# name 6 = c0S/m: Conductivity [S/m]
# name 7 = c1S/m: Conductivity, 2 [S/m]
# name 8 = sbeox0V: Oxygen raw, SBE 43 [V]
# name 9 = sbeox1V: Oxygen raw, SBE 43, 2 [V]
# name 10 = altM: Altimeter [m]
# name 11 = latitude: Latitude [deg]
# name 12 = longitude: Longitude [deg]
# name 13 = sbox0dV/dT: Oxygen, SBE 43 [dov/dt]
# name 14 = sbox1dV/dT: Oxygen, SBE 43, 2 [dov/dt]
# name 15 = nbf: Bottles Fired
# name 16 = flag:  0.000e+00
# interval = seconds: 0.0416667
# start_time = Sep 19 2021 06:56:19 [NMEA time, header]
# bad_flag = -9.990e-29
*END*
[from data line 171]
      21909    912.833     29.950     30.152    29.1488    29.1534   5.856075   5.857024     3.1306     2.6618      17.29   27.55548  -83.66506   -0.00003    0.00231          2  0.000e+00
      21910    912.875     29.950     30.152    29.1490    29.1530   5.856107   5.856992     3.1306     2.6630      17.29   27.55548  -83.66506   -0.00006    0.00233          2  0.000e+00
      21911    912.917     30.011     30.213    29.1492    29.1530   5.856075   5.856992     3.1306     2.6630      17.29   27.55548  -83.66506   -0.00011    0.00234          2  0.000e+00
      21912    912.958     29.950     30.152    29.1490    29.1529   5.856067   5.856920     3.1306     2.6618      17.31   27.55548  -83.66506   -0.00016    0.00232          2  0.000e+00
      21913    913.000     29.950     30.152    29.1492    29.1517   5.856067   5.856711     3.1306     2.6630      17.29   27.55548  -83.66506   -0.00019    0.00230          2  0.000e+00
      21914    913.042     29.950     30.152    29.1492    29.1515   5.856099   5.856687     3.1306     2.6618      17.29   27.55548  -83.66506   -0.00022    0.00226          2  0.000e+00
      21915    913.083     29.950     30.152    29.1492    29.1515   5.856115   5.856703     3.1306     2.6630      17.29   27.55548  -83.66506   -0.00025    0.00224          2  0.000e+00
      21916    913.125     29.950     30.152    29.1492    29.1515   5.856115   5.856662     3.1319     2.6618      17.31   27.55548  -83.66506   -0.00027    0.00220          2  0.000e+00
      21917    913.167     29.950     30.152    29.1494    29.1517   5.856146   5.856582     3.1319     2.6630      17.31   27.55548  -83.66506   -0.00028    0.00215          2  0.000e+00
      21918    913.208     29.950     30.152    29.1494    29.1510   5.856194   5.856518     3.1306     2.6630      17.31   27.55548  -83.66506   -0.00032    0.00211          2  0.000e+00
      21919    913.250     29.950     30.152    29.1496    29.1506   5.856210   5.856397     3.1306     2.6618      17.31   27.55548  -83.66506   -0.00035    0.00205          2  0.000e+00
      21920    913.292     29.950     30.152    29.1496    29.1504   5.856241   5.856365     3.1306     2.6618      17.29   27.55548  -83.66506   -0.00039    0.00198          2  0.000e+00
      21921    913.333     29.897     30.099    29.1496    29.1506   5.856289   5.856365     3.1306     2.6618      17.29   27.55548  -83.66506   -0.00042    0.00191          2  0.000e+00
      21922    913.375     29.950     30.152    29.1499    29.1503   5.856305   5.856365     3.1306     2.6618      17.29   27.55548  -83.66506   -0.00046    0.00184          2  0.000e+00
      21923    913.417     29.950     30.152    29.1497    29.1502   5.856265   5.856325     3.1306     2.6618      17.29   27.55548  -83.66506   -0.00049    0.00177          2  0.000e+00
      21924    913.458     29.950     30.152    29.1498    29.1503   5.856257   5.856317     3.1306     2.6618      17.29   27.55548  -83.66506   -0.00051    0.00170          2  0.000e+00
      21925    913.500     29.897     30.099    29.1496    29.1501   5.856257   5.856277     3.1294     2.6618      17.29   27.55548  -83.66506   -0.00055    0.00160          2  0.000e+00
      21926    913.542     29.897     30.099    29.1494    29.1499   5.856257   5.856269     3.1294     2.6618      17.29   27.55548  -83.66506   -0.00058    0.00151          2  0.000e+00
      21927    913.583     29.897     30.099    29.1492    29.1497   5.856218   5.856269     3.1294     2.6618      17.29   27.55548  -83.66506   -0.00062    0.00143          2  0.000e+00
      21928    913.625     29.822     30.023    29.1490    29.1499   5.856170   5.856301     3.1282     2.6618      17.29   27.55548  -83.66506   -0.00067    0.00133          2  0.000e+00
      21929    913.667     29.950     30.152    29.1483    29.1497   5.856162   5.856277     3.1282     2.6618      17.31   27.55548  -83.66506   -0.00072    0.00125          2  0.000e+00
      21930    913.708     29.897     30.099    29.1481    29.1497   5.856091   5.856301     3.1282     2.6618      17.31   27.55548  -83.66506   -0.00078    0.00116          2  0.000e+00
      21931    913.750     29.844     30.045    29.1479    29.1495   5.856067   5.856277     3.1282     2.6606      17.31   27.55548  -83.66506   -0.00083    0.00106          2  0.000e+00
      21932    913.792     29.897     30.099    29.1481    29.1495   5.856099   5.856301     3.1282     2.6606      17.34   27.55548  -83.66506   -0.00087    0.00095          2  0.000e+00
      21933    913.833     29.844     30.045    29.1483    29.1495   5.856115   5.856317     3.1282     2.6606      17.34   27.55548  -83.66506   -0.00091    0.00085          2  0.000e+00
      21934    913.875     29.844     30.045    29.1485    29.1491   5.856146   5.856317     3.1282     2.6606      17.34   27.55548  -83.66506   -0.00094    0.00074          2  0.000e+00
      21935    913.917     29.844     30.045    29.1488    29.1493   5.856091   5.856317     3.1282     2.6593      17.34   27.55548  -83.66506   -0.00097    0.00063          2  0.000e+00
      21936    913.958     29.844     30.045    29.1486    29.1493   5.856099   5.856349     3.1282     2.6593      17.34   27.55548  -83.66506   -0.00099    0.00052          2  0.000e+00
      21937    914.000     29.784     29.985    29.1486    29.1493   5.856115   5.856365     3.1282     2.6593      17.34   27.55548  -83.66506   -0.00102    0.00043          2  0.000e+00
      21938    914.042     29.844     30.045    29.1488    29.1495   5.856115   5.856365     3.1270     2.6581      17.34   27.55548  -83.66506   -0.00106    0.00031          2  0.000e+00
      21939    914.083     29.784     29.985    29.1486    29.1493   5.856043   5.856293     3.1282     2.6581      17.34   27.55548  -83.66506   -0.00109    0.00022          2  0.000e+00
      21940    914.125     29.784     29.985    29.1486    29.1491   5.856051   5.856301     3.1282     2.6581      17.34   27.55548  -83.66506   -0.00111    0.00013          2  0.000e+00
      21941    914.167     29.784     29.985    29.1485    29.1493   5.856099   5.856349     3.1282     2.6569      17.34   27.55548  -83.66506   -0.00113    0.00004          2  0.000e+00
      21942    914.208     29.784     29.985    29.1485    29.1491   5.856115   5.856325     3.1282     2.6569      17.34   27.55548  -83.66506   -0.00114   -0.00007          2  0.000e+00
      21943    914.250     29.731     29.931    29.1488    29.1493   5.856154   5.856317     3.1282     2.6569      17.34   27.55548  -83.66506   -0.00114   -0.00016          2  0.000e+00
      21944    914.292     29.784     29.985    29.1490    29.1493   5.856194   5.856349     3.1282     2.6557      17.34   27.55548  -83.66506   -0.00116   -0.00027          2  0.000e+00
      21945    914.333     29.731     29.931    29.1479    29.1491   5.856281   5.856325     3.1282     2.6557      17.34   27.55548  -83.66506   -0.00117   -0.00037          2  0.000e+00
      21946    914.375     29.731     29.931    29.1442    29.1491   5.856479   5.856317     3.1282     2.6557      17.34   27.55548  -83.66506   -0.00117   -0.00048          2  0.000e+00
      21947    914.417     29.671     29.870    29.1416    29.1495   5.856614   5.856317     3.1294     2.6557      17.34   27.55548  -83.66506   -0.00117   -0.00058          2  0.000e+00
      21948    914.458     29.731     29.931    29.1411    29.1493   5.856598   5.856277     3.1294     2.6545      17.34   27.55548  -83.66506   -0.00117   -0.00070          2  0.000e+00
      21949    914.500     29.731     29.931    29.1416    29.1493   5.856519   5.856269     3.1282     2.6545      17.34   27.55548  -83.66506   -0.00116   -0.00082          2  0.000e+00
      21950    914.542     29.708     29.908    29.1416    29.1493   5.856384   5.856197     3.1282     2.6545      17.34   27.55548  -83.66506   -0.00118   -0.00093          2  0.000e+00
      21951    914.583     29.671     29.870    29.1431    29.1493   5.856313   5.856277     3.1282     2.6545      17.34   27.55548  -83.66506   -0.00119   -0.00104          2  0.000e+00
      21952    914.625     29.671     29.870    29.1446    29.1495   5.856202   5.856245     3.1282     2.6532      17.34   27.55548  -83.66506   -0.00118   -0.00117          2  0.000e+00
      21953    914.667     29.618     29.817    29.1452    29.1493   5.856122   5.856221     3.1282     2.6532      17.34   27.55548  -83.66506   -0.00115   -0.00130          2  0.000e+00
      21954    914.708     29.671     29.870    29.1448    29.1489   5.856146   5.856189     3.1282     2.6545      17.34   27.55548  -83.66506   -0.00114   -0.00141          2  0.000e+00
      21955    914.750     29.671     29.870    29.1448    29.1490   5.856233   5.856140     3.1282     2.6545      17.41   27.55548  -83.66506   -0.00113   -0.00151          2  0.000e+00
      21956    914.792     29.618     29.817    29.1449    29.1480   5.856114   5.856197     3.1294     2.6545      17.53   27.55548  -83.66506   -0.00110   -0.00161          2  0.000e+00
      21957    914.833     29.671     29.870    29.1450    29.1473   5.856067   5.856189     3.1294     2.6545      17.58   27.55548  -83.66506   -0.00107   -0.00172          2  0.000e+00
      21958    914.875     29.618     29.817    29.1450    29.1467   5.856067   5.856172     3.1282     2.6545      17.58   27.55548  -83.66506   -0.00105   -0.00182          2  0.000e+00
      21959    914.917     29.618     29.817    29.1455    29.1466   5.856099   5.856172     3.1282     2.6545      17.58   27.55548  -83.66506   -0.00103   -0.00191          2  0.000e+00
      21960    914.958     29.618     29.817    29.1453    29.1463   5.856075   5.856205     3.1282     2.6545      17.58   27.55548  -83.66506   -0.00101   -0.00201          2  0.000e+00
      21961    915.000     29.618     29.817    29.1452    29.1462   5.856107   5.856189     3.1282     2.6557      17.58   27.55548  -83.66506   -0.00099   -0.00209          2  0.000e+00
      21962    915.042     29.618     29.817    29.1452    29.1463   5.856004   5.856277     3.1282     2.6557      17.58   27.55548  -83.66506   -0.00097   -0.00216          2  0.000e+00
      21963    915.083     29.618     29.817    29.1453    29.1466   5.856004   5.856245     3.1294     2.6557      17.58   27.55548  -83.66506   -0.00095   -0.00224          2  0.000e+00
      21964    915.125     29.618     29.817    29.1453    29.1463   5.855980   5.856221     3.1294     2.6557      17.58   27.55548  -83.66506   -0.00091   -0.00231          2  0.000e+00
      21965    915.167     29.618     29.817    29.1455    29.1462   5.855972   5.856180     3.1294     2.6557      17.58   27.55548  -83.66506   -0.00087   -0.00238          2  0.000e+00
      21966    915.208     29.557     29.756    29.1452    29.1463   5.856043   5.856213     3.1294     2.6557      17.58   27.55548  -83.66506   -0.00084   -0.00244          2  0.000e+00
      21967    915.250     29.618     29.817    29.1452    29.1466   5.856027   5.856156     3.1294     2.6557      17.58   27.55548  -83.66506   -0.00080   -0.00249          2  0.000e+00
      21968    915.292     29.618     29.817    29.1455    29.1463   5.855980   5.856197     3.1294     2.6557      17.58   27.55548  -83.66506   -0.00075   -0.00254          2  0.000e+00
      21969    915.333     29.618     29.817    29.1455    29.1466   5.855972   5.856189     3.1294     2.6557      17.58   27.55548  -83.66506   -0.00071   -0.00258          2  0.000e+00
      21970    915.375     29.595     29.794    29.1453    29.1469   5.855932   5.856132     3.1306     2.6557      17.58   27.55548  -83.66506   -0.00064   -0.00263          2  0.000e+00
      21971    915.417     29.557     29.756    29.1453    29.1473   5.855956   5.856164     3.1306     2.6545      17.58   27.55548  -83.66506   -0.00060   -0.00269          2  0.000e+00
      21972    915.458     29.618     29.817    29.1455    29.1474   5.855972   5.856180     3.1306     2.6557      17.58   27.55548  -83.66506   -0.00055   -0.00273          2  0.000e+00
      21973    915.500     29.618     29.817    29.1455    29.1475   5.855972   5.856245     3.1306     2.6557      17.58   27.55548  -83.66506   -0.00050   -0.00277          2  0.000e+00
      21974    915.542     29.618     29.817    29.1457    29.1474   5.855972   5.856237     3.1306     2.6557      17.58   27.55548  -83.66506   -0.00045   -0.00281          2  0.000e+00
      21975    915.583     29.557     29.756    29.1457    29.1473   5.855900   5.856253     3.1306     2.6557      17.58   27.55548  -83.66506   -0.00040   -0.00285          2  0.000e+00
      21976    915.625     29.618     29.817    29.1455    29.1473   5.855869   5.856301     3.1319     2.6557      17.58   27.55548  -83.66506   -0.00034   -0.00288          2  0.000e+00
      21977    915.667     29.618     29.817    29.1457    29.1471   5.855869   5.856277     3.1306     2.6557      17.58   27.55548  -83.66506   -0.00029   -0.00291          2  0.000e+00
      21978    915.708     29.618     29.817    29.1457    29.1471   5.855798   5.856197     3.1306     2.6557      17.58   27.55548  -83.66506   -0.00026   -0.00294          2  0.000e+00
      21979    915.750     29.618     29.817    29.1453    29.1469   5.855805   5.856140     3.1306     2.6557      17.61   27.55548  -83.66506   -0.00022   -0.00297          2  0.000e+00
      21980    915.792     29.671     29.870    29.1455    29.1473   5.855790   5.856052     3.1306     2.6557      17.61   27.55548  -83.66506   -0.00019   -0.00300          2  0.000e+00
      21981    915.833     29.618     29.817    29.1459    29.1473   5.855774   5.856068     3.1306     2.6557      17.63   27.55548  -83.66506   -0.00016   -0.00303          2  0.000e+00
      21982    915.875     29.618     29.817    29.1461    29.1473   5.855734   5.856108     3.1319     2.6569      17.63   27.55548  -83.66506   -0.00011   -0.00300          2  0.000e+00
      21983    915.917     29.671     29.870    29.1464    29.1476   5.855758   5.856124     3.1319     2.6569      17.63   27.55548  -83.66506   -0.00006   -0.00300          2  0.000e+00
      21984    915.958     29.618     29.817    29.1462    29.1479   5.855774   5.856164     3.1319     2.6569      17.63   27.55548  -83.66506   -0.00001   -0.00297          2  0.000e+00
      21985    916.000     29.671     29.870    29.1461    29.1482   5.855845   5.856172     3.1319     2.6569      17.63   27.55548  -83.66506    0.00002   -0.00292          2  0.000e+00
      21986    916.042     29.671     29.870    29.1455    29.1479   5.855869   5.856172     3.1319     2.6569      17.63   27.55548  -83.66506    0.00005   -0.00286          2  0.000e+00
      21987    916.083     29.671     29.870    29.1455    29.1476   5.855940   5.856132     3.1319     2.6581      17.63   27.55548  -83.66506    0.00007   -0.00281          2  0.000e+00
      21988    916.125     29.670     29.870    29.1455    29.1473   5.855893   5.856197     3.1319     2.6569      17.63   27.55548  -83.66506    0.00010   -0.00275          2  0.000e+00
      21989    916.167     29.731     29.931    29.1457    29.1473   5.855869   5.856253     3.1319     2.6569      17.63   27.55548  -83.66506    0.00013   -0.00269          2  0.000e+00
      21990    916.208     29.708     29.908    29.1457    29.1471   5.855909   5.856269     3.1319     2.6569      17.63   27.55548  -83.66506    0.00016   -0.00262          2  0.000e+00
      21991    916.250     29.670     29.870    29.1453    29.1473   5.855956   5.856164     3.1319     2.6569      17.63   27.55548  -83.66506    0.00018   -0.00256          2  0.000e+00
      21992    916.292     29.731     29.931    29.1457    29.1473   5.856004   5.855980     3.1319     2.6569      17.63   27.55548  -83.66506    0.00021   -0.00251          2  0.000e+00
