Gulf of Mexico/GOMECC-4/1db/rb2103_0681.ros
* Sea-Bird SBE 9 Data File:
* FileName = C:\Users\scs.user.rb\CTD\GOMECC4\data\rb2103_0681.hex
* Software Version Seasave V 7.26.7.107
* Temperature SN = 4799
* Conductivity SN = 3860
* Number of Bytes Per Scan = 41
* Number of Voltage Words = 4
* Number of Scans Averaged by the Deck Unit = 1
* NMEA Latitude = 26 03.52 N
* NMEA Longitude = 095 32.99 W
* NMEA UTC (Time) = Oct 03 2021  07:00:55
* NMEA baud rate = 4800
# nquan = 17
# nvalues = 2527                                  
# units = specified
# name 0 = scan: Scan Count
# name 1 = timeS: Time, Elapsed [seconds]
# name 2 = depSM: Depth [salt water, m]
# name 3 = prDM: Pressure, Digiquartz [db]
# name 4 = t090C: Temperature [ITS-90, deg C]
# name 5 = t190C: Temperature, 2 [ITS-90, deg C]
# name 6 = c0S/m: Conductivity [S/m]
# name 7 = c1S/m: Conductivity, 2 [S/m]
# name 8 = sbeox0V: Oxygen raw, SBE 43 [V]
# name 9 = sbeox1V: Oxygen raw, SBE 43, 2 [V]
# name 10 = altM: Altimeter [m]
# name 11 = latitude: Latitude [deg]
# name 12 = longitude: Longitude [deg]
# name 13 = sbox0dV/dT: Oxygen, SBE 43 [dov/dt]
# name 14 = sbox1dV/dT: Oxygen, SBE 43, 2 [dov/dt]
# name 15 = nbf: Bottles Fired
# name 16 = flag:  0.000e+00
# interval = seconds: 0.0416667
# start_time = Oct 03 2021 07:00:55 [NMEA time, header]
# bad_flag = -9.990e-29
*END*
[from data line 596]
      73436   3059.792    595.061    599.826     7.8273     7.8277   3.629868   3.629908     1.5897     1.2943     100.00   26.05956  -95.54940   -0.00007 3.0902e-12          5  0.000e+00
      73437   3059.833    595.013    599.778     7.8273     7.8277   3.629881   3.629915     1.5897     1.2943     100.00   26.05956  -95.54940   -0.00007 3.0902e-12          5  0.000e+00
      73438   3059.875    595.061    599.826     7.8271     7.8278   3.629882   3.629902     1.5897     1.2943     100.00   26.05956  -95.54940   -0.00007 3.6052e-12          5  0.000e+00
      73439   3059.917    595.061    599.826     7.8270     7.8277   3.629882   3.629941     1.5897     1.2943     100.00   26.05956  -95.54940   -0.00006 3.0902e-12          5  0.000e+00
      73440   3059.958    595.013    599.778     7.8271     7.8277   3.629881   3.629935     1.5897     1.2943     100.00   26.05956  -95.54940   -0.00006 2.5752e-12          5  0.000e+00
      73441   3060.000    595.013    599.778     7.8276     7.8277   3.629901   3.629928     1.5897     1.2943     100.00   26.05956  -95.54940   -0.00006 3.0902e-12          5  0.000e+00
      73442   3060.042    595.061    599.826     7.8275     7.8277   3.629888   3.629902     1.5897     1.2943     100.00   26.05956  -95.54940   -0.00005 3.6052e-12          5  0.000e+00
      73443   3060.083    595.013    599.778     7.8273     7.8277   3.629927   3.629915     1.5897     1.2943     100.00   26.05956  -95.54940   -0.00005 3.0902e-12          5  0.000e+00
      73444   3060.125    595.061    599.826     7.8270     7.8280   3.629895   3.629928     1.5885     1.2943     100.00   26.05956  -95.54940   -0.00006 3.6052e-12          5  0.000e+00
      73445   3060.167    595.014    599.778     7.8270     7.8280   3.629901   3.629902     1.5885     1.2943     100.00   26.05956  -95.54940   -0.00009 4.1203e-12          5  0.000e+00
      73446   3060.208    595.014    599.778     7.8270     7.8277   3.629888   3.629895     1.5885     1.2943     100.00   26.05956  -95.54940   -0.00011 3.0902e-12          5  0.000e+00
      73447   3060.250    595.014    599.778     7.8268     7.8278   3.629881   3.629941     1.5885     1.2943     100.00   26.05956  -95.54940   -0.00012 3.6052e-12          5  0.000e+00
      73448   3060.292    595.061    599.826     7.8268     7.8277   3.629882   3.629935     1.5897     1.2943     100.00   26.05956  -95.54940   -0.00012 4.1203e-12          5  0.000e+00
      73449   3060.333    595.014    599.778     7.8270     7.8278   3.629881   3.629948     1.5910     1.2943     100.00   26.05956  -95.54940   -0.00009 3.0902e-12          5  0.000e+00
      73450   3060.375    595.014    599.778     7.8270     7.8277   3.629901   3.629935     1.5897     1.2943     100.00   26.05956  -95.54940   -0.00009 3.6052e-12          5  0.000e+00
      73451   3060.417    595.014    599.778     7.8270     7.8278   3.629914   3.629928     1.5897     1.2943     100.00   26.05956  -95.54940   -0.00009 4.1203e-12          5  0.000e+00
      73452   3060.458    595.062    599.826     7.8271     7.8277   3.629934   3.629902     1.5897     1.2943     100.00   26.05956  -95.54940   -0.00008 3.0902e-12          5  0.000e+00
      73453   3060.500    594.959    599.723     7.8271     7.8278   3.629921   3.629915     1.5897     1.2943     100.00   26.05956  -95.54940   -0.00008 3.6052e-12          5  0.000e+00
      73454   3060.542    595.062    599.827     7.8271     7.8277   3.629914   3.629928     1.5897     1.2943     100.00   26.05956  -95.54940   -0.00006 4.1203e-12          5  0.000e+00
      73455   3060.583    595.014    599.778     7.8273     7.8278   3.629934   3.629928     1.5897     1.2943     100.00   26.05956  -95.54940   -0.00005 3.0902e-12          5  0.000e+00
      73456   3060.625    594.959    599.723     7.8273     7.8277   3.629921   3.629902     1.5897     1.2943     100.00   26.05956  -95.54940   -0.00003 3.6052e-12          5  0.000e+00
      73457   3060.667    595.014    599.778     7.8273     7.8278   3.629934   3.629915     1.5897     1.2943     100.00   26.05956  -95.54940   -0.00002 4.6353e-12          5  0.000e+00
      73458   3060.708    595.014    599.778     7.8275     7.8277   3.629921   3.629902     1.5885     1.2943     100.00   26.05956  -95.54940   -0.00005 3.6052e-12          5  0.000e+00
      73459   3060.750    595.014    599.779     7.8273     7.8277   3.629862   3.629915     1.5885     1.2930     100.00   26.05956  -95.54940   -0.00007   -0.00002          5  0.000e+00
      73460   3060.792    595.014    599.779     7.8271     7.8275   3.629921   3.629928     1.5897     1.2943     100.00   26.05956  -95.54940   -0.00006   -0.00002          5  0.000e+00
      73461   3060.833    595.014    599.779     7.8270     7.8275   3.629921   3.629902     1.5897     1.2943     100.00   26.05956  -95.54940   -0.00006   -0.00002          5  0.000e+00
      73462   3060.875    594.960    599.724     7.8271     7.8277   3.629888   3.629915     1.5897     1.2943     100.00   26.05956  -95.54940   -0.00005   -0.00002          5  0.000e+00
      73463   3060.917    595.014    599.779     7.8271     7.8277   3.629881   3.629948     1.5897     1.2943     100.00   26.05956  -95.54940   -0.00005   -0.00002          5  0.000e+00
      73464   3060.958    594.960    599.724     7.8271     7.8275   3.629901   3.629935     1.5897     1.2943     100.00   26.05956  -95.54940   -0.00004   -0.00002          5  0.000e+00
      73465   3061.000    595.014    599.779     7.8270     7.8277   3.629862   3.629948     1.5897     1.2943     100.00   26.05956  -95.54940   -0.00004   -0.00002          5  0.000e+00
      73466   3061.042    595.014    599.779     7.8268     7.8280   3.629895   3.629935     1.5897     1.2943     100.00   26.05956  -95.54940   -0.00003   -0.00001          5  0.000e+00
      73467   3061.083    594.960    599.724     7.8266     7.8277   3.629888   3.629948     1.5897     1.2943     100.00   26.05956  -95.54940   -0.00002   -0.00001          5  0.000e+00
      73468   3061.125    594.960    599.724     7.8268     7.8280   3.629901   3.629935     1.5885     1.2943     100.00   26.05956  -95.54940   -0.00004   -0.00001          5  0.000e+00
      73469   3061.167    595.015    599.779     7.8270     7.8278   3.629862   3.629948     1.5897     1.2943     100.00   26.05956  -95.54940   -0.00003   -0.00001          5  0.000e+00
      73470   3061.208    594.960    599.724     7.8271     7.8278   3.629868   3.629935     1.5897     1.2943     100.00   26.05956  -95.54940   -0.00003   -0.00001          5  0.000e+00
      73471   3061.250    594.960    599.724     7.8270     7.8277   3.629881   3.629902     1.5897     1.2943     100.00   26.05956  -95.54940   -0.00004   -0.00001          5  0.000e+00
      73472   3061.292    594.960    599.724     7.8271     7.8277   3.629855   3.629915     1.5897     1.2943     100.00   26.05956  -95.54940   -0.00003   -0.00001          5  0.000e+00
      73473   3061.333    594.960    599.724     7.8270     7.8275   3.629894   3.629928     1.5897     1.2943     100.00   26.05956  -95.54940   -0.00003   -0.00001          5  0.000e+00
      73474   3061.375    594.960    599.724     7.8268     7.8277   3.629914   3.629948     1.5897     1.2943     100.00   26.05956  -95.54940   -0.00002   -0.00001          5  0.000e+00
      73475   3061.417    594.960    599.724     7.8270     7.8275   3.629914   3.629935     1.5897     1.2943     100.00   26.05956  -95.54940   -0.00002   -0.00001          5  0.000e+00
      73476   3061.458    594.960    599.724     7.8273     7.8277   3.629934   3.629948     1.5897     1.2943     100.00   26.05956  -95.54940   -0.00001   -0.00001          5  0.000e+00
      73477   3061.500    594.960    599.724     7.8275     7.8277   3.629947   3.629981     1.5897     1.2943     100.00   26.05956  -95.54940    0.00001   -0.00001          5  0.000e+00
      73478   3061.542    594.960    599.724     7.8275     7.8277   3.629947   3.629968     1.5885     1.2943     100.00   26.05956  -95.54940 -1.758e-07   -0.00001          5  0.000e+00
      73479   3061.583    594.913    599.676     7.8276     7.8278   3.629966   3.629981     1.5897     1.2943     100.00   26.05956  -95.54940    0.00001   -0.00001          5  0.000e+00
      73480   3061.625    594.960    599.724     7.8279     7.8283   3.629979   3.629941     1.5897     1.2943     100.00   26.05956  -95.54940    0.00001   -0.00001          5  0.000e+00
      73481   3061.667    594.913    599.676     7.8279     7.8283   3.629979   3.629968     1.5897     1.2943     100.00   26.05956  -95.54940    0.00002   -0.00001          5  0.000e+00
      73482   3061.708    594.961    599.724     7.8279     7.8283   3.629953   3.629987     1.5897     1.2943     100.00   26.05956  -95.54940    0.00002   -0.00001          5  0.000e+00
      73483   3061.750    594.913    599.676     7.8281     7.8283   3.629992   3.630007     1.5897     1.2943     100.00   26.05956  -95.54940    0.00003   -0.00001          5  0.000e+00
      73484   3061.792    594.961    599.725     7.8281     7.8285   3.630012   3.629974     1.5885     1.2943     100.00   26.05956  -95.54940    0.00002   -0.00001          5  0.000e+00
      73485   3061.833    594.913    599.676     7.8279     7.8285   3.629986   3.629961     1.5897     1.2943     100.00   26.05956  -95.54940    0.00002   -0.00001          5  0.000e+00
      73486   3061.875    594.913    599.676     7.8281     7.8283   3.629999   3.630001     1.5897     1.2943     100.00   26.05956  -95.54940    0.00001   -0.00001          5  0.000e+00
      73487   3061.917    594.913    599.676     7.8281     7.8285   3.629986   3.629974     1.5897     1.2943     100.00   26.05956  -95.54940    0.00000   -0.00001          5  0.000e+00
      73488   3061.958    594.961    599.725     7.8279     7.8285   3.629999   3.629981     1.5897     1.2943     100.00   26.05956  -95.54940    0.00001   -0.00001          5  0.000e+00
      73489   3062.000    594.913    599.677     7.8281     7.8286   3.630012   3.629987     1.5897     1.2943     100.00   26.05956  -95.54940    0.00001   -0.00001          5  0.000e+00
      73490   3062.042    594.913    599.677     7.8282     7.8283   3.629986   3.629987     1.5897     1.2943     100.00   26.05956  -95.54940    0.00002   -0.00001          5  0.000e+00
      73491   3062.083    594.913    599.677     7.8284     7.8283   3.629979   3.629987     1.5897     1.2943     100.00   26.05956  -95.54940    0.00002   -0.00001          5  0.000e+00
      73492   3062.125    594.913    599.677     7.8282     7.8285   3.630025   3.629968     1.5897     1.2943     100.00   26.05956  -95.54940    0.00003   -0.00001          5  0.000e+00
      73493   3062.167    594.913    599.677     7.8284     7.8285   3.630018   3.630001     1.5897     1.2943     100.00   26.05956  -95.54940    0.00004   -0.00001          5  0.000e+00
      73494   3062.208    594.913    599.677     7.8284     7.8288   3.630012   3.629994     1.5897     1.2943     100.00   26.05956  -95.54940    0.00004   -0.00001          5  0.000e+00
      73495   3062.250    594.859    599.622     7.8284     7.8286   3.630012   3.630007     1.5897     1.2943     100.00   26.05956  -95.54940    0.00005   -0.00000          5  0.000e+00
      73496   3062.292    594.913    599.677     7.8284     7.8288   3.630031   3.630020     1.5885     1.2943     100.00   26.05956  -95.54940    0.00003   -0.00000          5  0.000e+00
      73497   3062.333    594.913    599.677     7.8284     7.8288   3.630044   3.630040     1.5885     1.2943     100.00   26.05956  -95.54940    0.00002   -0.00000          5  0.000e+00
      73498   3062.375    594.859    599.622     7.8282     7.8290   3.630044   3.630001     1.5897     1.2943     100.00   26.05956  -95.54940    0.00001   -0.00000          5  0.000e+00
      73499   3062.417    594.859    599.622     7.8284     7.8290   3.630064   3.630007     1.5897     1.2930     100.00   26.05956  -95.54940 -4.120e-12   -0.00002          5  0.000e+00
      73500   3062.458    594.914    599.677     7.8284     7.8293   3.630077   3.630040     1.5897     1.2943     100.00   26.05956  -95.54940    0.00001   -0.00002          5  0.000e+00
      73501   3062.500    594.961    599.725     7.8284     7.8295   3.630051   3.630073     1.5897     1.2943     100.00   26.05956  -95.54940    0.00001   -0.00002          5  0.000e+00
      73502   3062.542    594.859    599.622     7.8285     7.8300   3.630018   3.630086     1.5897     1.2943     100.00   26.05956  -95.54940    0.00002   -0.00002          5  0.000e+00
      73503   3062.583    594.859    599.622     7.8282     7.8298   3.630031   3.630106     1.5897     1.2943     100.00   26.05956  -95.54940    0.00002   -0.00002          5  0.000e+00
      73504   3062.625    594.859    599.622     7.8287     7.8298   3.630044   3.630119     1.5897     1.2943     100.00   26.05956  -95.54940    0.00003   -0.00002          5  0.000e+00
      77191   3216.250    496.408    500.263     9.1604     9.1633   3.762682   3.762857     1.5849     1.2894     100.00   26.05954  -95.54942    0.00007   -0.00001          6  0.000e+00
      77192   3216.292    496.210    500.064     9.1605     9.1633   3.762669   3.762903     1.5849     1.2894     100.00   26.05954  -95.54942    0.00007   -0.00001          6  0.000e+00
      77193   3216.333    496.408    500.263     9.1604     9.1633   3.762669   3.762863     1.5849     1.2894     100.00   26.05954  -95.54942    0.00006    0.00000          6  0.000e+00
      77194   3216.375    496.360    500.215     9.1606     9.1632   3.762643   3.762877     1.5861     1.2906      99.54   26.05954  -95.54942    0.00008    0.00004          6  0.000e+00
      77195   3216.417    496.313    500.167     9.1606     9.1632   3.762636   3.762863     1.5849     1.2906      78.05   26.05954  -95.54942    0.00008    0.00006          6  0.000e+00
      77196   3216.458    496.360    500.215     9.1610     9.1632   3.762656   3.762877     1.5849     1.2894      64.49   26.05954  -95.54942    0.00008    0.00005          6  0.000e+00
      77197   3216.500    496.360    500.215     9.1611     9.1632   3.762669   3.762877     1.5849     1.2894      62.74   26.05954  -95.54942    0.00007    0.00005          6  0.000e+00
      77198   3216.542    496.361    500.215     9.1613     9.1632   3.762669   3.762836     1.5849     1.2894      63.76   26.05954  -95.54942    0.00007    0.00005          6  0.000e+00
      77199   3216.583    496.361    500.215     9.1611     9.1633   3.762696   3.762897     1.5849     1.2894      64.30   26.05954  -95.54942    0.00007    0.00005          6  0.000e+00
      77200   3216.625    496.361    500.215     9.1610     9.1633   3.762649   3.762910     1.5849     1.2906      64.35   26.05954  -95.54942    0.00007    0.00007          6  0.000e+00
      77201   3216.667    496.361    500.216     9.1613     9.1633   3.762682   3.762890     1.5861     1.2894      64.30   26.05954  -95.54942    0.00008    0.00007          6  0.000e+00
      77202   3216.708    496.409    500.264     9.1611     9.1635   3.762676   3.762837     1.5861     1.2894      64.27   26.05954  -95.54942    0.00010    0.00007          6  0.000e+00
      77203   3216.750    496.361    500.216     9.1604     9.1632   3.762643   3.762843     1.5849     1.2894      64.27   26.05954  -95.54942    0.00009    0.00006          6  0.000e+00
      77204   3216.792    496.361    500.216     9.1587     9.1632   3.762511   3.762897     1.5849     1.2894      64.27   26.05954  -95.54942    0.00009    0.00006          6  0.000e+00
      77205   3216.833    496.409    500.264     9.1572     9.1633   3.762471   3.762870     1.5849     1.2906      64.27   26.05954  -95.54942    0.00009    0.00008          6  0.000e+00
