Gulf of Mexico/GOMECC-4/1db/rb2103_1101.ros
* Sea-Bird SBE 9 Data File:
* FileName = C:\Users\scs.user.rb\CTD\GOMECC4\data\rb2103_1101.hex
* Software Version Seasave V 7.26.7.107
* Temperature SN = 4799
* Conductivity SN = 3860
* Number of Bytes Per Scan = 41
* Number of Voltage Words = 4
* Number of Scans Averaged by the Deck Unit = 1
* NMEA Latitude = 22 32.38 N
* NMEA Longitude = 086 36.68 W
* NMEA UTC (Time) = Oct 15 2021  05:55:57
* NMEA baud rate = 4800
# nquan = 17
# nvalues = 1862                                  
# units = specified
# name 0 = scan: Scan Count
# name 1 = timeS: Time, Elapsed [seconds]
# name 2 = depSM: Depth [salt water, m]
# name 3 = prDM: Pressure, Digiquartz [db]
# name 4 = t090C: Temperature [ITS-90, deg C]
# name 5 = t190C: Temperature, 2 [ITS-90, deg C]
# name 6 = c0S/m: Conductivity [S/m]
# name 7 = c1S/m: Conductivity, 2 [S/m]
# name 8 = sbeox0V: Oxygen raw, SBE 43 [V]
# name 9 = sbeox1V: Oxygen raw, SBE 43, 2 [V]
# name 10 = altM: Altimeter [m]
# name 11 = latitude: Latitude [deg]
# name 12 = longitude: Longitude [deg]
# name 13 = sbox0dV/dT: Oxygen, SBE 43 [dov/dt]
# name 14 = sbox1dV/dT: Oxygen, SBE 43, 2 [dov/dt]
# name 15 = nbf: Bottles Fired
# name 16 = flag:  0.000e+00
# interval = seconds: 0.0416667
# start_time = Oct 15 2021 05:55:57 [NMEA time, header]
# bad_flag = -9.990e-29
*END*
[from data line 426]
      31378   1307.375    213.856    215.317    18.1491    18.1463   4.786897   4.786704     2.2125     1.8523      31.01   22.55130  -86.61692   -0.00007   -0.00015          4  0.000e+00
      31379   1307.417    213.754    215.214    18.1497    18.1465   4.786860   4.786719     2.2125     1.8523      31.01   22.55130  -86.61692   -0.00010   -0.00015          4  0.000e+00
      31380   1307.458    213.856    215.317    18.1495    18.1463   4.786919   4.786653     2.2125     1.8523      31.01   22.55130  -86.61692   -0.00010   -0.00016          4  0.000e+00
      31381   1307.500    213.808    215.269    18.1493    18.1460   4.786941   4.786638     2.2125     1.8523      31.01   22.55130  -86.61692   -0.00013   -0.00017          4  0.000e+00
      31382   1307.542    213.809    215.269    18.1497    18.1459   4.786875   4.786601     2.2125     1.8523      31.01   22.55130  -86.61692   -0.00013   -0.00018          4  0.000e+00
      31383   1307.583    213.809    215.269    18.1493    18.1458   4.786882   4.786594     2.2125     1.8523      31.01   22.55130  -86.61692   -0.00014   -0.00019          4  0.000e+00
      31384   1307.625    213.809    215.269    18.1495    18.1458   4.786926   4.786623     2.2125     1.8523      31.01   22.55130  -86.61692   -0.00016   -0.00020          4  0.000e+00
      31385   1307.667    213.809    215.269    18.1497    18.1456   4.786941   4.786586     2.2125     1.8523      31.01   22.55130  -86.61692   -0.00017   -0.00020          4  0.000e+00
      31386   1307.708    213.856    215.317    18.1495    18.1460   4.786941   4.786616     2.2137     1.8523      31.01   22.55130  -86.61692   -0.00017   -0.00021          4  0.000e+00
      31387   1307.750    213.809    215.269    18.1495    18.1465   4.786941   4.786660     2.2125     1.8535      31.01   22.55130  -86.61692   -0.00018   -0.00020          4  0.000e+00
      31388   1307.792    213.809    215.269    18.1497    18.1463   4.786904   4.786675     2.2125     1.8523      31.01   22.55132  -86.61692   -0.00018   -0.00021          4  0.000e+00
      31389   1307.833    213.856    215.317    18.1495    18.1458   4.786926   4.786675     2.2125     1.8523      31.01   22.55132  -86.61692   -0.00019   -0.00022          4  0.000e+00
      31390   1307.875    213.754    215.214    18.1495    18.1458   4.786875   4.786609     2.2125     1.8523      31.01   22.55132  -86.61692   -0.00019   -0.00023          4  0.000e+00
      31391   1307.917    213.856    215.317    18.1488    18.1457   4.786795   4.786594     2.2137     1.8523      31.01   22.55132  -86.61692   -0.00019   -0.00024          4  0.000e+00
      31392   1307.958    213.809    215.269    18.1484    18.1456   4.786715   4.786594     2.2125     1.8523      32.92   22.55132  -86.61692   -0.00020   -0.00023          4  0.000e+00
      31393   1308.000    213.809    215.269    18.1481    18.1456   4.786693   4.786527     2.2125     1.8523      75.36   22.55132  -86.61692   -0.00020   -0.00022          4  0.000e+00
      31394   1308.042    213.809    215.269    18.1479    18.1454   4.786693   4.786572     2.2125     1.8523     100.00   22.55132  -86.61692   -0.00022   -0.00022          4  0.000e+00
      31395   1308.083    213.856    215.317    18.1478    18.1459   4.786664   4.786594     2.2125     1.8523     100.00   22.55132  -86.61692   -0.00023   -0.00021          4  0.000e+00
      31396   1308.125    213.809    215.269    18.1476    18.1457   4.786620   4.786623     2.2137     1.8523     100.00   22.55132  -86.61692   -0.00023   -0.00020          4  0.000e+00
      31397   1308.167    213.856    215.317    18.1472    18.1461   4.786584   4.786660     2.2125     1.8523     100.00   22.55132  -86.61692   -0.00023   -0.00019          4  0.000e+00
      31398   1308.208    213.809    215.269    18.1469    18.1465   4.786577   4.786734     2.2137     1.8535      99.98   22.55132  -86.61692   -0.00022   -0.00016          4  0.000e+00
      31399   1308.250    213.809    215.269    18.1467    18.1464   4.786540   4.786727     2.2125     1.8523      99.98   22.55132  -86.61692   -0.00024   -0.00017          4  0.000e+00
      31400   1308.292    213.856    215.317    18.1466    18.1463   4.786562   4.786653     2.2125     1.8535     100.00   22.55132  -86.61692   -0.00024   -0.00014          4  0.000e+00
      31401   1308.333    213.755    215.214    18.1469    18.1458   4.786511   4.786542     2.2137     1.8523     100.00   22.55132  -86.61692   -0.00024   -0.00015          4  0.000e+00
      31402   1308.375    213.856    215.317    18.1466    18.1456   4.786518   4.786513     2.2137     1.8523     100.00   22.55132  -86.61692   -0.00025   -0.00014          4  0.000e+00
      31403   1308.417    213.857    215.317    18.1467    18.1452   4.786533   4.786513     2.2137     1.8523     100.00   22.55132  -86.61692   -0.00023   -0.00013          4  0.000e+00
      31404   1308.458    213.809    215.269    18.1467    18.1451   4.786591   4.786542     2.2125     1.8523     100.00   22.55132  -86.61692   -0.00024   -0.00013          4  0.000e+00
      31405   1308.500    213.809    215.269    18.1469    18.1451   4.786584   4.786520     2.2125     1.8523     100.00   22.55132  -86.61692   -0.00024   -0.00012          4  0.000e+00
      31406   1308.542    213.809    215.269    18.1471    18.1451   4.786577   4.786542     2.2137     1.8523     100.00   22.55132  -86.61692   -0.00023   -0.00011          4  0.000e+00
      31407   1308.583    213.857    215.317    18.1472    18.1451   4.786635   4.786557     2.2125     1.8523     100.00   22.55132  -86.61692   -0.00023   -0.00011          4  0.000e+00
      31408   1308.625    213.809    215.269    18.1471    18.1447   4.786657   4.786520     2.2137     1.8523     100.00   22.55132  -86.61692   -0.00021   -0.00012          4  0.000e+00
      31409   1308.667    213.809    215.269    18.1472    18.1445   4.786620   4.786542     2.2125     1.8523     100.00   22.55132  -86.61692   -0.00022   -0.00011          4  0.000e+00
      31410   1308.708    213.857    215.317    18.1469    18.1440   4.786642   4.786461     2.2125     1.8523     100.00   22.55132  -86.61692   -0.00022   -0.00011          4  0.000e+00
      31411   1308.750    213.809    215.269    18.1471    18.1442   4.786562   4.786491     2.2137     1.8523     100.00   22.55132  -86.61692   -0.00022   -0.00012          4  0.000e+00
      31412   1308.792    213.809    215.269    18.1472    18.1443   4.786620   4.786424     2.2125     1.8523     100.00   22.55132  -86.61692   -0.00024   -0.00010          4  0.000e+00
      31413   1308.833    213.857    215.317    18.1474    18.1444   4.786657   4.786454     2.2137     1.8523     100.00   22.55132  -86.61692   -0.00022   -0.00011          4  0.000e+00
      31414   1308.875    213.809    215.269    18.1476    18.1443   4.786679   4.786476     2.2137     1.8523     100.00   22.55132  -86.61692   -0.00021   -0.00011          4  0.000e+00
      31415   1308.917    213.809    215.269    18.1474    18.1440   4.786664   4.786439     2.2137     1.8523     100.00   22.55132  -86.61692   -0.00019   -0.00012          4  0.000e+00
      31416   1308.958    213.809    215.269    18.1474    18.1437   4.786679   4.786402     2.2137     1.8523     100.00   22.55132  -86.61692   -0.00018   -0.00012          4  0.000e+00
      31417   1309.000    213.857    215.317    18.1479    18.1436   4.786693   4.786395     2.2137     1.8523     100.00   22.55132  -86.61692   -0.00016   -0.00013          4  0.000e+00
      31418   1309.042    213.809    215.269    18.1478    18.1433   4.786693   4.786358     2.2137     1.8523     100.00   22.55132  -86.61692   -0.00016   -0.00013          4  0.000e+00
      31419   1309.083    213.857    215.317    18.1478    18.1429   4.786722   4.786292     2.2137     1.8523     100.00   22.55132  -86.61692   -0.00015   -0.00014          4  0.000e+00
      31420   1309.125    213.809    215.269    18.1479    18.1419   4.786700   4.786122     2.2137     1.8523     100.00   22.55132  -86.61692   -0.00013   -0.00014          4  0.000e+00
      31421   1309.167    213.809    215.270    18.1478    18.1403   4.786722   4.785915     2.2125     1.8523     100.00   22.55132  -86.61692   -0.00015   -0.00015          4  0.000e+00
      31422   1309.208    213.809    215.270    18.1481    18.1390   4.786759   4.785805     2.2137     1.8523     100.00   22.55132  -86.61692   -0.00014   -0.00015          4  0.000e+00
      31423   1309.250    213.809    215.270    18.1483    18.1383   4.786773   4.785724     2.2137     1.8523     100.00   22.55132  -86.61692   -0.00014   -0.00015          4  0.000e+00
      31424   1309.292    213.857    215.317    18.1483    18.1378   4.786773   4.785672     2.2137     1.8523     100.00   22.55132  -86.61692   -0.00013   -0.00016          4  0.000e+00
      31425   1309.333    213.809    215.270    18.1486    18.1376   4.786744   4.785665     2.2137     1.8523     100.00   22.55132  -86.61692   -0.00011   -0.00016          4  0.000e+00
      31426   1309.375    213.857    215.317    18.1483    18.1385   4.786759   4.785820     2.2137     1.8523     100.00   22.55132  -86.61692   -0.00010   -0.00017          4  0.000e+00
      31427   1309.417    213.809    215.270    18.1479    18.1390   4.786744   4.785930     2.2137     1.8523     100.00   22.55132  -86.61692   -0.00008   -0.00017          4  0.000e+00
      31428   1309.458    213.857    215.317    18.1476    18.1390   4.786671   4.785856     2.2125     1.8523     100.00   22.55132  -86.61692   -0.00008   -0.00018          4  0.000e+00
      31429   1309.500    213.809    215.270    18.1474    18.1388   4.786679   4.785797     2.2125     1.8523     100.00   22.55132  -86.61692   -0.00009   -0.00018          4  0.000e+00
      31430   1309.542    213.809    215.270    18.1478    18.1387   4.786693   4.785790     2.2137     1.8523     100.00   22.55132  -86.61692   -0.00007   -0.00019          4  0.000e+00
      31431   1309.583    213.857    215.318    18.1478    18.1395   4.786693   4.785879     2.2125     1.8523     100.00   22.55132  -86.61692   -0.00007   -0.00017          4  0.000e+00
      31432   1309.625    213.809    215.270    18.1472    18.1402   4.786664   4.785997     2.2137     1.8523     100.00   22.55132  -86.61692   -0.00006   -0.00016          4  0.000e+00
      31433   1309.667    213.809    215.270    18.1471    18.1405   4.786620   4.785974     2.2137     1.8523     100.00   22.55132  -86.61692   -0.00004   -0.00015          4  0.000e+00
      31434   1309.708    213.857    215.318    18.1476    18.1407   4.786642   4.786041     2.2125     1.8523     100.00   22.55132  -86.61692   -0.00004   -0.00013          4  0.000e+00
      31435   1309.750    213.857    215.318    18.1479    18.1410   4.786715   4.786070     2.2137     1.8523     100.00   22.55132  -86.61692   -0.00003   -0.00013          4  0.000e+00
      31436   1309.792    213.809    215.270    18.1484    18.1412   4.786737   4.786100     2.2125     1.8510     100.00   22.55134  -86.61694   -0.00003   -0.00014          4  0.000e+00
      31437   1309.833    213.809    215.270    18.1483    18.1414   4.786759   4.786048     2.2137     1.8523     100.00   22.55134  -86.61694   -0.00001   -0.00012          4  0.000e+00
      31438   1309.875    213.857    215.318    18.1483    18.1414   4.786773   4.786033     2.2137     1.8510     100.00   22.55134  -86.61694    0.00000   -0.00012          4  0.000e+00
      31439   1309.917    213.809    215.270    18.1486    18.1414   4.786744   4.786033     2.2125     1.8510     100.00   22.55134  -86.61694    0.00000   -0.00013          4  0.000e+00
      31440   1309.958    213.857    215.318    18.1488    18.1407   4.786795   4.786033     2.2137     1.8523     100.00   22.55134  -86.61694    0.00002   -0.00011          4  0.000e+00
      31441   1310.000    213.809    215.270    18.1484    18.1407   4.786780   4.786033     2.2137     1.8523     100.00   22.55134  -86.61694    0.00004   -0.00009          4  0.000e+00
      31442   1310.042    213.857    215.318    18.1485    18.1410   4.786802   4.786056     2.2137     1.8523     100.00   22.55134  -86.61694    0.00005   -0.00007          4  0.000e+00
      31443   1310.083    213.857    215.318    18.1474    18.1419   4.786780   4.786188     2.2137     1.8523     100.00   22.55134  -86.61694    0.00005   -0.00005          4  0.000e+00
      31444   1310.125    213.810    215.270    18.1469    18.1430   4.786708   4.786232     2.2137     1.8510     100.00   22.55134  -86.61694    0.00007   -0.00005          4  0.000e+00
      31445   1310.167    213.857    215.318    18.1474    18.1435   4.786628   4.786351     2.2137     1.8510     100.00   22.55134  -86.61694    0.00009   -0.00005          4  0.000e+00
      31446   1310.208    213.755    215.215    18.1462    18.1440   4.786489   4.786395     2.2137     1.8510     100.00   22.55134  -86.61694    0.00009   -0.00005          4  0.000e+00
      31447   1310.250    213.905    215.366    18.1455    18.1437   4.786453   4.786328     2.2137     1.8510     100.00   22.55134  -86.61694    0.00008   -0.00005          4  0.000e+00
      31448   1310.292    213.857    215.318    18.1450    18.1436   4.786453   4.786314     2.2137     1.8510     100.00   22.55134  -86.61694    0.00010   -0.00006          4  0.000e+00
      31449   1310.333    213.810    215.270    18.1450    18.1428   4.786387   4.786188     2.2137     1.8510     100.00   22.55134  -86.61694    0.00012   -0.00007          4  0.000e+00
      31450   1310.375    213.857    215.318    18.1445    18.1416   4.786373   4.786085     2.2137     1.8510     100.00   22.55134  -86.61694    0.00013   -0.00009          4  0.000e+00
      31451   1310.417    213.810    215.270    18.1442    18.1407   4.786337   4.786004     2.2137     1.8510     100.00   22.55134  -86.61694    0.00015   -0.00010          4  0.000e+00
      31452   1310.458    213.857    215.318    18.1436    18.1405   4.786300   4.785989     2.2137     1.8523     100.00   22.55134  -86.61694    0.00014   -0.00009          4  0.000e+00
      31453   1310.500    213.857    215.318    18.1433    18.1403   4.786227   4.785960     2.2137     1.8510     100.00   22.55134  -86.61694    0.00016   -0.00011          4  0.000e+00
      31454   1310.542    213.810    215.270    18.1434    18.1396   4.786206   4.785952     2.2137     1.8523     100.00   22.55134  -86.61694    0.00018   -0.00010          4  0.000e+00
      31455   1310.583    213.857    215.318    18.1439    18.1396   4.786206   4.785915     2.2149     1.8510     100.00   22.55134  -86.61694    0.00021   -0.00011          4  0.000e+00
      31456   1310.625    213.857    215.318    18.1438    18.1393   4.786235   4.785879     2.2137     1.8510     100.00   22.55134  -86.61694    0.00022   -0.00013          4  0.000e+00
      31457   1310.667    213.857    215.318    18.1439    18.1395   4.786249   4.785893     2.2137     1.8510     100.00   22.55134  -86.61694    0.00024   -0.00014          4  0.000e+00
      31458   1310.708    213.857    215.318    18.1438    18.1400   4.786213   4.785997     2.2137     1.8510     100.00   22.55134  -86.61694    0.00025   -0.00015          4  0.000e+00
      31459   1310.750    213.810    215.270    18.1442    18.1396   4.786271   4.785938     2.2137     1.8510     100.00   22.55134  -86.61694    0.00027   -0.00016          4  0.000e+00
      31460   1310.792    213.857    215.318    18.1445    18.1395   4.786293   4.785879     2.2137     1.8523     100.00   22.55134  -86.61694    0.00028   -0.00015          4  0.000e+00
      31461   1310.833    213.857    215.318    18.1445    18.1393   4.786315   4.785893     2.2137     1.8523     100.00   22.55134  -86.61694    0.00030   -0.00016          4  0.000e+00
