Gulf of Mexico/GOMECC-4/1db/rb2103_1041.ros
* Sea-Bird SBE 9 Data File:
* FileName = C:\Users\scs.user.rb\CTD\GOMECC4\data\rb2103_1041.hex
* Software Version Seasave V 7.26.7.107
* Temperature SN = 4799
* Conductivity SN = 3860
* Number of Bytes Per Scan = 41
* Number of Voltage Words = 4
* Number of Scans Averaged by the Deck Unit = 1
* NMEA Latitude = 24 59.65 N
* NMEA Longitude = 087 59.43 W
* NMEA UTC (Time) = Oct 13 2021  08:39:27
* NMEA baud rate = 4800
# nquan = 17
# nvalues = 3192                                  
# units = specified
# name 0 = scan: Scan Count
# name 1 = timeS: Time, Elapsed [seconds]
# name 2 = depSM: Depth [salt water, m]
# name 3 = prDM: Pressure, Digiquartz [db]
# name 4 = t090C: Temperature [ITS-90, deg C]
# name 5 = t190C: Temperature, 2 [ITS-90, deg C]
# name 6 = c0S/m: Conductivity [S/m]
# name 7 = c1S/m: Conductivity, 2 [S/m]
# name 8 = sbeox0V: Oxygen raw, SBE 43 [V]
# name 9 = sbeox1V: Oxygen raw, SBE 43, 2 [V]
# name 10 = altM: Altimeter [m]
# name 11 = latitude: Latitude [deg]
# name 12 = longitude: Longitude [deg]
# name 13 = sbox0dV/dT: Oxygen, SBE 43 [dov/dt]
# name 14 = sbox1dV/dT: Oxygen, SBE 43, 2 [dov/dt]
# name 15 = nbf: Bottles Fired
# name 16 = flag:  0.000e+00
# interval = seconds: 0.0416667
# start_time = Oct 13 2021 08:39:27 [NMEA time, header]
# bad_flag = -9.990e-29
*END*
[from data line 2469]
     217737   9072.333     93.588     94.216    27.3512    27.3534   5.747515   5.747869     2.9731     2.5128     100.00   25.01524  -88.00328   -0.00059    0.00037         19  0.000e+00
     217738   9072.375     93.439     94.066    27.3512    27.3540   5.747531   5.747869     2.9731     2.5116     100.00   25.01524  -88.00328   -0.00059    0.00031         19  0.000e+00
     217739   9072.417     93.541     94.168    27.3514    27.3540   5.747562   5.747869     2.9731     2.5116     100.00   25.01524  -88.00328   -0.00059    0.00024         19  0.000e+00
     217740   9072.458     93.494     94.120    27.3514    27.3541   5.747539   5.747901     2.9731     2.5116     100.00   25.01524  -88.00328   -0.00059    0.00018         19  0.000e+00
     217741   9072.500     93.494     94.120    27.3516    27.3536   5.747531   5.747845     2.9731     2.5116     100.00   25.01524  -88.00328   -0.00058    0.00011         19  0.000e+00
     217742   9072.542     93.541     94.168    27.3518    27.3537   5.747562   5.747893     2.9719     2.5116     100.00   25.01524  -88.00328   -0.00060    0.00005         19  0.000e+00
     217743   9072.583     93.439     94.066    27.3516    27.3532   5.747578   5.747885     2.9719     2.5116     100.00   25.01524  -88.00328   -0.00061   -0.00001         19  0.000e+00
     217744   9072.625     93.541     94.168    27.3520    27.3532   5.747578   5.747829     2.9731     2.5116     100.00   25.01524  -88.00328   -0.00061   -0.00008         19  0.000e+00
     217745   9072.667     93.494     94.120    27.3523    27.3533   5.747609   5.747853     2.9719     2.5116     100.00   25.01524  -88.00328   -0.00062   -0.00014         19  0.000e+00
     217746   9072.708     93.494     94.120    27.3520    27.3534   5.747586   5.747798     2.9719     2.5116     100.00   25.01524  -88.00328   -0.00064   -0.00021         19  0.000e+00
     217747   9072.750     93.541     94.168    27.3525    27.3532   5.747578   5.747845     2.9731     2.5116     100.00   25.01524  -88.00328   -0.00063   -0.00027         19  0.000e+00
     217748   9072.792     93.439     94.066    27.3522    27.3533   5.747609   5.747869     2.9719     2.5116     100.00   25.01526  -88.00328   -0.00064   -0.00033         19  0.000e+00
     217749   9072.833     93.494     94.120    27.3523    27.3536   5.747625   5.747869     2.9719     2.5128     100.00   25.01526  -88.00328   -0.00067   -0.00038         19  0.000e+00
     217750   9072.875     93.494     94.120    27.3518    27.3538   5.747586   5.747869     2.9731     2.5116     100.00   25.01526  -88.00328   -0.00066   -0.00044         19  0.000e+00
     217751   9072.917     93.494     94.120    27.3521    27.3537   5.747538   5.747869     2.9731     2.5128     100.00   25.01526  -88.00328   -0.00066   -0.00049         19  0.000e+00
     217752   9072.958     93.494     94.120    27.3520    27.3543   5.747562   5.747901     2.9731     2.5128     100.00   25.01526  -88.00328   -0.00065   -0.00054         19  0.000e+00
     217753   9073.000     93.494     94.120    27.3518    27.3541   5.747578   5.747949     2.9731     2.5128     100.00   25.01526  -88.00328   -0.00062   -0.00057         19  0.000e+00
     217754   9073.042     93.440     94.066    27.3518    27.3542   5.747578   5.747933     2.9731     2.5128     100.00   25.01526  -88.00328   -0.00061   -0.00060         19  0.000e+00
     217755   9073.083     93.541     94.168    27.3520    27.3541   5.747609   5.747917     2.9731     2.5128     100.00   25.01526  -88.00328   -0.00059   -0.00063         19  0.000e+00
     217756   9073.125     93.446     94.073    27.3522    27.3538   5.747625   5.747885     2.9731     2.5128     100.00   25.01526  -88.00328   -0.00056   -0.00066         19  0.000e+00
     217757   9073.167     93.494     94.120    27.3522    27.3542   5.747625   5.747901     2.9731     2.5128     100.00   25.01526  -88.00328   -0.00053   -0.00069         19  0.000e+00
     217758   9073.208     93.440     94.066    27.3520    27.3549   5.747586   5.747981     2.9731     2.5128     100.00   25.01526  -88.00328   -0.00050   -0.00072         19  0.000e+00
     217759   9073.250     93.494     94.121    27.3520    27.3549   5.747649   5.748013     2.9731     2.5128     100.00   25.01526  -88.00328   -0.00047   -0.00073         19  0.000e+00
     217760   9073.292     93.494     94.121    27.3518    27.3540   5.747601   5.747941     2.9731     2.5128     100.00   25.01526  -88.00328   -0.00044   -0.00074         19  0.000e+00
     217761   9073.333     93.446     94.073    27.3520    27.3532   5.747578   5.747813     2.9731     2.5140     100.00   25.01526  -88.00328   -0.00039   -0.00074         19  0.000e+00
     217762   9073.375     93.440     94.066    27.3518    27.3536   5.747578   5.747845     2.9731     2.5128     100.00   25.01526  -88.00328   -0.00036   -0.00075         19  0.000e+00
     217763   9073.417     93.494     94.121    27.3518    27.3537   5.747578   5.747901     2.9731     2.5128     100.00   25.01526  -88.00328   -0.00033   -0.00076         19  0.000e+00
     217764   9073.458     93.440     94.066    27.3514    27.3541   5.747578   5.747917     2.9744     2.5140     100.00   25.01526  -88.00328   -0.00028   -0.00073         19  0.000e+00
     217765   9073.500     93.494     94.121    27.3516    27.3543   5.747539   5.747949     2.9744     2.5140     100.00   25.01526  -88.00328   -0.00023   -0.00071         19  0.000e+00
     217766   9073.542     93.446     94.073    27.3517    27.3548   5.747633   5.747989     2.9756     2.5140     100.00   25.01526  -88.00328   -0.00018   -0.00068         19  0.000e+00
     217767   9073.583     93.494     94.121    27.3516    27.3554   5.747633   5.747981     2.9744     2.5140     100.00   25.01526  -88.00328   -0.00013   -0.00066         19  0.000e+00
     217768   9073.625     93.440     94.066    27.3518    27.3551   5.747554   5.748029     2.9744     2.5140     100.00   25.01526  -88.00328   -0.00009   -0.00063         19  0.000e+00
     217769   9073.667     93.440     94.066    27.3520    27.3549   5.747601   5.747957     2.9744     2.5140     100.00   25.01526  -88.00328   -0.00006   -0.00061         19  0.000e+00
     217770   9073.708     93.494     94.121    27.3522    27.3545   5.747586   5.747949     2.9744     2.5140     100.00   25.01526  -88.00328   -0.00002   -0.00056         19  0.000e+00
     217771   9073.750     93.446     94.073    27.3520    27.3545   5.747609   5.747925     2.9744     2.5140     100.00   25.01526  -88.00328    0.00001   -0.00052         19  0.000e+00
     217772   9073.792     93.440     94.066    27.3520    27.3542   5.747586   5.747917     2.9756     2.5153     100.00   25.01526  -88.00328    0.00006   -0.00045         19  0.000e+00
     217773   9073.833     93.494     94.121    27.3523    27.3541   5.747578   5.747917     2.9756     2.5153     100.00   25.01526  -88.00328    0.00011   -0.00039         19  0.000e+00
     217774   9073.875     93.392     94.018    27.3525    27.3543   5.747609   5.747917     2.9744     2.5140     100.00   25.01526  -88.00328    0.00014   -0.00034         19  0.000e+00
     217775   9073.917     93.494     94.121    27.3522    27.3552   5.747586   5.747981     2.9744     2.5153     100.00   25.01526  -88.00328    0.00016   -0.00028         19  0.000e+00
     217776   9073.958     93.392     94.018    27.3523    27.3551   5.747609   5.748036     2.9756     2.5153     100.00   25.01526  -88.00328    0.00021   -0.00021         19  0.000e+00
     217777   9074.000     93.440     94.066    27.3523    27.3552   5.747625   5.748029     2.9744     2.5153     100.00   25.01526  -88.00328    0.00022   -0.00017         19  0.000e+00
     217778   9074.042     93.440     94.066    27.3522    27.3548   5.747586   5.748005     2.9756     2.5165     100.00   25.01526  -88.00328    0.00026   -0.00010         19  0.000e+00
     217779   9074.083     93.440     94.066    27.3522    27.3541   5.747609   5.747933     2.9744     2.5165     100.00   25.01526  -88.00328    0.00027   -0.00006         19  0.000e+00
     217780   9074.125     93.494     94.121    27.3523    27.3541   5.747586   5.747917     2.9744     2.5165     100.00   25.01526  -88.00328    0.00028   -0.00001         19  0.000e+00
     217781   9074.167     93.392     94.018    27.3521    27.3542   5.747609   5.747949     2.9744     2.5165     100.00   25.01526  -88.00328    0.00030    0.00004         19  0.000e+00
     217782   9074.208     93.440     94.066    27.3518    27.3552   5.747625   5.748036     2.9744     2.5165     100.00   25.01526  -88.00328    0.00031    0.00008         19  0.000e+00
     217783   9074.250     93.440     94.066    27.3520    27.3564   5.747586   5.748092     2.9744     2.5165     100.00   25.01526  -88.00328    0.00030    0.00012         19  0.000e+00
     217784   9074.292     93.392     94.018    27.3520    27.3568   5.747609   5.748132     2.9744     2.5177     100.00   25.01526  -88.00328    0.00031    0.00019         19  0.000e+00
     217785   9074.333     93.494     94.121    27.3522    27.3571   5.747586   5.748196     2.9744     2.5177     100.00   25.01526  -88.00328    0.00033    0.00024         19  0.000e+00
     217786   9074.375     93.392     94.018    27.3522    27.3567   5.747609   5.748164     2.9744     2.5177     100.00   25.01526  -88.00328    0.00032    0.00029         19  0.000e+00
     217787   9074.417     93.440     94.066    27.3523    27.3564   5.747625   5.748124     2.9744     2.5177     100.00   25.01526  -88.00328    0.00033    0.00032         19  0.000e+00
     217788   9074.458     93.440     94.066    27.3523    27.3560   5.747625   5.748068     2.9744     2.5177     100.00   25.01526  -88.00328    0.00034    0.00036         19  0.000e+00
     217789   9074.500     93.392     94.018    27.3525    27.3561   5.747625   5.748084     2.9744     2.5177     100.00   25.01526  -88.00328    0.00035    0.00040         19  0.000e+00
     217790   9074.542     93.440     94.066    27.3525    27.3559   5.747625   5.748036     2.9744     2.5177     100.00   25.01526  -88.00328    0.00036    0.00045         19  0.000e+00
     217791   9074.583     93.447     94.073    27.3527    27.3556   5.747586   5.748076     2.9731     2.5177     100.00   25.01526  -88.00328    0.00035    0.00049         19  0.000e+00
     217792   9074.625     93.440     94.066    27.3522    27.3556   5.747649   5.748076     2.9744     2.5177     100.00   25.01526  -88.00328    0.00036    0.00052         19  0.000e+00
     217793   9074.667     93.440     94.066    27.3522    27.3561   5.747633   5.748124     2.9744     2.5177     100.00   25.01526  -88.00328    0.00036    0.00055         19  0.000e+00
     217794   9074.708     93.345     93.971    27.3520    27.3564   5.747625   5.748108     2.9744     2.5177     100.00   25.01526  -88.00328    0.00037    0.00058         19  0.000e+00
     220094   9170.542     70.356     70.824    28.7205    28.7186   5.883733   5.883781     3.1697     2.6850      99.98   25.01566  -88.00328    0.00012    0.00070         20  0.000e+00
     220095   9170.583     70.688     71.158    28.7207    28.7206   5.883733   5.883829     3.1697     2.6850     100.00   25.01566  -88.00328    0.00011    0.00068         20  0.000e+00
     220096   9170.625     70.437     70.905    28.7205    28.7206   5.883741   5.883950     3.1697     2.6850     100.00   25.01566  -88.00328    0.00009    0.00066         20  0.000e+00
     220097   9170.667     70.485     70.953    28.7202    28.7211   5.883662   5.883917     3.1697     2.6838     100.00   25.01566  -88.00328    0.00009    0.00062         20  0.000e+00
     220098   9170.708     70.451     70.919    28.7205    28.7210   5.883749   5.883966     3.1697     2.6838     100.00   25.01566  -88.00328    0.00008    0.00056         20  0.000e+00
     220099   9170.750     70.437     70.905    28.7202    28.7204   5.883749   5.883877     3.1697     2.6838     100.00   25.01566  -88.00328    0.00006    0.00051         20  0.000e+00
     220100   9170.792     70.437     70.905    28.7200    28.7197   5.883733   5.883773     3.1697     2.6838     100.00   25.01566  -88.00328    0.00005    0.00045         20  0.000e+00
     220101   9170.833     70.485     70.953    28.7205    28.7197   5.883733   5.883821     3.1697     2.6838     100.00   25.01566  -88.00328    0.00005    0.00038         20  0.000e+00
     220102   9170.875     70.451     70.919    28.7204    28.7199   5.883741   5.883805     3.1697     2.6825     100.00   25.01566  -88.00328    0.00004    0.00029         20  0.000e+00
     220103   9170.917     70.485     70.953    28.7204    28.7206   5.883733   5.883901     3.1697     2.6813     100.00   25.01566  -88.00328    0.00002    0.00018         20  0.000e+00
     220104   9170.958     70.437     70.905    28.7198    28.7206   5.883733   5.883901     3.1709     2.6813     100.00   25.01566  -88.00328    0.00005    0.00007         20  0.000e+00
     220105   9171.000     70.437     70.905    28.7203    28.7202   5.883669   5.883893     3.1697     2.6813     100.00   25.01566  -88.00328    0.00003   -0.00005         20  0.000e+00
     220106   9171.042     70.505     70.974    28.7207    28.7204   5.883709   5.883853     3.1697     2.6813     100.00   25.01566  -88.00328    0.00004   -0.00018         20  0.000e+00
     220107   9171.083     70.437     70.905    28.7207    28.7206   5.883804   5.883917     3.1709     2.6813     100.00   25.01566  -88.00328    0.00004   -0.00030         20  0.000e+00
     220108   9171.125     70.437     70.905    28.7202    28.7211   5.883725   5.883942     3.1709     2.6801     100.00   25.01566  -88.00328    0.00005   -0.00045         20  0.000e+00
     220109   9171.167     70.485     70.953    28.7202    28.7216   5.883757   5.884014     3.1709     2.6813     100.00   25.01566  -88.00328    0.00006   -0.00057         20  0.000e+00
     220110   9171.208     70.403     70.871    28.7205    28.7215   5.883749   5.883998     3.1709     2.6801     100.00   25.01566  -88.00328    0.00006   -0.00071         20  0.000e+00
     220111   9171.250     70.437     70.905    28.7204    28.7214   5.883741   5.883990     3.1722     2.6813     100.00   25.01566  -88.00328    0.00009   -0.00084         20  0.000e+00
     220112   9171.292     70.485     70.953    28.7204    28.7217   5.883765   5.884022     3.1709     2.6801     100.00   25.01566  -88.00328    0.00009   -0.00098         20  0.000e+00
     220113   9171.333     70.437     70.905    28.7203    28.7214   5.883749   5.883998     3.1709     2.6801     100.00   25.01566  -88.00328    0.00010   -0.00111         20  0.000e+00
     220114   9171.375     70.451     70.919    28.7204    28.7215   5.883733   5.884022     3.1722     2.6801     100.00   25.01566  -88.00328    0.00012   -0.00123         20  0.000e+00
     220115   9171.417     70.437     70.905    28.7204    28.7214   5.883773   5.883998     3.1722     2.6801     100.00   25.01566  -88.00328    0.00013   -0.00135         20  0.000e+00
     220116   9171.458     70.485     70.953    28.7204    28.7209   5.883749   5.883950     3.1722     2.6801     100.00   25.01566  -88.00328    0.00015   -0.00147         20  0.000e+00
     220117   9171.500     70.390     70.858    28.7204    28.7206   5.883733   5.883901     3.1709     2.6801     100.00   25.01566  -88.00328    0.00015   -0.00160         20  0.000e+00
     220118   9171.542     70.451     70.919    28.7209    28.7200   5.883733   5.883853     3.1709     2.6789     100.00   25.01566  -88.00328    0.00016   -0.00173         20  0.000e+00
     220119   9171.583     70.437     70.905    28.7198    28.7206   5.883741   5.883917     3.1722     2.6801     100.00   25.01566  -88.00328    0.00018   -0.00184         20  0.000e+00
