Gulf of Mexico/GOMECC-4/1db/rb2103_1201.ros
* Sea-Bird SBE 9 Data File:
* FileName = C:\Users\scs.user.rb\CTD\GOMECC4\data\rb2103_1201.hex
* Software Version Seasave V 7.26.7.107
* Temperature SN = 4799
* Conductivity SN = 3860
* Number of Bytes Per Scan = 41
* Number of Voltage Words = 4
* Number of Scans Averaged by the Deck Unit = 1
* NMEA Latitude = 21 40.66 N
* NMEA Longitude = 085 53.83 W
* NMEA UTC (Time) = Oct 16 2021  08:41:52
* NMEA baud rate = 4800
# nquan = 17
# nvalues = 2793                                  
# units = specified
# name 0 = scan: Scan Count
# name 1 = timeS: Time, Elapsed [seconds]
# name 2 = depSM: Depth [salt water, m]
# name 3 = prDM: Pressure, Digiquartz [db]
# name 4 = t090C: Temperature [ITS-90, deg C]
# name 5 = t190C: Temperature, 2 [ITS-90, deg C]
# name 6 = c0S/m: Conductivity [S/m]
# name 7 = c1S/m: Conductivity, 2 [S/m]
# name 8 = sbeox0V: Oxygen raw, SBE 43 [V]
# name 9 = sbeox1V: Oxygen raw, SBE 43, 2 [V]
# name 10 = altM: Altimeter [m]
# name 11 = latitude: Latitude [deg]
# name 12 = longitude: Longitude [deg]
# name 13 = sbox0dV/dT: Oxygen, SBE 43 [dov/dt]
# name 14 = sbox1dV/dT: Oxygen, SBE 43, 2 [dov/dt]
# name 15 = nbf: Bottles Fired
# name 16 = flag:  0.000e+00
# interval = seconds: 0.0416667
# start_time = Oct 16 2021 08:41:52 [NMEA time, header]
# bad_flag = -9.990e-29
*END*
[from data line 341]
      80895   3370.583   1485.683   1500.349     4.3387     4.3393   3.349221   3.349214     1.9768     1.6496     100.00   21.68466  -85.89980    0.00000    0.00004          3  0.000e+00
      80896   3370.625   1485.628   1500.293     4.3386     4.3393   3.349253   3.349246     1.9780     1.6496     100.00   21.68466  -85.89980    0.00001    0.00006          3  0.000e+00
      80897   3370.667   1485.628   1500.293     4.3386     4.3392   3.349271   3.349220     1.9780     1.6484     100.00   21.68466  -85.89980    0.00002    0.00004          3  0.000e+00
      80898   3370.708   1485.628   1500.293     4.3387     4.3390   3.349221   3.349208     1.9780     1.6496     100.00   21.68466  -85.89980    0.00003    0.00006          3  0.000e+00
      80899   3370.750   1485.628   1500.293     4.3385     4.3393   3.349227   3.349208     1.9780     1.6484     100.00   21.68466  -85.89980    0.00004    0.00004          3  0.000e+00
      80900   3370.792   1485.628   1500.293     4.3387     4.3393   3.349221   3.349208     1.9780     1.6496     100.00   21.68466  -85.89980    0.00005    0.00004          3  0.000e+00
      80901   3370.833   1485.628   1500.294     4.3386     4.3392   3.349189   3.349208     1.9780     1.6484     100.00   21.68466  -85.89980    0.00006    0.00004          3  0.000e+00
      80902   3370.875   1485.628   1500.294     4.3386     4.3392   3.349202   3.349208     1.9768     1.6484     100.00   21.68466  -85.89980    0.00005    0.00002          3  0.000e+00
      80903   3370.917   1485.635   1500.301     4.3387     4.3390   3.349253   3.349182     1.9780     1.6496     100.00   21.68466  -85.89980    0.00006    0.00002          3  0.000e+00
      80904   3370.958   1485.629   1500.294     4.3387     4.3393   3.349227   3.349195     1.9768     1.6484     100.00   21.68466  -85.89980    0.00006    0.00002          3  0.000e+00
      80905   3371.000   1485.684   1500.350     4.3387     4.3390   3.349234   3.349208     1.9768     1.6496     100.00   21.68466  -85.89980    0.00007    0.00004          3  0.000e+00
      80906   3371.042   1485.629   1500.294     4.3389     4.3390   3.349259   3.349208     1.9768     1.6484     100.00   21.68466  -85.89980    0.00006    0.00002          3  0.000e+00
      80907   3371.083   1485.580   1500.245     4.3388     4.3393   3.349246   3.349208     1.9768     1.6484     100.00   21.68466  -85.89980    0.00007    0.00001          3  0.000e+00
      80908   3371.125   1485.629   1500.294     4.3389     4.3392   3.349240   3.349208     1.9768     1.6484     100.00   21.68466  -85.89980    0.00006   -0.00001          3  0.000e+00
      80909   3371.167   1485.629   1500.294     4.3387     4.3392   3.349221   3.349208     1.9768     1.6484     100.00   21.68466  -85.89980    0.00005   -0.00001          3  0.000e+00
      80910   3371.208   1485.629   1500.294     4.3389     4.3393   3.349234   3.349208     1.9768     1.6484     100.00   21.68466  -85.89980    0.00006   -0.00001          3  0.000e+00
      80911   3371.250   1485.629   1500.295     4.3385     4.3393   3.349240   3.349208     1.9768     1.6484     100.00   21.68466  -85.89980    0.00007   -0.00001          3  0.000e+00
      80912   3371.292   1485.629   1500.295     4.3387     4.3392   3.349196   3.349227     1.9768     1.6484     100.00   21.68466  -85.89980    0.00008   -0.00001          3  0.000e+00
      80913   3371.333   1485.629   1500.295     4.3389     4.3392   3.349221   3.349214     1.9768     1.6496     100.00   21.68466  -85.89980    0.00009    0.00001          3  0.000e+00
      80914   3371.375   1485.630   1500.295     4.3389     4.3392   3.349221   3.349214     1.9768     1.6496     100.00   21.68466  -85.89980    0.00008    0.00003          3  0.000e+00
      80915   3371.417   1485.630   1500.295     4.3387     4.3392   3.349234   3.349208     1.9768     1.6496     100.00   21.68466  -85.89980    0.00008    0.00003          3  0.000e+00
      80916   3371.458   1485.581   1500.246     4.3387     4.3393   3.349240   3.349227     1.9768     1.6496     100.00   21.68466  -85.89980    0.00007    0.00003          3  0.000e+00
      80917   3371.500   1485.630   1500.295     4.3387     4.3390   3.349240   3.349214     1.9768     1.6484     100.00   21.68466  -85.89980    0.00008    0.00004          3  0.000e+00
      80918   3371.542   1485.637   1500.302     4.3389     4.3393   3.349240   3.349227     1.9768     1.6484     100.00   21.68466  -85.89980    0.00009    0.00004          3  0.000e+00
      80919   3371.583   1485.630   1500.295     4.3387     4.3393   3.349221   3.349214     1.9768     1.6484     100.00   21.68466  -85.89980    0.00008    0.00002          3  0.000e+00
      80920   3371.625   1485.582   1500.246     4.3388     4.3393   3.349234   3.349227     1.9768     1.6484     100.00   21.68466  -85.89980    0.00008    0.00001          3  0.000e+00
      80921   3371.667   1485.630   1500.296     4.3390     4.3393   3.349221   3.349214     1.9780     1.6496     100.00   21.68466  -85.89980    0.00009    0.00001          3  0.000e+00
      80922   3371.708   1485.630   1500.296     4.3387     4.3393   3.349208   3.349227     1.9780     1.6484     100.00   21.68466  -85.89980    0.00010   -0.00001          3  0.000e+00
      80923   3371.750   1485.630   1500.296     4.3389     4.3392   3.349208   3.349233     1.9780     1.6496     100.00   21.68466  -85.89980    0.00011    0.00001          3  0.000e+00
      80924   3371.792   1485.582   1500.247     4.3388     4.3392   3.349252   3.349233     1.9780     1.6484     100.00   21.68466  -85.89980    0.00012   -0.00001          3  0.000e+00
      80925   3371.833   1485.631   1500.296     4.3389     4.3393   3.349246   3.349233     1.9780     1.6496     100.00   21.68466  -85.89980    0.00013   -0.00000          3  0.000e+00
      80926   3371.875   1485.631   1500.296     4.3389     4.3393   3.349240   3.349233     1.9780     1.6496     100.00   21.68466  -85.89980    0.00014   -0.00000          3  0.000e+00
      80927   3371.917   1485.582   1500.247     4.3389     4.3392   3.349259   3.349233     1.9780     1.6496     100.00   21.68466  -85.89980    0.00014    0.00001          3  0.000e+00
      80928   3371.958   1485.631   1500.296     4.3389     4.3392   3.349227   3.349188     1.9780     1.6496     100.00   21.68466  -85.89980    0.00015    0.00003          3  0.000e+00
      80929   3372.000   1485.631   1500.296     4.3387     4.3393   3.349234   3.349195     1.9780     1.6496     100.00   21.68466  -85.89980    0.00016    0.00005          3  0.000e+00
      80930   3372.042   1485.631   1500.297     4.3387     4.3390   3.349240   3.349246     1.9780     1.6496     100.00   21.68466  -85.89980    0.00017    0.00005          3  0.000e+00
      80931   3372.083   1485.583   1500.248     4.3389     4.3392   3.349240   3.349239     1.9780     1.6496     100.00   21.68466  -85.89980    0.00018    0.00005          3  0.000e+00
      80932   3372.125   1485.631   1500.297     4.3386     4.3393   3.349215   3.349233     1.9780     1.6484     100.00   21.68466  -85.89980    0.00018    0.00005          3  0.000e+00
      80933   3372.167   1485.583   1500.248     4.3387     4.3393   3.349252   3.349214     1.9768     1.6496     100.00   21.68466  -85.89980    0.00017    0.00005          3  0.000e+00
      80934   3372.208   1485.638   1500.304     4.3387     4.3393   3.349221   3.349227     1.9780     1.6496     100.00   21.68466  -85.89980    0.00018    0.00007          3  0.000e+00
      80935   3372.250   1485.632   1500.297     4.3387     4.3390   3.349208   3.349214     1.9780     1.6496     100.00   21.68466  -85.89980    0.00018    0.00009          3  0.000e+00
      80936   3372.292   1485.583   1500.248     4.3386     4.3392   3.349234   3.349227     1.9780     1.6496     100.00   21.68466  -85.89980    0.00019    0.00010          3  0.000e+00
      80937   3372.333   1485.632   1500.297     4.3388     4.3390   3.349221   3.349233     1.9768     1.6496     100.00   21.68466  -85.89980    0.00018    0.00010          3  0.000e+00
      80938   3372.375   1485.584   1500.248     4.3387     4.3393   3.349215   3.349214     1.9768     1.6484     100.00   21.68466  -85.89980    0.00017    0.00010          3  0.000e+00
      80939   3372.417   1485.584   1500.248     4.3386     4.3392   3.349234   3.349208     1.9768     1.6484     100.00   21.68466  -85.89980    0.00015    0.00009          3  0.000e+00
      80940   3372.458   1485.688   1500.354     4.3387     4.3392   3.349240   3.349227     1.9780     1.6496     100.00   21.68466  -85.89980    0.00016    0.00009          3  0.000e+00
      80941   3372.500   1485.584   1500.249     4.3387     4.3393   3.349215   3.349252     1.9780     1.6484     100.00   21.68466  -85.89980    0.00016    0.00007          3  0.000e+00
      80942   3372.542   1485.632   1500.298     4.3387     4.3393   3.349227   3.349240     1.9780     1.6496     100.00   21.68466  -85.89980    0.00017    0.00009          3  0.000e+00
      80943   3372.583   1485.584   1500.249     4.3387     4.3392   3.349240   3.349188     1.9780     1.6484     100.00   21.68466  -85.89980    0.00017    0.00007          3  0.000e+00
      80944   3372.625   1485.633   1500.298     4.3386     4.3393   3.349240   3.349214     1.9780     1.6484     100.00   21.68466  -85.89978    0.00018    0.00005          3  0.000e+00
      80945   3372.667   1485.584   1500.249     4.3389     4.3392   3.349240   3.349214     1.9780     1.6496     100.00   21.68466  -85.89978    0.00018    0.00005          3  0.000e+00
      80946   3372.708   1485.633   1500.298     4.3385     4.3392   3.349240   3.349227     1.9780     1.6496     100.00   21.68466  -85.89978    0.00018    0.00005          3  0.000e+00
      80947   3372.750   1485.584   1500.249     4.3386     4.3392   3.349221   3.349233     1.9780     1.6496     100.00   21.68466  -85.89978    0.00021    0.00007          3  0.000e+00
      80948   3372.792   1485.585   1500.249     4.3389     4.3392   3.349234   3.349214     1.9780     1.6496     100.00   21.68466  -85.89978    0.00021    0.00006          3  0.000e+00
      80949   3372.833   1485.529   1500.193     4.3390     4.3393   3.349259   3.349227     1.9780     1.6484     100.00   21.68466  -85.89978    0.00021    0.00005          3  0.000e+00
      80950   3372.875   1485.695   1500.362     4.3387     4.3392   3.349246   3.349233     1.9780     1.6484     100.00   21.68466  -85.89978    0.00021    0.00003          3  0.000e+00
      80951   3372.917   1485.633   1500.299     4.3392     4.3393   3.349259   3.349214     1.9780     1.6496     100.00   21.68466  -85.89978    0.00023    0.00004          3  0.000e+00
      80952   3372.958   1485.585   1500.250     4.3389     4.3393   3.349246   3.349227     1.9768     1.6484     100.00   21.68466  -85.89978    0.00022    0.00004          3  0.000e+00
      88580   3690.792   1263.235   1275.024     4.4732     4.4739   3.351286   3.351320     1.9841     1.6557     100.00   21.68502  -85.89982    0.00002   -0.00006          4  0.000e+00
      88581   3690.833   1263.131   1274.919     4.4733     4.4737   3.351312   3.351295     1.9841     1.6557     100.00   21.68502  -85.89982    0.00002   -0.00007          4  0.000e+00
      88582   3690.875   1263.132   1274.920     4.4731     4.4736   3.351305   3.351288     1.9841     1.6557      98.90   21.68502  -85.89982    0.00001   -0.00007          4  0.000e+00
      88583   3690.917   1263.070   1274.857     4.4729     4.4737   3.351343   3.351288     1.9841     1.6557      63.37   21.68502  -85.89982    0.00001   -0.00007          4  0.000e+00
      88584   3690.958   1263.077   1274.864     4.4733     4.4735   3.351293   3.351307     1.9853     1.6557      41.81   21.68502  -85.89982    0.00003   -0.00008          4  0.000e+00
      88585   3691.000   1263.132   1274.920     4.4733     4.4737   3.351293   3.351295     1.9841     1.6557      39.12   21.68502  -85.89982    0.00003   -0.00008          4  0.000e+00
      88586   3691.042   1263.077   1274.864     4.4730     4.4739   3.351318   3.351288     1.9841     1.6557      40.81   21.68502  -85.89982    0.00003   -0.00008          4  0.000e+00
      88587   3691.083   1263.132   1274.920     4.4733     4.4737   3.351305   3.351307     1.9829     1.6557      41.66   21.68502  -85.89982    0.00002   -0.00008          4  0.000e+00
      88588   3691.125   1263.118   1274.906     4.4733     4.4737   3.351274   3.351301     1.9841     1.6545      41.73   21.68502  -85.89982    0.00002   -0.00011          4  0.000e+00
      88589   3691.167   1263.077   1274.864     4.4731     4.4739   3.351267   3.351288     1.9829     1.6545      41.66   21.68502  -85.89982    0.00000   -0.00013          4  0.000e+00
      88590   3691.208   1263.132   1274.920     4.4731     4.4735   3.351293   3.351288     1.9829     1.6545      41.61   21.68502  -85.89982   -0.00001   -0.00013          4  0.000e+00
      88591   3691.250   1263.077   1274.865     4.4733     4.4737   3.351280   3.351307     1.9841     1.6545      41.61   21.68502  -85.89982   -0.00001   -0.00013          4  0.000e+00
      88592   3691.292   1263.133   1274.921     4.4733     4.4736   3.351312   3.351320     1.9841     1.6557      41.61   21.68502  -85.89982   -0.00001   -0.00013          4  0.000e+00
      88593   3691.333   1263.015   1274.802     4.4731     4.4737   3.351331   3.351294     1.9841     1.6557      41.64   21.68502  -85.89982   -0.00000   -0.00013          4  0.000e+00
      88594   3691.375   1263.236   1275.026     4.4731     4.4737   3.351305   3.351269     1.9841     1.6557      41.64   21.68502  -85.89982 -9.271e-12   -0.00013          4  0.000e+00
      88595   3691.417   1263.078   1274.865     4.4733     4.4739   3.351299   3.351301     1.9841     1.6557      41.61   21.68502  -85.89982    0.00000   -0.00013          4  0.000e+00
      88596   3691.458   1263.078   1274.865     4.4733     4.4737   3.351299   3.351295     1.9841     1.6557      41.61   21.68502  -85.89982    0.00001   -0.00013          4  0.000e+00
      88597   3691.500   1263.133   1274.921     4.4736     4.4739   3.351280   3.351307     1.9841     1.6557      41.61   21.68502  -85.89982    0.00001   -0.00014          4  0.000e+00
      88598   3691.542   1263.133   1274.921     4.4731     4.4739   3.351312   3.351275     1.9841     1.6557      41.64   21.68502  -85.89982    0.00001   -0.00014          4  0.000e+00
      88599   3691.583   1263.120   1274.907     4.4729     4.4739   3.351286   3.351301     1.9841     1.6557      41.61   21.68502  -85.89982    0.00001   -0.00014          4  0.000e+00
      88600   3691.625   1263.133   1274.921     4.4734     4.4737   3.351312   3.351295     1.9841     1.6557      41.61   21.68502  -85.89982    0.00002   -0.00014          4  0.000e+00
      88601   3691.667   1263.078   1274.866     4.4733     4.4737   3.351286   3.351288     1.9841     1.6557      41.61   21.68502  -85.89982    0.00000   -0.00014          4  0.000e+00
      88602   3691.708   1263.134   1274.922     4.4733     4.4739   3.351312   3.351288     1.9841     1.6557      41.61   21.68502  -85.89982    0.00000   -0.00014          4  0.000e+00
      88603   3691.750   1263.079   1274.866     4.4733     4.4739   3.351286   3.351269     1.9841     1.6557      41.64   21.68502  -85.89982    0.00001   -0.00014          4  0.000e+00
      88604   3691.792   1263.120   1274.908     4.4731     4.4737   3.351312   3.351282     1.9841     1.6557      41.64   21.68502  -85.89982    0.00001   -0.00013          4  0.000e+00
      88605   3691.833   1263.079   1274.866     4.4733     4.4739   3.351305   3.351288     1.9841     1.6557      41.61   21.68502  -85.89982    0.00001   -0.00013          4  0.000e+00
