Gulf of Mexico/GOMECC-4/1db/rb2103_0821.ros
* Sea-Bird SBE 9 Data File:
* FileName = C:\Users\scs.user.rb\CTD\GOMECC4\data\rb2103_0821.hex
* Software Version Seasave V 7.26.7.107
* Temperature SN = 4799
* Conductivity SN = 3860
* Number of Bytes Per Scan = 41
* Number of Voltage Words = 4
* Number of Scans Averaged by the Deck Unit = 1
* NMEA Latitude = 22 16.54 N
* NMEA Longitude = 095 35.27 W
* NMEA UTC (Time) = Oct 06 2021  22:50:02
* NMEA baud rate = 4800
# nquan = 17
# nvalues = 3192                                  
# units = specified
# name 0 = scan: Scan Count
# name 1 = timeS: Time, Elapsed [seconds]
# name 2 = depSM: Depth [salt water, m]
# name 3 = prDM: Pressure, Digiquartz [db]
# name 4 = t090C: Temperature [ITS-90, deg C]
# name 5 = t190C: Temperature, 2 [ITS-90, deg C]
# name 6 = c0S/m: Conductivity [S/m]
# name 7 = c1S/m: Conductivity, 2 [S/m]
# name 8 = sbeox0V: Oxygen raw, SBE 43 [V]
# name 9 = sbeox1V: Oxygen raw, SBE 43, 2 [V]
# name 10 = altM: Altimeter [m]
# name 11 = latitude: Latitude [deg]
# name 12 = longitude: Longitude [deg]
# name 13 = sbox0dV/dT: Oxygen, SBE 43 [dov/dt]
# name 14 = sbox1dV/dT: Oxygen, SBE 43, 2 [dov/dt]
# name 15 = nbf: Bottles Fired
# name 16 = flag:  0.000e+00
# interval = seconds: 0.0416667
# start_time = Oct 06 2021 22:50:02 [NMEA time, header]
# bad_flag = -9.990e-29
*END*
[from data line 2213]
     207547   8647.750    109.726    110.445    20.1014    20.0927   4.992276   4.991578     1.9304     1.5922     100.00   22.27438  -95.59142    0.00079    0.00026         17  0.000e+00
     207548   8647.792    109.760    110.479    20.0963    20.0921   4.991839   4.991563     1.9304     1.5922     100.00   22.27438  -95.59142    0.00079    0.00027         17  0.000e+00
     207549   8647.833    109.821    110.541    20.0963    20.0919   4.991854   4.991540     1.9304     1.5922     100.00   22.27438  -95.59142    0.00080    0.00030         17  0.000e+00
     207550   8647.875    109.773    110.493    20.0995    20.0920   4.992180   4.991518     1.9304     1.5922     100.00   22.27438  -95.59142    0.00081    0.00032         17  0.000e+00
     207551   8647.917    109.773    110.493    20.1007    20.0930   4.992395   4.991630     1.9304     1.5922     100.00   22.27438  -95.59142    0.00082    0.00033         17  0.000e+00
     207552   8647.958    109.821    110.541    20.1002    20.0941   4.992284   4.991803     1.9304     1.5922     100.00   22.27438  -95.59142    0.00083    0.00036         17  0.000e+00
     207553   8648.000    109.807    110.527    20.0996    20.0961   4.992136   4.991990     1.9304     1.5922     100.00   22.27438  -95.59142    0.00082    0.00039         17  0.000e+00
     207554   8648.042    109.821    110.541    20.0963    20.0965   4.991913   4.991998     1.9304     1.5922     100.00   22.27438  -95.59142    0.00081    0.00039         17  0.000e+00
     207555   8648.083    109.821    110.541    20.0935    20.0953   4.991625   4.991900     1.9304     1.5910     100.00   22.27438  -95.59142    0.00081    0.00039         17  0.000e+00
     207556   8648.125    109.821    110.541    20.0920    20.0944   4.991469   4.991765     1.9304     1.5922     100.00   22.27438  -95.59142    0.00082    0.00039         17  0.000e+00
     207557   8648.167    109.855    110.575    20.0909    20.0929   4.991336   4.991645     1.9304     1.5922     100.00   22.27438  -95.59142    0.00082    0.00040         17  0.000e+00
     207558   8648.208    109.875    110.595    20.0900    20.0921   4.991306   4.991540     1.9304     1.5922     100.00   22.27438  -95.59142    0.00081    0.00041         17  0.000e+00
     207559   8648.250    109.875    110.595    20.0895    20.0916   4.991217   4.991473     1.9304     1.5922     100.00   22.27438  -95.59142    0.00080    0.00042         17  0.000e+00
     207560   8648.292    109.875    110.595    20.0887    20.0909   4.991210   4.991473     1.9292     1.5922     100.00   22.27438  -95.59142    0.00077    0.00042         17  0.000e+00
     207561   8648.333    109.821    110.541    20.0883    20.0913   4.991158   4.991503     1.9316     1.5922     100.00   22.27438  -95.59142    0.00079    0.00043         17  0.000e+00
     207562   8648.375    109.855    110.575    20.0878    20.0919   4.991143   4.991533     1.9304     1.5910     100.00   22.27438  -95.59142    0.00077    0.00042         17  0.000e+00
     207563   8648.417    109.922    110.643    20.0874    20.0916   4.991077   4.991518     1.9304     1.5922     100.00   22.27438  -95.59142    0.00076    0.00043         17  0.000e+00
     207564   8648.458    109.875    110.596    20.0873    20.0911   4.991025   4.991435     1.9304     1.5922     100.00   22.27438  -95.59142    0.00074    0.00043         17  0.000e+00
     207565   8648.500    109.923    110.643    20.0872    20.0909   4.991077   4.991458     1.9304     1.5922     100.00   22.27438  -95.59142    0.00072    0.00044         17  0.000e+00
     207566   8648.542    109.875    110.596    20.0874    20.0910   4.991129   4.991458     1.9304     1.5922     100.00   22.27438  -95.59142    0.00071    0.00044         17  0.000e+00
     207567   8648.583    109.909    110.630    20.0878    20.0911   4.991106   4.991503     1.9304     1.5910     100.00   22.27438  -95.59142    0.00069    0.00043         17  0.000e+00
     207568   8648.625    109.923    110.643    20.0881    20.0916   4.991158   4.991533     1.9304     1.5922     100.00   22.27438  -95.59142    0.00067    0.00044         17  0.000e+00
     207569   8648.667    109.923    110.643    20.0883    20.0925   4.991180   4.991555     1.9304     1.5922     100.00   22.27438  -95.59142    0.00065    0.00044         17  0.000e+00
     207570   8648.708    109.923    110.643    20.0881    20.0930   4.991180   4.991578     1.9292     1.5922     100.00   22.27438  -95.59142    0.00061    0.00045         17  0.000e+00
     207571   8648.750    109.923    110.643    20.0883    20.0927   4.991180   4.991600     1.9292     1.5922     100.00   22.27438  -95.59142    0.00057    0.00045         17  0.000e+00
     207572   8648.792    109.909    110.630    20.0887    20.0914   4.991247   4.991555     1.9304     1.5910     100.00   22.27438  -95.59142    0.00055    0.00044         17  0.000e+00
     207573   8648.833    109.875    110.596    20.0891    20.0904   4.991299   4.991428     1.9304     1.5922     100.00   22.27438  -95.59142    0.00053    0.00044         17  0.000e+00
     207574   8648.875    109.970    110.691    20.0895    20.0893   4.991277   4.991315     1.9304     1.5922     100.00   22.27438  -95.59142    0.00050    0.00044         17  0.000e+00
     207575   8648.917    109.923    110.643    20.0899    20.0885   4.991329   4.991270     1.9304     1.5922     100.00   22.27438  -95.59142    0.00048    0.00043         17  0.000e+00
     207576   8648.958    109.821    110.541    20.0895    20.0883   4.991321   4.991233     1.9304     1.5922     100.00   22.27438  -95.59142    0.00046    0.00043         17  0.000e+00
     207577   8649.000    110.004    110.725    20.0897    20.0881   4.991306   4.991240     1.9292     1.5922     100.00   22.27438  -95.59142    0.00041    0.00043         17  0.000e+00
     207578   8649.042    109.923    110.643    20.0897    20.0879   4.991336   4.991225     1.9304     1.5922     100.00   22.27438  -95.59142    0.00041    0.00044         17  0.000e+00
     207579   8649.083    109.970    110.691    20.0894    20.0879   4.991314   4.991270     1.9304     1.5922     100.00   22.27438  -95.59142    0.00038    0.00044         17  0.000e+00
     207580   8649.125    109.923    110.643    20.0895    20.0882   4.991336   4.991270     1.9304     1.5910     100.00   22.27438  -95.59142    0.00035    0.00040         17  0.000e+00
     207581   8649.167    109.909    110.630    20.0897    20.0886   4.991284   4.991315     1.9292     1.5910     100.00   22.27438  -95.59142    0.00031    0.00039         17  0.000e+00
     207582   8649.208    109.923    110.643    20.0897    20.0885   4.991329   4.991308     1.9292     1.5910     100.00   22.27438  -95.59142    0.00026    0.00037         17  0.000e+00
     207583   8649.250    109.923    110.643    20.0897    20.0890   4.991321   4.991323     1.9304     1.5910     100.00   22.27438  -95.59142    0.00025    0.00035         17  0.000e+00
     207584   8649.292    109.923    110.643    20.0897    20.0890   4.991336   4.991345     1.9304     1.5910     100.00   22.27438  -95.59142    0.00024    0.00033         17  0.000e+00
     207585   8649.333    109.923    110.643    20.0900    20.0891   4.991380   4.991330     1.9304     1.5922     100.00   22.27438  -95.59142    0.00023    0.00033         17  0.000e+00
     207586   8649.375    109.957    110.678    20.0907    20.0890   4.991454   4.991375     1.9304     1.5910     100.00   22.27438  -95.59142    0.00022    0.00032         17  0.000e+00
     207587   8649.417    109.875    110.596    20.0909    20.0890   4.991477   4.991315     1.9292     1.5922     100.00   22.27438  -95.59142    0.00019    0.00032         17  0.000e+00
     207588   8649.458    109.923    110.643    20.0914    20.0891   4.991506   4.991398     1.9292     1.5910     100.00   22.27438  -95.59142    0.00016    0.00030         17  0.000e+00
     207589   8649.500    109.923    110.643    20.0916    20.0895   4.991521   4.991570     1.9304     1.5910     100.00   22.27438  -95.59142    0.00015    0.00028         17  0.000e+00
     207590   8649.542    109.875    110.596    20.0920    20.0894   4.991580   4.991510     1.9304     1.5922     100.00   22.27438  -95.59142    0.00014    0.00028         17  0.000e+00
     207591   8649.583    109.909    110.630    20.0923    20.0897   4.991632   4.991503     1.9304     1.5910     100.00   22.27438  -95.59142    0.00013    0.00026         17  0.000e+00
     207592   8649.625    109.875    110.596    20.0932    20.0890   4.991765   4.991435     1.9292     1.5910     100.00   22.27438  -95.59142    0.00010    0.00025         17  0.000e+00
     207593   8649.667    109.923    110.643    20.0939    20.0881   4.991839   4.991330     1.9292     1.5922     100.00   22.27438  -95.59142    0.00007    0.00025         17  0.000e+00
     207594   8649.708    109.875    110.596    20.0950    20.0875   4.992039   4.991263     1.9304     1.5922     100.00   22.27438  -95.59142    0.00006    0.00025         17  0.000e+00
     210531   8772.083     77.746     78.250    22.0905    22.0925   5.164332   5.164436     2.9328     2.5006     100.00   22.27434  -95.59148   -0.00030    0.00009         18  0.000e+00
     210532   8772.125     77.441     77.943    22.0905    22.0926   5.164347   5.164458     2.9328     2.5006     100.00   22.27434  -95.59148   -0.00031    0.00009         18  0.000e+00
     210533   8772.167     77.597     78.100    22.0904    22.0928   5.164339   5.164443     2.9328     2.5006     100.00   22.27434  -95.59148   -0.00032    0.00010         18  0.000e+00
     210534   8772.208     77.489     77.991    22.0906    22.0926   5.164339   5.164435     2.9328     2.5006     100.00   22.27434  -95.59148   -0.00033    0.00009         18  0.000e+00
     210535   8772.250     77.496     77.997    22.0906    22.0927   5.164347   5.164435     2.9328     2.5006     100.00   22.27434  -95.59148   -0.00034    0.00008         18  0.000e+00
     210536   8772.292     77.489     77.991    22.0903    22.0926   5.164369   5.164435     2.9328     2.5006     100.00   22.27434  -95.59148   -0.00035    0.00007         18  0.000e+00
     210537   8772.333     77.536     78.038    22.0904    22.0928   5.164354   5.164435     2.9316     2.5006     100.00   22.27434  -95.59148   -0.00038    0.00006         18  0.000e+00
     210538   8772.375     77.496     77.998    22.0906    22.0927   5.164339   5.164496     2.9316     2.5006     100.00   22.27434  -95.59148   -0.00040    0.00005         18  0.000e+00
     210539   8772.417     77.489     77.991    22.0906    22.0928   5.164369   5.164481     2.9316     2.5006     100.00   22.27434  -95.59148   -0.00041    0.00004         18  0.000e+00
     210540   8772.458     77.496     77.998    22.0908    22.0929   5.164354   5.164473     2.9328     2.5018     100.00   22.27434  -95.59148   -0.00040    0.00003         18  0.000e+00
     210541   8772.500     77.489     77.991    22.0906    22.0930   5.164369   5.164504     2.9328     2.5018     100.00   22.27434  -95.59148   -0.00039    0.00002         18  0.000e+00
     210542   8772.542     77.496     77.998    22.0910    22.0933   5.164384   5.164519     2.9316     2.5018     100.00   22.27434  -95.59148   -0.00042    0.00002         18  0.000e+00
     210543   8772.583     77.489     77.991    22.0910    22.0928   5.164384   5.164451     2.9316     2.5006     100.00   22.27434  -95.59148   -0.00043    0.00001         18  0.000e+00
     210544   8772.625     77.442     77.943    22.0912    22.0929   5.164384   5.164458     2.9316     2.5018     100.00   22.27434  -95.59148   -0.00045   -0.00000         18  0.000e+00
     210545   8772.667     77.496     77.998    22.0912    22.0928   5.164384   5.164443     2.9328     2.5018     100.00   22.27434  -95.59148   -0.00045   -0.00002         18  0.000e+00
     210546   8772.708     77.442     77.943    22.0915    22.0927   5.164384   5.164435     2.9328     2.5018     100.00   22.27434  -95.59148   -0.00046   -0.00005         18  0.000e+00
     210547   8772.750     77.496     77.998    22.0915    22.0927   5.164384   5.164435     2.9328     2.5018     100.00   22.27434  -95.59148   -0.00045   -0.00006         18  0.000e+00
     210548   8772.792     77.442     77.943    22.0917    22.0927   5.164444   5.164435     2.9328     2.5018     100.00   22.27434  -95.59148   -0.00044   -0.00008         18  0.000e+00
     210549   8772.833     77.449     77.950    22.0926    22.0927   5.164467   5.164458     2.9328     2.5018     100.00   22.27434  -95.59148   -0.00042   -0.00008         18  0.000e+00
     210550   8772.875     77.442     77.943    22.0926    22.0931   5.164474   5.164504     2.9328     2.5018     100.00   22.27434  -95.59148   -0.00043   -0.00007         18  0.000e+00
     210551   8772.917     77.537     78.039    22.0926    22.0936   5.164534   5.164481     2.9328     2.5006     100.00   22.27434  -95.59148   -0.00042   -0.00011         18  0.000e+00
     210552   8772.958     77.449     77.950    22.0927    22.0935   5.164557   5.164473     2.9328     2.5018     100.00   22.27434  -95.59148   -0.00040   -0.00013         18  0.000e+00
     210553   8773.000     77.442     77.943    22.0931    22.0936   5.164587   5.164504     2.9328     2.5018     100.00   22.27434  -95.59148   -0.00039   -0.00011         18  0.000e+00
     210554   8773.042     77.449     77.950    22.0936    22.0935   5.164662   5.164481     2.9328     2.5006     100.00   22.27434  -95.59148   -0.00039   -0.00014         18  0.000e+00
     210555   8773.083     77.442     77.944    22.0938    22.0937   5.164685   5.164565     2.9328     2.5006     100.00   22.27434  -95.59148   -0.00040   -0.00016         18  0.000e+00
     210556   8773.125     77.449     77.950    22.0938    22.0942   5.164752   5.164603     2.9341     2.5018     100.00   22.27434  -95.59148   -0.00037   -0.00016         18  0.000e+00
     210557   8773.167     77.489     77.991    22.0942    22.0941   5.164775   5.164572     2.9328     2.5006      89.52   22.27434  -95.59148   -0.00035   -0.00016         18  0.000e+00
     210558   8773.208     77.442     77.944    22.0942    22.0942   5.164737   5.164626     2.9328     2.5018      75.75   22.27434  -95.59148   -0.00036   -0.00016         18  0.000e+00
     210559   8773.250     77.496     77.998    22.0942    22.0939   5.164752   5.164580     2.9341     2.5018      72.43   22.27434  -95.59148   -0.00034   -0.00016         18  0.000e+00
     210560   8773.292     77.442     77.944    22.0943    22.0938   5.164707   5.164565     2.9341     2.5006      72.99   22.27434  -95.59148   -0.00033   -0.00016         18  0.000e+00
     210561   8773.333     77.449     77.951    22.0943    22.0939   5.164715   5.164527     2.9341     2.5018      73.58   22.27434  -95.59148   -0.00032   -0.00015         18  0.000e+00
     210562   8773.375     77.490     77.992    22.0943    22.0935   5.164730   5.164550     2.9341     2.5018      73.68   22.27434  -95.59148   -0.00030   -0.00013         18  0.000e+00
     210563   8773.417     77.449     77.951    22.0938    22.0934   5.164632   5.164527     2.9341     2.5006      73.65   22.27434  -95.59148   -0.00029   -0.00013         18  0.000e+00
     210564   8773.458     77.490     77.992    22.0935    22.0931   5.164557   5.164519     2.9353     2.5018      73.63   22.27434  -95.59148   -0.00024   -0.00011         18  0.000e+00
     210565   8773.500     77.490     77.992    22.0931    22.0932   5.164549   5.164519     2.9341     2.5018      73.63   22.27434  -95.59148   -0.00021   -0.00008         18  0.000e+00
     210566   8773.542     77.449     77.951    22.0935    22.0931   5.164624   5.164481     2.9341     2.5018      73.63   22.27434  -95.59148   -0.00018   -0.00004         18  0.000e+00
