Gulf of Mexico/GOMECC-4/1db/rb2103_0811.cnv
* Sea-Bird SBE 9 Data File:
* FileName = C:\Users\scs.user.rb\CTD\GOMECC4\data\rb2103_0811.hex
* Software Version Seasave V 7.26.7.107
* Temperature SN = 4799
* Conductivity SN = 3860
* Number of Bytes Per Scan = 41
* Number of Voltage Words = 4
* Number of Scans Averaged by the Deck Unit = 1
* NMEA Latitude = 22 16.45 N
* NMEA Longitude = 096 10.82 W
* NMEA UTC (Time) = Oct 06 2021  16:12:43
* NMEA baud rate = 4800
# nquan = 28
# nvalues = 1448                        
# units = specified
# name 0 = scan: Scan Count
# name 1 = timeS: Time, Elapsed [seconds]
# name 2 = depSM: Depth [salt water, m]
# name 3 = prDM: Pressure, Digiquartz [db]
# name 4 = t090C: Temperature [ITS-90, deg C]
# name 5 = t190C: Temperature, 2 [ITS-90, deg C]
# name 6 = c0S/m: Conductivity [S/m]
# name 7 = c1S/m: Conductivity, 2 [S/m]
# name 8 = sbeox0V: Oxygen raw, SBE 43 [V]
# name 9 = sbeox1V: Oxygen raw, SBE 43, 2 [V]
# name 10 = altM: Altimeter [m]
# name 11 = latitude: Latitude [deg]
# name 12 = longitude: Longitude [deg]
# name 13 = sbox0dV/dT: Oxygen, SBE 43 [dov/dt]
# name 14 = sbox1dV/dT: Oxygen, SBE 43, 2 [dov/dt]
# name 15 = sbeox0ML/L: Oxygen, SBE 43 [ml/l], WS = 5
# name 16 = sbeox1ML/L: Oxygen, SBE 43, 2 [ml/l], WS = 5
# name 17 = potemp090C: Potential Temperature [ITS-90, deg C]
# name 18 = potemp190C: Potential Temperature, 2 [ITS-90, deg C]
# name 19 = sal00: Salinity, Practical [PSU]
# name 20 = sal11: Salinity, Practical, 2 [PSU]
# name 21 = sigma-é00: Density [sigma-theta, kg/m^3]
# name 22 = sigma-é11: Density, 2 [sigma-theta, kg/m^3]
# name 23 = avgsvCM: Average Sound Velocity [Chen-Millero, m/s], minP = 20, minS = 20
# name 24 = sbox0Mm/Kg: Oxygen, SBE 43 [umol/kg], WS = 5
# name 25 = sbox1Mm/Kg: Oxygen, SBE 43, 2 [umol/kg], WS = 5
# name 26 = nbin: number of scans per bin
# name 27 = flag: flag
# span 0 =      15518,     253550       
# span 1 =    646.553,  10563.884       
# span 2 =      2.981,   2560.992       
# span 3 =      3.000,   2593.000       
# span 4 =     4.2617,   481.7605       
# span 5 =     4.2626,   481.7891       
# span 6 =   3.340664,  96.979588       
# span 7 =   3.340750,  96.985561       
# span 8 =     1.5775,    51.7323       
# span 9 =     1.2798,    43.7472       
# span 10 =       9.92,    1646.03      
# span 11 =   22.11091,  366.65698      
# span 12 =-1583.23974,  -95.47581      
# span 13 =   -0.03625,    0.04935      
# span 14 =   -0.03329,    0.04464      
# span 15 =     2.4070,    71.5253      
# span 16 =     2.4228,    71.1907      
# span 17 =     4.0821,   481.7403      
# span 18 =     4.0830,   481.7689      
# span 19 =    34.9109,   591.2672      
# span 20 =    34.9097,   591.2864      
# span 21 =    22.5004,   373.0927      
# span 22 =    22.5005,   373.0976      
# span 23 =       0.00,    1589.30      
# span 24 =    104.661,   3123.517      
# span 25 =    105.350,   3108.923      
# span 26 =         30,         73      
# span 27 = 0.0000e+00, 0.0000e+00      
# interval = decibars: 1                
# start_time = Oct 06 2021 16:12:43 [NMEA time, header]
# bad_flag = -9.990e-29
*END*
[from data line 1347]
     187244   7801.776    120.209    121.000    18.8739    18.8735   4.858041   4.857913     1.8317     1.5029      89.22   22.27418  -96.18007    0.00027    0.00017     2.4459     2.4552    18.8523    18.8519    36.4716    36.4708    26.1844    26.1839    1498.04    106.445    106.851         45 0.0000e+00
     187294   7803.860    119.216    120.000    18.9069    18.9118   4.861717   4.862123     1.8330     1.5048     100.25   22.27418  -96.18007    0.00052    0.00053     2.4468     2.4578    18.8854    18.8903    36.4739    36.4730    26.1777    26.1758    1498.04    106.488    106.965         50 0.0000e+00
     187337   7805.674    118.222    119.000    18.9613    18.9662   4.867768   4.868358     1.8341     1.5057     100.00   22.27418  -96.18007    0.00058    0.00078     2.4463     2.4571    18.9400    18.9448    36.4773    36.4779    26.1663    26.1655    1498.04    106.464    106.935         39 0.0000e+00
     187375   7807.242    117.229    118.000    19.0321    19.0349   4.875778   4.876120     1.8367     1.5067     100.00   22.27418  -96.18008    0.00095    0.00058     2.4480     2.4557    19.0109    19.0136    36.4827    36.4832    26.1522    26.1518    1498.04    106.542    106.878         36 0.0000e+00
     187409   7808.686    116.236    117.000    19.1235    19.1426   4.886068   4.887815     1.8381     1.5076     100.00   22.27418  -96.18008    0.00130    0.00054     2.4465     2.4527    19.1024    19.1222    36.4892    36.4875    26.1335    26.1278    1498.04    106.476    106.750         34 0.0000e+00
     187443   7810.065    115.243    116.000    19.2131    19.2266   4.896380   4.897890     1.8400     1.5100     100.00   22.27418  -96.18008    0.00123    0.00091     2.4455     2.4541    19.1921    19.2056    36.4972    36.4981    26.1165    26.1136    1498.04    106.438    106.810         33 0.0000e+00
     187474   7811.390    114.250    115.000    19.2577    19.2616   4.901348   4.901584     1.8419     1.5109     100.00   22.27420  -96.18008    0.00133    0.00120     2.4473     2.4542    19.2368    19.2407    36.5001    36.4986    26.1070    26.1049    1498.04    106.514    106.814         30 0.0000e+00
     187506   7812.714    113.256    114.000    19.2945    19.2888   4.905442   4.904851     1.8429     1.5123     100.00   22.27420  -96.18008    0.00126    0.00107     2.4473     2.4559    19.2738    19.2681    36.5024    36.5024    26.0992    26.1007    1498.04    106.515    106.892         34 0.0000e+00
     187542   7814.197    112.263    113.000    19.3131    19.3199   4.907495   4.908163     1.8437     1.5127     100.00   22.27420  -96.18008    0.00086    0.00078     2.4478     2.4553    19.2926    19.2993    36.5036    36.5033    26.0952    26.0932    1498.04    106.541    106.863         36 0.0000e+00
     187574   7815.562    111.270    112.000    19.3625    19.3730   4.912427   4.914003     1.8442     1.5137     100.00   22.27420  -96.18008    0.00049    0.00055     2.4461     2.4547    19.3377    19.3526    36.5058    36.5058    26.0852    26.0813    1498.04    106.465    106.839         30 0.0000e+00
     187647   7818.582    109.283    110.000    19.5359    19.5565   4.932143   4.934308     1.8496     1.5184      54.23   22.27544  -96.18545    0.00156    0.00148     2.4485     2.4568    19.5157    19.5363    36.5157    36.5156    26.0464    26.0409    1498.12    106.575    106.936         36 0.0000e+00
     187671   7819.584    108.290    109.000    19.5860    19.6377   4.936693   4.942658     1.8512     1.5199      78.16   22.27420  -96.18008    0.00184    0.00163     2.4494     2.4562    19.5659    19.6177    36.5097    36.5140    26.0285    26.0182    1498.04    106.615    106.912         33 0.0000e+00
     187707   7821.097    107.297    108.000    19.7337    19.7464   4.954470   4.955055     1.8553     1.5257      98.55   22.27420  -96.18008    0.00183    0.00194     2.4530     2.4635    19.7138    19.7265    36.5287    36.5224    26.0041    25.9960    1498.04    106.775    107.235         30 0.0000e+00
     187784   7824.308    106.304    107.000    19.5111    19.6325   4.929350   4.942024     1.8552     1.5266     100.00   22.27420  -96.18008    0.00077    0.00104     2.4610     2.4720    19.4915    19.6128    36.5147    36.5141    26.0518    26.0195    1498.04    107.119    107.599         43 0.0000e+00
     188396   7849.796    104.318    105.000    19.9920    20.0775   4.985203   4.996052     1.8682     1.5452     100.19   22.31737  -96.36648    0.00156    0.00177     2.4640     2.4943    19.9725    20.0580    36.5837    36.5977    25.9841    25.9719    1500.94    107.260    108.579         39 0.0000e+00
     188111   7837.930    103.324    104.000    20.0930    20.1301   4.991490   4.996634     1.8761     1.5469     100.00   22.27420  -96.18008    0.00275    0.00148     2.4766     2.4955    20.0736    20.1107    36.5232    36.5335    25.9045    25.9026    1498.04    107.814    108.634         38 0.0000e+00
     188223   7842.584    102.331    103.000    20.2074    20.2537   5.003963   5.009386     1.8857     1.5536     100.00   22.27420  -96.18008    0.00173    0.00148     2.4913     2.5059    20.1881    20.2345    36.5269    36.5335    25.8768    25.8701    1498.04    108.455    109.093         46 0.0000e+00
     188322   7846.709    101.338    102.000    20.2701    20.3103   5.011146   5.015208     1.8926     1.5606     100.00   22.27420  -96.18007    0.00141    0.00156     2.5052     2.5191    20.2504    20.2914    36.5324    36.5306    25.8643    25.8521    1498.04    109.060    109.667         43 0.0000e+00
     189288   7886.956     99.351    100.000    20.5985    20.6156   5.044957   5.047028     1.9358     1.5981     100.02   22.27768  -96.19510    0.00176    0.00075     2.5773     2.5914    20.5791    20.5966    36.5272    36.5296    25.7721    25.7693    1498.27    112.211    112.824         47 0.0000e+00
     190000   7916.614     98.358     99.000    20.7186    20.7529   5.056793   5.060138     1.9555     1.6179     100.00   22.27420  -96.18004    0.00020   -0.00038     2.6131     2.6311    20.6997    20.7340    36.5185    36.5174    25.7325    25.7223    1498.04    113.772    114.559         58 0.0000e+00
     190075   7919.738     97.365     98.000    20.7501    20.7612   5.058586   5.060878     1.9561     1.6183     100.00   22.27420  -96.18004    0.00004   -0.00009     2.6115     2.6299    20.7230    20.7425    36.5135    36.5154    25.7223    25.7184    1498.04    113.705    114.506         65 0.0000e+00
     190138   7922.384     96.371     97.000    20.9312    20.9742   5.077648   5.081145     1.9743     1.6363     100.00   22.27420  -96.18004    0.00448    0.00434     2.6447     2.6656    20.9145    20.9556    36.5054    36.4962    25.6639    25.6453    1498.04    115.157    116.071         65 0.0000e+00
     190199   7924.925     95.378     96.000    21.0094    21.0385   5.085040   5.087508     2.0016     1.6649     100.00   22.27421  -96.18004    0.01064    0.01157     2.6904     2.7224    20.9908    21.0200    36.4975    36.4931    25.6370    25.6256    1498.04    117.150    118.544         46 0.0000e+00
     190244   7926.798     94.385     95.000    21.1796    21.1909   5.100144   5.101105     2.0343     1.6946     100.00   22.27422  -96.18004    0.01285    0.01208     2.7541     2.7859    21.1612    21.1725    36.4756    36.4737    25.5734    25.5689    1498.04    119.931    121.315         54 0.0000e+00
     190303   7929.258     93.392     94.000    21.2281    21.2354   5.104205   5.104902     2.0873     1.7465      96.89   22.27422  -96.18004    0.02216    0.02148     2.8624     2.9031    21.2098    21.2171    36.4674    36.4667    25.5538    25.5513    1498.04    124.648    126.423         54 0.0000e+00
     190348   7931.111     92.398     93.000    21.4269    21.4097   5.122075   5.120603     2.1071     1.7631      40.91   22.27422  -96.18004    0.01575    0.01418     2.8929     2.9321    21.4087    21.3915    36.4419    36.4447    25.4793    25.4863    1498.04    125.985    127.694         38 0.0000e+00
     190385   7932.671     91.405     92.000    21.6579    21.6492   5.143373   5.142695     2.1517     1.8057      97.31   22.27422  -96.18004    0.02037    0.01903     2.9740     3.0185    21.6397    21.6311    36.4166    36.4185    25.3958    25.3997    1498.04    129.530    131.463         43 0.0000e+00
     190440   7934.955     90.411     91.000    21.7036    21.7005   5.146898   5.146521     2.2947     1.9314     100.00   22.27422  -96.18004    0.04935    0.04464     3.2656     3.3011    21.6857    21.6826    36.4072    36.4059    25.3758    25.3757    1498.04    142.233    143.781         59 0.0000e+00
     190487   7936.932     89.418     90.000    21.7006    21.6897   5.145360   5.145915     2.3214     1.9531     100.00   22.27422  -96.18004    0.03450    0.02979     3.3179     3.3442    21.6708    21.6721    36.4086    36.4131    25.3810    25.3850    1498.04    144.509    145.655         36 0.0000e+00
     190527   7938.575     88.425     89.000    21.9717    21.9875   5.173372   5.174480     2.3564     1.9861      91.79   22.27422  -96.18004    0.01636    0.01443     3.3904     3.4137    21.9560    21.9699    36.3895    36.3853    25.2865    25.2790    1498.04    147.682    148.699         41 0.0000e+00
     190573   7940.483     87.431     88.000    21.9980    22.0422   5.176344   5.180345     2.4016     2.0332      99.93   22.27422  -96.18004    0.02263    0.02225     3.4680     3.5112    21.9805    22.0247    36.3929    36.3873    25.2821    25.2654    1498.04    151.061    152.945         51 0.0000e+00
     190624   7942.641     86.438     87.000    22.0461    22.1064   5.180618   5.185758     2.4296     2.0564      90.82   22.27422  -96.18004    0.01699    0.01606     3.5220     3.5594    22.0287    22.0890    36.3866    36.3766    25.2638    25.2391    1498.04    153.416    155.047         49 0.0000e+00
     190668   7944.457     85.445     86.000    22.2342    22.2815   5.198902   5.203012     2.4556     2.0834      82.82   22.27422  -96.18004    0.01227    0.01112     3.5626     3.6089    22.2169    22.2642    36.3734    36.3661    25.2004    25.1815    1498.04    155.195    157.216         42 0.0000e+00
     190716   7946.447     84.452     85.000    22.3430    22.3691   5.209612   5.211767     2.5045     2.1250     100.27   22.27422  -96.18004    0.01954    0.01812     3.6550     3.6969    22.3259    22.3520    36.3669    36.3620    25.1645    25.1533    1498.04    159.226    161.053         51 0.0000e+00
     190759   7948.270     83.458     84.000    22.4093    22.4043   5.215201   5.214547     2.5394     2.1570     100.00   22.27422  -96.18004    0.02262    0.01980     3.7218     3.7664    22.3923    22.3874    36.3557    36.3547    25.1371    25.1377    1498.04    162.142    164.084         37 0.0000e+00
     190803   7950.102     82.465     83.000    22.4535    22.4741   5.219502   5.221295     2.5760     2.1844      99.91   22.27422  -96.18004    0.02070    0.01673     3.7933     3.8234    22.4367    22.4573    36.3529    36.3497    25.1222    25.1140    1498.04    165.256    166.571         57 0.0000e+00
     190860   7952.449     81.472     82.000    22.4369    22.4694   5.217249   5.220244     2.5984     2.2019     100.01   22.27422  -96.18003    0.01485    0.01144     3.8398     3.8626    22.4204    22.4529    36.3508    36.3457    25.1254    25.1122    1498.04    167.284    168.278         45 0.0000e+00
     190898   7954.033     80.478     81.000    22.6022    22.6127   5.233066   5.234405     2.6032     2.2094     100.00   22.27422  -96.18002    0.00509    0.00470     3.8412     3.8707    22.5805    22.5969    36.3401    36.3440    25.0713    25.0721    1498.04    167.353    168.639         38 0.0000e+00
     190942   7955.872     79.485     80.000    22.7532    22.7489   5.248935   5.248489     2.6490     2.2460     100.00   22.27422  -96.18002    0.01244    0.01125     3.9155     3.9414    22.7368    22.7326    36.3340    36.3345    25.0218    25.0235    1498.04    170.599    171.727         48 0.0000e+00
     190997   7958.161     78.491     79.000    22.7422    22.7660   5.247959   5.250285     2.6781     2.2725     100.00   22.27422  -96.18002    0.01936    0.01611     3.9787     3.9991    22.7261    22.7499    36.3362    36.3345    25.0266    25.0185    1498.04    173.352    174.243         46 0.0000e+00
     191081   7961.660     77.498     78.000    22.7161    22.7366   5.245135   5.246823     2.6872     2.2819     100.00   22.27422  -96.18002    0.00178    0.00262     3.9985     4.0216    22.7002    22.7207    36.3363    36.3324    25.0341    25.0252    1498.04    174.214    175.219         40 0.0000e+00
     191661   7985.852     75.511     76.000    22.6454    22.6961   5.244765   5.248332     2.6443     2.2405     100.18   22.31541  -96.35783   -0.01244   -0.00743     3.9156     3.9317    22.6300    22.6807    36.4193    36.4050    25.1246    25.0992    1500.81    170.591    171.296         41 0.0000e+00
     191399   7974.928     74.518     75.000    22.8828    22.8557   5.262012   5.259815     2.6889     2.2898      89.90   22.27424  -96.18004    0.00327    0.00609     3.9881     4.0293    22.8674    22.8404    36.3303    36.3357    24.9813    24.9932    1498.04    173.767    175.560         38 0.0000e+00
     191490   7978.718     73.524     74.000    23.0854    22.9378   5.281278   5.267157     2.7443     2.3152      81.81   22.27424  -96.18004   -0.00650   -0.00969     4.0846     4.0798    23.0701    22.9227    36.3124    36.3271    24.9090    24.9636    1498.04    177.986    177.768         48 0.0000e+00
     191613   7983.830     72.532     73.000    23.1028    23.0188   5.282777   5.273857     2.7849     2.3428      71.53   22.27424  -96.18004   -0.00246   -0.00587     4.1671     4.1356    23.0878    23.0038    36.3129    36.3120    24.9042    24.9280    1498.04    181.581    180.206         41 0.0000e+00
     191705   7987.653     71.538     72.000    23.1535    23.1559   5.288114   5.288119     2.8162     2.3833      94.72   22.27424  -96.18004    0.00092    0.00369     4.2234     4.2149    23.1386    23.1411    36.3097    36.3077    24.8871    24.8848    1498.04    184.035    183.666         40 0.0000e+00
     194576   8107.286     68.558     69.000    23.3440    23.3440   5.315858   5.315916     2.8785     2.4508      98.30   22.33663  -96.44951   -0.00006    0.00146     4.3331     4.3509    23.3297    23.3297    36.4088    36.4092    24.9179    24.9182    1502.24    188.823    189.598         33 0.0000e+00
     194076   8086.473     67.564     68.000    23.2878    23.2893   5.301923   5.302488     2.8722     2.4464     100.26   22.27422  -96.18002    0.00043    0.00195     4.3233     4.3428    23.2737    23.2752    36.3069    36.3071    24.8455    24.8452    1498.04    188.397    189.249         40 0.0000e+00
     194166   8090.221     66.570     67.000    23.3141    23.3208   5.304653   5.305624     2.8787     2.4482      85.67   22.27422  -96.18002    0.00142    0.00031     4.3339     4.3440    23.3002    23.3070    36.3060    36.3077    24.8371    24.8364    1498.04    188.863    189.301         53 0.0000e+00
     194225   8092.682     65.577     66.000    23.4307    23.4476   5.314821   5.317623     2.8922     2.4640      99.08   22.27422  -96.18002    0.00398    0.00385     4.3524     4.3690    23.4170    23.4339    36.2956    36.2981    24.7949    24.7919    1498.04    189.674    190.401         64 0.0000e+00
     194297   8095.651     64.584     65.000    23.5844    23.6054   5.331523   5.333976     2.9313     2.5009      99.98   22.27422  -96.18002    0.01196    0.01159     4.4137     4.4361    23.5706    23.5918    36.2918    36.2923    24.7469    24.7410    1498.04    192.356    193.334         68 0.0000e+00
