Gulf of Mexico/GOMECC-4/1db/rb2103_1191.ros
* Sea-Bird SBE 9 Data File:
* FileName = C:\Users\scs.user.rb\CTD\GOMECC4\data\rb2103_1191.hex
* Software Version Seasave V 7.26.7.107
* Temperature SN = 4799
* Conductivity SN = 3860
* Number of Bytes Per Scan = 41
* Number of Voltage Words = 4
* Number of Scans Averaged by the Deck Unit = 1
* NMEA Latitude = 21 39.90 N
* NMEA Longitude = 085 58.80 W
* NMEA UTC (Time) = Oct 16 2021  05:31:44
* NMEA baud rate = 4800
# nquan = 17
# nvalues = 2926                                  
# units = specified
# name 0 = scan: Scan Count
# name 1 = timeS: Time, Elapsed [seconds]
# name 2 = depSM: Depth [salt water, m]
# name 3 = prDM: Pressure, Digiquartz [db]
# name 4 = t090C: Temperature [ITS-90, deg C]
# name 5 = t190C: Temperature, 2 [ITS-90, deg C]
# name 6 = c0S/m: Conductivity [S/m]
# name 7 = c1S/m: Conductivity, 2 [S/m]
# name 8 = sbeox0V: Oxygen raw, SBE 43 [V]
# name 9 = sbeox1V: Oxygen raw, SBE 43, 2 [V]
# name 10 = altM: Altimeter [m]
# name 11 = latitude: Latitude [deg]
# name 12 = longitude: Longitude [deg]
# name 13 = sbox0dV/dT: Oxygen, SBE 43 [dov/dt]
# name 14 = sbox1dV/dT: Oxygen, SBE 43, 2 [dov/dt]
# name 15 = nbf: Bottles Fired
# name 16 = flag:  0.000e+00
# interval = seconds: 0.0416667
# start_time = Oct 16 2021 05:31:44 [NMEA time, header]
# bad_flag = -9.990e-29
*END*
[from data line 1873]
     132792   5532.958     79.159     79.669    27.5119    27.5135   5.768902   5.769181     2.9646     2.5031     100.00   21.68896  -85.98794   -0.00081    0.00098         15  0.000e+00
     132793   5533.000     79.152     79.662    27.5115    27.5137   5.768878   5.769157     2.9646     2.5031     100.00   21.68896  -85.98794   -0.00081    0.00100         15  0.000e+00
     132794   5533.042     79.159     79.669    27.5117    27.5137   5.768902   5.769173     2.9634     2.5018     100.00   21.68896  -85.98794   -0.00083    0.00098         15  0.000e+00
     132795   5533.083     79.152     79.662    27.5117    27.5140   5.768918   5.769213     2.9646     2.5018      98.63   21.68896  -85.98794   -0.00083    0.00096         15  0.000e+00
     132796   5533.125     79.159     79.669    27.5117    27.5138   5.768878   5.769117     2.9634     2.5031      75.82   21.68896  -85.98794   -0.00084    0.00097         15  0.000e+00
     132797   5533.167     79.152     79.662    27.5119    27.5137   5.768871   5.769189     2.9634     2.5031      63.30   21.68896  -85.98794   -0.00086    0.00097         15  0.000e+00
     132798   5533.208     79.159     79.669    27.5115    27.5137   5.768902   5.769189     2.9646     2.5031      62.00   21.68896  -85.98794   -0.00086    0.00094         15  0.000e+00
     132799   5533.250     79.159     79.669    27.5119    27.5136   5.768878   5.769157     2.9634     2.5018      63.05   21.68896  -85.98794   -0.00087    0.00092         15  0.000e+00
     132800   5533.292     79.207     79.717    27.5117    27.5138   5.768902   5.769173     2.9634     2.5018      63.57   21.68896  -85.98794   -0.00088    0.00091         15  0.000e+00
     132801   5533.333     79.112     79.622    27.5115    27.5137   5.768918   5.769213     2.9646     2.5018      63.59   21.68896  -85.98794   -0.00087    0.00088         15  0.000e+00
     132802   5533.375     79.105     79.615    27.5117    27.5135   5.768878   5.769189     2.9646     2.5018      63.54   21.68896  -85.98794   -0.00087    0.00084         15  0.000e+00
     132803   5533.417     79.261     79.772    27.5117    27.5137   5.768902   5.769181     2.9646     2.5018      63.52   21.68896  -85.98794   -0.00086    0.00081         15  0.000e+00
     132804   5533.458     79.105     79.615    27.5117    27.5137   5.768918   5.769157     2.9634     2.5031      63.52   21.68896  -85.98794   -0.00087    0.00078         15  0.000e+00
     132805   5533.500     79.159     79.670    27.5117    27.5137   5.768878   5.769173     2.9634     2.5018      63.52   21.68896  -85.98794   -0.00088    0.00075         15  0.000e+00
     132806   5533.542     79.160     79.670    27.5117    27.5137   5.768831   5.769141     2.9646     2.5018      63.52   21.68896  -85.98794   -0.00087    0.00069         15  0.000e+00
     132807   5533.583     79.153     79.663    27.5117    27.5137   5.768894   5.769165     2.9646     2.5018      63.52   21.68896  -85.98794   -0.00084    0.00064         15  0.000e+00
     132808   5533.625     79.160     79.670    27.5117    27.5135   5.768878   5.769141     2.9634     2.5018      63.52   21.68896  -85.98794   -0.00084    0.00061         15  0.000e+00
     132809   5533.667     79.153     79.663    27.5119    27.5137   5.768902   5.769205     2.9634     2.5018      63.52   21.68896  -85.98794   -0.00085    0.00055         15  0.000e+00
     132810   5533.708     79.160     79.670    27.5115    27.5135   5.768918   5.769165     2.9646     2.5018      63.52   21.68896  -85.98794   -0.00083    0.00051         15  0.000e+00
     132811   5533.750     79.153     79.663    27.5117    27.5137   5.768878   5.769173     2.9646     2.5018      63.52   21.68896  -85.98794   -0.00082    0.00049         15  0.000e+00
     132812   5533.792     79.112     79.622    27.5119    27.5135   5.768902   5.769141     2.9634     2.5018      63.52   21.68898  -85.98794   -0.00082    0.00047         15  0.000e+00
     132813   5533.833     79.153     79.663    27.5117    27.5137   5.768878   5.769205     2.9634     2.5018      63.52   21.68898  -85.98794   -0.00082    0.00045         15  0.000e+00
     132814   5533.875     79.160     79.670    27.5119    27.5138   5.768902   5.769157     2.9646     2.5018      63.52   21.68898  -85.98794   -0.00080    0.00042         15  0.000e+00
     132815   5533.917     79.160     79.670    27.5117    27.5137   5.768918   5.769181     2.9646     2.5006      63.52   21.68898  -85.98794   -0.00078    0.00038         15  0.000e+00
     132816   5533.958     79.153     79.663    27.5119    27.5137   5.768949   5.769181     2.9646     2.5006      63.49   21.68898  -85.98794   -0.00076    0.00034         15  0.000e+00
     132817   5534.000     79.113     79.622    27.5117    27.5138   5.768894   5.769141     2.9634     2.5018      63.52   21.68898  -85.98794   -0.00074    0.00031         15  0.000e+00
     132818   5534.042     79.153     79.663    27.5117    27.5137   5.768902   5.769165     2.9646     2.5018      64.98   21.68898  -85.98794   -0.00070    0.00029         15  0.000e+00
     132819   5534.083     79.160     79.670    27.5117    27.5137   5.768949   5.769181     2.9646     2.5018      87.81   21.68898  -85.98794   -0.00068    0.00026         15  0.000e+00
     132820   5534.125     79.153     79.663    27.5117    27.5136   5.768855   5.769141     2.9646     2.5018     100.00   21.68898  -85.98794   -0.00064    0.00027         15  0.000e+00
     132821   5534.167     79.160     79.670    27.5117    27.5138   5.768823   5.769141     2.9658     2.5018     100.00   21.68898  -85.98794   -0.00058    0.00024         15  0.000e+00
     132822   5534.208     79.113     79.623    27.5117    27.5137   5.768894   5.769173     2.9658     2.5018     100.00   21.68898  -85.98794   -0.00054    0.00021         15  0.000e+00
     132823   5534.250     79.208     79.718    27.5119    27.5138   5.768878   5.769181     2.9646     2.5018     100.00   21.68898  -85.98794   -0.00049    0.00020         15  0.000e+00
     132824   5534.292     79.113     79.623    27.5117    27.5138   5.768902   5.769141     2.9658     2.5018     100.00   21.68898  -85.98794   -0.00045    0.00017         15  0.000e+00
     132825   5534.333     79.208     79.718    27.5117    27.5138   5.768878   5.769133     2.9658     2.5018     100.00   21.68898  -85.98794   -0.00039    0.00016         15  0.000e+00
     132826   5534.375     79.113     79.623    27.5117    27.5138   5.768870   5.769165     2.9658     2.5018     100.00   21.68898  -85.98794   -0.00034    0.00015         15  0.000e+00
     132827   5534.417     79.154     79.664    27.5117    27.5137   5.768871   5.769189     2.9658     2.5018     100.00   21.68898  -85.98794   -0.00030    0.00013         15  0.000e+00
     132828   5534.458     79.160     79.671    27.5115    27.5138   5.768902   5.769181     2.9658     2.5006     100.00   21.68898  -85.98794   -0.00024    0.00010         15  0.000e+00
     132829   5534.500     79.154     79.664    27.5117    27.5137   5.768878   5.769141     2.9658     2.5018     100.00   21.68898  -85.98794   -0.00019    0.00009         15  0.000e+00
     132830   5534.542     79.208     79.718    27.5115    27.5137   5.768871   5.769165     2.9658     2.5018     100.00   21.68898  -85.98794   -0.00014    0.00008         15  0.000e+00
     132831   5534.583     79.113     79.623    27.5117    27.5138   5.768870   5.769181     2.9658     2.5018     100.00   21.68898  -85.98794   -0.00010    0.00006         15  0.000e+00
     132832   5534.625     79.208     79.718    27.5115    27.5137   5.768871   5.769189     2.9670     2.5018     100.00   21.68898  -85.98794   -0.00003    0.00007         15  0.000e+00
     132833   5534.667     79.161     79.671    27.5117    27.5138   5.768871   5.769149     2.9670     2.5018     100.00   21.68898  -85.98794    0.00003    0.00005         15  0.000e+00
     132834   5534.708     79.154     79.664    27.5115    27.5138   5.768831   5.769133     2.9670     2.5018     100.00   21.68898  -85.98794    0.00008    0.00006         15  0.000e+00
     132835   5534.750     79.208     79.719    27.5115    27.5138   5.768823   5.769165     2.9670     2.5018     100.00   21.68898  -85.98794    0.00013    0.00004         15  0.000e+00
     132836   5534.792     79.154     79.664    27.5117    27.5138   5.768855   5.769181     2.9670     2.5018     100.00   21.68898  -85.98794    0.00017    0.00003         15  0.000e+00
     132837   5534.833     79.161     79.671    27.5115    27.5137   5.768831   5.769141     2.9670     2.5018     100.00   21.68898  -85.98794    0.00020    0.00003         15  0.000e+00
     132838   5534.875     79.208     79.719    27.5117    27.5137   5.768926   5.769181     2.9670     2.5018     100.00   21.68898  -85.98794    0.00025    0.00003         15  0.000e+00
     132839   5534.917     79.208     79.719    27.5115    27.5135   5.768894   5.769149     2.9670     2.5018     100.00   21.68898  -85.98794    0.00027    0.00002         15  0.000e+00
     132840   5534.958     79.161     79.671    27.5114    27.5138   5.768902   5.769165     2.9670     2.5018     100.00   21.68898  -85.98794    0.00030 -5.275e-07         15  0.000e+00
     132841   5535.000     79.154     79.664    27.5117    27.5135   5.768878   5.769181     2.9658     2.5018     100.00   21.68898  -85.98794    0.00031   -0.00002         15  0.000e+00
     132842   5535.042     79.208     79.719    27.5114    27.5138   5.768902   5.769141     2.9670     2.5018     100.00   21.68898  -85.98794    0.00033   -0.00003         15  0.000e+00
     132843   5535.083     79.208     79.719    27.5117    27.5138   5.768918   5.769141     2.9670     2.5018     100.00   21.68898  -85.98794    0.00036   -0.00003         15  0.000e+00
     132844   5535.125     79.209     79.719    27.5117    27.5137   5.768878   5.769205     2.9658     2.5018     100.00   21.68898  -85.98794    0.00037   -0.00003         15  0.000e+00
     132845   5535.167     79.209     79.719    27.5115    27.5137   5.768902   5.769189     2.9670     2.5018     100.00   21.68898  -85.98794    0.00039   -0.00003         15  0.000e+00
     132846   5535.208     79.209     79.719    27.5115    27.5137   5.768847   5.769141     2.9670     2.5031     100.00   21.68898  -85.98794    0.00041   -0.00001         15  0.000e+00
     132847   5535.250     79.161     79.671    27.5117    27.5135   5.768855   5.769133     2.9670     2.5018     100.00   21.68898  -85.98794    0.00043   -0.00001         15  0.000e+00
     132848   5535.292     79.256     79.767    27.5115    27.5137   5.768902   5.769133     2.9670     2.5031     100.00   21.68898  -85.98794    0.00046    0.00001         15  0.000e+00
     132849   5535.333     79.209     79.719    27.5117    27.5137   5.768847   5.769181     2.9658     2.5031     100.00   21.68898  -85.98794    0.00046    0.00003         15  0.000e+00
     132850   5535.375     79.209     79.719    27.5117    27.5137   5.768894   5.769149     2.9670     2.5031     100.00   21.68898  -85.98794    0.00048    0.00004         15  0.000e+00
     132851   5535.417     79.209     79.719    27.5114    27.5135   5.768878   5.769205     2.9658     2.5031     100.00   21.68898  -85.98794    0.00050    0.00006         15  0.000e+00
     132852   5535.458     79.209     79.719    27.5117    27.5138   5.768902   5.769189     2.9658     2.5031     100.00   21.68898  -85.98794    0.00050    0.00008         15  0.000e+00
     132853   5535.500     79.209     79.719    27.5114    27.5135   5.768902   5.769181     2.9658     2.5031     100.00   21.68898  -85.98794    0.00050    0.00011         15  0.000e+00
     132854   5535.542     79.209     79.719    27.5115    27.5137   5.768910   5.769157     2.9658     2.5031     100.00   21.68898  -85.98794    0.00050    0.00013         15  0.000e+00
     132855   5535.583     79.209     79.719    27.5115    27.5135   5.768918   5.769133     2.9670     2.5031     100.00   21.68898  -85.98794    0.00052    0.00016         15  0.000e+00
     132856   5535.625     79.263     79.774    27.5117    27.5137   5.768918   5.769133     2.9658     2.5031     100.00   21.68898  -85.98794    0.00054    0.00019         15  0.000e+00
     132857   5535.667     79.209     79.719    27.5114    27.5137   5.768878   5.769165     2.9658     2.5031     100.00   21.68898  -85.98794    0.00054    0.00023         15  0.000e+00
     132858   5535.708     79.209     79.720    27.5115    27.5137   5.768902   5.769181     2.9658     2.5031     100.00   21.68898  -85.98794    0.00054    0.00026         15  0.000e+00
     132859   5535.750     79.209     79.720    27.5117    27.5137   5.768918   5.769109     2.9658     2.5031     100.00   21.68898  -85.98794    0.00054    0.00030         15  0.000e+00
     132860   5535.792     79.209     79.720    27.5117    27.5137   5.768878   5.769133     2.9658     2.5031     100.00   21.68898  -85.98794    0.00054    0.00033         15  0.000e+00
     132861   5535.833     79.263     79.774    27.5114    27.5137   5.768871   5.769173     2.9658     2.5031     100.00   21.68898  -85.98794    0.00054    0.00036         15  0.000e+00
     132862   5535.875     79.209     79.720    27.5117    27.5137   5.768902   5.769141     2.9646     2.5031     100.00   21.68898  -85.98794    0.00052    0.00040         15  0.000e+00
     132863   5535.917     79.209     79.720    27.5114    27.5137   5.768878   5.769133     2.9658     2.5031     100.00   21.68898  -85.98794    0.00052    0.00041         15  0.000e+00
     132864   5535.958     79.257     79.768    27.5115    27.5136   5.768871   5.769165     2.9646     2.5018     100.00   21.68898  -85.98794    0.00052    0.00041         15  0.000e+00
     132865   5536.000     79.209     79.720    27.5115    27.5135   5.768902   5.769157     2.9658     2.5018     100.00   21.68898  -85.98794    0.00052    0.00041         15  0.000e+00
     132866   5536.042     79.209     79.720    27.5117    27.5137   5.768918   5.769173     2.9646     2.5018     100.00   21.68898  -85.98794    0.00050    0.00041         15  0.000e+00
     132867   5536.083     79.209     79.720    27.5115    27.5135   5.768878   5.769213     2.9646     2.5018     100.00   21.68898  -85.98794    0.00048    0.00039         15  0.000e+00
     132868   5536.125     79.108     79.618    27.5114    27.5137   5.768902   5.769117     2.9658     2.5018     100.00   21.68898  -85.98794    0.00048    0.00037         15  0.000e+00
     132869   5536.167     79.359     79.870    27.5115    27.5135   5.768878   5.769157     2.9646     2.5018     100.00   21.68898  -85.98794    0.00048    0.00035         15  0.000e+00
     132870   5536.208     79.210     79.720    27.5117    27.5135   5.768941   5.769141     2.9646     2.5006     100.00   21.68898  -85.98794    0.00046    0.00031         15  0.000e+00
     132871   5536.250     79.210     79.720    27.5117    27.5135   5.768926   5.769141     2.9646     2.5006     100.00   21.68898  -85.98794    0.00044    0.00027         15  0.000e+00
     132872   5536.292     79.210     79.720    27.5117    27.5135   5.768878   5.769205     2.9646     2.4994     100.00   21.68898  -85.98794    0.00042    0.00022         15  0.000e+00
     132873   5536.333     79.210     79.720    27.5115    27.5135   5.768902   5.769189     2.9646     2.5006     100.00   21.68898  -85.98794    0.00040    0.00020         15  0.000e+00
     132874   5536.375     79.210     79.720    27.5115    27.5135   5.768878   5.769141     2.9646     2.4994     100.00   21.68898  -85.98794    0.00038    0.00012         15  0.000e+00
     132875   5536.417     79.210     79.720    27.5114    27.5135   5.768902   5.769205     2.9658     2.5006     100.00   21.68898  -85.98794    0.00038    0.00009         15  0.000e+00
