Gulf of Mexico/GOMECC-4/1db/rb2103_1141.ros
* Sea-Bird SBE 9 Data File:
* FileName = C:\Users\scs.user.rb\CTD\GOMECC4\data\rb2103_1141.hex
* Software Version Seasave V 7.26.7.107
* Temperature SN = 4799
* Conductivity SN = 3860
* Number of Bytes Per Scan = 41
* Number of Voltage Words = 4
* Number of Scans Averaged by the Deck Unit = 1
* NMEA Latitude = 22 04.41 N
* NMEA Longitude = 086 54.99 W
* NMEA UTC (Time) = Oct 15 2021  14:20:58
* NMEA baud rate = 4800
# nquan = 17
# nvalues = 532                                   
# units = specified
# name 0 = scan: Scan Count
# name 1 = timeS: Time, Elapsed [seconds]
# name 2 = depSM: Depth [salt water, m]
# name 3 = prDM: Pressure, Digiquartz [db]
# name 4 = t090C: Temperature [ITS-90, deg C]
# name 5 = t190C: Temperature, 2 [ITS-90, deg C]
# name 6 = c0S/m: Conductivity [S/m]
# name 7 = c1S/m: Conductivity, 2 [S/m]
# name 8 = sbeox0V: Oxygen raw, SBE 43 [V]
# name 9 = sbeox1V: Oxygen raw, SBE 43, 2 [V]
# name 10 = altM: Altimeter [m]
# name 11 = latitude: Latitude [deg]
# name 12 = longitude: Longitude [deg]
# name 13 = sbox0dV/dT: Oxygen, SBE 43 [dov/dt]
# name 14 = sbox1dV/dT: Oxygen, SBE 43, 2 [dov/dt]
# name 15 = nbf: Bottles Fired
# name 16 = flag:  0.000e+00
# interval = seconds: 0.0416667
# start_time = Oct 15 2021 14:20:58 [NMEA time, header]
# bad_flag = -9.990e-29
*END*
[from data line 341]
      22289    928.667     14.812     14.906    27.7041    27.7471   5.776974   5.782123     3.0586     2.5983      27.79   22.07078  -86.91770   -0.00071    0.00181          3  0.000e+00
      22290    928.708     14.860     14.953    27.7031    27.7496   5.776967   5.782490     3.0586     2.5995      27.79   22.07078  -86.91770   -0.00070    0.00184          3  0.000e+00
      22291    928.750     14.812     14.906    27.7043    27.7544   5.776833   5.782874     3.0598     2.5983      27.77   22.07078  -86.91770   -0.00067    0.00186          3  0.000e+00
      22292    928.792     14.907     15.001    27.7016    27.7588   5.776722   5.782842     3.0586     2.5983      27.79   22.07078  -86.91770   -0.00066    0.00189          3  0.000e+00
      22293    928.833     14.860     14.953    27.6988    27.7609   5.776699   5.782562     3.0586     2.5995      27.77   22.07078  -86.91770   -0.00065    0.00192          3  0.000e+00
      22294    928.875     14.806     14.899    27.6964    27.7629   5.776659   5.782490     3.0598     2.5995      27.77   22.07078  -86.91770   -0.00062    0.00197          3  0.000e+00
      22295    928.917     14.860     14.953    27.6925    27.7638   5.776612   5.782666     3.0598     2.5995      27.79   22.07078  -86.91770   -0.00057    0.00203          3  0.000e+00
      22296    928.958     14.860     14.953    27.6928    27.7603   5.776636   5.782730     3.0598     2.5995      27.79   22.07078  -86.91770   -0.00053    0.00208          3  0.000e+00
      22297    929.000     14.860     14.953    27.6958    27.7570   5.776644   5.782586     3.0598     2.5983      27.79   22.07078  -86.91770   -0.00050    0.00214          3  0.000e+00
      22298    929.042     14.860     14.953    27.6979    27.7552   5.776541   5.782355     3.0598     2.5995      27.77   22.07078  -86.91770   -0.00047    0.00221          3  0.000e+00
      22299    929.083     14.860     14.953    27.6970    27.7540   5.776147   5.782083     3.0598     2.5995      27.77   22.07078  -86.91770   -0.00043    0.00228          3  0.000e+00
      22300    929.125     14.806     14.899    27.6912    27.7507   5.775714   5.781628     3.0598     2.5995      27.77   22.07078  -86.91770   -0.00039    0.00233          3  0.000e+00
      22301    929.167     14.860     14.953    27.6950    27.7483   5.775754   5.780965     3.0598     2.5995      27.77   22.07078  -86.91770   -0.00036    0.00240          3  0.000e+00
      22302    929.208     14.860     14.953    27.6976    27.7458   5.775974   5.780182     3.0611     2.5995      27.79   22.07078  -86.91770   -0.00030    0.00245          3  0.000e+00
      22303    929.250     14.860     14.953    27.6990    27.7326   5.776139   5.779839     3.0598     2.5995      27.79   22.07078  -86.91770   -0.00026    0.00249          3  0.000e+00
      22304    929.292     14.860     14.953    27.7018    27.7318   5.776344   5.780246     3.0598     2.5995      27.79   22.07078  -86.91770   -0.00022    0.00254          3  0.000e+00
      22305    929.333     14.853     14.947    27.7028    27.7375   5.776478   5.780653     3.0611     2.5995      27.77   22.07078  -86.91770   -0.00016    0.00258          3  0.000e+00
      22306    929.375     14.860     14.953    27.7030    27.7412   5.776581   5.780941     3.0611     2.5995      27.79   22.07078  -86.91770   -0.00010    0.00262          3  0.000e+00
      22307    929.417     14.860     14.953    27.7022    27.7454   5.776604   5.781013     3.0611     2.5995      27.77   22.07078  -86.91770   -0.00005    0.00265          3  0.000e+00
      22308    929.458     14.860     14.953    27.7023    27.7450   5.776565   5.781021     3.0611     2.5995      27.79   22.07078  -86.91770    0.00001    0.00267          3  0.000e+00
      22309    929.500     14.812     14.906    27.7020    27.7426   5.776518   5.780805     3.0611     2.5995      27.79   22.07078  -86.91770    0.00006    0.00268          3  0.000e+00
      22310    929.542     14.907     15.001    27.7025    27.7410   5.776541   5.780518     3.0611     2.5995      27.79   22.07078  -86.91770    0.00012    0.00270          3  0.000e+00
      22311    929.583     14.853     14.947    27.7021    27.7395   5.776510   5.780486     3.0611     2.5995      27.79   22.07078  -86.91770    0.00017    0.00269          3  0.000e+00
      22312    929.625     14.860     14.953    27.7012    27.7406   5.776541   5.780741     3.0623     2.5983      27.81   22.07078  -86.91770    0.00024    0.00268          3  0.000e+00
      22313    929.667     14.860     14.953    27.7019    27.7446   5.776486   5.781149     3.0623     2.5983      27.84   22.07078  -86.91770    0.00033    0.00266          3  0.000e+00
      22314    929.708     14.860     14.953    27.7009    27.7502   5.776494   5.781468     3.0623     2.5983      27.84   22.07078  -86.91770    0.00042    0.00263          3  0.000e+00
      22315    929.750     14.860     14.953    27.7004    27.7530   5.776541   5.781644     3.0623     2.5983      27.84   22.07078  -86.91770    0.00048    0.00259          3  0.000e+00
      22316    929.792     14.907     15.001    27.7004    27.7537   5.776518   5.781716     3.0623     2.5983      27.84   22.07078  -86.91770    0.00055    0.00256          3  0.000e+00
      22317    929.833     14.853     14.947    27.7002    27.7531   5.776470   5.781620     3.0635     2.5983      27.84   22.07078  -86.91770    0.00063    0.00252          3  0.000e+00
      22318    929.875     14.860     14.953    27.6988    27.7461   5.776384   5.780877     3.0623     2.5983      27.84   22.07078  -86.91770    0.00072    0.00246          3  0.000e+00
      22319    929.917     14.860     14.953    27.6912    27.7311   5.776258   5.779072     3.0623     2.5983      27.84   22.07078  -86.91770    0.00078    0.00241          3  0.000e+00
      22320    929.958     14.907     15.001    27.6906    27.7002   5.776187   5.777164     3.0635     2.5983      27.84   22.07078  -86.91770    0.00086    0.00236          3  0.000e+00
      22321    930.000     14.860     14.953    27.6905    27.6778   5.776108   5.775608     3.0623     2.5971      27.84   22.07078  -86.91770    0.00094    0.00229          3  0.000e+00
      22322    930.042     14.853     14.947    27.6908    27.6683   5.776014   5.774530     3.0623     2.5971      27.84   22.07078  -86.91770    0.00100    0.00222          3  0.000e+00
      22323    930.083     14.907     15.001    27.6895    27.6698   5.775919   5.774259     3.0623     2.5971      27.84   22.07078  -86.91770    0.00106    0.00215          3  0.000e+00
      22324    930.125     14.860     14.953    27.6903    27.6655   5.775785   5.773005     3.0635     2.5971      27.84   22.07078  -86.91770    0.00115    0.00208          3  0.000e+00
      22325    930.167     14.860     14.953    27.6922    27.6484   5.775706   5.770531     3.0623     2.5971      27.84   22.07078  -86.91770    0.00123    0.00200          3  0.000e+00
      22326    930.208     14.907     15.001    27.6927    27.6339   5.775525   5.767930     3.0623     2.5958      27.84   22.07078  -86.91770    0.00129    0.00192          3  0.000e+00
      22327    930.250     14.860     14.953    27.6924    27.6127   5.775431   5.765273     3.0623     2.5958      27.84   22.07078  -86.91770    0.00134    0.00184          3  0.000e+00
      22328    930.292     14.907     15.001    27.6916    27.5927   5.775383   5.763646     3.0623     2.5958      27.84   22.07078  -86.91770    0.00140    0.00176          3  0.000e+00
      22329    930.333     14.907     15.001    27.6900    27.5806   5.775305   5.763902     3.0623     2.5958      27.84   22.07078  -86.91770    0.00145    0.00168          3  0.000e+00
      22330    930.375     14.860     14.953    27.6912    27.6035   5.775029   5.766789     3.0623     2.5958      27.84   22.07078  -86.91770    0.00150    0.00160          3  0.000e+00
      22331    930.417     14.907     15.001    27.6899    27.6370   5.774808   5.770579     3.0623     2.5946      27.84   22.07078  -86.91770    0.00155    0.00150          3  0.000e+00
      22332    930.458     14.860     14.953    27.6895    27.6658   5.774541   5.773644     3.0623     2.5958      27.84   22.07078  -86.91770    0.00160    0.00143          3  0.000e+00
      22333    930.500     14.907     15.001    27.6883    27.6866   5.774470   5.775871     3.0623     2.5946      27.84   22.07078  -86.91770    0.00165    0.00134          3  0.000e+00
      22334    930.542     14.907     15.001    27.6815    27.7028   5.774541   5.777156     3.0623     2.5946      27.84   22.07078  -86.91770    0.00170    0.00123          3  0.000e+00
      22335    930.583     14.907     15.001    27.6745    27.7118   5.774525   5.777316     3.0623     2.5946      27.84   22.07078  -86.91770    0.00173    0.00115          3  0.000e+00
      22336    930.625     14.907     15.001    27.6749    27.7107   5.774446   5.776605     3.0623     2.5958      27.84   22.07078  -86.91770    0.00178    0.00107          3  0.000e+00
      22337    930.667     14.860     14.953    27.6764    27.6978   5.774423   5.775527     3.0623     2.5946      27.84   22.07078  -86.91770    0.00182    0.00098          3  0.000e+00
      22338    930.708     14.907     15.001    27.6778    27.6862   5.774454   5.774642     3.0623     2.5946      27.81   22.07078  -86.91770    0.00187    0.00089          3  0.000e+00
      22339    930.750     14.907     15.001    27.6753    27.6803   5.774399   5.774825     3.0623     2.5958      27.81   22.07078  -86.91770    0.00189    0.00082          3  0.000e+00
      22340    930.792     14.907     15.001    27.6746    27.6816   5.774407   5.775208     3.0611     2.5958      27.81   22.07078  -86.91770    0.00190    0.00074          3  0.000e+00
      22341    930.833     14.907     15.001    27.6769    27.6800   5.774525   5.774434     3.0611     2.5958      27.81   22.07078  -86.91770    0.00192    0.00067          3  0.000e+00
      22342    930.875     14.907     15.001    27.6764    27.6607   5.774675   5.772726     3.0623     2.5958      27.81   22.07078  -86.91770    0.00196    0.00061          3  0.000e+00
      22343    930.917     14.907     15.001    27.6808    27.6448   5.774675   5.771050     3.0623     2.5958      27.81   22.07078  -86.91770    0.00200    0.00055          3  0.000e+00
      22344    930.958     14.907     15.001    27.6824    27.6319   5.774690   5.769670     3.0623     2.5958      27.81   22.07078  -86.91770    0.00204    0.00048          3  0.000e+00
      22345    931.000     14.907     15.001    27.6824    27.6186   5.774777   5.768521     3.0623     2.5958      27.81   22.07078  -86.91770    0.00205    0.00042          3  0.000e+00
      22346    931.042     14.961     15.056    27.6828    27.6079   5.775021   5.767643     3.0635     2.5958      27.81   22.07078  -86.91770    0.00209    0.00036          3  0.000e+00
      24324   1013.458      2.656      2.673    28.5193    28.5232   5.858584   5.859334     3.1026     2.6252      39.58   22.07076  -86.91768   -0.00050   -0.00066          4  0.000e+00
      24325   1013.500      2.656      2.673    28.5189    28.5236   5.858600   5.859366     3.1026     2.6252      39.58   22.07076  -86.91768   -0.00052   -0.00065          4  0.000e+00
      24326   1013.542      2.859      2.877    28.5181    28.5238   5.858576   5.859455     3.1026     2.6252      39.58   22.07076  -86.91768   -0.00054   -0.00064          4  0.000e+00
      24327   1013.583      2.757      2.775    28.5178    28.5240   5.858520   5.859447     3.1026     2.6252      39.58   22.07076  -86.91768   -0.00056   -0.00063          4  0.000e+00
      24328   1013.625      2.805      2.822    28.5176    28.5240   5.858505   5.859390     3.1026     2.6252      39.63   22.07076  -86.91768   -0.00058   -0.00062          4  0.000e+00
      24329   1013.667      2.805      2.822    28.5176    28.5238   5.858465   5.859382     3.1038     2.6264      39.68   22.07076  -86.91768   -0.00059   -0.00061          4  0.000e+00
      24330   1013.708      2.805      2.822    28.5175    28.5234   5.858457   5.859350     3.1038     2.6264      39.68   22.07076  -86.91768   -0.00059   -0.00058          4  0.000e+00
      24331   1013.750      2.805      2.822    28.5170    28.5236   5.858489   5.859366     3.1038     2.6264      39.66   22.07076  -86.91768   -0.00059   -0.00057          4  0.000e+00
      24332   1013.792      2.805      2.822    28.5167    28.5234   5.858441   5.859414     3.1038     2.6264      39.66   22.07076  -86.91768   -0.00060   -0.00056          4  0.000e+00
      24333   1013.833      2.805      2.822    28.5165    28.5236   5.858481   5.859358     3.1038     2.6276      39.66   22.07076  -86.91768   -0.00060   -0.00053          4  0.000e+00
      24334   1013.875      2.805      2.822    28.5165    28.5238   5.858505   5.859406     3.1038     2.6276      39.66   22.07076  -86.91768   -0.00061   -0.00051          4  0.000e+00
      24335   1013.917      2.859      2.877    28.5171    28.5238   5.858536   5.859431     3.1026     2.6276      39.66   22.07076  -86.91768   -0.00061   -0.00050          4  0.000e+00
      24336   1013.958      2.757      2.775    28.5189    28.5238   5.858655   5.859430     3.1026     2.6276      39.68   22.07076  -86.91768   -0.00064   -0.00049          4  0.000e+00
      24337   1014.000      2.805      2.822    28.5204    28.5244   5.858837   5.859430     3.1038     2.6276      39.66   22.07076  -86.91768   -0.00062   -0.00049          4  0.000e+00
      24338   1014.042      2.852      2.870    28.5211    28.5240   5.858869   5.859398     3.1038     2.6276      39.66   22.07076  -86.91768   -0.00061   -0.00050          4  0.000e+00
      24339   1014.083      2.859      2.877    28.5215    28.5234   5.858885   5.859382     3.1038     2.6288      39.66   22.07076  -86.91768   -0.00060   -0.00049          4  0.000e+00
      24340   1014.125      2.805      2.822    28.5216    28.5234   5.858925   5.859382     3.1026     2.6288      39.66   22.07076  -86.91768   -0.00058   -0.00048          4  0.000e+00
      24341   1014.167      2.859      2.877    28.5216    28.5232   5.858940   5.859350     3.1026     2.6288      39.66   22.07076  -86.91768   -0.00059   -0.00047          4  0.000e+00
      24342   1014.208      2.805      2.822    28.5216    28.5227   5.858901   5.859334     3.1038     2.6288      39.66   22.07076  -86.91768   -0.00056   -0.00047          4  0.000e+00
      24343   1014.250      2.859      2.877    28.5217    28.5225   5.858893   5.859294     3.1038     2.6276      39.68   22.07076  -86.91768   -0.00052   -0.00048          4  0.000e+00
      24344   1014.292      2.859      2.877    28.5211    28.5225   5.858853   5.859254     3.1026     2.6276      39.66   22.07076  -86.91768   -0.00051   -0.00047          4  0.000e+00
      24345   1014.333      2.805      2.822    28.5215    28.5225   5.858853   5.859238     3.1026     2.6276      39.66   22.07076  -86.91768   -0.00049   -0.00047          4  0.000e+00
      24346   1014.375      2.906      2.925    28.5211    28.5223   5.858814   5.859270     3.1038     2.6276      39.68   22.07076  -86.91768   -0.00046   -0.00046          4  0.000e+00
      24347   1014.417      2.852      2.870    28.5209    28.5229   5.858829   5.859286     3.1038     2.6276      39.66   22.07076  -86.91768   -0.00043   -0.00046          4  0.000e+00
      24348   1014.458      2.859      2.877    28.5209    28.5232   5.858845   5.859286     3.1026     2.6276      39.68   22.07076  -86.91768   -0.00041   -0.00046          4  0.000e+00
      24349   1014.500      2.906      2.925    28.5211    28.5229   5.858845   5.859286     3.1038     2.6264      39.68   22.07076  -86.91768   -0.00038   -0.00045          4  0.000e+00
