Gulf of Mexico/GOMECC-4/1db/rb2103_1371.ros
* Sea-Bird SBE 9 Data File:
* FileName = C:\Users\scs.user.rb\CTD\GOMECC4\data\rb2103_1371.hex
* Software Version Seasave V 7.26.7.107
* Temperature SN = 4799
* Conductivity SN = 3860
* Number of Bytes Per Scan = 41
* Number of Voltage Words = 4
* Number of Scans Averaged by the Deck Unit = 1
* NMEA Latitude = 26 00.14 N
* NMEA Longitude = 084 11.82 W
* NMEA UTC (Time) = Oct 20 2021  06:05:28
* NMEA baud rate = 4800
# nquan = 17
# nvalues = 1330                                  
# units = specified
# name 0 = scan: Scan Count
# name 1 = timeS: Time, Elapsed [seconds]
# name 2 = depSM: Depth [salt water, m]
# name 3 = prDM: Pressure, Digiquartz [db]
# name 4 = t090C: Temperature [ITS-90, deg C]
# name 5 = t190C: Temperature, 2 [ITS-90, deg C]
# name 6 = c0S/m: Conductivity [S/m]
# name 7 = c1S/m: Conductivity, 2 [S/m]
# name 8 = sbeox0V: Oxygen raw, SBE 43 [V]
# name 9 = sbeox1V: Oxygen raw, SBE 43, 2 [V]
# name 10 = altM: Altimeter [m]
# name 11 = latitude: Latitude [deg]
# name 12 = longitude: Longitude [deg]
# name 13 = sbox0dV/dT: Oxygen, SBE 43 [dov/dt]
# name 14 = sbox1dV/dT: Oxygen, SBE 43, 2 [dov/dt]
# name 15 = nbf: Bottles Fired
# name 16 = flag:  0.000e+00
# interval = seconds: 0.0416667
# start_time = Oct 20 2021 06:05:28 [NMEA time, header]
# bad_flag = -9.990e-29
*END*
[from data line 1192]
      35913   1496.333     14.797     14.895    28.5310    28.5336   5.752379   5.752976     3.1319     2.6459     100.00   26.00306  -84.19700    0.00024   -0.00181          9  0.000e+00
      35914   1496.375     14.797     14.895    28.5312    28.5334   5.752371   5.752960     3.1306     2.6459     100.00   26.00306  -84.19700    0.00023   -0.00182          9  0.000e+00
      35915   1496.417     14.797     14.895    28.5312    28.5339   5.752379   5.752952     3.1306     2.6471     100.00   26.00306  -84.19700    0.00022   -0.00181          9  0.000e+00
      35916   1496.458     14.852     14.949    28.5310    28.5337   5.752410   5.752944     3.1306     2.6471     100.00   26.00306  -84.19700    0.00019   -0.00180          9  0.000e+00
      35917   1496.500     14.750     14.847    28.5305    28.5338   5.752450   5.752944     3.1319     2.6471     100.00   26.00306  -84.19700    0.00018   -0.00178          9  0.000e+00
      37547   1564.417      3.111      3.131    28.5345    28.5328   5.752246   5.751973     3.1355     2.6545      47.06   26.00302  -84.19702   -0.00020    0.00242         10  0.000e+00
      37548   1564.458      3.111      3.131    28.5351    28.5321   5.752294   5.751957     3.1355     2.6532      47.06   26.00302  -84.19702   -0.00024    0.00238         10  0.000e+00
      37549   1564.500      3.111      3.131    28.5354    28.5321   5.752207   5.751909     3.1355     2.6545      47.06   26.00302  -84.19702   -0.00028    0.00237         10  0.000e+00
      37550   1564.542      3.057      3.077    28.5354    28.5327   5.752081   5.751933     3.1355     2.6545      47.08   26.00302  -84.19702   -0.00034    0.00234         10  0.000e+00
      37551   1564.583      3.063      3.083    28.5356    28.5323   5.752286   5.751949     3.1355     2.6545      47.06   26.00302  -84.19702   -0.00038    0.00232         10  0.000e+00
      37552   1564.625      3.063      3.083    28.5360    28.5323   5.752341   5.751909     3.1355     2.6545      47.13   26.00302  -84.19702   -0.00042    0.00229         10  0.000e+00
      37553   1564.667      3.111      3.131    28.5365    28.5323   5.752357   5.751933     3.1355     2.6545      76.31   26.00302  -84.19702   -0.00047    0.00226         10  0.000e+00
      37554   1564.708      3.063      3.083    28.5365    28.5325   5.752396   5.751949     3.1355     2.6545      98.71   26.00302  -84.19702   -0.00051    0.00222         10  0.000e+00
      37555   1564.750      3.111      3.131    28.5363    28.5326   5.752388   5.751949     3.1355     2.6545     100.00   26.00302  -84.19702   -0.00053    0.00220         10  0.000e+00
      37556   1564.792      3.111      3.131    28.5354    28.5327   5.752364   5.751981     3.1355     2.6545     100.00   26.00302  -84.19702   -0.00058    0.00218         10  0.000e+00
      37557   1564.833      3.009      3.029    28.5352    28.5330   5.752325   5.751997     3.1355     2.6545     100.00   26.00302  -84.19702   -0.00060    0.00215         10  0.000e+00
      37558   1564.875      3.212      3.233    28.5349    28.5328   5.752294   5.751957     3.1355     2.6545      99.98   26.00302  -84.19702   -0.00063    0.00212         10  0.000e+00
      37559   1564.917      3.111      3.131    28.5347    28.5330   5.752239   5.751981     3.1355     2.6545      99.98   26.00302  -84.19702   -0.00065    0.00209         10  0.000e+00
      37560   1564.958      3.111      3.131    28.5349    28.5326   5.752223   5.751957     3.1355     2.6545     100.00   26.00302  -84.19702   -0.00068    0.00206         10  0.000e+00
      37561   1565.000      3.165      3.186    28.5347    28.5326   5.752231   5.751981     3.1368     2.6545     100.00   26.00302  -84.19702   -0.00069    0.00204         10  0.000e+00
      37562   1565.042      3.111      3.131    28.5345    28.5325   5.752144   5.751925     3.1368     2.6545     100.00   26.00302  -84.19702   -0.00070    0.00202         10  0.000e+00
      37563   1565.083      3.111      3.131    28.5347    28.5326   5.752191   5.751933     3.1355     2.6532     100.00   26.00302  -84.19702   -0.00072    0.00197         10  0.000e+00
      37564   1565.125      3.165      3.186    28.5347    28.5326   5.752160   5.751949     3.1355     2.6532     100.00   26.00302  -84.19702   -0.00075    0.00193         10  0.000e+00
      37565   1565.167      3.009      3.029    28.5347    28.5325   5.752168   5.751909     3.1355     2.6532     100.00   26.00302  -84.19702   -0.00076    0.00188         10  0.000e+00
      37566   1565.208      3.260      3.281    28.5345    28.5326   5.752152   5.751901     3.1368     2.6520     100.00   26.00302  -84.19702   -0.00075    0.00184         10  0.000e+00
      37567   1565.250      3.111      3.131    28.5343    28.5323   5.752121   5.751901     3.1368     2.6532     100.00   26.00302  -84.19702   -0.00074    0.00180         10  0.000e+00
      37568   1565.292      3.165      3.186    28.5343    28.5325   5.752160   5.751901     3.1368     2.6520     100.00   26.00302  -84.19702   -0.00073    0.00175         10  0.000e+00
      37569   1565.333      3.111      3.131    28.5345    28.5325   5.752152   5.751933     3.1368     2.6520     100.00   26.00302  -84.19702   -0.00072    0.00170         10  0.000e+00
      37570   1565.375      3.165      3.186    28.5343    28.5321   5.752168   5.751877     3.1368     2.6520     100.00   26.00302  -84.19702   -0.00071    0.00165         10  0.000e+00
      37571   1565.417      3.165      3.186    28.5343    28.5323   5.752129   5.751853     3.1368     2.6520     100.00   26.00302  -84.19702   -0.00069    0.00161         10  0.000e+00
      37572   1565.458      3.111      3.131    28.5341    28.5321   5.752097   5.751885     3.1368     2.6508     100.00   26.00302  -84.19702   -0.00068    0.00154         10  0.000e+00
      37573   1565.500      3.165      3.186    28.5341    28.5323   5.752113   5.751901     3.1368     2.6508     100.00   26.00302  -84.19702   -0.00067    0.00148         10  0.000e+00
      37574   1565.542      3.104      3.124    28.5341    28.5323   5.752081   5.751901     3.1368     2.6508     100.00   26.00302  -84.19702   -0.00064    0.00142         10  0.000e+00
      37575   1565.583      3.111      3.131    28.5337    28.5325   5.752160   5.751861     3.1368     2.6508     100.00   26.00302  -84.19702   -0.00061    0.00136         10  0.000e+00
      37576   1565.625      3.111      3.131    28.5341    28.5325   5.752176   5.751925     3.1368     2.6520     100.00   26.00302  -84.19702   -0.00057    0.00132         10  0.000e+00
      37577   1565.667      3.165      3.186    28.5343    28.5325   5.752176   5.751909     3.1368     2.6520      83.54   26.00302  -84.19702   -0.00054    0.00130         10  0.000e+00
      37578   1565.708      3.111      3.131    28.5341    28.5325   5.752223   5.751901     3.1368     2.6520      68.35   26.00302  -84.19702   -0.00051    0.00127         10  0.000e+00
      37579   1565.750      3.111      3.131    28.5343    28.5325   5.752144   5.751933     3.1368     2.6520      65.42   26.00302  -84.19702   -0.00046    0.00124         10  0.000e+00
      37580   1565.792      3.111      3.131    28.5343    28.5325   5.752207   5.751877     3.1355     2.6520      66.28   26.00302  -84.19702   -0.00045    0.00122         10  0.000e+00
      37581   1565.833      3.111      3.131    28.5345    28.5323   5.752262   5.751853     3.1368     2.6520      66.91   26.00302  -84.19702   -0.00042    0.00119         10  0.000e+00
      37582   1565.875      3.057      3.077    28.5349    28.5325   5.752199   5.751885     3.1368     2.6532      67.01   26.00302  -84.19702   -0.00039    0.00118         10  0.000e+00
      37583   1565.917      3.111      3.131    28.5349    28.5323   5.752223   5.751933     3.1368     2.6532      66.96   26.00302  -84.19702   -0.00035    0.00117         10  0.000e+00
      37584   1565.958      3.063      3.083    28.5351    28.5325   5.752191   5.751909     3.1368     2.6532      66.91   26.00302  -84.19702   -0.00032    0.00115         10  0.000e+00
      37585   1566.000      3.111      3.131    28.5347    28.5323   5.752176   5.751861     3.1368     2.6532      66.94   26.00302  -84.19702   -0.00027    0.00114         10  0.000e+00
      37586   1566.042      3.063      3.083    28.5345    28.5325   5.752113   5.751925     3.1368     2.6532      66.94   26.00302  -84.19702   -0.00024    0.00112         10  0.000e+00
      37587   1566.083      3.063      3.083    28.5343    28.5325   5.752042   5.751949     3.1368     2.6532      66.94   26.00302  -84.19702   -0.00021    0.00111         10  0.000e+00
      37588   1566.125      3.063      3.083    28.5339    28.5327   5.752058   5.751981     3.1368     2.6532      66.94   26.00302  -84.19702   -0.00017    0.00109         10  0.000e+00
      37589   1566.167      3.009      3.029    28.5337    28.5326   5.752050   5.751925     3.1368     2.6532      66.94   26.00302  -84.19702   -0.00014    0.00105         10  0.000e+00
      37590   1566.208      3.111      3.131    28.5341    28.5325   5.752097   5.751973     3.1368     2.6545      66.94   26.00302  -84.19702   -0.00012    0.00103         10  0.000e+00
      37591   1566.250      3.063      3.083    28.5343    28.5325   5.752136   5.751997     3.1368     2.6545      66.94   26.00302  -84.19702   -0.00009    0.00101         10  0.000e+00
      37592   1566.292      3.063      3.083    28.5345    28.5326   5.752199   5.751957     3.1368     2.6532      66.94   26.00302  -84.19702   -0.00005    0.00097         10  0.000e+00
      37593   1566.333      3.016      3.036    28.5349    28.5326   5.752223   5.751909     3.1368     2.6532      66.94   26.00302  -84.19702   -0.00002    0.00093         10  0.000e+00
      37594   1566.375      3.016      3.036    28.5349    28.5327   5.752231   5.751973     3.1368     2.6532      66.94   26.00302  -84.19702   -0.00000    0.00088         10  0.000e+00
      37595   1566.417      3.016      3.036    28.5349    28.5326   5.752223   5.751925     3.1368     2.6532      66.94   26.00302  -84.19702    0.00002    0.00084         10  0.000e+00
      37596   1566.458      3.063      3.083    28.5351    28.5326   5.752254   5.751973     3.1380     2.6532      66.94   26.00302  -84.19702    0.00005    0.00079         10  0.000e+00
      37597   1566.500      3.009      3.029    28.5349    28.5327   5.752246   5.751925     3.1380     2.6532      66.94   26.00302  -84.19702    0.00010    0.00074         10  0.000e+00
      37598   1566.542      3.016      3.036    28.5351    28.5325   5.752144   5.751933     3.1380     2.6532      66.94   26.00302  -84.19702    0.00014    0.00069         10  0.000e+00
      37599   1566.583      3.016      3.036    28.5351    28.5328   5.752081   5.751981     3.1380     2.6532      66.94   26.00302  -84.19702    0.00017    0.00064         10  0.000e+00
      37600   1566.625      3.016      3.036    28.5349    28.5328   5.752231   5.751997     3.1368     2.6532      66.94   26.00302  -84.19702    0.00021    0.00059         10  0.000e+00
      37601   1566.667      3.016      3.036    28.5349    28.5328   5.752270   5.751997     3.1368     2.6532      83.30   26.00302  -84.19702    0.00024    0.00055         10  0.000e+00
      37602   1566.708      3.016      3.036    28.5349    28.5326   5.752231   5.751997     3.1368     2.6532      98.51   26.00302  -84.19702    0.00028    0.00050         10  0.000e+00
      37603   1566.750      3.016      3.036    28.5349    28.5328   5.752270   5.751997     3.1380     2.6532     100.00   26.00302  -84.19702    0.00033    0.00044         10  0.000e+00
      37604   1566.792      3.016      3.036    28.5347    28.5326   5.752239   5.751997     3.1368     2.6532     100.00   26.00302  -84.19702    0.00036    0.00040         10  0.000e+00
      37605   1566.833      3.009      3.029    28.5345    28.5326   5.752160   5.751925     3.1368     2.6532     100.00   26.00302  -84.19702    0.00040    0.00036         10  0.000e+00
      37606   1566.875      2.962      2.981    28.5345    28.5325   5.752121   5.751933     3.1368     2.6532      99.90   26.00302  -84.19702    0.00044    0.00032         10  0.000e+00
      37607   1566.917      3.016      3.036    28.5343    28.5326   5.752191   5.751909     3.1380     2.6520      99.93   26.00302  -84.19702    0.00049    0.00028         10  0.000e+00
      37608   1566.958      2.962      2.981    28.5345    28.5325   5.752199   5.751933     3.1368     2.6520      99.98   26.00302  -84.19702    0.00051    0.00023         10  0.000e+00
      37609   1567.000      3.063      3.083    28.5343    28.5325   5.752215   5.751949     3.1368     2.6520      99.98   26.00302  -84.19702    0.00055    0.00019         10  0.000e+00
      37610   1567.042      3.016      3.036    28.5343    28.5325   5.752184   5.751949     3.1368     2.6520      99.98   26.00302  -84.19702    0.00056    0.00015         10  0.000e+00
      37611   1567.083      3.016      3.036    28.5343    28.5325   5.752184   5.751981     3.1368     2.6520      99.98   26.00302  -84.19702    0.00057    0.00010         10  0.000e+00
      37612   1567.125      3.016      3.036    28.5347    28.5325   5.752176   5.751997     3.1368     2.6520      99.98   26.00302  -84.19702    0.00058    0.00006         10  0.000e+00
      37613   1567.167      3.009      3.029    28.5345    28.5326   5.752246   5.751957     3.1368     2.6520      99.98   26.00302  -84.19702    0.00058    0.00001         10  0.000e+00
      37614   1567.208      3.016      3.036    28.5347    28.5326   5.752207   5.751981     3.1368     2.6520      99.98   26.00302  -84.19702    0.00060   -0.00001         10  0.000e+00
      37615   1567.250      3.016      3.036    28.5347    28.5327   5.752176   5.751957     3.1368     2.6520      99.98   26.00302  -84.19702    0.00060   -0.00004         10  0.000e+00
      37616   1567.292      3.063      3.083    28.5349    28.5325   5.752207   5.751981     3.1368     2.6508      99.98   26.00302  -84.19702    0.00060   -0.00009         10  0.000e+00
      37617   1567.333      3.016      3.036    28.5349    28.5326   5.752231   5.751957     3.1368     2.6508      99.98   26.00302  -84.19702    0.00060   -0.00013         10  0.000e+00
      37618   1567.375      3.016      3.036    28.5349    28.5327   5.752191   5.751981     3.1368     2.6508      99.98   26.00302  -84.19702    0.00060   -0.00017         10  0.000e+00
      37619   1567.417      3.016      3.036    28.5345    28.5325   5.752184   5.751997     3.1380     2.6508      99.98   26.00302  -84.19702    0.00060   -0.00024         10  0.000e+00
      37620   1567.458      3.063      3.083    28.5345    28.5325   5.752176   5.751957     3.1368     2.6496      99.98   26.00302  -84.19702    0.00060   -0.00030         10  0.000e+00
      37621   1567.500      3.057      3.077    28.5347    28.5325   5.752128   5.751981     3.1380     2.6508      99.98   26.00302  -84.19702    0.00060   -0.00034         10  0.000e+00
      37622   1567.542      3.016      3.036    28.5349    28.5326   5.752097   5.751997     3.1380     2.6508      99.98   26.00302  -84.19702    0.00059   -0.00038         10  0.000e+00
      37623   1567.583      3.063      3.083    28.5343    28.5325   5.752113   5.751957     3.1368     2.6496      99.98   26.00302  -84.19702    0.00059   -0.00044         10  0.000e+00
      37624   1567.625      3.016      3.036    28.5345    28.5327   5.752160   5.751909     3.1380     2.6496      99.98   26.00302  -84.19702    0.00060   -0.00050         10  0.000e+00
      37625   1567.667      3.063      3.083    28.5347    28.5326   5.752113   5.751973     3.1380     2.6496     100.00   26.00302  -84.19702    0.00061   -0.00056         10  0.000e+00
