Gulf of Mexico/GOMECC-4/1db/rb2103_0341.ros
* Sea-Bird SBE 9 Data File:
* FileName = C:\Users\scs.user.rb\CTD\GOMECC4\data\rb2103_0341.hex
* Software Version Seasave V 7.26.7.107
* Temperature SN = 4799
* Conductivity SN = 3860
* Number of Bytes Per Scan = 41
* Number of Voltage Words = 4
* Number of Scans Averaged by the Deck Unit = 1
* NMEA Latitude = 29 03.10 N
* NMEA Longitude = 087 31.28 W
* NMEA UTC (Time) = Sep 24 2021  06:51:00
* NMEA baud rate = 4800
# nquan = 17
# nvalues = 2660                                  
# units = specified
# name 0 = scan: Scan Count
# name 1 = timeS: Time, Elapsed [seconds]
# name 2 = depSM: Depth [salt water, m]
# name 3 = prDM: Pressure, Digiquartz [db]
# name 4 = t090C: Temperature [ITS-90, deg C]
# name 5 = t190C: Temperature, 2 [ITS-90, deg C]
# name 6 = c0S/m: Conductivity [S/m]
# name 7 = c1S/m: Conductivity, 2 [S/m]
# name 8 = sbeox0V: Oxygen raw, SBE 43 [V]
# name 9 = sbeox1V: Oxygen raw, SBE 43, 2 [V]
# name 10 = altM: Altimeter [m]
# name 11 = latitude: Latitude [deg]
# name 12 = longitude: Longitude [deg]
# name 13 = sbox0dV/dT: Oxygen, SBE 43 [dov/dt]
# name 14 = sbox1dV/dT: Oxygen, SBE 43, 2 [dov/dt]
# name 15 = nbf: Bottles Fired
# name 16 = flag:  0.000e+00
# interval = seconds: 0.0416667
# start_time = Sep 24 2021 06:51:00 [NMEA time, header]
# bad_flag = -9.990e-29
*END*
[from data line 766]
      89853   3743.833    594.735    599.633     7.5426     7.5428   3.599840   3.599809     1.6264     1.3309     100.00   29.05232  -87.52180    0.00002   -0.00010          6  0.000e+00
      89854   3743.875    594.735    599.633     7.5431     7.5433   3.599847   3.599809     1.6264     1.3297     100.00   29.05232  -87.52180    0.00002   -0.00011          6  0.000e+00
      89855   3743.917    594.735    599.633     7.5436     7.5438   3.599879   3.599835     1.6264     1.3297     100.00   29.05232  -87.52180    0.00001   -0.00012          6  0.000e+00
      89856   3743.958    594.796    599.695     7.5434     7.5434   3.599815   3.599842     1.6252     1.3309     100.00   29.05232  -87.52180   -0.00001   -0.00012          6  0.000e+00
      89857   3744.000    594.735    599.633     7.5434     7.5428   3.599814   3.599842     1.6264     1.3309     100.00   29.05232  -87.52180   -0.00001   -0.00011          6  0.000e+00
      89858   3744.042    594.736    599.633     7.5430     7.5430   3.599847   3.599789     1.6264     1.3309     100.00   29.05232  -87.52180   -0.00002   -0.00010          6  0.000e+00
      89859   3744.083    594.736    599.633     7.5429     7.5426   3.599834   3.599776     1.6264     1.3309     100.00   29.05232  -87.52180   -0.00002   -0.00010          6  0.000e+00
      89860   3744.125    594.736    599.633     7.5425     7.5428   3.599776   3.599730     1.6264     1.3297     100.00   29.05232  -87.52180   -0.00002   -0.00011          6  0.000e+00
      89861   3744.167    594.736    599.633     7.5426     7.5430   3.599737   3.599763     1.6264     1.3309     100.00   29.05232  -87.52180   -0.00003   -0.00010          6  0.000e+00
      89862   3744.208    594.736    599.633     7.5428     7.5425   3.599724   3.599730     1.6264     1.3309     100.00   29.05232  -87.52180   -0.00003   -0.00010          6  0.000e+00
      89863   3744.250    594.736    599.633     7.5426     7.5413   3.599724   3.599783     1.6252     1.3297     100.00   29.05232  -87.52180   -0.00005   -0.00011          6  0.000e+00
      89864   3744.292    594.682    599.580     7.5425     7.5412   3.599704   3.599756     1.6264     1.3309     100.00   29.05232  -87.52180   -0.00006   -0.00010          6  0.000e+00
      89865   3744.333    594.736    599.633     7.5426     7.5407   3.599717   3.599769     1.6264     1.3297     100.00   29.05232  -87.52180   -0.00006   -0.00011          6  0.000e+00
      89866   3744.375    594.736    599.633     7.5425     7.5391   3.599750   3.599802     1.6264     1.3309     100.00   29.05232  -87.52180   -0.00006   -0.00011          6  0.000e+00
      89867   3744.417    594.736    599.634     7.5425     7.5382   3.599756   3.599756     1.6264     1.3309     100.00   29.05232  -87.52180   -0.00007   -0.00010          6  0.000e+00
      89868   3744.458    594.736    599.634     7.5416     7.5387   3.599737   3.599743     1.6264     1.3309     100.00   29.05232  -87.52180   -0.00007   -0.00009          6  0.000e+00
      89869   3744.500    594.736    599.634     7.5418     7.5398   3.599750   3.599743     1.6264     1.3297     100.00   29.05232  -87.52180   -0.00007   -0.00010          6  0.000e+00
      89870   3744.542    594.683    599.580     7.5418     7.5410   3.599782   3.599743     1.6264     1.3297     100.00   29.05232  -87.52180   -0.00008   -0.00011          6  0.000e+00
      89871   3744.583    594.736    599.634     7.5421     7.5413   3.599743   3.599789     1.6264     1.3297     100.00   29.05232  -87.52180   -0.00008   -0.00012          6  0.000e+00
      89872   3744.625    594.683    599.580     7.5421     7.5425   3.599724   3.599809     1.6264     1.3297     100.00   29.05232  -87.52180   -0.00008   -0.00013          6  0.000e+00
      89873   3744.667    594.751    599.649     7.5423     7.5430   3.599724   3.599835     1.6264     1.3309     100.00   29.05232  -87.52180   -0.00009   -0.00012          6  0.000e+00
      89874   3744.708    594.683    599.580     7.5423     7.5434   3.599730   3.599888     1.6264     1.3309     100.00   29.05232  -87.52180   -0.00009   -0.00011          6  0.000e+00
      89875   3744.750    594.736    599.634     7.5418     7.5440   3.599730   3.599927     1.6264     1.3297     100.00   29.05232  -87.52180   -0.00009   -0.00014          6  0.000e+00
      89876   3744.792    594.683    599.580     7.5420     7.5442   3.599730   3.599940     1.6264     1.3309     100.00   29.05232  -87.52180   -0.00010   -0.00013          6  0.000e+00
      89877   3744.833    594.736    599.634     7.5423     7.5440   3.599724   3.599940     1.6264     1.3297     100.00   29.05232  -87.52180   -0.00010   -0.00014          6  0.000e+00
      89878   3744.875    594.736    599.634     7.5420     7.5442   3.599750   3.600006     1.6264     1.3309     100.00   29.05232  -87.52180   -0.00010   -0.00013          6  0.000e+00
      89879   3744.917    594.683    599.580     7.5418     7.5446   3.599737   3.600013     1.6264     1.3297     100.00   29.05232  -87.52180   -0.00009   -0.00014          6  0.000e+00
      89880   3744.958    594.736    599.634     7.5420     7.5449   3.599750   3.600045     1.6264     1.3297     100.00   29.05232  -87.52180   -0.00009   -0.00015          6  0.000e+00
      89881   3745.000    594.683    599.580     7.5423     7.5449   3.599763   3.600019     1.6264     1.3297     100.00   29.05232  -87.52180   -0.00008   -0.00016          6  0.000e+00
      89882   3745.042    594.736    599.634     7.5423     7.5446   3.599756   3.600006     1.6264     1.3297     100.00   29.05232  -87.52180   -0.00008   -0.00016          6  0.000e+00
      89883   3745.083    594.737    599.634     7.5423     7.5448   3.599782   3.600006     1.6264     1.3309     100.00   29.05232  -87.52180   -0.00008   -0.00015          6  0.000e+00
      89884   3745.125    594.737    599.634     7.5423     7.5446   3.599769   3.600006     1.6264     1.3297     100.00   29.05232  -87.52180   -0.00009   -0.00016          6  0.000e+00
      94515   3938.083    495.939    499.903     8.7883     8.7984   3.722033   3.723111     1.6190     1.3223     100.00   29.05228  -87.52180    0.00001   -0.00040          7  0.000e+00
      94516   3938.125    495.711    499.673     8.7885     8.7984   3.722079   3.723144     1.6190     1.3223     100.00   29.05228  -87.52180    0.00002   -0.00039          7  0.000e+00
      94517   3938.167    495.772    499.734     8.7881     8.7983   3.722164   3.723104     1.6190     1.3223     100.00   29.05228  -87.52180    0.00004   -0.00039          7  0.000e+00
      94518   3938.208    495.825    499.788     8.7891     8.7984   3.722309   3.723091     1.6190     1.3223     100.00   29.05228  -87.52180    0.00005   -0.00038          7  0.000e+00
      94519   3938.250    495.658    499.619     8.7905     8.7984   3.722374   3.723111     1.6190     1.3223     100.00   29.05228  -87.52180    0.00007   -0.00038          7  0.000e+00
      94520   3938.292    495.825    499.788     8.7914     8.7985   3.722407   3.723044     1.6190     1.3223     100.00   29.05228  -87.52180    0.00008   -0.00038          7  0.000e+00
      94521   3938.333    495.711    499.673     8.7927     8.7982   3.722519   3.723044     1.6190     1.3223     100.00   29.05228  -87.52180    0.00009   -0.00037          7  0.000e+00
      94522   3938.375    495.772    499.735     8.7931     8.7977   3.722526   3.723077     1.6190     1.3223     100.00   29.05228  -87.52180    0.00011   -0.00037          7  0.000e+00
      94523   3938.417    495.711    499.673     8.7932     8.7981   3.722565   3.723084     1.6190     1.3223     100.00   29.05228  -87.52180    0.00012   -0.00036          7  0.000e+00
      94524   3938.458    495.772    499.735     8.7938     8.7979   3.722558   3.723064     1.6190     1.3223     100.00   29.05228  -87.52180    0.00014   -0.00035          7  0.000e+00
      94525   3938.500    495.688    499.650     8.7938     8.7977   3.722572   3.723051     1.6190     1.3223     100.00   29.05228  -87.52180    0.00015   -0.00035          7  0.000e+00
      94526   3938.542    495.711    499.673     8.7941     8.7973   3.722486   3.723011     1.6190     1.3223     100.00   29.05228  -87.52180    0.00016   -0.00034          7  0.000e+00
      94527   3938.583    495.772    499.735     8.7945     8.7967   3.722355   3.722971     1.6190     1.3223     100.00   29.05228  -87.52180    0.00016   -0.00033          7  0.000e+00
      94528   3938.625    495.711    499.674     8.7928     8.7969   3.722269   3.722978     1.6190     1.3223     100.00   29.05228  -87.52180    0.00017   -0.00032          7  0.000e+00
      94529   3938.667    495.711    499.674     8.7920     8.7967   3.722230   3.722964     1.6190     1.3223     100.00   29.05228  -87.52180    0.00019   -0.00032          7  0.000e+00
      94530   3938.708    495.711    499.674     8.7898     8.7967   3.722164   3.723004     1.6190     1.3223     100.00   29.05228  -87.52180    0.00020   -0.00031          7  0.000e+00
      94531   3938.750    495.658    499.620     8.7893     8.7969   3.722052   3.723017     1.6190     1.3223     100.00   29.05228  -87.52180    0.00022   -0.00030          7  0.000e+00
      94532   3938.792    495.712    499.674     8.7878     8.7974   3.722046   3.723071     1.6190     1.3223     100.00   29.05228  -87.52180    0.00023   -0.00029          7  0.000e+00
      94533   3938.833    495.712    499.674     8.7868     8.7980   3.722033   3.723064     1.6190     1.3223     100.00   29.05228  -87.52180    0.00024   -0.00028          7  0.000e+00
      94534   3938.875    495.712    499.674     8.7861     8.7981   3.722026   3.723077     1.6190     1.3223     100.00   29.05228  -87.52180    0.00026   -0.00027          7  0.000e+00
      94535   3938.917    495.712    499.674     8.7867     8.7982   3.722026   3.723084     1.6190     1.3223     100.00   29.05228  -87.52180    0.00027   -0.00026          7  0.000e+00
      94536   3938.958    495.689    499.651     8.7865     8.7981   3.721967   3.723084     1.6190     1.3223     100.00   29.05228  -87.52180    0.00028   -0.00025          7  0.000e+00
      94537   3939.000    495.659    499.620     8.7861     8.7982   3.721954   3.723091     1.6190     1.3223     100.00   29.05228  -87.52180    0.00030   -0.00024          7  0.000e+00
      94538   3939.042    495.712    499.674     8.7863     8.7982   3.721908   3.723084     1.6190     1.3223     100.00   29.05228  -87.52180    0.00031   -0.00023          7  0.000e+00
      94539   3939.083    495.659    499.620     8.7857     8.7977   3.721868   3.723084     1.6190     1.3223     100.00   29.05228  -87.52180    0.00032   -0.00024          7  0.000e+00
      94540   3939.125    495.712    499.674     8.7854     8.7978   3.721835   3.723064     1.6190     1.3223     100.00   29.05228  -87.52180    0.00034   -0.00022          7  0.000e+00
      94541   3939.167    495.712    499.674     8.7852     8.7977   3.721829   3.723097     1.6190     1.3223     100.00   29.05228  -87.52180    0.00033   -0.00021          7  0.000e+00
      94542   3939.208    495.659    499.620     8.7848     8.7982   3.721829   3.723071     1.6190     1.3223     100.00   29.05228  -87.52180    0.00033   -0.00020          7  0.000e+00
      94543   3939.250    495.712    499.674     8.7850     8.7980   3.721770   3.723077     1.6190     1.3223     100.00   29.05228  -87.52180    0.00033   -0.00019          7  0.000e+00
      94544   3939.292    495.659    499.620     8.7848     8.7981   3.721783   3.723111     1.6190     1.3223     100.00   29.05228  -87.52180    0.00032   -0.00018          7  0.000e+00
      94545   3939.333    495.712    499.674     8.7848     8.7984   3.721796   3.723144     1.6190     1.3223     100.00   29.05228  -87.52180    0.00031   -0.00016          7  0.000e+00
      94546   3939.375    495.575    499.536     8.7852     8.7985   3.721770   3.723104     1.6190     1.3223     100.00   29.05228  -87.52180    0.00031   -0.00015          7  0.000e+00
      94547   3939.417    495.773    499.736     8.7858     8.7987   3.721835   3.723111     1.6190     1.3223     100.00   29.05228  -87.52180    0.00030   -0.00014          7  0.000e+00
      94548   3939.458    495.712    499.674     8.7858     8.7987   3.721835   3.723097     1.6190     1.3223     100.00   29.05228  -87.52180    0.00030   -0.00012          7  0.000e+00
      94549   3939.500    495.712    499.674     8.7861     8.7985   3.721849   3.723111     1.6178     1.3223     100.00   29.05228  -87.52180    0.00027   -0.00012          7  0.000e+00
      94550   3939.542    495.712    499.674     8.7865     8.7986   3.721881   3.723124     1.6190     1.3223     100.00   29.05228  -87.52180    0.00028   -0.00011          7  0.000e+00
      94551   3939.583    495.659    499.621     8.7868     8.7986   3.721842   3.723091     1.6178     1.3223     100.00   29.05228  -87.52180    0.00026   -0.00009          7  0.000e+00
      94552   3939.625    495.712    499.675     8.7867     8.7986   3.721875   3.723111     1.6178     1.3223     100.00   29.05228  -87.52180    0.00023   -0.00010          7  0.000e+00
      94553   3939.667    495.712    499.675     8.7865     8.7985   3.721941   3.723124     1.6190     1.3236     100.00   29.05228  -87.52180    0.00023   -0.00006          7  0.000e+00
      94554   3939.708    495.712    499.675     8.7865     8.7986   3.721980   3.723117     1.6178     1.3223     100.00   29.05228  -87.52180    0.00020   -0.00007          7  0.000e+00
      94555   3939.750    495.659    499.621     8.7867     8.7986   3.721993   3.723117     1.6190     1.3223     100.00   29.05228  -87.52180    0.00020   -0.00005          7  0.000e+00
      94556   3939.792    495.713    499.675     8.7873     8.7987   3.722013   3.723124     1.6190     1.3223     100.00   29.05228  -87.52180    0.00019   -0.00005          7  0.000e+00
      94557   3939.833    495.629    499.590     8.7876     8.7984   3.722098   3.723091     1.6190     1.3223     100.00   29.05228  -87.52180    0.00018   -0.00006          7  0.000e+00
      94558   3939.875    495.773    499.736     8.7889     8.7984   3.722171   3.723111     1.6190     1.3223     100.00   29.05228  -87.52180    0.00019   -0.00006          7  0.000e+00
      94559   3939.917    495.713    499.675     8.7891     8.7983   3.722263   3.723071     1.6190     1.3223     100.00   29.05228  -87.52180    0.00018   -0.00004          7  0.000e+00
      94560   3939.958    495.713    499.675     8.7888     8.7982   3.722361   3.723124     1.6190     1.3223     100.00   29.05228  -87.52180    0.00017   -0.00003          7  0.000e+00
      94561   3940.000    495.713    499.675     8.7889     8.7984   3.722434   3.723131     1.6190     1.3223     100.00   29.05228  -87.52180    0.00016   -0.00003          7  0.000e+00
      94562   3940.042    495.713    499.675     8.7901     8.7987   3.722427   3.723171     1.6190     1.3223     100.00   29.05228  -87.52180    0.00015   -0.00003          7  0.000e+00
      94563   3940.083    495.713    499.675     8.7938     8.7987   3.722493   3.723157     1.6190     1.3223     100.00   29.05228  -87.52180    0.00016   -0.00001          7  0.000e+00
      94564   3940.125    495.713    499.675     8.7967     8.7987   3.722565   3.723151     1.6178     1.3236     100.00   29.05228  -87.52180    0.00015    0.00002          7  0.000e+00
      94565   3940.167    495.774    499.736     8.7976     8.7987   3.722683   3.723157     1.6178     1.3223     100.00   29.05228  -87.52180    0.00014    0.00002          7  0.000e+00
      94566   3940.208    495.660    499.621     8.7984     8.7991   3.722716   3.723177     1.6178     1.3223     100.00   29.05228  -87.52180    0.00014    0.00002          7  0.000e+00
      94567   3940.250    495.774    499.736     8.7985     8.7994   3.722716   3.723184     1.6178     1.3223     100.00   29.05228  -87.52180    0.00011    0.00002          7  0.000e+00
