Gulf of Mexico/GOMECC-4/1db/rb2103_0161.ros
* Sea-Bird SBE 9 Data File:
* FileName = C:\Users\scs.user.rb\CTD\GOMECC4\data\rb2103_0161.hex
* Software Version Seasave V 7.26.7.107
* Temperature SN = 4799
* Conductivity SN = 3860
* Number of Bytes Per Scan = 41
* Number of Voltage Words = 4
* Number of Scans Averaged by the Deck Unit = 1
* NMEA Latitude = 27 33.29 N
* NMEA Longitude = 083 39.94 W
* NMEA UTC (Time) = Sep 19 2021  06:56:19
* NMEA baud rate = 4800
# nquan = 17
# nvalues = 798                                   
# units = specified
# name 0 = scan: Scan Count
# name 1 = timeS: Time, Elapsed [seconds]
# name 2 = depSM: Depth [salt water, m]
# name 3 = prDM: Pressure, Digiquartz [db]
# name 4 = t090C: Temperature [ITS-90, deg C]
# name 5 = t190C: Temperature, 2 [ITS-90, deg C]
# name 6 = c0S/m: Conductivity [S/m]
# name 7 = c1S/m: Conductivity, 2 [S/m]
# name 8 = sbeox0V: Oxygen raw, SBE 43 [V]
# name 9 = sbeox1V: Oxygen raw, SBE 43, 2 [V]
# name 10 = altM: Altimeter [m]
# name 11 = latitude: Latitude [deg]
# name 12 = longitude: Longitude [deg]
# name 13 = sbox0dV/dT: Oxygen, SBE 43 [dov/dt]
# name 14 = sbox1dV/dT: Oxygen, SBE 43, 2 [dov/dt]
# name 15 = nbf: Bottles Fired
# name 16 = flag:  0.000e+00
# interval = seconds: 0.0416667
# start_time = Sep 19 2021 06:56:19 [NMEA time, header]
# bad_flag = -9.990e-29
*END*
[from data line 341]
      24371   1015.417     19.870     20.003    29.0506    29.0504   5.827915   5.827934     3.1270     2.6581      27.33   27.55560  -83.66498   -0.00054   -0.00036          3  0.000e+00
      24372   1015.458     19.817     19.950    29.0504    29.0504   5.827915   5.827934     3.1270     2.6581      27.33   27.55560  -83.66498   -0.00055   -0.00039          3  0.000e+00
      24373   1015.500     19.840     19.973    29.0506    29.0503   5.827915   5.827934     3.1270     2.6581      27.33   27.55560  -83.66498   -0.00056   -0.00042          3  0.000e+00
      24374   1015.542     19.870     20.003    29.0504    29.0504   5.827915   5.827894     3.1282     2.6593      27.33   27.55560  -83.66498   -0.00055   -0.00043          3  0.000e+00
      24375   1015.583     19.817     19.950    29.0506    29.0504   5.827915   5.827846     3.1282     2.6581      27.33   27.55560  -83.66498   -0.00054   -0.00046          3  0.000e+00
      24376   1015.625     19.817     19.950    29.0508    29.0506   5.827915   5.827910     3.1270     2.6581      27.33   27.55560  -83.66498   -0.00057   -0.00049          3  0.000e+00
      24377   1015.667     19.900     20.034    29.0506    29.0508   5.827875   5.827966     3.1282     2.6593      27.30   27.55560  -83.66498   -0.00058   -0.00051          3  0.000e+00
      24378   1015.708     19.817     19.950    29.0508    29.0506   5.827939   5.828054     3.1270     2.6581      27.33   27.55560  -83.66498   -0.00059   -0.00052          3  0.000e+00
      24379   1015.750     19.870     20.003    29.0504    29.0510   5.827923   5.828038     3.1282     2.6593      27.30   27.55560  -83.66498   -0.00058   -0.00052          3  0.000e+00
      24380   1015.792     19.870     20.003    29.0508    29.0508   5.827947   5.828062     3.1282     2.6593      27.30   27.55560  -83.66498   -0.00057   -0.00052          3  0.000e+00
      24381   1015.833     19.900     20.034    29.0506    29.0510   5.827923   5.828079     3.1282     2.6606      27.30   27.55560  -83.66498   -0.00056   -0.00050          3  0.000e+00
      24382   1015.875     19.817     19.950    29.0506    29.0512   5.827915   5.828038     3.1282     2.6606      27.30   27.55560  -83.66498   -0.00055   -0.00048          3  0.000e+00
      24383   1015.917     19.930     20.064    29.0506    29.0510   5.827915   5.828063     3.1282     2.6606      27.30   27.55560  -83.66498   -0.00054   -0.00045          3  0.000e+00
      24384   1015.958     19.870     20.003    29.0506    29.0512   5.827915   5.828111     3.1270     2.6606      27.30   27.55560  -83.66498   -0.00055   -0.00041          3  0.000e+00
      24385   1016.000     19.900     20.034    29.0503    29.0514   5.827875   5.828127     3.1282     2.6606      27.30   27.55560  -83.66498   -0.00054   -0.00038          3  0.000e+00
      24386   1016.042     19.870     20.003    29.0500    29.0512   5.827899   5.828159     3.1282     2.6618      27.30   27.55560  -83.66498   -0.00054   -0.00031          3  0.000e+00
      24387   1016.083     19.870     20.003    29.0501    29.0510   5.827804   5.828103     3.1282     2.6618      27.30   27.55560  -83.66498   -0.00053   -0.00024          3  0.000e+00
      24388   1016.125     19.900     20.034    29.0500    29.0508   5.827804   5.828038     3.1282     2.6618      27.30   27.55560  -83.66498   -0.00052   -0.00017          3  0.000e+00
      24389   1016.167     19.870     20.003    29.0501    29.0506   5.827781   5.827958     3.1282     2.6618      27.30   27.55560  -83.66498   -0.00051   -0.00010          3  0.000e+00
      24390   1016.208     19.930     20.064    29.0501    29.0506   5.827804   5.828006     3.1282     2.6618      27.30   27.55560  -83.66498   -0.00050   -0.00002          3  0.000e+00
      24391   1016.250     19.930     20.064    29.0500    29.0506   5.827820   5.827990     3.1282     2.6618      27.30   27.55560  -83.66498   -0.00049    0.00007          3  0.000e+00
      24392   1016.292     19.900     20.034    29.0501    29.0506   5.827820   5.827982     3.1282     2.6618      27.30   27.55560  -83.66498   -0.00048    0.00016          3  0.000e+00
      24393   1016.333     19.870     20.003    29.0499    29.0506   5.827781   5.827982     3.1282     2.6630      27.30   27.55560  -83.66498   -0.00047    0.00026          3  0.000e+00
      24394   1016.375     19.930     20.064    29.0499    29.0506   5.827773   5.827942     3.1282     2.6630      27.30   27.55560  -83.66498   -0.00047    0.00036          3  0.000e+00
      24395   1016.417     19.930     20.064    29.0501    29.0506   5.827773   5.828006     3.1282     2.6618      27.30   27.55560  -83.66498   -0.00046    0.00045          3  0.000e+00
      24396   1016.458     19.900     20.034    29.0500    29.0506   5.827773   5.827990     3.1282     2.6630      27.30   27.55560  -83.66498   -0.00045    0.00053          3  0.000e+00
      24397   1016.500     19.930     20.064    29.0499    29.0509   5.827773   5.827942     3.1282     2.6618      27.30   27.55560  -83.66498   -0.00044    0.00060          3  0.000e+00
      24398   1016.542     19.983     20.117    29.0500    29.0506   5.827804   5.828006     3.1282     2.6630      27.30   27.55560  -83.66498   -0.00043    0.00068          3  0.000e+00
      24399   1016.583     19.870     20.003    29.0503    29.0506   5.827820   5.828062     3.1282     2.6618      27.30   27.55560  -83.66498   -0.00042    0.00073          3  0.000e+00
      24400   1016.625     19.953     20.087    29.0503    29.0508   5.827820   5.828038     3.1282     2.6618      27.30   27.55560  -83.66498   -0.00041    0.00078          3  0.000e+00
      24401   1016.667     19.930     20.064    29.0499    29.0508   5.827781   5.828063     3.1282     2.6618      27.30   27.55560  -83.66498   -0.00039    0.00082          3  0.000e+00
      24402   1016.708     19.930     20.064    29.0501    29.0510   5.827733   5.828079     3.1282     2.6618      27.30   27.55560  -83.66498   -0.00036    0.00087          3  0.000e+00
      24403   1016.750     19.983     20.117    29.0500    29.0510   5.827796   5.828079     3.1282     2.6618      27.30   27.55560  -83.66498   -0.00033    0.00091          3  0.000e+00
      24404   1016.792     19.953     20.087    29.0501    29.0512   5.827781   5.828038     3.1282     2.6606      27.25   27.55560  -83.66498   -0.00030    0.00094          3  0.000e+00
      24405   1016.833     19.930     20.064    29.0501    29.0510   5.827804   5.828103     3.1282     2.6606      27.25   27.55560  -83.66498   -0.00028    0.00097          3  0.000e+00
      24406   1016.875     19.930     20.064    29.0502    29.0512   5.827820   5.828087     3.1282     2.6606      27.25   27.55560  -83.66498   -0.00025    0.00099          3  0.000e+00
      24407   1016.917     19.930     20.064    29.0503    29.0510   5.827820   5.828079     3.1282     2.6606      27.25   27.55560  -83.66498   -0.00022    0.00102          3  0.000e+00
      24408   1016.958     19.953     20.087    29.0502    29.0510   5.827820   5.828079     3.1282     2.6606      27.25   27.55560  -83.66498   -0.00019    0.00104          3  0.000e+00
      24409   1017.000     19.930     20.064    29.0503    29.0510   5.827852   5.828079     3.1282     2.6593      27.25   27.55560  -83.66498   -0.00014    0.00105          3  0.000e+00
      24410   1017.042     19.983     20.117    29.0503    29.0510   5.827828   5.828038     3.1282     2.6593      27.25   27.55560  -83.66498   -0.00010    0.00106          3  0.000e+00
      24411   1017.083     19.930     20.064    29.0502    29.0508   5.827852   5.828030     3.1282     2.6593      27.25   27.55560  -83.66498   -0.00005    0.00107          3  0.000e+00
      24412   1017.125     19.953     20.087    29.0504    29.0510   5.827828   5.828063     3.1282     2.6581      27.25   27.55560  -83.66498    0.00000    0.00106          3  0.000e+00
      24413   1017.167     19.930     20.064    29.0502    29.0506   5.827820   5.828038     3.1282     2.6581      27.25   27.55560  -83.66498    0.00005    0.00105          3  0.000e+00
      24414   1017.208     19.930     20.064    29.0503    29.0510   5.827852   5.828030     3.1282     2.6581      27.25   27.55560  -83.66498    0.00010    0.00104          3  0.000e+00
      24415   1017.250     19.953     20.087    29.0503    29.0508   5.827868   5.828030     3.1282     2.6569      27.25   27.55560  -83.66498    0.00014    0.00100          3  0.000e+00
      24416   1017.292     19.930     20.064    29.0502    29.0508   5.827868   5.827958     3.1282     2.6569      27.25   27.55560  -83.66498    0.00019    0.00095          3  0.000e+00
      24417   1017.333     19.930     20.064    29.0503    29.0506   5.827828   5.827966     3.1282     2.6569      27.25   27.55560  -83.66498    0.00022    0.00091          3  0.000e+00
      24418   1017.375     19.983     20.117    29.0502    29.0506   5.827852   5.827910     3.1282     2.6569      27.25   27.55560  -83.66498    0.00026    0.00087          3  0.000e+00
      24419   1017.417     19.900     20.034    29.0501    29.0506   5.827828   5.827958     3.1282     2.6557      27.25   27.55560  -83.66498    0.00029    0.00081          3  0.000e+00
      24420   1017.458     19.930     20.064    29.0503    29.0506   5.827820   5.827982     3.1282     2.6569      27.25   27.55560  -83.66498    0.00033    0.00077          3  0.000e+00
      24421   1017.500     19.930     20.064    29.0500    29.0504   5.827852   5.827942     3.1282     2.6557      27.25   27.55560  -83.66498    0.00035    0.00071          3  0.000e+00
      24422   1017.542     19.930     20.064    29.0501    29.0504   5.827828   5.827966     3.1282     2.6569      27.25   27.55560  -83.66498    0.00037    0.00067          3  0.000e+00
      24423   1017.583     19.953     20.087    29.0502    29.0504   5.827852   5.827942     3.1282     2.6569      27.25   27.55560  -83.66498    0.00038    0.00063          3  0.000e+00
      24424   1017.625     19.870     20.003    29.0503    29.0503   5.827868   5.827934     3.1294     2.6557      27.25   27.55560  -83.66498    0.00042    0.00055          3  0.000e+00
      24425   1017.667     19.983     20.117    29.0503    29.0505   5.827828   5.827894     3.1294     2.6569      27.25   27.55560  -83.66498    0.00044    0.00049          3  0.000e+00
      24426   1017.708     19.870     20.003    29.0504    29.0504   5.827852   5.827918     3.1294     2.6569      27.25   27.55560  -83.66498    0.00047    0.00044          3  0.000e+00
      24427   1017.750     19.900     20.033    29.0503    29.0506   5.827828   5.828006     3.1294     2.6557      27.25   27.55560  -83.66498    0.00051    0.00036          3  0.000e+00
      24428   1017.792     19.930     20.064    29.0504    29.0508   5.827852   5.827990     3.1294     2.6569      27.25   27.55560  -83.66498    0.00052    0.00030          3  0.000e+00
      26673   1111.333      9.572      9.636    29.1177    29.1190   5.822469   5.822726     3.1331     2.6618      37.22   27.55570  -83.66486   -0.00034   -0.00018          4  0.000e+00
      26674   1111.375      9.647      9.712    29.1177    29.1192   5.822461   5.822726     3.1331     2.6618      37.22   27.55570  -83.66486   -0.00031   -0.00021          4  0.000e+00
      26675   1111.417      9.685      9.750    29.1177    29.1190   5.822492   5.822686     3.1331     2.6618      37.24   27.55570  -83.66486   -0.00026   -0.00024          4  0.000e+00
      26676   1111.458      9.647      9.712    29.1179    29.1190   5.822508   5.822710     3.1343     2.6618      37.22   27.55570  -83.66486   -0.00019   -0.00026          4  0.000e+00
      26677   1111.500      9.572      9.636    29.1179    29.1192   5.822469   5.822686     3.1331     2.6618      37.22   27.55570  -83.66486   -0.00015   -0.00026          4  0.000e+00
      26678   1111.542      9.700      9.765    29.1176    29.1190   5.822532   5.822710     3.1343     2.6618      37.22   27.55570  -83.66486   -0.00008   -0.00028          4  0.000e+00
      26679   1111.583      9.625      9.689    29.1177    29.1192   5.822484   5.822726     3.1343     2.6618      37.22   27.55570  -83.66486   -0.00001   -0.00028          4  0.000e+00
      26680   1111.625      9.587      9.651    29.1179    29.1190   5.822508   5.822742     3.1343     2.6618      37.22   27.55570  -83.66486    0.00004   -0.00026          4  0.000e+00
      26681   1111.667      9.625      9.689    29.1177    29.1192   5.822548   5.822766     3.1343     2.6618      37.22   27.55570  -83.66486    0.00009   -0.00024          4  0.000e+00
      26682   1111.708      9.587      9.651    29.1179    29.1192   5.822484   5.822774     3.1343     2.6618      37.22   27.55570  -83.66486    0.00014   -0.00024          4  0.000e+00
      26683   1111.750      9.625      9.689    29.1179    29.1189   5.822492   5.822774     3.1343     2.6630      37.24   27.55570  -83.66486    0.00019   -0.00022          4  0.000e+00
      26684   1111.792      9.587      9.651    29.1181    29.1190   5.822469   5.822774     3.1343     2.6630      37.36   27.55570  -83.66486    0.00026   -0.00022          4  0.000e+00
      26685   1111.833      9.572      9.636    29.1179    29.1189   5.822492   5.822734     3.1343     2.6642      37.44   27.55570  -83.66486    0.00031   -0.00018          4  0.000e+00
      26686   1111.875      9.587      9.651    29.1181    29.1190   5.822508   5.822758     3.1343     2.6618      37.44   27.55570  -83.66486    0.00037   -0.00018          4  0.000e+00
      26687   1111.917      9.572      9.636    29.1177    29.1188   5.822469   5.822734     3.1343     2.6630      37.44   27.55570  -83.66486    0.00042   -0.00016          4  0.000e+00
      26688   1111.958      9.587      9.651    29.1180    29.1190   5.822492   5.822726     3.1343     2.6630      37.44   27.55570  -83.66486    0.00047   -0.00012          4  0.000e+00
      26689   1112.000      9.572      9.636    29.1177    29.1190   5.822508   5.822758     3.1343     2.6630      37.44   27.55570  -83.66486    0.00052   -0.00012          4  0.000e+00
      26690   1112.042      9.534      9.598    29.1177    29.1192   5.822516   5.822774     3.1343     2.6642      37.44   27.55570  -83.66486    0.00057   -0.00011          4  0.000e+00
      26691   1112.083      9.572      9.636    29.1179    29.1190   5.822508   5.822774     3.1331     2.6618      37.44   27.55570  -83.66486    0.00060   -0.00011          4  0.000e+00
      26692   1112.125      9.572      9.636    29.1177    29.1192   5.822469   5.822750     3.1331     2.6642      37.41   27.55570  -83.66486    0.00065   -0.00009          4  0.000e+00
      26693   1112.167      9.534      9.598    29.1177    29.1194   5.822532   5.822726     3.1331     2.6642      37.44   27.55570  -83.66486    0.00070   -0.00007          4  0.000e+00
      26694   1112.208      9.511      9.575    29.1177    29.1192   5.822516   5.822798     3.1331     2.6618      37.41   27.55570  -83.66486    0.00073   -0.00010          4  0.000e+00
      26695   1112.250      9.587      9.651    29.1177    29.1192   5.822508   5.822782     3.1331     2.6642      37.44   27.55570  -83.66486    0.00078   -0.00010          4  0.000e+00
      26696   1112.292      9.572      9.636    29.1177    29.1190   5.822508   5.822774     3.1331     2.6642      37.44   27.55570  -83.66486    0.00083   -0.00008          4  0.000e+00
      26697   1112.333      9.534      9.598    29.1177    29.1189   5.822508   5.822734     3.1331     2.6630      37.41   27.55570  -83.66486    0.00086   -0.00009          4  0.000e+00
      26698   1112.375      9.511      9.575    29.1176    29.1190   5.822508   5.822798     3.1331     2.6642      37.44   27.55570  -83.66486    0.00091   -0.00009          4  0.000e+00
