Gulf of Mexico/GOMECC-4/1db/rb2103_1051.ros
* Sea-Bird SBE 9 Data File:
* FileName = C:\Users\scs.user.rb\CTD\GOMECC4\data\rb2103_1051.hex
* Software Version Seasave V 7.26.7.107
* Temperature SN = 4799
* Conductivity SN = 3860
* Number of Bytes Per Scan = 41
* Number of Voltage Words = 4
* Number of Scans Averaged by the Deck Unit = 1
* NMEA Latitude = 25 29.58 N
* NMEA Longitude = 087 59.90 W
* NMEA UTC (Time) = Oct 13 2021  14:16:10
* NMEA baud rate = 4800
# nquan = 17
# nvalues = 3192                                  
# units = specified
# name 0 = scan: Scan Count
# name 1 = timeS: Time, Elapsed [seconds]
# name 2 = depSM: Depth [salt water, m]
# name 3 = prDM: Pressure, Digiquartz [db]
# name 4 = t090C: Temperature [ITS-90, deg C]
# name 5 = t190C: Temperature, 2 [ITS-90, deg C]
# name 6 = c0S/m: Conductivity [S/m]
# name 7 = c1S/m: Conductivity, 2 [S/m]
# name 8 = sbeox0V: Oxygen raw, SBE 43 [V]
# name 9 = sbeox1V: Oxygen raw, SBE 43, 2 [V]
# name 10 = altM: Altimeter [m]
# name 11 = latitude: Latitude [deg]
# name 12 = longitude: Longitude [deg]
# name 13 = sbox0dV/dT: Oxygen, SBE 43 [dov/dt]
# name 14 = sbox1dV/dT: Oxygen, SBE 43, 2 [dov/dt]
# name 15 = nbf: Bottles Fired
# name 16 = flag:  0.000e+00
# interval = seconds: 0.0416667
# start_time = Oct 13 2021 14:16:10 [NMEA time, header]
# bad_flag = -9.990e-29
*END*
[from data line 2894]
     233749   9739.500     30.062     30.260    29.4405    29.4422   5.962846   5.963134     3.1502     2.6618     100.00   25.50918  -87.99386    0.00034    0.00053         22  0.000e+00
     233750   9739.542     30.103     30.301    29.4410    29.4424   5.962846   5.963134     3.1502     2.6618     100.00   25.50918  -87.99386    0.00040    0.00056         22  0.000e+00
     233751   9739.583     30.110     30.308    29.4410    29.4423   5.962807   5.963142     3.1490     2.6618     100.00   25.50918  -87.99386    0.00047    0.00059         22  0.000e+00
     233752   9739.625     30.062     30.260    29.4416    29.4424   5.962830   5.963174     3.1490     2.6618     100.00   25.50918  -87.99386    0.00052    0.00064         22  0.000e+00
     233753   9739.667     30.110     30.308    29.4410    29.4424   5.962846   5.963182     3.1490     2.6618     100.00   25.50918  -87.99386    0.00056    0.00067         22  0.000e+00
     233754   9739.708     30.103     30.301    29.4406    29.4426   5.962846   5.963182     3.1490     2.6618     100.00   25.50918  -87.99386    0.00061    0.00071         22  0.000e+00
     233755   9739.750     30.062     30.260    29.4409    29.4424   5.962846   5.963150     3.1490     2.6618     100.00   25.50918  -87.99386    0.00066    0.00074         22  0.000e+00
     233756   9739.792     30.109     30.308    29.4410    29.4426   5.962846   5.963142     3.1490     2.6606     100.00   25.50918  -87.99386    0.00071    0.00075         22  0.000e+00
     233757   9739.833     30.103     30.301    29.4414    29.4423   5.962846   5.963134     3.1477     2.6606     100.00   25.50918  -87.99386    0.00074    0.00075         22  0.000e+00
     233758   9739.875     30.062     30.260    29.4405    29.4426   5.962807   5.963174     3.1490     2.6606     100.00   25.50918  -87.99386    0.00079    0.00075         22  0.000e+00
     233759   9739.917     30.109     30.307    29.4409    29.4426   5.962831   5.963190     3.1490     2.6606     100.00   25.50918  -87.99386    0.00083    0.00075         22  0.000e+00
     233760   9739.958     30.102     30.301    29.4410    29.4426   5.962807   5.963190     3.1490     2.6606     100.00   25.50918  -87.99386    0.00088    0.00073         22  0.000e+00
     233761   9740.000     30.109     30.307    29.4409    29.4426   5.962831   5.963182     3.1490     2.6593     100.00   25.50918  -87.99386    0.00093    0.00069         22  0.000e+00
     233762   9740.042     30.062     30.260    29.4409    29.4426   5.962846   5.963223     3.1477     2.6593     100.00   25.50918  -87.99386    0.00096    0.00066         22  0.000e+00
     233763   9740.083     30.109     30.307    29.4407    29.4426   5.962846   5.963166     3.1477     2.6593     100.00   25.50918  -87.99386    0.00097    0.00062         22  0.000e+00
     233764   9740.125     30.102     30.300    29.4405    29.4426   5.962846   5.963215     3.1477     2.6593     100.00   25.50918  -87.99386    0.00099    0.00059         22  0.000e+00
     233765   9740.167     30.062     30.259    29.4409    29.4428   5.962878   5.963190     3.1477     2.6593     100.00   25.50918  -87.99386    0.00100    0.00055         22  0.000e+00
     233766   9740.208     30.109     30.307    29.4411    29.4426   5.962894   5.963150     3.1477     2.6593     100.00   25.50918  -87.99386    0.00101    0.00052         22  0.000e+00
     233767   9740.250     30.102     30.300    29.4414    29.4426   5.962894   5.963142     3.1477     2.6581     100.00   25.50918  -87.99386    0.00101    0.00045         22  0.000e+00
     233768   9740.292     30.061     30.259    29.4410    29.4426   5.962854   5.963142     3.1477     2.6593     100.00   25.50918  -87.99386    0.00101    0.00040         22  0.000e+00
     233769   9740.333     30.109     30.307    29.4414    29.4424   5.962878   5.963166     3.1465     2.6593     100.00   25.50918  -87.99386    0.00098    0.00035         22  0.000e+00
     233770   9740.375     30.102     30.300    29.4410    29.4424   5.962934   5.963182     3.1477     2.6593     100.00   25.50918  -87.99386    0.00098    0.00030         22  0.000e+00
     233771   9740.417     30.061     30.259    29.4414    29.4428   5.962950   5.963117     3.1465     2.6593     100.00   25.50918  -87.99386    0.00096    0.00024         22  0.000e+00
     233772   9740.458     30.109     30.307    29.4413    29.4424   5.962950   5.963166     3.1465     2.6593     100.00   25.50918  -87.99386    0.00093    0.00019         22  0.000e+00
     233773   9740.500     30.061     30.259    29.4414    29.4426   5.962902   5.963142     3.1465     2.6593     100.00   25.50918  -87.99386    0.00091    0.00014         22  0.000e+00
     233774   9740.542     30.102     30.300    29.4414    29.4426   5.962894   5.963174     3.1477     2.6606     100.00   25.50918  -87.99386    0.00090    0.00011         22  0.000e+00
     233775   9740.583     30.061     30.259    29.4413    29.4426   5.962894   5.963190     3.1465     2.6606     100.00   25.50918  -87.99386    0.00088    0.00007         22  0.000e+00
     233776   9740.625     30.108     30.306    29.4412    29.4423   5.962894   5.963190     3.1465     2.6606     100.00   25.50918  -87.99386    0.00086    0.00004         22  0.000e+00
     233777   9740.667     30.054     30.252    29.4414    29.4426   5.962894   5.963142     3.1465     2.6606     100.00   25.50918  -87.99386    0.00083    0.00000         22  0.000e+00
     233778   9740.708     30.061     30.259    29.4410    29.4426   5.962894   5.963134     3.1465     2.6606     100.00   25.50918  -87.99386    0.00081   -0.00003         22  0.000e+00
     233779   9740.750     30.108     30.306    29.4410    29.4426   5.962934   5.963174     3.1465     2.6606     100.00   25.50918  -87.99386    0.00079   -0.00007         22  0.000e+00
     233780   9740.792     30.054     30.252    29.4416    29.4426   5.962950   5.963190     3.1465     2.6618     100.00   25.50918  -87.99386    0.00076   -0.00009         22  0.000e+00
     237156   9881.458     15.272     15.372    29.4534    29.4537   5.963764   5.963862     3.1490     2.6679     100.00   25.50958  -87.99378   -0.00059    0.00096         23  0.000e+00
     237157   9881.500     15.177     15.276    29.4538    29.4532   5.963764   5.963813     3.1490     2.6679     100.00   25.50958  -87.99378   -0.00065    0.00098         23  0.000e+00
     237158   9881.542     15.224     15.324    29.4530    29.4530   5.963724   5.963805     3.1490     2.6679     100.00   25.50958  -87.99378   -0.00070    0.00099         23  0.000e+00
     237159   9881.583     15.272     15.372    29.4534    29.4530   5.963716   5.963813     3.1502     2.6679     100.00   25.50958  -87.99378   -0.00074    0.00101         23  0.000e+00
     237160   9881.625     15.272     15.372    29.4532    29.4526   5.963716   5.963773     3.1502     2.6667     100.00   25.50958  -87.99378   -0.00077    0.00100         23  0.000e+00
     237161   9881.667     15.224     15.324    29.4536    29.4527   5.963748   5.963797     3.1502     2.6679     100.00   25.50958  -87.99378   -0.00080    0.00102         23  0.000e+00
     237162   9881.708     15.272     15.372    29.4530    29.4526   5.963692   5.963805     3.1514     2.6679     100.00   25.50958  -87.99378   -0.00082    0.00104         23  0.000e+00
     237163   9881.750     15.224     15.324    29.4532    29.4526   5.963740   5.963805     3.1514     2.6667     100.00   25.50958  -87.99378   -0.00083    0.00102         23  0.000e+00
     237164   9881.792     15.224     15.324    29.4532    29.4526   5.963724   5.963740     3.1514     2.6679     100.00   25.50958  -87.99378   -0.00085    0.00104         23  0.000e+00
     237165   9881.833     15.224     15.324    29.4530    29.4528   5.963716   5.963789     3.1514     2.6667     100.00   25.50958  -87.99378   -0.00086    0.00105         23  0.000e+00
     237166   9881.875     15.271     15.371    29.4530    29.4528   5.963748   5.963805     3.1514     2.6679     100.00   25.50958  -87.99378   -0.00088    0.00105         23  0.000e+00
     237167   9881.917     15.224     15.324    29.4530    29.4526   5.963692   5.963805     3.1514     2.6667     100.00   25.50958  -87.99378   -0.00090    0.00105         23  0.000e+00
     237168   9881.958     15.224     15.324    29.4530    29.4526   5.963740   5.963845     3.1526     2.6679     100.00   25.50958  -87.99378   -0.00090    0.00108         23  0.000e+00
     237169   9882.000     15.224     15.324    29.4530    29.4527   5.963724   5.963789     3.1526     2.6679     100.00   25.50958  -87.99378   -0.00088    0.00111         23  0.000e+00
     237170   9882.042     15.224     15.324    29.4525    29.4528   5.963716   5.963829     3.1526     2.6667     100.00   25.50958  -87.99378   -0.00088    0.00113         23  0.000e+00
     237171   9882.083     15.224     15.323    29.4534    29.4526   5.963676   5.963781     3.1526     2.6679     100.00   25.50958  -87.99378   -0.00086    0.00116         23  0.000e+00
     237172   9882.125     15.224     15.323    29.4525    29.4528   5.963668   5.963797     3.1526     2.6667     100.00   25.50958  -87.99378   -0.00085    0.00117         23  0.000e+00
     237173   9882.167     15.224     15.323    29.4528    29.4526   5.963700   5.963740     3.1526     2.6679     100.00   25.50958  -87.99378   -0.00083    0.00120         23  0.000e+00
     237174   9882.208     15.224     15.323    29.4527    29.4524   5.963676   5.963740     3.1538     2.6667     100.00   25.50958  -87.99378   -0.00080    0.00121         23  0.000e+00
     237175   9882.250     15.224     15.323    29.4528    29.4524   5.963700   5.963797     3.1538     2.6679     100.00   25.50958  -87.99378   -0.00077    0.00123         23  0.000e+00
     237176   9882.292     15.176     15.276    29.4527    29.4524   5.963644   5.963773     3.1538     2.6667     100.00   25.50958  -87.99378   -0.00072    0.00124         23  0.000e+00
     237177   9882.333     15.224     15.323    29.4525    29.4524   5.963692   5.963764     3.1538     2.6679     100.00   25.50958  -87.99378   -0.00067    0.00127         23  0.000e+00
     237178   9882.375     15.223     15.323    29.4527    29.4525   5.963676   5.963789     3.1551     2.6667     100.00   25.50958  -87.99378   -0.00060    0.00128         23  0.000e+00
     237179   9882.417     15.223     15.323    29.4530    29.4524   5.963668   5.963732     3.1551     2.6679      90.48   25.50958  -87.99378   -0.00054    0.00129         23  0.000e+00
     237180   9882.458     15.223     15.323    29.4523    29.4522   5.963700   5.963716     3.1538     2.6667      50.57   25.50958  -87.99378   -0.00049    0.00126         23  0.000e+00
     237181   9882.500     15.176     15.275    29.4530    29.4524   5.963716   5.963789     3.1538     2.6654      34.77   25.50958  -87.99378   -0.00044    0.00123         23  0.000e+00
     237182   9882.542     15.223     15.323    29.4534    29.4522   5.963716   5.963773     3.1551     2.6679      34.41   25.50958  -87.99378   -0.00038    0.00125         23  0.000e+00
     237183   9882.583     15.223     15.323    29.4527    29.4524   5.963748   5.963756     3.1551     2.6654      36.14   25.50958  -87.99378   -0.00030    0.00121         23  0.000e+00
     237184   9882.625     15.176     15.275    29.4539    29.4522   5.963764   5.963724     3.1551     2.6654      36.75   25.50958  -87.99378   -0.00022    0.00116         23  0.000e+00
     237185   9882.667     15.223     15.323    29.4534    29.4522   5.963764   5.963748     3.1538     2.6642      36.73   25.50958  -87.99378   -0.00016    0.00111         23  0.000e+00
     237186   9882.708     15.176     15.275    29.4530    29.4522   5.963796   5.963764     3.1538     2.6654      36.65   25.50958  -87.99378   -0.00009    0.00106         23  0.000e+00
     237187   9882.750     15.223     15.323    29.4532    29.4523   5.963812   5.963756     3.1538     2.6654      36.63   25.50958  -87.99378   -0.00003    0.00103         23  0.000e+00
     237188   9882.792     15.223     15.323    29.4536    29.4522   5.963772   5.963756     3.1538     2.6654      36.63   25.50958  -87.99378    0.00003    0.00098         23  0.000e+00
     237189   9882.833     15.176     15.275    29.4539    29.4524   5.963796   5.963764     3.1526     2.6654      36.63   25.50958  -87.99378    0.00008    0.00094         23  0.000e+00
     237190   9882.875     15.223     15.323    29.4534    29.4524   5.963772   5.963764     3.1526     2.6654      36.63   25.50958  -87.99378    0.00012    0.00089         23  0.000e+00
     237191   9882.917     15.176     15.275    29.4539    29.4521   5.963796   5.963789     3.1526     2.6654      36.63   25.50958  -87.99378    0.00018    0.00086         23  0.000e+00
     237192   9882.958     15.176     15.275    29.4543    29.4526   5.963812   5.963773     3.1526     2.6654      36.63   25.50958  -87.99378    0.00023    0.00082         23  0.000e+00
     237193   9883.000     15.223     15.323    29.4534    29.4524   5.963812   5.963797     3.1526     2.6654      36.63   25.50958  -87.99378    0.00028    0.00077         23  0.000e+00
     237194   9883.042     15.223     15.323    29.4534    29.4522   5.963812   5.963740     3.1526     2.6654      36.63   25.50958  -87.99378    0.00033    0.00075         23  0.000e+00
     237195   9883.083     15.175     15.275    29.4534    29.4524   5.963812   5.963708     3.1526     2.6630      36.63   25.50958  -87.99378    0.00037    0.00066         23  0.000e+00
     237196   9883.125     15.223     15.322    29.4538    29.4523   5.963844   5.963748     3.1526     2.6642      36.63   25.50958  -87.99378    0.00042    0.00061         23  0.000e+00
     237197   9883.167     15.175     15.275    29.4536    29.4521   5.963820   5.963764     3.1526     2.6642      36.63   25.50958  -87.99378    0.00047    0.00058         23  0.000e+00
     237198   9883.208     15.223     15.322    29.4538    29.4522   5.963812   5.963764     3.1538     2.6630      36.63   25.50958  -87.99378    0.00054    0.00049         23  0.000e+00
     237199   9883.250     15.223     15.322    29.4538    29.4522   5.963812   5.963756     3.1526     2.6630      36.63   25.50958  -87.99378    0.00057    0.00040         23  0.000e+00
     237200   9883.292     15.168     15.268    29.4538    29.4521   5.963844   5.963756     3.1526     2.6654      36.63   25.50958  -87.99378    0.00060    0.00038         23  0.000e+00
     237201   9883.333     15.223     15.322    29.4538    29.4522   5.963820   5.963797     3.1526     2.6630      36.63   25.50958  -87.99378    0.00063    0.00033         23  0.000e+00
     237202   9883.375     15.175     15.275    29.4538    29.4526   5.963812   5.963773     3.1526     2.6642      37.00   25.50958  -87.99378    0.00064    0.00026         23  0.000e+00
     237203   9883.417     15.270     15.370    29.4534    29.4524   5.963772   5.963837     3.1526     2.6630      73.72   25.50958  -87.99378    0.00067    0.00019         23  0.000e+00
     237204   9883.458     15.175     15.274    29.4534    29.4527   5.963764   5.963853     3.1538     2.6630      99.07   25.50958  -87.99378    0.00072    0.00014         23  0.000e+00
     237205   9883.500     15.270     15.370    29.4532    29.4526   5.963764   5.963781     3.1526     2.6630     100.00   25.50958  -87.99378    0.00073    0.00005         23  0.000e+00
     237206   9883.542     15.175     15.274    29.4534    29.4524   5.963724   5.963797     3.1526     2.6642     100.00   25.50958  -87.99378    0.00076   -0.00002         23  0.000e+00
     237207   9883.583     15.222     15.322    29.4534    29.4524   5.963748   5.963845     3.1526     2.6630     100.00   25.50958  -87.99378    0.00077   -0.00009         23  0.000e+00
