Gulf of Mexico/GOMECC-4/1db/rb2103_0361.ros
* Sea-Bird SBE 9 Data File:
* FileName = C:\Users\scs.user.rb\CTD\GOMECC4\data\rb2103_0361.hex
* Software Version Seasave V 7.26.7.107
* Temperature SN = 4799
* Conductivity SN = 3860
* Number of Bytes Per Scan = 41
* Number of Voltage Words = 4
* Number of Scans Averaged by the Deck Unit = 1
* NMEA Latitude = 28 20.83 N
* NMEA Longitude = 087 59.99 W
* NMEA UTC (Time) = Sep 24 2021  17:05:11
* NMEA baud rate = 4800
# nquan = 17
# nvalues = 2793                                  
# units = specified
# name 0 = scan: Scan Count
# name 1 = timeS: Time, Elapsed [seconds]
# name 2 = depSM: Depth [salt water, m]
# name 3 = prDM: Pressure, Digiquartz [db]
# name 4 = t090C: Temperature [ITS-90, deg C]
# name 5 = t190C: Temperature, 2 [ITS-90, deg C]
# name 6 = c0S/m: Conductivity [S/m]
# name 7 = c1S/m: Conductivity, 2 [S/m]
# name 8 = sbeox0V: Oxygen raw, SBE 43 [V]
# name 9 = sbeox1V: Oxygen raw, SBE 43, 2 [V]
# name 10 = altM: Altimeter [m]
# name 11 = latitude: Latitude [deg]
# name 12 = longitude: Longitude [deg]
# name 13 = sbox0dV/dT: Oxygen, SBE 43 [dov/dt]
# name 14 = sbox1dV/dT: Oxygen, SBE 43, 2 [dov/dt]
# name 15 = nbf: Bottles Fired
# name 16 = flag:  0.000e+00
# interval = seconds: 0.0416667
# start_time = Sep 24 2021 17:05:11 [NMEA time, header]
# bad_flag = -9.990e-29
*END*
[from data line 2298]
     179753   7489.667     30.132     30.336    29.0275    29.0423   5.833608   5.835228     2.8425     2.3919     100.00   28.34792  -88.00104    0.00192   -0.00059         18  0.000e+00
     179754   7489.708     30.154     30.359    29.0290    29.0432   5.833719   5.835340     2.8425     2.3932     100.00   28.34792  -88.00104    0.00194   -0.00046         18  0.000e+00
     179755   7489.750     30.215     30.420    29.0297    29.0430   5.833877   5.835276     2.8425     2.3932     100.00   28.34792  -88.00104    0.00198   -0.00033         18  0.000e+00
     179756   7489.792     30.154     30.359    29.0305    29.0419   5.833940   5.835204     2.8425     2.3932     100.00   28.34794  -88.00104    0.00201   -0.00018         18  0.000e+00
     179757   7489.833     30.215     30.420    29.0317    29.0430   5.834059   5.835300     2.8425     2.3932     100.00   28.34794  -88.00104    0.00204   -0.00004         18  0.000e+00
     179758   7489.875     30.154     30.359    29.0333    29.0467   5.834177   5.835629     2.8413     2.3919     100.00   28.34794  -88.00104    0.00205    0.00009         18  0.000e+00
     179759   7489.917     30.154     30.359    29.0348    29.0504   5.834336   5.835933     2.8413     2.3932     100.00   28.34794  -88.00104    0.00206    0.00023         18  0.000e+00
     179760   7489.958     30.245     30.451    29.0359    29.0519   5.834454   5.836062     2.8425     2.3932     100.00   28.34794  -88.00104    0.00207    0.00037         18  0.000e+00
     179761   7490.000     30.154     30.359    29.0363    29.0521   5.834525   5.836062     2.8425     2.3932     100.00   28.34794  -88.00104    0.00209    0.00050         18  0.000e+00
     179762   7490.042     30.215     30.420    29.0357    29.0515   5.834494   5.835982     2.8425     2.3932     100.00   28.34794  -88.00104    0.00211    0.00064         18  0.000e+00
     179763   7490.083     30.154     30.359    29.0356    29.0495   5.834407   5.835853     2.8425     2.3932     100.00   28.34794  -88.00104    0.00213    0.00076         18  0.000e+00
     179764   7490.125     30.154     30.359    29.0352    29.0467   5.834399   5.835677     2.8425     2.3932     100.00   28.34794  -88.00104    0.00215    0.00088         18  0.000e+00
     179765   7490.167     30.215     30.420    29.0353    29.0458   5.834494   5.835557     2.8425     2.3919     100.00   28.34794  -88.00104    0.00216    0.00099         18  0.000e+00
     179766   7490.208     30.245     30.451    29.0359    29.0456   5.834454   5.835549     2.8425     2.3919     100.00   28.34794  -88.00104    0.00218    0.00111         18  0.000e+00
     179767   7490.250     30.154     30.359    29.0355    29.0449   5.834446   5.835501     2.8425     2.3919     100.00   28.34794  -88.00104    0.00220    0.00121         18  0.000e+00
     179768   7490.292     30.215     30.420    29.0356    29.0441   5.834431   5.835517     2.8425     2.3907      99.34   28.34794  -88.00104    0.00221    0.00130         18  0.000e+00
     179769   7490.333     30.215     30.420    29.0364    29.0443   5.834533   5.835460     2.8425     2.3919      59.90   28.34794  -88.00104    0.00220    0.00140         18  0.000e+00
     179770   7490.375     30.154     30.359    29.0376    29.0430   5.834620   5.835364     2.8425     2.3907      32.72   28.34794  -88.00104    0.00221    0.00148         18  0.000e+00
     179771   7490.417     30.215     30.420    29.0379    29.0395   5.834660   5.835044     2.8437     2.3907      28.33   28.34794  -88.00104    0.00222    0.00156         18  0.000e+00
     179772   7490.458     30.215     30.420    29.0378    29.0351   5.834668   5.834731     2.8437     2.3907      30.35   28.34794  -88.00104    0.00224    0.00163         18  0.000e+00
     179773   7490.500     30.185     30.390    29.0377    29.0326   5.834715   5.834450     2.8425     2.3919      31.65   28.34794  -88.00104    0.00224    0.00171         18  0.000e+00
     179774   7490.542     30.215     30.420    29.0374    29.0314   5.834715   5.834346     2.8425     2.3907      31.84   28.34794  -88.00104    0.00223    0.00177         18  0.000e+00
     179775   7490.583     30.215     30.420    29.0382    29.0317   5.834715   5.834514     2.8437     2.3907      31.72   28.34794  -88.00104    0.00222    0.00183         18  0.000e+00
     179776   7490.625     30.215     30.420    29.0381    29.0362   5.834802   5.834787     2.8437     2.3907      31.67   28.34794  -88.00104    0.00221    0.00190         18  0.000e+00
     179777   7490.667     30.215     30.420    29.0389    29.0400   5.834850   5.835148     2.8437     2.3907      31.67   28.34794  -88.00104    0.00222    0.00196         18  0.000e+00
     179778   7490.708     30.154     30.359    29.0392    29.0425   5.834858   5.835412     2.8437     2.3907      31.67   28.34794  -88.00104    0.00222    0.00200         18  0.000e+00
     179779   7490.750     30.245     30.451    29.0392    29.0447   5.834874   5.835549     2.8437     2.3907      31.67   28.34794  -88.00104    0.00222    0.00204         18  0.000e+00
     179780   7490.792     30.215     30.420    29.0396    29.0469   5.834929   5.835653     2.8437     2.3907      31.67   28.34794  -88.00104    0.00222    0.00208         18  0.000e+00
     179781   7490.833     30.154     30.359    29.0404    29.0475   5.835024   5.835709     2.8437     2.3907      31.67   28.34794  -88.00104    0.00221    0.00212         18  0.000e+00
     179782   7490.875     30.215     30.420    29.0406    29.0476   5.834992   5.835653     2.8437     2.3907      31.65   28.34794  -88.00104    0.00220    0.00216         18  0.000e+00
     179783   7490.917     30.268     30.473    29.0409    29.0465   5.834921   5.835589     2.8437     2.3919      31.67   28.34794  -88.00104    0.00219    0.00221         18  0.000e+00
     179784   7490.958     30.215     30.420    29.0397    29.0426   5.834905   5.835308     2.8437     2.3919      31.67   28.34794  -88.00104    0.00218    0.00227         18  0.000e+00
     179785   7491.000     30.154     30.359    29.0390    29.0373   5.834810   5.834875     2.8437     2.3907      31.67   28.34794  -88.00104    0.00217    0.00228         18  0.000e+00
     179786   7491.042     30.245     30.451    29.0382    29.0340   5.834731   5.834659     2.8437     2.3919      31.67   28.34794  -88.00104    0.00215    0.00233         18  0.000e+00
     179787   7491.083     30.215     30.420    29.0380    29.0323   5.834676   5.834514     2.8437     2.3919      31.67   28.34794  -88.00104    0.00213    0.00236         18  0.000e+00
     179788   7491.125     30.154     30.359    29.0376    29.0304   5.834644   5.834410     2.8425     2.3919      31.65   28.34794  -88.00104    0.00210    0.00239         18  0.000e+00
     179789   7491.167     30.215     30.420    29.0373    29.0321   5.834549   5.834563     2.8425     2.3919      31.67   28.34794  -88.00104    0.00208    0.00244         18  0.000e+00
     179790   7491.208     30.215     30.420    29.0372    29.0354   5.834525   5.834867     2.8425     2.3919      31.67   28.34794  -88.00104    0.00204    0.00248         18  0.000e+00
     179791   7491.250     30.215     30.420    29.0366    29.0382   5.834502   5.835124     2.8425     2.3919      31.67   28.34794  -88.00104    0.00201    0.00251         18  0.000e+00
     179792   7491.292     30.185     30.390    29.0365    29.0417   5.834446   5.835332     2.8425     2.3919      49.67   28.34794  -88.00104    0.00196    0.00255         18  0.000e+00
     179793   7491.333     30.215     30.420    29.0355    29.0441   5.834407   5.835493     2.8437     2.3919      89.50   28.34794  -88.00104    0.00195    0.00257         18  0.000e+00
     179794   7491.375     30.215     30.420    29.0347    29.0462   5.834423   5.835605     2.8437     2.3932     100.00   28.34794  -88.00104    0.00193    0.00262         18  0.000e+00
     179795   7491.417     30.215     30.420    29.0351    29.0462   5.834391   5.835629     2.8437     2.3919     100.00   28.34794  -88.00104    0.00191    0.00264         18  0.000e+00
     179796   7491.458     30.215     30.420    29.0352    29.0465   5.834359   5.835629     2.8425     2.3932     100.00   28.34794  -88.00104    0.00187    0.00268         18  0.000e+00
     179797   7491.500     30.154     30.359    29.0349    29.0467   5.834264   5.835645     2.8425     2.3919     100.00   28.34794  -88.00104    0.00183    0.00269         18  0.000e+00
     179798   7491.542     30.215     30.420    29.0343    29.0469   5.834169   5.835669     2.8425     2.3932      99.98   28.34794  -88.00104    0.00179    0.00272         18  0.000e+00
     179799   7491.583     30.185     30.390    29.0338    29.0467   5.834154   5.835677     2.8425     2.3932     100.00   28.34794  -88.00104    0.00175    0.00275         18  0.000e+00
     179800   7491.625     30.215     30.420    29.0330    29.0460   5.834114   5.835605     2.8425     2.3932     100.00   28.34794  -88.00104    0.00170    0.00276         18  0.000e+00
     179801   7491.667     30.215     30.420    29.0325    29.0458   5.834051   5.835581     2.8425     2.3919     100.00   28.34794  -88.00104    0.00166    0.00274         18  0.000e+00
     179802   7491.708     30.215     30.420    29.0326    29.0464   5.834019   5.835629     2.8437     2.3932     100.00   28.34794  -88.00104    0.00163    0.00275         18  0.000e+00
     179803   7491.750     30.154     30.359    29.0324    29.0473   5.834035   5.835629     2.8425     2.3932     100.00   28.34794  -88.00104    0.00159    0.00275         18  0.000e+00
     179804   7491.792     30.215     30.420    29.0323    29.0469   5.834043   5.835629     2.8425     2.3932     100.00   28.34794  -88.00104    0.00156    0.00275         18  0.000e+00
     179805   7491.833     30.185     30.390    29.0321    29.0469   5.834019   5.835629     2.8425     2.3932     100.00   28.34794  -88.00104    0.00150    0.00274         18  0.000e+00
     179806   7491.875     30.215     30.420    29.0321    29.0471   5.833964   5.835629     2.8437     2.3932     100.00   28.34794  -88.00104    0.00147    0.00272         18  0.000e+00
     179807   7491.917     30.154     30.359    29.0321    29.0469   5.833980   5.835589     2.8437     2.3932     100.00   28.34794  -88.00104    0.00143    0.00269         18  0.000e+00
     179808   7491.958     30.215     30.420    29.0320    29.0465   5.834043   5.835597     2.8437     2.3944     100.00   28.34794  -88.00104    0.00140    0.00268         18  0.000e+00
     179809   7492.000     30.154     30.359    29.0321    29.0460   5.834090   5.835581     2.8437     2.3932     100.00   28.34794  -88.00104    0.00138    0.00265         18  0.000e+00
     179810   7492.042     30.215     30.420    29.0329    29.0458   5.834130   5.835509     2.8437     2.3944     100.00   28.34794  -88.00104    0.00135    0.00263         18  0.000e+00
     179811   7492.083     30.154     30.359    29.0332    29.0449   5.834146   5.835444     2.8437     2.3944     100.00   28.34794  -88.00104    0.00132    0.00261         18  0.000e+00
     179812   7492.125     30.185     30.390    29.0338    29.0445   5.834225   5.835396     2.8437     2.3944     100.00   28.34794  -88.00104    0.00129    0.00258         18  0.000e+00
     179813   7492.167     30.215     30.420    29.0345    29.0439   5.834280   5.835420     2.8437     2.3944     100.00   28.34794  -88.00104    0.00125    0.00255         18  0.000e+00
     179814   7492.208     30.154     30.359    29.0353    29.0434   5.834304   5.835348     2.8437     2.3944     100.00   28.34794  -88.00104    0.00122    0.00252         18  0.000e+00
     179815   7492.250     30.154     30.359    29.0354    29.0428   5.834256   5.835300     2.8437     2.3944     100.00   28.34794  -88.00104    0.00118    0.00249         18  0.000e+00
     179816   7492.292     30.215     30.420    29.0357    29.0425   5.834272   5.835220     2.8437     2.3944     100.00   28.34794  -88.00104    0.00114    0.00245         18  0.000e+00
     179817   7492.333     30.154     30.359    29.0350    29.0414   5.834336   5.835156     2.8437     2.3944     100.00   28.34794  -88.00104    0.00112    0.00239         18  0.000e+00
     179818   7492.375     30.185     30.390    29.0355    29.0408   5.834407   5.835108     2.8425     2.3944     100.00   28.34794  -88.00104    0.00108    0.00235         18  0.000e+00
     179819   7492.417     30.215     30.420    29.0365    29.0410   5.834533   5.835100     2.8425     2.3944     100.00   28.34794  -88.00104    0.00104    0.00228         18  0.000e+00
     179820   7492.458     30.154     30.359    29.0373    29.0417   5.834620   5.835196     2.8425     2.3944     100.00   28.34794  -88.00104    0.00099    0.00221         18  0.000e+00
     179821   7492.500     30.154     30.359    29.0372    29.0428   5.834620   5.835236     2.8425     2.3944     100.00   28.34794  -88.00104    0.00095    0.00216         18  0.000e+00
     179822   7492.542     30.154     30.359    29.0390    29.0432   5.834692   5.835316     2.8437     2.3932     100.00   28.34794  -88.00104    0.00092    0.00208         18  0.000e+00
     179823   7492.583     30.154     30.359    29.0418    29.0434   5.834802   5.835340     2.8437     2.3932     100.00   28.34794  -88.00104    0.00089    0.00201         18  0.000e+00
     179824   7492.625     30.185     30.390    29.0431    29.0426   5.834960   5.835300     2.8425     2.3932     100.00   28.34794  -88.00104    0.00084    0.00193         18  0.000e+00
     179825   7492.667     30.154     30.359    29.0434    29.0419   5.835079   5.835148     2.8425     2.3932     100.00   28.34794  -88.00104    0.00081    0.00186         18  0.000e+00
     179826   7492.708     30.215     30.420    29.0438    29.0400   5.835111   5.835052     2.8425     2.3932     100.00   28.34794  -88.00104    0.00076    0.00179         18  0.000e+00
     179827   7492.750     30.154     30.359    29.0440    29.0390   5.835071   5.834939     2.8425     2.3932     100.00   28.34794  -88.00104    0.00073    0.00172         18  0.000e+00
     179828   7492.792     30.154     30.359    29.0442    29.0382   5.835087   5.834907     2.8425     2.3932     100.00   28.34794  -88.00104    0.00068    0.00165         18  0.000e+00
     179829   7492.833     30.154     30.359    29.0442    29.0376   5.835111   5.834835     2.8425     2.3932     100.00   28.34794  -88.00104    0.00064    0.00157         18  0.000e+00
     179830   7492.875     30.154     30.359    29.0440    29.0380   5.835071   5.834883     2.8425     2.3932     100.00   28.34794  -88.00104    0.00060    0.00151         18  0.000e+00
     179831   7492.917     30.185     30.390    29.0440    29.0388   5.835127   5.834939     2.8425     2.3932     100.00   28.34794  -88.00104    0.00057    0.00145         18  0.000e+00
     179832   7492.958     30.154     30.359    29.0442    29.0391   5.835158   5.834987     2.8425     2.3944     100.00   28.34794  -88.00104    0.00053    0.00140         18  0.000e+00
     179833   7493.000     30.154     30.359    29.0442    29.0393   5.835150   5.835027     2.8413     2.3944     100.00   28.34794  -88.00104    0.00048    0.00135         18  0.000e+00
     179834   7493.042     30.154     30.359    29.0440    29.0397   5.835150   5.835043     2.8425     2.3944     100.00   28.34794  -88.00104    0.00044    0.00130         18  0.000e+00
     179835   7493.083     30.154     30.359    29.0437    29.0395   5.835127   5.834979     2.8413     2.3944     100.00   28.34794  -88.00104    0.00038    0.00125         18  0.000e+00
     179836   7493.125     30.154     30.359    29.0440    29.0397   5.835142   5.834987     2.8413     2.3944     100.00   28.34794  -88.00104    0.00032    0.00121         18  0.000e+00
