Gulf of Mexico/GOMECC-4/1db/rb2103_0691.ros
* Sea-Bird SBE 9 Data File:
* FileName = C:\Users\scs.user.rb\CTD\GOMECC4\data\rb2103_0691.hex
* Software Version Seasave V 7.26.7.107
* Temperature SN = 4799
* Conductivity SN = 3860
* Number of Bytes Per Scan = 41
* Number of Voltage Words = 4
* Number of Scans Averaged by the Deck Unit = 1
* NMEA Latitude = 26 03.53 N
* NMEA Longitude = 095 07.24 W
* NMEA UTC (Time) = Oct 03 2021  11:22:54
* NMEA baud rate = 4800
# nquan = 17
# nvalues = 2926                                  
# units = specified
# name 0 = scan: Scan Count
# name 1 = timeS: Time, Elapsed [seconds]
# name 2 = depSM: Depth [salt water, m]
# name 3 = prDM: Pressure, Digiquartz [db]
# name 4 = t090C: Temperature [ITS-90, deg C]
# name 5 = t190C: Temperature, 2 [ITS-90, deg C]
# name 6 = c0S/m: Conductivity [S/m]
# name 7 = c1S/m: Conductivity, 2 [S/m]
# name 8 = sbeox0V: Oxygen raw, SBE 43 [V]
# name 9 = sbeox1V: Oxygen raw, SBE 43, 2 [V]
# name 10 = altM: Altimeter [m]
# name 11 = latitude: Latitude [deg]
# name 12 = longitude: Longitude [deg]
# name 13 = sbox0dV/dT: Oxygen, SBE 43 [dov/dt]
# name 14 = sbox1dV/dT: Oxygen, SBE 43, 2 [dov/dt]
# name 15 = nbf: Bottles Fired
# name 16 = flag:  0.000e+00
# interval = seconds: 0.0416667
# start_time = Oct 03 2021 11:22:54 [NMEA time, header]
# bad_flag = -9.990e-29
*END*
[from data line 1362]
     116489   4853.667    496.221    500.074     9.5363     9.5373   3.802823   3.802970     1.5739     1.2772     100.00   26.05884  -95.12068    0.00010 -7.726e-12         11  0.000e+00
     116490   4853.708    496.118    499.971     9.5363     9.5374   3.802823   3.802903     1.5739     1.2772     100.00   26.05884  -95.12068    0.00011 -7.210e-12         11  0.000e+00
     116491   4853.750    496.166    500.019     9.5361     9.5372   3.802790   3.802903     1.5739     1.2772     100.00   26.05884  -95.12068    0.00011 -7.726e-12         11  0.000e+00
     116492   4853.792    496.221    500.074     9.5356     9.5374   3.802783   3.802923     1.5739     1.2772     100.00   26.05884  -95.12068    0.00012 -8.241e-12         11  0.000e+00
     116493   4853.833    496.119    499.971     9.5354     9.5373   3.802783   3.802970     1.5739     1.2772     100.00   26.05884  -95.12068    0.00012 -7.210e-12         11  0.000e+00
     116494   4853.875    496.166    500.019     9.5356     9.5376   3.802783   3.803004     1.5739     1.2772     100.00   26.05884  -95.12068    0.00013 -6.695e-12         11  0.000e+00
     116495   4853.917    496.167    500.020     9.5356     9.5379   3.802763   3.802997     1.5739     1.2772     100.00   26.05884  -95.12068    0.00013 -6.180e-12         11  0.000e+00
     116496   4853.958    496.167    500.020     9.5356     9.5377   3.802777   3.802984     1.5739     1.2772     100.00   26.05884  -95.12068    0.00014 -5.150e-12         11  0.000e+00
     116497   4854.000    496.119    499.971     9.5358     9.5379   3.802783   3.802984     1.5739     1.2772     100.00   26.05884  -95.12068    0.00014 -6.180e-12         11  0.000e+00
     116498   4854.042    496.167    500.020     9.5356     9.5379   3.802810   3.803004     1.5739     1.2772     100.00   26.05884  -95.12068    0.00014 -6.180e-12         11  0.000e+00
     116499   4854.083    496.119    499.972     9.5361     9.5383   3.802823   3.803024     1.5739     1.2772     100.00   26.05884  -95.12068    0.00014 -6.180e-12         11  0.000e+00
     116500   4854.125    496.167    500.020     9.5359     9.5384   3.802843   3.803044     1.5739     1.2772     100.00   26.05884  -95.12068    0.00015 -6.695e-12         11  0.000e+00
     116501   4854.167    496.119    499.972     9.5361     9.5383   3.802856   3.803024     1.5726     1.2772     100.00   26.05884  -95.12068    0.00013 -7.210e-12         11  0.000e+00
     116502   4854.208    496.119    499.972     9.5361     9.5383   3.802797   3.803038     1.5726     1.2772     100.00   26.05884  -95.12068    0.00012 -6.180e-12         11  0.000e+00
     116503   4854.250    496.119    499.972     9.5359     9.5383   3.802810   3.803031     1.5726     1.2772     100.00   26.05884  -95.12068    0.00010 -7.210e-12         11  0.000e+00
     116504   4854.292    496.119    499.972     9.5359     9.5379   3.802823   3.802991     1.5739     1.2772     100.00   26.05884  -95.12068    0.00010 -6.695e-12         11  0.000e+00
     116505   4854.333    496.167    500.020     9.5359     9.5377   3.802823   3.802984     1.5726     1.2772     100.00   26.05884  -95.12068    0.00009 -5.665e-12         11  0.000e+00
     116506   4854.375    496.072    499.924     9.5359     9.5377   3.802790   3.803004     1.5739     1.2772     100.00   26.05884  -95.12068    0.00011 -7.210e-12         11  0.000e+00
     116507   4854.417    496.120    499.972     9.5361     9.5376   3.802810   3.802977     1.5739     1.2772     100.00   26.05884  -95.12068    0.00011 -6.695e-12         11  0.000e+00
     116508   4854.458    496.120    499.972     9.5363     9.5376   3.802843   3.802977     1.5739     1.2772     100.00   26.05884  -95.12068    0.00011 -8.241e-12         11  0.000e+00
     116509   4854.500    496.072    499.924     9.5363     9.5379   3.802876   3.802984     1.5726     1.2772     100.00   26.05884  -95.12068    0.00009 -7.210e-12         11  0.000e+00
     116510   4854.542    496.120    499.972     9.5365     9.5379   3.802889   3.803004     1.5739     1.2772     100.00   26.05884  -95.12068    0.00009 -7.210e-12         11  0.000e+00
     116511   4854.583    496.120    499.972     9.5367     9.5381   3.802909   3.803051     1.5726     1.2772     100.00   26.05884  -95.12068    0.00009 -8.241e-12         11  0.000e+00
     116512   4854.625    496.120    499.972     9.5367     9.5384   3.802942   3.803051     1.5726     1.2772     100.00   26.05884  -95.12068    0.00009 -7.210e-12         11  0.000e+00
     116513   4854.667    496.072    499.924     9.5371     9.5389   3.802956   3.803098     1.5726     1.2772     100.00   26.05884  -95.12068    0.00008 -6.695e-12         11  0.000e+00
     116514   4854.708    496.120    499.973     9.5374     9.5392   3.802956   3.803118     1.5726     1.2772     100.00   26.05884  -95.12068    0.00006 -7.726e-12         11  0.000e+00
     116515   4854.750    496.072    499.925     9.5377     9.5394   3.803029   3.803098     1.5739     1.2772     100.00   26.05884  -95.12068    0.00006 -7.210e-12         11  0.000e+00
     116516   4854.792    496.072    499.925     9.5381     9.5394   3.803055   3.803138     1.5739     1.2772     100.00   26.05886  -95.12068    0.00006 -6.695e-12         11  0.000e+00
     116517   4854.833    496.120    499.973     9.5381     9.5397   3.803075   3.803172     1.5739     1.2772     100.00   26.05886  -95.12068    0.00006 -7.726e-12         11  0.000e+00
     116518   4854.875    496.073    499.925     9.5382     9.5397   3.803062   3.803165     1.5739     1.2772     100.00   26.05886  -95.12068    0.00008 -6.695e-12         11  0.000e+00
     116519   4854.917    496.066    499.918     9.5384     9.5397   3.803002   3.803205     1.5739     1.2772     100.00   26.05886  -95.12068    0.00010 -8.241e-12         11  0.000e+00
     116520   4854.958    496.073    499.925     9.5381     9.5401   3.802989   3.803192     1.5739     1.2772     100.00   26.05886  -95.12068    0.00012 -7.726e-12         11  0.000e+00
     116521   4855.000    496.121    499.973     9.5377     9.5401   3.802962   3.803158     1.5739     1.2772     100.00   26.05886  -95.12068    0.00012 -6.695e-12         11  0.000e+00
     116522   4855.042    496.073    499.925     9.5373     9.5401   3.802903   3.803185     1.5739     1.2772     100.00   26.05886  -95.12068    0.00012 -7.726e-12         11  0.000e+00
     116523   4855.083    496.066    499.918     9.5373     9.5399   3.802889   3.803185     1.5739     1.2772     100.00   26.05886  -95.12068    0.00012 -7.210e-12         11  0.000e+00
     116524   4855.125    496.073    499.925     9.5367     9.5397   3.802889   3.803185     1.5739     1.2772     100.00   26.05886  -95.12068    0.00012 -6.695e-12         11  0.000e+00
     116525   4855.167    496.073    499.925     9.5369     9.5394   3.802889   3.803105     1.5739     1.2784     100.00   26.05886  -95.12068    0.00012    0.00002         11  0.000e+00
     116526   4855.208    496.066    499.919     9.5366     9.5392   3.802909   3.803091     1.5726     1.2772     100.00   26.05886  -95.12068    0.00010    0.00002         11  0.000e+00
     116527   4855.250    496.073    499.925     9.5366     9.5387   3.802896   3.803058     1.5739     1.2772     100.00   26.05886  -95.12068    0.00011    0.00002         11  0.000e+00
     116528   4855.292    496.121    499.974     9.5365     9.5386   3.802909   3.803051     1.5739     1.2772     100.00   26.05886  -95.12068    0.00013    0.00002         11  0.000e+00
     116529   4855.333    496.019    499.871     9.5366     9.5387   3.802923   3.803051     1.5739     1.2772     100.00   26.05886  -95.12068    0.00015    0.00002         11  0.000e+00
     116530   4855.375    496.121    499.974     9.5367     9.5389   3.802870   3.803085     1.5739     1.2772     100.00   26.05886  -95.12068    0.00014    0.00002         11  0.000e+00
     116531   4855.417    496.074    499.926     9.5366     9.5387   3.802856   3.803058     1.5726     1.2772     100.00   26.05886  -95.12068    0.00012    0.00002         11  0.000e+00
     116532   4855.458    496.074    499.926     9.5366     9.5389   3.802856   3.803071     1.5726     1.2772     100.00   26.05886  -95.12068    0.00011    0.00001         11  0.000e+00
     116533   4855.500    496.067    499.919     9.5365     9.5389   3.802856   3.803085     1.5726     1.2772     100.00   26.05886  -95.12068    0.00009    0.00001         11  0.000e+00
     116534   4855.542    496.122    499.974     9.5366     9.5387   3.802876   3.803064     1.5726     1.2772     100.00   26.05886  -95.12068    0.00008    0.00001         11  0.000e+00
     116535   4855.583    496.019    499.871     9.5366     9.5389   3.802889   3.803105     1.5726     1.2772     100.00   26.05886  -95.12068    0.00008    0.00001         11  0.000e+00
     116536   4855.625    496.122    499.974     9.5367     9.5386   3.802909   3.803064     1.5726     1.2772     100.00   26.05886  -95.12068    0.00008    0.00001         11  0.000e+00
     116537   4855.667    496.067    499.919     9.5367     9.5386   3.802923   3.803051     1.5726     1.2772     100.00   26.05886  -95.12068    0.00006    0.00001         11  0.000e+00
     116538   4855.708    496.122    499.975     9.5365     9.5383   3.802870   3.803031     1.5726     1.2772     100.00   26.05886  -95.12068    0.00006    0.00001         11  0.000e+00
     116539   4855.750    496.074    499.926     9.5363     9.5381   3.802856   3.802991     1.5726     1.2772     100.00   26.05886  -95.12068    0.00006    0.00001         11  0.000e+00
     116540   4855.792    496.068    499.920     9.5363     9.5383   3.802777   3.803004     1.5726     1.2772     100.00   26.05886  -95.12068    0.00006    0.00001         11  0.000e+00
     116541   4855.833    496.074    499.927     9.5359     9.5381   3.802750   3.802997     1.5726     1.2772     100.00   26.05886  -95.12068    0.00006    0.00001         11  0.000e+00
     116542   4855.875    496.122    499.975     9.5363     9.5379   3.802803   3.803011     1.5726     1.2784     100.00   26.05886  -95.12068    0.00006    0.00003         11  0.000e+00
     116543   4855.917    496.075    499.927     9.5358     9.5377   3.802823   3.802964     1.5726     1.2772     100.00   26.05886  -95.12068    0.00005    0.00003         11  0.000e+00
     116544   4855.958    496.122    499.975     9.5359     9.5379   3.802790   3.802970     1.5726     1.2772     100.00   26.05886  -95.12068    0.00003    0.00003         11  0.000e+00
     116545   4856.000    496.122    499.975     9.5358     9.5377   3.802757   3.802964     1.5739     1.2772     100.00   26.05886  -95.12068    0.00003    0.00003         11  0.000e+00
     116546   4856.042    496.075    499.927     9.5358     9.5374   3.802777   3.802923     1.5726     1.2772     100.00   26.05886  -95.12068    0.00002    0.00003         11  0.000e+00
     116547   4856.083    496.123    499.975     9.5359     9.5376   3.802810   3.802917     1.5726     1.2772     100.00   26.05886  -95.12068   -0.00000    0.00003         11  0.000e+00
     116548   4856.125    496.123    499.975     9.5359     9.5376   3.802763   3.802917     1.5726     1.2772     100.00   26.05886  -95.12068   -0.00002    0.00002         11  0.000e+00
     116549   4856.167    496.123    499.975     9.5361     9.5374   3.802830   3.802950     1.5739     1.2772     100.00   26.05886  -95.12068   -0.00002    0.00002         11  0.000e+00
     116550   4856.208    496.075    499.927     9.5361     9.5374   3.802830   3.802923     1.5739     1.2772     100.00   26.05886  -95.12068   -0.00002    0.00002         11  0.000e+00
     116551   4856.250    496.123    499.976     9.5359     9.5374   3.802823   3.802917     1.5739     1.2772     100.00   26.05886  -95.12068   -0.00002    0.00002         11  0.000e+00
     116552   4856.292    496.171    500.024     9.5363     9.5376   3.802823   3.802917     1.5726     1.2772     100.00   26.05886  -95.12068   -0.00004    0.00002         11  0.000e+00
     116553   4856.333    496.075    499.928     9.5358     9.5376   3.802790   3.802923     1.5726     1.2772     100.00   26.05886  -95.12068   -0.00005    0.00002         11  0.000e+00
     116554   4856.375    496.123    499.976     9.5359     9.5372   3.802783   3.802944     1.5739     1.2772     100.00   26.05886  -95.12068   -0.00005    0.00002         11  0.000e+00
     116555   4856.417    496.171    500.024     9.5356     9.5374   3.802810   3.802923     1.5739     1.2772     100.00   26.05886  -95.12068   -0.00005    0.00002         11  0.000e+00
     116556   4856.458    496.123    499.976     9.5356     9.5374   3.802763   3.802937     1.5726     1.2772     100.00   26.05886  -95.12068   -0.00007    0.00002         11  0.000e+00
     116557   4856.500    496.123    499.976     9.5359     9.5374   3.802830   3.802930     1.5739     1.2772     100.00   26.05886  -95.12068   -0.00006    0.00002         11  0.000e+00
     116558   4856.542    496.171    500.024     9.5358     9.5374   3.802830   3.802917     1.5739     1.2772     100.00   26.05886  -95.12068   -0.00006    0.00002         11  0.000e+00
     116559   4856.583    496.124    499.976     9.5359     9.5373   3.802843   3.802917     1.5739     1.2772     100.00   26.05886  -95.12068   -0.00004    0.00002         11  0.000e+00
     116560   4856.625    496.171    500.024     9.5365     9.5374   3.802856   3.802917     1.5739     1.2772     100.00   26.05886  -95.12068   -0.00004    0.00002         11  0.000e+00
     116561   4856.667    496.172    500.025     9.5365     9.5376   3.802876   3.802950     1.5739     1.2772     100.00   26.05886  -95.12068   -0.00003    0.00002         11  0.000e+00
     116562   4856.708    496.124    499.977     9.5366     9.5371   3.802909   3.802903     1.5739     1.2772     100.00   26.05886  -95.12068   -0.00001    0.00001         11  0.000e+00
     116563   4856.750    496.172    500.025     9.5365     9.5374   3.802923   3.802883     1.5726     1.2772     100.00   26.05886  -95.12068   -0.00001    0.00001         11  0.000e+00
     116564   4856.792    496.172    500.025     9.5366     9.5371   3.802870   3.802903     1.5726     1.2772     100.00   26.05886  -95.12068   -0.00001    0.00001         11  0.000e+00
     116565   4856.833    496.172    500.025     9.5358     9.5368   3.802830   3.802923     1.5726     1.2772     100.00   26.05886  -95.12068   -0.00002    0.00001         11  0.000e+00
     116566   4856.875    496.172    500.025     9.5356     9.5372   3.802764   3.802890     1.5726     1.2772     100.00   26.05886  -95.12068   -0.00002    0.00001         11  0.000e+00
     116567   4856.917    496.172    500.025     9.5356     9.5370   3.802770   3.802856     1.5739     1.2772     100.00   26.05886  -95.12068   -0.00002    0.00001         11  0.000e+00
     116568   4856.958    496.172    500.025     9.5358     9.5369   3.802810   3.802850     1.5726     1.2772     100.00   26.05886  -95.12068   -0.00003    0.00001         11  0.000e+00
     116569   4857.000    496.227    500.080     9.5359     9.5366   3.802790   3.802782     1.5726     1.2759     100.00   26.05886  -95.12068   -0.00004   -0.00001         11  0.000e+00
     116570   4857.042    496.172    500.025     9.5358     9.5368   3.802836   3.802776     1.5739     1.2772     100.00   26.05886  -95.12068   -0.00002   -0.00001         11  0.000e+00
     116571   4857.083    496.227    500.081     9.5358     9.5366   3.802797   3.802782     1.5739     1.2772     100.00   26.05886  -95.12068 -8.792e-07   -0.00001         11  0.000e+00
     116572   4857.125    496.173    500.026     9.5354     9.5366   3.802836   3.802782     1.5739     1.2772     100.00   26.05886  -95.12068   -0.00000   -0.00001         11  0.000e+00
