Gulf of Mexico/GOMECC-4/1db/rb2103_1021.ros
* Sea-Bird SBE 9 Data File:
* FileName = C:\Users\scs.user.rb\CTD\GOMECC4\data\rb2103_1021.hex
* Software Version Seasave V 7.26.7.107
* Temperature SN = 4799
* Conductivity SN = 3860
* Number of Bytes Per Scan = 41
* Number of Voltage Words = 4
* Number of Scans Averaged by the Deck Unit = 1
* NMEA Latitude = 23 46.13 N
* NMEA Longitude = 088 00.04 W
* NMEA UTC (Time) = Oct 12 2021  22:30:12
* NMEA baud rate = 4800
# nquan = 17
# nvalues = 2128                                  
# units = specified
# name 0 = scan: Scan Count
# name 1 = timeS: Time, Elapsed [seconds]
# name 2 = depSM: Depth [salt water, m]
# name 3 = prDM: Pressure, Digiquartz [db]
# name 4 = t090C: Temperature [ITS-90, deg C]
# name 5 = t190C: Temperature, 2 [ITS-90, deg C]
# name 6 = c0S/m: Conductivity [S/m]
# name 7 = c1S/m: Conductivity, 2 [S/m]
# name 8 = sbeox0V: Oxygen raw, SBE 43 [V]
# name 9 = sbeox1V: Oxygen raw, SBE 43, 2 [V]
# name 10 = altM: Altimeter [m]
# name 11 = latitude: Latitude [deg]
# name 12 = longitude: Longitude [deg]
# name 13 = sbox0dV/dT: Oxygen, SBE 43 [dov/dt]
# name 14 = sbox1dV/dT: Oxygen, SBE 43, 2 [dov/dt]
# name 15 = nbf: Bottles Fired
# name 16 = flag:  0.000e+00
# interval = seconds: 0.0416667
# start_time = Oct 12 2021 22:30:12 [NMEA time, header]
# bad_flag = -9.990e-29
*END*
[from data line 1277]
      42988   1791.125     39.771     40.029    26.5231    26.5232   5.678740   5.679159     3.1038     2.6288      93.11   23.77098  -87.99976   -0.00343   -0.00625         10  0.000e+00
      42989   1791.167     39.649     39.906    26.5238    26.5230   5.678739   5.679111     3.1026     2.6288      93.11   23.77098  -87.99976   -0.00347   -0.00628         10  0.000e+00
      42990   1791.208     39.920     40.179    26.5236    26.5230   5.678740   5.679119     3.1026     2.6288      93.11   23.77098  -87.99976   -0.00349   -0.00629         10  0.000e+00
      42991   1791.250     39.724     39.981    26.5238    26.5230   5.678740   5.679096     3.1026     2.6288      93.11   23.77098  -87.99976   -0.00351   -0.00629         10  0.000e+00
      42992   1791.292     39.771     40.029    26.5240    26.5236   5.678740   5.679119     3.1026     2.6288      93.11   23.77098  -87.99976   -0.00353   -0.00629         10  0.000e+00
      42993   1791.333     39.771     40.029    26.5240    26.5237   5.678669   5.679096     3.1026     2.6288      93.11   23.77098  -87.99976   -0.00354   -0.00628         10  0.000e+00
      42994   1791.375     39.744     40.002    26.5240    26.5241   5.678677   5.679088     3.1026     2.6288      93.11   23.77098  -87.99976   -0.00356   -0.00626         10  0.000e+00
      42995   1791.417     39.771     40.029    26.5240    26.5243   5.678654   5.679088     3.1026     2.6288      93.11   23.77098  -87.99976   -0.00357   -0.00624         10  0.000e+00
      42996   1791.458     39.724     39.981    26.5242    26.5246   5.678646   5.679119     3.1013     2.6288      93.11   23.77098  -87.99976   -0.00358   -0.00621         10  0.000e+00
      42997   1791.500     39.771     40.029    26.5242    26.5245   5.678646   5.679135     3.1026     2.6288      93.11   23.77098  -87.99976   -0.00358   -0.00617         10  0.000e+00
      42998   1791.542     39.724     39.981    26.5243    26.5243   5.678614   5.679167     3.1026     2.6288      93.11   23.77098  -87.99976   -0.00357   -0.00613         10  0.000e+00
      42999   1791.583     39.744     40.002    26.5244    26.5243   5.678630   5.679143     3.1013     2.6288      93.11   23.77098  -87.99976   -0.00357   -0.00608         10  0.000e+00
      43000   1791.625     39.724     39.981    26.5247    26.5245   5.678607   5.679064     3.1013     2.6288      93.11   23.77098  -87.99976   -0.00358   -0.00603         10  0.000e+00
      43001   1791.667     39.771     40.029    26.5251    26.5245   5.678599   5.679008     3.1013     2.6276      93.11   23.77098  -87.99976   -0.00357   -0.00600         10  0.000e+00
      43002   1791.708     39.724     39.981    26.5260    26.5252   5.678599   5.679024     3.1013     2.6276      93.11   23.77098  -87.99976   -0.00356   -0.00597         10  0.000e+00
      43003   1791.750     39.771     40.029    26.5268    26.5260   5.678669   5.679008     3.1013     2.6276      93.11   23.77098  -87.99976   -0.00355   -0.00593         10  0.000e+00
      43004   1791.792     39.697     39.954    26.5276    26.5265   5.678724   5.679024     3.1013     2.6276      93.11   23.77098  -87.99976   -0.00355   -0.00589         10  0.000e+00
      43005   1791.833     39.724     39.981    26.5278    26.5265   5.678700   5.679008     3.1013     2.6276      93.11   23.77098  -87.99976   -0.00355   -0.00583         10  0.000e+00
      43006   1791.875     39.771     40.029    26.5287    26.5270   5.678693   5.679000     3.1013     2.6276      93.11   23.77098  -87.99976   -0.00355   -0.00578         10  0.000e+00
      43007   1791.917     39.724     39.981    26.5286    26.5276   5.678732   5.678961     3.1013     2.6276      93.14   23.77098  -87.99976   -0.00354   -0.00571         10  0.000e+00
      43008   1791.958     39.724     39.981    26.5289    26.5272   5.678771   5.678985     3.1013     2.6276      93.19   23.77098  -87.99976   -0.00350   -0.00564         10  0.000e+00
      43009   1792.000     39.697     39.954    26.5295    26.5270   5.678747   5.679000     3.1013     2.6276      93.19   23.77098  -87.99976   -0.00349   -0.00558         10  0.000e+00
      43010   1792.042     39.771     40.029    26.5296    26.5268   5.678739   5.678961     3.1013     2.6276      93.19   23.77098  -87.99976   -0.00346   -0.00552         10  0.000e+00
      43011   1792.083     39.724     39.981    26.5298    26.5271   5.678739   5.678985     3.1026     2.6288      93.19   23.77098  -87.99976   -0.00342   -0.00543         10  0.000e+00
      43012   1792.125     39.724     39.981    26.5300    26.5274   5.678669   5.679000     3.1026     2.6288      93.19   23.77098  -87.99976   -0.00337   -0.00534         10  0.000e+00
      43013   1792.167     39.724     39.981    26.5301    26.5274   5.678716   5.678961     3.1026     2.6288      93.19   23.77098  -87.99976   -0.00332   -0.00524         10  0.000e+00
      43014   1792.208     39.697     39.954    26.5304    26.5276   5.678739   5.679016     3.1026     2.6300      93.19   23.77098  -87.99976   -0.00329   -0.00511         10  0.000e+00
      43015   1792.250     39.771     40.029    26.5303    26.5274   5.678739   5.679008     3.1026     2.6300      93.19   23.77098  -87.99976   -0.00325   -0.00499         10  0.000e+00
      43016   1792.292     39.676     39.934    26.5307    26.5272   5.678700   5.679064     3.1013     2.6313      93.19   23.77098  -87.99976   -0.00322   -0.00484         10  0.000e+00
      43017   1792.333     39.771     40.029    26.5307    26.5263   5.678692   5.679159     3.1026     2.6313      93.19   23.77098  -87.99976   -0.00318   -0.00468         10  0.000e+00
      43018   1792.375     39.676     39.934    26.5309    26.5252   5.678692   5.679183     3.1026     2.6313      93.19   23.77098  -87.99976   -0.00315   -0.00454         10  0.000e+00
      43019   1792.417     39.744     40.002    26.5312    26.5245   5.678724   5.679199     3.1026     2.6325      93.19   23.77098  -87.99976   -0.00311   -0.00437         10  0.000e+00
      43020   1792.458     39.724     39.981    26.5311    26.5245   5.678739   5.679222     3.1026     2.6325      93.19   23.77098  -87.99976   -0.00306   -0.00420         10  0.000e+00
      43021   1792.500     39.724     39.981    26.5308    26.5237   5.678739   5.679230     3.1038     2.6325      93.19   23.77098  -87.99976   -0.00298   -0.00403         10  0.000e+00
      43022   1792.542     39.724     39.981    26.5307    26.5236   5.678700   5.679262     3.1038     2.6337      93.19   23.77098  -87.99976   -0.00292   -0.00384         10  0.000e+00
      43023   1792.583     39.724     39.981    26.5301    26.5232   5.678724   5.679238     3.1026     2.6337      93.19   23.77098  -87.99976   -0.00288   -0.00364         10  0.000e+00
      43024   1792.625     39.697     39.954    26.5296    26.5232   5.678708   5.679262     3.1038     2.6337      93.19   23.77098  -87.99976   -0.00281   -0.00345         10  0.000e+00
      43025   1792.667     39.724     39.981    26.5285    26.5237   5.678693   5.679278     3.1038     2.6337      93.19   23.77098  -87.99976   -0.00274   -0.00327         10  0.000e+00
      43026   1792.708     39.724     39.981    26.5277    26.5234   5.678583   5.679278     3.1038     2.6337      93.19   23.77098  -87.99976   -0.00267   -0.00307         10  0.000e+00
      43027   1792.750     39.724     39.981    26.5263    26.5227   5.678583   5.679278     3.1038     2.6349      93.19   23.77098  -87.99976   -0.00260   -0.00286         10  0.000e+00
      43028   1792.792     39.724     39.981    26.5258    26.5224   5.678630   5.679310     3.1038     2.6349      93.19   23.77098  -87.99976   -0.00254   -0.00266         10  0.000e+00
      43029   1792.833     39.744     40.002    26.5258    26.5221   5.678607   5.679286     3.1050     2.6349      93.19   23.77098  -87.99976   -0.00245   -0.00246         10  0.000e+00
      43030   1792.875     39.724     39.981    26.5260    26.5224   5.678630   5.679349     3.1050     2.6349      93.19   23.77098  -87.99976   -0.00235   -0.00228         10  0.000e+00
      43031   1792.917     39.724     39.981    26.5262    26.5226   5.678575   5.679333     3.1050     2.6349      93.26   23.77098  -87.99976   -0.00227   -0.00209         10  0.000e+00
      43032   1792.958     39.724     39.981    26.5256    26.5223   5.678583   5.679286     3.1050     2.6361      93.33   23.77098  -87.99976   -0.00218   -0.00190         10  0.000e+00
      43033   1793.000     39.724     39.981    26.5255    26.5217   5.678638   5.679349     3.1050     2.6361      93.36   23.77098  -87.99976   -0.00210   -0.00171         10  0.000e+00
      43034   1793.042     39.744     40.002    26.5249    26.5215   5.678646   5.679333     3.1050     2.6361      93.33   23.77098  -87.99976   -0.00201   -0.00151         10  0.000e+00
      43035   1793.083     39.724     39.981    26.5244    26.5216   5.678677   5.679357     3.1062     2.6361      93.36   23.77098  -87.99976   -0.00191   -0.00133         10  0.000e+00
      43036   1793.125     39.771     40.029    26.5245    26.5213   5.678724   5.679373     3.1050     2.6361      93.33   23.77098  -87.99976   -0.00182   -0.00115         10  0.000e+00
      43037   1793.167     39.724     39.981    26.5249    26.5210   5.678771   5.679405     3.1062     2.6361      93.33   23.77098  -87.99976   -0.00171   -0.00097         10  0.000e+00
      43038   1793.208     39.771     40.029    26.5249    26.5208   5.678747   5.679381     3.1050     2.6361      93.36   23.77098  -87.99976   -0.00162   -0.00081         10  0.000e+00
      43039   1793.250     39.697     39.954    26.5245    26.5203   5.678771   5.679333     3.1050     2.6361      93.33   23.77098  -87.99976   -0.00152   -0.00064         10  0.000e+00
      43040   1793.292     39.724     39.981    26.5243    26.5201   5.678818   5.679286     3.1050     2.6361      93.33   23.77098  -87.99976   -0.00142   -0.00048         10  0.000e+00
      45032   1876.292     30.027     30.221    28.2811    28.2981   5.843546   5.844933     3.2784     2.7851     100.00   23.77102  -87.99982    0.00065   -0.00023         11  0.000e+00
      45033   1876.333     29.797     29.989    28.2808    28.2998   5.843506   5.844973     3.2772     2.7851     100.00   23.77102  -87.99982    0.00061   -0.00027         11  0.000e+00
      45034   1876.375     30.176     30.371    28.2824    28.3018   5.843451   5.844997     3.2796     2.7863     100.00   23.77102  -87.99982    0.00062   -0.00029         11  0.000e+00
      45035   1876.417     29.980     30.173    28.2857    28.3031   5.843482   5.845085     3.2784     2.7851     100.00   23.77102  -87.99982    0.00060   -0.00033         11  0.000e+00
      45036   1876.458     29.993     30.187    28.2881    28.3040   5.843451   5.845141     3.2784     2.7851     100.00   23.77102  -87.99982    0.00059   -0.00037         11  0.000e+00
      45037   1876.500     29.932     30.126    28.2867    28.3044   5.843340   5.845190     3.2784     2.7851     100.00   23.77102  -87.99982    0.00057   -0.00039         11  0.000e+00
      45038   1876.542     29.993     30.187    28.2859    28.3052   5.843229   5.845238     3.2784     2.7851     100.00   23.77102  -87.99982    0.00055   -0.00042         11  0.000e+00
      45039   1876.583     29.980     30.174    28.2855    28.3055   5.843102   5.845286     3.2784     2.7863     100.00   23.77102  -87.99982    0.00054   -0.00042         11  0.000e+00
      45040   1876.625     29.993     30.187    28.2831    28.3057   5.843063   5.845262     3.2784     2.7851     100.00   23.77102  -87.99982    0.00050   -0.00044         11  0.000e+00
      45041   1876.667     29.932     30.126    28.2819    28.3057   5.843102   5.845214     3.2784     2.7851     100.00   23.77102  -87.99982    0.00046   -0.00047         11  0.000e+00
      45042   1876.708     29.980     30.174    28.2850    28.3059   5.843142   5.845238     3.2784     2.7851     100.00   23.77102  -87.99982    0.00044   -0.00048         11  0.000e+00
      45043   1876.750     29.993     30.187    28.2877    28.3052   5.843158   5.845182     3.2784     2.7851     100.00   23.77102  -87.99982    0.00042   -0.00048         11  0.000e+00
      45044   1876.792     29.980     30.174    28.2848    28.3044   5.843087   5.845117     3.2784     2.7851     100.00   23.77102  -87.99982    0.00040   -0.00049         11  0.000e+00
      45045   1876.833     29.946     30.139    28.2819    28.3037   5.843063   5.845069     3.2784     2.7851     100.00   23.77102  -87.99982    0.00037   -0.00050         11  0.000e+00
      45046   1876.875     29.980     30.174    28.2808    28.3031   5.842992   5.845093     3.2784     2.7851     100.00   23.77102  -87.99982    0.00035   -0.00048         11  0.000e+00
      45047   1876.917     29.993     30.187    28.2813    28.3028   5.842936   5.845141     3.2784     2.7839     100.00   23.77102  -87.99982    0.00033   -0.00049         11  0.000e+00
      45048   1876.958     29.933     30.126    28.2775    28.3037   5.842849   5.845117     3.2772     2.7839     100.00   23.77102  -87.99982    0.00030   -0.00050         11  0.000e+00
      45049   1877.000     29.993     30.187    28.2747    28.3040   5.842754   5.845182     3.2784     2.7839     100.00   23.77102  -87.99982    0.00028   -0.00050         11  0.000e+00
      45050   1877.042     29.933     30.126    28.2738    28.3039   5.842731   5.845206     3.2772     2.7839     100.00   23.77102  -87.99982    0.00025   -0.00050         11  0.000e+00
      45051   1877.083     30.027     30.221    28.2745    28.3031   5.842691   5.845133     3.2784     2.7839     100.00   23.77102  -87.99982    0.00024   -0.00052         11  0.000e+00
      45052   1877.125     29.946     30.140    28.2747    28.3026   5.842754   5.845109     3.2772     2.7839     100.00   23.77102  -87.99982    0.00022   -0.00055         11  0.000e+00
      45053   1877.167     29.980     30.174    28.2762    28.3031   5.842707   5.845109     3.2772     2.7839     100.00   23.77102  -87.99982    0.00019   -0.00057         11  0.000e+00
      45054   1877.208     29.994     30.187    28.2789    28.3033   5.842754   5.845141     3.2772     2.7839     100.00   23.77102  -87.99982    0.00017   -0.00059         11  0.000e+00
      45055   1877.250     29.933     30.126    28.2813    28.3044   5.842817   5.845190     3.2772     2.7827     100.00   23.77102  -87.99982    0.00014   -0.00062         11  0.000e+00
      45056   1877.292     30.048     30.242    28.2828    28.3053   5.842825   5.845278     3.2772     2.7827     100.00   23.77102  -87.99982    0.00012   -0.00066         11  0.000e+00
      45057   1877.333     29.933     30.126    28.2778    28.3057   5.842825   5.845334     3.2772     2.7827     100.00   23.77102  -87.99982    0.00009   -0.00069         11  0.000e+00
      45058   1877.375     29.980     30.174    28.2778    28.3065   5.842754   5.845350     3.2772     2.7827     100.00   23.77102  -87.99982    0.00008   -0.00071         11  0.000e+00
      45059   1877.417     29.994     30.187    28.2787    28.3068   5.842620   5.845350     3.2772     2.7827     100.00   23.77102  -87.99982    0.00007   -0.00073         11  0.000e+00
      45060   1877.458     29.980     30.174    28.2732    28.3067   5.842438   5.845422     3.2772     2.7827     100.00   23.77102  -87.99982    0.00007   -0.00074         11  0.000e+00
      45061   1877.500     29.946     30.140    28.2709    28.3070   5.842390   5.845374     3.2772     2.7827     100.00   23.77102  -87.99982    0.00006   -0.00076         11  0.000e+00
      45062   1877.542     29.980     30.174    28.2753    28.3052   5.842351   5.845278     3.2772     2.7827     100.00   23.77102  -87.99982    0.00005   -0.00077         11  0.000e+00
