Gulf of Mexico/GOMECC-4/1db/rb2103_0982.cnv
* Sea-Bird SBE 9 Data File:
* FileName = C:\Users\scs.user.rb\CTD\GOMECC4\data\rb2103_0982.hex
* Software Version Seasave V 7.26.7.107
* Temperature SN = 4799
* Conductivity SN = 3860
* Number of Bytes Per Scan = 41
* Number of Voltage Words = 4
* Number of Scans Averaged by the Deck Unit = 1
* NMEA Latitude = 23 11.00 N
* NMEA Longitude = 090 38.50 W
* NMEA UTC (Time) = Oct 11 2021  16:51:30
* NMEA baud rate = 4800
# nquan = 28
# nvalues = 610                         
# units = specified
# name 0 = scan: Scan Count
# name 1 = timeS: Time, Elapsed [seconds]
# name 2 = depSM: Depth [salt water, m]
# name 3 = prDM: Pressure, Digiquartz [db]
# name 4 = t090C: Temperature [ITS-90, deg C]
# name 5 = t190C: Temperature, 2 [ITS-90, deg C]
# name 6 = c0S/m: Conductivity [S/m]
# name 7 = c1S/m: Conductivity, 2 [S/m]
# name 8 = sbeox0V: Oxygen raw, SBE 43 [V]
# name 9 = sbeox1V: Oxygen raw, SBE 43, 2 [V]
# name 10 = altM: Altimeter [m]
# name 11 = latitude: Latitude [deg]
# name 12 = longitude: Longitude [deg]
# name 13 = sbox0dV/dT: Oxygen, SBE 43 [dov/dt]
# name 14 = sbox1dV/dT: Oxygen, SBE 43, 2 [dov/dt]
# name 15 = sbeox0ML/L: Oxygen, SBE 43 [ml/l], WS = 5
# name 16 = sbeox1ML/L: Oxygen, SBE 43, 2 [ml/l], WS = 5
# name 17 = potemp090C: Potential Temperature [ITS-90, deg C]
# name 18 = potemp190C: Potential Temperature, 2 [ITS-90, deg C]
# name 19 = sal00: Salinity, Practical [PSU]
# name 20 = sal11: Salinity, Practical, 2 [PSU]
# name 21 = sigma-é00: Density [sigma-theta, kg/m^3]
# name 22 = sigma-é11: Density, 2 [sigma-theta, kg/m^3]
# name 23 = avgsvCM: Average Sound Velocity [Chen-Millero, m/s], minP = 20, minS = 20
# name 24 = sbox0Mm/Kg: Oxygen, SBE 43 [umol/kg], WS = 5
# name 25 = sbox1Mm/Kg: Oxygen, SBE 43, 2 [umol/kg], WS = 5
# name 26 = nbin: number of scans per bin
# name 27 = flag: flag
# span 0 =      17788,     256846       
# span 1 =    741.125,  10701.884       
# span 2 =      0.994,   3286.047       
# span 3 =      1.000,   3333.000       
# span 4 =     4.3075,    30.0760       
# span 5 =     4.3086,    30.1791       
# span 6 =   3.351874,   6.023449       
# span 7 =   3.351800,   6.035765       
# span 8 =     1.5685,     3.3583       
# span 9 =     1.2698,     2.8570       
# span 10 =      11.24,     108.64      
# span 11 =   22.81852,   23.23191      
# span 12 =  -90.82911,  -89.21432      
# span 13 =   -0.03411,    0.04135      
# span 14 =   -0.03211,    0.03926      
# span 15 =     2.4178,     4.9271      
# span 16 =     2.4313,     4.9007      
# span 17 =     4.0799,    30.0757      
# span 18 =     4.0810,    30.1788      
# span 19 =    34.9092,    36.6815      
# span 20 =    34.9076,    36.6826      
# span 21 =    22.3763,    27.7574      
# span 22 =    22.2935,    27.7561      
# span 23 =       0.00,    1546.51      
# span 24 =    105.126,    214.952      
# span 25 =    105.718,    213.803      
# span 26 =         30,         78      
# span 27 = 0.0000e+00, 0.0000e+00      
# interval = decibars: 1                
# start_time = Oct 11 2021 16:51:30 [NMEA time, header]
# bad_flag = -9.990e-29
*END*
[from data line 467]
     226365   9431.825    270.107    272.000    13.3101    13.3092   4.213086   4.212735     1.7065     1.3935     100.00   23.18422  -90.64132    0.00085    0.00046     2.5027     2.5116    13.2717    13.2709    35.7049    35.7023    26.8839    26.8821    1503.32    108.846    109.232         45 0.0000e+00
     226405   9433.513    269.114    271.000    13.3327    13.3303   4.215426   4.215184     1.7071     1.3943     100.00   23.18422  -90.64132    0.00069    0.00012     2.5028     2.5124    13.2944    13.2921    35.7067    35.7062    26.8806    26.8808    1503.32    108.847    109.266         38 0.0000e+00
     226447   9435.260    268.122    270.000    13.3821    13.3765   4.221144   4.220546     1.7076     1.3942     100.00   23.18422  -90.64132    0.00033    0.00026     2.5006     2.5091    13.3439    13.3383    35.7146    35.7142    26.8766    26.8775    1503.32    108.754    109.122         46 0.0000e+00
     226489   9437.002    267.130    269.000    13.4192    13.4205   4.225342   4.225364     1.7076     1.3941     100.00   23.18422  -90.64132    0.00021   -0.00011     2.4982     2.5060    13.3807    13.3824    35.7204    35.7191    26.8735    26.8721    1503.32    108.651    108.988         35 0.0000e+00
     226521   9438.351    266.137    268.000    13.4540    13.4499   4.229587   4.229062     1.7080     1.3940     100.00   23.18422  -90.64132    0.00013   -0.00006     2.4969     2.5037    13.4159    13.4119    35.7281    35.7269    26.8722    26.8721    1503.32    108.592    108.888         32 0.0000e+00
     226556   9439.810    265.145    267.000    13.4732    13.4700   4.231746   4.231153     1.7080     1.3936     100.00   23.18422  -90.64132    0.00013   -0.00016     2.4954     2.5013    13.4353    13.4320    35.7309    35.7283    26.8704    26.8691    1503.32    108.530    108.787         39 0.0000e+00
     226595   9441.415    264.152    266.000    13.5047    13.5049   4.235242   4.235072     1.7081     1.3947     100.00   23.18422  -90.64132    0.00006    0.00007     2.4935     2.5019    13.4668    13.4670    35.7344    35.7331    26.8666    26.8655    1503.32    108.447    108.811         36 0.0000e+00
     226628   9442.812    263.160    265.000    13.5476    13.5486   4.240109   4.240188     1.7089     1.3957     100.00   23.18422  -90.64132    0.00017    0.00064     2.4927     2.5021    13.5098    13.5108    35.7412    35.7409    26.8629    26.8625    1503.32    108.412    108.819         32 0.0000e+00
     226662   9444.229    262.167    264.000    13.5985    13.5981   4.245956   4.245719     1.7098     1.3971     100.00   23.18422  -90.64132    0.00050    0.00083     2.4917     2.5028    13.5607    13.5603    35.7492    35.7473    26.8585    26.8572    1503.32    108.370    108.852         37 0.0000e+00
     226701   9445.828    261.175    263.000    13.6330    13.6269   4.249692   4.249213     1.7106     1.3983     100.00   23.18422  -90.64132    0.00062    0.00085     2.4914     2.5042    13.5953    13.5892    35.7526    35.7538    26.8539    26.8561    1503.32    108.358    108.911         38 0.0000e+00
     226736   9447.295    260.182    262.000    13.6555    13.6488   4.252476   4.251495     1.7119     1.3994     100.00   23.18422  -90.64132    0.00062    0.00079     2.4930     2.5057    13.6179    13.6112    35.7582    35.7552    26.8536    26.8527    1503.32    108.426    108.976         33 0.0000e+00
     226770   9448.691    259.190    261.000    13.6789    13.6760   4.255122   4.254654     1.7134     1.4002     100.00   23.18422  -90.64132    0.00083    0.00073     2.4951     2.5058    13.6414    13.6386    35.7616    35.7599    26.8514    26.8506    1503.32    108.515    108.984         34 0.0000e+00
     226804   9450.124    258.198    260.000    13.6933    13.6911   4.256804   4.256444     1.7145     1.4005     100.00   23.18422  -90.64132    0.00094    0.00046     2.4965     2.5055    13.6559    13.6537    35.7645    35.7631    26.8506    26.8500    1503.32    108.580    108.971         35 0.0000e+00
     226838   9451.539    257.205    259.000    13.7274    13.7178   4.260587   4.259380     1.7155     1.4010      80.81   23.18422  -90.64132    0.00082    0.00026     2.4967     2.5052    13.6901    13.6806    35.7686    35.7662    26.8466    26.8467    1503.32    108.590    108.956         33 0.0000e+00
     226871   9452.912    256.213    258.000    13.7769    13.7711   4.266243   4.265345     1.7166     1.4022      70.99   23.18422  -90.64132    0.00070    0.00049     2.4963     2.5051    13.7397    13.7339    35.7760    35.7730    26.8419    26.8409    1503.32    108.571    108.952         33 0.0000e+00
     226905   9454.318    255.220    257.000    13.8296    13.8387   4.272224   4.273051     1.7184     1.4045      99.68   23.18422  -90.64132    0.00091    0.00098     2.4974     2.5072    13.7924    13.8015    35.7837    35.7835    26.8369    26.8348    1503.32    108.617    109.046         35 0.0000e+00
     226940   9455.792    254.228    256.000    13.8929    13.8932   4.279233   4.279133     1.7200     1.4066     100.00   23.18422  -90.64132    0.00114    0.00142     2.4975     2.5095    13.8558    13.8560    35.7905    35.7894    26.8288    26.8278    1503.32    108.623    109.147         35 0.0000e+00
     226975   9457.259    253.236    255.000    13.9551    13.9643   4.286606   4.287309     1.7225     1.4087     100.00   23.18422  -90.64132    0.00126    0.00145     2.4999     2.5109    13.9180    13.9272    35.8021    35.8001    26.8246    26.8211    1503.32    108.729    109.208         34 0.0000e+00
     227008   9458.610    252.243    254.000    13.9942    13.9974   4.291317   4.291432     1.7243     1.4103     100.00   23.18422  -90.64132    0.00155    0.00137     2.5018     2.5131    13.9572    13.9604    35.8107    35.8096    26.8230    26.8215    1503.32    108.813    109.302         32 0.0000e+00
     227041   9459.982    251.250    253.000    14.0194    14.0190   4.294353   4.294227     1.7260     1.4114     100.00   23.18422  -90.64132    0.00144    0.00114     2.5041     2.5146    13.9825    13.9821    35.8155    35.8147    26.8213    26.8208    1503.32    108.914    109.369         35 0.0000e+00
     227076   9461.461    250.258    252.000    14.0253    14.0255   4.295013   4.294963     1.7276     1.4128     100.00   23.18422  -90.64132    0.00118    0.00096     2.5074     2.5176    13.9885    13.9887    35.8166    35.8159    26.8209    26.8203    1503.32    109.055    109.500         35 0.0000e+00
     227109   9462.850    249.265    251.000    14.0340    14.0333   4.295982   4.295887     1.7279     1.4136      65.51   23.18422  -90.64132    0.00090    0.00086     2.5074     2.5192    13.9974    13.9966    35.8179    35.8177    26.8201    26.8201    1503.32    109.055    109.568         32 0.0000e+00
     227142   9464.207    248.273    250.000    14.0540    14.0514   4.298279   4.297937     1.7291     1.4139      85.69   23.18422  -90.64132    0.00064    0.00056     2.5089     2.5186    14.0175    14.0148    35.8212    35.8204    26.8183    26.8183    1503.32    109.119    109.542         34 0.0000e+00
     227177   9465.656    247.281    249.000    14.0829    14.0731   4.301464   4.300270     1.7302     1.4143      99.89   23.18422  -90.64132    0.00064    0.00031     2.5097     2.5181    14.0464    14.0367    35.8245    35.8224    26.8147    26.8152    1503.32    109.156    109.521         35 0.0000e+00
     227210   9467.039    246.288    248.000    14.1079    14.1034   4.304180   4.303858     1.7311     1.4163     100.00   23.18422  -90.64132    0.00074    0.00051     2.5100     2.5217    14.0715    14.0679    35.8270    35.8274    26.8114    26.8124    1503.32    109.170    109.678         31 0.0000e+00
     227243   9468.426    245.295    247.000    14.1559    14.1515   4.309601   4.309100     1.7327     1.4181     100.00   23.18422  -90.64132    0.00081    0.00117     2.5110     2.5236    14.1196    14.1152    35.8333    35.8328    26.8060    26.8065    1503.32    109.212    109.761         34 0.0000e+00
     227278   9469.867    244.303    246.000    14.1812    14.1834   4.312573   4.312598     1.7342     1.4196     100.00   23.18422  -90.64133    0.00103    0.00129     2.5129     2.5254    14.1450    14.1472    35.8379    35.8361    26.8041    26.8022    1503.32    109.298    109.840         34 0.0000e+00
     227310   9471.190    243.310    245.000    14.2275    14.2294   4.317928   4.318079     1.7354     1.4206     100.00   23.18422  -90.64132    0.00105    0.00101     2.5127     2.5252    14.1914    14.1939    35.8451    35.8450    26.7998    26.7993    1503.32    109.289    109.832         31 0.0000e+00
     227342   9472.549    242.318    244.000    14.2626    14.2651   4.322151   4.322266     1.7371     1.4218     100.00   23.18422  -90.64133    0.00099    0.00087     2.5146     2.5261    14.2266    14.2290    35.8522    35.8510    26.7978    26.7963    1503.32    109.372    109.872         35 0.0000e+00
     227378   9474.050    241.325    243.000    14.2811    14.2894   4.324304   4.325033     1.7386     1.4228      57.03   23.18422  -90.64133    0.00113    0.00078     2.5170     2.5271    14.2452    14.2535    35.8555    35.8545    26.7963    26.7937    1503.32    109.476    109.914         35 0.0000e+00
     227412   9475.473    240.333    242.000    14.3052    14.3028   4.327068   4.326725     1.7399     1.4242      98.15   23.18422  -90.64133    0.00108    0.00075     2.5185     2.5298    14.2694    14.2670    35.8592    35.8583    26.7940    26.7937    1503.32    109.539    110.032         33 0.0000e+00
     227443   9476.768    239.340    241.000    14.3838    14.3683   4.335985   4.334067     1.7415     1.4258      99.96   23.18422  -90.64134    0.00099    0.00096     2.5175     2.5302    14.3480    14.3325    35.8695    35.8661    26.7850    26.7857    1503.32    109.501    110.050         31 0.0000e+00
     227477   9478.146    238.348    240.000    14.4473    14.4401   4.343305   4.342182     1.7437     1.4274     100.00   23.18422  -90.64133    0.00120    0.00118     2.5189     2.5301    14.4115    14.4044    35.8789    35.8751    26.7785    26.7772    1503.32    109.560    110.047         35 0.0000e+00
     227512   9479.646    237.355    239.000    14.5000    14.4991   4.349364   4.349109     1.7460     1.4294      79.07   23.18422  -90.64133    0.00150    0.00121     2.5212     2.5320    14.4643    14.4634    35.8866    35.8851    26.7731    26.7721    1503.32    109.660    110.130         35 0.0000e+00
     227547   9481.071    236.363    238.000    14.5489    14.5383   4.355158   4.353721     1.7481     1.4299      81.09   23.18422  -90.64133    0.00155    0.00101     2.5231     2.5309    14.5133    14.5027    35.8952    35.8918    26.7691    26.7688    1503.32    109.746    110.083         32 0.0000e+00
     227578   9482.384    235.370    237.000    14.5880    14.5804   4.359836   4.358899     1.7487     1.4312      99.84   23.18422  -90.64133    0.00125    0.00084     2.5221     2.5315    14.5525    14.5449    35.9027    35.9011    26.7664    26.7668    1503.32    109.700    110.108         32 0.0000e+00
     227611   9483.764    234.378    236.000    14.6064    14.6100   4.362053   4.362349     1.7496     1.4322     100.00   23.18422  -90.64133    0.00080    0.00075     2.5228     2.5323    14.5710    14.5745    35.9065    35.9060    26.7653    26.7641    1503.32    109.729    110.147         32 0.0000e+00
     227642   9485.039    233.385    235.000    14.6277    14.6362   4.364640   4.365450     1.7501     1.4328     100.00   23.18422  -90.64133    0.00050    0.00073     2.5225     2.5320    14.5924    14.6009    35.9111    35.9107    26.7642    26.7621    1503.32    109.718    110.132         30 0.0000e+00
     227708   9487.809    231.400    233.000    14.7594    14.7559   4.379701   4.379367     1.7500     1.4305     100.00   23.18508  -90.64468    0.00042   -0.00011     2.5151     2.5198    14.7242    14.7207    35.9296    35.9288    26.7499    26.7500    1503.38    109.397    109.601         31 0.0000e+00
     227731   9488.752    230.407    232.000    14.7765    14.7760   4.381804   4.381584     1.7451     1.4245     100.00   23.18422  -90.64132   -0.00096   -0.00193     2.5007     2.5012    14.7415    14.7409    35.9328    35.9314    26.7485    26.7475    1503.32    108.772    108.794         31 0.0000e+00
     227976   9498.953    227.430    229.000    14.8043    14.8010   4.386479   4.386052     1.7363     1.4185     100.01   23.19862  -90.69762   -0.00214   -0.00148     2.4762     2.4826    14.7696    14.7663    35.9573    35.9564    26.7626    26.7626    1504.25    107.705    107.984         32 0.0000e+00
     227908   9496.108    226.437    228.000    14.7960    14.7913   4.383586   4.383169     1.7330     1.4173      74.03   23.18422  -90.64132   -0.00092   -0.00023     2.4690     2.4801    14.7615    14.7568    35.9329    35.9334    26.7441    26.7455    1503.32    107.395    107.876         45 0.0000e+00
     227994   9499.692    225.444    227.000    14.7820    14.7921   4.382296   4.383505     1.7326     1.4158     108.64   23.18422  -90.64132    0.00031   -0.00022     2.4685     2.4757    14.7476    14.7577    35.9344    35.9357    26.7483    26.7471    1503.32    107.370    107.685         40 0.0000e+00
     228089   9503.673    224.452    226.000    14.8980    14.8629   4.394678   4.391325     1.7276     1.4115     100.00   23.18422  -90.64132   -0.00135   -0.00124     2.4496     2.4595    14.8636    14.8285    35.9415    35.9385    26.7283    26.7337    1503.32    106.550    106.981         54 0.0000e+00
     229226   9551.035    223.459    225.000    14.9101    14.9062   4.396770   4.396322     1.7248     1.4094     100.00   23.18421  -90.64133   -0.00030   -0.00036     2.4417     2.4518    14.8758    14.8720    35.9499    35.9491    26.7321    26.7324    1503.32    106.208    106.648         39 0.0000e+00
     229721   9571.647    222.466    224.000    14.9055    14.9078   4.396502   4.396658     1.7246     1.4105      98.66   23.18420  -90.64134   -0.00009    0.00049     2.4411     2.4544    14.8714    14.8737    35.9521    35.9516    26.7348    26.7339    1503.32    106.179    106.760         63 0.0000e+00
     229757   9573.172    221.474    223.000    14.9189    14.9154   4.397894   4.397373     1.7251     1.4101      92.29   23.18420  -90.64134    0.00007   -0.00018     2.4413     2.4527    14.8849    14.8814    35.9530    35.9514    26.7325    26.7320    1503.32    106.190    106.685         51 0.0000e+00
     229800   9574.940    220.482    222.000    14.9374    14.9314   4.399970   4.399331     1.7251     1.4105     100.27   23.18420  -90.64134    0.00027    0.00007     2.4399     2.4526    14.9035    14.8975    35.9553    35.9550    26.7301    26.7312    1503.32    106.131    106.680         35 0.0000e+00
     229832   9576.284    219.489    221.000    14.9539    14.9508   4.401911   4.401498     1.7252     1.4105      97.42   23.18420  -90.64134    0.00005    0.00021     2.4388     2.4512    14.9202    14.9172    35.9583    35.9573    26.7288    26.7287    1503.32    106.082    106.620         32 0.0000e+00
     229864   9577.610    218.496    220.000    14.9703    14.9694   4.403751   4.403585     1.7254     1.4109      72.26   23.18420  -90.64134   -0.00001    0.00016     2.4381     2.4509    14.9367    14.9358    35.9605    35.9597    26.7268    26.7264    1503.32    106.053    106.608         32 0.0000e+00
