Gulf of Mexico/GOMECC-4/1db/rb2103_1311.ros
* Sea-Bird SBE 9 Data File:
* FileName = C:\Users\scs.user.rb\CTD\GOMECC4\data\rb2103_1311.hex
* Software Version Seasave V 7.26.7.107
* Temperature SN = 4799
* Conductivity SN = 3860
* Number of Bytes Per Scan = 41
* Number of Voltage Words = 4
* Number of Scans Averaged by the Deck Unit = 1
* NMEA Latitude = 26 43.76 N
* NMEA Longitude = 083 06.08 W
* NMEA UTC (Time) = Oct 19 2021  16:24:23
* NMEA baud rate = 4800
# nquan = 17
# nvalues = 1064                                  
# units = specified
# name 0 = scan: Scan Count
# name 1 = timeS: Time, Elapsed [seconds]
# name 2 = depSM: Depth [salt water, m]
# name 3 = prDM: Pressure, Digiquartz [db]
# name 4 = t090C: Temperature [ITS-90, deg C]
# name 5 = t190C: Temperature, 2 [ITS-90, deg C]
# name 6 = c0S/m: Conductivity [S/m]
# name 7 = c1S/m: Conductivity, 2 [S/m]
# name 8 = sbeox0V: Oxygen raw, SBE 43 [V]
# name 9 = sbeox1V: Oxygen raw, SBE 43, 2 [V]
# name 10 = altM: Altimeter [m]
# name 11 = latitude: Latitude [deg]
# name 12 = longitude: Longitude [deg]
# name 13 = sbox0dV/dT: Oxygen, SBE 43 [dov/dt]
# name 14 = sbox1dV/dT: Oxygen, SBE 43, 2 [dov/dt]
# name 15 = nbf: Bottles Fired
# name 16 = flag:  0.000e+00
# interval = seconds: 0.0416667
# start_time = Oct 19 2021 16:24:23 [NMEA time, header]
# bad_flag = -9.990e-29
*END*
[from data line 341]
      23033    959.667     24.449     24.612    28.4468    28.4483   5.812557   5.812944     3.0574     2.5763      16.41   26.72966  -83.10012    0.00069   -0.00151          3  0.000e+00
      23034    959.708     24.497     24.660    28.4468    28.4481   5.812629   5.812904     3.0586     2.5763      16.41   26.72966  -83.10012    0.00064   -0.00154          3  0.000e+00
      23035    959.750     24.490     24.653    28.4468    28.4485   5.812621   5.812920     3.0586     2.5763      16.41   26.72966  -83.10012    0.00060   -0.00157          3  0.000e+00
      23036    959.792     24.497     24.660    28.4468    28.4481   5.812613   5.812904     3.0586     2.5763      16.41   26.72966  -83.10012    0.00055   -0.00159          3  0.000e+00
      23037    959.833     24.497     24.660    28.4470    28.4483   5.812644   5.812896     3.0574     2.5775      16.43   26.72966  -83.10012    0.00048   -0.00160          3  0.000e+00
      23038    959.875     24.436     24.598    28.4468    28.4481   5.812621   5.812880     3.0574     2.5775      16.41   26.72966  -83.10012    0.00044   -0.00160          3  0.000e+00
      23039    959.917     24.497     24.660    28.4468    28.4483   5.812644   5.812928     3.0574     2.5775      16.41   26.72966  -83.10012    0.00039   -0.00160          3  0.000e+00
      23040    959.958     24.348     24.510    28.4468    28.4484   5.812621   5.812944     3.0574     2.5775      16.41   26.72966  -83.10012    0.00032   -0.00161          3  0.000e+00
      23041    960.000     24.585     24.748    28.4466    28.4483   5.812613   5.812896     3.0586     2.5775      16.43   26.72966  -83.10012    0.00027   -0.00159          3  0.000e+00
      23042    960.042     24.497     24.660    28.4468    28.4481   5.812565   5.812928     3.0574     2.5788      16.41   26.72966  -83.10012    0.00022   -0.00157          3  0.000e+00
      23043    960.083     24.436     24.598    28.4466    28.4485   5.812557   5.812872     3.0574     2.5788      16.41   26.72966  -83.10012    0.00017   -0.00154          3  0.000e+00
      23044    960.125     24.496     24.660    28.4468    28.4483   5.812637   5.812848     3.0574     2.5788      16.41   26.72966  -83.10012    0.00011   -0.00150          3  0.000e+00
      23045    960.167     24.449     24.612    28.4468    28.4483   5.812589   5.812872     3.0574     2.5788      16.41   26.72966  -83.10012    0.00006   -0.00146          3  0.000e+00
      23046    960.208     24.490     24.653    28.4468    28.4481   5.812597   5.812888     3.0574     2.5775      16.43   26.72966  -83.10012    0.00001   -0.00144          3  0.000e+00
      23047    960.250     24.449     24.612    28.4468    28.4481   5.812613   5.812896     3.0562     2.5788      16.43   26.72966  -83.10012   -0.00004   -0.00140          3  0.000e+00
      23048    960.292     24.496     24.659    28.4464    28.4483   5.812613   5.812920     3.0562     2.5788      16.41   26.72966  -83.10012   -0.00010   -0.00136          3  0.000e+00
      23049    960.333     24.435     24.598    28.4466    28.4481   5.812613   5.812904     3.0574     2.5788      16.41   26.72966  -83.10012   -0.00013   -0.00132          3  0.000e+00
      23050    960.375     24.449     24.612    28.4468    28.4483   5.812644   5.812896     3.0562     2.5788      16.41   26.72966  -83.10012   -0.00018   -0.00127          3  0.000e+00
      23051    960.417     24.489     24.653    28.4464    28.4481   5.812613   5.812896     3.0574     2.5775      16.43   26.72966  -83.10012   -0.00022   -0.00127          3  0.000e+00
      23052    960.458     24.449     24.612    28.4468    28.4481   5.812573   5.812848     3.0562     2.5775      16.46   26.72966  -83.10012   -0.00027   -0.00125          3  0.000e+00
      23053    960.500     24.449     24.612    28.4470    28.4481   5.812597   5.812880     3.0562     2.5775      16.46   26.72966  -83.10012   -0.00032   -0.00124          3  0.000e+00
      23054    960.542     24.489     24.652    28.4466    28.4483   5.812644   5.812896     3.0562     2.5775      16.46   26.72966  -83.10012   -0.00037   -0.00123          3  0.000e+00
      23055    960.583     24.449     24.612    28.4466    28.4481   5.812621   5.812952     3.0562     2.5775      16.46   26.72966  -83.10012   -0.00042   -0.00122          3  0.000e+00
      23056    960.625     24.496     24.659    28.4466    28.4483   5.812613   5.812912     3.0562     2.5775      16.43   26.72966  -83.10012   -0.00045   -0.00120          3  0.000e+00
      23057    960.667     24.435     24.598    28.4466    28.4481   5.812613   5.812896     3.0562     2.5763      16.46   26.72966  -83.10012   -0.00048   -0.00120          3  0.000e+00
      23058    960.708     24.449     24.611    28.4468    28.4481   5.812573   5.812896     3.0562     2.5763      16.46   26.72966  -83.10012   -0.00053   -0.00121          3  0.000e+00
      23059    960.750     24.435     24.598    28.4466    28.4483   5.812597   5.812880     3.0549     2.5763      16.46   26.72966  -83.10012   -0.00060   -0.00120          3  0.000e+00
      23060    960.792     24.496     24.659    28.4466    28.4483   5.812605   5.812856     3.0562     2.5763      16.46   26.72966  -83.10012   -0.00063   -0.00120          3  0.000e+00
      23061    960.833     24.496     24.659    28.4466    28.4481   5.812605   5.812920     3.0562     2.5763      16.46   26.72966  -83.10012   -0.00066   -0.00120          3  0.000e+00
      23062    960.875     24.435     24.598    28.4468    28.4481   5.812542   5.812856     3.0562     2.5763      16.46   26.72966  -83.10012   -0.00070   -0.00119          3  0.000e+00
      23063    960.917     24.448     24.611    28.4466    28.4481   5.812589   5.812880     3.0562     2.5763      16.46   26.72966  -83.10012   -0.00075   -0.00119          3  0.000e+00
      23064    960.958     24.448     24.611    28.4468    28.4481   5.812613   5.812896     3.0562     2.5751      16.46   26.72966  -83.10012   -0.00078   -0.00120          3  0.000e+00
      23065    961.000     24.489     24.652    28.4466    28.4481   5.812613   5.812896     3.0562     2.5763      16.43   26.72966  -83.10012   -0.00080   -0.00119          3  0.000e+00
      23066    961.042     24.448     24.611    28.4468    28.4481   5.812613   5.812848     3.0562     2.5751      16.46   26.72966  -83.10012   -0.00083   -0.00119          3  0.000e+00
      23067    961.083     24.489     24.652    28.4466    28.4481   5.812613   5.812880     3.0562     2.5751      16.46   26.72966  -83.10012   -0.00086   -0.00120          3  0.000e+00
      23068    961.125     24.448     24.611    28.4466    28.4481   5.812613   5.812896     3.0562     2.5751      16.46   26.72966  -83.10012   -0.00088   -0.00120          3  0.000e+00
      23069    961.167     24.448     24.611    28.4466    28.4483   5.812565   5.812880     3.0562     2.5751      16.46   26.72966  -83.10012   -0.00091   -0.00120          3  0.000e+00
      23070    961.208     24.489     24.652    28.4468    28.4479   5.812597   5.812928     3.0562     2.5751      16.43   26.72966  -83.10012   -0.00093   -0.00120          3  0.000e+00
      23071    961.250     24.448     24.611    28.4468    28.4481   5.812613   5.812904     3.0562     2.5751      16.46   26.72966  -83.10012   -0.00095   -0.00120          3  0.000e+00
      23072    961.292     24.543     24.706    28.4466    28.4481   5.812542   5.812856     3.0562     2.5751      16.46   26.72966  -83.10012   -0.00097   -0.00119          3  0.000e+00
      23073    961.333     24.435     24.597    28.4464    28.4481   5.812589   5.812872     3.0562     2.5751      16.46   26.72966  -83.10012   -0.00100   -0.00119          3  0.000e+00
      23074    961.375     24.448     24.611    28.4466    28.4481   5.812613   5.812928     3.0562     2.5763      16.46   26.72966  -83.10012   -0.00102   -0.00116          3  0.000e+00
      23075    961.417     24.489     24.652    28.4462    28.4479   5.812573   5.812904     3.0562     2.5751      16.43   26.72966  -83.10012   -0.00104   -0.00115          3  0.000e+00
      23076    961.458     24.495     24.659    28.4464    28.4479   5.812597   5.812880     3.0562     2.5763      16.41   26.72966  -83.10012   -0.00106   -0.00112          3  0.000e+00
      23077    961.500     24.448     24.611    28.4462    28.4479   5.812573   5.812888     3.0574     2.5763      16.41   26.72966  -83.10012   -0.00106   -0.00109          3  0.000e+00
      23078    961.542     24.489     24.652    28.4464    28.4481   5.812518   5.812824     3.0562     2.5763      16.41   26.72966  -83.10012   -0.00108   -0.00106          3  0.000e+00
      23079    961.583     24.495     24.658    28.4466    28.4481   5.812581   5.812856     3.0562     2.5775      16.41   26.72966  -83.10012   -0.00108   -0.00101          3  0.000e+00
      23080    961.625     24.495     24.658    28.4464    28.4479   5.812573   5.812888     3.0574     2.5775      16.43   26.72966  -83.10012   -0.00106   -0.00096          3  0.000e+00
      23081    961.667     24.489     24.652    28.4466    28.4479   5.812565   5.812856     3.0574     2.5775      16.41   26.72966  -83.10012   -0.00106   -0.00091          3  0.000e+00
      23082    961.708     24.495     24.658    28.4466    28.4479   5.812565   5.812848     3.0562     2.5788      16.41   26.72966  -83.10012   -0.00105   -0.00084          3  0.000e+00
      23083    961.750     24.488     24.652    28.4466    28.4479   5.812565   5.812872     3.0562     2.5788      16.43   26.72966  -83.10012   -0.00105   -0.00077          3  0.000e+00
      23084    961.792     24.495     24.658    28.4466    28.4479   5.812565   5.812856     3.0562     2.5788      16.41   26.72966  -83.10012   -0.00105   -0.00069          3  0.000e+00
      23085    961.833     24.495     24.658    28.4466    28.4479   5.812637   5.812880     3.0562     2.5788      16.43   26.72966  -83.10012   -0.00104   -0.00062          3  0.000e+00
      23086    961.875     24.488     24.651    28.4466    28.4479   5.812621   5.812880     3.0562     2.5788      16.43   26.72966  -83.10012   -0.00103   -0.00055          3  0.000e+00
      23087    961.917     24.542     24.706    28.4466    28.4481   5.812565   5.812856     3.0562     2.5800      16.43   26.72966  -83.10012   -0.00103   -0.00046          3  0.000e+00
      23088    961.958     24.495     24.658    28.4464    28.4481   5.812629   5.812880     3.0562     2.5800      16.41   26.72966  -83.10012   -0.00102   -0.00038          3  0.000e+00
      23089    962.000     24.488     24.651    28.4464    28.4481   5.812589   5.812856     3.0574     2.5800      16.41   26.72966  -83.10012   -0.00099   -0.00031          3  0.000e+00
      23090    962.042     24.542     24.706    28.4466    28.4481   5.812565   5.812872     3.0574     2.5800      16.43   26.72966  -83.10012   -0.00098   -0.00023          3  0.000e+00
      23315    971.417     24.589     24.753    28.4448    28.4468   5.812400   5.812704     3.0537     2.5800      16.26   26.72966  -83.10012   -0.00087   -0.00029          4  0.000e+00
      23316    971.458     24.887     25.053    28.4446    28.4463   5.812455   5.812688     3.0537     2.5800      16.26   26.72966  -83.10012   -0.00086   -0.00029          4  0.000e+00
      23317    971.500     24.528     24.692    28.4448    28.4461   5.812423   5.812664     3.0525     2.5788      16.24   26.72966  -83.10012   -0.00086   -0.00030          4  0.000e+00
      23318    971.542     24.684     24.848    28.4446    28.4463   5.812415   5.812656     3.0525     2.5788      16.26   26.72966  -83.10012   -0.00088   -0.00030          4  0.000e+00
      23319    971.583     24.589     24.753    28.4448    28.4461   5.812376   5.812680     3.0525     2.5775      16.26   26.72966  -83.10012   -0.00088   -0.00032          4  0.000e+00
      23320    971.625     24.630     24.794    28.4446    28.4463   5.812400   5.812696     3.0537     2.5788      16.26   26.72966  -83.10012   -0.00087   -0.00032          4  0.000e+00
      23321    971.667     24.589     24.753    28.4446    28.4460   5.812415   5.812664     3.0525     2.5775      16.26   26.72966  -83.10012   -0.00088   -0.00034          4  0.000e+00
      23322    971.708     24.576     24.739    28.4448    28.4463   5.812455   5.812688     3.0525     2.5775      16.26   26.72966  -83.10012   -0.00090   -0.00036          4  0.000e+00
      23323    971.750     24.589     24.753    28.4446    28.4459   5.812471   5.812656     3.0525     2.5775      16.26   26.72966  -83.10012   -0.00092   -0.00036          4  0.000e+00
      23324    971.792     24.589     24.753    28.4448    28.4461   5.812423   5.812648     3.0525     2.5775      16.26   26.72966  -83.10012   -0.00093   -0.00036          4  0.000e+00
      23325    971.833     24.575     24.739    28.4448    28.4463   5.812415   5.812688     3.0513     2.5775      16.26   26.72966  -83.10012   -0.00095   -0.00036          4  0.000e+00
      23326    971.875     24.589     24.753    28.4446    28.4457   5.812415   5.812688     3.0513     2.5775      16.26   26.72966  -83.10012   -0.00098   -0.00036          4  0.000e+00
      23327    971.917     24.589     24.753    28.4448    28.4465   5.812415   5.812696     3.0513     2.5775      16.26   26.72966  -83.10012   -0.00099   -0.00035          4  0.000e+00
      23328    971.958     24.575     24.739    28.4448    28.4461   5.812376   5.812704     3.0513     2.5775      16.26   26.72966  -83.10012   -0.00100   -0.00035          4  0.000e+00
      23329    972.000     24.589     24.753    28.4448    28.4460   5.812400   5.812728     3.0513     2.5775      16.26   26.72966  -83.10012   -0.00101   -0.00035          4  0.000e+00
      23330    972.042     24.528     24.691    28.4446    28.4461   5.812415   5.812744     3.0513     2.5775      16.26   26.72966  -83.10012   -0.00102   -0.00034          4  0.000e+00
      23331    972.083     24.589     24.753    28.4446    28.4463   5.812415   5.812712     3.0513     2.5775      16.26   26.72966  -83.10012   -0.00102   -0.00032          4  0.000e+00
      23332    972.125     24.535     24.698    28.4448    28.4463   5.812455   5.812704     3.0501     2.5775      16.26   26.72966  -83.10012   -0.00104   -0.00031          4  0.000e+00
      23333    972.167     24.575     24.739    28.4448    28.4461   5.812392   5.812688     3.0513     2.5775      16.26   26.72966  -83.10012   -0.00105   -0.00031          4  0.000e+00
      23334    972.208     24.589     24.752    28.4446    28.4461   5.812368   5.812736     3.0513     2.5775      16.26   26.72966  -83.10012   -0.00105   -0.00030          4  0.000e+00
      23335    972.250     24.487     24.650    28.4448    28.4463   5.812400   5.812712     3.0513     2.5775      16.26   26.72966  -83.10012   -0.00107   -0.00027          4  0.000e+00
      23336    972.292     24.575     24.739    28.4448    28.4463   5.812376   5.812688     3.0513     2.5775      16.26   26.72966  -83.10012   -0.00107   -0.00025          4  0.000e+00
      23337    972.333     24.589     24.752    28.4448    28.4461   5.812439   5.812736     3.0513     2.5763      16.26   26.72966  -83.10012   -0.00106   -0.00024          4  0.000e+00
      23338    972.375     24.528     24.691    28.4450    28.4463   5.812392   5.812752     3.0513     2.5763      16.26   26.72966  -83.10012   -0.00106   -0.00023          4  0.000e+00
      23339    972.417     24.534     24.698    28.4446    28.4461   5.812400   5.812712     3.0513     2.5775      16.31   26.72966  -83.10012   -0.00106   -0.00019          4  0.000e+00
      23340    972.458     24.534     24.698    28.4448    28.4464   5.812455   5.812688     3.0513     2.5763      16.34   26.72966  -83.10012   -0.00105   -0.00018          4  0.000e+00
