Gulf of Mexico/GOMECC-4/1db/rb2103_0731.ros
* Sea-Bird SBE 9 Data File:
* FileName = C:\Users\scs.user.rb\CTD\GOMECC4\data\rb2103_0731.hex
* Software Version Seasave V 7.26.7.107
* Temperature SN = 4799
* Conductivity SN = 3860
* Number of Bytes Per Scan = 41
* Number of Voltage Words = 4
* Number of Scans Averaged by the Deck Unit = 1
* NMEA Latitude = 26 03.44 N
* NMEA Longitude = 093 15.71 W
* NMEA UTC (Time) = Oct 04 2021  10:15:47
* NMEA baud rate = 4800
# nquan = 17
# nvalues = 3192                                  
# units = specified
# name 0 = scan: Scan Count
# name 1 = timeS: Time, Elapsed [seconds]
# name 2 = depSM: Depth [salt water, m]
# name 3 = prDM: Pressure, Digiquartz [db]
# name 4 = t090C: Temperature [ITS-90, deg C]
# name 5 = t190C: Temperature, 2 [ITS-90, deg C]
# name 6 = c0S/m: Conductivity [S/m]
# name 7 = c1S/m: Conductivity, 2 [S/m]
# name 8 = sbeox0V: Oxygen raw, SBE 43 [V]
# name 9 = sbeox1V: Oxygen raw, SBE 43, 2 [V]
# name 10 = altM: Altimeter [m]
# name 11 = latitude: Latitude [deg]
# name 12 = longitude: Longitude [deg]
# name 13 = sbox0dV/dT: Oxygen, SBE 43 [dov/dt]
# name 14 = sbox1dV/dT: Oxygen, SBE 43, 2 [dov/dt]
# name 15 = nbf: Bottles Fired
# name 16 = flag:  0.000e+00
# interval = seconds: 0.0416667
# start_time = Oct 04 2021 10:15:47 [NMEA time, header]
# bad_flag = -9.990e-29
*END*
[from data line 596]
     134457   5602.333   1977.727   2000.198     4.3283     4.3296   3.368774   3.368719     1.8645     1.5458     100.00   26.05918  -93.26538    0.00005    0.00011          5  0.000e+00
     134458   5602.375   1977.671   2000.142     4.3283     4.3296   3.368787   3.368764     1.8645     1.5458     100.00   26.05918  -93.26538    0.00005    0.00010          5  0.000e+00
     134459   5602.417   1977.643   2000.114     4.3283     4.3296   3.368800   3.368771     1.8645     1.5458     100.00   26.05918  -93.26538    0.00005    0.00009          5  0.000e+00
     134460   5602.458   1977.727   2000.199     4.3283     4.3297   3.368800   3.368784     1.8645     1.5458     100.00   26.05918  -93.26538    0.00003    0.00009          5  0.000e+00
     134461   5602.500   1977.643   2000.114     4.3283     4.3296   3.368800   3.368739     1.8632     1.5458     100.00   26.05918  -93.26538    0.00001    0.00008          5  0.000e+00
     134462   5602.542   1977.623   2000.093     4.3283     4.3296   3.368800   3.368751     1.8645     1.5458     100.00   26.05918  -93.26538    0.00001    0.00007          5  0.000e+00
     134463   5602.583   1977.699   2000.170     4.3284     4.3297   3.368774   3.368758     1.8645     1.5458     100.00   26.05918  -93.26538    0.00001    0.00006          5  0.000e+00
     134464   5602.625   1977.623   2000.093     4.3283     4.3296   3.368812   3.368739     1.8645     1.5458     100.00   26.05918  -93.26538    0.00001    0.00005          5  0.000e+00
     134465   5602.667   1977.644   2000.114     4.3281     4.3296   3.368831   3.368751     1.8645     1.5458     100.00   26.05918  -93.26538    0.00003    0.00006          5  0.000e+00
     134466   5602.708   1977.623   2000.093     4.3283     4.3298   3.368806   3.368739     1.8645     1.5458     100.00   26.05918  -93.26538    0.00003    0.00005          5  0.000e+00
     134467   5602.750   1977.595   2000.065     4.3283     4.3295   3.368755   3.368751     1.8645     1.5458     100.00   26.05918  -93.26538    0.00001    0.00006          5  0.000e+00
     134468   5602.792   1977.623   2000.093     4.3283     4.3298   3.368762   3.368758     1.8645     1.5458     100.00   26.05920  -93.26540   -0.00001    0.00007          5  0.000e+00
     134469   5602.833   1977.644   2000.114     4.3283     4.3296   3.368787   3.368732     1.8645     1.5458     100.00   26.05920  -93.26540   -0.00001    0.00008          5  0.000e+00
     134470   5602.875   1977.567   2000.037     4.3283     4.3296   3.368800   3.368732     1.8645     1.5458     100.00   26.05920  -93.26540   -0.00001    0.00009          5  0.000e+00
     134471   5602.917   1977.595   2000.065     4.3285     4.3297   3.368800   3.368751     1.8657     1.5458     100.00   26.05920  -93.26540    0.00001    0.00010          5  0.000e+00
     134472   5602.958   1977.623   2000.093     4.3283     4.3294   3.368774   3.368758     1.8645     1.5458     100.00   26.05920  -93.26540    0.00002    0.00010          5  0.000e+00
     134473   5603.000   1977.596   2000.065     4.3279     4.3296   3.368768   3.368732     1.8645     1.5458     100.00   26.05920  -93.26540    0.00002    0.00010          5  0.000e+00
     134474   5603.042   1977.568   2000.037     4.3281     4.3294   3.368787   3.368707     1.8657     1.5458     100.00   26.05920  -93.26540    0.00004    0.00010          5  0.000e+00
     134475   5603.083   1977.596   2000.065     4.3283     4.3294   3.368774   3.368719     1.8657     1.5458     100.00   26.05920  -93.26540    0.00006    0.00011          5  0.000e+00
     134476   5603.125   1977.568   2000.037     4.3284     4.3294   3.368787   3.368751     1.8657     1.5458     100.00   26.05920  -93.26540    0.00007    0.00010          5  0.000e+00
     134477   5603.167   1977.568   2000.037     4.3283     4.3299   3.368774   3.368758     1.8657     1.5458     100.00   26.05920  -93.26540    0.00009    0.00009          5  0.000e+00
     134478   5603.208   1977.540   2000.009     4.3281     4.3295   3.368749   3.368758     1.8657     1.5458     100.00   26.05920  -93.26540    0.00010    0.00010          5  0.000e+00
     134479   5603.250   1977.624   2000.094     4.3283     4.3298   3.368800   3.368745     1.8645     1.5458     100.00   26.05920  -93.26540    0.00012    0.00011          5  0.000e+00
     134480   5603.292   1977.540   2000.009     4.3283     4.3294   3.368806   3.368777     1.8645     1.5458     100.00   26.05920  -93.26540    0.00012    0.00010          5  0.000e+00
     134481   5603.333   1977.568   2000.037     4.3284     4.3296   3.368774   3.368771     1.8645     1.5458     100.00   26.05920  -93.26540    0.00011    0.00009          5  0.000e+00
     134482   5603.375   1977.540   2000.009     4.3284     4.3295   3.368787   3.368783     1.8645     1.5458     100.00   26.05920  -93.26540    0.00011    0.00007          5  0.000e+00
     134483   5603.417   1977.568   2000.037     4.3282     4.3298   3.368800   3.368751     1.8645     1.5458     100.00   26.05920  -93.26540    0.00011    0.00008          5  0.000e+00
     134484   5603.458   1977.541   2000.009     4.3284     4.3296   3.368819   3.368726     1.8657     1.5458     100.00   26.05920  -93.26540    0.00012    0.00009          5  0.000e+00
     134485   5603.500   1977.568   2000.037     4.3286     4.3298   3.368781   3.368751     1.8645     1.5446     100.00   26.05920  -93.26540    0.00012    0.00008          5  0.000e+00
     134486   5603.542   1977.541   2000.009     4.3283     4.3295   3.368768   3.368732     1.8645     1.5446     100.00   26.05920  -93.26540    0.00012    0.00007          5  0.000e+00
     134487   5603.583   1977.569   2000.038     4.3281     4.3296   3.368768   3.368732     1.8645     1.5458     100.00   26.05920  -93.26540    0.00012    0.00007          5  0.000e+00
     134488   5603.625   1977.541   2000.009     4.3283     4.3296   3.368787   3.368726     1.8645     1.5458     100.00   26.05920  -93.26540    0.00011    0.00008          5  0.000e+00
     134489   5603.667   1977.520   1999.988     4.3281     4.3296   3.368800   3.368751     1.8645     1.5446     100.00   26.05920  -93.26540    0.00011    0.00005          5  0.000e+00
     134490   5603.708   1977.597   2000.066     4.3283     4.3295   3.368800   3.368758     1.8645     1.5458     100.00   26.05920  -93.26540    0.00011    0.00004          5  0.000e+00
     134491   5603.750   1977.520   1999.988     4.3281     4.3298   3.368800   3.368739     1.8645     1.5446     100.00   26.05920  -93.26540    0.00011    0.00001          5  0.000e+00
     134492   5603.792   1977.597   2000.066     4.3283     4.3296   3.368800   3.368751     1.8645     1.5458     100.00   26.05918  -93.26540    0.00010    0.00002          5  0.000e+00
     134493   5603.833   1977.520   1999.989     4.3283     4.3297   3.368774   3.368758     1.8645     1.5458     100.00   26.05918  -93.26540    0.00010    0.00003          5  0.000e+00
     134494   5603.875   1977.597   2000.066     4.3283     4.3296   3.368768   3.368758     1.8645     1.5458     100.00   26.05918  -93.26540    0.00010    0.00003          5  0.000e+00
     134495   5603.917   1977.520   1999.989     4.3283     4.3294   3.368787   3.368758     1.8645     1.5458     100.00   26.05918  -93.26540    0.00008    0.00002          5  0.000e+00
     134496   5603.958   1977.597   2000.067     4.3283     4.3296   3.368755   3.368784     1.8645     1.5458     100.00   26.05918  -93.26540    0.00008    0.00003          5  0.000e+00
     134497   5604.000   1977.569   2000.038     4.3284     4.3297   3.368781   3.368726     1.8645     1.5458     100.00   26.05918  -93.26540    0.00007    0.00002          5  0.000e+00
     134498   5604.042   1977.541   2000.010     4.3283     4.3294   3.368774   3.368745     1.8645     1.5458     100.00   26.05918  -93.26540    0.00007    0.00002          5  0.000e+00
     134499   5604.083   1977.569   2000.038     4.3281     4.3296   3.368812   3.368732     1.8632     1.5458     100.00   26.05918  -93.26540    0.00005    0.00003          5  0.000e+00
     134500   5604.125   1977.569   2000.039     4.3286     4.3296   3.368806   3.368732     1.8645     1.5446     100.00   26.05918  -93.26540    0.00005    0.00002          5  0.000e+00
     134501   5604.167   1977.597   2000.067     4.3282     4.3295   3.368774   3.368726     1.8645     1.5458     100.00   26.05918  -93.26540    0.00005    0.00001          5  0.000e+00
     134502   5604.208   1977.570   2000.039     4.3283     4.3296   3.368787   3.368751     1.8645     1.5458     100.00   26.05918  -93.26540    0.00004    0.00001          5  0.000e+00
     134503   5604.250   1977.597   2000.067     4.3281     4.3296   3.368800   3.368732     1.8645     1.5458     100.00   26.05918  -93.26540    0.00004    0.00002          5  0.000e+00
     134504   5604.292   1977.625   2000.095     4.3283     4.3296   3.368800   3.368751     1.8645     1.5458     100.00   26.05918  -93.26540    0.00004    0.00002          5  0.000e+00
     134505   5604.333   1977.598   2000.067     4.3283     4.3294   3.368774   3.368732     1.8645     1.5458     100.00   26.05918  -93.26540    0.00004    0.00001          5  0.000e+00
     134506   5604.375   1977.626   2000.096     4.3284     4.3294   3.368787   3.368751     1.8645     1.5458     100.00   26.05918  -93.26540    0.00002    0.00002          5  0.000e+00
     134507   5604.417   1977.598   2000.067     4.3283     4.3298   3.368774   3.368758     1.8645     1.5458     100.00   26.05918  -93.26540    0.00001    0.00002          5  0.000e+00
     134508   5604.458   1977.626   2000.096     4.3281     4.3294   3.368787   3.368719     1.8645     1.5458     100.00   26.05918  -93.26540    0.00001    0.00003          5  0.000e+00
     134509   5604.500   1977.598   2000.067     4.3280     4.3294   3.368774   3.368745     1.8645     1.5458     100.00   26.05918  -93.26540    0.00001    0.00003          5  0.000e+00
     134510   5604.542   1977.675   2000.145     4.3283     4.3296   3.368787   3.368719     1.8657     1.5458     100.00   26.05918  -93.26540    0.00002    0.00004          5  0.000e+00
     134511   5604.583   1977.647   2000.117     4.3281     4.3296   3.368774   3.368764     1.8657     1.5458     100.00   26.05918  -93.26540    0.00004    0.00005          5  0.000e+00
     134512   5604.625   1977.675   2000.145     4.3283     4.3295   3.368787   3.368752     1.8645     1.5458     100.00   26.05918  -93.26540    0.00003    0.00005          5  0.000e+00
     134513   5604.667   1977.647   2000.117     4.3280     4.3296   3.368774   3.368726     1.8645     1.5458     100.00   26.05918  -93.26540    0.00003    0.00006          5  0.000e+00
     134514   5604.708   1977.675   2000.146     4.3281     4.3294   3.368768   3.368732     1.8645     1.5458     100.00   26.05918  -93.26540    0.00003    0.00006          5  0.000e+00
     134515   5604.750   1977.647   2000.117     4.3279     4.3294   3.368768   3.368777     1.8645     1.5458     100.00   26.05918  -93.26540    0.00002    0.00007          5  0.000e+00
     134516   5604.792   1977.731   2000.202     4.3282     4.3297   3.368768   3.368771     1.8645     1.5458     100.00   26.05920  -93.26540    0.00002    0.00007          5  0.000e+00
     134517   5604.833   1977.703   2000.174     4.3283     4.3294   3.368787   3.368764     1.8645     1.5458     100.00   26.05920  -93.26540    0.00002    0.00008          5  0.000e+00
     134518   5604.875   1977.675   2000.146     4.3281     4.3296   3.368774   3.368758     1.8645     1.5458     100.00   26.05920  -93.26540    0.00003    0.00007          5  0.000e+00
     134519   5604.917   1977.731   2000.202     4.3281     4.3294   3.368768   3.368739     1.8645     1.5458     100.00   26.05920  -93.26540    0.00003    0.00005          5  0.000e+00
     134520   5604.958   1977.752   2000.224     4.3282     4.3294   3.368787   3.368726     1.8645     1.5446     100.00   26.05920  -93.26540    0.00002    0.00002          5  0.000e+00
     134521   5605.000   1977.731   2000.203     4.3281     4.3294   3.368800   3.368732     1.8645     1.5458     100.00   26.05920  -93.26540    0.00000    0.00003          5  0.000e+00
     134522   5605.042   1977.808   2000.280     4.3281     4.3293   3.368800   3.368726     1.8645     1.5458     100.00   26.05920  -93.26540   -0.00000    0.00003          5  0.000e+00
     134523   5605.083   1977.731   2000.203     4.3281     4.3292   3.368774   3.368707     1.8645     1.5458     100.00   26.05920  -93.26540   -0.00000    0.00004          5  0.000e+00
     134524   5605.125   1977.808   2000.281     4.3278     4.3293   3.368749   3.368745     1.8645     1.5458     100.00   26.05920  -93.26540   -0.00001    0.00004          5  0.000e+00
     134525   5605.167   1977.780   2000.252     4.3281     4.3293   3.368762   3.368739     1.8645     1.5446     100.00   26.05920  -93.26540    0.00001    0.00003          5  0.000e+00
     141339   5889.083   1780.241   1799.621     4.3425     4.3440   3.361788   3.361751     1.8877     1.5665     100.00   26.05934  -93.26562    0.00014   -0.00004          6  0.000e+00
     141340   5889.125   1780.505   1799.889     4.3423     4.3440   3.361819   3.361739     1.8877     1.5665     100.00   26.05934  -93.26562    0.00014   -0.00005          6  0.000e+00
     141341   5889.167   1780.401   1799.784     4.3425     4.3436   3.361807   3.361751     1.8877     1.5665     100.00   26.05934  -93.26562    0.00013   -0.00004          6  0.000e+00
     141342   5889.208   1780.547   1799.932     4.3425     4.3438   3.361819   3.361777     1.8877     1.5665     100.00   26.05934  -93.26562    0.00011   -0.00006          6  0.000e+00
     141343   5889.250   1780.554   1799.939     4.3427     4.3438   3.361807   3.361745     1.8877     1.5665     100.00   26.05934  -93.26562    0.00011   -0.00007          6  0.000e+00
     141344   5889.292   1780.506   1799.890     4.3425     4.3440   3.361819   3.361732     1.8877     1.5665     100.00   26.05934  -93.26562    0.00009   -0.00008          6  0.000e+00
     141345   5889.333   1780.610   1799.995     4.3427     4.3438   3.361807   3.361777     1.8877     1.5665     100.00   26.05934  -93.26562    0.00009   -0.00009          6  0.000e+00
     141346   5889.375   1780.610   1799.995     4.3427     4.3438   3.361819   3.361764     1.8877     1.5678     100.00   26.05934  -93.26562    0.00011   -0.00009          6  0.000e+00
     141347   5889.417   1780.610   1799.995     4.3427     4.3440   3.361807   3.361784     1.8877     1.5678     100.00   26.05934  -93.26562    0.00010   -0.00008          6  0.000e+00
     141348   5889.458   1780.610   1799.996     4.3428     4.3440   3.361800   3.361771     1.8877     1.5665     100.00   26.05934  -93.26562    0.00008   -0.00008          6  0.000e+00
     141349   5889.500   1780.659   1800.045     4.3425     4.3438   3.361800   3.361777     1.8877     1.5678     100.00   26.05934  -93.26562    0.00008   -0.00005          6  0.000e+00
     141350   5889.542   1780.714   1800.101     4.3427     4.3436   3.361794   3.361745     1.8877     1.5678     100.00   26.05934  -93.26562    0.00008   -0.00003          6  0.000e+00
     141351   5889.583   1780.714   1800.101     4.3427     4.3442   3.361794   3.361777     1.8877     1.5678     100.00   26.05934  -93.26562    0.00008   -0.00001          6  0.000e+00
     141352   5889.625   1780.708   1800.094     4.3425     4.3440   3.361801   3.361764     1.8877     1.5678     100.00   26.05934  -93.26562    0.00008   -0.00000          6  0.000e+00
     141353   5889.667   1780.763   1800.151     4.3428     4.3441   3.361819   3.361739     1.8877     1.5678     100.00   26.05934  -93.26562    0.00008    0.00002          6  0.000e+00
