Gulf of Mexico/GOMECC-4/1db/rb2103_0721.ros
* Sea-Bird SBE 9 Data File:
* FileName = C:\Users\scs.user.rb\CTD\GOMECC4\data\rb2103_0721.hex
* Software Version Seasave V 7.26.7.107
* Temperature SN = 4799
* Conductivity SN = 3860
* Number of Bytes Per Scan = 41
* Number of Voltage Words = 4
* Number of Scans Averaged by the Deck Unit = 1
* NMEA Latitude = 26 03.50 N
* NMEA Longitude = 093 43.74 W
* NMEA UTC (Time) = Oct 04 2021  04:36:25
* NMEA baud rate = 4800
# nquan = 17
# nvalues = 3192                                  
# units = specified
# name 0 = scan: Scan Count
# name 1 = timeS: Time, Elapsed [seconds]
# name 2 = depSM: Depth [salt water, m]
# name 3 = prDM: Pressure, Digiquartz [db]
# name 4 = t090C: Temperature [ITS-90, deg C]
# name 5 = t190C: Temperature, 2 [ITS-90, deg C]
# name 6 = c0S/m: Conductivity [S/m]
# name 7 = c1S/m: Conductivity, 2 [S/m]
# name 8 = sbeox0V: Oxygen raw, SBE 43 [V]
# name 9 = sbeox1V: Oxygen raw, SBE 43, 2 [V]
# name 10 = altM: Altimeter [m]
# name 11 = latitude: Latitude [deg]
# name 12 = longitude: Longitude [deg]
# name 13 = sbox0dV/dT: Oxygen, SBE 43 [dov/dt]
# name 14 = sbox1dV/dT: Oxygen, SBE 43, 2 [dov/dt]
# name 15 = nbf: Bottles Fired
# name 16 = flag:  0.000e+00
# interval = seconds: 0.0416667
# start_time = Oct 04 2021 04:36:25 [NMEA time, header]
# bad_flag = -9.990e-29
*END*
[from data line 1703]
     188845   7868.500    520.847    524.924     9.2438     9.2450   3.771713   3.771685     1.5983     1.3004     100.00   26.05944  -93.72320   -0.00009   -0.00036         13  0.000e+00
     188846   7868.542    520.902    524.979     9.2440     9.2450   3.771726   3.771651     1.5983     1.3004     100.00   26.05944  -93.72320   -0.00011   -0.00036         13  0.000e+00
     188847   7868.583    520.848    524.924     9.2440     9.2450   3.771726   3.771651     1.5995     1.2991     100.00   26.05944  -93.72320   -0.00010   -0.00036         13  0.000e+00
     188848   7868.625    520.848    524.924     9.2443     9.2451   3.771700   3.771698     1.5995     1.3004     100.00   26.05944  -93.72320   -0.00010   -0.00036         13  0.000e+00
     188849   7868.667    520.848    524.924     9.2443     9.2452   3.771713   3.771691     1.5995     1.3004     100.00   26.05944  -93.72320   -0.00008   -0.00036         13  0.000e+00
     188850   7868.708    520.848    524.924     9.2442     9.2453   3.771746   3.771705     1.5983     1.2991     100.00   26.05944  -93.72320   -0.00009   -0.00036         13  0.000e+00
     188851   7868.750    520.848    524.924     9.2442     9.2452   3.771759   3.771718     1.5983     1.3004     100.00   26.05944  -93.72320   -0.00011   -0.00034         13  0.000e+00
     188852   7868.792    520.848    524.924     9.2442     9.2453   3.771779   3.771712     1.5983     1.3004     100.00   26.05942  -93.72320   -0.00010   -0.00032         13  0.000e+00
     188853   7868.833    520.848    524.924     9.2443     9.2452   3.771766   3.771718     1.5995     1.3004     100.00   26.05942  -93.72320   -0.00008   -0.00030         13  0.000e+00
     188854   7868.875    520.800    524.876     9.2445     9.2453   3.771779   3.771712     1.5983     1.3004     100.00   26.05942  -93.72320   -0.00008   -0.00028         13  0.000e+00
     188855   7868.917    520.889    524.965     9.2443     9.2453   3.771766   3.771718     1.5983     1.3004     100.00   26.05942  -93.72320   -0.00007   -0.00026         13  0.000e+00
     188856   7868.958    520.800    524.876     9.2445     9.2453   3.771779   3.771712     1.5983     1.3004     100.00   26.05942  -93.72320   -0.00009   -0.00024         13  0.000e+00
     188857   7869.000    520.848    524.924     9.2445     9.2455   3.771792   3.771745     1.5983     1.2991     100.00   26.05942  -93.72320   -0.00010   -0.00026         13  0.000e+00
     188858   7869.042    520.848    524.924     9.2448     9.2453   3.771792   3.771718     1.5995     1.3004     100.00   26.05942  -93.72320   -0.00010   -0.00026         13  0.000e+00
     188859   7869.083    520.848    524.924     9.2448     9.2453   3.771792   3.771691     1.5983     1.3004     100.00   26.05942  -93.72320   -0.00009   -0.00025         13  0.000e+00
     188860   7869.125    520.848    524.924     9.2446     9.2455   3.771812   3.771705     1.5983     1.2991     100.00   26.05942  -93.72320   -0.00010   -0.00025         13  0.000e+00
     188861   7869.167    520.848    524.924     9.2448     9.2453   3.771772   3.771718     1.5983     1.3004     100.00   26.05942  -93.72320   -0.00010   -0.00023         13  0.000e+00
     188862   7869.208    520.800    524.876     9.2448     9.2453   3.771805   3.771712     1.5983     1.2991     100.00   26.05942  -93.72320   -0.00011   -0.00024         13  0.000e+00
     188863   7869.250    520.848    524.924     9.2448     9.2450   3.771799   3.771671     1.5983     1.3004     100.00   26.05942  -93.72320   -0.00011   -0.00024         13  0.000e+00
     188864   7869.292    520.848    524.924     9.2449     9.2453   3.771766   3.771698     1.5983     1.2991     100.00   26.05942  -93.72320   -0.00012   -0.00023         13  0.000e+00
     188865   7869.333    520.848    524.924     9.2448     9.2450   3.771799   3.771691     1.5995     1.3004     100.00   26.05942  -93.72320   -0.00010   -0.00023         13  0.000e+00
     188866   7869.375    520.801    524.876     9.2446     9.2452   3.771799   3.771678     1.5983     1.3004     100.00   26.05942  -93.72320   -0.00009   -0.00022         13  0.000e+00
     188867   7869.417    520.848    524.925     9.2446     9.2449   3.771766   3.771712     1.5995     1.3004     100.00   26.05942  -93.72320   -0.00009   -0.00020         13  0.000e+00
     188868   7869.458    520.848    524.925     9.2448     9.2450   3.771779   3.771685     1.5983     1.3004     100.00   26.05942  -93.72320   -0.00010   -0.00019         13  0.000e+00
     188869   7869.500    520.849    524.925     9.2446     9.2450   3.771812   3.771685     1.5995     1.3004     100.00   26.05942  -93.72320   -0.00009   -0.00019         13  0.000e+00
     188870   7869.542    520.849    524.925     9.2446     9.2452   3.771772   3.771678     1.5983     1.3004     100.00   26.05942  -93.72320   -0.00011   -0.00016         13  0.000e+00
     192550   8022.875    421.596    424.793    10.9580    10.9625   3.952311   3.952621     1.6899     1.3846     100.00   26.05944  -93.72318   -0.00001    0.00004         14  0.000e+00
     192551   8022.917    421.637    424.834    10.9585    10.9625   3.952317   3.952628     1.6899     1.3834     100.00   26.05944  -93.72318   -0.00000    0.00004         14  0.000e+00
     192552   8022.958    421.698    424.896    10.9583    10.9623   3.952311   3.952607     1.6899     1.3834     100.00   26.05944  -93.72318    0.00000    0.00004         14  0.000e+00
     192553   8023.000    421.596    424.793    10.9577    10.9623   3.952264   3.952600     1.6911     1.3834     100.00   26.05944  -93.72318    0.00002    0.00004         14  0.000e+00
     192554   8023.042    421.739    424.937    10.9575    10.9620   3.952264   3.952600     1.6899     1.3834     100.00   26.05944  -93.72318    0.00003    0.00004         14  0.000e+00
     192555   8023.083    421.596    424.793    10.9574    10.9623   3.952230   3.952573     1.6899     1.3834     100.00   26.05944  -93.72318    0.00003    0.00004         14  0.000e+00
     192556   8023.125    421.644    424.841    10.9568    10.9620   3.952176   3.952566     1.6899     1.3834     100.00   26.05944  -93.72318    0.00004    0.00004         14  0.000e+00
     192557   8023.167    421.644    424.841    10.9563    10.9620   3.952129   3.952539     1.6899     1.3834     100.00   26.05944  -93.72318    0.00004    0.00004         14  0.000e+00
     192558   8023.208    421.637    424.834    10.9563    10.9618   3.952102   3.952553     1.6899     1.3846     100.00   26.05944  -93.72318    0.00003    0.00005         14  0.000e+00
     192559   8023.250    421.644    424.841    10.9557    10.9616   3.952163   3.952539     1.6899     1.3834     100.00   26.05944  -93.72318    0.00001    0.00005         14  0.000e+00
     192560   8023.292    421.596    424.793    10.9568    10.9615   3.952196   3.952532     1.6899     1.3834     100.00   26.05944  -93.72318    0.00001    0.00005         14  0.000e+00
     192561   8023.333    421.637    424.834    10.9578    10.9616   3.952210   3.952498     1.6886     1.3834     100.00   26.05944  -93.72318   -0.00002    0.00005         14  0.000e+00
     192562   8023.375    421.644    424.841    10.9577    10.9615   3.952176   3.952491     1.6899     1.3834     100.00   26.05944  -93.72318   -0.00001    0.00005         14  0.000e+00
     192563   8023.417    421.596    424.793    10.9568    10.9615   3.952129   3.952491     1.6899     1.3846     100.00   26.05944  -93.72318   -0.00001    0.00007         14  0.000e+00
     192564   8023.458    421.637    424.834    10.9565    10.9608   3.952102   3.952491     1.6899     1.3834     100.00   26.05944  -93.72318   -0.00001    0.00007         14  0.000e+00
     192565   8023.500    421.548    424.745    10.9560    10.9601   3.952109   3.952464     1.6899     1.3846     100.00   26.05944  -93.72318   -0.00000    0.00009         14  0.000e+00
     192566   8023.542    421.596    424.793    10.9560    10.9605   3.952075   3.952430     1.6899     1.3846     100.00   26.05944  -93.72318   -0.00000    0.00010         14  0.000e+00
     192567   8023.583    421.589    424.786    10.9558    10.9605   3.952021   3.952444     1.6886     1.3834     100.00   26.05944  -93.72318   -0.00002    0.00010         14  0.000e+00
     192568   8023.625    421.596    424.793    10.9557    10.9608   3.952048   3.952457     1.6899     1.3846     100.00   26.05944  -93.72318   -0.00001    0.00012         14  0.000e+00
     192569   8023.667    421.596    424.793    10.9554    10.9605   3.952021   3.952478     1.6899     1.3834     100.00   26.05944  -93.72318   -0.00001    0.00012         14  0.000e+00
     192570   8023.708    421.589    424.786    10.9552    10.9603   3.951994   3.952437     1.6899     1.3834     100.00   26.05944  -93.72318   -0.00000    0.00011         14  0.000e+00
     192571   8023.750    421.548    424.745    10.9550    10.9598   3.952028   3.952375     1.6899     1.3834     100.00   26.05944  -93.72318   -0.00000    0.00011         14  0.000e+00
     192572   8023.792    421.596    424.793    10.9552    10.9600   3.952001   3.952355     1.6899     1.3834     100.00   26.05944  -93.72318    0.00000    0.00011         14  0.000e+00
     192573   8023.833    421.535    424.731    10.9555    10.9597   3.952028   3.952328     1.6899     1.3834     100.00   26.05944  -93.72318    0.00001    0.00011         14  0.000e+00
     192574   8023.875    421.548    424.745    10.9554    10.9585   3.952041   3.952293     1.6911     1.3846     100.00   26.05944  -93.72318    0.00003    0.00012         14  0.000e+00
     192575   8023.917    421.548    424.745    10.9557    10.9573   3.952028   3.952259     1.6899     1.3834     100.00   26.05944  -93.72318    0.00001    0.00012         14  0.000e+00
     192576   8023.958    421.535    424.731    10.9563    10.9569   3.952062   3.952225     1.6899     1.3834     100.00   26.05944  -93.72318    0.00001    0.00012         14  0.000e+00
     192577   8024.000    421.548    424.745    10.9567    10.9563   3.952095   3.952218     1.6899     1.3834     100.00   26.05944  -93.72318    0.00002    0.00012         14  0.000e+00
     192578   8024.042    421.548    424.745    10.9572    10.9566   3.952136   3.952198     1.6899     1.3834     100.00   26.05944  -93.72318    0.00002    0.00012         14  0.000e+00
     192579   8024.083    421.535    424.731    10.9570    10.9568   3.952190   3.952232     1.6899     1.3834     100.00   26.05944  -93.72318    0.00001    0.00011         14  0.000e+00
     192580   8024.125    421.548    424.745    10.9570    10.9574   3.952183   3.952253     1.6899     1.3834     100.00   26.05944  -93.72318    0.00001    0.00011         14  0.000e+00
     192581   8024.167    421.494    424.690    10.9574    10.9583   3.952223   3.952300     1.6899     1.3834     100.00   26.05944  -93.72318    0.00001    0.00011         14  0.000e+00
     192582   8024.208    421.494    424.690    10.9577    10.9578   3.952243   3.952266     1.6899     1.3834     100.00   26.05944  -93.72318    0.00001    0.00011         14  0.000e+00
     192583   8024.250    421.535    424.731    10.9580    10.9569   3.952264   3.952253     1.6899     1.3834     100.00   26.05944  -93.72318    0.00002    0.00011         14  0.000e+00
     192584   8024.292    421.548    424.745    10.9587    10.9566   3.952277   3.952253     1.6899     1.3834     100.00   26.05944  -93.72318    0.00002    0.00010         14  0.000e+00
     192585   8024.333    421.494    424.690    10.9588    10.9569   3.952378   3.952300     1.6899     1.3834     100.00   26.05944  -93.72318    0.00002    0.00010         14  0.000e+00
     192586   8024.375    421.487    424.683    10.9593    10.9562   3.952391   3.952293     1.6899     1.3834     100.00   26.05944  -93.72318    0.00002    0.00010         14  0.000e+00
     192587   8024.417    421.494    424.690    10.9602    10.9573   3.952405   3.952334     1.6899     1.3834     100.00   26.05944  -93.72318    0.00004    0.00010         14  0.000e+00
     192588   8024.458    421.494    424.690    10.9603    10.9586   3.952418   3.952375     1.6899     1.3846     100.00   26.05944  -93.72318    0.00005    0.00011         14  0.000e+00
     192589   8024.500    421.487    424.683    10.9600    10.9591   3.952412   3.952409     1.6899     1.3834     100.00   26.05944  -93.72318    0.00005    0.00011         14  0.000e+00
     192590   8024.542    421.548    424.745    10.9598    10.9592   3.952391   3.952396     1.6899     1.3846     100.00   26.05944  -93.72318    0.00005    0.00012         14  0.000e+00
     192591   8024.583    421.446    424.642    10.9597    10.9601   3.952378   3.952443     1.6911     1.3834     100.00   26.05944  -93.72318    0.00005    0.00010         14  0.000e+00
     192592   8024.625    421.535    424.731    10.9602    10.9608   3.952412   3.952430     1.6899     1.3846     100.00   26.05944  -93.72318    0.00004    0.00012         14  0.000e+00
     192593   8024.667    421.446    424.642    10.9605    10.9608   3.952439   3.952471     1.6899     1.3846     100.00   26.05944  -93.72318    0.00004    0.00013         14  0.000e+00
     192594   8024.708    421.494    424.690    10.9608    10.9610   3.952452   3.952491     1.6899     1.3834     100.00   26.05944  -93.72318    0.00004    0.00013         14  0.000e+00
     192595   8024.750    421.487    424.683    10.9610    10.9610   3.952472   3.952519     1.6886     1.3834     100.00   26.05944  -93.72318    0.00003    0.00012         14  0.000e+00
     192596   8024.792    421.494    424.690    10.9605    10.9612   3.952486   3.952532     1.6899     1.3834     100.00   26.05944  -93.72318    0.00001    0.00012         14  0.000e+00
     192597   8024.833    421.494    424.690    10.9590    10.9613   3.952479   3.952532     1.6899     1.3846     100.00   26.05944  -93.72318    0.00001    0.00013         14  0.000e+00
     192598   8024.875    421.487    424.683    10.9580    10.9616   3.952486   3.952478     1.6899     1.3846     100.00   26.05944  -93.72318    0.00001    0.00015         14  0.000e+00
     192599   8024.917    421.494    424.690    10.9577    10.9615   3.952479   3.952484     1.6899     1.3846     100.00   26.05944  -93.72318    0.00002    0.00016         14  0.000e+00
     192600   8024.958    421.446    424.642    10.9576    10.9615   3.952486   3.952518     1.6899     1.3846     100.00   26.05944  -93.72318    0.00002    0.00017         14  0.000e+00
     192601   8025.000    421.487    424.683    10.9578    10.9616   3.952506   3.952532     1.6899     1.3846     100.00   26.05944  -93.72318    0.00002    0.00017         14  0.000e+00
     192602   8025.042    421.494    424.690    10.9575    10.9613   3.952492   3.952532     1.6899     1.3834     100.00   26.05944  -93.72318    0.00002    0.00016         14  0.000e+00
     192603   8025.083    421.494    424.690    10.9578    10.9615   3.952452   3.952471     1.6899     1.3834     100.00   26.05944  -93.72318    0.00002    0.00015         14  0.000e+00
     192604   8025.125    421.487    424.683    10.9577    10.9611   3.952452   3.952478     1.6899     1.3834     100.00   26.05944  -93.72318    0.00002    0.00015         14  0.000e+00
     192605   8025.167    421.494    424.690    10.9580    10.9613   3.952472   3.952519     1.6899     1.3834     100.00   26.05944  -93.72318    0.00003    0.00014         14  0.000e+00
     192606   8025.208    421.446    424.642    10.9595    10.9613   3.952486   3.952471     1.6899     1.3846     100.00   26.05944  -93.72318    0.00005    0.00015         14  0.000e+00
     192607   8025.250    421.535    424.731    10.9608    10.9613   3.952506   3.952478     1.6899     1.3846     100.00   26.05944  -93.72318    0.00005    0.00017         14  0.000e+00
