Gulf of Mexico/GOMECC-4/1db/rb2103_0851.cnv
* Sea-Bird SBE 9 Data File:
* FileName = C:\Users\scs.user.rb\CTD\GOMECC4\data\rb2103_0851.hex
* Software Version Seasave V 7.26.7.107
* Temperature SN = 4799
* Conductivity SN = 3860
* Number of Bytes Per Scan = 41
* Number of Voltage Words = 4
* Number of Scans Averaged by the Deck Unit = 1
* NMEA Latitude = 20 36.04 N
* NMEA Longitude = 094 17.37 W
* NMEA UTC (Time) = Oct 07 2021  22:53:37
* NMEA baud rate = 4800
# nquan = 28
# nvalues = 648                         
# units = specified
# name 0 = scan: Scan Count
# name 1 = timeS: Time, Elapsed [seconds]
# name 2 = depSM: Depth [salt water, m]
# name 3 = prDM: Pressure, Digiquartz [db]
# name 4 = t090C: Temperature [ITS-90, deg C]
# name 5 = t190C: Temperature, 2 [ITS-90, deg C]
# name 6 = c0S/m: Conductivity [S/m]
# name 7 = c1S/m: Conductivity, 2 [S/m]
# name 8 = sbeox0V: Oxygen raw, SBE 43 [V]
# name 9 = sbeox1V: Oxygen raw, SBE 43, 2 [V]
# name 10 = altM: Altimeter [m]
# name 11 = latitude: Latitude [deg]
# name 12 = longitude: Longitude [deg]
# name 13 = sbox0dV/dT: Oxygen, SBE 43 [dov/dt]
# name 14 = sbox1dV/dT: Oxygen, SBE 43, 2 [dov/dt]
# name 15 = sbeox0ML/L: Oxygen, SBE 43 [ml/l], WS = 5
# name 16 = sbeox1ML/L: Oxygen, SBE 43, 2 [ml/l], WS = 5
# name 17 = potemp090C: Potential Temperature [ITS-90, deg C]
# name 18 = potemp190C: Potential Temperature, 2 [ITS-90, deg C]
# name 19 = sal00: Salinity, Practical [PSU]
# name 20 = sal11: Salinity, Practical, 2 [PSU]
# name 21 = sigma-é00: Density [sigma-theta, kg/m^3]
# name 22 = sigma-é11: Density, 2 [sigma-theta, kg/m^3]
# name 23 = avgsvCM: Average Sound Velocity [Chen-Millero, m/s], minP = 20, minS = 20
# name 24 = sbox0Mm/Kg: Oxygen, SBE 43 [umol/kg], WS = 5
# name 25 = sbox1Mm/Kg: Oxygen, SBE 43, 2 [umol/kg], WS = 5
# name 26 = nbin: number of scans per bin
# name 27 = flag: flag
# span 0 =      14634,     160673       
# span 1 =    609.707,   6694.685       
# span 2 =      0.994,   1863.038       
# span 3 =      1.000,   1883.000       
# span 4 =     4.2605,    31.5653       
# span 5 =     4.2611,    29.4144       
# span 6 =   3.342030,   5.988170       
# span 7 =   3.341986,   5.987266       
# span 8 =     1.5727,     3.3151       
# span 9 =     1.2749,     2.8294       
# span 10 =      11.18,     106.54      
# span 11 =   20.55327,   20.62894      
# span 12 =  -94.42086,  -94.07455      
# span 13 =   -0.03694,    0.02719      
# span 14 =   -0.03597,    0.02323      
# span 15 =     2.3954,     4.8947      
# span 16 =     2.4123,     4.8920      
# span 17 =     4.1018,    31.5631      
# span 18 =     4.1025,    29.4070      
# span 19 =    34.9133,    39.1364      
# span 20 =    34.9116,    36.5231      
# span 21 =    23.0047,    27.7540      
# span 22 =    23.0048,    27.7529      
# span 23 =       0.00,    1548.93      
# span 24 =    104.154,    213.506      
# span 25 =    104.890,    213.393      
# span 26 =         30,         73      
# span 27 = 0.0000e+00, 0.0000e+00      
# interval = decibars: 1                
# start_time = Oct 07 2021 22:53:37 [NMEA time, header]
# bad_flag = -9.990e-29
*END*
[from data line 208]
      45013   1875.480   1047.840   1057.000     4.7191     4.7195   3.362790   3.362757     1.9189     1.5995     100.00   20.60033  -94.28782    0.00030    0.00033     4.2027     4.2312     4.6321     4.6325    34.9481    34.9474    27.6763    27.6756    1498.50    182.638    183.877         30 0.0000e+00
      45044   1876.809   1048.829   1058.000     4.7191     4.7194   3.362898   3.362855     1.9192     1.5994     100.00   20.60078  -94.28986    0.00025    0.00025     4.2041     4.2313     4.6320     4.6323    34.9489    34.9481    27.6769    27.6763    1498.53    182.699    183.881         31 0.0000e+00
      45143   1880.927   1052.784   1062.000     4.7169     4.7172   3.362860   3.362819     1.9190     1.5990     100.00   20.60067  -94.28936   -0.00011   -0.00010     4.2059     4.2326     4.6294     4.6297    34.9488    34.9480    27.6772    27.6765    1498.47    182.775    183.936         30 0.0000e+00
      49045   2043.513   1203.030   1214.000     4.4673     4.4677   3.347749   3.347708     1.9508     1.6294     100.00   20.60028  -94.28761    0.00031    0.00054     4.4346     4.4654     4.3683     4.3687    34.9588    34.9579    27.7140    27.7132    1497.09    192.707    194.046         30 0.0000e+00
      50460   2102.464   1257.369   1269.000     4.3879     4.3883   3.343311   3.343264     1.9637     1.6410     100.00   20.60061  -94.28923    0.00042    0.00020     4.5231     4.5530     4.2847     4.2850    34.9630    34.9621    27.7264    27.7257    1496.76    196.552    197.852         30 0.0000e+00
      50718   2113.214   1267.247   1279.000     4.3833     4.3838   3.343375   3.343328     1.9645     1.6405      77.56   20.60081  -94.29016   -0.00006   -0.00009     4.5325     4.5577     4.2792     4.2796    34.9636    34.9626    27.7276    27.7267    1496.71    196.961    198.057         31 0.0000e+00
      52905   2204.314   1351.194   1364.000     4.3271     4.3275   3.342184   3.342109     1.9641     1.6410      63.00   20.60078  -94.29010    0.00014    0.00003     4.5891     4.6175     4.2158     4.2162    34.9664    34.9655    27.7366    27.7358    1496.28    199.418    200.650         34 0.0000e+00
      53035   2209.756   1356.131   1369.000     4.3253     4.3255   3.342192   3.342128     1.9665     1.6435      99.51   20.60062  -94.28937    0.00054    0.00042     4.6006     4.6306     4.2136     4.2137    34.9663    34.9654    27.7367    27.7360    1496.25    199.918    201.220         34 0.0000e+00
      53270   2219.549   1365.017   1378.000     4.3188     4.3192   3.342030   3.341986     1.9669     1.6434     100.00   20.60063  -94.28945    0.00006   -0.00005     4.6085     4.6363     4.2063     4.2067    34.9668    34.9659    27.7380    27.7371    1496.21    200.260    201.468         30 0.0000e+00
      53791   2241.263   1384.763   1398.000     4.3110     4.3114   3.342195   3.342149     1.9669     1.6435      84.42   20.60048  -94.28885   -0.00010    0.00005     4.6215     4.6498     4.1967     4.1972    34.9671    34.9661    27.7392    27.7383    1496.13    200.824    202.056         31 0.0000e+00
      53823   2242.600   1385.750   1399.000     4.3109     4.3114   3.342281   3.342216     1.9671     1.6435     100.45   20.60074  -94.29006   -0.00006    0.00002     4.6227     4.6505     4.1966     4.1970    34.9677    34.9665    27.7397    27.7387    1496.14    200.876    202.085         30 0.0000e+00
      55514   2313.046   1449.911   1464.000     4.2944     4.2947   3.343611   3.343560     1.9628     1.6386     100.00   20.60077  -94.29028   -0.00008   -0.00002     4.6481     4.6724     4.1742     4.1745    34.9688    34.9678    27.7429    27.7421    1495.94    201.982    203.035         31 0.0000e+00
      55645   2318.488   1454.846   1469.000     4.2950     4.2954   3.343928   3.343883     1.9623     1.6386     100.00   20.60119  -94.29219   -0.00003   -0.00001     4.6491     4.6752     4.1743     4.1748    34.9695    34.9685    27.7435    27.7426    1495.95    202.024    203.160         30 0.0000e+00
      55980   2332.447   1467.675   1482.000     4.2913     4.2917   3.344067   3.344015     1.9609     1.6376     100.00   20.60046  -94.28884   -0.00018   -0.00019     4.6521     4.6796     4.1695     4.1699    34.9685    34.9675    27.7432    27.7424    1495.87    202.156    203.349         30 0.0000e+00
      56319   2346.573   1480.505   1495.000     4.2881     4.2882   3.344398   3.344317     1.9609     1.6362     100.00   20.60081  -94.29057   -0.00002   -0.00022     4.6605     4.6820     4.1651     4.1652    34.9694    34.9684    27.7444    27.7436    1495.87    202.519    203.455         30 0.0000e+00
      57410   2392.026   1521.946   1537.000     4.2787     4.2790   3.345296   3.345250     1.9572     1.6336     100.00   20.60040  -94.28870    0.00001   -0.00003     4.6732     4.6983     4.1519     4.1522    34.9693    34.9685    27.7458    27.7450    1495.76    203.072    204.161         30 0.0000e+00
      57538   2397.372   1526.879   1542.000     4.2791     4.2795   3.345565   3.345518     1.9562     1.6328      97.61   20.60052  -94.28922   -0.00020   -0.00018     4.6723     4.6980     4.1518     4.1523    34.9696    34.9686    27.7460    27.7451    1495.76    203.030    204.149         30 0.0000e+00
      58086   2420.206   1547.596   1563.000     4.2636     4.2634   3.345185   3.345086     1.9559     1.6325     100.00   20.60088  -94.29087    0.00012   -0.00001     4.6860     4.7117     4.1345     4.1343    34.9713    34.9703    27.7492    27.7484    1495.74    203.628    204.745         30 0.0000e+00
      59431   2476.246   1598.888   1615.000     4.2644     4.2649   3.347379   3.347343     1.9491     1.6258     100.00   20.60051  -94.28917   -0.00023    0.00002     4.6917     4.7155     4.1305     4.1309    34.9708    34.9699    27.7492    27.7484    1495.66    203.873    204.908         30 0.0000e+00
      59769   2490.337   1611.708   1628.000     4.2648     4.2651   3.347970   3.347913     1.9474     1.6239     100.00   20.60057  -94.28946   -0.00015   -0.00006     4.6933     4.7157     4.1296     4.1299    34.9711    34.9700    27.7495    27.7487    1495.66    203.943    204.917         30 0.0000e+00
      60573   2523.844   1642.278   1659.000     4.2642     4.2646   3.349214   3.349169     1.9429     1.6198     100.00   20.60063  -94.28973   -0.00021   -0.00021     4.6947     4.7178     4.1260     4.1265    34.9713    34.9703    27.7501    27.7492    1495.64    204.005    205.009         30 0.0000e+00
      62296   2595.631   1707.347   1725.000     4.2615     4.2620   3.351716   3.351662     1.9340     1.6116      99.20   20.60046  -94.28886   -0.00011   -0.00003     4.7011     4.7241     4.1170     4.1176    34.9716    34.9704    27.7513    27.7503    1495.63    204.281    205.282         31 0.0000e+00
      62430   2601.218   1712.276   1730.000     4.2610     4.2615   3.351960   3.351905     1.9332     1.6105      67.90   20.60099  -94.29126   -0.00012   -0.00013     4.7011     4.7228     4.1161     4.1166    34.9726    34.9714    27.7522    27.7512    1495.67    204.281    205.225         30 0.0000e+00
      62563   2606.737   1717.204   1735.000     4.2610     4.2615   3.352138   3.352084     1.9320     1.6094     100.00   20.60080  -94.29043   -0.00015   -0.00007     4.6996     4.7210     4.1156     4.1161    34.9723    34.9711    27.7520    27.7510    1495.66    204.218    205.147         30 0.0000e+00
      62695   2612.238   1722.133   1740.000     4.2615     4.2619   3.352384   3.352334     1.9315     1.6093     100.00   20.60081  -94.29049   -0.00010   -0.00002     4.7005     4.7236     4.1156     4.1161    34.9723    34.9712    27.7520    27.7511    1495.67    204.254    205.261         30 0.0000e+00
      62877   2619.838   1729.033   1747.000     4.2620     4.2625   3.352693   3.352642     1.9303     1.6080      69.08   20.60061  -94.28958   -0.00011   -0.00013     4.7001     4.7227     4.1155     4.1159    34.9719    34.9709    27.7517    27.7508    1495.65    204.239    205.223         30 0.0000e+00
      63167   2631.927   1739.874   1758.000     4.2625     4.2630   3.353203   3.353146     1.9288     1.6057     100.00   20.60066  -94.28979   -0.00007   -0.00022     4.7008     4.7194     4.1149     4.1154    34.9721    34.9710    27.7519    27.7510    1495.66    204.270    205.077         32 0.0000e+00
      63301   2637.513   1744.802   1763.000     4.2630     4.2635   3.353477   3.353424     1.9279     1.6050      99.72   20.60082  -94.29063   -0.00015   -0.00012     4.7003     4.7197     4.1149     4.1154    34.9725    34.9713    27.7522    27.7512    1495.68    204.247    205.090         31 0.0000e+00
      63406   2641.874   1748.745   1767.000     4.2633     4.2639   3.353653   3.353607     1.9268     1.6044      96.46   20.60072  -94.29014   -0.00022   -0.00008     4.6984     4.7194     4.1148     4.1154    34.9722    34.9711    27.7520    27.7511    1495.67    204.164    205.078         31 0.0000e+00
      63509   2646.165   1752.687   1771.000     4.2636     4.2641   3.353817   3.353763     1.9265     1.6040     100.00   20.60055  -94.28937   -0.00012   -0.00009     4.6996     4.7203     4.1147     4.1152    34.9720    34.9708    27.7518    27.7508    1495.67    204.219    205.116         30 0.0000e+00
      63540   2647.463   1753.672   1772.000     4.2636     4.2642   3.353888   3.353836     1.9263     1.6037     100.00   20.60072  -94.29016   -0.00004   -0.00014     4.6993     4.7194     4.1146     4.1152    34.9722    34.9711    27.7520    27.7511    1495.68    204.205    205.078         30 0.0000e+00
      64878   2703.197   1803.928   1823.000     4.2651     4.2656   3.356081   3.356030     1.9183     1.5958      69.30   20.60047  -94.28904   -0.00025   -0.00029     4.6990     4.7170     4.1112     4.1117    34.9720    34.9709    27.7522    27.7513    1495.71    204.192    204.973         30 0.0000e+00
      64909   2704.492   1804.914   1824.000     4.2652     4.2657   3.356168   3.356117     1.9181     1.5958      68.04   20.60072  -94.29018   -0.00020   -0.00033     4.6990     4.7177     4.1111     4.1117    34.9725    34.9713    27.7526    27.7516    1495.73    204.191    205.001         30 0.0000e+00
      65673   2736.313   1833.485   1853.000     4.2660     4.2664   3.357402   3.357350     1.9138     1.5917      39.60   20.60056  -94.28949   -0.00014   -0.00018     4.6998     4.7178     4.1091     4.1095    34.9723    34.9712    27.7527    27.7517    1495.75    204.225    205.006         31 0.0000e+00
      66215   2758.910   1853.187   1873.000     4.2635     4.2640   3.357970   3.357917     1.9108     1.5893      19.70   20.60020  -94.28784   -0.00004    0.00017     4.7006     4.7203     4.1047     4.1052    34.9719    34.9708    27.7528    27.7519    1495.75    204.259    205.115         48 0.0000e+00
      66265   2761.015   1854.172   1874.000     4.2636     4.2641   3.358081   3.358039     1.9108     1.5894      18.71   20.60072  -94.29022   -0.00004    0.00008     4.7009     4.7213     4.1046     4.1052    34.9728    34.9717    27.7535    27.7526    1495.79    204.272    205.160         49 0.0000e+00
      66314   2763.042   1855.157   1875.000     4.2633     4.2639   3.358105   3.358063     1.9106     1.5895      17.78   20.60072  -94.29022   -0.00007    0.00007     4.7008     4.7224     4.1043     4.1049    34.9729    34.9717    27.7536    27.7527    1495.80    204.269    205.208         49 0.0000e+00
      66373   2765.486   1856.142   1876.000     4.2632     4.2638   3.358133   3.358090     1.9108     1.5893      16.75   20.60072  -94.29022    0.00001   -0.00004     4.7021     4.7222     4.1041     4.1047    34.9728    34.9717    27.7536    27.7527    1495.80    204.325    205.199         64 0.0000e+00
      66448   2768.645   1857.128   1877.000     4.2627     4.2634   3.358137   3.358094     1.9109     1.5890      15.86   20.60072  -94.29024    0.00008   -0.00015     4.7032     4.7212     4.1035     4.1042    34.9729    34.9717    27.7537    27.7527    1495.80    204.373    205.157         40 0.0000e+00
      66538   2772.394   1858.113   1878.000     4.2628     4.2635   3.358186   3.358142     1.9108     1.5885      14.93   20.60072  -94.29024   -0.00004   -0.00009     4.7033     4.7198     4.1035     4.1041    34.9728    34.9717    27.7537    27.7527    1495.80    204.376    205.093         62 0.0000e+00
      66638   2776.526   1859.098   1879.000     4.2623     4.2629   3.358179   3.358132     1.9103     1.5885      13.95   20.60072  -94.29024   -0.00005   -0.00001     4.7022     4.7207     4.1029     4.1035    34.9729    34.9717    27.7538    27.7528    1495.80    204.329    205.132         42 0.0000e+00
      66726   2780.193   1860.083   1880.000     4.2619     4.2625   3.358193   3.358140     1.9101     1.5888      13.09   20.60072  -94.29024   -0.00003    0.00004     4.7020     4.7226     4.1024     4.1030    34.9729    34.9717    27.7539    27.7529    1495.80    204.320    205.215         48 0.0000e+00
      66820   2784.128   1861.068   1881.000     4.2619     4.2624   3.358227   3.358174     1.9102     1.5891      12.16   20.60072  -94.29025   -0.00005    0.00003     4.7029     4.7243     4.1023     4.1028    34.9729    34.9717    27.7539    27.7529    1495.81    204.359    205.288         42 0.0000e+00
      66913   2787.994   1862.053   1882.000     4.2616     4.2623   3.358245   3.358199     1.9101     1.5886      11.18   20.60072  -94.29026    0.00006   -0.00008     4.7034     4.7228     4.1019     4.1026    34.9730    34.9717    27.7540    27.7529    1495.81    204.382    205.224         41 0.0000e+00
      67315   2804.757   1863.038   1883.000     4.2619     4.2627   3.358296   3.358274     1.9105     1.5885      15.41   20.60072  -94.29028    0.00002    0.00001     4.7053     4.7232     4.1021     4.1029    34.9727    34.9717    27.7537    27.7528    1495.81    204.463    205.241         60 0.0000e+00
      69368   2890.286   1862.053   1882.000     4.2615     4.2622   3.358219   3.358183     1.9101     1.5887      12.70   20.60070  -94.29037   -0.00006    0.00003     4.7033     4.7232     4.1018     4.1025    34.9728    34.9716    27.7538    27.7528    1495.81    204.376    205.244         45 0.0000e+00
      69640   2901.639   1861.068   1881.000     4.2615     4.2623   3.358189   3.358150     1.9105     1.5885      13.50   20.60070  -94.29038    0.00009   -0.00001     4.7044     4.7221     4.1019     4.1027    34.9729    34.9716    27.7539    27.7528    1495.81    204.425    205.192         46 0.0000e+00
      69723   2905.086   1860.083   1880.000     4.2615     4.2621   3.358150   3.358091     1.9106     1.5885      14.39   20.60070  -94.29040    0.00006    0.00001     4.7041     4.7214     4.1020     4.1026    34.9729    34.9716    27.7539    27.7528    1495.81    204.414    205.163         61 0.0000e+00
      69808   2908.610   1859.098   1879.000     4.2613     4.2621   3.358083   3.358053     1.9105     1.5885      15.41   20.60070  -94.29040   -0.00005   -0.00001     4.7031     4.7209     4.1019     4.1027    34.9728    34.9716    27.7539    27.7528    1495.81    204.367    205.140         41 0.0000e+00
      69888   2911.965   1858.113   1878.000     4.2614     4.2621   3.358063   3.358016     1.9105     1.5885      16.33   20.60070  -94.29040    0.00008   -0.00002     4.7025     4.7199     4.1021     4.1028    34.9729    34.9716    27.7539    27.7528    1495.81    204.343    205.097         58 0.0000e+00
