Gulf of Mexico/GOMECC-4/1db/rb2103_1321.cnv
* Sea-Bird SBE 9 Data File:
* FileName = C:\Users\scs.user.rb\CTD\GOMECC4\data\rb2103_1321.hex
* Software Version Seasave V 7.26.7.107
* Temperature SN = 4799
* Conductivity SN = 3860
* Number of Bytes Per Scan = 41
* Number of Voltage Words = 4
* Number of Scans Averaged by the Deck Unit = 1
* NMEA Latitude = 26 37.21 N
* NMEA Longitude = 083 14.37 W
* NMEA UTC (Time) = Oct 19 2021  18:16:13
* NMEA baud rate = 4800
# nquan = 28
# nvalues = 41                          
# units = specified
# name 0 = scan: Scan Count
# name 1 = timeS: Time, Elapsed [seconds]
# name 2 = depSM: Depth [salt water, m]
# name 3 = prDM: Pressure, Digiquartz [db]
# name 4 = t090C: Temperature [ITS-90, deg C]
# name 5 = t190C: Temperature, 2 [ITS-90, deg C]
# name 6 = c0S/m: Conductivity [S/m]
# name 7 = c1S/m: Conductivity, 2 [S/m]
# name 8 = sbeox0V: Oxygen raw, SBE 43 [V]
# name 9 = sbeox1V: Oxygen raw, SBE 43, 2 [V]
# name 10 = altM: Altimeter [m]
# name 11 = latitude: Latitude [deg]
# name 12 = longitude: Longitude [deg]
# name 13 = sbox0dV/dT: Oxygen, SBE 43 [dov/dt]
# name 14 = sbox1dV/dT: Oxygen, SBE 43, 2 [dov/dt]
# name 15 = sbeox0ML/L: Oxygen, SBE 43 [ml/l], WS = 5
# name 16 = sbeox1ML/L: Oxygen, SBE 43, 2 [ml/l], WS = 5
# name 17 = potemp090C: Potential Temperature [ITS-90, deg C]
# name 18 = potemp190C: Potential Temperature, 2 [ITS-90, deg C]
# name 19 = sal00: Salinity, Practical [PSU]
# name 20 = sal11: Salinity, Practical, 2 [PSU]
# name 21 = sigma-é00: Density [sigma-theta, kg/m^3]
# name 22 = sigma-é11: Density, 2 [sigma-theta, kg/m^3]
# name 23 = avgsvCM: Average Sound Velocity [Chen-Millero, m/s], minP = 20, minS = 20
# name 24 = sbox0Mm/Kg: Oxygen, SBE 43 [umol/kg], WS = 5
# name 25 = sbox1Mm/Kg: Oxygen, SBE 43, 2 [umol/kg], WS = 5
# name 26 = nbin: number of scans per bin
# name 27 = flag: flag
# span 0 =      12193,      36667       
# span 1 =    507.992,   1527.732       
# span 2 =      1.987,     38.741       
# span 3 =      2.000,     39.000       
# span 4 =    26.7375,    29.2331       
# span 5 =    26.7956,    29.2351       
# span 6 =   5.656075,   5.946171       
# span 7 =   5.663903,   5.946477       
# span 8 =     2.7624,     3.1809       
# span 9 =     2.3174,     2.6835       
# span 10 =       8.84,      44.18      
# span 11 =   26.46434,   27.20830      
# span 12 =  -85.07926,  -82.75264      
# span 13 =   -0.00097,    0.00685      
# span 14 =   -0.00180,    0.00247      
# span 15 =     3.8403,     4.4384      
# span 16 =     3.8085,     4.4047      
# span 17 =    26.7288,    29.2312      
# span 18 =    26.7867,    29.2332      
# span 19 =    35.6984,    36.7021      
# span 20 =    35.6990,    36.7027      
# span 21 =    22.7461,    23.7719      
# span 22 =    22.7462,    23.7768      
# span 23 =       0.00,    1572.74      
# span 24 =    167.536,    193.785      
# span 25 =    166.154,    192.315      
# span 26 =         30,         73      
# span 27 = 0.0000e+00, 0.0000e+00      
# interval = decibars: 1                
# start_time = Oct 19 2021 18:16:13 [NMEA time, header]
# bad_flag = -9.990e-29
*END*
      12193    507.992      3.974      4.000    28.6020    28.6036   5.817537   5.817830     3.1161     2.6256      42.61   26.61995  -83.23960    0.00092   -0.00025     4.3476     4.3077    28.6010    28.6026    35.9084    35.9093    22.8795    22.8797       0.00    189.821    188.078         69 0.0000e+00
      12721    529.985      4.967      5.000    28.6018    28.6038   5.817579   5.817895     3.1141     2.6272      41.67   26.61996  -83.23960    0.00018   -0.00020     4.3444     4.3114    28.6006    28.6026    35.9086    35.9093    22.8798    22.8797       0.00    189.682    188.242         42 0.0000e+00
      12822    534.198      5.961      6.000    28.6013    28.6026   5.817579   5.817837     3.1151     2.6261      40.75   26.61996  -83.23960    0.00073   -0.00032     4.3468     4.3099    28.5999    28.6012    35.9086    35.9095    22.8801    22.8803       0.00    189.788    188.174         31 0.0000e+00
      13311    554.574      7.947      8.000    29.2331    29.2351   5.946171   5.946477     3.1809     2.6835      39.73   27.20830  -85.07926   -0.00025   -0.00066     4.4384     4.4047    29.2312    29.2332    36.7021    36.7027    23.3859    23.3857       0.00    193.785    192.315         48 0.0000e+00
      13151    547.929      8.941      9.000    28.6015    28.6035   5.817682   5.818014     3.1111     2.6232      37.73   26.61998  -83.23960   -0.00003   -0.00014     4.3411     4.3054    28.5993    28.6013    35.9083    35.9091    22.8800    22.8800       0.00    189.539    187.978         52 0.0000e+00
      13254    552.200      9.934     10.000    28.6007    28.6034   5.817583   5.818052     3.1110     2.6290      36.77   26.61998  -83.23959    0.00004    0.00147     4.3416     4.3176    28.5983    28.6010    35.9079    35.9091    22.8800    22.8801       0.00    189.558    188.512         51 0.0000e+00
      13360    556.639     10.928     11.000    28.6010    28.6034   5.817655   5.818107     3.1121     2.6281      35.62   26.62000  -83.23958    0.00023   -0.00090     4.3440     4.3164    28.5983    28.6007    35.9079    35.9093    22.8801    22.8803       0.00    189.664    188.457         36 0.0000e+00
      13448    560.282     11.921     12.000    28.6021    28.6039   5.817879   5.818201     3.1109     2.6281      34.78   26.62000  -83.23958   -0.00024    0.00038     4.3423     4.3169    28.5992    28.6010    35.9084    35.9092    22.8801    22.8802       0.00    189.587    188.482         41 0.0000e+00
      13529    563.652     12.914     13.000    28.6020    28.6039   5.817908   5.818234     3.1137     2.6272      33.85   26.62000  -83.23958    0.00073    0.00046     4.3479     4.3156    28.5989    28.6008    35.9083    35.9091    22.8801    22.8801       0.00    189.832    188.425         70 0.0000e+00
      13605    566.826     13.908     14.000    28.6047    28.6047   5.818189   5.818291     3.1127     2.6257      32.87   26.62000  -83.23958   -0.00015   -0.00066     4.3464     4.3130    28.6013    28.6014    35.9080    35.9087    22.8791    22.8796       0.00    189.767    188.310         73 0.0000e+00
      13684    570.125     14.901     15.000    28.6048    28.6065   5.818240   5.818554     3.1113     2.6250      31.93   26.62000  -83.23958   -0.00031   -0.00030     4.3444     4.3121    28.6012    28.6029    35.9079    35.9088    22.8791    22.8793       0.00    189.679    188.269         58 0.0000e+00
      13752    572.960     15.895     16.000    28.6047    28.6058   5.818287   5.818525     3.1110     2.6223      30.95   26.62000  -83.23958   -0.00032   -0.00060     4.3444     4.3071    28.6009    28.6019    35.9080    35.9089    22.8793    22.8796       0.00    189.680    188.054         68 0.0000e+00
      13823    575.927     16.888     17.000    28.6048    28.6063   5.818339   5.818640     3.1102     2.6240      30.06   26.62000  -83.23958   -0.00014   -0.00020     4.3435     4.3109    28.6008    28.6022    35.9080    35.9090    22.8793    22.8796       0.00    189.641    188.219         69 0.0000e+00
      13902    579.196     17.881     18.000    28.6052    28.6065   5.818424   5.818708     3.1107     2.6266      29.06   26.62000  -83.23958   -0.00012    0.00096     4.3449     4.3167    28.6009    28.6022    35.9080    35.9090    22.8793    22.8795       0.00    189.702    188.472         56 0.0000e+00
      13958    581.527     18.875     19.000    28.6051    28.6066   5.818455   5.818767     3.1083     2.6246      28.21   26.62000  -83.23958    0.00022   -0.00053     4.3410     4.3132    28.6006    28.6020    35.9080    35.9090    22.8793    22.8796       0.00    189.533    188.320         42 0.0000e+00
      14046    585.228     19.868     20.000    28.6037    28.6055   5.818305   5.818656     3.1095     2.6237      27.18   26.62000  -83.23958    0.00018   -0.00036     4.3437     4.3121    28.5989    28.6007    35.9077    35.9088    22.8797    22.8799     782.74    189.652    188.270         56 0.0000e+00
      14110    587.861     20.862     21.000    28.6029    28.6043   5.818255   5.818541     3.1092     2.6228      26.20   26.62000  -83.23958   -0.00018   -0.00089     4.3438     4.3108    28.5978    28.5993    35.9077    35.9086    22.8801    22.8803    1528.06    189.653    188.214         69 0.0000e+00
      14186    591.029     21.855     22.000    28.6031    28.6047   5.818337   5.818650     3.1107     2.6251      25.25   26.62000  -83.23958    0.00040    0.00073     4.3470     4.3159    28.5978    28.5995    35.9078    35.9087    22.8801    22.8803    1543.94    189.795    188.439         65 0.0000e+00
      14257    593.988     22.848     23.000    28.6021    28.6049   5.818206   5.818686     3.1083     2.6232      24.30   26.62000  -83.23958   -0.00059   -0.00030     4.3434     4.3125    28.5966    28.5994    35.9073    35.9086    22.8802    22.8802    1543.94    189.637    188.289         65 0.0000e+00
      14346    597.729     23.842     24.000    28.6014    28.6040   5.818167   5.818597     3.1072     2.6221      23.33   26.62000  -83.23958   -0.00022   -0.00045     4.3419     4.3109    28.5957    28.5982    35.9073    35.9083    22.8805    22.8804    1543.95    189.573    188.218         33 0.0000e+00
      14433    601.332     24.835     25.000    28.6016    28.6034   5.818235   5.818589     3.1060     2.6224      22.37   26.62000  -83.23958   -0.00063    0.00016     4.3403     4.3121    28.5956    28.5974    35.9073    35.9084    22.8805    22.8807    1543.95    189.500    188.272         60 0.0000e+00
      14521    604.986     25.828     26.000    28.5979    28.5995   5.817930   5.818193     3.1065     2.6225      21.43   26.62000  -83.23958    0.00016    0.00022     4.3418     4.3132    28.5916    28.5933    35.9071    35.9082    22.8817    22.8819    1543.95    189.568    188.319         73 0.0000e+00
      14614    608.856     26.821     27.000    28.5959    28.5989   5.817715   5.818134     3.1051     2.6194      20.48   26.62000  -83.23958    0.00003   -0.00099     4.3398     4.3074    28.5894    28.5924    35.9071    35.9081    22.8824    22.8822    1543.96    189.480    188.065         37 0.0000e+00
      14694    612.216     27.815     28.000    28.5941    28.5952   5.817550   5.817791     3.1030     2.6214      19.61   26.62000  -83.23958   -0.00088    0.00036     4.3369     4.3121    28.5874    28.5884    35.9074    35.9082    22.8833    22.8835    1543.96    189.352    188.271         43 0.0000e+00
      15258    635.710     31.788     32.000    28.8323    28.8338   5.866597   5.866916     3.1194     2.6390      16.11   26.84434  -83.94108   -0.00097    0.00068     4.3608     4.3415    28.8246    28.8262    36.2110    36.2121    23.0781    23.0784    1556.98    190.395    189.553         32 0.0000e+00
      19477    811.487     38.741     39.000    26.7653    26.7956   5.666108   5.669974     2.7764     2.3308       8.84   26.72236  -83.55917    0.00028   -0.00096     3.8593     3.8354    26.7564    26.7867    36.2792    36.2937    23.7719    23.7768    1549.69    168.363    167.323         38 0.0000e+00
      19520    813.303     37.748     38.000    26.7375    26.8098   5.656075   5.663903     2.7624     2.3174       9.63   26.62014  -83.23955   -0.00089   -0.00180     3.8403     3.8085    26.7288    26.8011    36.1881    36.1880    23.6997    23.6766    1543.76    167.536    166.154         46 0.0000e+00
      20303    845.897     32.781     33.000    28.6129    28.5720   5.844476   5.840135     3.0410     2.5702      14.81   26.82231  -83.87169    0.00545    0.00247     4.2271     4.2189    28.5919    28.5641    36.1986    36.2034    23.1397    23.1524    1555.48    184.544    184.180         32 0.0000e+00
      20222    842.544     31.788     32.000    28.3672    28.3713   5.800241   5.799223     3.0412     2.5647      15.40   26.62016  -83.23956    0.00685   -0.00089     4.2425     4.2143    28.3629    28.3637    35.9549    35.9471    22.9934    22.9873    1543.76    185.210    183.981         32 0.0000e+00
      22342    930.892     27.815     28.000    28.6041    28.6043   5.821573   5.821975     3.0985     2.6172      19.28   26.64686  -83.32324   -0.00044    0.00012     4.3287     4.3041    28.5974    28.5976    35.9462    35.9477    22.9146    22.9156    1545.31    188.995    187.917         31 0.0000e+00
      22968    956.945     21.855     22.000    28.4697    28.4707   5.792094   5.792345     3.0938     2.6093      24.79   26.50518  -82.88024   -0.00025   -0.00060     4.3221     4.2891    28.4644    28.4654    35.7524    35.7534    22.7844    22.7848    1537.10    188.708    187.268         38 0.0000e+00
      25270   1052.866     18.875     19.000    28.4456    28.4468   5.786129   5.786413     3.0907     2.6086      27.61   26.47338  -82.78103    0.00024   -0.00023     4.3164     4.2866    28.4410    28.4422    35.7097    35.7107    22.7536    22.7540    1535.25    188.460    187.159         30 0.0000e+00
      26444   1101.788     11.921     12.000    28.5533    28.5547   5.807864   5.808171     3.1052     2.6201      34.51   26.57424  -83.09649   -0.00019   -0.00071     4.3341     4.3024    28.5504    28.5518    35.8462    35.8473    22.8403    22.8406    1541.11    189.232    187.850         41 0.0000e+00
      29163   1215.074      9.934     10.000    28.4348    28.4361   5.783780   5.784018     3.0937     2.6108      36.21   26.46434  -82.75264    0.00036   -0.00010     4.3178     4.2868    28.4325    28.4337    35.6984    35.6990    22.7461    22.7462    1534.73    188.518    187.165         35 0.0000e+00
      31408   1308.623      8.941      9.000    28.6011    28.6030   5.817582   5.817895     3.1119     2.6271      37.40   26.62012  -83.23958    0.00015   -0.00024     4.3426     4.3134    28.5989    28.6008    35.9080    35.9087    22.8799    22.8798    1543.76    189.602    188.329         44 0.0000e+00
      31431   1309.603      7.948      8.000    28.6013    28.6032   5.817586   5.817887     3.1117     2.6254      38.42   26.62013  -83.23958   -0.00055   -0.00041     4.3418     4.3095    28.5994    28.6013    35.9081    35.9087    22.8799    22.8797    1543.76    189.565    188.156         30 0.0000e+00
      31572   1315.472      6.954      7.000    28.6013    28.6033   5.817541   5.817861     3.1126     2.6274      39.39   26.62014  -83.23958   -0.00002    0.00070     4.3430     4.3129    28.5996    28.6016    35.9081    35.9088    22.8797    22.8797    1543.76    189.619    188.306         33 0.0000e+00
      32469   1352.816      4.967      5.000    29.1387    29.1407   5.926751   5.927110     3.1693     2.6760      42.17   27.11983  -84.80204   -0.00047   -0.00043     4.4202     4.3913    29.1375    29.1395    36.5824    36.5834    23.3091    23.3092    1572.74    192.989    191.729         41 0.0000e+00
      31997   1333.169      3.974      4.000    28.6021    28.6040   5.817547   5.817895     3.1142     2.6263      42.19   26.62016  -83.23958    0.00054   -0.00068     4.3441     4.3091    28.6011    28.6030    35.9084    35.9094    22.8795    22.8796    1543.76    189.669    188.141         39 0.0000e+00
      34976   1457.291      2.980      3.000    28.6021    28.6036   5.817445   5.817779     3.1139     2.6280      43.11   26.62025  -83.23958   -0.00006   -0.00035     4.3431     4.3120    28.6014    28.6029    35.9080    35.9092    22.8791    22.8795    1543.76    189.625    188.265         67 0.0000e+00
      36667   1527.732      1.987      2.000    28.6026    28.6044   5.817509   5.817788     3.1121     2.6238      44.18   26.62030  -83.23958   -0.00033   -0.00058     4.3393     4.3031    28.6022    28.6039    35.9084    35.9090    22.8791    22.8790    1543.76    189.461    187.876         50 0.0000e+00
