Gulf of Mexico/GOMECC-4/1db/rb2103_0021.ros
* Sea-Bird SBE 9 Data File:
* FileName = C:\Users\scs.user.rb\CTD\GOMECC4\data\rb1203_002.hex
* Software Version Seasave V 7.26.7.107
* Temperature SN = 4799
* Conductivity SN = 3860
* Number of Bytes Per Scan = 41
* Number of Voltage Words = 4
* Number of Scans Averaged by the Deck Unit = 1
* NMEA Latitude = 27 00.26 N
* NMEA Longitude = 079 40.70 W
* NMEA UTC (Time) = Sep 14 2021  18:19:26
* NMEA baud rate = 4800
# nquan = 17
# nvalues = 2394                                  
# units = specified
# name 0 = scan: Scan Count
# name 1 = timeS: Time, Elapsed [seconds]
# name 2 = depSM: Depth [salt water, m]
# name 3 = prDM: Pressure, Digiquartz [db]
# name 4 = t090C: Temperature [ITS-90, deg C]
# name 5 = t190C: Temperature, 2 [ITS-90, deg C]
# name 6 = c0S/m: Conductivity [S/m]
# name 7 = c1S/m: Conductivity, 2 [S/m]
# name 8 = sbeox0V: Oxygen raw, SBE 43 [V]
# name 9 = sbeox1V: Oxygen raw, SBE 43, 2 [V]
# name 10 = altM: Altimeter [m]
# name 11 = latitude: Latitude [deg]
# name 12 = longitude: Longitude [deg]
# name 13 = sbox0dV/dT: Oxygen, SBE 43 [dov/dt]
# name 14 = sbox1dV/dT: Oxygen, SBE 43, 2 [dov/dt]
# name 15 = nbf: Bottles Fired
# name 16 = flag:  0.000e+00
# interval = seconds: 0.0416667
# start_time = Sep 14 2021 18:19:26 [NMEA time, header]
# bad_flag = -9.990e-29
*END*
[from data line 852]
      68602   2858.375    256.824    258.686    16.0782    16.0775   4.538439   4.538517     2.0562     1.7253     100.00   27.01114  -79.68772    0.00024    0.00054          7  0.000e+00
      68603   2858.417    256.855    258.717    16.0781    16.0771   4.538439   4.538488     2.0562     1.7253     100.00   27.01114  -79.68772    0.00022    0.00054          7  0.000e+00
      68604   2858.458    256.794    258.656    16.0786    16.0770   4.538453   4.538431     2.0562     1.7253     100.00   27.01114  -79.68772    0.00021    0.00055          7  0.000e+00
      68605   2858.500    256.908    258.770    16.0788    16.0770   4.538489   4.538431     2.0574     1.7253     100.00   27.01114  -79.68772    0.00021    0.00055          7  0.000e+00
      68606   2858.542    256.794    258.656    16.0790    16.0770   4.538503   4.538409     2.0562     1.7253     100.00   27.01114  -79.68772    0.00020    0.00055          7  0.000e+00
      68607   2858.583    256.855    258.717    16.0788    16.0766   4.538503   4.538380     2.0562     1.7253     100.00   27.01114  -79.68772    0.00018    0.00055          7  0.000e+00
      68608   2858.625    256.885    258.748    16.0790    16.0765   4.538467   4.538308     2.0562     1.7253     100.00   27.01114  -79.68772    0.00016    0.00055          7  0.000e+00
      68609   2858.667    256.855    258.717    16.0788    16.0762   4.538489   4.538322     2.0562     1.7253     100.00   27.01114  -79.68772    0.00015    0.00055          7  0.000e+00
      68610   2858.708    256.908    258.771    16.0790    16.0762   4.538482   4.538351     2.0574     1.7253     100.00   27.01114  -79.68772    0.00015    0.00056          7  0.000e+00
      68611   2858.750    256.908    258.771    16.0790    16.0762   4.538496   4.538366     2.0562     1.7253     100.00   27.01114  -79.68772    0.00014    0.00057          7  0.000e+00
      68612   2858.792    256.908    258.771    16.0793    16.0761   4.538524   4.538308     2.0562     1.7253     100.00   27.01114  -79.68772    0.00012    0.00057          7  0.000e+00
      68613   2858.833    256.855    258.717    16.0790    16.0761   4.538567   4.538322     2.0562     1.7253     100.00   27.01114  -79.68772    0.00010    0.00056          7  0.000e+00
      68614   2858.875    256.938    258.801    16.0793    16.0761   4.538560   4.538294     2.0574     1.7253     100.00   27.01114  -79.68772    0.00011    0.00056          7  0.000e+00
      68615   2858.917    256.908    258.771    16.0790    16.0758   4.538510   4.538286     2.0574     1.7253     100.00   27.01114  -79.68772    0.00011    0.00055          7  0.000e+00
      68616   2858.958    256.855    258.717    16.0785    16.0756   4.538439   4.538294     2.0574     1.7253     100.00   27.01114  -79.68772    0.00011    0.00054          7  0.000e+00
      68617   2859.000    257.022    258.885    16.0785    16.0757   4.538389   4.538258     2.0562     1.7253     100.00   27.01114  -79.68772    0.00009    0.00055          7  0.000e+00
      68618   2859.042    256.908    258.771    16.0779    16.0758   4.538389   4.538286     2.0562     1.7253     100.00   27.01114  -79.68772    0.00007    0.00056          7  0.000e+00
      68619   2859.083    256.969    258.832    16.0779    16.0756   4.538418   4.538257     2.0574     1.7253     100.00   27.01114  -79.68772    0.00007    0.00055          7  0.000e+00
      68620   2859.125    256.938    258.801    16.0780    16.0754   4.538361   4.538200     2.0574     1.7253     100.00   27.01114  -79.68772    0.00007    0.00056          7  0.000e+00
      68621   2859.167    256.969    258.832    16.0779    16.0753   4.538368   4.538257     2.0574     1.7253     100.00   27.01114  -79.68772    0.00007    0.00057          7  0.000e+00
      68622   2859.208    256.969    258.832    16.0781    16.0754   4.538418   4.538265     2.0562     1.7253     100.00   27.01114  -79.68772    0.00006    0.00058          7  0.000e+00
      68623   2859.250    256.908    258.771    16.0778    16.0761   4.538368   4.538330     2.0562     1.7253     100.00   27.01114  -79.68772    0.00002    0.00057          7  0.000e+00
      68624   2859.292    257.022    258.885    16.0775    16.0762   4.538282   4.538330     2.0562     1.7253     100.00   27.01114  -79.68772    0.00000    0.00056          7  0.000e+00
      68625   2859.333    257.022    258.885    16.0773    16.0763   4.538325   4.538359     2.0574     1.7253     100.00   27.01114  -79.68772    0.00000    0.00054          7  0.000e+00
      68626   2859.375    256.938    258.801    16.0774    16.0759   4.538325   4.538330     2.0574     1.7253     100.00   27.01114  -79.68772 1.5451e-12    0.00053          7  0.000e+00
      68627   2859.417    257.022    258.885    16.0779    16.0759   4.538311   4.538330     2.0574     1.7253     100.00   27.01114  -79.68772   -0.00000    0.00052          7  0.000e+00
      68628   2859.458    257.022    258.885    16.0776    16.0763   4.538332   4.538380     2.0574     1.7253     100.00   27.01114  -79.68772   -0.00000    0.00050          7  0.000e+00
      68629   2859.500    256.969    258.832    16.0772    16.0766   4.538261   4.538438     2.0574     1.7253     100.00   27.01114  -79.68772   -0.00002    0.00049          7  0.000e+00
      68630   2859.542    257.022    258.885    16.0769    16.0766   4.538233   4.538409     2.0574     1.7253     100.00   27.01114  -79.68772   -0.00003    0.00047          7  0.000e+00
      68631   2859.583    257.022    258.885    16.0768    16.0765   4.538290   4.538380     2.0574     1.7253     100.00   27.01114  -79.68772   -0.00003    0.00046          7  0.000e+00
      68632   2859.625    257.022    258.885    16.0769    16.0764   4.538247   4.538395     2.0574     1.7253     100.00   27.01114  -79.68772   -0.00003    0.00046          7  0.000e+00
      68633   2859.667    257.052    258.916    16.0771    16.0761   4.538268   4.538337     2.0574     1.7253     100.00   27.01114  -79.68772   -0.00002    0.00046          7  0.000e+00
      68634   2859.708    257.083    258.947    16.0768    16.0765   4.538240   4.538359     2.0574     1.7253     100.00   27.01114  -79.68772   -0.00002    0.00044          7  0.000e+00
      68635   2859.750    257.022    258.886    16.0768    16.0764   4.538233   4.538330     2.0574     1.7253     100.00   27.01114  -79.68772   -0.00003    0.00044          7  0.000e+00
      68636   2859.792    257.083    258.947    16.0766    16.0770   4.538233   4.538416     2.0574     1.7253     100.00   27.01116  -79.68772   -0.00003    0.00044          7  0.000e+00
      68637   2859.833    257.083    258.947    16.0762    16.0770   4.538211   4.538409     2.0574     1.7253     100.00   27.01116  -79.68772   -0.00004    0.00044          7  0.000e+00
      68638   2859.875    257.083    258.947    16.0768    16.0767   4.538226   4.538438     2.0574     1.7253     100.00   27.01116  -79.68772   -0.00004    0.00044          7  0.000e+00
      68639   2859.917    257.105    258.970    16.0771    16.0768   4.538254   4.538409     2.0574     1.7253     100.00   27.01116  -79.68772   -0.00003    0.00043          7  0.000e+00
      68640   2859.958    257.083    258.947    16.0773    16.0768   4.538297   4.538380     2.0574     1.7253     100.00   27.01116  -79.68772   -0.00004    0.00043          7  0.000e+00
      68641   2860.000    257.083    258.947    16.0774    16.0772   4.538311   4.538445     2.0562     1.7253     100.00   27.01116  -79.68772   -0.00006    0.00043          7  0.000e+00
      68642   2860.042    257.136    259.000    16.0774    16.0770   4.538339   4.538431     2.0562     1.7253     100.00   27.01116  -79.68772   -0.00008    0.00043          7  0.000e+00
      68643   2860.083    257.083    258.947    16.0773    16.0770   4.538347   4.538431     2.0574     1.7253     100.00   27.01116  -79.68772   -0.00007    0.00042          7  0.000e+00
      68644   2860.125    257.083    258.947    16.0771    16.0768   4.538282   4.538409     2.0574     1.7253     100.00   27.01116  -79.68772   -0.00006    0.00042          7  0.000e+00
      68645   2860.167    257.052    258.916    16.0771    16.0764   4.538275   4.538409     2.0574     1.7253     100.00   27.01116  -79.68772   -0.00007    0.00042          7  0.000e+00
      68646   2860.208    257.189    259.054    16.0762    16.0764   4.538211   4.538373     2.0562     1.7253     100.00   27.01116  -79.68772   -0.00007    0.00041          7  0.000e+00
      68647   2860.250    257.136    259.000    16.0756    16.0767   4.538161   4.538366     2.0574     1.7253     100.00   27.01116  -79.68772   -0.00008    0.00041          7  0.000e+00
      68648   2860.292    257.136    259.000    16.0756    16.0764   4.538119   4.538395     2.0574     1.7253     100.00   27.01116  -79.68772   -0.00007    0.00040          7  0.000e+00
      68649   2860.333    257.083    258.947    16.0757    16.0762   4.538090   4.538351     2.0574     1.7253     100.00   27.01116  -79.68772   -0.00006    0.00040          7  0.000e+00
      68650   2860.375    257.136    259.000    16.0756    16.0762   4.538105   4.538351     2.0562     1.7253     100.00   27.01116  -79.68772   -0.00006    0.00039          7  0.000e+00
      68651   2860.417    257.136    259.000    16.0752    16.0762   4.538026   4.538315     2.0562     1.7253     100.00   27.01116  -79.68772   -0.00009    0.00038          7  0.000e+00
      68652   2860.458    257.166    259.031    16.0746    16.0762   4.537962   4.538344     2.0574     1.7253     100.00   27.01116  -79.68772   -0.00008    0.00038          7  0.000e+00
      68653   2860.500    257.136    259.000    16.0746    16.0761   4.538019   4.538272     2.0574     1.7253     100.00   27.01116  -79.68772   -0.00006    0.00037          7  0.000e+00
      68654   2860.542    257.136    259.000    16.0747    16.0760   4.538005   4.538337     2.0574     1.7253     100.00   27.01116  -79.68772   -0.00005    0.00036          7  0.000e+00
      68655   2860.583    257.136    259.001    16.0750    16.0761   4.538019   4.538359     2.0574     1.7265     100.00   27.01116  -79.68772   -0.00004    0.00037          7  0.000e+00
      68656   2860.625    257.189    259.054    16.0752    16.0759   4.538062   4.538366     2.0562     1.7253     100.00   27.01116  -79.68772   -0.00005    0.00037          7  0.000e+00
      68657   2860.667    257.083    258.947    16.0756    16.0758   4.538112   4.538308     2.0562     1.7253     100.00   27.01116  -79.68772   -0.00005    0.00036          7  0.000e+00
      68658   2860.708    257.106    258.970    16.0752    16.0757   4.538083   4.538322     2.0574     1.7253     100.00   27.01116  -79.68772   -0.00004    0.00035          7  0.000e+00
      68659   2860.750    257.189    259.054    16.0756    16.0757   4.538097   4.538294     2.0574     1.7253     100.00   27.01116  -79.68772   -0.00003    0.00034          7  0.000e+00
      68660   2860.792    257.136    259.001    16.0757    16.0757   4.538119   4.538265     2.0574     1.7253     100.00   27.01118  -79.68774   -0.00001    0.00033          7  0.000e+00
      68661   2860.833    257.083    258.947    16.0763    16.0758   4.538147   4.538330     2.0562     1.7265     100.00   27.01118  -79.68774   -0.00002    0.00032          7  0.000e+00
      68662   2860.875    257.189    259.054    16.0759    16.0756   4.538154   4.538301     2.0574     1.7253     100.00   27.01118  -79.68774   -0.00001    0.00031          7  0.000e+00
      68663   2860.917    257.083    258.947    16.0756    16.0759   4.538119   4.538294     2.0574     1.7253     100.00   27.01118  -79.68774    0.00001    0.00030          7  0.000e+00
      68664   2860.958    257.136    259.001    16.0749    16.0757   4.538062   4.538286     2.0574     1.7265     100.00   27.01118  -79.68774    0.00002    0.00030          7  0.000e+00
      68665   2861.000    257.167    259.031    16.0750    16.0757   4.538069   4.538265     2.0574     1.7265     100.00   27.01118  -79.68774    0.00003    0.00031          7  0.000e+00
      68666   2861.042    257.189    259.054    16.0753    16.0756   4.538076   4.538243     2.0574     1.7265     100.00   27.01118  -79.68774    0.00004    0.00031          7  0.000e+00
      68667   2861.083    257.083    258.947    16.0752    16.0753   4.538076   4.538286     2.0574     1.7253     100.00   27.01118  -79.68774    0.00006    0.00030          7  0.000e+00
      68668   2861.125    257.136    259.001    16.0756    16.0752   4.538076   4.538258     2.0574     1.7253     100.00   27.01118  -79.68774    0.00007    0.00028          7  0.000e+00
      68669   2861.167    257.136    259.001    16.0754    16.0751   4.538105   4.538222     2.0574     1.7253     100.00   27.01118  -79.68774    0.00008    0.00027          7  0.000e+00
      68670   2861.208    257.083    258.947    16.0754    16.0751   4.538048   4.538207     2.0574     1.7265     100.00   27.01118  -79.68774    0.00009    0.00027          7  0.000e+00
      68671   2861.250    257.167    259.031    16.0753    16.0751   4.538062   4.538207     2.0574     1.7253     100.00   27.01118  -79.68774    0.00011    0.00025          7  0.000e+00
      68672   2861.292    257.083    258.947    16.0752    16.0752   4.538055   4.538301     2.0562     1.7253     100.00   27.01118  -79.68774    0.00010    0.00024          7  0.000e+00
      68673   2861.333    257.136    259.001    16.0750    16.0754   4.538069   4.538294     2.0562     1.7253     100.00   27.01118  -79.68774    0.00010    0.00022          7  0.000e+00
      68674   2861.375    257.083    258.947    16.0750    16.0757   4.538040   4.538265     2.0574     1.7265     100.00   27.01118  -79.68774    0.00011    0.00022          7  0.000e+00
      68675   2861.417    257.083    258.947    16.0750    16.0756   4.538033   4.538243     2.0574     1.7253     100.00   27.01118  -79.68774    0.00012    0.00021          7  0.000e+00
      68676   2861.458    257.136    259.001    16.0749    16.0756   4.538040   4.538286     2.0574     1.7253     100.00   27.01118  -79.68774    0.00014    0.00019          7  0.000e+00
      68677   2861.500    257.000    258.863    16.0750    16.0754   4.538069   4.538286     2.0574     1.7265     100.00   27.01118  -79.68774    0.00015    0.00020          7  0.000e+00
      68678   2861.542    257.190    259.054    16.0756    16.0757   4.538076   4.538286     2.0574     1.7253     100.00   27.01118  -79.68774    0.00016    0.00020          7  0.000e+00
      68679   2861.583    257.023    258.886    16.0750    16.0756   4.538040   4.538322     2.0562     1.7253     100.00   27.01118  -79.68774    0.00016    0.00019          7  0.000e+00
      68680   2861.625    257.083    258.948    16.0744    16.0754   4.537983   4.538294     2.0574     1.7253     100.00   27.01118  -79.68774    0.00017    0.00017          7  0.000e+00
      74748   3114.458    202.097    203.536    18.3590    18.3672   4.811091   4.812191     2.2051     1.8584     100.00   27.01464  -79.68936    0.00008   -0.00006          8  0.000e+00
      74749   3114.500    201.825    203.261    18.3582    18.3676   4.810967   4.812154     2.2051     1.8584     100.00   27.01464  -79.68936    0.00006   -0.00006          8  0.000e+00
      74750   3114.542    201.938    203.375    18.3575    18.3670   4.810828   4.812117     2.2063     1.8584     100.00   27.01464  -79.68936    0.00005   -0.00006          8  0.000e+00
      74751   3114.583    201.984    203.421    18.3563    18.3668   4.810741   4.812102     2.2063     1.8571     100.00   27.01464  -79.68936    0.00006   -0.00007          8  0.000e+00
      74752   3114.625    201.938    203.375    18.3553    18.3669   4.810631   4.812102     2.2051     1.8571     100.00   27.01464  -79.68936    0.00005   -0.00009          8  0.000e+00
