Gulf of Mexico/GOMECC-4/1db/rb2103_1361.ros
* Sea-Bird SBE 9 Data File:
* FileName = C:\Users\scs.user.rb\CTD\GOMECC4\data\rb2103_1361.hex
* Software Version Seasave V 7.26.7.107
* Temperature SN = 4799
* Conductivity SN = 3860
* Number of Bytes Per Scan = 41
* Number of Voltage Words = 4
* Number of Scans Averaged by the Deck Unit = 1
* NMEA Latitude = 26 07.92 N
* NMEA Longitude = 084 00.17 W
* NMEA UTC (Time) = Oct 20 2021  03:44:28
* NMEA baud rate = 4800
# nquan = 17
# nvalues = 1330                                  
# units = specified
# name 0 = scan: Scan Count
# name 1 = timeS: Time, Elapsed [seconds]
# name 2 = depSM: Depth [salt water, m]
# name 3 = prDM: Pressure, Digiquartz [db]
# name 4 = t090C: Temperature [ITS-90, deg C]
# name 5 = t190C: Temperature, 2 [ITS-90, deg C]
# name 6 = c0S/m: Conductivity [S/m]
# name 7 = c1S/m: Conductivity, 2 [S/m]
# name 8 = sbeox0V: Oxygen raw, SBE 43 [V]
# name 9 = sbeox1V: Oxygen raw, SBE 43, 2 [V]
# name 10 = altM: Altimeter [m]
# name 11 = latitude: Latitude [deg]
# name 12 = longitude: Longitude [deg]
# name 13 = sbox0dV/dT: Oxygen, SBE 43 [dov/dt]
# name 14 = sbox1dV/dT: Oxygen, SBE 43, 2 [dov/dt]
# name 15 = nbf: Bottles Fired
# name 16 = flag:  0.000e+00
# interval = seconds: 0.0416667
# start_time = Oct 20 2021 03:44:28 [NMEA time, header]
# bad_flag = -9.990e-29
*END*
[from data line 1107]
      44944   1872.625      9.922      9.988    28.5283    28.5286   5.757827   5.757844     3.1404     2.6545     100.00   26.13272  -84.00220    0.00026    0.00036          9  0.000e+00
      44945   1872.667      9.922      9.988    28.5284    28.5282   5.757803   5.757892     3.1404     2.6545     100.00   26.13272  -84.00220    0.00027    0.00044          9  0.000e+00
      44946   1872.708      9.875      9.940    28.5283    28.5280   5.757827   5.757860     3.1404     2.6545     100.00   26.13272  -84.00220    0.00026    0.00053          9  0.000e+00
      44947   1872.750      9.922      9.988    28.5286    28.5282   5.757764   5.757860     3.1404     2.6545     100.00   26.13272  -84.00220    0.00025    0.00059          9  0.000e+00
      44948   1872.792      9.922      9.988    28.5284    28.5286   5.757740   5.757884     3.1392     2.6545     100.00   26.13272  -84.00220    0.00024    0.00066          9  0.000e+00
      44949   1872.833      9.922      9.988    28.5286    28.5286   5.757819   5.757892     3.1404     2.6545     100.00   26.13272  -84.00220    0.00022    0.00073          9  0.000e+00
      44950   1872.875      9.922      9.988    28.5284    28.5286   5.757842   5.757908     3.1404     2.6545     100.00   26.13272  -84.00220    0.00021    0.00080          9  0.000e+00
      44951   1872.917      9.922      9.988    28.5286    28.5284   5.757795   5.757892     3.1404     2.6557     100.00   26.13272  -84.00220    0.00020    0.00086          9  0.000e+00
      44952   1872.958      9.922      9.988    28.5284    28.5288   5.757787   5.757940     3.1404     2.6545     100.00   26.13272  -84.00220    0.00019    0.00091          9  0.000e+00
      44953   1873.000      9.922      9.988    28.5284    28.5288   5.757756   5.757908     3.1404     2.6545     100.00   26.13272  -84.00220    0.00017    0.00096          9  0.000e+00
      44954   1873.042      9.922      9.988    28.5283    28.5290   5.757779   5.757980     3.1404     2.6545     100.00   26.13272  -84.00220    0.00016    0.00101          9  0.000e+00
      44955   1873.083      9.922      9.988    28.5283    28.5291   5.757748   5.757987     3.1404     2.6545     100.00   26.13272  -84.00220    0.00015    0.00104          9  0.000e+00
      44956   1873.125      9.977     10.042    28.5281    28.5291   5.757779   5.757988     3.1404     2.6545     100.00   26.13272  -84.00220    0.00012    0.00107          9  0.000e+00
      44957   1873.167      9.922      9.988    28.5281    28.5291   5.757756   5.757964     3.1404     2.6545     100.00   26.13272  -84.00220    0.00008    0.00108          9  0.000e+00
      44958   1873.208      9.922      9.988    28.5281    28.5293   5.757748   5.757980     3.1404     2.6557     100.00   26.13272  -84.00220    0.00007    0.00111          9  0.000e+00
      44959   1873.250      9.977     10.042    28.5281    28.5297   5.757709   5.758035     3.1404     2.6557     100.00   26.13272  -84.00220    0.00004    0.00113          9  0.000e+00
      44960   1873.292      9.922      9.988    28.5281    28.5299   5.757693   5.758035     3.1404     2.6557     100.00   26.13272  -84.00220    0.00002    0.00116          9  0.000e+00
      44961   1873.333      9.977     10.042    28.5283    28.5297   5.757764   5.758027     3.1404     2.6557     100.00   26.13272  -84.00220   -0.00002    0.00118          9  0.000e+00
      44962   1873.375      9.922      9.988    28.5283    28.5301   5.757724   5.758011     3.1404     2.6557     100.00   26.13272  -84.00220   -0.00003    0.00122          9  0.000e+00
      44963   1873.417      9.977     10.042    28.5281    28.5299   5.757772   5.758059     3.1392     2.6557     100.00   26.13272  -84.00220   -0.00007    0.00126          9  0.000e+00
      44964   1873.458      9.977     10.042    28.5283    28.5299   5.757748   5.758059     3.1392     2.6557     100.00   26.13272  -84.00220   -0.00010    0.00128          9  0.000e+00
      44965   1873.500      9.922      9.988    28.5281    28.5306   5.757709   5.758139     3.1392     2.6557     100.00   26.13272  -84.00220   -0.00016    0.00130          9  0.000e+00
      44966   1873.542      9.977     10.042    28.5279    28.5313   5.757732   5.758171     3.1392     2.6557     100.00   26.13272  -84.00220   -0.00021    0.00131          9  0.000e+00
      44967   1873.583      9.977     10.042    28.5281    28.5316   5.757748   5.758219     3.1392     2.6557     100.00   26.13272  -84.00220   -0.00026    0.00133          9  0.000e+00
      44968   1873.625      9.977     10.042    28.5279    28.5315   5.757740   5.758219     3.1392     2.6557     100.00   26.13272  -84.00220   -0.00030    0.00134          9  0.000e+00
      44969   1873.667      9.977     10.042    28.5279    28.5314   5.757709   5.758195     3.1392     2.6545     100.00   26.13272  -84.00220   -0.00034    0.00134          9  0.000e+00
      44970   1873.708      9.977     10.042    28.5277    28.5317   5.757732   5.758211     3.1392     2.6557     100.00   26.13272  -84.00220   -0.00037    0.00135          9  0.000e+00
      44971   1873.750      9.977     10.042    28.5277    28.5312   5.757709   5.758219     3.1392     2.6545     100.00   26.13272  -84.00220   -0.00041    0.00134          9  0.000e+00
      44972   1873.792      9.977     10.042    28.5279    28.5312   5.757764   5.758163     3.1392     2.6545     100.00   26.13272  -84.00220   -0.00044    0.00132          9  0.000e+00
      44973   1873.833      9.977     10.042    28.5277    28.5313   5.757756   5.758195     3.1380     2.6545     100.00   26.13272  -84.00220   -0.00050    0.00129          9  0.000e+00
      44974   1873.875     10.024     10.090    28.5281    28.5312   5.757748   5.758195     3.1380     2.6545     100.00   26.13272  -84.00220   -0.00055    0.00126          9  0.000e+00
      44975   1873.917      9.922      9.988    28.5279    28.5310   5.757748   5.758171     3.1380     2.6545     100.00   26.13272  -84.00220   -0.00060    0.00123          9  0.000e+00
      44976   1873.958     10.024     10.090    28.5279    28.5308   5.757701   5.758171     3.1380     2.6545     100.00   26.13272  -84.00220   -0.00066    0.00120          9  0.000e+00
      44977   1874.000      9.977     10.042    28.5279    28.5304   5.757732   5.758083     3.1380     2.6532     100.00   26.13272  -84.00220   -0.00069    0.00115          9  0.000e+00
      44978   1874.042     10.024     10.090    28.5279    28.5305   5.757709   5.758139     3.1380     2.6545     100.00   26.13272  -84.00220   -0.00072    0.00112          9  0.000e+00
      44979   1874.083      9.977     10.042    28.5279    28.5304   5.757803   5.758115     3.1380     2.6532     100.00   26.13272  -84.00220   -0.00076    0.00106          9  0.000e+00
      44980   1874.125     10.024     10.090    28.5277    28.5304   5.757795   5.758075     3.1380     2.6532     100.00   26.13272  -84.00220   -0.00079    0.00101          9  0.000e+00
      44981   1874.167      9.977     10.042    28.5283    28.5301   5.757787   5.758107     3.1380     2.6545     100.00   26.13272  -84.00220   -0.00082    0.00097          9  0.000e+00
      44982   1874.208     10.024     10.090    28.5284    28.5301   5.757795   5.758075     3.1380     2.6532     100.00   26.13272  -84.00220   -0.00085    0.00093          9  0.000e+00
      44983   1874.250      9.977     10.042    28.5286    28.5302   5.757795   5.758035     3.1380     2.6532     100.00   26.13272  -84.00220   -0.00087    0.00089          9  0.000e+00
      44984   1874.292     10.024     10.090    28.5286    28.5301   5.757819   5.758051     3.1380     2.6532     100.00   26.13272  -84.00220   -0.00088    0.00085          9  0.000e+00
      44985   1874.333      9.977     10.042    28.5290    28.5302   5.757835   5.758035     3.1392     2.6532     100.00   26.13272  -84.00220   -0.00087    0.00081          9  0.000e+00
      44986   1874.375      9.977     10.042    28.5294    28.5302   5.757803   5.758027     3.1392     2.6545      99.95   26.13272  -84.00220   -0.00086    0.00079          9  0.000e+00
      44987   1874.417     10.024     10.090    28.5294    28.5303   5.757827   5.758051     3.1392     2.6532      98.41   26.13272  -84.00220   -0.00085    0.00074          9  0.000e+00
      44988   1874.458     10.024     10.090    28.5294    28.5301   5.757835   5.758107     3.1392     2.6545      97.53   26.13272  -84.00220   -0.00083    0.00072          9  0.000e+00
      44989   1874.500      9.977     10.042    28.5294    28.5302   5.757874   5.758075     3.1392     2.6545      97.44   26.13272  -84.00220   -0.00082    0.00069          9  0.000e+00
      44990   1874.542     10.024     10.090    28.5292    28.5301   5.757850   5.758067     3.1392     2.6532      97.51   26.13272  -84.00220   -0.00081    0.00066          9  0.000e+00
      44991   1874.583      9.977     10.042    28.5295    28.5302   5.757874   5.758091     3.1392     2.6532      97.53   26.13272  -84.00220   -0.00079    0.00064          9  0.000e+00
      44992   1874.625     10.024     10.090    28.5290    28.5302   5.757890   5.758075     3.1392     2.6532      97.56   26.13272  -84.00220   -0.00078    0.00061          9  0.000e+00
      44993   1874.667      9.977     10.042    28.5290    28.5303   5.757842   5.758075     3.1392     2.6532      97.53   26.13272  -84.00220   -0.00077    0.00058          9  0.000e+00
      44994   1874.708      9.977     10.042    28.5294    28.5301   5.757803   5.758059     3.1392     2.6532      97.53   26.13272  -84.00220   -0.00075    0.00055          9  0.000e+00
      44995   1874.750     10.024     10.090    28.5292    28.5304   5.757827   5.758067     3.1392     2.6532      97.53   26.13272  -84.00220   -0.00074    0.00052          9  0.000e+00
      44996   1874.792      9.977     10.042    28.5288    28.5303   5.757803   5.758059     3.1392     2.6532      97.53   26.13272  -84.00220   -0.00073    0.00049          9  0.000e+00
      44997   1874.833     10.024     10.090    28.5288    28.5306   5.757748   5.758067     3.1392     2.6532      97.53   26.13272  -84.00220   -0.00071    0.00048          9  0.000e+00
      44998   1874.875      9.977     10.042    28.5286    28.5303   5.757779   5.758107     3.1392     2.6532      97.53   26.13272  -84.00220   -0.00069    0.00047          9  0.000e+00
      44999   1874.917     10.024     10.090    28.5286    28.5304   5.757827   5.758139     3.1392     2.6532      97.53   26.13272  -84.00220   -0.00068    0.00045          9  0.000e+00
      45000   1874.958      9.977     10.042    28.5290    28.5302   5.757803   5.758091     3.1380     2.6532      97.53   26.13272  -84.00220   -0.00068    0.00044          9  0.000e+00
      45001   1875.000      9.977     10.042    28.5286    28.5303   5.757787   5.758059     3.1380     2.6532      97.53   26.13272  -84.00220   -0.00067    0.00043          9  0.000e+00
      45002   1875.042      9.977     10.042    28.5284    28.5302   5.757858   5.758067     3.1380     2.6532      97.53   26.13272  -84.00220   -0.00065    0.00042          9  0.000e+00
      45003   1875.083      9.977     10.042    28.5288    28.5304   5.757779   5.758147     3.1380     2.6532      97.53   26.13272  -84.00220   -0.00065    0.00039          9  0.000e+00
      45004   1875.125      9.977     10.042    28.5286    28.5305   5.757819   5.758115     3.1380     2.6532      97.53   26.13272  -84.00220   -0.00064    0.00037          9  0.000e+00
      45005   1875.167      9.875      9.940    28.5284    28.5304   5.757795   5.758075     3.1380     2.6520      97.53   26.13272  -84.00220   -0.00064    0.00033          9  0.000e+00
      45006   1875.208     10.071     10.138    28.5290    28.5304   5.757787   5.758059     3.1380     2.6520      97.53   26.13272  -84.00220   -0.00063    0.00028          9  0.000e+00
      45007   1875.250      9.977     10.042    28.5286    28.5301   5.757795   5.758035     3.1380     2.6520      97.53   26.13272  -84.00220   -0.00062    0.00023          9  0.000e+00
      45008   1875.292      9.977     10.042    28.5288    28.5297   5.757724   5.757956     3.1380     2.6520      97.53   26.13272  -84.00220   -0.00061    0.00018          9  0.000e+00
      45009   1875.333      9.922      9.988    28.5284    28.5293   5.757764   5.757987     3.1380     2.6520      97.53   26.13272  -84.00220   -0.00060    0.00014          9  0.000e+00
      45010   1875.375      9.977     10.042    28.5286    28.5295   5.757787   5.757988     3.1368     2.6520      98.56   26.13272  -84.00220   -0.00061    0.00011          9  0.000e+00
      45011   1875.417      9.977     10.042    28.5286    28.5295   5.757756   5.757964     3.1380     2.6520      99.85   26.13272  -84.00220   -0.00060    0.00008          9  0.000e+00
      45012   1875.458      9.977     10.042    28.5284    28.5299   5.757748   5.757980     3.1380     2.6520     100.00   26.13272  -84.00220   -0.00058    0.00003          9  0.000e+00
      45013   1875.500      9.922      9.988    28.5283    28.5301   5.757701   5.757987     3.1380     2.6520     100.00   26.13272  -84.00220   -0.00057 -5.275e-07          9  0.000e+00
      45014   1875.542      9.922      9.988    28.5283    28.5302   5.757732   5.758003     3.1380     2.6520     100.00   26.13272  -84.00220   -0.00055   -0.00005          9  0.000e+00
      45015   1875.583      9.922      9.988    28.5284    28.5299   5.757748   5.758019     3.1380     2.6520     100.00   26.13272  -84.00220   -0.00055   -0.00008          9  0.000e+00
      45016   1875.625      9.977     10.042    28.5283    28.5303   5.757748   5.758075     3.1380     2.6532     100.00   26.13272  -84.00220   -0.00055   -0.00009          9  0.000e+00
      45017   1875.667      9.922      9.988    28.5283    28.5301   5.757740   5.758043     3.1392     2.6532     100.00   26.13272  -84.00220   -0.00053   -0.00010          9  0.000e+00
      45018   1875.708      9.922      9.988    28.5284    28.5301   5.757740   5.757956     3.1392     2.6532     100.00   26.13272  -84.00220   -0.00052   -0.00011          9  0.000e+00
      45019   1875.750      9.922      9.988    28.5281    28.5297   5.757748   5.757956     3.1392     2.6545     100.00   26.13272  -84.00220   -0.00050   -0.00012          9  0.000e+00
      45020   1875.792      9.875      9.940    28.5284    28.5291   5.757748   5.757940     3.1392     2.6532     100.00   26.13272  -84.00220   -0.00048   -0.00013          9  0.000e+00
      45021   1875.833      9.922      9.988    28.5283    28.5284   5.757772   5.757916     3.1392     2.6545     100.00   26.13272  -84.00220   -0.00046   -0.00015          9  0.000e+00
      45022   1875.875      9.922      9.988    28.5281    28.5284   5.757787   5.757892     3.1392     2.6545     100.00   26.13272  -84.00220   -0.00046   -0.00016          9  0.000e+00
      45023   1875.917      9.922      9.988    28.5283    28.5280   5.757756   5.757868     3.1392     2.6545     100.00   26.13272  -84.00220   -0.00044   -0.00017          9  0.000e+00
      45024   1875.958      9.922      9.988    28.5281    28.5277   5.757748   5.757884     3.1404     2.6545     100.00   26.13272  -84.00220   -0.00042   -0.00019          9  0.000e+00
      45025   1876.000      9.875      9.940    28.5283    28.5277   5.757772   5.757852     3.1392     2.6545     100.00   26.13272  -84.00220   -0.00041   -0.00020          9  0.000e+00
      45026   1876.042      9.922      9.988    28.5281    28.5277   5.757756   5.757820     3.1392     2.6545     100.00   26.13272  -84.00220   -0.00041   -0.00022          9  0.000e+00
      45027   1876.083      9.875      9.940    28.5281    28.5279   5.757748   5.757836     3.1392     2.6545     100.00   26.13272  -84.00220   -0.00041   -0.00023          9  0.000e+00
