Gulf of Mexico/GOMECC-4/1db/rb2103_0921.ros
* Sea-Bird SBE 9 Data File:
* FileName = C:\Users\scs.user.rb\CTD\GOMECC4\data\rb2103_0921.hex
* Software Version Seasave V 7.26.7.107
* Temperature SN = 4799
* Conductivity SN = 3860
* Number of Bytes Per Scan = 41
* Number of Voltage Words = 4
* Number of Scans Averaged by the Deck Unit = 1
* NMEA Latitude = 21 26.99 N
* NMEA Longitude = 091 34.00 W
* NMEA UTC (Time) = Oct 10 2021  09:11:05
* NMEA baud rate = 4800
# nquan = 17
# nvalues = 532                                   
# units = specified
# name 0 = scan: Scan Count
# name 1 = timeS: Time, Elapsed [seconds]
# name 2 = depSM: Depth [salt water, m]
# name 3 = prDM: Pressure, Digiquartz [db]
# name 4 = t090C: Temperature [ITS-90, deg C]
# name 5 = t190C: Temperature, 2 [ITS-90, deg C]
# name 6 = c0S/m: Conductivity [S/m]
# name 7 = c1S/m: Conductivity, 2 [S/m]
# name 8 = sbeox0V: Oxygen raw, SBE 43 [V]
# name 9 = sbeox1V: Oxygen raw, SBE 43, 2 [V]
# name 10 = altM: Altimeter [m]
# name 11 = latitude: Latitude [deg]
# name 12 = longitude: Longitude [deg]
# name 13 = sbox0dV/dT: Oxygen, SBE 43 [dov/dt]
# name 14 = sbox1dV/dT: Oxygen, SBE 43, 2 [dov/dt]
# name 15 = nbf: Bottles Fired
# name 16 = flag:  0.000e+00
# interval = seconds: 0.0416667
# start_time = Oct 10 2021 09:11:05 [NMEA time, header]
# bad_flag = -9.990e-29
*END*
[from data line 511]
      22675    944.750      2.913      2.931    29.4857    29.4864   6.007710   6.007969     3.1514     2.6618      44.57   21.45068  -91.56758    0.00019    0.00046          4  0.000e+00
      22676    944.792      2.818      2.836    29.4858    29.4864   6.007742   6.007961     3.1514     2.6618      44.57   21.45068  -91.56758    0.00021    0.00047          4  0.000e+00
      22677    944.833      2.866      2.884    29.4858    29.4864   6.007646   6.007961     3.1514     2.6618      44.54   21.45068  -91.56758    0.00023    0.00048          4  0.000e+00
      22678    944.875      2.967      2.986    29.4857    29.4866   6.007686   6.007994     3.1514     2.6618      44.57   21.45068  -91.56758    0.00026    0.00048          4  0.000e+00
      22679    944.917      2.913      2.931    29.4858    29.4866   6.007710   6.007969     3.1514     2.6618      44.57   21.45068  -91.56758    0.00028    0.00049          4  0.000e+00
      22680    944.958      2.866      2.884    29.4857    29.4866   6.007710   6.007994     3.1526     2.6618      44.54   21.45068  -91.56758    0.00032    0.00048          4  0.000e+00
      22681    945.000      2.866      2.884    29.4856    29.4866   6.007670   6.007969     3.1514     2.6618      44.57   21.45068  -91.56758    0.00035    0.00047          4  0.000e+00
      22682    945.042      2.913      2.931    29.4857    29.4866   6.007662   6.007994     3.1526     2.6618      44.54   21.45068  -91.56758    0.00039    0.00046          4  0.000e+00
      22683    945.083      2.866      2.884    29.4854    29.4868   6.007630   6.007937     3.1526     2.6606      44.54   21.45068  -91.56758    0.00043    0.00043          4  0.000e+00
      22684    945.125      2.866      2.883    29.4856    29.4868   6.007686   6.008018     3.1526     2.6606      44.57   21.45068  -91.56758    0.00047    0.00040          4  0.000e+00
      22685    945.167      2.866      2.883    29.4854    29.4866   6.007638   6.007985     3.1526     2.6606      44.57   21.45068  -91.56758    0.00051    0.00037          4  0.000e+00
      22686    945.208      2.866      2.883    29.4856    29.4870   6.007646   6.008034     3.1526     2.6593      44.54   21.45068  -91.56758    0.00055    0.00033          4  0.000e+00
      22687    945.250      2.866      2.883    29.4854    29.4869   6.007662   6.008018     3.1538     2.6593      44.57   21.45068  -91.56758    0.00061    0.00028          4  0.000e+00
      22688    945.292      2.818      2.836    29.4852    29.4868   6.007694   6.007969     3.1538     2.6581      44.57   21.45068  -91.56758    0.00066    0.00020          4  0.000e+00
      22689    945.333      2.866      2.883    29.4852    29.4870   6.007638   6.007961     3.1538     2.6581      44.57   21.45068  -91.56758    0.00070    0.00014          4  0.000e+00
      22690    945.375      2.811      2.829    29.4851    29.4868   6.007646   6.007993     3.1538     2.6581      44.57   21.45068  -91.56758    0.00074    0.00006          4  0.000e+00
      22691    945.417      2.818      2.836    29.4852    29.4868   6.007662   6.007969     3.1538     2.6569      44.57   21.45068  -91.56758    0.00078   -0.00004          4  0.000e+00
      22692    945.458      2.818      2.836    29.4852    29.4868   6.007622   6.007993     3.1538     2.6569      44.59   21.45068  -91.56758    0.00081   -0.00013          4  0.000e+00
      22693    945.500      2.818      2.836    29.4852    29.4868   6.007614   6.007969     3.1538     2.6581      44.59   21.45068  -91.56758    0.00084   -0.00021          4  0.000e+00
      22694    945.542      2.818      2.836    29.4852    29.4866   6.007646   6.007993     3.1538     2.6581      44.59   21.45068  -91.56758    0.00088   -0.00027          4  0.000e+00
      22695    945.583      2.771      2.788    29.4854    29.4866   6.007662   6.007969     3.1538     2.6581      44.59   21.45068  -91.56758    0.00091   -0.00033          4  0.000e+00
