Gulf of Mexico/GOMECC-4/1db/rb2103_0721.ros
* Sea-Bird SBE 9 Data File:
* FileName = C:\Users\scs.user.rb\CTD\GOMECC4\data\rb2103_0721.hex
* Software Version Seasave V 7.26.7.107
* Temperature SN = 4799
* Conductivity SN = 3860
* Number of Bytes Per Scan = 41
* Number of Voltage Words = 4
* Number of Scans Averaged by the Deck Unit = 1
* NMEA Latitude = 26 03.50 N
* NMEA Longitude = 093 43.74 W
* NMEA UTC (Time) = Oct 04 2021  04:36:25
* NMEA baud rate = 4800
# nquan = 17
# nvalues = 3192                                  
# units = specified
# name 0 = scan: Scan Count
# name 1 = timeS: Time, Elapsed [seconds]
# name 2 = depSM: Depth [salt water, m]
# name 3 = prDM: Pressure, Digiquartz [db]
# name 4 = t090C: Temperature [ITS-90, deg C]
# name 5 = t190C: Temperature, 2 [ITS-90, deg C]
# name 6 = c0S/m: Conductivity [S/m]
# name 7 = c1S/m: Conductivity, 2 [S/m]
# name 8 = sbeox0V: Oxygen raw, SBE 43 [V]
# name 9 = sbeox1V: Oxygen raw, SBE 43, 2 [V]
# name 10 = altM: Altimeter [m]
# name 11 = latitude: Latitude [deg]
# name 12 = longitude: Longitude [deg]
# name 13 = sbox0dV/dT: Oxygen, SBE 43 [dov/dt]
# name 14 = sbox1dV/dT: Oxygen, SBE 43, 2 [dov/dt]
# name 15 = nbf: Bottles Fired
# name 16 = flag:  0.000e+00
# interval = seconds: 0.0416667
# start_time = Oct 04 2021 04:36:25 [NMEA time, header]
# bad_flag = -9.990e-29
*END*
[from data line 256]
     117058   4877.375   2714.295   2749.935     4.3329     4.3339   3.398957   3.398920     1.7729     1.4591     100.00   26.05902  -93.72330   -0.00000   -0.00000          2  0.000e+00
     117059   4877.417   2714.352   2749.993     4.3326     4.3341   3.398944   3.398901     1.7729     1.4591     100.00   26.05902  -93.72330   -0.00001   -0.00000          2  0.000e+00
     117060   4877.458   2714.302   2749.942     4.3329     4.3341   3.398937   3.398894     1.7729     1.4591     100.00   26.05902  -93.72330   -0.00002   -0.00000          2  0.000e+00
     117061   4877.500   2714.352   2749.993     4.3327     4.3339   3.398918   3.398926     1.7729     1.4591     100.00   26.05902  -93.72330   -0.00002   -0.00000          2  0.000e+00
     117062   4877.542   2714.296   2749.935     4.3327     4.3336   3.398950   3.398926     1.7729     1.4591     100.00   26.05902  -93.72330   -0.00003   -0.00000          2  0.000e+00
     117063   4877.583   2714.352   2749.993     4.3329     4.3338   3.398950   3.398926     1.7729     1.4591     100.00   26.05902  -93.72330   -0.00003   -0.00001          2  0.000e+00
     117064   4877.625   2714.303   2749.943     4.3330     4.3342   3.398963   3.398926     1.7729     1.4591     100.00   26.05902  -93.72330   -0.00004   -0.00001          2  0.000e+00
     117065   4877.667   2714.296   2749.936     4.3329     4.3341   3.398944   3.398926     1.7729     1.4591     100.00   26.05902  -93.72330   -0.00004   -0.00001          2  0.000e+00
     117066   4877.708   2714.296   2749.936     4.3329     4.3339   3.398937   3.398907     1.7729     1.4579     100.00   26.05902  -93.72330   -0.00005   -0.00003          2  0.000e+00
     117067   4877.750   2714.254   2749.893     4.3331     4.3338   3.398963   3.398894     1.7729     1.4591     100.00   26.05902  -93.72330   -0.00005   -0.00003          2  0.000e+00
     123150   5131.208   2517.776   2549.651     4.3148     4.3165   3.389644   3.389609     1.8010     1.4860     100.00   26.05902  -93.72330    0.00008   -0.00002          3  0.000e+00
     123151   5131.250   2517.832   2549.708     4.3150     4.3164   3.389625   3.389609     1.8010     1.4847     100.00   26.05902  -93.72330    0.00008   -0.00002          3  0.000e+00
     123152   5131.292   2517.881   2549.758     4.3148     4.3164   3.389574   3.389583     1.8010     1.4847     100.00   26.05902  -93.72330    0.00007   -0.00003          3  0.000e+00
     123153   5131.333   2517.881   2549.758     4.3151     4.3162   3.389600   3.389596     1.8010     1.4860     100.00   26.05902  -93.72330    0.00006   -0.00001          3  0.000e+00
     123154   5131.375   2517.853   2549.730     4.3150     4.3164   3.389619   3.389654     1.8010     1.4847     100.00   26.05902  -93.72330    0.00007   -0.00001          3  0.000e+00
     123155   5131.417   2517.832   2549.708     4.3149     4.3162   3.389644   3.389596     1.8010     1.4847     100.00   26.05902  -93.72330    0.00008   -0.00002          3  0.000e+00
     123156   5131.458   2517.881   2549.758     4.3150     4.3165   3.389574   3.389596     1.8010     1.4847     100.00   26.05902  -93.72330    0.00007   -0.00003          3  0.000e+00
     123157   5131.500   2517.832   2549.708     4.3150     4.3164   3.389606   3.389583     1.8010     1.4860     100.00   26.05902  -93.72330    0.00007   -0.00002          3  0.000e+00
     123158   5131.542   2517.882   2549.759     4.3148     4.3162   3.389619   3.389596     1.8010     1.4860     100.00   26.05902  -93.72330    0.00008   -0.00002          3  0.000e+00
     123159   5131.583   2517.832   2549.709     4.3149     4.3164   3.389619   3.389583     1.8022     1.4860     100.00   26.05902  -93.72330    0.00010   -0.00002          3  0.000e+00
     123160   5131.625   2517.832   2549.709     4.3148     4.3165   3.389644   3.389622     1.8010     1.4847     100.00   26.05902  -93.72330    0.00011   -0.00003          3  0.000e+00
     123161   5131.667   2517.882   2549.759     4.3148     4.3165   3.389650   3.389590     1.7998     1.4860     100.00   26.05902  -93.72330    0.00010   -0.00001          3  0.000e+00
     123162   5131.708   2517.798   2549.673     4.3149     4.3164   3.389600   3.389596     1.8010     1.4847     100.00   26.05902  -93.72330    0.00009   -0.00002          3  0.000e+00
     123163   5131.750   2517.882   2549.759     4.3148     4.3164   3.389587   3.389609     1.7998     1.4847     100.00   26.05902  -93.72330    0.00009   -0.00002          3  0.000e+00
     123164   5131.792   2517.833   2549.709     4.3150     4.3162   3.389631   3.389583     1.8010     1.4860     100.00   26.05902  -93.72330    0.00009   -0.00001          3  0.000e+00
     123165   5131.833   2517.833   2549.709     4.3149     4.3162   3.389600   3.389577     1.7998     1.4860     100.00   26.05902  -93.72330    0.00009   -0.00001          3  0.000e+00
     123166   5131.875   2517.833   2549.709     4.3151     4.3160   3.389587   3.389596     1.8010     1.4847     100.00   26.05902  -93.72330    0.00010   -0.00000          3  0.000e+00
     123167   5131.917   2517.833   2549.709     4.3150     4.3162   3.389631   3.389609     1.7998     1.4860     100.00   26.05902  -93.72330    0.00009    0.00002          3  0.000e+00
     123168   5131.958   2517.882   2549.759     4.3148     4.3160   3.389631   3.389583     1.7998     1.4860     100.00   26.05902  -93.72330    0.00008    0.00004          3  0.000e+00
     123169   5132.000   2517.777   2549.652     4.3150     4.3164   3.389619   3.389596     1.8010     1.4860     100.00   26.05902  -93.72330    0.00009    0.00004          3  0.000e+00
     123170   5132.042   2517.854   2549.731     4.3150     4.3162   3.389600   3.389609     1.8010     1.4860     100.00   26.05902  -93.72330    0.00008    0.00005          3  0.000e+00
     123171   5132.083   2517.833   2549.709     4.3151     4.3162   3.389612   3.389628     1.8010     1.4847     100.00   26.05902  -93.72330    0.00009    0.00003          3  0.000e+00
     123172   5132.125   2517.833   2549.709     4.3148     4.3160   3.389619   3.389615     1.7998     1.4847     100.00   26.05902  -93.72330    0.00008    0.00002          3  0.000e+00
     123173   5132.167   2517.833   2549.709     4.3148     4.3157   3.389619   3.389628     1.8010     1.4847     100.00   26.05902  -93.72330    0.00010    0.00001          3  0.000e+00
     123174   5132.208   2517.833   2549.709     4.3150     4.3161   3.389600   3.389590     1.7998     1.4847     100.00   26.05902  -93.72330    0.00007   -0.00001          3  0.000e+00
     123175   5132.250   2517.833   2549.710     4.3149     4.3162   3.389631   3.389596     1.7998     1.4860     100.00   26.05902  -93.72330    0.00006    0.00001          3  0.000e+00
     123176   5132.292   2517.833   2549.710     4.3151     4.3159   3.389625   3.389583     1.8010     1.4847     100.00   26.05902  -93.72330    0.00006   -0.00000          3  0.000e+00
     123177   5132.333   2517.855   2549.731     4.3151     4.3162   3.389600   3.389551     1.8010     1.4860     100.00   26.05902  -93.72330    0.00005    0.00000          3  0.000e+00
     123178   5132.375   2517.777   2549.652     4.3149     4.3160   3.389587   3.389590     1.8010     1.4847     100.00   26.05902  -93.72330    0.00004    0.00001          3  0.000e+00
     123179   5132.417   2517.883   2549.760     4.3148     4.3162   3.389587   3.389609     1.8010     1.4847     100.00   26.05902  -93.72330    0.00003   -0.00001          3  0.000e+00
     123180   5132.458   2517.834   2549.710     4.3151     4.3161   3.389612   3.389628     1.8010     1.4860     100.00   26.05902  -93.72330    0.00004    0.00001          3  0.000e+00
     123181   5132.500   2517.834   2549.710     4.3148     4.3162   3.389600   3.389590     1.8010     1.4860     100.00   26.05902  -93.72330    0.00005    0.00002          3  0.000e+00
     123182   5132.542   2517.834   2549.710     4.3153     4.3162   3.389612   3.389596     1.8010     1.4847     100.00   26.05902  -93.72330    0.00006    0.00002          3  0.000e+00
     123183   5132.583   2517.834   2549.710     4.3150     4.3161   3.389619   3.389583     1.8010     1.4847     100.00   26.05902  -93.72330    0.00005    0.00000          3  0.000e+00
     123184   5132.625   2517.834   2549.710     4.3151     4.3162   3.389644   3.389577     1.8010     1.4847     100.00   26.05902  -93.72330    0.00004   -0.00001          3  0.000e+00
     123185   5132.667   2517.855   2549.732     4.3150     4.3162   3.389606   3.389596     1.8010     1.4847     100.00   26.05902  -93.72330    0.00003   -0.00002          3  0.000e+00
     123186   5132.708   2517.883   2549.760     4.3150     4.3159   3.389631   3.389583     1.8010     1.4847     100.00   26.05902  -93.72330    0.00004   -0.00002          3  0.000e+00
     123187   5132.750   2517.834   2549.710     4.3148     4.3162   3.389625   3.389577     1.8010     1.4860     100.00   26.05902  -93.72330    0.00005   -0.00002          3  0.000e+00
     123188   5132.792   2517.834   2549.710     4.3148     4.3159   3.389619   3.389577     1.7998     1.4847     100.00   26.05902  -93.72330    0.00004   -0.00001          3  0.000e+00
     123189   5132.833   2517.883   2549.760     4.3151     4.3162   3.389619   3.389622     1.7998     1.4860     100.00   26.05902  -93.72330    0.00001   -0.00001          3  0.000e+00
     123190   5132.875   2517.883   2549.760     4.3150     4.3159   3.389600   3.389564     1.7998     1.4847     100.00   26.05902  -93.72330   -0.00001   -0.00002          3  0.000e+00
     123191   5132.917   2517.834   2549.710     4.3148     4.3160   3.389587   3.389564     1.8010     1.4847     100.00   26.05902  -93.72330   -0.00002   -0.00002          3  0.000e+00
     123192   5132.958   2517.883   2549.761     4.3150     4.3159   3.389612   3.389596     1.8010     1.4860     100.00   26.05902  -93.72330   -0.00003    0.00000          3  0.000e+00
     123193   5133.000   2517.855   2549.732     4.3150     4.3159   3.389619   3.389583     1.8010     1.4860     100.00   26.05902  -93.72330   -0.00003    0.00002          3  0.000e+00
     123194   5133.042   2517.884   2549.761     4.3148     4.3160   3.389600   3.389596     1.8010     1.4847     100.00   26.05902  -93.72330   -0.00002    0.00003          3  0.000e+00
     123195   5133.083   2517.884   2549.761     4.3148     4.3160   3.389612   3.389583     1.7998     1.4847     100.00   26.05902  -93.72330   -0.00003    0.00003          3  0.000e+00
     123196   5133.125   2517.884   2549.761     4.3148     4.3159   3.389619   3.389577     1.7998     1.4847     100.00   26.05902  -93.72330   -0.00004    0.00002          3  0.000e+00
     123197   5133.167   2517.940   2549.818     4.3151     4.3160   3.389619   3.389577     1.8010     1.4847     100.00   26.05902  -93.72330   -0.00003    0.00002          3  0.000e+00
     123198   5133.208   2517.884   2549.761     4.3150     4.3159   3.389593   3.389577     1.7998     1.4847     100.00   26.05902  -93.72330   -0.00004    0.00001          3  0.000e+00
     123199   5133.250   2517.884   2549.761     4.3148     4.3159   3.389587   3.389596     1.7998     1.4847     100.00   26.05902  -93.72330   -0.00006   -0.00000          3  0.000e+00
     123200   5133.292   2517.884   2549.761     4.3151     4.3159   3.389612   3.389609     1.8010     1.4847     100.00   26.05902  -93.72330   -0.00005   -0.00001          3  0.000e+00
     123201   5133.333   2517.905   2549.783     4.3149     4.3160   3.389600   3.389583     1.8010     1.4860     100.00   26.05902  -93.72330   -0.00005    0.00001          3  0.000e+00
     123202   5133.375   2517.940   2549.818     4.3151     4.3159   3.389587   3.389577     1.7998     1.4847     100.00   26.05902  -93.72330   -0.00005   -0.00000          3  0.000e+00
     123203   5133.417   2517.940   2549.818     4.3148     4.3159   3.389612   3.389577     1.8010     1.4860     100.00   26.05902  -93.72330   -0.00005 8.7922e-07          3  0.000e+00
     123204   5133.458   2517.940   2549.819     4.3148     4.3159   3.389593   3.389596     1.8010     1.4860     100.00   26.05902  -93.72330   -0.00005    0.00001          3  0.000e+00
     123205   5133.500   2517.940   2549.819     4.3148     4.3159   3.389587   3.389583     1.8010     1.4860     100.00   26.05902  -93.72330   -0.00005    0.00001          3  0.000e+00
     123206   5133.542   2517.940   2549.819     4.3150     4.3159   3.389631   3.389577     1.8010     1.4847     100.00   26.05902  -93.72330   -0.00004   -0.00000          3  0.000e+00
     123207   5133.583   2517.941   2549.819     4.3149     4.3160   3.389600   3.389551     1.7998     1.4860     100.00   26.05902  -93.72330   -0.00005 -7.034e-07          3  0.000e+00
     123208   5133.625   2517.962   2549.840     4.3151     4.3159   3.389638   3.389545     1.8010     1.4847     100.00   26.05902  -93.72330   -0.00004   -0.00001          3  0.000e+00
     123209   5133.667   2517.941   2549.819     4.3148     4.3159   3.389600   3.389564     1.7998     1.4847     100.00   26.05902  -93.72330   -0.00004   -0.00001          3  0.000e+00
     123210   5133.708   2517.941   2549.819     4.3149     4.3157   3.389587   3.389577     1.8010     1.4847     100.00   26.05902  -93.72330   -0.00003   -0.00001          3  0.000e+00
     123211   5133.750   2517.997   2549.876     4.3148     4.3157   3.389612   3.389577     1.8010     1.4847     100.00   26.05902  -93.72330   -0.00003   -0.00002          3  0.000e+00
     123212   5133.792   2517.941   2549.819     4.3150     4.3157   3.389600   3.389577     1.8010     1.4847     100.00   26.05902  -93.72330   -0.00003   -0.00003          3  0.000e+00
     123213   5133.833   2518.046   2549.926     4.3150     4.3159   3.389587   3.389596     1.7998     1.4847     100.00   26.05902  -93.72330   -0.00004   -0.00003          3  0.000e+00
     123214   5133.875   2517.941   2549.819     4.3149     4.3157   3.389638   3.389583     1.8010     1.4847     100.00   26.05902  -93.72330   -0.00005   -0.00004          3  0.000e+00
     123215   5133.917   2517.997   2549.876     4.3148     4.3160   3.389600   3.389577     1.8010     1.4847     100.00   26.05902  -93.72330   -0.00004   -0.00004          3  0.000e+00
     123216   5133.958   2518.018   2549.898     4.3150     4.3157   3.389612   3.389596     1.7998     1.4860     100.00   26.05902  -93.72330   -0.00005   -0.00002          3  0.000e+00
     123217   5134.000   2517.997   2549.877     4.3149     4.3159   3.389619   3.389609     1.7998     1.4860     100.00   26.05902  -93.72330   -0.00006    0.00001          3  0.000e+00
     123218   5134.042   2517.997   2549.877     4.3148     4.3159   3.389593   3.389583     1.8010     1.4847     100.00   26.05902  -93.72330   -0.00005    0.00001          3  0.000e+00
     123219   5134.083   2518.047   2549.927     4.3150     4.3157   3.389587   3.389577     1.8010     1.4847     100.00   26.05902  -93.72330   -0.00004    0.00002          3  0.000e+00
     123220   5134.125   2517.998   2549.877     4.3149     4.3159   3.389612   3.389551     1.7998     1.4847     100.00   26.05902  -93.72330   -0.00004    0.00001          3  0.000e+00
     123221   5134.167   2518.047   2549.927     4.3150     4.3157   3.389619   3.389590     1.8010     1.4847     100.00   26.05902  -93.72330   -0.00005   -0.00001          3  0.000e+00
     123222   5134.208   2517.998   2549.877     4.3150     4.3159   3.389593   3.389583     1.8010     1.4860     100.00   26.05902  -93.72330   -0.00004 -5.275e-07          3  0.000e+00
     123223   5134.250   2517.998   2549.877     4.3149     4.3157   3.389612   3.389551     1.7998     1.4847     100.00   26.05902  -93.72330   -0.00005   -0.00001          3  0.000e+00
