Gulf of Mexico/GOMECC-4/1db/rb2103_0911.cnv
* Sea-Bird SBE 9 Data File:
* FileName = C:\Users\scs.user.rb\CTD\GOMECC4\data\rb2103_0911.hex
* Software Version Seasave V 7.26.7.107
* Temperature SN = 4799
* Conductivity SN = 3860
* Number of Bytes Per Scan = 41
* Number of Voltage Words = 4
* Number of Scans Averaged by the Deck Unit = 1
* NMEA Latitude = 21 44.01 N
* NMEA Longitude = 092 19.10 W
* NMEA UTC (Time) = Oct 10 2021  02:10:50
* NMEA baud rate = 4800
# nquan = 28
# nvalues = 155                         
# units = specified
# name 0 = scan: Scan Count
# name 1 = timeS: Time, Elapsed [seconds]
# name 2 = depSM: Depth [salt water, m]
# name 3 = prDM: Pressure, Digiquartz [db]
# name 4 = t090C: Temperature [ITS-90, deg C]
# name 5 = t190C: Temperature, 2 [ITS-90, deg C]
# name 6 = c0S/m: Conductivity [S/m]
# name 7 = c1S/m: Conductivity, 2 [S/m]
# name 8 = sbeox0V: Oxygen raw, SBE 43 [V]
# name 9 = sbeox1V: Oxygen raw, SBE 43, 2 [V]
# name 10 = altM: Altimeter [m]
# name 11 = latitude: Latitude [deg]
# name 12 = longitude: Longitude [deg]
# name 13 = sbox0dV/dT: Oxygen, SBE 43 [dov/dt]
# name 14 = sbox1dV/dT: Oxygen, SBE 43, 2 [dov/dt]
# name 15 = sbeox0ML/L: Oxygen, SBE 43 [ml/l], WS = 5
# name 16 = sbeox1ML/L: Oxygen, SBE 43, 2 [ml/l], WS = 5
# name 17 = potemp090C: Potential Temperature [ITS-90, deg C]
# name 18 = potemp190C: Potential Temperature, 2 [ITS-90, deg C]
# name 19 = sal00: Salinity, Practical [PSU]
# name 20 = sal11: Salinity, Practical, 2 [PSU]
# name 21 = sigma-é00: Density [sigma-theta, kg/m^3]
# name 22 = sigma-é11: Density, 2 [sigma-theta, kg/m^3]
# name 23 = avgsvCM: Average Sound Velocity [Chen-Millero, m/s], minP = 20, minS = 20
# name 24 = sbox0Mm/Kg: Oxygen, SBE 43 [umol/kg], WS = 5
# name 25 = sbox1Mm/Kg: Oxygen, SBE 43, 2 [umol/kg], WS = 5
# name 26 = nbin: number of scans per bin
# name 27 = flag: flag
# span 0 =      20439,      55774       
# span 1 =    851.585,   2323.857       
# span 2 =      1.988,    105.314       
# span 3 =      2.000,    106.000       
# span 4 =    19.3115,    29.7772       
# span 5 =    19.3313,    29.7884       
# span 6 =   4.905815,   6.040099       
# span 7 =   4.911077,   6.041361       
# span 8 =     1.8686,     3.2699       
# span 9 =     1.5387,     2.8060       
# span 10 =      11.56,     100.01      
# span 11 =   21.31185,   21.79895      
# span 12 =  -92.59375,  -90.52326      
# span 13 =   -0.04573,    0.03216      
# span 14 =   -0.04411,    0.03033      
# span 15 =     2.4981,     4.9696      
# span 16 =     2.5147,     4.9952      
# span 17 =    19.2923,    29.7767      
# span 18 =    19.3120,    29.7879      
# span 19 =    36.0694,    36.5592      
# span 20 =    35.8423,    36.5606      
# span 21 =    22.6629,    26.1376      
# span 22 =    22.5353,    26.1380      
# span 23 =       0.00,    1560.35      
# span 24 =    108.735,    216.661      
# span 25 =    109.454,    217.776      
# span 26 =         30,         78      
# span 27 = 0.0000e+00, 0.0000e+00      
# interval = decibars: 1                
# start_time = Oct 10 2021 02:10:50 [NMEA time, header]
# bad_flag = -9.990e-29
*END*
      20439    851.585      4.969      5.000    29.7719    29.7723   6.039372   6.039675     3.1613     2.6696      69.71   21.73385  -92.31875    0.00058   -0.00110     4.3247     4.2977    29.7707    29.7710    36.5533    36.5547    22.9698    22.9707       0.00    188.806    187.626         32 0.0000e+00
      20514    854.719      5.963      6.000    29.7772    29.7775   6.040099   6.040396     3.1623     2.6695      91.49   21.73386  -92.31876    0.00016   -0.00130     4.3266     4.2975    29.7758    29.7760    36.5534    36.5548    22.9681    22.9691       0.00    188.886    187.619         60 0.0000e+00
      20587    857.764      6.957      7.000    29.7693    29.7750   6.038775   6.039898     3.1605     2.6733      99.93   21.73386  -92.31876   -0.00045    0.00134     4.3249     4.3062    29.7677    29.7734    36.5526    36.5546    22.9703    22.9699       0.00    188.814    187.996         44 0.0000e+00
      20643    860.098      7.950      8.000    29.7431    29.7469   6.036197   6.036857     3.1601     2.6714     100.00   21.73386  -92.31876   -0.00068   -0.00062     4.3264     4.3046    29.7411    29.7449    36.5521    36.5537    22.9789    22.9788       0.00    188.875    187.926         45 0.0000e+00
      20693    862.158      8.944      9.000    29.7351    29.7368   6.035270   6.035673     3.1582     2.6720     100.00   21.73386  -92.31876   -0.00030   -0.00042     4.3241     4.3069    29.7329    29.7346    36.5514    36.5529    22.9813    22.9819       0.00    188.777    188.026         51 0.0000e+00
      20739    864.093      9.938     10.000    29.7287    29.7303   6.034591   6.034966     3.1585     2.6698      76.63   21.73386  -92.31876   -0.00048   -0.00101     4.3256     4.3036    29.7262    29.7278    36.5514    36.5528    22.9835    22.9840       0.00    188.839    187.879         45 0.0000e+00
      20786    866.061     10.931     11.000    29.7232    29.7248   6.034032   6.034414     3.1589     2.6693      65.11   21.73386  -92.31876    0.00019   -0.00013     4.3271     4.3032    29.7205    29.7221    36.5516    36.5530    22.9856    22.9861       0.00    188.908    187.861         47 0.0000e+00
      20834    868.045     11.925     12.000    29.7181    29.7197   6.033550   6.033934     3.1584     2.6694      99.70   21.73386  -92.31876   -0.00006   -0.00015     4.3273     4.3047    29.7151    29.7167    36.5517    36.5531    22.9875    22.9880       0.00    188.913    187.926         50 0.0000e+00
      20884    870.131     12.919     13.000    29.7159    29.7173   6.033379   6.033740     3.1599     2.6706     100.00   21.73386  -92.31876    0.00027    0.00019     4.3305     4.3077    29.7127    29.7141    36.5519    36.5533    22.9885    22.9891       0.00    189.055    188.057         49 0.0000e+00
      20935    872.254     13.913     14.000    29.7146    29.7159   6.033330   6.033665     3.1568     2.6689     100.00   21.73386  -92.31876   -0.00028   -0.00016     4.3257     4.3049    29.7111    29.7124    36.5523    36.5536    22.9893    22.9899       0.00    188.845    187.937         52 0.0000e+00
      20985    874.347     14.906     15.000    29.7115    29.7135   6.032977   6.033361     3.1570     2.6703     100.00   21.73386  -92.31876   -0.00083    0.00005     4.3273     4.3095    29.7079    29.7098    36.5526    36.5540    22.9907    22.9911       0.00    188.912    188.135         48 0.0000e+00
      21032    876.300     15.900     16.000    29.7041    29.7055   6.032181   6.032557     3.1575     2.6682      99.39   21.73386  -92.31877    0.00014   -0.00035     4.3288     4.3053    29.7001    29.7015    36.5518    36.5532    22.9927    22.9933       0.00    188.979    187.952         48 0.0000e+00
      21084    878.462     16.894     17.000    29.7011    29.7027   6.031859   6.032246     3.1565     2.6695      98.40   21.73386  -92.31878   -0.00006    0.00017     4.3277     4.3085    29.6969    29.6985    36.5515    36.5530    22.9936    22.9942       0.00    188.930    188.093         55 0.0000e+00
      21136    880.642     17.887     18.000    29.6990    29.7004   6.031689   6.032030     3.1554     2.6685      97.41   21.73386  -92.31878   -0.00066    0.00007     4.3265     4.3073    29.6946    29.6959    36.5517    36.5530    22.9945    22.9951       0.00    188.878    188.039         49 0.0000e+00
      21183    882.581     18.881     19.000    29.6958    29.6972   6.031415   6.031807     3.1572     2.6675      96.57   21.73387  -92.31878    0.00025   -0.00060     4.3304     4.3059    29.6911    29.6926    36.5519    36.5535    22.9959    22.9966       0.00    189.049    187.981         46 0.0000e+00
      21233    884.654     19.875     20.000    29.6946    29.6959   6.031487   6.031839     3.1549     2.6680      95.51   21.73387  -92.31878    0.00000   -0.00030     4.3269     4.3077    29.6897    29.6909    36.5530    36.5545    22.9972    22.9979     783.14    188.897    188.056         53 0.0000e+00
      21286    886.872     20.868     21.000    29.6936    29.6950   6.031521   6.031884     3.1548     2.6655      94.55   21.73387  -92.31878   -0.00080   -0.00029     4.3273     4.3033    29.6884    29.6898    36.5537    36.5552    22.9982    22.9988    1560.35    188.914    187.863         51 0.0000e+00
      21332    888.802     21.862     22.000    29.6902    29.6916   6.031271   6.031630     3.1526     2.6670      87.58   21.73388  -92.31878   -0.00017   -0.00046     4.3242     4.3069    29.6848    29.6862    36.5543    36.5557    22.9999    23.0004    1546.93    188.775    188.021         44 0.0000e+00
      21381    890.846     22.856     23.000    29.6869    29.6882   6.030933   6.031287     3.1486     2.6662      92.57   21.73388  -92.31878   -0.00183    0.00002     4.3178     4.3062    29.6812    29.6826    36.5542    36.5556    23.0010    23.0016    1546.93    188.497    187.990         55 0.0000e+00
      21435    893.098     23.850     24.000    29.6854    29.6869   6.030887   6.031262     3.1527     2.6703      91.65   21.73388  -92.31878    0.00014    0.00123     4.3257     4.3148    29.6795    29.6809    36.5547    36.5562    23.0020    23.0026    1546.94    188.844    188.365         51 0.0000e+00
      21483    895.103     24.843     25.000    29.6854    29.6868   6.031039   6.031399     3.1544     2.6670      74.83   21.73388  -92.31878    0.00208   -0.00028     4.3295     4.3086    29.6792    29.6806    36.5556    36.5570    23.0027    23.0033    1546.94    189.008    188.097         46 0.0000e+00
      21531    897.098     25.837     26.000    29.6815    29.6830   6.030624   6.030996     3.1514     2.6668      89.35   21.73388  -92.31878   -0.00069   -0.00055     4.3246     4.3092    29.6751    29.6766    36.5553    36.5567    23.0039    23.0044    1546.94    188.795    188.122         52 0.0000e+00
      21584    899.295     26.831     27.000    29.6793    29.6809   6.030412   6.030780     3.1496     2.6630      88.71   21.73388  -92.31879   -0.00119   -0.00097     4.3221     4.3023    29.6726    29.6742    36.5553    36.5567    23.0047    23.0053    1546.94    188.685    187.822         50 0.0000e+00
      21632    901.289     27.824     28.000    29.6790    29.6802   6.030528   6.030834     3.1496     2.6631      87.86   21.73388  -92.31880   -0.00028   -0.00118     4.3226     4.3031    29.6721    29.6733    36.5559    36.5571    23.0054    23.0059    1546.95    188.708    187.854         49 0.0000e+00
      21683    903.417     28.818     29.000    29.6773    29.6788   6.030391   6.030765     3.1505     2.6659      86.85   21.73388  -92.31880    0.00013    0.00130     4.3248     4.3091    29.6702    29.6716    36.5560    36.5574    23.0061    23.0067    1546.95    188.804    188.117         50 0.0000e+00
      21732    905.447     29.811     30.000    29.6747    29.6760   6.030091   6.030454     3.1481     2.6621      85.90   21.73388  -92.31880   -0.00027   -0.00064     4.3214     4.3024    29.6673    29.6686    36.5556    36.5571    23.0068    23.0075    1546.95    188.655    187.823         49 0.0000e+00
      21783    907.566     30.805     31.000    29.6684    29.6697   6.029279   6.029613     3.1496     2.6625      84.97   21.73388  -92.31880   -0.00020   -0.00084     4.3250     4.3041    29.6608    29.6620    36.5545    36.5559    23.0082    23.0088    1546.96    188.810    187.899         52 0.0000e+00
      21834    909.729     31.799     32.000    29.6671    29.6684   6.029186   6.029531     3.1480     2.6601      83.90   21.73388  -92.31880    0.00004   -0.00043     4.3228     4.3001    29.6592    29.6605    36.5546    36.5560    23.0087    23.0094    1546.96    188.714    187.721         51 0.0000e+00
      21882    911.725     32.792     33.000    29.6669    29.6681   6.029221   6.029561     3.1488     2.6610      83.04   21.73388  -92.31881   -0.00041   -0.00057     4.3247     4.3023    29.6587    29.6600    36.5547    36.5561    23.0090    23.0097    1546.97    188.796    187.820         46 0.0000e+00
      21930    913.717     33.786     34.000    29.6687    29.6700   6.029746   6.030103     3.1473     2.6655      81.98   21.73388  -92.31881    0.00006    0.00152     4.3223     4.3116    29.6603    29.6616    36.5567    36.5581    23.0100    23.0106    1546.97    188.694    188.223         51 0.0000e+00
      21984    915.964     34.780     35.000    29.6689    29.6702   6.029886   6.030227     3.1466     2.6597      80.99   21.73390  -92.31882   -0.00080   -0.00039     4.3216     4.3006    29.6602    29.6615    36.5572    36.5585    23.0104    23.0109    1546.97    188.663    187.742         53 0.0000e+00
      22033    917.989     35.773     36.000    29.6669    29.6681   6.029725   6.030053     3.1479     2.6607      80.07   21.73390  -92.31882    0.00034   -0.00133     4.3247     4.3032    29.6580    29.6592    36.5573    36.5586    23.0112    23.0118    1546.98    188.796    187.860         47 0.0000e+00
      22082    920.062     36.767     37.000    29.6641    29.6655   6.029465   6.029822     3.1485     2.6601      79.15   21.73390  -92.31882    0.00040    0.00009     4.3264     4.3028    29.6549    29.6564    36.5573    36.5587    23.0123    23.0128    1546.98    188.872    187.841         52 0.0000e+00
      22133    922.174     37.760     38.000    29.6629    29.6643   6.029388   6.029735     3.1504     2.6621      78.17   21.73390  -92.31882    0.00075    0.00062     4.3305     4.3073    29.6536    29.6549    36.5574    36.5587    23.0128    23.0134    1546.99    189.049    188.038         49 0.0000e+00
      22183    924.257     38.754     39.000    29.6623    29.6639   6.029466   6.029869     3.1475     2.6629      77.18   21.73390  -92.31882   -0.00035    0.00047     4.3257     4.3095    29.6527    29.6542    36.5581    36.5597    23.0136    23.0143    1546.99    188.840    188.131         52 0.0000e+00
      22235    926.415     39.748     40.000    29.6612    29.6626   6.029557   6.029909     3.1457     2.6612      76.20   21.73390  -92.31882   -0.00120    0.00003     4.3231     4.3066    29.6514    29.6527    36.5592    36.5606    23.0149    23.0155    1547.00    188.727    188.007         50 0.0000e+00
      22283    928.422     40.741     41.000    29.6526    29.6539   6.028371   6.028729     3.1462     2.6601      75.23   21.73390  -92.31882   -0.00028   -0.00087     4.3251     4.3055    29.6425    29.6438    36.5577    36.5591    23.0168    23.0174    1547.00    188.814    187.958         49 0.0000e+00
      22334    930.561     41.735     42.000    29.6226    29.6221   6.024611   6.024673     3.1450     2.6541      74.28   21.73390  -92.31883    0.00005   -0.00208     4.3260     4.2966    29.6122    29.6117    36.5541    36.5549    23.0244    23.0252    1547.01    188.852    187.568         50 0.0000e+00
      22385    932.655     42.728     43.000    29.4416    29.4373   6.002062   6.001573     3.1358     2.6539      73.32   21.73390  -92.31884   -0.00256   -0.00100     4.3253     4.3112    29.4311    29.4267    36.5366    36.5365    23.0728    23.0742    1547.01    188.812    188.197         53 0.0000e+00
      22438    934.868     43.722     44.000    29.1055    29.1038   5.960181   5.960052     3.1307     2.6481      72.33   21.73390  -92.31884   -0.00356   -0.00130     4.3418     4.3237    29.0948    29.0931    36.5037    36.5041    23.1617    23.1626    1546.99    189.515    188.723         51 0.0000e+00
      22486    936.869     44.716     45.000    28.3506    28.3447   5.869052   5.867328     3.1170     2.6308      71.37   21.73390  -92.31884   -0.00601   -0.00697     4.3568     4.3302    28.3399    28.3340    36.4581    36.4555    23.3790    23.3790    1546.95    190.142    188.981         47 0.0000e+00
      22536    938.943     45.709     46.000    27.7219    27.7237   5.799167   5.799762     3.0562     2.5817      70.38   21.73390  -92.31884   -0.02161   -0.01857     4.3141     4.2905    27.7111    27.7129    36.4417    36.4446    23.5738    23.5755    1546.87    188.229    187.200         53 0.0000e+00
      22589    941.162     46.702     47.000    27.4194    27.4250   5.764265   5.765254     3.0447     2.5819      69.40   21.73390  -92.31884   -0.01006   -0.00700     4.3188     4.3134    27.4085    27.4141    36.4290    36.4313    23.6627    23.6626    1546.79    188.418    188.182         53 0.0000e+00
      22639    943.233     47.696     48.000    26.5703    26.5861   5.663331   5.665226     3.0589     2.6070      68.47   21.73390  -92.31886   -0.00134    0.00416     4.4120     4.4282    26.5594    26.5751    36.3686    36.3699    23.8895    23.8854    1546.68    192.441    193.151         46 0.0000e+00
      22687    945.229     48.690     49.000    25.8815    25.8871   5.584347   5.585185     3.1275     2.6773      67.52   21.73391  -92.31886    0.02064    0.02487     4.5907     4.6217    25.8759    25.8762    36.3337    36.3354    24.0787    24.0782    1546.52    200.202    201.553         50 0.0000e+00
      22736    947.287     49.683     50.000    25.3755    25.3777   5.524897   5.525403     3.1847     2.7281      66.48   21.73392  -92.31886    0.03216    0.03033     4.7536     4.7806    25.3646    25.3667    36.3028    36.3049    24.2142    24.2151    1546.35    207.274    208.452         50 0.0000e+00
      22788    949.439     50.677     51.000    25.1125    25.1138   5.494716   5.495384     3.2487     2.7875      65.50   21.73392  -92.31886    0.02778    0.02583     4.8917     4.9210    25.1014    25.1026    36.2909    36.2933    24.2861    24.2876    1546.17    213.283    214.559         50 0.0000e+00
      22835    951.418     51.670     52.000    24.8163    24.8168   5.464542   5.464883     3.2699     2.8060      64.53   21.73392  -92.31886    0.02254    0.02035     4.9696     4.9952    24.8051    24.8055    36.3020    36.3042    24.3850    24.3865    1545.99    216.661    217.776         49 0.0000e+00
      22886    953.550     52.664     53.000    24.6328    24.6352   5.444916   5.445522     3.2587     2.7904      63.53   21.73392  -92.31886    0.00135    0.00041     4.9645     4.9773    24.6213    24.6238    36.3026    36.3052    24.4413    24.4425    1545.79    216.426    216.982         50 0.0000e+00
      22935    955.597     53.658     54.000    24.3521    24.3589   5.411427   5.412469     3.2310     2.7652      62.55   21.73392  -92.31886   -0.00990   -0.01065     4.9378     4.9484    24.3405    24.3473    36.2773    36.2797    24.5068    24.5066    1545.60    215.247    215.710         48 0.0000e+00
      22979    957.403     54.651     55.000    24.0562    24.0623   5.377933   5.378814     3.2021     2.7383      61.66   21.73392  -92.31888   -0.01425   -0.01247     4.9086     4.9160    24.0446    24.0506    36.2637    36.2654    24.5851    24.5846    1545.40    213.959    214.281         40 0.0000e+00
