Gulf of Mexico/GOMECC-4/1db/rb2103_0122.cnv
* Sea-Bird SBE 9 Data File:
* FileName = C:\Users\scs.user.rb\CTD\GOMECC4\data\rb2103_0122.hex
* Software Version Seasave V 7.26.7.107
* Temperature SN = 4799
* Conductivity SN = 3860
* Number of Bytes Per Scan = 41
* Number of Voltage Words = 4
* Number of Scans Averaged by the Deck Unit = 1
* NMEA Latitude = 26 39.93 N
* NMEA Longitude = 085 00.17 W
* NMEA UTC (Time) = Sep 18 2021  13:28:43
* NMEA baud rate = 4800
# nquan = 28
# nvalues = 828                         
# units = specified
# name 0 = scan: Scan Count
# name 1 = timeS: Time, Elapsed [seconds]
# name 2 = depSM: Depth [salt water, m]
# name 3 = prDM: Pressure, Digiquartz [db]
# name 4 = t090C: Temperature [ITS-90, deg C]
# name 5 = t190C: Temperature, 2 [ITS-90, deg C]
# name 6 = c0S/m: Conductivity [S/m]
# name 7 = c1S/m: Conductivity, 2 [S/m]
# name 8 = sbeox0V: Oxygen raw, SBE 43 [V]
# name 9 = sbeox1V: Oxygen raw, SBE 43, 2 [V]
# name 10 = altM: Altimeter [m]
# name 11 = latitude: Latitude [deg]
# name 12 = longitude: Longitude [deg]
# name 13 = sbox0dV/dT: Oxygen, SBE 43 [dov/dt]
# name 14 = sbox1dV/dT: Oxygen, SBE 43, 2 [dov/dt]
# name 15 = sbeox0ML/L: Oxygen, SBE 43 [ml/l], WS = 5
# name 16 = sbeox1ML/L: Oxygen, SBE 43, 2 [ml/l], WS = 5
# name 17 = potemp090C: Potential Temperature [ITS-90, deg C]
# name 18 = potemp190C: Potential Temperature, 2 [ITS-90, deg C]
# name 19 = sal00: Salinity, Practical [PSU]
# name 20 = sal11: Salinity, Practical, 2 [PSU]
# name 21 = sigma-é00: Density [sigma-theta, kg/m^3]
# name 22 = sigma-é11: Density, 2 [sigma-theta, kg/m^3]
# name 23 = avgsvCM: Average Sound Velocity [Chen-Millero, m/s], minP = 20, minS = 20
# name 24 = sbox0Mm/Kg: Oxygen, SBE 43 [umol/kg], WS = 5
# name 25 = sbox1Mm/Kg: Oxygen, SBE 43, 2 [umol/kg], WS = 5
# name 26 = nbin: number of scans per bin
# name 27 = flag: flag
# span 0 =       5059,     232323       
# span 1 =    210.765,   9680.102       
# span 2 =      1.987,   3276.439       
# span 3 =      2.000,   3324.000       
# span 4 =     4.3014,    30.4606       
# span 5 =     4.3023,    30.4349       
# span 6 =   3.348901,   5.995744       
# span 7 =   3.348830,   5.995962       
# span 8 =     1.6139,     3.1920       
# span 9 =     1.3189,     2.7111       
# span 10 =      10.29,     106.59      
# span 11 =   26.57926,   27.29047      
# span 12 =  -87.01554,  -84.72906      
# span 13 =   -0.02639,    0.10622      
# span 14 =   -0.02147,    0.07387      
# span 15 =     2.5903,     4.6987      
# span 16 =     2.6224,     4.7392      
# span 17 =     4.0795,    30.4596      
# span 18 =     4.0808,    30.4326      
# span 19 =    34.2620,    36.7058      
# span 20 =    34.3912,    36.7055      
# span 21 =    21.2240,    27.7610      
# span 22 =    21.3624,    27.7595      
# span 23 =       0.00,    1544.32      
# span 24 =    112.626,    204.177      
# span 25 =    114.023,    205.939      
# span 26 =         30,         79      
# span 27 = 0.0000e+00, 0.0000e+00      
# interval = decibars: 1                
# start_time = Sep 18 2021 13:28:43 [NMEA time, header]
# bad_flag = -9.990e-29
*END*
[from data line 363]
      97851   4077.089   3257.852   3305.000     4.3957     4.3969   3.425471   3.425420     1.7115     1.4078      29.24   26.66306  -85.00746   -0.00007   -0.00001     4.6938     4.7307     4.0796     4.0808    34.9774    34.9755    27.7599    27.7582    1502.63    203.963    205.567         39 0.0000e+00
      97887   4078.588   3258.831   3306.000     4.3958     4.3970   3.425511   3.425473     1.7114     1.4078      28.33   26.66306  -85.00746   -0.00010   -0.00000     4.6942     4.7311     4.0796     4.0808    34.9773    34.9756    27.7598    27.7583    1502.64    203.981    205.586         32 0.0000e+00
      97918   4079.895   3259.809   3307.000     4.3959     4.3971   3.425566   3.425521     1.7114     1.4077      27.34   26.66306  -85.00746   -0.00009   -0.00003     4.6948     4.7310     4.0796     4.0808    34.9774    34.9757    27.7599    27.7584    1502.64    204.007    205.579         32 0.0000e+00
      97955   4081.418   3260.787   3308.000     4.3960     4.3972   3.425607   3.425559     1.7111     1.4073      26.28   26.66305  -85.00746   -0.00007   -0.00014     4.6940     4.7296     4.0796     4.0808    34.9774    34.9756    27.7598    27.7583    1502.65    203.970    205.518         42 0.0000e+00
      97995   4083.094   3261.766   3309.000     4.3961     4.3973   3.425658   3.425612     1.7110     1.4072      25.33   26.66306  -85.00746   -0.00010   -0.00019     4.6939     4.7296     4.0796     4.0808    34.9774    34.9757    27.7599    27.7584    1502.66    203.965    205.520         35 0.0000e+00
      98056   4085.638   3263.722   3311.000     4.3963     4.3975   3.425738   3.425685     1.7106     1.4070      23.43   26.66286  -85.00686   -0.00012   -0.00003     4.6934     4.7302     4.0795     4.0808    34.9773    34.9754    27.7598    27.7581    1502.66    203.947    205.547         33 0.0000e+00
      98094   4087.219   3264.700   3312.000     4.3964     4.3977   3.425808   3.425753     1.7107     1.4067      22.44   26.66305  -85.00746   -0.00009   -0.00010     4.6945     4.7290     4.0796     4.0808    34.9775    34.9756    27.7600    27.7583    1502.67    203.994    205.493         42 0.0000e+00
      98133   4088.826   3265.678   3313.000     4.3966     4.3978   3.425853   3.425802     1.7106     1.4067      21.46   26.66305  -85.00746    0.00003   -0.00013     4.6945     4.7296     4.0796     4.0808    34.9775    34.9756    27.7599    27.7583    1502.68    203.993    205.519         33 0.0000e+00
      98164   4090.106   3266.657   3314.000     4.3967     4.3979   3.425904   3.425849     1.7108     1.4068      20.65   26.66304  -85.00746    0.00002    0.00000     4.6960     4.7307     4.0796     4.0808    34.9775    34.9757    27.7600    27.7584    1502.69    204.059    205.569         30 0.0000e+00
      98194   4091.388   3267.635   3315.000     4.3968     4.3980   3.425944   3.425898     1.7107     1.4067      19.65   26.66304  -85.00748   -0.00002    0.00003     4.6962     4.7310     4.0795     4.0808    34.9775    34.9757    27.7600    27.7584    1502.69    204.066    205.579         33 0.0000e+00
      98231   4092.915   3268.613   3316.000     4.3969     4.3981   3.425995   3.425947     1.7105     1.4067      18.58   26.66304  -85.00748   -0.00004   -0.00002     4.6960     4.7314     4.0795     4.0808    34.9775    34.9757    27.7600    27.7584    1502.70    204.057    205.598         40 0.0000e+00
      98270   4094.548   3269.591   3317.000     4.3970     4.3983   3.426045   3.425995     1.7105     1.4066      17.61   26.66304  -85.00748   -0.00007   -0.00005     4.6964     4.7316     4.0795     4.0808    34.9776    34.9757    27.7600    27.7584    1502.71    204.075    205.604         37 0.0000e+00
      99187   4132.739   3273.503   3321.000     4.3975     4.3987   3.426131   3.426082     1.7105     1.4066      13.34   26.66216  -85.00477   -0.00000   -0.00000     4.6987     4.7338     4.0795     4.0808    34.9764    34.9745    27.7591    27.7574    1502.68    204.175    205.703         43 0.0000e+00
      99430   4142.871   3274.482   3322.000     4.3977     4.3990   3.426279   3.426224     1.7104     1.4065      12.48   26.66302  -85.00753   -0.00001   -0.00001     4.6987     4.7343     4.0796     4.0809    34.9775    34.9755    27.7599    27.7582    1502.74    204.177    205.721         42 0.0000e+00
      99644   4151.805   3275.461   3323.000     4.3978     4.3991   3.426326   3.426276     1.7101     1.4057      11.55   26.66302  -85.00754    0.00001   -0.00012     4.6982     4.7304     4.0796     4.0809    34.9775    34.9756    27.7599    27.7583    1502.74    204.155    205.552         44 0.0000e+00
     101561   4231.666   3276.439   3324.000     4.3981     4.3993   3.426378   3.426328     1.7093     1.4053      10.29   26.66299  -85.00765   -0.00003   -0.00002     4.6949     4.7290     4.0798     4.0809    34.9773    34.9755    27.7598    27.7583    1502.75    204.011    205.492         79 0.0000e+00
     102210   4258.692   3275.461   3323.000     4.3981     4.3993   3.426329   3.426289     1.7094     1.4052      11.01   26.66296  -85.00770    0.00001   -0.00004     4.6944     4.7279     4.0799     4.0811    34.9772    34.9755    27.7597    27.7582    1502.75    203.991    205.446         55 0.0000e+00
     102351   4264.601   3274.482   3322.000     4.3980     4.3993   3.426290   3.426252     1.7095     1.4054      12.01   26.66296  -85.00770    0.00003   -0.00001     4.6946     4.7281     4.0799     4.0812    34.9773    34.9755    27.7597    27.7582    1502.75    204.000    205.456         51 0.0000e+00
     102460   4269.145   3273.504   3321.000     4.3979     4.3992   3.426247   3.426202     1.7097     1.4054      13.02   26.66296  -85.00770    0.00006    0.00000     4.6950     4.7279     4.0799     4.0812    34.9773    34.9755    27.7598    27.7581    1502.75    204.015    205.446         49 0.0000e+00
     102530   4272.042   3272.526   3320.000     4.3977     4.3990   3.426195   3.426148     1.7096     1.4055      13.98   26.66296  -85.00770   -0.00001    0.00002     4.6940     4.7274     4.0799     4.0811    34.9773    34.9755    27.7598    27.7582    1502.75    203.973    205.425         65 0.0000e+00
     102605   4275.180   3271.548   3319.000     4.3976     4.3989   3.426148   3.426104     1.7097     1.4055      14.95   26.66296  -85.00770 8.6849e-07    0.00001     4.6938     4.7268     4.0798     4.0811    34.9774    34.9755    27.7598    27.7582    1502.75    203.963    205.398         67 0.0000e+00
     102670   4277.892   3270.569   3318.000     4.3975     4.3988   3.426106   3.426065     1.7099     1.4054      15.79   26.66296  -85.00771    0.00010   -0.00003     4.6939     4.7259     4.0798     4.0812    34.9774    34.9755    27.7598    27.7582    1502.75    203.968    205.359         54 0.0000e+00
     102723   4280.084   3269.591   3317.000     4.3973     4.3987   3.426055   3.426011     1.7099     1.4054      16.83   26.66296  -85.00772   -0.00001    0.00001     4.6933     4.7256     4.0799     4.0812    34.9774    34.9755    27.7598    27.7582    1502.75    203.943    205.344         54 0.0000e+00
     102774   4282.193   3268.613   3316.000     4.3972     4.3986   3.426006   3.425961     1.7099     1.4054      17.67   26.66296  -85.00772    0.00001    0.00001     4.6931     4.7249     4.0798     4.0812    34.9773    34.9754    27.7598    27.7581    1502.75    203.933    205.314         44 0.0000e+00
     102813   4283.816   3267.635   3315.000     4.3971     4.3985   3.425962   3.425917     1.7101     1.4054      18.59   26.66296  -85.00772    0.00009   -0.00001     4.6932     4.7243     4.0799     4.0812    34.9773    34.9754    27.7598    27.7581    1502.75    203.939    205.289         37 0.0000e+00
     102854   4285.540   3266.657   3314.000     4.3970     4.3983   3.425913   3.425864     1.7103     1.4055      19.58   26.66296  -85.00773    0.00005    0.00002     4.6937     4.7239     4.0798     4.0811    34.9774    34.9755    27.7598    27.7582    1502.75    203.957    205.273         47 0.0000e+00
     102906   4287.708   3265.678   3313.000     4.3968     4.3981   3.425863   3.425820     1.7102     1.4056      20.64   26.66296  -85.00774    0.00007    0.00004     4.6925     4.7241     4.0798     4.0811    34.9774    34.9755    27.7598    27.7582    1502.75    203.908    205.279         54 0.0000e+00
     102954   4289.710   3264.700   3312.000     4.3968     4.3980   3.425819   3.425770     1.7106     1.4058      21.55   26.66296  -85.00774    0.00004    0.00007     4.6938     4.7244     4.0799     4.0811    34.9773    34.9755    27.7597    27.7582    1502.75    203.965    205.295         42 0.0000e+00
     102995   4291.411   3263.722   3311.000     4.3967     4.3979   3.425769   3.425723     1.7106     1.4062      22.47   26.66296  -85.00774    0.00010    0.00017     4.6931     4.7257     4.0799     4.0811    34.9773    34.9755    27.7597    27.7582    1502.75    203.933    205.351         42 0.0000e+00
     103041   4293.350   3262.744   3310.000     4.3965     4.3977   3.425721   3.425675     1.7107     1.4062      47.20   26.66296  -85.00774    0.00004    0.00012     4.6929     4.7254     4.0798     4.0811    34.9773    34.9755    27.7598    27.7582    1502.75    203.924    205.336         48 0.0000e+00
     103086   4295.197   3261.766   3309.000     4.3964     4.3976   3.425676   3.425623     1.7109     1.4063      24.29   26.66296  -85.00774    0.00006    0.00003     4.6936     4.7251     4.0799     4.0811    34.9773    34.9754    27.7597    27.7582    1502.75    203.956    205.325         42 0.0000e+00
     103127   4296.920   3260.787   3308.000     4.3963     4.3975   3.425632   3.425580     1.7110     1.4065      25.36   26.66296  -85.00774    0.00011    0.00007     4.6932     4.7257     4.0799     4.0811    34.9773    34.9755    27.7598    27.7582    1502.75    203.939    205.349         42 0.0000e+00
     103168   4298.640   3259.809   3307.000     4.3962     4.3974   3.425584   3.425535     1.7111     1.4066      26.34   26.66296  -85.00774    0.00007    0.00010     4.6931     4.7255     4.0799     4.0811    34.9773    34.9756    27.7598    27.7582    1502.75    203.933    205.343         40 0.0000e+00
     103208   4300.292   3258.831   3306.000     4.3960     4.3972   3.425534   3.425481     1.7112     1.4066      27.31   26.66296  -85.00774    0.00007    0.00004     4.6930     4.7250     4.0799     4.0810    34.9773    34.9755    27.7598    27.7582    1502.75    203.929    205.318         40 0.0000e+00
     103252   4302.123   3257.852   3305.000     4.3959     4.3971   3.425484   3.425442     1.7115     1.4067      28.29   26.66296  -85.00774    0.00008    0.00001     4.6938     4.7246     4.0798     4.0811    34.9773    34.9755    27.7598    27.7582    1502.75    203.962    205.303         47 0.0000e+00
     103295   4303.936   3256.874   3304.000     4.3958     4.3970   3.425445   3.425391     1.7116     1.4066      29.20   26.66296  -85.00775    0.00010    0.00001     4.6939     4.7238     4.0799     4.0811    34.9774    34.9755    27.7598    27.7582    1502.75    203.968    205.266         40 0.0000e+00
     103334   4305.527   3255.896   3303.000     4.3957     4.3969   3.425392   3.425345     1.7116     1.4067      30.16   26.66296  -85.00776    0.00008    0.00000     4.6933     4.7237     4.0799     4.0811    34.9773    34.9755    27.7598    27.7582    1502.75    203.940    205.261         37 0.0000e+00
     103371   4307.079   3254.918   3302.000     4.3955     4.3968   3.425340   3.425298     1.7117     1.4066      31.10   26.66295  -85.00776    0.00004    0.00001     4.6931     4.7227     4.0799     4.0811    34.9773    34.9755    27.7597    27.7582    1502.75    203.934    205.221         37 0.0000e+00
     103407   4308.599   3253.939   3301.000     4.3955     4.3967   3.425298   3.425250     1.7117     1.4071      32.08   26.66294  -85.00776    0.00002    0.00010     4.6925     4.7246     4.0799     4.0811    34.9773    34.9755    27.7597    27.7582    1502.75    203.907    205.304         35 0.0000e+00
     103441   4309.993   3252.961   3300.000     4.3953     4.3965   3.425248   3.425202     1.7118     1.4067      32.98   26.66294  -85.00776    0.00004    0.00006     4.6924     4.7219     4.0799     4.0811    34.9773    34.9755    27.7597    27.7582    1502.75    203.904    205.187         33 0.0000e+00
     103476   4311.453   3251.983   3299.000     4.3952     4.3964   3.425206   3.425153     1.7118     1.4073      33.98   26.66294  -85.00776    0.00004    0.00004     4.6920     4.7246     4.0799     4.0811    34.9773    34.9755    27.7598    27.7582    1502.75    203.885    205.301         38 0.0000e+00
     103515   4313.068   3251.004   3298.000     4.3950     4.3963   3.425150   3.425103     1.7118     1.4076      34.96   26.66294  -85.00776    0.00002    0.00025     4.6913     4.7252     4.0798     4.0811    34.9773    34.9755    27.7598    27.7582    1502.75    203.853    205.328         37 0.0000e+00
     103550   4314.528   3250.026   3297.000     4.3950     4.3962   3.425104   3.425058     1.7118     1.4076      35.91   26.66294  -85.00777   -0.00001    0.00020     4.6906     4.7248     4.0799     4.0811    34.9772    34.9755    27.7597    27.7582    1502.75    203.824    205.312         34 0.0000e+00
     103583   4315.932   3249.048   3296.000     4.3949     4.3960   3.425055   3.425009     1.7119     1.4074      36.85   26.66294  -85.00778    0.00002    0.00002     4.6906     4.7232     4.0799     4.0811    34.9772    34.9755    27.7597    27.7582    1502.75    203.824    205.243         35 0.0000e+00
     103619   4317.415   3248.070   3295.000     4.3948     4.3959   3.425005   3.424954     1.7119     1.4077      37.83   26.66294  -85.00778    0.00003   -0.00007     4.6900     4.7240     4.0799     4.0811    34.9772    34.9754    27.7596    27.7581    1502.75    203.798    205.277         34 0.0000e+00
     103734   4322.226   3244.156   3291.000     4.3942     4.3956   3.424827   3.424782     1.7124     1.4076      41.62   26.66305  -85.00813    0.00006   -0.00006     4.6898     4.7210     4.0799     4.0812    34.9773    34.9755    27.7598    27.7582    1502.76    203.791    205.145         31 0.0000e+00
     103766   4323.535   3243.178   3290.000     4.3941     4.3954   3.424761   3.424719     1.7126     1.4077      46.34   26.66294  -85.00779    0.00003    0.00002     4.6901     4.7210     4.0799     4.0811    34.9771    34.9754    27.7596    27.7581    1502.75    203.804    205.145         32 0.0000e+00
     106025   4417.658   3159.027   3204.000     4.3842     4.3855   3.420872   3.420825     1.7204     1.4155     100.00   26.66446  -85.01282    0.00006    0.00004     4.6758     4.7094     4.0803     4.0815    34.9789    34.9771    27.7610    27.7595    1502.84    203.181    204.642         39 0.0000e+00
     106368   4431.971   3157.069   3202.000     4.3841     4.3854   3.420784   3.420741     1.7203     1.4158     100.01   26.66446  -85.01288    0.00005   -0.00002     4.6743     4.7096     4.0804     4.0816    34.9789    34.9771    27.7610    27.7595    1502.84    203.114    204.651         34 0.0000e+00
     107416   4475.617   3155.111   3200.000     4.3837     4.3849   3.420522   3.420482     1.7205     1.4156     100.00   26.66317  -85.00890    0.00004    0.00011     4.6740     4.7079     4.0802     4.0814    34.9771    34.9754    27.7596    27.7581    1502.77    203.103    204.576         48 0.0000e+00
     107774   4490.525   3154.132   3199.000     4.3835     4.3848   3.420455   3.420403     1.7206     1.4159     100.00   26.66288  -85.00802    0.00007    0.00015     4.6740     4.7088     4.0802     4.0814    34.9769    34.9750    27.7594    27.7578    1502.75    203.105    204.616         56 0.0000e+00
