Gulf of Mexico/GOMECC-4/1db/rb2103_1041.cnv
* Sea-Bird SBE 9 Data File:
* FileName = C:\Users\scs.user.rb\CTD\GOMECC4\data\rb2103_1041.hex
* Software Version Seasave V 7.26.7.107
* Temperature SN = 4799
* Conductivity SN = 3860
* Number of Bytes Per Scan = 41
* Number of Voltage Words = 4
* Number of Scans Averaged by the Deck Unit = 1
* NMEA Latitude = 24 59.65 N
* NMEA Longitude = 087 59.43 W
* NMEA UTC (Time) = Oct 13 2021  08:39:27
* NMEA baud rate = 4800
# nquan = 28
# nvalues = 645                         
# units = specified
# name 0 = scan: Scan Count
# name 1 = timeS: Time, Elapsed [seconds]
# name 2 = depSM: Depth [salt water, m]
# name 3 = prDM: Pressure, Digiquartz [db]
# name 4 = t090C: Temperature [ITS-90, deg C]
# name 5 = t190C: Temperature, 2 [ITS-90, deg C]
# name 6 = c0S/m: Conductivity [S/m]
# name 7 = c1S/m: Conductivity, 2 [S/m]
# name 8 = sbeox0V: Oxygen raw, SBE 43 [V]
# name 9 = sbeox1V: Oxygen raw, SBE 43, 2 [V]
# name 10 = altM: Altimeter [m]
# name 11 = latitude: Latitude [deg]
# name 12 = longitude: Longitude [deg]
# name 13 = sbox0dV/dT: Oxygen, SBE 43 [dov/dt]
# name 14 = sbox1dV/dT: Oxygen, SBE 43, 2 [dov/dt]
# name 15 = sbeox0ML/L: Oxygen, SBE 43 [ml/l], WS = 5
# name 16 = sbeox1ML/L: Oxygen, SBE 43, 2 [ml/l], WS = 5
# name 17 = potemp090C: Potential Temperature [ITS-90, deg C]
# name 18 = potemp190C: Potential Temperature, 2 [ITS-90, deg C]
# name 19 = sal00: Salinity, Practical [PSU]
# name 20 = sal11: Salinity, Practical, 2 [PSU]
# name 21 = sigma-é00: Density [sigma-theta, kg/m^3]
# name 22 = sigma-é11: Density, 2 [sigma-theta, kg/m^3]
# name 23 = avgsvCM: Average Sound Velocity [Chen-Millero, m/s], minP = 20, minS = 20
# name 24 = sbox0Mm/Kg: Oxygen, SBE 43 [umol/kg], WS = 5
# name 25 = sbox1Mm/Kg: Oxygen, SBE 43, 2 [umol/kg], WS = 5
# name 26 = nbin: number of scans per bin
# name 27 = flag: flag
# span 0 =       8381,     228661       
# span 1 =    349.161,   9527.486       
# span 2 =      1.987,   3417.662       
# span 3 =      2.000,   3468.000       
# span 4 =     4.2981,    29.5944       
# span 5 =     4.2991,    29.5989       
# span 6 =   3.351009,   5.988335       
# span 7 =   3.350984,   5.988959       
# span 8 =     1.6260,     3.1867       
# span 9 =     1.3224,     2.7001       
# span 10 =       8.47,     102.83      
# span 11 =   24.73953,   25.08604      
# span 12 =  -88.25073,  -87.02534      
# span 13 =   -0.01214,    0.01118      
# span 14 =   -0.01125,    0.00967      
# span 15 =     2.6652,     4.6647      
# span 16 =     2.6738,     4.6723      
# span 17 =     4.0784,    29.5823      
# span 18 =     4.0796,    29.5869      
# span 19 =    34.8888,    37.0187      
# span 20 =    34.8879,    37.0192      
# span 21 =    22.6002,    27.7601      
# span 22 =    22.6018,    27.7589      
# span 23 =       0.00,    1546.51      
# span 24 =    115.881,    202.698      
# span 25 =    116.254,    203.029      
# span 26 =         30,         72      
# span 27 = 0.0000e+00, 0.0000e+00      
# interval = decibars: 1                
# start_time = Oct 13 2021 08:39:27 [NMEA time, header]
# bad_flag = -9.990e-29
*END*
[from data line 156]
      14469    602.847    162.881    164.000    23.5770    23.5797   5.425908   5.426392     2.4977     2.0995     100.00   24.99628  -87.99234   -0.00287   -0.00136     3.5791     3.5838    23.5426    23.5453    36.9889    36.9903    25.2839    25.2842    1543.50    155.901    156.107         34 0.0000e+00
      14503    604.266    163.873    165.000    23.5430    23.5456   5.422296   5.422806     2.4948     2.0966     100.00   24.99630  -87.99236   -0.00327   -0.00237     3.5760     3.5800    23.5084    23.5111    36.9892    36.9909    25.2942    25.2947    1543.45    155.764    155.939         33 0.0000e+00
      14564    606.812    165.859    167.000    23.3908    23.3970   5.405406   5.406241     2.4881     2.0878     100.00   24.99715  -87.99534   -0.00245   -0.00277     3.5735     3.5706    23.3560    23.3622    36.9863    36.9875    25.3370    25.3361    1543.41    155.651    155.523         31 0.0000e+00
      14595    608.101    166.852    168.000    23.2562    23.2604   5.390777   5.391384     2.4822     2.0849     100.00   24.99632  -87.99238   -0.00314   -0.00331     3.5708     3.5732    23.2213    23.2255    36.9853    36.9865    25.3756    25.3753    1543.31    155.524    155.629         32 0.0000e+00
      14627    609.435    167.844    169.000    23.1322    23.1376   5.377590   5.378331     2.4739     2.0766     100.00   24.99632  -87.99238   -0.00438   -0.00366     3.5629     3.5627    23.0973    23.1026    36.9870    36.9882    25.4132    25.4125    1543.26    155.174    155.168         32 0.0000e+00
      14659    610.767    168.837    170.000    23.0819    23.0839   5.372272   5.372706     2.4664     2.0711      75.26   24.99632  -87.99238   -0.00563   -0.00479     3.5514     3.5541    23.0468    23.0488    36.9878    36.9894    25.4284    25.4291    1543.21    154.674    154.790         32 0.0000e+00
      14692    612.120    169.830    171.000    22.9924    22.9977   5.362805   5.363591     2.4639     2.0690     100.30   24.99632  -87.99240   -0.00491   -0.00428     3.5529     3.5552    22.9571    22.9625    36.9900    36.9909    25.4562    25.4553    1543.16    154.733    154.834         32 0.0000e+00
      14724    613.453    170.823    172.000    22.8855    22.8905   5.351032   5.351761     2.4639     2.0697     100.00   24.99633  -87.99241   -0.00239   -0.00154     3.5603     3.5639    22.8502    22.8552    36.9874    36.9889    25.4853    25.4850    1543.10    155.049    155.210         32 0.0000e+00
      14756    614.791    171.815    173.000    22.7276    22.7315   5.332466   5.333094     2.4612     2.0664     100.00   24.99634  -87.99242   -0.00092   -0.00064     3.5660     3.5673    22.6922    22.6962    36.9756    36.9772    25.5220    25.5221    1543.05    155.295    155.351         33 0.0000e+00
      14789    616.154    172.808    174.000    22.6772    22.6785   5.326464   5.326852     2.4580     2.0631     100.00   24.99634  -87.99242   -0.00160   -0.00180     3.5636     3.5636    22.6418    22.6433    36.9709    36.9728    25.5330    25.5340    1542.99    155.187    155.186         32 0.0000e+00
      14820    617.440    173.801    175.000    22.6535    22.6556   5.323600   5.324058     2.4550     2.0631     100.00   24.99636  -87.99243   -0.00226   -0.00207     3.5594     3.5656    22.6178    22.6199    36.9683    36.9700    25.5379    25.5386    1542.95    155.005    155.273         30 0.0000e+00
      14850    618.708    174.794    176.000    22.6267    22.6280   5.320553   5.320915     2.4522     2.0638     100.00   24.99636  -87.99244   -0.00228   -0.00042     3.5559     3.5694    22.5909    22.5922    36.9667    36.9685    25.5445    25.5454    1542.89    154.849    155.437         31 0.0000e+00
      14882    620.045    175.786    177.000    22.6152    22.6163   5.319326   5.319670     2.4504     2.0604     100.00   24.99636  -87.99244   -0.00209   -0.00046     3.5536     3.5625    22.5792    22.5803    36.9665    36.9683    25.5477    25.5487    1542.84    154.751    155.139         33 0.0000e+00
      14916    621.443    176.779    178.000    22.5493    22.5517   5.311553   5.312022     2.4462     2.0547     100.00   24.99638  -87.99245   -0.00176   -0.00239     3.5492     3.5543    22.5131    22.5155    36.9610    36.9626    25.5625    25.5630    1542.78    154.556    154.778         34 0.0000e+00
      14947    622.763    177.772    179.000    22.5216    22.5230   5.308314   5.308699     2.4437     2.0540      99.87   24.99638  -87.99246   -0.00223   -0.00270     3.5471     3.5552    22.4853    22.4867    36.9588    36.9606    25.5688    25.5698    1542.73    154.463    154.816         30 0.0000e+00
      14979    624.063    178.764    180.000    22.5030    22.5045   5.306278   5.306644     2.4425     2.0535     100.00   24.99639  -87.99246   -0.00216   -0.00134     3.5463     3.5559    22.4665    22.4680    36.9582    36.9598    25.5737    25.5745    1542.68    154.429    154.845         33 0.0000e+00
      15013    625.487    179.757    181.000    22.4860    22.4873   5.304386   5.304734     2.4401     2.0507     100.00   24.99640  -87.99248   -0.00146   -0.00083     3.5428     3.5509    22.4493    22.4505    36.9574    36.9591    25.5780    25.5790    1542.63    154.277    154.629         34 0.0000e+00
      15045    626.846    180.750    182.000    22.4732    22.4754   5.303125   5.303543     2.4395     2.0490     100.00   24.99640  -87.99248   -0.00122   -0.00143     3.5429     3.5482    22.4363    22.4385    36.9581    36.9595    25.5823    25.5828    1542.58    154.281    154.509         31 0.0000e+00
      15105    629.350    182.735    184.000    22.3895    22.3911   5.294303   5.294666     2.4341     2.0466      85.93   24.99540  -87.98893   -0.00159   -0.00093     3.5382     3.5490    22.3523    22.3539    36.9584    36.9599    25.6064    25.6071    1542.41    154.073    154.543         33 0.0000e+00
      15139    630.743    183.728    185.000    22.3824    22.3833   5.293763   5.294071     2.4308     2.0408     100.15   24.99642  -87.99250   -0.00218   -0.00163     3.5324     3.5368    22.3450    22.3459    36.9605    36.9622    25.6103    25.6113    1542.42    153.817    154.007         32 0.0000e+00
      15170    632.046    184.721    186.000    22.3671    22.3685   5.292122   5.292489     2.4281     2.0371     100.00   24.99643  -87.99251   -0.00215   -0.00315     3.5282     3.5297    22.3295    22.3309    36.9602    36.9619    25.6145    25.6153    1542.37    153.633    153.701         32 0.0000e+00
      15203    633.436    185.713    187.000    22.2728    22.2777   5.281544   5.283135     2.4231     2.0351     100.00   24.99644  -87.99252   -0.00255   -0.00288     3.5210     3.5283    22.2351    22.2400    36.9566    36.9578    25.6387    25.6382    1542.34    153.318    153.637         35 0.0000e+00
      15239    634.903    186.706    188.000    22.2158    22.2186   5.275267   5.275738     2.4139     2.0288     100.00   24.99644  -87.99252   -0.00392   -0.00236     3.5099     3.5212    22.1780    22.1808    36.9553    36.9568    25.6539    25.6542    1542.27    152.831    153.324         33 0.0000e+00
      15297    637.337    188.691    190.000    22.1508    22.1525   5.267935   5.268305     2.4071     2.0189      99.99   24.99497  -87.98730   -0.00439   -0.00449     3.5010     3.5035    22.1126    22.1143    36.9512    36.9527    25.6691    25.6698    1542.07    152.442    152.550         31 0.0000e+00
      15331    638.750    189.684    191.000    22.1316    22.1329   5.265964   5.266316     2.4064     2.0183     100.00   24.99646  -87.99254   -0.00196   -0.00286     3.5014     3.5039    22.0933    22.0946    36.9524    36.9541    25.6758    25.6767    1542.12    152.456    152.567         35 0.0000e+00
      15365    640.170    190.677    192.000    22.1138    22.1153   5.264028   5.264380     2.4042     2.0167      92.49   24.99646  -87.99256   -0.00098   -0.00127     3.4985     3.5017    22.0753    22.0768    36.9520    36.9535    25.6806    25.6813    1542.07    152.329    152.469         32 0.0000e+00
      15396    641.450    191.669    193.000    22.0980    22.1006   5.261872   5.262263     2.4022     2.0162      95.90   24.99648  -87.99256   -0.00125   -0.00088     3.4960     3.5023    22.0594    22.0624    36.9515    36.9529    25.6847    25.6849    1542.02    152.223    152.495         30 0.0000e+00
      15426    642.728    192.662    194.000    22.0663    22.0674   5.258616   5.258993     2.4019     2.0151      95.87   24.99648  -87.99256   -0.00132   -0.00068     3.4977     3.5019    22.0274    22.0286    36.9491    36.9511    25.6919    25.6931    1541.97    152.296    152.477         33 0.0000e+00
      15461    644.187    193.654    195.000    22.0563    22.0572   5.257588   5.257885     2.3994     2.0157      90.96   24.99648  -87.99258   -0.00094   -0.00041     3.4936     3.5045    22.0172    22.0182    36.9490    36.9506    25.6947    25.6957    1541.92    152.116    152.591         36 0.0000e+00
      15495    645.591    194.647    196.000    22.0515    22.0534   5.256844   5.257219     2.3985     2.0149      98.14   24.99650  -87.99259   -0.00117   -0.00013     3.4927     3.5033    22.0123    22.0142    36.9491    36.9506    25.6962    25.6968    1541.87    152.077    152.538         31 0.0000e+00
      15525    646.832    195.640    197.000    22.0295    22.0306   5.254568   5.254911     2.3988     2.0147      57.42   24.99650  -87.99260   -0.00083   -0.00015     3.4949     3.5047    21.9901    21.9912    36.9473    36.9487    25.7011    25.7019    1541.82    152.174    152.596         30 0.0000e+00
      15557    648.151    196.632    198.000    22.0237    22.0249   5.254014   5.254321     2.3976     2.0124      99.48   24.99652  -87.99260   -0.00026   -0.00066     3.4933     3.5001    21.9842    21.9853    36.9474    36.9488    25.7029    25.7037    1541.77    152.100    152.398         33 0.0000e+00
      15591    649.582    197.625    199.000    22.0179    22.0187   5.253410   5.253671     2.3962     2.0112     100.00   24.99652  -87.99261   -0.00066   -0.00113     3.4911     3.4984    21.9781    21.9789    36.9473    36.9487    25.7045    25.7053    1541.73    152.005    152.322         34 0.0000e+00
      15623    650.913    198.618    200.000    22.0042    22.0056   5.251863   5.252184     2.3953     2.0108     100.00   24.99652  -87.99262   -0.00086   -0.00096     3.4908     3.4987    21.9642    21.9656    36.9463    36.9477    25.7077    25.7083    1541.68    151.991    152.334         31 0.0000e+00
      15653    652.172    199.610    201.000    21.9771    21.9791   5.248721   5.249091     2.3941     2.0092     100.00   24.99654  -87.99262   -0.00084   -0.00055     3.4905     3.4970    21.9369    21.9390    36.9442    36.9454    25.7138    25.7141    1541.63    151.977    152.262         30 0.0000e+00
      15685    653.516    200.603    202.000    21.9297    21.9316   5.243191   5.243577     2.3913     2.0059     100.00   24.99654  -87.99264   -0.00121   -0.00141     3.4882     3.4931    21.8895    21.8913    36.9404    36.9419    25.7243    25.7249    1541.58    151.875    152.090         35 0.0000e+00
      29421   1225.816    754.721    761.000     6.8178     6.8188   3.536270   3.536318     1.6735     1.3708     100.00   24.99918  -87.99456    0.00056    0.00054     3.0371     3.0586     6.7448     6.7458    34.8959    34.8954    27.3720    27.3715    1516.26    132.023    132.956         30 0.0000e+00
      35644   1485.144   1002.059   1011.000     5.4587     5.4594   3.425627   3.425656     1.7777     1.4677     100.00   25.00027  -87.99539    0.00082    0.00076     3.6103     3.6337     5.3702     5.3709    34.9246    34.9242    27.5716    27.5712    1509.57    156.911    157.929         33 0.0000e+00
      35768   1490.289   1007.003   1016.000     5.4462     5.4466   3.424742   3.424740     1.7806     1.4711     100.00   25.00027  -87.99538    0.00052    0.00063     3.6238     3.6500     5.3574     5.3578    34.9250    34.9245    27.5734    27.5730    1509.48    157.498    158.635         30 0.0000e+00
      44263   1844.249   1339.944   1353.000     4.4766     4.4770   3.354560   3.354550     1.9306     1.6088     100.00   25.00138  -87.99547   -0.00002   -0.00006     4.4399     4.4636     4.3648     4.3652    34.9599    34.9594    27.7153    27.7148    1504.48    192.937    193.968         30 0.0000e+00
      44492   1853.794   1348.828   1362.000     4.4573     4.4577   3.353242   3.353239     1.9322     1.6096     100.00   25.00117  -87.99463    0.00019    0.00006     4.4533     4.4741     4.3448     4.3453    34.9604    34.9598    27.7178    27.7174    1504.38    193.519    194.425         33 0.0000e+00
      44618   1859.051   1353.764   1367.000     4.4546     4.4550   3.353281   3.353268     1.9337     1.6117     100.00   25.00157  -87.99599    0.00034    0.00044     4.4620     4.4860     4.3417     4.3422    34.9611    34.9606    27.7188    27.7183    1504.35    193.900    194.940         30 0.0000e+00
      46361   1931.654   1421.863   1436.000     4.4188     4.4191   3.353064   3.353048     1.9331     1.6105      98.26   25.00114  -87.99392    0.00009    0.00013     4.5045     4.5261     4.2999     4.3002    34.9624    34.9618    27.7243    27.7238    1503.70    195.742    196.681         31 0.0000e+00
      56286   2345.225   1809.316   1829.000     4.3032     4.3038   3.359539   3.359521     1.9072     1.5848     100.00   25.00202  -87.99379   -0.00009   -0.00019     4.6543     4.6691     4.1482     4.1487    34.9696    34.9688    27.7464    27.7457    1501.81    202.247    202.893         31 0.0000e+00
      56417   2350.652   1814.241   1834.000     4.3033     4.3038   3.359786   3.359768     1.9062     1.5840      95.14   25.00237  -87.99499   -0.00018   -0.00013     4.6533     4.6683     4.1478     4.1482    34.9700    34.9693    27.7468    27.7461    1501.82    202.205    202.859         30 0.0000e+00
      56548   2356.145   1819.166   1839.000     4.3033     4.3038   3.359983   3.359966     1.9056     1.5836     100.00   25.00231  -87.99473   -0.00006   -0.00009     4.6541     4.6699     4.1473     4.1478    34.9700    34.9692    27.7468    27.7461    1501.81    202.240    202.925         30 0.0000e+00
      74818   3117.362   2534.998   2567.000     4.3270     4.3279   3.391271   3.391253     1.8020     1.4858     100.00   25.00402  -87.99614   -0.00006   -0.00004     4.6647     4.6720     4.0956     4.0965    34.9736    34.9724    27.7551    27.7541    1502.54    202.698    203.016         30 0.0000e+00
      75541   3147.495   2562.482   2595.000     4.3295     4.3305   3.392594   3.392572     1.7975     1.4823      86.86   25.00419  -87.99645   -0.00015    0.00001     4.6618     4.6723     4.0951     4.0960    34.9737    34.9725    27.7553    27.7542    1502.64    202.574    203.029         30 0.0000e+00
      75671   3152.924   2567.390   2600.000     4.3298     4.3307   3.392824   3.392805     1.7973     1.4817     100.00   25.00430  -87.99682   -0.00004   -0.00017     4.6636     4.6721     4.0948     4.0958    34.9738    34.9727    27.7554    27.7544    1502.66    202.652    203.021         30 0.0000e+00
      75876   3161.454   2575.241   2608.000     4.3304     4.3313   3.393123   3.393109     1.7961     1.4802     100.00   25.00392  -87.99535   -0.00007   -0.00019     4.6635     4.6702     4.0945     4.0954    34.9732    34.9721    27.7549    27.7540    1502.66    202.647    202.941         30 0.0000e+00
      75906   3162.724   2576.223   2609.000     4.3305     4.3314   3.393205   3.393189     1.7960     1.4798     100.00   25.00412  -87.99608   -0.00003   -0.00021     4.6634     4.6687     4.0946     4.0955    34.9735    34.9724    27.7552    27.7542    1502.68    202.644    202.872         30 0.0000e+00
