Gulf of Mexico/GOMECC-4/1db/rb2103_0001.cnv
* Sea-Bird SBE 9 Data File:
* FileName = C:\Users\scs.user.rb\CTD\GOMECC4\data\rb2103_000.hex
* Software Version Seasave V 7.26.7.107
* Temperature SN = 4799
* Conductivity SN = 3860
* Number of Bytes Per Scan = 41
* Number of Voltage Words = 4
* Number of Scans Averaged by the Deck Unit = 1
* NMEA Latitude = 24 13.42 N
* NMEA Longitude = 081 36.66 W
* NMEA UTC (Time) = Sep 13 2021  22:57:13
* NMEA baud rate = 4800
# nquan = 28
# nvalues = 426                         
# units = specified
# name 0 = scan: Scan Count
# name 1 = timeS: Time, Elapsed [seconds]
# name 2 = depSM: Depth [salt water, m]
# name 3 = prDM: Pressure, Digiquartz [db]
# name 4 = t090C: Temperature [ITS-90, deg C]
# name 5 = t190C: Temperature, 2 [ITS-90, deg C]
# name 6 = c0S/m: Conductivity [S/m]
# name 7 = c1S/m: Conductivity, 2 [S/m]
# name 8 = sbeox0V: Oxygen raw, SBE 43 [V]
# name 9 = sbeox1V: Oxygen raw, SBE 43, 2 [V]
# name 10 = altM: Altimeter [m]
# name 11 = latitude: Latitude [deg]
# name 12 = longitude: Longitude [deg]
# name 13 = sbox0dV/dT: Oxygen, SBE 43 [dov/dt]
# name 14 = sbox1dV/dT: Oxygen, SBE 43, 2 [dov/dt]
# name 15 = sbeox0ML/L: Oxygen, SBE 43 [ml/l], WS = 5
# name 16 = sbeox1ML/L: Oxygen, SBE 43, 2 [ml/l], WS = 5
# name 17 = potemp090C: Potential Temperature [ITS-90, deg C]
# name 18 = potemp190C: Potential Temperature, 2 [ITS-90, deg C]
# name 19 = sal00: Salinity, Practical [PSU]
# name 20 = sal11: Salinity, Practical, 2 [PSU]
# name 21 = sigma-é00: Density [sigma-theta, kg/m^3]
# name 22 = sigma-é11: Density, 2 [sigma-theta, kg/m^3]
# name 23 = avgsvCM: Average Sound Velocity [Chen-Millero, m/s], minP = 20, minS = 20
# name 24 = sbox0Mm/Kg: Oxygen, SBE 43 [umol/kg], WS = 5
# name 25 = sbox1Mm/Kg: Oxygen, SBE 43, 2 [umol/kg], WS = 5
# name 26 = nbin: number of scans per bin
# name 27 = flag: flag
# span 0 =      17929,      67524       
# span 1 =    747.011,   2813.478       
# span 2 =    800.296,   1235.345       
# span 3 =    807.000,   1247.000       
# span 4 =     9.0619,    29.3582       
# span 5 =     9.0618,    29.3884       
# span 6 =   3.751637,   5.828271       
# span 7 =   3.751661,   5.828546       
# span 8 =     1.6240,     3.5764       
# span 9 =     1.3314,     3.1511       
# span 10 =      27.43,     101.00      
# span 11 =   24.22084,   24.22782      
# span 12 =  -81.61700,  -81.59383      
# span 13 =   -0.17464,    0.09778      
# span 14 =   -0.05374,    0.09164      
# span 15 =     2.8741,     5.8232      
# span 16 =     2.9212,     5.9800      
# span 17 =     8.9183,    29.1572      
# span 18 =     8.9182,    29.1878      
# span 19 =    25.9912,    36.3277      
# span 20 =    29.8500,    36.3289      
# span 21 =    15.3923,    26.9422      
# span 22 =    18.2727,    26.9422      
# span 23 =    1119.31,    1555.83      
# span 24 =    124.994,    255.197      
# span 25 =    127.047,    261.770      
# span 26 =         30,         74      
# span 27 = 0.0000e+00, 0.0000e+00      
# interval = decibars: 1                
# start_time = Sep 13 2021 22:57:13 [NMEA time, header]
# bad_flag = -9.990e-29
*END*
[from data line 311]
      56529   2355.344   1064.399   1074.000    12.0776    12.0892   4.073329   4.074668     1.7402     1.4368      69.49   24.22536  -81.60894    0.00119    0.00094     2.9564     3.0012    11.9316    11.9431    35.1855    35.1877    26.7464    26.7458    1535.17    128.593    130.542         30 0.0000e+00
      56642   2360.025   1060.445   1070.000    12.1245    12.1243   4.078380   4.078492     1.7442     1.4407      74.29   24.22550  -81.60941    0.00071    0.00080     2.9628     3.0094    11.9788    11.9786    35.1922    35.1935    26.7425    26.7436    1535.18    128.874    130.897         30 0.0000e+00
      56673   2361.329   1059.456   1069.000    12.1259    12.1335   4.078451   4.079403     1.7449     1.4415      86.58   24.22546  -81.60928    0.00068    0.00092     2.9644     3.0111    11.9803    11.9878    35.1920    35.1942    26.7420    26.7423    1535.18    128.944    130.971         31 0.0000e+00
      56785   2365.996   1055.502   1065.000    12.1669    12.1676   4.082955   4.083115     1.7477     1.4444     100.00   24.22585  -81.61059    0.00061    0.00068     2.9682     3.0161    12.0216    12.0223    35.1990    35.1999    26.7396    26.7402    1535.20    129.108    131.189         31 0.0000e+00
      56982   2374.213   1048.582   1058.000    12.2815    12.2898   4.095480   4.096506     1.7543     1.4499     100.00   24.22551  -81.60943    0.00099    0.00079     2.9762     3.0219    12.1363    12.1446    35.2157    35.2178    26.7305    26.7305    1535.18    129.455    131.444         31 0.0000e+00
      57236   2384.797   1039.684   1049.000    12.4811    12.4888   4.117780   4.118691     1.7658     1.4617     100.00   24.22529  -81.60873    0.00099    0.00101     2.9910     3.0412    12.3357    12.3433    35.2477    35.2493    26.7166    26.7164    1535.17    130.102    132.284         30 0.0000e+00
      57349   2389.509   1035.730   1045.000    12.6004    12.5973   4.131335   4.131099     1.7749     1.4689      96.18   24.22553  -81.60960    0.00212    0.00161     3.0067     3.0543    12.4547    12.4517    35.2683    35.2689    26.7093    26.7104    1535.19    130.785    132.857         31 0.0000e+00
      57489   2395.341   1030.787   1040.000    12.7218    12.7322   4.144874   4.146254     1.7838     1.4783      97.88   24.22533  -81.60886    0.00160    0.00226     3.0209     3.0718    12.5759    12.5863    35.2869    35.2903    26.6999    26.7005    1535.17    131.406    133.617         32 0.0000e+00
      57659   2402.427   1024.854   1034.000    12.8001    12.8055   4.153548   4.154318     1.7921     1.4859     100.00   24.22536  -81.60895    0.00121    0.00099     3.0368     3.0875    12.6545    12.6599    35.2993    35.3016    26.6940    26.6947    1535.17    132.098    134.304         30 0.0000e+00
      57970   2415.374   1013.978   1023.000    13.0982    13.1009   4.187543   4.187881     1.8107     1.5018     100.00   24.22566  -81.60998    0.00103    0.00082     3.0629     3.1107    12.9520    12.9548    35.3506    35.3513    26.6743    26.6743    1535.19    133.237    135.316         30 0.0000e+00
      58001   2416.655   1012.989   1022.000    13.1082    13.1173   4.188489   4.189744     1.8119     1.5019     100.00   24.22546  -81.60930    0.00101    0.00047     3.0652     3.1095    12.9621    12.9712    35.3506    35.3541    26.6723    26.6731    1535.18    133.337    135.262         32 0.0000e+00
      58112   2421.300   1009.034   1018.000    13.2606    13.2998   4.206097   4.210608     1.8178     1.5097     100.00   24.22575  -81.61029    0.00141    0.00167     3.0689     3.1189    13.1140    13.1546    35.3779    35.3829    26.6627    26.6584    1535.20    133.497    135.671         30 0.0000e+00
      58142   2422.553   1008.045   1017.000    13.3358    13.3827   4.214276   4.219889     1.8201     1.5122     100.00   24.22546  -81.60930    0.00160    0.00172     3.0694     3.1199    13.1889    13.2354    35.3858    35.3954    26.6536    26.6516    1535.18    133.521    135.719         31 0.0000e+00
      58252   2427.129   1004.091   1013.000    13.6753    13.6805   4.253663   4.254136     1.8379     1.5274     100.00   24.22571  -81.61015    0.00430    0.00345     3.0922     3.1429    13.5265    13.5317    35.4444    35.4440    26.6297    26.6284    1535.20    134.514    136.721         30 0.0000e+00
      58283   2428.418   1003.102   1012.000    13.7136    13.7232   4.258175   4.259197     1.8425     1.5309     100.00   24.22546  -81.60930    0.00410    0.00347     3.1015     3.1499    13.5648    13.5743    35.4516    35.4523    26.6274    26.6259    1535.18    134.920    137.026         32 0.0000e+00
      58392   2432.968    999.146   1008.000    13.8804    13.8889   4.277675   4.278428     1.8513     1.5374     100.00   24.22556  -81.60961    0.00168    0.00132     3.1118     3.1559    13.7310    13.7395    35.4819    35.4811    26.6162    26.6138    1535.19    135.369    137.289         31 0.0000e+00
      58423   2434.248    998.158   1007.000    13.9027    13.9102   4.279827   4.280978     1.8518     1.5383     100.00   24.22546  -81.60928    0.00109    0.00085     3.1113     3.1567    13.7533    13.7607    35.4818    35.4856    26.6115    26.6129    1535.18    135.347    137.322         30 0.0000e+00
      58532   2438.808    994.202   1003.000    14.0565    14.0628   4.297632   4.298487     1.8554     1.5410     100.00   24.22541  -81.60913    0.00095    0.00071     3.1083     3.1523    13.9066    13.9129    35.5078    35.5099    26.5994    26.5997    1535.18    135.220    137.135         32 0.0000e+00
      58643   2443.401    990.247    999.000    14.1972    14.1974   4.313984   4.314102     1.8553     1.5410     100.00   24.22551  -81.60945    0.00008    0.00007     3.0960     3.1411    14.0470    14.0472    35.5319    35.5329    26.5884    26.5891    1535.18    134.686    136.647         30 0.0000e+00
      58782   2449.205    985.302    994.000    14.3377    14.3681   4.329823   4.333469     1.8580     1.5420     100.00   24.22564  -81.60987    0.00073    0.00023     3.0914     3.1302    14.1873    14.2175    35.5518    35.5576    26.5739    26.5720    1535.19    134.489    136.175         30 0.0000e+00
      58922   2455.039    980.358    989.000    14.6548    14.6660   4.366810   4.368198     1.8704     1.5559     100.00   24.22541  -81.60918    0.00242    0.00271     3.1000     3.1482    14.5030    14.5141    35.6043    35.6067    26.5466    26.5462    1535.18    134.865    136.963         31 0.0000e+00
      59060   2460.810    975.413    984.000    15.0200    15.0179   4.410439   4.410186     1.8964     1.5768     100.00   24.22541  -81.60918    0.00515    0.00394     3.1409     3.1825    14.8665    14.8644    35.6722    35.6718    26.5198    26.5200    1535.18    136.647    138.457         30 0.0000e+00
      59614   2483.881    955.633    964.000    15.8225    15.8348   4.504709   4.506193     1.9762     1.6509      59.98   24.22530  -81.60878    0.00224    0.00151     3.2846     3.3297    15.6670    15.6792    35.8038    35.8060    26.4424    26.4413    1535.17    142.911    144.875         30 0.0000e+00
      59645   2485.171    954.644    963.000    15.8663    15.8693   4.509731   4.510254     1.9782     1.6523      61.43   24.22544  -81.60926    0.00203    0.00137     3.2861     3.3311    15.7106    15.7136    35.8097    35.8117    26.4370    26.4378    1535.18    142.976    144.934         30 0.0000e+00
      59782   2490.869    949.699    958.000    16.0929    16.1219   4.536859   4.541632     1.9984     1.6756     100.00   24.22518  -81.60839    0.00397    0.00456     3.3166     3.3756    15.9366    15.9654    35.8494    35.8594    26.4158    26.4169    1535.16    144.305    146.876         30 0.0000e+00
      60090   2503.698    938.819    947.000    16.6737    16.6832   4.606189   4.607429     2.0644     1.7365     100.00   24.22556  -81.60961    0.00489    0.00544     3.4408     3.5022    16.5155    16.5250    35.9460    35.9484    26.3556    26.3552    1535.19    149.720    152.392         30 0.0000e+00
      60314   2513.060    930.906    939.000    17.0369    17.0394   4.649727   4.650112     2.1027     1.7657     100.00   24.22541  -81.60914    0.00243    0.00178     3.5067     3.5536    16.8777    16.8802    36.0062    36.0073    26.3161    26.3163    1535.18    152.593    154.633         30 0.0000e+00
      61101   2545.813    903.207    911.000    18.7126    18.7046   4.842578   4.841654     2.0461     1.6924      80.22   24.22545  -81.60929   -0.02102   -0.01971     3.2323     3.2266    18.5483    18.5403    36.1919    36.1911    26.0478    26.0492    1535.18    140.691    140.444         32 0.0000e+00
      61214   2550.529    899.250    907.000    18.8738    18.8892   4.859187   4.861490     1.9934     1.6555     100.00   24.22591  -81.61085   -0.00987   -0.00719     3.0893     3.1138    18.7093    18.7257    36.1927    36.1977    26.0076    26.0072    1535.21    134.470    135.536         30 0.0000e+00
      61244   2551.780    898.261    906.000    18.9006    18.9099   4.862285   4.863227     1.9866     1.6518      83.67   24.22542  -81.60926   -0.00841   -0.00625     3.0736     3.1038    18.7361    18.7452    36.1955    36.1954    26.0028    26.0004    1535.18    133.787    135.102         31 0.0000e+00
      61353   2556.340    894.304    902.000    19.1349    19.1832   4.886512   4.892182     1.9784     1.6458     100.00   24.22568  -81.61012   -0.00172   -0.00146     3.0375     3.0698    18.9698    19.0178    36.1962    36.2016    25.9436    25.9354    1535.20    132.223    133.631         32 0.0000e+00
      61384   2557.630    893.314    901.000    19.1443    19.2445   4.887979   4.898883     1.9783     1.6500     100.00   24.22542  -81.60926   -0.00177   -0.00045     3.0357     3.0779    18.9768    19.0789    36.2026    36.2046    25.9467    25.9219    1535.18    132.146    133.983         30 0.0000e+00
      61444   2560.120    891.336    899.000    19.4551    19.4825   4.924119   4.927191     2.0084     1.6873     100.00   24.22597  -81.61110    0.00634    0.00978     3.0878     3.1597    19.2887    19.3159    36.2329    36.2347    25.8894    25.8837    1535.21    134.423    137.553         32 0.0000e+00
      61480   2561.631    890.346    898.000    19.4672    19.4684   4.925296   4.925451     2.0351     1.7069     100.00   24.22542  -81.60926    0.01508    0.01525     3.1507     3.2118    19.3009    19.3020    36.2324    36.2327    25.8857    25.8857    1535.18    137.159    139.821         47 0.0000e+00
      61532   2563.803    889.357    897.000    19.3636    19.4372   4.913321   4.922002     2.0463     1.7131     100.00   24.22542  -81.60926    0.01170    0.00771     3.1839     3.2295    19.1981    19.2712    36.2229    36.2314    25.9052    25.8927    1535.18    138.603    140.588         50 0.0000e+00
      61573   2565.487    888.368    896.000    19.6735    19.6992   4.948537   4.952346     2.0442     1.7186     100.00   24.22543  -81.60926    0.00143    0.00207     3.1588     3.2279    19.5064    19.5319    36.2472    36.2566    25.8434    25.8440    1535.18    137.518    140.525         35 0.0000e+00
      61607   2566.928    887.378    895.000    19.8823    19.8844   4.973551   4.974094     2.0856     1.7580     100.00   24.22543  -81.60926    0.00546    0.00888     3.2408     3.3149    19.7141    19.7163    36.2741    36.2767    25.8095    25.8110    1535.18    141.092    144.321         35 0.0000e+00
      61645   2568.508    886.389    894.000    19.9402    19.9643   4.980352   4.983543     2.1157     1.7840     100.00   24.22542  -81.60926    0.01989    0.01902     3.3094     3.3797    19.7718    19.7958    36.2806    36.2860    25.7993    25.7971    1535.18    144.082    147.140         41 0.0000e+00
      61685   2570.180    885.399    893.000    20.0013    19.9770   4.988418   4.985994     2.1387     1.8017     100.00   24.22543  -81.60926    0.02157    0.01772     3.3492     3.4190    19.8328    19.8086    36.2902    36.2937    25.7906    25.7996    1535.18    145.816    148.851         37 0.0000e+00
      61719   2571.600    884.410    892.000    20.3120    20.3283   5.020451   5.023478     2.1601     1.8163     100.00   24.22543  -81.60926    0.01493    0.01126     3.3921     3.4429    20.1419    20.1596    36.3004    36.3026    25.7163    25.7129    1535.18    147.695    149.906         32 0.0000e+00
      61754   2573.038    883.420    891.000    20.4023    20.4008   5.031636   5.031987     2.1853     1.8416     100.00   24.22543  -81.60926    0.01526    0.01196     3.4408     3.4991    20.2320    20.2305    36.3050    36.3090    25.6957    25.6992    1535.18    149.816    152.356         38 0.0000e+00
      61793   2574.687    882.431    890.000    20.4535    20.3768   5.037768   5.029120     2.2077     1.8589      98.32   24.22543  -81.60926    0.01633    0.01487     3.4892     3.5429    20.2831    20.2068    36.3113    36.3064    25.6869    25.7036    1535.18    151.923    154.260         40 0.0000e+00
      61830   2576.212    881.442    889.000    20.5493    20.5379   5.047991   5.046897     2.2222     1.8646      97.89   24.22543  -81.60926    0.01277    0.00908     3.5162     3.5487    20.3785    20.3671    36.3130    36.3138    25.6625    25.6662    1535.18    153.103    154.517         33 0.0000e+00
      61862   2577.548    880.452    888.000    20.6046    20.5991   5.050505   5.050681     2.2388     1.8805      99.98   24.22543  -81.60926    0.01075    0.00632     3.5512     3.5852    20.4336    20.4283    36.2867    36.2927    25.6276    25.6337    1535.18    154.635    156.112         32 0.0000e+00
      61898   2579.057    879.463    887.000    20.5900    20.5937   5.047208   5.049651     2.2609     1.9053     100.00   24.22543  -81.60926    0.01249    0.01164     3.6038     3.6487    20.4193    20.4230    36.2727    36.2894    25.6209    25.6325    1535.18    156.924    158.880         40 0.0000e+00
      61938   2580.722    878.474    886.000    20.6004    20.5894   5.045358   5.047026     2.2769     1.9153      96.54   24.22544  -81.60926    0.01289    0.01294     3.6404     3.6746    20.4299    20.4190    36.2493    36.2721    25.6001    25.6204    1535.18    158.522    160.010         38 0.0000e+00
      61974   2582.207    877.484    885.000    20.6680    20.6335   5.051578   5.048845     2.2905     1.9232      95.21   24.22544  -81.60926    0.00984    0.00662     3.6670     3.6915    20.4974    20.4630    36.2425    36.2497    25.5768    25.5915    1535.18    159.685    160.750         34 0.0000e+00
      62008   2583.621    876.495    884.000    20.7482    20.7298   5.060110   5.057527     2.3073     1.9465      99.99   24.22543  -81.60926    0.00980    0.00743     3.7043     3.7450    20.5842    20.5590    36.2379    36.2386    25.5498    25.5571    1535.18    161.313    163.085         35 0.0000e+00
      62045   2585.149    875.505    883.000    20.8239    20.7433   5.067982   5.059832     2.3244     1.9590     100.00   24.22543  -81.60926    0.01130    0.01163     3.7337     3.7754    20.6528    20.5726    36.2434    36.2460    25.5355    25.5591    1535.18    162.595    164.406         38 0.0000e+00
      62082   2586.725    874.516    882.000    20.9201    20.8318   5.078619   5.069849     2.3402     1.9703     100.00   24.22543  -81.60926    0.01094    0.01015     3.7589     3.7970    20.7428    20.6618    36.2529    36.2525    25.5182    25.5405    1535.18    163.694    165.353         36 0.0000e+00
      62117   2588.164    873.526    881.000    21.2192    21.0952   5.117211   5.100790     2.3550     1.9805      99.84   24.22543  -81.60926    0.01020    0.00722     3.7805     3.8078    21.0772    20.9251    36.2791    36.2711    25.4469    25.4807    1535.18    164.647    165.830         35 0.0000e+00
