Gulf of Mexico/GOMECC-4/1db/rb2103_0351.cnv
* Sea-Bird SBE 9 Data File:
* FileName = C:\Users\scs.user.rb\CTD\GOMECC4\data\rb2103_0351.hex
* Software Version Seasave V 7.26.7.107
* Temperature SN = 4799
* Conductivity SN = 3860
* Number of Bytes Per Scan = 41
* Number of Voltage Words = 4
* Number of Scans Averaged by the Deck Unit = 1
* NMEA Latitude = 28 42.06 N
* NMEA Longitude = 087 45.57 W
* NMEA UTC (Time) = Sep 24 2021  11:26:03
* NMEA baud rate = 4800
# nquan = 28
# nvalues = 622                         
# units = specified
# name 0 = scan: Scan Count
# name 1 = timeS: Time, Elapsed [seconds]
# name 2 = depSM: Depth [salt water, m]
# name 3 = prDM: Pressure, Digiquartz [db]
# name 4 = t090C: Temperature [ITS-90, deg C]
# name 5 = t190C: Temperature, 2 [ITS-90, deg C]
# name 6 = c0S/m: Conductivity [S/m]
# name 7 = c1S/m: Conductivity, 2 [S/m]
# name 8 = sbeox0V: Oxygen raw, SBE 43 [V]
# name 9 = sbeox1V: Oxygen raw, SBE 43, 2 [V]
# name 10 = altM: Altimeter [m]
# name 11 = latitude: Latitude [deg]
# name 12 = longitude: Longitude [deg]
# name 13 = sbox0dV/dT: Oxygen, SBE 43 [dov/dt]
# name 14 = sbox1dV/dT: Oxygen, SBE 43, 2 [dov/dt]
# name 15 = sbeox0ML/L: Oxygen, SBE 43 [ml/l], WS = 5
# name 16 = sbeox1ML/L: Oxygen, SBE 43, 2 [ml/l], WS = 5
# name 17 = potemp090C: Potential Temperature [ITS-90, deg C]
# name 18 = potemp190C: Potential Temperature, 2 [ITS-90, deg C]
# name 19 = sal00: Salinity, Practical [PSU]
# name 20 = sal11: Salinity, Practical, 2 [PSU]
# name 21 = sigma-é00: Density [sigma-theta, kg/m^3]
# name 22 = sigma-é11: Density, 2 [sigma-theta, kg/m^3]
# name 23 = avgsvCM: Average Sound Velocity [Chen-Millero, m/s], minP = 20, minS = 20
# name 24 = sbox0Mm/Kg: Oxygen, SBE 43 [umol/kg], WS = 5
# name 25 = sbox1Mm/Kg: Oxygen, SBE 43, 2 [umol/kg], WS = 5
# name 26 = nbin: number of scans per bin
# name 27 = flag: flag
# span 0 =      13875,     171459       
# span 1 =    578.065,   7144.063       
# span 2 =      1.987,   2248.531       
# span 3 =      2.000,   2276.000       
# span 4 =     4.2815,    29.8775       
# span 5 =     4.2823,    29.8795       
# span 6 =   3.345069,   5.960205       
# span 7 =   3.345017,   5.960637       
# span 8 =     1.6114,     3.1418       
# span 9 =     1.3150,     2.6712       
# span 10 =       9.36,     111.20      
# span 11 =   28.44295,   29.18345      
# span 12 =  -89.23285,  -86.96870      
# span 13 =   -0.07293,    0.05004      
# span 14 =   -0.06778,    0.04795      
# span 15 =     2.5579,     4.6986      
# span 16 =     2.5824,     4.7382      
# span 17 =     4.0955,    29.8711      
# span 18 =     4.0965,    29.8728      
# span 19 =    33.5232,    36.5682      
# span 20 =    33.5484,    36.5642      
# span 21 =    21.1751,    27.7552      
# span 22 =    21.1921,    27.7536      
# span 23 =       0.00,    1557.56      
# span 24 =    111.222,    204.175      
# span 25 =    112.285,    205.894      
# span 26 =         30,         70      
# span 27 = 0.0000e+00, 0.0000e+00      
# interval = decibars: 1                
# start_time = Sep 24 2021 11:26:03 [NMEA time, header]
# bad_flag = -9.990e-29
*END*
[from data line 52]
      16846    701.875     55.617     56.000    23.0523    23.0562   5.278343   5.278863     2.8762     2.4566     100.25   28.69976  -87.76031   -0.01223   -0.00916     4.3438     4.3765    23.0408    23.0447    36.3232    36.3240    24.9257    24.9252    1542.02    189.274    190.703         46 0.0000e+00
      16892    703.773     56.610     57.000    23.0185    23.0163   5.279540   5.278469     2.8533     2.4335     100.00   28.69976  -87.76030   -0.01001   -0.00893     4.3025     4.3316    23.0037    23.0051    36.3627    36.3569    24.9665    24.9629    1541.84    187.470    188.738         53 0.0000e+00
      16948    706.124     57.603     58.000    23.0313    23.0328   5.295440   5.295424     2.7984     2.3795     100.00   28.69976  -87.76030   -0.01766   -0.01754     4.1859     4.2043    23.0195    23.0208    36.4724    36.4709    25.0451    25.0436    1541.67    182.375    183.178         49 0.0000e+00
      16989    707.816     58.596     59.000    22.9890    22.9920   5.292166   5.292612     2.7376     2.3216     100.00   28.69976  -87.76030   -0.03094   -0.03003     4.0893     4.1009    22.9769    22.9799    36.4857    36.4874    25.0676    25.0680    1541.52    178.164    178.666         39 0.0000e+00
      17032    709.616     59.589     60.000    22.8722    22.8809   5.276502   5.277794     2.6917     2.2865      96.27   28.69976  -87.76030   -0.03240   -0.02911     3.9851     4.0101    22.8599    22.8687    36.4569    36.4597    25.0796    25.0792    1541.35    173.620    174.710         46 0.0000e+00
      17072    711.312     60.582     61.000    22.6631    22.6717   5.247581   5.248841     2.6848     2.2821      99.10   28.69976  -87.76030   -0.01650   -0.01250     3.9878     4.0167    22.6508    22.6593    36.4053    36.4081    25.1007    25.1004    1541.18    173.733    174.991         35 0.0000e+00
      17107    712.747     61.575     62.000    22.5068    22.5167   5.226826   5.228179     2.6913     2.2896      99.98   28.69976  -87.76030   -0.00399   -0.00164     4.0139     4.0459    22.4943    22.5042    36.3730    36.3754    25.1211    25.1200    1541.02    174.870    176.263         36 0.0000e+00
      17143    714.236     62.568     63.000    22.3360    22.3414   5.204655   5.205442     2.6960     2.2946     100.00   28.69976  -87.76030    0.00308    0.00372     4.0378     4.0710    22.3234    22.3288    36.3414    36.3431    25.1458    25.1455    1540.84    175.905    177.353         33 0.0000e+00
      17174    715.548     63.561     64.000    22.2195    22.2290   5.189672   5.190833     2.7005     2.2986      97.99   28.69976  -87.76030    0.00356    0.00387     4.0569     4.0892    22.2067    22.2162    36.3206    36.3218    25.1632    25.1614    1540.67    176.735    178.143         32 0.0000e+00
      17207    716.931     64.554     65.000    22.0206    22.0280   5.165383   5.166287     2.7077     2.3097      99.96   28.69976  -87.76030    0.00331    0.00398     4.0890     4.1304    22.0076    22.0150    36.2952    36.2962    25.2002    25.1989    1540.50    178.125    179.931         35 0.0000e+00
      17243    718.402     65.547     66.000    21.8453    21.8516   5.146386   5.147184     2.7199     2.3213     100.00   28.69976  -87.76030    0.00602    0.00719     4.1278     4.1702    21.8322    21.8386    36.2917    36.2927    25.2469    25.2458    1540.33    179.808    181.653         34 0.0000e+00
      17274    719.718     66.540     67.000    21.7019    21.7105   5.130924   5.131850     2.7175     2.3148     100.00   28.69976  -87.76030    0.00573    0.00570     4.1348     4.1664    21.6887    21.6973    36.2891    36.2893    25.2851    25.2828    1540.16    180.107    181.485         30 0.0000e+00
      17304    720.975     67.533     68.000    21.4664    21.4756   5.109045   5.109958     2.7024     2.2953     100.00   28.69976  -87.76030   -0.00064   -0.00440     4.1195     4.1368    21.4555    21.4624    36.3074    36.3067    25.3640    25.3610    1539.98    179.426    180.180         30 0.0000e+00
      17336    722.294     68.526     69.000    21.3479    21.3501   5.098978   5.099183     2.6472     2.2356     100.00   28.69976  -87.76030   -0.01508   -0.01855     4.0166     4.0120    21.3345    21.3367    36.3325    36.3322    25.4166    25.4158    1539.81    174.934    174.734         33 0.0000e+00
      17370    723.694     69.519     70.000    21.3143    21.3186   5.101391   5.101776     2.5672     2.1546     100.00   28.69976  -87.76030   -0.03776   -0.04061     3.8515     3.8279    21.3006    21.3050    36.3800    36.3794    25.4622    25.4605    1539.63    167.737    166.711         35 0.0000e+00
      17405    725.186     70.512     71.000    21.2390    21.2409   5.095948   5.096251     2.4565     2.0524     100.00   28.69974  -87.76030   -0.06014   -0.06036     3.6259     3.5984    21.2252    21.2271    36.3999    36.4007    25.4982    25.4983    1539.46    157.907    156.708         35 0.0000e+00
      17438    726.548     71.505     72.000    21.1552    21.1653   5.086674   5.087851     2.3727     1.9809     100.00   28.69975  -87.76030   -0.06921   -0.06442     3.4572     3.4395    21.1412    21.1514    36.3963    36.3971    25.5186    25.5164    1539.29    150.555    149.786         30 0.0000e+00
      17491    728.757     73.491     74.000    20.6927    20.6961   5.030374   5.030923     2.3425     1.9762      99.96   28.68689  -87.72099   -0.03032   -0.02781     3.4266     3.4598    20.6786    20.6820    36.3293    36.3308    25.5923    25.5926    1538.26    149.212    150.656         35 0.0000e+00
      17536    730.641     74.484     75.000    20.6350    20.6382   5.024282   5.024772     2.3794     2.0183     100.00   28.69974  -87.76032    0.00386    0.01198     3.5089     3.5623    20.6208    20.6240    36.3347    36.3359    25.6137    25.6138    1538.78    152.796    155.121         38 0.0000e+00
      17622    734.218     77.462     78.000    20.3986    20.4024   5.001549   5.001797     2.3914     2.0143     100.00   28.68868  -87.72651    0.00559    0.00151     3.5523     3.5701    20.3839    20.3877    36.3494    36.3499    25.6881    25.6874    1537.67    154.673    155.444         35 0.0000e+00
      17665    735.989     78.455     79.000    20.3564    20.3581   4.998737   4.999038     2.3512     1.9740     100.00   28.69974  -87.76032   -0.01310   -0.01737     3.4694     3.4783    20.3415    20.3432    36.3642    36.3652    25.7115    25.7118    1538.09    151.059    151.447         35 0.0000e+00
      17697    737.350     79.448     80.000    20.3184    20.3232   4.995408   4.995824     2.3228     1.9504     100.00   28.69974  -87.76032   -0.02376   -0.02450     3.4150     3.4282    20.3048    20.3082    36.3681    36.3686    25.7244    25.7238    1537.94    148.690    149.263         31 0.0000e+00
      17729    738.665     80.441     81.000    20.2519    20.2540   4.989301   4.989624     2.3006     1.9312      83.49   28.69974  -87.76032   -0.02190   -0.01900     3.3690     3.3853    20.2367    20.2388    36.3762    36.3770    25.7488    25.7489    1537.78    146.685    147.392         33 0.0000e+00
      17762    740.030     81.434     82.000    20.2033    20.2054   4.985524   4.985829     2.2749     1.9085      89.54   28.69974  -87.76032   -0.01817   -0.01555     3.3178     3.3353    20.1880    20.1901    36.3868    36.3875    25.7699    25.7699    1537.62    144.450    145.210         32 0.0000e+00
      17794    741.369     82.427     83.000    20.1875    20.1890   4.985107   4.985346     2.2468     1.8807     100.11   28.69974  -87.76032   -0.01873   -0.01714     3.2590     3.2713    20.1719    20.1734    36.3967    36.3974    25.7817    25.7819    1537.46    141.887    142.424         32 0.0000e+00
      17826    742.707     83.420     84.000    20.1244    20.1297   4.980442   4.980902     2.2188     1.8543     100.00   28.69974  -87.76032   -0.02045   -0.01934     3.2032     3.2132    20.1088    20.1140    36.4125    36.4117    25.8107    25.8087    1537.31    139.454    139.891         33 0.0000e+00
      17858    744.058     84.413     85.000    20.0149    20.0176   4.972396   4.972736     2.1795     1.8140      99.47   28.69974  -87.76032   -0.02248   -0.02198     3.1258     3.1249    19.9990    20.0018    36.4408    36.4412    25.8615    25.8611    1537.16    136.078    136.039         33 0.0000e+00
      17893    745.489     85.406     86.000    19.9753    19.9767   4.969133   4.969392     2.1296     1.7672      60.80   28.69974  -87.76032   -0.02969   -0.02929     3.0215     3.0170    19.9593    19.9607    36.4479    36.4488    25.8775    25.8778    1537.01    131.536    131.341         35 0.0000e+00
      17926    746.871     86.399     87.000    19.9577    19.9593   4.967562   4.967837     2.0880     1.7340      99.88   28.69974  -87.76032   -0.03445   -0.03203     2.9338     2.9404    19.9415    19.9431    36.4498    36.4507    25.8836    25.8839    1536.87    127.718    128.007         31 0.0000e+00
      17983    749.238     88.384     89.000    19.8888    19.8896   4.960523   4.960725     2.0624     1.7176      99.98   28.69369  -87.74183   -0.01620   -0.01127     2.8835     2.9062    19.8723    19.8731    36.4481    36.4491    25.9000    25.9006    1536.26    125.527    126.513         32 0.0000e+00
      18021    750.827     89.377     90.000    19.8450    19.8477   4.956915   4.957337     2.0606     1.7172     100.00   28.69974  -87.76032   -0.00695   -0.00416     2.8822     2.9077    19.8261    19.8312    36.4605    36.4611    25.9224    25.9219    1536.45    125.465    126.579         36 0.0000e+00
      18056    752.306     90.370     91.000    19.7942    19.7966   4.953782   4.954073     2.0610     1.7198     100.00   28.69974  -87.76032   -0.00203   -0.00050     2.8861     2.9166    19.7774    19.7797    36.4765    36.4769    25.9475    25.9471    1536.31    125.633    126.962         35 0.0000e+00
      18089    753.665     91.363     92.000    19.7810    19.7823   4.956051   4.956175     2.0700     1.7337     100.00   28.69974  -87.76032    0.00237    0.00382     2.9059     2.9500    19.7640    19.7653    36.5065    36.5063    25.9739    25.9735    1536.17    126.493    128.413         30 0.0000e+00
      18119    754.901     92.356     93.000    19.7265    19.7298   4.952445   4.952825     2.1068     1.7710     100.00   28.69974  -87.76032    0.01033    0.01326     2.9892     3.0418    19.7094    19.7126    36.5237    36.5240    26.0015    26.0009    1536.04    130.115    132.405         30 0.0000e+00
      18150    756.216     93.349     94.000    19.6893    19.6911   4.949149   4.949451     2.1140     1.7746      84.94   28.69974  -87.76032    0.01562    0.01677     3.0067     3.0523    19.6720    19.6738    36.5285    36.5294    26.0150    26.0152    1535.91    130.874    132.861         34 0.0000e+00
      18185    757.650     94.342     95.000    19.6442    19.6478   4.944414   4.944874     2.1116     1.7667      45.87   28.69974  -87.76032    0.00892    0.00740     3.0044     3.0365    19.6268    19.6303    36.5282    36.5288    26.0266    26.0262    1535.78    130.772    132.171         34 0.0000e+00
      18218    759.032     95.334     96.000    19.6193    19.6201   4.941943   4.942157     2.1149     1.7700     100.44   28.69974  -87.76032    0.00106   -0.00206     3.0134     3.0463    19.6016    19.6025    36.5291    36.5301    26.0339    26.0345    1535.66    131.166    132.597         32 0.0000e+00
      18249    760.346     96.327     97.000    19.6055    19.6072   4.940555   4.940846     2.1188     1.7749     100.00   28.69974  -87.76032    0.00129    0.00066     3.0230     3.0591    19.5877    19.5894    36.5292    36.5301    26.0377    26.0379    1535.53    131.581    133.152         32 0.0000e+00
      18283    761.758     97.320     98.000    19.5712    19.5745   4.936851   4.937237     2.1212     1.7776     100.00   28.69976  -87.76033    0.00271    0.00322     3.0304     3.0683    19.5538    19.5566    36.5276    36.5284    26.0454    26.0452    1535.42    131.903    133.551         35 0.0000e+00
      18316    763.139     98.313     99.000    19.4233    19.4334   4.919740   4.921196     2.1206     1.7736      88.62   28.69976  -87.76034    0.00162    0.00119     3.0382     3.0658    19.4052    19.4153    36.5145    36.5142    26.0742    26.0713    1535.29    132.239    133.439         31 0.0000e+00
      18347    764.432     99.305    100.000    19.2488    19.2538   4.898993   4.899571     2.1141     1.7668      99.95   28.69976  -87.76034   -0.00082   -0.00218     3.0361     3.0617    19.2307    19.2356    36.4938    36.4943    26.1038    26.1029    1535.16    132.144    133.259         32 0.0000e+00
      18380    765.776    100.298    101.000    19.1661    19.1674   4.889203   4.889425     2.1045     1.7583     100.00   28.69976  -87.76034   -0.00433   -0.00491     3.0209     3.0471    19.1478    19.1491    36.4840    36.4848    26.1178    26.1181    1535.03    131.479    132.618         33 0.0000e+00
      18414    767.214    101.291    102.000    19.1074    19.1110   4.882017   4.882488     2.0971     1.7508      93.90   28.69976  -87.76034   -0.00621   -0.00586     3.0088     3.0327    19.0890    19.0926    36.4749    36.4758    26.1261    26.1258    1534.91    130.952    131.993         35 0.0000e+00
      18448    768.638    102.284    103.000    19.0166    19.0198   4.871624   4.872051     2.0899     1.7451      69.46   28.69976  -87.76034   -0.00551   -0.00518     2.9990     3.0249    18.9981    19.0013    36.4670    36.4678    26.1435    26.1433    1534.79    130.523    131.650         32 0.0000e+00
      18479    769.912    103.277    104.000    18.9297    18.9346   4.861455   4.861756     2.0832     1.7400      99.89   28.69976  -87.76034   -0.00503   -0.00416     2.9901     3.0181    18.9111    18.9160    36.4576    36.4558    26.1587    26.1560    1534.66    130.133    131.354         31 0.0000e+00
      18510    771.228    104.270    105.000    18.8755    18.8755   4.859238   4.859297     2.0742     1.7303     100.00   28.69976  -87.76034   -0.00563   -0.00475     2.9726     2.9953    18.8567    18.8567    36.4863    36.4858    26.1946    26.1941    1534.55    129.367    130.353         33 0.0000e+00
      18545    772.679    105.262    106.000    18.8896    18.8905   4.864320   4.864482     2.0721     1.7328     100.00   28.69976  -87.76034   -0.00537   -0.00456     2.9679     3.0030    18.8707    18.8716    36.5164    36.5170    26.2140    26.2142    1534.42    129.163    130.686         35 0.0000e+00
      18578    774.030    106.255    107.000    18.8893    18.8902   4.865007   4.865192     2.0844     1.7493      48.16   28.69976  -87.76034   -0.00088    0.00157     2.9950     3.0430    18.8701    18.8710    36.5221    36.5229    26.2185    26.2189    1534.30    130.341    132.430         31 0.0000e+00
      18610    775.363    107.248    108.000    18.8819    18.8825   4.864292   4.864425     2.0987     1.7593      97.11   28.69976  -87.76032    0.00706    0.00919     3.0280     3.0680    18.8625    18.8632    36.5222    36.5228    26.2205    26.2208    1534.18    131.776    133.517         34 0.0000e+00
      18645    776.827    108.241    109.000    18.8492    18.8507   4.860624   4.860873     2.1024     1.7622     100.02   28.69976  -87.76032    0.00789    0.00726     3.0379     3.0771    18.8297    18.8313    36.5198    36.5205    26.2271    26.2272    1534.07    132.205    133.909         34 0.0000e+00
      18702    779.225    110.226    111.000    18.7919    18.7950   4.853315   4.853711     2.1015     1.7602      99.98   28.69345  -87.74102    0.00121    0.00017     3.0404     3.0766    18.7721    18.7752    36.5052    36.5058    26.2300    26.2296    1533.50    132.313    133.887         32 0.0000e+00
