Gulf of Mexico/GOMECC-4/1db/rb2103_0361.cnv
* Sea-Bird SBE 9 Data File:
* FileName = C:\Users\scs.user.rb\CTD\GOMECC4\data\rb2103_0361.hex
* Software Version Seasave V 7.26.7.107
* Temperature SN = 4799
* Conductivity SN = 3860
* Number of Bytes Per Scan = 41
* Number of Voltage Words = 4
* Number of Scans Averaged by the Deck Unit = 1
* NMEA Latitude = 28 20.83 N
* NMEA Longitude = 087 59.99 W
* NMEA UTC (Time) = Sep 24 2021  17:05:11
* NMEA baud rate = 4800
# nquan = 28
# nvalues = 456                         
# units = specified
# name 0 = scan: Scan Count
# name 1 = timeS: Time, Elapsed [seconds]
# name 2 = depSM: Depth [salt water, m]
# name 3 = prDM: Pressure, Digiquartz [db]
# name 4 = t090C: Temperature [ITS-90, deg C]
# name 5 = t190C: Temperature, 2 [ITS-90, deg C]
# name 6 = c0S/m: Conductivity [S/m]
# name 7 = c1S/m: Conductivity, 2 [S/m]
# name 8 = sbeox0V: Oxygen raw, SBE 43 [V]
# name 9 = sbeox1V: Oxygen raw, SBE 43, 2 [V]
# name 10 = altM: Altimeter [m]
# name 11 = latitude: Latitude [deg]
# name 12 = longitude: Longitude [deg]
# name 13 = sbox0dV/dT: Oxygen, SBE 43 [dov/dt]
# name 14 = sbox1dV/dT: Oxygen, SBE 43, 2 [dov/dt]
# name 15 = sbeox0ML/L: Oxygen, SBE 43 [ml/l], WS = 5
# name 16 = sbeox1ML/L: Oxygen, SBE 43, 2 [ml/l], WS = 5
# name 17 = potemp090C: Potential Temperature [ITS-90, deg C]
# name 18 = potemp190C: Potential Temperature, 2 [ITS-90, deg C]
# name 19 = sal00: Salinity, Practical [PSU]
# name 20 = sal11: Salinity, Practical, 2 [PSU]
# name 21 = sigma-é00: Density [sigma-theta, kg/m^3]
# name 22 = sigma-é11: Density, 2 [sigma-theta, kg/m^3]
# name 23 = avgsvCM: Average Sound Velocity [Chen-Millero, m/s], minP = 20, minS = 20
# name 24 = sbox0Mm/Kg: Oxygen, SBE 43 [umol/kg], WS = 5
# name 25 = sbox1Mm/Kg: Oxygen, SBE 43, 2 [umol/kg], WS = 5
# name 26 = nbin: number of scans per bin
# name 27 = flag: flag
# span 0 =      15093,     189632       
# span 1 =    628.817,   7901.295       
# span 2 =      1.986,   2219.109       
# span 3 =      2.000,   2246.000       
# span 4 =     4.2833,    29.9121       
# span 5 =     4.2839,    29.9143       
# span 6 =   3.342377,   5.869346       
# span 7 =   3.342335,   5.869575       
# span 8 =     1.6205,     3.1609       
# span 9 =     1.3222,     2.6783       
# span 10 =      10.67,     106.50      
# span 11 =   28.23527,   28.75262      
# span 12 =  -89.25708,  -87.65155      
# span 13 =   -0.05802,    0.03560      
# span 14 =   -0.05286,    0.02544      
# span 15 =     2.5403,     4.6872      
# span 16 =     2.5616,     4.7292      
# span 17 =     4.0914,    29.9062      
# span 18 =     4.0925,    29.9084      
# span 19 =    30.4721,    36.5347      
# span 20 =    30.4719,    36.5362      
# span 21 =    19.0992,    27.7567      
# span 22 =    19.0986,    27.7553      
# span 23 =       0.00,    1541.56      
# span 24 =    110.482,    203.679      
# span 25 =    111.407,    205.505      
# span 26 =         30,         82      
# span 27 = 0.0000e+00, 0.0000e+00      
# interval = decibars: 1                
# start_time = Sep 24 2021 17:05:11 [NMEA time, header]
# bad_flag = -9.990e-29
*END*
[from data line 52]
      17685    736.827     57.605     58.000    21.8963    21.8928   5.180311   5.180262     2.5855     2.1786     100.00   28.34642  -87.99980   -0.01570   -0.01812     3.8377     3.8343    21.8848    21.8813    36.5207    36.5233    25.4063    25.4093    1539.01    167.145    166.999         54 0.0000e+00
      17737    739.005     58.598     59.000    21.8665    21.8648   5.178937   5.178955     2.5236     2.1242     100.00   28.34642  -87.99980   -0.03043   -0.02812     3.7126     3.7129    21.8548    21.8531    36.5347    36.5362    25.4254    25.4270    1538.84    161.694    161.707         48 0.0000e+00
      17784    740.964     59.591     60.000    21.7952    21.7941   5.170122   5.170203     2.5047     2.1134     100.00   28.34640  -87.99980   -0.01748   -0.01329     3.6795     3.6939    21.7834    21.7823    36.5246    36.5262    25.4378    25.4393    1538.68    160.250    160.879         48 0.0000e+00
      17832    742.961     60.584     61.000    21.6651    21.6536   5.154246   5.153116     2.4923     2.1053     100.00   28.34640  -87.99978   -0.00742   -0.00377     3.6637     3.6857    21.6531    21.6416    36.5081    36.5089    25.4617    25.4655    1538.51    159.558    160.514         47 0.0000e+00
      17881    744.983     61.577     62.000    21.3172    21.3016   5.113151   5.111742     2.4683     2.0829      99.76   28.34642  -87.99978   -0.00918   -0.00753     3.6396     3.6589    21.3051    21.2896    36.4747    36.4767    25.5330    25.5388    1538.35    158.497    159.336         49 0.0000e+00
      17929    746.986     62.570     63.000    20.9820    20.9723   5.071401   5.070124     2.4418     2.0571     100.00   28.34640  -87.99978   -0.01269   -0.01246     3.6083     3.6229    20.9650    20.9603    36.4282    36.4282    25.5913    25.5945    1538.17    157.126    157.760         49 0.0000e+00
      17980    749.128     63.563     64.000    20.8732    20.8724   5.059909   5.060119     2.4320     2.0510     100.00   28.34640  -87.99978   -0.00886   -0.00738     3.5966     3.6160    20.8609    20.8601    36.4239    36.4263    25.6165    25.6185    1537.98    156.614    157.456         53 0.0000e+00
      18029    751.168     64.556     65.000    20.8541    20.8535   5.065194   5.065538     2.4098     2.0276     100.00   28.34640  -87.99978   -0.00652   -0.00595     3.5507     3.5622    20.8417    20.8410    36.4827    36.4861    25.6665    25.6692    1537.81    154.605    155.104         44 0.0000e+00
      18072    752.942     65.549     66.000    20.7595    20.7568   5.057127   5.057093     2.3733     1.9947     100.00   28.34640  -87.99978   -0.01536   -0.01511     3.4804     3.4925    20.7469    20.7442    36.4981    36.5002    25.7041    25.7064    1537.63    151.539    152.067         45 0.0000e+00
      18125    755.154     66.542     67.000    20.6826    20.6814   5.050365   5.050554     2.3409     1.9662     100.00   28.34640  -87.99978   -0.01775   -0.01548     3.4174     3.4315    20.6699    20.6687    36.5089    36.5115    25.7332    25.7355    1537.46    148.792    149.407         56 0.0000e+00
      18174    757.189     67.535     68.000    20.6351    20.6317   5.048679   5.048447     2.3144     1.9379     100.00   28.34640  -87.99978   -0.01273   -0.01229     3.3737     3.3804    20.6243    20.6189    36.5340    36.5349    25.7647    25.7663    1537.29    146.883    147.179         44 0.0000e+00
      18219    759.080     68.528     69.000    20.2332    20.2243   4.998101   4.996733     2.2704     1.8994     100.00   28.34640  -87.99978   -0.01695   -0.01716     3.2940     3.3012    20.2202    20.2113    36.4623    36.4618    25.8189    25.8209    1537.14    143.407    143.719         47 0.0000e+00
      18265    761.004     69.521     70.000    20.1360    20.1426   4.984426   4.985508     2.2502     1.8848     100.00   28.34640  -87.99978   -0.01759   -0.01434     3.2633     3.2776    20.1229    20.1295    36.4402    36.4435    25.8281    25.8288    1536.94    142.069    142.690         48 0.0000e+00
      18319    763.244     70.514     71.000    20.0602    20.0564   4.974230   4.973863     2.2376     1.8752     100.00   28.34640  -87.99978   -0.00713   -0.00566     3.2423     3.2613    20.0470    20.0431    36.4217    36.4220    25.8342    25.8355    1536.76    141.155    141.981         54 0.0000e+00
      18366    765.214     71.507     72.000    19.8299    19.8204   4.944834   4.943817     2.2262     1.8640     100.00   28.34640  -87.99978   -0.00498   -0.00442     3.2337     3.2505    19.8166    19.8071    36.3785    36.3783    25.8622    25.8646    1536.58    140.778    141.506         43 0.0000e+00
      18414    767.196     72.500     73.000    19.7472    19.7465   4.935827   4.935950     2.2032     1.8435      83.42   28.34642  -87.99978   -0.00853   -0.00791     3.1900     3.2068    19.7338    19.7331    36.3754    36.3770    25.8818    25.8832    1536.40    138.873    139.603         53 0.0000e+00
      18463    769.266     73.493     74.000    19.6357    19.6317   4.924531   4.924260     2.1807     1.8213     100.30   28.34642  -87.99978   -0.01133   -0.01082     3.1489     3.1615    19.6222    19.6181    36.3782    36.3795    25.9133    25.9153    1536.22    137.077    137.627         44 0.0000e+00
      18508    771.120     74.486     75.000    19.4463    19.4432   4.903203   4.903231     2.1572     1.8021     100.00   28.34642  -87.99978   -0.01218   -0.01078     3.1098     3.1267    19.4286    19.4297    36.3689    36.3704    25.9568    25.9584    1536.05    135.370    136.105         49 0.0000e+00
      18561    773.322     75.479     76.000    19.3525    19.3525   4.894084   4.894304     2.1394     1.7836      69.78   28.34642  -87.99978   -0.01024   -0.00927     3.0780     3.0894    19.3388    19.3387    36.3709    36.3727    25.9817    25.9831    1535.87    133.983    134.478         52 0.0000e+00
      18609    775.326     76.471     77.000    19.3094    19.3078   4.890955   4.891011     2.1249     1.7722      99.89   28.34642  -87.99978   -0.00745   -0.00703     3.0495     3.0649    19.2954    19.2938    36.3821    36.3840    26.0016    26.0035    1535.69    132.738    133.408         47 0.0000e+00
      18656    777.289     77.464     78.000    19.2034    19.2019   4.881567   4.881595     2.1043     1.7504     100.00   28.34642  -87.99978   -0.00833   -0.00791     3.0113     3.0191    19.1893    19.1878    36.3959    36.3975    26.0397    26.0413    1535.52    131.070    131.409         48 0.0000e+00
      18707    779.399     78.457     79.000    19.1304    19.1297   4.874377   4.874455     2.0814     1.7329     100.00   28.34642  -87.99978   -0.01137   -0.01037     2.9662     2.9818    19.1161    19.1154    36.3993    36.4006    26.0612    26.0624    1535.34    129.105    129.785         51 0.0000e+00
      18755    781.417     79.451     80.000    19.0919    19.0916   4.870381   4.870497     2.0728     1.7283     100.00   28.34642  -87.99978   -0.00766   -0.00514     2.9500     2.9733    19.0774    19.0771    36.3992    36.4004    26.0711    26.0721    1535.17    128.398    129.414         47 0.0000e+00
      18805    783.490     80.443     81.000    18.9786    18.9763   4.857948   4.857844     2.0663     1.7212     100.00   28.34642  -87.99978   -0.00322   -0.00239     2.9406     2.9620    18.9640    18.9617    36.3937    36.3949    26.0961    26.0976    1535.02    127.988    128.917         52 0.0000e+00
      18853    785.508     81.436     82.000    18.9070    18.9072   4.850068   4.850220     2.0581     1.7129      94.98   28.34642  -87.99978   -0.00381   -0.00397     2.9297     2.9475    18.8924    18.8925    36.3899    36.3911    26.1117    26.1125    1534.84    127.510    128.283         45 0.0000e+00
      18901    787.503     82.429     83.000    18.8256    18.8237   4.840828   4.840771     2.0492     1.7043      99.86   28.34642  -87.99978   -0.00412   -0.00422     2.9147     2.9313    18.8108    18.8089    36.3833    36.3844    26.1274    26.1288    1534.68    126.857    127.577         54 0.0000e+00
      18954    789.705     83.422     84.000    18.7712    18.7707   4.838057   4.838236     2.0259     1.6785     100.00   28.34642  -87.99978   -0.00693   -0.00718     2.8674     2.8727    18.7563    18.7558    36.4074    36.4094    26.1599    26.1615    1534.51    124.794    125.024         45 0.0000e+00
      18996    791.457     84.415     85.000    18.6821    18.6822   4.830476   4.830630     1.9837     1.6352      99.85   28.34642  -87.99979   -0.01707   -0.01841     2.7798     2.7733    18.6671    18.6671    36.4215    36.4228    26.1934    26.1944    1534.35    120.977    120.693         47 0.0000e+00
      19053    793.850     85.408     86.000    18.6629    18.6631   4.828882   4.829030     1.9418     1.6030     100.01   28.34642  -87.99980   -0.02131   -0.01882     2.6890     2.6967    18.6477    18.6479    36.4246    36.4257    26.2007    26.2015    1534.18    117.023    117.361         58 0.0000e+00
      19099    795.737     86.401     87.000    18.6140    18.6124   4.823456   4.823521     1.9311     1.5958     100.00   28.34642  -87.99979   -0.01154   -0.00725     2.6675     2.6817    18.5986    18.5970    36.4214    36.4221    26.2107    26.2117    1534.03    116.089    116.706         32 0.0000e+00
      19141    797.509     87.394     88.000    18.5526    18.5515   4.816873   4.816870     1.9232     1.5917     100.00   28.34642  -87.99978   -0.00568   -0.00366     2.6546     2.6760    18.5370    18.5360    36.4196    36.4204    26.2250    26.2258    1533.88    115.526    116.457         53 0.0000e+00
      19200    799.978     88.387     89.000    18.4906    18.4899   4.810117   4.810137     1.9171     1.5867     100.00   28.34642  -87.99978   -0.00332   -0.00189     2.6448     2.6673    18.4750    18.4742    36.4166    36.4175    26.2384    26.2392    1533.72    115.096    116.078         54 0.0000e+00
      19244    801.809     89.380     90.000    18.4501    18.4500   4.805600   4.805667     1.9145     1.5839     100.00   28.34642  -87.99978   -0.00177   -0.00202     2.6417     2.6631    18.4343    18.4342    36.4137    36.4144    26.2465    26.2470    1533.57    114.963    115.894         42 0.0000e+00
      19293    803.824     90.373     91.000    18.3919    18.3913   4.798782   4.798757     1.9114     1.5810     100.00   28.34642  -87.99979   -0.00148   -0.00140     2.6388     2.6601    18.3760    18.3753    36.4073    36.4080    26.2562    26.2569    1533.42    114.835    115.761         53 0.0000e+00
      19342    805.893     91.366     92.000    18.3378    18.3385   4.793551   4.793764     1.9086     1.5781     100.00   28.34642  -87.99980   -0.00144   -0.00146     2.6352     2.6554    18.3217    18.3224    36.4099    36.4111    26.2719    26.2726    1533.27    114.676    115.556         45 0.0000e+00
      19390    807.884     92.358     93.000    18.3147    18.3149   4.792079   4.792151     1.9060     1.5779     100.00   28.34642  -87.99980   -0.00156   -0.00105     2.6308     2.6562    18.2984    18.2986    36.4178    36.4184    26.2838    26.2842    1533.13    114.483    115.586         48 0.0000e+00
      19429    809.485     93.351     94.000    18.2345    18.2347   4.782735   4.782755     1.9120     1.5846      99.61   28.34642  -87.99980    0.00033    0.00144     2.6492     2.6772    18.2181    18.2183    36.4085    36.4086    26.2968    26.2969    1532.98    115.282    116.502         32 0.0000e+00
      19460    810.806     94.344     95.000    18.1340    18.1349   4.771090   4.771200     1.9120     1.5821     100.00   28.34642  -87.99980    0.00229    0.00242     2.6551     2.6768    18.1175    18.1184    36.3979    36.3980    26.3139    26.3138    1532.84    115.538    116.482         32 0.0000e+00
      19493    812.151     95.337     96.000    18.0362    18.0280   4.759767   4.758721     1.9088     1.5780     100.00   28.34644  -87.99980    0.00061   -0.00051     2.6544     2.6740    18.0196    18.0114    36.3875    36.3858    26.3304    26.3311    1532.70    115.504    116.357         32 0.0000e+00
      19526    813.555     96.330     97.000    17.8540    17.8536   4.738368   4.738387     1.9038     1.5744      97.70   28.34644  -87.99980   -0.00232   -0.00291     2.6532     2.6736    17.8374    17.8370    36.3655    36.3660    26.3588    26.3592    1532.55    115.448    116.338         36 0.0000e+00
      19563    815.083     97.323     98.000    17.8310    17.8326   4.735697   4.735945     1.9011     1.5730      76.23   28.34644  -87.99980   -0.00279   -0.00210     2.6487     2.6718    17.8141    17.8157    36.3627    36.3634    26.3623    26.3625    1532.40    115.251    116.257         35 0.0000e+00
      19595    816.404     98.315     99.000    17.7843    17.7834   4.730267   4.730215     1.9001     1.5714     100.14   28.34644  -87.99980   -0.00191   -0.00121     2.6495     2.6701    17.7673    17.7666    36.3572    36.3574    26.3697    26.3700    1532.26    115.287    116.182         30 0.0000e+00
      19625    817.646     99.308    100.000    17.7220    17.7221   4.723098   4.723127     1.9010     1.5748     100.00   28.34644  -87.99980   -0.00073   -0.00018     2.6552     2.6828    17.7049    17.7050    36.3505    36.3507    26.3799    26.3801    1532.12    115.533    116.735         32 0.0000e+00
      19660    819.115    100.301    101.000    17.6637    17.6639   4.716291   4.716354     1.9028     1.5771     100.00   28.34644  -87.99980    0.00047    0.00135     2.6629     2.6920    17.6464    17.6466    36.3435    36.3439    26.3890    26.3892    1531.98    115.867    117.132         37 0.0000e+00
      19694    820.556    101.294    102.000    17.5840    17.5844   4.707095   4.707158     1.9035     1.5753     100.00   28.34644  -87.99980    0.00102    0.00122     2.6693     2.6922    17.5667    17.5670    36.3348    36.3350    26.4018    26.4019    1531.84    116.146    117.140         32 0.0000e+00
      19726    821.883    102.287    103.000    17.5024    17.5014   4.697304   4.697168     1.9003     1.5705     100.00   28.34644  -87.99981    0.00009   -0.00116     2.6671     2.6851    17.4849    17.4840    36.3226    36.3223    26.4125    26.4125    1531.70    116.049    116.830         32 0.0000e+00
      19762    823.356    103.279    104.000    17.4086    17.4086   4.686087   4.686150     1.8930     1.5649     100.00   28.34644  -87.99982   -0.00248   -0.00330     2.6564     2.6768    17.3911    17.3911    36.3089    36.3094    26.4248    26.4253    1531.56    115.580    116.467         38 0.0000e+00
      19796    824.809    104.273    105.000    17.3638    17.3642   4.680849   4.680946     1.8863     1.5609     100.00   28.34644  -87.99982   -0.00453   -0.00351     2.6441     2.6696    17.3460    17.3464    36.3032    36.3037    26.4314    26.4317    1531.43    115.043    116.155         31 0.0000e+00
      19856    827.306    106.258    107.000    17.1311    17.1273   4.652546   4.651962     1.8807     1.5549      99.99   28.34408  -87.99249   -0.00286   -0.00233     2.6454     2.6683    17.1132    17.1094    36.2636    36.2619    26.4571    26.4567    1531.02    115.100    116.093         35 0.0000e+00
      19895    828.909    107.251    108.000    16.9854    16.9847   4.635563   4.635535     1.8766     1.5507     100.00   28.34644  -87.99982   -0.00227   -0.00257     2.6448     2.6659    16.9674    16.9668    36.2466    36.2470    26.4794    26.4798    1531.01    115.068    115.986         38 0.0000e+00
      19930    830.368    108.244    109.000    16.9294    16.9295   4.628976   4.629018     1.8739     1.5486     100.00   28.34644  -87.99982   -0.00241   -0.00239     2.6421     2.6641    16.9114    16.9114    36.2388    36.2391    26.4868    26.4870    1530.87    114.951    115.911         32 0.0000e+00
