Gulf of Mexico/GOMECC-4/1db/rb2103_0411.ros
* Sea-Bird SBE 9 Data File:
* FileName = C:\Users\scs.user.rb\CTD\GOMECC4\data\rb2103_0411.hex
* Software Version Seasave V 7.26.7.107
* Temperature SN = 4799
* Conductivity SN = 3860
* Number of Bytes Per Scan = 41
* Number of Voltage Words = 4
* Number of Scans Averaged by the Deck Unit = 1
* NMEA Latitude = 28 04.43 N
* NMEA Longitude = 089 59.85 W
* NMEA UTC (Time) = Sep 26 2021  02:13:04
* NMEA baud rate = 4800
# nquan = 17
# nvalues = 1862                                  
# units = specified
# name 0 = scan: Scan Count
# name 1 = timeS: Time, Elapsed [seconds]
# name 2 = depSM: Depth [salt water, m]
# name 3 = prDM: Pressure, Digiquartz [db]
# name 4 = t090C: Temperature [ITS-90, deg C]
# name 5 = t190C: Temperature, 2 [ITS-90, deg C]
# name 6 = c0S/m: Conductivity [S/m]
# name 7 = c1S/m: Conductivity, 2 [S/m]
# name 8 = sbeox0V: Oxygen raw, SBE 43 [V]
# name 9 = sbeox1V: Oxygen raw, SBE 43, 2 [V]
# name 10 = altM: Altimeter [m]
# name 11 = latitude: Latitude [deg]
# name 12 = longitude: Longitude [deg]
# name 13 = sbox0dV/dT: Oxygen, SBE 43 [dov/dt]
# name 14 = sbox1dV/dT: Oxygen, SBE 43, 2 [dov/dt]
# name 15 = nbf: Bottles Fired
# name 16 = flag:  0.000e+00
# interval = seconds: 0.0416667
# start_time = Sep 26 2021 02:13:04 [NMEA time, header]
# bad_flag = -9.990e-29
*END*
[from data line 86]
      39738   1655.708    430.814    434.157     9.3110     9.3151   3.775063   3.775395     1.6300     1.3333       8.82   28.08110  -89.99768    0.00006   -0.00006          1  0.000e+00
      39739   1655.750    430.883    434.226     9.3110     9.3157   3.775037   3.775441     1.6300     1.3333       8.69   28.08110  -89.99768    0.00004   -0.00005          1  0.000e+00
      39740   1655.792    430.829    434.172     9.3110     9.3154   3.775037   3.775428     1.6300     1.3333       8.62   28.08110  -89.99768    0.00004   -0.00006          1  0.000e+00
      39741   1655.833    430.867    434.210     9.3112     9.3150   3.775057   3.775341     1.6300     1.3333       8.60   28.08110  -89.99768    0.00004   -0.00005          1  0.000e+00
      39742   1655.875    430.883    434.226     9.3108     9.3138   3.775017   3.775220     1.6300     1.3333       8.62   28.08110  -89.99768    0.00004   -0.00005          1  0.000e+00
      39743   1655.917    430.928    434.271     9.3108     9.3130   3.775011   3.775133     1.6300     1.3333       8.62   28.08110  -89.99768    0.00004   -0.00006          1  0.000e+00
      39744   1655.958    430.883    434.226     9.3110     9.3123   3.775030   3.775140     1.6300     1.3333       8.62   28.08110  -89.99768    0.00004   -0.00006          1  0.000e+00
      39745   1656.000    430.928    434.271     9.3112     9.3122   3.775011   3.775100     1.6300     1.3333       8.62   28.08110  -89.99768    0.00004   -0.00007          1  0.000e+00
      39746   1656.042    430.943    434.287     9.3110     9.3118   3.775050   3.775060     1.6300     1.3346       8.62   28.08110  -89.99768    0.00003   -0.00006          1  0.000e+00
      39747   1656.083    430.928    434.271     9.3118     9.3115   3.775090   3.774999     1.6300     1.3333       8.62   28.08110  -89.99768    0.00003   -0.00006          1  0.000e+00
      39748   1656.125    430.883    434.226     9.3125     9.3117   3.775149   3.775060     1.6300     1.3333       8.62   28.08110  -89.99768    0.00003   -0.00007          1  0.000e+00
      39749   1656.167    430.997    434.340     9.3128     9.3120   3.775202   3.775087     1.6300     1.3333       8.62   28.08110  -89.99768    0.00003   -0.00007          1  0.000e+00
      39750   1656.208    430.928    434.271     9.3118     9.3120   3.775103   3.775107     1.6300     1.3333       8.62   28.08110  -89.99768    0.00003   -0.00008          1  0.000e+00
      39751   1656.250    430.943    434.287     9.3118     9.3120   3.775090   3.775066     1.6300     1.3346       8.62   28.08110  -89.99768    0.00003   -0.00007          1  0.000e+00
      39752   1656.292    430.981    434.325     9.3123     9.3114   3.775149   3.775073     1.6300     1.3333       8.62   28.08110  -89.99768    0.00003   -0.00008          1  0.000e+00
      39753   1656.333    430.943    434.287     9.3126     9.3118   3.775169   3.775033     1.6300     1.3333       8.62   28.08110  -89.99768    0.00003   -0.00008          1  0.000e+00
      39754   1656.375    430.981    434.325     9.3126     9.3116   3.775189   3.775066     1.6300     1.3333       8.62   28.08110  -89.99768    0.00003   -0.00007          1  0.000e+00
      39755   1656.417    430.997    434.340     9.3126     9.3118   3.775235   3.775033     1.6300     1.3346       8.62   28.08110  -89.99768    0.00003   -0.00004          1  0.000e+00
      39756   1656.458    431.042    434.386     9.3133     9.3120   3.775288   3.775066     1.6300     1.3333       8.62   28.08110  -89.99768    0.00002   -0.00003          1  0.000e+00
      39757   1656.500    430.997    434.340     9.3131     9.3121   3.775308   3.775107     1.6300     1.3333       8.62   28.08110  -89.99768    0.00002   -0.00004          1  0.000e+00
      39758   1656.542    430.997    434.340     9.3128     9.3122   3.775229   3.775093     1.6288     1.3333       8.62   28.08110  -89.99768   -0.00001   -0.00004          1  0.000e+00
      39759   1656.583    430.981    434.325     9.3121     9.3117   3.775149   3.775060     1.6300     1.3333       8.62   28.08110  -89.99768   -0.00001   -0.00005          1  0.000e+00
      39760   1656.625    431.057    434.402     9.3116     9.3112   3.775083   3.775000     1.6300     1.3333       8.62   28.08110  -89.99768   -0.00002   -0.00005          1  0.000e+00
      39761   1656.667    431.042    434.386     9.3121     9.3108   3.775143   3.774959     1.6300     1.3333       8.62   28.08110  -89.99768   -0.00002   -0.00004          1  0.000e+00
      39762   1656.708    430.997    434.340     9.3128     9.3112   3.775202   3.774999     1.6300     1.3333       8.60   28.08110  -89.99768   -0.00002   -0.00005          1  0.000e+00
      39763   1656.750    431.095    434.440     9.3132     9.3113   3.775282   3.775020     1.6300     1.3333       8.47   28.08110  -89.99768   -0.00002   -0.00005          1  0.000e+00
      39764   1656.792    430.997    434.340     9.3139     9.3116   3.775328   3.775020     1.6300     1.3333       8.40   28.08112  -89.99768   -0.00002   -0.00006          1  0.000e+00
      39765   1656.833    431.095    434.440     9.3144     9.3113   3.775387   3.775040     1.6300     1.3333       8.40   28.08112  -89.99768   -0.00002   -0.00006          1  0.000e+00
      39766   1656.875    431.057    434.402     9.3144     9.3116   3.775381   3.775026     1.6300     1.3333       8.40   28.08112  -89.99768   -0.00002   -0.00007          1  0.000e+00
      39767   1656.917    431.057    434.402     9.3139     9.3113   3.775354   3.775020     1.6300     1.3333       8.40   28.08112  -89.99768   -0.00002   -0.00007          1  0.000e+00
      39768   1656.958    431.042    434.386     9.3136     9.3112   3.775288   3.775020     1.6300     1.3333       8.40   28.08112  -89.99768   -0.00002   -0.00008          1  0.000e+00
      39769   1657.000    431.110    434.455     9.3138     9.3112   3.775321   3.775020     1.6300     1.3333       8.40   28.08112  -89.99768   -0.00002   -0.00008          1  0.000e+00
      39770   1657.042    431.042    434.386     9.3136     9.3110   3.775288   3.774993     1.6300     1.3333       8.40   28.08112  -89.99768   -0.00003   -0.00009          1  0.000e+00
      39771   1657.083    431.057    434.402     9.3138     9.3111   3.775295   3.774986     1.6300     1.3333       8.40   28.08112  -89.99768   -0.00003   -0.00007          1  0.000e+00
      39772   1657.125    431.095    434.440     9.3138     9.3106   3.775308   3.774906     1.6300     1.3333       8.40   28.08112  -89.99768   -0.00003   -0.00006          1  0.000e+00
      39773   1657.167    431.057    434.402     9.3139     9.3106   3.775335   3.774906     1.6300     1.3333       8.40   28.08112  -89.99768   -0.00003   -0.00007          1  0.000e+00
      39774   1657.208    431.110    434.455     9.3136     9.3106   3.775315   3.774939     1.6300     1.3333       8.40   28.08112  -89.99768   -0.00003   -0.00007          1  0.000e+00
      39775   1657.250    431.042    434.386     9.3129     9.3109   3.775308   3.774953     1.6300     1.3333       8.40   28.08112  -89.99768   -0.00003   -0.00006          1  0.000e+00
      39776   1657.292    430.997    434.340     9.3128     9.3110   3.775229   3.774953     1.6300     1.3333       8.40   28.08112  -89.99768   -0.00003   -0.00006          1  0.000e+00
      39777   1657.333    431.156    434.501     9.3129     9.3109   3.775255   3.774953     1.6300     1.3321       8.40   28.08112  -89.99768   -0.00003   -0.00008          1  0.000e+00
      39778   1657.375    431.057    434.402     9.3133     9.3112   3.775275   3.774973     1.6300     1.3333       8.40   28.08112  -89.99768   -0.00003   -0.00009          1  0.000e+00
      39779   1657.417    431.095    434.440     9.3133     9.3107   3.775301   3.775006     1.6300     1.3333       8.40   28.08112  -89.99768   -0.00004   -0.00009          1  0.000e+00
      39780   1657.458    431.057    434.402     9.3133     9.3112   3.775255   3.775020     1.6300     1.3321       8.40   28.08112  -89.99768   -0.00004   -0.00011          1  0.000e+00
      39781   1657.500    431.095    434.440     9.3128     9.3112   3.775209   3.774993     1.6300     1.3333       8.40   28.08112  -89.99768   -0.00004   -0.00012          1  0.000e+00
      39782   1657.542    431.057    434.402     9.3126     9.3117   3.775176   3.775033     1.6300     1.3333       8.40   28.08112  -89.99768   -0.00004   -0.00012          1  0.000e+00
      39783   1657.583    431.057    434.402     9.3121     9.3119   3.775143   3.775073     1.6288     1.3321       8.40   28.08112  -89.99768   -0.00006   -0.00014          1  0.000e+00
      39784   1657.625    431.042    434.386     9.3120     9.3118   3.775182   3.775087     1.6300     1.3333       8.40   28.08112  -89.99768   -0.00006   -0.00013          1  0.000e+00
      43395   1808.083    347.727    350.354    11.7856    11.7503   4.043450   4.039221     1.6801     1.3785      90.60   28.08142  -89.99782    0.00018    0.00020          2  0.000e+00
      43396   1808.125    347.742    350.369    11.7854    11.7521   4.043361   4.039428     1.6801     1.3773      90.60   28.08142  -89.99782    0.00017    0.00019          2  0.000e+00
      43397   1808.167    348.031    350.660    11.7850    11.7540   4.043355   4.039627     1.6801     1.3773      90.60   28.08142  -89.99782    0.00017    0.00018          2  0.000e+00
      43398   1808.208    347.917    350.545    11.7858    11.7547   4.043341   4.039806     1.6801     1.3773      90.60   28.08142  -89.99782    0.00015    0.00017          2  0.000e+00
      43399   1808.250    347.955    350.584    11.7863    11.7585   4.043307   4.040432     1.6813     1.3785      90.60   28.08142  -89.99782    0.00017    0.00018          2  0.000e+00
      43400   1808.292    347.917    350.545    11.7850    11.7654   4.043273   4.041017     1.6801     1.3773      90.60   28.08142  -89.99782    0.00016    0.00017          2  0.000e+00
      43401   1808.333    347.970    350.599    11.7813    11.7644   4.043049   4.040962     1.6801     1.3785      90.60   28.08142  -89.99782    0.00016    0.00017          2  0.000e+00
      43402   1808.375    347.917    350.546    11.7795    11.7597   4.042709   4.040453     1.6801     1.3773      90.60   28.08142  -89.99782    0.00016    0.00018          2  0.000e+00
      43403   1808.417    347.970    350.599    11.7754    11.7568   4.042017   4.040095     1.6801     1.3785      90.60   28.08142  -89.99782    0.00014    0.00019          2  0.000e+00
      43404   1808.458    347.955    350.584    11.7681    11.7614   4.041283   4.040474     1.6801     1.3773      90.60   28.08142  -89.99782    0.00011    0.00018          2  0.000e+00
      43405   1808.500    347.917    350.546    11.7656    11.7659   4.040896   4.041017     1.6801     1.3785      90.60   28.08142  -89.99782    0.00011    0.00018          2  0.000e+00
      43406   1808.542    347.970    350.599    11.7629    11.7645   4.040692   4.041072     1.6813     1.3773      90.60   28.08142  -89.99782    0.00012    0.00017          2  0.000e+00
      43407   1808.583    347.970    350.599    11.7598    11.7646   4.040380   4.041100     1.6801     1.3773      90.60   28.08142  -89.99782    0.00012    0.00016          2  0.000e+00
      43408   1808.625    347.955    350.584    11.7581    11.7753   4.040217   4.041967     1.6801     1.3773      90.60   28.08142  -89.99782    0.00010    0.00015          2  0.000e+00
      43409   1808.667    347.970    350.599    11.7555    11.7926   4.039925   4.043701     1.6801     1.3785      90.60   28.08142  -89.99782    0.00009    0.00016          2  0.000e+00
      43410   1808.708    347.970    350.599    11.7533    11.7992   4.039646   4.044575     1.6801     1.3773      90.60   28.08142  -89.99782    0.00009    0.00015          2  0.000e+00
      43411   1808.750    347.970    350.599    11.7522    11.7900   4.039538   4.043942     1.6813     1.3773      90.55   28.08142  -89.99782    0.00010    0.00014          2  0.000e+00
      43412   1808.792    347.970    350.599    11.7523    11.7848   4.039565   4.043185     1.6801     1.3785      90.53   28.08142  -89.99784    0.00010    0.00016          2  0.000e+00
      43413   1808.833    348.008    350.637    11.7536    11.7814   4.039776   4.042648     1.6801     1.3773      90.50   28.08142  -89.99784    0.00009    0.00015          2  0.000e+00
      43414   1808.875    347.970    350.599    11.7545    11.7747   4.039911   4.042077     1.6801     1.3785      90.50   28.08142  -89.99784    0.00009    0.00015          2  0.000e+00
      43415   1808.917    347.970    350.599    11.7558    11.7716   4.040020   4.041692     1.6801     1.3773      90.50   28.08142  -89.99784    0.00008    0.00014          2  0.000e+00
      43416   1808.958    347.970    350.599    11.7585    11.7709   4.040264   4.041533     1.6801     1.3785      90.53   28.08142  -89.99784    0.00008    0.00015          2  0.000e+00
      43417   1809.000    348.008    350.637    11.7601    11.7709   4.040563   4.041478     1.6801     1.3773      90.50   28.08142  -89.99784    0.00007    0.00014          2  0.000e+00
      43418   1809.042    347.970    350.599    11.7619    11.7739   4.040706   4.041733     1.6801     1.3785      90.50   28.08142  -89.99784    0.00007    0.00014          2  0.000e+00
      43419   1809.083    347.970    350.599    11.7621    11.7802   4.040726   4.042215     1.6801     1.3773      90.50   28.08142  -89.99784    0.00006    0.00013          2  0.000e+00
      43420   1809.125    348.031    350.660    11.7633    11.7813   4.040848   4.042455     1.6801     1.3773      90.50   28.08142  -89.99784    0.00006    0.00012          2  0.000e+00
      43421   1809.167    348.031    350.660    11.7638    11.7799   4.040923   4.042435     1.6813     1.3773      90.53   28.08142  -89.99784    0.00007    0.00010          2  0.000e+00
      43422   1809.208    347.955    350.584    11.7644    11.7839   4.040957   4.042951     1.6801     1.3773      90.50   28.08142  -89.99784    0.00006    0.00009          2  0.000e+00
      43423   1809.250    348.031    350.660    11.7642    11.7982   4.040944   4.044238     1.6801     1.3773      90.50   28.08142  -89.99784    0.00006    0.00008          2  0.000e+00
      43424   1809.292    348.031    350.660    11.7639    11.8099   4.040957   4.045346     1.6801     1.3773      90.50   28.08142  -89.99784    0.00005    0.00007          2  0.000e+00
      43425   1809.333    348.031    350.660    11.7684    11.8112   4.041073   4.045753     1.6801     1.3773      90.50   28.08142  -89.99784    0.00005    0.00006          2  0.000e+00
      43426   1809.375    347.970    350.599    11.7694    11.8094   4.041161   4.045567     1.6813     1.3773      90.53   28.08142  -89.99784    0.00006    0.00004          2  0.000e+00
      43427   1809.417    348.061    350.691    11.7682    11.7968   4.041229   4.044424     1.6801     1.3773      90.50   28.08142  -89.99784    0.00006    0.00003          2  0.000e+00
      43428   1809.458    347.970    350.599    11.7706    11.7821   4.041331   4.043096     1.6801     1.3773      90.50   28.08142  -89.99784    0.00005    0.00002          2  0.000e+00
      43429   1809.500    347.970    350.599    11.7717    11.7732   4.041331   4.042111     1.6801     1.3773      90.50   28.08142  -89.99784    0.00004    0.00001          2  0.000e+00
      43430   1809.542    348.084    350.714    11.7701    11.7707   4.041317   4.041623     1.6801     1.3773      90.50   28.08142  -89.99784    0.00004   -0.00001          2  0.000e+00
      43431   1809.583    347.955    350.584    11.7689    11.7714   4.041270   4.041643     1.6813     1.3773      90.53   28.08142  -89.99784    0.00005   -0.00002          2  0.000e+00
