Gulf of Mexico/GOMECC-4/1db/rb2103_0351.cnv
* Sea-Bird SBE 9 Data File:
* FileName = C:\Users\scs.user.rb\CTD\GOMECC4\data\rb2103_0351.hex
* Software Version Seasave V 7.26.7.107
* Temperature SN = 4799
* Conductivity SN = 3860
* Number of Bytes Per Scan = 41
* Number of Voltage Words = 4
* Number of Scans Averaged by the Deck Unit = 1
* NMEA Latitude = 28 42.06 N
* NMEA Longitude = 087 45.57 W
* NMEA UTC (Time) = Sep 24 2021  11:26:03
* NMEA baud rate = 4800
# nquan = 28
# nvalues = 622                         
# units = specified
# name 0 = scan: Scan Count
# name 1 = timeS: Time, Elapsed [seconds]
# name 2 = depSM: Depth [salt water, m]
# name 3 = prDM: Pressure, Digiquartz [db]
# name 4 = t090C: Temperature [ITS-90, deg C]
# name 5 = t190C: Temperature, 2 [ITS-90, deg C]
# name 6 = c0S/m: Conductivity [S/m]
# name 7 = c1S/m: Conductivity, 2 [S/m]
# name 8 = sbeox0V: Oxygen raw, SBE 43 [V]
# name 9 = sbeox1V: Oxygen raw, SBE 43, 2 [V]
# name 10 = altM: Altimeter [m]
# name 11 = latitude: Latitude [deg]
# name 12 = longitude: Longitude [deg]
# name 13 = sbox0dV/dT: Oxygen, SBE 43 [dov/dt]
# name 14 = sbox1dV/dT: Oxygen, SBE 43, 2 [dov/dt]
# name 15 = sbeox0ML/L: Oxygen, SBE 43 [ml/l], WS = 5
# name 16 = sbeox1ML/L: Oxygen, SBE 43, 2 [ml/l], WS = 5
# name 17 = potemp090C: Potential Temperature [ITS-90, deg C]
# name 18 = potemp190C: Potential Temperature, 2 [ITS-90, deg C]
# name 19 = sal00: Salinity, Practical [PSU]
# name 20 = sal11: Salinity, Practical, 2 [PSU]
# name 21 = sigma-é00: Density [sigma-theta, kg/m^3]
# name 22 = sigma-é11: Density, 2 [sigma-theta, kg/m^3]
# name 23 = avgsvCM: Average Sound Velocity [Chen-Millero, m/s], minP = 20, minS = 20
# name 24 = sbox0Mm/Kg: Oxygen, SBE 43 [umol/kg], WS = 5
# name 25 = sbox1Mm/Kg: Oxygen, SBE 43, 2 [umol/kg], WS = 5
# name 26 = nbin: number of scans per bin
# name 27 = flag: flag
# span 0 =      13875,     171459       
# span 1 =    578.065,   7144.063       
# span 2 =      1.987,   2248.531       
# span 3 =      2.000,   2276.000       
# span 4 =     4.2815,    29.8775       
# span 5 =     4.2823,    29.8795       
# span 6 =   3.345069,   5.960205       
# span 7 =   3.345017,   5.960637       
# span 8 =     1.6114,     3.1418       
# span 9 =     1.3150,     2.6712       
# span 10 =       9.36,     111.20      
# span 11 =   28.44295,   29.18345      
# span 12 =  -89.23285,  -86.96870      
# span 13 =   -0.07293,    0.05004      
# span 14 =   -0.06778,    0.04795      
# span 15 =     2.5579,     4.6986      
# span 16 =     2.5824,     4.7382      
# span 17 =     4.0955,    29.8711      
# span 18 =     4.0965,    29.8728      
# span 19 =    33.5232,    36.5682      
# span 20 =    33.5484,    36.5642      
# span 21 =    21.1751,    27.7552      
# span 22 =    21.1921,    27.7536      
# span 23 =       0.00,    1557.56      
# span 24 =    111.222,    204.175      
# span 25 =    112.285,    205.894      
# span 26 =         30,         70      
# span 27 = 0.0000e+00, 0.0000e+00      
# interval = decibars: 1                
# start_time = Sep 24 2021 11:26:03 [NMEA time, header]
# bad_flag = -9.990e-29
*END*
[from data line 259]
      73192   3049.611   2218.066   2245.000     4.2943     4.2953   3.375687   3.375638     1.8546     1.5417      42.13   28.70080  -87.76066   -0.00004   -0.00015     4.6955     4.7356     4.0975     4.0985    34.9726    34.9710    27.7542    27.7528    1496.85    204.038    205.779         31 0.0000e+00
      73224   3050.945   2219.049   2246.000     4.2943     4.2953   3.375733   3.375681     1.8542     1.5416      40.37   28.70080  -87.76066   -0.00032   -0.00013     4.6945     4.7358     4.0974     4.0984    34.9727    34.9710    27.7542    27.7528    1496.86    203.995    205.789         33 0.0000e+00
      73258   3052.375   2220.032   2247.000     4.2944     4.2954   3.375778   3.375724     1.8542     1.5416      39.76   28.70080  -87.76066   -0.00032   -0.00009     4.6950     4.7364     4.0974     4.0983    34.9726    34.9710    27.7542    27.7528    1496.86    204.018    205.814         35 0.0000e+00
      73292   3053.773   2221.014   2248.000     4.2942     4.2952   3.375805   3.375751     1.8543     1.5412      38.72   28.70081  -87.76066   -0.00001   -0.00011     4.6962     4.7353     4.0971     4.0981    34.9727    34.9710    27.7543    27.7528    1496.87    204.070    205.768         32 0.0000e+00
      73323   3055.077   2221.997   2249.000     4.2941     4.2950   3.375833   3.375774     1.8541     1.5410      37.86   28.70080  -87.76066    0.00001   -0.00018     4.6961     4.7351     4.0969     4.0978    34.9727    34.9711    27.7543    27.7529    1496.87    204.065    205.759         31 0.0000e+00
      73355   3056.430   2222.980   2250.000     4.2938     4.2948   3.375858   3.375801     1.8538     1.5409      36.72   28.70081  -87.76066   -0.00007   -0.00018     4.6953     4.7351     4.0965     4.0975    34.9728    34.9711    27.7544    27.7529    1496.87    204.029    205.759         34 0.0000e+00
      73390   3057.893   2223.963   2251.000     4.2937     4.2946   3.375885   3.375826     1.8534     1.5405      35.76   28.70082  -87.76066   -0.00026   -0.00017     4.6945     4.7342     4.0963     4.0972    34.9728    34.9711    27.7545    27.7530    1496.88    203.996    205.719         34 0.0000e+00
      73483   3061.760   2226.911   2254.000     4.2937     4.2947   3.375974   3.375922     1.8528     1.5398      32.83   28.70052  -87.75975   -0.00011   -0.00019     4.6938     4.7330     4.0960     4.0970    34.9725    34.9708    27.7542    27.7528    1496.87    203.966    205.665         39 0.0000e+00
      73523   3063.404   2227.894   2255.000     4.2939     4.2948   3.376063   3.376002     1.8525     1.5396      31.78   28.70082  -87.76066   -0.00018   -0.00025     4.6931     4.7325     4.0960     4.0970    34.9729    34.9712    27.7545    27.7531    1496.89    203.934    205.648         35 0.0000e+00
      73580   3065.800   2229.859   2257.000     4.2940     4.2949   3.376119   3.376063     1.8511     1.5388      29.96   28.70051  -87.75970   -0.00044   -0.00027     4.6886     4.7302     4.0960     4.0969    34.9724    34.9708    27.7542    27.7528    1496.88    203.739    205.546         31 0.0000e+00
      73615   3067.256   2230.842   2258.000     4.2941     4.2951   3.376201   3.376139     1.8511     1.5386      28.81   28.70082  -87.76066   -0.00033   -0.00026     4.6891     4.7296     4.0960     4.0969    34.9728    34.9711    27.7545    27.7530    1496.90    203.761    205.520         38 0.0000e+00
      73651   3068.759   2231.825   2259.000     4.2942     4.2952   3.376249   3.376192     1.8511     1.5383      27.86   28.70082  -87.76066   -0.00011   -0.00020     4.6896     4.7290     4.0960     4.0969    34.9728    34.9712    27.7545    27.7531    1496.90    203.783    205.495         32 0.0000e+00
      73681   3070.012   2232.808   2260.000     4.2942     4.2952   3.376294   3.376239     1.8510     1.5383      27.02   28.70082  -87.76066   -0.00002   -0.00015     4.6900     4.7297     4.0959     4.0969    34.9729    34.9712    27.7545    27.7531    1496.91    203.801    205.524         30 0.0000e+00
      73712   3071.297   2233.791   2261.000     4.2943     4.2953   3.376333   3.376283     1.8510     1.5383      26.01   28.70082  -87.76066    0.00002   -0.00005     4.6906     4.7304     4.0959     4.0968    34.9728    34.9712    27.7545    27.7531    1496.91    203.825    205.556         33 0.0000e+00
      73747   3072.737   2234.773   2262.000     4.2944     4.2954   3.376391   3.376333     1.8500     1.5380      24.98   28.70082  -87.76066   -0.00021   -0.00003     4.6871     4.7296     4.0959     4.0968    34.9729    34.9712    27.7545    27.7531    1496.92    203.674    205.522         34 0.0000e+00
      73779   3074.070   2235.756   2263.000     4.2944     4.2954   3.376423   3.376379     1.8498     1.5381      24.02   28.70082  -87.76066   -0.00042   -0.00007     4.6869     4.7306     4.0957     4.0968    34.9728    34.9712    27.7545    27.7532    1496.92    203.664    205.566         30 0.0000e+00
      73810   3075.358   2236.739   2264.000     4.2944     4.2954   3.376465   3.376417     1.8499     1.5376      23.00   28.70082  -87.76066   -0.00027   -0.00013     4.6876     4.7290     4.0956     4.0966    34.9729    34.9713    27.7546    27.7532    1496.92    203.696    205.493         33 0.0000e+00
      73844   3076.809   2237.722   2265.000     4.2945     4.2954   3.376515   3.376460     1.8498     1.5372      21.97   28.70082  -87.76066   -0.00003   -0.00021     4.6881     4.7279     4.0956     4.0966    34.9729    34.9712    27.7546    27.7532    1496.93    203.715    205.448         35 0.0000e+00
      73906   3079.369   2239.687   2267.000     4.2946     4.2955   3.376606   3.376549     1.8494     1.5361      20.05   28.70076  -87.76049   -0.00011   -0.00044     4.6875     4.7241     4.0955     4.0965    34.9729    34.9713    27.7546    27.7532    1496.93    203.691    205.280         31 0.0000e+00
      73940   3080.810   2240.670   2268.000     4.2948     4.2958   3.376660   3.376603     1.8487     1.5360      19.02   28.70082  -87.76066   -0.00025   -0.00031     4.6853     4.7241     4.0956     4.0966    34.9729    34.9712    27.7546    27.7531    1496.94    203.594    205.281         38 0.0000e+00
      73977   3082.346   2241.652   2269.000     4.2949     4.2959   3.376710   3.376657     1.8485     1.5358      18.02   28.70082  -87.76066   -0.00037   -0.00010     4.6848     4.7239     4.0956     4.0966    34.9729    34.9712    27.7546    27.7531    1496.94    203.574    205.272         33 0.0000e+00
      74037   3084.817   2243.618   2271.000     4.2950     4.2960   3.376789   3.376734     1.8481     1.5351      16.12   28.70067  -87.76019   -0.00011   -0.00023     4.6844     4.7219     4.0955     4.0965    34.9727    34.9710    27.7545    27.7530    1496.94    203.558    205.185         31 0.0000e+00
      75518   3146.540   2245.583   2273.000     4.2953     4.2964   3.376974   3.376909     1.8466     1.5335      13.10   28.70150  -87.76266    0.00006   -0.00002     4.6792     4.7159     4.0956     4.0967    34.9737    34.9718    27.7552    27.7536    1496.99    203.330    204.924         43 0.0000e+00
      75759   3156.570   2246.566   2274.000     4.2953     4.2964   3.376939   3.376884     1.8462     1.5334      12.01   28.70087  -87.76070 -8.432e-07   -0.00004     4.6785     4.7161     4.0955     4.0965    34.9728    34.9711    27.7545    27.7531    1496.96    203.301    204.935         41 0.0000e+00
      75916   3163.136   2247.549   2275.000     4.2954     4.2965   3.376992   3.376933     1.8462     1.5330      10.97   28.70088  -87.76070   -0.00002   -0.00008     4.6789     4.7147     4.0955     4.0966    34.9728    34.9711    27.7546    27.7530    1496.96    203.317    204.874         48 0.0000e+00
      77337   3222.322   2248.531   2276.000     4.2961     4.2969   3.377078   3.377002     1.8451     1.5325      11.07   28.70088  -87.76072   -0.00005    0.00000     4.6750     4.7131     4.0960     4.0968    34.9727    34.9710    27.7544    27.7530    1496.97    203.148    204.802         69 0.0000e+00
      77861   3244.162   2247.549   2275.000     4.2960     4.2971   3.377039   3.376979     1.8454     1.5325      28.95   28.70086  -87.76072    0.00019    0.00006     4.6756     4.7123     4.0961     4.0972    34.9727    34.9709    27.7544    27.7528    1496.97    203.172    204.769         40 0.0000e+00
      77914   3246.391   2246.566   2274.000     4.2960     4.2972   3.376989   3.376952     1.8458     1.5325       9.36   28.70086  -87.76072    0.00036    0.00004     4.6766     4.7118     4.0962     4.0973    34.9726    34.9710    27.7543    27.7529    1496.97    203.218    204.745         31 0.0000e+00
      78391   3266.258   2228.877   2256.000     4.2938     4.2948   3.376067   3.376016     1.8486     1.5352      28.15   28.70075  -87.76036    0.00009    0.00015     4.6776     4.7135     4.0959     4.0968    34.9725    34.9709    27.7542    27.7529    1496.96    203.259    204.819         30 0.0000e+00
      79371   3307.076   2192.511   2219.000     4.2933     4.2943   3.374573   3.374509     1.8566     1.5419      64.22   28.70115  -87.76158    0.00022    0.00006     4.6882     4.7207     4.0992     4.1002    34.9727    34.9710    27.7541    27.7526    1496.99    203.720    205.132         31 0.0000e+00
      79401   3308.327   2191.528   2218.000     4.2933     4.2942   3.374502   3.374439     1.8566     1.5420      65.41   28.70086  -87.76068    0.00022    0.00007     4.6877     4.7205     4.0993     4.1002    34.9723    34.9706    27.7537    27.7523    1496.97    203.699    205.126         30 0.0000e+00
      79904   3329.309   2172.851   2199.000     4.2922     4.2932   3.373629   3.373559     1.8588     1.5448      83.86   28.70066  -87.76007   -0.00006    0.00012     4.6852     4.7215     4.1002     4.1011    34.9720    34.9702    27.7534    27.7519    1496.96    203.591    205.169         33 0.0000e+00
      80012   3333.807   2168.919   2195.000     4.2920     4.2929   3.373478   3.373413     1.8596     1.5455      87.72   28.70101  -87.76111    0.00008    0.00013     4.6864     4.7222     4.1004     4.1012    34.9724    34.9707    27.7537    27.7523    1496.98    203.642    205.198         33 0.0000e+00
      80117   3338.174   2164.987   2191.000     4.2916     4.2926   3.373322   3.373259     1.8607     1.5458      92.02   28.70130  -87.76200    0.00034    0.00005     4.6881     4.7213     4.1005     4.1014    34.9728    34.9710    27.7540    27.7525    1496.99    203.719    205.160         31 0.0000e+00
      80148   3339.444   2164.004   2190.000     4.2917     4.2925   3.373229   3.373160     1.8606     1.5458      92.99   28.70088  -87.76070    0.00025    0.00001     4.6874     4.7208     4.1006     4.1015    34.9721    34.9704    27.7534    27.7520    1496.97    203.686    205.139         31 0.0000e+00
      80252   3343.804   2160.072   2186.000     4.2912     4.2922   3.373049   3.372981     1.8610     1.5470      98.20   28.70098  -87.76102    0.00005    0.00025     4.6868     4.7236     4.1005     4.1015    34.9724    34.9706    27.7537    27.7521    1496.98    203.658    205.260         31 0.0000e+00
      80356   3348.123   2156.139   2182.000     4.2910     4.2919   3.372866   3.372808     1.8612     1.5470     100.00   28.70105  -87.76121 6.6771e-07   -0.00001     4.6849     4.7212     4.1007     4.1016    34.9723    34.9707    27.7536    27.7522    1496.98    203.579    205.155         30 0.0000e+00
      80386   3349.369   2155.156   2181.000     4.2910     4.2919   3.372808   3.372743     1.8614     1.5470     100.00   28.70088  -87.76070   -0.00002    0.00000     4.6854     4.7207     4.1008     4.1017    34.9721    34.9704    27.7534    27.7519    1496.97    203.600    205.135         30 0.0000e+00
      80491   3353.731   2151.224   2177.000     4.2908     4.2917   3.372637   3.372580     1.8625     1.5482     100.00   28.70089  -87.76074    0.00025    0.00033     4.6875     4.7235     4.1011     4.1019    34.9721    34.9706    27.7534    27.7521    1496.97    203.689    205.254         30 0.0000e+00
      80623   3359.268   2146.308   2172.000     4.2904     4.2914   3.372410   3.372338     1.8632     1.5482      98.62   28.70087  -87.76062    0.00021   -0.00002     4.6874     4.7206     4.1012     4.1021    34.9722    34.9704    27.7534    27.7519    1496.97    203.686    205.131         30 0.0000e+00
      80757   3364.816   2141.392   2167.000     4.2903     4.2913   3.372214   3.372156     1.8641     1.5493     100.00   28.70111  -87.76135    0.00027    0.00021     4.6877     4.7223     4.1016     4.1025    34.9724    34.9707    27.7536    27.7521    1496.98    203.698    205.204         31 0.0000e+00
      80788   3366.118   2140.409   2166.000     4.2903     4.2913   3.372145   3.372096     1.8640     1.5495      93.79   28.70090  -87.76072    0.00023    0.00028     4.6870     4.7226     4.1017     4.1027    34.9720    34.9704    27.7532    27.7519    1496.97    203.670    205.214         30 0.0000e+00
      80889   3370.334   2136.476   2162.000     4.2901     4.2910   3.371976   3.371920     1.8651     1.5496      97.86   28.70090  -87.76073    0.00025    0.00003     4.6889     4.7207     4.1020     4.1028    34.9721    34.9705    27.7533    27.7519    1496.97    203.753    205.132         31 0.0000e+00
      81396   3391.451   2117.795   2143.000     4.2887     4.2896   3.371125   3.371051     1.8669     1.5528     100.00   28.70121  -87.76160   -0.00002    0.00025     4.6849     4.7235     4.1025     4.1034    34.9725    34.9707    27.7535    27.7520    1496.99    203.576    205.255         31 0.0000e+00
      81426   3392.717   2116.811   2142.000     4.2888     4.2896   3.371048   3.370985     1.8673     1.5527     100.00   28.70092  -87.76070    0.00005   -0.00005     4.6862     4.7224     4.1026     4.1035    34.9720    34.9703    27.7531    27.7517    1496.97    203.633    205.209         30 0.0000e+00
      81930   3413.711   2098.128   2123.000     4.2874     4.2884   3.370157   3.370106     1.8705     1.5554     100.00   28.70077  -87.76023    0.00012    0.00018     4.6877     4.7228     4.1033     4.1042    34.9718    34.9702    27.7529    27.7515    1496.96    203.700    205.226         30 0.0000e+00
      82463   3435.896   2078.460   2103.000     4.2861     4.2871   3.369295   3.369230     1.8721     1.5575     100.00   28.70129  -87.76181   -0.00003   -0.00004     4.6822     4.7197     4.1040     4.1050    34.9724    34.9707    27.7533    27.7518    1496.99    203.460    205.091         30 0.0000e+00
      82492   3437.125   2077.476   2102.000     4.2861     4.2869   3.369209   3.369149     1.8727     1.5575     100.00   28.70094  -87.76072   -0.00014   -0.00007     4.6841     4.7193     4.1041     4.1049    34.9719    34.9704    27.7529    27.7516    1496.97    203.545    205.074         31 0.0000e+00
      82623   3442.570   2072.559   2097.000     4.2858     4.2865   3.368967   3.368895     1.8735     1.5581     100.00   28.70083  -87.76038    0.00021    0.00021     4.6842     4.7188     4.1043     4.1050    34.9718    34.9701    27.7528    27.7514    1496.96    203.545    205.052         33 0.0000e+00
      82757   3448.174   2067.641   2092.000     4.2854     4.2863   3.368730   3.368676     1.8742     1.5590     100.00   28.70083  -87.76037    0.00040    0.00017     4.6840     4.7200     4.1044     4.1053    34.9717    34.9701    27.7527    27.7514    1496.96    203.539    205.104         30 0.0000e+00
      83584   3482.624   2037.150   2061.000     4.2846     4.2856   3.367424   3.367370     1.8781     1.5629     100.00   28.70095  -87.76073   -0.00000    0.00018     4.6812     4.7181     4.1067     4.1077    34.9718    34.9701    27.7525    27.7511    1496.97    203.416    205.022         31 0.0000e+00
