Gulf of Mexico/GOMECC-4/1db/rb2103_0201.ros
* Sea-Bird SBE 9 Data File:
* FileName = C:\Users\scs.user.rb\CTD\GOMECC4\data\rb2103_0201.hex
* Software Version Seasave V 7.26.7.107
* Temperature SN = 4799
* Conductivity SN = 3860
* Number of Bytes Per Scan = 41
* Number of Voltage Words = 4
* Number of Scans Averaged by the Deck Unit = 1
* NMEA Latitude = 29 22.66 N
* NMEA Longitude = 085 30.54 W
* NMEA UTC (Time) = Sep 20 2021  19:24:08
* NMEA baud rate = 4800
# nquan = 17
# nvalues = 399                                   
# units = specified
# name 0 = scan: Scan Count
# name 1 = timeS: Time, Elapsed [seconds]
# name 2 = depSM: Depth [salt water, m]
# name 3 = prDM: Pressure, Digiquartz [db]
# name 4 = t090C: Temperature [ITS-90, deg C]
# name 5 = t190C: Temperature, 2 [ITS-90, deg C]
# name 6 = c0S/m: Conductivity [S/m]
# name 7 = c1S/m: Conductivity, 2 [S/m]
# name 8 = sbeox0V: Oxygen raw, SBE 43 [V]
# name 9 = sbeox1V: Oxygen raw, SBE 43, 2 [V]
# name 10 = altM: Altimeter [m]
# name 11 = latitude: Latitude [deg]
# name 12 = longitude: Longitude [deg]
# name 13 = sbox0dV/dT: Oxygen, SBE 43 [dov/dt]
# name 14 = sbox1dV/dT: Oxygen, SBE 43, 2 [dov/dt]
# name 15 = nbf: Bottles Fired
# name 16 = flag:  0.000e+00
# interval = seconds: 0.0416667
# start_time = Sep 20 2021 19:24:08 [NMEA time, header]
# bad_flag = -9.990e-29
*END*
      13100    545.792     23.501     23.662    28.7189    28.7156   5.644645   5.644491     2.7033     2.2808      10.06   29.37788  -85.50828   -0.00002    0.00059          1  0.000e+00
      13101    545.833     24.060     24.225    28.7193    28.7152   5.644646   5.644523     2.7033     2.2808      10.06   29.37788  -85.50828    0.00001    0.00059          1  0.000e+00
      13102    545.875     23.947     24.111    28.7196    28.7156   5.644614   5.644539     2.7021     2.2808      10.06   29.37788  -85.50828    0.00003    0.00058          1  0.000e+00
      13103    545.917     23.728     23.890    28.7198    28.7161   5.644638   5.644579     2.7021     2.2808      10.06   29.37788  -85.50828    0.00005    0.00057          1  0.000e+00
      13104    545.958     23.924     24.088    28.7200    28.7166   5.644677   5.644587     2.7021     2.2808      10.06   29.37788  -85.50828    0.00007    0.00058          1  0.000e+00
      13105    546.000     23.894     24.058    28.7201    28.7163   5.644661   5.644547     2.7021     2.2808      10.04   29.37788  -85.50828    0.00009    0.00059          1  0.000e+00
      13106    546.042     23.780     23.944    28.7202    28.7160   5.644606   5.644579     2.7021     2.2808       9.99   29.37788  -85.50828    0.00009    0.00060          1  0.000e+00
      13107    546.083     23.841     24.004    28.7202    28.7158   5.644638   5.644587     2.7021     2.2808       9.99   29.37788  -85.50828    0.00009    0.00059          1  0.000e+00
      13108    546.125     23.894     24.058    28.7200    28.7156   5.644614   5.644618     2.7021     2.2796       9.99   29.37788  -85.50828    0.00010    0.00058          1  0.000e+00
      13109    546.167     23.841     24.004    28.7198    28.7156   5.644599   5.644594     2.7021     2.2796       9.99   29.37788  -85.50828    0.00010    0.00057          1  0.000e+00
      13110    546.208     23.811     23.974    28.7198    28.7156   5.644599   5.644626     2.7021     2.2796       9.99   29.37788  -85.50828    0.00011    0.00056          1  0.000e+00
      13111    546.250     23.841     24.004    28.7198    28.7156   5.644599   5.644634     2.7021     2.2796       9.99   29.37788  -85.50828    0.00010    0.00055          1  0.000e+00
      13112    546.292     23.841     24.004    28.7195    28.7158   5.644638   5.644697     2.7009     2.2796      10.01   29.37788  -85.50828    0.00007    0.00054          1  0.000e+00
      13113    546.333     23.894     24.058    28.7195    28.7160   5.644614   5.644721     2.7021     2.2796       9.99   29.37788  -85.50828    0.00006    0.00053          1  0.000e+00
      13114    546.375     23.780     23.944    28.7198    28.7160   5.644630   5.644697     2.7021     2.2796       9.99   29.37788  -85.50828    0.00005    0.00052          1  0.000e+00
      13115    546.417     23.841     24.004    28.7196    28.7161   5.644614   5.644713     2.7021     2.2796       9.99   29.37788  -85.50828    0.00004    0.00051          1  0.000e+00
      13116    546.458     23.811     23.974    28.7196    28.7166   5.644560   5.644721     2.7021     2.2796       9.99   29.37788  -85.50828    0.00003    0.00050          1  0.000e+00
      13117    546.500     23.841     24.004    28.7198    28.7171   5.644622   5.644721     2.7021     2.2796       9.99   29.37788  -85.50828    0.00003    0.00049          1  0.000e+00
      13118    546.542     23.841     24.004    28.7198    28.7171   5.644607   5.644697     2.7021     2.2784       9.99   29.37788  -85.50828    0.00002    0.00046          1  0.000e+00
      13119    546.583     23.841     24.004    28.7200    28.7172   5.644638   5.644745     2.7033     2.2784       9.99   29.37788  -85.50828    0.00005    0.00044          1  0.000e+00
      13120    546.625     23.841     24.004    28.7200    28.7182   5.644614   5.644729     2.7033     2.2784       9.99   29.37788  -85.50828    0.00007    0.00043          1  0.000e+00
      13121    546.667     23.780     23.944    28.7200    28.7187   5.644630   5.644768     2.7033     2.2784       9.99   29.37788  -85.50828    0.00010    0.00042          1  0.000e+00
      13122    546.708     23.811     23.974    28.7200    28.7186   5.644614   5.644768     2.7033     2.2784       9.99   29.37788  -85.50828    0.00011    0.00040          1  0.000e+00
      13123    546.750     23.841     24.004    28.7200    28.7185   5.644560   5.644800     2.7033     2.2784       9.99   29.37788  -85.50828    0.00012    0.00037          1  0.000e+00
      13124    546.792     23.780     23.944    28.7204    28.7188   5.644552   5.644816     2.7045     2.2784      10.01   29.37788  -85.50828    0.00015    0.00036          1  0.000e+00
      13125    546.833     23.841     24.004    28.7209    28.7183   5.644521   5.644824     2.7033     2.2784       9.99   29.37788  -85.50828    0.00016    0.00034          1  0.000e+00
      13126    546.875     23.841     24.004    28.7205    28.7182   5.644536   5.644784     2.7033     2.2784      10.01   29.37788  -85.50828    0.00017    0.00032          1  0.000e+00
      13127    546.917     23.780     23.944    28.7213    28.7185   5.644552   5.644729     2.7045     2.2784       9.99   29.37788  -85.50828    0.00020    0.00029          1  0.000e+00
      13128    546.958     23.811     23.974    28.7213    28.7184   5.644482   5.644752     2.7045     2.2784       9.99   29.37788  -85.50828    0.00023    0.00027          1  0.000e+00
      13129    547.000     23.780     23.944    28.7211    28.7183   5.644497   5.644776     2.7045     2.2784      10.01   29.37788  -85.50828    0.00026    0.00025          1  0.000e+00
      13130    547.042     23.841     24.004    28.7211    28.7180   5.644443   5.644768     2.7045     2.2784      10.04   29.37788  -85.50828    0.00028    0.00023          1  0.000e+00
      13131    547.083     23.780     23.944    28.7211    28.7180   5.644482   5.644768     2.7045     2.2772      10.04   29.37788  -85.50828    0.00031    0.00019          1  0.000e+00
      13132    547.125     23.780     23.944    28.7211    28.7182   5.644505   5.644816     2.7033     2.2784      10.04   29.37788  -85.50828    0.00032    0.00017          1  0.000e+00
      13133    547.167     23.780     23.944    28.7213    28.7185   5.644466   5.644855     2.7033     2.2784      10.04   29.37788  -85.50828    0.00031    0.00013          1  0.000e+00
      13134    547.208     23.811     23.974    28.7211    28.7192   5.644388   5.644863     2.7045     2.2772      10.04   29.37788  -85.50828    0.00032    0.00007          1  0.000e+00
      13135    547.250     23.780     23.944    28.7213    28.7195   5.644372   5.644863     2.7045     2.2772      10.04   29.37788  -85.50828    0.00033    0.00002          1  0.000e+00
      13136    547.292     23.780     23.944    28.7218    28.7201   5.644326   5.644903     2.7045     2.2772      10.04   29.37788  -85.50828    0.00033   -0.00004          1  0.000e+00
      13137    547.333     23.780     23.944    28.7220    28.7202   5.644318   5.644942     2.7045     2.2772      10.04   29.37788  -85.50828    0.00034   -0.00009          1  0.000e+00
      13138    547.375     23.780     23.944    28.7218    28.7206   5.644349   5.644958     2.7045     2.2759      10.04   29.37788  -85.50828    0.00034   -0.00016          1  0.000e+00
      13139    547.417     23.758     23.921    28.7216    28.7209   5.644294   5.644990     2.7045     2.2759      10.04   29.37788  -85.50828    0.00033   -0.00024          1  0.000e+00
      13140    547.458     23.841     24.004    28.7215    28.7208   5.644310   5.644974     2.7045     2.2759      10.04   29.37788  -85.50828    0.00032   -0.00031          1  0.000e+00
      13141    547.500     23.780     23.944    28.7216    28.7209   5.644349   5.644958     2.7045     2.2759      10.04   29.37788  -85.50828    0.00030   -0.00038          1  0.000e+00
      13142    547.542     23.728     23.890    28.7220    28.7210   5.644365   5.644958     2.7045     2.2759      10.04   29.37788  -85.50828    0.00028   -0.00044          1  0.000e+00
      13143    547.583     23.841     24.004    28.7222    28.7211   5.644326   5.644958     2.7045     2.2759      10.04   29.37788  -85.50828    0.00028   -0.00051          1  0.000e+00
      13144    547.625     23.780     23.944    28.7222    28.7212   5.644248   5.644990     2.7045     2.2759      10.04   29.37788  -85.50828    0.00028   -0.00058          1  0.000e+00
      13145    547.667     23.758     23.921    28.7222    28.7213   5.644232   5.644966     2.7045     2.2759      10.04   29.37788  -85.50828    0.00028   -0.00065          1  0.000e+00
      13146    547.708     23.780     23.944    28.7223    28.7215   5.644224   5.644990     2.7057     2.2759      10.04   29.37788  -85.50828    0.00030   -0.00070          1  0.000e+00
      13147    547.750     23.780     23.944    28.7222    28.7216   5.644154   5.644974     2.7057     2.2759      10.04   29.37788  -85.50828    0.00031   -0.00074          1  0.000e+00
      13148    547.792     23.780     23.944    28.7224    28.7213   5.644131   5.644958     2.7057     2.2759      10.04   29.37788  -85.50828    0.00034   -0.00079          1  0.000e+00
      13149    547.833     23.841     24.004    28.7226    28.7214   5.644060   5.644958     2.7057     2.2759      10.04   29.37788  -85.50828    0.00038   -0.00083          1  0.000e+00
      13150    547.875     23.780     23.944    28.7229    28.7211   5.644076   5.644998     2.7057     2.2759      10.04   29.37788  -85.50828    0.00041   -0.00088          1  0.000e+00
      13151    547.917     23.758     23.921    28.7233    28.7210   5.643975   5.644966     2.7045     2.2759      10.04   29.37788  -85.50828    0.00042   -0.00092          1  0.000e+00
      13152    547.958     23.841     24.004    28.7237    28.7208   5.643951   5.644990     2.7045     2.2772      10.04   29.37788  -85.50828    0.00043   -0.00093          1  0.000e+00
      13153    548.000     23.728     23.890    28.7242    28.7206   5.643912   5.645005     2.7045     2.2772      10.04   29.37788  -85.50828    0.00044   -0.00095          1  0.000e+00
      13154    548.042     23.841     24.004    28.7247    28.7204   5.643873   5.645005     2.7045     2.2772      10.06   29.37788  -85.50828    0.00045   -0.00097          1  0.000e+00
      13155    548.083     23.780     23.944    28.7251    28.7203   5.643865   5.644966     2.7045     2.2772      10.06   29.37788  -85.50828    0.00046   -0.00100          1  0.000e+00
      13156    548.125     23.780     23.944    28.7242    28.7204   5.643920   5.644990     2.7045     2.2772      10.06   29.37788  -85.50828    0.00047   -0.00102          1  0.000e+00
      13157    548.167     23.811     23.974    28.7237    28.7206   5.644014   5.644895     2.7045     2.2772      10.06   29.37788  -85.50828    0.00044   -0.00104          1  0.000e+00
      13158    548.208     23.841     24.004    28.7229    28.7209   5.644076   5.644863     2.7045     2.2772      10.06   29.37788  -85.50828    0.00044   -0.00106          1  0.000e+00
      13159    548.250     23.780     23.944    28.7228    28.7219   5.644154   5.644752     2.7033     2.2772      10.06   29.37788  -85.50828    0.00041   -0.00108          1  0.000e+00
      13160    548.292     23.841     24.004    28.7222    28.7226   5.644248   5.644721     2.7045     2.2784      10.09   29.37788  -85.50828    0.00040   -0.00108          1  0.000e+00
      13161    548.333     23.841     24.004    28.7225    28.7225   5.644271   5.644658     2.7033     2.2784      10.06   29.37788  -85.50828    0.00037   -0.00108          1  0.000e+00
      13162    548.375     23.780     23.944    28.7222    28.7222   5.644240   5.644634     2.7033     2.2784      10.06   29.37788  -85.50828    0.00034   -0.00108          1  0.000e+00
      13163    548.417     23.811     23.974    28.7220    28.7219   5.644232   5.644594     2.7033     2.2784      10.06   29.37788  -85.50828    0.00029   -0.00110          1  0.000e+00
      13164    548.458     23.841     24.004    28.7213    28.7222   5.644326   5.644586     2.7033     2.2784      10.06   29.37788  -85.50828    0.00026   -0.00110          1  0.000e+00
      13165    548.500     23.780     23.944    28.7211    28.7228   5.644333   5.644586     2.7033     2.2784      10.06   29.37788  -85.50828    0.00023   -0.00112          1  0.000e+00
      13166    548.542     23.841     24.004    28.7207    28.7221   5.644349   5.644586     2.7033     2.2784      10.06   29.37788  -85.50828    0.00020   -0.00113          1  0.000e+00
      13167    548.583     23.841     24.004    28.7209    28.7224   5.644365   5.644547     2.7033     2.2784      10.06   29.37788  -85.50828    0.00017   -0.00115          1  0.000e+00
      13168    548.625     23.780     23.944    28.7205    28.7227   5.644404   5.644539     2.7021     2.2784      10.06   29.37788  -85.50828    0.00014   -0.00117          1  0.000e+00
      13169    548.667     23.864     24.027    28.7203    28.7232   5.644373   5.644539     2.7033     2.2784      10.06   29.37788  -85.50828    0.00013   -0.00119          1  0.000e+00
      13170    548.708     23.841     24.004    28.7202    28.7230   5.644333   5.644539     2.7021     2.2784      10.06   29.37788  -85.50828    0.00010   -0.00120          1  0.000e+00
      13171    548.750     23.841     24.004    28.7207    28.7232   5.644318   5.644571     2.7033     2.2784      10.06   29.37788  -85.50828    0.00009   -0.00122          1  0.000e+00
      13172    548.792     23.841     24.004    28.7209    28.7234   5.644287   5.644515     2.7033     2.2796      10.06   29.37788  -85.50828    0.00007   -0.00122          1  0.000e+00
      13173    548.833     23.841     24.004    28.7211    28.7226   5.644279   5.644531     2.7021     2.2796      10.06   29.37788  -85.50828    0.00004   -0.00122          1  0.000e+00
      13174    548.875     23.841     24.004    28.7215    28.7223   5.644201   5.644468     2.7021     2.2796      10.06   29.37788  -85.50828    0.00003   -0.00121          1  0.000e+00
      13175    548.917     23.864     24.027    28.7215    28.7228   5.644177   5.644373     2.7033     2.2796      10.06   29.37788  -85.50828    0.00002   -0.00121          1  0.000e+00
      13176    548.958     23.841     24.004    28.7202    28.7232   5.644209   5.644286     2.7021     2.2796      10.06   29.37788  -85.50828   -0.00001   -0.00121          1  0.000e+00
      13177    549.000     23.780     23.944    28.7187    28.7226   5.644193   5.644223     2.7021     2.2796      10.04   29.37788  -85.50828   -0.00002   -0.00119          1  0.000e+00
      13178    549.042     23.894     24.058    28.7176    28.7203   5.644185   5.644073     2.7021     2.2796      10.01   29.37788  -85.50828   -0.00005   -0.00118          1  0.000e+00
      13179    549.083     23.841     24.004    28.7167    28.7154   5.644178   5.644128     2.7021     2.2796       9.99   29.37788  -85.50828   -0.00006   -0.00116          1  0.000e+00
      13180    549.125     23.864     24.027    28.7160    28.7104   5.644178   5.644207     2.7021     2.2796      10.01   29.37788  -85.50828   -0.00007   -0.00113          1  0.000e+00
      13181    549.167     23.841     24.004    28.7154    28.7075   5.644139   5.644247     2.7021     2.2796       9.99   29.37788  -85.50828   -0.00008   -0.00109          1  0.000e+00
      13182    549.208     23.841     24.004    28.7160    28.7045   5.644131   5.644294     2.7021     2.2796      10.01   29.37788  -85.50828   -0.00008   -0.00106          1  0.000e+00
      13183    549.250     23.894     24.058    28.7174    28.7034   5.644139   5.644334     2.7021     2.2796      10.01   29.37788  -85.50828   -0.00009   -0.00100          1  0.000e+00
      13184    549.292     23.841     24.004    28.7145    28.7027   5.644092   5.644357     2.7021     2.2796       9.99   29.37788  -85.50828   -0.00010   -0.00095          1  0.000e+00
