Gulf of Mexico/GOMECC-4/1db/rb2103_1031.cnv
* Sea-Bird SBE 9 Data File:
* FileName = C:\Users\scs.user.rb\CTD\GOMECC4\data\rb2103_1031.hex
* Software Version Seasave V 7.26.7.107
* Temperature SN = 4799
* Conductivity SN = 3860
* Number of Bytes Per Scan = 41
* Number of Voltage Words = 4
* Number of Scans Averaged by the Deck Unit = 1
* NMEA Latitude = 24 23.15 N
* NMEA Longitude = 088 00.13 W
* NMEA UTC (Time) = Oct 13 2021  03:19:12
* NMEA baud rate = 4800
# nquan = 28
# nvalues = 353                         
# units = specified
# name 0 = scan: Scan Count
# name 1 = timeS: Time, Elapsed [seconds]
# name 2 = depSM: Depth [salt water, m]
# name 3 = prDM: Pressure, Digiquartz [db]
# name 4 = t090C: Temperature [ITS-90, deg C]
# name 5 = t190C: Temperature, 2 [ITS-90, deg C]
# name 6 = c0S/m: Conductivity [S/m]
# name 7 = c1S/m: Conductivity, 2 [S/m]
# name 8 = sbeox0V: Oxygen raw, SBE 43 [V]
# name 9 = sbeox1V: Oxygen raw, SBE 43, 2 [V]
# name 10 = altM: Altimeter [m]
# name 11 = latitude: Latitude [deg]
# name 12 = longitude: Longitude [deg]
# name 13 = sbox0dV/dT: Oxygen, SBE 43 [dov/dt]
# name 14 = sbox1dV/dT: Oxygen, SBE 43, 2 [dov/dt]
# name 15 = sbeox0ML/L: Oxygen, SBE 43 [ml/l], WS = 5
# name 16 = sbeox1ML/L: Oxygen, SBE 43, 2 [ml/l], WS = 5
# name 17 = potemp090C: Potential Temperature [ITS-90, deg C]
# name 18 = potemp190C: Potential Temperature, 2 [ITS-90, deg C]
# name 19 = sal00: Salinity, Practical [PSU]
# name 20 = sal11: Salinity, Practical, 2 [PSU]
# name 21 = sigma-é00: Density [sigma-theta, kg/m^3]
# name 22 = sigma-é11: Density, 2 [sigma-theta, kg/m^3]
# name 23 = avgsvCM: Average Sound Velocity [Chen-Millero, m/s], minP = 20, minS = 20
# name 24 = sbox0Mm/Kg: Oxygen, SBE 43 [umol/kg], WS = 5
# name 25 = sbox1Mm/Kg: Oxygen, SBE 43, 2 [umol/kg], WS = 5
# name 26 = nbin: number of scans per bin
# name 27 = flag: flag
# span 0 =      22014,     102726       
# span 1 =    917.213,   4280.193       
# span 2 =      0.994,    518.012       
# span 3 =      1.000,    522.000       
# span 4 =     7.8213,    30.2256       
# span 5 =     7.8227,    30.2269       
# span 6 =   3.623567,   6.118056       
# span 7 =   3.623656,   6.118382       
# span 8 =     1.6400,     3.2341       
# span 9 =     1.3386,     2.7360       
# span 10 =      12.12,     103.16      
# span 11 =   24.26381,   25.15568      
# span 12 =  -90.76244,  -87.54659      
# span 13 =   -0.03293,    0.02690      
# span 14 =   -0.03161,    0.02705      
# span 15 =     2.6961,     4.6627      
# span 16 =     2.7122,     4.6740      
# span 17 =     7.7682,    30.2248      
# span 18 =     7.7696,    30.2262      
# span 19 =    34.9448,    37.2990      
# span 20 =    34.9447,    37.3002      
# span 21 =    21.9801,    27.2715      
# span 22 =    22.1119,    27.2710      
# span 23 =       0.00,    1557.88      
# span 24 =    117.227,    203.196      
# span 25 =    117.927,    203.688      
# span 26 =         30,         74      
# span 27 = 0.0000e+00, 0.0000e+00      
# interval = decibars: 1                
# start_time = Oct 13 2021 03:19:12 [NMEA time, header]
# bad_flag = -9.990e-29
*END*
[from data line 156]
      28695   1195.586    172.815    174.000    16.1129    16.1134   4.538637   4.538824     2.0931     1.7490     100.00   24.38964  -88.00770   -0.00244   -0.00233     3.2267     3.2463    16.0850    16.0855    36.1526    36.1537    26.6150    26.6157    1532.78    140.369    141.221         30 0.0000e+00
      28724   1196.799    173.808    175.000    16.0980    16.0977   4.536864   4.536962     2.0908     1.7456     100.00   24.38964  -88.00770   -0.00205   -0.00175     3.2228     3.2395    16.0699    16.0697    36.1499    36.1510    26.6164    26.6173    1532.68    140.200    140.925         30 0.0000e+00
      28755   1198.091    174.801    176.000    16.0663    16.0671   4.533090   4.533326     2.0885     1.7436     100.00   24.38964  -88.00770   -0.00192   -0.00188     3.2199     3.2365    16.0381    16.0389    36.1446    36.1460    26.6197    26.6206    1532.57    140.072    140.795         32 0.0000e+00
      28788   1199.461    175.794    177.000    16.0266    16.0265   4.528401   4.528505     2.0858     1.7417     100.00   24.38965  -88.00770   -0.00186   -0.00182     3.2173     3.2355    15.9984    15.9982    36.1384    36.1394    26.6241    26.6249    1532.47    139.957    140.752         32 0.0000e+00
      28879   1203.248    178.772    180.000    15.9165    15.9147   4.515394   4.515223     2.0764     1.7332     100.00   24.39003  -88.00906   -0.00256   -0.00220     3.2038     3.2220    15.8879    15.8861    36.1212    36.1213    26.6363    26.6368    1532.18    139.372    140.160         34 0.0000e+00
      28912   1204.612    179.765    181.000    15.8991    15.8927   4.513234   4.512622     2.0744     1.7296     100.00   24.38966  -88.00773   -0.00226   -0.00224     3.2009     3.2145    15.8703    15.8639    36.1171    36.1174    26.6372    26.6389    1532.05    139.241    139.834         31 0.0000e+00
      28967   1206.930    181.751    183.000    15.7596    15.7586   4.496244   4.496254     2.0688     1.7240      99.99   24.38782  -88.00110   -0.00179   -0.00244     3.1983     3.2100    15.7307    15.7297    36.0902    36.0912    26.6483    26.6493    1531.72    139.128    139.638         30 0.0000e+00
      29002   1208.359    182.743    184.000    15.4263    15.4198   4.456686   4.455051     2.0595     1.7168     100.00   24.38968  -88.00774   -0.00318   -0.00279     3.1998     3.2129    15.3977    15.3915    36.0386    36.0384    26.6841    26.6876    1531.74    139.191    139.758         35 0.0000e+00
      29035   1209.762    183.736    185.000    15.2726    15.2740   4.438490   4.438848     2.0463     1.7032     100.00   24.38968  -88.00774   -0.00650   -0.00568     3.1805     3.1901    15.2441    15.2454    36.0137    36.0156    26.6995    26.7007    1531.63    138.349    138.765         31 0.0000e+00
      29122   1213.364    186.714    188.000    14.9830    14.9755   4.404190   4.403436     2.0134     1.6705      99.99   24.38820  -88.00241   -0.00889   -0.00893     3.1235     3.1259    14.9544    14.9468    35.9657    35.9657    26.7269    26.7286    1531.21    135.865    135.968         36 0.0000e+00
      29157   1214.853    187.707    189.000    14.9307    14.9219   4.398038   4.397169     2.0022     1.6615      94.68   24.38968  -88.00774   -0.00889   -0.00828     3.1003     3.1061    14.9020    14.8932    35.9573    35.9575    26.7321    26.7341    1531.20    134.857    135.105         32 0.0000e+00
      29245   1218.489    190.685    192.000    14.8524    14.8567   4.388964   4.389584     1.9837     1.6497      99.99   24.38780  -88.00092   -0.00500   -0.00317     3.0624     3.0804    14.8233    14.8276    35.9444    35.9461    26.7392    26.7396    1530.75    133.207    133.986         33 0.0000e+00
      29280   1219.951    191.677    193.000    14.8241    14.8222   4.385910   4.385822     1.9801     1.6459     100.00   24.38970  -88.00776   -0.00382   -0.00249     3.0559     3.0731    14.7949    14.7930    35.9428    35.9437    26.7444    26.7455    1530.76    132.921    133.670         32 0.0000e+00
      29339   1222.416    193.663    195.000    14.7835    14.7844   4.381194   4.381399     1.9746     1.6414     100.00   24.38845  -88.00324   -0.00240   -0.00200     3.0462     3.0643    14.7540    14.7549    35.9357    35.9367    26.7478    26.7483    1530.47    132.498    133.287         32 0.0000e+00
      29373   1223.814    194.655    196.000    14.7644    14.7621   4.379120   4.378954     1.9725     1.6384     100.00   24.38970  -88.00776   -0.00197   -0.00195     3.0427     3.0583    14.7348    14.7325    35.9343    35.9349    26.7510    26.7520    1530.44    132.348    133.025         32 0.0000e+00
      29403   1225.102    195.648    197.000    14.7199    14.7203   4.373866   4.373998     1.9705     1.6360     100.00   24.38972  -88.00776   -0.00169   -0.00221     3.0408     3.0545    14.6902    14.6906    35.9265    35.9274    26.7548    26.7554    1530.35    132.263    132.860         30 0.0000e+00
      29434   1226.376    196.641    198.000    14.6726    14.6706   4.368379   4.368252     1.9676     1.6344      91.47   24.38972  -88.00776   -0.00172   -0.00186     3.0380     3.0546    14.6428    14.6408    35.9194    35.9201    26.7596    26.7606    1530.24    132.140    132.864         31 0.0000e+00
      29466   1227.708    197.633    199.000    14.6414    14.6398   4.364754   4.364661     1.9643     1.6323      68.78   24.38972  -88.00776   -0.00212   -0.00145     3.0325     3.0514    14.6115    14.6100    35.9144    35.9150    26.7626    26.7634    1530.13    131.900    132.722         33 0.0000e+00
      29498   1229.043    198.626    200.000    14.6005    14.5993   4.360011   4.359983     1.9611     1.6295     100.02   24.38972  -88.00776   -0.00242   -0.00163     3.0282     3.0470    14.5705    14.5693    35.9081    35.9090    26.7667    26.7676    1530.03    131.715    132.532         31 0.0000e+00
      29529   1230.349    199.619    201.000    14.5816    14.5824   4.357878   4.358080     1.9589     1.6258     100.00   24.38972  -88.00776   -0.00225   -0.00220     3.0243     3.0388    14.5515    14.5523    35.9054    35.9065    26.7688    26.7694    1529.93    131.542    132.177         31 0.0000e+00
      29561   1231.649    200.611    202.000    14.5634    14.5625   4.355801   4.355793     1.9563     1.6227     100.00   24.38972  -88.00776   -0.00194   -0.00248     3.0197     3.0321    14.5331    14.5323    35.9027    35.9034    26.7706    26.7714    1529.82    131.342    131.884         32 0.0000e+00
      29593   1232.987    201.604    203.000    14.5415    14.5409   4.353264   4.353304     1.9539     1.6215     100.00   24.38973  -88.00776   -0.00186   -0.00218     3.0157     3.0309    14.5112    14.5106    35.8991    35.9000    26.7726    26.7734    1529.73    131.171    131.828         33 0.0000e+00
      29625   1234.334    202.597    204.000    14.5145    14.5149   4.350143   4.350285     1.9523     1.6201     100.00   24.38974  -88.00776   -0.00176   -0.00132     3.0139     3.0291    14.4840    14.4845    35.8949    35.8958    26.7753    26.7758    1529.62    131.090    131.751         31 0.0000e+00
      29655   1235.590    203.589    205.000    14.4743    14.4699   4.345347   4.344894     1.9505     1.6187     100.00   24.38974  -88.00777   -0.00142   -0.00094     3.0128     3.0288    14.4438    14.4394    35.8873    35.8872    26.7781    26.7789    1529.52    131.042    131.738         30 0.0000e+00
      29686   1236.873    204.582    206.000    14.3454    14.3379   4.330210   4.329442     1.9476     1.6162     100.00   24.38974  -88.00778   -0.00149   -0.00135     3.0151     3.0310    14.3149    14.3074    35.8661    35.8659    26.7895    26.7910    1529.42    131.140    131.833         31 0.0000e+00
      29718   1238.216    205.574    207.000    14.3107    14.3109   4.326208   4.326326     1.9432     1.6112     100.00   24.38974  -88.00778   -0.00224   -0.00216     3.0071     3.0202    14.2801    14.2803    35.8608    35.8616    26.7929    26.7935    1529.32    130.794    131.365         33 0.0000e+00
      29752   1239.610    206.567    208.000    14.3070    14.3074   4.325870   4.325973     1.9394     1.6068     100.00   24.38974  -88.00778   -0.00292   -0.00309     2.9983     3.0089    14.2763    14.2766    35.8606    35.8612    26.7935    26.7940    1529.22    130.411    130.870         34 0.0000e+00
      29784   1240.957    207.560    209.000    14.3077    14.3058   4.325892   4.325693     1.9366     1.6044     100.00   24.38975  -88.00778   -0.00273   -0.00297     2.9925     3.0034    14.2768    14.2750    35.8605    35.8610    26.7934    26.7941    1529.13    130.156    130.633         30 0.0000e+00
      29840   1243.311    209.545    211.000    14.1995    14.2000   4.313220   4.313341     1.9336     1.6042      91.09   24.38728  -87.99883   -0.00169   -0.00076     2.9928     3.0106    14.1684    14.1689    35.8411    35.8417    26.8015    26.8018    1528.77    130.170    130.945         34 0.0000e+00
      31330   1305.375    268.100    270.000    12.9350    12.9368   4.168848   4.169045     1.8530     1.5307     100.00   24.38951  -88.00648   -0.00139   -0.00113     2.8998     2.9156    12.8977    12.8994    35.6364    35.6367    26.9068    26.9067    1523.99    126.110    126.798         30 0.0000e+00
      31458   1310.718    273.061    275.000    12.9281    12.9293   4.168337   4.168467     1.8496     1.5276     100.00   24.38971  -88.00718   -0.00052   -0.00046     2.8935     2.9093    12.8901    12.8912    35.6360    35.6361    26.9080    26.9079    1523.66    125.839    126.524         30 0.0000e+00
      31586   1316.050    278.023    280.000    12.9232    12.9249   4.168215   4.168400     1.8484     1.5259     100.01   24.39123  -88.01268   -0.00019   -0.00077     2.8926     2.9066    12.8845    12.8862    35.6378    35.6379    26.9107    26.9104    1523.42    125.797    126.409         32 0.0000e+00
      31714   1321.370    282.984    285.000    12.7646    12.7453   4.150788   4.147945     1.8438     1.5212     100.00   24.39059  -88.01034   -0.00097   -0.00054     2.8922     2.9051    12.7255    12.7062    35.6111    35.6083    26.9217    26.9234    1523.06    125.781    126.342         31 0.0000e+00
      31843   1326.759    287.945    290.000    12.7133    12.7140   4.144578   4.144662     1.8340     1.5132      89.33   24.39203  -88.01548   -0.00163   -0.00136     2.8735     2.8886    12.6736    12.6744    35.6049    35.6050    26.9273    26.9273    1522.83    124.967    125.624         32 0.0000e+00
      31935   1330.586    291.914    294.000    12.6864    12.6891   4.141216   4.141524     1.8310     1.5113      99.99   24.38807  -88.00122   -0.00063   -0.00041     2.8692     2.8866    12.6463    12.6489    35.5949    35.5954    26.9247    26.9246    1522.33    124.779    125.535         30 0.0000e+00
      31970   1332.033    292.906    295.000    12.6749    12.6775   4.140138   4.140442     1.8295     1.5102      87.87   24.38994  -88.00796   -0.00062   -0.00054     2.8666     2.8845    12.6346    12.6372    35.5955    35.5960    26.9277    26.9276    1522.39    124.665    125.445         32 0.0000e+00
      32060   1335.786    296.875    299.000    12.6412    12.6394   4.136234   4.136014     1.8274     1.5069      99.99   24.38795  -88.00070   -0.00048   -0.00094     2.8650     2.8792    12.6005    12.5987    35.5874    35.5870    26.9280    26.9281    1522.02    124.593    125.215         30 0.0000e+00
      32094   1337.215    297.867    300.000    12.6262    12.6260   4.134772   4.134744     1.8268     1.5067      99.96   24.38996  -88.00798   -0.00037   -0.00057     2.8646     2.8799    12.5854    12.5851    35.5877    35.5877    26.9314    26.9314    1522.09    124.579    125.245         31 0.0000e+00
      32190   1341.207    301.836    304.000    12.5135    12.5148   4.121894   4.122042     1.8221     1.5041     100.00   24.38879  -88.00376   -0.00110   -0.00063     2.8618     2.8815    12.4723    12.4736    35.5679    35.5681    26.9383    26.9382    1521.78    124.454    125.314         30 0.0000e+00
      32343   1347.592    307.789    310.000    12.2179    12.2197   4.088543   4.088730     1.8082     1.4881     100.00   24.38977  -88.00723   -0.00267   -0.00301     2.8482     2.8579    12.1766    12.1783    35.5224    35.5226    26.9609    26.9607    1521.49    123.863    124.285         30 0.0000e+00
      33871   1411.264    368.299    371.000    10.7174    10.7184   3.923151   3.923249     1.7175     1.4083     100.00   24.38926  -88.00511   -0.00067   -0.00037     2.7302     2.7473    10.6719    10.6729    35.2953    35.2953    27.0648    27.0646    1517.93    118.720    119.461         30 0.0000e+00
      34586   1441.047    396.069    399.000    10.1346    10.1304   3.860647   3.860152     1.6957     1.3889     100.00   24.39094  -88.01111   -0.00055   -0.00051     2.7197     2.7381    10.0873    10.0831    35.2142    35.2132    27.1043    27.1043    1516.60    118.258    119.058         31 0.0000e+00
      35311   1471.253    423.834    427.000     9.4083     9.4114   3.783347   3.783676     1.6725     1.3682     100.00   24.39026  -88.00858   -0.00090   -0.00065     2.7146     2.7334     9.3599     9.3630    35.1148    35.1151    27.1495    27.1491    1515.19    118.030    118.845         31 0.0000e+00
      35412   1475.473    427.801    431.000     9.3464     9.3464   3.776856   3.776849     1.6708     1.3660      99.02   24.38942  -88.00556   -0.00031   -0.00054     2.7157     2.7325     9.2978     9.2978    35.1061    35.1060    27.1528    27.1527    1514.95    118.077    118.808         32 0.0000e+00
      35518   1479.863    431.767    435.000     9.2840     9.2824   3.770382   3.770223     1.6683     1.3649      95.14   24.38900  -88.00400   -0.00053   -0.00015     2.7142     2.7347     9.2351     9.2335    35.0980    35.0980    27.1567    27.1569    1514.73    118.009    118.904         30 0.0000e+00
      37036   1543.123    488.276    492.000     8.1731     8.1738   3.657098   3.657137     1.6460     1.3432      39.38   24.39002  -88.00753   -0.00065   -0.00065     2.7483     2.7635     8.1218     8.1224    34.9754    34.9753    27.2362    27.2360    1512.19    119.486    120.146         30 0.0000e+00
      37279   1553.238    497.197    501.000     8.1413     8.1406   3.654403   3.654345     1.6429     1.3416      30.61   24.39087  -88.01055   -0.00023    0.00020     2.7447     2.7639     8.0891     8.0884    34.9763    34.9760    27.2419    27.2417    1511.86    119.329    120.161         31 0.0000e+00
      37380   1557.438    501.162    505.000     8.0627     8.0635   3.647628   3.647688     1.6407     1.3398      26.68   24.38977  -88.00653   -0.00043   -0.00042     2.7450     2.7648     8.0103     8.0112    34.9777    34.9776    27.2548    27.2546    1511.62    119.338    120.201         30 0.0000e+00
      37411   1558.749    502.153    506.000     8.0596     8.0604   3.647490   3.647532     1.6400     1.3386      25.69   24.39042  -88.00889   -0.00026   -0.00030     2.7435     2.7616     8.0071     8.0079    34.9788    34.9785    27.2562    27.2558    1511.62    119.275    120.059         30 0.0000e+00
      37672   1569.635    511.074    515.000     7.9319     7.9371   3.633502   3.634280     1.6418     1.3399      16.88   24.38581  -87.99224    0.00081    0.00063     2.7625     2.7781     7.8790     7.8842    34.9538    34.9547    27.2555    27.2554    1510.96    120.098    120.778         39 0.0000e+00
      37865   1577.650    512.065    516.000     7.9319     7.9326   3.634410   3.634411     1.6432     1.3414      16.00   24.39046  -88.00898    0.00009    0.00020     2.7661     2.7835     7.8789     7.8796    34.9610    34.9604    27.2614    27.2608    1511.21    120.253    121.011         55 0.0000e+00
