Gulf of Mexico/GOMECC-4/1db/rb2103_1381.ros
* Sea-Bird SBE 9 Data File:
* FileName = C:\Users\scs.user.rb\CTD\GOMECC4\data\rb2103_1381.hex
* Software Version Seasave V 7.26.7.107
* Temperature SN = 4799
* Conductivity SN = 3860
* Number of Bytes Per Scan = 41
* Number of Voltage Words = 4
* Number of Scans Averaged by the Deck Unit = 1
* NMEA Latitude = 25 52.44 N
* NMEA Longitude = 084 23.57 W
* NMEA UTC (Time) = Oct 20 2021  08:17:47
* NMEA baud rate = 4800
# nquan = 17
# nvalues = 1463                                  
# units = specified
# name 0 = scan: Scan Count
# name 1 = timeS: Time, Elapsed [seconds]
# name 2 = depSM: Depth [salt water, m]
# name 3 = prDM: Pressure, Digiquartz [db]
# name 4 = t090C: Temperature [ITS-90, deg C]
# name 5 = t190C: Temperature, 2 [ITS-90, deg C]
# name 6 = c0S/m: Conductivity [S/m]
# name 7 = c1S/m: Conductivity, 2 [S/m]
# name 8 = sbeox0V: Oxygen raw, SBE 43 [V]
# name 9 = sbeox1V: Oxygen raw, SBE 43, 2 [V]
# name 10 = altM: Altimeter [m]
# name 11 = latitude: Latitude [deg]
# name 12 = longitude: Longitude [deg]
# name 13 = sbox0dV/dT: Oxygen, SBE 43 [dov/dt]
# name 14 = sbox1dV/dT: Oxygen, SBE 43, 2 [dov/dt]
# name 15 = nbf: Bottles Fired
# name 16 = flag:  0.000e+00
# interval = seconds: 0.0416667
# start_time = Oct 20 2021 08:17:47 [NMEA time, header]
# bad_flag = -9.990e-29
*END*
[from data line 341]
      29074   1211.375    104.232    104.940    18.4118    18.3979   4.804096   4.802710     2.0134     1.6703     100.00   25.87450  -84.39280   -0.00020    0.00003          3  0.000e+00
      29075   1211.417    104.300    105.009    18.4112    18.3972   4.804023   4.802607     2.0147     1.6691     100.00   25.87450  -84.39280   -0.00019    0.00003          3  0.000e+00
      29076   1211.458    104.253    104.961    18.4103    18.3960   4.803987   4.802643     2.0147     1.6703     100.00   25.87450  -84.39280   -0.00017    0.00004          3  0.000e+00
      29077   1211.500    104.287    104.995    18.4091    18.3960   4.803848   4.802732     2.0147     1.6691     100.00   25.87450  -84.39280   -0.00016    0.00004          3  0.000e+00
      29078   1211.542    104.253    104.961    18.4090    18.3960   4.803768   4.802747     2.0147     1.6703     100.00   25.87450  -84.39280   -0.00013    0.00006          3  0.000e+00
      29079   1211.583    104.253    104.961    18.4088    18.3957   4.803790   4.802680     2.0147     1.6703     100.00   25.87450  -84.39280   -0.00013    0.00007          3  0.000e+00
      29080   1211.625    104.300    105.009    18.4093    18.3970   4.803812   4.802754     2.0147     1.6703     100.00   25.87450  -84.39280   -0.00012    0.00009          3  0.000e+00
      29081   1211.667    104.232    104.940    18.4091    18.3963   4.803834   4.802939     2.0134     1.6703     100.00   25.87450  -84.39280   -0.00011    0.00010          3  0.000e+00
      29082   1211.708    104.300    105.009    18.4090    18.3976   4.803841   4.803234     2.0134     1.6703     100.00   25.87450  -84.39280   -0.00012    0.00012          3  0.000e+00
      29083   1211.750    104.205    104.913    18.4095    18.4017   4.803841   4.803559     2.0147     1.6691     100.00   25.87450  -84.39280   -0.00011    0.00012          3  0.000e+00
      29084   1211.792    104.287    104.995    18.4093    18.4057   4.803907   4.803914     2.0134     1.6703     100.00   25.87450  -84.39280   -0.00012    0.00013          3  0.000e+00
      29085   1211.833    104.253    104.961    18.4097    18.4089   4.803892   4.804098     2.0134     1.6703     100.00   25.87450  -84.39280   -0.00013    0.00014          3  0.000e+00
      29086   1211.875    104.253    104.961    18.4098    18.4111   4.803943   4.804128     2.0147     1.6703     100.00   25.87450  -84.39280   -0.00012    0.00016          3  0.000e+00
      29087   1211.917    104.287    104.995    18.4098    18.4118   4.803965   4.804098     2.0134     1.6703     100.00   25.87450  -84.39280   -0.00013    0.00017          3  0.000e+00
      29088   1211.958    104.253    104.961    18.4100    18.4108   4.803972   4.804054     2.0147     1.6703     100.00   25.87450  -84.39280   -0.00012    0.00018          3  0.000e+00
      29089   1212.000    104.253    104.961    18.4100    18.4108   4.803907   4.804165     2.0134     1.6703     100.00   25.87450  -84.39280   -0.00012    0.00020          3  0.000e+00
      29090   1212.042    104.232    104.940    18.4098    18.4106   4.803943   4.804239     2.0134     1.6703     100.00   25.87450  -84.39280   -0.00013    0.00021          3  0.000e+00
      29091   1212.083    104.253    104.961    18.4099    18.4104   4.803965   4.804276     2.0134     1.6703     100.00   25.87450  -84.39280   -0.00014    0.00022          3  0.000e+00
      29092   1212.125    104.253    104.961    18.4100    18.4101   4.803943   4.804135     2.0134     1.6703     100.00   25.87450  -84.39280   -0.00014    0.00023          3  0.000e+00
      29093   1212.167    104.205    104.913    18.4095    18.4089   4.803892   4.803995     2.0134     1.6703     100.00   25.87450  -84.39280   -0.00013    0.00024          3  0.000e+00
      29094   1212.208    104.232    104.940    18.4098    18.4082   4.803885   4.803899     2.0147     1.6703     100.00   25.87450  -84.39280   -0.00012    0.00025          3  0.000e+00
      29095   1212.250    104.253    104.961    18.4100    18.4075   4.803892   4.803818     2.0134     1.6691     100.00   25.87450  -84.39280   -0.00013    0.00025          3  0.000e+00
      29096   1212.292    104.253    104.961    18.4098    18.4070   4.803914   4.803862     2.0134     1.6703     100.00   25.87450  -84.39280   -0.00013    0.00026          3  0.000e+00
      29097   1212.333    104.232    104.940    18.4103    18.4073   4.803856   4.803884     2.0134     1.6691     100.00   25.87450  -84.39280   -0.00015    0.00025          3  0.000e+00
      29098   1212.375    104.205    104.913    18.4100    18.4080   4.803841   4.803914     2.0147     1.6691     100.00   25.87450  -84.39280   -0.00014    0.00024          3  0.000e+00
      29099   1212.417    104.253    104.961    18.4087    18.4082   4.803732   4.803951     2.0134     1.6691     100.00   25.87450  -84.39280   -0.00015    0.00023          3  0.000e+00
      29100   1212.458    104.232    104.940    18.4074    18.4083   4.803528   4.803995     2.0134     1.6691     100.00   25.87450  -84.39280   -0.00015    0.00023          3  0.000e+00
      29101   1212.500    104.205    104.913    18.4060    18.4087   4.803324   4.804010     2.0134     1.6691     100.00   25.87450  -84.39280   -0.00015    0.00022          3  0.000e+00
      29102   1212.542    104.253    104.961    18.4064    18.4094   4.803149   4.803973     2.0134     1.6691     100.00   25.87450  -84.39280   -0.00016    0.00021          3  0.000e+00
      29103   1212.583    104.232    104.940    18.4059    18.4089   4.803156   4.803995     2.0147     1.6691     100.00   25.87450  -84.39280   -0.00014    0.00020          3  0.000e+00
      29104   1212.625    104.205    104.913    18.4057    18.4090   4.803244   4.804032     2.0147     1.6691     100.00   25.87450  -84.39280   -0.00013    0.00020          3  0.000e+00
      29105   1212.667    104.205    104.913    18.4055    18.4094   4.803331   4.804076     2.0134     1.6691     100.00   25.87450  -84.39280   -0.00015    0.00019          3  0.000e+00
      29106   1212.708    104.253    104.961    18.4066    18.4103   4.803353   4.804150     2.0134     1.6691     100.00   25.87450  -84.39280   -0.00015    0.00018          3  0.000e+00
      29107   1212.750    104.232    104.940    18.4063    18.4108   4.803426   4.804231     2.0134     1.6691     100.00   25.87450  -84.39280   -0.00016    0.00017          3  0.000e+00
      29108   1212.792    104.205    104.913    18.4071    18.4111   4.803499   4.804216     2.0134     1.6691     100.00   25.87450  -84.39280   -0.00016    0.00017          3  0.000e+00
      29109   1212.833    104.205    104.913    18.4057    18.4113   4.803426   4.804268     2.0147     1.6691     100.00   25.87450  -84.39280   -0.00014    0.00016          3  0.000e+00
      29110   1212.875    104.232    104.940    18.4043    18.4117   4.803331   4.804290     2.0134     1.6691     100.00   25.87450  -84.39280   -0.00016    0.00015          3  0.000e+00
      29111   1212.917    104.205    104.913    18.4052    18.4120   4.803360   4.804349     2.0134     1.6691     100.00   25.87450  -84.39280   -0.00018    0.00015          3  0.000e+00
      29112   1212.958    104.205    104.913    18.4069    18.4127   4.803389   4.804401     2.0134     1.6691     100.00   25.87450  -84.39280   -0.00020    0.00014          3  0.000e+00
      29113   1213.000    104.232    104.940    18.4074    18.4134   4.803397   4.804379     2.0134     1.6679     100.00   25.87450  -84.39280   -0.00021    0.00011          3  0.000e+00
      29114   1213.042    104.205    104.913    18.4074    18.4134   4.803244   4.804460     2.0147     1.6691     100.00   25.87450  -84.39280   -0.00019    0.00011          3  0.000e+00
      29115   1213.083    104.253    104.961    18.4060    18.4134   4.803112   4.804460     2.0134     1.6691     100.00   25.87450  -84.39280   -0.00019    0.00010          3  0.000e+00
      29116   1213.125    104.151    104.859    18.4027    18.4136   4.802916   4.804482     2.0134     1.6691     100.00   25.87450  -84.39280   -0.00019    0.00009          3  0.000e+00
      29117   1213.167    104.233    104.940    18.4006    18.4142   4.802712   4.804431     2.0134     1.6679     100.00   25.87450  -84.39280   -0.00020    0.00007          3  0.000e+00
      29118   1213.208    104.253    104.961    18.3989    18.4141   4.802537   4.804408     2.0134     1.6679     100.00   25.87450  -84.39280   -0.00020    0.00004          3  0.000e+00
      29119   1213.250    104.205    104.913    18.3975    18.4134   4.802420   4.804320     2.0134     1.6691     100.00   25.87450  -84.39280   -0.00020    0.00004          3  0.000e+00
      29120   1213.292    104.185    104.893    18.3941    18.4123   4.802318   4.804202     2.0134     1.6691     100.00   25.87450  -84.39280   -0.00022    0.00003          3  0.000e+00
      29121   1213.333    104.253    104.961    18.3920    18.4120   4.802173   4.804017     2.0134     1.6691     100.00   25.87450  -84.39280   -0.00023    0.00002          3  0.000e+00
      29122   1213.375    104.205    104.913    18.3924    18.4106   4.802041   4.803781     2.0147     1.6691     100.00   25.87450  -84.39280   -0.00022    0.00002          3  0.000e+00
      29123   1213.417    104.233    104.941    18.3927    18.4092   4.802041   4.803655     2.0134     1.6691     100.00   25.87450  -84.39280   -0.00023    0.00001          3  0.000e+00
      29124   1213.458    104.206    104.913    18.3924    18.4085   4.802034   4.803640     2.0147     1.6691     100.00   25.87450  -84.39280   -0.00022    0.00001          3  0.000e+00
      29125   1213.500    104.253    104.961    18.3948    18.4092   4.802049   4.803759     2.0134     1.6691     100.00   25.87450  -84.39280   -0.00022 -7.034e-07          3  0.000e+00
      29126   1213.542    104.233    104.941    18.3943    18.4103   4.802078   4.803980     2.0147     1.6691      96.24   25.87450  -84.39280   -0.00022   -0.00001          3  0.000e+00
      29127   1213.583    104.206    104.913    18.3932    18.4117   4.802121   4.804202     2.0147     1.6691      35.09   25.87450  -84.39280   -0.00020   -0.00001          3  0.000e+00
      29128   1213.625    104.253    104.961    18.3949    18.4123   4.802391   4.804342     2.0134     1.6691       1.64   25.87450  -84.39280   -0.00020   -0.00002          3  0.000e+00
      29129   1213.667    104.206    104.913    18.3993    18.4125   4.802741   4.804372     2.0147     1.6679       0.00   25.87450  -84.39280   -0.00018   -0.00004          3  0.000e+00
      29130   1213.708    104.233    104.941    18.4034    18.4123   4.802981   4.804372     2.0147     1.6691       0.37   25.87450  -84.39280   -0.00016   -0.00005          3  0.000e+00
      29131   1213.750    104.253    104.961    18.4037    18.4132   4.803054   4.804372     2.0147     1.6691       1.95   25.87450  -84.39280   -0.00015   -0.00006          3  0.000e+00
      31911   1329.583     79.263     79.796    20.3450    20.3817   5.016478   5.020624     2.1770     1.8144     100.00   25.87448  -84.39282   -0.00040    0.00017          4  0.000e+00
      31912   1329.625     79.514     80.049    20.3452    20.3818   5.016567   5.020587     2.1770     1.8156     100.00   25.87448  -84.39282   -0.00040    0.00018          4  0.000e+00
      31913   1329.667     79.514     80.049    20.3454    20.3816   5.016604   5.020579     2.1770     1.8144     100.00   25.87448  -84.39282   -0.00041    0.00016          4  0.000e+00
      31914   1329.708     79.514     80.049    20.3444    20.3817   5.016604   5.020572     2.1770     1.8156     100.00   25.87448  -84.39282   -0.00041    0.00018          4  0.000e+00
      31915   1329.750     79.514     80.049    20.3436    20.3816   5.016627   5.020542     2.1770     1.8156     100.00   25.87448  -84.39282   -0.00041    0.00019          4  0.000e+00
      31916   1329.792     79.514     80.049    20.3432    20.3811   5.016641   5.020444     2.1770     1.8144     100.00   25.87448  -84.39282   -0.00042    0.00017          4  0.000e+00
      31917   1329.833     79.514     80.049    20.3426    20.3801   5.016641   5.020474     2.1758     1.8144     100.00   25.87448  -84.39282   -0.00044    0.00017          4  0.000e+00
      31918   1329.875     79.514     80.049    20.3435    20.3803   5.016671   5.020557     2.1758     1.8156     100.00   25.87448  -84.39282   -0.00046    0.00017          4  0.000e+00
      31919   1329.917     79.514     80.049    20.3451    20.3813   5.016649   5.020579     2.1770     1.8144     100.00   25.87448  -84.39282   -0.00044    0.00017          4  0.000e+00
      31920   1329.958     79.514     80.049    20.3440    20.3819   5.016612   5.020640     2.1770     1.8144     100.00   25.87448  -84.39282   -0.00044    0.00015          4  0.000e+00
      31921   1330.000     79.514     80.049    20.3435    20.3822   5.016627   5.020632     2.1770     1.8156     100.00   25.87448  -84.39282   -0.00044    0.00015          4  0.000e+00
      31922   1330.042     79.514     80.049    20.3437    20.3821   5.016612   5.020587     2.1770     1.8144     100.00   25.87448  -84.39282   -0.00042    0.00014          4  0.000e+00
      31923   1330.083     79.561     80.097    20.3432    20.3819   5.016627   5.020579     2.1770     1.8156     100.00   25.87448  -84.39282   -0.00042    0.00016          4  0.000e+00
      31924   1330.125     79.466     80.001    20.3437    20.3818   5.016641   5.020572     2.1770     1.8144     100.00   25.87448  -84.39282   -0.00042    0.00016          4  0.000e+00
      31925   1330.167     79.561     80.097    20.3447    20.3816   5.016671   5.020512     2.1770     1.8156     100.00   25.87448  -84.39282   -0.00042    0.00017          4  0.000e+00
      31926   1330.208     79.514     80.049    20.3445    20.3815   5.016745   5.020587     2.1770     1.8156     100.00   25.87448  -84.39282   -0.00042    0.00019          4  0.000e+00
      31927   1330.250     79.514     80.049    20.3451    20.3819   5.016894   5.020587     2.1770     1.8168     100.00   25.87448  -84.39282   -0.00040    0.00022          4  0.000e+00
      31928   1330.292     79.514     80.049    20.3456    20.3825   5.017094   5.020640     2.1770     1.8144     100.00   25.87448  -84.39282   -0.00039    0.00022          4  0.000e+00
      31929   1330.333     79.514     80.049    20.3498    20.3827   5.017213   5.020662     2.1770     1.8156     100.00   25.87448  -84.39282   -0.00037    0.00024          4  0.000e+00
      31930   1330.375     79.514     80.049    20.3521    20.3826   5.017324   5.020692     2.1770     1.8156     100.00   25.87448  -84.39282   -0.00037    0.00023          4  0.000e+00
      31931   1330.417     79.514     80.049    20.3527    20.3829   5.017421   5.020707     2.1770     1.8156     100.00   25.87448  -84.39282   -0.00036    0.00025          4  0.000e+00
      31932   1330.458     79.514     80.049    20.3534    20.3833   5.017569   5.020767     2.1770     1.8168     100.00   25.87448  -84.39282   -0.00036    0.00028          4  0.000e+00
      31933   1330.500     79.514     80.049    20.3556    20.3833   5.017710   5.020790     2.1770     1.8144     100.00   25.87448  -84.39282   -0.00035    0.00028          4  0.000e+00
      31934   1330.542     79.514     80.049    20.3576    20.3836   5.017866   5.020813     2.1770     1.8156     100.00   25.87448  -84.39282   -0.00035    0.00029          4  0.000e+00
      31935   1330.583     79.514     80.049    20.3590    20.3837   5.017933   5.020798     2.1770     1.8156     100.00   25.87448  -84.39282   -0.00034    0.00029          4  0.000e+00
      31936   1330.625     79.514     80.049    20.3599    20.3836   5.017940   5.020790     2.1770     1.8156     100.00   25.87448  -84.39282   -0.00034    0.00029          4  0.000e+00
