Gulf of Mexico/GOMECC-4/1db/rb2103_0051.cnv
* Sea-Bird SBE 9 Data File:
* FileName = C:\Users\scs.user.rb\CTD\GOMECC4\data\rb2103_005.hex
* Software Version Seasave V 7.26.7.107
* Temperature SN = 4799
* Conductivity SN = 3860
* Number of Bytes Per Scan = 41
* Number of Voltage Words = 4
* Number of Scans Averaged by the Deck Unit = 1
* NMEA Latitude = 26 59.47 N
* NMEA Longitude = 079 56.01 W
* NMEA UTC (Time) = Sep 15 2021  02:01:09
* NMEA baud rate = 4800
# nquan = 28
# nvalues = 180                         
# units = specified
# name 0 = scan: Scan Count
# name 1 = timeS: Time, Elapsed [seconds]
# name 2 = depSM: Depth [salt water, m]
# name 3 = prDM: Pressure, Digiquartz [db]
# name 4 = t090C: Temperature [ITS-90, deg C]
# name 5 = t190C: Temperature, 2 [ITS-90, deg C]
# name 6 = c0S/m: Conductivity [S/m]
# name 7 = c1S/m: Conductivity, 2 [S/m]
# name 8 = sbeox0V: Oxygen raw, SBE 43 [V]
# name 9 = sbeox1V: Oxygen raw, SBE 43, 2 [V]
# name 10 = altM: Altimeter [m]
# name 11 = latitude: Latitude [deg]
# name 12 = longitude: Longitude [deg]
# name 13 = sbox0dV/dT: Oxygen, SBE 43 [dov/dt]
# name 14 = sbox1dV/dT: Oxygen, SBE 43, 2 [dov/dt]
# name 15 = sbeox0ML/L: Oxygen, SBE 43 [ml/l], WS = 5
# name 16 = sbeox1ML/L: Oxygen, SBE 43, 2 [ml/l], WS = 5
# name 17 = potemp090C: Potential Temperature [ITS-90, deg C]
# name 18 = potemp190C: Potential Temperature, 2 [ITS-90, deg C]
# name 19 = sal00: Salinity, Practical [PSU]
# name 20 = sal11: Salinity, Practical, 2 [PSU]
# name 21 = sigma-é00: Density [sigma-theta, kg/m^3]
# name 22 = sigma-é11: Density, 2 [sigma-theta, kg/m^3]
# name 23 = avgsvCM: Average Sound Velocity [Chen-Millero, m/s], minP = 20, minS = 20
# name 24 = sbox0Mm/Kg: Oxygen, SBE 43 [umol/kg], WS = 5
# name 25 = sbox1Mm/Kg: Oxygen, SBE 43, 2 [umol/kg], WS = 5
# name 26 = nbin: number of scans per bin
# name 27 = flag: flag
# span 0 =      13667,      53210       
# span 1 =    569.422,   2217.048       
# span 2 =      2.980,    139.032       
# span 3 =      3.000,    140.000       
# span 4 =    13.2692,    29.7057       
# span 5 =    13.3079,    29.7084       
# span 6 =   4.198882,   5.946056       
# span 7 =   4.202462,   5.946156       
# span 8 =     1.8440,     3.1888       
# span 9 =     1.5337,     2.7155       
# span 10 =      11.98,     106.99      
# span 11 =   26.84211,   27.08756      
# span 12 =  -80.19300,  -79.45785      
# span 13 =   -0.03771,    0.01260      
# span 14 =   -0.03371,    0.01303      
# span 15 =     2.8084,     4.5369      
# span 16 =     2.8529,     4.5585      
# span 17 =    13.2496,    29.7049      
# span 18 =    13.2882,    29.7076      
# span 19 =    35.4018,    36.4044      
# span 20 =    35.4031,    36.4363      
# span 21 =    22.1448,    26.8492      
# span 22 =    22.1448,    26.8451      
# span 23 =       0.00,    1556.93      
# span 24 =    122.141,    197.918      
# span 25 =    124.077,    198.861      
# span 26 =         30,         72      
# span 27 = 0.0000e+00, 0.0000e+00      
# interval = decibars: 1                
# start_time = Sep 15 2021 02:01:09 [NMEA time, header]
# bad_flag = -9.990e-29
*END*
      13667    569.422      5.960      6.000    29.6257    29.6277   5.854939   5.855519     3.1559     2.6871      73.78   26.99370  -79.93290    0.00142    0.00304     4.3543     4.3706    29.6242    29.6262    35.4019    35.4044    22.1555    22.1568       0.00    190.248    190.958         38 0.0000e+00
      13727    571.914      6.954      7.000    29.6585    29.6600   5.862766   5.863376     3.1554     2.6843      70.75   26.99372  -79.93289    0.00018   -0.00043     4.3500     4.3637    29.6567    29.6583    35.4314    35.4339    22.1666    22.1680       0.00    190.056    190.658         60 0.0000e+00
      13800    574.963      7.947      8.000    29.6608    29.6583   5.863662   5.863179     3.1545     2.6861      84.55   26.99372  -79.93289   -0.00034    0.00065     4.3493     4.3667    29.6588    29.6563    35.4350    35.4336    22.1687    22.1684       0.00    190.028    190.787         72 0.0000e+00
      13861    577.509      8.941      9.000    29.6469    29.6486   5.860654   5.861151     3.1534     2.6855      99.81   26.99374  -79.93288   -0.00064   -0.00006     4.3492     4.3674    29.6447    29.6464    35.4245    35.4266    22.1655    22.1665       0.00    190.023    190.820         57 0.0000e+00
      13922    580.051      9.934     10.000    29.6726    29.6743   5.866484   5.866951     3.1571     2.6800     100.00   26.99376  -79.93288    0.00134   -0.00238     4.3539     4.3542    29.6701    29.6718    35.4450    35.4469    22.1723    22.1732       0.00    190.226    190.242         64 0.0000e+00
      13983    582.580     10.927     11.000    29.6618    29.6619   5.866014   5.866303     3.1574     2.6820     100.00   26.99378  -79.93287   -0.00013    0.00075     4.3556     4.3595    29.6591    29.6592    35.4495    35.4514    22.1794    22.1808       0.00    190.299    190.469         54 0.0000e+00
      14032    584.644     11.921     12.000    29.6503    29.6488   5.865392   5.865941     3.1577     2.6784     100.00   26.99380  -79.93286    0.00073    0.00025     4.3575     4.3538    29.6473    29.6458    35.4534    35.4583    22.1863    22.1905       0.00    190.381    190.220         48 0.0000e+00
      14083    586.759     12.914     13.000    29.6168    29.6160   5.871705   5.873025     3.1548     2.6785     100.00   26.99381  -79.93286   -0.00095   -0.00133     4.3543     4.3557    29.6159    29.6129    35.5192    35.5291    22.2464    22.2542       0.00    190.230    190.291         54 0.0000e+00
      14140    589.109     13.907     14.000    29.6358    29.6380   5.891891   5.892702     3.1551     2.6788     100.00   26.99382  -79.93286   -0.00034   -0.00040     4.3504     4.3514    29.6323    29.6346    35.6444    35.6482    22.3347    22.3368       0.00    190.045    190.089         58 0.0000e+00
      14194    591.380     14.901     15.000    29.6543    29.6551   5.911255   5.913001     3.1560     2.6831     100.00   26.99384  -79.93286   -0.00004    0.00152     4.3480     4.3565    29.6507    29.6515    35.7625    35.7738    22.4171    22.4253       0.00    189.925    190.296         50 0.0000e+00
      14243    593.404     15.894     16.000    29.6469    29.6488   5.925532   5.924858     3.1569     2.6850     100.00   26.99385  -79.93286    0.00074    0.00189     4.3486     4.3592    29.6430    29.6448    35.8653    35.8593    22.4969    22.4917       0.00    189.934    190.398         51 0.0000e+00
      14298    595.699     16.887     17.000    29.6489    29.6475   5.923839   5.924875     3.1557     2.6845     100.00   26.99386  -79.93286   -0.00003   -0.00008     4.3471     4.3587    29.6445    29.6433    35.8521    35.8601    22.4865    22.4929       0.00    189.871    190.378         56 0.0000e+00
      14353    597.980     17.881     18.000    29.5684    29.5574   5.936082   5.937309     3.1541     2.6873     100.00   26.99388  -79.93286   -0.00094    0.00085     4.3474     4.3677    29.5640    29.5530    35.9955    36.0122    22.6215    22.6377       0.00    189.860    190.743         55 0.0000e+00
      14410    600.384     18.874     19.000    29.5077    29.5045   5.938943   5.939260     3.1594     2.6841     100.00   26.99390  -79.93284    0.00125   -0.00041     4.3605     4.3643    29.5030    29.4998    36.0603    36.0649    22.6908    22.6953       0.00    190.418    190.584         58 0.0000e+00
      14465    602.649     19.867     20.000    29.4859    29.4849   5.936431   5.936591     3.1628     2.6886     100.00   26.99390  -79.93284    0.00162    0.00043     4.3687     4.3753    29.4810    29.4800    36.0591    36.0610    22.6974    22.6991     788.38    190.774    191.064         54 0.0000e+00
      14521    604.992     20.861     21.000    29.4601    29.4591   5.933829   5.934064     3.1639     2.6885     100.00   26.99392  -79.93284    0.00136    0.00104     4.3731     4.3774    29.4550    29.4539    36.0600    36.0625    22.7068    22.7090    1556.93    190.967    191.155         55 0.0000e+00
      14574    607.209     21.854     22.000    29.4487    29.4495   5.933100   5.933485     3.1618     2.6833      97.81   26.99393  -79.93284   -0.00073   -0.00157     4.3707     4.3681    29.4433    29.4441    36.0636    36.0657    22.7135    22.7148    1545.98    190.860    190.748         52 0.0000e+00
      14627    609.416     22.847     23.000    29.4305    29.4311   5.933419   5.933838     3.1626     2.6853     100.00   26.99395  -79.93284   -0.00035   -0.00013     4.3738     4.3720    29.4249    29.4254    36.0775    36.0798    22.7302    22.7317    1545.97    190.992    190.913         55 0.0000e+00
      14684    611.794     23.841     24.000    29.4177    29.4158   5.932089   5.932137     3.1633     2.6875     100.00   26.99396  -79.93284    0.00059    0.00014     4.3764     4.3796    29.4118    29.4099    36.0797    36.0813    22.7362    22.7381    1545.97    191.105    191.245         58 0.0000e+00
      14737    614.014     24.834     25.000    29.3690    29.3647   5.926313   5.925119     3.1680     2.6934      99.94   26.99397  -79.93284    0.00090    0.00222     4.3875     4.3959    29.3693    29.3586    36.0713    36.0711    22.7443    22.7478    1545.97    191.589    191.957         50 0.0000e+00
      14792    616.287     25.827     26.000    29.3704    29.3737   5.930159   5.932831     3.1723     2.6962     100.00   26.99399  -79.93284    0.00252    0.00238     4.3974     4.4001    29.3615    29.3675    36.0975    36.1041    22.7666    22.7703    1545.96    192.014    192.134         62 0.0000e+00
      14852    618.810     26.821     27.000    29.3828    29.3833   5.939957   5.940982     3.1695     2.6961      83.67   26.99400  -79.93284   -0.00056   -0.00010     4.3898     4.3986    29.3763    29.3767    36.1590    36.1658    22.8078    22.8127    1545.96    191.676    192.060         52 0.0000e+00
      14899    620.749     27.814     28.000    29.3764    29.3777   5.940705   5.941123     3.1736     2.6966      98.64   26.99402  -79.93284    0.00031    0.00053     4.3981     4.4005    29.3695    29.3708    36.1685    36.1704    22.8172    22.8182    1545.96    192.035    192.140         46 0.0000e+00
      14955    623.086     28.807     29.000    29.3650    29.3610   5.939915   5.939743     3.1748     2.6937      91.01   26.99403  -79.93284    0.00127   -0.00095     4.4014     4.3963    29.3579    29.3539    36.1714    36.1732    22.8234    22.8261    1545.97    192.181    191.957         67 0.0000e+00
      15018    625.702     29.801     30.000    29.3592    29.3603   5.939445   5.939866     3.1746     2.6932      90.09   26.99404  -79.93282   -0.00034   -0.00060     4.4020     4.3959    29.3518    29.3530    36.1723    36.1743    22.8260    22.8272    1545.97    192.207    191.941         53 0.0000e+00
      15069    627.816     30.794     31.000    29.3461    29.3475   5.937891   5.938371     3.1743     2.6980      99.74   26.99406  -79.93282    0.00009    0.00126     4.4030     4.4070    29.3385    29.3399    36.1711    36.1734    22.8297    22.8309    1545.97    192.251    192.422         55 0.0000e+00
      15128    630.304     31.787     32.000    29.3409    29.3407   5.937072   5.937285     3.1759     2.6983     100.00   26.99407  -79.93282    0.00047    0.00114     4.4070     4.4086    29.3331    29.3329    36.1695    36.1712    22.8303    22.8316    1545.97    192.422    192.495         58 0.0000e+00
      15183    632.596     32.781     33.000    29.3303    29.3312   5.935699   5.936148     3.1758     2.6991     100.00   26.99409  -79.93282   -0.00009   -0.00001     4.4087     4.4116    29.3222    29.3231    36.1683    36.1703    22.8331    22.8343    1545.97    192.498    192.625         57 0.0000e+00
      15240    634.941     33.774     34.000    29.2945    29.2888   5.930944   5.930486     3.1751     2.6996     100.00   26.99410  -79.93282    0.00032   -0.00004     4.4103     4.4162    29.2862    29.2805    36.1614    36.1625    22.8401    22.8428    1545.97    192.565    192.821         53 0.0000e+00
      15295    637.265     34.767     35.000    29.2470    29.2483   5.925399   5.926129     3.1775     2.6986     100.00   26.99411  -79.93281    0.00002   -0.00006     4.4188     4.4176    29.2384    29.2398    36.1588    36.1628    22.8542    22.8568    1545.97    192.936    192.883         63 0.0000e+00
      15358    639.867     35.760     36.000    29.2785    29.2885   5.933064   5.935146     3.1823     2.7018     100.00   26.99414  -79.93280    0.00215    0.00114     4.4249     4.4210    29.2697    29.2797    36.1875    36.1943    22.8652    22.8669    1545.96    193.200    193.027         57 0.0000e+00
      15411    642.065     36.753     37.000    29.3112    29.3131   5.939442   5.939968     3.1795     2.7009     100.00   26.99415  -79.93280   -0.00013   -0.00021     4.4174     4.4175    29.3022    29.3041    36.2064    36.2086    22.8685    22.8695    1545.96    192.871    192.873         51 0.0000e+00
      15466    644.362     37.747     38.000    29.3163    29.3193   5.940473   5.941184     3.1797     2.7013     100.00   26.99417  -79.93280   -0.00053    0.00007     4.4179     4.4182    29.3070    29.3100    36.2092    36.2120    22.8689    22.8700    1545.97    192.891    192.908         58 0.0000e+00
      15526    646.866     38.740     39.000    29.3245    29.3260   5.942181   5.942654     3.1815     2.6967      93.75   26.99418  -79.93280    0.00064   -0.00102     4.4209     4.4090    29.3150    29.3164    36.2147    36.2167    22.8704    22.8714    1545.97    193.022    192.501         61 0.0000e+00
      15581    649.177     39.733     40.000    29.3292    29.3306   5.943535   5.944402     3.1789     2.7002      99.92   26.99420  -79.93280   -0.00050    0.00018     4.4162     4.4160    29.3194    29.3208    36.2241    36.2262    22.8759    22.8770    1545.97    192.818    192.810         53 0.0000e+00
      15635    651.419     40.726     41.000    29.3366    29.3353   5.946056   5.946156     3.1792     2.7009     100.00   26.99422  -79.93280   -0.00030    0.00083     4.4164     4.4174    29.3266    29.3253    36.2315    36.2332    22.8791    22.8808    1545.98    192.823    192.868         53 0.0000e+00
      15691    653.763     41.720     42.000    29.2812    29.2660   5.937580   5.935918     3.1779     2.7015      86.99   26.99423  -79.93280   -0.00041   -0.00007     4.4198     4.4246    29.2710    29.2558    36.2174    36.2172    22.8873    22.8922    1545.98    192.972    193.178         60 0.0000e+00
      15749    656.160     42.713     43.000    29.2211    29.2219   5.930924   5.931467     3.1767     2.7030      99.96   26.99424  -79.93279   -0.00069    0.00102     4.4224     4.4312    29.2106    29.2114    36.2141    36.2172    22.9052    22.9072    1545.98    193.081    193.467         55 0.0000e+00
      15803    658.419     43.706     44.000    29.2076    29.2069   5.930911   5.931175     3.1779     2.7034      99.69   26.99426  -79.93278    0.00023   -0.00006     4.4261     4.4332    29.1969    29.1961    36.2247    36.2279    22.9178    22.9204    1545.98    193.243    193.549         53 0.0000e+00
      15855    660.570     44.699     45.000    29.2042    29.2047   5.931546   5.931920     3.1821     2.7031     100.00   26.99428  -79.93278    0.00141    0.00003     4.4340     4.4334    29.1932    29.1937    36.2306    36.2328    22.9234    22.9249    1545.98    193.583    193.560         52 0.0000e+00
      15912    662.962     45.692     46.000    29.1776    29.1691   5.929341   5.928915     3.1790     2.7067     100.00   26.99429  -79.93278    0.00000    0.00147     4.4309     4.4436    29.1664    29.1579    36.2326    36.2354    22.9340    22.9389    1545.98    193.449    194.002         60 0.0000e+00
      15965    665.183     46.686     47.000    29.1088    29.1053   5.921210   5.921105     3.1841     2.7080     100.00   26.99430  -79.93278    0.00025    0.00010     4.4461     4.4514    29.0974    29.0939    36.2309    36.2328    22.9559    22.9586    1545.98    194.107    194.339         47 0.0000e+00
      16018    667.364     47.679     48.000    29.0925    29.0903   5.919389   5.919392     3.1888     2.7155     100.00   26.99431  -79.93278    0.00275    0.00261     4.4563     4.4683    29.0808    29.0787    36.2304    36.2320    22.9611    22.9630    1545.98    194.553    195.075         61 0.0000e+00
      16077    669.852     48.672     49.000    29.0508    29.0243   5.913914   5.910335     3.1872     2.7112     100.00   26.99434  -79.93278   -0.00005   -0.00005     4.4582     4.4663    29.0410    29.0125    36.2223    36.2192    22.9684    22.9757    1545.97    194.631    194.983         52 0.0000e+00
      16126    671.887     49.665     50.000    28.8461    28.8352   5.884832   5.883488     3.1801     2.7045     100.00   26.99434  -79.93278   -0.00257   -0.00312     4.4623     4.4674    28.8341    28.8232    36.1774    36.1764    23.0040    23.0069    1545.96    194.806    195.025         53 0.0000e+00
      16184    674.301     50.658     51.000    28.6942    28.6457   5.861591   5.855087     3.1742     2.6987     100.00   26.99435  -79.93278   -0.00226   -0.00251     4.4651     4.4699    28.6819    28.6335    36.1311    36.1227    23.0200    23.0298    1545.95    194.924    195.131         57 0.0000e+00
      16239    676.596     51.652     52.000    28.4107    28.3677   5.821415   5.816255     3.1657     2.6914      87.56   26.99437  -79.93278   -0.00361   -0.00329     4.4744     4.4794    28.3982    28.3553    36.0663    36.0629    23.0655    23.0771    1545.91    195.319    195.536         56 0.0000e+00
      16295    678.901     52.645     53.000    28.1319    28.1105   5.788074   5.786718     3.1599     2.6946      99.41   26.99438  -79.93278   -0.00306   -0.00052     4.4868     4.5059    28.1194    28.0979    36.0451    36.0519    23.1416    23.1538    1545.88    195.849    196.678         53 0.0000e+00
      16347    681.071     53.638     54.000    27.9704    27.9549   5.777357   5.776741     3.1628     2.6948      52.09   26.99440  -79.93278    0.00016    0.00208     4.5044     4.5173    27.9577    27.9422    36.0930    36.1005    23.2307    23.2415    1545.83    196.599    197.158         55 0.0000e+00
      16404    683.463     54.631     55.000    27.7799    27.7508   5.758729   5.756258     3.1545     2.6821      82.40   26.99442  -79.93278   -0.00183   -0.00489     4.5050     4.5057    27.7647    27.7380    36.1093    36.1135    23.3061    23.3185    1545.78    196.610    196.639         58 0.0000e+00
      16461    685.834     55.624     56.000    27.6034    27.5771   5.742017   5.740315     3.1510     2.6847      97.55   26.99443  -79.93277   -0.00256   -0.00150     4.5106     4.5252    27.5904    27.5640    36.1248    36.1330    23.3746    23.3893    1545.73    196.845    197.474         55 0.0000e+00
