Gulf of Mexico/GOMECC-4/1db/rb2103_0161.ros
* Sea-Bird SBE 9 Data File:
* FileName = C:\Users\scs.user.rb\CTD\GOMECC4\data\rb2103_0161.hex
* Software Version Seasave V 7.26.7.107
* Temperature SN = 4799
* Conductivity SN = 3860
* Number of Bytes Per Scan = 41
* Number of Voltage Words = 4
* Number of Scans Averaged by the Deck Unit = 1
* NMEA Latitude = 27 33.29 N
* NMEA Longitude = 083 39.94 W
* NMEA UTC (Time) = Sep 19 2021  06:56:19
* NMEA baud rate = 4800
# nquan = 17
# nvalues = 798                                   
# units = specified
# name 0 = scan: Scan Count
# name 1 = timeS: Time, Elapsed [seconds]
# name 2 = depSM: Depth [salt water, m]
# name 3 = prDM: Pressure, Digiquartz [db]
# name 4 = t090C: Temperature [ITS-90, deg C]
# name 5 = t190C: Temperature, 2 [ITS-90, deg C]
# name 6 = c0S/m: Conductivity [S/m]
# name 7 = c1S/m: Conductivity, 2 [S/m]
# name 8 = sbeox0V: Oxygen raw, SBE 43 [V]
# name 9 = sbeox1V: Oxygen raw, SBE 43, 2 [V]
# name 10 = altM: Altimeter [m]
# name 11 = latitude: Latitude [deg]
# name 12 = longitude: Longitude [deg]
# name 13 = sbox0dV/dT: Oxygen, SBE 43 [dov/dt]
# name 14 = sbox1dV/dT: Oxygen, SBE 43, 2 [dov/dt]
# name 15 = nbf: Bottles Fired
# name 16 = flag:  0.000e+00
# interval = seconds: 0.0416667
# start_time = Sep 19 2021 06:56:19 [NMEA time, header]
# bad_flag = -9.990e-29
*END*
[from data line 426]
      26700   1112.458      9.511      9.575    29.1175    29.1192   5.822563   5.822806     3.1331     2.6618      37.44   27.55570  -83.66486    0.00100   -0.00011          4  0.000e+00
      26701   1112.500      9.587      9.651    29.1175    29.1192   5.822563   5.822750     3.1343     2.6642      37.41   27.55570  -83.66486    0.00105   -0.00011          4  0.000e+00
      26702   1112.542      9.511      9.575    29.1179    29.1192   5.822556   5.822726     3.1331     2.6630      37.44   27.55570  -83.66486    0.00108   -0.00013          4  0.000e+00
      26703   1112.583      9.534      9.598    29.1177    29.1192   5.822516   5.822742     3.1331     2.6630      37.44   27.55570  -83.66486    0.00110   -0.00014          4  0.000e+00
      26704   1112.625      9.572      9.636    29.1177    29.1194   5.822579   5.822798     3.1343     2.6630      37.44   27.55570  -83.66486    0.00113   -0.00016          4  0.000e+00
      26705   1112.667      9.534      9.598    29.1175    29.1192   5.822603   5.822822     3.1331     2.6630      37.41   27.55570  -83.66486    0.00114   -0.00018          4  0.000e+00
      26706   1112.708      9.572      9.636    29.1175    29.1194   5.822563   5.822782     3.1331     2.6618      37.41   27.55570  -83.66486    0.00115   -0.00022          4  0.000e+00
      26707   1112.750      9.534      9.598    29.1177    29.1199   5.822556   5.822846     3.1331     2.6618      37.44   27.55570  -83.66486    0.00115   -0.00025          4  0.000e+00
      26708   1112.792      9.511      9.575    29.1174    29.1201   5.822587   5.822903     3.1331     2.6618      37.48   27.55570  -83.66488    0.00114   -0.00029          4  0.000e+00
      26709   1112.833      9.587      9.651    29.1173    29.1201   5.822563   5.822919     3.1331     2.6618      37.51   27.55570  -83.66488    0.00114   -0.00033          4  0.000e+00
      26710   1112.875      9.572      9.636    29.1177    29.1201   5.822587   5.822879     3.1331     2.6618      37.51   27.55570  -83.66488    0.00113   -0.00036          4  0.000e+00
      26711   1112.917      9.534      9.598    29.1175    29.1205   5.822603   5.822975     3.1331     2.6618      37.51   27.55570  -83.66488    0.00112   -0.00040          4  0.000e+00
      26712   1112.958      9.572      9.636    29.1173    29.1201   5.822540   5.822975     3.1331     2.6618      37.51   27.55570  -83.66488    0.00112   -0.00044          4  0.000e+00
      26713   1113.000      9.587      9.651    29.1175    29.1203   5.822548   5.822999     3.1331     2.6618      37.51   27.55570  -83.66488    0.00111   -0.00047          4  0.000e+00
      26714   1113.042      9.511      9.575    29.1175    29.1203   5.822556   5.822975     3.1331     2.6618      37.51   27.55570  -83.66488    0.00110   -0.00051          4  0.000e+00
      26715   1113.083      9.587      9.651    29.1177    29.1205   5.822587   5.823015     3.1331     2.6618      37.51   27.55570  -83.66488    0.00107   -0.00055          4  0.000e+00
      26716   1113.125      9.572      9.636    29.1175    29.1205   5.822563   5.823015     3.1331     2.6618      37.51   27.55570  -83.66488    0.00104   -0.00058          4  0.000e+00
      26717   1113.167      9.587      9.651    29.1177    29.1203   5.822556   5.823047     3.1331     2.6618      37.51   27.55570  -83.66488    0.00101   -0.00062          4  0.000e+00
      26718   1113.208      9.572      9.636    29.1178    29.1205   5.822516   5.823023     3.1343     2.6630      37.51   27.55570  -83.66488    0.00100   -0.00062          4  0.000e+00
      26719   1113.250      9.534      9.598    29.1179    29.1205   5.822508   5.823015     3.1343     2.6618      37.51   27.55570  -83.66488    0.00098   -0.00062          4  0.000e+00
      26720   1113.292      9.625      9.689    29.1181    29.1209   5.822469   5.823087     3.1343     2.6630      37.51   27.55570  -83.66488    0.00097   -0.00062          4  0.000e+00
      26721   1113.333      9.572      9.636    29.1181    29.1212   5.822492   5.823111     3.1343     2.6630      37.51   27.55570  -83.66488    0.00095   -0.00061          4  0.000e+00
      26722   1113.375      9.587      9.651    29.1181    29.1216   5.822484   5.823143     3.1343     2.6630      37.51   27.55570  -83.66488    0.00093   -0.00057          4  0.000e+00
      26723   1113.417      9.625      9.689    29.1187    29.1216   5.822571   5.823159     3.1355     2.6630      37.51   27.55570  -83.66488    0.00093   -0.00054          4  0.000e+00
      26724   1113.458      9.587      9.651    29.1192    29.1218   5.822674   5.823191     3.1343     2.6642      37.51   27.55570  -83.66488    0.00090   -0.00050          4  0.000e+00
      26725   1113.500      9.624      9.689    29.1194    29.1220   5.822737   5.823239     3.1355     2.6642      37.51   27.55570  -83.66488    0.00090   -0.00043          4  0.000e+00
      26726   1113.542      9.587      9.651    29.1194    29.1222   5.822753   5.823215     3.1355     2.6630      37.51   27.55570  -83.66488    0.00089   -0.00037          4  0.000e+00
      26727   1113.583      9.624      9.689    29.1196    29.1222   5.822753   5.823255     3.1343     2.6630      37.51   27.55570  -83.66488    0.00086   -0.00033          4  0.000e+00
      26728   1113.625      9.587      9.651    29.1200    29.1222   5.822753   5.823255     3.1355     2.6667      37.51   27.55570  -83.66488    0.00085   -0.00026          4  0.000e+00
      26729   1113.667      9.624      9.689    29.1203    29.1219   5.822753   5.823215     3.1355     2.6667      37.51   27.55570  -83.66488    0.00084   -0.00019          4  0.000e+00
      26730   1113.708      9.647      9.712    29.1199    29.1220   5.822785   5.823279     3.1355     2.6642      37.51   27.55570  -83.66488    0.00084   -0.00010          4  0.000e+00
      26731   1113.750      9.624      9.689    29.1201    29.1220   5.822722   5.823231     3.1355     2.6642      37.48   27.55570  -83.66488    0.00084   -0.00002          4  0.000e+00
      26732   1113.792      9.647      9.712    29.1196    29.1216   5.822745   5.823239     3.1355     2.6654      37.44   27.55570  -83.66488    0.00084    0.00005          4  0.000e+00
      26733   1113.833      9.624      9.689    29.1196    29.1218   5.822714   5.823255     3.1343     2.6679      37.39   27.55570  -83.66488    0.00082    0.00014          4  0.000e+00
      26734   1113.875      9.647      9.712    29.1199    29.1220   5.822769   5.823215     3.1343     2.6654      37.41   27.55570  -83.66488    0.00080    0.00022          4  0.000e+00
      26735   1113.917      9.624      9.689    29.1207    29.1218   5.822761   5.823167     3.1343     2.6667      37.41   27.55570  -83.66488    0.00078    0.00031          4  0.000e+00
      26736   1113.958      9.647      9.712    29.1209    29.1220   5.822856   5.823119     3.1343     2.6667      37.41   27.55570  -83.66488    0.00078    0.00038          4  0.000e+00
      26737   1114.000      9.685      9.750    29.1210    29.1220   5.822927   5.823111     3.1343     2.6654      37.41   27.55570  -83.66488    0.00077    0.00043          4  0.000e+00
      26738   1114.042      9.647      9.712    29.1210    29.1222   5.822903   5.823039     3.1331     2.6667      37.41   27.55570  -83.66488    0.00075    0.00052          4  0.000e+00
      26739   1114.083      9.685      9.750    29.1210    29.1216   5.822895   5.823023     3.1331     2.6667      37.41   27.55570  -83.66488    0.00072    0.00059          4  0.000e+00
      26740   1114.125      9.647      9.712    29.1208    29.1219   5.822856   5.823015     3.1331     2.6654      37.41   27.55570  -83.66488    0.00070    0.00065          4  0.000e+00
      26741   1114.167      9.624      9.689    29.1205    29.1218   5.822880   5.823015     3.1331     2.6642      37.41   27.55570  -83.66488    0.00068    0.00068          4  0.000e+00
      26742   1114.208      9.700      9.765    29.1207    29.1216   5.822864   5.822975     3.1331     2.6654      37.41   27.55570  -83.66488    0.00065    0.00072          4  0.000e+00
      26743   1114.250      9.685      9.750    29.1207    29.1218   5.822880   5.822999     3.1331     2.6654      37.41   27.55570  -83.66488    0.00063    0.00077          4  0.000e+00
      26744   1114.292      9.647      9.712    29.1207    29.1216   5.822856   5.823047     3.1331     2.6654      37.41   27.55570  -83.66488    0.00060    0.00080          4  0.000e+00
      26745   1114.333      9.685      9.750    29.1209    29.1218   5.822919   5.823135     3.1331     2.6642      37.41   27.55570  -83.66488    0.00058    0.00080          4  0.000e+00
      26746   1114.375      9.685      9.750    29.1207    29.1218   5.822872   5.823159     3.1331     2.6618      37.41   27.55570  -83.66488    0.00053    0.00078          4  0.000e+00
      26747   1114.417      9.700      9.765    29.1205    29.1215   5.822777   5.823119     3.1331     2.6642      37.41   27.55570  -83.66488    0.00051    0.00079          4  0.000e+00
      26748   1114.458      9.685      9.750    29.1205    29.1213   5.822753   5.823071     3.1331     2.6654      37.41   27.55570  -83.66488    0.00048    0.00081          4  0.000e+00
      26749   1114.500      9.647      9.712    29.1205    29.1214   5.822706   5.823063     3.1331     2.6654      37.41   27.55570  -83.66488    0.00044    0.00084          4  0.000e+00
      26750   1114.542      9.738      9.803    29.1203    29.1215   5.822737   5.823063     3.1331     2.6642      37.41   27.55570  -83.66488    0.00041    0.00084          4  0.000e+00
      26751   1114.583      9.700      9.765    29.1204    29.1218   5.822706   5.823039     3.1319     2.6642      37.41   27.55570  -83.66488    0.00034    0.00083          4  0.000e+00
      26752   1114.625      9.685      9.750    29.1205    29.1216   5.822706   5.823015     3.1331     2.6618      37.41   27.55570  -83.66488    0.00030    0.00079          4  0.000e+00
      26753   1114.667      9.700      9.765    29.1203    29.1215   5.822737   5.823047     3.1331     2.6642      37.41   27.55570  -83.66488    0.00027    0.00078          4  0.000e+00
      26754   1114.708      9.685      9.750    29.1207    29.1216   5.822753   5.823023     3.1319     2.6642      37.41   27.55570  -83.66488    0.00022    0.00079          4  0.000e+00
      26755   1114.750      9.700      9.765    29.1205    29.1216   5.822824   5.823047     3.1319     2.6654      37.41   27.55570  -83.66488    0.00016    0.00081          4  0.000e+00
      26756   1114.792      9.685      9.750    29.1205    29.1216   5.822777   5.823063     3.1319     2.6654      37.36   27.55570  -83.66488    0.00011    0.00081          4  0.000e+00
      26757   1114.833      9.700      9.765    29.1205    29.1216   5.822785   5.823095     3.1331     2.6642      37.36   27.55570  -83.66488    0.00008    0.00081          4  0.000e+00
      26758   1114.875      9.685      9.750    29.1205    29.1216   5.822761   5.823111     3.1319     2.6654      37.36   27.55570  -83.66488    0.00003    0.00081          4  0.000e+00
      26759   1114.917      9.700      9.765    29.1205    29.1216   5.822785   5.823111     3.1331     2.6642      37.34   27.55570  -83.66488 1.7584e-07    0.00080          4  0.000e+00
      26760   1114.958      9.685      9.749    29.1205    29.1218   5.822761   5.823143     3.1319     2.6630      37.34   27.55570  -83.66488   -0.00005    0.00077          4  0.000e+00
      26761   1115.000      9.760      9.826    29.1203    29.1216   5.822753   5.823159     3.1331     2.6630      37.36   27.55570  -83.66488   -0.00008    0.00074          4  0.000e+00
      26762   1115.042      9.685      9.749    29.1202    29.1214   5.822706   5.823119     3.1331     2.6630      37.36   27.55570  -83.66488   -0.00009    0.00071          4  0.000e+00
      26763   1115.083      9.700      9.765    29.1205    29.1215   5.822745   5.823143     3.1319     2.6618      37.36   27.55570  -83.66488   -0.00012    0.00067          4  0.000e+00
      26764   1115.125      9.738      9.803    29.1203    29.1215   5.822753   5.823135     3.1331     2.6630      37.36   27.55570  -83.66488   -0.00014    0.00065          4  0.000e+00
      26765   1115.167      9.700      9.765    29.1205    29.1214   5.822785   5.823151     3.1331     2.6630      37.36   27.55570  -83.66488   -0.00015    0.00062          4  0.000e+00
      26766   1115.208      9.738      9.803    29.1203    29.1216   5.822761   5.823191     3.1331     2.6618      37.36   27.55570  -83.66488   -0.00016    0.00059          4  0.000e+00
      26767   1115.250      9.700      9.765    29.1203    29.1216   5.822753   5.823167     3.1331     2.6630      37.36   27.55570  -83.66488   -0.00017    0.00058          4  0.000e+00
      26768   1115.292      9.685      9.749    29.1205    29.1214   5.822753   5.823159     3.1331     2.6630      37.36   27.55570  -83.66488   -0.00019    0.00057          4  0.000e+00
      26769   1115.333      9.700      9.765    29.1203    29.1215   5.822753   5.823263     3.1319     2.6618      37.36   27.55570  -83.66488   -0.00022    0.00054          4  0.000e+00
      26770   1115.375      9.738      9.803    29.1205    29.1215   5.822785   5.823231     3.1331     2.6630      37.36   27.55570  -83.66488   -0.00023    0.00051          4  0.000e+00
      26771   1115.417      9.685      9.749    29.1203    29.1214   5.822761   5.823207     3.1319     2.6618      37.36   27.55570  -83.66488   -0.00026    0.00048          4  0.000e+00
      26772   1115.458      9.700      9.765    29.1203    29.1215   5.822706   5.823239     3.1319     2.6630      37.36   27.55570  -83.66488   -0.00029    0.00045          4  0.000e+00
      26773   1115.500      9.685      9.749    29.1205    29.1215   5.822777   5.823215     3.1319     2.6630      37.36   27.55570  -83.66488   -0.00032    0.00042          4  0.000e+00
      26774   1115.542      9.760      9.825    29.1204    29.1216   5.822722   5.823279     3.1319     2.6618      37.36   27.55570  -83.66488   -0.00035    0.00037          4  0.000e+00
      26775   1115.583      9.685      9.749    29.1201    29.1220   5.822737   5.823263     3.1319     2.6630      37.36   27.55570  -83.66488   -0.00038    0.00034          4  0.000e+00
      26776   1115.625      9.700      9.765    29.1201    29.1214   5.822753   5.823231     3.1306     2.6618      37.36   27.55570  -83.66488   -0.00041    0.00029          4  0.000e+00
      26777   1115.667      9.738      9.803    29.1197    29.1213   5.822753   5.823135     3.1306     2.6618      37.36   27.55570  -83.66488   -0.00045    0.00025          4  0.000e+00
      26778   1115.708      9.700      9.765    29.1199    29.1213   5.822753   5.823143     3.1306     2.6618      37.36   27.55570  -83.66488   -0.00048    0.00020          4  0.000e+00
      26779   1115.750      9.685      9.749    29.1201    29.1210   5.822753   5.823047     3.1306     2.6618      37.34   27.55570  -83.66488   -0.00050    0.00015          4  0.000e+00
      26780   1115.792      9.700      9.765    29.1199    29.1207   5.822706   5.822943     3.1306     2.6618      37.26   27.55570  -83.66488   -0.00053    0.00010          4  0.000e+00
      26781   1115.833      9.738      9.803    29.1199    29.1207   5.822698   5.822919     3.1306     2.6618      37.24   27.55570  -83.66488   -0.00055    0.00005          4  0.000e+00
      26782   1115.875      9.700      9.765    29.1196    29.1205   5.822737   5.822847     3.1306     2.6618      37.24   27.55570  -83.66488   -0.00057    0.00001          4  0.000e+00
      26783   1115.917      9.685      9.749    29.1196    29.1203   5.822682   5.822823     3.1306     2.6606      37.24   27.55570  -83.66488   -0.00059   -0.00004          4  0.000e+00
