Gulf of Mexico/GOMECC-4/1db/rb2103_0011.cnv
* Sea-Bird SBE 9 Data File:
* FileName = C:\Users\scs.user.rb\CTD\GOMECC4\data\rb1203_001.hex
* Software Version Seasave V 7.26.7.107
* Temperature SN = 4799
* Conductivity SN = 3860
* Number of Bytes Per Scan = 41
* Number of Voltage Words = 4
* Number of Scans Averaged by the Deck Unit = 1
* NMEA Latitude = 26 59.84 N
* NMEA Longitude = 079 37.07 W
* NMEA UTC (Time) = Sep 14 2021  14:55:20
* NMEA baud rate = 4800
# nquan = 28
# nvalues = 329                         
# units = specified
# name 0 = scan: Scan Count
# name 1 = timeS: Time, Elapsed [seconds]
# name 2 = depSM: Depth [salt water, m]
# name 3 = prDM: Pressure, Digiquartz [db]
# name 4 = t090C: Temperature [ITS-90, deg C]
# name 5 = t190C: Temperature, 2 [ITS-90, deg C]
# name 6 = c0S/m: Conductivity [S/m]
# name 7 = c1S/m: Conductivity, 2 [S/m]
# name 8 = sbeox0V: Oxygen raw, SBE 43 [V]
# name 9 = sbeox1V: Oxygen raw, SBE 43, 2 [V]
# name 10 = altM: Altimeter [m]
# name 11 = latitude: Latitude [deg]
# name 12 = longitude: Longitude [deg]
# name 13 = sbox0dV/dT: Oxygen, SBE 43 [dov/dt]
# name 14 = sbox1dV/dT: Oxygen, SBE 43, 2 [dov/dt]
# name 15 = sbeox0ML/L: Oxygen, SBE 43 [ml/l], WS = 5
# name 16 = sbeox1ML/L: Oxygen, SBE 43, 2 [ml/l], WS = 5
# name 17 = potemp090C: Potential Temperature [ITS-90, deg C]
# name 18 = potemp190C: Potential Temperature, 2 [ITS-90, deg C]
# name 19 = sal00: Salinity, Practical [PSU]
# name 20 = sal11: Salinity, Practical, 2 [PSU]
# name 21 = sigma-é00: Density [sigma-theta, kg/m^3]
# name 22 = sigma-é11: Density, 2 [sigma-theta, kg/m^3]
# name 23 = avgsvCM: Average Sound Velocity [Chen-Millero, m/s], minP = 20, minS = 20
# name 24 = sbox0Mm/Kg: Oxygen, SBE 43 [umol/kg], WS = 5
# name 25 = sbox1Mm/Kg: Oxygen, SBE 43, 2 [umol/kg], WS = 5
# name 26 = nbin: number of scans per bin
# name 27 = flag: flag
# span 0 =      25891,     110923       
# span 1 =   1078.745,   4621.732       
# span 2 =      1.987,    617.974       
# span 3 =      2.000,    623.000       
# span 4 =     7.4703,    29.6723       
# span 5 =     7.4705,    29.6697       
# span 6 =   3.595503,   5.996459       
# span 7 =   3.595390,   5.996522       
# span 8 =     1.6247,     3.2102       
# span 9 =     1.3324,     2.7489       
# span 10 =      14.93,     101.90      
# span 11 =   26.66907,   27.18412      
# span 12 =  -80.14817,  -78.61978      
# span 13 =   -0.05249,    0.16746      
# span 14 =   -0.04657,    0.15850      
# span 15 =     2.6134,     4.5059      
# span 16 =     2.6526,     4.5307      
# span 17 =     7.4080,    29.6664      
# span 18 =     7.4082,    29.6638      
# span 19 =    34.9439,    37.0225      
# span 20 =    34.9440,    37.0264      
# span 21 =    22.5100,    27.3224      
# span 22 =    22.5148,    27.3230      
# span 23 =       0.00,    1546.42      
# span 24 =    113.632,    196.696      
# span 25 =    115.340,    197.786      
# span 26 =         30,         69      
# span 27 = 0.0000e+00, 0.0000e+00      
# interval = decibars: 1                
# start_time = Sep 14 2021 14:55:20 [NMEA time, header]
# bad_flag = -9.990e-29
*END*
[from data line 52]
      33956   1414.791     56.617     57.000    28.3690    28.3708   5.856155   5.856808     3.1583     2.6876     100.00   26.99450  -79.62074   -0.00304   -0.00053     4.4599     4.4670    28.3554    28.3572    36.3399    36.3431    23.2855    23.2873    1545.89    194.646    194.957         39 0.0000e+00
      33994   1416.395     57.610     58.000    28.3425    28.3424   5.853273   5.853757     3.1541     2.6863     100.00   26.99452  -79.62075   -0.00204    0.00050     4.4546     4.4670    28.3287    28.3285    36.3397    36.3432    23.2942    23.2969    1545.87    194.415    194.956         37 0.0000e+00
      34032   1417.951     58.604     59.000    28.3467    28.3466   5.854911   5.855316     3.1550     2.6869     100.00   26.99452  -79.62076   -0.00165   -0.00021     4.4565     4.4683    28.3327    28.3325    36.3477    36.3506    23.2989    23.3011    1545.85    194.496    195.012         39 0.0000e+00
      34074   1419.712     59.597     60.000    28.3305    28.3324   5.852823   5.853353     3.1527     2.6849     100.00   26.99452  -79.62076   -0.00034   -0.00046     4.4537     4.4662    28.3136    28.3184    36.3473    36.3508    23.3049    23.3074    1545.82    194.371    194.918         45 0.0000e+00
      34116   1421.462     60.590     61.000    28.3131    28.3062   5.854169   5.853562     3.1546     2.6793     100.00   26.99454  -79.62076   -0.00017   -0.00236     4.4587     4.4579    28.2911    28.2920    36.3734    36.3750    23.3320    23.3357    1545.80    194.584    194.552         38 0.0000e+00
      34151   1422.923     61.583     62.000    28.2607    28.2584   5.848285   5.848464     3.1463     2.6746      91.73   26.99454  -79.62076   -0.00090   -0.00269     4.4485     4.4510    28.2459    28.2436    36.3665    36.3695    23.3417    23.3447    1545.78    194.138    194.247         33 0.0000e+00
      34186   1424.378     62.576     63.000    28.2592    28.2596   5.849162   5.849670     3.1423     2.6722      88.05   26.99454  -79.62076   -0.00370   -0.00239     4.4416     4.4463    28.2442    28.2445    36.3735    36.3768    23.3475    23.3499    1545.75    193.838    194.041         38 0.0000e+00
      34228   1426.121     63.569     64.000    28.2562    28.2560   5.849372   5.849770     3.1400     2.6655      99.97   26.99454  -79.62076   -0.00257   -0.00277     4.4380     4.4335    28.2410    28.2408    36.3770    36.3799    23.3512    23.3535    1545.73    193.677    193.481         45 0.0000e+00
      34270   1427.859     64.562     65.000    28.2342    28.2303   5.847066   5.847205     3.1348     2.6629     100.00   26.99455  -79.62076   -0.00191   -0.00293     4.4311     4.4308    28.2187    28.2148    36.3782    36.3819    23.3595    23.3636    1545.72    193.377    193.362         38 0.0000e+00
      34306   1429.376     65.556     66.000    28.1705    28.1693   5.841731   5.842063     3.1148     2.6405     100.00   26.99456  -79.62078   -0.00484   -0.00401     4.3900     4.3871    28.1547    28.1535    36.3853    36.3883    23.3859    23.3885    1545.70    191.579    191.451         36 0.0000e+00
      34344   1430.940     66.549     67.000    28.1611    28.1607   5.840624   5.840991     3.0993     2.6280     100.00   26.99456  -79.62078   -0.01059   -0.01007     4.3720     4.3654    28.1451    28.1448    36.3879    36.3907    23.3910    23.3933    1545.67    190.790    190.502         39 0.0000e+00
      34384   1432.618     67.542     68.000    28.1438    28.1430   5.839322   5.839634     3.0960     2.6330     100.00   26.99456  -79.62078   -0.00960   -0.00765     4.3666     4.3752    28.1276    28.1269    36.3928    36.3957    23.4005    23.4029    1545.65    190.555    190.929         41 0.0000e+00
      34425   1434.340     68.535     69.000    28.0691    28.0616   5.828846   5.828334     3.1056     2.6451      99.99   26.99458  -79.62079    0.00128    0.00398     4.3921     4.4088    28.0528    28.0452    36.3754    36.3776    23.4120    23.4162    1545.63    191.664    192.391         42 0.0000e+00
      34468   1436.105     69.528     70.000    27.9791    27.9769   5.815924   5.816172     3.1052     2.6437      92.95   26.99458  -79.62080    0.00351    0.00422     4.3994     4.4131    27.9625    27.9604    36.3535    36.3569    23.4252    23.4285    1545.61    191.979    192.579         40 0.0000e+00
      34505   1437.658     70.521     71.000    27.9163    27.9127   5.807409   5.807409     3.1021     2.6396      99.96   26.99458  -79.62080   -0.00059   -0.00083     4.3992     4.4103    27.8995    27.8959    36.3416    36.3444    23.4369    23.4402    1545.58    191.970    192.454         37 0.0000e+00
      34541   1439.171     71.514     72.000    27.8851    27.8834   5.803888   5.804149     3.0978     2.6343     100.00   26.99458  -79.62080   -0.00208   -0.00254     4.3945     4.4022    27.8681    27.8665    36.3405    36.3436    23.4464    23.4493    1545.56    191.764    192.096         36 0.0000e+00
      34578   1440.699     72.507     73.000    27.8704    27.8695   5.802607   5.802946     3.0962     2.6306     100.00   26.99459  -79.62080   -0.00216   -0.00371     4.3931     4.3962    27.8532    27.8523    36.3425    36.3456    23.4528    23.4554    1545.53    191.700    191.834         37 0.0000e+00
      34616   1442.276     73.500     74.000    27.8209    27.8205   5.797833   5.798405     3.0914     2.6322     100.00   26.99460  -79.62080   -0.00194   -0.00121     4.3883     4.4032    27.8035    27.8031    36.3460    36.3504    23.4716    23.4751    1545.51    191.489    192.138         37 0.0000e+00
      34651   1443.754     74.493     75.000    27.7798    27.7713   5.794924   5.794579     3.0873     2.6253     100.00   26.99460  -79.62081   -0.00263   -0.00086     4.3844     4.3930    27.7622    27.7537    36.3576    36.3618    23.4939    23.4998    1545.48    191.313    191.686         35 0.0000e+00
      34690   1445.361     75.486     76.000    27.6564    27.6437   5.782589   5.780860     3.0781     2.6180     100.00   26.99461  -79.62082   -0.00374   -0.00380     4.3803     4.3897    27.6512    27.6263    36.3559    36.3590    23.5288    23.5376    1545.45    191.128    191.534         43 0.0000e+00
      34731   1447.100     76.479     77.000    27.5720    27.5690   5.772944   5.773255     3.0646     2.6051     100.00   26.99462  -79.62082   -0.00636   -0.00585     4.3593     4.3670    27.5537    27.5510    36.3626    36.3670    23.5656    23.5699    1545.42    190.203    190.540         38 0.0000e+00
      34767   1448.565     77.472     78.000    27.5215    27.5139   5.771938   5.772725     3.0507     2.5904     100.00   26.99462  -79.62082   -0.00793   -0.00774     4.3371     4.3404    27.5033    27.4956    36.3941    36.4057    23.6058    23.6170    1545.39    189.227    189.369         34 0.0000e+00
      34803   1450.067     78.466     79.000    27.4537    27.4489   5.772299   5.772446     3.0317     2.5775     100.00   26.99462  -79.62082   -0.01004   -0.00877     4.3060     4.3177    27.4353    27.4305    36.4493    36.4540    23.6694    23.6745    1545.36    187.860    188.371         40 0.0000e+00
      34845   1451.821     79.459     80.000    27.4138    27.4124   5.768487   5.768812     3.0127     2.5645     100.00   26.99463  -79.62082   -0.01212   -0.00889     4.2743     4.2941    27.3952    27.3938    36.4529    36.4563    23.6851    23.6881    1545.33    186.472    187.338         42 0.0000e+00
      34884   1453.459     80.452     81.000    27.3536    27.3355   5.762950   5.761624     3.0044     2.5566      77.64   26.99464  -79.62082   -0.00941   -0.00649     4.2657     4.2846    27.3348    27.3166    36.4602    36.4648    23.7102    23.7195    1545.30    186.095    186.917         35 0.0000e+00
      34918   1454.871     81.445     82.000    27.2580    27.2576   5.752706   5.753114     3.0010     2.5538      99.94   26.99464  -79.62082   -0.00512   -0.00439     4.2650     4.2838    27.2390    27.2386    36.4613    36.4646    23.7420    23.7446    1545.27    186.059    186.878         35 0.0000e+00
      34956   1456.450     82.438     83.000    27.2322    27.2253   5.749577   5.749192     3.0013     2.5567     100.00   26.99466  -79.62082   -0.00197   -0.00119     4.2682     4.2928    27.2129    27.2060    36.4589    36.4615    23.7486    23.7528    1545.24    186.195    187.269         42 0.0000e+00
      34996   1458.144     83.431     84.000    27.1446    27.1400   5.739303   5.739266     3.0057     2.5531     100.00   26.99466  -79.62082    0.00084    0.00024     4.2852     4.2926    27.1252    27.1206    36.4527    36.4560    23.7722    23.7762    1545.20    186.931    187.255         38 0.0000e+00
      35033   1459.653     84.424     85.000    27.0865    27.0848   5.731835   5.732026     3.0101     2.5572     100.00   26.99466  -79.62084    0.00237   -0.00052     4.2972     4.3053    27.0669    27.0651    36.4452    36.4480    23.7853    23.7879    1545.17    187.456    187.807         36 0.0000e+00
      35070   1461.222     85.417     86.000    26.9462    26.9349   5.713996   5.713008     3.0104     2.5623     100.00   26.99466  -79.62084    0.00208    0.00203     4.3093     4.3277    26.9264    26.9151    36.4268    36.4286    23.8165    23.8215    1545.13    187.977    188.779         39 0.0000e+00
      35109   1462.821     86.410     87.000    26.8200    26.8028   5.699062   5.697432     3.0180     2.5723     100.00   26.99468  -79.62084    0.00201    0.00443     4.3362     4.3598    26.8000    26.7829    36.4181    36.4199    23.8504    23.8573    1545.09    189.142    190.173         37 0.0000e+00
      35146   1464.356     87.403     88.000    26.5537    26.5166   5.668194   5.664541     3.0190     2.5734     100.00   26.99468  -79.62084    0.00280    0.00428     4.3578     4.3831    26.5337    26.4966    36.4044    36.4073    23.9249    23.9389    1545.05    190.072    191.174         36 0.0000e+00
      35181   1465.824     88.396     89.000    26.3685    26.3554   5.648007   5.647275     3.0232     2.5803      83.54   26.99469  -79.62084    0.00224    0.00258     4.3793     4.4100    26.3483    26.3352    36.4040    36.4090    23.9834    23.9913    1545.00    191.002    192.337         35 0.0000e+00
      35217   1467.323     89.389     90.000    26.2894    26.2792   5.639957   5.639374     3.0308     2.5834      99.89   26.99470  -79.62084    0.00348    0.00324     4.4022     4.4227    26.2691    26.2589    36.4077    36.4115    24.0112    24.0173    1544.95    191.991    192.886         37 0.0000e+00
      35256   1468.947     90.382     91.000    26.1946    26.1770   5.630081   5.628806     3.0275     2.5799     100.00   26.99470  -79.62084    0.00236    0.00129     4.4038     4.4233    26.1741    26.1565    36.4105    36.4152    24.0433    24.0523    1544.90    192.054    192.906         39 0.0000e+00
      35294   1470.536     91.375     92.000    26.0747    26.0616   5.618194   5.617510     3.0232     2.5783     100.00   26.99472  -79.62084   -0.00171   -0.00154     4.4059     4.4284    26.0540    26.0410    36.4189    36.4241    24.0874    24.0953    1544.85    192.139    193.118         38 0.0000e+00
      35332   1472.111     92.368     93.000    26.0240    26.0206   5.613491   5.613605     3.0169     2.5694     100.00   26.99472  -79.62084   -0.00317   -0.00319     4.3977     4.4137    26.0031    25.9997    36.4242    36.4277    24.1073    24.1110    1544.80    191.780    192.473         39 0.0000e+00
      35370   1473.724     93.361     94.000    26.0044    26.0034   5.611702   5.612026     3.0118     2.5697     100.00   26.99472  -79.62085   -0.00376   -0.00275     4.3902     4.4159    25.9833    25.9823    36.4263    36.4295    24.1152    24.1178    1544.75    191.448    192.571         38 0.0000e+00
      35408   1475.281     94.354     95.000    25.9834    25.9811   5.609906   5.610103     3.0090     2.5618     100.00   26.99472  -79.62086   -0.00259   -0.00151     4.3868     4.4015    25.9622    25.9598    36.4295    36.4328    24.1242    24.1274    1544.69    191.298    191.941         37 0.0000e+00
      35445   1476.847     95.347     96.000    25.9493    25.9458   5.607171   5.607265     3.0025     2.5535      97.60   26.99474  -79.62086   -0.00261   -0.00466     4.3774     4.3869    25.9278    25.9243    36.4364    36.4398    24.1401    24.1438    1544.64    190.885    191.299         38 0.0000e+00
      35484   1478.451     96.340     97.000    25.9158    25.9128   5.604411   5.604550     2.9961     2.5518      96.75   26.99474  -79.62087   -0.00404   -0.00414     4.3681     4.3859    25.8941    25.8911    36.4424    36.4459    24.1552    24.1588    1544.59    190.479    191.255         39 0.0000e+00
      35523   1480.067     97.333     98.000    25.9123    25.9259   5.607329   5.612480     2.9903     2.5458     100.01   26.99475  -79.62088   -0.00379   -0.00227     4.3573     4.3715    25.8904    25.9040    36.4663    36.4932    24.1744    24.1905    1544.54    190.005    190.622         38 0.0000e+00
      35560   1481.624     98.325     99.000    26.0448    26.0435   5.651077   5.653218     2.9562     2.4911     100.00   26.99476  -79.62088   -0.00713   -0.01062     4.2769     4.2426    26.0225    26.0212    36.6809    36.6976    24.2950    24.3081    1544.50    186.477    184.977         37 0.0000e+00
      35599   1483.258     99.318    100.000    25.9400    25.8973   5.645842   5.643793     2.8543     2.4036      74.33   26.99476  -79.62088   -0.03844   -0.04147     4.1233     4.0745    25.9176    25.8751    36.7262    36.7391    24.3622    24.3828    1544.46    179.765    177.637         42 0.0000e+00
      35641   1484.994    100.311    101.000    25.6061    25.5920   5.620064   5.619626     2.7871     2.3478      98.19   26.99477  -79.62088   -0.05249   -0.04657     3.9828     3.9680    25.5837    25.5696    36.8050    36.8132    24.5259    24.5366    1544.41    173.616    172.968         40 0.0000e+00
      35678   1486.541    101.304    102.000    25.5548    25.5505   5.616671   5.616835     2.7581     2.3326     100.00   26.99478  -79.62088   -0.03435   -0.02507     3.9310     3.9386    25.5322    25.5279    36.8211    36.8258    24.5541    24.5590    1544.36    171.351    171.683         35 0.0000e+00
      35713   1487.985    102.297    103.000    25.5156    25.5130   5.614000   5.614229     2.7494     2.3259     100.00   26.99478  -79.62088   -0.01562   -0.01002     3.9172     3.9271    25.4928    25.4902    36.8328    36.8366    24.5752    24.5789    1544.31    170.746    171.178         36 0.0000e+00
      35751   1489.583    103.290    104.000    25.4888    25.4868   5.611944   5.612186     2.7390     2.3178     100.00   26.99478  -79.62090   -0.00761   -0.00514     3.8993     3.9120    25.4658    25.4638    36.8389    36.8424    24.5882    24.5915    1544.26    169.964    170.516         40 0.0000e+00
      35791   1491.243    104.283    105.000    25.4592    25.4556   5.609878   5.610048     2.7324     2.3116     100.00   26.99480  -79.62090   -0.00566   -0.00487     3.8890     3.9011    25.4360    25.4324    36.8473    36.8515    24.6038    24.6081    1544.22    169.510    170.037         39 0.0000e+00
      35831   1492.919    105.276    106.000    25.4298    25.4279   5.607826   5.608284     2.7264     2.3100     100.00   26.99480  -79.62090   -0.00402   -0.00272     3.8798     3.8996    25.4067    25.4044    36.8553    36.8606    24.6189    24.6236    1544.17    169.109    169.972         40 0.0000e+00
      35870   1494.540    106.269    107.000    25.3832    25.3644   5.604712   5.604055     2.7202     2.3056      99.99   26.99481  -79.62090   -0.00353   -0.00135     3.8715     3.8944    25.3596    25.3408    36.8715    36.8805    24.6457    24.6583    1544.12    168.742    169.740         38 0.0000e+00
