Gulf of Mexico/GOMECC-4/1db/rb2103_0201.ros
* Sea-Bird SBE 9 Data File:
* FileName = C:\Users\scs.user.rb\CTD\GOMECC4\data\rb2103_0201.hex
* Software Version Seasave V 7.26.7.107
* Temperature SN = 4799
* Conductivity SN = 3860
* Number of Bytes Per Scan = 41
* Number of Voltage Words = 4
* Number of Scans Averaged by the Deck Unit = 1
* NMEA Latitude = 29 22.66 N
* NMEA Longitude = 085 30.54 W
* NMEA UTC (Time) = Sep 20 2021  19:24:08
* NMEA baud rate = 4800
# nquan = 17
# nvalues = 399                                   
# units = specified
# name 0 = scan: Scan Count
# name 1 = timeS: Time, Elapsed [seconds]
# name 2 = depSM: Depth [salt water, m]
# name 3 = prDM: Pressure, Digiquartz [db]
# name 4 = t090C: Temperature [ITS-90, deg C]
# name 5 = t190C: Temperature, 2 [ITS-90, deg C]
# name 6 = c0S/m: Conductivity [S/m]
# name 7 = c1S/m: Conductivity, 2 [S/m]
# name 8 = sbeox0V: Oxygen raw, SBE 43 [V]
# name 9 = sbeox1V: Oxygen raw, SBE 43, 2 [V]
# name 10 = altM: Altimeter [m]
# name 11 = latitude: Latitude [deg]
# name 12 = longitude: Longitude [deg]
# name 13 = sbox0dV/dT: Oxygen, SBE 43 [dov/dt]
# name 14 = sbox1dV/dT: Oxygen, SBE 43, 2 [dov/dt]
# name 15 = nbf: Bottles Fired
# name 16 = flag:  0.000e+00
# interval = seconds: 0.0416667
# start_time = Sep 20 2021 19:24:08 [NMEA time, header]
# bad_flag = -9.990e-29
*END*
[from data line 171]
      15722    655.042     15.334     15.439    28.4991    28.4930   5.508521   5.506243     3.0659     2.6081      18.44   29.37790  -85.50802    0.00281    0.00103          2  0.000e+00
      15723    655.083     15.168     15.272    28.4985    28.4934   5.508544   5.506219     3.0672     2.6093      18.46   29.37790  -85.50802    0.00281    0.00101          2  0.000e+00
      15724    655.125     15.191     15.295    28.4987    28.4934   5.508590   5.506251     3.0672     2.6081      18.44   29.37790  -85.50802    0.00280    0.00097          2  0.000e+00
      15725    655.167     15.168     15.272    28.5009    28.4938   5.508691   5.506321     3.0672     2.6093      18.44   29.37790  -85.50802    0.00279    0.00094          2  0.000e+00
      15726    655.208     15.221     15.325    28.5018    28.4937   5.508791   5.506321     3.0672     2.6093      18.44   29.37790  -85.50802    0.00279    0.00092          2  0.000e+00
      15727    655.250     15.191     15.295    28.5027    28.4942   5.508930   5.506337     3.0684     2.6093      18.44   29.37790  -85.50802    0.00278    0.00089          2  0.000e+00
      15728    655.292     15.221     15.325    28.5038    28.4948   5.508915   5.506548     3.0684     2.6093      18.46   29.37790  -85.50802    0.00280    0.00086          2  0.000e+00
      15729    655.333     15.168     15.272    28.5046    28.4954   5.508992   5.506626     3.0684     2.6105      18.44   29.37790  -85.50802    0.00279    0.00085          2  0.000e+00
      15730    655.375     15.191     15.295    28.5057    28.4952   5.509100   5.506689     3.0684     2.6105      18.44   29.37790  -85.50802    0.00277    0.00086          2  0.000e+00
      15731    655.417     15.168     15.272    28.5059    28.4949   5.509285   5.506681     3.0696     2.6105      18.44   29.37790  -85.50802    0.00279    0.00086          2  0.000e+00
      15732    655.458     15.221     15.325    28.5055    28.4948   5.509524   5.506736     3.0696     2.6105      18.44   29.37790  -85.50802    0.00279    0.00086          2  0.000e+00
      15733    655.500     15.191     15.295    28.5059    28.4949   5.509687   5.506689     3.0684     2.6117      18.44   29.37790  -85.50802    0.00278    0.00088          2  0.000e+00
      15734    655.542     15.168     15.272    28.5049    28.4941   5.509841   5.506571     3.0684     2.6117      18.44   29.37790  -85.50802    0.00277    0.00089          2  0.000e+00
      15735    655.583     15.221     15.325    28.5044    28.4938   5.509826   5.506462     3.0696     2.6117      18.44   29.37790  -85.50802    0.00277    0.00091          2  0.000e+00
      15736    655.625     15.191     15.295    28.5042    28.4939   5.509764   5.506509     3.0696     2.6117      18.46   29.37790  -85.50802    0.00279    0.00092          2  0.000e+00
      15737    655.667     15.168     15.272    28.5037    28.4942   5.509594   5.506595     3.0696     2.6117      18.44   29.37790  -85.50802    0.00280    0.00093          2  0.000e+00
      15738    655.708     15.191     15.295    28.5024    28.4948   5.509254   5.506759     3.0696     2.6117      18.44   29.37790  -85.50802    0.00281    0.00094          2  0.000e+00
      15739    655.750     15.221     15.325    28.5009    28.4951   5.508961   5.506869     3.0696     2.6117      18.44   29.37790  -85.50802    0.00282    0.00094          2  0.000e+00
      15740    655.792     15.168     15.272    28.5003    28.4950   5.508691   5.506963     3.0696     2.6117      18.44   29.37790  -85.50802    0.00280    0.00095          2  0.000e+00
      15741    655.833     15.244     15.348    28.4990    28.4949   5.508305   5.506916     3.0696     2.6117      18.44   29.37790  -85.50802    0.00280    0.00095          2  0.000e+00
      15742    655.875     15.168     15.272    28.4983    28.4948   5.507973   5.506830     3.0696     2.6117      18.44   29.37790  -85.50802    0.00279    0.00095          2  0.000e+00
      15743    655.917     15.221     15.325    28.4967    28.4946   5.507680   5.506736     3.0696     2.6105      18.44   29.37790  -85.50802    0.00279    0.00093          2  0.000e+00
      15744    655.958     15.191     15.295    28.4961    28.4945   5.507379   5.506642     3.0696     2.6105      18.44   29.37790  -85.50802    0.00277    0.00091          2  0.000e+00
      15745    656.000     15.221     15.325    28.4954    28.4942   5.507047   5.506548     3.0696     2.6105      18.46   29.37790  -85.50802    0.00276    0.00089          2  0.000e+00
      15746    656.042     15.168     15.272    28.4939    28.4943   5.506784   5.506501     3.0696     2.6105      18.46   29.37790  -85.50802    0.00274    0.00087          2  0.000e+00
      15747    656.083     15.244     15.348    28.4930    28.4938   5.506530   5.506517     3.0696     2.6105      18.49   29.37790  -85.50802    0.00272    0.00085          2  0.000e+00
      15748    656.125     15.168     15.272    28.4923    28.4943   5.506383   5.506603     3.0708     2.6105      18.46   29.37790  -85.50802    0.00271    0.00082          2  0.000e+00
      15749    656.167     15.221     15.325    28.4919    28.4940   5.506267   5.506657     3.0708     2.6105      18.49   29.37790  -85.50802    0.00270    0.00080          2  0.000e+00
      15750    656.208     15.191     15.295    28.4926    28.4945   5.506221   5.506704     3.0696     2.6105      18.49   29.37790  -85.50802    0.00266    0.00079          2  0.000e+00
      15751    656.250     15.221     15.325    28.4932    28.4946   5.506298   5.506814     3.0708     2.6105      18.49   29.37790  -85.50802    0.00264    0.00077          2  0.000e+00
      15752    656.292     15.244     15.348    28.4934    28.4948   5.506414   5.506947     3.0708     2.6105      18.46   29.37790  -85.50802    0.00264    0.00076          2  0.000e+00
      15753    656.333     15.168     15.272    28.4947    28.4957   5.506630   5.507291     3.0708     2.6117      18.46   29.37790  -85.50802    0.00263    0.00077          2  0.000e+00
      15754    656.375     15.221     15.325    28.4954    28.4967   5.506846   5.507463     3.0708     2.6105      18.49   29.37790  -85.50802    0.00261    0.00077          2  0.000e+00
      15755    656.417     15.244     15.348    28.4952    28.4960   5.507016   5.507283     3.0708     2.6105      18.49   29.37790  -85.50802    0.00260    0.00077          2  0.000e+00
      15756    656.458     15.221     15.325    28.4958    28.4954   5.507147   5.507041     3.0708     2.6117      18.46   29.37790  -85.50802    0.00258    0.00079          2  0.000e+00
      15757    656.500     15.221     15.325    28.4954    28.4947   5.507193   5.506876     3.0708     2.6117      18.49   29.37790  -85.50802    0.00257    0.00079          2  0.000e+00
      15758    656.542     15.191     15.295    28.4957    28.4945   5.507108   5.506822     3.0708     2.6129      18.46   29.37790  -85.50802    0.00256    0.00083          2  0.000e+00
      15759    656.583     15.281     15.386    28.4954    28.4946   5.507031   5.506837     3.0708     2.6129      18.46   29.37790  -85.50802    0.00255    0.00086          2  0.000e+00
      15760    656.625     15.168     15.272    28.4950    28.4943   5.507031   5.506822     3.0720     2.6129      18.49   29.37790  -85.50802    0.00255    0.00089          2  0.000e+00
      15761    656.667     15.244     15.348    28.4954    28.4942   5.506985   5.506767     3.0720     2.6129      18.46   29.37790  -85.50802    0.00255    0.00092          2  0.000e+00
      15762    656.708     15.221     15.325    28.4954    28.4936   5.507054   5.506352     3.0720     2.6129      18.49   29.37790  -85.50802    0.00255    0.00095          2  0.000e+00
      15763    656.750     15.221     15.325    28.4958    28.4927   5.507062   5.506079     3.0733     2.6142      18.46   29.37790  -85.50802    0.00255    0.00099          2  0.000e+00
      15764    656.792     15.244     15.348    28.4959    28.4926   5.507108   5.506063     3.0720     2.6142      18.49   29.37790  -85.50802    0.00254    0.00104          2  0.000e+00
      15765    656.833     15.221     15.325    28.4958    28.4923   5.507147   5.506149     3.0720     2.6154      18.49   29.37790  -85.50802    0.00254    0.00109          2  0.000e+00
      15766    656.875     15.244     15.348    28.4958    28.4925   5.507132   5.506235     3.0720     2.6154      18.49   29.37790  -85.50802    0.00253    0.00115          2  0.000e+00
      15767    656.917     15.221     15.325    28.4955    28.4943   5.507162   5.506806     3.0720     2.6166      18.49   29.37790  -85.50802    0.00250    0.00122          2  0.000e+00
      15768    656.958     15.221     15.325    28.4954    28.4957   5.507124   5.507604     3.0720     2.6166      18.46   29.37790  -85.50802    0.00248    0.00129          2  0.000e+00
      15769    657.000     15.244     15.348    28.4952    28.4967   5.506985   5.508073     3.0720     2.6166      18.46   29.37790  -85.50802    0.00247    0.00136          2  0.000e+00
      15770    657.042     15.281     15.386    28.4952    28.4979   5.506923   5.508269     3.0720     2.6166      18.46   29.37790  -85.50802    0.00245    0.00140          2  0.000e+00
      15771    657.083     15.221     15.325    28.4954    28.4985   5.506939   5.508472     3.0720     2.6166      18.44   29.37790  -85.50802    0.00245    0.00147          2  0.000e+00
      15772    657.125     15.244     15.348    28.4950    28.4992   5.506993   5.508738     3.0708     2.6178      18.44   29.37790  -85.50802    0.00243    0.00154          2  0.000e+00
      15773    657.167     15.221     15.325    28.4952    28.4996   5.507170   5.509044     3.0708     2.6178      18.46   29.37790  -85.50802    0.00241    0.00160          2  0.000e+00
      15774    657.208     15.221     15.325    28.4954    28.5002   5.507440   5.509153     3.0708     2.6178      18.46   29.37790  -85.50802    0.00238    0.00165          2  0.000e+00
      15775    657.250     15.244     15.348    28.4959    28.5007   5.507664   5.509239     3.0708     2.6166      18.44   29.37790  -85.50802    0.00235    0.00166          2  0.000e+00
      15776    657.292     15.281     15.386    28.4959    28.5011   5.507741   5.509051     3.0696     2.6178      18.44   29.37790  -85.50802    0.00232    0.00173          2  0.000e+00
      15777    657.333     15.221     15.325    28.4954    28.5001   5.507448   5.508645     3.0696     2.6166      18.44   29.37790  -85.50802    0.00229    0.00177          2  0.000e+00
      15778    657.375     15.244     15.348    28.4950    28.4982   5.507132   5.507987     3.0696     2.6166      18.44   29.37790  -85.50802    0.00226    0.00181          2  0.000e+00
      15779    657.417     15.221     15.325    28.4947    28.4969   5.506900   5.507494     3.0696     2.6166      18.44   29.37790  -85.50802    0.00222    0.00185          2  0.000e+00
      15780    657.458     15.281     15.386    28.4947    28.4959   5.506900   5.507182     3.0696     2.6166      18.44   29.37790  -85.50802    0.00219    0.00189          2  0.000e+00
      15781    657.500     15.244     15.348    28.4947    28.4957   5.507147   5.507158     3.0696     2.6154      18.44   29.37790  -85.50802    0.00215    0.00192          2  0.000e+00
      15782    657.542     15.221     15.325    28.4950    28.4959   5.507410   5.507338     3.0708     2.6154      18.44   29.37790  -85.50802    0.00214    0.00196          2  0.000e+00
      15783    657.583     15.244     15.348    28.4958    28.4968   5.507657   5.507432     3.0708     2.6154      18.44   29.37790  -85.50802    0.00213    0.00199          2  0.000e+00
      15784    657.625     15.281     15.386    28.4979    28.4961   5.508143   5.507166     3.0708     2.6142      18.44   29.37790  -85.50802    0.00212    0.00200          2  0.000e+00
      15785    657.667     15.221     15.325    28.4992    28.4954   5.508544   5.507150     3.0708     2.6142      18.46   29.37790  -85.50802    0.00211    0.00201          2  0.000e+00
      15786    657.708     15.244     15.348    28.4992    28.4969   5.508660   5.507745     3.0708     2.6142      18.44   29.37790  -85.50802    0.00210    0.00203          2  0.000e+00
      15787    657.750     15.281     15.386    28.4991    28.4993   5.508560   5.508692     3.0708     2.6142      18.44   29.37790  -85.50802    0.00209    0.00206          2  0.000e+00
      15788    657.792     15.221     15.325    28.4985    28.5007   5.508289   5.509349     3.0708     2.6129      18.44   29.37790  -85.50802    0.00207    0.00207          2  0.000e+00
      15789    657.833     15.244     15.348    28.4983    28.5019   5.507958   5.509693     3.0708     2.6129      18.46   29.37790  -85.50802    0.00207    0.00207          2  0.000e+00
      15790    657.875     15.221     15.325    28.4980    28.5026   5.507757   5.509795     3.0708     2.6129      18.44   29.37790  -85.50802    0.00207    0.00208          2  0.000e+00
      15791    657.917     15.281     15.386    28.4972    28.5031   5.507633   5.509842     3.0708     2.6129      18.44   29.37790  -85.50802    0.00207    0.00208          2  0.000e+00
      15792    657.958     15.244     15.348    28.4966    28.5029   5.507518   5.509505     3.0708     2.6142      18.44   29.37790  -85.50802    0.00206    0.00211          2  0.000e+00
      15793    658.000     15.221     15.325    28.4963    28.5023   5.507440   5.509012     3.0708     2.6129      18.44   29.37790  -85.50802    0.00206    0.00211          2  0.000e+00
      15794    658.042     15.281     15.386    28.4958    28.5017   5.507332   5.508754     3.0708     2.6142      18.41   29.37790  -85.50802    0.00203    0.00213          2  0.000e+00
      15795    658.083     15.244     15.348    28.4956    28.5012   5.507263   5.508879     3.0720     2.6142      18.41   29.37790  -85.50802    0.00202    0.00215          2  0.000e+00
      15796    658.125     15.221     15.325    28.4954    28.5015   5.507193   5.509216     3.0708     2.6142      18.41   29.37790  -85.50802    0.00199    0.00217          2  0.000e+00
      15797    658.167     15.244     15.348    28.4950    28.5023   5.507193   5.509544     3.0720     2.6129      18.41   29.37790  -85.50802    0.00198    0.00215          2  0.000e+00
      15798    658.208     15.221     15.325    28.4950    28.5033   5.507108   5.509936     3.0708     2.6142      18.41   29.37790  -85.50802    0.00195    0.00214          2  0.000e+00
      15799    658.250     15.281     15.386    28.4947    28.5043   5.507101   5.510131     3.0708     2.6142      18.41   29.37790  -85.50802    0.00191    0.00212          2  0.000e+00
      15800    658.292     15.244     15.348    28.4946    28.5048   5.507124   5.510335     3.0720     2.6142      18.41   29.37790  -85.50802    0.00190    0.00212          2  0.000e+00
      15801    658.333     15.281     15.386    28.4954    28.5053   5.507263   5.510569     3.0720     2.6142      18.41   29.37790  -85.50802    0.00188    0.00209          2  0.000e+00
      15802    658.375     15.221     15.325    28.4954    28.5061   5.507325   5.510695     3.0720     2.6142      18.41   29.37790  -85.50802    0.00183    0.00207          2  0.000e+00
      15803    658.417     15.244     15.348    28.4958    28.5061   5.507417   5.510648     3.0720     2.6129      18.41   29.37790  -85.50802    0.00179    0.00202          2  0.000e+00
      15804    658.458     15.221     15.325    28.4959    28.5054   5.507494   5.510522     3.0708     2.6117      18.41   29.37790  -85.50802    0.00173    0.00196          2  0.000e+00
      15805    658.500     15.281     15.386    28.4959    28.5048   5.507564   5.510249     3.0720     2.6129      18.41   29.37790  -85.50802    0.00168    0.00191          2  0.000e+00
