Gulf of Mexico/GOMECC-4/1db/rb2103_0821.ros
* Sea-Bird SBE 9 Data File:
* FileName = C:\Users\scs.user.rb\CTD\GOMECC4\data\rb2103_0821.hex
* Software Version Seasave V 7.26.7.107
* Temperature SN = 4799
* Conductivity SN = 3860
* Number of Bytes Per Scan = 41
* Number of Voltage Words = 4
* Number of Scans Averaged by the Deck Unit = 1
* NMEA Latitude = 22 16.54 N
* NMEA Longitude = 095 35.27 W
* NMEA UTC (Time) = Oct 06 2021  22:50:02
* NMEA baud rate = 4800
# nquan = 17
# nvalues = 3192                                  
# units = specified
# name 0 = scan: Scan Count
# name 1 = timeS: Time, Elapsed [seconds]
# name 2 = depSM: Depth [salt water, m]
# name 3 = prDM: Pressure, Digiquartz [db]
# name 4 = t090C: Temperature [ITS-90, deg C]
# name 5 = t190C: Temperature, 2 [ITS-90, deg C]
# name 6 = c0S/m: Conductivity [S/m]
# name 7 = c1S/m: Conductivity, 2 [S/m]
# name 8 = sbeox0V: Oxygen raw, SBE 43 [V]
# name 9 = sbeox1V: Oxygen raw, SBE 43, 2 [V]
# name 10 = altM: Altimeter [m]
# name 11 = latitude: Latitude [deg]
# name 12 = longitude: Longitude [deg]
# name 13 = sbox0dV/dT: Oxygen, SBE 43 [dov/dt]
# name 14 = sbox1dV/dT: Oxygen, SBE 43, 2 [dov/dt]
# name 15 = nbf: Bottles Fired
# name 16 = flag:  0.000e+00
# interval = seconds: 0.0416667
# start_time = Oct 06 2021 22:50:02 [NMEA time, header]
# bad_flag = -9.990e-29
*END*
[from data line 1107]
     162515   6771.417   1139.385   1149.719     4.7432     4.7470   3.368894   3.369062     1.8877     1.5678      62.00   22.27464  -95.59076    0.00000   -0.00010          9  0.000e+00
     162516   6771.458   1139.385   1149.719     4.7434     4.7469   3.368888   3.369081     1.8877     1.5678      61.98   22.27464  -95.59076   -0.00001   -0.00011          9  0.000e+00
     162517   6771.500   1139.433   1149.768     4.7430     4.7471   3.368888   3.369094     1.8877     1.5690      61.98   22.27464  -95.59076   -0.00001   -0.00011          9  0.000e+00
     162518   6771.542   1139.385   1149.720     4.7430     4.7470   3.368862   3.369088     1.8877     1.5690      61.98   22.27464  -95.59076   -0.00001   -0.00009          9  0.000e+00
     162519   6771.583   1139.433   1149.768     4.7426     4.7471   3.368837   3.369094     1.8877     1.5678      61.98   22.27464  -95.59076   -0.00001   -0.00008          9  0.000e+00
     162520   6771.625   1139.385   1149.720     4.7401     4.7470   3.368692   3.369075     1.8877     1.5678      61.98   22.27464  -95.59076   -0.00000   -0.00008          9  0.000e+00
     162521   6771.667   1139.434   1149.769     4.7380     4.7468   3.368508   3.369081     1.8877     1.5678      61.98   22.27464  -95.59076   -0.00000   -0.00008          9  0.000e+00
     162522   6771.708   1139.434   1149.769     4.7350     4.7471   3.368439   3.369094     1.8877     1.5678      61.98   22.27464  -95.59076   -0.00002   -0.00008          9  0.000e+00
     162523   6771.750   1139.434   1149.769     4.7351     4.7473   3.368433   3.369088     1.8889     1.5690      61.98   22.27464  -95.59076   -0.00002   -0.00006          9  0.000e+00
     162524   6771.792   1139.434   1149.769     4.7353     4.7474   3.368452   3.369094     1.8877     1.5678      61.98   22.27464  -95.59076   -0.00003   -0.00006          9  0.000e+00
     162525   6771.833   1139.434   1149.769     4.7350     4.7473   3.368388   3.369069     1.8877     1.5690      61.98   22.27464  -95.59076   -0.00003   -0.00004          9  0.000e+00
     162526   6771.875   1139.489   1149.825     4.7334     4.7474   3.368344   3.369088     1.8877     1.5690      61.98   22.27464  -95.59076   -0.00003   -0.00002          9  0.000e+00
     162527   6771.917   1139.434   1149.769     4.7321     4.7471   3.368268   3.369113     1.8877     1.5690      61.98   22.27464  -95.59076   -0.00003    0.00000          9  0.000e+00
     162528   6771.958   1139.434   1149.769     4.7323     4.7468   3.368287   3.369101     1.8889     1.5690      61.98   22.27464  -95.59076   -0.00002    0.00002          9  0.000e+00
     162529   6772.000   1139.482   1149.818     4.7335     4.7465   3.368376   3.369088     1.8889     1.5690      61.98   22.27464  -95.59076    0.00000    0.00004          9  0.000e+00
     162530   6772.042   1139.482   1149.818     4.7354     4.7468   3.368445   3.369094     1.8877     1.5690      61.98   22.27464  -95.59076    0.00000    0.00006          9  0.000e+00
     162531   6772.083   1139.489   1149.825     4.7378     4.7468   3.368521   3.369113     1.8877     1.5690      75.78   22.27464  -95.59076    0.00000    0.00007          9  0.000e+00
     162532   6772.125   1139.482   1149.818     4.7396     4.7466   3.368597   3.369101     1.8877     1.5690      96.36   22.27464  -95.59076   -0.00002    0.00009          9  0.000e+00
     162533   6772.167   1139.482   1149.818     4.7404     4.7466   3.368635   3.369113     1.8877     1.5690     100.00   22.27464  -95.59076   -0.00002    0.00011          9  0.000e+00
     162534   6772.208   1139.538   1149.874     4.7407     4.7466   3.368685   3.369101     1.8877     1.5690     100.00   22.27464  -95.59076   -0.00002    0.00012          9  0.000e+00
     162535   6772.250   1139.538   1149.874     4.7408     4.7452   3.368723   3.369088     1.8877     1.5690     100.00   22.27464  -95.59076   -0.00002    0.00014          9  0.000e+00
     162536   6772.292   1139.538   1149.874     4.7416     4.7434   3.368736   3.369005     1.8877     1.5690      99.98   22.27464  -95.59076   -0.00002    0.00017          9  0.000e+00
     162537   6772.333   1139.483   1149.818     4.7416     4.7436   3.368780   3.369017     1.8877     1.5690     100.00   22.27464  -95.59076   -0.00000    0.00021          9  0.000e+00
     162538   6772.375   1139.586   1149.923     4.7415     4.7441   3.368774   3.368966     1.8877     1.5690     100.00   22.27464  -95.59076   -0.00000    0.00022          9  0.000e+00
     162539   6772.417   1139.538   1149.874     4.7416     4.7442   3.368768   3.368960     1.8877     1.5690     100.00   22.27464  -95.59076   -0.00000    0.00024          9  0.000e+00
     162540   6772.458   1139.586   1149.923     4.7422     4.7450   3.368837   3.368972     1.8877     1.5690     100.00   22.27464  -95.59076   -0.00000    0.00025          9  0.000e+00
     162541   6772.500   1139.538   1149.874     4.7423     4.7460   3.368812   3.368992     1.8877     1.5690     100.00   22.27464  -95.59076   -0.00000    0.00027          9  0.000e+00
     162542   6772.542   1139.586   1149.923     4.7423     4.7463   3.368818   3.368960     1.8877     1.5690     100.00   22.27464  -95.59076   -0.00000    0.00028          9  0.000e+00
     162543   6772.583   1139.586   1149.923     4.7423     4.7447   3.368831   3.368940     1.8877     1.5690     100.00   22.27464  -95.59076   -0.00000    0.00030          9  0.000e+00
     162544   6772.625   1139.641   1149.979     4.7421     4.7442   3.368806   3.368851     1.8877     1.5690     100.00   22.27464  -95.59076   -0.00000    0.00033          9  0.000e+00
     162545   6772.667   1139.586   1149.923     4.7421     4.7452   3.368793   3.368883     1.8877     1.5690     100.00   22.27464  -95.59076   -0.00002    0.00034          9  0.000e+00
     162546   6772.708   1139.641   1149.979     4.7426     4.7460   3.368818   3.368870     1.8889     1.5690     100.00   22.27464  -95.59076   -0.00001    0.00035          9  0.000e+00
     162547   6772.750   1139.642   1149.979     4.7423     4.7439   3.368806   3.368755     1.8889     1.5690     100.00   22.27464  -95.59076    0.00001    0.00037          9  0.000e+00
     162548   6772.792   1139.642   1149.979     4.7423     4.7402   3.368799   3.368499     1.8889     1.5690     100.00   22.27464  -95.59076    0.00003    0.00038          9  0.000e+00
     162549   6772.833   1139.642   1149.979     4.7416     4.7369   3.368818   3.368306     1.8877     1.5690     100.00   22.27464  -95.59076    0.00002    0.00039          9  0.000e+00
     162550   6772.875   1139.690   1150.028     4.7416     4.7367   3.368806   3.368268     1.8877     1.5690     100.00   22.27464  -95.59076    0.00004    0.00040          9  0.000e+00
     162551   6772.917   1139.642   1149.979     4.7413     4.7372   3.368799   3.368294     1.8889     1.5690     100.00   22.27464  -95.59076    0.00006    0.00041          9  0.000e+00
     162552   6772.958   1139.690   1150.028     4.7415     4.7377   3.368774   3.368300     1.8877     1.5690     100.00   22.27464  -95.59076    0.00005    0.00043          9  0.000e+00
     162553   6773.000   1139.690   1150.028     4.7418     4.7391   3.368768   3.368345     1.8877     1.5690     100.00   22.27464  -95.59076    0.00005    0.00044          9  0.000e+00
     162554   6773.042   1139.690   1150.028     4.7416     4.7402   3.368787   3.368383     1.8877     1.5690     100.00   22.27464  -95.59076    0.00007    0.00045          9  0.000e+00
     162555   6773.083   1139.690   1150.028     4.7418     4.7404   3.368818   3.368441     1.8877     1.5690     100.00   22.27464  -95.59076    0.00009    0.00046          9  0.000e+00
     162556   6773.125   1139.745   1150.084     4.7420     4.7398   3.368831   3.368473     1.8877     1.5690     100.00   22.27464  -95.59076    0.00010    0.00048          9  0.000e+00
     162557   6773.167   1139.745   1150.084     4.7424     4.7398   3.368831   3.368531     1.8877     1.5690     100.00   22.27464  -95.59076    0.00010    0.00049          9  0.000e+00
     162558   6773.208   1139.690   1150.028     4.7426     4.7398   3.368831   3.368569     1.8877     1.5690     100.00   22.27464  -95.59076    0.00010    0.00050          9  0.000e+00
     162559   6773.250   1139.745   1150.084     4.7418     4.7396   3.368711   3.368531     1.8889     1.5690     100.00   22.27464  -95.59076    0.00012    0.00051          9  0.000e+00
     162560   6773.292   1139.746   1150.084     4.7394     4.7391   3.368439   3.368556     1.8877     1.5690     100.00   22.27464  -95.59076    0.00012    0.00052          9  0.000e+00
     162561   6773.333   1139.691   1150.029     4.7364     4.7389   3.368116   3.368505     1.8877     1.5690     100.00   22.27464  -95.59076    0.00012    0.00053          9  0.000e+00
     162562   6773.375   1139.794   1150.133     4.7340     4.7391   3.367819   3.368524     1.8877     1.5690     100.00   22.27464  -95.59076    0.00013    0.00054          9  0.000e+00
     162563   6773.417   1139.746   1150.084     4.7304     4.7396   3.367503   3.368543     1.8889     1.5690     100.00   22.27464  -95.59076    0.00015    0.00054          9  0.000e+00
     162564   6773.458   1139.746   1150.084     4.7240     4.7404   3.367231   3.368518     1.8877     1.5690     100.00   22.27464  -95.59076    0.00015    0.00053          9  0.000e+00
     162565   6773.500   1139.746   1150.085     4.7192     4.7409   3.367061   3.368492     1.8889     1.5690     100.00   22.27464  -95.59076    0.00016    0.00054          9  0.000e+00
     162566   6773.542   1139.794   1150.133     4.7178     4.7412   3.366858   3.368505     1.8889     1.5690     100.00   22.27464  -95.59076    0.00018    0.00055          9  0.000e+00
     162567   6773.583   1139.746   1150.085     4.7173     4.7406   3.366713   3.368492     1.8877     1.5690     100.00   22.27464  -95.59076    0.00018    0.00055          9  0.000e+00
     162568   6773.625   1139.746   1150.085     4.7168     4.7396   3.366631   3.368524     1.8877     1.5690     100.00   22.27464  -95.59076    0.00018    0.00056          9  0.000e+00
     162569   6773.667   1139.746   1150.085     4.7157     4.7403   3.366593   3.368524     1.8877     1.5690     100.00   22.27464  -95.59076    0.00017    0.00056          9  0.000e+00
     162570   6773.708   1139.794   1150.134     4.7160     4.7404   3.366593   3.368486     1.8877     1.5690     100.00   22.27464  -95.59076    0.00017    0.00057          9  0.000e+00
     162571   6773.750   1139.746   1150.085     4.7170     4.7410   3.366593   3.368479     1.8877     1.5690     100.00   22.27464  -95.59076    0.00017    0.00057          9  0.000e+00
     162572   6773.792   1139.794   1150.134     4.7164     4.7409   3.366593   3.368467     1.8877     1.5678     100.00   22.27464  -95.59076    0.00017    0.00056          9  0.000e+00
     162573   6773.833   1139.746   1150.085     4.7157     4.7404   3.366574   3.368447     1.8877     1.5678     100.00   22.27464  -95.59076    0.00017    0.00055          9  0.000e+00
     162574   6773.875   1139.746   1150.085     4.7154     4.7396   3.366568   3.368428     1.8877     1.5678     100.00   22.27464  -95.59076    0.00017    0.00053          9  0.000e+00
     162575   6773.917   1139.746   1150.085     4.7149     4.7398   3.366606   3.368370     1.8877     1.5678     100.00   22.27464  -95.59076    0.00015    0.00052          9  0.000e+00
     162576   6773.958   1139.746   1150.085     4.7148     4.7396   3.366707   3.368338     1.8877     1.5690     100.00   22.27464  -95.59076    0.00013    0.00050          9  0.000e+00
     162577   6774.000   1139.747   1150.085     4.7160     4.7399   3.366745   3.368306     1.8889     1.5690     100.00   22.27464  -95.59076    0.00014    0.00051          9  0.000e+00
     162578   6774.042   1139.747   1150.085     4.7174     4.7407   3.366839   3.368281     1.8877     1.5690     100.00   22.27464  -95.59076    0.00014    0.00051          9  0.000e+00
     162579   6774.083   1139.747   1150.085     4.7218     4.7393   3.366915   3.368313     1.8877     1.5690     100.00   22.27464  -95.59076    0.00014    0.00051          9  0.000e+00
     162580   6774.125   1139.747   1150.085     4.7234     4.7393   3.367023   3.368332     1.8877     1.5678     100.00   22.27464  -95.59076    0.00013    0.00048          9  0.000e+00
     162581   6774.167   1139.747   1150.085     4.7246     4.7388   3.367099   3.368306     1.8877     1.5690     100.00   22.27464  -95.59076    0.00013    0.00046          9  0.000e+00
     162582   6774.208   1139.747   1150.086     4.7257     4.7364   3.367156   3.368326     1.8877     1.5690     100.00   22.27464  -95.59076    0.00011    0.00047          9  0.000e+00
     162583   6774.250   1139.692   1150.030     4.7257     4.7364   3.367174   3.368511     1.8877     1.5690     100.00   22.27464  -95.59076    0.00009    0.00045          9  0.000e+00
     162584   6774.292   1139.747   1150.086     4.7244     4.7388   3.367269   3.368620     1.8877     1.5690     100.00   22.27464  -95.59076    0.00009    0.00043          9  0.000e+00
     162585   6774.333   1139.692   1150.030     4.7241     4.7401   3.367383   3.368697     1.8877     1.5678     100.00   22.27464  -95.59076    0.00008    0.00041          9  0.000e+00
     162586   6774.375   1139.692   1150.030     4.7244     4.7391   3.367510   3.368659     1.8877     1.5678     100.00   22.27464  -95.59076    0.00008    0.00038          9  0.000e+00
     162587   6774.417   1139.692   1150.030     4.7222     4.7394   3.367725   3.368607     1.8877     1.5678     100.00   22.27464  -95.59076    0.00007    0.00036          9  0.000e+00
     162588   6774.458   1139.692   1150.030     4.7234     4.7402   3.367971   3.368652     1.8877     1.5678     100.00   22.27464  -95.59076    0.00007    0.00034          9  0.000e+00
     162589   6774.500   1139.692   1150.030     4.7289     4.7398   3.368167   3.368639     1.8877     1.5678     100.00   22.27464  -95.59076    0.00007    0.00032          9  0.000e+00
     162590   6774.542   1139.644   1149.982     4.7340     4.7388   3.368350   3.368659     1.8877     1.5678     100.00   22.27464  -95.59076    0.00006    0.00029          9  0.000e+00
     162591   6774.583   1139.644   1149.982     4.7342     4.7389   3.368490   3.368691     1.8877     1.5678     100.00   22.27464  -95.59076    0.00006    0.00025          9  0.000e+00
     162592   6774.625   1139.692   1150.030     4.7364     4.7401   3.368521   3.368742     1.8877     1.5678     100.00   22.27464  -95.59076    0.00006    0.00023          9  0.000e+00
     162593   6774.667   1139.644   1149.982     4.7386     4.7404   3.368635   3.368755     1.8877     1.5678     100.00   22.27464  -95.59076    0.00007    0.00021          9  0.000e+00
     162594   6774.708   1139.644   1149.982     4.7388     4.7385   3.368717   3.368780     1.8877     1.5690     100.00   22.27464  -95.59076    0.00007    0.00019          9  0.000e+00
     162595   6774.750   1139.644   1149.982     4.7397     4.7393   3.368692   3.368748     1.8877     1.5678     100.00   22.27464  -95.59076    0.00006    0.00017          9  0.000e+00
     162596   6774.792   1139.644   1149.982     4.7405     4.7409   3.368698   3.368678     1.8877     1.5678     100.00   22.27464  -95.59076    0.00006    0.00015          9  0.000e+00
     162597   6774.833   1139.589   1149.926     4.7408     4.7422   3.368723   3.368646     1.8877     1.5678     100.00   22.27464  -95.59076    0.00006    0.00013          9  0.000e+00
     162598   6774.875   1139.645   1149.982     4.7415     4.7409   3.368736   3.368543     1.8864     1.5678     100.00   22.27464  -95.59076    0.00004    0.00011          9  0.000e+00
