Gulf of Mexico/GOMECC-4/1db/rb2103_0901.ros
* Sea-Bird SBE 9 Data File:
* FileName = C:\Users\scs.user.rb\CTD\GOMECC4\data\rb2103_0901.hex
* Software Version Seasave V 7.26.7.107
* Temperature SN = 4799
* Conductivity SN = 3860
* Number of Bytes Per Scan = 41
* Number of Voltage Words = 4
* Number of Scans Averaged by the Deck Unit = 1
* NMEA Latitude = 22 00.00 N
* NMEA Longitude = 092 55.04 W
* NMEA UTC (Time) = Oct 09 2021  18:18:51
* NMEA baud rate = 4800
# nquan = 17
# nvalues = 3192                                  
# units = specified
# name 0 = scan: Scan Count
# name 1 = timeS: Time, Elapsed [seconds]
# name 2 = depSM: Depth [salt water, m]
# name 3 = prDM: Pressure, Digiquartz [db]
# name 4 = t090C: Temperature [ITS-90, deg C]
# name 5 = t190C: Temperature, 2 [ITS-90, deg C]
# name 6 = c0S/m: Conductivity [S/m]
# name 7 = c1S/m: Conductivity, 2 [S/m]
# name 8 = sbeox0V: Oxygen raw, SBE 43 [V]
# name 9 = sbeox1V: Oxygen raw, SBE 43, 2 [V]
# name 10 = altM: Altimeter [m]
# name 11 = latitude: Latitude [deg]
# name 12 = longitude: Longitude [deg]
# name 13 = sbox0dV/dT: Oxygen, SBE 43 [dov/dt]
# name 14 = sbox1dV/dT: Oxygen, SBE 43, 2 [dov/dt]
# name 15 = nbf: Bottles Fired
# name 16 = flag:  0.000e+00
# interval = seconds: 0.0416667
# start_time = Oct 09 2021 18:18:51 [NMEA time, header]
# bad_flag = -9.990e-29
*END*
[from data line 1703]
     199285   8303.500    397.211    400.088    10.4844    10.4843   3.901242   3.901169     1.5775     1.2796     100.00   22.00240  -92.91554    0.00009    0.00014         13  0.000e+00
     199286   8303.542    397.266    400.143    10.4844    10.4841   3.901202   3.901197     1.5775     1.2796     100.00   22.00240  -92.91554    0.00008    0.00015         13  0.000e+00
     199287   8303.583    397.211    400.088    10.4844    10.4841   3.901208   3.901176     1.5775     1.2796     100.00   22.00240  -92.91554    0.00006    0.00015         13  0.000e+00
     199288   8303.625    397.266    400.143    10.4845    10.4844   3.901195   3.901197     1.5775     1.2796     100.00   22.00240  -92.91554    0.00004    0.00016         13  0.000e+00
     199289   8303.667    397.211    400.088    10.4842    10.4844   3.901208   3.901176     1.5775     1.2796     100.00   22.00240  -92.91554    0.00002    0.00016         13  0.000e+00
     199290   8303.708    397.211    400.088    10.4840    10.4843   3.901195   3.901197     1.5788     1.2796     100.00   22.00240  -92.91554    0.00003    0.00015         13  0.000e+00
     199291   8303.750    397.211    400.088    10.4842    10.4846   3.901208   3.901230     1.5788     1.2796     100.00   22.00240  -92.91554    0.00003    0.00014         13  0.000e+00
     199292   8303.792    397.266    400.143    10.4840    10.4846   3.901195   3.901237     1.5788     1.2796     100.00   22.00240  -92.91554    0.00003    0.00014         13  0.000e+00
     199293   8303.833    397.109    399.985    10.4839    10.4848   3.901208   3.901190     1.5788     1.2796     100.00   22.00240  -92.91554    0.00002    0.00015         13  0.000e+00
     199294   8303.875    397.341    400.219    10.4840    10.4844   3.901195   3.901224     1.5775     1.2796     100.00   22.00240  -92.91554    0.00000    0.00015         13  0.000e+00
     199295   8303.917    397.164    400.040    10.4839    10.4848   3.901188   3.901210     1.5788     1.2796     100.00   22.00240  -92.91554    0.00002    0.00016         13  0.000e+00
     199296   8303.958    397.266    400.143    10.4840    10.4846   3.901208   3.901203     1.5775     1.2796     100.00   22.00240  -92.91554    0.00001    0.00015         13  0.000e+00
     199297   8304.000    397.164    400.041    10.4840    10.4846   3.901215   3.901251     1.5788     1.2796     100.00   22.00240  -92.91554    0.00001    0.00013         13  0.000e+00
     199298   8304.042    397.212    400.089    10.4842    10.4848   3.901215   3.901224     1.5788     1.2796     100.00   22.00240  -92.91554    0.00003    0.00012         13  0.000e+00
     199299   8304.083    397.212    400.089    10.4839    10.4846   3.901195   3.901183     1.5788     1.2796     100.00   22.00240  -92.91554    0.00004    0.00013         13  0.000e+00
     199300   8304.125    397.164    400.041    10.4840    10.4848   3.901235   3.901197     1.5788     1.2796     100.00   22.00240  -92.91554    0.00004    0.00013         13  0.000e+00
     199301   8304.167    397.212    400.089    10.4842    10.4848   3.901249   3.901230     1.5775     1.2796     100.00   22.00240  -92.91554    0.00002    0.00012         13  0.000e+00
     199302   8304.208    397.164    400.041    10.4846    10.4846   3.901249   3.901217     1.5775     1.2796     100.00   22.00240  -92.91554   -0.00001    0.00010         13  0.000e+00
     199303   8304.250    397.191    400.068    10.4846    10.4849   3.901275   3.901203     1.5775     1.2784     100.00   22.00240  -92.91554   -0.00003    0.00009         13  0.000e+00
     199304   8304.292    397.164    400.041    10.4847    10.4849   3.901289   3.901203     1.5775     1.2796     100.00   22.00240  -92.91554   -0.00005    0.00009         13  0.000e+00
     199305   8304.333    397.212    400.089    10.4849    10.4849   3.901282   3.901176     1.5775     1.2796     100.00   22.00240  -92.91554   -0.00007    0.00010         13  0.000e+00
     199306   8304.375    397.110    399.986    10.4849    10.4851   3.901262   3.901224     1.5775     1.2796     100.00   22.00240  -92.91554   -0.00009    0.00010         13  0.000e+00
     199307   8304.417    397.212    400.089    10.4847    10.4848   3.901255   3.901217     1.5775     1.2796     100.00   22.00240  -92.91554   -0.00009    0.00010         13  0.000e+00
     199308   8304.458    397.164    400.041    10.4846    10.4849   3.901275   3.901230     1.5788     1.2796     100.00   22.00240  -92.91554   -0.00008    0.00011         13  0.000e+00
     199309   8304.500    397.110    399.986    10.4847    10.4851   3.901228   3.901264     1.5775     1.2796     100.00   22.00240  -92.91554   -0.00010    0.00009         13  0.000e+00
     199310   8304.542    397.165    400.041    10.4847    10.4848   3.901242   3.901251     1.5775     1.2796     100.00   22.00240  -92.91554   -0.00010    0.00008         13  0.000e+00
     205387   8557.750    297.533    299.615    12.6417    12.6414   4.137814   4.137734     1.6508     1.3443     100.00   22.00248  -92.91550   -0.00001   -0.00001         14  0.000e+00
     205388   8557.792    298.036    300.122    12.6417    12.6416   4.137766   4.137699     1.6496     1.3443      76.61   22.00248  -92.91548   -0.00003   -0.00002         14  0.000e+00
     205389   8557.833    297.784    299.869    12.6420    12.6417   4.137780   4.137776     1.6508     1.3443      45.08   22.00248  -92.91548   -0.00002   -0.00002         14  0.000e+00
     205390   8557.875    297.886    299.972    12.6419    12.6419   4.137794   4.137803     1.6508     1.3443      37.41   22.00248  -92.91548   -0.00000   -0.00002         14  0.000e+00
     205391   8557.917    297.839    299.924    12.6422    12.6418   4.137814   4.137824     1.6508     1.3443      38.63   22.00248  -92.91548   -0.00001   -0.00002         14  0.000e+00
     205392   8557.958    297.832    299.917    12.6424    12.6421   4.137849   4.137810     1.6520     1.3443      39.93   22.00248  -92.91548    0.00000   -0.00003         14  0.000e+00
     205393   8558.000    297.832    299.917    12.6422    12.6419   4.137835   4.137796     1.6508     1.3443      40.20   22.00248  -92.91548    0.00002   -0.00003         14  0.000e+00
     205394   8558.042    297.887    299.972    12.6422    12.6417   4.137828   4.137748     1.6508     1.3443      40.12   22.00248  -92.91548    0.00001   -0.00003         14  0.000e+00
     205395   8558.083    297.839    299.924    12.6422    12.6416   4.137849   4.137755     1.6508     1.3443      40.07   22.00248  -92.91548    0.00003   -0.00003         14  0.000e+00
     205396   8558.125    297.832    299.917    12.6422    12.6415   4.137883   4.137789     1.6508     1.3443      40.07   22.00248  -92.91548    0.00002   -0.00003         14  0.000e+00
     205397   8558.167    297.832    299.917    12.6424    12.6418   4.137869   4.137796     1.6508     1.3443      40.07   22.00248  -92.91548    0.00003   -0.00004         14  0.000e+00
     205398   8558.208    297.833    299.917    12.6420    12.6419   4.137862   4.137796     1.6508     1.3443      40.05   22.00248  -92.91548    0.00003   -0.00004         14  0.000e+00
     205399   8558.250    297.839    299.924    12.6417    12.6418   4.137807   4.137824     1.6508     1.3443      40.07   22.00248  -92.91548    0.00004   -0.00004         14  0.000e+00
     205400   8558.292    297.833    299.917    12.6419    12.6421   4.137814   4.137859     1.6508     1.3443      40.07   22.00248  -92.91548    0.00005   -0.00004         14  0.000e+00
     205401   8558.333    297.833    299.918    12.6417    12.6418   4.137801   4.137810     1.6508     1.3443      40.07   22.00248  -92.91548    0.00005   -0.00004         14  0.000e+00
     205402   8558.375    297.840    299.924    12.6419    12.6418   4.137814   4.137776     1.6508     1.3443      40.07   22.00248  -92.91548    0.00004   -0.00005         14  0.000e+00
     205403   8558.417    297.833    299.918    12.6417    12.6421   4.137766   4.137817     1.6508     1.3443      40.07   22.00248  -92.91548    0.00005   -0.00005         14  0.000e+00
     205404   8558.458    297.833    299.918    12.6417    12.6420   4.137807   4.137838     1.6508     1.3443      40.07   22.00248  -92.91548    0.00004   -0.00005         14  0.000e+00
     205405   8558.500    297.833    299.918    12.6420    12.6418   4.137828   4.137776     1.6508     1.3443      40.05   22.00248  -92.91548    0.00004   -0.00005         14  0.000e+00
     205406   8558.542    297.887    299.973    12.6419    12.6417   4.137801   4.137790     1.6508     1.3443      40.05   22.00248  -92.91548    0.00003   -0.00005         14  0.000e+00
     205407   8558.583    297.785    299.870    12.6419    12.6421   4.137842   4.137824     1.6508     1.3443      40.07   22.00248  -92.91548    0.00002   -0.00006         14  0.000e+00
     205408   8558.625    297.888    299.973    12.6420    12.6423   4.137862   4.137838     1.6508     1.3443      40.07   22.00248  -92.91548    0.00003   -0.00006         14  0.000e+00
     205409   8558.667    297.786    299.870    12.6420    12.6422   4.137835   4.137803     1.6508     1.3443      40.07   22.00248  -92.91548    0.00004   -0.00006         14  0.000e+00
     205410   8558.708    297.888    299.973    12.6426    12.6421   4.137910   4.137824     1.6508     1.3443      40.05   22.00248  -92.91548    0.00005   -0.00006         14  0.000e+00
     205411   8558.750    297.833    299.918    12.6425    12.6422   4.137938   4.137838     1.6508     1.3443      64.47   22.00248  -92.91548    0.00006   -0.00007         14  0.000e+00
     205412   8558.792    297.833    299.918    12.6426    12.6424   4.137903   4.137887     1.6508     1.3443      95.43   22.00248  -92.91548    0.00007   -0.00007         14  0.000e+00
     205413   8558.833    297.888    299.973    12.6424    12.6423   4.137951   4.137880     1.6508     1.3443     100.00   22.00248  -92.91548    0.00008   -0.00007         14  0.000e+00
     205414   8558.875    297.833    299.918    12.6425    12.6425   4.137945   4.137894     1.6508     1.3443     100.00   22.00248  -92.91548    0.00009   -0.00007         14  0.000e+00
     205415   8558.917    297.834    299.918    12.6427    12.6429   4.137903   4.137908     1.6508     1.3443     100.00   22.00248  -92.91548    0.00010   -0.00007         14  0.000e+00
     205416   8558.958    297.888    299.973    12.6425    12.6430   4.137897   4.137935     1.6508     1.3443     100.00   22.00248  -92.91548    0.00011   -0.00008         14  0.000e+00
     205417   8559.000    297.888    299.973    12.6425    12.6431   4.137951   4.137915     1.6508     1.3443      99.98   22.00248  -92.91548    0.00012   -0.00008         14  0.000e+00
     205418   8559.042    297.834    299.919    12.6424    12.6429   4.137890   4.137908     1.6508     1.3443     100.00   22.00248  -92.91548    0.00013   -0.00008         14  0.000e+00
     205419   8559.083    297.888    299.973    12.6424    12.6428   4.137883   4.137908     1.6508     1.3443     100.00   22.00248  -92.91548    0.00012   -0.00008         14  0.000e+00
     205420   8559.125    297.888    299.973    12.6419    12.6429   4.137869   4.137880     1.6508     1.3443     100.00   22.00248  -92.91548    0.00013   -0.00007         14  0.000e+00
     205421   8559.167    297.888    299.974    12.6420    12.6427   4.137883   4.137873     1.6508     1.3443     100.00   22.00248  -92.91548    0.00014   -0.00007         14  0.000e+00
     205422   8559.208    297.888    299.974    12.6420    12.6427   4.137842   4.137845     1.6508     1.3443     100.00   22.00248  -92.91548    0.00013   -0.00005         14  0.000e+00
     205423   8559.250    297.834    299.919    12.6420    12.6426   4.137849   4.137887     1.6508     1.3443     100.00   22.00248  -92.91548    0.00013   -0.00005         14  0.000e+00
     205424   8559.292    297.888    299.974    12.6426    12.6428   4.137917   4.137880     1.6508     1.3443     100.00   22.00248  -92.91548    0.00013   -0.00006         14  0.000e+00
     205425   8559.333    297.936    300.022    12.6430    12.6427   4.137958   4.137928     1.6508     1.3443     100.00   22.00248  -92.91548    0.00014   -0.00006         14  0.000e+00
     205426   8559.375    297.889    299.974    12.6437    12.6428   4.138020   4.137942     1.6508     1.3443     100.00   22.00248  -92.91548    0.00013   -0.00006         14  0.000e+00
     205427   8559.417    297.889    299.974    12.6435    12.6429   4.137986   4.137942     1.6508     1.3443     100.00   22.00248  -92.91548    0.00014   -0.00006         14  0.000e+00
     205428   8559.458    297.936    300.022    12.6425    12.6431   4.137945   4.137949     1.6508     1.3443     100.00   22.00248  -92.91548    0.00015   -0.00004         14  0.000e+00
     205429   8559.500    297.889    299.974    12.6412    12.6432   4.137794   4.137949     1.6508     1.3443     100.00   22.00248  -92.91548    0.00016   -0.00004         14  0.000e+00
     205430   8559.542    297.936    300.022    12.6392    12.6427   4.137615   4.137942     1.6520     1.3443     100.00   22.00248  -92.91548    0.00018   -0.00005         14  0.000e+00
     205431   8559.583    297.889    299.974    12.6382    12.6430   4.137519   4.137915     1.6508     1.3443     100.00   22.00248  -92.91548    0.00019   -0.00005         14  0.000e+00
     205432   8559.625    297.937    300.022    12.6382    12.6429   4.137423   4.137908     1.6508     1.3443     100.00   22.00248  -92.91548    0.00020   -0.00003         14  0.000e+00
     205433   8559.667    297.937    300.022    12.6382    12.6431   4.137444   4.137908     1.6508     1.3443     100.00   22.00248  -92.91548    0.00021   -0.00003         14  0.000e+00
     205434   8559.708    297.937    300.022    12.6380    12.6432   4.137437   4.137908     1.6508     1.3443     100.00   22.00248  -92.91548    0.00022   -0.00003         14  0.000e+00
     205435   8559.750    297.937    300.022    12.6384    12.6429   4.137430   4.137908     1.6508     1.3443     100.00   22.00248  -92.91548    0.00023   -0.00003         14  0.000e+00
     205436   8559.792    297.984    300.070    12.6386    12.6428   4.137451   4.137908     1.6508     1.3443     100.00   22.00248  -92.91548    0.00023   -0.00003         14  0.000e+00
     205437   8559.833    297.937    300.022    12.6387    12.6431   4.137519   4.137963     1.6508     1.3443     100.00   22.00248  -92.91548    0.00024   -0.00003         14  0.000e+00
     205438   8559.875    297.937    300.023    12.6392    12.6431   4.137540   4.137984     1.6508     1.3443     100.00   22.00248  -92.91548    0.00025   -0.00003         14  0.000e+00
     205439   8559.917    297.991    300.077    12.6397    12.6430   4.137540   4.137977     1.6508     1.3443     100.00   22.00248  -92.91548    0.00026   -0.00003         14  0.000e+00
     205440   8559.958    297.985    300.071    12.6390    12.6435   4.137478   4.137894     1.6496     1.3443     100.00   22.00248  -92.91548    0.00025   -0.00002         14  0.000e+00
     205441   8560.000    297.937    300.023    12.6381    12.6419   4.137410   4.137817     1.6496     1.3443     100.00   22.00248  -92.91548    0.00022 -1.339e-11         14  0.000e+00
     205442   8560.042    297.985    300.071    12.6370    12.6410   4.137369   4.137664     1.6508     1.3455     100.00   22.00248  -92.91548    0.00021    0.00002         14  0.000e+00
     205443   8560.083    297.992    300.078    12.6366    12.6391   4.137273   4.137539     1.6496     1.3443     100.00   22.00248  -92.91548    0.00019    0.00002         14  0.000e+00
     205444   8560.125    297.985    300.071    12.6362    12.6376   4.137225   4.137380     1.6508     1.3443     100.00   22.00248  -92.91548    0.00018    0.00002         14  0.000e+00
