Gulf of Mexico/GOMECC-4/1db/rb2103_0041.cnv
* Sea-Bird SBE 9 Data File:
* FileName = C:\Users\scs.user.rb\CTD\GOMECC4\data\rb2103_004.hex
* Software Version Seasave V 7.26.7.107
* Temperature SN = 4799
* Conductivity SN = 3860
* Number of Bytes Per Scan = 41
* Number of Voltage Words = 4
* Number of Scans Averaged by the Deck Unit = 1
* NMEA Latitude = 26 59.65 N
* NMEA Longitude = 079 51.52 W
* NMEA UTC (Time) = Sep 14 2021  23:37:43
* NMEA baud rate = 4800
# nquan = 28
# nvalues = 232                         
# units = specified
# name 0 = scan: Scan Count
# name 1 = timeS: Time, Elapsed [seconds]
# name 2 = depSM: Depth [salt water, m]
# name 3 = prDM: Pressure, Digiquartz [db]
# name 4 = t090C: Temperature [ITS-90, deg C]
# name 5 = t190C: Temperature, 2 [ITS-90, deg C]
# name 6 = c0S/m: Conductivity [S/m]
# name 7 = c1S/m: Conductivity, 2 [S/m]
# name 8 = sbeox0V: Oxygen raw, SBE 43 [V]
# name 9 = sbeox1V: Oxygen raw, SBE 43, 2 [V]
# name 10 = altM: Altimeter [m]
# name 11 = latitude: Latitude [deg]
# name 12 = longitude: Longitude [deg]
# name 13 = sbox0dV/dT: Oxygen, SBE 43 [dov/dt]
# name 14 = sbox1dV/dT: Oxygen, SBE 43, 2 [dov/dt]
# name 15 = sbeox0ML/L: Oxygen, SBE 43 [ml/l], WS = 5
# name 16 = sbeox1ML/L: Oxygen, SBE 43, 2 [ml/l], WS = 5
# name 17 = potemp090C: Potential Temperature [ITS-90, deg C]
# name 18 = potemp190C: Potential Temperature, 2 [ITS-90, deg C]
# name 19 = sal00: Salinity, Practical [PSU]
# name 20 = sal11: Salinity, Practical, 2 [PSU]
# name 21 = sigma-é00: Density [sigma-theta, kg/m^3]
# name 22 = sigma-é11: Density, 2 [sigma-theta, kg/m^3]
# name 23 = avgsvCM: Average Sound Velocity [Chen-Millero, m/s], minP = 20, minS = 20
# name 24 = sbox0Mm/Kg: Oxygen, SBE 43 [umol/kg], WS = 5
# name 25 = sbox1Mm/Kg: Oxygen, SBE 43, 2 [umol/kg], WS = 5
# name 26 = nbin: number of scans per bin
# name 27 = flag: flag
# span 0 =      19211,      72026       
# span 1 =    800.413,   3001.023       
# span 2 =      3.974,    270.034       
# span 3 =      4.000,    272.000       
# span 4 =    10.0184,    29.6529       
# span 5 =    10.0205,    29.6537       
# span 6 =   3.846621,   5.913788       
# span 7 =   3.846807,   5.914034       
# span 8 =     1.7098,     3.1802       
# span 9 =     1.4115,     2.7124       
# span 10 =      11.49,     100.91      
# span 11 =   26.94061,   27.07985      
# span 12 =  -80.04653,  -79.65939      
# span 13 =   -0.02750,    0.02347      
# span 14 =   -0.02665,    0.02048      
# span 15 =     2.7191,     4.5533      
# span 16 =     2.7618,     4.5777      
# span 17 =     9.9866,    29.6475      
# span 18 =     9.9887,    29.6483      
# span 19 =    35.1016,    36.5273      
# span 20 =    35.1035,    36.5303      
# span 21 =    22.0067,    27.1493      
# span 22 =    22.0075,    27.1484      
# span 23 =       0.00,    1545.97      
# span 24 =    118.225,    198.614      
# span 25 =    120.083,    199.677      
# span 26 =         30,         71      
# span 27 = 0.0000e+00, 0.0000e+00      
# interval = decibars: 1                
# start_time = Sep 14 2021 23:37:43 [NMEA time, header]
# bad_flag = -9.990e-29
*END*
[from data line 208]
      46991   1957.903    112.226    113.000    20.3313    20.3032   5.012576   5.010542     2.2770     1.9163     100.00   27.00639  -79.85834    0.00680    0.00648     3.3230     3.3576    20.3101    20.2824    36.4866    36.4957    25.8134    25.8283    1519.31    144.669    146.174         31 0.0000e+00
      47356   1973.112    100.311    101.000    21.6086    21.5450   5.151167   5.144285     2.5077     2.1172     100.10   27.03382  -79.93914    0.02347    0.02048     3.7171     3.7387    21.5954    21.5252    36.5256    36.5303    25.4948    25.5180    1520.85    161.882    162.821         40 0.0000e+00
      50851   2118.770     87.403     88.000    23.1161    23.1342   5.303773   5.306326     2.8080     2.4067      97.79   26.99146  -79.81010    0.00040    0.00248     4.2139     4.2725    23.0980    23.1160    36.4475    36.4523    25.0010    24.9994    1518.39    183.601    186.153         53 0.0000e+00
      51021   2125.819     86.410     87.000    23.2196    23.2401   5.315864   5.318316     2.8253     2.4184      92.11   27.00778  -79.85820    0.00264    0.00213     4.2405     4.2905    23.2016    23.2221    36.4644    36.4664    24.9861    24.9816    1519.31    184.765    186.943         51 0.0000e+00
      51100   2129.119     84.424     85.000    23.2976    23.2883   5.318638   5.315232     2.8356     2.4286      99.85   26.94061  -79.65939    0.00199    0.00109     4.2582     4.3071    23.2800    23.2707    36.3976    36.3668    24.9056    24.8816    1515.53    185.542    187.672         39 0.0000e+00
      51383   2140.924     83.431     84.000    23.3901    23.4053   5.332302   5.333733     2.8585     2.4513     100.00   27.00790  -79.85820    0.00159    0.00293     4.2923     4.3501    23.3726    23.3879    36.4512    36.4529    24.9260    24.9228    1519.31    187.030    189.551         31 0.0000e+00
      51475   2144.747     81.444     82.000    23.4228    23.4271   5.329340   5.330334     2.8649     2.4469      79.23   26.94511  -79.67229    0.00056   -0.00024     4.3006     4.3355    23.4057    23.4100    36.3677    36.3735    24.8434    24.8465    1515.77    187.397    188.920         35 0.0000e+00
      55918   2329.893     73.500     74.000    24.3935    24.3976   5.441681   5.442365     2.9455     2.5164     100.00   27.01020  -79.85997   -0.00005    0.00137     4.3789     4.4112    24.3777    24.3818    36.4659    36.4677    24.6386    24.6387    1519.35    190.859    192.267         46 0.0000e+00
      55972   2332.110     72.507     73.000    24.3981    24.4059   5.442041   5.443121     2.9467     2.5174     100.00   27.00955  -79.85798    0.00034    0.00024     4.3803     4.4122    24.3825    24.3902    36.4647    36.4664    24.6361    24.6351    1519.31    190.919    192.310         59 0.0000e+00
      56042   2335.041     71.514     72.000    24.4041    24.4200   5.442632   5.444455     2.9456     2.5202     100.00   27.00957  -79.85798   -0.00039    0.00134     4.3771     4.4167    24.3887    24.4046    36.4647    36.4660    24.6343    24.6304    1519.31    190.780    192.506         53 0.0000e+00
      56089   2337.016     70.521     71.000    24.4169    24.4232   5.443940   5.444842     2.9454     2.5209     100.00   27.00958  -79.85798   -0.00020    0.00015     4.3751     4.4173    24.4017    24.4080    36.4639    36.4662    24.6297    24.6295    1519.31    190.693    192.536         48 0.0000e+00
      56145   2339.316     69.528     70.000    24.4231    24.4336   5.444497   5.445862     2.9474     2.5215     100.00   27.00961  -79.85797    0.00038    0.00053     4.3780     4.4174    24.4081    24.4186    36.4640    36.4658    24.6279    24.6261    1519.31    190.824    192.539         57 0.0000e+00
      56290   2345.380     65.555     66.000    25.0329    24.9726   5.511916   5.505430     2.9747     2.5375     100.02   27.01451  -79.87233    0.00753    0.00354     4.3802     4.4090    25.0185    24.9583    36.4795    36.4797    24.4550    24.4736    1519.58    190.951    192.201         35 0.0000e+00
      56315   2346.437     64.562     65.000    25.1364    25.2815   5.520553   5.538338     2.9758     2.5414      47.56   27.00967  -79.85796    0.00457    0.00415     4.3737     4.3997    25.1222    25.2672    36.4579    36.4732    24.4060    24.3730    1519.31    190.675    191.812         34 0.0000e+00
      56347   2347.751     63.569     64.000    25.3276    25.5551   5.542849   5.566691     2.9828     2.5529     100.83   27.00968  -79.85796    0.00226    0.00483     4.3711     4.3969    25.3135    25.5409    36.4699    36.4638    24.3561    24.2813    1519.31    190.573    191.710         30 0.0000e+00
      56425   2350.996     61.583     62.000    26.1179    25.8741   5.620066   5.600464     3.0421     2.5801     100.03   27.01899  -79.88543    0.01873    0.00991     4.4199     4.4304    26.1040    25.8603    36.4131    36.4635    24.0688    24.1833    1519.83    192.760    193.192         32 0.0000e+00
      56439   2351.587     60.590     61.000    26.3382    26.1373   5.639390   5.621859     3.0711     2.6041     100.00   27.00970  -79.85795    0.02344    0.01261     4.4602     4.4616    26.3244    26.1236    36.3741    36.4055    23.9684    24.0554    1519.31    194.529    194.574         36 0.0000e+00
      56474   2353.047     59.597     60.000    26.6031    26.5496   5.662760   5.658801     3.0940     2.6292     100.00   27.00971  -79.85794    0.02140    0.01631     4.4827     4.4841    26.5894    26.5359    36.3351    36.3485    23.8549    23.8820    1519.31    195.535    195.588         32 0.0000e+00
      56505   2354.341     58.604     59.000    26.9222    27.1460   5.692697   5.712336     3.1143     2.6582     100.00   27.00972  -79.85794    0.01701    0.01864     4.4957     4.5067    26.9099    27.1324    36.2999    36.2797    23.7261    23.6394    1519.31    196.123    196.616         31 0.0000e+00
      56537   2355.647     57.610     58.000    27.3826    27.3150   5.735031   5.730504     3.1351     2.6734     100.00   27.00974  -79.85794    0.01556    0.01863     4.4983     4.5194    27.3691    27.3016    36.2455    36.2656    23.5372    23.5743    1519.31    196.276    197.187         32 0.0000e+00
      56569   2356.990     56.617     57.000    27.7750    27.6237   5.771489   5.759857     3.1506     2.6814     100.00   27.00974  -79.85794    0.01524    0.01323     4.4964     4.5128    27.7616    27.6103    36.2010    36.2355    23.3762    23.4514    1519.31    196.221    196.923         33 0.0000e+00
      72026   3001.023      8.941      9.000    29.4689    29.4697   5.801581   5.801070     3.1552     2.6799     100.24   27.07985  -80.04653    0.00050   -0.00061     4.3767     4.3797    29.4667    29.4675    35.1923    35.1882    22.0649    22.0615    1522.92    191.255    191.386         40 0.0000e+00
      71938   2997.364      7.947      8.000    29.3992    29.4018   5.787045   5.787198     3.1491     2.6758     100.00   27.01571  -79.85686   -0.00048   -0.00013     4.3677     4.3728    29.3972    29.3999    35.1037    35.1035    22.0086    22.0075    1519.31    190.861    191.084         63 0.0000e+00
      72014   3000.545      6.954      7.000    29.3997    29.4028   5.786744   5.787631     3.1512     2.6776     100.00   27.01575  -79.85686    0.00208    0.00182     4.3709     4.3756    29.3980    29.4011    35.1016    35.1051    22.0067    22.0083    1519.31    190.999    191.207         30 0.0000e+00
