Gulf of Mexico/GOMECC-4/1db/rb2103_0391.cnv
* Sea-Bird SBE 9 Data File:
* FileName = C:\Users\scs.user.rb\CTD\GOMECC4\data\rb2103_0391.hex
* Software Version Seasave V 7.26.7.107
* Temperature SN = 4799
* Conductivity SN = 3860
* Number of Bytes Per Scan = 41
* Number of Voltage Words = 4
* Number of Scans Averaged by the Deck Unit = 1
* NMEA Latitude = 27 44.23 N
* NMEA Longitude = 089 59.91 W
* NMEA UTC (Time) = Sep 25 2021  20:49:51
* NMEA baud rate = 4800
# nquan = 28
# nvalues = 626                         
# units = specified
# name 0 = scan: Scan Count
# name 1 = timeS: Time, Elapsed [seconds]
# name 2 = depSM: Depth [salt water, m]
# name 3 = prDM: Pressure, Digiquartz [db]
# name 4 = t090C: Temperature [ITS-90, deg C]
# name 5 = t190C: Temperature, 2 [ITS-90, deg C]
# name 6 = c0S/m: Conductivity [S/m]
# name 7 = c1S/m: Conductivity, 2 [S/m]
# name 8 = sbeox0V: Oxygen raw, SBE 43 [V]
# name 9 = sbeox1V: Oxygen raw, SBE 43, 2 [V]
# name 10 = altM: Altimeter [m]
# name 11 = latitude: Latitude [deg]
# name 12 = longitude: Longitude [deg]
# name 13 = sbox0dV/dT: Oxygen, SBE 43 [dov/dt]
# name 14 = sbox1dV/dT: Oxygen, SBE 43, 2 [dov/dt]
# name 15 = sbeox0ML/L: Oxygen, SBE 43 [ml/l], WS = 5
# name 16 = sbeox1ML/L: Oxygen, SBE 43, 2 [ml/l], WS = 5
# name 17 = potemp090C: Potential Temperature [ITS-90, deg C]
# name 18 = potemp190C: Potential Temperature, 2 [ITS-90, deg C]
# name 19 = sal00: Salinity, Practical [PSU]
# name 20 = sal11: Salinity, Practical, 2 [PSU]
# name 21 = sigma-é00: Density [sigma-theta, kg/m^3]
# name 22 = sigma-é11: Density, 2 [sigma-theta, kg/m^3]
# name 23 = avgsvCM: Average Sound Velocity [Chen-Millero, m/s], minP = 20, minS = 20
# name 24 = sbox0Mm/Kg: Oxygen, SBE 43 [umol/kg], WS = 5
# name 25 = sbox1Mm/Kg: Oxygen, SBE 43, 2 [umol/kg], WS = 5
# name 26 = nbin: number of scans per bin
# name 27 = flag: flag
# span 0 =       6972,     204711       
# span 1 =    290.479,   8528.424       
# span 2 =      2.980,    941.546       
# span 3 =      3.000,    950.000       
# span 4 =     5.5766,   833.2382       
# span 5 =     5.5767,   833.2580       
# span 6 =   3.433148, 171.458437       
# span 7 =   3.433056, 171.464385       
# span 8 =     1.6131,    91.4584       
# span 9 =     1.3167,    77.7876       
# span 10 =       4.09,    2507.85      
# span 11 =   27.19040,  811.80593      
# span 12 =-2634.04879,  -88.22409      
# span 13 =   -0.03628,    0.03879      
# span 14 =   -0.03551,    0.03946      
# span 15 =     2.5851,   127.7504      
# span 16 =     2.6084,   127.9958      
# span 17 =     5.4931,   833.2033      
# span 18 =     5.4932,   833.2231      
# span 19 =    34.9057,  1062.2220      
# span 20 =    34.9049,  1062.2479      
# span 21 =    22.7553,   679.3897      
# span 22 =    22.7556,   679.4033      
# span 23 =       0.00,    1565.91      
# span 24 =    112.402,   5575.904      
# span 25 =    113.415,   5586.616      
# span 26 =         30,         67      
# span 27 = 0.0000e+00, 0.0000e+00      
# interval = decibars: 1                
# start_time = Sep 25 2021 20:49:51 [NMEA time, header]
# bad_flag = -9.990e-29
*END*
[from data line 259]
      30298   1262.379    795.144    802.000     6.0471     6.0515   3.468613   3.468601     1.7290     1.4272      99.99   27.74042  -89.99404    0.00031    0.00029     3.2990     3.3381     5.9745     5.9789    34.9078    34.9067    27.4831    27.4817    1505.77    143.393    145.094         33 0.0000e+00
      30335   1263.918    796.134    803.000     6.0378     6.0372   3.468009   3.467867     1.7298     1.4279     100.00   27.74216  -89.99970    0.00034    0.00040     3.3026     3.3420     5.9652     5.9646    34.9101    34.9090    27.4861    27.4854    1505.85    143.547    145.260         34 0.0000e+00
      30431   1267.920    800.092    807.000     6.0339     6.0345   3.467801   3.467764     1.7321     1.4305     100.00   27.74179  -89.99843    0.00062    0.00073     3.3122     3.3532     5.9610     5.9615    34.9097    34.9087    27.4864    27.4855    1505.73    143.966    145.750         32 0.0000e+00
      30465   1269.314    801.081    808.000     6.0329     6.0338   3.467793   3.467786     1.7326     1.4307     100.00   27.74220  -89.99970    0.00056    0.00038     3.3146     3.3542     5.9598     5.9608    34.9103    34.9092    27.4870    27.4860    1505.73    144.068    145.791         32 0.0000e+00
      30591   1274.575    806.029    813.000     6.0145     6.0150   3.466296   3.466255     1.7337     1.4313     100.00   27.74159  -89.99765    0.00020    0.00012     3.3219     3.3602     5.9410     5.9416    34.9098    34.9088    27.4890    27.4881    1505.59    144.387    146.054         34 0.0000e+00
      30625   1276.000    807.018    814.000     6.0122     6.0125   3.466194   3.466144     1.7342     1.4321     100.00   27.74223  -89.99968    0.00021    0.00034     3.3239     3.3640     5.9387     5.9390    34.9105    34.9096    27.4899    27.4891    1505.60    144.475    146.215         31 0.0000e+00
      30719   1279.927    810.976    818.000     5.9937     5.9941   3.464533   3.464492     1.7350     1.4327      99.77   27.74068  -89.99455    0.00025    0.00019     3.3302     3.3696     5.9199     5.9203    34.9090    34.9081    27.4911    27.4903    1505.43    144.747    146.458         33 0.0000e+00
      30755   1281.426    811.966    819.000     5.9918     5.9916   3.464553   3.464463     1.7360     1.4334      99.66   27.74226  -89.99968    0.00035    0.00024     3.3339     3.3724     5.9179     5.9178    34.9106    34.9097    27.4925    27.4919    1505.49    144.909    146.581         33 0.0000e+00
      30907   1287.729    817.902    825.000     5.9885     5.9888   3.464581   3.464525     1.7370     1.4337     100.00   27.74273  -90.00115    0.00026   -0.00000     3.3402     3.3762     5.9141     5.9144    34.9114    34.9104    27.4937    27.4929    1505.39    145.180    146.749         35 0.0000e+00
      31034   1293.039    822.850    830.000     5.9890     5.9880   3.464846   3.464665     1.7368     1.4336     100.00   27.74271  -90.00099   -0.00006    0.00000     3.3416     3.3784     5.9141     5.9131    34.9114    34.9103    27.4937    27.4930    1505.29    145.241    146.844         38 0.0000e+00
      31265   1302.650    831.754    839.000     5.9772     5.9778   3.464124   3.464091     1.7364     1.4337     100.00   27.74244  -90.00001 -3.335e-07    0.00004     3.3453     3.3837     5.9015     5.9021    34.9110    34.9100    27.4949    27.4941    1505.09    145.405    147.071         30 0.0000e+00
      31366   1306.863    835.712    843.000     5.9804     5.9807   3.464555   3.464500     1.7365     1.4335     100.00   27.74211  -89.99890    0.00002   -0.00018     3.3470     3.3844     5.9043     5.9046    34.9105    34.9095    27.4942    27.4934    1504.98    145.475    147.102         31 0.0000e+00
      31489   1311.990    840.658    848.000     5.9701     5.9706   3.463790   3.463782     1.7358     1.4335     100.00   27.74172  -89.99758   -0.00014    0.00007     3.3477     3.3873     5.8936     5.8941    34.9101    34.9091    27.4952    27.4944    1504.87    145.509    147.227         30 0.0000e+00
      31520   1313.311    841.648    849.000     5.9645     5.9625   3.463483   3.463416     1.7355     1.4335     100.00   27.74238  -89.99972   -0.00015    0.00006     3.3481     3.3882     5.8879     5.8859    34.9109    34.9100    27.4966    27.4961    1504.88    145.527    147.269         31 0.0000e+00
      31870   1327.855    855.498    863.000     5.9353     5.9355   3.461276   3.461199     1.7380     1.4349     100.00   27.74159  -89.99696    0.00036    0.00021     3.3647     3.4021     5.8576     5.8577    34.9100    34.9090    27.4997    27.4989    1504.57    146.247    147.873         32 0.0000e+00
      31903   1329.235    856.487    864.000     5.9337     5.9339   3.461260   3.461198     1.7379     1.4352      98.57   27.74244  -89.99972    0.00015    0.00018     3.3652     3.4039     5.8559     5.8561    34.9111    34.9101    27.5008    27.5000    1504.60    146.266    147.951         30 0.0000e+00
      32025   1334.315    861.433    869.000     5.9314     5.9316   3.461417   3.461347     1.7386     1.4355      93.88   27.74381  -90.00410    0.00006    0.00009     3.3694     3.4073     5.8531     5.8533    34.9129    34.9119    27.5026    27.5018    1504.58    146.452    148.097         47 0.0000e+00
      32132   1338.802    866.379    874.000     5.9066     5.9083   3.458903   3.459015     1.7377     1.4357      89.27   27.73923  -89.98918   -0.00021    0.00026     3.3715     3.4127     5.8280     5.8297    34.9072    34.9063    27.5012    27.5003    1504.23    146.540    148.330         35 0.0000e+00
      32179   1340.750    867.369    875.000     5.9078     5.9079   3.459398   3.459314     1.7391     1.4362      87.99   27.74248  -89.99972    0.00023    0.00017     3.3760     3.4147     5.8290     5.8292    34.9114    34.9103    27.5044    27.5036    1504.39    146.737    148.420         41 0.0000e+00
      32321   1346.664    873.304    881.000     5.8765     5.8780   3.456828   3.456914     1.7411     1.4389      81.86   27.74288  -90.00095    0.00054    0.00064     3.3884     3.4296     5.7974     5.7989    34.9119    34.9110    27.5088    27.5080    1504.31    147.275    149.067         48 0.0000e+00
      32473   1352.992    879.239    887.000     5.8599     5.8559   3.455704   3.455217     1.7427     1.4397      75.80   27.74334  -90.00240    0.00005   -0.00002     3.3978     3.4373     5.7804     5.7764    34.9130    34.9116    27.5119    27.5113    1504.22    147.681    149.400         40 0.0000e+00
      32632   1359.640    885.173    893.000     5.7765     5.7771   3.448432   3.448399     1.7479     1.4468      69.52   27.74328  -90.00214    0.00116    0.00162     3.4254     3.4730     5.6970     5.6975    34.9137    34.9127    27.5228    27.5220    1504.11    148.882    150.950         46 0.0000e+00
      32751   1364.566    890.119    898.000     5.7751     5.7757   3.448311   3.448281     1.7537     1.4505      64.74   27.74092  -89.99447    0.00100    0.00054     3.4474     3.4887     5.6951     5.6957    34.9111    34.9102    27.5209    27.5201    1503.89    149.838    151.635         34 0.0000e+00
      32790   1366.227    891.108    899.000     5.7723     5.7724   3.448272   3.448202     1.7544     1.4510      63.48   27.74256  -89.99976    0.00065    0.00025     3.4502     3.4914     5.6921     5.6923    34.9132    34.9123    27.5231    27.5223    1503.96    149.957    151.749         38 0.0000e+00
      32917   1371.519    896.054    904.000     5.7696     5.7701   3.448262   3.448227     1.7556     1.4518      58.84   27.74254  -89.99962    0.00020    0.00007     3.4568     3.4965     5.6891     5.6896    34.9134    34.9124    27.5236    27.5228    1503.88    150.245    151.971         38 0.0000e+00
      33049   1377.000    900.999    909.000     5.7688     5.7692   3.448335   3.448285     1.7551     1.4508      53.83   27.74174  -89.99702   -0.00010   -0.00018     3.4574     3.4955     5.6878     5.6882    34.9126    34.9116    27.5230    27.5222    1503.75    150.271    151.928         31 0.0000e+00
      33081   1378.349    901.988    910.000     5.7689     5.7694   3.448476   3.448438     1.7551     1.4507      52.67   27.74260  -89.99978   -0.00006   -0.00019     3.4579     3.4953     5.6878     5.6883    34.9136    34.9127    27.5239    27.5231    1503.78    150.292    151.918         31 0.0000e+00
      33181   1382.496    905.944    914.000     5.7678     5.7684   3.448453   3.448419     1.7544     1.4514      48.97   27.74168  -89.99679   -0.00020    0.00017     3.4576     3.4998     5.6863     5.6869    34.9124    34.9115    27.5231    27.5223    1503.67    150.278    152.112         33 0.0000e+00
      33216   1383.955    906.933    915.000     5.7686     5.7690   3.448661   3.448614     1.7546     1.4511      47.59   27.74261  -89.99978   -0.00008    0.00005     3.4583     3.4991     5.6870     5.6874    34.9136    34.9126    27.5240    27.5232    1503.70    150.311    152.085         33 0.0000e+00
      33318   1388.189    910.889    919.000     5.7647     5.7649   3.448416   3.448294     1.7542     1.4505      43.55   27.74141  -89.99585   -0.00009   -0.00014     3.4595     3.4993     5.6828     5.6829    34.9125    34.9112    27.5236    27.5225    1503.57    150.363    152.093         33 0.0000e+00
      33353   1389.671    911.878    920.000     5.7583     5.7588   3.447964   3.447924     1.7539     1.4504      42.40   27.74264  -89.99978   -0.00016   -0.00005     3.4593     3.4998     5.6763     5.6768    34.9139    34.9128    27.5255    27.5247    1503.61    150.354    152.113         33 0.0000e+00
      33482   1395.025    916.823    925.000     5.7225     5.7230   3.444909   3.444881     1.7547     1.4520      37.31   27.74191  -89.99734    0.00016    0.00050     3.4677     3.5111     5.6402     5.6408    34.9136    34.9127    27.5298    27.5290    1503.50    150.717    152.607         30 0.0000e+00
      33516   1396.473    917.812    926.000     5.7217     5.7226   3.444959   3.444953     1.7562     1.4530      36.40   27.74267  -89.99978    0.00057    0.00085     3.4731     3.5153     5.6394     5.6402    34.9145    34.9136    27.5306    27.5298    1503.52    150.955    152.789         37 0.0000e+00
      33651   1402.076    922.757    931.000     5.6964     5.6967   3.442893   3.442833     1.7585     1.4543      31.17   27.74215  -89.99800    0.00029    0.00007     3.4856     3.5250     5.6138     5.6140    34.9147    34.9138    27.5339    27.5332    1503.41    151.494    153.209         38 0.0000e+00
      33688   1403.637    923.746    932.000     5.6884     5.6881   3.442273   3.442185     1.7591     1.4553      30.15   27.74270  -89.99978    0.00021    0.00021     3.4887     3.5299     5.6057     5.6055    34.9155    34.9147    27.5356    27.5350    1503.42    151.631    153.419         33 0.0000e+00
      33784   1407.641    927.701    936.000     5.6553     5.6566   3.439056   3.439028     1.7613     1.4580      26.32   27.74139  -89.99545    0.00053    0.00070     3.5008     3.5436     5.5725     5.5738    34.9149    34.9140    27.5392    27.5383    1503.28    152.157    154.017         31 0.0000e+00
      33825   1409.339    928.690    937.000     5.6276     5.6281   3.437108   3.437078     1.7625     1.4593      25.17   27.74272  -89.99978    0.00054    0.00079     3.5082     3.5522     5.5449     5.5454    34.9170    34.9161    27.5443    27.5435    1503.35    152.475    154.391         45 0.0000e+00
      33929   1413.685    932.646    941.000     5.5914     5.5912   3.434006   3.433890     1.7679     1.4649      21.29   27.74188  -89.99700    0.00129    0.00134     3.5319     3.5782     5.5086     5.5083    34.9171    34.9161    27.5488    27.5480    1503.23    153.504    155.516         30 0.0000e+00
      33963   1415.093    933.635    942.000     5.5843     5.5858   3.433489   3.433538     1.7696     1.4667      20.12   27.74274  -89.99978    0.00130    0.00125     3.5388     3.5857     5.5014     5.5029    34.9182    34.9172    27.5506    27.5496    1503.26    153.806    155.844         34 0.0000e+00
      34261   1427.490    936.602    945.000     5.5995     5.6006   3.435674   3.435587     1.7781     1.4720      16.78   27.74914  -90.02036    0.00032    0.00011     3.5667     3.6048     5.5162     5.5173    34.9264    34.9253    27.5553    27.5543    1503.56    155.019    156.676         43 0.0000e+00
      34484   1436.804    937.590    946.000     5.5885     5.5898   3.434089   3.434101     1.7771     1.4704      15.18   27.74284  -89.99980    0.00031    0.00006     3.5652     3.6009     5.5052     5.5065    34.9185    34.9175    27.5503    27.5493    1503.21    154.953    156.506         32 0.0000e+00
      34637   1443.155    938.579    947.000     5.5869     5.5895   3.433950   3.434092     1.7771     1.4704      14.20   27.74286  -89.99980    0.00005   -0.00009     3.5659     3.6013     5.5036     5.5061    34.9186    34.9174    27.5506    27.5493    1503.19    154.986    156.520         45 0.0000e+00
      34792   1449.639    939.568    948.000     5.5880     5.5875   3.434088   3.433919     1.7765     1.4705      35.13   27.74288  -89.99980   -0.00021    0.00011     3.5644     3.6023     5.5045     5.5040    34.9185    34.9175    27.5504    27.5497    1503.17    154.917    156.567         49 0.0000e+00
      34953   1456.350    940.557    949.000     5.5767     5.5767   3.433148   3.433056     1.7770     1.4714      38.36   27.74290  -89.99981    0.00004    0.00019     3.5676     3.6072     5.4932     5.4932    34.9187    34.9177    27.5519    27.5512    1503.16    155.057    156.780         48 0.0000e+00
      35202   1466.715    941.546    950.000     5.5766     5.5770   3.433186   3.433125     1.7776     1.4719      10.54   27.74296  -89.99982    0.00006    0.00005     3.5700     3.6095     5.4931     5.4934    34.9187    34.9177    27.5520    27.5511    1503.14    155.162    156.879         40 0.0000e+00
      36981   1540.834    937.590    946.000     5.5929     5.5922   3.434505   3.434351     1.7766     1.4711      20.04   27.74359  -90.00114   -0.00001   -0.00002     3.5634     3.6029     5.5096     5.5088    34.9189    34.9180    27.5501    27.5495    1503.15    154.875    156.592         36 0.0000e+00
      37338   1555.719    923.746    932.000     5.7113     5.7069   3.444332   3.443871     1.7651     1.4585      26.71   27.74305  -89.99926   -0.00140   -0.00159     3.5066     3.5396     5.6285     5.6241    34.9152    34.9145    27.5325    27.5325    1503.12    152.408    153.844         34 0.0000e+00
      37462   1560.889    918.801    927.000     5.7556     5.7566   3.448229   3.448228     1.7617     1.4554      31.57   27.74461  -90.00428   -0.00049   -0.00053     3.4889     3.5212     5.6729     5.6740    34.9162    34.9152    27.5278    27.5269    1503.20    151.640    153.046         32 0.0000e+00
      37495   1562.262    917.812    926.000     5.7554     5.7577   3.447850   3.448015     1.7598     1.4534      32.69   27.74326  -89.99990   -0.00089   -0.00119     3.4827     3.5145     5.6728     5.6751    34.9142    34.9131    27.5263    27.5250    1503.13    151.372    152.754         36 0.0000e+00
      37617   1567.316    912.867    921.000     5.7639     5.7641   3.448644   3.448564     1.7565     1.4498      37.63   27.74445  -90.00371   -0.00060   -0.00068     3.4677     3.4976     5.6818     5.6819    34.9153    34.9143    27.5260    27.5252    1503.19    150.718    152.020         31 0.0000e+00
      37651   1568.745    911.878    920.000     5.7640     5.7637   3.448484   3.448362     1.7556     1.4494      38.84   27.74328  -89.99992   -0.00046   -0.00062     3.4646     3.4958     5.6820     5.6817    34.9138    34.9127    27.5248    27.5240    1503.13    150.583    151.941         38 0.0000e+00
