Gulf of Mexico/GOMECC-4/1db/rb2103_1241.ros
* Sea-Bird SBE 9 Data File:
* FileName = C:\Users\scs.user.rb\CTD\GOMECC4\data\rb2103_1241.hex
* Software Version Seasave V 7.26.7.107
* Temperature SN = 4799
* Conductivity SN = 3860
* Number of Bytes Per Scan = 41
* Number of Voltage Words = 4
* Number of Scans Averaged by the Deck Unit = 1
* NMEA Latitude = 24 27.99 N
* NMEA Longitude = 082 52.03 W
* NMEA UTC (Time) = Oct 18 2021  12:55:07
* NMEA baud rate = 4800
# nquan = 17
# nvalues = 665                                   
# units = specified
# name 0 = scan: Scan Count
# name 1 = timeS: Time, Elapsed [seconds]
# name 2 = depSM: Depth [salt water, m]
# name 3 = prDM: Pressure, Digiquartz [db]
# name 4 = t090C: Temperature [ITS-90, deg C]
# name 5 = t190C: Temperature, 2 [ITS-90, deg C]
# name 6 = c0S/m: Conductivity [S/m]
# name 7 = c1S/m: Conductivity, 2 [S/m]
# name 8 = sbeox0V: Oxygen raw, SBE 43 [V]
# name 9 = sbeox1V: Oxygen raw, SBE 43, 2 [V]
# name 10 = altM: Altimeter [m]
# name 11 = latitude: Latitude [deg]
# name 12 = longitude: Longitude [deg]
# name 13 = sbox0dV/dT: Oxygen, SBE 43 [dov/dt]
# name 14 = sbox1dV/dT: Oxygen, SBE 43, 2 [dov/dt]
# name 15 = nbf: Bottles Fired
# name 16 = flag:  0.000e+00
# interval = seconds: 0.0416667
# start_time = Oct 18 2021 12:55:07 [NMEA time, header]
# bad_flag = -9.990e-29
*END*
[from data line 86]
      19759    823.250     30.062     30.258    29.3843    29.3855   5.924920   5.925271     3.0818     2.5958       4.84   24.46486  -82.86750    0.00031   -0.00018          1  0.000e+00
      19760    823.292     30.062     30.258    29.3844    29.3853   5.924952   5.925247     3.0818     2.5958       4.86   24.46486  -82.86750    0.00032   -0.00020          1  0.000e+00
      19761    823.333     30.029     30.224    29.3842    29.3855   5.924960   5.925239     3.0818     2.5958       4.86   24.46486  -82.86750    0.00034   -0.00023          1  0.000e+00
      19762    823.375     30.062     30.258    29.3842    29.3853   5.924960   5.925239     3.0818     2.5958       4.86   24.46486  -82.86750    0.00035   -0.00023          1  0.000e+00
      19763    823.417     30.029     30.224    29.3844    29.3855   5.924968   5.925312     3.0818     2.5958       4.86   24.46486  -82.86750    0.00037   -0.00023          1  0.000e+00
      19764    823.458     30.062     30.258    29.3842    29.3857   5.924968   5.925263     3.0806     2.5958       4.86   24.46486  -82.86750    0.00034   -0.00024          1  0.000e+00
      19765    823.500     29.981     30.176    29.3846    29.3853   5.924968   5.925271     3.0818     2.5958       4.86   24.46486  -82.86750    0.00036   -0.00024          1  0.000e+00
      19766    823.542     30.015     30.210    29.3844    29.3855   5.924960   5.925247     3.0818     2.5971       4.86   24.46486  -82.86750    0.00035   -0.00023          1  0.000e+00
      19767    823.583     29.927     30.122    29.3844    29.3851   5.924960   5.925271     3.0818     2.5971       4.86   24.46486  -82.86750    0.00037   -0.00022          1  0.000e+00
      19768    823.625     30.117     30.313    29.3846    29.3855   5.924968   5.925288     3.0818     2.5971       4.86   24.46486  -82.86750    0.00036   -0.00020          1  0.000e+00
      19769    823.667     29.968     30.163    29.3845    29.3853   5.924968   5.925288     3.0818     2.5971       4.86   24.46486  -82.86750    0.00036   -0.00019          1  0.000e+00
      19770    823.708     30.029     30.224    29.3844    29.3853   5.924968   5.925247     3.0818     2.5971       4.86   24.46486  -82.86750    0.00036   -0.00018          1  0.000e+00
      19771    823.750     29.968     30.163    29.3844    29.3855   5.924960   5.925271     3.0830     2.5971       4.86   24.46486  -82.86750    0.00035   -0.00017          1  0.000e+00
      19772    823.792     29.981     30.176    29.3844    29.3855   5.924960   5.925288     3.0818     2.5971       4.84   24.46486  -82.86750    0.00033   -0.00016          1  0.000e+00
      19773    823.833     29.968     30.163    29.3844    29.3853   5.924928   5.925247     3.0818     2.5971       4.86   24.46486  -82.86750    0.00032   -0.00015          1  0.000e+00
      19774    823.875     29.981     30.176    29.3844    29.3855   5.924952   5.925239     3.0830     2.5971       4.86   24.46486  -82.86750    0.00031   -0.00014          1  0.000e+00
      19775    823.917     29.968     30.163    29.3842    29.3855   5.924968   5.925239     3.0830     2.5971       4.84   24.46486  -82.86750    0.00032   -0.00013          1  0.000e+00
      19776    823.958     29.832     30.026    29.3844    29.3855   5.924991   5.925239     3.0830     2.5958       4.86   24.46486  -82.86750    0.00029   -0.00015          1  0.000e+00
      19777    824.000     30.062     30.258    29.3842    29.3855   5.924976   5.925239     3.0830     2.5971       4.86   24.46486  -82.86750    0.00030   -0.00016          1  0.000e+00
      19778    824.042     29.913     30.108    29.3844    29.3853   5.924967   5.925271     3.0830     2.5958       4.86   24.46486  -82.86750    0.00029   -0.00017          1  0.000e+00
      19779    824.083     29.927     30.122    29.3845    29.3857   5.924967   5.925247     3.0830     2.5958       4.88   24.46486  -82.86750    0.00029   -0.00020          1  0.000e+00
      19780    824.125     29.968     30.163    29.3842    29.3855   5.924928   5.925239     3.0830     2.5958       5.01   24.46486  -82.86750    0.00030   -0.00022          1  0.000e+00
      19781    824.167     29.927     30.122    29.3844    29.3855   5.924912   5.925239     3.0830     2.5946       5.08   24.46486  -82.86750    0.00030   -0.00027          1  0.000e+00
      19782    824.208     29.913     30.108    29.3842    29.3853   5.924912   5.925271     3.0830     2.5946       5.08   24.46486  -82.86750    0.00031   -0.00031          1  0.000e+00
      19783    824.250     29.927     30.122    29.3844    29.3855   5.924920   5.925247     3.0830     2.5946       5.08   24.46486  -82.86750    0.00031   -0.00036          1  0.000e+00
      19784    824.292     29.913     30.108    29.3844    29.3855   5.924952   5.925312     3.0830     2.5934       5.08   24.46486  -82.86750    0.00031   -0.00042          1  0.000e+00
      19785    824.333     29.880     30.074    29.3844    29.3855   5.924928   5.925263     3.0830     2.5934       5.08   24.46486  -82.86750    0.00031   -0.00048          1  0.000e+00
      19786    824.375     29.913     30.108    29.3842    29.3855   5.924920   5.925271     3.0830     2.5934       5.08   24.46486  -82.86750    0.00031   -0.00054          1  0.000e+00
      19787    824.417     29.913     30.108    29.3844    29.3855   5.924944   5.925247     3.0830     2.5934       5.08   24.46486  -82.86750    0.00031   -0.00060          1  0.000e+00
      19788    824.458     29.927     30.122    29.3844    29.3853   5.924928   5.925199     3.0830     2.5934       5.05   24.46486  -82.86750    0.00031   -0.00066          1  0.000e+00
      19789    824.500     29.866     30.060    29.3842    29.3855   5.924952   5.925223     3.0830     2.5922       5.08   24.46486  -82.86750    0.00033   -0.00072          1  0.000e+00
      19790    824.542     29.927     30.122    29.3841    29.3857   5.924928   5.925271     3.0830     2.5934       5.08   24.46486  -82.86750    0.00034   -0.00077          1  0.000e+00
      19791    824.583     29.866     30.060    29.3842    29.3855   5.924920   5.925287     3.0830     2.5934       5.08   24.46486  -82.86750    0.00034   -0.00081          1  0.000e+00
      19792    824.625     29.880     30.074    29.3840    29.3857   5.924872   5.925287     3.0842     2.5934       5.08   24.46486  -82.86750    0.00035   -0.00083          1  0.000e+00
      19793    824.667     29.913     30.108    29.3842    29.3855   5.924864   5.925247     3.0830     2.5934       5.08   24.46486  -82.86750    0.00037   -0.00085          1  0.000e+00
      19794    824.708     29.880     30.074    29.3840    29.3855   5.924944   5.925239     3.0830     2.5934       5.08   24.46486  -82.86750    0.00038   -0.00087          1  0.000e+00
      19795    824.750     29.913     30.108    29.3840    29.3855   5.924928   5.925239     3.0830     2.5934       5.08   24.46486  -82.86750    0.00039   -0.00089          1  0.000e+00
      19796    824.792     29.866     30.060    29.3842    29.3855   5.924991   5.925271     3.0830     2.5934       5.08   24.46486  -82.86750    0.00041   -0.00091          1  0.000e+00
      19797    824.833     29.880     30.074    29.3840    29.3857   5.924936   5.925287     3.0830     2.5934       5.08   24.46486  -82.86750    0.00042   -0.00092          1  0.000e+00
      19798    824.875     29.913     30.108    29.3842    29.3855   5.924952   5.925288     3.0830     2.5934       5.08   24.46486  -82.86750    0.00043   -0.00094          1  0.000e+00
      19799    824.917     29.880     30.074    29.3842    29.3855   5.924928   5.925287     3.0830     2.5934       5.08   24.46486  -82.86750    0.00044   -0.00094          1  0.000e+00
      19800    824.958     29.913     30.108    29.3841    29.3855   5.924952   5.925288     3.0830     2.5934       5.08   24.46486  -82.86750    0.00043   -0.00093          1  0.000e+00
      19801    825.000     29.832     30.026    29.3840    29.3853   5.924928   5.925247     3.0830     2.5934       5.08   24.46486  -82.86750    0.00043   -0.00095          1  0.000e+00
      19802    825.042     29.913     30.108    29.3842    29.3857   5.924944   5.925271     3.0830     2.5934       5.08   24.46486  -82.86750    0.00042   -0.00094          1  0.000e+00
      19803    825.083     29.880     30.074    29.3840    29.3855   5.924888   5.925247     3.0830     2.5934       5.08   24.46486  -82.86750    0.00039   -0.00093          1  0.000e+00
      19804    825.125     29.866     30.060    29.3842    29.3855   5.924944   5.925271     3.0830     2.5934       5.15   24.46486  -82.86750    0.00038   -0.00092          1  0.000e+00
      19805    825.167     29.913     30.108    29.3842    29.3855   5.924928   5.925288     3.0818     2.5934       5.20   24.46486  -82.86750    0.00035   -0.00091          1  0.000e+00
      19892    828.792     30.164     30.360    29.3840    29.3855   5.924944   5.925247     3.0781     2.5934       4.96   24.46486  -82.86748   -0.00052    0.00099          2  0.000e+00
      19893    828.833     29.731     29.924    29.3842    29.3855   5.924928   5.925271     3.0781     2.5934       4.96   24.46486  -82.86748   -0.00047    0.00095          2  0.000e+00
      19894    828.875     30.360     30.558    29.3841    29.3853   5.924920   5.925247     3.0794     2.5922       4.96   24.46486  -82.86748   -0.00040    0.00089          2  0.000e+00
      19895    828.917     30.211     30.408    29.3840    29.3849   5.924944   5.925272     3.0794     2.5922       4.96   24.46486  -82.86748   -0.00032    0.00083          2  0.000e+00
      19896    828.958     30.178     30.374    29.3842    29.3853   5.924928   5.925215     3.0794     2.5922       4.96   24.46486  -82.86748   -0.00025    0.00077          2  0.000e+00
      19897    829.000     30.164     30.360    29.3842    29.3851   5.924952   5.925296     3.0794     2.5934       4.96   24.46486  -82.86748   -0.00018    0.00073          2  0.000e+00
      19898    829.042     30.178     30.374    29.3842    29.3851   5.924928   5.925263     3.0794     2.5934       4.96   24.46486  -82.86748   -0.00010    0.00068          2  0.000e+00
      19899    829.083     30.211     30.408    29.3842    29.3853   5.924920   5.925239     3.0806     2.5934       4.93   24.46486  -82.86748   -0.00001    0.00064          2  0.000e+00
      19900    829.125     30.178     30.374    29.3840    29.3853   5.924912   5.925239     3.0794     2.5934       4.81   24.46486  -82.86748    0.00007    0.00060          2  0.000e+00
      19901    829.167     30.164     30.360    29.3842    29.3853   5.924880   5.925272     3.0794     2.5934       4.76   24.46486  -82.86748    0.00015    0.00056          2  0.000e+00
      19902    829.208     30.211     30.408    29.3840    29.3853   5.924944   5.925247     3.0794     2.5934       4.79   24.46486  -82.86748    0.00023    0.00052          2  0.000e+00
      19903    829.250     30.178     30.374    29.3840    29.3855   5.924928   5.925239     3.0794     2.5934       4.79   24.46486  -82.86748    0.00031    0.00047          2  0.000e+00
      19904    829.292     30.211     30.408    29.3843    29.3855   5.924920   5.925272     3.0806     2.5934       4.79   24.46486  -82.86748    0.00041    0.00043          2  0.000e+00
      19905    829.333     30.178     30.374    29.3842    29.3851   5.924984   5.925247     3.0794     2.5934       4.79   24.46486  -82.86748    0.00047    0.00039          2  0.000e+00
      19906    829.375     30.211     30.408    29.3844    29.3853   5.924976   5.925312     3.0806     2.5946       4.76   24.46486  -82.86748    0.00056    0.00037          2  0.000e+00
      19907    829.417     30.178     30.374    29.3840    29.3853   5.924968   5.925263     3.0794     2.5946       4.79   24.46486  -82.86748    0.00062    0.00034          2  0.000e+00
      19908    829.458     30.211     30.408    29.3842    29.3853   5.924928   5.925312     3.0806     2.5934       4.79   24.46486  -82.86748    0.00069    0.00030          2  0.000e+00
      19909    829.500     30.225     30.422    29.3842    29.3851   5.924952   5.925263     3.0781     2.5946       4.79   24.46486  -82.86748    0.00072    0.00026          2  0.000e+00
      19910    829.542     30.211     30.408    29.3842    29.3853   5.924960   5.925239     3.0781     2.5946       4.79   24.46486  -82.86748    0.00075    0.00021          2  0.000e+00
      19911    829.583     30.164     30.360    29.3842    29.3853   5.924928   5.925272     3.0794     2.5946       4.79   24.46486  -82.86748    0.00078    0.00019          2  0.000e+00
      19912    829.625     30.225     30.422    29.3842    29.3853   5.924920   5.925288     3.0781     2.5946       4.79   24.46486  -82.86748    0.00082    0.00014          2  0.000e+00
      19913    829.667     30.211     30.408    29.3842    29.3855   5.924952   5.925247     3.0769     2.5946       4.79   24.46486  -82.86748    0.00082    0.00010          2  0.000e+00
      19914    829.708     30.225     30.422    29.3841    29.3853   5.924896   5.925272     3.0769     2.5946       4.79   24.46486  -82.86748    0.00078    0.00005          2  0.000e+00
      19915    829.750     30.259     30.456    29.3840    29.3855   5.924936   5.925288     3.0769     2.5946       4.79   24.46486  -82.86748    0.00074    0.00000          2  0.000e+00
      19916    829.792     30.178     30.374    29.3840    29.3853   5.924928   5.925320     3.0794     2.5946       4.79   24.46486  -82.86748    0.00074   -0.00004          2  0.000e+00
      19917    829.833     30.211     30.408    29.3840    29.3853   5.924920   5.925263     3.0794     2.5946       4.79   24.46486  -82.86748    0.00074   -0.00009          2  0.000e+00
      19918    829.875     30.259     30.456    29.3844    29.3855   5.924920   5.925312     3.0781     2.5946       4.79   24.46486  -82.86748    0.00072   -0.00014          2  0.000e+00
      19919    829.917     30.178     30.374    29.3842    29.3855   5.924920   5.925296     3.0769     2.5946       4.79   24.46486  -82.86748    0.00068   -0.00019          2  0.000e+00
      19920    829.958     30.259     30.456    29.3842    29.3857   5.924920   5.925320     3.0769     2.5958       4.79   24.46486  -82.86748    0.00064   -0.00021          2  0.000e+00
      19921    830.000     30.225     30.422    29.3838    29.3853   5.924912   5.925263     3.0769     2.5958       4.79   24.46486  -82.86748    0.00060   -0.00022          2  0.000e+00
      19922    830.042     30.211     30.408    29.3842    29.3855   5.924912   5.925312     3.0769     2.5958       4.79   24.46486  -82.86748    0.00056   -0.00024          2  0.000e+00
      19923    830.083     30.225     30.422    29.3838    29.3855   5.924880   5.925263     3.0769     2.5971       4.76   24.46486  -82.86748    0.00049   -0.00024          2  0.000e+00
      19924    830.125     30.211     30.408    29.3838    29.3853   5.924976   5.925272     3.0769     2.5971       4.71   24.46486  -82.86748    0.00043   -0.00024          2  0.000e+00
      19925    830.167     30.225     30.422    29.3837    29.3853   5.924904   5.925247     3.0781     2.5971       4.69   24.46486  -82.86748    0.00041   -0.00024          2  0.000e+00
      19926    830.208     30.211     30.408    29.3840    29.3853   5.924896   5.925239     3.0806     2.5971       4.71   24.46486  -82.86748    0.00039   -0.00024          2  0.000e+00
      19927    830.250     30.211     30.408    29.3840    29.3851   5.924880   5.925272     3.0781     2.5983       4.69   24.46486  -82.86748    0.00035   -0.00023          2  0.000e+00
      19928    830.292     30.279     30.476    29.3840    29.3855   5.924904   5.925247     3.0794     2.5983       4.69   24.46486  -82.86748    0.00034   -0.00020          2  0.000e+00
