Gulf of Mexico/GOMECC-4/1db/rb2103_0701.cnv
* Sea-Bird SBE 9 Data File:
* FileName = C:\Users\scs.user.rb\CTD\GOMECC4\data\rb2103_0701.hex
* Software Version Seasave V 7.26.7.107
* Temperature SN = 4799
* Conductivity SN = 3860
* Number of Bytes Per Scan = 41
* Number of Voltage Words = 4
* Number of Scans Averaged by the Deck Unit = 1
* NMEA Latitude = 26 03.47 N
* NMEA Longitude = 094 40.25 W
* NMEA UTC (Time) = Oct 03 2021  15:59:31
* NMEA baud rate = 4800
# nquan = 28
# nvalues = 858                         
# units = specified
# name 0 = scan: Scan Count
# name 1 = timeS: Time, Elapsed [seconds]
# name 2 = depSM: Depth [salt water, m]
# name 3 = prDM: Pressure, Digiquartz [db]
# name 4 = t090C: Temperature [ITS-90, deg C]
# name 5 = t190C: Temperature, 2 [ITS-90, deg C]
# name 6 = c0S/m: Conductivity [S/m]
# name 7 = c1S/m: Conductivity, 2 [S/m]
# name 8 = sbeox0V: Oxygen raw, SBE 43 [V]
# name 9 = sbeox1V: Oxygen raw, SBE 43, 2 [V]
# name 10 = altM: Altimeter [m]
# name 11 = latitude: Latitude [deg]
# name 12 = longitude: Longitude [deg]
# name 13 = sbox0dV/dT: Oxygen, SBE 43 [dov/dt]
# name 14 = sbox1dV/dT: Oxygen, SBE 43, 2 [dov/dt]
# name 15 = sbeox0ML/L: Oxygen, SBE 43 [ml/l], WS = 5
# name 16 = sbeox1ML/L: Oxygen, SBE 43, 2 [ml/l], WS = 5
# name 17 = potemp090C: Potential Temperature [ITS-90, deg C]
# name 18 = potemp190C: Potential Temperature, 2 [ITS-90, deg C]
# name 19 = sal00: Salinity, Practical [PSU]
# name 20 = sal11: Salinity, Practical, 2 [PSU]
# name 21 = sigma-é00: Density [sigma-theta, kg/m^3]
# name 22 = sigma-é11: Density, 2 [sigma-theta, kg/m^3]
# name 23 = avgsvCM: Average Sound Velocity [Chen-Millero, m/s], minP = 20, minS = 20
# name 24 = sbox0Mm/Kg: Oxygen, SBE 43 [umol/kg], WS = 5
# name 25 = sbox1Mm/Kg: Oxygen, SBE 43, 2 [umol/kg], WS = 5
# name 26 = nbin: number of scans per bin
# name 27 = flag: flag
# span 0 =      13028,     229637       
# span 1 =    542.790,   9568.172       
# span 2 =      0.993,   3013.283       
# span 3 =      1.000,   3055.000       
# span 4 =     4.2980,    29.3535       
# span 5 =     4.2987,    29.3546       
# span 6 =   3.352400,   5.946184       
# span 7 =   3.352362,   5.946452       
# span 8 =     1.5712,     3.4137       
# span 9 =     1.2747,     2.9273       
# span 10 =      10.41,     104.60      
# span 11 =   25.89812,   26.10013      
# span 12 =  -94.80923,  -94.07409      
# span 13 =   -0.03743,    0.05571      
# span 14 =   -0.03432,    0.05414      
# span 15 =     2.3809,     5.0833      
# span 16 =     2.3978,     5.0890      
# span 17 =     4.0796,    29.3469      
# span 18 =     4.0808,    29.3480      
# span 19 =    34.9107,    36.7021      
# span 20 =    34.9099,    36.7035      
# span 21 =    22.5455,    27.7609      
# span 22 =    22.5805,    27.7595      
# span 23 =       0.00,    1546.02      
# span 24 =    103.535,    221.700      
# span 25 =    104.268,    221.937      
# span 26 =         30,         87      
# span 27 = 0.0000e+00, 0.0000e+00      
# interval = decibars: 1                
# start_time = Oct 03 2021 15:59:31 [NMEA time, header]
# bad_flag = -9.990e-29
*END*
[from data line 518]
     137026   5709.363   1966.706   1989.000     4.2999     4.3007   3.365875   3.365844     1.8753     1.5553     100.00   26.06008  -94.66990    0.00009    0.00020     4.6243     4.6391     4.1290     4.1299    34.9715    34.9702    27.7499    27.7488    1502.79    200.945    201.590         40 0.0000e+00
     137067   5711.092   1965.721   1988.000     4.3000     4.3008   3.365837   3.365792     1.8754     1.5555     100.00   26.06008  -94.66990    0.00005    0.00004     4.6244     4.6395     4.1292     4.1300    34.9714    34.9700    27.7498    27.7486    1502.79    200.949    201.606         37 0.0000e+00
     137777   5740.684   1939.147   1961.000     4.3010     4.3018   3.364838   3.364790     1.8793     1.5592     100.00   26.06018  -94.67018    0.00028    0.00014     4.6236     4.6390     4.1330     4.1337    34.9713    34.9700    27.7494    27.7482    1502.79    200.916    201.584         31 0.0000e+00
     137934   5747.194   1933.241   1955.000     4.3009     4.3018   3.364611   3.364564     1.8795     1.5594     100.00   26.06032  -94.67069    0.00003    0.00002     4.6206     4.6363     4.1334     4.1343    34.9716    34.9702    27.7495    27.7483    1502.80    200.784    201.466         30 0.0000e+00
     138090   5753.728   1927.335   1949.000     4.3011     4.3019   3.364337   3.364298     1.8801     1.5604     100.00   26.06009  -94.66986    0.00013    0.00032     4.6195     4.6369     4.1342     4.1350    34.9711    34.9698    27.7490    27.7479    1502.79    200.736    201.495         30 0.0000e+00
     138481   5769.990   1912.569   1934.000     4.3012     4.3021   3.363771   3.363723     1.8820     1.5617     100.00   26.06025  -94.67041    0.00017    0.00001     4.6181     4.6337     4.1359     4.1367    34.9713    34.9699    27.7491    27.7479    1502.80    200.677    201.353         31 0.0000e+00
     139946   5831.042   1857.434   1878.000     4.3008     4.3016   3.361408   3.361378     1.8894     1.5686     100.00   26.06012  -94.66989    0.00018    0.00013     4.6139     4.6296     4.1410     4.1417    34.9707    34.9696    27.7480    27.7471    1502.79    200.493    201.175         31 0.0000e+00
     140102   5837.524   1851.526   1872.000     4.3020     4.3027   3.361302   3.361259     1.8903     1.5692     100.00   26.06041  -94.67095    0.00006    0.00005     4.6136     4.6285     4.1428     4.1434    34.9710    34.9699    27.7481    27.7471    1502.81    200.483    201.127         33 0.0000e+00
     140133   5838.845   1850.541   1871.000     4.3020     4.3030   3.361226   3.361200     1.8902     1.5695      95.52   26.06013  -94.66988   -0.00002    0.00011     4.6127     4.6290     4.1429     4.1439    34.9706    34.9693    27.7478    27.7466    1502.79    200.441    201.149         32 0.0000e+00
     140256   5843.950   1845.617   1866.000     4.3026     4.3034   3.361103   3.361064     1.8909     1.5702     100.00   26.06038  -94.67076    0.00010    0.00008     4.6124     4.6289     4.1439     4.1447    34.9710    34.9697    27.7479    27.7468    1502.80    200.427    201.146         30 0.0000e+00
     140286   5845.228   1844.633   1865.000     4.3024     4.3034   3.361019   3.360982     1.8907     1.5702     100.00   26.06014  -94.66988   -0.00002    0.00009     4.6110     4.6283     4.1439     4.1448    34.9706    34.9692    27.7476    27.7464    1502.79    200.366    201.121         33 0.0000e+00
     140442   5851.701   1838.724   1859.000     4.3025     4.3033   3.360806   3.360754     1.8911     1.5702      68.01   26.06027  -94.67044    0.00009    0.00002     4.6090     4.6249     4.1445     4.1453    34.9709    34.9695    27.7478    27.7466    1502.80    200.282    200.973         31 0.0000e+00
     140573   5857.186   1833.800   1854.000     4.3027     4.3035   3.360615   3.360574     1.8921     1.5714     100.00   26.06039  -94.67087    0.00016    0.00022     4.6097     4.6270     4.1452     4.1460    34.9709    34.9696    27.7477    27.7466    1502.81    200.313    201.065         31 0.0000e+00
     140704   5862.627   1828.876   1849.000     4.3029     4.3036   3.360478   3.360431     1.8928     1.5721     100.00   26.06080  -94.67227    0.00008    0.00022     4.6095     4.6271     4.1459     4.1466    34.9715    34.9702    27.7481    27.7470    1502.83    200.303    201.067         34 0.0000e+00
     140736   5863.964   1827.891   1848.000     4.3027     4.3034   3.360336   3.360296     1.8928     1.5724      68.04   26.06014  -94.66988    0.00002    0.00013     4.6090     4.6276     4.1458     4.1465    34.9705    34.9692    27.7473    27.7463    1502.79    200.279    201.088         35 0.0000e+00
     140859   5869.077   1822.967   1843.000     4.3028     4.3037   3.360203   3.360163     1.8938     1.5726     100.00   26.06058  -94.67147    0.00020    0.00011     4.6100     4.6255     4.1464     4.1472    34.9711    34.9698    27.7478    27.7467    1502.82    200.325    201.000         32 0.0000e+00
     140889   5870.331   1821.982   1842.000     4.3028     4.3034   3.360098   3.360051     1.8939     1.5726     100.00   26.06014  -94.66988    0.00020    0.00010     4.6099     4.6249     4.1464     4.1471    34.9704    34.9692    27.7472    27.7462    1502.79    200.318    200.972         32 0.0000e+00
     141333   5888.821   1805.239   1825.000     4.3040     4.3047   3.359494   3.359442     1.8960     1.5747      63.02   26.06008  -94.66967    0.00021    0.00020     4.6076     4.6235     4.1493     4.1500    34.9702    34.9689    27.7467    27.7456    1502.79    200.219    200.912         31 0.0000e+00
     141672   5902.969   1792.435   1812.000     4.3051     4.3059   3.359066   3.359025     1.8975     1.5760     100.00   26.06021  -94.67005    0.00009    0.00011     4.6056     4.6211     4.1517     4.1525    34.9702    34.9689    27.7465    27.7453    1502.79    200.134    200.808         31 0.0000e+00
     141800   5908.309   1787.510   1807.000     4.3054     4.3062   3.358940   3.358908     1.8978     1.5766     100.00   26.06069  -94.67182    0.00004    0.00006     4.6038     4.6203     4.1524     4.1533    34.9709    34.9696    27.7469    27.7458    1502.82    200.054    200.772         32 0.0000e+00
     141833   5909.682   1786.524   1806.000     4.3051     4.3058   3.358822   3.358773     1.8976     1.5766     100.00   26.06016  -94.66988    0.00002    0.00011     4.6025     4.6201     4.1523     4.1530    34.9702    34.9689    27.7464    27.7453    1502.79    199.998    200.764         37 0.0000e+00
     141991   5916.231   1782.585   1802.000     4.3053     4.3059   3.358673   3.358623     1.8985     1.5774     100.00   26.06027  -94.67027    0.00005    0.00008     4.6037     4.6211     4.1528     4.1535    34.9702    34.9690    27.7464    27.7453    1502.80    200.050    200.805         43 0.0000e+00
     142044   5918.462   1781.599   1801.000     4.3053     4.3061   3.358626   3.358589     1.8986     1.5775     100.00   26.06016  -94.66988    0.00002    0.00002     4.6033     4.6209     4.1530     4.1537    34.9701    34.9688    27.7462    27.7452    1502.79    200.031    200.797         41 0.0000e+00
     143193   5966.339   1780.615   1800.000     4.3071     4.3077   3.358736   3.358692     1.8981     1.5775     100.00   26.06017  -94.66986    0.00005    0.00001     4.6007     4.6200     4.1548     4.1554    34.9700    34.9688    27.7460    27.7450    1502.79    199.921    200.761         37 0.0000e+00
     143637   5984.821   1779.629   1799.000     4.3077     4.3083   3.358743   3.358701     1.8981     1.5775     100.00   26.06018  -94.66986    0.00012   -0.00002     4.6000     4.6193     4.1555     4.1561    34.9699    34.9688    27.7458    27.7449    1502.79    199.891    200.729         33 0.0000e+00
     143793   5991.320   1778.644   1798.000     4.3078     4.3085   3.358720   3.358672     1.8984     1.5775      96.77   26.06018  -94.66986    0.00008   -0.00000     4.6003     4.6187     4.1557     4.1564    34.9700    34.9688    27.7459    27.7448    1502.79    199.904    200.702         37 0.0000e+00
     143840   5993.304   1777.659   1797.000     4.3076     4.3084   3.358653   3.358624     1.8986     1.5774      87.89   26.06018  -94.66986    0.00010   -0.00001     4.6008     4.6178     4.1556     4.1564    34.9699    34.9688    27.7458    27.7448    1502.79    199.925    200.665         41 0.0000e+00
     143894   5995.528   1776.674   1796.000     4.3076     4.3083   3.358610   3.358566     1.8989     1.5775     100.28   26.06018  -94.66986    0.00011   -0.00001     4.6011     4.6174     4.1557     4.1564    34.9699    34.9687    27.7458    27.7448    1502.79    199.938    200.647         62 0.0000e+00
     143943   5997.582   1775.689   1795.000     4.3077     4.3083   3.358565   3.358525     1.8989     1.5775     100.00   26.06018  -94.66986    0.00006    0.00004     4.6007     4.6169     4.1559     4.1565    34.9698    34.9687    27.7457    27.7447    1502.79    199.919    200.624         36 0.0000e+00
     144005   6000.165   1773.719   1793.000     4.3077     4.3084   3.358534   3.358496     1.8991     1.5778     100.00   26.06054  -94.67115    0.00002    0.00004     4.6002     4.6168     4.1561     4.1568    34.9703    34.9692    27.7461    27.7451    1502.81    199.901    200.620         31 0.0000e+00
     144043   6001.766   1772.734   1792.000     4.3076     4.3084   3.358445   3.358416     1.8996     1.5785     100.00   26.06018  -94.66987    0.00020    0.00023     4.6015     4.6193     4.1561     4.1569    34.9699    34.9687    27.7458    27.7447    1502.79    199.957    200.728         53 0.0000e+00
     144092   6003.798   1771.749   1791.000     4.3078     4.3085   3.358420   3.358376     1.8997     1.5786      96.67   26.06018  -94.66987    0.00019    0.00029     4.6014     4.6193     4.1564     4.1571    34.9698    34.9686    27.7457    27.7447    1502.79    199.951    200.727         37 0.0000e+00
     144207   6008.566   1767.809   1787.000     4.3091     4.3099   3.358403   3.358357     1.9001     1.5788     100.00   26.06038  -94.67057    0.00007    0.00004     4.6004     4.6174     4.1581     4.1588    34.9702    34.9689    27.7458    27.7447    1502.80    199.908    200.647         34 0.0000e+00
     144240   6009.962   1766.823   1786.000     4.3092     4.3102   3.358337   3.358311     1.9003     1.5788     100.00   26.06018  -94.66986    0.00007    0.00001     4.6005     4.6166     4.1583     4.1593    34.9698    34.9684    27.7454    27.7443    1502.79    199.910    200.612         33 0.0000e+00
     144467   6019.434   1758.942   1778.000     4.3118     4.3128   3.358250   3.358221     1.9009     1.5799     100.00   26.06035  -94.67046    0.00009    0.00027     4.5977     4.6164     4.1616     4.1626    34.9699    34.9685    27.7452    27.7440    1502.80    199.788    200.603         32 0.0000e+00
     144498   6020.708   1757.957   1777.000     4.3122     4.3130   3.358219   3.358183     1.9009     1.5800     100.00   26.06018  -94.66986    0.00011    0.00013     4.5970     4.6162     4.1621     4.1629    34.9695    34.9683    27.7449    27.7438    1502.79    199.758    200.596         30 0.0000e+00
     144632   6026.276   1753.031   1772.000     4.3133     4.3141   3.358114   3.358077     1.9012     1.5800     100.00   26.06020  -94.66995    0.00010    0.00002     4.5953     4.6129     4.1637     4.1645    34.9696    34.9683    27.7447    27.7436    1502.79    199.686    200.452         36 0.0000e+00
     145045   6043.510   1738.254   1757.000     4.3153     4.3161   3.357692   3.357649     1.9024     1.5810     100.00   26.06042  -94.67065    0.00002    0.00022     4.5905     4.6080     4.1671     4.1678    34.9698    34.9684    27.7445    27.7434    1502.80    199.479    200.239         31 0.0000e+00
     145076   6044.809   1737.268   1756.000     4.3153     4.3162   3.357623   3.357587     1.9025     1.5812     100.00   26.06020  -94.66984    0.00009    0.00022     4.5905     4.6081     4.1672     4.1680    34.9694    34.9681    27.7442    27.7431    1502.79    199.479    200.243         33 0.0000e+00
     145204   6050.137   1732.342   1751.000     4.3154     4.3161   3.357451   3.357417     1.9034     1.5817     100.00   26.06052  -94.67100    0.00016    0.00012     4.5907     4.6072     4.1677     4.1685    34.9697    34.9685    27.7444    27.7434    1502.81    199.487    200.205         30 0.0000e+00
     145235   6051.409   1731.357   1750.000     4.3155     4.3163   3.357376   3.357345     1.9031     1.5821     100.00   26.06020  -94.66984    0.00016    0.00020     4.5892     4.6081     4.1680     4.1688    34.9692    34.9680    27.7439    27.7429    1502.79    199.421    200.243         34 0.0000e+00
     146060   6085.780   1700.811   1719.000     4.3205     4.3212   3.356575   3.356541     1.9060     1.5849     100.00   26.06062  -94.67129    0.00010    0.00014     4.5811     4.6010     4.1759     4.1766    34.9694    34.9683    27.7433    27.7423    1502.81    199.068    199.933         30 0.0000e+00
     146090   6087.038   1699.826   1718.000     4.3204     4.3212   3.356477   3.356437     1.9060     1.5849     100.00   26.06022  -94.66984    0.00010    0.00004     4.5808     4.6005     4.1759     4.1767    34.9688    34.9676    27.7428    27.7417    1502.79    199.057    199.911         34 0.0000e+00
     146218   6092.378   1694.898   1713.000     4.3203     4.3212   3.356257   3.356224     1.9070     1.5854     100.00   26.06014  -94.66956    0.00019    0.00011     4.5816     4.5996     4.1763     4.1772    34.9688    34.9675    27.7427    27.7416    1502.79    199.089    199.875         30 0.0000e+00
     146988   6124.456   1666.319   1684.000     4.3228     4.3234   3.355274   3.355238     1.9104     1.5893     100.00   26.06030  -94.67012    0.00018    0.00022     4.5771     4.5983     4.1815     4.1822    34.9686    34.9675    27.7420    27.7411    1502.79    198.894    199.815         30 0.0000e+00
     147198   6133.201   1658.434   1676.000     4.3231     4.3238   3.354964   3.354931     1.9111     1.5897      68.15   26.06028  -94.67006    0.00002    0.00004     4.5749     4.5948     4.1826     4.1833    34.9686    34.9674    27.7419    27.7409    1502.79    198.800    199.666         32 0.0000e+00
     147408   6141.977   1650.549   1668.000     4.3248     4.3253   3.354791   3.354743     1.9123     1.5909     100.00   26.06039  -94.67045    0.00008    0.00021     4.5747     4.5951     4.1850     4.1856    34.9686    34.9675    27.7417    27.7407    1502.80    198.793    199.677         30 0.0000e+00
     147438   6143.217   1649.563   1667.000     4.3247     4.3254   3.354718   3.354683     1.9122     1.5909     100.00   26.06022  -94.66984    0.00005    0.00027     4.5738     4.5945     4.1851     4.1857    34.9683    34.9672    27.7414    27.7404    1502.79    198.752    199.650         31 0.0000e+00
     147564   6148.449   1644.635   1662.000     4.3255     4.3261   3.354623   3.354579     1.9125     1.5910     100.00   26.06055  -94.67098    0.00005    0.00002     4.5720     4.5918     4.1863     4.1869    34.9688    34.9676    27.7416    27.7406    1502.81    198.673    199.534         31 0.0000e+00
     147594   6149.703   1643.649   1661.000     4.3255     4.3262   3.354544   3.354502     1.9129     1.5910     100.00   26.06024  -94.66984    0.00009    0.00002     4.5726     4.5911     4.1864     4.1871    34.9683    34.9671    27.7413    27.7402    1502.79    198.700    199.505         32 0.0000e+00
     147803   6158.435   1635.764   1653.000     4.3259     4.3265   3.354267   3.354225     1.9140     1.5923     100.00   26.06041  -94.67042    0.00018    0.00016     4.5721     4.5916     4.1875     4.1881    34.9686    34.9674    27.7413    27.7404    1502.80    198.677    199.528         32 0.0000e+00
