Gulf of Mexico/GOMECC-4/1db/rb2103_0291.ros
* Sea-Bird SBE 9 Data File:
* FileName = C:\Users\scs.user.rb\CTD\GOMECC4\data\rb2103_0291.hex
* Software Version Seasave V 7.26.7.107
* Temperature SN = 4799
* Conductivity SN = 3860
* Number of Bytes Per Scan = 41
* Number of Voltage Words = 4
* Number of Scans Averaged by the Deck Unit = 1
* NMEA Latitude = 27 29.98 N
* NMEA Longitude = 086 48.58 W
* NMEA UTC (Time) = Sep 22 2021  01:30:43
* NMEA baud rate = 4800
# nquan = 17
# nvalues = 3192                                  
# units = specified
# name 0 = scan: Scan Count
# name 1 = timeS: Time, Elapsed [seconds]
# name 2 = depSM: Depth [salt water, m]
# name 3 = prDM: Pressure, Digiquartz [db]
# name 4 = t090C: Temperature [ITS-90, deg C]
# name 5 = t190C: Temperature, 2 [ITS-90, deg C]
# name 6 = c0S/m: Conductivity [S/m]
# name 7 = c1S/m: Conductivity, 2 [S/m]
# name 8 = sbeox0V: Oxygen raw, SBE 43 [V]
# name 9 = sbeox1V: Oxygen raw, SBE 43, 2 [V]
# name 10 = altM: Altimeter [m]
# name 11 = latitude: Latitude [deg]
# name 12 = longitude: Longitude [deg]
# name 13 = sbox0dV/dT: Oxygen, SBE 43 [dov/dt]
# name 14 = sbox1dV/dT: Oxygen, SBE 43, 2 [dov/dt]
# name 15 = nbf: Bottles Fired
# name 16 = flag:  0.000e+00
# interval = seconds: 0.0416667
# start_time = Sep 22 2021 01:30:43 [NMEA time, header]
# bad_flag = -9.990e-29
*END*
[from data line 1703]
     193238   8051.542    595.867    600.704     7.1732     7.1743   3.564112   3.564098     1.6435     1.3443     100.00   27.49514  -86.81570   -0.00008   -0.00018         13  0.000e+00
     193239   8051.583    595.867    600.704     7.1735     7.1743   3.564112   3.564098     1.6435     1.3443     100.00   27.49514  -86.81570   -0.00005   -0.00017         13  0.000e+00
     193240   8051.625    595.799    600.635     7.1735     7.1743   3.564132   3.564071     1.6435     1.3443     100.00   27.49514  -86.81570   -0.00003   -0.00016         13  0.000e+00
     193241   8051.667    596.042    600.881     7.1738     7.1745   3.564119   3.564085     1.6422     1.3443     100.00   27.49514  -86.81570   -0.00001   -0.00017         13  0.000e+00
     193242   8051.708    595.867    600.704     7.1740     7.1748   3.564132   3.564098     1.6435     1.3443     100.00   27.49514  -86.81570   -0.00000   -0.00017         13  0.000e+00
     193243   8051.750    595.867    600.704     7.1741     7.1748   3.564119   3.564143     1.6422     1.3443     100.00   27.49514  -86.81570   -0.00001   -0.00016         13  0.000e+00
     193244   8051.792    595.928    600.765     7.1738     7.1748   3.564132   3.564137     1.6422     1.3443     100.00   27.49514  -86.81570   -0.00002   -0.00015         13  0.000e+00
     193245   8051.833    595.928    600.765     7.1735     7.1752   3.564164   3.564130     1.6422     1.3443     100.00   27.49514  -86.81570   -0.00001   -0.00013         13  0.000e+00
     193246   8051.875    595.928    600.766     7.1737     7.1748   3.564125   3.564104     1.6435     1.3443     100.00   27.49514  -86.81570    0.00002   -0.00014         13  0.000e+00
     193247   8051.917    595.928    600.766     7.1733     7.1745   3.564132   3.564117     1.6435     1.3443     100.00   27.49514  -86.81570    0.00003   -0.00014         13  0.000e+00
     193248   8051.958    595.868    600.704     7.1734     7.1744   3.564093   3.564104     1.6422     1.3431     100.00   27.49514  -86.81570    0.00002   -0.00015         13  0.000e+00
     193249   8052.000    595.928    600.766     7.1737     7.1743   3.564099   3.564071     1.6422     1.3443     100.00   27.49514  -86.81570    0.00004   -0.00015         13  0.000e+00
     193250   8052.042    595.929    600.766     7.1740     7.1742   3.564112   3.564039     1.6422     1.3443     100.00   27.49514  -86.81570    0.00003   -0.00015         13  0.000e+00
     193251   8052.083    595.929    600.766     7.1743     7.1740   3.564112   3.564032     1.6422     1.3443     100.00   27.49514  -86.81570    0.00002   -0.00016         13  0.000e+00
     193252   8052.125    595.929    600.766     7.1744     7.1743   3.564132   3.564052     1.6422     1.3443     100.00   27.49514  -86.81570    0.00002   -0.00016         13  0.000e+00
     193253   8052.167    595.982    600.820     7.1747     7.1740   3.564145   3.564039     1.6422     1.3431     100.00   27.49514  -86.81570    0.00001   -0.00017         13  0.000e+00
     193254   8052.208    595.929    600.766     7.1749     7.1740   3.564145   3.564052     1.6422     1.3443     100.00   27.49514  -86.81570    0.00000   -0.00015         13  0.000e+00
     193255   8052.250    595.982    600.820     7.1746     7.1742   3.564164   3.564039     1.6422     1.3443     100.00   27.49514  -86.81570   -0.00000   -0.00014         13  0.000e+00
     193256   8052.292    595.929    600.766     7.1740     7.1740   3.564151   3.564052     1.6422     1.3443     100.00   27.49514  -86.81570   -0.00001   -0.00014         13  0.000e+00
     193257   8052.333    595.929    600.766     7.1739     7.1739   3.564164   3.564065     1.6422     1.3443     100.00   27.49514  -86.81570   -0.00002   -0.00014         13  0.000e+00
     193258   8052.375    595.982    600.820     7.1735     7.1742   3.564177   3.564065     1.6422     1.3443     100.00   27.49514  -86.81570   -0.00001   -0.00013         13  0.000e+00
     193259   8052.417    595.929    600.766     7.1740     7.1740   3.564151   3.564013     1.6422     1.3443      64.54   27.49514  -86.81570   -0.00001   -0.00013         13  0.000e+00
     193260   8052.458    595.982    600.820     7.1740     7.1739   3.564145   3.564045     1.6422     1.3443      32.33   27.49514  -86.81570   -0.00002   -0.00011         13  0.000e+00
     193261   8052.500    595.982    600.820     7.1738     7.1739   3.564119   3.564039     1.6422     1.3443      25.64   27.49514  -86.81570   -0.00003   -0.00010         13  0.000e+00
     193262   8052.542    595.982    600.820     7.1738     7.1737   3.564112   3.564032     1.6422     1.3443      27.52   27.49514  -86.81570   -0.00003   -0.00010         13  0.000e+00
     193263   8052.583    595.929    600.766     7.1735     7.1735   3.564132   3.564032     1.6422     1.3443      29.04   27.49514  -86.81570   -0.00004   -0.00010         13  0.000e+00
     199169   8298.667    476.744    480.475     8.5009     8.5035   3.691458   3.691693     1.6203     1.3223     100.00   27.49514  -86.81576   -0.00003   -0.00012         14  0.000e+00
     199170   8298.708    476.873    480.605     8.5009     8.5034   3.691458   3.691706     1.6203     1.3223     100.00   27.49514  -86.81576   -0.00002   -0.00014         14  0.000e+00
     199171   8298.750    476.926    480.659     8.5004     8.5030   3.691432   3.691667     1.6203     1.3223     100.00   27.49514  -86.81576   -0.00002   -0.00016         14  0.000e+00
     199172   8298.792    476.972    480.705     8.5007     8.5027   3.691452   3.691620     1.6203     1.3223     100.00   27.49514  -86.81578   -0.00000   -0.00017         14  0.000e+00
     199173   8298.833    476.926    480.659     8.5006     8.5028   3.691432   3.691633     1.6190     1.3223     100.00   27.49514  -86.81578   -0.00002   -0.00019         14  0.000e+00
     199174   8298.875    476.911    480.643     8.5002     8.5030   3.691445   3.691647     1.6203     1.3223     100.00   27.49514  -86.81578   -0.00001   -0.00020         14  0.000e+00
     199175   8298.917    476.926    480.659     8.5002     8.5030   3.691458   3.691673     1.6190     1.3223     100.00   27.49514  -86.81578   -0.00003   -0.00022         14  0.000e+00
     199176   8298.958    476.972    480.705     8.5004     8.5026   3.691432   3.691633     1.6190     1.3223     100.00   27.49514  -86.81578   -0.00002   -0.00023         14  0.000e+00
     199177   8299.000    476.926    480.659     8.5001     8.5027   3.691425   3.691587     1.6190     1.3223     100.00   27.49514  -86.81578   -0.00002   -0.00025         14  0.000e+00
     199178   8299.042    476.911    480.644     8.5004     8.5029   3.691445   3.691580     1.6203     1.3236     100.00   27.49514  -86.81578   -0.00002   -0.00024         14  0.000e+00
     199179   8299.083    476.980    480.713     8.5004     8.5028   3.691458   3.691627     1.6203     1.3223     100.00   27.49514  -86.81578    0.00001   -0.00026         14  0.000e+00
     199180   8299.125    476.927    480.659     8.5002     8.5023   3.691432   3.691627     1.6190     1.3223     100.00   27.49514  -86.81578   -0.00001   -0.00027         14  0.000e+00
     199181   8299.167    476.972    480.705     8.5005     8.5020   3.691445   3.691560     1.6190     1.3223     100.00   27.49514  -86.81578   -0.00002   -0.00028         14  0.000e+00
     199182   8299.208    476.927    480.659     8.5004     8.5017   3.691432   3.691574     1.6203     1.3223     100.00   27.49514  -86.81578   -0.00001   -0.00030         14  0.000e+00
     199183   8299.250    476.972    480.705     8.5004     8.5018   3.691406   3.691527     1.6203     1.3223     100.00   27.49514  -86.81578   -0.00001   -0.00031         14  0.000e+00
     199184   8299.292    476.927    480.659     8.5005     8.5019   3.691438   3.691534     1.6203     1.3223     100.00   27.49514  -86.81578   -0.00000   -0.00032         14  0.000e+00
     199185   8299.333    476.972    480.705     8.5006     8.5017   3.691432   3.691501     1.6203     1.3223     100.00   27.49514  -86.81578   -0.00001   -0.00033         14  0.000e+00
     199186   8299.375    476.980    480.713     8.5004     8.5018   3.691425   3.691481     1.6203     1.3223     100.00   27.49514  -86.81578   -0.00001   -0.00034         14  0.000e+00
     199187   8299.417    476.980    480.713     8.5006     8.5017   3.691425   3.691507     1.6203     1.3223     100.00   27.49514  -86.81578   -0.00000   -0.00036         14  0.000e+00
     199188   8299.458    476.972    480.705     8.5005     8.5019   3.691425   3.691514     1.6190     1.3223     100.00   27.49514  -86.81578   -0.00002   -0.00037         14  0.000e+00
     199189   8299.500    476.927    480.659     8.5006     8.5018   3.691425   3.691494     1.6190     1.3223     100.00   27.49514  -86.81578   -0.00003   -0.00038         14  0.000e+00
     199190   8299.542    476.972    480.705     8.5012     8.5017   3.691445   3.691481     1.6190     1.3223     100.00   27.49514  -86.81578   -0.00006   -0.00039         14  0.000e+00
     199191   8299.583    476.980    480.713     8.5022     8.5020   3.691458   3.691507     1.6203     1.3223     100.00   27.49514  -86.81578   -0.00005   -0.00038         14  0.000e+00
     199192   8299.625    476.972    480.705     8.5020     8.5018   3.691478   3.691487     1.6203     1.3223     100.00   27.49514  -86.81578   -0.00006   -0.00039         14  0.000e+00
     199193   8299.667    476.980    480.713     8.5018     8.5019   3.691491   3.691481     1.6190     1.3223     100.00   27.49514  -86.81578   -0.00007   -0.00038         14  0.000e+00
     199194   8299.708    476.973    480.705     8.5023     8.5017   3.691543   3.691481     1.6190     1.3223     100.00   27.49514  -86.81578   -0.00009   -0.00037         14  0.000e+00
     199195   8299.750    476.980    480.713     8.5025     8.5020   3.691556   3.691501     1.6190     1.3223     100.00   27.49514  -86.81578   -0.00010   -0.00038         14  0.000e+00
     199196   8299.792    476.980    480.713     8.5018     8.5019   3.691556   3.691468     1.6190     1.3223     100.00   27.49514  -86.81576   -0.00011   -0.00038         14  0.000e+00
     199197   8299.833    476.973    480.705     8.5020     8.5019   3.691556   3.691474     1.6190     1.3236     100.00   27.49514  -86.81576   -0.00014   -0.00037         14  0.000e+00
     199198   8299.875    476.980    480.713     8.5027     8.5018   3.691556   3.691461     1.6190     1.3223     100.00   27.49514  -86.81576   -0.00015   -0.00038         14  0.000e+00
     199199   8299.917    476.973    480.706     8.5029     8.5019   3.691556   3.691474     1.6190     1.3223     100.00   27.49514  -86.81576   -0.00016   -0.00038         14  0.000e+00
     199200   8299.958    476.980    480.713     8.5030     8.5017   3.691556   3.691481     1.6190     1.3223     100.00   27.49514  -86.81576   -0.00017   -0.00039         14  0.000e+00
     199201   8300.000    476.973    480.706     8.5032     8.5016   3.691556   3.691481     1.6215     1.3223     100.00   27.49514  -86.81576   -0.00014   -0.00038         14  0.000e+00
     199202   8300.042    476.980    480.713     8.5032     8.5019   3.691576   3.691481     1.6203     1.3223     100.00   27.49514  -86.81576   -0.00015   -0.00038         14  0.000e+00
     199203   8300.083    476.927    480.660     8.5036     8.5019   3.691589   3.691481     1.6203     1.3223     100.00   27.49514  -86.81576   -0.00014   -0.00039         14  0.000e+00
     199204   8300.125    477.026    480.759     8.5028     8.5020   3.691569   3.691481     1.6203     1.3223     100.00   27.49514  -86.81576   -0.00015   -0.00039         14  0.000e+00
     199205   8300.167    476.980    480.713     8.5025     8.5019   3.691583   3.691454     1.6203     1.3223     100.00   27.49514  -86.81576   -0.00016   -0.00039         14  0.000e+00
     199206   8300.208    476.973    480.706     8.5025     8.5019   3.691589   3.691448     1.6203     1.3223     100.00   27.49514  -86.81576   -0.00016   -0.00040         14  0.000e+00
     199207   8300.250    476.981    480.713     8.5022     8.5018   3.691563   3.691474     1.6203     1.3223     100.00   27.49514  -86.81576   -0.00015   -0.00040         14  0.000e+00
     199208   8300.292    477.026    480.759     8.5023     8.5022   3.691556   3.691501     1.6215     1.3223     100.00   27.49514  -86.81576   -0.00013   -0.00040         14  0.000e+00
     199209   8300.333    476.927    480.660     8.5022     8.5020   3.691556   3.691468     1.6215     1.3223     100.00   27.49514  -86.81576   -0.00010   -0.00041         14  0.000e+00
     199210   8300.375    476.973    480.706     8.5024     8.5020   3.691576   3.691474     1.6203     1.3223     100.00   27.49514  -86.81576   -0.00010   -0.00041         14  0.000e+00
     199211   8300.417    476.981    480.714     8.5020     8.5023   3.691563   3.691534     1.6190     1.3223     100.00   27.49514  -86.81576   -0.00009   -0.00041         14  0.000e+00
     199212   8300.458    476.981    480.714     8.5018     8.5022   3.691576   3.691547     1.6203     1.3223     100.00   27.49514  -86.81576   -0.00008   -0.00041         14  0.000e+00
     199213   8300.500    476.973    480.706     8.5018     8.5024   3.691537   3.691547     1.6203     1.3223     100.00   27.49514  -86.81576   -0.00008   -0.00041         14  0.000e+00
     199214   8300.542    476.981    480.714     8.5014     8.5027   3.691543   3.691574     1.6203     1.3223     100.00   27.49514  -86.81576   -0.00007   -0.00041         14  0.000e+00
     199215   8300.583    476.973    480.706     8.5014     8.5029   3.691556   3.691633     1.6203     1.3223     100.00   27.49514  -86.81576   -0.00006   -0.00041         14  0.000e+00
     199216   8300.625    476.928    480.660     8.5011     8.5031   3.691556   3.691594     1.6203     1.3223     100.00   27.49514  -86.81576   -0.00006   -0.00041         14  0.000e+00
     199217   8300.667    477.026    480.760     8.5011     8.5032   3.691556   3.691607     1.6203     1.3223     100.00   27.49514  -86.81576   -0.00005   -0.00041         14  0.000e+00
     199218   8300.708    476.928    480.660     8.5014     8.5032   3.691556   3.691640     1.6203     1.3223     100.00   27.49514  -86.81576   -0.00004   -0.00041         14  0.000e+00
     199219   8300.750    477.026    480.760     8.5022     8.5033   3.691576   3.691667     1.6203     1.3223     100.00   27.49514  -86.81576   -0.00004   -0.00041         14  0.000e+00
     199220   8300.792    476.928    480.660     8.5024     8.5033   3.691609   3.691633     1.6203     1.3223     100.00   27.49514  -86.81578   -0.00003   -0.00041         14  0.000e+00
     199221   8300.833    476.981    480.714     8.5025     8.5033   3.691569   3.691640     1.6203     1.3223     100.00   27.49514  -86.81578   -0.00002   -0.00041         14  0.000e+00
     199222   8300.875    476.973    480.706     8.5025     8.5034   3.691602   3.691673     1.6203     1.3223     100.00   27.49514  -86.81578   -0.00002   -0.00040         14  0.000e+00
     199223   8300.917    476.928    480.660     8.5022     8.5035   3.691569   3.691653     1.6203     1.3223     100.00   27.49514  -86.81578   -0.00001   -0.00040         14  0.000e+00
     199224   8300.958    476.973    480.706     8.5020     8.5037   3.691576   3.691673     1.6203     1.3211     100.00   27.49514  -86.81578   -0.00000   -0.00042         14  0.000e+00
     199225   8301.000    476.928    480.660     8.5018     8.5040   3.691642   3.691706     1.6203     1.3223     100.00   27.49514  -86.81578    0.00000   -0.00041         14  0.000e+00
     199226   8301.042    476.973    480.706     8.5020     8.5041   3.691602   3.691733     1.6203     1.3223     100.00   27.49514  -86.81578    0.00001   -0.00041         14  0.000e+00
