Gulf of Mexico/GOMECC-4/1db/rb2103_0921.ros
* Sea-Bird SBE 9 Data File:
* FileName = C:\Users\scs.user.rb\CTD\GOMECC4\data\rb2103_0921.hex
* Software Version Seasave V 7.26.7.107
* Temperature SN = 4799
* Conductivity SN = 3860
* Number of Bytes Per Scan = 41
* Number of Voltage Words = 4
* Number of Scans Averaged by the Deck Unit = 1
* NMEA Latitude = 21 26.99 N
* NMEA Longitude = 091 34.00 W
* NMEA UTC (Time) = Oct 10 2021  09:11:05
* NMEA baud rate = 4800
# nquan = 17
# nvalues = 532                                   
# units = specified
# name 0 = scan: Scan Count
# name 1 = timeS: Time, Elapsed [seconds]
# name 2 = depSM: Depth [salt water, m]
# name 3 = prDM: Pressure, Digiquartz [db]
# name 4 = t090C: Temperature [ITS-90, deg C]
# name 5 = t190C: Temperature, 2 [ITS-90, deg C]
# name 6 = c0S/m: Conductivity [S/m]
# name 7 = c1S/m: Conductivity, 2 [S/m]
# name 8 = sbeox0V: Oxygen raw, SBE 43 [V]
# name 9 = sbeox1V: Oxygen raw, SBE 43, 2 [V]
# name 10 = altM: Altimeter [m]
# name 11 = latitude: Latitude [deg]
# name 12 = longitude: Longitude [deg]
# name 13 = sbox0dV/dT: Oxygen, SBE 43 [dov/dt]
# name 14 = sbox1dV/dT: Oxygen, SBE 43, 2 [dov/dt]
# name 15 = nbf: Bottles Fired
# name 16 = flag:  0.000e+00
# interval = seconds: 0.0416667
# start_time = Oct 10 2021 09:11:05 [NMEA time, header]
# bad_flag = -9.990e-29
*END*
      14535    605.583     43.013     43.286    27.7152    27.7263   5.801283   5.803356     2.7961     2.3651       5.08   21.45052  -91.56746   -0.00492    0.00104          1  0.000e+00
      14536    605.625     43.561     43.838    27.7156    27.7311   5.801236   5.803260     2.7949     2.3651       5.08   21.45052  -91.56746   -0.00506    0.00106          1  0.000e+00
      14537    605.667     43.162     43.436    27.7156    27.7309   5.801252   5.803300     2.7949     2.3639       5.08   21.45052  -91.56746   -0.00519    0.00105          1  0.000e+00
      14538    605.708     43.162     43.435    27.7157    27.7300   5.801220   5.803316     2.7949     2.3651       5.08   21.45052  -91.56746   -0.00530    0.00108          1  0.000e+00
      14539    605.750     43.162     43.436    27.7163    27.7298   5.801284   5.803388     2.7937     2.3651       5.08   21.45052  -91.56746   -0.00542    0.00111          1  0.000e+00
      14540    605.792     43.162     43.436    27.7159    27.7309   5.801268   5.803412     2.7949     2.3651       5.08   21.45052  -91.56746   -0.00551    0.00113          1  0.000e+00
      14541    605.833     43.209     43.483    27.7159    27.7327   5.801220   5.803452     2.7949     2.3651       5.08   21.45052  -91.56746   -0.00560    0.00115          1  0.000e+00
      14542    605.875     43.135     43.408    27.7158    27.7348   5.801284   5.803460     2.7937     2.3639       5.08   21.45052  -91.56746   -0.00570    0.00114          1  0.000e+00
      14543    605.917     43.162     43.435    27.7158    27.7358   5.801339   5.803500     2.7937     2.3639       5.08   21.45052  -91.56746   -0.00580    0.00115          1  0.000e+00
      14544    605.958     43.162     43.435    27.7165    27.7362   5.801386   5.803436     2.7937     2.3639       5.08   21.45052  -91.56746   -0.00591    0.00114          1  0.000e+00
      14545    606.000     43.162     43.435    27.7183    27.7364   5.801402   5.803340     2.7937     2.3639       5.08   21.45052  -91.56746   -0.00601    0.00114          1  0.000e+00
      14546    606.042     43.162     43.435    27.7189    27.7316   5.801473   5.803252     2.7937     2.3639       5.08   21.45052  -91.56746   -0.00609    0.00113          1  0.000e+00
      14547    606.083     43.162     43.435    27.7183    27.7246   5.801457   5.803188     2.7937     2.3639       5.08   21.45052  -91.56746   -0.00616    0.00112          1  0.000e+00
      14548    606.125     43.162     43.435    27.7181    27.7228   5.801449   5.803180     2.7937     2.3639       5.08   21.45052  -91.56746   -0.00623    0.00112          1  0.000e+00
      14549    606.167     43.162     43.435    27.7187    27.7274   5.801520   5.803252     2.7937     2.3639       5.08   21.45052  -91.56746   -0.00631    0.00109          1  0.000e+00
      14550    606.208     43.135     43.408    27.7196    27.7305   5.801544   5.803204     2.7937     2.3626       5.08   21.45052  -91.56746   -0.00636    0.00105          1  0.000e+00
      14551    606.250     43.162     43.435    27.7199    27.7314   5.801583   5.803108     2.7937     2.3626       5.08   21.45052  -91.56746   -0.00641    0.00099          1  0.000e+00
      14552    606.292     43.162     43.435    27.7201    27.7357   5.801552   5.803044     2.7924     2.3639       5.08   21.45052  -91.56746   -0.00647    0.00095          1  0.000e+00
      14553    606.333     43.162     43.435    27.7196    27.7395   5.801575   5.803068     2.7924     2.3626       5.08   21.45052  -91.56746   -0.00653    0.00089          1  0.000e+00
      14554    606.375     43.162     43.435    27.7199    27.7421   5.801631   5.803012     2.7924     2.3626       5.05   21.45052  -91.56746   -0.00658    0.00082          1  0.000e+00
      14555    606.417     43.162     43.435    27.7201    27.7430   5.801568   5.802988     2.7937     2.3626       5.08   21.45052  -91.56746   -0.00660    0.00076          1  0.000e+00
      14556    606.458     43.162     43.435    27.7201    27.7370   5.801615   5.802948     2.7924     2.3626       5.10   21.45052  -91.56746   -0.00664    0.00070          1  0.000e+00
      14557    606.500     43.162     43.435    27.7197    27.7296   5.801639   5.802868     2.7924     2.3614       5.10   21.45052  -91.56746   -0.00667    0.00060          1  0.000e+00
      14558    606.542     43.189     43.463    27.7197    27.7237   5.801639   5.802732     2.7924     2.3614       5.10   21.45052  -91.56746   -0.00669    0.00050          1  0.000e+00
      14559    606.583     43.114     43.388    27.7196    27.7206   5.801639   5.802700     2.7937     2.3626       5.10   21.45052  -91.56746   -0.00669    0.00042          1  0.000e+00
      14560    606.625     43.209     43.483    27.7197    27.7200   5.801607   5.802628     2.7924     2.3614       5.10   21.45052  -91.56746   -0.00670    0.00032          1  0.000e+00
      14561    606.667     43.162     43.435    27.7187    27.7221   5.801552   5.802500     2.7924     2.3614       5.10   21.45052  -91.56746   -0.00671    0.00023          1  0.000e+00
      14562    606.708     43.162     43.435    27.7183    27.7235   5.801544   5.802460     2.7937     2.3614       5.10   21.45052  -91.56746   -0.00669    0.00013          1  0.000e+00
      14563    606.750     43.162     43.435    27.7183    27.7231   5.801512   5.802500     2.7937     2.3614       5.10   21.45052  -91.56746   -0.00666    0.00003          1  0.000e+00
      14564    606.792     43.162     43.435    27.7187    27.7231   5.801457   5.802468     2.7924     2.3614       5.10   21.45052  -91.56746   -0.00665   -0.00007          1  0.000e+00
      14565    606.833     43.209     43.483    27.7168    27.7235   5.801378   5.802460     2.7924     2.3614       5.10   21.45052  -91.56746   -0.00663   -0.00018          1  0.000e+00
      14566    606.875     43.162     43.435    27.7139    27.7235   5.801213   5.802460     2.7937     2.3614       5.10   21.45052  -91.56746   -0.00658   -0.00028          1  0.000e+00
      14567    606.917     43.134     43.408    27.7117    27.7246   5.801023   5.802460     2.7937     2.3614       5.10   21.45052  -91.56746   -0.00653   -0.00038          1  0.000e+00
      14568    606.958     43.209     43.483    27.7101    27.7248   5.800834   5.802460     2.7937     2.3614       5.10   21.45052  -91.56746   -0.00648   -0.00048          1  0.000e+00
      14569    607.000     43.162     43.435    27.7097    27.7248   5.800747   5.802500     2.7937     2.3614       5.10   21.45052  -91.56746   -0.00642   -0.00058          1  0.000e+00
      14570    607.042     43.209     43.483    27.7092    27.7263   5.800700   5.802540     2.7937     2.3614       5.10   21.45052  -91.56746   -0.00635   -0.00068          1  0.000e+00
      14571    607.083     43.162     43.435    27.7092    27.7274   5.800621   5.802596     2.7937     2.3626       5.10   21.45052  -91.56746   -0.00627   -0.00075          1  0.000e+00
      14572    607.125     43.209     43.483    27.7091    27.7266   5.800597   5.802604     2.7949     2.3626       5.10   21.45052  -91.56746   -0.00618   -0.00082          1  0.000e+00
      14573    607.167     43.209     43.483    27.7094    27.7252   5.800597   5.802500     2.7937     2.3626       5.10   21.45052  -91.56746   -0.00609   -0.00089          1  0.000e+00
      14574    607.208     43.209     43.483    27.7098    27.7226   5.800629   5.802284     2.7937     2.3626       5.10   21.45052  -91.56746   -0.00600   -0.00096          1  0.000e+00
      14575    607.250     43.189     43.462    27.7107    27.7221   5.800605   5.802260     2.7937     2.3626       5.10   21.45052  -91.56746   -0.00590   -0.00101          1  0.000e+00
      14576    607.292     43.209     43.483    27.7117    27.7235   5.800700   5.802372     2.7949     2.3626       5.10   21.45052  -91.56746   -0.00578   -0.00106          1  0.000e+00
      14577    607.333     43.162     43.435    27.7124    27.7250   5.800739   5.802412     2.7937     2.3614       5.10   21.45052  -91.56746   -0.00566   -0.00113          1  0.000e+00
      14578    607.375     43.263     43.537    27.7115    27.7263   5.800700   5.802444     2.7949     2.3626       5.10   21.45052  -91.56746   -0.00552   -0.00116          1  0.000e+00
      14579    607.417     43.209     43.483    27.7110    27.7266   5.800692   5.802532     2.7937     2.3614       5.10   21.45052  -91.56746   -0.00540   -0.00121          1  0.000e+00
      14580    607.458     43.161     43.435    27.7106    27.7276   5.800652   5.802588     2.7949     2.3626       5.05   21.45052  -91.56746   -0.00526   -0.00124          1  0.000e+00
      14581    607.500     43.209     43.483    27.7110    27.7276   5.800715   5.802572     2.7949     2.3614       5.05   21.45052  -91.56746   -0.00511   -0.00128          1  0.000e+00
      14582    607.542     43.263     43.537    27.7115    27.7254   5.800771   5.802484     2.7961     2.3614       5.05   21.45052  -91.56746   -0.00495   -0.00131          1  0.000e+00
      14583    607.583     43.189     43.462    27.7117    27.7241   5.800747   5.802356     2.7949     2.3614       5.05   21.45052  -91.56746   -0.00481   -0.00134          1  0.000e+00
      14584    607.625     43.263     43.537    27.7119    27.7228   5.800739   5.802212     2.7961     2.3614       5.05   21.45052  -91.56746   -0.00465   -0.00135          1  0.000e+00
      14585    607.667     43.263     43.537    27.7115    27.7219   5.800739   5.802148     2.7961     2.3614       5.05   21.45052  -91.56746   -0.00448   -0.00137          1  0.000e+00
      14586    607.708     43.209     43.483    27.7111    27.7224   5.800668   5.802164     2.7961     2.3614       5.05   21.45052  -91.56746   -0.00430   -0.00138          1  0.000e+00
      14587    607.750     43.263     43.537    27.7110    27.7226   5.800676   5.802108     2.7961     2.3614       5.05   21.45052  -91.56746   -0.00414   -0.00139          1  0.000e+00
      14588    607.792     43.209     43.483    27.7106    27.7230   5.800723   5.802156     2.7973     2.3614       5.05   21.45052  -91.56746   -0.00395   -0.00139          1  0.000e+00
      14589    607.833     43.263     43.537    27.7101    27.7230   5.800668   5.802148     2.7973     2.3614       5.05   21.45052  -91.56746   -0.00377   -0.00140          1  0.000e+00
      14590    607.875     43.263     43.537    27.7099    27.7221   5.800676   5.802092     2.7973     2.3614       5.05   21.45052  -91.56746   -0.00359   -0.00140          1  0.000e+00
      14591    607.917     43.263     43.537    27.7098    27.7208   5.800581   5.802052     2.7973     2.3614       5.05   21.45052  -91.56746   -0.00341   -0.00140          1  0.000e+00
      14592    607.958     43.236     43.510    27.7096    27.7200   5.800581   5.801996     2.7985     2.3614       5.05   21.45052  -91.56746   -0.00321   -0.00140          1  0.000e+00
      14593    608.000     43.263     43.537    27.7097    27.7195   5.800597   5.801916     2.7985     2.3614       5.05   21.45052  -91.56746   -0.00301   -0.00140          1  0.000e+00
      14594    608.042     43.263     43.537    27.7097    27.7182   5.800558   5.801780     2.7985     2.3614       5.05   21.45052  -91.56746   -0.00280   -0.00140          1  0.000e+00
      14595    608.083     43.263     43.537    27.7092    27.7154   5.800510   5.801644     2.7998     2.3614       5.05   21.45052  -91.56746   -0.00259   -0.00139          1  0.000e+00
      14596    608.125     43.263     43.537    27.7096    27.7138   5.800502   5.801316     2.7998     2.3602       5.05   21.45052  -91.56746   -0.00238   -0.00140          1  0.000e+00
      14597    608.167     43.263     43.537    27.7091    27.7129   5.800502   5.801476     2.7998     2.3602       5.05   21.45052  -91.56746   -0.00218   -0.00141          1  0.000e+00
      14598    608.208     43.263     43.537    27.7092    27.7131   5.800534   5.801516     2.8010     2.3602       5.05   21.45052  -91.56746   -0.00196   -0.00142          1  0.000e+00
      14599    608.250     43.310     43.585    27.7093    27.7125   5.800550   5.801548     2.8022     2.3602       5.05   21.45052  -91.56746   -0.00174   -0.00143          1  0.000e+00
      14600    608.292     43.283     43.558    27.7094    27.7123   5.800510   5.801628     2.8010     2.3602       5.05   21.45052  -91.56746   -0.00154   -0.00143          1  0.000e+00
      14601    608.333     43.161     43.435    27.7092    27.7144   5.800573   5.801620     2.8022     2.3602       5.05   21.45052  -91.56746   -0.00131   -0.00143          1  0.000e+00
      14602    608.375     43.358     43.633    27.7091    27.7164   5.800558   5.801636     2.8022     2.3602       5.05   21.45052  -91.56746   -0.00111   -0.00145          1  0.000e+00
      14603    608.417     43.310     43.585    27.7096    27.7167   5.800550   5.801652     2.8022     2.3602       5.05   21.45052  -91.56746   -0.00090   -0.00147          1  0.000e+00
      14604    608.458     43.263     43.537    27.7094    27.7166   5.800510   5.801684     2.8022     2.3602       5.01   21.45052  -91.56746   -0.00069   -0.00147          1  0.000e+00
      14605    608.500     43.263     43.537    27.7095    27.7169   5.800534   5.801700     2.8022     2.3602       4.98   21.45052  -91.56746   -0.00050   -0.00146          1  0.000e+00
      14606    608.542     43.310     43.585    27.7097    27.7178   5.800510   5.801660     2.8022     2.3614       5.01   21.45052  -91.56746   -0.00031   -0.00146          1  0.000e+00
      14607    608.583     43.263     43.537    27.7099    27.7188   5.800534   5.801764     2.8022     2.3614       5.01   21.45052  -91.56746   -0.00011   -0.00145          1  0.000e+00
      14608    608.625     43.263     43.537    27.7097    27.7189   5.800550   5.801796     2.8022     2.3614       5.01   21.45052  -91.56746    0.00006   -0.00145          1  0.000e+00
      14609    608.667     43.283     43.558    27.7097    27.7195   5.800550   5.801836     2.8010     2.3614       5.01   21.45052  -91.56746    0.00022   -0.00144          1  0.000e+00
      14610    608.708     43.310     43.585    27.7098    27.7208   5.800581   5.801844     2.8010     2.3614       5.01   21.45052  -91.56746    0.00036   -0.00143          1  0.000e+00
      14611    608.750     43.263     43.537    27.7097    27.7208   5.800558   5.801916     2.8010     2.3626       5.01   21.45052  -91.56746    0.00051   -0.00140          1  0.000e+00
      14612    608.792     43.310     43.585    27.7103    27.7208   5.800581   5.801900     2.8010     2.3626       5.01   21.45052  -91.56746    0.00063   -0.00137          1  0.000e+00
      14613    608.833     43.263     43.537    27.7100    27.7208   5.800558   5.801924     2.8010     2.3626       5.01   21.45052  -91.56746    0.00076   -0.00134          1  0.000e+00
      14614    608.875     43.310     43.585    27.7101    27.7202   5.800581   5.801836     2.8010     2.3626       5.01   21.45052  -91.56746    0.00088   -0.00131          1  0.000e+00
      14615    608.917     43.263     43.537    27.7105    27.7193   5.800668   5.801756     2.8010     2.3626       5.01   21.45052  -91.56746    0.00101   -0.00128          1  0.000e+00
      14616    608.958     43.310     43.585    27.7111    27.7188   5.800763   5.801716     2.7985     2.3626       5.01   21.45052  -91.56746    0.00110   -0.00123          1  0.000e+00
      14617    609.000     43.283     43.558    27.7119    27.7182   5.800747   5.801700     2.7998     2.3626       5.01   21.45052  -91.56746    0.00119   -0.00118          1  0.000e+00
      14618    609.042     43.263     43.537    27.7117    27.7182   5.800739   5.801596     2.7998     2.3626       4.98   21.45052  -91.56746    0.00128   -0.00113          1  0.000e+00
      14619    609.083     43.310     43.585    27.7115    27.7178   5.800771   5.801484     2.7985     2.3626       5.01   21.45052  -91.56746    0.00135   -0.00108          1  0.000e+00
