Gulf of Mexico/GOMECC-4/1db/rb2103_0161.ros
* Sea-Bird SBE 9 Data File:
* FileName = C:\Users\scs.user.rb\CTD\GOMECC4\data\rb2103_0161.hex
* Software Version Seasave V 7.26.7.107
* Temperature SN = 4799
* Conductivity SN = 3860
* Number of Bytes Per Scan = 41
* Number of Voltage Words = 4
* Number of Scans Averaged by the Deck Unit = 1
* NMEA Latitude = 27 33.29 N
* NMEA Longitude = 083 39.94 W
* NMEA UTC (Time) = Sep 19 2021  06:56:19
* NMEA baud rate = 4800
# nquan = 17
# nvalues = 798                                   
# units = specified
# name 0 = scan: Scan Count
# name 1 = timeS: Time, Elapsed [seconds]
# name 2 = depSM: Depth [salt water, m]
# name 3 = prDM: Pressure, Digiquartz [db]
# name 4 = t090C: Temperature [ITS-90, deg C]
# name 5 = t190C: Temperature, 2 [ITS-90, deg C]
# name 6 = c0S/m: Conductivity [S/m]
# name 7 = c1S/m: Conductivity, 2 [S/m]
# name 8 = sbeox0V: Oxygen raw, SBE 43 [V]
# name 9 = sbeox1V: Oxygen raw, SBE 43, 2 [V]
# name 10 = altM: Altimeter [m]
# name 11 = latitude: Latitude [deg]
# name 12 = longitude: Longitude [deg]
# name 13 = sbox0dV/dT: Oxygen, SBE 43 [dov/dt]
# name 14 = sbox1dV/dT: Oxygen, SBE 43, 2 [dov/dt]
# name 15 = nbf: Bottles Fired
# name 16 = flag:  0.000e+00
# interval = seconds: 0.0416667
# start_time = Sep 19 2021 06:56:19 [NMEA time, header]
# bad_flag = -9.990e-29
*END*
[from data line 256]
      21994    916.375     29.731     29.931    29.1457    29.1475   5.856004   5.856213     3.1319     2.6569      17.63   27.55548  -83.66506    0.00026   -0.00236          2  0.000e+00
      21995    916.417     29.731     29.931    29.1459    29.1476   5.856019   5.856181     3.1319     2.6569      17.63   27.55548  -83.66506    0.00028   -0.00230          2  0.000e+00
      21996    916.458     29.784     29.984    29.1459    29.1484   5.856091   5.856100     3.1319     2.6569      17.63   27.55548  -83.66506    0.00030   -0.00223          2  0.000e+00
      21997    916.500     29.784     29.984    29.1461    29.1495   5.856146   5.856253     3.1331     2.6581      17.63   27.55548  -83.66506    0.00034   -0.00215          2  0.000e+00
      21998    916.542     29.731     29.931    29.1457    29.1497   5.856051   5.856317     3.1319     2.6581      17.63   27.55548  -83.66506    0.00036   -0.00205          2  0.000e+00
      21999    916.583     29.844     30.045    29.1462    29.1497   5.856020   5.856317     3.1319     2.6581      17.63   27.55548  -83.66506    0.00038   -0.00194          2  0.000e+00
      22000    916.625     29.731     29.931    29.1468    29.1497   5.855948   5.856277     3.1331     2.6581      17.63   27.55548  -83.66506    0.00044   -0.00188          2  0.000e+00
      22001    916.667     29.844     30.045    29.1466    29.1498   5.855956   5.856269     3.1331     2.6581      17.63   27.55548  -83.66506    0.00047   -0.00181          2  0.000e+00
      22002    916.708     29.784     29.984    29.1466    29.1501   5.855972   5.856229     3.1319     2.6593      17.63   27.55548  -83.66506    0.00051   -0.00170          2  0.000e+00
      22003    916.750     29.844     30.045    29.1466    29.1493   5.855972   5.856044     3.1319     2.6593      17.61   27.55548  -83.66506    0.00054   -0.00163          2  0.000e+00
      24296   1012.292     20.120     20.255    29.0508    29.0523   5.827828   5.828287     3.1282     2.6606      27.23   27.55560  -83.66498   -0.00029    0.00244          3  0.000e+00
      24297   1012.333     19.984     20.118    29.0506    29.0523   5.827923   5.828335     3.1282     2.6606      27.23   27.55560  -83.66498   -0.00027    0.00254          3  0.000e+00
      24298   1012.375     19.931     20.064    29.0508    29.0523   5.827962   5.828319     3.1282     2.6606      27.23   27.55560  -83.66498   -0.00024    0.00263          3  0.000e+00
      24299   1012.417     20.037     20.171    29.0512    29.0519   5.828034   5.828343     3.1282     2.6593      27.23   27.55560  -83.66498   -0.00023    0.00270          3  0.000e+00
      24300   1012.458     19.953     20.087    29.0510    29.0521   5.828057   5.828287     3.1282     2.6593      27.23   27.55560  -83.66498   -0.00022    0.00276          3  0.000e+00
      24301   1012.500     19.984     20.118    29.0508    29.0521   5.828057   5.828223     3.1294     2.6593      27.20   27.55560  -83.66498   -0.00017    0.00282          3  0.000e+00
      24302   1012.542     19.984     20.118    29.0508    29.0515   5.827986   5.828215     3.1294     2.6593      27.23   27.55560  -83.66498   -0.00015    0.00286          3  0.000e+00
      24303   1012.583     20.037     20.171    29.0508    29.0515   5.828034   5.828215     3.1294     2.6593      27.23   27.55560  -83.66498   -0.00012    0.00289          3  0.000e+00
      24304   1012.625     19.953     20.087    29.0506    29.0517   5.827947   5.828247     3.1294     2.6593      27.20   27.55560  -83.66498   -0.00009    0.00293          3  0.000e+00
      24305   1012.667     19.984     20.118    29.0508    29.0515   5.827915   5.828223     3.1294     2.6593      27.23   27.55560  -83.66498   -0.00006    0.00296          3  0.000e+00
      24306   1012.708     20.036     20.171    29.0506    29.0517   5.827915   5.828215     3.1294     2.6593      27.23   27.55560  -83.66498   -0.00004    0.00300          3  0.000e+00
      24307   1012.750     19.984     20.118    29.0508    29.0519   5.827947   5.828183     3.1294     2.6593      27.20   27.55560  -83.66498   -0.00001    0.00303          3  0.000e+00
      24308   1012.792     19.953     20.087    29.0508    29.0517   5.827923   5.828199     3.1294     2.6593      27.16   27.55560  -83.66498    0.00002    0.00304          3  0.000e+00
      24309   1012.833     19.984     20.118    29.0506    29.0515   5.827915   5.828183     3.1306     2.6593      27.13   27.55560  -83.66498    0.00007    0.00305          3  0.000e+00
      24310   1012.875     19.984     20.118    29.0508    29.0517   5.827915   5.828175     3.1306     2.6593      27.16   27.55560  -83.66498    0.00011    0.00306          3  0.000e+00
      24311   1012.917     19.984     20.118    29.0506    29.0517   5.827915   5.828175     3.1306     2.6593      27.13   27.55560  -83.66498    0.00015    0.00306          3  0.000e+00
      24312   1012.958     19.953     20.087    29.0506    29.0515   5.827915   5.828199     3.1306     2.6593      27.16   27.55560  -83.66498    0.00020    0.00305          3  0.000e+00
      24313   1013.000     19.984     20.118    29.0506    29.0515   5.827915   5.828183     3.1306     2.6593      27.13   27.55560  -83.66498    0.00024    0.00303          3  0.000e+00
      24314   1013.042     19.984     20.118    29.0504    29.0515   5.827875   5.828199     3.1306     2.6593      27.16   27.55560  -83.66498    0.00029    0.00301          3  0.000e+00
      24315   1013.083     19.931     20.064    29.0506    29.0515   5.827868   5.828143     3.1294     2.6581      27.16   27.55560  -83.66498    0.00031    0.00297          3  0.000e+00
      24316   1013.125     20.006     20.140    29.0502    29.0515   5.827939   5.828087     3.1306     2.6581      27.16   27.55560  -83.66498    0.00035    0.00293          3  0.000e+00
      24317   1013.167     19.931     20.064    29.0504    29.0514   5.827891   5.828111     3.1294     2.6581      27.16   27.55560  -83.66498    0.00038    0.00289          3  0.000e+00
      24318   1013.208     19.931     20.064    29.0503    29.0514   5.827868   5.828127     3.1294     2.6581      27.16   27.55560  -83.66498    0.00041    0.00284          3  0.000e+00
      24319   1013.250     19.953     20.087    29.0502    29.0514   5.827828   5.828159     3.1294     2.6581      27.16   27.55560  -83.66498    0.00043    0.00278          3  0.000e+00
      24320   1013.292     19.931     20.064    29.0503    29.0515   5.827820   5.828135     3.1294     2.6581      27.16   27.55560  -83.66498    0.00046    0.00271          3  0.000e+00
      24321   1013.333     19.984     20.118    29.0504    29.0512   5.827852   5.828159     3.1282     2.6581      27.16   27.55560  -83.66498    0.00046    0.00264          3  0.000e+00
      24322   1013.375     19.931     20.064    29.0503    29.0514   5.827868   5.828175     3.1282     2.6581      27.16   27.55560  -83.66498    0.00045    0.00256          3  0.000e+00
      24323   1013.417     19.900     20.034    29.0504    29.0514   5.827868   5.828135     3.1282     2.6581      27.16   27.55560  -83.66498    0.00044    0.00249          3  0.000e+00
      24324   1013.458     19.931     20.064    29.0504    29.0514   5.827868   5.828127     3.1282     2.6569      27.16   27.55560  -83.66498    0.00044    0.00241          3  0.000e+00
      24325   1013.500     19.931     20.064    29.0504    29.0512   5.827868   5.828127     3.1270     2.6569      27.13   27.55560  -83.66498    0.00041    0.00233          3  0.000e+00
      24326   1013.542     19.870     20.004    29.0504    29.0515   5.827868   5.828127     3.1282     2.6569      27.16   27.55560  -83.66498    0.00040    0.00225          3  0.000e+00
      24327   1013.583     19.953     20.087    29.0504    29.0512   5.827868   5.828127     3.1282     2.6569      27.16   27.55560  -83.66498    0.00037    0.00217          3  0.000e+00
      24328   1013.625     19.870     20.004    29.0504    29.0512   5.827828   5.828127     3.1270     2.6569      27.16   27.55560  -83.66498    0.00035    0.00208          3  0.000e+00
      24329   1013.667     19.870     20.004    29.0504    29.0514   5.827852   5.828054     3.1270     2.6557      27.16   27.55560  -83.66498    0.00030    0.00198          3  0.000e+00
      24330   1013.708     19.931     20.064    29.0506    29.0514   5.827828   5.828103     3.1270     2.6557      27.16   27.55560  -83.66498    0.00026    0.00187          3  0.000e+00
      24331   1013.750     19.900     20.034    29.0504    29.0512   5.827852   5.828159     3.1270     2.6569      27.16   27.55560  -83.66498    0.00021    0.00178          3  0.000e+00
      24332   1013.792     19.817     19.950    29.0506    29.0514   5.827899   5.828070     3.1270     2.6569      27.23   27.55560  -83.66498    0.00017    0.00169          3  0.000e+00
      24333   1013.833     19.931     20.064    29.0503    29.0512   5.827875   5.828063     3.1270     2.6569      27.25   27.55560  -83.66498    0.00012    0.00160          3  0.000e+00
      24334   1013.875     19.817     19.950    29.0506    29.0512   5.827867   5.828078     3.1282     2.6569      27.25   27.55560  -83.66498    0.00010    0.00151          3  0.000e+00
      24335   1013.917     19.900     20.034    29.0504    29.0512   5.827899   5.828079     3.1270     2.6569      27.23   27.55560  -83.66498    0.00005    0.00141          3  0.000e+00
      24336   1013.958     19.870     20.003    29.0506    29.0512   5.827844   5.828079     3.1270     2.6581      27.25   27.55560  -83.66498    0.00001    0.00133          3  0.000e+00
      24337   1014.000     19.817     19.950    29.0506    29.0510   5.827852   5.828006     3.1270     2.6581      27.23   27.55560  -83.66498   -0.00004    0.00125          3  0.000e+00
      24338   1014.042     19.870     20.003    29.0504    29.0510   5.827868   5.828014     3.1270     2.6581      27.25   27.55560  -83.66498   -0.00008    0.00116          3  0.000e+00
      24339   1014.083     19.840     19.973    29.0504    29.0512   5.827828   5.828103     3.1270     2.6581      27.23   27.55560  -83.66498   -0.00013    0.00108          3  0.000e+00
      24340   1014.125     19.817     19.950    29.0504    29.0512   5.827820   5.828014     3.1270     2.6581      27.25   27.55560  -83.66498   -0.00015    0.00100          3  0.000e+00
      24341   1014.167     19.870     20.003    29.0504    29.0510   5.827820   5.828014     3.1270     2.6581      27.23   27.55560  -83.66498   -0.00020    0.00093          3  0.000e+00
      24342   1014.208     19.727     19.859    29.0506    29.0510   5.827891   5.828062     3.1270     2.6593      27.25   27.55560  -83.66498   -0.00022    0.00087          3  0.000e+00
      24343   1014.250     19.931     20.064    29.0504    29.0510   5.827875   5.828038     3.1270     2.6593      27.25   27.55560  -83.66498   -0.00025    0.00081          3  0.000e+00
      24344   1014.292     19.817     19.950    29.0506    29.0506   5.827828   5.828030     3.1270     2.6581      27.23   27.55560  -83.66498   -0.00028    0.00074          3  0.000e+00
      24345   1014.333     19.817     19.950    29.0504    29.0510   5.827852   5.827990     3.1270     2.6593      27.25   27.55560  -83.66498   -0.00030    0.00069          3  0.000e+00
      24346   1014.375     19.787     19.920    29.0506    29.0508   5.827867   5.828014     3.1270     2.6593      27.23   27.55560  -83.66498   -0.00033    0.00064          3  0.000e+00
      24347   1014.417     19.817     19.950    29.0504    29.0508   5.827867   5.828030     3.1270     2.6593      27.25   27.55560  -83.66498   -0.00035    0.00059          3  0.000e+00
      24348   1014.458     19.817     19.950    29.0508    29.0508   5.827867   5.827958     3.1270     2.6593      27.23   27.55560  -83.66498   -0.00038    0.00054          3  0.000e+00
      24349   1014.500     19.817     19.950    29.0504    29.0510   5.827867   5.828038     3.1270     2.6593      27.23   27.55560  -83.66498   -0.00040    0.00049          3  0.000e+00
      24350   1014.542     19.787     19.920    29.0504    29.0510   5.827828   5.828006     3.1270     2.6581      27.23   27.55560  -83.66498   -0.00041    0.00042          3  0.000e+00
      24351   1014.583     19.817     19.950    29.0506    29.0510   5.827891   5.827942     3.1270     2.6581      27.23   27.55560  -83.66498   -0.00041    0.00036          3  0.000e+00
      24352   1014.625     19.817     19.950    29.0506    29.0510   5.827875   5.828006     3.1270     2.6581      27.23   27.55560  -83.66498   -0.00042    0.00031          3  0.000e+00
      24353   1014.667     19.817     19.950    29.0504    29.0510   5.827828   5.828030     3.1258     2.6581      27.23   27.55560  -83.66498   -0.00044    0.00025          3  0.000e+00
      24354   1014.708     19.787     19.920    29.0504    29.0512   5.827820   5.828062     3.1270     2.6569      27.23   27.55560  -83.66498   -0.00044    0.00017          3  0.000e+00
      24355   1014.750     19.817     19.950    29.0506    29.0508   5.827891   5.828078     3.1270     2.6569      27.25   27.55560  -83.66498   -0.00044    0.00011          3  0.000e+00
      24356   1014.792     19.817     19.950    29.0506    29.0512   5.827915   5.828078     3.1270     2.6569      27.30   27.55560  -83.66498   -0.00044    0.00006          3  0.000e+00
      24357   1014.833     19.817     19.950    29.0506    29.0510   5.827915   5.828078     3.1270     2.6569      27.33   27.55560  -83.66498   -0.00044   -0.00000          3  0.000e+00
      24358   1014.875     19.787     19.920    29.0506    29.0510   5.827875   5.828006     3.1270     2.6569      27.33   27.55560  -83.66498   -0.00043   -0.00005          3  0.000e+00
      24359   1014.917     19.817     19.950    29.0504    29.0510   5.827939   5.828014     3.1270     2.6569      27.33   27.55560  -83.66498   -0.00043   -0.00009          3  0.000e+00
      24360   1014.958     19.817     19.950    29.0508    29.0510   5.827891   5.828062     3.1270     2.6569      27.33   27.55560  -83.66498   -0.00042   -0.00013          3  0.000e+00
      24361   1015.000     19.757     19.889    29.0508    29.0508   5.827899   5.828006     3.1270     2.6581      27.33   27.55560  -83.66498   -0.00042   -0.00016          3  0.000e+00
      24362   1015.042     19.840     19.973    29.0508    29.0508   5.827947   5.828014     3.1258     2.6581      27.33   27.55560  -83.66498   -0.00044   -0.00018          3  0.000e+00
      24363   1015.083     19.817     19.950    29.0506    29.0508   5.827923   5.827958     3.1270     2.6581      27.33   27.55560  -83.66498   -0.00043   -0.00021          3  0.000e+00
      24364   1015.125     19.817     19.950    29.0506    29.0508   5.827915   5.827934     3.1270     2.6581      27.33   27.55560  -83.66498   -0.00044   -0.00023          3  0.000e+00
      24365   1015.167     19.787     19.920    29.0506    29.0508   5.827875   5.827934     3.1258     2.6593      27.33   27.55560  -83.66498   -0.00047   -0.00024          3  0.000e+00
      24366   1015.208     19.870     20.003    29.0504    29.0510   5.827899   5.828006     3.1270     2.6581      27.33   27.55560  -83.66498   -0.00049   -0.00027          3  0.000e+00
      24367   1015.250     19.757     19.889    29.0508    29.0508   5.827947   5.827958     3.1270     2.6581      27.33   27.55560  -83.66498   -0.00050   -0.00030          3  0.000e+00
      24368   1015.292     19.870     20.003    29.0503    29.0506   5.827891   5.827966     3.1270     2.6593      27.33   27.55560  -83.66498   -0.00051   -0.00031          3  0.000e+00
      24369   1015.333     19.787     19.920    29.0506    29.0508   5.827939   5.827942     3.1270     2.6593      27.33   27.55560  -83.66498   -0.00052   -0.00032          3  0.000e+00
