Gulf of Mexico/GOMECC-4/1db/rb2103_1101.ros
* Sea-Bird SBE 9 Data File:
* FileName = C:\Users\scs.user.rb\CTD\GOMECC4\data\rb2103_1101.hex
* Software Version Seasave V 7.26.7.107
* Temperature SN = 4799
* Conductivity SN = 3860
* Number of Bytes Per Scan = 41
* Number of Voltage Words = 4
* Number of Scans Averaged by the Deck Unit = 1
* NMEA Latitude = 22 32.38 N
* NMEA Longitude = 086 36.68 W
* NMEA UTC (Time) = Oct 15 2021  05:55:57
* NMEA baud rate = 4800
# nquan = 17
# nvalues = 1862                                  
# units = specified
# name 0 = scan: Scan Count
# name 1 = timeS: Time, Elapsed [seconds]
# name 2 = depSM: Depth [salt water, m]
# name 3 = prDM: Pressure, Digiquartz [db]
# name 4 = t090C: Temperature [ITS-90, deg C]
# name 5 = t190C: Temperature, 2 [ITS-90, deg C]
# name 6 = c0S/m: Conductivity [S/m]
# name 7 = c1S/m: Conductivity, 2 [S/m]
# name 8 = sbeox0V: Oxygen raw, SBE 43 [V]
# name 9 = sbeox1V: Oxygen raw, SBE 43, 2 [V]
# name 10 = altM: Altimeter [m]
# name 11 = latitude: Latitude [deg]
# name 12 = longitude: Longitude [deg]
# name 13 = sbox0dV/dT: Oxygen, SBE 43 [dov/dt]
# name 14 = sbox1dV/dT: Oxygen, SBE 43, 2 [dov/dt]
# name 15 = nbf: Bottles Fired
# name 16 = flag:  0.000e+00
# interval = seconds: 0.0416667
# start_time = Oct 15 2021 05:55:57 [NMEA time, header]
# bad_flag = -9.990e-29
*END*
[from data line 1703]
      61381   2557.500      9.884      9.947    29.7884    29.7861   5.986934   5.986950     3.1648     2.6691      76.78   22.56260  -86.62106    0.00048    0.00058         13  0.000e+00
      61382   2557.542      9.932      9.994    29.7888    29.7859   5.986950   5.986910     3.1648     2.6691      76.78   22.56260  -86.62106    0.00053    0.00060         13  0.000e+00
      61383   2557.583      9.884      9.947    29.7888    29.7861   5.986966   5.986934     3.1636     2.6691      76.78   22.56260  -86.62106    0.00056    0.00060         13  0.000e+00
      61384   2557.625      9.884      9.947    29.7888    29.7859   5.986998   5.986910     3.1648     2.6703      76.78   22.56260  -86.62106    0.00060    0.00064         13  0.000e+00
      61385   2557.667      9.884      9.947    29.7889    29.7859   5.986942   5.986918     3.1648     2.6703      76.78   22.56260  -86.62106    0.00064    0.00067         13  0.000e+00
      61386   2557.708      9.884      9.947    29.7883    29.7856   5.987022   5.986869     3.1648     2.6703      76.80   22.56260  -86.62106    0.00071    0.00067         13  0.000e+00
      61387   2557.750      9.884      9.947    29.7882    29.7857   5.986958   5.986853     3.1648     2.6703      76.80   22.56260  -86.62106    0.00075    0.00069         13  0.000e+00
      61388   2557.792      9.932      9.995    29.7884    29.7857   5.986982   5.986926     3.1648     2.6716      76.78   22.56262  -86.62106    0.00079    0.00072         13  0.000e+00
      61389   2557.833      9.830      9.892    29.7878    29.7859   5.986894   5.986926     3.1661     2.6716      76.78   22.56262  -86.62106    0.00087    0.00074         13  0.000e+00
      61390   2557.875      9.932      9.995    29.7880    29.7861   5.986870   5.986942     3.1661     2.6716      76.78   22.56262  -86.62106    0.00094    0.00075         13  0.000e+00
      61391   2557.917      9.932      9.995    29.7880    29.7865   5.986902   5.986983     3.1648     2.6716      76.78   22.56262  -86.62106    0.00098    0.00078         13  0.000e+00
      61392   2557.958      9.884      9.947    29.7878    29.7868   5.986918   5.986999     3.1648     2.6728      76.80   22.56262  -86.62106    0.00102    0.00084         13  0.000e+00
      61393   2558.000      9.884      9.947    29.7880    29.7867   5.986910   5.986999     3.1648     2.6728      80.34   22.56262  -86.62106    0.00106    0.00087         13  0.000e+00
      61394   2558.042      9.884      9.947    29.7878    29.7868   5.986918   5.987015     3.1661     2.6728      94.97   22.56262  -86.62106    0.00111    0.00089         13  0.000e+00
      61395   2558.083      9.884      9.947    29.7875    29.7868   5.986878   5.986999     3.1648     2.6728     100.00   22.56262  -86.62106    0.00115    0.00094         13  0.000e+00
      61396   2558.125      9.932      9.995    29.7875    29.7869   5.986838   5.986999     3.1648     2.6728     100.00   22.56262  -86.62106    0.00119    0.00099         13  0.000e+00
      61397   2558.167      9.932      9.995    29.7869    29.7864   5.986814   5.986958     3.1636     2.6728     100.00   22.56262  -86.62106    0.00119    0.00101         13  0.000e+00
      61398   2558.208      9.884      9.947    29.7868    29.7865   5.986862   5.986894     3.1636     2.6740     100.00   22.56262  -86.62106    0.00119    0.00108         13  0.000e+00
      61399   2558.250      9.932      9.995    29.7875    29.7864   5.986862   5.986894     3.1636     2.6740     100.00   22.56262  -86.62106    0.00118    0.00113         13  0.000e+00
      61400   2558.292      9.884      9.947    29.7875    29.7865   5.986862   5.986902     3.1636     2.6740     100.00   22.56262  -86.62106    0.00118    0.00120         13  0.000e+00
      61401   2558.333      9.932      9.995    29.7878    29.7855   5.986910   5.986861     3.1636     2.6728     100.00   22.56262  -86.62106    0.00118    0.00124         13  0.000e+00
      61402   2558.375      9.979     10.042    29.7875    29.7848   5.986878   5.986780     3.1624     2.6728     100.00   22.56262  -86.62106    0.00116    0.00129         13  0.000e+00
      61403   2558.417      9.932      9.995    29.7873    29.7846   5.986910   5.986731     3.1624     2.6728     100.00   22.56262  -86.62106    0.00114    0.00133         13  0.000e+00
      61404   2558.458      9.932      9.995    29.7875    29.7844   5.986910   5.986780     3.1624     2.6728     100.00   22.56262  -86.62106    0.00112    0.00138         13  0.000e+00
      61405   2558.500      9.932      9.995    29.7878    29.7846   5.986846   5.986764     3.1612     2.6728     100.00   22.56262  -86.62106    0.00108    0.00144         13  0.000e+00
      61406   2558.542      9.932      9.995    29.7878    29.7849   5.986886   5.986829     3.1612     2.6728     100.00   22.56262  -86.62106    0.00104    0.00148         13  0.000e+00
      63035   2626.417      3.553      3.576    29.7794    29.7784   5.985786   5.985925     3.1648     2.6728      98.78   22.56338  -86.62126   -0.00026   -0.00132         14  0.000e+00
      63036   2626.458      3.357      3.378    29.7797    29.7781   5.985866   5.985885     3.1661     2.6728      98.78   22.56338  -86.62126   -0.00023   -0.00133         14  0.000e+00
      63037   2626.500      3.655      3.678    29.7803    29.7788   5.985914   5.985966     3.1648     2.6728      98.78   22.56338  -86.62126   -0.00021   -0.00134         14  0.000e+00
      63038   2626.542      3.499      3.521    29.7805    29.7790   5.985970   5.986014     3.1648     2.6728      98.78   22.56338  -86.62126   -0.00019   -0.00135         14  0.000e+00
      63039   2626.583      3.553      3.576    29.7805    29.7796   5.985938   5.986095     3.1648     2.6728      98.78   22.56338  -86.62126   -0.00018   -0.00136         14  0.000e+00
      63040   2626.625      3.506      3.528    29.7805    29.7805   5.985970   5.986152     3.1648     2.6728      98.78   22.56338  -86.62126   -0.00016   -0.00139         14  0.000e+00
      63041   2626.667      3.506      3.528    29.7803    29.7815   5.985938   5.986168     3.1636     2.6740      98.78   22.56338  -86.62126   -0.00016   -0.00138         14  0.000e+00
      63042   2626.708      3.506      3.528    29.7801    29.7814   5.985866   5.986217     3.1636     2.6740      98.78   22.56338  -86.62126   -0.00017   -0.00136         14  0.000e+00
      63043   2626.750      3.506      3.528    29.7799    29.7820   5.985866   5.986290     3.1648     2.6752      98.78   22.56338  -86.62126   -0.00013   -0.00133         14  0.000e+00
      63044   2626.792      3.506      3.528    29.7800    29.7819   5.985834   5.986314     3.1648     2.6752      98.78   22.56338  -86.62126   -0.00010   -0.00130         14  0.000e+00
      63045   2626.833      3.459      3.481    29.7799    29.7820   5.985874   5.986274     3.1636     2.6740      98.78   22.56338  -86.62126   -0.00008   -0.00129         14  0.000e+00
      63046   2626.875      3.506      3.528    29.7801    29.7822   5.985914   5.986282     3.1636     2.6752      98.78   22.56338  -86.62126   -0.00008   -0.00126         14  0.000e+00
      63047   2626.917      3.452      3.474    29.7801    29.7820   5.985938   5.986266     3.1648     2.6752      98.78   22.56338  -86.62126   -0.00002   -0.00123         14  0.000e+00
      63048   2626.958      3.459      3.481    29.7801    29.7820   5.985922   5.986225     3.1648     2.6752      98.78   22.56338  -86.62126    0.00003   -0.00120         14  0.000e+00
      63049   2627.000      3.459      3.481    29.7805    29.7823   5.985898   5.986249     3.1636     2.6752      98.95   22.56338  -86.62126    0.00007   -0.00115         14  0.000e+00
      63050   2627.042      3.357      3.378    29.7805    29.7820   5.985946   5.986298     3.1648     2.6752      99.76   22.56338  -86.62126    0.00011   -0.00112         14  0.000e+00
      63051   2627.083      3.405      3.426    29.7808    29.7819   5.985930   5.986290     3.1648     2.6752     100.00   22.56338  -86.62126    0.00016   -0.00108         14  0.000e+00
      63052   2627.125      3.459      3.481    29.7806    29.7820   5.985970   5.986266     3.1648     2.6752     100.00   22.56338  -86.62126    0.00022   -0.00105         14  0.000e+00
      63053   2627.167      3.357      3.379    29.7807    29.7819   5.985970   5.986266     3.1648     2.6752     100.00   22.56338  -86.62126    0.00026   -0.00102         14  0.000e+00
      63054   2627.208      3.405      3.426    29.7810    29.7820   5.986018   5.986298     3.1648     2.6752     100.00   22.56338  -86.62126    0.00032   -0.00098         14  0.000e+00
      63055   2627.250      3.357      3.379    29.7808    29.7820   5.985986   5.986274     3.1636     2.6752     100.00   22.56338  -86.62126    0.00036   -0.00095         14  0.000e+00
      63056   2627.292      3.351      3.372    29.7806    29.7822   5.985946   5.986314     3.1636     2.6740     100.00   22.56338  -86.62126    0.00040   -0.00093         14  0.000e+00
      63057   2627.333      3.357      3.379    29.7805    29.7821   5.985962   5.986282     3.1636     2.6740     100.00   22.56338  -86.62126    0.00045   -0.00091         14  0.000e+00
      63058   2627.375      3.405      3.426    29.7806    29.7822   5.986018   5.986266     3.1636     2.6740     100.00   22.56338  -86.62126    0.00047   -0.00090         14  0.000e+00
      63059   2627.417      3.357      3.379    29.7814    29.7820   5.986066   5.986266     3.1624     2.6740     100.00   22.56338  -86.62126    0.00048   -0.00088         14  0.000e+00
      63060   2627.458      3.310      3.331    29.7817    29.7820   5.986106   5.986241     3.1624     2.6728     100.00   22.56338  -86.62126    0.00050   -0.00087         14  0.000e+00
      63061   2627.500      3.310      3.331    29.7821    29.7815   5.986138   5.986184     3.1624     2.6728     100.00   22.56338  -86.62126    0.00051   -0.00087         14  0.000e+00
      63062   2627.542      3.310      3.331    29.7820    29.7814   5.986122   5.986201     3.1624     2.6728     100.00   22.56338  -86.62126    0.00052   -0.00086         14  0.000e+00
      63063   2627.583      3.310      3.331    29.7821    29.7811   5.986170   5.986176     3.1624     2.6728     100.00   22.56338  -86.62126    0.00052   -0.00086         14  0.000e+00
      63064   2627.625      3.358      3.379    29.7821    29.7808   5.986170   5.986128     3.1624     2.6728     100.00   22.56338  -86.62126    0.00052   -0.00083         14  0.000e+00
      63065   2627.667      3.256      3.277    29.7821    29.7810   5.986146   5.986136     3.1624     2.6728     100.00   22.56338  -86.62126    0.00051   -0.00083         14  0.000e+00
      63066   2627.708      3.310      3.331    29.7823    29.7811   5.986122   5.986160     3.1624     2.6716     100.00   22.56338  -86.62126    0.00051   -0.00083         14  0.000e+00
      63067   2627.750      3.310      3.331    29.7825    29.7810   5.986138   5.986168     3.1624     2.6728     100.00   22.56338  -86.62126    0.00051   -0.00082         14  0.000e+00
      63068   2627.792      3.256      3.277    29.7825    29.7811   5.986162   5.986168     3.1624     2.6728     100.00   22.56340  -86.62126    0.00050   -0.00081         14  0.000e+00
      63069   2627.833      3.256      3.277    29.7826    29.7812   5.986202   5.986201     3.1636     2.6728     100.00   22.56340  -86.62126    0.00050   -0.00080         14  0.000e+00
      63070   2627.875      3.310      3.331    29.7826    29.7815   5.986194   5.986193     3.1624     2.6728     100.00   22.56340  -86.62126    0.00048   -0.00078         14  0.000e+00
      63071   2627.917      3.256      3.277    29.7828    29.7812   5.986210   5.986241     3.1624     2.6728     100.00   22.56340  -86.62126    0.00046   -0.00077         14  0.000e+00
      63072   2627.958      3.256      3.277    29.7828    29.7816   5.986194   5.986225     3.1624     2.6740     100.00   22.56340  -86.62126    0.00045   -0.00074         14  0.000e+00
      63073   2628.000      3.256      3.277    29.7826    29.7819   5.986210   5.986249     3.1624     2.6740     100.00   22.56340  -86.62126    0.00043   -0.00070         14  0.000e+00
      63074   2628.042      3.256      3.277    29.7825    29.7820   5.986162   5.986298     3.1624     2.6740     100.00   22.56340  -86.62126    0.00040   -0.00067         14  0.000e+00
      63075   2628.083      3.256      3.277    29.7826    29.7822   5.986162   5.986330     3.1636     2.6740     100.00   22.56340  -86.62126    0.00040   -0.00063         14  0.000e+00
      63076   2628.125      3.256      3.277    29.7823    29.7823   5.986146   5.986314     3.1624     2.6740     100.00   22.56340  -86.62126    0.00037   -0.00060         14  0.000e+00
      63077   2628.167      3.256      3.277    29.7826    29.7827   5.986194   5.986387     3.1624     2.6752     100.00   22.56340  -86.62126    0.00033   -0.00056         14  0.000e+00
      63078   2628.208      3.256      3.277    29.7823    29.7832   5.986146   5.986371     3.1624     2.6752     100.00   22.56340  -86.62126    0.00030   -0.00050         14  0.000e+00
      63079   2628.250      3.256      3.277    29.7826    29.7831   5.986170   5.986411     3.1624     2.6752     100.00   22.56340  -86.62126    0.00025   -0.00047         14  0.000e+00
      63080   2628.292      3.256      3.277    29.7823    29.7832   5.986170   5.986411     3.1624     2.6752     100.00   22.56340  -86.62126    0.00020   -0.00041         14  0.000e+00
      63081   2628.333      3.256      3.277    29.7824    29.7829   5.986146   5.986338     3.1624     2.6752     100.00   22.56340  -86.62126    0.00014   -0.00036         14  0.000e+00
      63082   2628.375      3.256      3.277    29.7821    29.7827   5.986162   5.986314     3.1624     2.6752     100.00   22.56340  -86.62126    0.00009   -0.00032         14  0.000e+00
      63083   2628.417      3.256      3.277    29.7821    29.7829   5.986146   5.986347     3.1624     2.6752     100.00   22.56340  -86.62126    0.00004   -0.00027         14  0.000e+00
      63084   2628.458      3.256      3.277    29.7819    29.7823   5.986090   5.986306     3.1612     2.6752     100.00   22.56340  -86.62126   -0.00003   -0.00021         14  0.000e+00
      63085   2628.500      3.311      3.331    29.7817    29.7826   5.986082   5.986338     3.1612     2.6752     100.00   22.56340  -86.62126   -0.00010   -0.00015         14  0.000e+00
      63086   2628.542      3.311      3.331    29.7821    29.7823   5.986114   5.986290     3.1612     2.6752     100.00   22.56340  -86.62126   -0.00019   -0.00010         14  0.000e+00
      63087   2628.583      3.256      3.277    29.7825    29.7824   5.986194   5.986298     3.1612     2.6752     100.00   22.56340  -86.62126   -0.00026   -0.00004         14  0.000e+00
      63088   2628.625      3.311      3.332    29.7825    29.7821   5.986162   5.986290     3.1624     2.6752     100.00   22.56340  -86.62126   -0.00031 -7.034e-07         14  0.000e+00
      63089   2628.667      3.257      3.277    29.7823    29.7823   5.986162   5.986265     3.1612     2.6752     100.00   22.56340  -86.62126   -0.00038    0.00006         14  0.000e+00
      63090   2628.708      3.202      3.223    29.7822    29.7824   5.986186   5.986338     3.1624     2.6752     100.00   22.56340  -86.62126   -0.00042    0.00010         14  0.000e+00
      63091   2628.750      3.405      3.427    29.7823    29.7827   5.986138   5.986322     3.1624     2.6764     100.00   22.56340  -86.62126   -0.00047    0.00015         14  0.000e+00
      63092   2628.792      3.311      3.332    29.7810    29.7828   5.986026   5.986347     3.1624     2.6764     100.00   22.56342  -86.62126   -0.00053    0.00021         14  0.000e+00
