Gulf of Mexico/GOMECC-4/1db/rb2103_0901.cnv
* Sea-Bird SBE 9 Data File:
* FileName = C:\Users\scs.user.rb\CTD\GOMECC4\data\rb2103_0901.hex
* Software Version Seasave V 7.26.7.107
* Temperature SN = 4799
* Conductivity SN = 3860
* Number of Bytes Per Scan = 41
* Number of Voltage Words = 4
* Number of Scans Averaged by the Deck Unit = 1
* NMEA Latitude = 22 00.00 N
* NMEA Longitude = 092 55.04 W
* NMEA UTC (Time) = Oct 09 2021  18:18:51
* NMEA baud rate = 4800
# nquan = 28
# nvalues = 954                         
# units = specified
# name 0 = scan: Scan Count
# name 1 = timeS: Time, Elapsed [seconds]
# name 2 = depSM: Depth [salt water, m]
# name 3 = prDM: Pressure, Digiquartz [db]
# name 4 = t090C: Temperature [ITS-90, deg C]
# name 5 = t190C: Temperature, 2 [ITS-90, deg C]
# name 6 = c0S/m: Conductivity [S/m]
# name 7 = c1S/m: Conductivity, 2 [S/m]
# name 8 = sbeox0V: Oxygen raw, SBE 43 [V]
# name 9 = sbeox1V: Oxygen raw, SBE 43, 2 [V]
# name 10 = altM: Altimeter [m]
# name 11 = latitude: Latitude [deg]
# name 12 = longitude: Longitude [deg]
# name 13 = sbox0dV/dT: Oxygen, SBE 43 [dov/dt]
# name 14 = sbox1dV/dT: Oxygen, SBE 43, 2 [dov/dt]
# name 15 = sbeox0ML/L: Oxygen, SBE 43 [ml/l], WS = 5
# name 16 = sbeox1ML/L: Oxygen, SBE 43, 2 [ml/l], WS = 5
# name 17 = potemp090C: Potential Temperature [ITS-90, deg C]
# name 18 = potemp190C: Potential Temperature, 2 [ITS-90, deg C]
# name 19 = sal00: Salinity, Practical [PSU]
# name 20 = sal11: Salinity, Practical, 2 [PSU]
# name 21 = sigma-é00: Density [sigma-theta, kg/m^3]
# name 22 = sigma-é11: Density, 2 [sigma-theta, kg/m^3]
# name 23 = avgsvCM: Average Sound Velocity [Chen-Millero, m/s], minP = 20, minS = 20
# name 24 = sbox0Mm/Kg: Oxygen, SBE 43 [umol/kg], WS = 5
# name 25 = sbox1Mm/Kg: Oxygen, SBE 43, 2 [umol/kg], WS = 5
# name 26 = nbin: number of scans per bin
# name 27 = flag: flag
# span 0 =      10799,     249293       
# span 1 =    449.917,  10387.184       
# span 2 =      0.994,   3245.202       
# span 3 =      1.000,   3291.000       
# span 4 =     4.2783,    32.6736       
# span 5 =     4.2792,    32.5625       
# span 6 =   3.346164,   6.355095       
# span 7 =   3.346143,   6.369083       
# span 8 =     1.5594,     3.2930       
# span 9 =     1.2621,     2.7786       
# span 10 =      10.18,     102.94      
# span 11 =   21.66222,   22.73281      
# span 12 =  -95.99649,  -91.47596      
# span 13 =   -0.03609,    0.01645      
# span 14 =   -0.03530,    0.01325      
# span 15 =     2.3642,     4.6918      
# span 16 =     2.3727,     4.7092      
# span 17 =     4.0789,    32.5434      
# span 18 =     4.0799,    32.5623      
# span 19 =    34.9177,    37.1400      
# span 20 =    34.9166,    37.2939      
# span 21 =    22.4485,    27.7588      
# span 22 =    22.4490,    27.7576      
# span 23 =       0.00,    1556.94      
# span 24 =    102.893,    203.877      
# span 25 =    103.263,    204.633      
# span 26 =         30,         80      
# span 27 = 0.0000e+00, 0.0000e+00      
# interval = decibars: 1                
# start_time = Oct 09 2021 18:18:51 [NMEA time, header]
# bad_flag = -9.990e-29
*END*
[from data line 518]
     159129   6630.315   1484.322   1499.000     4.3204     4.3215   3.347250   3.347226     1.9337     1.6080      99.92   22.00186  -92.91604    0.00011   -0.00003     4.5566     4.5656     4.1967     4.1977    34.9670    34.9655    27.7391    27.7378    1502.95    198.006    198.396         62 0.0000e+00
     159193   6632.989   1483.335   1498.000     4.3203     4.3213   3.347204   3.347174     1.9339     1.6082     100.00   22.00186  -92.91604    0.00005    0.00005     4.5566     4.5656     4.1966     4.1977    34.9670    34.9656    27.7391    27.7379    1502.95    198.007    198.394         60 0.0000e+00
     159246   6635.196   1482.349   1497.000     4.3202     4.3212   3.347146   3.347120     1.9342     1.6082      98.61   22.00186  -92.91604    0.00008    0.00004     4.5571     4.5651     4.1967     4.1977    34.9669    34.9655    27.7390    27.7378    1502.95    198.027    198.373         39 0.0000e+00
     159332   6638.788   1479.388   1494.000     4.3202     4.3212   3.347013   3.346979     1.9342     1.6088     100.00   22.00171  -92.91539    0.00002    0.00016     4.5556     4.5659     4.1969     4.1980    34.9668    34.9653    27.7389    27.7376    1502.94    197.962    198.408         31 0.0000e+00
     159576   6648.939   1470.508   1485.000     4.3243     4.3253   3.346971   3.346937     1.9357     1.6093     100.00   22.00168  -92.91516    0.00007    0.00002     4.5554     4.5619     4.2018     4.2029    34.9664    34.9649    27.7381    27.7368    1502.94    197.953    198.237         31 0.0000e+00
     159681   6653.351   1466.561   1481.000     4.3266     4.3271   3.347091   3.347020     1.9360     1.6093     100.00   22.00235  -92.91801    0.00004    0.00001     4.5534     4.5595     4.2045     4.2050    34.9674    34.9660    27.7386    27.7374    1502.98    197.867    198.130         31 0.0000e+00
     159709   6654.519   1465.574   1480.000     4.3267     4.3280   3.346985   3.346981     1.9360     1.6093     100.00   22.00188  -92.91602    0.00003    0.00001     4.5530     4.5587     4.2047     4.2060    34.9664    34.9650    27.7378    27.7366    1502.95    197.851    198.095         31 0.0000e+00
     159973   6665.492   1455.706   1470.000     4.3294     4.3303   3.346807   3.346765     1.9359     1.6097      95.95   22.00192  -92.91619    0.00002   -0.00014     4.5466     4.5541     4.2082     4.2092    34.9665    34.9650    27.7375    27.7362    1502.95    197.569    197.897         30 0.0000e+00
     160158   6673.220   1448.798   1463.000     4.3302     4.3312   3.346597   3.346562     1.9367     1.6106     100.00   22.00206  -92.91675    0.00007    0.00009     4.5451     4.5533     4.2097     4.2107    34.9666    34.9651    27.7374    27.7361    1502.96    197.504    197.861         31 0.0000e+00
     160818   6700.707   1424.125   1438.000     4.3373     4.3385   3.346164   3.346143     1.9388     1.6129     100.00   22.00210  -92.91683    0.00008    0.00029     4.5372     4.5471     4.2191     4.2202    34.9663    34.9648    27.7362    27.7349    1502.96    197.163    197.594         30 0.0000e+00
     161243   6718.410   1408.332   1422.000     4.3468     4.3477   3.346262   3.346232     1.9393     1.6131     100.00   22.00188  -92.91589    0.00007   -0.00005     4.5286     4.5373     4.2299     4.2309    34.9653    34.9640    27.7342    27.7330    1502.95    196.791    197.169         31 0.0000e+00
     161372   6723.799   1403.397   1417.000     4.3502     4.3512   3.346303   3.346279     1.9389     1.6129     100.00   22.00152  -92.91436   -0.00015   -0.00011     4.5237     4.5332     4.2338     4.2348    34.9647    34.9633    27.7333    27.7321    1502.92    196.576    196.989         33 0.0000e+00
     161481   6728.325   1399.449   1413.000     4.3536     4.3548   3.346508   3.346487     1.9390     1.6129     100.00   22.00210  -92.91673    0.00005   -0.00000     4.5213     4.5302     4.2375     4.2387    34.9654    34.9639    27.7335    27.7322    1502.96    196.473    196.858         30 0.0000e+00
     161587   6732.745   1395.501   1409.000     4.3545     4.3555   3.346433   3.346396     1.9386     1.6128     100.00   22.00222  -92.91735   -0.00006 9.5079e-07     4.5172     4.5276     4.2387     4.2398    34.9656    34.9641    27.7335    27.7322    1502.97    196.293    196.747         32 0.0000e+00
     161617   6734.004   1394.513   1408.000     4.3546     4.3558   3.346337   3.346316     1.9386     1.6129     100.00   22.00191  -92.91598   -0.00011    0.00001     4.5167     4.5272     4.2389     4.2402    34.9649    34.9634    27.7329    27.7315    1502.95    196.271    196.731         31 0.0000e+00
     161852   6743.785   1385.629   1399.000     4.3637     4.3648   3.346751   3.346716     1.9390     1.6122      67.78   22.00189  -92.91588   -0.00005    0.00001     4.5119     4.5180     4.2488     4.2499    34.9645    34.9629    27.7316    27.7302    1502.95    196.064    196.332         31 0.0000e+00
     161983   6749.235   1380.693   1394.000     4.3668     4.3680   3.346770   3.346758     1.9385     1.6122     100.00   22.00172  -92.91520   -0.00009    0.00014     4.5067     4.5145     4.2523     4.2536    34.9640    34.9625    27.7308    27.7294    1502.94    195.838    196.177         31 0.0000e+00
     162408   6766.945   1364.898   1378.000     4.3913     4.3929   3.348285   3.348298     1.9370     1.6099     100.00   22.00214  -92.91693   -0.00013   -0.00034     4.4886     4.4928     4.2780     4.2796    34.9638    34.9623    27.7278    27.7265    1502.97    195.051    195.236         31 0.0000e+00
     162437   6768.186   1363.911   1377.000     4.3925     4.3933   3.348293   3.348252     1.9364     1.6093      72.87   22.00190  -92.91598   -0.00031   -0.00048     4.4857     4.4899     4.2793     4.2801    34.9632    34.9618    27.7272    27.7260    1502.95    194.928    195.108         30 0.0000e+00
     162541   6772.485   1359.961   1373.000     4.3971     4.3982   3.348619   3.348601     1.9351     1.6090     100.00   22.00255  -92.91861   -0.00032   -0.00015     4.4780     4.4856     4.2843     4.2854    34.9641    34.9626    27.7274    27.7261    1502.99    194.592    194.920         31 0.0000e+00
     162571   6773.752   1358.974   1372.000     4.3967     4.3982   3.348452   3.348461     1.9347     1.6082     100.00   22.00192  -92.91596   -0.00028   -0.00025     4.4761     4.4819     4.2839     4.2854    34.9631    34.9616    27.7266    27.7253    1502.95    194.509    194.762         36 0.0000e+00
     162671   6777.910   1355.025   1368.000     4.4009     4.4022   3.348675   3.348661     1.9342     1.6081     100.00   22.00217  -92.91701   -0.00011   -0.00003     4.4713     4.4789     4.2884     4.2897    34.9633    34.9617    27.7263    27.7249    1502.97    194.301    194.631         31 0.0000e+00
     162701   6779.172   1354.037   1367.000     4.4011     4.4030   3.348614   3.348650     1.9343     1.6079      99.80   22.00192  -92.91596   -0.00010   -0.00006     4.4711     4.4772     4.2887     4.2906    34.9628    34.9612    27.7259    27.7244    1502.95    194.291    194.560         31 0.0000e+00
     162937   6789.010   1345.152   1358.000     4.4170     4.4180   3.349594   3.349561     1.9325     1.6068     100.00   22.00191  -92.91579   -0.00018    0.00003     4.4573     4.4657     4.3053     4.3064    34.9620    34.9605    27.7234    27.7221    1502.95    193.694    194.057         32 0.0000e+00
     163065   6794.353   1340.215   1353.000     4.4215     4.4230   3.349735   3.349739     1.9312     1.6049     100.00   22.00167  -92.91478   -0.00017   -0.00029     4.4491     4.4547     4.3103     4.3117    34.9613    34.9599    27.7223    27.7210    1502.93    193.339    193.578         32 0.0000e+00
     163197   6799.840   1335.278   1348.000     4.4238     4.4250   3.349726   3.349710     1.9306     1.6049     100.00   22.00176  -92.91518   -0.00014    0.00007     4.4434     4.4517     4.3130     4.3141    34.9613    34.9599    27.7220    27.7208    1502.94    193.092    193.452         34 0.0000e+00
     163590   6816.209   1320.466   1333.000     4.4362     4.4373   3.350205   3.350174     1.9306     1.6045      47.87   22.00210  -92.91652   -0.00003   -0.00021     4.4333     4.4398     4.3266     4.3277    34.9613    34.9598    27.7205    27.7193    1502.96    192.650    192.933         31 0.0000e+00
     164191   6841.266   1297.753   1310.000     4.4629     4.4640   3.351489   3.351463     1.9276     1.6021      98.99   22.00181  -92.91531   -0.00021   -0.00033     4.4061     4.4137     4.3552     4.3563    34.9596    34.9581    27.7161    27.7147    1502.94    191.469    191.802         30 0.0000e+00
     164338   6847.381   1293.803   1306.000     4.4635     4.4649   3.351431   3.351445     1.9267     1.6015     100.00   22.00235  -92.91757   -0.00018   -0.00019     4.4001     4.4091     4.3561     4.3575    34.9603    34.9590    27.7166    27.7153    1502.98    191.208    191.600         43 0.0000e+00
     164438   6851.542   1292.815   1305.000     4.4632     4.4648   3.351316   3.351324     1.9264     1.6018     100.00   22.00197  -92.91595   -0.00011    0.00008     4.3986     4.4095     4.3560     4.3575    34.9597    34.9582    27.7161    27.7147    1502.95    191.142    191.618         37 0.0000e+00
     164669   6861.186   1290.841   1303.000     4.4662     4.4668   3.351869   3.351797     1.9269     1.6021     100.01   22.00486  -92.92809    0.00001    0.00019     4.3986     4.4091     4.3591     4.3597    34.9641    34.9627    27.7193    27.7181    1503.15    191.145    191.602         53 0.0000e+00
     166274   6928.038   1287.877   1300.000     4.4762     4.4773   3.352179   3.352160     1.9243     1.6000     100.00   22.00166  -92.91452    0.00012    0.00008     4.3867     4.3980     4.3693     4.3703    34.9585    34.9572    27.7137    27.7126    1502.93    190.629    191.120         57 0.0000e+00
     166674   6944.719   1286.890   1299.000     4.4765     4.4776   3.352199   3.352179     1.9243     1.6004     100.00   22.00200  -92.91592    0.00004    0.00011     4.3858     4.3992     4.3697     4.3707    34.9590    34.9577    27.7140    27.7129    1502.95    190.588    191.172         40 0.0000e+00
     166753   6948.006   1285.902   1298.000     4.4765     4.4774   3.352153   3.352128     1.9246     1.6006      76.37   22.00200  -92.91592    0.00006    0.00008     4.3865     4.3993     4.3697     4.3706    34.9590    34.9577    27.7141    27.7129    1502.95    190.619    191.174         44 0.0000e+00
     166809   6950.348   1284.915   1297.000     4.4766     4.4773   3.352124   3.352075     1.9245     1.6004     100.59   22.00200  -92.91592    0.00005   -0.00001     4.3857     4.3982     4.3699     4.3707    34.9590    34.9577    27.7140    27.7129    1502.95    190.582    191.125         63 0.0000e+00
     166857   6952.320   1283.927   1296.000     4.4766     4.4774   3.352074   3.352038     1.9249     1.6004     100.00   22.00200  -92.91592    0.00008   -0.00003     4.3865     4.3976     4.3700     4.3708    34.9590    34.9577    27.7140    27.7129    1502.95    190.617    191.102         31 0.0000e+00
     166922   6955.027   1281.952   1294.000     4.4795     4.4816   3.352353   3.352407     1.9256     1.6007     100.00   22.00268  -92.91878    0.00027    0.00006     4.3875     4.3970     4.3731     4.3752    34.9601    34.9586    27.7146    27.7131    1503.00    190.662    191.075         38 0.0000e+00
     166955   6956.418   1280.964   1293.000     4.4812     4.4837   3.352341   3.352452     1.9256     1.6006     100.00   22.00200  -92.91592    0.00018    0.00004     4.3866     4.3959     4.3749     4.3774    34.9587    34.9574    27.7132    27.7119    1502.95    190.622    191.026         35 0.0000e+00
     167418   6975.689   1263.185   1275.000     4.5227     4.5235   3.355193   3.355144     1.9201     1.5946     100.00   22.00220  -92.91677   -0.00040   -0.00036     4.3513     4.3571     4.4176     4.4184    34.9574    34.9559    27.7075    27.7063    1502.96    189.089    189.343         31 0.0000e+00
     169940   7080.811   1164.389   1175.000     4.7141     4.7155   3.367496   3.367495     1.8954     1.5719      90.76   22.00229  -92.91696   -0.00045   -0.00052     4.1844     4.1904     4.6164     4.6178    34.9495    34.9479    27.6791    27.6778    1502.97    181.841    182.102         32 0.0000e+00
     170067   7086.090   1159.448   1170.000     4.7346     4.7361   3.369090   3.369087     1.8916     1.5678      77.94   22.00239  -92.91734   -0.00073   -0.00070     4.1655     4.1695     4.6372     4.6387    34.9490    34.9473    27.6765    27.6749    1502.97    181.022    181.195         32 0.0000e+00
     170190   7091.197   1154.506   1165.000     4.7532     4.7561   3.370382   3.370521     1.8871     1.5641     100.00   22.00168  -92.91436   -0.00086   -0.00074     4.1456     4.1503     4.6561     4.6590    34.9472    34.9455    27.6728    27.6712    1502.93    180.157    180.360         32 0.0000e+00
     170316   7096.476   1149.565   1160.000     4.7664     4.7681   3.371357   3.371380     1.8836     1.5615     100.00   22.00203  -92.91582   -0.00056   -0.00043     4.1281     4.1362     4.6697     4.6713    34.9469    34.9455    27.6711    27.6698    1502.95    179.398    179.751         30 0.0000e+00
     171753   7156.329   1095.203   1105.000     4.8726     4.8727   3.378392   3.378298     1.8687     1.5486      72.80   22.00293  -92.91943   -0.00038   -0.00025     4.0341     4.0459     4.7800     4.7801    34.9448    34.9436    27.6569    27.6559    1503.01    175.316    175.826         35 0.0000e+00
     171934   7163.871   1093.226   1103.000     4.8708     4.8779   3.377958   3.378400     1.8680     1.5483     100.00   22.00148  -92.91333    0.00003    0.00003     4.0309     4.0432     4.7784     4.7855    34.9426    34.9402    27.6553    27.6526    1502.91    175.176    175.708         43 0.0000e+00
     172046   7168.550   1092.238   1102.000     4.8841     4.8866   3.379093   3.379181     1.8681     1.5476      99.96   22.00206  -92.91584    0.00001   -0.00018     4.0292     4.0391     4.7917     4.7942    34.9423    34.9410    27.6537    27.6523    1502.95    175.100    175.532         48 0.0000e+00
     173369   7223.673   1089.272   1099.000     4.8945     4.8954   3.379940   3.379903     1.8640     1.5444     100.00   22.00214  -92.91616    0.00009   -0.00003     4.0123     4.0243     4.8022     4.8031    34.9428    34.9414    27.6528    27.6516    1502.96    174.367    174.888         36 0.0000e+00
     173444   7226.786   1088.283   1098.000     4.8942     4.8952   3.379856   3.379831     1.8642     1.5445     100.00   22.00208  -92.91584    0.00002    0.00000     4.0124     4.0242     4.8020     4.8030    34.9426    34.9413    27.6527    27.6515    1502.95    174.369    174.885         42 0.0000e+00
     173485   7228.508   1087.295   1097.000     4.8942     4.8950   3.379805   3.379769     1.8643     1.5446      94.65   22.00208  -92.91584    0.00008    0.00003     4.0122     4.0239     4.8021     4.8029    34.9425    34.9413    27.6526    27.6515    1502.95    174.362    174.874         41 0.0000e+00
     173525   7230.167   1086.306   1096.000     4.8954     4.8967   3.379870   3.379862     1.8646     1.5446     100.07   22.00208  -92.91584    0.00008    0.00006     4.0125     4.0235     4.8034     4.8047    34.9425    34.9411    27.6524    27.6512    1502.95    174.378    174.854         38 0.0000e+00
     173561   7231.670   1085.318   1095.000     4.8957     4.8976   3.379858   3.379909     1.8647     1.5447     100.00   22.00208  -92.91584    0.00015    0.00004     4.0125     4.0231     4.8038     4.8057    34.9425    34.9412    27.6524    27.6511    1502.95    174.378    174.838         35 0.0000e+00
