Gulf of Mexico/GOMECC-4/1db/rb2103_1191.cnv
* Sea-Bird SBE 9 Data File:
* FileName = C:\Users\scs.user.rb\CTD\GOMECC4\data\rb2103_1191.hex
* Software Version Seasave V 7.26.7.107
* Temperature SN = 4799
* Conductivity SN = 3860
* Number of Bytes Per Scan = 41
* Number of Voltage Words = 4
* Number of Scans Averaged by the Deck Unit = 1
* NMEA Latitude = 21 39.90 N
* NMEA Longitude = 085 58.80 W
* NMEA UTC (Time) = Oct 16 2021  05:31:44
* NMEA baud rate = 4800
# nquan = 28
# nvalues = 937                         
# units = specified
# name 0 = scan: Scan Count
# name 1 = timeS: Time, Elapsed [seconds]
# name 2 = depSM: Depth [salt water, m]
# name 3 = prDM: Pressure, Digiquartz [db]
# name 4 = t090C: Temperature [ITS-90, deg C]
# name 5 = t190C: Temperature, 2 [ITS-90, deg C]
# name 6 = c0S/m: Conductivity [S/m]
# name 7 = c1S/m: Conductivity, 2 [S/m]
# name 8 = sbeox0V: Oxygen raw, SBE 43 [V]
# name 9 = sbeox1V: Oxygen raw, SBE 43, 2 [V]
# name 10 = altM: Altimeter [m]
# name 11 = latitude: Latitude [deg]
# name 12 = longitude: Longitude [deg]
# name 13 = sbox0dV/dT: Oxygen, SBE 43 [dov/dt]
# name 14 = sbox1dV/dT: Oxygen, SBE 43, 2 [dov/dt]
# name 15 = sbeox0ML/L: Oxygen, SBE 43 [ml/l], WS = 5
# name 16 = sbeox1ML/L: Oxygen, SBE 43, 2 [ml/l], WS = 5
# name 17 = potemp090C: Potential Temperature [ITS-90, deg C]
# name 18 = potemp190C: Potential Temperature, 2 [ITS-90, deg C]
# name 19 = sal00: Salinity, Practical [PSU]
# name 20 = sal11: Salinity, Practical, 2 [PSU]
# name 21 = sigma-é00: Density [sigma-theta, kg/m^3]
# name 22 = sigma-é11: Density, 2 [sigma-theta, kg/m^3]
# name 23 = avgsvCM: Average Sound Velocity [Chen-Millero, m/s], minP = 20, minS = 20
# name 24 = sbox0Mm/Kg: Oxygen, SBE 43 [umol/kg], WS = 5
# name 25 = sbox1Mm/Kg: Oxygen, SBE 43, 2 [umol/kg], WS = 5
# name 26 = nbin: number of scans per bin
# name 27 = flag: flag
# span 0 =       5026,     147189       
# span 1 =    209.365,   6132.813       
# span 2 =      0.994,   1860.943       
# span 3 =      1.000,   1881.000       
# span 4 =     4.2768,    30.1593       
# span 5 =     4.2775,    30.1586       
# span 6 =   3.348780,   6.041090       
# span 7 =   3.348762,   6.041261       
# span 8 =     1.6251,     3.1930       
# span 9 =     1.3222,     2.6912       
# span 10 =      13.42,     100.86      
# span 11 =   21.65005,   21.89387      
# span 12 =  -86.79126,  -85.82283      
# span 13 =   -0.01301,    0.01599      
# span 14 =   -0.01281,    0.01220      
# span 15 =     2.6933,     4.8223      
# span 16 =     2.7058,     4.8337      
# span 17 =     4.1184,    30.1551      
# span 18 =     4.1190,    30.1544      
# span 19 =    34.8723,    36.9981      
# span 20 =    34.8718,    36.9999      
# span 21 =    22.5087,    27.7540      
# span 22 =    22.5043,    27.7532      
# span 23 =       0.00,    1547.38      
# span 24 =    117.101,    209.547      
# span 25 =    117.658,    210.042      
# span 26 =         30,         70      
# span 27 = 0.0000e+00, 0.0000e+00      
# interval = decibars: 1                
# start_time = Oct 16 2021 05:31:44 [NMEA time, header]
# bad_flag = -9.990e-29
*END*
       5026    209.365      3.975      4.000    29.8053    29.8055   5.962558   5.962784     3.1473     2.6500     100.00   21.66608  -85.98026    0.00063   -0.00028     4.3099     4.2695    29.8043    29.8045    36.0037    36.0051    22.5458    22.5468       0.00    188.235    186.472         43 0.0000e+00
       5079    211.598      4.969      5.000    29.8069    29.8075   5.962890   5.963082     3.1438     2.6498     100.00   21.66609  -85.98026    0.00002   -0.00096     4.3041     4.2692    29.8056    29.8062    36.0042    36.0051    22.5457    22.5462       0.00    187.981    186.457         58 0.0000e+00
       5135    213.937      5.963      6.000    29.8071    29.8087   5.962911   5.963189     3.1427     2.6503     100.00   21.66610  -85.98026   -0.00123    0.00033     4.3027     4.2705    29.8056    29.8072    36.0038    36.0046    22.5455    22.5455       0.00    187.922    186.517         52 0.0000e+00
       5188    216.106      6.956      7.000    29.8078    29.8093   5.963068   5.963442     3.1434     2.6498     100.00   21.66611  -85.98027    0.00022   -0.00021     4.3043     4.2700    29.8061    29.8076    36.0041    36.0055    22.5455    22.5460       0.00    187.990    186.493         52 0.0000e+00
       5242    218.359      7.950      8.000    29.8105    29.8116   5.963697   5.963969     3.1442     2.6476      91.81   21.66612  -85.98028    0.00046   -0.00051     4.3059     4.2661    29.8085    29.8096    36.0061    36.0072    22.5462    22.5466       0.00    188.063    186.322         57 0.0000e+00
       5297    220.660      8.944      9.000    29.8120    29.8140   5.964079   5.964478     3.1434     2.6527      93.49   21.66614  -85.98028    0.00001    0.00068     4.3049     4.2762    29.8098    29.8118    36.0066    36.0083    22.5461    22.5467       0.00    188.016    186.766         52 0.0000e+00
       5351    222.926      9.938     10.000    29.8108    29.8134   5.963801   5.964366     3.1430     2.6540      94.99   21.66614  -85.98028   -0.00057    0.00147     4.3049     4.2795    29.8083    29.8109    36.0060    36.0079    22.5462    22.5467       0.00    188.019    186.910         58 0.0000e+00
       5408    225.306     10.931     11.000    29.8225    29.8246   5.966063   5.966538     3.1442     2.6532      75.62   21.66616  -85.98028    0.00060    0.00009     4.3063     4.2773    29.8197    29.8219    36.0120    36.0139    22.5468    22.5475       0.00    188.078    186.814         54 0.0000e+00
       5460    227.469     11.925     12.000    29.8892    29.8964   5.979110   5.980639     3.1473     2.6557     100.11   21.66617  -85.98028    0.00067   -0.00008     4.3066     4.2769    29.8862    29.8934    36.0512    36.0562    22.5535    22.5548       0.00    188.091    186.795         51 0.0000e+00
       5515    229.757     12.919     13.000    29.8939    29.8960   5.980183   5.980538     3.1511     2.6598     100.00   21.66618  -85.98028    0.00199    0.00185     4.3132     4.2856    29.8907    29.8928    36.0541    36.0555    22.5541    22.5545       0.00    188.381    187.171         60 0.0000e+00
       5574    232.219     13.912     14.000    29.8913    29.8923   5.979716   5.979820     3.1524     2.6589     100.00   21.66619  -85.98030    0.00047    0.00058     4.3161     4.2839    29.8878    29.8888    36.0532    36.0536    22.5544    22.5545       0.00    188.506    187.098         55 0.0000e+00
       5626    234.375     14.906     15.000    29.9221    29.9239   5.986151   5.986612     3.1551     2.6649     100.00   21.66620  -85.98030    0.00108    0.00082     4.3190     4.2942    29.9184    29.9202    36.0744    36.0757    22.5599    22.5602       0.00    188.630    187.549         53 0.0000e+00
       5682    236.707     15.900     16.000    29.9242    29.9257   5.986843   5.987169     3.1560     2.6613     100.00   21.66622  -85.98030    0.00063    0.00082     4.3209     4.2875    29.9202    29.9217    36.0766    36.0776    22.5609    22.5612       0.00    188.712    187.255         57 0.0000e+00
       5738    239.031     16.894     17.000    29.9236    29.9250   5.987237   5.987606     3.1554     2.6631     100.00   21.66623  -85.98031    0.00030   -0.00078     4.3202     4.2915    29.9193    29.9208    36.0794    36.0809    22.5633    22.5639       0.00    188.683    187.430         54 0.0000e+00
       5793    241.336     17.888     18.000    29.9251    29.9265   5.988147   5.988469     3.1558     2.6617     100.00   21.66624  -85.98032   -0.00034    0.00047     4.3212     4.2891    29.9206    29.9220    36.0842    36.0853    22.5664    22.5668       0.00    188.724    187.323         57 0.0000e+00
       5849    243.660     18.881     19.000    29.9260    29.9275   5.989051   5.989369     3.1583     2.6609      86.16   21.66625  -85.98032    0.00085   -0.00064     4.3261     4.2877    29.9213    29.9228    36.0893    36.0904    22.5701    22.5704       0.00    188.937    187.264         55 0.0000e+00
       5903    245.920     19.875     20.000    29.9314    29.9328   5.990494   5.990808     3.1581     2.6614     100.02   21.66626  -85.98032    0.00071    0.00008     4.3255     4.2889    29.9265    29.9278    36.0950    36.0962    22.5726    22.5729     760.10    188.912    187.312         53 0.0000e+00
       5960    248.293     20.868     21.000    29.9445    29.9465   5.993588   5.994056     3.1583     2.6639     100.00   21.66628  -85.98032   -0.00029    0.00094     4.3252     4.2930    29.9393    29.9413    36.1058    36.1075    22.5763    22.5768    1547.38    188.899    187.492         61 0.0000e+00
       6019    250.736     21.862     22.000    29.9520    29.9535   5.995898   5.996252     3.1587     2.6611     100.00   21.66628  -85.98033    0.00002   -0.00103     4.3257     4.2872    29.9465    29.9480    36.1157    36.1169    22.5812    22.5816    1546.95    188.920    187.238         54 0.0000e+00
       6070    252.867     22.856     23.000    29.9534    29.9549   5.996703   5.997056     3.1565     2.6646     100.00   21.66629  -85.98034    0.00018    0.00059     4.3221     4.2944    29.9477    29.9492    36.1198    36.1210    22.5839    22.5843    1546.95    188.763    187.552         52 0.0000e+00
       6125    255.176     23.850     24.000    29.9544    29.9559   5.997409   5.997744     3.1582     2.6664     100.00   21.66631  -85.98034   -0.00068    0.00139     4.3255     4.2984    29.9484    29.9499    36.1235    36.1247    22.5865    22.5868    1546.96    188.910    187.724         59 0.0000e+00
       6186    257.724     24.843     25.000    29.9530    29.9543   5.998316   5.998694     3.1609     2.6677     100.00   21.66632  -85.98034    0.00130   -0.00019     4.3307     4.3013    29.9468    29.9481    36.1305    36.1321    22.5923    22.5930    1546.96    189.135    187.853         60 0.0000e+00
       6240    259.970     25.837     26.000    29.9526    29.9547   6.000152   6.000659     3.1599     2.6623      99.94   21.66633  -85.98034    0.00040    0.00008     4.3292     4.2909    29.9462    29.9483    36.1429    36.1448    22.6018    22.6025    1546.97    189.067    187.395         50 0.0000e+00
       6294    262.203     26.831     27.000    29.9706    29.9729   6.004833   6.005319     3.1590     2.6629      97.43   21.66635  -85.98034   -0.00078   -0.00182     4.3262     4.2908    29.9639    29.9662    36.1610    36.1626    22.6093    22.6097    1546.98    188.936    187.390         59 0.0000e+00
       6352    264.613     27.824     28.000    29.9803    29.9826   6.006901   6.007390     3.1589     2.6630      99.97   21.66636  -85.98036    0.00018    0.00068     4.3256     4.2908    29.9733    29.9757    36.1676    36.1692    22.6110    22.6114    1546.99    188.912    187.390         52 0.0000e+00
       6405    266.829     28.818     29.000    29.9855    29.9873   6.007918   6.008285     3.1597     2.6644     100.00   21.66636  -85.98036   -0.00001    0.00080     4.3273     4.2936    29.9783    29.9801    36.1703    36.1715    22.6113    22.6116    1547.00    188.982    187.513         60 0.0000e+00
       6465    269.352     29.812     30.000    29.9912    29.9926   6.009025   6.009323     3.1609     2.6662     100.00   21.66638  -85.98036    0.00078   -0.00043     4.3294     4.2972    29.9838    29.9851    36.1732    36.1743    22.6116    22.6120    1547.01    189.075    187.668         56 0.0000e+00
       6518    271.529     30.805     31.000    29.9908    29.9921   6.009149   6.009443     3.1601     2.6672     100.00   21.66640  -85.98036   -0.00017    0.00146     4.3284     4.2998    29.9831    29.9844    36.1741    36.1751    22.6125    22.6128    1547.02    189.031    187.783         52 0.0000e+00
       6573    273.842     31.799     32.000    29.9823    29.9837   6.008345   6.008665     3.1597     2.6660     100.00   21.66640  -85.98037   -0.00040   -0.00049     4.3288     4.2982    29.9743    29.9757    36.1747    36.1759    22.6160    22.6164    1547.03    189.048    187.713         58 0.0000e+00
       6634    276.360     32.793     33.000    29.9733    29.9747   6.007207   6.007552     3.1608     2.6661     100.00   21.66642  -85.98038    0.00030   -0.00110     4.3320     4.2999    29.9651    29.9665    36.1734    36.1747    22.6182    22.6186    1547.04    189.189    187.788         60 0.0000e+00
       6687    278.564     33.786     34.000    29.9642    29.9640   6.005788   6.006025     3.1602     2.6634      99.89   21.66644  -85.98038    0.00020    0.00105     4.3323     4.2962    29.9558    29.9556    36.1742    36.1751    22.6219    22.6227    1547.05    189.199    187.624         48 0.0000e+00
       6743    280.906     34.780     35.000    29.9378    29.9400   6.003118   6.003544     3.1620     2.6693     100.00   21.66644  -85.98038    0.00022    0.00114     4.3379     4.3096    29.9291    29.9313    36.1717    36.1729    22.6292    22.6294    1547.05    189.442    188.208         67 0.0000e+00
       6804    283.474     35.773     36.000    29.9272    29.9288   6.001844   6.002180     3.1622     2.6711      92.46   21.66646  -85.98038    0.00039    0.00010     4.3396     4.3145    29.9183    29.9198    36.1706    36.1717    22.6321    22.6324    1547.06    189.517    188.421         51 0.0000e+00
       6855    285.568     36.767     37.000    29.9175    29.9184   6.000414   6.000655     3.1640     2.6730      92.88   21.66648  -85.98040    0.00063    0.00175     4.3441     4.3196    29.9083    29.9092    36.1678    36.1688    22.6334    22.6338    1547.07    189.713    188.645         55 0.0000e+00
       6913    288.001     37.761     38.000    29.8999    29.9012   5.998002   5.998268     3.1643     2.6693     100.00   21.66648  -85.98040    0.00030   -0.00067     4.3466     4.3141    29.8905    29.8918    36.1640    36.1651    22.6367    22.6370    1547.07    189.820    188.403         59 0.0000e+00
       6971    290.432     38.754     39.000    29.8887    29.8901   5.996433   5.996769     3.1654     2.6667      70.78   21.66650  -85.98040    0.00010   -0.00235     4.3501     4.3104    29.8790    29.8805    36.1617    36.1629    22.6388    22.6392    1547.08    189.974    188.239         56 0.0000e+00
       7025    292.676     39.748     40.000    29.8809    29.8821   5.995364   5.995666     3.1662     2.6688      99.59   21.66651  -85.98041    0.00085    0.00132     4.3525     4.3157    29.8710    29.8722    36.1599    36.1611    22.6402    22.6407    1547.08    190.079    188.470         55 0.0000e+00
       7082    295.037     40.741     41.000    29.8625    29.8636   5.992712   5.992989     3.1663     2.6718     100.00   21.66652  -85.98042   -0.00033    0.00043     4.3548     4.3234    29.8524    29.8535    36.1557    36.1568    22.6435    22.6439    1547.08    190.177    188.807         55 0.0000e+00
       7137    297.346     41.735     42.000    29.8268    29.8271   5.987536   5.987670     3.1641     2.6708     100.00   21.66653  -85.98042   -0.00025    0.00058     4.3544     4.3248    29.8164    29.8167    36.1465    36.1472    22.6489    22.6492    1547.09    190.160    188.869         60 0.0000e+00
       7197    299.843     42.729     43.000    29.7871    29.7899   5.981297   5.981873     3.1644     2.6687     100.00   21.66655  -85.98042   -0.00041   -0.00092     4.3587     4.3241    29.7765    29.7793    36.1334    36.1352    22.6526    22.6530    1547.09    190.349    188.835         56 0.0000e+00
       7251    302.097     43.722     44.000    29.7665    29.7650   5.977890   5.977714     3.1610     2.6688      90.88   21.66656  -85.98042   -0.00086   -0.00021     4.3549     4.3268    29.7556    29.7541    36.1253    36.1252    22.6537    22.6541    1547.09    190.181    188.952         53 0.0000e+00
       7305    304.319     44.716     45.000    29.7186    29.7196   5.971388   5.971672     3.1583     2.6648      99.78   21.66657  -85.98043   -0.00150   -0.00129     4.3549     4.3224    29.7075    29.7084    36.1158    36.1170    22.6629    22.6635    1547.09    190.179    188.761         57 0.0000e+00
       7368    306.953     45.709     46.000    29.6925    29.6973   5.968598   5.969288     3.1606     2.6661     100.00   21.66658  -85.98044    0.00058    0.00015     4.3611     4.3276    29.6812    29.6859    36.1167    36.1179    22.6726    22.6718    1547.08    190.449    188.985         61 0.0000e+00
       7418    309.041     46.703     47.000    29.6864    29.6877   5.968052   5.968374     3.1617     2.6677      99.80   21.66660  -85.98044    0.00054    0.00021     4.3640     4.3320    29.6748    29.6761    36.1173    36.1185    22.6752    22.6756    1547.08    190.575    189.176         46 0.0000e+00
       7474    311.360     47.696     48.000    29.6841    29.6861   5.967892   5.968283     3.1583     2.6646     100.00   21.66661  -85.98044   -0.00052   -0.00045     4.3586     4.3263    29.6723    29.6743    36.1176    36.1188    22.6762    22.6765    1547.08    190.339    188.930         64 0.0000e+00
       7534    313.889     48.690     49.000    29.6456    29.6466   5.964360   5.964650     3.1591     2.6684     100.00   21.66662  -85.98044   -0.00070    0.00083     4.3633     4.3371    29.6336    29.6345    36.1220    36.1233    22.6928    22.6934    1547.07    190.543    189.396         58 0.0000e+00
       7590    316.200     49.684     50.000    29.5882    29.5892   5.958956   5.959245     3.1657     2.6735     100.00   21.66664  -85.98046    0.00227    0.00175     4.3799     4.3518    29.5759    29.5769    36.1278    36.1291    22.7167    22.7173    1547.07    191.263    190.032         52 0.0000e+00
       7642    318.378     50.677     51.000    29.4923    29.4901   5.948768   5.948674     3.1713     2.6790     100.00   21.66665  -85.98046    0.00286    0.00263     4.3978     4.3703    29.4798    29.4776    36.1298    36.1308    22.7508    22.7523    1547.06    192.038    190.836         55 0.0000e+00
       7703    320.906     51.671     52.000    29.3896    29.3914   5.938208   5.938692     3.1712     2.6763     100.00   21.66666  -85.98046    0.00053   -0.00015     4.4062     4.3735    29.3769    29.3787    36.1343    36.1363    22.7890    22.7900    1547.05    192.397    190.968         61 0.0000e+00
       7759    323.230     52.664     53.000    29.4443    29.4457   5.950299   5.950644     3.1820     2.6883     100.00   21.66667  -85.98047    0.00271    0.00269     4.4208     4.3919    29.4313    29.4327    36.1759    36.1772    22.8019    22.8024    1547.04    193.030    191.769         56 0.0000e+00
       7814    325.551     53.658     54.000    29.4078    29.4008   5.945451   5.944329     3.1872     2.6893      71.72   21.66668  -85.98048    0.00411    0.00316     4.4335     4.3979    29.3946    29.3876    36.1698    36.1673    22.8097    22.8103    1547.03    193.587    192.031         51 0.0000e+00
