Gulf of Mexico/GOMECC-4/1db/rb2103_0731.ros
* Sea-Bird SBE 9 Data File:
* FileName = C:\Users\scs.user.rb\CTD\GOMECC4\data\rb2103_0731.hex
* Software Version Seasave V 7.26.7.107
* Temperature SN = 4799
* Conductivity SN = 3860
* Number of Bytes Per Scan = 41
* Number of Voltage Words = 4
* Number of Scans Averaged by the Deck Unit = 1
* NMEA Latitude = 26 03.44 N
* NMEA Longitude = 093 15.71 W
* NMEA UTC (Time) = Oct 04 2021  10:15:47
* NMEA baud rate = 4800
# nquan = 17
# nvalues = 3192                                  
# units = specified
# name 0 = scan: Scan Count
# name 1 = timeS: Time, Elapsed [seconds]
# name 2 = depSM: Depth [salt water, m]
# name 3 = prDM: Pressure, Digiquartz [db]
# name 4 = t090C: Temperature [ITS-90, deg C]
# name 5 = t190C: Temperature, 2 [ITS-90, deg C]
# name 6 = c0S/m: Conductivity [S/m]
# name 7 = c1S/m: Conductivity, 2 [S/m]
# name 8 = sbeox0V: Oxygen raw, SBE 43 [V]
# name 9 = sbeox1V: Oxygen raw, SBE 43, 2 [V]
# name 10 = altM: Altimeter [m]
# name 11 = latitude: Latitude [deg]
# name 12 = longitude: Longitude [deg]
# name 13 = sbox0dV/dT: Oxygen, SBE 43 [dov/dt]
# name 14 = sbox1dV/dT: Oxygen, SBE 43, 2 [dov/dt]
# name 15 = nbf: Bottles Fired
# name 16 = flag:  0.000e+00
# interval = seconds: 0.0416667
# start_time = Oct 04 2021 10:15:47 [NMEA time, header]
# bad_flag = -9.990e-29
*END*
[from data line 2639]
     209096   8712.292     49.802     50.135    27.5258    27.5223   5.737846   5.737599     3.1856     2.7082     100.00   26.06056  -93.26740    0.00011   -0.00110         20  0.000e+00
     209097   8712.333     49.802     50.135    27.5247    27.5208   5.737775   5.737488     3.1856     2.7070     100.00   26.06056  -93.26740    0.00011   -0.00113         20  0.000e+00
     209098   8712.375     49.802     50.135    27.5253    27.5193   5.737838   5.737353     3.1856     2.7070     100.00   26.06056  -93.26740    0.00011   -0.00115         20  0.000e+00
     209099   8712.417     49.728     50.060    27.5250    27.5193   5.737885   5.737321     3.1868     2.7070     100.00   26.06056  -93.26740    0.00013   -0.00117         20  0.000e+00
     209100   8712.458     49.951     50.285    27.5247    27.5190   5.737799   5.737249     3.1856     2.7070     100.00   26.06056  -93.26740    0.00013   -0.00119         20  0.000e+00
     209101   8712.500     49.802     50.135    27.5243    27.5188   5.737767   5.737257     3.1856     2.7082     100.00   26.06056  -93.26740    0.00015   -0.00120         20  0.000e+00
     209102   8712.542     49.856     50.189    27.5248    27.5196   5.737822   5.737345     3.1856     2.7070     100.00   26.06056  -93.26740    0.00016   -0.00123         20  0.000e+00
     209103   8712.583     49.802     50.135    27.5258    27.5210   5.737964   5.737440     3.1856     2.7082     100.00   26.06056  -93.26740    0.00016   -0.00123         20  0.000e+00
     209104   8712.625     49.877     50.210    27.5267    27.5215   5.738105   5.737464     3.1856     2.7082     100.00   26.06056  -93.26740    0.00018   -0.00123         20  0.000e+00
     209105   8712.667     49.856     50.189    27.5276    27.5215   5.738097   5.737464     3.1856     2.7082     100.00   26.06056  -93.26740    0.00018   -0.00123         20  0.000e+00
     209106   8712.708     49.856     50.189    27.5267    27.5215   5.737987   5.737424     3.1856     2.7082     100.00   26.06056  -93.26740    0.00018   -0.00124         20  0.000e+00
     209107   8712.750     49.856     50.189    27.5267    27.5205   5.738027   5.737305     3.1856     2.7082     100.00   26.06056  -93.26740    0.00018   -0.00126         20  0.000e+00
     209108   8712.792     49.877     50.210    27.5270    27.5193   5.738034   5.737170     3.1856     2.7082     100.00   26.06056  -93.26740    0.00018   -0.00125         20  0.000e+00
     209109   8712.833     49.856     50.189    27.5256    27.5190   5.737940   5.737162     3.1856     2.7082     100.00   26.06056  -93.26740    0.00018   -0.00126         20  0.000e+00
     209110   8712.875     49.856     50.189    27.5253    27.5199   5.737932   5.737249     3.1856     2.7082     100.00   26.06056  -93.26740    0.00019   -0.00128         20  0.000e+00
     209111   8712.917     49.904     50.237    27.5260    27.5206   5.737987   5.737345     3.1856     2.7082     100.00   26.06056  -93.26740    0.00019   -0.00129         20  0.000e+00
     209112   8712.958     49.877     50.210    27.5272    27.5203   5.738034   5.737400     3.1856     2.7082     100.00   26.06056  -93.26740    0.00019   -0.00130         20  0.000e+00
     209113   8713.000     49.904     50.237    27.5281    27.5210   5.738215   5.737591     3.1856     2.7082     100.00   26.06056  -93.26740    0.00019   -0.00129         20  0.000e+00
     209114   8713.042     49.904     50.237    27.5292    27.5221   5.738278   5.737790     3.1856     2.7082     100.00   26.06056  -93.26740    0.00019   -0.00128         20  0.000e+00
     209115   8713.083     49.904     50.237    27.5288    27.5232   5.738215   5.737870     3.1856     2.7082     100.00   26.06056  -93.26740    0.00020   -0.00127         20  0.000e+00
     209116   8713.125     49.877     50.210    27.5262    27.5242   5.738003   5.737918     3.1856     2.7082     100.00   26.06056  -93.26740    0.00020   -0.00125         20  0.000e+00
     211185   8799.333     29.020     29.213    28.8424    28.8394   5.838778   5.838423     3.1270     2.6520     100.00   26.06058  -93.26740   -0.00017    0.00061         21  0.000e+00
     211186   8799.375     29.576     29.771    28.8424    28.8394   5.838794   5.838432     3.1270     2.6520     100.00   26.06058  -93.26740   -0.00018    0.00061         21  0.000e+00
     211187   8799.417     29.474     29.669    28.8425    28.8392   5.838794   5.838480     3.1270     2.6508     100.00   26.06058  -93.26740   -0.00021    0.00060         21  0.000e+00
     211188   8799.458     29.427     29.621    28.8424    28.8392   5.838794   5.838512     3.1270     2.6508     100.00   26.06058  -93.26740   -0.00022    0.00059         21  0.000e+00
     211189   8799.500     29.515     29.710    28.8420    28.8398   5.838794   5.838496     3.1270     2.6508     100.00   26.06058  -93.26740   -0.00023    0.00059         21  0.000e+00
     211190   8799.542     29.427     29.621    28.8422    28.8396   5.838794   5.838496     3.1270     2.6508     100.00   26.06058  -93.26740   -0.00023    0.00059         21  0.000e+00
     211191   8799.583     29.474     29.669    28.8424    28.8396   5.838762   5.838528     3.1270     2.6508     100.00   26.06058  -93.26740   -0.00022    0.00059         21  0.000e+00
     211192   8799.625     29.467     29.662    28.8422    28.8409   5.838817   5.838592     3.1270     2.6496     100.00   26.06058  -93.26740   -0.00023    0.00058         21  0.000e+00
     211193   8799.667     29.427     29.621    28.8422    28.8412   5.838770   5.838632     3.1270     2.6496     100.00   26.06058  -93.26740   -0.00024    0.00057         21  0.000e+00
     211194   8799.708     29.521     29.717    28.8422    28.8411   5.838778   5.838672     3.1270     2.6496     100.00   26.06058  -93.26740   -0.00025    0.00055         21  0.000e+00
     211195   8799.750     29.474     29.669    28.8420    28.8405   5.838754   5.838688     3.1270     2.6496     100.00   26.06058  -93.26740   -0.00026    0.00054         21  0.000e+00
     211196   8799.792     29.420     29.615    28.8422    28.8403   5.838817   5.838720     3.1270     2.6496     100.00   26.06058  -93.26742   -0.00026    0.00053         21  0.000e+00
     211197   8799.833     29.521     29.717    28.8422    28.8403   5.838841   5.838640     3.1270     2.6496     100.00   26.06058  -93.26742   -0.00027    0.00051         21  0.000e+00
     211198   8799.875     29.474     29.669    28.8424    28.8403   5.838809   5.838664     3.1270     2.6496     100.00   26.06058  -93.26742   -0.00028    0.00050         21  0.000e+00
     211199   8799.917     29.474     29.669    28.8425    28.8403   5.838865   5.838648     3.1270     2.6496     100.00   26.06058  -93.26742   -0.00029    0.00049         21  0.000e+00
     211200   8799.958     29.467     29.662    28.8427    28.8411   5.838889   5.838672     3.1270     2.6496     100.00   26.06058  -93.26742   -0.00030    0.00048         21  0.000e+00
     211201   8800.000     29.521     29.717    28.8427    28.8420   5.838920   5.838736     3.1270     2.6496     100.00   26.06058  -93.26742   -0.00031    0.00047         21  0.000e+00
     211202   8800.042     29.474     29.669    28.8429    28.8425   5.838968   5.838776     3.1270     2.6496     100.00   26.06058  -93.26742   -0.00031    0.00046         21  0.000e+00
     211203   8800.083     29.474     29.669    28.8427    28.8427   5.838912   5.838857     3.1258     2.6496     100.00   26.06058  -93.26742   -0.00034    0.00043         21  0.000e+00
     211204   8800.125     29.514     29.710    28.8427    28.8433   5.838920   5.838841     3.1270     2.6496     100.00   26.06058  -93.26742   -0.00035    0.00040         21  0.000e+00
     211205   8800.167     29.474     29.669    28.8427    28.8431   5.838865   5.838881     3.1270     2.6496     100.00   26.06058  -93.26742   -0.00035    0.00037         21  0.000e+00
     211206   8800.208     29.521     29.717    28.8427    28.8433   5.838912   5.838881     3.1270     2.6496     100.00   26.06058  -93.26742   -0.00036    0.00035         21  0.000e+00
     211207   8800.250     29.467     29.662    28.8427    28.8433   5.838904   5.838881     3.1270     2.6496     100.00   26.06058  -93.26742   -0.00037    0.00033         21  0.000e+00
     211208   8800.292     29.521     29.717    28.8427    28.8433   5.838889   5.838913     3.1270     2.6496     100.00   26.06058  -93.26742   -0.00038    0.00032         21  0.000e+00
     211209   8800.333     29.474     29.669    28.8429    28.8435   5.838889   5.838905     3.1270     2.6496     100.00   26.06058  -93.26742   -0.00039    0.00030         21  0.000e+00
     211210   8800.375     29.521     29.717    28.8427    28.8437   5.838857   5.838881     3.1270     2.6496     100.00   26.06058  -93.26742   -0.00039    0.00029         21  0.000e+00
     211211   8800.417     29.514     29.710    28.8429    28.8435   5.838841   5.838913     3.1270     2.6508     100.00   26.06058  -93.26742   -0.00040    0.00030         21  0.000e+00
     211212   8800.458     29.521     29.717    28.8425    28.8433   5.838881   5.838929     3.1282     2.6508     100.00   26.06058  -93.26742   -0.00037    0.00030         21  0.000e+00
     211213   8800.500     29.521     29.717    28.8425    28.8425   5.838889   5.838889     3.1282     2.6508     100.00   26.06058  -93.26742   -0.00036    0.00031         21  0.000e+00
     211214   8800.542     29.521     29.717    28.8427    28.8422   5.838857   5.838784     3.1282     2.6508     100.00   26.06058  -93.26742   -0.00034    0.00032         21  0.000e+00
     211215   8800.583     29.514     29.710    28.8427    28.8416   5.838873   5.838808     3.1282     2.6508     100.00   26.06058  -93.26742   -0.00031    0.00033         21  0.000e+00
     211216   8800.625     29.521     29.717    28.8427    28.8420   5.838849   5.838865     3.1282     2.6508     100.00   26.06058  -93.26742   -0.00030    0.00034         21  0.000e+00
     211217   8800.667     29.575     29.771    28.8429    28.8429   5.838841   5.838913     3.1282     2.6508     100.00   26.06058  -93.26742   -0.00029    0.00033         21  0.000e+00
     211218   8800.708     29.514     29.710    28.8425    28.8429   5.838873   5.838977     3.1282     2.6520     100.00   26.06058  -93.26742   -0.00028    0.00033         21  0.000e+00
     211219   8800.750     29.521     29.717    28.8427    28.8433   5.838889   5.838977     3.1282     2.6520     100.00   26.06058  -93.26742   -0.00026    0.00034         21  0.000e+00
     211220   8800.792     29.575     29.771    28.8431    28.8427   5.838920   5.839009     3.1282     2.6520     100.00   26.06058  -93.26742   -0.00025    0.00035         21  0.000e+00
     211221   8800.833     29.521     29.717    28.8429    28.8425   5.838936   5.838953     3.1282     2.6520     100.00   26.06058  -93.26742   -0.00022    0.00035         21  0.000e+00
     211222   8800.875     29.568     29.764    28.8427    28.8429   5.838936   5.839049     3.1282     2.6520     100.00   26.06058  -93.26742   -0.00021    0.00036         21  0.000e+00
     211223   8800.917     29.521     29.717    28.8431    28.8435   5.838968   5.839041     3.1282     2.6520     100.00   26.06058  -93.26742   -0.00019    0.00036         21  0.000e+00
     211224   8800.958     29.575     29.771    28.8429    28.8438   5.838984   5.839057     3.1282     2.6520     100.00   26.06058  -93.26742   -0.00016    0.00036         21  0.000e+00
     211225   8801.000     29.575     29.771    28.8431    28.8440   5.838944   5.839073     3.1282     2.6520     100.00   26.06058  -93.26742   -0.00014    0.00035         21  0.000e+00
     211226   8801.042     29.568     29.764    28.8429    28.8440   5.838936   5.839081     3.1282     2.6520     100.00   26.06058  -93.26742   -0.00011    0.00033         21  0.000e+00
     211227   8801.083     29.575     29.771    28.8431    28.8440   5.838936   5.839073     3.1282     2.6520     100.00   26.06058  -93.26742   -0.00009    0.00031         21  0.000e+00
     211228   8801.125     29.575     29.771    28.8429    28.8444   5.838976   5.839073     3.1270     2.6508     100.00   26.06058  -93.26742   -0.00008    0.00028         21  0.000e+00
     211229   8801.167     29.575     29.771    28.8429    28.8446   5.838944   5.839145     3.1282     2.6508     100.00   26.06058  -93.26742   -0.00005    0.00024         21  0.000e+00
     211230   8801.208     29.568     29.764    28.8429    28.8446   5.838968   5.839105     3.1270     2.6508     100.00   26.06058  -93.26742   -0.00005    0.00020         21  0.000e+00
     211231   8801.250     29.575     29.771    28.8429    28.8448   5.838952   5.839113     3.1270     2.6508     100.00   26.06058  -93.26742   -0.00004    0.00018         21  0.000e+00
     211232   8801.292     29.575     29.771    28.8431    28.8449   5.838968   5.839121     3.1270     2.6496     100.00   26.06058  -93.26742   -0.00003    0.00013         21  0.000e+00
     211233   8801.333     29.616     29.812    28.8431    28.8448   5.838984   5.839153     3.1270     2.6496      88.60   26.06058  -93.26742   -0.00002    0.00007         21  0.000e+00
     211234   8801.375     29.575     29.771    28.8429    28.8449   5.838944   5.839105     3.1270     2.6496      64.79   26.06058  -93.26742   -0.00001    0.00003         21  0.000e+00
     211235   8801.417     29.623     29.819    28.8431    28.8448   5.839007   5.839113     3.1270     2.6496      57.51   26.06058  -93.26742    0.00002   -0.00000         21  0.000e+00
     211236   8801.458     29.575     29.771    28.8431    28.8449   5.839031   5.839153     3.1270     2.6496      58.00   26.06058  -93.26742    0.00003   -0.00004         21  0.000e+00
     211237   8801.500     29.568     29.764    28.8431    28.8448   5.838991   5.839129     3.1258     2.6496      59.00   26.06058  -93.26742    0.00004   -0.00008         21  0.000e+00
     211238   8801.542     29.622     29.819    28.8431    28.8448   5.838952   5.839129     3.1258     2.6484      59.27   26.06058  -93.26742    0.00004   -0.00014         21  0.000e+00
     211239   8801.583     29.622     29.819    28.8429    28.8451   5.838968   5.839194     3.1270     2.6484      59.22   26.06058  -93.26742    0.00005   -0.00019         21  0.000e+00
     211240   8801.625     29.575     29.771    28.8433    28.8449   5.839023   5.839177     3.1258     2.6484      59.19   26.06058  -93.26742    0.00004   -0.00025         21  0.000e+00
     211241   8801.667     29.663     29.860    28.8431    28.8449   5.838992   5.839202     3.1258     2.6484      59.17   26.06058  -93.26742    0.00004   -0.00030         21  0.000e+00
     211242   8801.708     29.575     29.771    28.8433    28.8449   5.839023   5.839153     3.1258     2.6484      59.17   26.06058  -93.26742    0.00004   -0.00034         21  0.000e+00
     211243   8801.750     29.622     29.819    28.8429    28.8453   5.838992   5.839121     3.1258     2.6484      59.19   26.06058  -93.26742    0.00004   -0.00040         21  0.000e+00
     211244   8801.792     29.616     29.812    28.8431    28.8451   5.839023   5.839121     3.1258     2.6484      59.19   26.06058  -93.26742    0.00003   -0.00045         21  0.000e+00
     211245   8801.833     29.622     29.819    28.8433    28.8448   5.839031   5.839153     3.1245     2.6484      59.17   26.06058  -93.26742    0.00002   -0.00048         21  0.000e+00
     211246   8801.875     29.622     29.819    28.8431    28.8451   5.839031   5.839129     3.1258     2.6484      59.17   26.06058  -93.26742    0.00002   -0.00052         21  0.000e+00
     211247   8801.917     29.622     29.819    28.8433    28.8449   5.838999   5.839097     3.1258     2.6484      59.19   26.06058  -93.26742    0.00002   -0.00055         21  0.000e+00
