Gulf of Mexico/GOMECC-4/1db/rb2103_0651.cnv
* Sea-Bird SBE 9 Data File:
* FileName = C:\Users\scs.user.rb\CTD\GOMECC4\data\rb2103_0651.hex
* Software Version Seasave V 7.26.7.107
* Temperature SN = 4799
* Conductivity SN = 3860
* Number of Bytes Per Scan = 41
* Number of Voltage Words = 4
* Number of Scans Averaged by the Deck Unit = 1
* NMEA Latitude = 26 03.47 N
* NMEA Longitude = 096 19.52 W
* NMEA UTC (Time) = Oct 02 2021  07:20:22
* NMEA baud rate = 4800
# nquan = 28
# nvalues = 279                         
# units = specified
# name 0 = scan: Scan Count
# name 1 = timeS: Time, Elapsed [seconds]
# name 2 = depSM: Depth [salt water, m]
# name 3 = prDM: Pressure, Digiquartz [db]
# name 4 = t090C: Temperature [ITS-90, deg C]
# name 5 = t190C: Temperature, 2 [ITS-90, deg C]
# name 6 = c0S/m: Conductivity [S/m]
# name 7 = c1S/m: Conductivity, 2 [S/m]
# name 8 = sbeox0V: Oxygen raw, SBE 43 [V]
# name 9 = sbeox1V: Oxygen raw, SBE 43, 2 [V]
# name 10 = altM: Altimeter [m]
# name 11 = latitude: Latitude [deg]
# name 12 = longitude: Longitude [deg]
# name 13 = sbox0dV/dT: Oxygen, SBE 43 [dov/dt]
# name 14 = sbox1dV/dT: Oxygen, SBE 43, 2 [dov/dt]
# name 15 = sbeox0ML/L: Oxygen, SBE 43 [ml/l], WS = 5
# name 16 = sbeox1ML/L: Oxygen, SBE 43, 2 [ml/l], WS = 5
# name 17 = potemp090C: Potential Temperature [ITS-90, deg C]
# name 18 = potemp190C: Potential Temperature, 2 [ITS-90, deg C]
# name 19 = sal00: Salinity, Practical [PSU]
# name 20 = sal11: Salinity, Practical, 2 [PSU]
# name 21 = sigma-é00: Density [sigma-theta, kg/m^3]
# name 22 = sigma-é11: Density, 2 [sigma-theta, kg/m^3]
# name 23 = avgsvCM: Average Sound Velocity [Chen-Millero, m/s], minP = 20, minS = 20
# name 24 = sbox0Mm/Kg: Oxygen, SBE 43 [umol/kg], WS = 5
# name 25 = sbox1Mm/Kg: Oxygen, SBE 43, 2 [umol/kg], WS = 5
# name 26 = nbin: number of scans per bin
# name 27 = flag: flag
# span 0 =       7022,      44256       
# span 1 =    292.528,   1843.967       
# span 2 =      1.987,    183.714       
# span 3 =      2.000,    185.000       
# span 4 =    15.6196,    29.2229       
# span 5 =    15.6262,    30.9203       
# span 6 =   4.479277,   5.880218       
# span 7 =   4.479907,   6.414753       
# span 8 =     1.8170,     3.3902       
# span 9 =     1.4995,     2.9034       
# span 10 =       4.59,     102.95      
# span 11 =   25.38898,   26.39293      
# span 12 =  -97.55812,  -93.84703      
# span 13 =   -0.04680,    0.02949      
# span 14 =   -0.04573,    0.02452      
# span 15 =     2.5219,     5.1121      
# span 16 =     2.5381,     5.1314      
# span 17 =    15.5905,    29.2078      
# span 18 =    15.5972,    30.9138      
# span 19 =    34.4487,    36.4885      
# span 20 =    34.3751,    40.4345      
# span 21 =    21.7990,    26.6607      
# span 22 =    21.7526,    26.6592      
# span 23 =       0.00,    1545.12      
# span 24 =    109.749,    222.937      
# span 25 =    110.457,    223.766      
# span 26 =         30,         68      
# span 27 = 0.0000e+00, 0.0000e+00      
# interval = decibars: 1                
# start_time = Oct 02 2021 07:20:22 [NMEA time, header]
# bad_flag = -9.990e-29
*END*
[from data line 259]
      30675   1278.081     41.721     42.000    24.0303    23.8963   5.355232   5.343712     3.2814     2.7956      99.25   26.05936  -96.32622    0.00283    0.00353     5.0642     5.0513    24.0214    23.8874    36.1168    36.1389    24.4807    24.5377    1525.61    220.761    220.190         39 0.0000e+00
      30851   1285.404     40.729     41.000    24.3353    24.2675   5.388673   5.378714     3.3009     2.8217      99.89   26.05936  -96.32622    0.00303    0.00324     5.0733     5.0762    24.3255    24.2587    36.1247    36.1030    24.3957    24.3993    1525.61    221.178    221.305         50 0.0000e+00
      32415   1350.602     37.749     38.000    24.8882    24.8928   5.445509   5.445505     3.3418     2.8628     100.12   26.09017  -96.43989    0.00085   -0.00039     5.1008     5.1103    24.8799    24.8846    36.1147    36.1208    24.2250    24.2291    1527.41    222.421    222.834         31 0.0000e+00
      32696   1362.296     35.763     36.000    25.0785    25.0588   5.457226   5.455305     3.3405     2.8641      99.84   26.01848  -96.17481   -0.00043   -0.00025     5.0792     5.0935    25.0706    25.0510    36.0196    36.0194    24.0838    24.0892    1523.21    221.494    222.117         39 0.0000e+00
      32965   1373.510     34.769     35.000    25.2042    25.2254   5.473537   5.475048     3.3534     2.8753     100.00   26.05944  -96.32624    0.00105    0.00077     5.0931     5.1064    25.1995    25.2178    36.0613    36.0565    24.0824    24.0727    1525.61    222.108    222.691         59 0.0000e+00
      33482   1395.057     32.783     33.000    25.9588    25.9717   5.559591   5.563507     3.3841     2.8975     100.31   26.14061  -96.62621    0.00058    0.00081     5.0844     5.0899    25.9460    25.9644    36.1656    36.1482    23.9441    23.9241    1530.36    221.777    222.016         47 0.0000e+00
      33546   1397.704     31.789     32.000    26.0434    25.9578   5.563131   5.553793     3.3746     2.8866     100.00   26.05946  -96.32624    0.00130   -0.00004     5.0548     5.0638    26.0369    25.9507    36.0622    36.0630    23.8234    23.8510    1525.61    220.495    220.882         48 0.0000e+00
      34946   1456.027     28.809     29.000    26.7338    26.7626   5.613072   5.615809     3.3701     2.8828      99.48   25.92403  -95.82552    0.00008   -0.00063     4.9785     4.9826    26.7272    26.7560    35.8002    35.7979    23.3821    23.3711    1517.68    217.236    217.415         38 0.0000e+00
      35471   1477.925     26.823     27.000    26.8917    27.0043   5.633280   5.643406     3.3783     2.8903      99.67   25.97306  -96.00670   -0.00007   -0.00134     4.9808     4.9792    26.8855    26.9980    35.8522    35.8387    23.3799    23.3337    1520.55    217.343    217.285         43 0.0000e+00
      36035   1501.425     24.836     25.000    27.2804    30.9203   5.679706   6.414753     3.3886     2.8852     100.00   26.05953  -96.32628   -0.00012   -0.00269     4.9686     4.9380    27.2746    30.9138    35.9400    40.4345    23.3376    26.1821    1525.61    216.838    215.511         32 0.0000e+00
      36252   1510.478     23.842     24.000    27.4261    27.9124   5.697099   5.753199     3.3777     2.8477      99.79   26.05954  -96.32628    0.00077   -0.00925     4.9344     4.8216    27.4205    27.9068    35.9520    35.9583    23.2995    23.1382    1525.61    215.354    210.461         42 0.0000e+00
      36475   1519.743     22.849     23.000    27.7689    28.5604   5.736221   5.826226     3.3334     2.7927      99.77   26.05955  -96.32628   -0.00632   -0.01209     4.8213     4.6562    27.7636    28.5549    35.9664    35.9935    23.1987    22.9581    1525.61    210.439    203.281         57 0.0000e+00
      36894   1537.194     20.862     21.000    28.8092    29.1778   5.849991   5.881856     3.2122     2.7016      99.99   26.05739  -96.31823   -0.01970   -0.00781     4.5130     4.4288    28.8042    29.1727    35.9708    35.9183    22.8582    22.6953    1525.48    197.044    193.397         64 0.0000e+00
      37539   1564.084     19.869     20.000    29.0475    29.1935   5.857049   5.866090     3.1726     2.6856     100.00   26.05960  -96.32630   -0.00720   -0.00218     4.4255     4.3981    29.0427    29.1886    35.8421    35.7904    22.6821    22.5943    1525.61    193.258    192.075         49 0.0000e+00
      40954   1706.359      9.935     10.000    29.1723    29.1751   5.802796   5.790379     3.1616     2.6843      92.33   26.39293  -97.55812   -0.00071   -0.00050     4.4195     4.4208    29.1699    29.1727    35.5943    35.5160    22.5235    22.4726    1545.12    193.081    193.138         33 0.0000e+00
      40169   1673.669      7.948      8.000    28.2358    28.1753   5.603925   5.591815     3.0451     2.5826      56.19   25.38898  -93.84703    0.00076    0.00091     4.2851     4.2531    28.2339    28.1734    34.4487    34.3751    21.7990    21.7526    1486.34    187.210    185.812         41 0.0000e+00
      41193   1716.331      4.968      5.000    28.5505    28.5518   5.677515   5.677293     3.1004     2.6277      99.19   25.84907  -95.54763   -0.00011   -0.00098     4.3355     4.3264    28.5493    28.5506    34.8380    34.8344    22.0487    22.0455    1513.28    189.412    189.018         37 0.0000e+00
      41646   1735.201      3.974      4.000    28.7784    28.7839   5.721510   5.723024     3.1240     2.6519      94.04   26.05974  -96.32634   -0.00011    0.00030     4.3678     4.3669    28.7775    28.7829    35.1100    35.1166    22.2209    22.2240    1525.61    190.827    190.787         33 0.0000e+00
      43338   1805.723      2.980      3.000    28.7748    28.7759   5.720432   5.720675     3.1241     2.6467      89.10   26.05979  -96.32634   -0.00033   -0.00084     4.3678     4.3567    28.7741    28.7752    35.1055    35.1064    22.2187    22.2190    1525.61    190.824    190.340         52 0.0000e+00
      44256   1843.967      1.987      2.000    28.7761    28.7785   5.720723   5.721270     3.1249     2.6500      84.14   26.05982  -96.32634   -0.00050   -0.00005     4.3686     4.3626    28.7756    28.7780    35.1069    35.1089    22.2192    22.2199    1525.61    190.862    190.599         52 0.0000e+00
