Gulf of Mexico/GOMECC-4/1db/rb2103_0091.ros
* Sea-Bird SBE 9 Data File:
* FileName = C:\Users\scs.user.rb\CTD\GOMECC4\data\rb2103_0091.hex
* Software Version Seasave V 7.26.7.107
* Temperature SN = 4799
* Conductivity SN = 3860
* Number of Bytes Per Scan = 41
* Number of Voltage Words = 4
* Number of Scans Averaged by the Deck Unit = 1
* NMEA Latitude = 26 00.03 N
* NMEA Longitude = 085 59.98 W
* NMEA UTC (Time) = Sep 17 2021  12:33:51
* NMEA baud rate = 4800
# nquan = 17
# nvalues = 3192                                  
# units = specified
# name 0 = scan: Scan Count
# name 1 = timeS: Time, Elapsed [seconds]
# name 2 = depSM: Depth [salt water, m]
# name 3 = prDM: Pressure, Digiquartz [db]
# name 4 = t090C: Temperature [ITS-90, deg C]
# name 5 = t190C: Temperature, 2 [ITS-90, deg C]
# name 6 = c0S/m: Conductivity [S/m]
# name 7 = c1S/m: Conductivity, 2 [S/m]
# name 8 = sbeox0V: Oxygen raw, SBE 43 [V]
# name 9 = sbeox1V: Oxygen raw, SBE 43, 2 [V]
# name 10 = altM: Altimeter [m]
# name 11 = latitude: Latitude [deg]
# name 12 = longitude: Longitude [deg]
# name 13 = sbox0dV/dT: Oxygen, SBE 43 [dov/dt]
# name 14 = sbox1dV/dT: Oxygen, SBE 43, 2 [dov/dt]
# name 15 = nbf: Bottles Fired
# name 16 = flag:  0.000e+00
# interval = seconds: 0.0416667
# start_time = Sep 17 2021 12:33:51 [NMEA time, header]
# bad_flag = -9.990e-29
*END*
[from data line 2809]
     233544   9730.958     25.256     25.422    28.9964    28.9994   5.880900   5.881287     3.1270     2.6593     100.00   25.98972  -85.99510    0.00125    0.00019         22  0.000e+00
     233545   9731.000     25.278     25.445    28.9962    28.9997   5.880844   5.881239     3.1282     2.6593     100.00   25.98972  -85.99510    0.00129    0.00018         22  0.000e+00
     233546   9731.042     25.256     25.422    28.9963    28.9995   5.880820   5.881183     3.1282     2.6581     100.00   25.98972  -85.99510    0.00133    0.00014         22  0.000e+00
     233547   9731.083     25.256     25.422    28.9966    28.9995   5.880892   5.881199     3.1282     2.6581     100.00   25.98972  -85.99510    0.00137    0.00010         22  0.000e+00
     233548   9731.125     25.308     25.476    28.9963    28.9993   5.880876   5.881175     3.1282     2.6581     100.00   25.98972  -85.99510    0.00141    0.00008         22  0.000e+00
     233549   9731.167     25.225     25.392    28.9966    28.9996   5.880868   5.881167     3.1282     2.6593     100.00   25.98972  -85.99510    0.00143    0.00007         22  0.000e+00
     233550   9731.208     25.308     25.476    28.9966    28.9995   5.880900   5.881239     3.1282     2.6593     100.00   25.98972  -85.99510    0.00147    0.00008         22  0.000e+00
     233551   9731.250     25.308     25.476    28.9968    28.9997   5.880915   5.881263     3.1282     2.6593     100.00   25.98972  -85.99510    0.00151    0.00009         22  0.000e+00
     233552   9731.292     25.225     25.392    28.9968    28.9997   5.880876   5.881223     3.1282     2.6593     100.00   25.98972  -85.99510    0.00154    0.00012         22  0.000e+00
     233553   9731.333     25.308     25.476    28.9968    28.9995   5.880900   5.881175     3.1282     2.6593     100.00   25.98972  -85.99510    0.00157    0.00014         22  0.000e+00
     233554   9731.375     25.255     25.422    28.9967    28.9989   5.880876   5.881167     3.1282     2.6593     100.00   25.98972  -85.99510    0.00161    0.00016         22  0.000e+00
     233555   9731.417     25.308     25.476    28.9968    28.9988   5.880868   5.881167     3.1282     2.6593     100.00   25.98972  -85.99510    0.00162    0.00019         22  0.000e+00
     233556   9731.458     25.278     25.445    28.9966    28.9986   5.880868   5.881167     3.1282     2.6581     100.00   25.98972  -85.99510    0.00163    0.00021         22  0.000e+00
     233557   9731.500     25.255     25.422    28.9963    28.9988   5.880868   5.881207     3.1282     2.6593     100.00   25.98972  -85.99510    0.00165    0.00024         22  0.000e+00
     233558   9731.542     25.255     25.422    28.9964    28.9990   5.880868   5.881215     3.1282     2.6593     100.00   25.98972  -85.99510    0.00166    0.00028         22  0.000e+00
     233559   9731.583     25.255     25.422    28.9962    28.9991   5.880796   5.881175     3.1282     2.6593     100.00   25.98972  -85.99510    0.00168    0.00032         22  0.000e+00
     233560   9731.625     25.278     25.445    28.9961    28.9990   5.880844   5.881167     3.1282     2.6593     100.00   25.98972  -85.99510    0.00169    0.00035         22  0.000e+00
     233561   9731.667     25.255     25.422    28.9962    28.9986   5.880868   5.881126     3.1282     2.6593     100.00   25.98972  -85.99510    0.00169    0.00039         22  0.000e+00
     233562   9731.708     25.308     25.475    28.9961    28.9982   5.880868   5.881191     3.1282     2.6606     100.00   25.98972  -85.99510    0.00170    0.00046         22  0.000e+00
     233563   9731.750     25.308     25.475    28.9960    28.9980   5.880828   5.881142     3.1270     2.6593     100.00   25.98972  -85.99510    0.00167    0.00051         22  0.000e+00
     233564   9731.792     25.225     25.392    28.9960    28.9983   5.880780   5.881078     3.1270     2.6606     100.00   25.98972  -85.99512    0.00163    0.00058         22  0.000e+00
     233565   9731.833     25.308     25.475    28.9959    28.9980   5.880773   5.881142     3.1270     2.6593     100.00   25.98972  -85.99512    0.00162    0.00063         22  0.000e+00
     233566   9731.875     25.255     25.422    28.9960    28.9982   5.880804   5.881094     3.1270     2.6593     100.00   25.98972  -85.99512    0.00158    0.00066         22  0.000e+00
     233567   9731.917     25.225     25.392    28.9962    28.9980   5.880780   5.881078     3.1270     2.6593     100.00   25.98972  -85.99512    0.00154    0.00071         22  0.000e+00
     233568   9731.958     25.255     25.422    28.9961    28.9979   5.880773   5.881110     3.1270     2.6593     100.00   25.98972  -85.99512    0.00150    0.00076         22  0.000e+00
     233569   9732.000     25.308     25.475    28.9962    28.9981   5.880804   5.881078     3.1258     2.6593      96.07   25.98972  -85.99512    0.00145    0.00081         22  0.000e+00
     233570   9732.042     25.308     25.475    28.9960    28.9980   5.880852   5.881102     3.1258     2.6593      88.57   25.98972  -85.99512    0.00139    0.00086         22  0.000e+00
     233571   9732.083     25.225     25.392    28.9963    28.9982   5.880828   5.881150     3.1258     2.6593      86.18   25.98972  -85.99512    0.00133    0.00089         22  0.000e+00
     233572   9732.125     25.255     25.422    28.9962    28.9988   5.880820   5.881167     3.1258     2.6581      86.32   25.98972  -85.99512    0.00127    0.00090         22  0.000e+00
     233573   9732.167     25.255     25.422    28.9962    28.9988   5.880852   5.881167     3.1258     2.6581      86.69   25.98972  -85.99512    0.00122    0.00091         22  0.000e+00
     233574   9732.208     25.255     25.422    28.9963    28.9989   5.880868   5.881167     3.1258     2.6593      86.81   25.98972  -85.99512    0.00116    0.00094         22  0.000e+00
     233575   9732.250     25.278     25.445    28.9964    28.9988   5.880868   5.881167     3.1245     2.6581      86.79   25.98972  -85.99512    0.00108    0.00095         22  0.000e+00
     233576   9732.292     25.255     25.422    28.9964    28.9984   5.880868   5.881167     3.1245     2.6581      86.79   25.98972  -85.99512    0.00100    0.00096         22  0.000e+00
     233577   9732.333     25.255     25.422    28.9965    28.9980   5.880828   5.881094     3.1245     2.6581      86.76   25.98972  -85.99512    0.00092    0.00097         22  0.000e+00
     233578   9732.375     25.278     25.445    28.9964    28.9976   5.880820   5.881078     3.1245     2.6581      86.76   25.98972  -85.99512    0.00083    0.00098         22  0.000e+00
     233579   9732.417     25.255     25.422    28.9965    28.9974   5.880820   5.881070     3.1258     2.6581      86.76   25.98972  -85.99512    0.00079    0.00099         22  0.000e+00
     233580   9732.458     25.255     25.422    28.9966    28.9976   5.880820   5.881030     3.1258     2.6581      86.79   25.98972  -85.99512    0.00074    0.00100         22  0.000e+00
     233581   9732.500     25.255     25.422    28.9966    28.9976   5.880852   5.881094     3.1245     2.6581      86.76   25.98972  -85.99512    0.00065    0.00099         22  0.000e+00
     233582   9732.542     25.278     25.445    28.9967    28.9975   5.880900   5.881118     3.1245     2.6581      86.79   25.98972  -85.99512    0.00058    0.00098         22  0.000e+00
     233583   9732.583     25.255     25.422    28.9964    28.9976   5.880844   5.881078     3.1245     2.6581      86.76   25.98972  -85.99512    0.00052    0.00097         22  0.000e+00
     233584   9732.625     25.195     25.361    28.9966    28.9979   5.880892   5.881070     3.1245     2.6581      86.76   25.98972  -85.99512    0.00045    0.00096         22  0.000e+00
     233585   9732.667     25.255     25.422    28.9963    28.9979   5.880844   5.881070     3.1258     2.6581      86.79   25.98972  -85.99512    0.00041    0.00096         22  0.000e+00
     233586   9732.708     25.278     25.445    28.9964    28.9979   5.880852   5.881070     3.1258     2.6581      86.79   25.98972  -85.99512    0.00036    0.00097         22  0.000e+00
     233587   9732.750     25.255     25.422    28.9964    28.9980   5.880828   5.881142     3.1258     2.6581      86.76   25.98972  -85.99512    0.00031    0.00097         22  0.000e+00
     233588   9732.792     25.195     25.361    28.9963    28.9979   5.880820   5.881126     3.1245     2.6581      86.79   25.98972  -85.99512    0.00024    0.00098         22  0.000e+00
     233589   9732.833     25.278     25.445    28.9966    28.9984   5.880820   5.881126     3.1258     2.6581      86.79   25.98972  -85.99512    0.00020    0.00098         22  0.000e+00
     233590   9732.875     25.255     25.422    28.9964    28.9980   5.880852   5.881118     3.1258     2.6581      86.76   25.98972  -85.99512    0.00016    0.00099         22  0.000e+00
     233591   9732.917     25.195     25.361    28.9967    28.9976   5.880868   5.881118     3.1258     2.6581      86.76   25.98972  -85.99512    0.00013    0.00099         22  0.000e+00
     233592   9732.958     25.255     25.422    28.9966    28.9975   5.880900   5.881118     3.1258     2.6569      89.55   25.98972  -85.99512    0.00009    0.00098         22  0.000e+00
     233593   9733.000     25.225     25.391    28.9965    28.9974   5.880844   5.881118     3.1258     2.6581      97.56   25.98972  -85.99512    0.00005    0.00098         22  0.000e+00
     233594   9733.042     25.195     25.361    28.9968    28.9975   5.880852   5.881118     3.1258     2.6581     100.00   25.98972  -85.99512    0.00002    0.00098         22  0.000e+00
     233595   9733.083     25.255     25.422    28.9970    28.9976   5.880900   5.881118     3.1258     2.6569     100.00   25.98972  -85.99512   -0.00002    0.00095         22  0.000e+00
     233596   9733.125     25.255     25.422    28.9968    28.9973   5.880844   5.881118     3.1245     2.6569     100.00   25.98972  -85.99512   -0.00008    0.00094         22  0.000e+00
     233597   9733.167     25.225     25.391    28.9968    28.9967   5.880852   5.881118     3.1258     2.6569     100.00   25.98972  -85.99512   -0.00010    0.00092         22  0.000e+00
     233598   9733.208     25.195     25.361    28.9970    28.9966   5.880900   5.881118     3.1258     2.6569     100.00   25.98972  -85.99512   -0.00012    0.00089         22  0.000e+00
     233599   9733.250     25.255     25.422    28.9968    28.9965   5.880876   5.881126     3.1245     2.6569     100.00   25.98972  -85.99512   -0.00016    0.00086         22  0.000e+00
     233600   9733.292     25.225     25.391    28.9968    28.9960   5.880828   5.881159     3.1245     2.6557     100.00   25.98972  -85.99512   -0.00021    0.00080         22  0.000e+00
     233601   9733.333     25.195     25.361    28.9968    28.9960   5.880852   5.881094     3.1245     2.6557     100.00   25.98972  -85.99512   -0.00027    0.00075         22  0.000e+00
     233602   9733.375     25.255     25.422    28.9970    28.9960   5.880868   5.881102     3.1245     2.6557     100.00   25.98972  -85.99512   -0.00033    0.00070         22  0.000e+00
     233603   9733.417     25.255     25.422    28.9971    28.9961   5.880868   5.881078     3.1245     2.6557     100.00   25.98972  -85.99512   -0.00038    0.00065         22  0.000e+00
     233604   9733.458     25.164     25.330    28.9970    28.9955   5.880828   5.881070     3.1245     2.6557     100.00   25.98972  -85.99512   -0.00042    0.00060         22  0.000e+00
     233605   9733.500     25.255     25.422    28.9970    28.9951   5.880820   5.881102     3.1245     2.6557     100.00   25.98972  -85.99512   -0.00046    0.00055         22  0.000e+00
     233606   9733.542     25.194     25.361    28.9968    28.9953   5.880892   5.881118     3.1245     2.6545     100.00   25.98972  -85.99512   -0.00051    0.00048         22  0.000e+00
     233607   9733.583     25.255     25.422    28.9972    28.9955   5.880876   5.881078     3.1245     2.6545     100.00   25.98972  -85.99512   -0.00055    0.00041         22  0.000e+00
     233608   9733.625     25.225     25.391    28.9970    28.9965   5.880828   5.881102     3.1245     2.6545     100.00   25.98972  -85.99512   -0.00060    0.00035         22  0.000e+00
     233609   9733.667     25.142     25.308    28.9970    28.9960   5.880852   5.881118     3.1245     2.6545     100.00   25.98972  -85.99512   -0.00064    0.00028         22  0.000e+00
     233610   9733.708     25.255     25.422    28.9968    28.9953   5.880868   5.881054     3.1245     2.6545     100.00   25.98972  -85.99512   -0.00068    0.00021         22  0.000e+00
     233611   9733.750     25.225     25.391    28.9970    28.9945   5.880828   5.881094     3.1245     2.6545     100.00   25.98972  -85.99512   -0.00071    0.00014         22  0.000e+00
     233612   9733.792     25.194     25.361    28.9970    28.9939   5.880852   5.881078     3.1258     2.6545     100.00   25.98972  -85.99512   -0.00073    0.00008         22  0.000e+00
     233613   9733.833     25.194     25.361    28.9970    28.9943   5.880868   5.881102     3.1245     2.6545     100.00   25.98972  -85.99512   -0.00077    0.00001         22  0.000e+00
     233614   9733.875     25.255     25.422    28.9970    28.9951   5.880828   5.881046     3.1258     2.6545     100.00   25.98972  -85.99512   -0.00078   -0.00005         22  0.000e+00
     233615   9733.917     25.164     25.330    28.9966    28.9943   5.880892   5.881094     3.1245     2.6545     100.00   25.98972  -85.99512   -0.00082   -0.00012         22  0.000e+00
     233616   9733.958     25.255     25.422    28.9958    28.9931   5.880915   5.881118     3.1245     2.6545     100.00   25.98972  -85.99512   -0.00085   -0.00018         22  0.000e+00
     233617   9734.000     25.194     25.361    28.9955    28.9917   5.880844   5.881078     3.1245     2.6545     100.00   25.98972  -85.99512   -0.00087   -0.00025         22  0.000e+00
     233618   9734.042     25.194     25.361    28.9955    28.9903   5.880820   5.881070     3.1258     2.6545     100.00   25.98972  -85.99512   -0.00087   -0.00031         22  0.000e+00
     233619   9734.083     25.225     25.391    28.9946    28.9897   5.880852   5.881102     3.1245     2.6545     100.00   25.98972  -85.99512   -0.00089   -0.00038         22  0.000e+00
     233620   9734.125     25.141     25.307    28.9944    28.9899   5.880868   5.881078     3.1245     2.6545     100.00   25.98972  -85.99512   -0.00090   -0.00044         22  0.000e+00
     233621   9734.167     25.255     25.422    28.9946    28.9909   5.880868   5.881118     3.1258     2.6545     100.00   25.98972  -85.99512   -0.00090   -0.00052         22  0.000e+00
     233622   9734.208     25.164     25.330    28.9946    28.9929   5.880868   5.881086     3.1258     2.6545     100.00   25.98972  -85.99512   -0.00089   -0.00058         22  0.000e+00
     233623   9734.250     25.255     25.422    28.9946    28.9943   5.880828   5.881102     3.1245     2.6532     100.00   25.98972  -85.99512   -0.00091   -0.00066         22  0.000e+00
     233624   9734.292     25.194     25.361    28.9950    28.9947   5.880852   5.881118     3.1258     2.6532     100.00   25.98972  -85.99512   -0.00090   -0.00076         22  0.000e+00
     233625   9734.333     25.194     25.361    28.9944    28.9931   5.880868   5.881118     3.1245     2.6532     100.00   25.98972  -85.99512   -0.00092   -0.00086         22  0.000e+00
     233626   9734.375     25.277     25.444    28.9946    28.9921   5.880828   5.881118     3.1233     2.6520     100.00   25.98972  -85.99512   -0.00095   -0.00097         22  0.000e+00
     233627   9734.417     25.194     25.361    28.9941    28.9908   5.880852   5.881118     3.1245     2.6520     100.00   25.98972  -85.99512   -0.00096   -0.00109         22  0.000e+00
