Gulf of Mexico/GOMECC-4/1db/rb2103_0921.ros
* Sea-Bird SBE 9 Data File:
* FileName = C:\Users\scs.user.rb\CTD\GOMECC4\data\rb2103_0921.hex
* Software Version Seasave V 7.26.7.107
* Temperature SN = 4799
* Conductivity SN = 3860
* Number of Bytes Per Scan = 41
* Number of Voltage Words = 4
* Number of Scans Averaged by the Deck Unit = 1
* NMEA Latitude = 21 26.99 N
* NMEA Longitude = 091 34.00 W
* NMEA UTC (Time) = Oct 10 2021  09:11:05
* NMEA baud rate = 4800
# nquan = 17
# nvalues = 532                                   
# units = specified
# name 0 = scan: Scan Count
# name 1 = timeS: Time, Elapsed [seconds]
# name 2 = depSM: Depth [salt water, m]
# name 3 = prDM: Pressure, Digiquartz [db]
# name 4 = t090C: Temperature [ITS-90, deg C]
# name 5 = t190C: Temperature, 2 [ITS-90, deg C]
# name 6 = c0S/m: Conductivity [S/m]
# name 7 = c1S/m: Conductivity, 2 [S/m]
# name 8 = sbeox0V: Oxygen raw, SBE 43 [V]
# name 9 = sbeox1V: Oxygen raw, SBE 43, 2 [V]
# name 10 = altM: Altimeter [m]
# name 11 = latitude: Latitude [deg]
# name 12 = longitude: Longitude [deg]
# name 13 = sbox0dV/dT: Oxygen, SBE 43 [dov/dt]
# name 14 = sbox1dV/dT: Oxygen, SBE 43, 2 [dov/dt]
# name 15 = nbf: Bottles Fired
# name 16 = flag:  0.000e+00
# interval = seconds: 0.0416667
# start_time = Oct 10 2021 09:11:05 [NMEA time, header]
# bad_flag = -9.990e-29
*END*
[from data line 426]
      22590    941.208      2.711      2.728    29.4850    29.4861   6.007614   6.007912     3.1502     2.6593      44.62   21.45068  -91.56758   -0.00056   -0.00060          4  0.000e+00
      22591    941.250      2.670      2.687    29.4851    29.4861   6.007614   6.007912     3.1502     2.6593      44.62   21.45068  -91.56758   -0.00058   -0.00066          4  0.000e+00
      22592    941.292      2.718      2.735    29.4850    29.4861   6.007614   6.007912     3.1502     2.6593      44.62   21.45068  -91.56758   -0.00060   -0.00068          4  0.000e+00
      22593    941.333      2.670      2.687    29.4851    29.4861   6.007614   6.007912     3.1502     2.6593      44.62   21.45068  -91.56758   -0.00061   -0.00070          4  0.000e+00
      22594    941.375      2.670      2.687    29.4852    29.4860   6.007614   6.007912     3.1502     2.6606      44.62   21.45068  -91.56758   -0.00063   -0.00073          4  0.000e+00
      22595    941.417      2.670      2.687    29.4848    29.4861   6.007614   6.007912     3.1502     2.6606      44.62   21.45068  -91.56758   -0.00065   -0.00075          4  0.000e+00
      22596    941.458      2.670      2.687    29.4851    29.4861   6.007646   6.007912     3.1490     2.6606      44.57   21.45068  -91.56758   -0.00067   -0.00077          4  0.000e+00
      22597    941.500      2.670      2.687    29.4850    29.4861   6.007622   6.007872     3.1490     2.6606      44.54   21.45068  -91.56758   -0.00068   -0.00078          4  0.000e+00
      22598    941.542      2.670      2.687    29.4851    29.4861   6.007614   6.007937     3.1490     2.6606      44.54   21.45068  -91.56758   -0.00070   -0.00080          4  0.000e+00
      22599    941.583      2.670      2.687    29.4848    29.4861   6.007614   6.007920     3.1490     2.6606      44.54   21.45068  -91.56758   -0.00071   -0.00082          4  0.000e+00
      22600    941.625      2.670      2.687    29.4851    29.4861   6.007574   6.007912     3.1490     2.6606      44.54   21.45068  -91.56758   -0.00070   -0.00085          4  0.000e+00
      22601    941.667      2.664      2.680    29.4850    29.4861   6.007598   6.007872     3.1490     2.6606      44.54   21.45068  -91.56758   -0.00071   -0.00088          4  0.000e+00
      22602    941.708      2.670      2.687    29.4849    29.4862   6.007614   6.007896     3.1490     2.6606      44.54   21.45068  -91.56758   -0.00071   -0.00091          4  0.000e+00
      22603    941.750      2.670      2.687    29.4852    29.4861   6.007614   6.007912     3.1490     2.6606      44.54   21.45068  -91.56758   -0.00072   -0.00094          4  0.000e+00
      22604    941.792      2.670      2.687    29.4851    29.4858   6.007614   6.007912     3.1490     2.6593      44.54   21.45068  -91.56758   -0.00072   -0.00099          4  0.000e+00
      22605    941.833      2.670      2.687    29.4851    29.4861   6.007614   6.007912     3.1490     2.6593      44.54   21.45068  -91.56758   -0.00071   -0.00102          4  0.000e+00
      22606    941.875      2.670      2.687    29.4850    29.4858   6.007614   6.007912     3.1490     2.6593      44.54   21.45068  -91.56758   -0.00072   -0.00105          4  0.000e+00
      22607    941.917      2.623      2.639    29.4851    29.4858   6.007614   6.007912     3.1502     2.6593      44.54   21.45068  -91.56758   -0.00070   -0.00108          4  0.000e+00
      22608    941.958      2.670      2.687    29.4850    29.4861   6.007646   6.007912     3.1502     2.6593      44.54   21.45068  -91.56758   -0.00069   -0.00109          4  0.000e+00
      22609    942.000      2.670      2.687    29.4851    29.4858   6.007622   6.007912     3.1490     2.6593      44.54   21.45068  -91.56758   -0.00067   -0.00111          4  0.000e+00
      22610    942.042      2.670      2.687    29.4850    29.4858   6.007614   6.007872     3.1490     2.6593      44.54   21.45068  -91.56758   -0.00066   -0.00113          4  0.000e+00
      22611    942.083      2.623      2.639    29.4852    29.4858   6.007646   6.007896     3.1502     2.6593      44.54   21.45068  -91.56758   -0.00062   -0.00112          4  0.000e+00
      22612    942.125      2.663      2.680    29.4848    29.4861   6.007622   6.007872     3.1502     2.6593      44.54   21.45068  -91.56758   -0.00059   -0.00113          4  0.000e+00
      22613    942.167      2.670      2.687    29.4849    29.4858   6.007614   6.007896     3.1502     2.6593      44.54   21.45068  -91.56758   -0.00055   -0.00115          4  0.000e+00
      22614    942.208      2.670      2.687    29.4851    29.4857   6.007614   6.007872     3.1502     2.6593      44.54   21.45068  -91.56758   -0.00051   -0.00115          4  0.000e+00
      22615    942.250      2.623      2.639    29.4850    29.4858   6.007574   6.007863     3.1502     2.6606      44.54   21.45068  -91.56758   -0.00047   -0.00111          4  0.000e+00
      22616    942.292      2.670      2.687    29.4851    29.4858   6.007566   6.007896     3.1502     2.6606      44.54   21.45068  -91.56758   -0.00043   -0.00111          4  0.000e+00
      22617    942.333      2.670      2.687    29.4850    29.4858   6.007638   6.007872     3.1514     2.6618      44.54   21.45068  -91.56758   -0.00039   -0.00109          4  0.000e+00
      22618    942.375      2.670      2.687    29.4849    29.4858   6.007622   6.007863     3.1514     2.6618      44.54   21.45068  -91.56758   -0.00033   -0.00103          4  0.000e+00
      22619    942.417      2.623      2.639    29.4848    29.4858   6.007574   6.007863     3.1502     2.6618      44.54   21.45068  -91.56758   -0.00029   -0.00101          4  0.000e+00
      22620    942.458      2.717      2.734    29.4849    29.4858   6.007598   6.007864     3.1514     2.6630      44.57   21.45068  -91.56758   -0.00024   -0.00097          4  0.000e+00
      22621    942.500      2.670      2.687    29.4850    29.4857   6.007614   6.007863     3.1514     2.6630      44.57   21.45068  -91.56758   -0.00020   -0.00094          4  0.000e+00
      22622    942.542      2.670      2.687    29.4849    29.4857   6.007614   6.007863     3.1514     2.6630      44.59   21.45068  -91.56758   -0.00016   -0.00090          4  0.000e+00
      22623    942.583      2.663      2.680    29.4849    29.4858   6.007686   6.007896     3.1514     2.6630      44.59   21.45068  -91.56758   -0.00011   -0.00084          4  0.000e+00
      22624    942.625      2.670      2.687    29.4850    29.4857   6.007598   6.007912     3.1514     2.6642      44.57   21.45068  -91.56758   -0.00007   -0.00078          4  0.000e+00
      22625    942.667      2.717      2.734    29.4852    29.4857   6.007638   6.007872     3.1502     2.6618      44.59   21.45068  -91.56758   -0.00004   -0.00076          4  0.000e+00
      22626    942.708      2.717      2.734    29.4852    29.4858   6.007622   6.007864     3.1514     2.6642      44.57   21.45068  -91.56758   -0.00001   -0.00071          4  0.000e+00
      22627    942.750      2.717      2.734    29.4851    29.4857   6.007646   6.007896     3.1514     2.6642      44.59   21.45068  -91.56758    0.00002   -0.00067          4  0.000e+00
      22628    942.792      2.717      2.734    29.4850    29.4858   6.007662   6.007872     3.1514     2.6630      44.57   21.45068  -91.56758    0.00003   -0.00063          4  0.000e+00
      22629    942.833      2.717      2.734    29.4851    29.4857   6.007622   6.007896     3.1514     2.6642      44.57   21.45068  -91.56758    0.00006   -0.00058          4  0.000e+00
      22630    942.875      2.771      2.789    29.4848    29.4861   6.007614   6.007912     3.1502     2.6654      44.59   21.45068  -91.56758    0.00005   -0.00050          4  0.000e+00
      22631    942.917      2.771      2.789    29.4849    29.4858   6.007646   6.007912     3.1514     2.6654      44.59   21.45068  -91.56758    0.00006   -0.00043          4  0.000e+00
      22632    942.958      2.717      2.734    29.4854    29.4858   6.007630   6.007912     3.1502     2.6642      44.57   21.45068  -91.56758    0.00005   -0.00038          4  0.000e+00
      22633    943.000      2.819      2.836    29.4851    29.4862   6.007686   6.007945     3.1502     2.6618      44.59   21.45068  -91.56758    0.00003   -0.00036          4  0.000e+00
      22634    943.042      2.765      2.782    29.4852    29.4864   6.007638   6.007961     3.1502     2.6642      44.59   21.45068  -91.56758    0.00002   -0.00029          4  0.000e+00
      22635    943.083      2.771      2.789    29.4854    29.4866   6.007686   6.007920     3.1502     2.6654      44.57   21.45068  -91.56758    0.00001   -0.00022          4  0.000e+00
      22636    943.125      2.866      2.884    29.4858    29.4866   6.007710   6.007985     3.1502     2.6654      44.59   21.45068  -91.56758   -0.00002   -0.00013          4  0.000e+00
      22637    943.167      2.819      2.836    29.4857    29.4866   6.007710   6.007937     3.1514     2.6654      44.59   21.45068  -91.56758   -0.00003   -0.00006          4  0.000e+00
      22638    943.208      2.819      2.836    29.4858    29.4864   6.007710   6.007945     3.1502     2.6654      44.59   21.45068  -91.56758   -0.00005    0.00003          4  0.000e+00
      22639    943.250      2.819      2.836    29.4857    29.4864   6.007710   6.007993     3.1502     2.6654      44.59   21.45068  -91.56758   -0.00006    0.00010          4  0.000e+00
      22640    943.292      2.866      2.884    29.4862    29.4864   6.007750   6.007969     3.1502     2.6654      44.57   21.45068  -91.56758   -0.00009    0.00017          4  0.000e+00
      22641    943.333      2.866      2.884    29.4861    29.4862   6.007758   6.007920     3.1502     2.6630      44.59   21.45068  -91.56758   -0.00010    0.00020          4  0.000e+00
      22642    943.375      2.866      2.884    29.4863    29.4862   6.007758   6.007912     3.1490     2.6630      44.59   21.45068  -91.56758   -0.00013    0.00023          4  0.000e+00
      22643    943.417      2.866      2.884    29.4863    29.4862   6.007798   6.007985     3.1502     2.6630      44.59   21.45068  -91.56758   -0.00014    0.00025          4  0.000e+00
      22644    943.458      2.866      2.884    29.4863    29.4864   6.007766   6.007937     3.1502     2.6630      44.57   21.45068  -91.56758   -0.00015    0.00028          4  0.000e+00
      22645    943.500      2.859      2.877    29.4865    29.4862   6.007758   6.007912     3.1490     2.6618      44.57   21.45068  -91.56758   -0.00015    0.00029          4  0.000e+00
      22646    943.542      2.913      2.932    29.4863    29.4868   6.007798   6.008018     3.1490     2.6618      44.57   21.45068  -91.56758   -0.00018    0.00031          4  0.000e+00
      22647    943.583      2.866      2.884    29.4863    29.4873   6.007814   6.007985     3.1502     2.6618      44.57   21.45068  -91.56758   -0.00017    0.00032          4  0.000e+00
      22648    943.625      2.913      2.931    29.4861    29.4873   6.007814   6.007994     3.1502     2.6618      44.57   21.45068  -91.56758   -0.00018    0.00032          4  0.000e+00
      22649    943.667      2.866      2.884    29.4863    29.4871   6.007774   6.008010     3.1502     2.6618      44.57   21.45068  -91.56758   -0.00017    0.00036          4  0.000e+00
      22650    943.708      2.913      2.931    29.4863    29.4871   6.007758   6.008083     3.1502     2.6606      44.57   21.45068  -91.56758   -0.00016    0.00036          4  0.000e+00
      22651    943.750      2.866      2.884    29.4865    29.4870   6.007798   6.008067     3.1502     2.6606      44.57   21.45068  -91.56758   -0.00017    0.00036          4  0.000e+00
      22652    943.792      2.913      2.931    29.4862    29.4871   6.007766   6.008058     3.1502     2.6606      44.57   21.45068  -91.56758   -0.00017    0.00036          4  0.000e+00
      22653    943.833      2.913      2.931    29.4863    29.4873   6.007798   6.008058     3.1502     2.6606      44.57   21.45068  -91.56758   -0.00016    0.00036          4  0.000e+00
      22654    943.875      2.866      2.884    29.4862    29.4875   6.007766   6.008058     3.1502     2.6606      44.57   21.45068  -91.56758   -0.00017    0.00038          4  0.000e+00
      22655    943.917      2.913      2.931    29.4861    29.4873   6.007758   6.008091     3.1502     2.6606      44.57   21.45068  -91.56758   -0.00018    0.00038          4  0.000e+00
      22656    943.958      2.913      2.931    29.4863    29.4871   6.007798   6.008067     3.1502     2.6606      44.57   21.45068  -91.56758   -0.00018    0.00040          4  0.000e+00
      22657    944.000      2.866      2.884    29.4863    29.4871   6.007774   6.008018     3.1514     2.6606      44.57   21.45068  -91.56758   -0.00017    0.00041          4  0.000e+00
      22658    944.042      2.913      2.931    29.4862    29.4868   6.007798   6.008042     3.1514     2.6606      44.57   21.45068  -91.56758   -0.00015    0.00041          4  0.000e+00
      22659    944.083      2.866      2.884    29.4862    29.4870   6.007766   6.008018     3.1514     2.6606      44.57   21.45068  -91.56758   -0.00014    0.00040          4  0.000e+00
      22660    944.125      2.913      2.931    29.4863    29.4870   6.007758   6.008010     3.1514     2.6606      44.57   21.45068  -91.56758   -0.00013    0.00039          4  0.000e+00
      22661    944.167      2.866      2.884    29.4863    29.4866   6.007798   6.007969     3.1514     2.6606      44.57   21.45068  -91.56758   -0.00010    0.00038          4  0.000e+00
      22662    944.208      2.913      2.931    29.4861    29.4866   6.007766   6.007961     3.1514     2.6606      44.57   21.45068  -91.56758   -0.00009    0.00035          4  0.000e+00
      22663    944.250      2.913      2.931    29.4863    29.4866   6.007758   6.007961     3.1514     2.6618      44.57   21.45068  -91.56758   -0.00006    0.00036          4  0.000e+00
      22664    944.292      2.866      2.884    29.4863    29.4867   6.007798   6.007994     3.1514     2.6618      44.57   21.45068  -91.56758   -0.00006    0.00037          4  0.000e+00
      22665    944.333      2.866      2.884    29.4860    29.4866   6.007766   6.008010     3.1514     2.6618      44.57   21.45068  -91.56758   -0.00003    0.00037          4  0.000e+00
      22666    944.375      2.866      2.884    29.4863    29.4866   6.007758   6.007937     3.1514     2.6618      44.57   21.45068  -91.56758   -0.00002    0.00038          4  0.000e+00
      22667    944.417      2.913      2.931    29.4862    29.4866   6.007798   6.007912     3.1526     2.6618      44.57   21.45068  -91.56758    0.00002    0.00039          4  0.000e+00
      22668    944.458      2.913      2.931    29.4863    29.4864   6.007766   6.007985     3.1514     2.6618      44.57   21.45068  -91.56758    0.00003    0.00039          4  0.000e+00
      22669    944.500      2.866      2.884    29.4861    29.4864   6.007686   6.007896     3.1514     2.6618      44.54   21.45068  -91.56758    0.00004    0.00040          4  0.000e+00
      22670    944.542      2.913      2.931    29.4863    29.4862   6.007774   6.007937     3.1514     2.6618      44.54   21.45068  -91.56758    0.00006    0.00041          4  0.000e+00
      22671    944.583      2.866      2.884    29.4861    29.4864   6.007734   6.007961     3.1514     2.6618      44.57   21.45068  -91.56758    0.00007    0.00043          4  0.000e+00
      22672    944.625      2.913      2.931    29.4858    29.4864   6.007670   6.007961     3.1526     2.6618      44.57   21.45068  -91.56758    0.00011    0.00044          4  0.000e+00
      22673    944.667      2.866      2.884    29.4859    29.4864   6.007694   6.007961     3.1514     2.6618      44.57   21.45068  -91.56758    0.00014    0.00045          4  0.000e+00
