Gulf of Mexico/GOMECC-4/1db/rb2103_0701.ros
* Sea-Bird SBE 9 Data File:
* FileName = C:\Users\scs.user.rb\CTD\GOMECC4\data\rb2103_0701.hex
* Software Version Seasave V 7.26.7.107
* Temperature SN = 4799
* Conductivity SN = 3860
* Number of Bytes Per Scan = 41
* Number of Voltage Words = 4
* Number of Scans Averaged by the Deck Unit = 1
* NMEA Latitude = 26 03.47 N
* NMEA Longitude = 094 40.25 W
* NMEA UTC (Time) = Oct 03 2021  15:59:31
* NMEA baud rate = 4800
# nquan = 17
# nvalues = 3192                                  
# units = specified
# name 0 = scan: Scan Count
# name 1 = timeS: Time, Elapsed [seconds]
# name 2 = depSM: Depth [salt water, m]
# name 3 = prDM: Pressure, Digiquartz [db]
# name 4 = t090C: Temperature [ITS-90, deg C]
# name 5 = t190C: Temperature, 2 [ITS-90, deg C]
# name 6 = c0S/m: Conductivity [S/m]
# name 7 = c1S/m: Conductivity, 2 [S/m]
# name 8 = sbeox0V: Oxygen raw, SBE 43 [V]
# name 9 = sbeox1V: Oxygen raw, SBE 43, 2 [V]
# name 10 = altM: Altimeter [m]
# name 11 = latitude: Latitude [deg]
# name 12 = longitude: Longitude [deg]
# name 13 = sbox0dV/dT: Oxygen, SBE 43 [dov/dt]
# name 14 = sbox1dV/dT: Oxygen, SBE 43, 2 [dov/dt]
# name 15 = nbf: Bottles Fired
# name 16 = flag:  0.000e+00
# interval = seconds: 0.0416667
# start_time = Oct 03 2021 15:59:31 [NMEA time, header]
# bad_flag = -9.990e-29
*END*
[from data line 2043]
     202396   8433.125    198.956    200.356    17.6870    17.5894   4.727974   4.716978     2.0476     1.7131     100.00   26.06128  -94.66920   -0.00037    0.00015         16  0.000e+00
     202397   8433.167    198.956    200.356    17.6867    17.5882   4.727952   4.716919     2.0476     1.7131     100.00   26.06128  -94.66920   -0.00037    0.00015         16  0.000e+00
     202398   8433.208    198.970    200.370    17.6867    17.5903   4.727966   4.716860     2.0476     1.7131     100.00   26.06128  -94.66920   -0.00036    0.00014         16  0.000e+00
     202399   8433.250    198.956    200.356    17.6870    17.5840   4.727894   4.716780     2.0476     1.7118     100.00   26.06128  -94.66920   -0.00035    0.00012         16  0.000e+00
     202400   8433.292    198.922    200.322    17.6867    17.5780   4.727916   4.716780     2.0476     1.7131     100.00   26.06128  -94.66920   -0.00035    0.00011         16  0.000e+00
     202401   8433.333    198.956    200.356    17.6866    17.5752   4.727909   4.716795     2.0476     1.7131     100.00   26.06128  -94.66920   -0.00036    0.00010         16  0.000e+00
     202402   8433.375    199.004    200.404    17.6864    17.5726   4.727894   4.716963     2.0464     1.7131     100.00   26.06128  -94.66920   -0.00038    0.00009         16  0.000e+00
     202403   8433.417    198.922    200.322    17.6862    17.5754   4.727858   4.717190     2.0488     1.7131     100.00   26.06128  -94.66920   -0.00036    0.00010         16  0.000e+00
     202404   8433.458    198.956    200.356    17.6859    17.5816   4.727894   4.717432     2.0488     1.7131     100.00   26.06128  -94.66920   -0.00033    0.00011         16  0.000e+00
     202405   8433.500    198.956    200.356    17.6861    17.5915   4.727923   4.717608     2.0488     1.7131     100.00   26.06128  -94.66920   -0.00031    0.00012         16  0.000e+00
     202406   8433.542    198.970    200.370    17.6857    17.5961   4.727887   4.717777     2.0488     1.7131     100.00   26.06128  -94.66920   -0.00028    0.00013         16  0.000e+00
     202407   8433.583    198.956    200.357    17.6853    17.5995   4.727945   4.717777     2.0476     1.7131     100.00   26.06128  -94.66920   -0.00028    0.00014         16  0.000e+00
     202408   8433.625    198.956    200.357    17.6845    17.6025   4.727865   4.717806     2.0476     1.7131     100.00   26.06128  -94.66920   -0.00029    0.00015         16  0.000e+00
     202409   8433.667    198.970    200.370    17.6833    17.6014   4.727814   4.717835     2.0476     1.7131     100.00   26.06128  -94.66920   -0.00029    0.00016         16  0.000e+00
     202410   8433.708    198.956    200.357    17.6831    17.6014   4.727793   4.717843     2.0476     1.7131     100.00   26.06128  -94.66920   -0.00030    0.00017         16  0.000e+00
     202411   8433.750    198.956    200.357    17.6832    17.6026   4.727807   4.718062     2.0476     1.7131     100.00   26.06128  -94.66920   -0.00031    0.00018         16  0.000e+00
     202412   8433.792    198.923    200.323    17.6826    17.6025   4.727749   4.718304     2.0476     1.7118     100.00   26.06128  -94.66920   -0.00031    0.00015         16  0.000e+00
     202413   8433.833    198.957    200.357    17.6831    17.6033   4.727713   4.718642     2.0476     1.7131     100.00   26.06128  -94.66920   -0.00030    0.00016         16  0.000e+00
     202414   8433.875    199.004    200.405    17.6832    17.6081   4.727662   4.718781     2.0476     1.7131     100.00   26.06128  -94.66920   -0.00029    0.00017         16  0.000e+00
     202415   8433.917    198.923    200.323    17.6833    17.6109   4.727662   4.718993     2.0476     1.7118     100.00   26.06128  -94.66920   -0.00028    0.00016         16  0.000e+00
     202416   8433.958    198.957    200.357    17.6840    17.6064   4.727655   4.719199     2.0476     1.7118     100.00   26.06128  -94.66920   -0.00027    0.00016         16  0.000e+00
     202417   8434.000    198.902    200.302    17.6837    17.6027   4.727604   4.719279     2.0476     1.7118     100.00   26.06128  -94.66920   -0.00026    0.00015         16  0.000e+00
     202418   8434.042    198.970    200.371    17.6831    17.6041   4.727604   4.719345     2.0476     1.7118     100.00   26.06128  -94.66920   -0.00027    0.00014         16  0.000e+00
     202419   8434.083    198.902    200.302    17.6835    17.6045   4.727619   4.719521     2.0476     1.7118     100.00   26.06128  -94.66920   -0.00026    0.00014         16  0.000e+00
     202420   8434.125    198.957    200.357    17.6834    17.6057   4.727612   4.719991     2.0476     1.7118     100.00   26.06128  -94.66920   -0.00024    0.00013         16  0.000e+00
     202421   8434.167    198.970    200.371    17.6829    17.6067   4.727699   4.720790     2.0476     1.7118     100.00   26.06128  -94.66920   -0.00023    0.00012         16  0.000e+00
     202422   8434.208    198.903    200.302    17.6833    17.6093   4.727713   4.721641     2.0476     1.7118     100.00   26.06128  -94.66920   -0.00022    0.00012         16  0.000e+00
     202423   8434.250    198.957    200.357    17.6837    17.6120   4.727749   4.722293     2.0476     1.7118     100.00   26.06128  -94.66920   -0.00021    0.00011         16  0.000e+00
     202424   8434.292    198.923    200.323    17.6849    17.6187   4.727749   4.722711     2.0476     1.7118     100.00   26.06128  -94.66920   -0.00020    0.00011         16  0.000e+00
     202425   8434.333    198.903    200.302    17.6848    17.6286   4.727793   4.723107     2.0476     1.7118     100.00   26.06128  -94.66920   -0.00020    0.00010         16  0.000e+00
     202426   8434.375    198.957    200.357    17.6843    17.6410   4.727764   4.723415     2.0476     1.7118     100.00   26.06128  -94.66920   -0.00019    0.00010         16  0.000e+00
     202427   8434.417    198.923    200.323    17.6837    17.6395   4.727764   4.723371     2.0476     1.7118     100.00   26.06128  -94.66920   -0.00018    0.00008         16  0.000e+00
     202428   8434.458    198.903    200.303    17.6833    17.6399   4.727785   4.723019     2.0476     1.7118     100.00   26.06128  -94.66920   -0.00017    0.00006         16  0.000e+00
     202429   8434.500    198.855    200.255    17.6838    17.6445   4.727836   4.722593     2.0476     1.7118     100.00   26.06128  -94.66920   -0.00015    0.00004         16  0.000e+00
     202430   8434.542    198.971    200.371    17.6840    17.6551   4.727851   4.722219     2.0476     1.7118     100.00   26.06128  -94.66920   -0.00014    0.00001         16  0.000e+00
     202431   8434.583    198.903    200.303    17.6842    17.6582   4.727894   4.722131     2.0476     1.7118     100.00   26.06128  -94.66920   -0.00012   -0.00001         16  0.000e+00
     202432   8434.625    198.876    200.275    17.6848    17.6565   4.727894   4.722219     2.0476     1.7118     100.00   26.06128  -94.66920   -0.00011   -0.00003         16  0.000e+00
     202433   8434.667    198.903    200.303    17.6857    17.6498   4.727872   4.722212     2.0476     1.7118     100.00   26.06128  -94.66920   -0.00009   -0.00005         16  0.000e+00
     202434   8434.708    198.903    200.303    17.6859    17.6437   4.727887   4.721904     2.0476     1.7118     100.00   26.06128  -94.66920   -0.00008   -0.00007         16  0.000e+00
     202435   8434.750    198.923    200.323    17.6861    17.6456   4.727901   4.721655     2.0476     1.7118     100.00   26.06128  -94.66920   -0.00006   -0.00009         16  0.000e+00
     202436   8434.792    198.903    200.303    17.6864    17.6471   4.727894   4.721611     2.0476     1.7118     100.00   26.06128  -94.66920   -0.00006   -0.00011         16  0.000e+00
     202437   8434.833    198.855    200.255    17.6866    17.6459   4.727894   4.721816     2.0476     1.7118     100.00   26.06128  -94.66920   -0.00005   -0.00012         16  0.000e+00
     202438   8434.875    198.876    200.276    17.6862    17.6448   4.727937   4.722065     2.0476     1.7118     100.00   26.06128  -94.66920   -0.00003   -0.00014         16  0.000e+00
     202439   8434.917    198.903    200.303    17.6862    17.6426   4.727909   4.722278     2.0476     1.7118     100.00   26.06128  -94.66920   -0.00002   -0.00016         16  0.000e+00
     202440   8434.958    198.856    200.255    17.6864    17.6436   4.727937   4.722293     2.0476     1.7118     100.00   26.06128  -94.66920    0.00000   -0.00018         16  0.000e+00
     202441   8435.000    198.876    200.276    17.6867    17.6456   4.727908   4.722131     2.0476     1.7131     100.00   26.06128  -94.66920 8.7922e-07   -0.00017         16  0.000e+00
     202442   8435.042    198.903    200.303    17.6870    17.6463   4.727901   4.721875     2.0476     1.7118     100.00   26.06128  -94.66920 5.2753e-07   -0.00017         16  0.000e+00
     202443   8435.083    198.808    200.207    17.6866    17.6475   4.727923   4.721559     2.0464     1.7118     100.00   26.06128  -94.66920   -0.00002   -0.00019         16  0.000e+00
     202444   8435.125    198.924    200.324    17.6866    17.6417   4.727887   4.721097     2.0464     1.7118     100.00   26.06128  -94.66920   -0.00003   -0.00019         16  0.000e+00
     202445   8435.167    198.856    200.255    17.6862    17.6363   4.727916   4.720753     2.0476     1.7131     100.00   26.06128  -94.66920   -0.00002   -0.00018         16  0.000e+00
     202446   8435.208    198.856    200.255    17.6867    17.6320   4.727930   4.720775     2.0476     1.7131     100.00   26.06128  -94.66920    0.00000   -0.00018         16  0.000e+00
     202447   8435.250    198.822    200.221    17.6869    17.6305   4.727908   4.721142     2.0476     1.7131     100.00   26.06128  -94.66920    0.00000   -0.00019         16  0.000e+00
     202448   8435.292    198.903    200.303    17.6859    17.6335   4.727894   4.721787     2.0476     1.7131     100.00   26.06128  -94.66920    0.00000   -0.00019         16  0.000e+00
     202449   8435.333    198.856    200.255    17.6855    17.6376   4.727901   4.722329     2.0476     1.7131     100.00   26.06128  -94.66920    0.00002   -0.00018         16  0.000e+00
     202450   8435.375    198.822    200.221    17.6859    17.6427   4.727865   4.722689     2.0464     1.7131     100.00   26.06128  -94.66920    0.00001   -0.00018         16  0.000e+00
     202451   8435.417    198.856    200.255    17.6862    17.6469   4.727923   4.722821     2.0464     1.7131     100.00   26.06128  -94.66920   -0.00001   -0.00018         16  0.000e+00
     202452   8435.458    198.856    200.255    17.6869    17.6521   4.727930   4.722967     2.0464     1.7131     100.00   26.06128  -94.66920   -0.00002   -0.00019         16  0.000e+00
     202453   8435.500    198.822    200.221    17.6871    17.6568   4.727908   4.723187     2.0476     1.7131     100.00   26.06128  -94.66920   -0.00002   -0.00018         16  0.000e+00
     202454   8435.542    198.809    200.208    17.6871    17.6530   4.727923   4.723334     2.0476     1.7131     100.00   26.06128  -94.66920   -0.00002   -0.00018         16  0.000e+00
     202455   8435.583    198.856    200.256    17.6873    17.6478   4.727930   4.723422     2.0476     1.7131     100.00   26.06128  -94.66920   -0.00002   -0.00019         16  0.000e+00
     202456   8435.625    198.822    200.221    17.6867    17.6502   4.727908   4.723415     2.0476     1.7131     100.00   26.06128  -94.66920   -0.00001   -0.00017         16  0.000e+00
     202457   8435.667    198.856    200.256    17.6866    17.6484   4.727952   4.723474     2.0464     1.7131     100.00   26.06128  -94.66920   -0.00003   -0.00018         16  0.000e+00
     202458   8435.708    198.809    200.208    17.6867    17.6450   4.727923   4.723606     2.0464     1.7131     100.00   26.06128  -94.66920   -0.00004   -0.00017         16  0.000e+00
     202459   8435.750    198.877    200.276    17.6873    17.6429   4.727923   4.723796     2.0464     1.7131     100.00   26.06128  -94.66920   -0.00006   -0.00016         16  0.000e+00
     202460   8435.792    198.809    200.208    17.6876    17.6482   4.727974   4.724024     2.0464     1.7131     100.00   26.06128  -94.66920   -0.00009   -0.00016         16  0.000e+00
     202461   8435.833    198.809    200.208    17.6876    17.6553   4.728032   4.724200     2.0476     1.7131     100.00   26.06128  -94.66920   -0.00009   -0.00017         16  0.000e+00
     202462   8435.875    198.822    200.222    17.6874    17.6544   4.727959   4.724310     2.0476     1.7131     100.00   26.06128  -94.66920   -0.00008   -0.00016         16  0.000e+00
     202463   8435.917    198.856    200.256    17.6875    17.6527   4.727974   4.724412     2.0464     1.7131     100.00   26.06128  -94.66920   -0.00010   -0.00015         16  0.000e+00
     202464   8435.958    198.809    200.208    17.6879    17.6543   4.728003   4.724508     2.0464     1.7131     100.00   26.06128  -94.66920   -0.00011   -0.00014         16  0.000e+00
     202465   8436.000    198.822    200.222    17.6879    17.6551   4.728024   4.724493     2.0476     1.7131     100.00   26.06128  -94.66920   -0.00011   -0.00014         16  0.000e+00
     202466   8436.042    198.809    200.208    17.6881    17.6543   4.727988   4.724420     2.0464     1.7118     100.00   26.06128  -94.66920   -0.00012   -0.00015         16  0.000e+00
     202467   8436.083    198.809    200.208    17.6879    17.6536   4.727981   4.724383     2.0464     1.7131     100.00   26.06128  -94.66920   -0.00013   -0.00014         16  0.000e+00
     202468   8436.125    198.822    200.222    17.6881    17.6541   4.728032   4.724302     2.0464     1.7131     100.00   26.06128  -94.66920   -0.00014   -0.00013         16  0.000e+00
     202469   8436.167    198.809    200.208    17.6881    17.6556   4.728032   4.724229     2.0476     1.7131     100.00   26.06128  -94.66920   -0.00014   -0.00012         16  0.000e+00
     202470   8436.208    198.823    200.222    17.6883    17.6581   4.728075   4.724170     2.0476     1.7118     100.00   26.06128  -94.66920   -0.00012   -0.00012         16  0.000e+00
     202471   8436.250    198.809    200.208    17.6881    17.6634   4.728089   4.724192     2.0476     1.7118     100.00   26.06128  -94.66920   -0.00011   -0.00013         16  0.000e+00
     202472   8436.292    198.857    200.256    17.6876    17.6660   4.728068   4.724236     2.0464     1.7118     100.00   26.06128  -94.66920   -0.00014   -0.00014         16  0.000e+00
     202473   8436.333    198.775    200.174    17.6876    17.6654   4.728053   4.724243     2.0464     1.7118     100.00   26.06128  -94.66920   -0.00017   -0.00014         16  0.000e+00
     202474   8436.375    198.857    200.256    17.6881    17.6692   4.728003   4.724309     2.0476     1.7118     100.00   26.06128  -94.66920   -0.00018   -0.00015         16  0.000e+00
     202475   8436.417    198.809    200.208    17.6883    17.6719   4.728032   4.724471     2.0464     1.7118     100.00   26.06128  -94.66920   -0.00019   -0.00015         16  0.000e+00
     202476   8436.458    198.775    200.174    17.6883    17.6686   4.727974   4.724610     2.0464     1.7118     100.00   26.06128  -94.66920   -0.00022   -0.00016         16  0.000e+00
     202477   8436.500    198.809    200.208    17.6885    17.6633   4.727995   4.724742     2.0476     1.7118     100.00   26.06128  -94.66920   -0.00024   -0.00016         16  0.000e+00
     202478   8436.542    198.809    200.208    17.6883    17.6593   4.728010   4.724823     2.0476     1.7118     100.00   26.06128  -94.66920   -0.00023   -0.00016         16  0.000e+00
     202479   8436.583    198.823    200.222    17.6883    17.6591   4.728024   4.724882     2.0476     1.7106     100.00   26.06128  -94.66920   -0.00022   -0.00018         16  0.000e+00
