Gulf of Mexico/GOMECC-4/1db/rb2103_0701.ros
* Sea-Bird SBE 9 Data File:
* FileName = C:\Users\scs.user.rb\CTD\GOMECC4\data\rb2103_0701.hex
* Software Version Seasave V 7.26.7.107
* Temperature SN = 4799
* Conductivity SN = 3860
* Number of Bytes Per Scan = 41
* Number of Voltage Words = 4
* Number of Scans Averaged by the Deck Unit = 1
* NMEA Latitude = 26 03.47 N
* NMEA Longitude = 094 40.25 W
* NMEA UTC (Time) = Oct 03 2021  15:59:31
* NMEA baud rate = 4800
# nquan = 17
# nvalues = 3192                                  
# units = specified
# name 0 = scan: Scan Count
# name 1 = timeS: Time, Elapsed [seconds]
# name 2 = depSM: Depth [salt water, m]
# name 3 = prDM: Pressure, Digiquartz [db]
# name 4 = t090C: Temperature [ITS-90, deg C]
# name 5 = t190C: Temperature, 2 [ITS-90, deg C]
# name 6 = c0S/m: Conductivity [S/m]
# name 7 = c1S/m: Conductivity, 2 [S/m]
# name 8 = sbeox0V: Oxygen raw, SBE 43 [V]
# name 9 = sbeox1V: Oxygen raw, SBE 43, 2 [V]
# name 10 = altM: Altimeter [m]
# name 11 = latitude: Latitude [deg]
# name 12 = longitude: Longitude [deg]
# name 13 = sbox0dV/dT: Oxygen, SBE 43 [dov/dt]
# name 14 = sbox1dV/dT: Oxygen, SBE 43, 2 [dov/dt]
# name 15 = nbf: Bottles Fired
# name 16 = flag:  0.000e+00
# interval = seconds: 0.0416667
# start_time = Oct 03 2021 15:59:31 [NMEA time, header]
# bad_flag = -9.990e-29
*END*
[from data line 426]
     120354   5014.708   2370.857   2400.037     4.3100     4.3106   3.383278   3.383237     1.8193     1.5043     100.00   26.05968  -94.67006   -0.00005   -0.00000          4  0.000e+00
     120355   5014.750   2370.892   2400.073     4.3099     4.3110   3.383265   3.383224     1.8193     1.5043     100.00   26.05968  -94.67006   -0.00006   -0.00000          4  0.000e+00
     120356   5014.792   2370.857   2400.037     4.3100     4.3108   3.383278   3.383237     1.8205     1.5043     100.00   26.05968  -94.67006   -0.00005   -0.00000          4  0.000e+00
     120357   5014.833   2370.914   2400.094     4.3100     4.3110   3.383265   3.383224     1.8193     1.5043     100.00   26.05968  -94.67006   -0.00006   -0.00000          4  0.000e+00
     120358   5014.875   2370.914   2400.095     4.3100     4.3110   3.383259   3.383237     1.8205     1.5043     100.00   26.05968  -94.67006   -0.00005   -0.00000          4  0.000e+00
     120359   5014.917   2370.949   2400.130     4.3099     4.3110   3.383303   3.383224     1.8205     1.5043     100.00   26.05968  -94.67006   -0.00004   -0.00000          4  0.000e+00
     120360   5014.958   2370.914   2400.095     4.3096     4.3110   3.383297   3.383237     1.8205     1.5043     100.00   26.05968  -94.67006   -0.00003 -8.792e-07          4  0.000e+00
     120361   5015.000   2370.963   2400.145     4.3099     4.3107   3.383246   3.383224     1.8205     1.5043     100.00   26.05968  -94.67006   -0.00004 -5.275e-07          4  0.000e+00
     120362   5015.042   2370.949   2400.131     4.3099     4.3108   3.383271   3.383237     1.8193     1.5043     100.00   26.05968  -94.67006   -0.00005 -1.758e-07          4  0.000e+00
     120363   5015.083   2370.914   2400.095     4.3100     4.3110   3.383290   3.383244     1.8193     1.5043     100.00   26.05968  -94.67006   -0.00006 1.7585e-07          4  0.000e+00
     120364   5015.125   2370.963   2400.145     4.3100     4.3106   3.383265   3.383224     1.8205     1.5043     100.00   26.05968  -94.67006   -0.00005 5.2753e-07          4  0.000e+00
     120365   5015.167   2371.019   2400.202     4.3099     4.3110   3.383240   3.383237     1.8205     1.5043     100.00   26.05968  -94.67006   -0.00006 8.7922e-07          4  0.000e+00
     120366   5015.208   2370.999   2400.181     4.3098     4.3108   3.383252   3.383244     1.8205     1.5043     100.00   26.05968  -94.67006   -0.00005    0.00000          4  0.000e+00
     120367   5015.250   2370.964   2400.146     4.3102     4.3110   3.383278   3.383224     1.8193     1.5043     100.00   26.05968  -94.67006   -0.00006    0.00000          4  0.000e+00
     120368   5015.292   2370.964   2400.146     4.3100     4.3108   3.383265   3.383218     1.8193     1.5043     100.00   26.05968  -94.67006   -0.00006    0.00000          4  0.000e+00
     120369   5015.333   2371.020   2400.203     4.3098     4.3110   3.383278   3.383218     1.8193     1.5043     100.00   26.05968  -94.67006   -0.00007    0.00000          4  0.000e+00
     120370   5015.375   2371.055   2400.238     4.3100     4.3108   3.383290   3.383237     1.8193     1.5043     100.00   26.05968  -94.67006   -0.00008    0.00000          4  0.000e+00
     120371   5015.417   2371.020   2400.203     4.3099     4.3110   3.383290   3.383263     1.8205     1.5043     100.00   26.05968  -94.67006   -0.00007    0.00000          4  0.000e+00
     120372   5015.458   2371.020   2400.203     4.3101     4.3110   3.383265   3.383231     1.8205     1.5043     100.00   26.05968  -94.67006   -0.00006    0.00000          4  0.000e+00
     120373   5015.500   2370.894   2400.075     4.3100     4.3106   3.383278   3.383237     1.8205     1.5043     100.00   26.05968  -94.67006   -0.00005    0.00000          4  0.000e+00
     120374   5015.542   2371.182   2400.367     4.3100     4.3110   3.383265   3.383224     1.8193     1.5043     100.00   26.05968  -94.67006   -0.00005    0.00000          4  0.000e+00
     120375   5015.583   2371.021   2400.203     4.3100     4.3110   3.383259   3.383237     1.8193     1.5043     100.00   26.05968  -94.67006   -0.00006    0.00000          4  0.000e+00
     120376   5015.625   2371.070   2400.253     4.3099     4.3110   3.383278   3.383263     1.8193     1.5043     100.00   26.05968  -94.67006   -0.00008    0.00000          4  0.000e+00
     120377   5015.667   2371.056   2400.239     4.3100     4.3110   3.383309   3.383231     1.8193     1.5043     100.00   26.05968  -94.67006   -0.00011    0.00001          4  0.000e+00
     120378   5015.708   2371.070   2400.254     4.3100     4.3110   3.383271   3.383256     1.8193     1.5043     100.00   26.05968  -94.67006   -0.00011    0.00001          4  0.000e+00
     120379   5015.750   2371.070   2400.254     4.3099     4.3108   3.383259   3.383276     1.8205     1.5043     100.00   26.05968  -94.67006   -0.00010    0.00001          4  0.000e+00
     120380   5015.792   2371.021   2400.204     4.3100     4.3110   3.383278   3.383237     1.8205     1.5043     100.00   26.05968  -94.67006   -0.00009    0.00001          4  0.000e+00
     120381   5015.833   2371.112   2400.297     4.3100     4.3110   3.383265   3.383237     1.8205     1.5043     100.00   26.05968  -94.67006   -0.00008    0.00001          4  0.000e+00
     120382   5015.875   2371.070   2400.254     4.3100     4.3108   3.383278   3.383244     1.8193     1.5043     100.00   26.05968  -94.67006   -0.00010    0.00001          4  0.000e+00
     120383   5015.917   2371.070   2400.254     4.3099     4.3110   3.383290   3.383244     1.8205     1.5043     100.00   26.05968  -94.67006   -0.00011    0.00001          4  0.000e+00
     120384   5015.958   2371.071   2400.254     4.3100     4.3110   3.383290   3.383244     1.8205     1.5043     100.00   26.05968  -94.67006   -0.00010    0.00001          4  0.000e+00
     120385   5016.000   2371.057   2400.240     4.3100     4.3108   3.383265   3.383224     1.8205     1.5043     100.00   26.05968  -94.67006   -0.00009    0.00001          4  0.000e+00
     120386   5016.042   2371.071   2400.255     4.3100     4.3108   3.383278   3.383218     1.8205     1.5043     100.00   26.05968  -94.67006   -0.00008    0.00001          4  0.000e+00
     120387   5016.083   2371.071   2400.255     4.3099     4.3110   3.383290   3.383192     1.8205     1.5043     100.00   26.05968  -94.67006   -0.00006    0.00001          4  0.000e+00
     120388   5016.125   2371.113   2400.298     4.3100     4.3110   3.383265   3.383224     1.8205     1.5043     100.00   26.05968  -94.67006   -0.00005    0.00001          4  0.000e+00
     120389   5016.167   2371.071   2400.255     4.3100     4.3110   3.383278   3.383224     1.8205     1.5043     100.00   26.05968  -94.67006   -0.00004    0.00001          4  0.000e+00
     120390   5016.208   2371.071   2400.255     4.3099     4.3111   3.383290   3.383237     1.8193     1.5043     100.00   26.05968  -94.67006   -0.00005    0.00001          4  0.000e+00
     120391   5016.250   2371.071   2400.255     4.3100     4.3110   3.383290   3.383224     1.8205     1.5043     100.00   26.05968  -94.67006   -0.00004    0.00001          4  0.000e+00
     120392   5016.292   2371.057   2400.241     4.3099     4.3110   3.383265   3.383269     1.8205     1.5043     100.00   26.05968  -94.67006   -0.00004    0.00001          4  0.000e+00
     120393   5016.333   2371.071   2400.255     4.3100     4.3110   3.383259   3.383231     1.8205     1.5043     100.00   26.05968  -94.67006   -0.00005    0.00001          4  0.000e+00
     120394   5016.375   2371.023   2400.205     4.3098     4.3108   3.383259   3.383237     1.8205     1.5043     100.00   26.05968  -94.67006   -0.00004    0.00001          4  0.000e+00
     120395   5016.417   2371.072   2400.255     4.3102     4.3108   3.383259   3.383224     1.8205     1.5043     100.00   26.05968  -94.67006   -0.00003    0.00001          4  0.000e+00
     120396   5016.458   2371.058   2400.241     4.3100     4.3108   3.383278   3.383237     1.8205     1.5043     100.00   26.05968  -94.67006   -0.00002    0.00001          4  0.000e+00
     120397   5016.500   2371.072   2400.256     4.3100     4.3108   3.383265   3.383244     1.8205     1.5043     100.00   26.05968  -94.67006   -0.00001    0.00001          4  0.000e+00
     120398   5016.542   2371.023   2400.206     4.3099     4.3108   3.383259   3.383224     1.8205     1.5043     100.00   26.05968  -94.67006   -0.00001    0.00001          4  0.000e+00
     120399   5016.583   2370.953   2400.135     4.3100     4.3110   3.383259   3.383237     1.8205     1.5043     100.00   26.05968  -94.67006   -0.00000    0.00001          4  0.000e+00
     120400   5016.625   2371.128   2400.313     4.3101     4.3110   3.383303   3.383244     1.8193     1.5043     100.00   26.05968  -94.67006   -0.00001    0.00001          4  0.000e+00
     120401   5016.667   2371.023   2400.206     4.3102     4.3108   3.383271   3.383263     1.8205     1.5043     100.00   26.05968  -94.67006    0.00000    0.00001          4  0.000e+00
     120402   5016.708   2371.023   2400.206     4.3102     4.3111   3.383259   3.383250     1.8193     1.5043     100.00   26.05968  -94.67006   -0.00000    0.00001          4  0.000e+00
     120403   5016.750   2371.003   2400.185     4.3101     4.3111   3.383259   3.383224     1.8205     1.5043     100.00   26.05968  -94.67006    0.00002    0.00001          4  0.000e+00
     120404   5016.792   2371.024   2400.207     4.3100     4.3110   3.383278   3.383199     1.8193     1.5043     100.00   26.05968  -94.67006    0.00000    0.00001          4  0.000e+00
     120405   5016.833   2371.024   2400.207     4.3102     4.3110   3.383240   3.383211     1.8193     1.5043     100.00   26.05968  -94.67006   -0.00002    0.00001          4  0.000e+00
     120406   5016.875   2370.968   2400.150     4.3098     4.3108   3.383246   3.383256     1.8205     1.5043     100.00   26.05968  -94.67006   -0.00001    0.00002          4  0.000e+00
     120407   5016.917   2371.003   2400.185     4.3100     4.3108   3.383278   3.383250     1.8205     1.5043     100.00   26.05968  -94.67006   -0.00002    0.00002          4  0.000e+00
     120408   5016.958   2370.968   2400.150     4.3099     4.3110   3.383265   3.383244     1.8193     1.5043     100.00   26.05968  -94.67006   -0.00002    0.00002          4  0.000e+00
     120409   5017.000   2370.968   2400.150     4.3101     4.3111   3.383278   3.383244     1.8193     1.5043     100.00   26.05968  -94.67006   -0.00003    0.00002          4  0.000e+00
     120410   5017.042   2370.968   2400.150     4.3100     4.3110   3.383265   3.383244     1.8205     1.5043     100.00   26.05968  -94.67006   -0.00002    0.00002          4  0.000e+00
     120411   5017.083   2370.954   2400.136     4.3099     4.3110   3.383233   3.383250     1.8193     1.5043     100.00   26.05968  -94.67006   -0.00002    0.00002          4  0.000e+00
     120412   5017.125   2370.968   2400.150     4.3103     4.3113   3.383271   3.383224     1.8205     1.5043     100.00   26.05968  -94.67006   -0.00003    0.00002          4  0.000e+00
     120413   5017.167   2370.919   2400.101     4.3099     4.3111   3.383265   3.383237     1.8205     1.5043     100.00   26.05968  -94.67006   -0.00002 8.2406e-12          4  0.000e+00
     120414   5017.208   2370.955   2400.136     4.3100     4.3111   3.383303   3.383244     1.8205     1.5043     100.00   26.05968  -94.67006   -0.00002 8.2406e-12          4  0.000e+00
     120415   5017.250   2370.920   2400.101     4.3100     4.3111   3.383246   3.383224     1.8205     1.5043     100.00   26.05968  -94.67006   -0.00001 9.2706e-12          4  0.000e+00
     120416   5017.292   2370.864   2400.044     4.3099     4.3110   3.383246   3.383218     1.8205     1.5043     100.00   26.05968  -94.67006    0.00000 9.2706e-12          4  0.000e+00
     120417   5017.333   2370.920   2400.101     4.3099     4.3110   3.383303   3.383269     1.8217     1.5043     100.00   26.05968  -94.67006    0.00003 8.2406e-12          4  0.000e+00
     120418   5017.375   2370.899   2400.080     4.3100     4.3111   3.383271   3.383250     1.8193     1.5043     100.00   26.05968  -94.67006    0.00001 9.2706e-12          4  0.000e+00
     120419   5017.417   2370.864   2400.044     4.3100     4.3111   3.383233   3.383243     1.8205     1.5043     100.00   26.05968  -94.67006 1.7585e-07 8.2406e-12          4  0.000e+00
     120420   5017.458   2370.920   2400.101     4.3100     4.3111   3.383271   3.383224     1.8205     1.5043     100.00   26.05968  -94.67006   -0.00001 9.2706e-12          4  0.000e+00
     120421   5017.500   2370.808   2399.987     4.3102     4.3110   3.383290   3.383256     1.8205     1.5043     100.00   26.05968  -94.67006    0.00000 1.0301e-11          4  0.000e+00
     120422   5017.542   2370.899   2400.080     4.3101     4.3113   3.383290   3.383250     1.8205     1.5043     100.00   26.05968  -94.67006    0.00001 8.2406e-12          4  0.000e+00
     120423   5017.583   2370.864   2400.044     4.3102     4.3110   3.383265   3.383224     1.8205     1.5043     100.00   26.05968  -94.67006    0.00002 8.2406e-12          4  0.000e+00
     120424   5017.625   2370.809   2399.988     4.3102     4.3108   3.383278   3.383237     1.8205     1.5043     100.00   26.05968  -94.67006    0.00004 9.2706e-12          4  0.000e+00
     120425   5017.667   2370.851   2400.030     4.3103     4.3111   3.383265   3.383199     1.8205     1.5043     100.00   26.05968  -94.67006    0.00003 9.2706e-12          4  0.000e+00
     120426   5017.708   2370.809   2399.988     4.3100     4.3111   3.383259   3.383224     1.8205     1.5043     100.00   26.05968  -94.67006    0.00002 8.2406e-12          4  0.000e+00
     120427   5017.750   2370.809   2399.988     4.3100     4.3111   3.383278   3.383224     1.8193     1.5043     100.00   26.05968  -94.67006    0.00001 9.2706e-12          4  0.000e+00
     120428   5017.792   2370.809   2399.988     4.3101     4.3110   3.383290   3.383237     1.8193     1.5043     100.00   26.05968  -94.67006    0.00001 8.2406e-12          4  0.000e+00
     120429   5017.833   2370.795   2399.974     4.3102     4.3110   3.383290   3.383276     1.8193     1.5043     100.00   26.05968  -94.67006 -8.792e-07 9.2706e-12          4  0.000e+00
     120430   5017.875   2370.809   2399.988     4.3099     4.3113   3.383265   3.383231     1.8205     1.5043     100.00   26.05968  -94.67006    0.00001 9.2706e-12          4  0.000e+00
     120431   5017.917   2370.760   2399.938     4.3101     4.3111   3.383278   3.383218     1.8205     1.5043     100.00   26.05968  -94.67006    0.00002 9.2706e-12          4  0.000e+00
     120432   5017.958   2370.851   2400.031     4.3102     4.3111   3.383290   3.383237     1.8205     1.5043     100.00   26.05968  -94.67006    0.00001 8.2406e-12          4  0.000e+00
     120433   5018.000   2370.760   2399.938     4.3102     4.3111   3.383290   3.383263     1.8205     1.5043     100.00   26.05968  -94.67006    0.00002 9.2706e-12          4  0.000e+00
     120434   5018.042   2370.760   2399.939     4.3101     4.3114   3.383265   3.383250     1.8193     1.5043     100.00   26.05968  -94.67006    0.00002 9.2706e-12          4  0.000e+00
     120435   5018.083   2370.761   2399.939     4.3100     4.3115   3.383259   3.383250     1.8193     1.5043     100.00   26.05968  -94.67006    0.00001 8.2406e-12          4  0.000e+00
     120436   5018.125   2370.740   2399.917     4.3099     4.3116   3.383259   3.383269     1.8205     1.5043     100.00   26.05968  -94.67006    0.00002 9.2706e-12          4  0.000e+00
     120437   5018.167   2370.761   2399.939     4.3101     4.3114   3.383259   3.383250     1.8205     1.5043     100.00   26.05968  -94.67006    0.00003 8.2406e-12          4  0.000e+00
