Gulf of Mexico/GOMECC-4/1db/rb2103_1021.cnv
* Sea-Bird SBE 9 Data File:
* FileName = C:\Users\scs.user.rb\CTD\GOMECC4\data\rb2103_1021.hex
* Software Version Seasave V 7.26.7.107
* Temperature SN = 4799
* Conductivity SN = 3860
* Number of Bytes Per Scan = 41
* Number of Voltage Words = 4
* Number of Scans Averaged by the Deck Unit = 1
* NMEA Latitude = 23 46.13 N
* NMEA Longitude = 088 00.04 W
* NMEA UTC (Time) = Oct 12 2021  22:30:12
* NMEA baud rate = 4800
# nquan = 28
# nvalues = 181                         
# units = specified
# name 0 = scan: Scan Count
# name 1 = timeS: Time, Elapsed [seconds]
# name 2 = depSM: Depth [salt water, m]
# name 3 = prDM: Pressure, Digiquartz [db]
# name 4 = t090C: Temperature [ITS-90, deg C]
# name 5 = t190C: Temperature, 2 [ITS-90, deg C]
# name 6 = c0S/m: Conductivity [S/m]
# name 7 = c1S/m: Conductivity, 2 [S/m]
# name 8 = sbeox0V: Oxygen raw, SBE 43 [V]
# name 9 = sbeox1V: Oxygen raw, SBE 43, 2 [V]
# name 10 = altM: Altimeter [m]
# name 11 = latitude: Latitude [deg]
# name 12 = longitude: Longitude [deg]
# name 13 = sbox0dV/dT: Oxygen, SBE 43 [dov/dt]
# name 14 = sbox1dV/dT: Oxygen, SBE 43, 2 [dov/dt]
# name 15 = sbeox0ML/L: Oxygen, SBE 43 [ml/l], WS = 5
# name 16 = sbeox1ML/L: Oxygen, SBE 43, 2 [ml/l], WS = 5
# name 17 = potemp090C: Potential Temperature [ITS-90, deg C]
# name 18 = potemp190C: Potential Temperature, 2 [ITS-90, deg C]
# name 19 = sal00: Salinity, Practical [PSU]
# name 20 = sal11: Salinity, Practical, 2 [PSU]
# name 21 = sigma-é00: Density [sigma-theta, kg/m^3]
# name 22 = sigma-é11: Density, 2 [sigma-theta, kg/m^3]
# name 23 = avgsvCM: Average Sound Velocity [Chen-Millero, m/s], minP = 20, minS = 20
# name 24 = sbox0Mm/Kg: Oxygen, SBE 43 [umol/kg], WS = 5
# name 25 = sbox1Mm/Kg: Oxygen, SBE 43, 2 [umol/kg], WS = 5
# name 26 = nbin: number of scans per bin
# name 27 = flag: flag
# span 0 =      16783,      43827       
# span 1 =    699.252,   1826.074       
# span 2 =      4.969,    124.169       
# span 3 =      5.000,    125.000       
# span 4 =    19.1374,    29.4792       
# span 5 =    19.1397,    29.4823       
# span 6 =   4.883917,   5.930915       
# span 7 =   4.884825,   5.931439       
# span 8 =     1.9676,     3.2757       
# span 9 =     1.6272,     2.7805       
# span 10 =       9.98,     100.69      
# span 11 =   23.62977,   23.83200      
# span 12 =  -88.22561,  -87.47713      
# span 13 =   -0.02578,    0.01473      
# span 14 =   -0.02461,    0.01670      
# span 15 =     2.7320,     4.6839      
# span 16 =     2.7423,     4.6665      
# span 17 =    19.1149,    29.4775      
# span 18 =    19.1171,    29.4806      
# span 19 =    36.0291,    36.6554      
# span 20 =    36.0304,    36.6567      
# span 21 =    22.6769,    26.1193      
# span 22 =    22.6767,    26.1200      
# span 23 =       0.00,    1545.81      
# span 24 =    118.907,    204.405      
# span 25 =    119.353,    203.628      
# span 26 =         30,         75      
# span 27 = 0.0000e+00, 0.0000e+00      
# interval = decibars: 1                
# start_time = Oct 12 2021 22:30:12 [NMEA time, header]
# bad_flag = -9.990e-29
*END*
[from data line 156]
      35351   1472.934     72.524     73.000    22.2385    22.2624   5.223147   5.224578     2.4906     2.1031      60.56   23.77082  -87.99968    0.00895    0.01000     3.6244     3.6449    22.2238    22.2479    36.5654    36.5618    25.3444    25.3367    1534.43    157.863    158.757         44 0.0000e+00
      35428   1476.110     71.531     72.000    22.4439    22.4525   5.237069   5.239740     2.5185     2.1311      61.53   23.77082  -87.99968   -0.00213    0.01033     3.6771     3.7003    22.4111    22.4392    36.5141    36.5207    25.2521    25.2510    1534.43    160.174    161.182         30 0.0000e+00
      35537   1480.657     70.537     71.000    22.4164    22.4231   5.235203   5.234469     2.5684     2.1803      62.49   23.77083  -87.99968    0.00615    0.01047     3.7716     3.8086    22.4016    22.4088    36.5116    36.5011    25.2529    25.2429    1534.43    164.291    165.903         56 0.0000e+00
      35666   1486.032     68.551     69.000    22.5295    22.5090   5.238432   5.237097     2.6296     2.2266      64.36   23.73955  -87.88386    0.00657    0.00792     3.8873     3.9053    22.5155    22.4951    36.4238    36.4305    25.1484    25.1593    1532.41    169.344    170.125         56 0.0000e+00
      35846   1493.562     66.564     67.000    22.6230    22.5975   5.243462   5.241359     2.6861     2.2623      66.27   23.73625  -87.87163    0.00401    0.00671     3.9950     3.9794    22.6086    22.5839    36.3844    36.3953    25.0912    25.1070    1532.20    174.044    173.362         62 0.0000e+00
      36302   1512.541     64.577     65.000    22.9316    22.9773   5.280665   5.288339     2.7176     2.3013      68.23   23.74233  -87.89411    0.00159    0.00303     4.0347     4.0371    22.9244    22.9639    36.4169    36.4423    25.0257    25.0335    1532.59    175.785    175.890         62 0.0000e+00
      38320   1596.638     61.597     62.000    23.3234    23.3172   5.324032   5.323839     2.8922     2.4586      71.75   23.82029  -88.18263    0.01072    0.00930     4.3558     4.3633    23.3106    23.3043    36.4806    36.4843    24.9750    24.9796    1537.62    189.797    190.126         32 0.0000e+00
      38331   1597.103     60.604     61.000    23.3865    23.3958   5.323729   5.325694     2.9227     2.4880      72.45   23.77090  -87.99972    0.01124    0.00959     4.4105     4.4204    23.3738    23.3831    36.3960    36.4011    24.8837    24.8849    1534.43    192.189    192.621         37 0.0000e+00
      38426   1601.030     59.611     60.000    23.5473    23.5213   5.344729   5.338504     2.9342     2.4926      73.42   23.77090  -87.99972    0.00334    0.00202     4.4163     4.4183    23.5411    23.5088    36.4200    36.4140    24.8529    24.8577    1534.43    192.450    192.535         37 0.0000e+00
      38489   1603.660     57.624     58.000    23.5520    23.5246   5.332921   5.331201     2.9694     2.5193      74.98   23.70388  -87.75165    0.01046    0.00649     4.4894     4.4772    23.5398    23.5124    36.3102    36.3127    24.7598    24.7692    1530.10    195.639    195.107         50 0.0000e+00
      38711   1612.920     56.631     57.000    23.7604    23.7131   5.365788   5.361522     2.9898     2.5437      76.33   23.77088  -87.99972    0.00210    0.00345     4.5106     4.5156    23.7484    23.7012    36.4124    36.4180    24.7858    24.8041    1534.43    196.573    196.788         58 0.0000e+00
      38955   1623.100     54.644     55.000    24.0667    23.9590   5.404006   5.392294     2.9986     2.5482      78.48   23.79965  -88.10624    0.00244   -0.00246     4.5020     4.5049    24.0550    23.9474    36.4715    36.4698    24.7446    24.7761    1536.29    196.212    196.332         54 0.0000e+00
      38961   1623.320     52.657     53.000    24.1098    24.0775   5.396723   5.391600     3.0166     2.5664      79.82   23.69885  -87.73307    0.00210    0.00288     4.5303     4.5330    24.0985    24.0663    36.3176    36.3391    24.5969    24.6254    1529.78    197.450    197.568         39 0.0000e+00
      39188   1632.775     50.670     51.000    24.4196    24.3154   5.433736   5.424210     3.0251     2.5778      81.94   23.71875  -87.80668   -0.00162    0.00079     4.5199     4.5369    24.3976    24.3045    36.3576    36.3714    24.5408    24.5793    1531.06    197.012    197.745         59 0.0000e+00
      40839   1701.596     47.690     48.000    25.4002    25.4143   5.566407   5.569839     2.9688     2.5152      84.96   23.73928  -87.88259    0.00222    0.00177     4.3257     4.3135    25.3894    25.4037    36.5705    36.5846    24.4028    24.4090    1532.39    188.577    188.043         46 0.0000e+00
      41155   1714.730     44.710     45.000    25.6726    25.6275   5.589237   5.586269     3.0197     2.5510      87.85   23.73636  -87.87171    0.00587    0.00253     4.4012     4.3729    25.6626    25.6176    36.5189    36.5316    24.2784    24.3014    1532.20    191.893    190.654         42 0.0000e+00
      41160   1714.940     42.723     43.000    25.7687    25.6880   5.586880   5.579783     3.0245     2.5657      89.24   23.62977  -87.47713   -0.00136    0.00166     4.3984     4.3950    25.7591    25.6784    36.3552    36.3659    24.1035    24.1368    1525.32    191.781    191.630         39 0.0000e+00
      41542   1730.883     41.729     42.000    26.0441    26.0025   5.636482   5.631733     3.0347     2.5732      90.95   23.77094  -87.99976   -0.00129   -0.00110     4.3990     4.3920    26.0347    25.9931    36.5930    36.5913    24.2248    24.2367    1534.43    191.811    191.504         56 0.0000e+00
      41740   1739.125     39.740     40.000    26.1048    26.1221   5.632999   5.634551     3.0329     2.5712      92.54   23.69864  -87.73211    0.00020   -0.00070     4.3878     4.3753    26.0958    26.1131    36.4704    36.4680    24.0985    24.0912    1529.76    191.333    190.791         33 0.0000e+00
      43234   1801.357     38.749     39.000    26.5300    26.5250   5.677455   5.677197     3.1184     2.6488      93.97   23.77098  -87.99978    0.00383    0.00396     4.5190     4.5115    26.5212    26.5161    36.5059    36.5080    24.0055    24.0087    1534.43    197.088    196.761         33 0.0000e+00
      43381   1807.503     37.755     38.000    26.5846    26.5675   5.681614   5.680886     3.1275     2.6581      94.98   23.77098  -87.99978    0.00195    0.00191     4.5315     4.5271    26.5727    26.5589    36.4951    36.5005    23.9809    23.9895    1534.43    197.639    197.445         50 0.0000e+00
      43483   1811.744     36.762     37.000    26.7920    26.7928   5.699825   5.700426     3.1467     2.6743      95.92   23.77099  -87.99978    0.00524    0.00450     4.5510     4.5441    26.7821    26.7843    36.4626    36.4646    23.8897    23.8904    1534.43    198.507    198.206         59 0.0000e+00
      43795   1824.759     34.775     35.000    27.1943    27.1380   5.749591   5.744394     3.1794     2.6969      98.17   23.83200  -88.22561    0.00145    0.00215     4.5803     4.5665    27.1853    27.1299    36.5400    36.5532    23.8309    23.8593    1538.37    199.807    199.200         66 0.0000e+00
      43766   1823.539     32.788     33.000    27.3855    27.4404   5.756976   5.764567     3.1847     2.7083      99.54   23.72009  -87.81131    0.00342    0.00460     4.5701     4.5628    27.3804    27.4326    36.3712    36.3947    23.6179    23.6224    1531.14    199.384    199.067         31 0.0000e+00
      43827   1826.074     30.801     31.000    27.6501    27.6998   5.761430   5.776111     3.2046     2.7345      65.44   23.65322  -87.56376    0.00399    0.00537     4.5922     4.5919    27.6428    27.6925    36.2427    36.2164    23.4292    23.3846    1526.83    200.379    200.364         45 0.0000e+00
