Gulf of Mexico/GOMECC-4/1db/rb2103_0381.cnv
* Sea-Bird SBE 9 Data File:
* FileName = C:\Users\scs.user.rb\CTD\GOMECC4\data\rb2103_0381.hex
* Software Version Seasave V 7.26.7.107
* Temperature SN = 4799
* Conductivity SN = 3860
* Number of Bytes Per Scan = 41
* Number of Voltage Words = 4
* Number of Scans Averaged by the Deck Unit = 1
* NMEA Latitude = 27 35.06 N
* NMEA Longitude = 089 59.95 W
* NMEA UTC (Time) = Sep 25 2021  13:55:17
* NMEA baud rate = 4800
# nquan = 28
# nvalues = 729                         
# units = specified
# name 0 = scan: Scan Count
# name 1 = timeS: Time, Elapsed [seconds]
# name 2 = depSM: Depth [salt water, m]
# name 3 = prDM: Pressure, Digiquartz [db]
# name 4 = t090C: Temperature [ITS-90, deg C]
# name 5 = t190C: Temperature, 2 [ITS-90, deg C]
# name 6 = c0S/m: Conductivity [S/m]
# name 7 = c1S/m: Conductivity, 2 [S/m]
# name 8 = sbeox0V: Oxygen raw, SBE 43 [V]
# name 9 = sbeox1V: Oxygen raw, SBE 43, 2 [V]
# name 10 = altM: Altimeter [m]
# name 11 = latitude: Latitude [deg]
# name 12 = longitude: Longitude [deg]
# name 13 = sbox0dV/dT: Oxygen, SBE 43 [dov/dt]
# name 14 = sbox1dV/dT: Oxygen, SBE 43, 2 [dov/dt]
# name 15 = sbeox0ML/L: Oxygen, SBE 43 [ml/l], WS = 5
# name 16 = sbeox1ML/L: Oxygen, SBE 43, 2 [ml/l], WS = 5
# name 17 = potemp090C: Potential Temperature [ITS-90, deg C]
# name 18 = potemp190C: Potential Temperature, 2 [ITS-90, deg C]
# name 19 = sal00: Salinity, Practical [PSU]
# name 20 = sal11: Salinity, Practical, 2 [PSU]
# name 21 = sigma-é00: Density [sigma-theta, kg/m^3]
# name 22 = sigma-é11: Density, 2 [sigma-theta, kg/m^3]
# name 23 = avgsvCM: Average Sound Velocity [Chen-Millero, m/s], minP = 20, minS = 20
# name 24 = sbox0Mm/Kg: Oxygen, SBE 43 [umol/kg], WS = 5
# name 25 = sbox1Mm/Kg: Oxygen, SBE 43, 2 [umol/kg], WS = 5
# name 26 = nbin: number of scans per bin
# name 27 = flag: flag
# span 0 =      18314,     517440       
# span 1 =    763.024,  21558.815       
# span 2 =      3.974,   1233.068       
# span 3 =      4.000,   1245.000       
# span 4 =     4.5040,   803.6935       
# span 5 =     4.5041,   803.7078       
# span 6 =   3.352007, 165.024629       
# span 7 =   3.351944, 165.029541       
# span 8 =     1.6094,    78.5906       
# span 9 =     1.3138,    74.7833       
# span 10 =       9.82,    1122.31      
# span 11 =   27.41954,  778.18748      
# span 12 =-2538.87616,  -89.45764      
# span 13 =   -0.03401,    0.02718      
# span 14 =   -0.03407,    0.02519      
# span 15 =     2.5713,   109.7491      
# span 16 =     2.5950,   123.0076      
# span 17 =     4.4022,   803.6529      
# span 18 =     4.4023,   803.6672      
# span 19 =    34.8998,  1021.7318      
# span 20 =    34.8994,  1021.7550      
# span 21 =    23.0105,   653.0711      
# span 22 =    23.0109,   653.0841      
# span 23 =       0.00,    1562.54      
# span 24 =    111.854,   4790.488      
# span 25 =    112.882,   5369.228      
# span 26 =         30,         69      
# span 27 = 0.0000e+00, 0.0000e+00      
# interval = decibars: 1                
# start_time = Sep 25 2021 13:55:17 [NMEA time, header]
# bad_flag = -9.990e-29
*END*
[from data line 311]
      46585   1940.985    990.005    999.000     5.2090     5.2092   3.402986   3.402939     1.8293     1.5226      99.89   27.59012  -89.99902    0.00128    0.00138     3.8068     3.8573     5.1235     5.1237    34.9303    34.9295    27.6056    27.6049    1503.39    165.446    167.638         36 0.0000e+00
      46715   1946.411    994.949   1004.000     5.1976     5.1981   3.402311   3.402278     1.8337     1.5258      99.99   27.59095  -90.00164    0.00067    0.00052     3.8256     3.8728     5.1118     5.1122    34.9319    34.9311    27.6082    27.6075    1503.35    166.262    168.312         38 0.0000e+00
      46820   1950.793    998.903   1008.000     5.1807     5.1812   3.400899   3.400861     1.8356     1.5268     100.00   27.58989  -89.99814    0.00045    0.00020     3.8361     3.8805     5.0946     5.0951    34.9313    34.9305    27.6098    27.6090    1503.23    166.719    168.648         30 0.0000e+00
      47063   1960.929   1007.800   1017.000     5.1466     5.1469   3.398352   3.398308     1.8427     1.5340     100.00   27.59039  -89.99957    0.00066    0.00034     3.8686     3.9155     5.0599     5.0602    34.9330    34.9322    27.6152    27.6145    1503.12    168.129    170.168         35 0.0000e+00
      47169   1965.328   1011.754   1021.000     5.1126     5.1129   3.395492   3.395438     1.8437     1.5348     100.00   27.58988  -89.99783    0.00020    0.00017     3.8778     3.9242     5.0258     5.0261    34.9335    34.9326    27.6196    27.6188    1503.03    168.526    170.544         30 0.0000e+00
      47200   1966.628   1012.743   1022.000     5.1032     5.1036   3.394740   3.394706     1.8442     1.5356     100.00   27.59024  -89.99902    0.00018    0.00022     3.8810     3.9286     5.0164     5.0168    34.9342    34.9333    27.6212    27.6205    1503.04    168.668    170.736         30 0.0000e+00
      47303   1970.900   1016.696   1026.000     5.0857     5.0861   3.393358   3.393323     1.8488     1.5398     100.00   27.58974  -89.99732    0.00104    0.00102     3.9008     3.9486     4.9987     4.9991    34.9342    34.9334    27.6233    27.6226    1502.95    169.528    171.602         32 0.0000e+00
      47337   1972.336   1017.686   1027.000     5.0829     5.0830   3.393195   3.393122     1.8501     1.5408     100.00   27.59028  -89.99902    0.00108    0.00085     3.9059     3.9531     4.9958     4.9959    34.9350    34.9341    27.6243    27.6235    1502.96    169.749    171.798         33 0.0000e+00
      47434   1976.382   1021.639   1031.000     5.0620     5.0622   3.391330   3.391272     1.8529     1.5432      99.99   27.58836  -89.99269    0.00066    0.00067     3.9202     3.9665     4.9747     4.9749    34.9337    34.9330    27.6257    27.6250    1502.80    170.370    172.381         40 0.0000e+00
      47477   1978.185   1022.628   1032.000     5.0610     5.0616   3.391499   3.391478     1.8547     1.5452     100.00   27.59030  -89.99902    0.00089    0.00081     3.9268     3.9744     4.9736     4.9741    34.9357    34.9350    27.6274    27.6268    1502.89    170.655    172.726         34 0.0000e+00
      47571   1982.092   1026.582   1036.000     5.0462     5.0465   3.390271   3.390232     1.8569     1.5469     100.00   27.58928  -89.99564    0.00049    0.00042     3.9381     3.9845     4.9585     4.9589    34.9350    34.9342    27.6286    27.6279    1502.77    171.148    173.164         35 0.0000e+00
      47608   1983.609   1027.570   1037.000     5.0465     5.0468   3.390458   3.390408     1.8578     1.5478      92.84   27.59032  -89.99902    0.00051    0.00048     3.9418     3.9883     4.9588     4.9590    34.9364    34.9356    27.6296    27.6290    1502.82    171.308    173.330         31 0.0000e+00
      47795   1991.433   1034.489   1044.000     5.0279     5.0281   3.389072   3.389031     1.8610     1.5508     100.00   27.59058  -89.99974    0.00047    0.00039     3.9583     4.0048     4.9397     4.9399    34.9374    34.9365    27.6327    27.6320    1502.73    172.022    174.045         31 0.0000e+00
      47873   1994.662   1037.454   1047.000     5.0175     5.0177   3.388317   3.388265     1.8620     1.5511     100.00   27.59003  -89.99788    0.00027    0.00004     3.9646     4.0092     4.9290     4.9292    34.9370    34.9362    27.6336    27.6329    1502.65    172.296    174.234         30 0.0000e+00
      47904   1995.977   1038.443   1048.000     5.0173     5.0175   3.388383   3.388333     1.8624     1.5520     100.00   27.59038  -89.99902    0.00030    0.00027     3.9665     4.0128     4.9288     4.9290    34.9374    34.9367    27.6340    27.6334    1502.66    172.383    174.394         31 0.0000e+00
      48007   2000.256   1042.396   1052.000     5.0170     5.0171   3.388510   3.388454     1.8632     1.5530     100.00   27.59019  -89.99834    0.00022    0.00024     3.9714     4.0189     4.9281     4.9282    34.9373    34.9365    27.6339    27.6333    1502.59    172.594    174.660         30 0.0000e+00
      48038   2001.550   1043.385   1053.000     5.0164     5.0167   3.388539   3.388483     1.8634     1.5524     100.00   27.59040  -89.99902    0.00015   -0.00004     3.9729     4.0174     4.9274     4.9277    34.9377    34.9368    27.6343    27.6336    1502.59    172.657    174.591         31 0.0000e+00
      48178   2007.390   1048.327   1058.000     5.0139     5.0143   3.388667   3.388632     1.8632     1.5523      95.68   27.59178  -90.00341   -0.00004   -0.00008     3.9749     4.0194     4.9244     4.9249    34.9394    34.9386    27.6361    27.6354    1502.59    172.745    174.681         43 0.0000e+00
      48272   2011.305   1052.280   1062.000     4.9884     4.9891   3.386322   3.386303     1.8631     1.5520     100.00   27.58893  -89.99403   -0.00002    0.00002     3.9794     4.0234     4.8988     4.8995    34.9368    34.9358    27.6369    27.6361    1502.38    172.940    174.852         31 0.0000e+00
      48310   2012.878   1053.268   1063.000     4.9797     4.9804   3.385802   3.385806     1.8636     1.5529     100.00   27.59046  -89.99902    0.00005   -0.00000     3.9827     4.0282     4.8901     4.8908    34.9389    34.9381    27.6396    27.6389    1502.46    173.083    175.063         36 0.0000e+00
      48413   2017.181   1057.222   1067.000     4.9714     4.9719   3.385187   3.385149     1.8673     1.5573     100.00   27.59011  -89.99780    0.00091    0.00102     3.9988     4.0480     4.8815     4.8820    34.9389    34.9379    27.6406    27.6398    1502.38    173.784    175.923         31 0.0000e+00
      48520   2021.635   1061.175   1071.000     4.9568     4.9573   3.384140   3.384107     1.8698     1.5595     100.00   27.58978  -89.99668    0.00053    0.00046     4.0113     4.0604     4.8666     4.8671    34.9392    34.9382    27.6425    27.6417    1502.30    174.324    176.459         32 0.0000e+00
      48554   2023.027   1062.163   1072.000     4.9523     4.9529   3.383759   3.383738     1.8705     1.5604     100.00   27.59050  -89.99902    0.00058    0.00049     4.0143     4.0643     4.8621     4.8626    34.9400    34.9392    27.6437    27.6430    1502.33    174.454    176.631         31 0.0000e+00
      48654   2027.206   1066.117   1076.000     4.9451     4.9454   3.383224   3.383171     1.8729     1.5625      80.73   27.58964  -89.99615    0.00071    0.00063     4.0259     4.0755     4.8545     4.8549    34.9393    34.9383    27.6440    27.6432    1502.23    174.960    177.115         30 0.0000e+00
      48687   2028.595   1067.104   1077.000     4.9428     4.9431   3.383159   3.383108     1.8739     1.5628      89.95   27.59052  -89.99902    0.00068    0.00044     4.0300     4.0771     4.8522     4.8525    34.9404    34.9396    27.6452    27.6445    1502.27    175.137    177.184         33 0.0000e+00
      48791   2032.911   1071.057   1081.000     4.9226     4.9229   3.381545   3.381491     1.8754     1.5647      85.38   27.59018  -89.99785    0.00031    0.00051     4.0397     4.0890     4.8318     4.8321    34.9408    34.9399    27.6478    27.6471    1502.19    175.559    177.703         30 0.0000e+00
      49278   2053.221   1088.845   1099.000     4.8496     4.8498   3.375819   3.375795     1.8878     1.5752     100.00   27.58998  -89.99683    0.00039    0.00007     4.1011     4.1462     4.7577     4.7579    34.9427    34.9419    27.6578    27.6571    1501.95    178.224    180.187         40 0.0000e+00
      49413   2058.832   1093.786   1104.000     4.8282     4.8285   3.374375   3.374332     1.8886     1.5771     100.00   27.59120  -90.00075    0.00015    0.00040     4.1087     4.1589     4.7361     4.7364    34.9451    34.9443    27.6622    27.6615    1501.95    178.554    180.736         41 0.0000e+00
      49545   2064.320   1098.727   1109.000     4.8078     4.8082   3.372737   3.372695     1.8917     1.5795     100.00   27.59051  -89.99841    0.00046    0.00038     4.1246     4.1731     4.7154     4.7158    34.9450    34.9440    27.6644    27.6636    1501.85    179.245    181.353         31 0.0000e+00
      49576   2065.638   1099.715   1110.000     4.8031     4.8035   3.372390   3.372346     1.8922     1.5799     100.00   27.59068  -89.99898    0.00047    0.00032     4.1275     4.1759     4.7106     4.7110    34.9453    34.9444    27.6653    27.6645    1501.84    179.370    181.475         30 0.0000e+00
      49679   2069.932   1103.667   1114.000     4.7952     4.7954   3.371806   3.371753     1.8941     1.5812     100.00   27.59008  -89.99692    0.00042    0.00037     4.1373     4.1840     4.7024     4.7026    34.9448    34.9440    27.6658    27.6651    1501.76    179.797    181.828         32 0.0000e+00
      49712   2071.299   1104.655   1115.000     4.7944     4.7945   3.371848   3.371790     1.8949     1.5818     100.00   27.59072  -89.99898    0.00056    0.00028     4.1407     4.1869     4.7015     4.7016    34.9457    34.9449    27.6666    27.6659    1501.78    179.945    181.954         30 0.0000e+00
      49843   2076.741   1109.596   1120.000     4.7814     4.7815   3.370956   3.370895     1.8967     1.5834     100.00   27.59090  -89.99950    0.00021    0.00028     4.1512     4.1970     4.6882     4.6883    34.9464    34.9456    27.6686    27.6680    1501.73    180.402    182.393         32 0.0000e+00
      49973   2082.166   1114.536   1125.000     4.7573     4.7575   3.368969   3.368923     1.8993     1.5869     100.00   27.58993  -89.99627    0.00058    0.00083     4.1661     4.2160     4.6638     4.6640    34.9461    34.9453    27.6711    27.6705    1501.61    181.047    183.217         34 0.0000e+00
      50009   2083.677   1115.524   1126.000     4.7556     4.7557   3.368956   3.368901     1.9001     1.5877     100.00   27.59078  -89.99898    0.00065    0.00089     4.1695     4.2200     4.6620     4.6622    34.9473    34.9465    27.6723    27.6716    1501.64    181.197    183.388         33 0.0000e+00
      50106   2087.705   1119.476   1130.000     4.7490     4.7494   3.368398   3.368358     1.9019     1.5889      99.99   27.58911  -89.99345    0.00049    0.00031     4.1790     4.2274     4.6552     4.6556    34.9455    34.9446    27.6716    27.6708    1501.50    181.607    183.711         37 0.0000e+00
      50145   2089.338   1120.464   1131.000     4.7454     4.7457   3.368295   3.368235     1.9026     1.5895     100.00   27.59080  -89.99898    0.00045    0.00023     4.1821     4.2306     4.6515     4.6518    34.9477    34.9468    27.6738    27.6730    1501.59    181.743    183.851         31 0.0000e+00
      50243   2093.412   1124.416   1135.000     4.7360     4.7362   3.367676   3.367622     1.9046     1.5915     100.00   27.59103  -89.99966    0.00050    0.00049     4.1925     4.2416     4.6418     4.6420    34.9484    34.9476    27.6755    27.6748    1501.55    182.195    184.328         34 0.0000e+00
      50590   2107.876   1137.260   1148.000     4.7083     4.7086   3.365789   3.365743     1.9089     1.5954      88.36   27.59062  -89.99808    0.00046    0.00028     4.2182     4.2671     4.6131     4.6134    34.9491    34.9482    27.6792    27.6785    1501.37    183.312    185.437         30 0.0000e+00
      50750   2114.523   1143.188   1154.000     4.7027     4.7029   3.365543   3.365484     1.9109     1.5963     100.00   27.59041  -89.99727    0.00024    0.00003     4.2292     4.2746     4.6071     4.6072    34.9490    34.9482    27.6798    27.6791    1501.29    183.788    185.760         38 0.0000e+00
      50882   2120.030   1148.127   1159.000     4.6992     4.6994   3.365463   3.365399     1.9112     1.5970      97.52   27.59052  -89.99756    0.00005    0.00008     4.2334     4.2805     4.6031     4.6033    34.9493    34.9483    27.6805    27.6797    1501.24    183.970    186.019         34 0.0000e+00
      51100   2129.120   1156.030   1167.000     4.6822     4.6823   3.364359   3.364295     1.9130     1.5993      89.60   27.59091  -89.99872    0.00031    0.00052     4.2463     4.2956     4.5856     4.5856    34.9503    34.9495    27.6832    27.6826    1501.17    184.533    186.674         33 0.0000e+00
      51232   2134.638   1160.969   1172.000     4.6754     4.6758   3.363977   3.363936     1.9143     1.5998      84.45   27.59089  -89.99861    0.00022 6.5142e-07     4.2547     4.3013     4.5783     4.5787    34.9506    34.9497    27.6843    27.6835    1501.12    184.895    186.923         46 0.0000e+00
      51366   2140.195   1165.908   1177.000     4.6595     4.6597   3.362890   3.362828     1.9155     1.6016      79.47   27.59165  -90.00098    0.00021    0.00041     4.2636     4.3129     4.5621     4.5623    34.9521    34.9512    27.6873    27.6866    1501.11    185.281    187.426         36 0.0000e+00
      51470   2144.554   1169.860   1181.000     4.6558     4.6560   3.362665   3.362605     1.9170     1.6031      75.47   27.59092  -89.99857    0.00035    0.00038     4.2716     4.3215     4.5581     4.5583    34.9514    34.9504    27.6872    27.6864    1501.02    185.630    187.799         30 0.0000e+00
      51574   2148.854   1173.811   1185.000     4.6372     4.6371   3.361145   3.361054     1.9177     1.6032      71.56   27.59024  -89.99629    0.00016    0.00003     4.2784     4.3262     4.5393     4.5392    34.9512    34.9502    27.6891    27.6883    1500.95    185.924    188.004         35 0.0000e+00
      51623   2150.932   1174.798   1186.000     4.6322     4.6320   3.360828   3.360731     1.9188     1.6045      70.30   27.59105  -89.99892    0.00028    0.00036     4.2834     4.3324     4.5342     4.5340    34.9523    34.9514    27.6905    27.6898    1500.97    186.141    188.271         44 0.0000e+00
      51665   2152.683   1175.786   1187.000     4.6291     4.6293   3.360612   3.360559     1.9198     1.6057      69.53   27.59106  -89.99891    0.00057    0.00063     4.2879     4.3378     4.5311     4.5313    34.9525    34.9516    27.6911    27.6903    1500.97    186.337    188.506         31 0.0000e+00
      51712   2154.633   1176.774   1188.000     4.6281     4.6281   3.360565   3.360491     1.9210     1.6068      68.27   27.59106  -89.99890    0.00061    0.00062     4.2931     4.3428     4.5300     4.5300    34.9525    34.9516    27.6912    27.6905    1500.96    186.566    188.724         40 0.0000e+00
      51815   2158.918   1179.737   1191.000     4.6240     4.6241   3.360191   3.360126     1.9223     1.6079      65.40   27.58950  -89.99376    0.00026    0.00027     4.3001     4.3496     4.5256     4.5258    34.9509    34.9499    27.6904    27.6896    1500.84    186.867    189.019         33 0.0000e+00
      51861   2160.818   1180.725   1192.000     4.6219     4.6221   3.360217   3.360162     1.9229     1.6081      64.25   27.59109  -89.99890    0.00024    0.00016     4.3026     4.3510     4.5235     4.5237    34.9529    34.9520    27.6922    27.6915    1500.92    186.979    189.079         48 0.0000e+00
