Gulf of Mexico/GOMECC-4/1db/rb2103_0291.ros
* Sea-Bird SBE 9 Data File:
* FileName = C:\Users\scs.user.rb\CTD\GOMECC4\data\rb2103_0291.hex
* Software Version Seasave V 7.26.7.107
* Temperature SN = 4799
* Conductivity SN = 3860
* Number of Bytes Per Scan = 41
* Number of Voltage Words = 4
* Number of Scans Averaged by the Deck Unit = 1
* NMEA Latitude = 27 29.98 N
* NMEA Longitude = 086 48.58 W
* NMEA UTC (Time) = Sep 22 2021  01:30:43
* NMEA baud rate = 4800
# nquan = 17
# nvalues = 3192                                  
# units = specified
# name 0 = scan: Scan Count
# name 1 = timeS: Time, Elapsed [seconds]
# name 2 = depSM: Depth [salt water, m]
# name 3 = prDM: Pressure, Digiquartz [db]
# name 4 = t090C: Temperature [ITS-90, deg C]
# name 5 = t190C: Temperature, 2 [ITS-90, deg C]
# name 6 = c0S/m: Conductivity [S/m]
# name 7 = c1S/m: Conductivity, 2 [S/m]
# name 8 = sbeox0V: Oxygen raw, SBE 43 [V]
# name 9 = sbeox1V: Oxygen raw, SBE 43, 2 [V]
# name 10 = altM: Altimeter [m]
# name 11 = latitude: Latitude [deg]
# name 12 = longitude: Longitude [deg]
# name 13 = sbox0dV/dT: Oxygen, SBE 43 [dov/dt]
# name 14 = sbox1dV/dT: Oxygen, SBE 43, 2 [dov/dt]
# name 15 = nbf: Bottles Fired
# name 16 = flag:  0.000e+00
# interval = seconds: 0.0416667
# start_time = Sep 22 2021 01:30:43 [NMEA time, header]
# bad_flag = -9.990e-29
*END*
[from data line 596]
     133241   5551.667   2174.034   2199.999     4.2936     4.2944   3.373837   3.373783     1.8510     1.5360     100.00   27.49508  -86.81538    0.00003    0.00006          5  0.000e+00
     133242   5551.708   2174.027   2199.991     4.2935     4.2942   3.373830   3.373770     1.8510     1.5372     100.00   27.49508  -86.81538    0.00003    0.00006          5  0.000e+00
     133243   5551.750   2174.097   2200.063     4.2934     4.2944   3.373830   3.373783     1.8510     1.5372     100.00   27.49508  -86.81538    0.00003    0.00005          5  0.000e+00
     133244   5551.792   2174.027   2199.992     4.2934     4.2942   3.373849   3.373796     1.8498     1.5360     100.00   27.49506  -86.81538    0.00002    0.00002          5  0.000e+00
     133245   5551.833   2174.035   2199.999     4.2937     4.2944   3.373881   3.373744     1.8498     1.5360     100.00   27.49506  -86.81538    0.00000   -0.00000          5  0.000e+00
     133246   5551.875   2174.027   2199.992     4.2934     4.2944   3.373868   3.373776     1.8510     1.5360     100.00   27.49506  -86.81538    0.00000   -0.00001          5  0.000e+00
     133247   5551.917   2174.035   2200.000     4.2937     4.2944   3.373862   3.373770     1.8498     1.5360     100.00   27.49506  -86.81538   -0.00001   -0.00004          5  0.000e+00
     133248   5551.958   2174.089   2200.055     4.2937     4.2944   3.373881   3.373783     1.8498     1.5372     100.00   27.49506  -86.81538   -0.00002   -0.00003          5  0.000e+00
     133249   5552.000   2174.027   2199.992     4.2936     4.2944   3.373875   3.373770     1.8510     1.5360     100.00   27.49506  -86.81538   -0.00002   -0.00005          5  0.000e+00
     133250   5552.042   2174.097   2200.063     4.2934     4.2942   3.373837   3.373764     1.8498     1.5372     100.00   27.49506  -86.81538   -0.00003   -0.00004          5  0.000e+00
     133251   5552.083   2174.027   2199.992     4.2936     4.2942   3.373830   3.373783     1.8498     1.5360     100.00   27.49506  -86.81538   -0.00005   -0.00005          5  0.000e+00
     133252   5552.125   2174.097   2200.063     4.2936     4.2944   3.373849   3.373770     1.8510     1.5360     100.00   27.49506  -86.81538   -0.00004   -0.00007          5  0.000e+00
     133253   5552.167   2174.027   2199.992     4.2934     4.2942   3.373837   3.373783     1.8510     1.5372     100.00   27.49506  -86.81538   -0.00004   -0.00008          5  0.000e+00
     133254   5552.208   2174.097   2200.063     4.2936     4.2944   3.373849   3.373770     1.8510     1.5360     100.00   27.49506  -86.81538   -0.00004   -0.00009          5  0.000e+00
     133255   5552.250   2174.089   2200.055     4.2937     4.2942   3.373862   3.373783     1.8510     1.5360     100.00   27.49506  -86.81538   -0.00003   -0.00011          5  0.000e+00
     133256   5552.292   2174.097   2200.063     4.2934     4.2944   3.373881   3.373796     1.8523     1.5372     100.00   27.49506  -86.81538   -0.00001   -0.00010          5  0.000e+00
     133257   5552.333   2174.090   2200.055     4.2936     4.2944   3.373868   3.373770     1.8510     1.5360     100.00   27.49506  -86.81538   -0.00001   -0.00013          5  0.000e+00
     133258   5552.375   2174.027   2199.992     4.2937     4.2944   3.373837   3.373783     1.8510     1.5360     100.00   27.49506  -86.81538   -0.00000   -0.00015          5  0.000e+00
     133259   5552.417   2174.035   2200.000     4.2936     4.2944   3.373849   3.373744     1.8510     1.5372     100.00   27.49506  -86.81538    0.00000   -0.00014          5  0.000e+00
     133260   5552.458   2174.152   2200.119     4.2936     4.2944   3.373837   3.373751     1.8510     1.5360     100.00   27.49506  -86.81538    0.00001   -0.00017          5  0.000e+00
     133261   5552.500   2174.035   2200.000     4.2934     4.2944   3.373849   3.373783     1.8510     1.5372     100.00   27.49506  -86.81538    0.00001   -0.00016          5  0.000e+00
     133262   5552.542   2174.090   2200.056     4.2934     4.2945   3.373837   3.373744     1.8510     1.5372     100.00   27.49506  -86.81538    0.00001   -0.00015          5  0.000e+00
     133263   5552.583   2174.098   2200.064     4.2934     4.2946   3.373849   3.373802     1.8510     1.5372     100.00   27.49506  -86.81538    0.00002   -0.00016          5  0.000e+00
     133264   5552.625   2174.090   2200.056     4.2937     4.2944   3.373837   3.373776     1.8510     1.5360     100.00   27.49506  -86.81538    0.00000   -0.00016          5  0.000e+00
     133265   5552.667   2174.036   2200.000     4.2936     4.2944   3.373868   3.373764     1.8510     1.5372     100.00   27.49506  -86.81538   -0.00001   -0.00015          5  0.000e+00
     133266   5552.708   2174.090   2200.056     4.2935     4.2944   3.373843   3.373783     1.8510     1.5360     100.00   27.49506  -86.81538   -0.00001   -0.00016          5  0.000e+00
     133267   5552.750   2174.090   2200.056     4.2936     4.2942   3.373849   3.373770     1.8510     1.5360     100.00   27.49506  -86.81538   -0.00000   -0.00017          5  0.000e+00
     133268   5552.792   2174.036   2200.001     4.2937     4.2944   3.373862   3.373764     1.8510     1.5372     100.00   27.49508  -86.81538 -8.792e-07   -0.00016          5  0.000e+00
     133269   5552.833   2174.090   2200.056     4.2937     4.2944   3.373843   3.373783     1.8510     1.5372     100.00   27.49508  -86.81538    0.00000   -0.00015          5  0.000e+00
     133270   5552.875   2174.036   2200.001     4.2939     4.2944   3.373856   3.373770     1.8510     1.5360     100.00   27.49508  -86.81538    0.00001   -0.00017          5  0.000e+00
     133271   5552.917   2174.090   2200.056     4.2935     4.2946   3.373881   3.373764     1.8510     1.5360     100.00   27.49508  -86.81538   -0.00001   -0.00018          5  0.000e+00
     133272   5552.958   2174.098   2200.064     4.2937     4.2944   3.373887   3.373764     1.8510     1.5360     100.00   27.49508  -86.81538   -0.00001   -0.00018          5  0.000e+00
     133273   5553.000   2174.028   2199.993     4.2934     4.2945   3.373843   3.373808     1.8510     1.5360     100.00   27.49508  -86.81538   -0.00000   -0.00019          5  0.000e+00
     133274   5553.042   2174.028   2199.993     4.2939     4.2946   3.373849   3.373776     1.8498     1.5360     100.00   27.49508  -86.81538   -0.00004   -0.00019          5  0.000e+00
     133275   5553.083   2174.036   2200.001     4.2937     4.2944   3.373862   3.373783     1.8498     1.5360     100.00   27.49508  -86.81538   -0.00005   -0.00020          5  0.000e+00
     133276   5553.125   2174.090   2200.056     4.2937     4.2944   3.373837   3.373744     1.8498     1.5360     100.00   27.49508  -86.81538   -0.00006   -0.00020          5  0.000e+00
     133277   5553.167   2173.974   2199.938     4.2934     4.2945   3.373849   3.373751     1.8510     1.5372     100.00   27.49508  -86.81538   -0.00006   -0.00019          5  0.000e+00
     133278   5553.208   2174.028   2199.993     4.2937     4.2944   3.373862   3.373783     1.8523     1.5360     100.00   27.49508  -86.81538   -0.00004   -0.00020          5  0.000e+00
     133279   5553.250   2174.098   2200.064     4.2937     4.2944   3.373862   3.373796     1.8523     1.5360     100.00   27.49508  -86.81538   -0.00002   -0.00020          5  0.000e+00
     133280   5553.292   2174.028   2199.993     4.2937     4.2944   3.373862   3.373770     1.8510     1.5372     100.00   27.49508  -86.81538   -0.00002   -0.00019          5  0.000e+00
     133281   5553.333   2173.974   2199.938     4.2937     4.2944   3.373862   3.373783     1.8510     1.5360      98.49   27.49508  -86.81538   -0.00001   -0.00019          5  0.000e+00
     133282   5553.375   2174.029   2199.993     4.2937     4.2946   3.373862   3.373796     1.8510     1.5360      93.19   27.49508  -86.81538   -0.00001   -0.00019          5  0.000e+00
     133283   5553.417   2173.974   2199.938     4.2936     4.2944   3.373837   3.373770     1.8510     1.5360      91.06   27.49508  -86.81538   -0.00001   -0.00020          5  0.000e+00
     133284   5553.458   2174.036   2200.001     4.2937     4.2944   3.373830   3.373783     1.8510     1.5360      91.01   27.49508  -86.81538   -0.00001   -0.00020          5  0.000e+00
     133285   5553.500   2173.974   2199.938     4.2937     4.2945   3.373849   3.373770     1.8510     1.5360      91.28   27.49508  -86.81538   -0.00000   -0.00020          5  0.000e+00
     133286   5553.542   2174.037   2200.001     4.2937     4.2944   3.373837   3.373764     1.8510     1.5360      91.38   27.49508  -86.81538   -0.00002   -0.00020          5  0.000e+00
     133287   5553.583   2173.974   2199.938     4.2937     4.2944   3.373849   3.373783     1.8498     1.5360      91.38   27.49508  -86.81538   -0.00003   -0.00022          5  0.000e+00
     133288   5553.625   2173.975   2199.938     4.2936     4.2944   3.373862   3.373796     1.8510     1.5360      91.36   27.49508  -86.81538   -0.00003   -0.00022          5  0.000e+00
     133289   5553.667   2173.975   2199.938     4.2936     4.2944   3.373843   3.373744     1.8510     1.5360      91.36   27.49508  -86.81538   -0.00003   -0.00024          5  0.000e+00
     133290   5553.708   2173.975   2199.938     4.2935     4.2944   3.373830   3.373776     1.8510     1.5372      91.36   27.49508  -86.81538   -0.00002   -0.00023          5  0.000e+00
     133291   5553.750   2173.913   2199.875     4.2939     4.2947   3.373849   3.373796     1.8510     1.5360      91.36   27.49508  -86.81538   -0.00002   -0.00023          5  0.000e+00
     133292   5553.792   2173.975   2199.939     4.2935     4.2944   3.373837   3.373770     1.8510     1.5372      91.36   27.49506  -86.81538   -0.00002   -0.00021          5  0.000e+00
     133293   5553.833   2173.975   2199.939     4.2939     4.2945   3.373849   3.373764     1.8510     1.5360      91.36   27.49506  -86.81538   -0.00002   -0.00021          5  0.000e+00
     133294   5553.875   2173.913   2199.875     4.2936     4.2942   3.373837   3.373764     1.8510     1.5360      91.36   27.49506  -86.81538   -0.00001   -0.00021          5  0.000e+00
     133295   5553.917   2173.920   2199.883     4.2937     4.2946   3.373849   3.373764     1.8510     1.5372      91.36   27.49506  -86.81538   -0.00001   -0.00020          5  0.000e+00
     133296   5553.958   2173.975   2199.939     4.2936     4.2944   3.373862   3.373783     1.8510     1.5372      91.36   27.49506  -86.81538   -0.00001   -0.00018          5  0.000e+00
     133297   5554.000   2173.921   2199.883     4.2937     4.2942   3.373862   3.373744     1.8510     1.5360      91.36   27.49506  -86.81538   -0.00002   -0.00020          5  0.000e+00
     133298   5554.042   2173.913   2199.876     4.2937     4.2944   3.373837   3.373732     1.8510     1.5372      91.36   27.49506  -86.81538   -0.00002   -0.00018          5  0.000e+00
     133299   5554.083   2173.851   2199.812     4.2939     4.2947   3.373830   3.373751     1.8510     1.5360      91.36   27.49506  -86.81538   -0.00002   -0.00020          5  0.000e+00
     133300   5554.125   2173.975   2199.939     4.2934     4.2944   3.373830   3.373764     1.8510     1.5360      91.36   27.49506  -86.81538   -0.00001   -0.00020          5  0.000e+00
     133301   5554.167   2173.851   2199.813     4.2936     4.2944   3.373868   3.373764     1.8510     1.5360      91.36   27.49506  -86.81538   -0.00001   -0.00020          5  0.000e+00
     133302   5554.208   2173.921   2199.884     4.2936     4.2944   3.373868   3.373764     1.8510     1.5360      91.36   27.49506  -86.81538    0.00001   -0.00020          5  0.000e+00
     133303   5554.250   2173.851   2199.813     4.2937     4.2942   3.373837   3.373783     1.8510     1.5360      91.36   27.49506  -86.81538    0.00001   -0.00020          5  0.000e+00
     133304   5554.292   2173.921   2199.884     4.2936     4.2945   3.373849   3.373770     1.8510     1.5372      91.36   27.49506  -86.81538    0.00001   -0.00018          5  0.000e+00
     133305   5554.333   2173.851   2199.813     4.2937     4.2946   3.373862   3.373764     1.8510     1.5360      92.99   27.49506  -86.81538    0.00002   -0.00019          5  0.000e+00
     133306   5554.375   2173.859   2199.821     4.2939     4.2944   3.373862   3.373783     1.8523     1.5372      98.27   27.49506  -86.81538    0.00004   -0.00017          5  0.000e+00
     133307   5554.417   2173.913   2199.876     4.2939     4.2944   3.373837   3.373770     1.8510     1.5360     100.00   27.49506  -86.81538    0.00004   -0.00017          5  0.000e+00
     133308   5554.458   2173.851   2199.813     4.2939     4.2942   3.373849   3.373764     1.8510     1.5360     100.00   27.49506  -86.81538    0.00004   -0.00017          5  0.000e+00
     133309   5554.500   2173.859   2199.821     4.2937     4.2947   3.373843   3.373738     1.8510     1.5360     100.00   27.49506  -86.81538    0.00004   -0.00019          5  0.000e+00
     140423   5850.917   1978.129   2000.822     4.2846     4.2853   3.365013   3.364948     1.8791     1.5629     100.00   27.49508  -86.81544    0.00010    0.00004          6  0.000e+00
     140424   5850.958   1978.215   2000.908     4.2846     4.2853   3.365026   3.364948     1.8791     1.5629     100.00   27.49508  -86.81544    0.00009    0.00003          6  0.000e+00
     140425   5851.000   1978.191   2000.885     4.2846     4.2850   3.364975   3.364973     1.8791     1.5641     100.00   27.49508  -86.81544    0.00009    0.00005          6  0.000e+00
     140426   5851.042   1978.130   2000.822     4.2846     4.2852   3.365013   3.364928     1.8791     1.5629     100.00   27.49508  -86.81544    0.00008    0.00004          6  0.000e+00
     140427   5851.083   1978.215   2000.908     4.2841     4.2851   3.365013   3.364941     1.8791     1.5629     100.00   27.49508  -86.81544    0.00008    0.00004          6  0.000e+00
     140428   5851.125   1978.130   2000.822     4.2845     4.2853   3.365026   3.364948     1.8791     1.5629     100.00   27.49508  -86.81544    0.00008    0.00003          6  0.000e+00
     140429   5851.167   1978.192   2000.885     4.2846     4.2851   3.364994   3.364922     1.8791     1.5629     100.00   27.49508  -86.81544    0.00005    0.00003          6  0.000e+00
     140430   5851.208   1978.161   2000.853     4.2845     4.2850   3.365007   3.364941     1.8791     1.5629     100.00   27.49508  -86.81544    0.00005    0.00003          6  0.000e+00
     140431   5851.250   1978.192   2000.885     4.2844     4.2852   3.365032   3.364922     1.8803     1.5629     100.00   27.49508  -86.81544    0.00006    0.00002          6  0.000e+00
     140432   5851.292   1978.192   2000.885     4.2846     4.2851   3.365013   3.364935     1.8791     1.5629     100.00   27.49508  -86.81544    0.00006    0.00002          6  0.000e+00
     140433   5851.333   1978.161   2000.853     4.2843     4.2852   3.365007   3.364948     1.8803     1.5641     100.00   27.49508  -86.81544    0.00007    0.00003          6  0.000e+00
     140434   5851.375   1978.192   2000.885     4.2844     4.2853   3.365026   3.364948     1.8791     1.5629     100.00   27.49508  -86.81544    0.00006    0.00003          6  0.000e+00
     140435   5851.417   1978.130   2000.822     4.2846     4.2852   3.365038   3.364928     1.8803     1.5641     100.00   27.49508  -86.81544    0.00008    0.00006          6  0.000e+00
     140436   5851.458   1978.215   2000.909     4.2844     4.2852   3.365020   3.364916     1.8803     1.5641     100.00   27.49508  -86.81544    0.00009    0.00007          6  0.000e+00
     140437   5851.500   1978.192   2000.885     4.2844     4.2853   3.364988   3.364954     1.8803     1.5629     100.00   27.49508  -86.81544    0.00010    0.00007          6  0.000e+00
