Gulf of Mexico/GOMECC-4/1db/rb2103_1211.cnv
* Sea-Bird SBE 9 Data File:
* FileName = C:\Users\scs.user.rb\CTD\GOMECC4\data\rb2103_1211.hex
* Software Version Seasave V 7.26.7.107
* Temperature SN = 4799
* Conductivity SN = 3860
* Number of Bytes Per Scan = 41
* Number of Voltage Words = 4
* Number of Scans Averaged by the Deck Unit = 1
* NMEA Latitude = 24 24.00 N
* NMEA Longitude = 080 37.48 W
* NMEA UTC (Time) = Oct 17 2021  18:24:48
* NMEA baud rate = 4800
# nquan = 28
# nvalues = 430                         
# units = specified
# name 0 = scan: Scan Count
# name 1 = timeS: Time, Elapsed [seconds]
# name 2 = depSM: Depth [salt water, m]
# name 3 = prDM: Pressure, Digiquartz [db]
# name 4 = t090C: Temperature [ITS-90, deg C]
# name 5 = t190C: Temperature, 2 [ITS-90, deg C]
# name 6 = c0S/m: Conductivity [S/m]
# name 7 = c1S/m: Conductivity, 2 [S/m]
# name 8 = sbeox0V: Oxygen raw, SBE 43 [V]
# name 9 = sbeox1V: Oxygen raw, SBE 43, 2 [V]
# name 10 = altM: Altimeter [m]
# name 11 = latitude: Latitude [deg]
# name 12 = longitude: Longitude [deg]
# name 13 = sbox0dV/dT: Oxygen, SBE 43 [dov/dt]
# name 14 = sbox1dV/dT: Oxygen, SBE 43, 2 [dov/dt]
# name 15 = sbeox0ML/L: Oxygen, SBE 43 [ml/l], WS = 5
# name 16 = sbeox1ML/L: Oxygen, SBE 43, 2 [ml/l], WS = 5
# name 17 = potemp090C: Potential Temperature [ITS-90, deg C]
# name 18 = potemp190C: Potential Temperature, 2 [ITS-90, deg C]
# name 19 = sal00: Salinity, Practical [PSU]
# name 20 = sal11: Salinity, Practical, 2 [PSU]
# name 21 = sigma-é00: Density [sigma-theta, kg/m^3]
# name 22 = sigma-é11: Density, 2 [sigma-theta, kg/m^3]
# name 23 = avgsvCM: Average Sound Velocity [Chen-Millero, m/s], minP = 20, minS = 20
# name 24 = sbox0Mm/Kg: Oxygen, SBE 43 [umol/kg], WS = 5
# name 25 = sbox1Mm/Kg: Oxygen, SBE 43, 2 [umol/kg], WS = 5
# name 26 = nbin: number of scans per bin
# name 27 = flag: flag
# span 0 =      22597,      77438       
# span 1 =    941.498,   3226.540       
# span 2 =      0.994,    357.389       
# span 3 =      1.000,    360.000       
# span 4 =    12.4506,    29.1284       
# span 5 =    12.4499,    29.1803       
# span 6 =   4.118519,   5.928156       
# span 7 =   4.118575,   5.928503       
# span 8 =     1.7887,     3.2070       
# span 9 =     1.4720,     2.7179       
# span 10 =      13.17,     104.51      
# span 11 =   22.55827,   24.51490      
# span 12 =  -80.93901,  -74.46373      
# span 13 =   -0.02051,    0.01349      
# span 14 =   -0.01967,    0.01388      
# span 15 =     2.7984,     4.5442      
# span 16 =     2.8119,     4.5240      
# span 17 =    12.4019,    29.1282      
# span 18 =    12.4012,    29.1800      
# span 19 =    33.4673,    36.9578      
# span 20 =    33.4690,    36.9597      
# span 21 =    21.2116,    26.9575      
# span 22 =    21.2077,    26.9576      
# span 23 =       0.00,    1548.02      
# span 24 =    121.695,    198.342      
# span 25 =    122.286,    197.464      
# span 26 =         30,         79      
# span 27 = 0.0000e+00, 0.0000e+00      
# interval = decibars: 1                
# start_time = Oct 17 2021 18:24:48 [NMEA time, header]
# bad_flag = -9.990e-29
*END*
[from data line 104]
      27198   1133.193    109.268    110.000    25.0719    25.0780   5.560096   5.561037     2.6647     2.2401     100.00   24.40368  -80.61740   -0.00601   -0.00600     3.7889     3.7773    25.0475    25.0541    36.7904    36.7921    24.6805    24.6798    1543.80    165.136    164.629         33 0.0000e+00
      27231   1134.592    110.261    111.000    24.9559    24.9643   5.548415   5.549569     2.6498     2.2273     100.00   24.40368  -80.61739   -0.01047   -0.01032     3.7676     3.7562    24.9317    24.9401    36.7971    36.7988    24.7210    24.7198    1543.75    164.202    163.703         34 0.0000e+00
      27267   1136.071    111.254    112.000    24.6648    24.6765   5.516181   5.517713     2.6362     2.2138     100.00   24.40368  -80.61738   -0.01167   -0.01112     3.7616     3.7460    24.6406    24.6523    36.7929    36.7948    24.8065    24.8044    1543.69    163.925    163.247         35 0.0000e+00
      27300   1137.453    112.247    113.000    24.5642    24.5672   5.506304   5.506922     2.6320     2.2131     100.00   24.40370  -80.61736   -0.00816   -0.00789     3.7606     3.7518    24.5399    24.5429    36.8006    36.8028    24.8429    24.8436    1543.64    163.878    163.493         32 0.0000e+00
      27331   1138.757    113.240    114.000    24.5382    24.5391   5.503770   5.504198     2.6283     2.2102     100.00   24.40370  -80.61735   -0.00454   -0.00298     3.7554     3.7477    24.5136    24.5145    36.8025    36.8050    24.8523    24.8539    1543.58    163.648    163.313         32 0.0000e+00
      27364   1140.135    114.233    115.000    24.4875    24.4951   5.498306   5.499294     2.6223     2.2091     100.00   24.40372  -80.61734   -0.00315   -0.00130     3.7477     3.7486    24.4628    24.4703    36.8025    36.8038    24.8677    24.8664    1543.52    163.310    163.349         34 0.0000e+00
      27401   1141.661    115.227    116.000    24.3879    24.3904   5.494736   5.495054     2.6127     2.1986      99.94   24.40372  -80.61732   -0.00437   -0.00224     3.7349     3.7319    24.3630    24.3655    36.8572    36.8575    24.9392    24.9387    1543.46    162.741    162.611         38 0.0000e+00
      27437   1143.179    116.219    117.000    24.3317    24.3350   5.493570   5.494075     2.5890     2.1752     100.00   24.40372  -80.61730   -0.00861   -0.00823     3.6916     3.6841    24.3066    24.3099    36.8943    36.8954    24.9843    24.9842    1543.41    160.847    160.520         35 0.0000e+00
      27470   1144.524    117.213    118.000    24.2777    24.2807   5.490022   5.490600     2.5702     2.1586     100.00   24.40374  -80.61729   -0.01378   -0.01389     3.6582     3.6513    24.2525    24.2555    36.9116    36.9136    25.0138    25.0143    1543.35    159.387    159.090         30 0.0000e+00
      27500   1145.812    118.206    119.000    24.2167    24.2197   5.484930   5.485401     2.5566     2.1491     100.00   24.40374  -80.61728   -0.01418   -0.01263     3.6352     3.6340    24.1907    24.1953    36.9236    36.9254    25.0414    25.0421    1543.30    158.382    158.331         32 0.0000e+00
      27534   1147.208    119.198    120.000    24.1404    24.1442   5.478740   5.479367     2.5444     2.1366      70.46   24.40374  -80.61726   -0.01090   -0.00895     3.6166     3.6121    24.1149    24.1186    36.9389    36.9406    25.0757    25.0759    1543.24    157.567    157.371         35 0.0000e+00
      27569   1148.685    120.192    121.000    24.0657    24.0693   5.471343   5.472002     2.5312     2.1231      96.77   24.40376  -80.61724   -0.00920   -0.00862     3.5956     3.5875    24.0400    24.0436    36.9442    36.9462    25.1022    25.1026    1543.18    156.649    156.296         36 0.0000e+00
      27604   1150.116    121.185    122.000    23.9584    23.9628   5.458814   5.459541     2.5241     2.1195      99.98   24.40376  -80.61724   -0.00792   -0.00770     3.5894     3.5867    23.9325    23.9369    36.9390    36.9408    25.1303    25.1303    1543.12    156.372    156.256         33 0.0000e+00
      27636   1151.470    122.178    123.000    23.8186    23.8251   5.441847   5.442942     2.5198     2.1185     100.00   24.40378  -80.61722   -0.00546   -0.00362     3.5908     3.5939    23.7927    23.7992    36.9236    36.9266    25.1603    25.1606    1543.06    156.427    156.565         32 0.0000e+00
      27668   1152.803    123.170    124.000    23.7597    23.7607   5.434425   5.434823     2.5176     2.1152     100.00   24.40378  -80.61721   -0.00312   -0.00118     3.5909     3.5912    23.7336    23.7345    36.9155    36.9177    25.1717    25.1731    1543.00    156.430    156.445         32 0.0000e+00
      27701   1154.187    124.164    125.000    23.7222    23.7280   5.429812   5.430669     2.5148     2.1108     100.00   24.40380  -80.61718   -0.00212   -0.00243     3.5888     3.5844    23.6959    23.7017    36.9112    36.9138    25.1796    25.1798    1542.94    156.337    156.145         35 0.0000e+00
      27737   1155.670    125.157    126.000    23.6865    23.6875   5.426029   5.426383     2.5128     2.1097     100.00   24.40380  -80.61717   -0.00186   -0.00235     3.5872     3.5848    23.6600    23.6610    36.9114    36.9133    25.1904    25.1915    1542.88    156.266    156.161         36 0.0000e+00
      27772   1157.120    126.150    127.000    23.6783    23.6793   5.425603   5.425905     2.5123     2.1095     100.00   24.40380  -80.61716   -0.00119   -0.00094     3.5872     3.5852    23.6516    23.6526    36.9146    36.9161    25.1953    25.1962    1542.82    156.265    156.179         33 0.0000e+00
      27804   1158.462    127.143    128.000    23.6431    23.6497   5.423910   5.424452     2.5095     2.1089     100.00   24.40382  -80.61714   -0.00082   -0.00027     3.5840     3.5865    23.6163    23.6228    36.9219    36.9220    25.2113    25.2094    1542.76    156.127    156.233         32 0.0000e+00
      27838   1159.893    128.136    129.000    23.5974    23.5960   5.419669   5.419715     2.5046     2.1044     100.00   24.40382  -80.61713   -0.00204   -0.00094     3.5776     3.5795    23.5703    23.5689    36.9358    36.9374    25.2354    25.2370    1542.70    155.841    155.924         36 0.0000e+00
      27873   1161.348    129.129    130.000    23.6008    23.6020   5.422947   5.423311     2.4975     2.0970     100.00   24.40384  -80.61711   -0.00354   -0.00319     3.5630     3.5628    23.5736    23.5747    36.9578    36.9597    25.2512    25.2522    1542.64    155.204    155.194         33 0.0000e+00
      27906   1162.688    130.122    131.000    23.4760    23.4965   5.410846   5.412874     2.4857     2.0843     100.00   24.40384  -80.61710   -0.00527   -0.00552     3.5438     3.5384    23.4448    23.4695    36.9546    36.9566    25.2867    25.2818    1542.59    154.361    154.128         32 0.0000e+00
      27938   1164.041    131.115    132.000    23.2594    23.2676   5.385565   5.386713     2.4621     2.0631     100.00   24.40384  -80.61708   -0.00960   -0.00955     3.5153     3.5092    23.2320    23.2402    36.9547    36.9567    25.3492    25.3483    1542.53    153.114    152.846         33 0.0000e+00
      27972   1165.474    132.108    133.000    23.1482    23.1508   5.373516   5.374117     2.4378     2.0395      80.77   24.40386  -80.61707   -0.01571   -0.01493     3.4739     3.4643    23.1206    23.1232    36.9545    36.9569    25.3816    25.3828    1542.47    151.305    150.886         36 0.0000e+00
      28008   1166.945    133.101    134.000    23.0601    23.0648   5.363867   5.364661     2.4241     2.0261      99.83   24.40388  -80.61706   -0.01538   -0.01443     3.4523     3.4401    23.0325    23.0372    36.9533    36.9555    25.4064    25.4068    1542.41    150.361    149.829         35 0.0000e+00
      28042   1168.384    134.094    135.000    22.9670    22.9703   5.353601   5.354232     2.4156     2.0178     100.00   24.40388  -80.61705   -0.00964   -0.00951     3.4415     3.4275    22.9392    22.9425    36.9515    36.9537    25.4322    25.4329    1542.34    149.885    149.276         34 0.0000e+00
      28076   1169.792    135.086    136.000    22.8602    22.8655   5.341589   5.342442     2.4076     2.0144     100.00   24.40388  -80.61703   -0.00638   -0.00556     3.4327     3.4269    22.8323    22.8376    36.9477    36.9499    25.4603    25.4604    1542.27    149.499    149.244         33 0.0000e+00
      28109   1171.167    136.079    137.000    22.6973    22.7030   5.323140   5.324068     2.3987     2.0078     100.00   24.40390  -80.61702   -0.00577   -0.00369     3.4232     3.4207    22.6693    22.6750    36.9408    36.9432    25.5022    25.5024    1542.21    149.077    148.967         32 0.0000e+00
      28141   1172.500    137.073    138.000    22.6244    22.6275   5.314835   5.315487     2.3943     2.0050     100.00   24.40391  -80.61701   -0.00551   -0.00355     3.4219     3.4212    22.5963    22.5995    36.9372    36.9396    25.5205    25.5214    1542.14    149.021    148.988         33 0.0000e+00
      28175   1173.918    138.065    139.000    22.5262    22.5296   5.303622   5.304308     2.3900     2.0021     100.00   24.40392  -80.61699   -0.00414   -0.00278     3.4200     3.4210    22.4979    22.5014    36.9321    36.9346    25.5449    25.5458    1542.07    148.933    148.975         35 0.0000e+00
      28210   1175.362    139.058    140.000    22.4507    22.4530   5.294961   5.295508     2.3863     1.9994     100.00   24.40392  -80.61697   -0.00285   -0.00199     3.4176     3.4204    22.4224    22.4246    36.9276    36.9300    25.5632    25.5643    1542.01    148.826    148.946         34 0.0000e+00
      28243   1176.732    140.051    141.000    22.4191    22.4201   5.291390   5.291796     2.3836     1.9979     100.00   24.40393  -80.61696   -0.00254   -0.00173     3.4148     3.4192    22.3906    22.3916    36.9261    36.9284    25.5710    25.5725    1541.94    148.705    148.892         32 0.0000e+00
      28275   1178.090    141.044    142.000    22.4013    22.4024   5.289418   5.289827     2.3803     1.9967     100.00   24.40394  -80.61696   -0.00231   -0.00122     3.4095     3.4179    22.3726    22.3737    36.9254    36.9276    25.5757    25.5771    1541.87    148.471    148.838         33 0.0000e+00
      28309   1179.487    142.037    143.000    22.3810    22.3819   5.287172   5.287547     2.3781     1.9949     100.00   24.40395  -80.61693   -0.00207   -0.00103     3.4068     3.4157    22.3521    22.3530    36.9246    36.9267    25.5809    25.5823    1541.80    148.354    148.738         35 0.0000e+00
      28343   1180.933    143.030    144.000    22.3658    22.3668   5.285477   5.285853     2.3764     1.9928     100.00   24.40396  -80.61692   -0.00160   -0.00130     3.4047     3.4123    22.3367    22.3377    36.9238    36.9259    25.5847    25.5860    1541.74    148.260    148.590         34 0.0000e+00
      28377   1182.348    144.023    145.000    22.3539    22.3546   5.284106   5.284451     2.3753     1.9932     100.00   24.40396  -80.61690   -0.00118   -0.00089     3.4041     3.4152    22.3247    22.3254    36.9227    36.9248    25.5874    25.5888    1541.67    148.235    148.719         33 0.0000e+00
      28411   1183.730    145.016    146.000    22.2359    22.2389   5.270001   5.270590     2.3719     1.9884     100.00   24.40397  -80.61689   -0.00123   -0.00091     3.4044     3.4105    22.2065    22.2095    36.9114    36.9135    25.6124    25.6132    1541.60    148.245    148.510         34 0.0000e+00
      28444   1185.141    146.009    147.000    22.1804    22.1831   5.263454   5.264041     2.3679     1.9843     100.00   24.40398  -80.61688   -0.00207   -0.00250     3.4009     3.4056    22.1509    22.1536    36.9066    36.9090    25.6246    25.6256    1541.54    148.087    148.294         34 0.0000e+00
      28478   1186.535    147.002    148.000    22.1104    22.1135   5.255200   5.255814     2.3657     1.9824     100.00   24.40398  -80.61686   -0.00257   -0.00276     3.4012     3.4060    22.0808    22.0838    36.9006    36.9028    25.6399    25.6407    1541.47    148.102    148.311         32 0.0000e+00
      28510   1187.862    147.994    149.000    22.0504    22.0524   5.248250   5.248735     2.3628     1.9796      89.16   24.40399  -80.61685   -0.00210   -0.00198     3.3998     3.4040    22.0207    22.0226    36.8963    36.8985    25.6537    25.6548    1541.41    148.036    148.220         32 0.0000e+00
      28542   1189.206    148.987    150.000    21.9584    21.9633   5.237309   5.238096     2.3589     1.9768      87.91   24.40400  -80.61682   -0.00214   -0.00182     3.3982     3.4036    21.9285    21.9334    36.8877    36.8897    25.6731    25.6733    1541.34    147.963    148.198         33 0.0000e+00
      28577   1190.648    149.980    151.000    21.7492    21.7542   5.212522   5.213329     2.3532     1.9691     100.02   24.40401  -80.61681   -0.00298   -0.00294     3.4007     3.3996    21.7193    21.7243    36.8689    36.8711    25.7177    25.7180    1541.27    148.066    148.021         36 0.0000e+00
      28613   1192.175    150.973    152.000    21.6287    21.6310   5.198647   5.199164     2.3482     1.9656     100.00   24.40402  -80.61680   -0.00370   -0.00403     3.3988     3.3996    21.5987    21.6010    36.8611    36.8632    25.7456    25.7466    1541.20    147.978    148.017         37 0.0000e+00
      28648   1193.607    151.966    153.000    21.5748    21.5759   5.193067   5.193453     2.3482     1.9669      91.07   24.40402  -80.61680   -0.00269   -0.00215     3.4027     3.4064    21.5447    21.5458    36.8623    36.8644    25.7616    25.7629    1541.13    148.148    148.307         32 0.0000e+00
      28679   1194.908    152.959    154.000    21.5326    21.5346   5.188453   5.188948     2.3492     1.9691      64.96   24.40404  -80.61677   -0.00051    0.00053     3.4079     3.4144    21.5024    21.5044    36.8612    36.8634    25.7726    25.7737    1541.06    148.372    148.655         31 0.0000e+00
      28710   1196.202    153.952    155.000    21.4420    21.4457   5.178598   5.179075     2.3490     1.9703      99.82   24.40404  -80.61676    0.00048    0.00138     3.4140     3.4233    21.4116    21.4155    36.8597    36.8616    25.7967    25.7975    1540.99    148.634    149.041         31 0.0000e+00
      28743   1197.576    154.945    156.000    21.3890    21.3907   5.173080   5.173540     2.3499     1.9714     100.00   24.40404  -80.61674    0.00018    0.00097     3.4197     3.4294    21.3584    21.3602    36.8606    36.8628    25.8122    25.8134    1540.92    148.879    149.302         35 0.0000e+00
      28778   1199.030    155.938    157.000    21.3238    21.3257   5.166288   5.166761     2.3535     1.9753     100.00   24.40406  -80.61672    0.00099    0.00135     3.4317     3.4427    21.2932    21.2951    36.8618    36.8639    25.8312    25.8323    1540.85    149.399    149.880         35 0.0000e+00
      28813   1200.492    156.930    158.000    21.2605    21.2624   5.158884   5.159356     2.3594     1.9813     100.00   24.40407  -80.61671    0.00271    0.00301     3.4496     3.4615    21.2297    21.2316    36.8563    36.8585    25.8446    25.8458    1540.77    150.176    150.695         34 0.0000e+00
      28847   1201.899    157.923    159.000    21.1932    21.1952   5.151232   5.151703     2.3602     1.9814     100.00   24.40408  -80.61670    0.00278    0.00261     3.4558     3.4664    21.1623    21.1642    36.8524    36.8545    25.8602    25.8613    1540.70    150.444    150.906         34 0.0000e+00
      28879   1203.261    158.916    160.000    21.1426    21.1440   5.145370   5.145798     2.3613     1.9815     100.00   24.40409  -80.61667    0.00142    0.00092     3.4622     3.4703    21.1115    21.1130    36.8484    36.8506    25.8712    25.8724    1540.63    150.720    151.076         32 0.0000e+00
