Gulf of Mexico/GOMECC-4/1db/rb2103_0781.ros
* Sea-Bird SBE 9 Data File:
* FileName = C:\Users\scs.user.rb\CTD\GOMECC4\data\rb2103_0781.hex
* Software Version Seasave V 7.26.7.107
* Temperature SN = 4799
* Conductivity SN = 3860
* Number of Bytes Per Scan = 41
* Number of Voltage Words = 4
* Number of Scans Averaged by the Deck Unit = 1
* NMEA Latitude = 22 16.52 N
* NMEA Longitude = 097 27.17 W
* NMEA UTC (Time) = Oct 06 2021  03:00:19
* NMEA baud rate = 4800
# nquan = 17
# nvalues = 931                                   
# units = specified
# name 0 = scan: Scan Count
# name 1 = timeS: Time, Elapsed [seconds]
# name 2 = depSM: Depth [salt water, m]
# name 3 = prDM: Pressure, Digiquartz [db]
# name 4 = t090C: Temperature [ITS-90, deg C]
# name 5 = t190C: Temperature, 2 [ITS-90, deg C]
# name 6 = c0S/m: Conductivity [S/m]
# name 7 = c1S/m: Conductivity, 2 [S/m]
# name 8 = sbeox0V: Oxygen raw, SBE 43 [V]
# name 9 = sbeox1V: Oxygen raw, SBE 43, 2 [V]
# name 10 = altM: Altimeter [m]
# name 11 = latitude: Latitude [deg]
# name 12 = longitude: Longitude [deg]
# name 13 = sbox0dV/dT: Oxygen, SBE 43 [dov/dt]
# name 14 = sbox1dV/dT: Oxygen, SBE 43, 2 [dov/dt]
# name 15 = nbf: Bottles Fired
# name 16 = flag:  0.000e+00
# interval = seconds: 0.0416667
# start_time = Oct 06 2021 03:00:19 [NMEA time, header]
# bad_flag = -9.990e-29
*END*
[from data line 171]
      20096    837.292     54.778     55.130    24.7400    24.7258   5.453685   5.452248     3.1807     2.7167      17.70   22.27548  -97.45358    0.00148    0.00121          2  0.000e+00
      20097    837.333     54.731     55.083    24.7400    24.7251   5.453692   5.452271     3.1807     2.7167      17.70   22.27548  -97.45358    0.00149    0.00121          2  0.000e+00
      20098    837.375     54.778     55.130    24.7402    24.7246   5.453700   5.452185     3.1807     2.7167      17.70   22.27548  -97.45358    0.00147    0.00121          2  0.000e+00
      20099    837.417     54.731     55.083    24.7409    24.7231   5.453723   5.452185     3.1807     2.7167      17.70   22.27548  -97.45358    0.00147    0.00120          2  0.000e+00
      20100    837.458     54.778     55.130    24.7409    24.7224   5.453739   5.452201     3.1807     2.7167      17.73   22.27548  -97.45358    0.00147    0.00119          2  0.000e+00
      20101    837.500     54.731     55.083    24.7411    24.7222   5.453739   5.452185     3.1807     2.7167      17.70   22.27548  -97.45358    0.00146    0.00119          2  0.000e+00
      20102    837.542     54.751     55.103    24.7411    24.7222   5.453739   5.452232     3.1807     2.7167      17.70   22.27548  -97.45358    0.00146    0.00120          2  0.000e+00
      20103    837.583     54.731     55.083    24.7411    24.7228   5.453777   5.452279     3.1807     2.7167      17.70   22.27548  -97.45358    0.00145    0.00122          2  0.000e+00
      20104    837.625     54.778     55.130    24.7411    24.7253   5.453815   5.452357     3.1807     2.7155      17.70   22.27548  -97.45358    0.00144    0.00120          2  0.000e+00
      20105    837.667     54.731     55.083    24.7413    24.7282   5.453800   5.452435     3.1795     2.7167      17.70   22.27548  -97.45358    0.00144    0.00122          2  0.000e+00
      20106    837.708     54.778     55.130    24.7417    24.7298   5.453892   5.452505     3.1795     2.7167      17.68   22.27548  -97.45358    0.00141    0.00123          2  0.000e+00
      20107    837.750     54.731     55.083    24.7422    24.7309   5.453954   5.452551     3.1807     2.7167      17.68   22.27548  -97.45358    0.00140    0.00125          2  0.000e+00
      20108    837.792     54.731     55.083    24.7429    24.7307   5.454038   5.452614     3.1795     2.7167      17.68   22.27548  -97.45358    0.00139    0.00126          2  0.000e+00
      20109    837.833     54.751     55.103    24.7438    24.7307   5.454123   5.452645     3.1795     2.7179      17.68   22.27548  -97.45358    0.00135    0.00129          2  0.000e+00
      20110    837.875     54.778     55.130    24.7452    24.7314   5.454254   5.452684     3.1795     2.7167      17.68   22.27548  -97.45358    0.00134    0.00130          2  0.000e+00
      20111    837.917     54.731     55.083    24.7467    24.7318   5.454361   5.452699     3.1795     2.7179      17.68   22.27548  -97.45358    0.00133    0.00134          2  0.000e+00
      20112    837.958     54.778     55.130    24.7467    24.7316   5.454407   5.452684     3.1783     2.7179      17.68   22.27548  -97.45358    0.00129    0.00137          2  0.000e+00
      20113    838.000     54.731     55.083    24.7470    24.7307   5.454423   5.452762     3.1795     2.7179      17.68   22.27548  -97.45358    0.00128    0.00141          2  0.000e+00
      20114    838.042     54.731     55.083    24.7474    24.7300   5.454453   5.452793     3.1783     2.7179      17.68   22.27548  -97.45358    0.00124    0.00143          2  0.000e+00
      20115    838.083     54.731     55.083    24.7470    24.7316   5.454438   5.452879     3.1783     2.7179      17.68   22.27548  -97.45358    0.00121    0.00147          2  0.000e+00
      20116    838.125     54.799     55.151    24.7467    24.7345   5.454415   5.452917     3.1783     2.7192      17.68   22.27548  -97.45358    0.00118    0.00152          2  0.000e+00
      20117    838.167     54.731     55.083    24.7470    24.7363   5.454523   5.453019     3.1783     2.7192      17.68   22.27548  -97.45358    0.00114    0.00157          2  0.000e+00
      20118    838.208     54.778     55.130    24.7468    24.7373   5.454561   5.453159     3.1783     2.7192      17.68   22.27548  -97.45358    0.00111    0.00162          2  0.000e+00
      20119    838.250     54.778     55.130    24.7470    24.7375   5.454553   5.453245     3.1783     2.7192      17.68   22.27548  -97.45358    0.00107    0.00167          2  0.000e+00
      20120    838.292     54.731     55.082    24.7472    24.7376   5.454592   5.453315     3.1783     2.7192      17.68   22.27548  -97.45358    0.00104    0.00172          2  0.000e+00
      20121    838.333     54.731     55.082    24.7488    24.7382   5.454730   5.453400     3.1783     2.7192      17.68   22.27548  -97.45358    0.00100    0.00176          2  0.000e+00
      20122    838.375     54.799     55.151    24.7508    24.7391   5.454915   5.453541     3.1783     2.7192      17.68   22.27548  -97.45358    0.00096    0.00180          2  0.000e+00
      20123    838.417     54.731     55.082    24.7512    24.7402   5.454999   5.453626     3.1783     2.7192      17.68   22.27548  -97.45358    0.00093    0.00184          2  0.000e+00
      20124    838.458     54.778     55.130    24.7510    24.7404   5.455038   5.453673     3.1783     2.7192      17.68   22.27548  -97.45358    0.00089    0.00187          2  0.000e+00
      20125    838.500     54.731     55.082    24.7512    24.7401   5.455091   5.453704     3.1783     2.7192      17.68   22.27548  -97.45358    0.00085    0.00190          2  0.000e+00
      20126    838.542     54.778     55.130    24.7524    24.7402   5.455222   5.453728     3.1795     2.7179      17.70   22.27548  -97.45358    0.00083    0.00190          2  0.000e+00
      20127    838.583     54.778     55.130    24.7533    24.7400   5.455345   5.453696     3.1783     2.7179      17.68   22.27548  -97.45358    0.00079    0.00192          2  0.000e+00
      20128    838.625     54.778     55.130    24.7538    24.7393   5.455360   5.453673     3.1783     2.7179      17.68   22.27548  -97.45358    0.00075    0.00193          2  0.000e+00
      20129    838.667     54.751     55.103    24.7540    24.7383   5.455406   5.453650     3.1783     2.7179      17.73   22.27548  -97.45358    0.00072    0.00193          2  0.000e+00
      20130    838.708     54.778     55.130    24.7542    24.7375   5.455491   5.453611     3.1795     2.7167      17.73   22.27548  -97.45358    0.00069    0.00191          2  0.000e+00
      20131    838.750     54.778     55.130    24.7553    24.7372   5.455699   5.453603     3.1795     2.7167      17.75   22.27548  -97.45358    0.00067    0.00190          2  0.000e+00
      20132    838.792     54.778     55.130    24.7583    24.7372   5.455952   5.453619     3.1795     2.7167      17.75   22.27548  -97.45358    0.00065    0.00189          2  0.000e+00
      20133    838.833     54.731     55.082    24.7594    24.7372   5.456060   5.453572     3.1795     2.7167      17.75   22.27548  -97.45358    0.00060    0.00186          2  0.000e+00
      20134    838.875     54.833     55.185    24.7598    24.7372   5.456091   5.453587     3.1795     2.7167      17.73   22.27548  -97.45358    0.00058    0.00184          2  0.000e+00
      20135    838.917     54.731     55.083    24.7599    24.7397   5.456083   5.453681     3.1795     2.7167      17.73   22.27548  -97.45358    0.00055    0.00182          2  0.000e+00
      20136    838.958     54.799     55.151    24.7606    24.7418   5.456198   5.453860     3.1795     2.7155      17.73   22.27548  -97.45358    0.00053    0.00179          2  0.000e+00
      20137    839.000     54.778     55.130    24.7608    24.7438   5.456267   5.453985     3.1795     2.7155      17.73   22.27548  -97.45358    0.00050    0.00174          2  0.000e+00
      20138    839.042     54.833     55.185    24.7612    24.7441   5.456260   5.454024     3.1795     2.7155      17.73   22.27548  -97.45358    0.00047    0.00169          2  0.000e+00
      20139    839.083     54.778     55.130    24.7612    24.7428   5.456167   5.454047     3.1795     2.7155      17.73   22.27548  -97.45358    0.00044    0.00164          2  0.000e+00
      20140    839.125     54.778     55.130    24.7604    24.7413   5.455960   5.454117     3.1795     2.7155      17.73   22.27548  -97.45358    0.00041    0.00159          2  0.000e+00
      20141    839.167     54.778     55.130    24.7592    24.7417   5.455806   5.454187     3.1807     2.7155      17.73   22.27548  -97.45358    0.00040    0.00154          2  0.000e+00
      20142    839.208     54.778     55.130    24.7585    24.7428   5.455768   5.454257     3.1807     2.7155      17.73   22.27548  -97.45358    0.00039    0.00148          2  0.000e+00
      20143    839.250     54.799     55.151    24.7584    24.7447   5.455845   5.454312     3.1795     2.7155      17.75   22.27548  -97.45358    0.00035    0.00143          2  0.000e+00
      20144    839.292     54.778     55.130    24.7574    24.7446   5.455829   5.454335     3.1795     2.7155      17.75   22.27548  -97.45358    0.00032    0.00137          2  0.000e+00
      20145    839.333     54.833     55.185    24.7565    24.7453   5.455622   5.454390     3.1807     2.7155      17.75   22.27548  -97.45358    0.00029    0.00131          2  0.000e+00
      20146    839.375     54.778     55.130    24.7538    24.7462   5.455283   5.454514     3.1807     2.7155      17.75   22.27548  -97.45358    0.00025    0.00127          2  0.000e+00
      20147    839.417     54.778     55.130    24.7529    24.7482   5.455114   5.454662     3.1807     2.7155      17.75   22.27548  -97.45358    0.00021    0.00121          2  0.000e+00
      20148    839.458     54.778     55.130    24.7526    24.7483   5.454999   5.454725     3.1807     2.7155      17.73   22.27548  -97.45358    0.00019    0.00115          2  0.000e+00
      20149    839.500     54.833     55.185    24.7515    24.7480   5.454922   5.454756     3.1795     2.7155      17.75   22.27548  -97.45358    0.00015    0.00109          2  0.000e+00
      20150    839.542     54.846     55.198    24.7502    24.7475   5.454745   5.454740     3.1795     2.7155      17.73   22.27548  -97.45358    0.00011    0.00103          2  0.000e+00
      20151    839.583     54.731     55.082    24.7493    24.7473   5.454730   5.454740     3.1795     2.7155      17.75   22.27548  -97.45358    0.00007    0.00098          2  0.000e+00
      20152    839.625     54.833     55.185    24.7492    24.7476   5.454661   5.454795     3.1795     2.7167      17.73   22.27548  -97.45358    0.00003    0.00095          2  0.000e+00
      20153    839.667     54.778     55.130    24.7470    24.7487   5.454476   5.454849     3.1807     2.7167      17.73   22.27548  -97.45358    0.00003    0.00092          2  0.000e+00
      20154    839.708     54.833     55.185    24.7449    24.7496   5.454215   5.455013     3.1795     2.7155      17.73   22.27548  -97.45358   -0.00002    0.00088          2  0.000e+00
      20155    839.750     54.833     55.185    24.7438    24.7516   5.454215   5.455255     3.1795     2.7155      17.73   22.27548  -97.45358   -0.00006    0.00083          2  0.000e+00
      20156    839.792     54.751     55.103    24.7436    24.7523   5.454138   5.455325     3.1795     2.7155      17.70   22.27548  -97.45358   -0.00010    0.00078          2  0.000e+00
      20157    839.833     54.833     55.185    24.7427    24.7522   5.453961   5.455317     3.1795     2.7155      17.70   22.27548  -97.45358   -0.00013    0.00073          2  0.000e+00
      20158    839.875     54.778     55.130    24.7413    24.7529   5.453892   5.455387     3.1807     2.7155      17.70   22.27548  -97.45358   -0.00014    0.00067          2  0.000e+00
      20159    839.917     54.833     55.185    24.7420    24.7538   5.454077   5.455457     3.1795     2.7155      17.73   22.27548  -97.45358   -0.00019    0.00062          2  0.000e+00
      20160    839.958     54.778     55.130    24.7449    24.7550   5.454323   5.455488     3.1795     2.7155      17.70   22.27548  -97.45358   -0.00021    0.00057          2  0.000e+00
      20161    840.000     54.833     55.185    24.7470    24.7552   5.454569   5.455527     3.1795     2.7155      17.73   22.27548  -97.45358   -0.00024    0.00052          2  0.000e+00
      20162    840.042     54.778     55.130    24.7483    24.7554   5.454646   5.455551     3.1795     2.7155      17.73   22.27548  -97.45358   -0.00027    0.00046          2  0.000e+00
      20163    840.083     54.799     55.151    24.7485    24.7552   5.454753   5.455582     3.1795     2.7155      17.70   22.27548  -97.45358   -0.00030    0.00041          2  0.000e+00
      20164    840.125     54.833     55.185    24.7497    24.7550   5.454876   5.455590     3.1795     2.7155      17.70   22.27548  -97.45358   -0.00033    0.00035          2  0.000e+00
      20165    840.167     54.778     55.130    24.7502    24.7549   5.454984   5.455527     3.1795     2.7155      17.73   22.27548  -97.45358   -0.00036    0.00030          2  0.000e+00
      20166    840.208     54.833     55.185    24.7504    24.7545   5.455038   5.455364     3.1795     2.7155      17.70   22.27548  -97.45358   -0.00039    0.00024          2  0.000e+00
      20167    840.250     54.778     55.130    24.7510    24.7535   5.455161   5.455317     3.1795     2.7155      17.73   22.27548  -97.45358   -0.00041    0.00018          2  0.000e+00
      20168    840.292     54.778     55.130    24.7526    24.7534   5.455291   5.455364     3.1795     2.7155      17.73   22.27548  -97.45358   -0.00042    0.00012          2  0.000e+00
      20169    840.333     54.833     55.185    24.7546    24.7547   5.455514   5.455426     3.1783     2.7155      17.73   22.27548  -97.45358   -0.00045    0.00006          2  0.000e+00
      20170    840.375     54.799     55.151    24.7560    24.7554   5.455629   5.455613     3.1783     2.7155      17.73   22.27548  -97.45358   -0.00048    0.00000          2  0.000e+00
      20171    840.417     54.778     55.130    24.7565    24.7556   5.455629   5.455722     3.1795     2.7155      17.73   22.27548  -97.45358   -0.00049   -0.00004          2  0.000e+00
      20172    840.458     54.833     55.185    24.7567    24.7561   5.455606   5.455761     3.1795     2.7155      17.70   22.27548  -97.45358   -0.00049   -0.00008          2  0.000e+00
      20173    840.500     54.778     55.130    24.7565    24.7568   5.455560   5.455800     3.1795     2.7155      17.70   22.27548  -97.45358   -0.00048   -0.00013          2  0.000e+00
      20174    840.542     54.731     55.082    24.7560    24.7572   5.455553   5.455753     3.1795     2.7155      17.73   22.27548  -97.45358   -0.00048   -0.00017          2  0.000e+00
      20175    840.583     54.833     55.185    24.7560    24.7572   5.455560   5.455691     3.1795     2.7155      17.70   22.27548  -97.45358   -0.00047   -0.00021          2  0.000e+00
      20176    840.625     54.778     55.130    24.7558    24.7574   5.455576   5.455644     3.1795     2.7143      17.70   22.27548  -97.45358   -0.00047   -0.00028          2  0.000e+00
      20177    840.667     54.751     55.103    24.7562    24.7568   5.455599   5.455683     3.1795     2.7143      17.68   22.27548  -97.45358   -0.00046   -0.00034          2  0.000e+00
      20178    840.708     54.778     55.130    24.7563    24.7567   5.455583   5.455652     3.1795     2.7143      17.68   22.27548  -97.45358   -0.00045   -0.00040          2  0.000e+00
      20179    840.750     54.778     55.130    24.7563    24.7568   5.455599   5.455636     3.1807     2.7143      17.68   22.27548  -97.45358   -0.00041   -0.00046          2  0.000e+00
