Gulf of Mexico/GOMECC-4/1db/rb2103_0511.ros
* Sea-Bird SBE 9 Data File:
* FileName = C:\Users\scs.user.rb\CTD\GOMECC4\data\rb2103_0511.hex
* Software Version Seasave V 7.26.7.107
* Temperature SN = 4799
* Conductivity SN = 3860
* Number of Bytes Per Scan = 41
* Number of Voltage Words = 4
* Number of Scans Averaged by the Deck Unit = 1
* NMEA Latitude = 27 41.47 N
* NMEA Longitude = 094 13.19 W
* NMEA UTC (Time) = Sep 27 2021  19:13:13
* NMEA baud rate = 4800
# nquan = 17
# nvalues = 1729                                  
# units = specified
# name 0 = scan: Scan Count
# name 1 = timeS: Time, Elapsed [seconds]
# name 2 = depSM: Depth [salt water, m]
# name 3 = prDM: Pressure, Digiquartz [db]
# name 4 = t090C: Temperature [ITS-90, deg C]
# name 5 = t190C: Temperature, 2 [ITS-90, deg C]
# name 6 = c0S/m: Conductivity [S/m]
# name 7 = c1S/m: Conductivity, 2 [S/m]
# name 8 = sbeox0V: Oxygen raw, SBE 43 [V]
# name 9 = sbeox1V: Oxygen raw, SBE 43, 2 [V]
# name 10 = altM: Altimeter [m]
# name 11 = latitude: Latitude [deg]
# name 12 = longitude: Longitude [deg]
# name 13 = sbox0dV/dT: Oxygen, SBE 43 [dov/dt]
# name 14 = sbox1dV/dT: Oxygen, SBE 43, 2 [dov/dt]
# name 15 = nbf: Bottles Fired
# name 16 = flag:  0.000e+00
# interval = seconds: 0.0416667
# start_time = Sep 27 2021 19:13:13 [NMEA time, header]
# bad_flag = -9.990e-29
*END*
[from data line 1618]
      54673   2278.000      3.648      3.673    28.8894    28.8920   5.808715   5.809074     3.1172     2.6532     100.00   27.69156  -94.21998    0.00082    0.00174         13  0.000e+00
      54674   2278.042      3.633      3.658    28.8894    28.8921   5.808723   5.809050     3.1172     2.6545     100.00   27.69156  -94.21998    0.00081    0.00179         13  0.000e+00
      54675   2278.083      3.588      3.612    28.8894    28.8916   5.808691   5.809026     3.1172     2.6532     100.00   27.69156  -94.21998    0.00081    0.00181         13  0.000e+00
      54676   2278.125      3.633      3.658    28.8895    28.8916   5.808715   5.809058     3.1172     2.6532     100.00   27.69156  -94.21998    0.00080    0.00182         13  0.000e+00
      54677   2278.167      3.588      3.612    28.8894    28.8916   5.808691   5.809050     3.1160     2.6532     100.00   27.69156  -94.21998    0.00077    0.00184         13  0.000e+00
      54678   2278.208      3.649      3.673    28.8895    28.8918   5.808668   5.809066     3.1160     2.6532     100.00   27.69156  -94.21998    0.00074    0.00183         13  0.000e+00
      54679   2278.250      3.633      3.658    28.8894    28.8914   5.808747   5.809002     3.1160     2.6532     100.00   27.69156  -94.21998    0.00071    0.00183         13  0.000e+00
      54680   2278.292      3.588      3.612    28.8897    28.8918   5.808739   5.809058     3.1160     2.6532     100.00   27.69156  -94.21998    0.00069    0.00182         13  0.000e+00
      54681   2278.333      3.649      3.673    28.8899    28.8918   5.808731   5.809042     3.1160     2.6532     100.00   27.69156  -94.21998    0.00066    0.00181         13  0.000e+00
      54682   2278.375      3.633      3.658    28.8895    28.8916   5.808731   5.809002     3.1160     2.6532     100.00   27.69156  -94.21998    0.00064    0.00180         13  0.000e+00
      54683   2278.417      3.701      3.726    28.8897    28.8920   5.808715   5.809050     3.1160     2.6532     100.00   27.69156  -94.21998    0.00061    0.00179         13  0.000e+00
      54684   2278.458      3.573      3.597    28.8894    28.8920   5.808762   5.809106     3.1160     2.6532     100.00   27.69156  -94.21998    0.00058    0.00177         13  0.000e+00
      54685   2278.500      3.701      3.726    28.8894    28.8918   5.808739   5.809058     3.1160     2.6532     100.00   27.69156  -94.21998    0.00053    0.00175         13  0.000e+00
      54686   2278.542      3.649      3.673    28.8895    28.8922   5.808762   5.809066     3.1160     2.6545     100.00   27.69156  -94.21998    0.00051    0.00175         13  0.000e+00
      54687   2278.583      3.686      3.711    28.8899    28.8921   5.808778   5.809034     3.1160     2.6532     100.00   27.69156  -94.21998    0.00046    0.00171         13  0.000e+00
      54688   2278.625      3.649      3.673    28.8905    28.8920   5.808739   5.809034     3.1160     2.6532     100.00   27.69156  -94.21998    0.00041    0.00169         13  0.000e+00
      54689   2278.667      3.747      3.772    28.8899    28.8920   5.808644   5.809098     3.1160     2.6532     100.00   27.69156  -94.21998    0.00037    0.00165         13  0.000e+00
      54690   2278.708      3.702      3.726    28.8901    28.8920   5.808597   5.809122     3.1160     2.6532     100.00   27.69156  -94.21998    0.00032    0.00161         13  0.000e+00
      54691   2278.750      3.702      3.726    28.8895    28.8920   5.808691   5.809098     3.1172     2.6545     100.00   27.69156  -94.21998    0.00030    0.00158         13  0.000e+00
      54692   2278.792      3.800      3.825    28.8895    28.8922   5.808731   5.809114     3.1160     2.6532     100.00   27.69156  -94.21998    0.00025    0.00153         13  0.000e+00
      54693   2278.833      3.702      3.726    28.8895    28.8920   5.808691   5.809098     3.1172     2.6545     100.00   27.69156  -94.21998    0.00020    0.00149         13  0.000e+00
      54694   2278.875      3.800      3.825    28.8894    28.8921   5.808636   5.809074     3.1172     2.6532     100.00   27.69156  -94.21998    0.00017    0.00144         13  0.000e+00
      54695   2278.917      3.762      3.787    28.8894    28.8920   5.808699   5.809106     3.1184     2.6545     100.00   27.69156  -94.21998    0.00016    0.00142         13  0.000e+00
      54696   2278.958      3.815      3.840    28.8891    28.8918   5.808692   5.809026     3.1172     2.6545     100.00   27.69156  -94.21998    0.00013    0.00140         13  0.000e+00
      54697   2279.000      3.800      3.825    28.8891    28.8918   5.808715   5.809018     3.1184     2.6545     100.00   27.69156  -94.21998    0.00012    0.00137         13  0.000e+00
      54698   2279.042      3.815      3.840    28.8891    28.8916   5.808731   5.809026     3.1184     2.6545     100.00   27.69156  -94.21998    0.00011    0.00135         13  0.000e+00
      54699   2279.083      3.853      3.878    28.8894    28.8913   5.808684   5.808930     3.1184     2.6545     100.00   27.69156  -94.21998    0.00009    0.00132         13  0.000e+00
      54700   2279.125      3.868      3.894    28.8890    28.8912   5.808715   5.808922     3.1184     2.6545     100.00   27.69156  -94.21998    0.00008    0.00129         13  0.000e+00
      54701   2279.167      3.815      3.840    28.8891    28.8910   5.808731   5.808786     3.1184     2.6532     100.00   27.69156  -94.21998    0.00006    0.00124         13  0.000e+00
      54702   2279.208      3.913      3.939    28.8894    28.8910   5.808731   5.808786     3.1184     2.6545     100.00   27.69156  -94.21998    0.00004    0.00120         13  0.000e+00
      54703   2279.250      3.928      3.955    28.8891    28.8910   5.808692   5.808970     3.1184     2.6545     100.00   27.69156  -94.21998    0.00003    0.00116         13  0.000e+00
      54704   2279.292      3.913      3.939    28.8890    28.8909   5.808668   5.808962     3.1184     2.6545     100.00   27.69156  -94.21998    0.00001    0.00114         13  0.000e+00
      54705   2279.333      3.868      3.894    28.8894    28.8909   5.808715   5.808930     3.1184     2.6532     100.00   27.69156  -94.21998   -0.00003    0.00110         13  0.000e+00
      54706   2279.375      3.981      4.008    28.8891    28.8909   5.808731   5.808962     3.1197     2.6532     100.00   27.69156  -94.21998   -0.00003    0.00106         13  0.000e+00
      54707   2279.417      3.913      3.939    28.8890    28.8912   5.808660   5.808954     3.1184     2.6532     100.00   27.69156  -94.21998   -0.00005    0.00102         13  0.000e+00
      54708   2279.458      3.981      4.008    28.8888    28.8913   5.808668   5.808970     3.1197     2.6532     100.00   27.69156  -94.21998   -0.00007    0.00097         13  0.000e+00
      54709   2279.500      3.966      3.993    28.8890    28.8910   5.808644   5.809010     3.1197     2.6532     100.00   27.69156  -94.21998   -0.00010    0.00093         13  0.000e+00
      54710   2279.542      3.981      4.008    28.8886    28.8910   5.808692   5.808962     3.1197     2.6520     100.00   27.69156  -94.21998   -0.00012    0.00086         13  0.000e+00
      54711   2279.583      3.981      4.008    28.8890    28.8910   5.808723   5.808970     3.1184     2.6520     100.00   27.69156  -94.21998   -0.00016    0.00080         13  0.000e+00
      54712   2279.625      3.966      3.993    28.8891    28.8909   5.808692   5.808954     3.1184     2.6520     100.00   27.69156  -94.21998   -0.00021    0.00073         13  0.000e+00
      54713   2279.667      4.042      4.069    28.8891    28.8908   5.808715   5.808930     3.1197     2.6520     100.00   27.69156  -94.21998   -0.00024    0.00068         13  0.000e+00
      54714   2279.708      3.966      3.993    28.8891    28.8907   5.808692   5.808962     3.1197     2.6508     100.00   27.69156  -94.21998   -0.00025    0.00061         13  0.000e+00
      54715   2279.750      4.042      4.069    28.8890    28.8909   5.808707   5.808914     3.1197     2.6508     100.00   27.69156  -94.21998   -0.00028    0.00054         13  0.000e+00
      54716   2279.792      4.042      4.069    28.8895    28.8907   5.808692   5.808954     3.1197     2.6508     100.00   27.69156  -94.21998   -0.00029    0.00047         13  0.000e+00
      54717   2279.833      4.027      4.054    28.8894    28.8908   5.808715   5.808978     3.1197     2.6508     100.00   27.69156  -94.21998   -0.00031    0.00042         13  0.000e+00
      54718   2279.875      4.095      4.122    28.8895    28.8907   5.808731   5.808986     3.1197     2.6520     100.00   27.69156  -94.21998   -0.00032    0.00039         13  0.000e+00
      54719   2279.917      4.080      4.107    28.8895    28.8909   5.808731   5.808946     3.1197     2.6508      87.42   27.69156  -94.21998   -0.00034    0.00033         13  0.000e+00
      54720   2279.958      4.042      4.069    28.8897    28.8908   5.808755   5.808938     3.1197     2.6508      74.48   27.69156  -94.21998   -0.00034    0.00028         13  0.000e+00
      54721   2280.000      4.042      4.069    28.8895    28.8905   5.808700   5.808898     3.1197     2.6508      71.58   27.69156  -94.21998   -0.00034    0.00025         13  0.000e+00
      54722   2280.042      4.080      4.107    28.8891    28.8907   5.808755   5.808914     3.1197     2.6508      72.23   27.69156  -94.21998   -0.00035    0.00021         13  0.000e+00
      54723   2280.083      4.042      4.069    28.8894    28.8908   5.808779   5.808938     3.1209     2.6508      72.87   27.69156  -94.21998   -0.00033    0.00018         13  0.000e+00
      54724   2280.125      4.080      4.107    28.8895    28.8907   5.808739   5.808930     3.1209     2.6508      72.99   27.69156  -94.21998   -0.00030    0.00015         13  0.000e+00
      54725   2280.167      4.095      4.122    28.8895    28.8910   5.808715   5.808962     3.1209     2.6508      72.97   27.69156  -94.21998   -0.00029    0.00011         13  0.000e+00
      54726   2280.208      4.133      4.160    28.8899    28.8914   5.808763   5.808954     3.1209     2.6508      72.92   27.69156  -94.21998   -0.00026    0.00008         13  0.000e+00
      54727   2280.250      4.095      4.122    28.8899    28.8916   5.808707   5.809002     3.1209     2.6508      72.92   27.69156  -94.21998   -0.00023    0.00005         13  0.000e+00
      54728   2280.292      4.095      4.122    28.8895    28.8914   5.808755   5.808986     3.1209     2.6508      72.94   27.69156  -94.21998   -0.00018    0.00002         13  0.000e+00
      54729   2280.333      4.027      4.054    28.8899    28.8914   5.808778   5.808986     3.1209     2.6508      72.92   27.69156  -94.21998   -0.00014   -0.00001         13  0.000e+00
      54730   2280.375      4.095      4.122    28.8899    28.8916   5.808810   5.808978     3.1209     2.6496      72.92   27.69156  -94.21998   -0.00009   -0.00006         13  0.000e+00
      54731   2280.417      4.133      4.160    28.8899    28.8914   5.808779   5.808986     3.1209     2.6508      72.94   27.69156  -94.21998   -0.00003   -0.00009         13  0.000e+00
      54732   2280.458      4.095      4.122    28.8903    28.8916   5.808739   5.809018     3.1209     2.6496      72.92   27.69156  -94.21998    0.00003   -0.00014         13  0.000e+00
      54733   2280.500      4.095      4.122    28.8901    28.8916   5.808834   5.809026     3.1209     2.6496      72.92   27.69156  -94.21998    0.00010   -0.00019         13  0.000e+00
      54734   2280.542      4.080      4.107    28.8903    28.8914   5.808834   5.809034     3.1209     2.6496      72.92   27.69156  -94.21998    0.00016   -0.00023         13  0.000e+00
      54735   2280.583      4.095      4.122    28.8905    28.8914   5.808826   5.808994     3.1209     2.6496      72.92   27.69156  -94.21998    0.00022   -0.00028         13  0.000e+00
      54736   2280.625      4.080      4.107    28.8906    28.8912   5.808850   5.809010     3.1209     2.6496      72.92   27.69156  -94.21998    0.00028   -0.00032         13  0.000e+00
      54737   2280.667      4.042      4.069    28.8906    28.8910   5.808834   5.809034     3.1209     2.6496      72.94   27.69156  -94.21998    0.00035   -0.00037         13  0.000e+00
      54738   2280.708      4.095      4.122    28.8906    28.8913   5.808857   5.808994     3.1209     2.6496      72.92   27.69156  -94.21998    0.00041   -0.00041         13  0.000e+00
      54739   2280.750      4.027      4.054    28.8907    28.8913   5.808834   5.808986     3.1209     2.6496      72.92   27.69156  -94.21998    0.00047   -0.00045         13  0.000e+00
      54740   2280.792      4.042      4.069    28.8910    28.8914   5.808897   5.808946     3.1209     2.6496      72.92   27.69156  -94.21998    0.00053   -0.00049         13  0.000e+00
      54741   2280.833      4.080      4.107    28.8908    28.8914   5.808834   5.808962     3.1197     2.6496      72.92   27.69156  -94.21998    0.00058   -0.00054         13  0.000e+00
      54742   2280.875      3.982      4.008    28.8906    28.8914   5.808857   5.809026     3.1197     2.6496      84.52   27.69156  -94.21998    0.00062   -0.00058         13  0.000e+00
      54743   2280.917      4.042      4.069    28.8906    28.8914   5.808802   5.809026     3.1197     2.6496      98.07   27.69156  -94.21998    0.00067   -0.00062         13  0.000e+00
      54744   2280.958      4.027      4.054    28.8903    28.8914   5.808850   5.808986     3.1197     2.6484     100.00   27.69156  -94.21998    0.00072   -0.00067         13  0.000e+00
      54745   2281.000      4.042      4.069    28.8905    28.8913   5.808763   5.808914     3.1197     2.6484     100.00   27.69156  -94.21998    0.00075   -0.00073         13  0.000e+00
      54746   2281.042      3.914      3.940    28.8908    28.8912   5.808826   5.808994     3.1197     2.6484     100.00   27.69156  -94.21998    0.00077   -0.00078         13  0.000e+00
      54747   2281.083      4.042      4.069    28.8905    28.8916   5.808834   5.808954     3.1197     2.6484     100.00   27.69156  -94.21998    0.00082   -0.00084         13  0.000e+00
      54748   2281.125      3.929      3.955    28.8910    28.8914   5.808857   5.808978     3.1197     2.6484     100.00   27.69156  -94.21998    0.00085   -0.00089         13  0.000e+00
      54749   2281.167      3.967      3.993    28.8910    28.8916   5.808834   5.808978     3.1197     2.6484     100.00   27.69156  -94.21998    0.00088   -0.00094         13  0.000e+00
      54750   2281.208      3.929      3.955    28.8908    28.8918   5.808786   5.808986     3.1197     2.6484     100.00   27.69156  -94.21998    0.00089   -0.00099         13  0.000e+00
      54751   2281.250      3.967      3.993    28.8908    28.8918   5.808850   5.809018     3.1197     2.6484     100.00   27.69156  -94.21998    0.00090   -0.00104         13  0.000e+00
      54752   2281.292      3.929      3.955    28.8908    28.8918   5.808826   5.809058     3.1197     2.6484     100.00   27.69156  -94.21998    0.00091   -0.00109         13  0.000e+00
      54753   2281.333      3.869      3.894    28.8908    28.8921   5.808818   5.809050     3.1197     2.6484     100.00   27.69156  -94.21998    0.00092   -0.00113         13  0.000e+00
      54754   2281.375      3.914      3.940    28.8910    28.8922   5.808857   5.809026     3.1197     2.6484     100.00   27.69156  -94.21998    0.00093   -0.00118         13  0.000e+00
      54755   2281.417      3.869      3.894    28.8906    28.8922   5.808834   5.809026     3.1197     2.6484     100.00   27.69156  -94.21998    0.00094   -0.00122         13  0.000e+00
      54756   2281.458      3.914      3.940    28.8905    28.8921   5.808826   5.809034     3.1197     2.6484     100.00   27.69156  -94.21998    0.00095   -0.00127         13  0.000e+00
