Gulf of Mexico/GOMECC-4/1db/rb2103_1251.ros
* Sea-Bird SBE 9 Data File:
* FileName = C:\Users\scs.user.rb\CTD\GOMECC4\data\rb2103_1251.hex
* Software Version Seasave V 7.26.7.107
* Temperature SN = 4799
* Conductivity SN = 3860
* Number of Bytes Per Scan = 41
* Number of Voltage Words = 4
* Number of Scans Averaged by the Deck Unit = 1
* NMEA Latitude = 26 35.79 N
* NMEA Longitude = 082 41.74 W
* NMEA UTC (Time) = Oct 19 2021  05:19:27
* NMEA baud rate = 4800
# nquan = 17
# nvalues = 266                                   
# units = specified
# name 0 = scan: Scan Count
# name 1 = timeS: Time, Elapsed [seconds]
# name 2 = depSM: Depth [salt water, m]
# name 3 = prDM: Pressure, Digiquartz [db]
# name 4 = t090C: Temperature [ITS-90, deg C]
# name 5 = t190C: Temperature, 2 [ITS-90, deg C]
# name 6 = c0S/m: Conductivity [S/m]
# name 7 = c1S/m: Conductivity, 2 [S/m]
# name 8 = sbeox0V: Oxygen raw, SBE 43 [V]
# name 9 = sbeox1V: Oxygen raw, SBE 43, 2 [V]
# name 10 = altM: Altimeter [m]
# name 11 = latitude: Latitude [deg]
# name 12 = longitude: Longitude [deg]
# name 13 = sbox0dV/dT: Oxygen, SBE 43 [dov/dt]
# name 14 = sbox1dV/dT: Oxygen, SBE 43, 2 [dov/dt]
# name 15 = nbf: Bottles Fired
# name 16 = flag:  0.000e+00
# interval = seconds: 0.0416667
# start_time = Oct 19 2021 05:19:27 [NMEA time, header]
# bad_flag = -9.990e-29
*END*
[from data line 86]
      10359    431.583     21.990     22.136    28.8592    28.8653   5.874234   5.875472     3.0879     2.6081       4.15   26.59764  -82.69584    0.00075    0.00143          1  0.000e+00
      10360    431.625     21.983     22.129    28.8588    28.8648   5.874178   5.875335     3.0879     2.6068       4.15   26.59764  -82.69584    0.00083    0.00146          1  0.000e+00
      10361    431.667     21.990     22.136    28.8581    28.8643   5.874099   5.875118     3.0879     2.6068       4.15   26.59764  -82.69584    0.00089    0.00150          1  0.000e+00
      10362    431.708     22.037     22.184    28.8583    28.8627   5.874035   5.874772     3.0879     2.6081       4.15   26.59764  -82.69584    0.00097    0.00155          1  0.000e+00
      10363    431.750     21.983     22.129    28.8587    28.8611   5.874059   5.874539     3.0879     2.6081       4.18   26.59764  -82.69584    0.00103    0.00159          1  0.000e+00
      10364    431.792     21.990     22.136    28.8588    28.8609   5.874020   5.874305     3.0879     2.6081       4.18   26.59764  -82.69584    0.00110    0.00164          1  0.000e+00
      10365    431.833     21.990     22.136    28.8585    28.8601   5.874051   5.874137     3.0879     2.6068       4.20   26.59764  -82.69584    0.00115    0.00168          1  0.000e+00
      10366    431.875     21.983     22.129    28.8577    28.8592   5.874035   5.874032     3.0879     2.6081       4.18   26.59764  -82.69584    0.00122    0.00174          1  0.000e+00
      10367    431.917     21.990     22.136    28.8576    28.8586   5.873988   5.873863     3.0891     2.6081       4.18   26.59764  -82.69584    0.00129    0.00179          1  0.000e+00
      10368    431.958     21.990     22.136    28.8575    28.8573   5.873940   5.873775     3.0891     2.6068       4.20   26.59764  -82.69584    0.00137    0.00183          1  0.000e+00
      10369    432.000     22.030     22.177    28.8567    28.8566   5.873932   5.873622     3.0891     2.6081       4.20   26.59764  -82.69584    0.00144    0.00188          1  0.000e+00
      10370    432.042     21.990     22.136    28.8565    28.8561   5.873790   5.873646     3.0891     2.6081       4.20   26.59764  -82.69584    0.00150    0.00193          1  0.000e+00
      10371    432.083     21.990     22.136    28.8558    28.8562   5.873686   5.873678     3.0891     2.6081       4.20   26.59764  -82.69584    0.00156    0.00199          1  0.000e+00
      10372    432.125     21.983     22.129    28.8554    28.8562   5.873647   5.873743     3.0891     2.6081       4.20   26.59764  -82.69584    0.00162    0.00206          1  0.000e+00
      10373    432.167     21.990     22.136    28.8554    28.8564   5.873607   5.873799     3.0891     2.6093       4.20   26.59764  -82.69584    0.00169    0.00214          1  0.000e+00
      10374    432.208     22.037     22.184    28.8557    28.8565   5.873631   5.873775     3.0891     2.6093       4.18   26.59764  -82.69584    0.00176    0.00221          1  0.000e+00
      10375    432.250     21.983     22.129    28.8560    28.8564   5.873607   5.873799     3.0891     2.6093       4.20   26.59764  -82.69584    0.00181    0.00231          1  0.000e+00
      10376    432.292     21.990     22.136    28.8559    28.8564   5.873631   5.873775     3.0891     2.6093       4.20   26.59764  -82.69584    0.00188    0.00238          1  0.000e+00
      10377    432.333     21.990     22.136    28.8559    28.8562   5.873647   5.873694     3.0904     2.6093       4.20   26.59764  -82.69584    0.00195    0.00245          1  0.000e+00
      10378    432.375     22.030     22.177    28.8561    28.8562   5.873663   5.873598     3.0891     2.6093       4.20   26.59764  -82.69584    0.00199    0.00252          1  0.000e+00
      10379    432.417     22.037     22.184    28.8562    28.8561   5.873718   5.873646     3.0891     2.6093       4.20   26.59764  -82.69584    0.00205    0.00259          1  0.000e+00
      10380    432.458     21.990     22.136    28.8570    28.8562   5.873885   5.873670     3.0891     2.6093       4.20   26.59764  -82.69584    0.00210    0.00265          1  0.000e+00
      10381    432.500     21.983     22.129    28.8579    28.8562   5.874035   5.873702     3.0891     2.6081       4.20   26.59764  -82.69584    0.00214    0.00270          1  0.000e+00
      10382    432.542     22.037     22.184    28.8591    28.8564   5.874250   5.873751     3.0891     2.6081       4.20   26.59764  -82.69584    0.00217    0.00274          1  0.000e+00
      10383    432.583     21.990     22.136    28.8596    28.8566   5.874273   5.873767     3.0891     2.6081       4.20   26.59764  -82.69584    0.00221    0.00276          1  0.000e+00
      10384    432.625     22.030     22.177    28.8587    28.8566   5.874123   5.873839     3.0891     2.6081       4.20   26.59764  -82.69584    0.00224    0.00279          1  0.000e+00
      10385    432.667     22.037     22.184    28.8579    28.8570   5.873980   5.873823     3.0891     2.6081       4.18   26.59764  -82.69584    0.00227    0.00281          1  0.000e+00
      10386    432.708     22.037     22.184    28.8575    28.8570   5.873932   5.873847     3.0891     2.6081       4.20   26.59764  -82.69584    0.00230    0.00282          1  0.000e+00
      10387    432.750     22.037     22.184    28.8572    28.8570   5.873893   5.873863     3.0891     2.6081       4.20   26.59764  -82.69584    0.00235    0.00284          1  0.000e+00
      10388    432.792     22.030     22.177    28.8574    28.8569   5.873845   5.873863     3.0891     2.6081       4.18   26.59764  -82.69584    0.00237    0.00285          1  0.000e+00
      10389    432.833     22.037     22.184    28.8574    28.8572   5.873909   5.873831     3.0879     2.6081       4.18   26.59764  -82.69584    0.00240    0.00286          1  0.000e+00
      10390    432.875     22.037     22.184    28.8575    28.8572   5.873964   5.873919     3.0891     2.6081       4.20   26.59764  -82.69584    0.00242    0.00287          1  0.000e+00
      10391    432.917     22.030     22.177    28.8574    28.8572   5.873924   5.873992     3.0879     2.6068       4.20   26.59764  -82.69584    0.00242    0.00286          1  0.000e+00
      10392    432.958     22.037     22.184    28.8572    28.8575   5.873996   5.873968     3.0891     2.6068       4.18   26.59764  -82.69584    0.00244    0.00285          1  0.000e+00
      10393    433.000     22.091     22.238    28.8572    28.8573   5.873917   5.874032     3.0879     2.6068       4.20   26.59764  -82.69584    0.00244    0.00284          1  0.000e+00
      10394    433.042     22.030     22.177    28.8567    28.8583   5.873845   5.874129     3.0891     2.6056       4.18   26.59764  -82.69584    0.00245    0.00278          1  0.000e+00
      10395    433.083     22.037     22.184    28.8568    28.8586   5.873869   5.874153     3.0879     2.6044       4.20   26.59764  -82.69584    0.00244    0.00271          1  0.000e+00
      10396    433.125     22.091     22.238    28.8565    28.8585   5.873813   5.874112     3.0891     2.6044       4.18   26.59764  -82.69584    0.00244    0.00264          1  0.000e+00
      10397    433.167     22.078     22.225    28.8564    28.8583   5.873790   5.874064     3.0891     2.6044       4.18   26.59764  -82.69584    0.00245    0.00257          1  0.000e+00
      10398    433.208     22.037     22.184    28.8565    28.8579   5.873837   5.874056     3.0891     2.6032       4.18   26.59764  -82.69584    0.00245    0.00246          1  0.000e+00
      10399    433.250     22.037     22.184    28.8563    28.8579   5.873837   5.873984     3.0891     2.6032       4.20   26.59764  -82.69584    0.00245    0.00235          1  0.000e+00
      10400    433.292     22.078     22.225    28.8561    28.8575   5.873798   5.874032     3.0891     2.6032       4.20   26.59764  -82.69584    0.00246    0.00224          1  0.000e+00
      10401    433.333     22.091     22.238    28.8558    28.8578   5.873718   5.874056     3.0891     2.6032       4.18   26.59764  -82.69584    0.00245    0.00212          1  0.000e+00
      10402    433.375     22.091     22.238    28.8552    28.8579   5.873655   5.874088     3.0891     2.6032       4.18   26.59764  -82.69584    0.00243    0.00201          1  0.000e+00
      10403    433.417     22.078     22.225    28.8554    28.8583   5.873607   5.874137     3.0891     2.6020       4.18   26.59764  -82.69584    0.00243    0.00188          1  0.000e+00
      10404    433.458     22.091     22.238    28.8557    28.8587   5.873702   5.874080     3.0891     2.6032       4.18   26.59764  -82.69584    0.00242    0.00176          1  0.000e+00
      10405    433.500     22.091     22.238    28.8560    28.8585   5.873758   5.874129     3.0891     2.6020       4.20   26.59764  -82.69584    0.00241    0.00162          1  0.000e+00
      12487    520.250      3.109      3.130    28.6174    28.6261   5.805270   5.807622     3.1294     2.6484      22.32   26.59770  -82.69584    0.00022    0.00315          2  0.000e+00
      12488    520.292      3.055      3.076    28.6172    28.6257   5.805262   5.807606     3.1294     2.6484      22.32   26.59770  -82.69584    0.00024    0.00317          2  0.000e+00
      12489    520.333      3.001      3.021    28.6174    28.6257   5.805309   5.807534     3.1294     2.6484      22.34   26.59770  -82.69584    0.00025    0.00318          2  0.000e+00
      12490    520.375      2.961      2.980    28.6174    28.6253   5.805277   5.807470     3.1294     2.6484      22.32   26.59770  -82.69584    0.00026    0.00319          2  0.000e+00
      12491    520.417      3.055      3.076    28.6176    28.6255   5.805293   5.807462     3.1294     2.6484      22.32   26.59770  -82.69584    0.00027    0.00319          2  0.000e+00
      12492    520.458      3.008      3.028    28.6174    28.6255   5.805246   5.807438     3.1294     2.6471      22.32   26.59770  -82.69584    0.00028    0.00317          2  0.000e+00
      12493    520.500      3.055      3.076    28.6174    28.6253   5.805254   5.807454     3.1294     2.6484      22.32   26.59770  -82.69584    0.00029    0.00317          2  0.000e+00
      12494    520.542      3.008      3.028    28.6174    28.6257   5.805262   5.807574     3.1282     2.6484      22.32   26.59770  -82.69584    0.00026    0.00317          2  0.000e+00
      12495    520.583      3.008      3.028    28.6174    28.6264   5.805222   5.807742     3.1294     2.6471      22.32   26.59770  -82.69584    0.00026    0.00314          2  0.000e+00
      12496    520.625      3.055      3.076    28.6174    28.6271   5.805262   5.807894     3.1294     2.6471      22.34   26.59770  -82.69584    0.00025    0.00312          2  0.000e+00
      12497    520.667      3.001      3.021    28.6180    28.6270   5.805404   5.807942     3.1282     2.6471      22.32   26.59770  -82.69584    0.00022    0.00309          2  0.000e+00
      12498    520.708      3.055      3.076    28.6183    28.6274   5.805554   5.808006     3.1294     2.6471      22.32   26.59770  -82.69584    0.00022    0.00305          2  0.000e+00
      12499    520.750      3.055      3.076    28.6185    28.6277   5.805625   5.808150     3.1294     2.6459      22.32   26.59770  -82.69584    0.00019    0.00300          2  0.000e+00
      12500    520.792      3.008      3.028    28.6187    28.6288   5.805617   5.808526     3.1294     2.6459      22.30   26.59770  -82.69584    0.00017    0.00292          2  0.000e+00
      12501    520.833      3.109      3.130    28.6181    28.6296   5.805562   5.808646     3.1294     2.6459      22.27   26.59770  -82.69584    0.00014    0.00285          2  0.000e+00
      12502    520.875      3.008      3.028    28.6185    28.6292   5.805546   5.808518     3.1294     2.6459      22.27   26.59770  -82.69584    0.00012    0.00277          2  0.000e+00
      12503    520.917      3.109      3.130    28.6185    28.6286   5.805364   5.808390     3.1294     2.6459      22.27   26.59770  -82.69584    0.00009    0.00269          2  0.000e+00
      12504    520.958      3.103      3.123    28.6185    28.6286   5.805356   5.808398     3.1282     2.6459      22.27   26.59770  -82.69584    0.00005    0.00260          2  0.000e+00
      12505    521.000      3.109      3.130    28.6181    28.6297   5.805499   5.808526     3.1282     2.6447      22.27   26.59770  -82.69584   -0.00001    0.00250          2  0.000e+00
      12506    521.042      3.109      3.130    28.6180    28.6301   5.805475   5.808590     3.1282     2.6447      22.27   26.59770  -82.69584   -0.00007    0.00239          2  0.000e+00
      12507    521.083      3.109      3.130    28.6183    28.6292   5.805522   5.808502     3.1282     2.6459      22.27   26.59770  -82.69584   -0.00012    0.00229          2  0.000e+00
      12508    521.125      3.157      3.178    28.6187    28.6285   5.805633   5.808318     3.1282     2.6459      22.27   26.59770  -82.69584   -0.00018    0.00220          2  0.000e+00
      12509    521.167      3.157      3.178    28.6187    28.6286   5.805641   5.808374     3.1294     2.6447      22.27   26.59770  -82.69584   -0.00023    0.00208          2  0.000e+00
      12510    521.208      3.157      3.178    28.6189    28.6292   5.805712   5.808526     3.1294     2.6459      22.27   26.59770  -82.69584   -0.00027    0.00198          2  0.000e+00
      12511    521.250      3.157      3.178    28.6189    28.6294   5.805735   5.808694     3.1282     2.6447      22.27   26.59770  -82.69584   -0.00032    0.00188          2  0.000e+00
      12512    521.292      3.197      3.219    28.6187    28.6312   5.805680   5.809238     3.1294     2.6459      22.27   26.59770  -82.69584   -0.00035    0.00179          2  0.000e+00
      12513    521.333      3.204      3.225    28.6185    28.6320   5.805467   5.809631     3.1294     2.6447      22.25   26.59770  -82.69584   -0.00038    0.00168          2  0.000e+00
      12514    521.375      3.204      3.225    28.6174    28.6333   5.805151   5.809879     3.1294     2.6447      22.27   26.59770  -82.69584   -0.00040    0.00157          2  0.000e+00
      12515    521.417      3.258      3.280    28.6176    28.6334   5.805286   5.809967     3.1294     2.6447      22.27   26.59770  -82.69584   -0.00043    0.00148          2  0.000e+00
      12516    521.458      3.258      3.280    28.6181    28.6338   5.805443   5.810103     3.1294     2.6447      22.27   26.59770  -82.69584   -0.00046    0.00138          2  0.000e+00
      12517    521.500      3.258      3.280    28.6178    28.6342   5.805420   5.810047     3.1294     2.6447      22.27   26.59770  -82.69584   -0.00049    0.00128          2  0.000e+00
      12518    521.542      3.306      3.328    28.6183    28.6340   5.805578   5.809967     3.1294     2.6447      22.27   26.59770  -82.69584   -0.00053    0.00118          2  0.000e+00
      12519    521.583      3.306      3.328    28.6191    28.6344   5.805783   5.810039     3.1294     2.6447      22.27   26.59770  -82.69584   -0.00056    0.00110          2  0.000e+00
      12520    521.625      3.299      3.321    28.6194    28.6346   5.805917   5.810103     3.1294     2.6447      22.27   26.59770  -82.69584   -0.00059    0.00102          2  0.000e+00
      12521    521.667      3.306      3.328    28.6200    28.6346   5.806004   5.810279     3.1294     2.6447      22.27   26.59770  -82.69584   -0.00060    0.00093          2  0.000e+00
      12522    521.708      3.306      3.328    28.6202    28.6355   5.806130   5.810455     3.1294     2.6447      22.27   26.59770  -82.69584   -0.00062    0.00086          2  0.000e+00
      12523    521.750      3.353      3.375    28.6202    28.6363   5.806130   5.810575     3.1294     2.6447      22.25   26.59770  -82.69584   -0.00063    0.00079          2  0.000e+00
