Gulf of Mexico/GOMECC-4/1db/rb2103_0791.ros
* Sea-Bird SBE 9 Data File:
* FileName = C:\Users\scs.user.rb\CTD\GOMECC4\data\rb2103_0791.hex
* Software Version Seasave V 7.26.7.107
* Temperature SN = 4799
* Conductivity SN = 3860
* Number of Bytes Per Scan = 41
* Number of Voltage Words = 4
* Number of Scans Averaged by the Deck Unit = 1
* NMEA Latitude = 22 16.43 N
* NMEA Longitude = 097 21.67 W
* NMEA UTC (Time) = Oct 06 2021  04:28:40
* NMEA baud rate = 4800
# nquan = 17
# nvalues = 1862                                  
# units = specified
# name 0 = scan: Scan Count
# name 1 = timeS: Time, Elapsed [seconds]
# name 2 = depSM: Depth [salt water, m]
# name 3 = prDM: Pressure, Digiquartz [db]
# name 4 = t090C: Temperature [ITS-90, deg C]
# name 5 = t190C: Temperature, 2 [ITS-90, deg C]
# name 6 = c0S/m: Conductivity [S/m]
# name 7 = c1S/m: Conductivity, 2 [S/m]
# name 8 = sbeox0V: Oxygen raw, SBE 43 [V]
# name 9 = sbeox1V: Oxygen raw, SBE 43, 2 [V]
# name 10 = altM: Altimeter [m]
# name 11 = latitude: Latitude [deg]
# name 12 = longitude: Longitude [deg]
# name 13 = sbox0dV/dT: Oxygen, SBE 43 [dov/dt]
# name 14 = sbox1dV/dT: Oxygen, SBE 43, 2 [dov/dt]
# name 15 = nbf: Bottles Fired
# name 16 = flag:  0.000e+00
# interval = seconds: 0.0416667
# start_time = Oct 06 2021 04:28:40 [NMEA time, header]
# bad_flag = -9.990e-29
*END*
[from data line 1618]
      45885   1911.833      3.604      3.627    29.4374    29.4396   5.960300   5.960658     3.1490     2.6618     100.00   22.27404  -97.36176    0.00006   -0.00193         13  0.000e+00
      45886   1911.875      3.550      3.572    29.4375    29.4398   5.960300   5.960666     3.1490     2.6606     100.00   22.27404  -97.36176    0.00004   -0.00192         13  0.000e+00
      45887   1911.917      3.604      3.627    29.4373    29.4396   5.960284   5.960723     3.1490     2.6606     100.00   22.27404  -97.36176    0.00002   -0.00191         13  0.000e+00
      45888   1911.958      3.550      3.572    29.4376    29.4396   5.960292   5.960674     3.1502     2.6606     100.00   22.27404  -97.36176    0.00002   -0.00190         13  0.000e+00
      45889   1912.000      3.604      3.627    29.4375    29.4396   5.960300   5.960698     3.1502     2.6606     100.00   22.27404  -97.36176    0.00001   -0.00189         13  0.000e+00
      45890   1912.042      3.550      3.572    29.4377    29.4397   5.960372   5.960739     3.1490     2.6593     100.00   22.27404  -97.36176   -0.00001   -0.00190         13  0.000e+00
      45891   1912.083      3.503      3.525    29.4376    29.4394   5.960284   5.960706     3.1502     2.6593     100.00   22.27404  -97.36176   -0.00001   -0.00190         13  0.000e+00
      45892   1912.125      3.597      3.620    29.4379    29.4396   5.960324   5.960698     3.1502     2.6581     100.00   22.27404  -97.36176   -0.00002   -0.00188         13  0.000e+00
      45893   1912.167      3.503      3.525    29.4375    29.4396   5.960308   5.960674     3.1502     2.6581     100.00   22.27404  -97.36176   -0.00002   -0.00188         13  0.000e+00
      45894   1912.208      3.550      3.572    29.4378    29.4396   5.960332   5.960650     3.1502     2.6569     100.00   22.27404  -97.36176   -0.00003   -0.00190         13  0.000e+00
      45895   1912.250      3.503      3.525    29.4377    29.4396   5.960308   5.960650     3.1514     2.6569     100.00   22.27404  -97.36176   -0.00002   -0.00189         13  0.000e+00
      45896   1912.292      3.503      3.525    29.4377    29.4397   5.960300   5.960698     3.1514     2.6557     100.00   22.27404  -97.36176   -0.00000   -0.00190         13  0.000e+00
      45897   1912.333      3.503      3.525    29.4378    29.4398   5.960300   5.960698     3.1514     2.6557     100.00   22.27404  -97.36176    0.00002   -0.00190         13  0.000e+00
      45898   1912.375      3.455      3.477    29.4377    29.4398   5.960332   5.960698     3.1514     2.6545     100.00   22.27404  -97.36176    0.00005   -0.00192         13  0.000e+00
      45899   1912.417      3.503      3.525    29.4377    29.4398   5.960348   5.960674     3.1514     2.6545     100.00   22.27404  -97.36176    0.00008   -0.00193         13  0.000e+00
      45900   1912.458      3.503      3.525    29.4376    29.4396   5.960300   5.960723     3.1514     2.6545     100.00   22.27404  -97.36176    0.00011   -0.00194         13  0.000e+00
      45901   1912.500      3.455      3.477    29.4377    29.4400   5.960332   5.960706     3.1526     2.6545     100.00   22.27404  -97.36176    0.00015   -0.00195         13  0.000e+00
      45902   1912.542      3.496      3.518    29.4375    29.4400   5.960348   5.960731     3.1526     2.6545     100.00   22.27404  -97.36176    0.00019   -0.00195         13  0.000e+00
      45903   1912.583      3.455      3.477    29.4378    29.4398   5.960308   5.960723     3.1526     2.6545     100.00   22.27404  -97.36176    0.00024   -0.00195         13  0.000e+00
      45904   1912.625      3.503      3.525    29.4375    29.4400   5.960332   5.960698     3.1514     2.6545     100.00   22.27404  -97.36176    0.00026   -0.00194         13  0.000e+00
      45905   1912.667      3.455      3.477    29.4375    29.4396   5.960308   5.960731     3.1526     2.6545     100.00   22.27404  -97.36176    0.00030   -0.00193         13  0.000e+00
      45906   1912.708      3.455      3.477    29.4376    29.4398   5.960300   5.960723     3.1526     2.6545     100.00   22.27404  -97.36176    0.00035   -0.00192         13  0.000e+00
      45907   1912.750      3.455      3.477    29.4375    29.4397   5.960300   5.960698     3.1526     2.6545     100.00   22.27404  -97.36176    0.00039   -0.00190         13  0.000e+00
      45908   1912.792      3.455      3.477    29.4374    29.4398   5.960260   5.960731     3.1526     2.6545     100.00   22.27404  -97.36176    0.00043   -0.00190         13  0.000e+00
      45909   1912.833      3.503      3.525    29.4377    29.4398   5.960324   5.960723     3.1514     2.6545     100.00   22.27404  -97.36176    0.00045   -0.00191         13  0.000e+00
      45910   1912.875      3.455      3.477    29.4373    29.4398   5.960308   5.960666     3.1514     2.6557     100.00   22.27404  -97.36176    0.00047   -0.00186         13  0.000e+00
      45911   1912.917      3.455      3.477    29.4378    29.4396   5.960300   5.960650     3.1514     2.6557     100.00   22.27404  -97.36176    0.00049   -0.00185         13  0.000e+00
      45912   1912.958      3.347      3.368    29.4373    29.4398   5.960324   5.960723     3.1514     2.6557     100.00   22.27404  -97.36176    0.00049   -0.00185         13  0.000e+00
      45913   1913.000      3.550      3.573    29.4375    29.4398   5.960308   5.960690     3.1514     2.6557     100.00   22.27404  -97.36176    0.00049   -0.00183         13  0.000e+00
      45914   1913.042      3.456      3.477    29.4374    29.4400   5.960300   5.960723     3.1514     2.6569     100.00   22.27404  -97.36176    0.00050   -0.00179         13  0.000e+00
      45915   1913.083      3.456      3.477    29.4375    29.4398   5.960300   5.960747     3.1514     2.6569     100.00   22.27404  -97.36176    0.00050   -0.00175         13  0.000e+00
      45916   1913.125      3.503      3.525    29.4373    29.4402   5.960300   5.960690     3.1514     2.6581     100.00   22.27404  -97.36176    0.00050   -0.00169         13  0.000e+00
      45917   1913.167      3.456      3.477    29.4374    29.4400   5.960260   5.960763     3.1514     2.6581     100.00   22.27404  -97.36176    0.00050   -0.00163         13  0.000e+00
      45918   1913.208      3.456      3.477    29.4375    29.4400   5.960284   5.960723     3.1514     2.6593     100.00   22.27404  -97.36176    0.00049   -0.00154         13  0.000e+00
      45919   1913.250      3.503      3.525    29.4373    29.4398   5.960300   5.960674     3.1514     2.6593     100.00   22.27404  -97.36176    0.00049   -0.00149         13  0.000e+00
      45920   1913.292      3.456      3.477    29.4372    29.4398   5.960300   5.960723     3.1514     2.6593     100.00   22.27404  -97.36176    0.00049   -0.00143         13  0.000e+00
      45921   1913.333      3.456      3.477    29.4373    29.4398   5.960300   5.960747     3.1514     2.6593     100.00   22.27404  -97.36176    0.00049   -0.00137         13  0.000e+00
      45922   1913.375      3.503      3.525    29.4373    29.4398   5.960332   5.960674     3.1514     2.6593     100.00   22.27404  -97.36176    0.00048   -0.00132         13  0.000e+00
      45923   1913.417      3.496      3.518    29.4374    29.4396   5.960308   5.960698     3.1502     2.6593     100.00   22.27404  -97.36176    0.00046   -0.00129         13  0.000e+00
      45924   1913.458      3.456      3.477    29.4375    29.4396   5.960324   5.960698     3.1502     2.6593     100.00   22.27404  -97.36176    0.00044   -0.00125         13  0.000e+00
      45925   1913.500      3.503      3.525    29.4373    29.4398   5.960308   5.960698     3.1502     2.6606     100.00   22.27404  -97.36176    0.00043   -0.00119         13  0.000e+00
      45926   1913.542      3.503      3.525    29.4374    29.4398   5.960300   5.960715     3.1502     2.6606     100.00   22.27404  -97.36176    0.00041   -0.00114         13  0.000e+00
      45927   1913.583      3.503      3.525    29.4375    29.4400   5.960332   5.960739     3.1502     2.6606     100.00   22.27404  -97.36176    0.00040   -0.00110         13  0.000e+00
      45928   1913.625      3.550      3.573    29.4373    29.4398   5.960308   5.960747     3.1490     2.6606      90.67   22.27404  -97.36176    0.00036   -0.00108         13  0.000e+00
      45929   1913.667      3.503      3.525    29.4374    29.4404   5.960228   5.960763     3.1502     2.6618      49.96   22.27404  -97.36176    0.00036   -0.00103         13  0.000e+00
      45930   1913.708      3.550      3.573    29.4373    29.4407   5.960276   5.960787     3.1502     2.6630      33.60   22.27404  -97.36176    0.00035   -0.00097         13  0.000e+00
      45931   1913.750      3.550      3.573    29.4377    29.4408   5.960260   5.960755     3.1490     2.6618      33.16   22.27404  -97.36176    0.00033   -0.00094         13  0.000e+00
      45932   1913.792      3.550      3.573    29.4374    29.4407   5.960284   5.960779     3.1490     2.6630      34.92   22.27404  -97.36176    0.00030   -0.00089         13  0.000e+00
      45933   1913.833      3.598      3.620    29.4375    29.4407   5.960332   5.960771     3.1490     2.6618      35.56   22.27404  -97.36176    0.00026   -0.00085         13  0.000e+00
      45934   1913.875      3.605      3.627    29.4371    29.4404   5.960276   5.960787     3.1502     2.6642      35.56   22.27404  -97.36176    0.00026   -0.00078         13  0.000e+00
      45935   1913.917      3.605      3.627    29.4374    29.4400   5.960324   5.960755     3.1502     2.6630      35.46   22.27404  -97.36176    0.00025   -0.00074         13  0.000e+00
      45936   1913.958      3.605      3.627    29.4375    29.4404   5.960300   5.960723     3.1502     2.6642      35.43   22.27404  -97.36176    0.00025   -0.00065         13  0.000e+00
      45937   1914.000      3.605      3.627    29.4373    29.4404   5.960292   5.960771     3.1502     2.6654      35.43   22.27404  -97.36176    0.00024   -0.00055         13  0.000e+00
      45938   1914.042      3.652      3.675    29.4374    29.4404   5.960332   5.960796     3.1490     2.6630      35.43   22.27404  -97.36176    0.00022   -0.00049         13  0.000e+00
      45939   1914.083      3.652      3.675    29.4375    29.4405   5.960308   5.960771     3.1514     2.6630      35.43   22.27404  -97.36176    0.00024   -0.00041         13  0.000e+00
      45940   1914.125      3.699      3.723    29.4375    29.4404   5.960300   5.960788     3.1514     2.6654      35.43   22.27404  -97.36176    0.00027   -0.00031         13  0.000e+00
      45941   1914.167      3.652      3.675    29.4378    29.4405   5.960300   5.960796     3.1502     2.6654      35.43   22.27404  -97.36176    0.00024   -0.00020         13  0.000e+00
      45942   1914.208      3.699      3.723    29.4377    29.4404   5.960332   5.960755     3.1502     2.6654      35.43   22.27404  -97.36176    0.00024   -0.00009         13  0.000e+00
      45943   1914.250      3.754      3.777    29.4377    29.4405   5.960348   5.960796     3.1502     2.6654      35.43   22.27404  -97.36176    0.00021    0.00003         13  0.000e+00
      45944   1914.292      3.693      3.716    29.4376    29.4405   5.960348   5.960796     3.1502     2.6654      35.43   22.27404  -97.36176    0.00021    0.00014         13  0.000e+00
      45945   1914.333      3.754      3.777    29.4375    29.4407   5.960348   5.960796     3.1502     2.6642      35.43   22.27404  -97.36176    0.00020    0.00023         13  0.000e+00
      45946   1914.375      3.699      3.723    29.4379    29.4407   5.960380   5.960739     3.1502     2.6630      35.43   22.27404  -97.36176    0.00018    0.00030         13  0.000e+00
      45947   1914.417      3.801      3.825    29.4383    29.4407   5.960428   5.960771     3.1502     2.6642      35.43   22.27404  -97.36176    0.00017    0.00039         13  0.000e+00
      45948   1914.458      3.754      3.777    29.4384    29.4408   5.960436   5.960796     3.1514     2.6654      35.43   22.27404  -97.36176    0.00017    0.00050         13  0.000e+00
      45949   1914.500      3.801      3.825    29.4388    29.4411   5.960484   5.960796     3.1502     2.6654      35.43   22.27404  -97.36176    0.00016    0.00061         13  0.000e+00
      45950   1914.542      3.754      3.777    29.4391    29.4409   5.960452   5.960852     3.1514     2.6654      35.43   22.27404  -97.36176    0.00017    0.00071         13  0.000e+00
      45951   1914.583      3.801      3.825    29.4384    29.4411   5.960404   5.960852     3.1502     2.6654      35.43   22.27404  -97.36176    0.00016    0.00082         13  0.000e+00
      45952   1914.625      3.801      3.825    29.4384    29.4407   5.960396   5.960844     3.1514     2.6654      63.00   22.27404  -97.36176    0.00017    0.00092         13  0.000e+00
      45953   1914.667      3.801      3.825    29.4387    29.4411   5.960428   5.960820     3.1514     2.6654      95.56   22.27404  -97.36176    0.00018    0.00100         13  0.000e+00
      45954   1914.708      3.801      3.825    29.4388    29.4406   5.960444   5.960836     3.1514     2.6654     100.00   22.27404  -97.36176    0.00019    0.00110         13  0.000e+00
      45955   1914.750      3.794      3.818    29.4388    29.4411   5.960404   5.960804     3.1514     2.6654     100.00   22.27404  -97.36176    0.00020    0.00119         13  0.000e+00
      45956   1914.792      3.848      3.873    29.4387    29.4407   5.960468   5.960812     3.1514     2.6654     100.00   22.27404  -97.36176    0.00021    0.00127         13  0.000e+00
      45957   1914.833      3.849      3.873    29.4384    29.4409   5.960452   5.960796     3.1514     2.6654     100.00   22.27404  -97.36176    0.00024    0.00135         13  0.000e+00
      45958   1914.875      3.801      3.825    29.4386    29.4409   5.960444   5.960868     3.1514     2.6654      99.98   22.27404  -97.36176    0.00025    0.00142         13  0.000e+00
      45959   1914.917      3.801      3.825    29.4385    29.4404   5.960444   5.960852     3.1514     2.6654     100.00   22.27404  -97.36176    0.00026    0.00150         13  0.000e+00
      45960   1914.958      3.849      3.873    29.4384    29.4408   5.960468   5.960788     3.1514     2.6654     100.00   22.27404  -97.36176    0.00026    0.00157         13  0.000e+00
      45961   1915.000      3.801      3.825    29.4384    29.4407   5.960380   5.960820     3.1514     2.6654     100.00   22.27404  -97.36176    0.00027    0.00165         13  0.000e+00
      45962   1915.042      3.849      3.873    29.4385    29.4405   5.960380   5.960804     3.1514     2.6654     100.00   22.27404  -97.36176    0.00028    0.00172         13  0.000e+00
      45963   1915.083      3.801      3.825    29.4383    29.4407   5.960396   5.960812     3.1514     2.6630     100.00   22.27404  -97.36176    0.00029    0.00176         13  0.000e+00
      45964   1915.125      3.801      3.825    29.4384    29.4407   5.960428   5.960796     3.1514     2.6630     100.00   22.27404  -97.36176    0.00031    0.00179         13  0.000e+00
      45965   1915.167      3.849      3.873    29.4383    29.4407   5.960444   5.960828     3.1526     2.6654     100.00   22.27404  -97.36176    0.00035    0.00184         13  0.000e+00
      45966   1915.208      3.794      3.818    29.4383    29.4404   5.960444   5.960747     3.1526     2.6642     100.00   22.27404  -97.36176    0.00038    0.00187         13  0.000e+00
      45967   1915.250      3.801      3.825    29.4386    29.4405   5.960444   5.960771     3.1526     2.6630     100.00   22.27404  -97.36176    0.00040    0.00189         13  0.000e+00
      45968   1915.292      3.754      3.777    29.4389    29.4407   5.960404   5.960828     3.1526     2.6642     100.00   22.27404  -97.36176    0.00042    0.00192         13  0.000e+00
