Gulf of Mexico/GOMECC-4/1db/rb2103_0421.cnv
* Sea-Bird SBE 9 Data File:
* FileName = C:\Users\scs.user.rb\CTD\GOMECC4\data\rb2103_0421.hex
* Software Version Seasave V 7.26.7.107
* Temperature SN = 4799
* Conductivity SN = 3860
* Number of Bytes Per Scan = 41
* Number of Voltage Words = 4
* Number of Scans Averaged by the Deck Unit = 1
* NMEA Latitude = 28 14.68 N
* NMEA Longitude = 089 59.18 W
* NMEA UTC (Time) = Sep 26 2021  04:34:16
* NMEA baud rate = 4800
# nquan = 28
# nvalues = 296                         
# units = specified
# name 0 = scan: Scan Count
# name 1 = timeS: Time, Elapsed [seconds]
# name 2 = depSM: Depth [salt water, m]
# name 3 = prDM: Pressure, Digiquartz [db]
# name 4 = t090C: Temperature [ITS-90, deg C]
# name 5 = t190C: Temperature, 2 [ITS-90, deg C]
# name 6 = c0S/m: Conductivity [S/m]
# name 7 = c1S/m: Conductivity, 2 [S/m]
# name 8 = sbeox0V: Oxygen raw, SBE 43 [V]
# name 9 = sbeox1V: Oxygen raw, SBE 43, 2 [V]
# name 10 = altM: Altimeter [m]
# name 11 = latitude: Latitude [deg]
# name 12 = longitude: Longitude [deg]
# name 13 = sbox0dV/dT: Oxygen, SBE 43 [dov/dt]
# name 14 = sbox1dV/dT: Oxygen, SBE 43, 2 [dov/dt]
# name 15 = sbeox0ML/L: Oxygen, SBE 43 [ml/l], WS = 5
# name 16 = sbeox1ML/L: Oxygen, SBE 43, 2 [ml/l], WS = 5
# name 17 = potemp090C: Potential Temperature [ITS-90, deg C]
# name 18 = potemp190C: Potential Temperature, 2 [ITS-90, deg C]
# name 19 = sal00: Salinity, Practical [PSU]
# name 20 = sal11: Salinity, Practical, 2 [PSU]
# name 21 = sigma-é00: Density [sigma-theta, kg/m^3]
# name 22 = sigma-é11: Density, 2 [sigma-theta, kg/m^3]
# name 23 = avgsvCM: Average Sound Velocity [Chen-Millero, m/s], minP = 20, minS = 20
# name 24 = sbox0Mm/Kg: Oxygen, SBE 43 [umol/kg], WS = 5
# name 25 = sbox1Mm/Kg: Oxygen, SBE 43, 2 [umol/kg], WS = 5
# name 26 = nbin: number of scans per bin
# name 27 = flag: flag
# span 0 =       5930,      40781       
# span 1 =    247.041,   1699.181       
# span 2 =      1.987,    190.631       
# span 3 =      2.000,    192.000       
# span 4 =    14.2869,    28.7515       
# span 5 =    14.2868,    28.7518       
# span 6 =   4.322347,   5.890808       
# span 7 =   4.322188,   5.890907       
# span 8 =     1.8458,     3.1539       
# span 9 =     1.5283,     2.6811       
# span 10 =      10.02,     101.56      
# span 11 =   28.10685,   28.58363      
# span 12 =  -91.06589,  -89.54476      
# span 13 =   -0.02557,    0.01827      
# span 14 =   -0.02252,    0.01677      
# span 15 =     2.7561,     4.4143      
# span 16 =     2.7854,     4.4207      
# span 17 =    14.2602,    28.7491      
# span 18 =    14.2600,    28.7495      
# span 19 =    35.8566,    36.9443      
# span 20 =    35.8553,    36.9437      
# span 21 =    22.9597,    26.8074      
# span 22 =    22.9598,    26.8069      
# span 23 =       0.00,    1543.78      
# span 24 =    119.877,    192.699      
# span 25 =    121.152,    192.979      
# span 26 =         30,         72      
# span 27 = 0.0000e+00, 0.0000e+00      
# interval = decibars: 1                
# start_time = Sep 26 2021 04:34:16 [NMEA time, header]
# bad_flag = -9.990e-29
*END*
[from data line 156]
      16532    688.794    186.661    188.000    14.3083    14.3104   4.324943   4.325331     1.8462     1.5298      13.75   28.24520  -89.98720    0.00014    0.00035     2.7620     2.7951    14.2805    14.2826    35.8577    35.8575    26.7904    26.7898    1528.97    120.131    121.573         49 0.0000e+00
      16590    691.200    185.669    187.000    14.3055    14.3091   4.324571   4.324857     1.8463     1.5293      14.78   28.24520  -89.98720    0.00010   -0.00006     2.7621     2.7936    14.2779    14.2815    35.8587    35.8579    26.7917    26.7904    1528.97    120.136    121.508         67 0.0000e+00
      16651    693.760    184.676    186.000    14.2969    14.3009   4.323620   4.323981     1.8462     1.5287      15.69   28.24520  -89.98720   -0.00004   -0.00038     2.7622     2.7921    14.2695    14.2735    35.8582    35.8579    26.7932    26.7921    1528.97    120.142    121.440         45 0.0000e+00
      16694    695.548    183.684    185.000    14.2964    14.2943   4.323529   4.323143     1.8462     1.5288      16.64   28.24520  -89.98720    0.00001   -0.00010     2.7619     2.7925    14.2691    14.2670    35.8581    35.8567    26.7932    26.7925    1528.97    120.128    121.457         51 0.0000e+00
      16760    698.291    182.692    184.000    14.2919    14.2899   4.322988   4.322644     1.8463     1.5300      17.77   28.24520  -89.98720   -0.00002    0.00038     2.7619     2.7955    14.2648    14.2627    35.8579    35.8565    26.7939    26.7933    1528.97    120.126    121.590         60 0.0000e+00
      16839    701.602    180.707    182.000    14.2875    14.2893   4.322903   4.322958     1.8469     1.5310      19.48   28.25014  -90.00295    0.00018    0.00023     2.7629     2.7975    14.2607    14.2625    35.8616    35.8624    26.7980    26.7983    1529.24    120.169    121.676         38 0.0000e+00
      16880    703.304    179.714    181.000    14.2869    14.2868   4.322347   4.322188     1.8468     1.5308      20.60   28.24520  -89.98720    0.00001    0.00023     2.7625     2.7968    14.2602    14.2600    35.8572    35.8565    26.7944    26.7939    1528.97    120.155    121.644         50 0.0000e+00
      16927    705.235    178.722    180.000    14.2963    14.2932   4.323257   4.322859     1.8471     1.5308      21.51   28.24520  -89.98720    0.00017   -0.00005     2.7623     2.7960    14.2697    14.2667    35.8580    35.8571    26.7930    26.7929    1528.97    120.145    121.612         39 0.0000e+00
      16961    706.655    177.729    179.000    14.3103    14.3087   4.324861   4.324670     1.8469     1.5311      22.43   28.24520  -89.98720    0.00007    0.00002     2.7605     2.7955    14.2838    14.2822    35.8603    35.8600    26.7917    26.7918    1528.97    120.065    121.587         31 0.0000e+00
      16990    707.854    176.737    178.000    14.3237    14.3270   4.326627   4.326897     1.8475     1.5306      23.23   28.24520  -89.98720    0.00003    0.00009     2.7604     2.7937    14.2974    14.3007    35.8632    35.8631    26.7910    26.7902    1528.97    120.062    121.509         30 0.0000e+00
      17023    709.240    175.744    177.000    14.3617    14.3664   4.330904   4.331152     1.8477     1.5310      24.36   28.24520  -89.98720    0.00022   -0.00006     2.7586     2.7909    14.3355    14.3401    35.8695    35.8681    26.7877    26.7856    1528.97    119.985    121.391         35 0.0000e+00
      17063    710.917    174.752    176.000    14.3756    14.3717   4.332518   4.332039     1.8484     1.5310      25.54   28.24520  -89.98720    0.00036    0.00003     2.7591     2.7903    14.3496    14.3457    35.8720    35.8712    26.7866    26.7868    1528.97    120.006    121.363         43 0.0000e+00
      17101    712.481    173.759    175.000    14.3941    14.3972   4.334658   4.334744     1.8487     1.5311      26.46   28.24520  -89.98720    0.00029    0.00012     2.7581     2.7888    14.3682    14.3713    35.8751    35.8744    26.7850    26.7838    1528.97    119.964    121.298         33 0.0000e+00
      17133    713.815    172.767    174.000    14.4151    14.4191   4.337060   4.337460     1.8490     1.5311      27.40   28.24520  -89.98720    0.00023    0.00005     2.7573     2.7870    14.3893    14.3933    35.8783    35.8783    26.7829    26.7821    1528.97    119.927    121.219         33 0.0000e+00
      17170    715.384    171.774    173.000    14.4350    14.4420   4.339385   4.340113     1.8497     1.5318      28.44   28.24520  -89.98720    0.00032    0.00013     2.7573     2.7870    14.4093    14.4163    35.8818    35.8821    26.7813    26.7800    1528.97    119.930    121.220         42 0.0000e+00
      17212    717.140    170.782    172.000    14.4514    14.4543   4.341106   4.341510     1.8499     1.5326      29.48   28.24520  -89.98720    0.00029    0.00041     2.7565     2.7880    14.4258    14.4287    35.8830    35.8841    26.7787    26.7789    1528.97    119.896    121.264         38 0.0000e+00
      17245    718.508    169.789    171.000    14.4615    14.4654   4.342400   4.342827     1.8507     1.5336      30.32   28.24520  -89.98719    0.00027    0.00047     2.7575     2.7898    14.4360    14.4399    35.8861    35.8864    26.7788    26.7782    1528.97    119.936    121.342         31 0.0000e+00
      17333    722.182    166.812    168.000    14.5354    14.5294   4.350338   4.349821     1.8525     1.5338      33.27   28.24252  -89.97866    0.00050    0.00006     2.7561     2.7854    14.5104    14.5043    35.8914    35.8922    26.7666    26.7686    1528.82    119.877    121.152         39 0.0000e+00
      17376    723.973    165.819    167.000    14.5639    14.5627   4.353405   4.353391     1.8541     1.5350      34.43   28.24520  -89.98720    0.00067    0.00006     2.7578     2.7861    14.5366    14.5378    35.8968    35.8956    26.7653    26.7641    1528.97    119.951    121.185         42 0.0000e+00
      17413    725.512    164.827    166.000    14.6408    14.6417   4.362329   4.361515     1.8557     1.5371      35.28   28.24520  -89.98720    0.00087    0.00076     2.7566     2.7870    14.6160    14.6168    35.9062    35.9050    26.7553    26.7542    1528.97    119.902    121.224         33 0.0000e+00
      17447    726.922    163.834    165.000    14.7862    14.7660   4.380384   4.377693     1.8600     1.5410      36.29   28.24520  -89.98720    0.00149    0.00159     2.7572     2.7888    14.7613    14.7411    35.9386    35.9325    26.7485    26.7483    1528.97    119.930    121.304         35 0.0000e+00
      17482    728.391    162.842    164.000    14.8796    14.8867   4.390694   4.391346     1.8663     1.5475      37.18   28.24520  -89.98720    0.00298    0.00299     2.7663     2.7983    14.8548    14.8618    35.9474    35.9469    26.7348    26.7328    1528.97    120.326    121.720         35 0.0000e+00
      17516    729.777    161.849    163.000    14.9548    14.9808   4.399959   4.402795     1.8720     1.5534      38.31   28.24520  -89.98720    0.00406    0.00406     2.7748     2.8077    14.9300    14.9560    35.9635    35.9655    26.7306    26.7264    1528.97    120.698    122.126         33 0.0000e+00
      17551    731.240    160.856    162.000    15.0733    15.0790   4.413358   4.414512     1.8775     1.5596      39.19   28.24520  -89.98720    0.00405    0.00431     2.7804     2.8176    15.0485    15.0542    35.9773    35.9826    26.7150    26.7178    1528.97    120.940    122.561         37 0.0000e+00
      17590    732.885    159.864    161.000    15.1249    15.1192   4.419790   4.419248     1.8846     1.5646      40.34   28.24520  -89.98720    0.00402    0.00394     2.7936     2.8280    15.1002    15.0945    35.9890    35.9893    26.7126    26.7141    1528.97    121.518    123.012         40 0.0000e+00
      17626    734.393    158.871    160.000    15.1577    15.1551   4.423829   4.423604     1.8894     1.5678      41.23   28.24520  -89.98720    0.00393    0.00282     2.8027     2.8337    15.1331    15.1305    35.9961    35.9964    26.7107    26.7115    1528.97    121.913    123.261         32 0.0000e+00
      17715    738.072    155.894    157.000    15.3625    15.3736   4.447886   4.449556     1.9032     1.5806      44.16   28.24798  -89.99605    0.00374    0.00344     2.8217     2.8532    15.3382    15.3500    36.0290    36.0315    26.6904    26.6893    1529.12    122.742    124.111         33 0.0000e+00
      17748    739.453    154.901    156.000    15.3935    15.4127   4.451558   4.453699     1.9073     1.5848      45.16   28.24520  -89.98720    0.00371    0.00345     2.8292     2.8609    15.3693    15.3885    36.0333    36.0351    26.6865    26.6836    1528.97    123.069    124.449         36 0.0000e+00
      17781    740.835    153.909    155.000    15.4299    15.4275   4.455777   4.455157     1.9119     1.5887      46.20   28.24520  -89.98720    0.00325    0.00312     2.8373     2.8697    15.4058    15.4034    36.0386    36.0351    26.6824    26.6803    1528.97    123.423    124.829         30 0.0000e+00
      17837    743.163    151.923    153.000    15.5816    15.5823   4.473820   4.473670     1.9203     1.5960      48.02   28.24743  -89.99431    0.00336    0.00277     2.8467     2.8784    15.5576    15.5584    36.0644    36.0625    26.6681    26.6665    1529.09    123.833    125.211         30 0.0000e+00
      17869    744.511    150.931    152.000    15.6632    15.6622   4.482932   4.482684     1.9284     1.6034      49.15   28.24520  -89.98720    0.00424    0.00382     2.8606     2.8924    15.6393    15.6383    36.0717    36.0704    26.6551    26.6542    1528.97    124.438    125.820         38 0.0000e+00
      17908    746.119    149.938    151.000    15.6967    15.7380   4.486808   4.491474     1.9361     1.6123      50.13   28.24520  -89.98720    0.00533    0.00534     2.8764     2.9104    15.6729    15.7142    36.0765    36.0807    26.6510    26.6449    1528.97    125.125    126.605         37 0.0000e+00
      17941    747.510    148.945    150.000    15.7787    15.7589   4.496722   4.494661     1.9427     1.6184      51.07   28.24520  -89.98720    0.00496    0.00527     2.8861     2.9243    15.7551    15.7352    36.0912    36.0907    26.6436    26.6478    1528.97    125.550    127.209         31 0.0000e+00
      17972    748.797    147.953    149.000    15.8469    15.8411   4.505104   4.505053     1.9488     1.6236      52.02   28.24520  -89.98720    0.00464    0.00449     2.8958     2.9320    15.8233    15.8175    36.1047    36.1072    26.6384    26.6417    1528.97    125.971    127.546         31 0.0000e+00
      18004    750.121    146.960    148.000    16.0174    16.2117   4.524787   4.546817     1.9567     1.6328      53.01   28.24520  -89.98720    0.00498    0.00467     2.9067     2.9388    15.9938    16.1880    36.1345    36.1461    26.6221    26.5860    1528.97    126.448    127.846         33 0.0000e+00
      18036    751.454    145.968    147.000    16.3499    16.4667   4.563462   4.579409     1.9697     1.6482      83.11   28.24520  -89.98720    0.00639    0.00708     2.9116     2.9554    16.3261    16.4427    36.1692    36.2047    26.5716    26.5715    1528.97    126.668    128.570         31 0.0000e+00
      18069    752.817    144.975    146.000    16.6865    16.8007   4.604481   4.618864     1.9899     1.6697      55.34   28.24520  -89.98720    0.00988    0.01146     2.9363     2.9887    16.6625    16.7766    36.2279    36.2514    26.5376    26.5286    1528.97    127.746    130.028         35 0.0000e+00
      18106    754.384    143.982    145.000    17.0523    17.1746   4.647643   4.662213     2.0174     1.6922      56.05   28.24520  -89.98720    0.01476    0.01474     2.9750     3.0221    17.0290    17.1503    36.2776    36.2948    26.4883    26.4723    1528.97    129.436    131.485         38 0.0000e+00
      18140    755.792    142.990    144.000    17.3166    17.3448   4.680751   4.682776     2.0367     1.7038      57.03   28.24520  -89.98720    0.01650    0.01334     3.0022     3.0400    17.2924    17.3206    36.3293    36.3216    26.4645    26.4518    1528.97    130.622    132.266         30 0.0000e+00
      18535    772.242    139.019    140.000    17.7976    17.7848   4.737292   4.735360     2.0631     1.7220      61.23   28.24467  -89.98546    0.00094    0.00041     3.0294     3.0560    17.7735    17.7608    36.3898    36.3826    26.3931    26.3907    1528.94    131.814    132.974         45 0.0000e+00
      19467    811.090    138.027    139.000    17.9361    17.9270   4.754107   4.753183     2.0794     1.7386      62.16   28.24524  -89.98722   -0.00019    0.00018     3.0567     3.0878    17.9121    17.9030    36.4127    36.4116    26.3764    26.3778    1528.97    133.004    134.356         49 0.0000e+00
      19596    816.472    137.034    138.000    17.9576    17.9450   4.756926   4.755370     2.0828     1.7416      63.09   28.24524  -89.98722    0.00040    0.00061     3.0625     3.0937    17.9337    17.9212    36.4170    36.4148    26.3743    26.3758    1528.97    133.258    134.613         64 0.0000e+00
      19666    819.363    136.041    137.000    18.0421    17.9503   4.767422   4.755855     2.0902     1.7421      64.08   28.24524  -89.98722    0.00194    0.00048     3.0732     3.0938    18.0184    17.9267    36.4300    36.4151    26.3633    26.3747    1528.97    133.723    134.620         56 0.0000e+00
      19716    821.468    135.048    136.000    18.0803    17.9675   4.771968   4.758093     2.0964     1.7431      65.06   28.24524  -89.98722    0.00325   -0.00001     3.0842     3.0952    18.0567    17.9440    36.4373    36.4189    26.3593    26.3733    1528.97    134.201    134.680         57 0.0000e+00
      19784    824.311    134.056    135.000    18.1603    18.0336   4.781307   4.767810     2.1077     1.7483      66.10   28.24524  -89.98723    0.00356    0.00160     3.1027     3.1034    18.1367    18.0102    36.4465    36.4325    26.3464    26.3672    1528.97    135.010    135.035         61 0.0000e+00
      19837    826.489    133.063    134.000    18.2589    18.2307   4.793433   4.789898     2.1139     1.7604      66.94   28.24524  -89.98722    0.00344    0.00406     3.1106     3.1202    18.2355    18.2073    36.4629    36.4578    26.3342    26.3374    1528.97    135.357    135.772         44 0.0000e+00
      19883    828.397    132.070    133.000    18.3691    18.3879   4.806819   4.808889     2.1186     1.7703      70.93   28.24524  -89.98723    0.00281    0.00569     3.1134     3.1341    18.3458    18.3646    36.4795    36.4805    26.3192    26.3152    1528.97    135.481    136.382         50 0.0000e+00
      19936    830.636    131.077    132.000    18.3974    18.4066   4.809908   4.811183     2.1165     1.7654      75.55   28.24524  -89.98724    0.00055    0.00098     3.1066     3.1207    18.3742    18.3834    36.4811    36.4838    26.3132    26.3130    1528.97    135.184    135.799         51 0.0000e+00
      19979    832.426    130.085    131.000    18.4867    18.4675   4.819713   4.817521     2.1137     1.7615      69.78   28.24524  -89.98724   -0.00143   -0.00251     3.0950     3.1066    18.4636    18.4446    36.4857    36.4849    26.2942    26.2987    1528.97    134.681    135.185         39 0.0000e+00
      20022    834.198    129.092    130.000    18.5877    18.6209   4.831777   4.835266     2.1022     1.7508      70.46   28.24524  -89.98724   -0.00339   -0.00362     3.0616     3.0713    18.5660    18.5978    36.4978    36.4992    26.2775    26.2704    1528.97    133.228    133.655         46 0.0000e+00
      20063    835.931    128.100    129.000    18.6628    18.7870   4.839323   4.854618     2.0930     1.7417      59.62   28.24524  -89.98724   -0.00573   -0.00574     3.0366     3.0389    18.6399    18.7640    36.4968    36.5164    26.2579    26.2412    1528.97    132.146    132.247         37 0.0000e+00
