Gulf of Mexico/GOMECC-4/1db/rb2103_0821.cnv
* Sea-Bird SBE 9 Data File:
* FileName = C:\Users\scs.user.rb\CTD\GOMECC4\data\rb2103_0821.hex
* Software Version Seasave V 7.26.7.107
* Temperature SN = 4799
* Conductivity SN = 3860
* Number of Bytes Per Scan = 41
* Number of Voltage Words = 4
* Number of Scans Averaged by the Deck Unit = 1
* NMEA Latitude = 22 16.54 N
* NMEA Longitude = 095 35.27 W
* NMEA UTC (Time) = Oct 06 2021  22:50:02
* NMEA baud rate = 4800
# nquan = 28
# nvalues = 976                         
# units = specified
# name 0 = scan: Scan Count
# name 1 = timeS: Time, Elapsed [seconds]
# name 2 = depSM: Depth [salt water, m]
# name 3 = prDM: Pressure, Digiquartz [db]
# name 4 = t090C: Temperature [ITS-90, deg C]
# name 5 = t190C: Temperature, 2 [ITS-90, deg C]
# name 6 = c0S/m: Conductivity [S/m]
# name 7 = c1S/m: Conductivity, 2 [S/m]
# name 8 = sbeox0V: Oxygen raw, SBE 43 [V]
# name 9 = sbeox1V: Oxygen raw, SBE 43, 2 [V]
# name 10 = altM: Altimeter [m]
# name 11 = latitude: Latitude [deg]
# name 12 = longitude: Longitude [deg]
# name 13 = sbox0dV/dT: Oxygen, SBE 43 [dov/dt]
# name 14 = sbox1dV/dT: Oxygen, SBE 43, 2 [dov/dt]
# name 15 = sbeox0ML/L: Oxygen, SBE 43 [ml/l], WS = 5
# name 16 = sbeox1ML/L: Oxygen, SBE 43, 2 [ml/l], WS = 5
# name 17 = potemp090C: Potential Temperature [ITS-90, deg C]
# name 18 = potemp190C: Potential Temperature, 2 [ITS-90, deg C]
# name 19 = sal00: Salinity, Practical [PSU]
# name 20 = sal11: Salinity, Practical, 2 [PSU]
# name 21 = sigma-é00: Density [sigma-theta, kg/m^3]
# name 22 = sigma-é11: Density, 2 [sigma-theta, kg/m^3]
# name 23 = avgsvCM: Average Sound Velocity [Chen-Millero, m/s], minP = 20, minS = 20
# name 24 = sbox0Mm/Kg: Oxygen, SBE 43 [umol/kg], WS = 5
# name 25 = sbox1Mm/Kg: Oxygen, SBE 43, 2 [umol/kg], WS = 5
# name 26 = nbin: number of scans per bin
# name 27 = flag: flag
# span 0 =      12221,     231714       
# span 1 =    509.163,   9654.688       
# span 2 =      0.994,   2979.777       
# span 3 =      1.000,   3020.000       
# span 4 =     4.2756,    29.7622       
# span 5 =     4.2762,    29.7662       
# span 6 =   3.345702,   6.014704       
# span 7 =   3.345683,   6.015252       
# span 8 =     1.5624,     3.3934       
# span 9 =     1.2651,     2.9061       
# span 10 =      10.94,     101.89      
# span 11 =   21.52081,   22.46482      
# span 12 =  -96.40962,  -92.35855      
# span 13 =   -0.06147,    0.04151      
# span 14 =   -0.05287,    0.04061      
# span 15 =     2.3637,     5.1246      
# span 16 =     2.3761,     5.1430      
# span 17 =     4.0784,    29.7580      
# span 18 =     4.0794,    29.7620      
# span 19 =    34.9132,    36.5390      
# span 20 =    34.9121,    36.5398      
# span 21 =    22.0451,    27.7583      
# span 22 =    22.0448,    27.7571      
# span 23 =       0.00,    1562.33      
# span 24 =    102.780,    223.469      
# span 25 =    103.321,    224.273      
# span 26 =         30,         74      
# span 27 = 0.0000e+00, 0.0000e+00      
# interval = decibars: 1                
# start_time = Oct 06 2021 22:50:02 [NMEA time, header]
# bad_flag = -9.990e-29
*END*
[from data line 259]
      50126   2088.542   1248.347   1260.000     4.4916     4.4919   3.351920   3.351903     1.9384     1.6189     100.00   22.27581  -95.58928    0.00024    0.00044     4.4131     4.4479     4.3881     4.3885    34.9592    34.9586    27.7122    27.7117    1498.55    191.774    193.288         30 0.0000e+00
      50330   2097.061   1256.249   1268.000     4.4793     4.4797   3.351137   3.351123     1.9408     1.6204     100.00   22.27534  -95.58729    0.00012    0.00022     4.4277     4.4597     4.3752     4.3756    34.9592    34.9586    27.7136    27.7131    1498.45    192.410    193.801         31 0.0000e+00
      50486   2103.544   1262.176   1274.000     4.4741     4.4744   3.350987   3.350954     1.9419     1.6217      72.29   22.27560  -95.58838    0.00018    0.00022     4.4361     4.4692     4.3696     4.3699    34.9597    34.9590    27.7146    27.7140    1498.43    192.772    194.212         33 0.0000e+00
      50667   2111.092   1269.090   1281.000     4.4675     4.4677   3.350679   3.350654     1.9437     1.6225     100.00   22.27545  -95.58774    0.00029    0.00034     4.4472     4.4773     4.3623     4.3626    34.9596    34.9591    27.7154    27.7149    1498.37    193.257    194.562         30 0.0000e+00
      50816   2117.273   1275.015   1287.000     4.4587     4.4590   3.350100   3.350091     1.9435     1.6227     100.00   22.27495  -95.58556    0.00000   -0.00001     4.4513     4.4825     4.3531     4.3535    34.9598    34.9593    27.7165    27.7161    1498.30    193.432    194.788         31 0.0000e+00
      50850   2118.711   1276.003   1288.000     4.4577     4.4583   3.350162   3.350152     1.9437     1.6230     100.00   22.27558  -95.58828    0.00009    0.00004     4.4524     4.4842     4.3521     4.3527    34.9603    34.9596    27.7170    27.7164    1498.33    193.484    194.863         33 0.0000e+00
      51027   2126.085   1282.917   1295.000     4.4528     4.4532   3.350018   3.349989     1.9447     1.6236     100.00   22.27538  -95.58743    0.00023   -0.00002     4.4610     4.4914     4.3466     4.3469    34.9603    34.9596    27.7176    27.7170    1498.27    193.853    195.176         32 0.0000e+00
      51181   2132.491   1288.843   1301.000     4.4440     4.4444   3.349544   3.349519     1.9452     1.6240     100.00   22.27570  -95.58881    0.00011    0.00004     4.4673     4.4975     4.3373     4.3377    34.9611    34.9605    27.7193    27.7187    1498.26    194.129    195.441         38 0.0000e+00
      51333   2138.826   1294.768   1307.000     4.4348     4.4351   3.348989   3.348959     1.9463     1.6263      78.23   22.27550  -95.58795    0.00025    0.00045     4.4761     4.5116     4.3276     4.3279    34.9613    34.9607    27.7205    27.7199    1498.20    194.510    196.052         33 0.0000e+00
      51722   2155.055   1309.581   1322.000     4.4190     4.4194   3.348294   3.348270     1.9487     1.6264     100.00   22.27574  -95.58887    0.00015    0.00001     4.4955     4.5227     4.3106     4.3110    34.9624    34.9618    27.7232    27.7226    1498.13    195.354    196.536         31 0.0000e+00
      52057   2169.017   1322.418   1335.000     4.4065     4.4068   3.347802   3.347768     1.9507     1.6298     100.00   22.27599  -95.58993    0.00013    0.00033     4.5121     4.5454     4.2970     4.2973    34.9634    34.9627    27.7255    27.7249    1498.07    196.074    197.522         34 0.0000e+00
      52179   2174.083   1327.355   1340.000     4.4047     4.4049   3.347778   3.347743     1.9503     1.6289     100.00   22.27538  -95.58731   -0.00021   -0.00009     4.5136     4.5451     4.2948     4.2950    34.9626    34.9619    27.7250    27.7245    1498.00    196.142    197.508         30 0.0000e+00
      52209   2175.346   1328.343   1341.000     4.4046     4.4050   3.347845   3.347821     1.9504     1.6288     100.00   22.27560  -95.58826   -0.00011   -0.00006     4.5146     4.5451     4.2947     4.2950    34.9629    34.9622    27.7253    27.7247    1498.00    196.181    197.507         30 0.0000e+00
      52363   2181.756   1334.267   1347.000     4.3950     4.3954   3.347284   3.347258     1.9501     1.6288      89.66   22.27567  -95.58852   -0.00002    0.00001     4.5182     4.5498     4.2846     4.2850    34.9634    34.9627    27.7268    27.7262    1497.97    196.337    197.714         31 0.0000e+00
      53375   2223.899   1372.771   1386.000     4.3654     4.3658   3.346380   3.346353     1.9532     1.6313     100.00   22.27563  -95.58836   -0.00003   -0.00009     4.5566     4.5869     4.2517     4.2521    34.9648    34.9641    27.7315    27.7308    1497.76    198.009    199.322         30 0.0000e+00
      53559   2231.599   1379.682   1393.000     4.3603     4.3607   3.346227   3.346207     1.9526     1.6314     100.00   22.27555  -95.58801   -0.00009   -0.00001     4.5591     4.5920     4.2460     4.2464    34.9649    34.9643    27.7321    27.7316    1497.73    198.113    199.545         30 0.0000e+00
      53924   2246.780   1393.502   1407.000     4.3540     4.3542   3.346294   3.346264     1.9534     1.6320     100.00   22.27569  -95.58864    0.00010    0.00010     4.5710     4.6033     4.2384     4.2387    34.9655    34.9649    27.7335    27.7329    1497.67    198.633    200.038         30 0.0000e+00
      54079   2253.245   1399.424   1413.000     4.3502     4.3506   3.346210   3.346180     1.9535     1.6313     100.00   22.27555  -95.58801    0.00001   -0.00002     4.5754     4.6048     4.2341     4.2345    34.9655    34.9648    27.7339    27.7333    1497.64    198.824    200.099         35 0.0000e+00
      54624   2275.976   1420.152   1434.000     4.3410     4.3413   3.346254   3.346222     1.9532     1.6311     100.00   22.27518  -95.58636   -0.00005   -0.00007     4.5883     4.6179     4.2231     4.2234    34.9654    34.9647    27.7350    27.7344    1497.52    199.385    200.670         30 0.0000e+00
      54656   2277.286   1421.139   1435.000     4.3409     4.3413   3.346351   3.346322     1.9532     1.6313     100.00   22.27562  -95.58826   -0.00013   -0.00003     4.5886     4.6190     4.2229     4.2233    34.9662    34.9655    27.7357    27.7350    1497.54    199.396    200.716         30 0.0000e+00
      54965   2290.170   1432.982   1447.000     4.3355     4.3359   3.346371   3.346347     1.9526     1.6302     100.00   22.27543  -95.58753    0.00004   -0.00005     4.5943     4.6225     4.2165     4.2168    34.9662    34.9655    27.7363    27.7358    1497.49    199.643    200.871         32 0.0000e+00
      55643   2318.418   1458.641   1473.000     4.3256     4.3260   3.346614   3.346588     1.9514     1.6298      86.23   22.27542  -95.58749   -0.00003   -0.00001     4.6069     4.6378     4.2043     4.2047    34.9667    34.9660    27.7380    27.7374    1497.39    200.190    201.536         32 0.0000e+00
      55675   2319.741   1459.627   1474.000     4.3252     4.3256   3.346648   3.346617     1.9512     1.6298     100.13   22.27559  -95.58828   -0.00005    0.00003     4.6065     4.6384     4.2037     4.2041    34.9671    34.9663    27.7384    27.7378    1497.40    200.172    201.558         30 0.0000e+00
      55801   2324.980   1464.561   1479.000     4.3240     4.3244   3.346782   3.346755     1.9513     1.6292     100.00   22.27579  -95.58917    0.00009   -0.00008     4.6103     4.6393     4.2021     4.2025    34.9675    34.9667    27.7389    27.7383    1497.39    200.337    201.601         37 0.0000e+00
      56135   2338.904   1477.389   1492.000     4.3210     4.3214   3.347014   3.346989     1.9507     1.6280     100.00   22.27526  -95.58693   -0.00002   -0.00003     4.6162     4.6428     4.1980     4.1984    34.9669    34.9662    27.7389    27.7383    1497.32    200.596    201.752         30 0.0000e+00
      56167   2340.261   1478.376   1493.000     4.3211     4.3215   3.347106   3.347075     1.9507     1.6279     100.00   22.27558  -95.58828   -0.00004   -0.00008     4.6167     4.6430     4.1979     4.1983    34.9675    34.9667    27.7394    27.7387    1497.33    200.616    201.758         32 0.0000e+00
      56293   2345.510   1483.309   1498.000     4.3179     4.3183   3.347024   3.347000     1.9499     1.6278     100.00   22.27547  -95.58782   -0.00015    0.00005     4.6170     4.6459     4.1943     4.1947    34.9673    34.9667    27.7396    27.7391    1497.31    200.630    201.885         32 0.0000e+00
      56420   2350.805   1488.242   1503.000     4.3171     4.3175   3.347118   3.347095     1.9497     1.6278      97.29   22.27511  -95.58627   -0.00005    0.00005     4.6196     4.6489     4.1931     4.1935    34.9669    34.9661    27.7394    27.7388    1497.27    200.743    202.015         30 0.0000e+00
      56452   2352.139   1489.229   1504.000     4.3171     4.3175   3.347231   3.347208     1.9497     1.6276      97.00   22.27558  -95.58828   -0.00005   -0.00003     4.6200     4.6485     4.1929     4.1934    34.9677    34.9670    27.7401    27.7395    1497.30    200.760    202.000         31 0.0000e+00
      56762   2365.026   1501.069   1516.000     4.3136     4.3140   3.347432   3.347403     1.9487     1.6269     100.00   22.27563  -95.58850    0.00001    0.00001     4.6240     4.6537     4.1883     4.1887    34.9679    34.9672    27.7408    27.7401    1497.26    200.935    202.222         30 0.0000e+00
      57152   2381.300   1515.867   1531.000     4.3095     4.3100   3.347697   3.347666     1.9476     1.6255     100.00   22.27548  -95.58781   -0.00021   -0.00012     4.6293     4.6575     4.1830     4.1834    34.9680    34.9671    27.7413    27.7407    1497.21    201.163    202.392         32 0.0000e+00
      57280   2386.606   1520.799   1536.000     4.3081     4.3086   3.347746   3.347713     1.9468     1.6247      99.95   22.27522  -95.58669   -0.00017   -0.00015     4.6296     4.6575     4.1811     4.1815    34.9675    34.9667    27.7412    27.7405    1497.18    201.176    202.390         30 0.0000e+00
      57311   2387.903   1521.786   1537.000     4.3079     4.3083   3.347821   3.347789     1.9466     1.6249     100.00   22.27560  -95.58830   -0.00021    0.00002     4.6292     4.6590     4.1808     4.1812    34.9682    34.9674    27.7418    27.7411    1497.21    201.159    202.454         30 0.0000e+00
      57411   2392.089   1525.732   1541.000     4.3077     4.3081   3.347954   3.347931     1.9465     1.6246     100.00   22.27548  -95.58769   -0.00004   -0.00008     4.6313     4.6600     4.1802     4.1806    34.9680    34.9674    27.7417    27.7411    1497.19    201.250    202.497         30 0.0000e+00
      57856   2410.645   1542.502   1558.000     4.3034     4.3038   3.348338   3.348305     1.9459     1.6239      70.40   22.27579  -95.58907   -0.00006    0.00007     4.6398     4.6679     4.1743     4.1747    34.9688    34.9680    27.7430    27.7423    1497.17    201.621    202.841         31 0.0000e+00
      58013   2417.160   1548.420   1564.000     4.3020     4.3024   3.348494   3.348467     1.9450     1.6233     100.00   22.27592  -95.58965   -0.00014   -0.00001     4.6402     4.6693     4.1724     4.1728    34.9691    34.9684    27.7434    27.7428    1497.16    201.638    202.904         31 0.0000e+00
      58456   2435.613   1565.188   1581.000     4.2989     4.2993   3.348903   3.348878     1.9438     1.6215      98.34   22.27568  -95.58863   -0.00002   -0.00027     4.6462     4.6727     4.1677     4.1681    34.9690    34.9683    27.7438    27.7432    1497.12    201.899    203.049         30 0.0000e+00
      58580   2440.781   1570.119   1586.000     4.2977     4.2981   3.348971   3.348942     1.9430     1.6213     100.00   22.27531  -95.58706   -0.00017   -0.00003     4.6466     4.6750     4.1661     4.1665    34.9685    34.9678    27.7436    27.7430    1497.08    201.916    203.151         32 0.0000e+00
      58614   2442.195   1571.106   1587.000     4.2976     4.2980   3.349038   3.349010     1.9428     1.6214     100.00   22.27558  -95.58830   -0.00021   -0.00003     4.6464     4.6762     4.1659     4.1662    34.9690    34.9683    27.7440    27.7434    1497.09    201.907    203.202         32 0.0000e+00
      58735   2447.237   1576.037   1592.000     4.2972     4.2976   3.349171   3.349145     1.9426     1.6204      79.82   22.27528  -95.58699   -0.00005   -0.00018     4.6487     4.6752     4.1650     4.1654    34.9685    34.9678    27.7437    27.7431    1497.06    202.008    203.158         32 0.0000e+00
      58769   2448.670   1577.023   1593.000     4.2974     4.2977   3.349277   3.349248     1.9426     1.6204     100.67   22.27558  -95.58830   -0.00009   -0.00005     4.6493     4.6755     4.1651     4.1654    34.9691    34.9684    27.7442    27.7436    1497.08    202.031    203.173         33 0.0000e+00
      58890   2453.695   1581.954   1598.000     4.2949     4.2953   3.349229   3.349206     1.9415     1.6198      99.23   22.27527  -95.58696   -0.00025   -0.00017     4.6483     4.6767     4.1622     4.1625    34.9687    34.9681    27.7442    27.7436    1497.05    201.987    203.224         30 0.0000e+00
      58924   2455.135   1582.941   1599.000     4.2949     4.2952   3.349307   3.349279     1.9417     1.6202     100.02   22.27558  -95.58830   -0.00007   -0.00006     4.6496     4.6788     4.1620     4.1624    34.9692    34.9685    27.7446    27.7440    1497.07    202.046    203.313         36 0.0000e+00
      59048   2460.294   1587.872   1604.000     4.2947     4.2950   3.349479   3.349450     1.9416     1.6201     100.00   22.27541  -95.58758   -0.00003   -0.00004     4.6526     4.6815     4.1614     4.1617    34.9689    34.9683    27.7444    27.7438    1497.05    202.175    203.432         30 0.0000e+00
      59079   2461.580   1588.858   1605.000     4.2947     4.2951   3.349549   3.349517     1.9414     1.6199     100.00   22.27557  -95.58830   -0.00005   -0.00008     4.6522     4.6812     4.1613     4.1617    34.9693    34.9685    27.7447    27.7441    1497.06    202.160    203.420         30 0.0000e+00
      59230   2467.889   1594.775   1611.000     4.2943     4.2946   3.349729   3.349703     1.9407     1.6192      96.83   22.27531  -95.58725   -0.00004   -0.00019     4.6534     4.6821     4.1604     4.1607    34.9689    34.9682    27.7445    27.7440    1497.03    202.211    203.459         31 0.0000e+00
      59263   2469.245   1595.761   1612.000     4.2943     4.2947   3.349798   3.349776     1.9405     1.6190      97.47   22.27558  -95.58830   -0.00014   -0.00010     4.6531     4.6818     4.1603     4.1606    34.9692    34.9686    27.7448    27.7443    1497.05    202.197    203.445         32 0.0000e+00
      59385   2474.314   1600.692   1617.000     4.2927     4.2931   3.349832   3.349803     1.9400     1.6182     100.00   22.27521  -95.58674   -0.00009   -0.00021     4.6545     4.6818     4.1582     4.1586    34.9689    34.9681    27.7447    27.7441    1497.02    202.257    203.446         30 0.0000e+00
      59417   2475.679   1601.678   1618.000     4.2924     4.2928   3.349892   3.349872     1.9400     1.6179     100.00   22.27558  -95.58831   -0.00006   -0.00024     4.6552     4.6812     4.1578     4.1582    34.9694    34.9687    27.7452    27.7446    1497.04    202.290    203.417         33 0.0000e+00
      59597   2483.186   1608.581   1625.000     4.2902     4.2906   3.349972   3.349940     1.9398     1.6178     100.00   22.27538  -95.58744   -0.00002   -0.00001     4.6590     4.6852     4.1549     4.1554    34.9693    34.9685    27.7454    27.7447    1497.02    202.453    203.593         33 0.0000e+00
      59631   2484.570   1609.567   1626.000     4.2903     4.2907   3.350046   3.350014     1.9395     1.6178      99.65   22.27558  -95.58832   -0.00008   -0.00007     4.6584     4.6860     4.1549     4.1553    34.9696    34.9688    27.7456    27.7450    1497.03    202.426    203.628         31 0.0000e+00
