Gulf of Mexico/GOMECC-4/1db/rb2103_0041.ros
* Sea-Bird SBE 9 Data File:
* FileName = C:\Users\scs.user.rb\CTD\GOMECC4\data\rb2103_004.hex
* Software Version Seasave V 7.26.7.107
* Temperature SN = 4799
* Conductivity SN = 3860
* Number of Bytes Per Scan = 41
* Number of Voltage Words = 4
* Number of Scans Averaged by the Deck Unit = 1
* NMEA Latitude = 26 59.65 N
* NMEA Longitude = 079 51.52 W
* NMEA UTC (Time) = Sep 14 2021  23:37:43
* NMEA baud rate = 4800
# nquan = 17
# nvalues = 2261                                  
# units = specified
# name 0 = scan: Scan Count
# name 1 = timeS: Time, Elapsed [seconds]
# name 2 = depSM: Depth [salt water, m]
# name 3 = prDM: Pressure, Digiquartz [db]
# name 4 = t090C: Temperature [ITS-90, deg C]
# name 5 = t190C: Temperature, 2 [ITS-90, deg C]
# name 6 = c0S/m: Conductivity [S/m]
# name 7 = c1S/m: Conductivity, 2 [S/m]
# name 8 = sbeox0V: Oxygen raw, SBE 43 [V]
# name 9 = sbeox1V: Oxygen raw, SBE 43, 2 [V]
# name 10 = altM: Altimeter [m]
# name 11 = latitude: Latitude [deg]
# name 12 = longitude: Longitude [deg]
# name 13 = sbox0dV/dT: Oxygen, SBE 43 [dov/dt]
# name 14 = sbox1dV/dT: Oxygen, SBE 43, 2 [dov/dt]
# name 15 = nbf: Bottles Fired
# name 16 = flag:  0.000e+00
# interval = seconds: 0.0416667
# start_time = Sep 14 2021 23:37:43 [NMEA time, header]
# bad_flag = -9.990e-29
*END*
[from data line 766]
      46372   1932.125    119.192    120.016    20.1689    20.1738   4.999236   4.999907     2.2466     1.8926     100.00   27.00620  -79.85836    0.00004    0.00089          6  0.000e+00
      46373   1932.167    119.237    120.061    20.1691    20.1749   4.999258   5.000012     2.2479     1.8926     100.00   27.00620  -79.85836    0.00003    0.00089          6  0.000e+00
      46374   1932.208    119.252    120.077    20.1690    20.1755   4.999258   5.000073     2.2479     1.8926     100.00   27.00620  -79.85836    0.00001    0.00088          6  0.000e+00
      46375   1932.250    119.192    120.016    20.1691    20.1757   4.999206   5.000042     2.2479     1.8926     100.00   27.00620  -79.85836    0.00002    0.00087          6  0.000e+00
      46376   1932.292    119.192    120.016    20.1682    20.1753   4.999206   4.999997     2.2479     1.8926     100.00   27.00620  -79.85836    0.00003    0.00086          6  0.000e+00
      46377   1932.333    119.252    120.077    20.1682    20.1749   4.999192   4.999967     2.2466     1.8926     100.00   27.00620  -79.85836   -0.00000    0.00085          6  0.000e+00
      46378   1932.375    119.252    120.077    20.1684    20.1741   4.999206   4.999915     2.2466     1.8926     100.00   27.00620  -79.85836   -0.00002    0.00084          6  0.000e+00
      46379   1932.417    119.252    120.077    20.1685    20.1738   4.999162   4.999877     2.2466     1.8926     100.00   27.00620  -79.85836   -0.00003    0.00083          6  0.000e+00
      46380   1932.458    119.192    120.016    20.1687    20.1739   4.999206   4.999937     2.2479     1.8926     100.00   27.00620  -79.85836   -0.00002    0.00082          6  0.000e+00
      46381   1932.500    119.237    120.061    20.1693    20.1742   4.999214   4.999952     2.2479     1.8926     100.00   27.00620  -79.85836   -0.00002    0.00081          6  0.000e+00
      46382   1932.542    119.192    120.016    20.1696    20.1752   4.999258   5.000088     2.2466     1.8913     100.00   27.00620  -79.85836   -0.00003    0.00078          6  0.000e+00
      46383   1932.583    119.252    120.077    20.1696    20.1761   4.999288   5.000178     2.2466     1.8926     100.00   27.00620  -79.85836   -0.00004    0.00076          6  0.000e+00
      46384   1932.625    119.192    120.016    20.1693    20.1761   4.999273   5.000170     2.2466     1.8926     100.00   27.00620  -79.85836   -0.00007    0.00075          6  0.000e+00
      46385   1932.667    119.252    120.077    20.1697    20.1761   4.999303   5.000140     2.2466     1.8926     100.00   27.00620  -79.85836   -0.00008    0.00073          6  0.000e+00
      46386   1932.708    119.252    120.077    20.1701    20.1754   4.999295   5.000088     2.2479     1.8926     100.00   27.00620  -79.85836   -0.00007    0.00072          6  0.000e+00
      46387   1932.750    119.192    120.016    20.1706    20.1746   4.999407   5.000005     2.2466     1.8926     100.00   27.00620  -79.85836   -0.00008    0.00070          6  0.000e+00
      46388   1932.792    119.192    120.016    20.1704    20.1738   4.999421   4.999937     2.2466     1.8913     100.00   27.00620  -79.85836   -0.00009    0.00067          6  0.000e+00
      46389   1932.833    119.192    120.016    20.1708    20.1733   4.999369   4.999877     2.2466     1.8926     100.00   27.00620  -79.85836   -0.00012    0.00065          6  0.000e+00
      46390   1932.875    119.237    120.061    20.1713    20.1721   4.999355   4.999772     2.2466     1.8926     100.00   27.00620  -79.85836   -0.00013    0.00063          6  0.000e+00
      46391   1932.917    119.252    120.077    20.1713    20.1717   4.999281   4.999652     2.2479     1.8926     100.00   27.00620  -79.85836   -0.00012    0.00061          6  0.000e+00
      46392   1932.958    119.192    120.016    20.1717    20.1716   4.999421   4.999584     2.2479     1.8926     100.00   27.00620  -79.85836   -0.00011    0.00060          6  0.000e+00
      46393   1933.000    119.192    120.016    20.1727    20.1719   4.999503   4.999667     2.2479     1.8926     100.00   27.00620  -79.85836   -0.00010    0.00058          6  0.000e+00
      46394   1933.042    119.192    120.016    20.1724    20.1726   4.999518   4.999765     2.2466     1.8913     100.00   27.00620  -79.85836   -0.00011    0.00052          6  0.000e+00
      46395   1933.083    119.252    120.077    20.1722    20.1729   4.999547   4.999817     2.2479     1.8926     100.00   27.00620  -79.85836   -0.00011    0.00050          6  0.000e+00
      46396   1933.125    119.139    119.962    20.1726    20.1732   4.999555   4.999825     2.2479     1.8926     100.00   27.00620  -79.85836   -0.00010    0.00048          6  0.000e+00
      46397   1933.167    119.252    120.077    20.1727    20.1738   4.999495   4.999892     2.2479     1.8913     100.00   27.00620  -79.85836   -0.00009    0.00044          6  0.000e+00
      46398   1933.208    119.177    120.001    20.1727    20.1742   4.999436   4.999967     2.2466     1.8926     100.00   27.00620  -79.85836   -0.00010    0.00041          6  0.000e+00
      46399   1933.250    119.192    120.016    20.1724    20.1749   4.999369   5.000020     2.2479     1.8926     100.00   27.00620  -79.85836   -0.00009    0.00039          6  0.000e+00
      46400   1933.292    119.192    120.016    20.1722    20.1754   4.999384   5.000072     2.2479     1.8926     100.00   27.00620  -79.85836   -0.00008    0.00036          6  0.000e+00
      46401   1933.333    119.192    120.016    20.1717    20.1756   4.999355   5.000110     2.2479     1.8926     100.00   27.00620  -79.85836   -0.00007    0.00034          6  0.000e+00
      46402   1933.375    119.253    120.077    20.1717    20.1754   4.999384   5.000065     2.2479     1.8926     100.00   27.00620  -79.85836   -0.00006    0.00031          6  0.000e+00
      46403   1933.417    119.139    119.963    20.1717    20.1753   4.999384   5.000005     2.2479     1.8926     100.00   27.00620  -79.85836   -0.00005    0.00030          6  0.000e+00
      50184   2090.958     90.426     91.045    22.9543    22.9366   5.288374   5.286925     2.7973     2.3846     100.00   27.00748  -79.85824   -0.00003    0.00183          7  0.000e+00
      50185   2091.000     90.033     90.649    22.9534    22.9343   5.288351   5.286686     2.7973     2.3846      90.38   27.00748  -79.85824   -0.00005    0.00178          7  0.000e+00
      50186   2091.042     90.124     90.740    22.9539    22.9352   5.288472   5.286748     2.7973     2.3846      80.98   27.00748  -79.85824   -0.00005    0.00173          7  0.000e+00
      50187   2091.083     90.093     90.710    22.9543    22.9375   5.288586   5.286948     2.7973     2.3846      78.93   27.00748  -79.85824   -0.00004    0.00169          7  0.000e+00
      50188   2091.125     90.199     90.816    22.9545    22.9387   5.288700   5.287140     2.7973     2.3846      79.44   27.00748  -79.85824   -0.00006    0.00163          7  0.000e+00
      50189   2091.167     90.146     90.763    22.9557    22.9402   5.288791   5.287278     2.7985     2.3858      79.90   27.00748  -79.85824   -0.00004    0.00159          7  0.000e+00
      50190   2091.208     90.124     90.740    22.9567    22.9411   5.288920   5.287332     2.7973     2.3846      79.98   27.00748  -79.85824   -0.00006    0.00153          7  0.000e+00
      50191   2091.250     90.093     90.710    22.9572    22.9411   5.288988   5.287386     2.7973     2.3846      79.95   27.00748  -79.85824   -0.00006    0.00146          7  0.000e+00
      50192   2091.292     90.199     90.816    22.9594    22.9419   5.289094   5.287470     2.7973     2.3846      79.93   27.00748  -79.85824   -0.00006    0.00142          7  0.000e+00
      50193   2091.333     90.093     90.710    22.9622    22.9434   5.289231   5.287586     2.7985     2.3858      79.93   27.00748  -79.85824   -0.00004    0.00139          7  0.000e+00
      50194   2091.375     90.124     90.740    22.9637    22.9441   5.289299   5.287624     2.7985     2.3846      79.93   27.00748  -79.85824   -0.00002    0.00134          7  0.000e+00
      50195   2091.417     90.146     90.763    22.9637    22.9438   5.289375   5.287540     2.7985     2.3858      79.93   27.00748  -79.85824   -0.00002    0.00131          7  0.000e+00
      50196   2091.458     90.093     90.710    22.9643    22.9413   5.289466   5.287263     2.7985     2.3858      79.93   27.00748  -79.85824   -0.00002    0.00128          7  0.000e+00
      50197   2091.500     90.146     90.763    22.9656    22.9391   5.289549   5.287147     2.7973     2.3858      79.93   27.00748  -79.85824   -0.00002    0.00124          7  0.000e+00
      50198   2091.542     90.124     90.740    22.9654    22.9391   5.289595   5.287101     2.7973     2.3858      79.93   27.00748  -79.85824   -0.00004    0.00120          7  0.000e+00
      50199   2091.583     90.094     90.710    22.9661    22.9391   5.289648   5.287163     2.7973     2.3858      79.93   27.00748  -79.85824   -0.00004    0.00117          7  0.000e+00
      50200   2091.625     90.146     90.763    22.9667    22.9393   5.289694   5.287201     2.7985     2.3858      79.93   27.00748  -79.85824   -0.00003    0.00113          7  0.000e+00
      50201   2091.667     90.094     90.710    22.9673    22.9416   5.289739   5.287416     2.7973     2.3871      79.93   27.00748  -79.85824   -0.00003    0.00110          7  0.000e+00
      50202   2091.708     90.124     90.740    22.9673    22.9441   5.289686   5.287655     2.7985     2.3858      79.93   27.00748  -79.85824   -0.00001    0.00106          7  0.000e+00
      50203   2091.750     90.094     90.710    22.9661    22.9464   5.289694   5.287839     2.7985     2.3858      79.93   27.00748  -79.85824 2.5752e-12    0.00102          7  0.000e+00
      50204   2091.792     90.094     90.710    22.9666    22.9475   5.289709   5.287978     2.7973     2.3871      79.93   27.00750  -79.85824   -0.00000    0.00099          7  0.000e+00
      50205   2091.833     90.094     90.710    22.9661    22.9482   5.289709   5.288016     2.7973     2.3871      79.93   27.00750  -79.85824   -0.00001    0.00096          7  0.000e+00
      50206   2091.875     90.124     90.740    22.9655    22.9481   5.289603   5.287970     2.7973     2.3871      79.93   27.00750  -79.85824   -0.00001    0.00093          7  0.000e+00
      50207   2091.917     90.094     90.710    22.9652    22.9471   5.289542   5.287870     2.7973     2.3871      79.93   27.00750  -79.85824    0.00001    0.00090          7  0.000e+00
      50208   2091.958     90.094     90.710    22.9647    22.9466   5.289451   5.287839     2.7973     2.3871      79.95   27.00750  -79.85824    0.00000    0.00086          7  0.000e+00
      50209   2092.000     90.094     90.710    22.9636    22.9463   5.289405   5.287809     2.7973     2.3871      90.82   27.00750  -79.85824    0.00000    0.00083          7  0.000e+00
      50210   2092.042     90.071     90.687    22.9635    22.9471   5.289428   5.287932     2.7973     2.3871      99.44   27.00750  -79.85824 -8.792e-07    0.00079          7  0.000e+00
      50211   2092.083     90.094     90.710    22.9630    22.9489   5.289345   5.288093     2.7961     2.3871     100.00   27.00750  -79.85824   -0.00002    0.00075          7  0.000e+00
      50212   2092.125     90.033     90.649    22.9625    22.9496   5.289314   5.288178     2.7961     2.3871     100.00   27.00750  -79.85824   -0.00004    0.00071          7  0.000e+00
      50213   2092.167     90.094     90.710    22.9617    22.9502   5.289276   5.288224     2.7973     2.3871     100.00   27.00750  -79.85824   -0.00002    0.00066          7  0.000e+00
      50214   2092.208     90.071     90.687    22.9608    22.9500   5.289269   5.288201     2.7973     2.3871     100.00   27.00750  -79.85824   -0.00001    0.00062          7  0.000e+00
      50215   2092.250     90.094     90.710    22.9599    22.9502   5.289299   5.288285     2.7973     2.3883     100.00   27.00750  -79.85824   -0.00001    0.00059          7  0.000e+00
      50216   2092.292     90.033     90.649    22.9608    22.9506   5.289337   5.288393     2.7973     2.3871     100.00   27.00750  -79.85824   -0.00001    0.00054          7  0.000e+00
      50217   2092.333     90.094     90.710    22.9609    22.9511   5.289383   5.288401     2.7973     2.3858     100.00   27.00750  -79.85824   -0.00001    0.00047          7  0.000e+00
      50218   2092.375     90.011     90.626    22.9618    22.9516   5.289466   5.288439     2.7973     2.3871     100.00   27.00750  -79.85824   -0.00001    0.00042          7  0.000e+00
      50219   2092.417     90.094     90.710    22.9628    22.9514   5.289420   5.288385     2.7973     2.3858     100.00   27.00750  -79.85824   -0.00001    0.00037          7  0.000e+00
      50220   2092.458     90.033     90.649    22.9627    22.9516   5.289428   5.288401     2.7961     2.3871     100.00   27.00750  -79.85824   -0.00001    0.00033          7  0.000e+00
      50221   2092.500     90.033     90.649    22.9623    22.9518   5.289443   5.288416     2.7973     2.3858     100.00   27.00750  -79.85824   -0.00001    0.00029          7  0.000e+00
      50222   2092.542     90.071     90.687    22.9616    22.9516   5.289405   5.288416     2.7973     2.3871     100.00   27.00750  -79.85824   -0.00001    0.00027          7  0.000e+00
      50223   2092.583     90.033     90.649    22.9615    22.9518   5.289428   5.288370     2.7973     2.3871     100.00   27.00750  -79.85824   -0.00001    0.00025          7  0.000e+00
      50224   2092.625     90.033     90.649    22.9614    22.9520   5.289405   5.288424     2.7973     2.3871     100.00   27.00750  -79.85824   -0.00002    0.00022          7  0.000e+00
      50225   2092.667     90.033     90.649    22.9613    22.9524   5.289451   5.288424     2.7973     2.3871     100.00   27.00750  -79.85824   -0.00002    0.00020          7  0.000e+00
      50226   2092.708     90.011     90.626    22.9639    22.9527   5.289542   5.288477     2.7973     2.3871     100.00   27.00750  -79.85824    0.00000    0.00019          7  0.000e+00
      50227   2092.750     89.980     90.596    22.9669    22.9525   5.289671   5.288462     2.7973     2.3871     100.00   27.00750  -79.85824    0.00002    0.00016          7  0.000e+00
      50228   2092.792     90.033     90.649    22.9654    22.9520   5.289640   5.288385     2.7973     2.3871     100.00   27.00750  -79.85824    0.00002    0.00015          7  0.000e+00
      50229   2092.833     90.033     90.649    22.9637    22.9514   5.289549   5.288354     2.7973     2.3871     100.00   27.00750  -79.85824    0.00002    0.00014          7  0.000e+00
      50230   2092.875     90.011     90.626    22.9629    22.9512   5.289496   5.288331     2.7973     2.3871     100.00   27.00750  -79.85824    0.00002    0.00013          7  0.000e+00
      50231   2092.917     90.033     90.649    22.9629    22.9512   5.289519   5.288354     2.7973     2.3871     100.00   27.00750  -79.85824    0.00002    0.00012          7  0.000e+00
      50232   2092.958     90.033     90.649    22.9633    22.9518   5.289534   5.288431     2.7973     2.3871     100.00   27.00750  -79.85824    0.00002    0.00011          7  0.000e+00
      50233   2093.000     89.980     90.596    22.9647    22.9522   5.289595   5.288454     2.7973     2.3871     100.00   27.00750  -79.85824    0.00004    0.00009          7  0.000e+00
      50234   2093.042     89.958     90.573    22.9654    22.9521   5.289648   5.288485     2.7973     2.3858     100.00   27.00750  -79.85824    0.00006    0.00008          7  0.000e+00
      50235   2093.083     90.033     90.649    22.9656    22.9527   5.289656   5.288554     2.7973     2.3871     100.00   27.00750  -79.85824    0.00008    0.00008          7  0.000e+00
      50236   2093.125     89.980     90.596    22.9655    22.9531   5.289656   5.288585     2.7973     2.3871     100.00   27.00750  -79.85824    0.00008    0.00009          7  0.000e+00
