Gulf of Mexico/GOMECC-4/1db/rb2103_1082.ros
* Sea-Bird SBE 9 Data File:
* FileName = C:\Users\scs.user.rb\CTD\GOMECC4\data\rb2103_1081.hex
* Software Version Seasave V 7.26.7.107
* Temperature SN = 4799
* Conductivity SN = 3860
* Number of Bytes Per Scan = 41
* Number of Voltage Words = 4
* Number of Scans Averaged by the Deck Unit = 1
* NMEA Latitude = 22 55.36 N
* NMEA Longitude = 086 22.48 W
* NMEA UTC (Time) = Oct 14 2021  21:53:13
* NMEA baud rate = 4800
# nquan = 17
# nvalues = 2261                                  
# units = specified
# name 0 = scan: Scan Count
# name 1 = timeS: Time, Elapsed [seconds]
# name 2 = depSM: Depth [salt water, m]
# name 3 = prDM: Pressure, Digiquartz [db]
# name 4 = t090C: Temperature [ITS-90, deg C]
# name 5 = t190C: Temperature, 2 [ITS-90, deg C]
# name 6 = c0S/m: Conductivity [S/m]
# name 7 = c1S/m: Conductivity, 2 [S/m]
# name 8 = sbeox0V: Oxygen raw, SBE 43 [V]
# name 9 = sbeox1V: Oxygen raw, SBE 43, 2 [V]
# name 10 = altM: Altimeter [m]
# name 11 = latitude: Latitude [deg]
# name 12 = longitude: Longitude [deg]
# name 13 = sbox0dV/dT: Oxygen, SBE 43 [dov/dt]
# name 14 = sbox1dV/dT: Oxygen, SBE 43, 2 [dov/dt]
# name 15 = nbf: Bottles Fired
# name 16 = flag:  0.000e+00
# interval = seconds: 0.0416667
# start_time = Oct 14 2021 21:53:13 [NMEA time, header]
# bad_flag = -9.990e-29
*END*
[from data line 1703]
     133698   5570.708     45.122     45.413    29.7915    29.7937   6.000015   6.000380     3.1526     2.6654     100.00   22.93544  -86.38016    0.00018   -0.00001         13  0.000e+00
     133699   5570.750     45.020     45.310    29.7919    29.7939   5.999983   6.000429     3.1514     2.6654     100.00   22.93544  -86.38016    0.00014   -0.00001         13  0.000e+00
     133700   5570.792     45.068     45.358    29.7913    29.7937   6.000015   6.000429     3.1526     2.6654     100.00   22.93546  -86.38016    0.00011   -0.00002         13  0.000e+00
     133701   5570.833     45.122     45.413    29.7919    29.7939   6.000039   6.000405     3.1514     2.6654     100.00   22.93546  -86.38016    0.00007   -0.00001         13  0.000e+00
     133702   5570.875     45.021     45.310    29.7915    29.7935   6.000063   6.000380     3.1526     2.6654     100.00   22.93546  -86.38016    0.00005   -0.00003         13  0.000e+00
     133703   5570.917     45.095     45.385    29.7919    29.7939   6.000079   6.000397     3.1526     2.6654     100.00   22.93546  -86.38016    0.00003   -0.00004         13  0.000e+00
     133704   5570.958     45.068     45.358    29.7925    29.7937   6.000159   6.000421     3.1526     2.6654     100.00   22.93546  -86.38016    0.00001   -0.00004         13  0.000e+00
     133705   5571.000     45.021     45.311    29.7922    29.7939   6.000111   6.000405     3.1526     2.6654     100.00   22.93546  -86.38016   -0.00002   -0.00006         13  0.000e+00
     133706   5571.042     45.068     45.358    29.7925    29.7937   6.000111   6.000380     3.1526     2.6654     100.00   22.93546  -86.38016   -0.00006   -0.00007         13  0.000e+00
     133707   5571.083     45.021     45.311    29.7926    29.7937   6.000135   6.000397     3.1538     2.6654     100.00   22.93546  -86.38016   -0.00007   -0.00005         13  0.000e+00
     133708   5571.125     45.122     45.413    29.7926    29.7935   6.000143   6.000380     3.1538     2.6654     100.00   22.93546  -86.38016   -0.00007   -0.00008         13  0.000e+00
     133709   5571.167     44.994     45.283    29.7928    29.7937   6.000159   6.000397     3.1526     2.6654     100.00   22.93546  -86.38016   -0.00010   -0.00010         13  0.000e+00
     133710   5571.208     45.068     45.358    29.7922    29.7935   6.000184   6.000380     3.1526     2.6679     100.00   22.93546  -86.38016   -0.00013   -0.00005         13  0.000e+00
     133711   5571.250     45.021     45.311    29.7925    29.7937   6.000151   6.000356     3.1526     2.6667     100.00   22.93546  -86.38016   -0.00015   -0.00005         13  0.000e+00
     133712   5571.292     45.021     45.311    29.7922    29.7935   6.000095   6.000405     3.1526     2.6679     100.00   22.93546  -86.38016   -0.00016   -0.00000         13  0.000e+00
     133713   5571.333     45.068     45.358    29.7925    29.7935   6.000143   6.000445     3.1514     2.6667     100.00   22.93546  -86.38016   -0.00019    0.00001         13  0.000e+00
     133714   5571.375     44.973     45.263    29.7922    29.7933   6.000183   6.000397     3.1526     2.6679     100.00   22.93546  -86.38016   -0.00020    0.00006         13  0.000e+00
     133715   5571.417     45.021     45.311    29.7926    29.7934   6.000151   6.000397     3.1526     2.6679     100.00   22.93546  -86.38016   -0.00021    0.00009         13  0.000e+00
     133716   5571.458     44.994     45.284    29.7922    29.7935   6.000095   6.000421     3.1526     2.6679     100.00   22.93546  -86.38016   -0.00021    0.00014         13  0.000e+00
     133717   5571.500     45.021     45.311    29.7919    29.7934   6.000111   6.000405     3.1514     2.6679     100.00   22.93546  -86.38016   -0.00024    0.00017         13  0.000e+00
     133718   5571.542     44.973     45.263    29.7922    29.7933   6.000135   6.000307     3.1514     2.6691     100.00   22.93546  -86.38016   -0.00027    0.00024         13  0.000e+00
     133719   5571.583     44.973     45.263    29.7926    29.7934   6.000143   6.000332     3.1514     2.6691     100.00   22.93546  -86.38016   -0.00029    0.00030         13  0.000e+00
     133720   5571.625     45.021     45.311    29.7921    29.7932   6.000119   6.000372     3.1514     2.6691     100.00   22.93546  -86.38016   -0.00032    0.00037         13  0.000e+00
     133721   5571.667     45.021     45.311    29.7922    29.7934   6.000135   6.000356     3.1514     2.6679      87.67   22.93546  -86.38016   -0.00032    0.00041         13  0.000e+00
     133722   5571.708     44.919     45.209    29.7928    29.7932   6.000175   6.000372     3.1502     2.6691      44.74   22.93546  -86.38016   -0.00037    0.00048         13  0.000e+00
     133723   5571.750     45.048     45.338    29.7928    29.7930   6.000191   6.000356     3.1514     2.6679      28.77   22.93546  -86.38016   -0.00037    0.00052         13  0.000e+00
     136500   5687.458     29.817     30.008    29.7985    29.8008   5.999486   5.999949     3.1636     2.6716     100.00   22.93588  -86.38036    0.00193    0.00058         14  0.000e+00
     136501   5687.500     30.277     30.471    29.7985    29.8006   5.999526   6.000006     3.1636     2.6716     100.00   22.93588  -86.38036    0.00189    0.00060         14  0.000e+00
     136502   5687.542     29.966     30.158    29.7984    29.8004   5.999518   5.999974     3.1636     2.6716     100.00   22.93588  -86.38036    0.00186    0.00061         14  0.000e+00
     136503   5687.583     30.081     30.274    29.7982    29.8008   5.999534   5.999933     3.1636     2.6716     100.00   22.93588  -86.38036    0.00183    0.00062         14  0.000e+00
     136504   5687.625     30.013     30.206    29.7987    29.8004   5.999502   5.999950     3.1636     2.6716     100.00   22.93588  -86.38036    0.00179    0.00063         14  0.000e+00
     136505   5687.667     30.081     30.274    29.7984    29.8008   5.999454   5.999933     3.1636     2.6716     100.00   22.93588  -86.38036    0.00176    0.00065         14  0.000e+00
     136506   5687.708     30.068     30.260    29.7982    29.8004   5.999422   5.999950     3.1636     2.6703     100.00   22.93588  -86.38036    0.00172    0.00064         14  0.000e+00
     136507   5687.750     30.027     30.219    29.7978    29.8006   5.999510   5.999974     3.1636     2.6703     100.00   22.93588  -86.38036    0.00166    0.00062         14  0.000e+00
     136508   5687.792     30.068     30.260    29.7987    29.8006   5.999502   5.999925     3.1636     2.6703     100.00   22.93588  -86.38036    0.00162    0.00060         14  0.000e+00
     136509   5687.833     30.081     30.274    29.7984    29.8002   5.999510   5.999852     3.1636     2.6691     100.00   22.93588  -86.38036    0.00158    0.00056         14  0.000e+00
     136510   5687.875     30.068     30.260    29.7982    29.8002   5.999534   5.999885     3.1624     2.6691     100.00   22.93588  -86.38036    0.00152    0.00053         14  0.000e+00
     136511   5687.917     30.027     30.219    29.7984    29.8002   5.999542   5.999885     3.1624     2.6679     100.00   22.93588  -86.38036    0.00145    0.00047         14  0.000e+00
     136512   5687.958     30.115     30.308    29.7982    29.8002   5.999542   5.999828     3.1624     2.6679     100.00   22.93588  -86.38036    0.00137    0.00040         14  0.000e+00
     136513   5688.000     30.081     30.274    29.7980    29.7999   5.999518   5.999860     3.1624     2.6679     100.00   22.93588  -86.38036    0.00129    0.00033         14  0.000e+00
     136514   5688.042     30.068     30.260    29.7985    29.8000   5.999462   5.999812     3.1624     2.6679     100.00   22.93588  -86.38036    0.00122    0.00026         14  0.000e+00
     136515   5688.083     30.081     30.274    29.7976    29.8000   5.999446   5.999803     3.1636     2.6679     100.00   22.93588  -86.38036    0.00117    0.00020         14  0.000e+00
     136516   5688.125     30.068     30.260    29.7980    29.7999   5.999462   5.999828     3.1636     2.6679     100.00   22.93588  -86.38036    0.00112    0.00013         14  0.000e+00
     136517   5688.167     30.081     30.274    29.7976    29.8000   5.999446   5.999885     3.1624     2.6679     100.00   22.93588  -86.38036    0.00104    0.00004         14  0.000e+00
     136518   5688.208     30.068     30.260    29.7980    29.8002   5.999446   5.999885     3.1624     2.6679     100.00   22.93588  -86.38036    0.00096   -0.00002         14  0.000e+00
     136519   5688.250     30.081     30.274    29.7974    29.8002   5.999406   5.999933     3.1624     2.6679     100.00   22.93588  -86.38036    0.00091   -0.00009         14  0.000e+00
     136520   5688.292     30.115     30.308    29.7980    29.8002   5.999446   5.999933     3.1624     2.6667     100.00   22.93588  -86.38036    0.00084   -0.00017         14  0.000e+00
     136521   5688.333     30.081     30.274    29.7976    29.8004   5.999414   5.999909     3.1624     2.6679     100.00   22.93588  -86.38036    0.00078   -0.00023         14  0.000e+00
     136522   5688.375     30.115     30.308    29.7978    29.8004   5.999430   5.999925     3.1624     2.6667     100.00   22.93588  -86.38036    0.00070   -0.00032         14  0.000e+00
     136523   5688.417     30.081     30.274    29.7984    29.8002   5.999390   5.999909     3.1624     2.6679     100.00   22.93588  -86.38036    0.00065   -0.00038         14  0.000e+00
     136524   5688.458     30.068     30.260    29.7978    29.8002   5.999422   5.999885     3.1624     2.6679     100.00   22.93588  -86.38036    0.00057   -0.00044         14  0.000e+00
     136525   5688.500     30.129     30.322    29.7980    29.8000   5.999478   5.999901     3.1624     2.6679     100.00   22.93588  -86.38036    0.00051   -0.00048         14  0.000e+00
     136526   5688.542     30.115     30.308    29.7982    29.8002   5.999454   5.999852     3.1612     2.6679     100.00   22.93588  -86.38036    0.00043   -0.00054         14  0.000e+00
     136527   5688.583     30.081     30.274    29.7984    29.8000   5.999462   5.999852     3.1624     2.6679     100.00   22.93588  -86.38036    0.00037   -0.00060         14  0.000e+00
     136528   5688.625     30.115     30.308    29.7982    29.8000   5.999486   5.999804     3.1624     2.6691     100.00   22.93588  -86.38036    0.00031   -0.00064         14  0.000e+00
     136529   5688.667     30.082     30.274    29.7976    29.7999   5.999422   5.999803     3.1624     2.6691     100.00   22.93588  -86.38036    0.00024   -0.00068         14  0.000e+00
     136530   5688.708     30.115     30.308    29.7982    29.7999   5.999446   5.999787     3.1624     2.6691     100.00   22.93588  -86.38036    0.00018   -0.00072         14  0.000e+00
     136531   5688.750     30.129     30.322    29.7974    29.7997   5.999446   5.999836     3.1612     2.6691     100.00   22.93588  -86.38036    0.00010   -0.00076         14  0.000e+00
     136532   5688.792     30.068     30.261    29.7978    29.7997   5.999406   5.999836     3.1612     2.6691     100.00   22.93588  -86.38036    0.00002   -0.00080         14  0.000e+00
     136533   5688.833     30.082     30.274    29.7976    29.7995   5.999398   5.999779     3.1612     2.6703     100.00   22.93588  -86.38036   -0.00005   -0.00082         14  0.000e+00
     136534   5688.875     30.163     30.356    29.7982    29.7997   5.999446   5.999779     3.1624     2.6703     100.00   22.93588  -86.38036   -0.00009   -0.00085         14  0.000e+00
     136535   5688.917     30.082     30.274    29.7980    29.7999   5.999446   5.999803     3.1624     2.6703     100.00   22.93588  -86.38036   -0.00014   -0.00085         14  0.000e+00
     136536   5688.958     30.116     30.308    29.7980    29.7999   5.999446   5.999787     3.1624     2.6703     100.00   22.93588  -86.38036   -0.00021   -0.00085         14  0.000e+00
     136537   5689.000     30.129     30.322    29.7980    29.7997   5.999422   5.999836     3.1624     2.6703     100.00   22.93588  -86.38036   -0.00025   -0.00086         14  0.000e+00
     136538   5689.042     30.116     30.308    29.7980    29.7997   5.999470   5.999836     3.1624     2.6703     100.00   22.93588  -86.38036   -0.00029   -0.00086         14  0.000e+00
     136539   5689.083     30.082     30.274    29.7980    29.7999   5.999422   5.999812     3.1624     2.6703     100.00   22.93588  -86.38036   -0.00032   -0.00086         14  0.000e+00
     136540   5689.125     30.116     30.308    29.7978    29.8000   5.999430   5.999860     3.1624     2.6703     100.00   22.93588  -86.38036   -0.00035   -0.00086         14  0.000e+00
     136541   5689.167     30.129     30.322    29.7982    29.7999   5.999422   5.999787     3.1624     2.6691     100.00   22.93588  -86.38036   -0.00038   -0.00087         14  0.000e+00
     136542   5689.208     30.129     30.322    29.7980    29.7999   5.999438   5.999812     3.1624     2.6691     100.00   22.93588  -86.38036   -0.00041   -0.00088         14  0.000e+00
     136543   5689.250     30.116     30.308    29.7982    29.7999   5.999446   5.999779     3.1624     2.6691     100.00   22.93588  -86.38036   -0.00044   -0.00088         14  0.000e+00
     136544   5689.292     30.082     30.274    29.7978    29.7999   5.999422   5.999779     3.1624     2.6691     100.00   22.93588  -86.38036   -0.00047   -0.00090         14  0.000e+00
     136545   5689.333     30.116     30.308    29.7984    29.7997   5.999438   5.999836     3.1624     2.6691     100.00   22.93588  -86.38036   -0.00050   -0.00092         14  0.000e+00
     136546   5689.375     30.129     30.322    29.7985    29.7999   5.999478   5.999836     3.1624     2.6691     100.00   22.93588  -86.38036   -0.00053   -0.00093         14  0.000e+00
     136547   5689.417     30.116     30.308    29.7978    29.7999   5.999454   5.999852     3.1624     2.6691     100.00   22.93588  -86.38036   -0.00056   -0.00095         14  0.000e+00
     136548   5689.458     30.129     30.322    29.7974    29.7997   5.999422   5.999909     3.1636     2.6691     100.00   22.93588  -86.38036   -0.00058   -0.00096         14  0.000e+00
     136549   5689.500     30.116     30.309    29.7976    29.8000   5.999438   5.999860     3.1624     2.6691     100.00   22.93588  -86.38036   -0.00059   -0.00097         14  0.000e+00
     136550   5689.542     30.129     30.322    29.7982    29.7999   5.999446   5.999812     3.1624     2.6691     100.00   22.93588  -86.38036   -0.00060   -0.00099         14  0.000e+00
     136551   5689.583     30.116     30.309    29.7984    29.8000   5.999390   5.999860     3.1624     2.6691     100.00   22.93588  -86.38036   -0.00062   -0.00100         14  0.000e+00
     136552   5689.625     30.129     30.322    29.7974    29.7999   5.999390   5.999901     3.1624     2.6703     100.00   22.93588  -86.38036   -0.00063   -0.00099         14  0.000e+00
     136553   5689.667     30.116     30.309    29.7976    29.8000   5.999430   5.999852     3.1624     2.6703     100.00   22.93588  -86.38036   -0.00064   -0.00098         14  0.000e+00
     136554   5689.708     30.129     30.322    29.7980    29.8002   5.999446   5.999852     3.1624     2.6703     100.00   22.93588  -86.38036   -0.00067   -0.00099         14  0.000e+00
     136555   5689.750     30.116     30.309    29.7980    29.8000   5.999422   5.999836     3.1624     2.6703     100.00   22.93588  -86.38036   -0.00068   -0.00100         14  0.000e+00
     136556   5689.792     30.129     30.322    29.7980    29.8000   5.999438   5.999852     3.1624     2.6716     100.00   22.93590  -86.38036   -0.00069   -0.00100         14  0.000e+00
     136557   5689.833     30.116     30.309    29.7982    29.8000   5.999478   5.999836     3.1624     2.6716     100.00   22.93590  -86.38036   -0.00071   -0.00099         14  0.000e+00
