Gulf of Mexico/GOMECC-4/1db/rb2103_0531.cnv
* Sea-Bird SBE 9 Data File:
* FileName = C:\Users\scs.user.rb\CTD\GOMECC4\data\rb2103_0531.hex
* Software Version Seasave V 7.26.7.107
* Temperature SN = 4799
* Conductivity SN = 3860
* Number of Bytes Per Scan = 41
* Number of Voltage Words = 4
* Number of Scans Averaged by the Deck Unit = 1
* NMEA Latitude = 27 19.96 N
* NMEA Longitude = 095 00.01 W
* NMEA UTC (Time) = Sep 28 2021  09:37:15
* NMEA baud rate = 4800
# nquan = 28
# nvalues = 547                         
# units = specified
# name 0 = scan: Scan Count
# name 1 = timeS: Time, Elapsed [seconds]
# name 2 = depSM: Depth [salt water, m]
# name 3 = prDM: Pressure, Digiquartz [db]
# name 4 = t090C: Temperature [ITS-90, deg C]
# name 5 = t190C: Temperature, 2 [ITS-90, deg C]
# name 6 = c0S/m: Conductivity [S/m]
# name 7 = c1S/m: Conductivity, 2 [S/m]
# name 8 = sbeox0V: Oxygen raw, SBE 43 [V]
# name 9 = sbeox1V: Oxygen raw, SBE 43, 2 [V]
# name 10 = altM: Altimeter [m]
# name 11 = latitude: Latitude [deg]
# name 12 = longitude: Longitude [deg]
# name 13 = sbox0dV/dT: Oxygen, SBE 43 [dov/dt]
# name 14 = sbox1dV/dT: Oxygen, SBE 43, 2 [dov/dt]
# name 15 = sbeox0ML/L: Oxygen, SBE 43 [ml/l], WS = 5
# name 16 = sbeox1ML/L: Oxygen, SBE 43, 2 [ml/l], WS = 5
# name 17 = potemp090C: Potential Temperature [ITS-90, deg C]
# name 18 = potemp190C: Potential Temperature, 2 [ITS-90, deg C]
# name 19 = sal00: Salinity, Practical [PSU]
# name 20 = sal11: Salinity, Practical, 2 [PSU]
# name 21 = sigma-é00: Density [sigma-theta, kg/m^3]
# name 22 = sigma-é11: Density, 2 [sigma-theta, kg/m^3]
# name 23 = avgsvCM: Average Sound Velocity [Chen-Millero, m/s], minP = 20, minS = 20
# name 24 = sbox0Mm/Kg: Oxygen, SBE 43 [umol/kg], WS = 5
# name 25 = sbox1Mm/Kg: Oxygen, SBE 43, 2 [umol/kg], WS = 5
# name 26 = nbin: number of scans per bin
# name 27 = flag: flag
# span 0 =      12725,     204286       
# span 1 =    530.163,   8511.248       
# span 2 =      1.987,   1098.748       
# span 3 =      2.000,   1109.000       
# span 4 =     4.6670,   277.3591       
# span 5 =     4.6674,   463.5125       
# span 6 =   3.360456,  93.491392       
# span 7 =   3.360281,  93.497565       
# span 8 =     1.5863,    39.8447       
# span 9 =     1.2905,    42.3640       
# span 10 =      10.32,    1454.59      
# span 11 =   26.71391,  433.54736      
# span 12 =-1506.87161,  -92.84898      
# span 13 =   -0.04120,    0.05006      
# span 14 =   -0.03911,    0.05091      
# span 15 =     2.4381,    41.2798      
# span 16 =     2.4632,    69.0484      
# span 17 =     4.5757,   277.3476      
# span 18 =     4.5761,   463.4928      
# span 19 =    34.9092,   341.4786      
# span 20 =    34.9075,   570.6071      
# span 21 =    22.4272,   215.6892      
# span 22 =    22.2067,   360.3985      
# span 23 =       0.00,    1552.52      
# span 24 =    106.021,   1802.601      
# span 25 =    107.114,   3015.198      
# span 26 =         30,         71      
# span 27 = 0.0000e+00, 0.0000e+00      
# interval = decibars: 1                
# start_time = Sep 28 2021 09:37:15 [NMEA time, header]
# bad_flag = -9.990e-29
*END*
[from data line 104]
      17445    726.840    111.231    112.000    21.2572    21.2575   5.090573   5.090723     2.4321     2.0542      99.98   27.32604  -94.97662   -0.00047    0.00038     3.5934     3.6214    21.2362    21.2358    36.3233    36.3242    25.4361    25.4367    1537.68    156.502    157.717         34 0.0000e+00
      17486    728.523    112.223    113.000    21.2392    21.2383   5.091311   5.091447     2.4203     2.0404      93.83   27.33284  -95.00024   -0.00412   -0.00425     3.5696     3.5906    21.2173    21.2163    36.3474    36.3493    25.4604    25.4621    1537.98    155.462    156.375         38 0.0000e+00
      17521    729.982    113.216    114.000    21.2295    21.2311   5.093618   5.094035     2.3927     2.0098     100.10   27.33284  -95.00024   -0.01025   -0.01195     3.5124     3.5203    21.2074    21.2090    36.3738    36.3758    25.4832    25.4843    1537.89    152.964    153.310         31 0.0000e+00
      17551    731.237    114.209    115.000    21.1784    21.1733   5.089542   5.089131     2.3579     1.9742     100.00   27.33284  -95.00024   -0.01769   -0.01917     3.4429     3.4420    21.1561    21.1511    36.3842    36.3852    25.5053    25.5074    1537.81    149.936    149.895         31 0.0000e+00
      17583    732.587    115.202    116.000    21.1047    21.1040   5.080537   5.080498     2.3224     1.9456     100.00   27.33284  -95.00024   -0.02545   -0.02510     3.3738     3.3807    21.0823    21.0816    36.3741    36.3743    25.5178    25.5182    1537.72    146.923    147.224         34 0.0000e+00
      17619    734.087    116.195    117.000    21.0491    21.0455   5.073164   5.072858     2.3110     1.9400     100.00   27.33284  -95.00024   -0.02171   -0.01826     3.3539     3.3719    21.0265    21.0230    36.3617    36.3622    25.5237    25.5251    1537.64    146.059    146.840         36 0.0000e+00
      17652    735.478    117.188    118.000    20.9178    20.9150   5.057151   5.057024     2.3135     1.9463     100.00   27.33284  -95.00024   -0.00879   -0.00461     3.3685     3.3954    20.8952    20.8924    36.3439    36.3453    25.5461    25.5479    1537.55    146.690    147.861         31 0.0000e+00
      17683    736.757    118.180    119.000    20.8644    20.8649   5.053644   5.053793     2.3195     1.9522     100.00   27.33284  -95.00024    0.00053    0.00302     3.3849     3.4122    20.8415    20.8421    36.3608    36.3616    25.5737    25.5741    1537.47    147.398    148.589         32 0.0000e+00
      17717    738.152    119.173    120.000    20.8642    20.8648   5.054223   5.054382     2.3121     1.9421     100.00   27.33284  -95.00024    0.00172    0.00175     3.3696     3.3892    20.8412    20.8418    36.3653    36.3661    25.5772    25.5776    1537.38    146.734    147.586         35 0.0000e+00
      17750    739.544    120.166    121.000    20.8556    20.8555   5.054101   5.054193     2.3013     1.9327     100.00   27.33282  -95.00024   -0.00369   -0.00458     3.3474     3.3682    20.8324    20.8323    36.3713    36.3722    25.5841    25.5848    1537.30    145.767    146.671         31 0.0000e+00
      17781    740.840    121.159    122.000    20.7819    20.7760   5.048190   5.048084     2.2887     1.9236     100.00   27.33282  -95.00024   -0.00763   -0.00725     3.3275     3.3514    20.7586    20.7527    36.3872    36.3903    25.6164    25.6203    1537.21    144.894    145.935         32 0.0000e+00
      17814    742.225    122.152    123.000    20.7137    20.7122   5.043698   5.043663     2.2624     1.8928     100.00   27.33282  -95.00024   -0.01108   -0.01115     3.2744     3.2841    20.6903    20.6887    36.4055    36.4065    25.6488    25.6501    1537.13    142.577    142.999         34 0.0000e+00
      17847    743.602    123.145    124.000    20.6520    20.6509   5.038172   5.038209     2.2360     1.8688     100.00   27.33282  -95.00024   -0.01679   -0.01702     3.2223     3.2319    20.6284    20.6273    36.4154    36.4166    25.6732    25.6744    1537.05    140.308    140.723         31 0.0000e+00
      17878    744.889    124.137    125.000    20.6056    20.6047   5.034909   5.034964     2.2146     1.8466     100.00   27.33282  -95.00024   -0.01900   -0.01891     3.1799     3.1828    20.5818    20.5809    36.4283    36.4295    25.6956    25.6968    1536.97    138.458    138.585         32 0.0000e+00
      17912    746.307    125.130    126.000    20.5728    20.5737   5.032469   5.032617     2.1889     1.8265     100.00   27.33282  -95.00024   -0.01763   -0.01672     3.1275     3.1377    20.5489    20.5498    36.4362    36.4367    25.7106    25.7107    1536.89    136.172    136.616         37 0.0000e+00
      17949    747.845    126.123    127.000    20.5618    20.5614   5.031744   5.031815     2.1706     1.8129     100.00   27.33282  -95.00024   -0.01609   -0.01337     3.0894     3.1070    20.5377    20.5373    36.4394    36.4403    25.7160    25.7168    1536.80    134.513    135.281         34 0.0000e+00
      18004    750.141    128.109    129.000    20.4529    20.4536   5.022912   5.023081     2.1429     1.7845      99.97   27.32578  -94.97579   -0.01038   -0.00921     3.0314     3.0398    20.4285    20.4292    36.4587    36.4596    25.7595    25.7600    1536.25    131.982    132.347         33 0.0000e+00
      18046    751.882    129.101    130.000    20.4504    20.4502   5.023683   5.023716     2.1177     1.7629      92.62   27.33282  -95.00024   -0.01346   -0.01304     2.9840     2.9967    20.4258    20.4256    36.4685    36.4690    25.7684    25.7688    1536.57    129.918    130.472         40 0.0000e+00
      18136    755.624    132.080    133.000    20.2342    20.2334   5.003840   5.003870     2.0802     1.7287      99.98   27.32599  -94.97651   -0.00899   -0.00802     2.9176     2.9293    20.2092    20.2084    36.4910    36.4918    25.8435    25.8443    1535.95    127.017    127.526         38 0.0000e+00
      18179    757.421    133.072    134.000    20.1979    20.1968   5.001744   5.001719     2.0584     1.7079      80.06   27.33282  -95.00022   -0.01086   -0.01049     2.8722     2.8818    20.1728    20.1716    36.5055    36.5063    25.8646    25.8655    1536.25    125.041    125.455         37 0.0000e+00
      18236    759.774    135.058    136.000    20.1510    20.1512   4.996533   4.996603     2.0312     1.6860      99.98   27.32692  -94.97971   -0.01245   -0.01057     2.8175     2.8335    20.1256    20.1257    36.5067    36.5071    25.8778    25.8781    1535.77    122.656    123.354         30 0.0000e+00
      18274    761.376    136.051    137.000    20.1512    20.1519   4.997525   4.997632     2.0236     1.6805     100.00   27.33282  -95.00022   -0.00895   -0.00707     2.8010     2.8205    20.1256    20.1263    36.5102    36.5105    25.8807    25.8808    1536.02    121.938    122.787         39 0.0000e+00
      18311    762.937    137.044    138.000    20.1356    20.1341   4.996473   4.996432     2.0185     1.6777      84.72   27.33282  -95.00022   -0.00529   -0.00377     2.7913     2.8150    20.1098    20.1083    36.5147    36.5157    25.8884    25.8896    1535.95    121.512    122.544         34 0.0000e+00
      18372    765.460    139.029    140.000    19.8985    19.8988   4.972608   4.972698     1.9969     1.6548     100.00   27.33212  -94.99778   -0.00604   -0.00597     2.7582     2.7736    19.8725    19.8728    36.5229    36.5234    25.9577    25.9580    1535.76    120.064    120.736         32 0.0000e+00
      18407    766.904    140.022    141.000    19.8829    19.8826   4.971137   4.971168     1.9854     1.6451     100.00   27.33282  -95.00022   -0.00921   -0.00923     2.7346     2.7519    19.8568    19.8564    36.5243    36.5248    25.9630    25.9635    1535.73    119.036    119.790         37 0.0000e+00
      18444    768.466    141.014    142.000    19.8446    19.8439   4.967202   4.967195     1.9771     1.6396     100.00   27.33282  -95.00022   -0.00790   -0.00666     2.7190     2.7411    19.8183    19.8175    36.5248    36.5253    25.9736    25.9742    1535.65    118.355    119.319         36 0.0000e+00
      18477    769.814    142.007    143.000    19.7876    19.7874   4.961215   4.961258     1.9722     1.6353     100.00   27.33282  -95.00022   -0.00523   -0.00391     2.7118     2.7339    19.7612    19.7609    36.5245    36.5251    25.9884    25.9889    1535.57    118.043    119.004         30 0.0000e+00
      18506    771.048    142.999    144.000    19.7521    19.7518   4.957520   4.957580     1.9679     1.6309     100.00   27.33282  -95.00022   -0.00406   -0.00326     2.7045     2.7256    19.7255    19.7252    36.5245    36.5252    25.9979    25.9984    1535.50    117.722    118.640         30 0.0000e+00
      18540    772.448    143.992    145.000    19.7221    19.7221   4.954482   4.954527     1.9640     1.6268     100.00   27.33282  -95.00021   -0.00344   -0.00334     2.6981     2.7178    19.6953    19.6953    36.5251    36.5255    26.0063    26.0066    1535.43    117.443    118.299         38 0.0000e+00
      18578    774.036    144.985    146.000    19.6962    19.6957   4.951821   4.951835     1.9606     1.6245     100.00   27.33282  -95.00020   -0.00265   -0.00262     2.6926     2.7140    19.6692    19.6688    36.5253    36.5258    26.0132    26.0138    1535.35    117.202    118.133         35 0.0000e+00
      18637    776.497    146.970    148.000    19.5579    19.5605   4.936948   4.937304     1.9522     1.6183      99.63   27.33051  -94.99218   -0.00283   -0.00196     2.6826     2.7069    19.5307    19.5333    36.5215    36.5223    26.0467    26.0466    1535.08    116.762    117.823         30 0.0000e+00
      18673    778.004    147.963    149.000    19.5294    19.5307   4.933993   4.934178     1.9480     1.6137     100.00   27.33282  -95.00020   -0.00334   -0.00272     2.6750     2.6975    19.5021    19.5034    36.5217    36.5221    26.0544    26.0544    1535.13    116.434    117.413         40 0.0000e+00
      18711    779.592    148.956    150.000    19.5002    19.5022   4.930877   4.931128     1.9443     1.6106      99.62   27.33282  -95.00020   -0.00291   -0.00287     2.6689     2.6921    19.4728    19.4748    36.5209    36.5213    26.0615    26.0612    1535.06    116.165    117.174         34 0.0000e+00
      18768    781.971    150.941    152.000    19.3466    19.3445   4.913651   4.913529     1.9406     1.6076      99.99   27.32817  -94.98402   -0.00164   -0.00119     2.6699     2.6936    19.3189    19.3168    36.5089    36.5097    26.0919    26.0931    1534.65    116.207    117.235         34 0.0000e+00
      18808    783.643    151.934    153.000    19.2534    19.2519   4.904201   4.904102     1.9415     1.6092     100.00   27.33282  -95.00020   -0.00093   -0.00075     2.6770     2.7025    19.2257    19.2242    36.5134    36.5139    26.1201    26.1209    1534.84    116.512    117.623         39 0.0000e+00
      18843    785.096    152.926    154.000    19.1928    19.1921   4.897493   4.897488     1.9456     1.6148     100.00   27.33282  -95.00020    0.00065    0.00122     2.6897     2.7195    19.1649    19.1642    36.5101    36.5107    26.1334    26.1340    1534.77    117.063    118.360         30 0.0000e+00
      18903    787.590    154.912    156.000    19.0054    19.0044   4.875603   4.875563     1.9450     1.6109      84.71   27.33088  -94.99347    0.00186    0.00164     2.6994     2.7206    18.9774    18.9764    36.4895    36.4901    26.1658    26.1665    1534.51    117.482    118.405         36 0.0000e+00
      18941    789.168    155.905    157.000    18.9541    18.9537   4.869812   4.869834     1.9305     1.5953     100.23   27.33282  -95.00020   -0.00378   -0.00541     2.6706     2.6859    18.9259    18.9255    36.4865    36.4870    26.1769    26.1775    1534.54    116.227    116.892         36 0.0000e+00
      18973    790.517    156.897    158.000    18.9221    18.9225   4.866129   4.866198     1.9175     1.5842     100.00   27.33282  -95.00019   -0.00867   -0.00932     2.6441     2.6610    18.8938    18.8941    36.4833    36.4835    26.1827    26.1828    1534.47    115.072    115.807         30 0.0000e+00
      19004    791.782    157.890    159.000    18.9035    18.9039   4.864036   4.864122     1.9081     1.5758     100.00   27.33282  -95.00018   -0.00931   -0.00849     2.6247     2.6420    18.8750    18.8754    36.4817    36.4820    26.1863    26.1865    1534.40    114.228    114.980         31 0.0000e+00
      19036    793.136    158.882    160.000    18.8833    18.8835   4.861733   4.861788     1.9014     1.5700     100.00   27.33282  -95.00018   -0.00747   -0.00653     2.6114     2.6292    18.8546    18.8549    36.4797    36.4799    26.1900    26.1902    1534.32    113.647    114.424         35 0.0000e+00
      19072    794.636    159.875    161.000    18.8064    18.8038   4.852728   4.852511     1.8951     1.5657     100.00   27.33282  -95.00018   -0.00521   -0.00438     2.6018     2.6232    18.7777    18.7751    36.4711    36.4716    26.2031    26.2041    1534.25    113.228    114.160         35 0.0000e+00
      19106    796.022    160.868    162.000    18.7155    18.7163   4.842227   4.842395     1.8891     1.5603     100.00   27.33282  -95.00018   -0.00433   -0.00331     2.5936     2.6148    18.6867    18.6875    36.4622    36.4629    26.2196    26.2199    1534.17    112.870    113.795         31 0.0000e+00
      19136    797.275    161.860    163.000    18.6657    18.6654   4.836538   4.836566     1.8843     1.5553     100.00   27.33282  -95.00018   -0.00421   -0.00358     2.5860     2.6056    18.6368    18.6364    36.4577    36.4582    26.2288    26.2293    1534.10    112.539    113.393         31 0.0000e+00
      19170    798.695    162.853    164.000    18.6194    18.6196   4.831228   4.831293     1.8792     1.5520      97.22   27.33282  -95.00018   -0.00396   -0.00361     2.5776     2.6004    18.5904    18.5905    36.4532    36.4536    26.2372    26.2374    1534.03    112.173    113.163         37 0.0000e+00
      19205    800.171    163.846    165.000    18.5926    18.5926   4.828165   4.828202     1.8770     1.5503     100.01   27.33282  -95.00018   -0.00306   -0.00233     2.5745     2.5979    18.5633    18.5633    36.4506    36.4510    26.2421    26.2423    1533.95    112.035    113.055         33 0.0000e+00
      19236    801.466    164.838    166.000    18.5480    18.5481   4.823117   4.823178     1.8744     1.5489     100.00   27.33282  -95.00018   -0.00202   -0.00136     2.5714     2.5970    18.5186    18.5187    36.4469    36.4473    26.2505    26.2508    1533.88    111.900    113.016         30 0.0000e+00
      19267    802.769    165.831    167.000    18.4859    18.4841   4.815873   4.815716     1.8716     1.5469     100.00   27.33282  -95.00018   -0.00186   -0.00116     2.5687     2.5957    18.4564    18.4546    36.4400    36.4402    26.2610    26.2616    1533.80    111.784    112.957         33 0.0000e+00
      19303    804.247    166.823    168.000    18.4154    18.4153   4.807774   4.807794     1.8693     1.5443      85.11   27.33282  -95.00018   -0.00201   -0.00150     2.5678     2.5933    18.3859    18.3857    36.4331    36.4334    26.2736    26.2738    1533.73    111.743    112.853         37 0.0000e+00
      19338    805.709    167.816    169.000    18.3880    18.3884   4.804621   4.804690     1.8680     1.5413      95.63   27.33282  -95.00016   -0.00145   -0.00180     2.5666     2.5877    18.3583    18.3587    36.4302    36.4304    26.2782    26.2783    1533.66    111.688    112.608         31 0.0000e+00
      19397    808.152    169.801    171.000    18.3131    18.3121   4.795502   4.795468     1.8650     1.5396      99.98   27.32809  -94.98374   -0.00090   -0.00090     2.5642     2.5879    18.2831    18.2821    36.4162    36.4162    26.2859    26.2862    1533.25    111.585    112.615         39 0.0000e+00
