Gulf of Mexico/GOMECC-4/1db/rb2103_1401.cnv
* Sea-Bird SBE 9 Data File:
* FileName = C:\Users\scs.user.rb\CTD\GOMECC4\data\rb2103_1401.hex
* Software Version Seasave V 7.26.7.107
* Temperature SN = 4799
* Conductivity SN = 3860
* Number of Bytes Per Scan = 41
* Number of Voltage Words = 4
* Number of Scans Averaged by the Deck Unit = 1
* NMEA Latitude = 25 39.47 N
* NMEA Longitude = 084 42.92 W
* NMEA UTC (Time) = Oct 20 2021  13:16:01
* NMEA baud rate = 4800
# nquan = 28
# nvalues = 746                         
# units = specified
# name 0 = scan: Scan Count
# name 1 = timeS: Time, Elapsed [seconds]
# name 2 = depSM: Depth [salt water, m]
# name 3 = prDM: Pressure, Digiquartz [db]
# name 4 = t090C: Temperature [ITS-90, deg C]
# name 5 = t190C: Temperature, 2 [ITS-90, deg C]
# name 6 = c0S/m: Conductivity [S/m]
# name 7 = c1S/m: Conductivity, 2 [S/m]
# name 8 = sbeox0V: Oxygen raw, SBE 43 [V]
# name 9 = sbeox1V: Oxygen raw, SBE 43, 2 [V]
# name 10 = altM: Altimeter [m]
# name 11 = latitude: Latitude [deg]
# name 12 = longitude: Longitude [deg]
# name 13 = sbox0dV/dT: Oxygen, SBE 43 [dov/dt]
# name 14 = sbox1dV/dT: Oxygen, SBE 43, 2 [dov/dt]
# name 15 = sbeox0ML/L: Oxygen, SBE 43 [ml/l], WS = 5
# name 16 = sbeox1ML/L: Oxygen, SBE 43, 2 [ml/l], WS = 5
# name 17 = potemp090C: Potential Temperature [ITS-90, deg C]
# name 18 = potemp190C: Potential Temperature, 2 [ITS-90, deg C]
# name 19 = sal00: Salinity, Practical [PSU]
# name 20 = sal11: Salinity, Practical, 2 [PSU]
# name 21 = sigma-é00: Density [sigma-theta, kg/m^3]
# name 22 = sigma-é11: Density, 2 [sigma-theta, kg/m^3]
# name 23 = avgsvCM: Average Sound Velocity [Chen-Millero, m/s], minP = 20, minS = 20
# name 24 = sbox0Mm/Kg: Oxygen, SBE 43 [umol/kg], WS = 5
# name 25 = sbox1Mm/Kg: Oxygen, SBE 43, 2 [umol/kg], WS = 5
# name 26 = nbin: number of scans per bin
# name 27 = flag: flag
# span 0 =       8408,     110323       
# span 1 =    350.276,   4596.765       
# span 2 =      0.993,   1086.036       
# span 3 =      1.000,   1096.000       
# span 4 =     5.1345,    28.2243       
# span 5 =     5.1353,    28.2474       
# span 6 =   3.400071,   5.825729       
# span 7 =   3.400054,   5.826145       
# span 8 =     1.6263,     3.1492       
# span 9 =     1.3233,     2.6684       
# span 10 =      11.57,     103.39      
# span 11 =   25.29043,   25.88889      
# span 12 =  -85.47080,  -83.49434      
# span 13 =   -0.04753,    0.05351      
# span 14 =   -0.04648,    0.05321      
# span 15 =     2.5564,     4.5733      
# span 16 =     2.5633,     4.5646      
# span 17 =     5.0414,    28.2210      
# span 18 =     5.0422,    28.2441      
# span 19 =    34.8998,    36.8307      
# span 20 =    34.8989,    36.8251      
# span 21 =    22.8200,    27.6201      
# span 22 =    22.8194,    27.6193      
# span 23 =       0.00,    1576.57      
# span 24 =    111.179,    199.417      
# span 25 =    111.475,    199.062      
# span 26 =         30,         74      
# span 27 = 0.0000e+00, 0.0000e+00      
# interval = decibars: 1                
# start_time = Oct 20 2021 13:16:01 [NMEA time, header]
# bad_flag = -9.990e-29
*END*
[from data line 208]
      25898   1079.028    555.621    560.000     8.1621     8.1633   3.660261   3.660310     1.6283     1.3260     100.00   25.65758  -84.71441    0.00002    0.00000     2.7199     2.7324     8.1034     8.1046    34.9877    34.9871    27.2486    27.2479    1510.52    118.247    118.790         37 0.0000e+00
      26049   1085.331    561.566    566.000     8.1239     8.1250   3.656621   3.656674     1.6277     1.3260     100.00   25.65737  -84.71373 9.4038e-07    0.00000     2.7231     2.7370     8.0648     8.0659    34.9841    34.9834    27.2517    27.2509    1510.31    118.386    118.992         32 0.0000e+00
      26175   1090.579    566.520    571.000     8.1139     8.1149   3.655829   3.655859     1.6280     1.3258      99.85   25.65732  -84.71355    0.00004   -0.00002     2.7264     2.7391     8.0542     8.0552    34.9831    34.9825    27.2524    27.2518    1510.15    118.530    119.082         30 0.0000e+00
      26533   1105.493    580.391    585.000     8.0095     8.0100   3.645888   3.645863     1.6275     1.3255     100.00   25.65824  -84.71659   -0.00004   -0.00029     2.7371     2.7501     7.9488     7.9493    34.9741    34.9733    27.2613    27.2606    1509.76    118.996    119.560         30 0.0000e+00
      26657   1110.687    585.344    590.000     7.9106     7.9116   3.636056   3.636087     1.6288     1.3274     100.00   25.65743  -84.71393    0.00029    0.00040     2.7501     2.7654     7.8499     7.8508    34.9648    34.9643    27.2687    27.2681    1509.57    119.560    120.226         31 0.0000e+00
      26784   1115.949    590.297    595.000     7.7555     7.7576   3.620666   3.620815     1.6308     1.3296     100.00   25.65723  -84.71325    0.00043    0.00035     2.7695     2.7853     7.6948     7.6969    34.9518    34.9513    27.2814    27.2807    1509.40    120.401    121.087         36 0.0000e+00
      26912   1121.290    595.251    600.000     7.7258     7.7274   3.618168   3.618252     1.6339     1.3323     100.00   25.65788  -84.71541    0.00067    0.00051     2.7829     2.7981     7.6648     7.6663    34.9522    34.9516    27.2861    27.2854    1509.29    120.984    121.644         37 0.0000e+00
      27034   1126.388    600.204    605.000     7.6725     7.6735   3.612872   3.612908     1.6348     1.3325      99.99   25.65631  -84.71024    0.00011   -0.00005     2.7916     2.8048     7.6111     7.6122    34.9476    34.9468    27.2903    27.2895    1509.04    121.361    121.934         33 0.0000e+00
      27068   1127.805    601.195    606.000     7.6696     7.6708   3.612837   3.612877     1.6350     1.3329     100.00   25.65792  -84.71554    0.00002    0.00013     2.7924     2.8067     7.6082     7.6093    34.9481    34.9474    27.2912    27.2905    1509.11    121.394    122.017         30 0.0000e+00
      27268   1136.113    609.120    614.000     7.6068     7.6086   3.607004   3.607108     1.6359     1.3334     100.00   25.65765  -84.71465    0.00021    0.00002     2.8028     2.8156     7.5448     7.5466    34.9441    34.9434    27.2972    27.2964    1508.86    121.846    122.404         33 0.0000e+00
      27418   1142.381    615.063    620.000     7.5921     7.5933   3.605869   3.605912     1.6369     1.3334     100.00   25.65807  -84.71602    0.00020    0.00004     2.8089     2.8188     7.5296     7.5308    34.9437    34.9429    27.2991    27.2984    1508.71    122.114    122.544         31 0.0000e+00
      27745   1156.017    627.940    633.000     7.4502     7.4513   3.592216   3.592251     1.6371     1.3357     100.00   25.65694  -84.71221   -0.00012    0.00018     2.8251     2.8418     7.3870     7.3881    34.9317    34.9310    27.3102    27.3095    1508.27    122.816    123.542         30 0.0000e+00
      27923   1163.419    634.873    640.000     7.3316     7.3324   3.581059   3.581113     1.6410     1.3384     100.00   25.65754  -84.71420    0.00048    0.00025     2.8486     2.8621     7.2682     7.2690    34.9264    34.9256    27.3231    27.3223    1508.11    123.834    124.423         30 0.0000e+00
      28075   1169.739    640.816    646.000     7.2205     7.2217   3.570562   3.570600     1.6442     1.3429     100.00   25.65816  -84.71622    0.00049    0.00063     2.8692     2.8880     7.1571     7.1582    34.9207    34.9200    27.3344    27.3337    1507.98    124.729    125.547         30 0.0000e+00
      28802   1200.025    669.537    675.000     6.9963     6.9969   3.550305   3.550303     1.6550     1.3529      68.21   25.65718  -84.71284    0.00007    0.00034     2.9313     2.9498     6.9310     6.9316    34.9110    34.9104    27.3583    27.3577    1507.13    127.428    128.230         32 0.0000e+00
      29122   1213.365    682.410    688.000     6.8798     6.8808   3.539680   3.539701     1.6618     1.3584      99.99   25.65602  -84.70893    0.00062    0.00052     2.9669     2.9826     6.8137     6.8148    34.9056    34.9048    27.3702    27.3694    1506.72    128.970    129.654         35 0.0000e+00
      29161   1215.001    683.401    689.000     6.8713     6.8725   3.539137   3.539184     1.6632     1.3599     100.00   25.65800  -84.71548    0.00072    0.00062     2.9722     2.9888     6.8052     6.8064    34.9080    34.9073    27.3733    27.3725    1506.81    129.202    129.924         35 0.0000e+00
      29271   1219.589    688.351    694.000     6.8078     6.8087   3.533212   3.533229     1.6662     1.3627      99.99   25.65635  -84.71005    0.00068    0.00069     2.9887     3.0053     6.7416     6.7425    34.9043    34.9036    27.3791    27.3783    1506.59    129.916    130.640         31 0.0000e+00
      29307   1221.064    689.342    695.000     6.8036     6.8047   3.533053   3.533076     1.6672     1.3639     100.00   25.65800  -84.71548    0.00080    0.00070     2.9925     3.0101     6.7373     6.7383    34.9066    34.9058    27.3814    27.3807    1506.66    130.082    130.847         34 0.0000e+00
      29451   1227.089    695.283    701.000     6.7388     6.7392   3.526999   3.526969     1.6702     1.3666      99.99   25.65551  -84.70728    0.00060    0.00052     3.0097     3.0269     6.6722     6.6726    34.9022    34.9014    27.3868    27.3861    1506.36    130.829    131.576         43 0.0000e+00
      29493   1228.837    696.273    702.000     6.7264     6.7274   3.526152   3.526172     1.6715     1.3676     100.00   25.65800  -84.71550    0.00069    0.00079     3.0150     3.0317     6.6598     6.6607    34.9052    34.9045    27.3909    27.3902    1506.49    131.058    131.785         30 0.0000e+00
      29601   1233.333    701.224    707.000     6.7038     6.7048   3.524309   3.524353     1.6736     1.3698     100.00   25.65712  -84.71259    0.00054    0.00067     3.0255     3.0431     6.6368     6.6378    34.9036    34.9027    27.3927    27.3919    1506.31    131.515    132.281         35 0.0000e+00
      29635   1234.739    702.214    708.000     6.6861     6.6873   3.522657   3.522697     1.6740     1.3701      93.07   25.65800  -84.71550    0.00053    0.00045     3.0288     3.0458     6.6191     6.6203    34.9046    34.9038    27.3959    27.3951    1506.34    131.658    132.397         30 0.0000e+00
      29782   1240.878    708.155    714.000     6.6506     6.6522   3.519544   3.519586     1.6772     1.3734      99.86   25.65764  -84.71425    0.00052    0.00048     3.0439     3.0625     6.5832     6.5848    34.9038    34.9029    27.4001    27.3992    1506.17    132.317    133.125         34 0.0000e+00
      30010   1250.365    717.066    723.000     6.5814     6.5824   3.513655   3.513698     1.6826     1.3784     100.00   25.65823  -84.71620    0.00050    0.00066     3.0704     3.0889     6.5135     6.5144    34.9038    34.9030    27.4095    27.4087    1505.98    133.464    134.270         30 0.0000e+00
      30287   1261.921    727.956    734.000     6.5399     6.5406   3.510244   3.510226     1.6865     1.3814     100.00   25.65771  -84.71441    0.00027    0.00014     3.0908     3.1070     6.4711     6.4718    34.9029    34.9020    27.4144    27.4136    1505.69    134.350    135.057         30 0.0000e+00
      30418   1267.357    732.906    739.000     6.4935     6.4943   3.505972   3.505983     1.6887     1.3838      99.99   25.65555  -84.70729    0.00039    0.00048     3.1038     3.1213     6.4245     6.4253    34.8998    34.8989    27.4181    27.4173    1505.45    134.919    135.678         48 0.0000e+00
      30469   1269.492    733.896    740.000     6.4929     6.4938   3.506237   3.506237     1.6901     1.3850      99.79   25.65806  -84.71550    0.00065    0.00060     3.1087     3.1258     6.4238     6.4247    34.9033    34.9024    27.4211    27.4202    1505.57    135.130    135.872         45 0.0000e+00
      30505   1271.002    734.886    741.000     6.4910     6.4921   3.506117   3.506128     1.6908     1.3851      99.97   25.65806  -84.71550    0.00058    0.00045     3.1114     3.1269     6.4218     6.4229    34.9034    34.9024    27.4214    27.4205    1505.55    135.246    135.919         30 0.0000e+00
      30569   1273.676    736.866    743.000     6.4841     6.4851   3.505306   3.505313     1.6913     1.3856      99.99   25.65573  -84.70781    0.00028    0.00016     3.1144     3.1300     6.4148     6.4157    34.9002    34.8993    27.4197    27.4189    1505.36    135.379    136.055         47 0.0000e+00
      30621   1275.814    737.856    744.000     6.4727     6.4735   3.504644   3.504751     1.6914     1.3858     100.00   25.65806  -84.71550    0.00013    0.00016     3.1163     3.1320     6.4033     6.4041    34.9033    34.9023    27.4237    27.4229    1505.48    135.457    136.143         46 0.0000e+00
      30660   1277.465    738.846    745.000     6.4633     6.4642   3.503726   3.503734     1.6918     1.3865     100.00   25.65806  -84.71549    0.00008    0.00012     3.1185     3.1354     6.3938     6.3948    34.9031    34.9023    27.4249    27.4241    1505.46    135.552    136.288         36 0.0000e+00
      30697   1278.986    739.836    746.000     6.4596     6.4608   3.503437   3.503456     1.6922     1.3870     100.00   25.65806  -84.71548    0.00021    0.00034     3.1207     3.1381     6.3901     6.3913    34.9031    34.9022    27.4254    27.4245    1505.43    135.648    136.405         40 0.0000e+00
      30739   1280.761    740.826    747.000     6.4494     6.4504   3.502547   3.502558     1.6929     1.3874     100.00   25.65808  -84.71550    0.00033    0.00031     3.1241     3.1407     6.3798     6.3809    34.9031    34.9022    27.4268    27.4259    1505.41    135.800    136.519         40 0.0000e+00
      30773   1282.148    741.816    748.000     6.4399     6.4410   3.501714   3.501735     1.6934     1.3880     100.00   25.65808  -84.71550    0.00038    0.00025     3.1268     3.1440     6.3703     6.3714    34.9031    34.9021    27.4279    27.4271    1505.39    135.916    136.661         30 0.0000e+00
      30806   1283.535    742.806    749.000     6.4328     6.4337   3.501099   3.501106     1.6939     1.3888     100.00   25.65808  -84.71548    0.00035    0.00041     3.1296     3.1478     6.3631     6.3640    34.9030    34.9021    27.4289    27.4281    1505.37    136.036    136.828         41 0.0000e+00
      30864   1285.970    743.796    750.000     6.4135     6.4165   3.499381   3.499570     1.6950     1.3898     100.00   25.65808  -84.71550    0.00047    0.00055     3.1349     3.1530     6.3439     6.3468    34.9030    34.9021    27.4314    27.4303    1505.35    136.269    137.053         37 0.0000e+00
      30923   1288.426    745.775    752.000     6.3795     6.3809   3.496118   3.496136     1.6964     1.3910      91.57   25.65495  -84.70516    0.00048    0.00035     3.1446     3.1617     6.3098     6.3112    34.8998    34.8990    27.4333    27.4325    1505.12    136.689    137.429         33 0.0000e+00
      30973   1290.503    746.766    753.000     6.3780     6.3789   3.496250   3.496256     1.6991     1.3931     100.71   25.65808  -84.71550    0.00094    0.00084     3.1524     3.1689     6.3083     6.3092    34.9030    34.9021    27.4360    27.4353    1505.27    137.026    137.744         52 0.0000e+00
      31011   1292.098    747.756    754.000     6.3746     6.3759   3.496018   3.496056     1.7011     1.3951     100.00   25.65808  -84.71550    0.00128    0.00108     3.1598     3.1765     6.3048     6.3061    34.9032    34.9024    27.4367    27.4359    1505.25    137.347    138.076         33 0.0000e+00
      31050   1293.692    748.745    755.000     6.3666     6.3674   3.495312   3.495316     1.7019     1.3961      75.80   25.65808  -84.71550    0.00101    0.00102     3.1633     3.1813     6.2967     6.2975    34.9031    34.9023    27.4377    27.4369    1505.24    137.498    138.285         46 0.0000e+00
      31098   1295.715    749.735    756.000     6.3562     6.3577   3.494414   3.494475     1.7027     1.3969     101.24   25.65808  -84.71550    0.00045    0.00059     3.1672     3.1851     6.2863     6.2878    34.9031    34.9023    27.4391    27.4383    1505.21    137.671    138.447         43 0.0000e+00
      31161   1298.320    751.715    758.000     6.3441     6.3439   3.493308   3.493226     1.7041     1.3978     100.00   25.65699  -84.71189    0.00046    0.00021     3.1737     3.1905     6.2740     6.2739    34.9021    34.9013    27.4398    27.4392    1505.10    137.951    138.681         31 0.0000e+00
      31207   1300.247    752.705    759.000     6.3344     6.3355   3.492633   3.492654     1.7054     1.3992      99.99   25.65809  -84.71550    0.00065    0.00060     3.1790     3.1964     6.2643     6.2654    34.9040    34.9032    27.4427    27.4419    1505.14    138.182    138.940         62 0.0000e+00
      31262   1302.552    753.695    760.000     6.3321     6.3334   3.492477   3.492525     1.7070     1.4006     100.00   25.65810  -84.71550    0.00068    0.00074     3.1847     3.2018     6.2619     6.2632    34.9042    34.9034    27.4431    27.4423    1505.12    138.429    139.172         39 0.0000e+00
      31365   1306.849    756.665    763.000     6.3271     6.3282   3.492132   3.492170     1.7087     1.4016     100.00   25.65787  -84.71475    0.00038    0.00025     3.1918     3.2070     6.2566     6.2578    34.9040    34.9031    27.4436    27.4428    1505.04    138.738    139.400         38 0.0000e+00
      31418   1309.047    757.655    764.000     6.3202     6.3217   3.491598   3.491658     1.7093     1.4017     100.00   25.65810  -84.71550    0.00035    0.00004     3.1950     3.2082     6.2497     6.2512    34.9046    34.9037    27.4450    27.4441    1505.03    138.876    139.452         31 0.0000e+00
      31479   1311.563    759.634    766.000     6.3008     6.3020   3.489434   3.489469     1.7095     1.4017      93.30   25.65484  -84.70474    0.00013    0.00004     3.1978     3.2111     6.2302     6.2314    34.8998    34.8990    27.4437    27.4429    1504.79    138.997    139.578         46 0.0000e+00
      31533   1313.846    760.624    767.000     6.2883     6.2889   3.488800   3.488816     1.7104     1.4027     100.13   25.65811  -84.71552    0.00030    0.00025     3.2026     3.2160     6.2177     6.2183    34.9041    34.9033    27.4488    27.4481    1504.97    139.207    139.790         46 0.0000e+00
      31568   1315.279    761.614    768.000     6.2875     6.2883   3.488771   3.488760     1.7110     1.4031      99.07   25.65812  -84.71552    0.00038    0.00037     3.2050     3.2179     6.2168     6.2176    34.9044    34.9034    27.4492    27.4483    1504.95    139.310    139.872         32 0.0000e+00
