Gulf of Mexico/GOMECC-4/1db/rb2103_0481.ros
* Sea-Bird SBE 9 Data File:
* FileName = C:\Users\scs.user.rb\CTD\GOMECC4\data\rb2103_0481.hex
* Software Version Seasave V 7.26.7.107
* Temperature SN = 4799
* Conductivity SN = 3860
* Number of Bytes Per Scan = 41
* Number of Voltage Words = 4
* Number of Scans Averaged by the Deck Unit = 1
* NMEA Latitude = 28 49.64 N
* NMEA Longitude = 090 48.84 W
* NMEA UTC (Time) = Sep 26 2021  19:53:40
* NMEA baud rate = 4800
# nquan = 17
# nvalues = 266                                   
# units = specified
# name 0 = scan: Scan Count
# name 1 = timeS: Time, Elapsed [seconds]
# name 2 = depSM: Depth [salt water, m]
# name 3 = prDM: Pressure, Digiquartz [db]
# name 4 = t090C: Temperature [ITS-90, deg C]
# name 5 = t190C: Temperature, 2 [ITS-90, deg C]
# name 6 = c0S/m: Conductivity [S/m]
# name 7 = c1S/m: Conductivity, 2 [S/m]
# name 8 = sbeox0V: Oxygen raw, SBE 43 [V]
# name 9 = sbeox1V: Oxygen raw, SBE 43, 2 [V]
# name 10 = altM: Altimeter [m]
# name 11 = latitude: Latitude [deg]
# name 12 = longitude: Longitude [deg]
# name 13 = sbox0dV/dT: Oxygen, SBE 43 [dov/dt]
# name 14 = sbox1dV/dT: Oxygen, SBE 43, 2 [dov/dt]
# name 15 = nbf: Bottles Fired
# name 16 = flag:  0.000e+00
# interval = seconds: 0.0416667
# start_time = Sep 26 2021 19:53:40 [NMEA time, header]
# bad_flag = -9.990e-29
*END*
      24225   1009.333     13.320     13.410    26.7118    26.7156   4.497323   4.497675     3.2393     2.7705       5.47   28.82752  -90.81408    0.00059    0.00023          1  0.000e+00
      24226   1009.375     12.330     12.414    26.7120    26.7153   4.497365   4.497646     3.2393     2.7692       5.47   28.82752  -90.81408    0.00055    0.00010          1  0.000e+00
      24227   1009.417     12.708     12.794    26.7121    26.7152   4.497365   4.497675     3.2393     2.7692       5.49   28.82752  -90.81408    0.00051   -0.00004          1  0.000e+00
      24228   1009.458     12.723     12.809    26.7121    26.7150   4.497408   4.497625     3.2393     2.7680       5.47   28.82752  -90.81408    0.00047   -0.00019          1  0.000e+00
      24229   1009.500     12.761     12.847    26.7123    26.7150   4.497393   4.497654     3.2393     2.7680       5.47   28.82752  -90.81408    0.00043   -0.00035          1  0.000e+00
      24230   1009.542     12.783     12.870    26.7127    26.7148   4.497450   4.497625     3.2393     2.7680       5.47   28.82752  -90.81408    0.00040   -0.00048          1  0.000e+00
      24231   1009.583     12.708     12.794    26.7132    26.7152   4.497436   4.497654     3.2393     2.7680       5.49   28.82752  -90.81408    0.00037   -0.00063          1  0.000e+00
      24232   1009.625     12.708     12.794    26.7134    26.7153   4.497450   4.497682     3.2381     2.7668       5.49   28.82752  -90.81408    0.00033   -0.00080          1  0.000e+00
      24233   1009.667     12.783     12.870    26.7136    26.7154   4.497472   4.497646     3.2381     2.7668       5.47   28.82752  -90.81408    0.00028   -0.00095          1  0.000e+00
      24234   1009.708     12.708     12.794    26.7136    26.7155   4.497521   4.497610     3.2381     2.7668       5.49   28.82752  -90.81408    0.00023   -0.00110          1  0.000e+00
      24235   1009.750     12.723     12.809    26.7136    26.7153   4.497514   4.497625     3.2381     2.7668       5.49   28.82752  -90.81408    0.00019   -0.00125          1  0.000e+00
      24236   1009.792     12.708     12.794    26.7136    26.7154   4.497514   4.497646     3.2381     2.7668       5.47   28.82752  -90.81408    0.00016   -0.00138          1  0.000e+00
      24237   1009.833     12.708     12.794    26.7134    26.7153   4.497507   4.497661     3.2381     2.7668       5.47   28.82752  -90.81408    0.00013   -0.00151          1  0.000e+00
      24238   1009.875     12.723     12.809    26.7136    26.7152   4.497528   4.497654     3.2381     2.7680       5.49   28.82752  -90.81408    0.00009   -0.00162          1  0.000e+00
      24239   1009.917     12.647     12.733    26.7134    26.7150   4.497493   4.497632     3.2381     2.7668       5.57   28.82752  -90.81408    0.00005   -0.00175          1  0.000e+00
      24240   1009.958     12.723     12.809    26.7134    26.7152   4.497464   4.497646     3.2381     2.7680       5.57   28.82752  -90.81408    0.00002   -0.00183          1  0.000e+00
      24241   1010.000     12.708     12.794    26.7134    26.7152   4.497464   4.497603     3.2381     2.7680       5.59   28.82752  -90.81408   -0.00002   -0.00192          1  0.000e+00
      24242   1010.042     12.723     12.809    26.7136    26.7154   4.497443   4.497632     3.2381     2.7680       5.57   28.82752  -90.81408   -0.00006   -0.00199          1  0.000e+00
      24243   1010.083     12.708     12.794    26.7136    26.7153   4.497457   4.497618     3.2381     2.7680       5.57   28.82752  -90.81408   -0.00008   -0.00206          1  0.000e+00
      24244   1010.125     12.708     12.794    26.7131    26.7154   4.497436   4.497625     3.2381     2.7692       5.57   28.82752  -90.81408   -0.00010   -0.00211          1  0.000e+00
      24245   1010.167     12.670     12.756    26.7127    26.7153   4.497464   4.497646     3.2381     2.7692       5.57   28.82752  -90.81408   -0.00012   -0.00215          1  0.000e+00
      24246   1010.208     12.708     12.794    26.7127    26.7152   4.497464   4.497661     3.2381     2.7692       5.57   28.82752  -90.81408   -0.00014   -0.00220          1  0.000e+00
      24247   1010.250     12.670     12.756    26.7125    26.7152   4.497436   4.497682     3.2381     2.7692       5.57   28.82752  -90.81408   -0.00017   -0.00224          1  0.000e+00
      24248   1010.292     12.708     12.794    26.7121    26.7152   4.497464   4.497646     3.2369     2.7692       5.57   28.82752  -90.81408   -0.00019   -0.00227          1  0.000e+00
      24249   1010.333     12.723     12.809    26.7125    26.7150   4.497464   4.497646     3.2369     2.7692       5.57   28.82752  -90.81408   -0.00021   -0.00229          1  0.000e+00
      24250   1010.375     12.708     12.794    26.7125    26.7152   4.497464   4.497632     3.2369     2.7692       5.57   28.82752  -90.81408   -0.00023   -0.00231          1  0.000e+00
      24251   1010.417     12.708     12.794    26.7127    26.7152   4.497443   4.497610     3.2369     2.7705       5.57   28.82752  -90.81408   -0.00025   -0.00231          1  0.000e+00
      24252   1010.458     12.670     12.756    26.7123    26.7152   4.497457   4.497654     3.2369     2.7692       5.57   28.82752  -90.81408   -0.00027   -0.00231          1  0.000e+00
      24253   1010.500     12.708     12.794    26.7127    26.7152   4.497464   4.497596     3.2381     2.7692       5.57   28.82752  -90.81408   -0.00028   -0.00231          1  0.000e+00
      24254   1010.542     12.723     12.809    26.7127    26.7152   4.497443   4.497618     3.2381     2.7705       5.57   28.82752  -90.81408   -0.00028   -0.00229          1  0.000e+00
      24255   1010.583     12.708     12.794    26.7127    26.7150   4.497457   4.497610     3.2381     2.7705       5.57   28.82752  -90.81408   -0.00028   -0.00228          1  0.000e+00
      24256   1010.625     12.670     12.756    26.7125    26.7148   4.497436   4.497589     3.2381     2.7692       5.57   28.82752  -90.81408   -0.00029   -0.00229          1  0.000e+00
      24257   1010.667     12.708     12.794    26.7129    26.7150   4.497436   4.497546     3.2381     2.7692       5.59   28.82752  -90.81408   -0.00029   -0.00228          1  0.000e+00
      24258   1010.708     12.708     12.794    26.7127    26.7150   4.497457   4.497517     3.2381     2.7692       5.57   28.82752  -90.81408   -0.00028   -0.00227          1  0.000e+00
      24259   1010.750     12.723     12.809    26.7129    26.7150   4.497464   4.497560     3.2393     2.7705       5.57   28.82752  -90.81408   -0.00024   -0.00224          1  0.000e+00
      24260   1010.792     12.708     12.794    26.7125    26.7148   4.497443   4.497574     3.2393     2.7692       5.57   28.82752  -90.81408   -0.00021   -0.00223          1  0.000e+00
      24261   1010.833     12.723     12.809    26.7125    26.7152   4.497429   4.497553     3.2393     2.7705       5.57   28.82752  -90.81408   -0.00018   -0.00219          1  0.000e+00
      24262   1010.875     12.708     12.794    26.7127    26.7152   4.497429   4.497567     3.2393     2.7692       5.59   28.82752  -90.81408   -0.00015   -0.00217          1  0.000e+00
      24263   1010.917     12.708     12.794    26.7129    26.7152   4.497429   4.497582     3.2393     2.7692       5.57   28.82752  -90.81408   -0.00011   -0.00215          1  0.000e+00
      24264   1010.958     12.783     12.870    26.7132    26.7150   4.497464   4.497517     3.2393     2.7705       5.59   28.82752  -90.81408   -0.00008   -0.00211          1  0.000e+00
      24265   1011.000     12.708     12.794    26.7129    26.7145   4.497500   4.497560     3.2393     2.7692       5.57   28.82752  -90.81408   -0.00005   -0.00209          1  0.000e+00
      24266   1011.042     12.723     12.809    26.7132    26.7148   4.497415   4.497546     3.2393     2.7705       5.57   28.82752  -90.81408   -0.00002   -0.00204          1  0.000e+00
      24267   1011.083     12.761     12.847    26.7123    26.7145   4.497393   4.497546     3.2393     2.7692       5.57   28.82752  -90.81408    0.00002   -0.00201          1  0.000e+00
      24268   1011.125     12.723     12.809    26.7121    26.7144   4.497386   4.497596     3.2393     2.7705       5.57   28.82752  -90.81408    0.00007   -0.00196          1  0.000e+00
      24269   1011.167     12.761     12.847    26.7120    26.7146   4.497415   4.497539     3.2405     2.7692       5.57   28.82752  -90.81408    0.00012   -0.00193          1  0.000e+00
      24270   1011.208     12.761     12.847    26.7120    26.7143   4.497436   4.497560     3.2393     2.7692       5.57   28.82752  -90.81408    0.00015   -0.00191          1  0.000e+00
      24271   1011.250     12.723     12.809    26.7120    26.7141   4.497429   4.497495     3.2393     2.7692       5.59   28.82752  -90.81408    0.00018   -0.00189          1  0.000e+00
      24272   1011.292     12.761     12.847    26.7121    26.7143   4.497429   4.497460     3.2405     2.7692       5.57   28.82752  -90.81408    0.00023   -0.00187          1  0.000e+00
      24273   1011.333     12.723     12.809    26.7118    26.7139   4.497464   4.497416     3.2393     2.7692       5.57   28.82752  -90.81408    0.00026   -0.00185          1  0.000e+00
      24274   1011.375     12.813     12.900    26.7120    26.7134   4.497436   4.497445     3.2393     2.7692       5.59   28.82752  -90.81408    0.00029   -0.00183          1  0.000e+00
      24275   1011.417     12.783     12.870    26.7118    26.7132   4.497450   4.497416     3.2405     2.7692       5.57   28.82752  -90.81408    0.00034   -0.00180          1  0.000e+00
      24276   1011.458     12.761     12.847    26.7116    26.7136   4.497443   4.497380     3.2393     2.7680       5.59   28.82752  -90.81408    0.00038   -0.00179          1  0.000e+00
      24277   1011.500     12.761     12.847    26.7116    26.7132   4.497486   4.497380     3.2405     2.7692       5.59   28.82752  -90.81408    0.00043   -0.00178          1  0.000e+00
      24278   1011.542     12.783     12.870    26.7118    26.7130   4.497472   4.497395     3.2405     2.7680       5.57   28.82752  -90.81408    0.00047   -0.00177          1  0.000e+00
      24279   1011.583     12.813     12.900    26.7116    26.7130   4.497443   4.497416     3.2405     2.7692       5.57   28.82752  -90.81408    0.00052   -0.00173          1  0.000e+00
      24280   1011.625     12.783     12.870    26.7116    26.7128   4.497429   4.497373     3.2405     2.7692       5.59   28.82752  -90.81408    0.00055   -0.00170          1  0.000e+00
      24281   1011.667     12.813     12.900    26.7118    26.7133   4.497429   4.497402     3.2393     2.7680       5.57   28.82752  -90.81408    0.00058   -0.00168          1  0.000e+00
      24282   1011.708     12.760     12.847    26.7120    26.7132   4.497436   4.497373     3.2393     2.7692       5.59   28.82752  -90.81408    0.00059   -0.00164          1  0.000e+00
      24283   1011.750     12.836     12.923    26.7116    26.7130   4.497401   4.497345     3.2381     2.7692       5.59   28.82752  -90.81408    0.00059   -0.00162          1  0.000e+00
      24284   1011.792     12.813     12.900    26.7114    26.7130   4.497386   4.497388     3.2393     2.7692       5.57   28.82752  -90.81410    0.00060   -0.00159          1  0.000e+00
      24285   1011.833     12.783     12.870    26.7112    26.7128   4.497394   4.497359     3.2393     2.7692       5.57   28.82752  -90.81410    0.00061   -0.00155          1  0.000e+00
      24286   1011.875     12.813     12.900    26.7110    26.7126   4.497443   4.497323     3.2393     2.7705       5.54   28.82752  -90.81410    0.00062   -0.00150          1  0.000e+00
      24287   1011.917     12.836     12.923    26.7112    26.7126   4.497464   4.497366     3.2381     2.7705       5.47   28.82752  -90.81410    0.00062   -0.00146          1  0.000e+00
      24288   1011.958     12.813     12.900    26.7111    26.7130   4.497415   4.497424     3.2393     2.7705       5.42   28.82752  -90.81410    0.00061   -0.00141          1  0.000e+00
      24289   1012.000     12.874     12.961    26.7108    26.7134   4.497358   4.497395     3.2393     2.7717       5.42   28.82752  -90.81410    0.00060   -0.00135          1  0.000e+00
      24290   1012.042     12.783     12.870    26.7110    26.7132   4.497316   4.497424     3.2381     2.7705       5.42   28.82752  -90.81410    0.00059   -0.00130          1  0.000e+00
      24291   1012.083     12.874     12.961    26.7107    26.7132   4.497287   4.497395     3.2381     2.7705       5.42   28.82752  -90.81410    0.00057   -0.00125          1  0.000e+00
      24292   1012.125     12.836     12.923    26.7104    26.7130   4.497245   4.497359     3.2381     2.7717       5.42   28.82752  -90.81410    0.00054   -0.00118          1  0.000e+00
      24293   1012.167     12.874     12.961    26.7105    26.7130   4.497202   4.497373     3.2381     2.7717       5.42   28.82752  -90.81410    0.00051   -0.00113          1  0.000e+00
      24294   1012.208     12.836     12.923    26.7103    26.7132   4.497238   4.497395     3.2393     2.7705       5.42   28.82752  -90.81410    0.00052   -0.00109          1  0.000e+00
      24295   1012.250     12.813     12.900    26.7104    26.7133   4.497238   4.497416     3.2381     2.7705       5.42   28.82752  -90.81410    0.00050   -0.00106          1  0.000e+00
      24296   1012.292     12.927     13.014    26.7107    26.7134   4.497238   4.497402     3.2381     2.7705       5.42   28.82752  -90.81410    0.00047   -0.00102          1  0.000e+00
      24297   1012.333     12.836     12.923    26.7107    26.7132   4.497245   4.497416     3.2381     2.7705       5.42   28.82752  -90.81410    0.00046   -0.00099          1  0.000e+00
      24298   1012.375     12.874     12.961    26.7105    26.7128   4.497209   4.497359     3.2369     2.7705       5.45   28.82752  -90.81410    0.00041   -0.00095          1  0.000e+00
      24299   1012.417     12.896     12.984    26.7107    26.7124   4.497223   4.497266     3.2369     2.7705       5.42   28.82752  -90.81410    0.00039   -0.00090          1  0.000e+00
      24300   1012.458     12.874     12.961    26.7105    26.7119   4.497301   4.497258     3.2381     2.7705       5.45   28.82752  -90.81410    0.00036   -0.00084          1  0.000e+00
      24301   1012.500     12.813     12.900    26.7107    26.7117   4.497223   4.497309     3.2369     2.7705       5.42   28.82752  -90.81410    0.00031   -0.00078          1  0.000e+00
      24302   1012.542     12.896     12.984    26.7108    26.7117   4.497223   4.497337     3.2369     2.7692       5.42   28.82752  -90.81410    0.00027   -0.00074          1  0.000e+00
      24303   1012.583     12.927     13.014    26.7107    26.7117   4.497245   4.497266     3.2369     2.7692       5.42   28.82752  -90.81410    0.00022   -0.00070          1  0.000e+00
      24304   1012.625     12.896     12.984    26.7107    26.7114   4.497266   4.497201     3.2369     2.7692       5.42   28.82752  -90.81410    0.00018   -0.00065          1  0.000e+00
      24305   1012.667     12.874     12.961    26.7108    26.7115   4.497245   4.497172     3.2369     2.7692       5.42   28.82752  -90.81410    0.00013   -0.00061          1  0.000e+00
      24306   1012.708     12.836     12.923    26.7107    26.7115   4.497273   4.497237     3.2381     2.7692       5.42   28.82752  -90.81410    0.00010   -0.00056          1  0.000e+00
      24307   1012.750     12.927     13.014    26.7113    26.7115   4.497273   4.497222     3.2381     2.7692       5.42   28.82752  -90.81410    0.00007   -0.00050          1  0.000e+00
      24308   1012.792     12.874     12.961    26.7110    26.7119   4.497273   4.497222     3.2381     2.7680       5.42   28.82752  -90.81408    0.00005   -0.00045          1  0.000e+00
      24309   1012.833     12.896     12.984    26.7108    26.7119   4.497316   4.497237     3.2381     2.7692       5.42   28.82752  -90.81408    0.00002   -0.00038          1  0.000e+00
