Gulf of Mexico/GOMECC-4/1db/rb2103_1201.ros
* Sea-Bird SBE 9 Data File:
* FileName = C:\Users\scs.user.rb\CTD\GOMECC4\data\rb2103_1201.hex
* Software Version Seasave V 7.26.7.107
* Temperature SN = 4799
* Conductivity SN = 3860
* Number of Bytes Per Scan = 41
* Number of Voltage Words = 4
* Number of Scans Averaged by the Deck Unit = 1
* NMEA Latitude = 21 40.66 N
* NMEA Longitude = 085 53.83 W
* NMEA UTC (Time) = Oct 16 2021  08:41:52
* NMEA baud rate = 4800
# nquan = 17
# nvalues = 2793                                  
# units = specified
# name 0 = scan: Scan Count
# name 1 = timeS: Time, Elapsed [seconds]
# name 2 = depSM: Depth [salt water, m]
# name 3 = prDM: Pressure, Digiquartz [db]
# name 4 = t090C: Temperature [ITS-90, deg C]
# name 5 = t190C: Temperature, 2 [ITS-90, deg C]
# name 6 = c0S/m: Conductivity [S/m]
# name 7 = c1S/m: Conductivity, 2 [S/m]
# name 8 = sbeox0V: Oxygen raw, SBE 43 [V]
# name 9 = sbeox1V: Oxygen raw, SBE 43, 2 [V]
# name 10 = altM: Altimeter [m]
# name 11 = latitude: Latitude [deg]
# name 12 = longitude: Longitude [deg]
# name 13 = sbox0dV/dT: Oxygen, SBE 43 [dov/dt]
# name 14 = sbox1dV/dT: Oxygen, SBE 43, 2 [dov/dt]
# name 15 = nbf: Bottles Fired
# name 16 = flag:  0.000e+00
# interval = seconds: 0.0416667
# start_time = Oct 16 2021 08:41:52 [NMEA time, header]
# bad_flag = -9.990e-29
*END*
[from data line 1362]
     125089   5212.000    321.876    324.141    16.9381    16.9020   4.645924   4.641570     2.1563     1.8034     100.00   21.68696  -85.90008   -0.00021    0.00022         11  0.000e+00
     125090   5212.042    321.903    324.169    16.9384    16.9035   4.645946   4.641621     2.1563     1.8034     100.00   21.68696  -85.90008   -0.00020    0.00024         11  0.000e+00
     125091   5212.083    321.849    324.114    16.9389    16.9039   4.645974   4.641657     2.1563     1.8034     100.00   21.68696  -85.90008   -0.00019    0.00024         11  0.000e+00
     125092   5212.125    321.876    324.142    16.9386    16.9042   4.645989   4.641846     2.1563     1.8034     100.00   21.68696  -85.90008   -0.00018    0.00026         11  0.000e+00
     125093   5212.167    321.849    324.114    16.9389    16.9068   4.645945   4.642057     2.1563     1.8034     100.00   21.68696  -85.90008   -0.00016    0.00029         11  0.000e+00
     125094   5212.208    321.903    324.169    16.9379    16.9097   4.645946   4.642254     2.1563     1.8034     100.00   21.68696  -85.90008   -0.00015    0.00031         11  0.000e+00
     125095   5212.250    321.876    324.142    16.9357    16.9102   4.645917   4.642327     2.1575     1.8034     100.00   21.68696  -85.90008   -0.00012    0.00033         11  0.000e+00
     125096   5212.292    321.904    324.169    16.9350    16.9082   4.645888   4.642312     2.1563     1.8034     100.00   21.68696  -85.90008   -0.00011    0.00035         11  0.000e+00
     125097   5212.333    321.876    324.142    16.9357    16.9089   4.645960   4.642392     2.1563     1.8034     100.00   21.68696  -85.90008   -0.00010    0.00037         11  0.000e+00
     125098   5212.375    321.904    324.169    16.9375    16.9107   4.645924   4.642363     2.1563     1.8034     100.00   21.68696  -85.90008   -0.00009    0.00039         11  0.000e+00
     125099   5212.417    321.904    324.169    16.9384    16.9068   4.645967   4.642188     2.1563     1.8034     100.00   21.68696  -85.90008   -0.00008    0.00039         11  0.000e+00
     125100   5212.458    321.877    324.142    16.9389    16.9054   4.646003   4.642079     2.1563     1.8034     100.00   21.68696  -85.90008   -0.00007    0.00040         11  0.000e+00
     125101   5212.500    321.904    324.170    16.9396    16.9068   4.646025   4.642094     2.1563     1.8034     100.00   21.68696  -85.90008   -0.00006    0.00040         11  0.000e+00
     125102   5212.542    321.904    324.170    16.9398    16.9064   4.646089   4.642079     2.1563     1.8034     100.00   21.68696  -85.90008   -0.00005    0.00042         11  0.000e+00
     125103   5212.583    321.931    324.197    16.9396    16.9092   4.646089   4.642269     2.1563     1.8034     100.00   21.68696  -85.90008   -0.00002    0.00042         11  0.000e+00
     125104   5212.625    321.952    324.218    16.9403    16.9123   4.646132   4.642633     2.1575     1.8034     100.00   21.68696  -85.90008    0.00001    0.00042         11  0.000e+00
     125105   5212.667    321.877    324.142    16.9398    16.9170   4.646147   4.642968     2.1575     1.8034     100.00   21.68696  -85.90008    0.00004    0.00042         11  0.000e+00
     125106   5212.708    321.904    324.170    16.9401    16.9199   4.646147   4.643142     2.1563     1.8034     100.00   21.68696  -85.90008    0.00005    0.00042         11  0.000e+00
     125107   5212.750    321.952    324.218    16.9401    16.9177   4.646161   4.643222     2.1563     1.8034     100.00   21.68696  -85.90008    0.00006    0.00042         11  0.000e+00
     125108   5212.792    321.931    324.197    16.9398    16.9147   4.646183   4.643419     2.1563     1.8034     100.00   21.68696  -85.90008    0.00007    0.00042         11  0.000e+00
     125109   5212.833    321.904    324.170    16.9396    16.9139   4.646096   4.643776     2.1563     1.8034     100.00   21.68696  -85.90008    0.00008    0.00042         11  0.000e+00
     125110   5212.875    321.952    324.218    16.9395    16.9161   4.646111   4.644169     2.1563     1.8034     100.00   21.68696  -85.90008    0.00010    0.00042         11  0.000e+00
     125111   5212.917    321.932    324.198    16.9391    16.9204   4.646082   4.644359     2.1575     1.8034     100.00   21.68696  -85.90008    0.00012    0.00042         11  0.000e+00
     125112   5212.958    321.952    324.218    16.9386    16.9223   4.646125   4.644431     2.1575     1.8034     100.00   21.68696  -85.90008    0.00015    0.00042         11  0.000e+00
     125113   5213.000    321.932    324.198    16.9391    16.9244   4.646104   4.644519     2.1575     1.8034     100.00   21.68696  -85.90008    0.00018    0.00042         11  0.000e+00
     125114   5213.042    321.952    324.218    16.9389    16.9291   4.646068   4.644752     2.1563     1.8034     100.00   21.68696  -85.90008    0.00019    0.00042         11  0.000e+00
     125115   5213.083    322.000    324.266    16.9391    16.9330   4.646068   4.644825     2.1563     1.8034     100.00   21.68696  -85.90008    0.00020    0.00041         11  0.000e+00
     125116   5213.125    321.932    324.198    16.9391    16.9307   4.646068   4.644643     2.1563     1.8034     100.00   21.68696  -85.90008    0.00021    0.00041         11  0.000e+00
     125117   5213.167    321.952    324.218    16.9387    16.9234   4.646082   4.644235     2.1563     1.8022     100.00   21.68696  -85.90008    0.00022    0.00039         11  0.000e+00
     125118   5213.208    322.000    324.266    16.9389    16.9182   4.646068   4.643849     2.1563     1.8022     100.00   21.68696  -85.90008    0.00023    0.00037         11  0.000e+00
     125119   5213.250    321.932    324.198    16.9389    16.9109   4.646096   4.643674     2.1563     1.8034     100.00   21.68696  -85.90008    0.00024    0.00037         11  0.000e+00
     125120   5213.292    322.000    324.267    16.9386    16.9077   4.646089   4.643820     2.1575     1.8022     100.00   21.68696  -85.90008    0.00027    0.00035         11  0.000e+00
     125121   5213.333    321.932    324.198    16.9387    16.9127   4.646068   4.644082     2.1575     1.8022     100.00   21.68696  -85.90008    0.00029    0.00033         11  0.000e+00
     125122   5213.375    322.000    324.267    16.9388    16.9185   4.646125   4.644242     2.1563     1.8022     100.00   21.68696  -85.90008    0.00030    0.00031         11  0.000e+00
     125123   5213.417    321.953    324.219    16.9387    16.9211   4.646118   4.644279     2.1563     1.8022     100.00   21.68696  -85.90008    0.00031    0.00029         11  0.000e+00
     125124   5213.458    321.980    324.246    16.9386    16.9213   4.646089   4.644242     2.1563     1.8022     100.00   21.68696  -85.90008    0.00032    0.00026         11  0.000e+00
     125125   5213.500    321.953    324.219    16.9391    16.9211   4.646132   4.644235     2.1563     1.8022     100.00   21.68696  -85.90008    0.00033    0.00024         11  0.000e+00
     125126   5213.542    321.980    324.246    16.9391    16.9225   4.646118   4.644257     2.1563     1.8022     100.00   21.68696  -85.90008    0.00034    0.00022         11  0.000e+00
     125127   5213.583    321.953    324.219    16.9393    16.9233   4.646118   4.644271     2.1563     1.8022     100.00   21.68696  -85.90008    0.00035    0.00020         11  0.000e+00
     125128   5213.625    321.953    324.219    16.9391    16.9225   4.646111   4.644249     2.1575     1.8022     100.00   21.68698  -85.90008    0.00037    0.00016         11  0.000e+00
     125129   5213.667    322.028    324.294    16.9388    16.9214   4.646075   4.644206     2.1575     1.8022     100.00   21.68698  -85.90008    0.00040    0.00014         11  0.000e+00
     125130   5213.708    321.953    324.219    16.9386    16.9211   4.646096   4.644191     2.1575     1.8022     100.00   21.68698  -85.90008    0.00043    0.00012         11  0.000e+00
     125131   5213.750    321.953    324.219    16.9386    16.9216   4.646089   4.644249     2.1563     1.8022     100.00   21.68698  -85.90008    0.00043    0.00010         11  0.000e+00
     125132   5213.792    321.980    324.247    16.9387    16.9223   4.646104   4.644388     2.1563     1.8022     100.00   21.68698  -85.90008    0.00042    0.00008         11  0.000e+00
     125133   5213.833    322.001    324.267    16.9384    16.9236   4.646046   4.644490     2.1575     1.8022     100.00   21.68698  -85.90008    0.00043    0.00006         11  0.000e+00
     125134   5213.875    321.933    324.199    16.9384    16.9240   4.646010   4.644577     2.1575     1.8022     100.00   21.68698  -85.90008    0.00044    0.00004         11  0.000e+00
     125135   5213.917    321.953    324.219    16.9386    16.9241   4.646053   4.644584     2.1563     1.8022     100.00   21.68698  -85.90008    0.00043    0.00002         11  0.000e+00
     125136   5213.958    322.001    324.267    16.9384    16.9242   4.646068   4.644584     2.1563     1.8022     100.00   21.68698  -85.90008    0.00043   -0.00000         11  0.000e+00
     125137   5214.000    321.981    324.247    16.9386    16.9240   4.646039   4.644584     2.1575     1.8022     100.00   21.68698  -85.90008    0.00046   -0.00003         11  0.000e+00
     125138   5214.042    321.953    324.220    16.9386    16.9237   4.646010   4.644526     2.1575     1.8022     100.00   21.68698  -85.90008    0.00046   -0.00005         11  0.000e+00
     125139   5214.083    321.953    324.220    16.9379    16.9240   4.646025   4.644621     2.1575     1.8022     100.00   21.68698  -85.90008    0.00047   -0.00007         11  0.000e+00
     125140   5214.125    321.933    324.199    16.9377    16.9249   4.646032   4.644708     2.1575     1.8022     100.00   21.68698  -85.90008    0.00049   -0.00009         11  0.000e+00
     125141   5214.167    321.954    324.220    16.9376    16.9254   4.646039   4.644679     2.1575     1.8022     100.00   21.68698  -85.90008    0.00049   -0.00011         11  0.000e+00
     125142   5214.208    321.933    324.199    16.9377    16.9259   4.646003   4.644577     2.1575     1.8022     100.00   21.68698  -85.90008    0.00049   -0.00013         11  0.000e+00
     125143   5214.250    321.954    324.220    16.9379    16.9256   4.646017   4.644548     2.1575     1.8010     100.00   21.68698  -85.90008    0.00050   -0.00017         11  0.000e+00
     125144   5214.292    321.954    324.220    16.9379    16.9259   4.645996   4.644548     2.1563     1.8010     100.00   21.68698  -85.90008    0.00048   -0.00021         11  0.000e+00
     125145   5214.333    321.933    324.199    16.9375    16.9258   4.646003   4.644461     2.1575     1.8010     100.00   21.68698  -85.90008    0.00050   -0.00023         11  0.000e+00
     125146   5214.375    321.954    324.220    16.9371    16.9252   4.645967   4.644410     2.1575     1.8022     100.00   21.68698  -85.90008    0.00050   -0.00025         11  0.000e+00
     125147   5214.417    321.954    324.220    16.9374    16.9247   4.646010   4.644424     2.1575     1.8010     100.00   21.68698  -85.90008    0.00050   -0.00029         11  0.000e+00
     125148   5214.458    321.934    324.200    16.9372    16.9246   4.645953   4.644431     2.1575     1.8010     100.00   21.68698  -85.90008    0.00052   -0.00030         11  0.000e+00
     125149   5214.500    321.906    324.172    16.9375    16.9245   4.645910   4.644453     2.1575     1.8022     100.00   21.68698  -85.90008    0.00052   -0.00032         11  0.000e+00
     125150   5214.542    321.934    324.200    16.9379    16.9246   4.645938   4.644439     2.1575     1.8022     100.00   21.68698  -85.90008    0.00051   -0.00034         11  0.000e+00
     125151   5214.583    321.907    324.172    16.9377    16.9242   4.645917   4.644308     2.1575     1.8022     100.00   21.68698  -85.90008    0.00051   -0.00036         11  0.000e+00
     125152   5214.625    321.907    324.172    16.9377    16.9240   4.645888   4.644278     2.1575     1.8022     100.00   21.68698  -85.90008    0.00051   -0.00036         11  0.000e+00
     125153   5214.667    321.934    324.200    16.9377    16.9239   4.645902   4.644242     2.1575     1.8010     100.00   21.68698  -85.90008    0.00052   -0.00040         11  0.000e+00
     125154   5214.708    321.907    324.172    16.9377    16.9228   4.645910   4.644257     2.1575     1.8022     100.00   21.68698  -85.90008    0.00054   -0.00040         11  0.000e+00
     125155   5214.750    321.907    324.173    16.9375    16.9225   4.645866   4.644271     2.1575     1.8022     100.00   21.68698  -85.90008    0.00053   -0.00041         11  0.000e+00
     125156   5214.792    321.934    324.200    16.9374    16.9223   4.645866   4.644300     2.1575     1.8022     100.00   21.68698  -85.90008    0.00053   -0.00043         11  0.000e+00
     125157   5214.833    321.907    324.173    16.9377    16.9221   4.645838   4.644206     2.1575     1.8022     100.00   21.68698  -85.90008    0.00052   -0.00043         11  0.000e+00
     125158   5214.875    321.880    324.145    16.9376    16.9215   4.645874   4.644126     2.1575     1.8022     100.00   21.68698  -85.90008    0.00051   -0.00045         11  0.000e+00
     125159   5214.917    321.907    324.173    16.9372    16.9223   4.645845   4.644053     2.1575     1.8010     100.00   21.68698  -85.90008    0.00051   -0.00047         11  0.000e+00
     125160   5214.958    321.853    324.118    16.9370    16.9224   4.645859   4.644096     2.1575     1.8010      96.70   21.68698  -85.90008    0.00052   -0.00050         11  0.000e+00
     125161   5215.000    321.934    324.200    16.9369    16.9216   4.645809   4.644053     2.1575     1.8022      64.10   21.68698  -85.90008    0.00053   -0.00050         11  0.000e+00
     125162   5215.042    321.853    324.118    16.9365    16.9213   4.645838   4.643943     2.1575     1.8022      47.89   21.68698  -85.90008    0.00052   -0.00050         11  0.000e+00
     125163   5215.083    321.907    324.173    16.9364    16.9209   4.645831   4.643892     2.1587     1.8022      46.59   21.68698  -85.90008    0.00054   -0.00049         11  0.000e+00
     125164   5215.125    321.880    324.146    16.9367    16.9201   4.645831   4.643849     2.1575     1.8022      48.08   21.68698  -85.90008    0.00055   -0.00049         11  0.000e+00
     125165   5215.167    321.853    324.118    16.9367    16.9198   4.645809   4.643841     2.1587     1.8022      48.67   21.68698  -85.90008    0.00056   -0.00049         11  0.000e+00
     125166   5215.208    321.880    324.146    16.9363    16.9201   4.645766   4.643863     2.1575     1.8022      48.72   21.68698  -85.90008    0.00055   -0.00048         11  0.000e+00
     125167   5215.250    321.907    324.173    16.9364    16.9192   4.645809   4.643812     2.1575     1.8022      48.64   21.68698  -85.90008    0.00053   -0.00048         11  0.000e+00
     125168   5215.292    321.853    324.118    16.9360    16.9187   4.645830   4.643747     2.1575     1.8022      48.62   21.68698  -85.90008    0.00052   -0.00049         11  0.000e+00
     125169   5215.333    321.880    324.146    16.9362    16.9183   4.645809   4.643718     2.1575     1.8022      48.62   21.68698  -85.90008    0.00052   -0.00049         11  0.000e+00
     125170   5215.375    321.853    324.119    16.9362    16.9183   4.645823   4.643747     2.1587     1.8022      48.62   21.68698  -85.90008    0.00054   -0.00049         11  0.000e+00
     125171   5215.417    321.853    324.119    16.9362    16.9178   4.645802   4.643725     2.1575     1.8022      48.62   21.68698  -85.90008    0.00055   -0.00048         11  0.000e+00
     125172   5215.458    321.880    324.146    16.9363    16.9180   4.645773   4.643630     2.1587     1.8022      48.62   21.68698  -85.90008    0.00055   -0.00049         11  0.000e+00
