Gulf of Mexico/GOMECC-4/1db/rb2103_1051.ros
* Sea-Bird SBE 9 Data File:
* FileName = C:\Users\scs.user.rb\CTD\GOMECC4\data\rb2103_1051.hex
* Software Version Seasave V 7.26.7.107
* Temperature SN = 4799
* Conductivity SN = 3860
* Number of Bytes Per Scan = 41
* Number of Voltage Words = 4
* Number of Scans Averaged by the Deck Unit = 1
* NMEA Latitude = 25 29.58 N
* NMEA Longitude = 087 59.90 W
* NMEA UTC (Time) = Oct 13 2021  14:16:10
* NMEA baud rate = 4800
# nquan = 17
# nvalues = 3192                                  
# units = specified
# name 0 = scan: Scan Count
# name 1 = timeS: Time, Elapsed [seconds]
# name 2 = depSM: Depth [salt water, m]
# name 3 = prDM: Pressure, Digiquartz [db]
# name 4 = t090C: Temperature [ITS-90, deg C]
# name 5 = t190C: Temperature, 2 [ITS-90, deg C]
# name 6 = c0S/m: Conductivity [S/m]
# name 7 = c1S/m: Conductivity, 2 [S/m]
# name 8 = sbeox0V: Oxygen raw, SBE 43 [V]
# name 9 = sbeox1V: Oxygen raw, SBE 43, 2 [V]
# name 10 = altM: Altimeter [m]
# name 11 = latitude: Latitude [deg]
# name 12 = longitude: Longitude [deg]
# name 13 = sbox0dV/dT: Oxygen, SBE 43 [dov/dt]
# name 14 = sbox1dV/dT: Oxygen, SBE 43, 2 [dov/dt]
# name 15 = nbf: Bottles Fired
# name 16 = flag:  0.000e+00
# interval = seconds: 0.0416667
# start_time = Oct 13 2021 14:16:10 [NMEA time, header]
# bad_flag = -9.990e-29
*END*
[from data line 2554]
     226074   9419.708     60.054     60.454    29.4305    29.4318   5.962720   5.963030     3.1343     2.6532     100.00   25.50834  -87.99402    0.00003    0.00113         20  0.000e+00
     226075   9419.750     60.000     60.399    29.4303    29.4320   5.962720   5.962981     3.1343     2.6532     100.00   25.50834  -87.99402   -0.00000    0.00114         20  0.000e+00
     226076   9419.792     60.054     60.454    29.4302    29.4318   5.962720   5.962997     3.1343     2.6532     100.00   25.50834  -87.99402   -0.00004    0.00113         20  0.000e+00
     226077   9419.833     60.000     60.399    29.4301    29.4320   5.962648   5.962973     3.1343     2.6520     100.00   25.50834  -87.99402   -0.00007    0.00112         20  0.000e+00
     226078   9419.875     60.000     60.399    29.4300    29.4318   5.962656   5.962989     3.1343     2.6520     100.00   25.50834  -87.99402   -0.00010    0.00110         20  0.000e+00
     226079   9419.917     59.999     60.399    29.4298    29.4318   5.962672   5.962973     3.1343     2.6532     100.00   25.50834  -87.99402   -0.00015    0.00108         20  0.000e+00
     226080   9419.958     60.054     60.453    29.4300    29.4320   5.962672   5.962965     3.1343     2.6520     100.00   25.50834  -87.99402   -0.00018    0.00105         20  0.000e+00
     226081   9420.000     59.999     60.399    29.4303    29.4318   5.962672   5.962965     3.1331     2.6532     100.00   25.50834  -87.99402   -0.00023    0.00105         20  0.000e+00
     226082   9420.042     60.054     60.453    29.4298    29.4320   5.962672   5.962989     3.1343     2.6520     100.00   25.50834  -87.99402   -0.00026    0.00102         20  0.000e+00
     226083   9420.083     59.999     60.399    29.4300    29.4322   5.962632   5.963046     3.1343     2.6520     100.00   25.50834  -87.99402   -0.00029    0.00100         20  0.000e+00
     226084   9420.125     59.999     60.399    29.4298    29.4320   5.962656   5.963022     3.1343     2.6520     100.00   25.50834  -87.99402   -0.00032    0.00098         20  0.000e+00
     226085   9420.167     60.053     60.453    29.4301    29.4320   5.962600   5.963013     3.1343     2.6508     100.00   25.50834  -87.99402   -0.00035    0.00093         20  0.000e+00
     226086   9420.208     60.053     60.453    29.4298    29.4322   5.962648   5.962965     3.1343     2.6508     100.00   25.50834  -87.99402   -0.00038    0.00089         20  0.000e+00
     226087   9420.250     59.999     60.399    29.4292    29.4322   5.962600   5.962997     3.1343     2.6508     100.00   25.50834  -87.99402   -0.00041    0.00086         20  0.000e+00
     226088   9420.292     59.999     60.399    29.4298    29.4320   5.962576   5.963013     3.1343     2.6508     100.00   25.50834  -87.99402   -0.00044    0.00084         20  0.000e+00
     226089   9420.333     60.053     60.453    29.4295    29.4324   5.962608   5.963013     3.1343     2.6508     100.00   25.50834  -87.99402   -0.00047    0.00081         20  0.000e+00
     226090   9420.375     59.999     60.398    29.4301    29.4318   5.962552   5.962965     3.1343     2.6496     100.00   25.50834  -87.99402   -0.00050    0.00077         20  0.000e+00
     226091   9420.417     60.053     60.453    29.4300    29.4320   5.962489   5.962957     3.1355     2.6496     100.00   25.50834  -87.99402   -0.00049    0.00072         20  0.000e+00
     226092   9420.458     59.999     60.398    29.4275    29.4318   5.962401   5.962997     3.1343     2.6496     100.00   25.50834  -87.99402   -0.00050    0.00068         20  0.000e+00
     226093   9420.500     60.053     60.453    29.4270    29.4317   5.962337   5.962973     3.1355     2.6508     100.00   25.50834  -87.99402   -0.00049    0.00066         20  0.000e+00
     226094   9420.542     59.999     60.398    29.4274    29.4318   5.962329   5.962989     3.1355     2.6508     100.00   25.50834  -87.99402   -0.00048    0.00063         20  0.000e+00
     226095   9420.583     60.053     60.453    29.4277    29.4317   5.962353   5.962933     3.1355     2.6508     100.00   25.50834  -87.99402   -0.00045    0.00061         20  0.000e+00
     226096   9420.625     59.999     60.398    29.4282    29.4317   5.962409   5.962949     3.1355     2.6508     100.00   25.50834  -87.99402   -0.00044    0.00058         20  0.000e+00
     226097   9420.667     60.053     60.453    29.4288    29.4314   5.962465   5.962957     3.1355     2.6508     100.00   25.50834  -87.99402   -0.00043    0.00056         20  0.000e+00
     226098   9420.708     59.999     60.398    29.4288    29.4314   5.962513   5.962884     3.1355     2.6508     100.00   25.50834  -87.99402   -0.00042    0.00053         20  0.000e+00
     226099   9420.750     60.053     60.453    29.4288    29.4313   5.962529   5.962868     3.1355     2.6508     100.00   25.50834  -87.99402   -0.00041    0.00051         20  0.000e+00
     226100   9420.792     59.999     60.398    29.4294    29.4313   5.962528   5.962900     3.1355     2.6508     100.00   25.50836  -87.99402   -0.00040    0.00048         20  0.000e+00
     226101   9420.833     59.999     60.398    29.4294    29.4311   5.962632   5.962868     3.1355     2.6508     100.00   25.50836  -87.99402   -0.00039    0.00044         20  0.000e+00
     226102   9420.875     60.053     60.453    29.4300    29.4311   5.962600   5.962860     3.1355     2.6508     100.00   25.50836  -87.99402   -0.00038    0.00040         20  0.000e+00
     226103   9420.917     59.999     60.398    29.4300    29.4313   5.962576   5.962827     3.1355     2.6508     100.00   25.50836  -87.99402   -0.00036    0.00035         20  0.000e+00
     226104   9420.958     60.053     60.452    29.4296    29.4309   5.962608   5.962892     3.1355     2.6508     100.00   25.50836  -87.99402   -0.00037    0.00031         20  0.000e+00
     226105   9421.000     59.998     60.398    29.4296    29.4309   5.962624   5.962908     3.1355     2.6508     100.00   25.50836  -87.99402   -0.00037    0.00026         20  0.000e+00
     226106   9421.042     60.053     60.452    29.4297    29.4311   5.962624   5.962876     3.1355     2.6508     100.00   25.50836  -87.99402   -0.00036    0.00022         20  0.000e+00
     226107   9421.083     59.998     60.398    29.4298    29.4311   5.962552   5.962868     3.1355     2.6508     100.00   25.50836  -87.99402   -0.00037    0.00018         20  0.000e+00
     226108   9421.125     60.053     60.452    29.4301    29.4309   5.962560   5.962900     3.1355     2.6508     100.00   25.50836  -87.99402   -0.00037    0.00013         20  0.000e+00
     226109   9421.167     59.998     60.398    29.4295    29.4309   5.962608   5.962868     3.1355     2.6508     100.00   25.50836  -87.99402   -0.00037    0.00008         20  0.000e+00
     226110   9421.208     59.998     60.398    29.4298    29.4311   5.962624   5.962900     3.1355     2.6508     100.00   25.50836  -87.99402   -0.00040    0.00004         20  0.000e+00
     226111   9421.250     59.998     60.398    29.4290    29.4309   5.962584   5.962876     3.1355     2.6508     100.00   25.50836  -87.99402   -0.00040   -0.00001         20  0.000e+00
     226112   9421.292     60.052     60.452    29.4288    29.4311   5.962505   5.962868     3.1355     2.6508     100.00   25.50836  -87.99402   -0.00042   -0.00005         20  0.000e+00
     226113   9421.333     59.998     60.398    29.4288    29.4313   5.962552   5.962892     3.1355     2.6508     100.00   25.50836  -87.99402   -0.00043   -0.00010         20  0.000e+00
     226114   9421.375     60.052     60.452    29.4292    29.4309   5.962505   5.962876     3.1355     2.6508     100.00   25.50836  -87.99402   -0.00045   -0.00015         20  0.000e+00
     226115   9421.417     59.998     60.397    29.4287    29.4311   5.962513   5.962941     3.1355     2.6508     100.00   25.50836  -87.99402   -0.00048   -0.00020         20  0.000e+00
     226116   9421.458     59.998     60.397    29.4291    29.4309   5.962449   5.962892     3.1355     2.6508     100.00   25.50836  -87.99402   -0.00048   -0.00024         20  0.000e+00
     226117   9421.500     60.052     60.452    29.4281    29.4309   5.962465   5.962892     3.1343     2.6508     100.00   25.50836  -87.99402   -0.00051   -0.00027         20  0.000e+00
     226118   9421.542     59.998     60.397    29.4285    29.4311   5.962481   5.962908     3.1343     2.6508     100.00   25.50836  -87.99402   -0.00053   -0.00032         20  0.000e+00
     226119   9421.583     60.052     60.452    29.4284    29.4309   5.962433   5.962876     3.1343     2.6508     100.00   25.50836  -87.99402   -0.00057   -0.00037         20  0.000e+00
     226120   9421.625     59.998     60.397    29.4288    29.4309   5.962497   5.962868     3.1343     2.6496     100.00   25.50836  -87.99402   -0.00059   -0.00044         20  0.000e+00
     226121   9421.667     59.998     60.397    29.4290    29.4307   5.962521   5.962860     3.1343     2.6496     100.00   25.50836  -87.99402   -0.00061   -0.00050         20  0.000e+00
     226122   9421.708     60.052     60.452    29.4293    29.4307   5.962560   5.962827     3.1343     2.6496     100.00   25.50836  -87.99402   -0.00064   -0.00055         20  0.000e+00
     226123   9421.750     59.998     60.397    29.4292    29.4307   5.962536   5.962852     3.1343     2.6496     100.00   25.50836  -87.99402   -0.00066   -0.00060         20  0.000e+00
     226124   9421.792     59.998     60.397    29.4292    29.4313   5.962560   5.962941     3.1343     2.6484     100.00   25.50836  -87.99402   -0.00066   -0.00067         20  0.000e+00
     226125   9421.833     60.052     60.452    29.4294    29.4313   5.962536   5.962989     3.1343     2.6484     100.00   25.50836  -87.99402   -0.00068   -0.00073         20  0.000e+00
     226126   9421.875     59.998     60.397    29.4295    29.4317   5.962489   5.963046     3.1343     2.6484     100.00   25.50836  -87.99402   -0.00070   -0.00078         20  0.000e+00
     226127   9421.917     60.052     60.451    29.4290    29.4318   5.962513   5.963022     3.1343     2.6484     100.00   25.50836  -87.99402   -0.00070   -0.00082         20  0.000e+00
     226128   9421.958     59.997     60.397    29.4292    29.4320   5.962560   5.962973     3.1343     2.6471     100.00   25.50836  -87.99402   -0.00071   -0.00088         20  0.000e+00
     226129   9422.000     60.052     60.451    29.4289    29.4320   5.962537   5.963030     3.1343     2.6471     100.00   25.50836  -87.99402   -0.00071   -0.00093         20  0.000e+00
     226130   9422.042     59.997     60.397    29.4290    29.4320   5.962528   5.962981     3.1331     2.6471     100.00   25.50836  -87.99402   -0.00072   -0.00097         20  0.000e+00
     226131   9422.083     60.052     60.451    29.4288    29.4318   5.962529   5.962997     3.1343     2.6471     100.00   25.50836  -87.99402   -0.00072   -0.00101         20  0.000e+00
     226132   9422.125     60.052     60.451    29.4293    29.4318   5.962529   5.962973     3.1343     2.6471     100.00   25.50836  -87.99402   -0.00072   -0.00104         20  0.000e+00
     226133   9422.167     59.997     60.397    29.4294    29.4320   5.962560   5.962957     3.1343     2.6471     100.00   25.50836  -87.99402   -0.00070   -0.00108         20  0.000e+00
     226134   9422.208     60.051     60.451    29.4294    29.4314   5.962648   5.962924     3.1343     2.6484     100.00   25.50836  -87.99402   -0.00070   -0.00110         20  0.000e+00
     226135   9422.250     59.902     60.301    29.4294    29.4313   5.962632   5.962843     3.1343     2.6484     100.00   25.50836  -87.99402   -0.00069   -0.00111         20  0.000e+00
     226136   9422.292     60.166     60.567    29.4300    29.4311   5.962656   5.962884     3.1343     2.6484     100.00   25.50836  -87.99402   -0.00067   -0.00112         20  0.000e+00
     226137   9422.333     60.051     60.451    29.4298    29.4311   5.962600   5.962908     3.1343     2.6484     100.00   25.50836  -87.99402   -0.00066   -0.00114         20  0.000e+00
     226138   9422.375     60.051     60.451    29.4296    29.4317   5.962608   5.962949     3.1343     2.6496     100.00   25.50836  -87.99402   -0.00066   -0.00113         20  0.000e+00
     226139   9422.417     60.051     60.451    29.4298    29.4317   5.962624   5.962997     3.1343     2.6496     100.00   25.50836  -87.99402   -0.00063   -0.00114         20  0.000e+00
     226140   9422.458     59.997     60.396    29.4301    29.4318   5.962624   5.963005     3.1343     2.6496     100.00   25.50836  -87.99402   -0.00061   -0.00115         20  0.000e+00
     226141   9422.500     60.051     60.451    29.4301    29.4324   5.962656   5.963005     3.1343     2.6496     100.00   25.50836  -87.99402   -0.00058   -0.00116         20  0.000e+00
     226142   9422.542     60.051     60.451    29.4298    29.4322   5.962672   5.963013     3.1343     2.6496     100.00   25.50836  -87.99402   -0.00055   -0.00116         20  0.000e+00
     226143   9422.583     60.051     60.451    29.4298    29.4324   5.962672   5.963013     3.1343     2.6496     100.00   25.50836  -87.99402   -0.00052   -0.00117         20  0.000e+00
     226144   9422.625     60.051     60.451    29.4301    29.4326   5.962632   5.963038     3.1343     2.6508     100.00   25.50836  -87.99402   -0.00047   -0.00116         20  0.000e+00
     226145   9422.667     60.051     60.451    29.4301    29.4324   5.962624   5.963054     3.1331     2.6496     100.00   25.50836  -87.99402   -0.00046   -0.00118         20  0.000e+00
     226146   9422.708     60.051     60.451    29.4300    29.4326   5.962656   5.963094     3.1343     2.6496     100.00   25.50836  -87.99402   -0.00043   -0.00121         20  0.000e+00
     226147   9422.750     60.051     60.451    29.4307    29.4326   5.962664   5.963070     3.1343     2.6508     100.00   25.50836  -87.99402   -0.00039   -0.00121         20  0.000e+00
     226148   9422.792     60.051     60.451    29.4307    29.4324   5.962704   5.963086     3.1331     2.6508     100.00   25.50836  -87.99402   -0.00039   -0.00122         20  0.000e+00
     226149   9422.833     60.051     60.450    29.4302    29.4326   5.962720   5.963103     3.1343     2.6508     100.00   25.50836  -87.99402   -0.00037   -0.00122         20  0.000e+00
     226150   9422.875     60.051     60.450    29.4303    29.4326   5.962720   5.963070     3.1331     2.6508     100.00   25.50836  -87.99402   -0.00035   -0.00123         20  0.000e+00
     226151   9422.917     60.051     60.450    29.4307    29.4326   5.962752   5.963094     3.1331     2.6520     100.00   25.50836  -87.99402   -0.00035   -0.00122         20  0.000e+00
     226152   9422.958     60.051     60.450    29.4298    29.4324   5.962728   5.963062     3.1343     2.6520     100.00   25.50836  -87.99402   -0.00033   -0.00121         20  0.000e+00
     226153   9423.000     60.051     60.450    29.4307    29.4327   5.962752   5.963054     3.1331     2.6520     100.00   25.50836  -87.99402   -0.00034   -0.00119         20  0.000e+00
     226154   9423.042     60.098     60.498    29.4303    29.4324   5.962696   5.963062     3.1331     2.6520     100.00   25.50836  -87.99402   -0.00033   -0.00117         20  0.000e+00
     226155   9423.083     59.996     60.396    29.4302    29.4326   5.962744   5.963094     3.1331     2.6520     100.00   25.50836  -87.99402   -0.00033   -0.00114         20  0.000e+00
     226156   9423.125     60.050     60.450    29.4301    29.4326   5.962656   5.963062     3.1331     2.6520     100.00   25.50836  -87.99402   -0.00034   -0.00111         20  0.000e+00
     226157   9423.167     60.050     60.450    29.4305    29.4326   5.962656   5.963094     3.1343     2.6520     100.00   25.50836  -87.99402   -0.00031   -0.00108         20  0.000e+00
