Gulf of Mexico/GOMECC-4/1db/rb2103_0331.ros
* Sea-Bird SBE 9 Data File:
* FileName = C:\Users\scs.user.rb\CTD\GOMECC4\data\rb2103_0331.hex
* Software Version Seasave V 7.26.7.107
* Temperature SN = 4799
* Conductivity SN = 3860
* Number of Bytes Per Scan = 41
* Number of Voltage Words = 4
* Number of Scans Averaged by the Deck Unit = 1
* NMEA Latitude = 29 27.77 N
* NMEA Longitude = 087 14.16 W
* NMEA UTC (Time) = Sep 23 2021  23:47:16
* NMEA baud rate = 4800
# nquan = 17
# nvalues = 2660                                  
# units = specified
# name 0 = scan: Scan Count
# name 1 = timeS: Time, Elapsed [seconds]
# name 2 = depSM: Depth [salt water, m]
# name 3 = prDM: Pressure, Digiquartz [db]
# name 4 = t090C: Temperature [ITS-90, deg C]
# name 5 = t190C: Temperature, 2 [ITS-90, deg C]
# name 6 = c0S/m: Conductivity [S/m]
# name 7 = c1S/m: Conductivity, 2 [S/m]
# name 8 = sbeox0V: Oxygen raw, SBE 43 [V]
# name 9 = sbeox1V: Oxygen raw, SBE 43, 2 [V]
# name 10 = altM: Altimeter [m]
# name 11 = latitude: Latitude [deg]
# name 12 = longitude: Longitude [deg]
# name 13 = sbox0dV/dT: Oxygen, SBE 43 [dov/dt]
# name 14 = sbox1dV/dT: Oxygen, SBE 43, 2 [dov/dt]
# name 15 = nbf: Bottles Fired
# name 16 = flag:  0.000e+00
# interval = seconds: 0.0416667
# start_time = Sep 23 2021 23:47:16 [NMEA time, header]
# bad_flag = -9.990e-29
*END*
[from data line 2128]
      72417   3017.333     10.569     10.641    27.7572    27.7585   5.488792   5.488953     3.1148     2.6520     100.00   29.46276  -87.23662   -0.00061   -0.00072         17  0.000e+00
      72418   3017.375     10.327     10.398    27.7573    27.7585   5.488800   5.488953     3.1148     2.6520     100.00   29.46276  -87.23662   -0.00065   -0.00078         17  0.000e+00
      72419   3017.417     10.123     10.192    27.7573    27.7588   5.488846   5.488953     3.1148     2.6520     100.00   29.46276  -87.23662   -0.00067   -0.00084         17  0.000e+00
      72420   3017.458     10.161     10.230    27.7575    27.7585   5.488792   5.488984     3.1148     2.6520     100.00   29.46276  -87.23662   -0.00069   -0.00090         17  0.000e+00
      72421   3017.500     10.176     10.246    27.7573    27.7587   5.488800   5.489101     3.1148     2.6520     100.00   29.46276  -87.23662   -0.00070   -0.00096         17  0.000e+00
      72422   3017.542     10.327     10.398    27.7572    27.7590   5.488846   5.489187     3.1160     2.6520     100.00   29.46276  -87.23662   -0.00070   -0.00102         17  0.000e+00
      72423   3017.583     10.236     10.306    27.7570    27.7587   5.488723   5.489219     3.1148     2.6508     100.00   29.46276  -87.23662   -0.00072   -0.00109         17  0.000e+00
      72424   3017.625     10.327     10.398    27.7566    27.7588   5.488368   5.489125     3.1160     2.6508     100.00   29.46276  -87.23662   -0.00072   -0.00117         17  0.000e+00
      72425   3017.667     10.289     10.360    27.7559    27.7587   5.488129   5.489094     3.1160     2.6520     100.00   29.46276  -87.23662   -0.00070   -0.00123         17  0.000e+00
      72426   3017.708     10.327     10.398    27.7547    27.7585   5.487852   5.488953     3.1160     2.6508     100.00   29.46276  -87.23662   -0.00069   -0.00129         17  0.000e+00
      72427   3017.750     10.289     10.360    27.7539    27.7581   5.487706   5.488672     3.1160     2.6508     100.00   29.46276  -87.23662   -0.00067   -0.00135         17  0.000e+00
      72428   3017.792     10.440     10.512    27.7541    27.7574   5.487613   5.488453     3.1160     2.6508     100.00   29.46276  -87.23662   -0.00067   -0.00141         17  0.000e+00
      72429   3017.833     10.388     10.459    27.7549    27.7569   5.487729   5.488375     3.1160     2.6508     100.00   29.46276  -87.23662   -0.00066   -0.00147         17  0.000e+00
      72430   3017.875     10.350     10.421    27.7551    27.7566   5.487736   5.488297     3.1160     2.6508     100.00   29.46276  -87.23662   -0.00066   -0.00153         17  0.000e+00
      72431   3017.917     10.440     10.512    27.7546    27.7568   5.487760   5.488274     3.1172     2.6508     100.00   29.46276  -87.23662   -0.00064   -0.00159         17  0.000e+00
      72432   3017.958     10.403     10.474    27.7545    27.7570   5.487806   5.488234     3.1172     2.6508     100.00   29.46276  -87.23662   -0.00061   -0.00163         17  0.000e+00
      72433   3018.000     10.440     10.512    27.7551    27.7568   5.487821   5.488156     3.1172     2.6508     100.00   29.46276  -87.23662   -0.00059   -0.00167         17  0.000e+00
      72434   3018.042     10.456     10.527    27.7559    27.7557   5.487914   5.487899     3.1172     2.6508     100.00   29.46276  -87.23662   -0.00057   -0.00170         17  0.000e+00
      72435   3018.083     10.493     10.565    27.7572    27.7535   5.488091   5.487719     3.1172     2.6520     100.00   29.46276  -87.23662   -0.00055   -0.00171         17  0.000e+00
      72436   3018.125     10.456     10.527    27.7575    27.7539   5.488207   5.487649     3.1184     2.6520     100.00   29.46276  -87.23662   -0.00051   -0.00171         17  0.000e+00
      72437   3018.167     10.493     10.565    27.7586    27.7550   5.488291   5.487906     3.1172     2.6520     100.00   29.46276  -87.23662   -0.00048   -0.00171         17  0.000e+00
      72438   3018.208     10.516     10.588    27.7588    27.7565   5.488276   5.488070     3.1184     2.6520     100.00   29.46276  -87.23662   -0.00044   -0.00171         17  0.000e+00
      72439   3018.250     10.554     10.626    27.7584    27.7572   5.488237   5.488125     3.1172     2.6520     100.00   29.46276  -87.23662   -0.00042   -0.00169         17  0.000e+00
      72440   3018.292     10.569     10.641    27.7579    27.7574   5.488191   5.488141     3.1184     2.6520     100.00   29.46276  -87.23662   -0.00038   -0.00167         17  0.000e+00
      72441   3018.333     10.554     10.626    27.7572    27.7578   5.488114   5.488172     3.1184     2.6520     100.00   29.46276  -87.23662   -0.00035   -0.00165         17  0.000e+00
      72442   3018.375     10.569     10.641    27.7562    27.7583   5.487983   5.488250     3.1172     2.6520     100.00   29.46276  -87.23662   -0.00032   -0.00163         17  0.000e+00
      72443   3018.417     10.607     10.679    27.7560    27.7591   5.487952   5.488375     3.1184     2.6532     100.00   29.46276  -87.23662   -0.00029   -0.00159         17  0.000e+00
      72444   3018.458     10.569     10.641    27.7568    27.7601   5.487914   5.488414     3.1172     2.6532     100.00   29.46276  -87.23662   -0.00028   -0.00155         17  0.000e+00
      72445   3018.500     10.607     10.679    27.7567    27.7598   5.488006   5.488414     3.1184     2.6532     100.00   29.46276  -87.23662   -0.00026   -0.00151         17  0.000e+00
      72446   3018.542     10.629     10.702    27.7573    27.7590   5.488114   5.488344     3.1184     2.6532     100.00   29.46276  -87.23662   -0.00023   -0.00147         17  0.000e+00
      72447   3018.583     10.667     10.740    27.7591    27.7578   5.488338   5.488180     3.1184     2.6532     100.00   29.46276  -87.23662   -0.00019   -0.00143         17  0.000e+00
      72448   3018.625     10.629     10.702    27.7608    27.7557   5.488577   5.487930     3.1184     2.6532     100.00   29.46276  -87.23662   -0.00017   -0.00139         17  0.000e+00
      72449   3018.667     10.667     10.740    27.7612    27.7557   5.488700   5.487867     3.1184     2.6520     100.00   29.46276  -87.23662   -0.00015   -0.00136         17  0.000e+00
      72450   3018.708     10.682     10.755    27.7619    27.7565   5.488754   5.487961     3.1172     2.6520     100.00   29.46276  -87.23662   -0.00013   -0.00133         17  0.000e+00
      72451   3018.750     10.667     10.740    27.7624    27.7570   5.488800   5.488071     3.1172     2.6520     100.00   29.46276  -87.23662   -0.00013   -0.00129         17  0.000e+00
      72452   3018.792     10.629     10.702    27.7619    27.7578   5.488577   5.488125     3.1172     2.6520     100.00   29.46276  -87.23662   -0.00014   -0.00126         17  0.000e+00
      72453   3018.833     10.720     10.793    27.7602    27.7579   5.488392   5.488203     3.1172     2.6520     100.00   29.46276  -87.23662   -0.00014   -0.00121         17  0.000e+00
      72454   3018.875     10.682     10.755    27.7588    27.7581   5.488322   5.488180     3.1172     2.6520     100.00   29.46276  -87.23662   -0.00014   -0.00118         17  0.000e+00
      72455   3018.917     10.667     10.740    27.7584    27.7583   5.488245   5.488383     3.1172     2.6520     100.00   29.46276  -87.23662   -0.00012   -0.00113         17  0.000e+00
      72456   3018.958     10.743     10.816    27.7586    27.7594   5.488292   5.488625     3.1172     2.6520     100.00   29.46276  -87.23662   -0.00010   -0.00109         17  0.000e+00
      72457   3019.000     10.667     10.740    27.7588    27.7605   5.488315   5.488750     3.1184     2.6520     100.00   29.46276  -87.23662   -0.00007   -0.00104         17  0.000e+00
      72458   3019.042     10.682     10.755    27.7584    27.7612   5.488315   5.488805     3.1172     2.6520     100.00   29.46276  -87.23662   -0.00006   -0.00098         17  0.000e+00
      72459   3019.083     10.720     10.793    27.7582    27.7618   5.488245   5.488852     3.1172     2.6520     100.00   29.46276  -87.23662   -0.00002   -0.00093         17  0.000e+00
      72460   3019.125     10.743     10.816    27.7579    27.7610   5.488230   5.488727     3.1172     2.6520     100.00   29.46276  -87.23662   -0.00001   -0.00087         17  0.000e+00
      72461   3019.167     10.667     10.740    27.7577    27.7605   5.488191   5.488649     3.1172     2.6520     100.00   29.46276  -87.23662    0.00001   -0.00081         17  0.000e+00
      72462   3019.208     10.743     10.816    27.7577    27.7601   5.488245   5.488531     3.1184     2.6520     100.00   29.46276  -87.23662    0.00004   -0.00075         17  0.000e+00
      72463   3019.250     10.667     10.740    27.7575    27.7600   5.488199   5.488461     3.1172     2.6520     100.00   29.46276  -87.23662    0.00006   -0.00069         17  0.000e+00
      72464   3019.292     10.743     10.816    27.7572    27.7598   5.488114   5.488453     3.1160     2.6520     100.00   29.46276  -87.23662    0.00008   -0.00062         17  0.000e+00
      72465   3019.333     10.667     10.740    27.7564    27.7599   5.488091   5.488453     3.1160     2.6520     100.00   29.46276  -87.23662    0.00008   -0.00056         17  0.000e+00
      72466   3019.375     10.682     10.755    27.7569    27.7599   5.488091   5.488453     3.1172     2.6520     100.00   29.46276  -87.23662    0.00009   -0.00049         17  0.000e+00
      72467   3019.417     10.720     10.793    27.7575    27.7598   5.488161   5.488453     3.1172     2.6520     100.00   29.46276  -87.23662    0.00011   -0.00043         17  0.000e+00
      72468   3019.458     10.720     10.793    27.7577    27.7599   5.488184   5.488485     3.1172     2.6520     100.00   29.46276  -87.23662    0.00014   -0.00036         17  0.000e+00
      72469   3019.500     10.682     10.755    27.7577    27.7601   5.488114   5.488461     3.1160     2.6520     100.00   29.46276  -87.23662    0.00016   -0.00030         17  0.000e+00
      72470   3019.542     10.667     10.740    27.7581    27.7603   5.488053   5.488453     3.1160     2.6520     100.00   29.46276  -87.23662    0.00018   -0.00025         17  0.000e+00
      72471   3019.583     10.630     10.702    27.7581    27.7608   5.488076   5.488555     3.1172     2.6520     100.00   29.46276  -87.23662    0.00022   -0.00020         17  0.000e+00
      72472   3019.625     10.720     10.793    27.7581    27.7610   5.488053   5.488594     3.1160     2.6520     100.00   29.46276  -87.23662    0.00024   -0.00014         17  0.000e+00
      72473   3019.667     10.682     10.755    27.7579    27.7616   5.488076   5.488688     3.1160     2.6520     100.00   29.46276  -87.23662    0.00026   -0.00008         17  0.000e+00
      72474   3019.708     10.607     10.679    27.7579    27.7620   5.488091   5.488727     3.1160     2.6520     100.00   29.46276  -87.23662    0.00028   -0.00004         17  0.000e+00
      72475   3019.750     10.630     10.702    27.7577    27.7610   5.488091   5.488656     3.1172     2.6520     100.00   29.46276  -87.23662    0.00031   -0.00000         17  0.000e+00
      72476   3019.792     10.667     10.740    27.7577    27.7609   5.488091   5.488602     3.1172     2.6508     100.00   29.46276  -87.23662    0.00035    0.00002         17  0.000e+00
      72477   3019.833     10.630     10.702    27.7572    27.7610   5.488053   5.488594     3.1172     2.6520     100.00   29.46276  -87.23662    0.00038    0.00006         17  0.000e+00
      72478   3019.875     10.607     10.679    27.7572    27.7607   5.488076   5.488555     3.1172     2.6508     100.00   29.46276  -87.23662    0.00040    0.00009         17  0.000e+00
      72479   3019.917     10.569     10.641    27.7566    27.7605   5.488022   5.488508     3.1172     2.6520     100.00   29.46276  -87.23662    0.00044    0.00012         17  0.000e+00
      72480   3019.958     10.607     10.679    27.7570    27.7601   5.488099   5.488500     3.1172     2.6520     100.00   29.46276  -87.23662    0.00046    0.00014         17  0.000e+00
      72481   3020.000     10.569     10.641    27.7566    27.7598   5.488137   5.488461     3.1172     2.6520     100.00   29.46276  -87.23662    0.00050    0.00017         17  0.000e+00
      72482   3020.042     10.554     10.626    27.7570    27.7596   5.488168   5.488406     3.1160     2.6520     100.00   29.46276  -87.23662    0.00050    0.00020         17  0.000e+00
      72483   3020.083     10.569     10.641    27.7568    27.7592   5.488114   5.488406     3.1160     2.6532     100.00   29.46276  -87.23662    0.00053    0.00024         17  0.000e+00
      72484   3020.125     10.554     10.626    27.7570    27.7590   5.488122   5.488375     3.1160     2.6532     100.00   29.46276  -87.23662    0.00053    0.00029         17  0.000e+00
      72485   3020.167     10.516     10.588    27.7568    27.7592   5.488068   5.488328     3.1160     2.6532     100.00   29.46276  -87.23662    0.00054    0.00033         17  0.000e+00
      72486   3020.208     10.494     10.565    27.7562    27.7587   5.488045   5.488281     3.1160     2.6532     100.00   29.46276  -87.23662    0.00055    0.00038         17  0.000e+00
      72487   3020.250     10.516     10.588    27.7564    27.7583   5.487975   5.488235     3.1160     2.6545     100.00   29.46276  -87.23662    0.00055    0.00044         17  0.000e+00
      72488   3020.292     10.494     10.565    27.7562    27.7578   5.487983   5.488297     3.1160     2.6545     100.00   29.46276  -87.23662    0.00056    0.00050         17  0.000e+00
      72489   3020.333     10.456     10.527    27.7564    27.7578   5.487999   5.488109     3.1160     2.6545     100.00   29.46276  -87.23662    0.00055    0.00057         17  0.000e+00
      72490   3020.375     10.441     10.512    27.7562    27.7578   5.487960   5.488211     3.1160     2.6545     100.00   29.46276  -87.23662    0.00054    0.00061         17  0.000e+00
      72491   3020.417     10.456     10.527    27.7564    27.7575   5.487983   5.488274     3.1160     2.6545     100.00   29.46276  -87.23662    0.00053    0.00065         17  0.000e+00
      72492   3020.458     10.441     10.512    27.7567    27.7578   5.487999   5.488406     3.1160     2.6545     100.00   29.46276  -87.23662    0.00050    0.00068         17  0.000e+00
      72493   3020.500     10.403     10.474    27.7573    27.7578   5.488029   5.488453     3.1160     2.6545     100.00   29.46276  -87.23662    0.00049    0.00070         17  0.000e+00
      72494   3020.542     10.388     10.459    27.7573    27.7578   5.488045   5.488383     3.1160     2.6545     100.00   29.46276  -87.23662    0.00048    0.00073         17  0.000e+00
      72495   3020.583     10.403     10.474    27.7577    27.7576   5.488076   5.488430     3.1160     2.6545     100.00   29.46276  -87.23662    0.00047    0.00075         17  0.000e+00
      72496   3020.625     10.328     10.398    27.7577    27.7579   5.488091   5.488422     3.1160     2.6545     100.00   29.46276  -87.23662    0.00046    0.00075         17  0.000e+00
      72497   3020.667     10.403     10.474    27.7572    27.7575   5.488052   5.488414     3.1160     2.6545     100.00   29.46276  -87.23662    0.00044    0.00075         17  0.000e+00
      72498   3020.708     10.328     10.398    27.7572    27.7579   5.488006   5.488438     3.1160     2.6545     100.00   29.46276  -87.23662    0.00041    0.00077         17  0.000e+00
      72499   3020.750     10.350     10.421    27.7567    27.7578   5.487998   5.488484     3.1160     2.6545     100.00   29.46276  -87.23662    0.00038    0.00077         17  0.000e+00
      72500   3020.792     10.275     10.345    27.7570    27.7581   5.487998   5.488531     3.1160     2.6545     100.00   29.46276  -87.23662    0.00035    0.00077         17  0.000e+00
