Gulf of Mexico/GOMECC-4/1db/rb2103_0811.ros
* Sea-Bird SBE 9 Data File:
* FileName = C:\Users\scs.user.rb\CTD\GOMECC4\data\rb2103_0811.hex
* Software Version Seasave V 7.26.7.107
* Temperature SN = 4799
* Conductivity SN = 3860
* Number of Bytes Per Scan = 41
* Number of Voltage Words = 4
* Number of Scans Averaged by the Deck Unit = 1
* NMEA Latitude = 22 16.45 N
* NMEA Longitude = 096 10.82 W
* NMEA UTC (Time) = Oct 06 2021  16:12:43
* NMEA baud rate = 4800
# nquan = 17
# nvalues = 2926                                  
# units = specified
# name 0 = scan: Scan Count
# name 1 = timeS: Time, Elapsed [seconds]
# name 2 = depSM: Depth [salt water, m]
# name 3 = prDM: Pressure, Digiquartz [db]
# name 4 = t090C: Temperature [ITS-90, deg C]
# name 5 = t190C: Temperature, 2 [ITS-90, deg C]
# name 6 = c0S/m: Conductivity [S/m]
# name 7 = c1S/m: Conductivity, 2 [S/m]
# name 8 = sbeox0V: Oxygen raw, SBE 43 [V]
# name 9 = sbeox1V: Oxygen raw, SBE 43, 2 [V]
# name 10 = altM: Altimeter [m]
# name 11 = latitude: Latitude [deg]
# name 12 = longitude: Longitude [deg]
# name 13 = sbox0dV/dT: Oxygen, SBE 43 [dov/dt]
# name 14 = sbox1dV/dT: Oxygen, SBE 43, 2 [dov/dt]
# name 15 = nbf: Bottles Fired
# name 16 = flag:  0.000e+00
# interval = seconds: 0.0416667
# start_time = Oct 06 2021 16:12:43 [NMEA time, header]
# bad_flag = -9.990e-29
*END*
[from data line 2469]
     199457   8310.667     35.203     35.427    26.7841    26.7871   5.645740   5.645941     3.1905     2.7106      57.34   22.27422  -96.18000    0.00001   -0.00193         19  0.000e+00
     199458   8310.708     35.196     35.420    26.7846    26.7871   5.645795   5.645909     3.1905     2.7106      57.34   22.27422  -96.18000    0.00001   -0.00197         19  0.000e+00
     199459   8310.750     35.257     35.482    26.7843    26.7872   5.645732   5.645885     3.1905     2.7118      57.34   22.27422  -96.18000    0.00001   -0.00198         19  0.000e+00
     199460   8310.792     35.196     35.420    26.7846    26.7875   5.645748   5.645885     3.1917     2.7118      57.34   22.27422  -96.18000    0.00002   -0.00198         19  0.000e+00
     199461   8310.833     35.257     35.482    26.7846    26.7873   5.645764   5.645854     3.1905     2.7118      57.31   22.27422  -96.18000    0.00002   -0.00198         19  0.000e+00
     199462   8310.875     35.196     35.420    26.7847    26.7873   5.645748   5.645869     3.1917     2.7118      57.34   22.27422  -96.18000    0.00002   -0.00197         19  0.000e+00
     199463   8310.917     35.203     35.427    26.7846    26.7875   5.645725   5.645885     3.1917     2.7118      57.34   22.27422  -96.18000    0.00003   -0.00197         19  0.000e+00
     199464   8310.958     35.257     35.482    26.7849    26.7877   5.645740   5.645885     3.1905     2.7118      57.34   22.27422  -96.18000    0.00003   -0.00196         19  0.000e+00
     199465   8311.000     35.196     35.420    26.7850    26.7876   5.645756   5.645909     3.1917     2.7118      57.31   22.27422  -96.18000    0.00005   -0.00195         19  0.000e+00
     199466   8311.042     35.155     35.379    26.7849    26.7876   5.645717   5.645854     3.1917     2.7118      57.34   22.27422  -96.18000    0.00006   -0.00194         19  0.000e+00
     199467   8311.083     35.243     35.468    26.7850    26.7878   5.645709   5.645909     3.1917     2.7131      57.31   22.27422  -96.18000    0.00007   -0.00191         19  0.000e+00
     199468   8311.125     35.203     35.427    26.7851    26.7875   5.645647   5.645861     3.1905     2.7131      57.31   22.27422  -96.18000    0.00007   -0.00188         19  0.000e+00
     199469   8311.167     35.196     35.420    26.7847    26.7877   5.645686   5.645838     3.1905     2.7131      57.31   22.27422  -96.18000    0.00006   -0.00185         19  0.000e+00
     199470   8311.208     35.203     35.427    26.7846    26.7878   5.645678   5.645838     3.1905     2.7131      77.07   22.27422  -96.18000    0.00006   -0.00182         19  0.000e+00
     199471   8311.250     35.203     35.427    26.7847    26.7876   5.645693   5.645869     3.1905     2.7131      97.66   22.27422  -96.18000    0.00006   -0.00180         19  0.000e+00
     199472   8311.292     35.196     35.420    26.7848    26.7878   5.645678   5.645885     3.1905     2.7131     100.00   22.27422  -96.18000    0.00005   -0.00178         19  0.000e+00
     199473   8311.333     35.203     35.427    26.7850    26.7878   5.645662   5.645814     3.1905     2.7131     100.00   22.27422  -96.18000    0.00005   -0.00177         19  0.000e+00
     199474   8311.375     35.196     35.420    26.7853    26.7879   5.645662   5.645861     3.1905     2.7131     100.00   22.27422  -96.18000    0.00004   -0.00175         19  0.000e+00
     199475   8311.417     35.203     35.427    26.7853    26.7880   5.645670   5.645885     3.1905     2.7131      99.98   22.27422  -96.18000    0.00006   -0.00173         19  0.000e+00
     199476   8311.458     35.196     35.420    26.7853    26.7882   5.645693   5.645846     3.1905     2.7131     100.00   22.27422  -96.18000    0.00005   -0.00171         19  0.000e+00
     199477   8311.500     35.155     35.379    26.7855    26.7880   5.645709   5.645869     3.1905     2.7131     100.00   22.27422  -96.18000    0.00005   -0.00169         19  0.000e+00
     199478   8311.542     35.203     35.427    26.7853    26.7883   5.645709   5.645854     3.1905     2.7131     100.00   22.27422  -96.18000    0.00006   -0.00167         19  0.000e+00
     199479   8311.583     35.196     35.420    26.7853    26.7882   5.645639   5.645869     3.1905     2.7143     100.00   22.27422  -96.18000    0.00006   -0.00163         19  0.000e+00
     199480   8311.625     35.155     35.379    26.7851    26.7882   5.645654   5.645846     3.1905     2.7143     100.00   22.27422  -96.18000    0.00007   -0.00159         19  0.000e+00
     199481   8311.667     35.243     35.468    26.7854    26.7884   5.645662   5.645869     3.1905     2.7143     100.00   22.27422  -96.18000    0.00007   -0.00155         19  0.000e+00
     199482   8311.708     35.155     35.379    26.7853    26.7884   5.645662   5.645909     3.1905     2.7155     100.00   22.27422  -96.18000    0.00007   -0.00149         19  0.000e+00
     199483   8311.750     35.196     35.420    26.7856    26.7883   5.645662   5.645893     3.1905     2.7143     100.00   22.27422  -96.18000    0.00006   -0.00145         19  0.000e+00
     199484   8311.792     35.203     35.427    26.7855    26.7884   5.645662   5.645909     3.1905     2.7155     100.00   22.27422  -96.18000    0.00006   -0.00140         19  0.000e+00
     199485   8311.833     35.203     35.427    26.7857    26.7882   5.645662   5.645893     3.1905     2.7155     100.00   22.27422  -96.18000    0.00008   -0.00134         19  0.000e+00
     199486   8311.875     35.142     35.366    26.7856    26.7884   5.645701   5.645885     3.1905     2.7155     100.00   22.27422  -96.18000    0.00007   -0.00128         19  0.000e+00
     199487   8311.917     35.203     35.427    26.7857    26.7885   5.645647   5.645885     3.1905     2.7155     100.00   22.27422  -96.18000    0.00007   -0.00121         19  0.000e+00
     199488   8311.958     35.196     35.420    26.7858    26.7884   5.645615   5.645885     3.1905     2.7155     100.00   22.27422  -96.18000    0.00007   -0.00113         19  0.000e+00
     199489   8312.000     35.155     35.379    26.7859    26.7885   5.645686   5.645948     3.1905     2.7155     100.00   22.27422  -96.18000    0.00006   -0.00105         19  0.000e+00
     199490   8312.042     35.243     35.468    26.7860    26.7882   5.645639   5.645869     3.1905     2.7155     100.00   22.27422  -96.18000    0.00006   -0.00098         19  0.000e+00
     199491   8312.083     35.155     35.379    26.7860    26.7882   5.645686   5.645909     3.1905     2.7155     100.00   22.27422  -96.18000    0.00006   -0.00088         19  0.000e+00
     199492   8312.125     35.203     35.427    26.7859    26.7884   5.645670   5.645893     3.1905     2.7155     100.00   22.27422  -96.18000    0.00006   -0.00079         19  0.000e+00
     199493   8312.167     35.196     35.420    26.7860    26.7883   5.645662   5.645885     3.1905     2.7155     100.00   22.27422  -96.18000    0.00005   -0.00069         19  0.000e+00
     199494   8312.208     35.203     35.427    26.7860    26.7884   5.645670   5.645885     3.1917     2.7155     100.00   22.27422  -96.18000    0.00005   -0.00059         19  0.000e+00
     199495   8312.250     35.196     35.420    26.7859    26.7882   5.645693   5.645917     3.1905     2.7155     100.00   22.27422  -96.18000    0.00003   -0.00050         19  0.000e+00
     199496   8312.292     35.155     35.379    26.7860    26.7885   5.645709   5.645893     3.1917     2.7155     100.00   22.27422  -96.18000    0.00002   -0.00040         19  0.000e+00
     199497   8312.333     35.196     35.420    26.7859    26.7884   5.645709   5.645885     3.1905     2.7155     100.00   22.27422  -96.18000    0.00002   -0.00030         19  0.000e+00
     199498   8312.375     35.203     35.427    26.7856    26.7886   5.645639   5.645917     3.1905     2.7155     100.00   22.27422  -96.18000    0.00001   -0.00020         19  0.000e+00
     199499   8312.417     35.203     35.427    26.7857    26.7884   5.645686   5.645925     3.1905     2.7143     100.00   22.27422  -96.18000    0.00001   -0.00012         19  0.000e+00
     199500   8312.458     35.196     35.420    26.7859    26.7885   5.645709   5.645925     3.1917     2.7143     100.00   22.27422  -96.18000    0.00002   -0.00003         19  0.000e+00
     199501   8312.500     35.203     35.427    26.7858    26.7884   5.645717   5.645925     3.1917     2.7143     100.00   22.27422  -96.18000    0.00004    0.00005         19  0.000e+00
     199502   8312.542     35.196     35.420    26.7859    26.7884   5.645709   5.645893     3.1917     2.7155     100.00   22.27422  -96.18000    0.00005    0.00015         19  0.000e+00
     199503   8312.583     35.203     35.427    26.7856    26.7883   5.645709   5.645885     3.1917     2.7143     100.00   22.27422  -96.18000    0.00006    0.00024         19  0.000e+00
     199504   8312.625     35.155     35.379    26.7859    26.7880   5.645670   5.645846     3.1917     2.7143     100.00   22.27422  -96.18000    0.00009    0.00033         19  0.000e+00
     199505   8312.667     35.243     35.468    26.7858    26.7884   5.645701   5.645909     3.1917     2.7143     100.00   22.27422  -96.18000    0.00010    0.00042         19  0.000e+00
     199506   8312.708     35.203     35.427    26.7859    26.7878   5.645709   5.645893     3.1917     2.7143     100.00   22.27422  -96.18000    0.00011    0.00051         19  0.000e+00
     199507   8312.750     35.243     35.468    26.7860    26.7882   5.645678   5.645909     3.1917     2.7143     100.00   22.27422  -96.18000    0.00012    0.00060         19  0.000e+00
     199508   8312.792     35.155     35.379    26.7860    26.7884   5.645740   5.645925     3.1917     2.7143     100.00   22.27422  -96.17998    0.00013    0.00067         19  0.000e+00
     199509   8312.833     35.196     35.420    26.7862    26.7884   5.645686   5.645925     3.1917     2.7143     100.00   22.27422  -96.17998    0.00016    0.00077         19  0.000e+00
     199510   8312.875     35.203     35.427    26.7858    26.7884   5.645701   5.645893     3.1917     2.7143     100.00   22.27422  -96.17998    0.00019    0.00084         19  0.000e+00
     199511   8312.917     35.203     35.427    26.7857    26.7882   5.645709   5.645885     3.1917     2.7143     100.00   22.27422  -96.17998    0.00022    0.00092         19  0.000e+00
     199512   8312.958     35.243     35.468    26.7857    26.7882   5.645709   5.645885     3.1905     2.7143     100.00   22.27422  -96.17998    0.00023    0.00098         19  0.000e+00
     199513   8313.000     35.203     35.427    26.7856    26.7881   5.645740   5.645909     3.1905     2.7143     100.00   22.27422  -96.17998    0.00022    0.00104         19  0.000e+00
     199514   8313.042     35.243     35.468    26.7855    26.7882   5.645725   5.645893     3.1905     2.7143     100.00   22.27422  -96.17998    0.00023    0.00108         19  0.000e+00
     202914   8454.708     20.162     20.290    29.2231    29.2306   5.884656   5.885376     3.1368     2.6557     100.00   22.27424  -96.18000    0.00028   -0.00027         20  0.000e+00
     202915   8454.750     20.060     20.188    29.2235    29.2302   5.884703   5.885320     3.1368     2.6557     100.00   22.27424  -96.18000    0.00032   -0.00023         20  0.000e+00
     202916   8454.792     20.108     20.235    29.2235    29.2301   5.884719   5.885368     3.1380     2.6557     100.00   22.27424  -96.18000    0.00038   -0.00019         20  0.000e+00
     202917   8454.833     20.013     20.140    29.2239    29.2301   5.884703   5.885320     3.1380     2.6557     100.00   22.27424  -96.18000    0.00044   -0.00014         20  0.000e+00
     202918   8454.875     20.060     20.188    29.2244    29.2301   5.884679   5.885328     3.1368     2.6557     100.00   22.27424  -96.18000    0.00049   -0.00010         20  0.000e+00
     202919   8454.917     20.060     20.187    29.2244    29.2302   5.884727   5.885304     3.1368     2.6545     100.00   22.27424  -96.18000    0.00053   -0.00007         20  0.000e+00
     202920   8454.958     20.013     20.140    29.2244    29.2302   5.884759   5.885296     3.1380     2.6545     100.00   22.27424  -96.18000    0.00057   -0.00006         20  0.000e+00
     202921   8455.000     20.013     20.140    29.2242    29.2301   5.884767   5.885328     3.1380     2.6545     100.00   22.27424  -96.18000    0.00062   -0.00005         20  0.000e+00
     202922   8455.042     20.013     20.140    29.2244    29.2302   5.884751   5.885272     3.1380     2.6532     100.00   22.27424  -96.18000    0.00066   -0.00005         20  0.000e+00
     202923   8455.083     20.013     20.140    29.2253    29.2297   5.884759   5.885247     3.1380     2.6532     100.00   22.27424  -96.18000    0.00068   -0.00006         20  0.000e+00
     202924   8455.125     20.013     20.140    29.2255    29.2295   5.884727   5.885207     3.1380     2.6520     100.00   22.27424  -96.18000    0.00072   -0.00008         20  0.000e+00
     202925   8455.167     20.013     20.140    29.2255    29.2293   5.884671   5.885159     3.1404     2.6520     100.00   22.27424  -96.18000    0.00078   -0.00012         20  0.000e+00
     202926   8455.208     20.013     20.140    29.2253    29.2290   5.884624   5.885183     3.1392     2.6520     100.00   22.27424  -96.18000    0.00082   -0.00015         20  0.000e+00
     202927   8455.250     20.013     20.140    29.2246    29.2289   5.884679   5.885199     3.1404     2.6508     100.00   22.27424  -96.18000    0.00088   -0.00020         20  0.000e+00
     202928   8455.292     20.013     20.140    29.2246    29.2284   5.884632   5.885159     3.1392     2.6508     100.00   22.27424  -96.18000    0.00092   -0.00025         20  0.000e+00
     202929   8455.333     20.013     20.140    29.2246    29.2282   5.884687   5.885078     3.1392     2.6496     100.00   22.27424  -96.18000    0.00095   -0.00032         20  0.000e+00
     202930   8455.375     19.959     20.085    29.2248    29.2282   5.884632   5.885054     3.1404     2.6496     100.00   22.27424  -96.18000    0.00100   -0.00039         20  0.000e+00
     202931   8455.417     19.959     20.085    29.2248    29.2276   5.884655   5.885054     3.1404     2.6496     100.00   22.27424  -96.18000    0.00105   -0.00045         20  0.000e+00
     202932   8455.458     20.013     20.140    29.2246    29.2273   5.884624   5.885014     3.1404     2.6496     100.00   22.27424  -96.18000    0.00110   -0.00051         20  0.000e+00
     202933   8455.500     19.959     20.085    29.2248    29.2272   5.884679   5.884966     3.1404     2.6496     100.00   22.27424  -96.18000    0.00115   -0.00057         20  0.000e+00
     202934   8455.542     20.013     20.140    29.2250    29.2273   5.884632   5.884958     3.1404     2.6496     100.00   22.27424  -96.18000    0.00120   -0.00063         20  0.000e+00
     202935   8455.583     19.959     20.085    29.2244    29.2273   5.884640   5.884990     3.1404     2.6496     100.00   22.27424  -96.18000    0.00124   -0.00068         20  0.000e+00
     202936   8455.625     20.013     20.140    29.2244    29.2273   5.884624   5.884966     3.1404     2.6496     100.00   22.27424  -96.18000    0.00127   -0.00076         20  0.000e+00
     202937   8455.667     19.959     20.085    29.2246    29.2271   5.884687   5.884958     3.1404     2.6496     100.00   22.27424  -96.18000    0.00131   -0.00083         20  0.000e+00
     202938   8455.708     19.959     20.085    29.2244    29.2271   5.884600   5.884990     3.1404     2.6496     100.00   22.27424  -96.18000    0.00135   -0.00090         20  0.000e+00
     202939   8455.750     20.013     20.140    29.2242    29.2271   5.884560   5.884966     3.1404     2.6496     100.00   22.27424  -96.18000    0.00139   -0.00096         20  0.000e+00
