Gulf of Mexico/GOMECC-4/1db/rb2103_0291.cnv
* Sea-Bird SBE 9 Data File:
* FileName = C:\Users\scs.user.rb\CTD\GOMECC4\data\rb2103_0291.hex
* Software Version Seasave V 7.26.7.107
* Temperature SN = 4799
* Conductivity SN = 3860
* Number of Bytes Per Scan = 41
* Number of Voltage Words = 4
* Number of Scans Averaged by the Deck Unit = 1
* NMEA Latitude = 27 29.98 N
* NMEA Longitude = 086 48.58 W
* NMEA UTC (Time) = Sep 22 2021  01:30:43
* NMEA baud rate = 4800
# nquan = 28
# nvalues = 537                         
# units = specified
# name 0 = scan: Scan Count
# name 1 = timeS: Time, Elapsed [seconds]
# name 2 = depSM: Depth [salt water, m]
# name 3 = prDM: Pressure, Digiquartz [db]
# name 4 = t090C: Temperature [ITS-90, deg C]
# name 5 = t190C: Temperature, 2 [ITS-90, deg C]
# name 6 = c0S/m: Conductivity [S/m]
# name 7 = c1S/m: Conductivity, 2 [S/m]
# name 8 = sbeox0V: Oxygen raw, SBE 43 [V]
# name 9 = sbeox1V: Oxygen raw, SBE 43, 2 [V]
# name 10 = altM: Altimeter [m]
# name 11 = latitude: Latitude [deg]
# name 12 = longitude: Longitude [deg]
# name 13 = sbox0dV/dT: Oxygen, SBE 43 [dov/dt]
# name 14 = sbox1dV/dT: Oxygen, SBE 43, 2 [dov/dt]
# name 15 = sbeox0ML/L: Oxygen, SBE 43 [ml/l], WS = 5
# name 16 = sbeox1ML/L: Oxygen, SBE 43, 2 [ml/l], WS = 5
# name 17 = potemp090C: Potential Temperature [ITS-90, deg C]
# name 18 = potemp190C: Potential Temperature, 2 [ITS-90, deg C]
# name 19 = sal00: Salinity, Practical [PSU]
# name 20 = sal11: Salinity, Practical, 2 [PSU]
# name 21 = sigma-é00: Density [sigma-theta, kg/m^3]
# name 22 = sigma-é11: Density, 2 [sigma-theta, kg/m^3]
# name 23 = avgsvCM: Average Sound Velocity [Chen-Millero, m/s], minP = 20, minS = 20
# name 24 = sbox0Mm/Kg: Oxygen, SBE 43 [umol/kg], WS = 5
# name 25 = sbox1Mm/Kg: Oxygen, SBE 43, 2 [umol/kg], WS = 5
# name 26 = nbin: number of scans per bin
# name 27 = flag: flag
# span 0 =      17647,     243073       
# span 1 =    735.269,  10128.004       
# span 2 =      1.987,   3026.672       
# span 3 =      2.000,   3069.000       
# span 4 =     4.2825,    30.2906       
# span 5 =     4.2833,    30.2909       
# span 6 =   3.341759,   5.979302       
# span 7 =   3.341691,   5.979569       
# span 8 =     1.6201,     3.2295       
# span 9 =     1.3227,     2.7085       
# span 10 =       9.86,     111.54      
# span 11 =   27.48736,   28.32218      
# span 12 =  -89.42718,  -86.79127      
# span 13 =   -0.03481,    0.03050      
# span 14 =   -0.03100,    0.02909      
# span 15 =     2.5189,     4.6949      
# span 16 =     2.5437,     4.7236      
# span 17 =     4.0806,    30.2848      
# span 18 =     4.0817,    30.2852      
# span 19 =    32.4490,    39.9694      
# span 20 =    32.4470,    36.6030      
# span 21 =    20.3697,    31.0679      
# span 22 =    20.3693,    27.7571      
# span 23 =       0.00,    1552.34      
# span 24 =    109.540,    204.013      
# span 25 =    110.622,    205.257      
# span 26 =         30,         87      
# span 27 = 0.0000e+00, 0.0000e+00      
# interval = decibars: 1                
# start_time = Sep 22 2021 01:30:43 [NMEA time, header]
# bad_flag = -9.990e-29
*END*
[from data line 52]
      20412    850.460     56.615     57.000    27.1918    27.1917   5.742337   5.742480     3.0891     2.6306     100.00   27.49722  -86.81128    0.00318    0.00330     4.4221     4.4350    27.1786    27.1785    36.4468    36.4478    23.7505    23.7513    1544.76    192.910    193.472         55 0.0000e+00
      20464    852.606     57.608     58.000    27.0680    27.0660   5.730419   5.730287     3.0891     2.6310      90.12   27.49722  -86.81130    0.00342    0.00266     4.4322     4.4454    27.0546    27.0526    36.4581    36.4587    23.7989    23.8000    1544.70    193.340    193.915         44 0.0000e+00
      20505    854.350     58.602     59.000    26.9702    26.9699   5.721861   5.722007     3.0747     2.6174     100.09   27.49720  -86.81130   -0.00379   -0.00343     4.4133     4.4247    26.9567    26.9563    36.4730    36.4743    23.8417    23.8428    1544.65    192.510    193.003         41 0.0000e+00
      20546    856.054     59.595     60.000    26.9098    26.9151   5.715869   5.716561     3.0665     2.6093     100.00   27.49720  -86.81130   -0.00636   -0.00627     4.4029     4.4122    26.8960    26.9013    36.4772    36.4779    23.8642    23.8631    1544.60    192.049    192.457         42 0.0000e+00
      20588    857.776     60.588     61.000    26.8760    26.8770   5.711608   5.711932     3.0493     2.5962      91.54   27.49720  -86.81130   -0.00754   -0.00669     4.3739     4.3878    26.8620    26.8630    36.4727    36.4743    23.8718    23.8726    1544.55    190.784    191.391         40 0.0000e+00
      20627    859.400     61.581     62.000    26.8204    26.8172   5.705265   5.705071     3.0405     2.5830      79.34   27.49719  -86.81130   -0.00835   -0.00812     4.3623     4.3658    26.8062    26.8030    36.4704    36.4715    23.8879    23.8898    1544.49    190.273    190.427         37 0.0000e+00
      20663    860.916     62.574     63.000    26.7828    26.7840   5.702219   5.702474     3.0348     2.5800      99.99   27.49718  -86.81130   -0.00553   -0.00619     4.3548     4.3624    26.7684    26.7696    36.4778    36.4787    23.9055    23.9058    1544.44    189.947    190.278         37 0.0000e+00
      20698    862.389     63.567     64.000    26.4916    26.4655   5.661533   5.658766     3.0277     2.5753     100.00   27.49718  -86.81130   -0.00399   -0.00263     4.3640     4.3766    26.4670    26.4510    36.4206    36.4131    23.9582    23.9577    1544.39    190.335    190.885         33 0.0000e+00
      20731    863.768     64.560     65.000    26.3256    26.3229   5.640072   5.639744     3.0236     2.5735     100.00   27.49718  -86.81130   -0.00456   -0.00231     4.3729     4.3860    26.3108    26.3082    36.3878    36.3876    23.9830    23.9837    1544.33    190.722    191.291         34 0.0000e+00
      20766    865.219     65.553     66.000    26.0469    26.0417   5.602575   5.601655     3.0240     2.5750     100.00   27.49716  -86.81132   -0.00246   -0.00148     4.3976     4.4113    26.0321    26.0269    36.3347    36.3320    24.0306    24.0303    1544.26    191.788    192.384         36 0.0000e+00
      20802    866.718     66.546     67.000    25.9100    25.9099   5.590800   5.591101     3.0264     2.5764     100.00   27.49716  -86.81132    0.00061    0.00107     4.4130     4.4246    25.8951    25.8949    36.3568    36.3592    24.0903    24.0921    1544.18    192.448    192.954         35 0.0000e+00
      20836    868.122     67.539     68.000    25.7341    25.7355   5.570736   5.570684     3.0193     2.5646     100.00   27.49716  -86.81132   -0.00027   -0.00103     4.4143     4.4135    25.7190    25.7204    36.3492    36.3477    24.1394    24.1378    1544.11    192.493    192.462         32 0.0000e+00
      20868    869.454     68.532     69.000    25.4268    25.4252   5.542721   5.542798     2.9989     2.5500     100.00   27.49716  -86.81132   -0.00556   -0.00680     4.3990     4.4052    25.4116    25.4100    36.3877    36.3896    24.2639    24.2658    1544.02    191.805    192.075         33 0.0000e+00
      20901    870.851     69.525     70.000    25.0966    25.0927   5.509582   5.508250     2.9749     2.5269     100.00   27.49715  -86.81132   -0.01347   -0.01202     4.3796     4.3828    25.0803    25.0775    36.4072    36.4037    24.3804    24.3795    1543.93    190.937    191.075         35 0.0000e+00
      20937    872.354     70.518     71.000    24.7157    24.7110   5.464706   5.463952     2.9691     2.5326     100.00   27.49714  -86.81132   -0.01399   -0.01023     4.3996     4.4230    24.7003    24.6957    36.3782    36.3763    24.4745    24.4745    1543.83    191.794    192.814         36 0.0000e+00
      20972    873.793     71.511     72.000    24.4839    24.4814   5.438033   5.437791     2.9671     2.5297     100.00   27.49714  -86.81132   -0.00521   -0.00106     4.4154     4.4352    24.4684    24.4660    36.3651    36.3653    24.5348    24.5357    1543.73    192.470    193.334         33 0.0000e+00
      21005    875.177     72.504     73.000    24.3620    24.3613   5.425305   5.425243     2.9572     2.5147     100.00   27.49714  -86.81132   -0.00254   -0.00224     4.4065     4.4121    24.3464    24.3457    36.3678    36.3679    24.5736    24.5739    1543.61    192.072    192.319         34 0.0000e+00
      21039    876.575     73.498     74.000    24.2209    24.2177   5.409426   5.409016     2.9512     2.5132      82.13   27.49714  -86.81132   -0.00556   -0.00688     4.4066     4.4207    24.2051    24.2019    36.3622    36.3617    24.6117    24.6123    1543.50    192.071    192.687         33 0.0000e+00
      21073    877.990     74.490     75.000    24.0993    24.0964   5.396427   5.396251     2.9428     2.5087      99.76   27.49713  -86.81132   -0.00532   -0.00359     4.4005     4.4204    24.0834    24.0805    36.3623    36.3633    24.6483    24.6499    1543.39    191.799    192.667         35 0.0000e+00
      21108    879.444     75.484     76.000    24.0243    24.0232   5.388402   5.388398     2.9377     2.5025     100.00   27.49712  -86.81134   -0.00505   -0.00339     4.3970     4.4140    24.0082    24.0071    36.3623    36.3631    24.6707    24.6716    1543.27    191.642    192.384         35 0.0000e+00
      21142    880.894     76.477     77.000    23.8203    23.8146   5.365751   5.365056     2.9316     2.4969     100.00   27.49712  -86.81134   -0.00401   -0.00366     4.4022     4.4176    23.8041    23.7984    36.3562    36.3555    24.7267    24.7279    1543.16    191.859    192.531         34 0.0000e+00
      21177    882.313     77.469     78.000    23.7167    23.7170   5.356093   5.356341     2.9189     2.4847      72.90   27.49712  -86.81134   -0.00516   -0.00491     4.3856     4.3985    23.7004    23.7007    36.3669    36.3686    24.7656    24.7668    1543.04    191.129    191.688         34 0.0000e+00
      21210    883.712     78.463     79.000    23.7046    23.7044   5.355498   5.355673     2.9071     2.4762      90.33   27.49711  -86.81134   -0.00802   -0.00722     4.3634     4.3811    23.6880    23.6878    36.3720    36.3735    24.7731    24.7743    1542.93    190.159    190.929         33 0.0000e+00
      21244    885.136     79.456     80.000    23.5559    23.5522   5.339289   5.338794     2.8943     2.4654     100.07   27.49710  -86.81134   -0.00864   -0.00701     4.3507     4.3696    23.5392    23.5355    36.3696    36.3688    24.8152    24.8156    1542.82    189.595    190.420         35 0.0000e+00
      21279    886.601     80.449     81.000    23.4513    23.4514   5.328777   5.328993     2.8783     2.4522     100.00   27.49710  -86.81135   -0.00937   -0.00747     4.3273     4.3485    23.4345    23.4345    36.3746    36.3762    24.8497    24.8510    1542.70    188.572    189.496         36 0.0000e+00
      21315    888.082     81.441     82.000    23.4093    23.4097   5.329658   5.330289     2.8595     2.4301     100.00   27.49710  -86.81136   -0.01104   -0.01025     4.2926     4.3022    23.3923    23.3926    36.4157    36.4202    24.8933    24.8966    1542.58    187.050    187.470         35 0.0000e+00
      21349    889.514     82.434     83.000    23.4063    23.4045   5.340717   5.340943     2.8226     2.3898     100.00   27.49710  -86.81136   -0.01507   -0.01659     4.2172     4.2117    23.3890    23.3872    36.5030    36.5062    24.9605    24.9635    1542.48    183.753    183.513         33 0.0000e+00
      21383    890.914     83.427     84.000    23.0724    23.0667   5.300331   5.299135     2.7624     2.3334     100.00   27.49710  -86.81136   -0.02565   -0.02921     4.1233     4.1128    23.0551    23.0494    36.4672    36.4627    25.0308    25.0291    1542.36    179.651    179.193         34 0.0000e+00
      21417    892.348     84.420     85.000    22.9734    22.9724   5.285865   5.285814     2.7324     2.3187     100.00   27.49710  -86.81136   -0.03481   -0.03100     4.0720     4.0880    22.9560    22.9550    36.4370    36.4374    25.0367    25.0373    1542.24    177.412    178.112         35 0.0000e+00
      21452    893.807     85.413     86.000    22.9130    22.9110   5.278633   5.278574     2.7304     2.3193     100.00   27.49708  -86.81136   -0.02033   -0.01302     4.0728     4.0944    22.8954    22.8934    36.4307    36.4318    25.0494    25.0509    1542.13    177.446    178.387         35 0.0000e+00
      21486    895.226     86.407     87.000    22.7605    22.7547   5.263906   5.263273     2.7258     2.3119     100.00   27.49708  -86.81136   -0.00489   -0.00248     4.0754     4.0890    22.7428    22.7370    36.4433    36.4433    25.1031    25.1048    1542.01    177.552    178.144         34 0.0000e+00
      21520    896.628     87.399     88.000    22.5772    22.5759   5.246507   5.246804     2.7000     2.2866     100.00   27.49708  -86.81136   -0.00697   -0.00800     4.0370     4.0455    22.5594    22.5580    36.4593    36.4628    25.1680    25.1710    1541.89    175.867    176.235         34 0.0000e+00
      21555    898.074     88.392     89.000    22.3835    22.3794   5.235442   5.235221     2.6655     2.2512     100.00   27.49707  -86.81136   -0.01596   -0.01600     3.9800     3.9788    22.3656    22.3615    36.5346    36.5362    25.2806    25.2830    1541.77    173.364    173.309         35 0.0000e+00
      21589    899.489     89.385     90.000    22.3115    22.3105   5.230814   5.230897     2.6145     2.2034     100.00   27.49706  -86.81136   -0.02580   -0.02553     3.8810     3.8757    22.2934    22.2924    36.5583    36.5598    25.3193    25.3206    1541.65    169.044    168.817         33 0.0000e+00
      21622    900.856     90.378     91.000    22.1402    22.1344   5.212786   5.211992     2.5775     2.1729     100.00   27.49706  -86.81136   -0.03166   -0.02955     3.8179     3.8193    22.1220    22.1162    36.5601    36.5588    25.3693    25.3699    1541.53    166.291    166.347         33 0.0000e+00
      21656    902.279     91.371     92.000    21.9667    21.9637   5.193129   5.192817     2.5483     2.1489     100.00   27.49706  -86.81138   -0.02773   -0.02354     3.7711     3.7772    21.9484    21.9454    36.5508    36.5509    25.4112    25.4122    1541.40    164.246    164.508         35 0.0000e+00
      21690    903.724     92.364     93.000    21.7827    21.7795   5.175514   5.175330     2.5237     2.1248     100.00   27.49706  -86.81138   -0.02057   -0.01761     3.7335     3.7348    21.7643    21.7611    36.5664    36.5677    25.4749    25.4768    1541.27    162.595    162.651         34 0.0000e+00
      21724    905.115     93.357     94.000    21.6263    21.6240   5.161356   5.161164     2.4931     2.0956      76.91   27.49704  -86.81138   -0.01863   -0.01738     3.6813     3.6786    21.6078    21.6055    36.5861    36.5865    25.5337    25.5347    1541.15    160.314    160.195         33 0.0000e+00
      21758    906.524     94.350     95.000    21.3953    21.3889   5.137182   5.136231     2.4541     2.0607      79.85   27.49704  -86.81138   -0.02210   -0.02101     3.6168     3.6147    21.3767    21.3703    36.5891    36.5869    25.6003    25.6004    1541.02    157.493    157.400         34 0.0000e+00
      21793    907.984     95.343     96.000    21.2380    21.2360   5.118488   5.118380     2.4134     2.0279     100.36   27.49704  -86.81138   -0.02743   -0.02411     3.5432     3.5496    21.2194    21.2174    36.5730    36.5739    25.6316    25.6328    1540.89    154.284    154.566         35 0.0000e+00
      21826    909.386     96.336     97.000    21.2153    21.2154   5.115673   5.115830     2.3903     2.0114     100.00   27.49704  -86.81138   -0.02584   -0.02077     3.4970     3.5137    21.1965    21.1966    36.5694    36.5706    25.6352    25.6361    1540.75    152.272    152.999         33 0.0000e+00
      21860    910.791     97.329     98.000    21.1914    21.1919   5.112787   5.113017     2.3798     2.0011     100.00   27.49702  -86.81138   -0.01630   -0.01261     3.4771     3.4920    21.1724    21.1729    36.5663    36.5677    25.6395    25.6404    1540.63    151.407    152.052         35 0.0000e+00
      21894    912.210     98.322     99.000    21.1716    21.1726   5.110669   5.110982     2.3724     1.9976     100.00   27.49702  -86.81138   -0.00821   -0.00662     3.4634     3.4855    21.1524    21.1534    36.5658    36.5675    25.6446    25.6456    1540.49    150.809    151.772         33 0.0000e+00
      21928    913.623     99.315    100.000    21.0802    21.0753   5.102688   5.102264     2.3651     1.9920     100.00   27.49702  -86.81138   -0.00545   -0.00382     3.4543     3.4789    21.0609    21.0560    36.5794    36.5801    25.6802    25.6820    1540.37    150.406    151.476         35 0.0000e+00
      21963    915.084    100.307    101.000    20.8828    20.8791   5.081075   5.080566     2.3469     1.9731     100.00   27.49702  -86.81138   -0.00690   -0.00570     3.4297     3.4481    20.8634    20.8597    36.5736    36.5727    25.7299    25.7302    1540.24    149.328    150.131         35 0.0000e+00
      21997    916.499    101.300    102.000    20.8035    20.7996   5.071099   5.070683     2.3277     1.9557     100.00   27.49701  -86.81138   -0.01161   -0.01127     3.3952     3.4134    20.7840    20.7801    36.5606    36.5606    25.7416    25.7426    1540.11    147.822    148.617         33 0.0000e+00
      22031    917.914    102.293    103.000    20.6991    20.6962   5.059526   5.059254     2.3126     1.9426     100.00   27.49700  -86.81138   -0.01298   -0.01202     3.3706     3.3900    20.6795    20.6765    36.5561    36.5564    25.7666    25.7677    1539.98    146.752    147.592         34 0.0000e+00
      22065    919.353    103.286    104.000    20.5189    20.5157   5.039340   5.038940     2.2959     1.9253     100.00   27.49700  -86.81138   -0.01124   -0.01031     3.3477     3.3613    20.4992    20.4960    36.5467    36.5462    25.8083    25.8088    1539.86    145.745    146.338         36 0.0000e+00
      22101    920.816    104.279    105.000    20.4215    20.4206   5.028074   5.028057     2.2746     1.9050     100.00   27.49700  -86.81139   -0.01227   -0.01206     3.3091     3.3204    20.4017    20.4008    36.5384    36.5391    25.8283    25.8290    1539.72    144.066    144.555         34 0.0000e+00
      22135    922.260    105.272    106.000    20.3791    20.3758   5.023295   5.022992     2.2584     1.8884     100.00   27.49698  -86.81140   -0.01333   -0.01322     3.2779     3.2847    20.3591    20.3558    36.5356    36.5360    25.8376    25.8387    1539.59    142.705    143.000         35 0.0000e+00
      22170    923.723    106.265    107.000    20.2065    20.2018   5.004530   5.003999     2.2423     1.8775      83.30   27.49698  -86.81140   -0.01165   -0.01058     3.2551     3.2700    20.1864    20.1817    36.5309    36.5306    25.8803    25.8814    1539.46    141.706    142.356         35 0.0000e+00
