Gulf of Mexico/GOMECC-4/1db/rb2103_1061.cnv
* Sea-Bird SBE 9 Data File:
* FileName = C:\Users\scs.user.rb\CTD\GOMECC4\data\rb2103_1061.hex
* Software Version Seasave V 7.26.7.107
* Temperature SN = 4799
* Conductivity SN = 3860
* Number of Bytes Per Scan = 41
* Number of Voltage Words = 4
* Number of Scans Averaged by the Deck Unit = 1
* NMEA Latitude = 26 00.02 N
* NMEA Longitude = 088 00.00 W
* NMEA UTC (Time) = Oct 13 2021  21:11:53
* NMEA baud rate = 4800
# nquan = 28
# nvalues = 1423                        
# units = specified
# name 0 = scan: Scan Count
# name 1 = timeS: Time, Elapsed [seconds]
# name 2 = depSM: Depth [salt water, m]
# name 3 = prDM: Pressure, Digiquartz [db]
# name 4 = t090C: Temperature [ITS-90, deg C]
# name 5 = t190C: Temperature, 2 [ITS-90, deg C]
# name 6 = c0S/m: Conductivity [S/m]
# name 7 = c1S/m: Conductivity, 2 [S/m]
# name 8 = sbeox0V: Oxygen raw, SBE 43 [V]
# name 9 = sbeox1V: Oxygen raw, SBE 43, 2 [V]
# name 10 = altM: Altimeter [m]
# name 11 = latitude: Latitude [deg]
# name 12 = longitude: Longitude [deg]
# name 13 = sbox0dV/dT: Oxygen, SBE 43 [dov/dt]
# name 14 = sbox1dV/dT: Oxygen, SBE 43, 2 [dov/dt]
# name 15 = sbeox0ML/L: Oxygen, SBE 43 [ml/l], WS = 5
# name 16 = sbeox1ML/L: Oxygen, SBE 43, 2 [ml/l], WS = 5
# name 17 = potemp090C: Potential Temperature [ITS-90, deg C]
# name 18 = potemp190C: Potential Temperature, 2 [ITS-90, deg C]
# name 19 = sal00: Salinity, Practical [PSU]
# name 20 = sal11: Salinity, Practical, 2 [PSU]
# name 21 = sigma-é00: Density [sigma-theta, kg/m^3]
# name 22 = sigma-é11: Density, 2 [sigma-theta, kg/m^3]
# name 23 = avgsvCM: Average Sound Velocity [Chen-Millero, m/s], minP = 20, minS = 20
# name 24 = sbox0Mm/Kg: Oxygen, SBE 43 [umol/kg], WS = 5
# name 25 = sbox1Mm/Kg: Oxygen, SBE 43, 2 [umol/kg], WS = 5
# name 26 = nbin: number of scans per bin
# name 27 = flag: flag
# span 0 =      10771,     247079       
# span 1 =    448.739,  10294.928       
# span 2 =      0.993,   3015.255       
# span 3 =      1.000,   3057.000       
# span 4 =     4.2991,    30.2009       
# span 5 =     4.3000,    30.2009       
# span 6 =   3.354731,   6.102674       
# span 7 =   3.354687,   6.102775       
# span 8 =     1.5775,     3.2291       
# span 9 =     1.2752,     2.7314       
# span 10 =      10.62,     106.20      
# span 11 =   25.60159,   26.51751      
# span 12 =  -89.74020,  -86.64218      
# span 13 =   -0.01005,    0.00988      
# span 14 =   -0.00961,    0.00973      
# span 15 =     2.4762,     4.7134      
# span 16 =     2.4841,     4.7114      
# span 17 =     4.0794,    30.2004      
# span 18 =     4.0804,    30.2004      
# span 19 =    34.9033,    37.0130      
# span 20 =    34.9020,    37.0136      
# span 21 =    22.4729,    27.7598      
# span 22 =    22.4747,    27.7586      
# span 23 =       0.00,    1559.53      
# span 24 =    107.667,    204.817      
# span 25 =    108.008,    204.729      
# span 26 =         30,         74      
# span 27 = 0.0000e+00, 0.0000e+00      
# interval = decibars: 1                
# start_time = Oct 13 2021 21:11:53 [NMEA time, header]
# bad_flag = -9.990e-29
*END*
[from data line 1399]
     228301   9512.487     45.696     46.000    29.4812    29.5187   5.968152   5.974174     3.1571     2.6650      97.79   26.00292  -88.00136   -0.00031   -0.00030     4.3673     4.3341    29.4694    29.5074    36.2731    36.2856    22.8620    22.8585    1506.27    190.686    189.235         68 0.0000e+00
     228384   9515.944     44.703     45.000    29.5050    29.5308   5.972132   5.975934     3.1523     2.6619     100.01   26.00292  -88.00136   -0.00100   -0.00091     4.3560     4.3263    29.4939    29.5197    36.2831    36.2889    22.8611    22.8567    1506.27    190.190    188.894         46 0.0000e+00
     228465   9519.325     43.709     44.000    29.5223    29.5355   5.974398   5.976259     3.1509     2.6638     100.00   26.00292  -88.00136   -0.00079    0.00073     4.3516     4.3294    29.5115    29.5247    36.2850    36.2879    22.8566    22.8543    1506.27    190.002    189.031         52 0.0000e+00
     228553   9522.994     42.716     43.000    29.5340    29.5374   5.975932   5.976229     3.1492     2.6597     100.00   26.00292  -88.00136   -0.00050   -0.00148     4.3471     4.3206    29.5234    29.5268    36.2872    36.2865    22.8542    22.8526    1506.27    189.804    188.647         48 0.0000e+00
     228635   9526.429     41.723     42.000    29.5350    29.5370   5.975721   5.975711     3.1514     2.6608     100.00   26.00293  -88.00136    0.00058   -0.00013     4.3505     4.3224    29.5246    29.5266    36.2852    36.2837    22.8523    22.8505    1506.27    189.951    188.723         42 0.0000e+00
     230731   9613.754     36.756     37.000    29.5573    29.5595   5.977788   5.978101     3.1515     2.6606     100.02   26.00885  -88.02116    0.00044    0.00073     4.3468     4.3180    29.5482    29.5504    36.2880    36.2884    22.8477    22.8472    1506.61    189.792    188.537         40 0.0000e+00
     230794   9616.364     35.763     36.000    29.5481    29.5529   5.976131   5.976741     3.1521     2.6631     100.00   26.00300  -88.00136    0.00007    0.00030     4.3478     4.3227    29.5393    29.5441    36.2799    36.2804    22.8433    22.8421    1506.27    189.834    188.743         35 0.0000e+00
     230963   9623.435     33.776     34.000    29.5451    29.5490   5.975061   5.975605     3.1495     2.6644      99.98   25.99807  -87.98468   -0.00035   -0.00038     4.3422     4.3243    29.5368    29.5406    36.2720    36.2728    22.8372    22.8365    1505.98    189.593    188.811         36 0.0000e+00
     231122   9630.032     32.783     33.000    29.5501    29.5548   5.976159   5.976687     3.1493     2.6627     100.00   26.00300  -88.00136   -0.00023   -0.00193     4.3412     4.3203    29.5420    29.5467    36.2791    36.2795    22.8418    22.8405    1506.27    189.550    188.637         34 0.0000e+00
     230178   9590.704     29.803     30.000    29.3950    29.4002   5.944187   5.944879     3.1348     2.6505      99.46   25.86284  -87.52696   -0.00021   -0.00068     4.3203     4.2995    29.3876    29.3928    36.0832    36.0840    22.7168    22.7156    1498.15    188.635    187.730         35 0.0000e+00
     231555   9648.097     28.809     29.000    29.5512    29.5590   5.976052   5.977021     3.1568     2.6680     100.00   26.00302  -88.00136    0.00111    0.00095     4.3523     4.3285    29.5441    29.5519    36.2790    36.2798    22.8410    22.8390    1506.27    190.035    188.993         42 0.0000e+00
     231767   9656.899     26.823     27.000    29.5555    29.5572   5.976520   5.976840     3.1543     2.6658      97.62   26.00303  -88.00136   -0.00059   -0.00027     4.3464     4.3233    29.5489    29.5505    36.2796    36.2805    22.8399    22.8400    1506.27    189.778    188.767         42 0.0000e+00
     231876   9661.456     25.829     26.000    29.5598    29.5598   5.977201   5.977271     3.1541     2.6692      99.58   26.00304  -88.00136   -0.00022    0.00076     4.3452     4.3292    29.5534    29.5534    36.2809    36.2818    22.8393    22.8400    1506.27    189.725    189.024         37 0.0000e+00
     235211   9800.432     22.849     23.000    29.7270    29.7275   6.009759   6.009893     3.1752     2.6863      86.58   26.12814  -88.42451    0.00052    0.00057     4.3730     4.3549    29.7214    29.7219    36.4639    36.4645    22.9467    22.9470    1513.51    190.939    190.149         34 0.0000e+00
     235967   9831.935     20.862     21.000    29.7811    29.7887   6.022115   6.022143     3.1833     2.6905     100.59   26.18066  -88.60220    0.00060    0.00051     4.3823     4.3601    29.7759    29.7835    36.5273    36.5384    22.9856    22.9930    1516.55    191.344    190.373         35 0.0000e+00
     234910   9787.856     17.882     18.000    29.6059    29.6043   5.984761   5.984646     3.1646     2.6728     100.06   26.01793  -88.05135    0.00065   -0.00023     4.3567     4.3295    29.6014    29.5999    36.3107    36.3111    22.8486    22.8494    1507.12    190.226    189.038         35 0.0000e+00
     234918   9788.213     16.889     17.000    29.5900    29.5883   5.981450   5.981322     3.1629     2.6715      91.57   26.00318  -88.00142    0.00059   -0.00073     4.3538     4.3268    29.5858    29.5841    36.2903    36.2907    22.8353    22.8362    1506.27    190.101    188.921         47 0.0000e+00
     235058   9794.032     15.895     16.000    29.5922    29.5902   5.981653   5.981605     3.1626     2.6753      99.52   26.00318  -88.00142   -0.00028    0.00021     4.3528     4.3337    29.5883    29.5863    36.2905    36.2912    22.8346    22.8358    1506.27    190.055    189.223         30 0.0000e+00
     232143   9672.571     10.928     11.000    29.1733    29.1659   5.893762   5.893168     3.1147     2.6369      89.27   25.60159  -86.64218    0.00025    0.00086     4.2812     4.2677    29.1706    29.1632    35.7357    35.7348    22.4729    22.4747    1483.00    186.931    186.344         37 0.0000e+00
     242412  10100.454      6.954      7.000    30.0441    30.1239   6.085698   6.086074     3.2169     2.7211     101.66   26.43562  -89.46408   -0.00056    0.00002     4.4083     4.3998    30.0424    30.1222    36.8043    36.9004    23.1451    23.2049    1531.30    192.483    192.110         30 0.0000e+00
     238581   9940.820      5.961      6.000    29.6311    29.6316   5.986396   5.986525     3.1644     2.6758     100.00   26.00344  -88.00148   -0.00031   -0.00050     4.3475     4.3264    29.6296    29.6301    36.2964    36.2970    22.8250    22.8253    1506.27    189.826    188.908         54 0.0000e+00
     238719   9946.578      4.968      5.000    29.6315    29.6314   5.986474   5.986466     3.1626     2.6771      95.63   26.00345  -88.00147   -0.00059   -0.00080     4.3437     4.3285    29.6303    29.6302    36.2970    36.2971    22.8252    22.8253    1506.27    189.661    188.997         50 0.0000e+00
     247079  10294.928      1.987      2.000    30.2009    30.2009   6.102674   6.102775     3.2291     2.7314     101.98   26.51751  -89.74020    0.00006    0.00067     4.4364     4.4165    30.2004    30.2004    37.0130    37.0136    23.2805    23.2810    1536.03    193.706    192.838         31 0.0000e+00
     242440  10101.639      0.993      1.000    29.6168    29.6191   5.984530   5.984878     3.1653     2.6769      99.90   26.00376  -88.00152   -0.00051   -0.00052     4.3476     4.3271    29.6165    29.6188    36.2959    36.2966    22.8291    22.8289    1506.27    189.830    188.935         49 0.0000e+00
