Gulf of Mexico/GOMECC-4/1db/rb2103_0921.ros
* Sea-Bird SBE 9 Data File:
* FileName = C:\Users\scs.user.rb\CTD\GOMECC4\data\rb2103_0921.hex
* Software Version Seasave V 7.26.7.107
* Temperature SN = 4799
* Conductivity SN = 3860
* Number of Bytes Per Scan = 41
* Number of Voltage Words = 4
* Number of Scans Averaged by the Deck Unit = 1
* NMEA Latitude = 21 26.99 N
* NMEA Longitude = 091 34.00 W
* NMEA UTC (Time) = Oct 10 2021  09:11:05
* NMEA baud rate = 4800
# nquan = 17
# nvalues = 532                                   
# units = specified
# name 0 = scan: Scan Count
# name 1 = timeS: Time, Elapsed [seconds]
# name 2 = depSM: Depth [salt water, m]
# name 3 = prDM: Pressure, Digiquartz [db]
# name 4 = t090C: Temperature [ITS-90, deg C]
# name 5 = t190C: Temperature, 2 [ITS-90, deg C]
# name 6 = c0S/m: Conductivity [S/m]
# name 7 = c1S/m: Conductivity, 2 [S/m]
# name 8 = sbeox0V: Oxygen raw, SBE 43 [V]
# name 9 = sbeox1V: Oxygen raw, SBE 43, 2 [V]
# name 10 = altM: Altimeter [m]
# name 11 = latitude: Latitude [deg]
# name 12 = longitude: Longitude [deg]
# name 13 = sbox0dV/dT: Oxygen, SBE 43 [dov/dt]
# name 14 = sbox1dV/dT: Oxygen, SBE 43, 2 [dov/dt]
# name 15 = nbf: Bottles Fired
# name 16 = flag:  0.000e+00
# interval = seconds: 0.0416667
# start_time = Oct 10 2021 09:11:05 [NMEA time, header]
# bad_flag = -9.990e-29
*END*
[from data line 171]
      17103    712.583     29.908     30.097    29.3715    29.3708   5.993915   5.994091     3.1416     2.6557      18.27   21.45058  -91.56752   -0.00049    0.00218          2  0.000e+00
      17104    712.625     29.759     29.947    29.3711    29.3704   5.993931   5.994034     3.1416     2.6557      18.27   21.45058  -91.56752   -0.00049    0.00212          2  0.000e+00
      17105    712.667     29.773     29.961    29.3711    29.3708   5.993891   5.994042     3.1416     2.6557      18.27   21.45058  -91.56752   -0.00051    0.00206          2  0.000e+00
      17106    712.708     29.813     30.001    29.3713    29.3704   5.993915   5.994059     3.1429     2.6557      18.27   21.45058  -91.56752   -0.00051    0.00200          2  0.000e+00
      17107    712.750     29.773     29.961    29.3713    29.3705   5.993971   5.994067     3.1429     2.6545      18.27   21.45058  -91.56752   -0.00051    0.00192          2  0.000e+00
      17108    712.792     29.813     30.001    29.3712    29.3706   5.993907   5.994018     3.1416     2.6545      18.27   21.45058  -91.56752   -0.00051    0.00186          2  0.000e+00
      17109    712.833     29.773     29.961    29.3713    29.3705   5.993883   5.994010     3.1429     2.6545      18.27   21.45058  -91.56752   -0.00051    0.00179          2  0.000e+00
      17110    712.875     29.813     30.001    29.3713    29.3702   5.993923   5.993937     3.1429     2.6545      18.27   21.45058  -91.56752   -0.00052    0.00172          2  0.000e+00
      17111    712.917     29.813     30.001    29.3711    29.3697   5.993891   5.993986     3.1429     2.6545      18.27   21.45058  -91.56752   -0.00052    0.00165          2  0.000e+00
      17112    712.958     29.827     30.015    29.3713    29.3698   5.993923   5.993977     3.1429     2.6545      18.27   21.45058  -91.56752   -0.00052    0.00160          2  0.000e+00
      17113    713.000     29.813     30.001    29.3715    29.3699   5.993931   5.993994     3.1416     2.6545      18.27   21.45058  -91.56752   -0.00055    0.00154          2  0.000e+00
      17114    713.042     29.827     30.015    29.3713    29.3702   5.993963   5.993977     3.1429     2.6545      18.27   21.45058  -91.56752   -0.00054    0.00147          2  0.000e+00
      17115    713.083     29.813     30.001    29.3713    29.3705   5.993907   5.994002     3.1429     2.6545      18.27   21.45058  -91.56752   -0.00052    0.00140          2  0.000e+00
      17116    713.125     29.874     30.063    29.3713    29.3702   5.993955   5.994010     3.1429     2.6545      18.27   21.45058  -91.56752   -0.00053    0.00134          2  0.000e+00
      17117    713.167     29.813     30.001    29.3713    29.3707   5.993947   5.994050     3.1429     2.6545      18.27   21.45058  -91.56752   -0.00054    0.00128          2  0.000e+00
      17118    713.208     29.874     30.063    29.3713    29.3708   5.993963   5.994067     3.1429     2.6545      18.27   21.45058  -91.56752   -0.00053    0.00122          2  0.000e+00
      17119    713.250     29.813     30.001    29.3715    29.3707   5.993907   5.994018     3.1429     2.6545      18.27   21.45058  -91.56752   -0.00052    0.00116          2  0.000e+00
      17120    713.292     29.861     30.049    29.3711    29.3704   5.993923   5.994010     3.1429     2.6545      18.27   21.45058  -91.56752   -0.00051    0.00109          2  0.000e+00
      17121    713.333     29.827     30.015    29.3709    29.3699   5.993891   5.993977     3.1416     2.6557      18.27   21.45058  -91.56752   -0.00052    0.00105          2  0.000e+00
      17122    713.375     29.908     30.097    29.3711    29.3697   5.993923   5.993994     3.1429     2.6545      18.27   21.45058  -91.56752   -0.00051    0.00098          2  0.000e+00
      17123    713.417     29.827     30.015    29.3711    29.3697   5.993931   5.993937     3.1429     2.6545      18.27   21.45058  -91.56752   -0.00048    0.00092          2  0.000e+00
      17124    713.458     29.861     30.049    29.3713    29.3691   5.993891   5.993945     3.1429     2.6545      18.22   21.45058  -91.56752   -0.00045    0.00087          2  0.000e+00
      17125    713.500     29.922     30.110    29.3711    29.3688   5.993955   5.993921     3.1416     2.6545      18.19   21.45058  -91.56752   -0.00045    0.00082          2  0.000e+00
      17126    713.542     29.861     30.049    29.3713    29.3691   5.993907   5.993872     3.1416     2.6545      18.17   21.45058  -91.56752   -0.00044    0.00077          2  0.000e+00
      17127    713.583     29.874     30.063    29.3709    29.3695   5.993923   5.993969     3.1416     2.6545      18.19   21.45058  -91.56752   -0.00043    0.00072          2  0.000e+00
      17128    713.625     29.908     30.097    29.3704    29.3704   5.993819   5.994010     3.1416     2.6545      18.17   21.45058  -91.56752   -0.00042    0.00066          2  0.000e+00
      17129    713.667     29.861     30.049    29.3696    29.3712   5.993779   5.994050     3.1416     2.6545      18.19   21.45058  -91.56752   -0.00039    0.00061          2  0.000e+00
      17130    713.708     29.922     30.110    29.3696    29.3710   5.993779   5.994059     3.1416     2.6545      18.19   21.45058  -91.56752   -0.00036    0.00056          2  0.000e+00
      17131    713.750     29.908     30.097    29.3698    29.3708   5.993739   5.994026     3.1416     2.6545      18.19   21.45058  -91.56752   -0.00033    0.00050          2  0.000e+00
      17132    713.792     29.874     30.063    29.3700    29.3706   5.993771   5.994042     3.1416     2.6545      18.17   21.45058  -91.56752   -0.00030    0.00045          2  0.000e+00
      17133    713.833     29.908     30.097    29.3702    29.3710   5.993859   5.994059     3.1416     2.6557      18.19   21.45058  -91.56752   -0.00027    0.00041          2  0.000e+00
      17134    713.875     29.922     30.110    29.3707    29.3715   5.993843   5.994099     3.1416     2.6557      18.19   21.45058  -91.56752   -0.00024    0.00039          2  0.000e+00
      17135    713.917     29.908     30.097    29.3709    29.3718   5.993907   5.994180     3.1416     2.6557      18.19   21.45058  -91.56752   -0.00020    0.00037          2  0.000e+00
      17136    713.958     29.908     30.097    29.3711    29.3718   5.993931   5.994172     3.1416     2.6557      18.19   21.45058  -91.56752   -0.00015    0.00034          2  0.000e+00
      17137    714.000     29.922     30.110    29.3713    29.3719   5.993891   5.994124     3.1404     2.6557      18.17   21.45058  -91.56752   -0.00014    0.00032          2  0.000e+00
      17138    714.042     29.908     30.097    29.3711    29.3718   5.993915   5.994180     3.1416     2.6569      18.17   21.45058  -91.56752   -0.00010    0.00031          2  0.000e+00
      17139    714.083     29.922     30.110    29.3711    29.3717   5.993891   5.994205     3.1416     2.6569      18.17   21.45058  -91.56752   -0.00007    0.00031          2  0.000e+00
      17140    714.125     29.908     30.097    29.3713    29.3718   5.993923   5.994205     3.1416     2.6569      18.19   21.45058  -91.56752   -0.00003    0.00030          2  0.000e+00
      17141    714.167     29.922     30.110    29.3707    29.3717   5.993859   5.994172     3.1416     2.6581      18.19   21.45058  -91.56752    0.00001    0.00030          2  0.000e+00
      17142    714.208     29.908     30.097    29.3705    29.3720   5.993835   5.994237     3.1416     2.6581      18.17   21.45058  -91.56752    0.00005    0.00031          2  0.000e+00
      17143    714.250     29.976     30.165    29.3700    29.3723   5.993787   5.994213     3.1404     2.6581      18.17   21.45058  -91.56752    0.00007    0.00031          2  0.000e+00
      17144    714.292     29.908     30.097    29.3698    29.3721   5.993779   5.994245     3.1404     2.6593      18.17   21.45058  -91.56752    0.00007    0.00034          2  0.000e+00
      17145    714.333     29.908     30.097    29.3698    29.3725   5.993779   5.994261     3.1416     2.6593      18.19   21.45058  -91.56752    0.00011    0.00035          2  0.000e+00
      17146    714.375     29.976     30.165    29.3698    29.3720   5.993779   5.994213     3.1404     2.6593      18.19   21.45058  -91.56752    0.00014    0.00037          2  0.000e+00
      17147    714.417     29.908     30.097    29.3696    29.3725   5.993747   5.994205     3.1404     2.6593      18.17   21.45058  -91.56752    0.00016    0.00039          2  0.000e+00
      17148    714.458     29.922     30.110    29.3694    29.3725   5.993691   5.994213     3.1404     2.6593      18.14   21.45058  -91.56752    0.00017    0.00040          2  0.000e+00
      17149    714.500     29.955     30.144    29.3700    29.3725   5.993755   5.994278     3.1404     2.6593      18.12   21.45058  -91.56752    0.00018    0.00041          2  0.000e+00
      17150    714.542     29.922     30.110    29.3700    29.3725   5.993779   5.994270     3.1404     2.6593      18.14   21.45058  -91.56752    0.00019    0.00040          2  0.000e+00
      17151    714.583     29.908     30.097    29.3698    29.3725   5.993779   5.994213     3.1404     2.6593      18.14   21.45058  -91.56752    0.00020    0.00041          2  0.000e+00
      17152    714.625     29.955     30.144    29.3698    29.3723   5.993747   5.994245     3.1404     2.6593      18.14   21.45058  -91.56752    0.00021    0.00042          2  0.000e+00
      17153    714.667     29.922     30.110    29.3698    29.3726   5.993763   5.994294     3.1404     2.6593      18.14   21.45058  -91.56752    0.00022    0.00042          2  0.000e+00
      17154    714.708     29.955     30.144    29.3698    29.3725   5.993779   5.994261     3.1416     2.6593      18.12   21.45058  -91.56752    0.00023    0.00043          2  0.000e+00
      17155    714.750     29.922     30.110    29.3698    29.3725   5.993819   5.994221     3.1416     2.6593      18.14   21.45058  -91.56752    0.00024    0.00043          2  0.000e+00
      17156    714.792     29.908     30.097    29.3698    29.3725   5.993755   5.994245     3.1416     2.6606      18.14   21.45058  -91.56752    0.00026    0.00046          2  0.000e+00
      17157    714.833     29.922     30.110    29.3698    29.3726   5.993803   5.994253     3.1416     2.6593      18.14   21.45058  -91.56752    0.00027    0.00048          2  0.000e+00
      17158    714.875     29.955     30.144    29.3698    29.3725   5.993787   5.994253     3.1416     2.6593      18.12   21.45058  -91.56752    0.00026    0.00049          2  0.000e+00
      17159    714.917     29.922     30.110    29.3696    29.3725   5.993707   5.994253     3.1416     2.6593      18.12   21.45058  -91.56752    0.00026    0.00050          2  0.000e+00
      17160    714.958     29.908     30.097    29.3696    29.3723   5.993755   5.994221     3.1416     2.6593      18.14   21.45058  -91.56752    0.00027    0.00051          2  0.000e+00
      17161    715.000     29.908     30.097    29.3694    29.3725   5.993739   5.994172     3.1416     2.6593      18.14   21.45058  -91.56752    0.00028    0.00052          2  0.000e+00
      17162    715.042     29.922     30.110    29.3698    29.3723   5.993771   5.994229     3.1429     2.6593      18.14   21.45058  -91.56752    0.00031    0.00053          2  0.000e+00
      17163    715.083     29.908     30.097    29.3698    29.3721   5.993819   5.994221     3.1416     2.6593      18.12   21.45058  -91.56752    0.00030    0.00055          2  0.000e+00
      17164    715.125     29.922     30.110    29.3700    29.3723   5.993835   5.994213     3.1416     2.6593      18.14   21.45058  -91.56752    0.00029    0.00058          2  0.000e+00
      17165    715.167     29.908     30.097    29.3703    29.3723   5.993835   5.994237     3.1416     2.6593      18.14   21.45058  -91.56752    0.00028    0.00060          2  0.000e+00
      17166    715.208     29.922     30.110    29.3704    29.3723   5.993835   5.994253     3.1416     2.6593      18.14   21.45058  -91.56752    0.00028    0.00062          2  0.000e+00
      17167    715.250     29.861     30.049    29.3704    29.3723   5.993763   5.994213     3.1416     2.6606      18.14   21.45058  -91.56752    0.00027    0.00066          2  0.000e+00
      17168    715.292     29.773     29.960    29.3704    29.3723   5.993811   5.994205     3.1404     2.6593      18.14   21.45058  -91.56752    0.00024    0.00068          2  0.000e+00
      17169    715.333     30.010     30.199    29.3705    29.3721   5.993867   5.994213     3.1416     2.6593      18.14   21.45058  -91.56752    0.00023    0.00070          2  0.000e+00
      17170    715.375     29.908     30.097    29.3707    29.3721   5.993915   5.994205     3.1404     2.6593      18.14   21.45058  -91.56752    0.00021    0.00071          2  0.000e+00
      17171    715.417     29.874     30.063    29.3711    29.3720   5.993891   5.994172     3.1404     2.6593      18.14   21.45058  -91.56752    0.00018    0.00073          2  0.000e+00
      17172    715.458     29.908     30.097    29.3711    29.3719   5.993923   5.994197     3.1404     2.6593      18.17   21.45058  -91.56752    0.00015    0.00076          2  0.000e+00
      17173    715.500     29.874     30.063    29.3709    29.3720   5.993891   5.994164     3.1404     2.6581      18.19   21.45058  -91.56752    0.00013    0.00077          2  0.000e+00
      17174    715.542     29.861     30.049    29.3713    29.3717   5.993923   5.994197     3.1404     2.6581      18.17   21.45058  -91.56752    0.00010    0.00079          2  0.000e+00
      17175    715.583     29.874     30.063    29.3713    29.3720   5.993891   5.994132     3.1404     2.6581      18.19   21.45058  -91.56752    0.00008    0.00080          2  0.000e+00
      17176    715.625     29.861     30.049    29.3713    29.3717   5.993955   5.994148     3.1404     2.6581      18.19   21.45058  -91.56752    0.00005    0.00082          2  0.000e+00
      17177    715.667     29.861     30.049    29.3713    29.3718   5.993947   5.994197     3.1404     2.6581      18.19   21.45058  -91.56752    0.00002    0.00083          2  0.000e+00
      17178    715.708     29.874     30.063    29.3715    29.3721   5.994003   5.994205     3.1392     2.6581      18.19   21.45058  -91.56752   -0.00002    0.00084          2  0.000e+00
      17179    715.750     29.861     30.049    29.3713    29.3718   5.993955   5.994205     3.1392     2.6581      18.19   21.45058  -91.56752   -0.00006    0.00085          2  0.000e+00
      17180    715.792     29.874     30.063    29.3716    29.3717   5.993931   5.994172     3.1392     2.6581      18.19   21.45058  -91.56752   -0.00011    0.00086          2  0.000e+00
      17181    715.833     29.813     30.001    29.3715    29.3720   5.993963   5.994188     3.1392     2.6581      18.19   21.45058  -91.56752   -0.00015    0.00088          2  0.000e+00
      17182    715.875     29.827     30.015    29.3715    29.3717   5.993907   5.994172     3.1392     2.6593      18.17   21.45058  -91.56752   -0.00019    0.00090          2  0.000e+00
      17183    715.917     29.813     30.001    29.3716    29.3718   5.993915   5.994156     3.1392     2.6593      18.19   21.45058  -91.56752   -0.00023    0.00093          2  0.000e+00
      17184    715.958     29.874     30.063    29.3713    29.3719   5.993931   5.994156     3.1392     2.6593      18.17   21.45058  -91.56752   -0.00028    0.00096          2  0.000e+00
      17185    716.000     29.813     30.001    29.3715    29.3720   5.993963   5.994164     3.1392     2.6593      18.17   21.45058  -91.56752   -0.00032    0.00099          2  0.000e+00
      17186    716.042     29.861     30.049    29.3715    29.3717   5.993939   5.994188     3.1392     2.6593      18.19   21.45058  -91.56752   -0.00036    0.00101          2  0.000e+00
