Gulf of Mexico/GOMECC-4/1db/rb2103_0941.ros
* Sea-Bird SBE 9 Data File:
* FileName = C:\Users\scs.user.rb\CTD\GOMECC4\data\rb2103_0941.hex
* Software Version Seasave V 7.26.7.107
* Temperature SN = 4799
* Conductivity SN = 3860
* Number of Bytes Per Scan = 41
* Number of Voltage Words = 4
* Number of Scans Averaged by the Deck Unit = 1
* NMEA Latitude = 21 42.03 N
* NMEA Longitude = 089 40.01 W
* NMEA UTC (Time) = Oct 10 2021  22:28:41
* NMEA baud rate = 4800
# nquan = 17
# nvalues = 1197                                  
# units = specified
# name 0 = scan: Scan Count
# name 1 = timeS: Time, Elapsed [seconds]
# name 2 = depSM: Depth [salt water, m]
# name 3 = prDM: Pressure, Digiquartz [db]
# name 4 = t090C: Temperature [ITS-90, deg C]
# name 5 = t190C: Temperature, 2 [ITS-90, deg C]
# name 6 = c0S/m: Conductivity [S/m]
# name 7 = c1S/m: Conductivity, 2 [S/m]
# name 8 = sbeox0V: Oxygen raw, SBE 43 [V]
# name 9 = sbeox1V: Oxygen raw, SBE 43, 2 [V]
# name 10 = altM: Altimeter [m]
# name 11 = latitude: Latitude [deg]
# name 12 = longitude: Longitude [deg]
# name 13 = sbox0dV/dT: Oxygen, SBE 43 [dov/dt]
# name 14 = sbox1dV/dT: Oxygen, SBE 43, 2 [dov/dt]
# name 15 = nbf: Bottles Fired
# name 16 = flag:  0.000e+00
# interval = seconds: 0.0416667
# start_time = Oct 10 2021 22:28:41 [NMEA time, header]
# bad_flag = -9.990e-29
*END*
[from data line 341]
      23223    967.583     22.008     22.147    27.7918    27.7927   5.813240   5.813436     3.1441     2.6667       7.37   21.70052  -89.66700    0.00068   -0.00026          3  0.000e+00
      23224    967.625     21.968     22.106    27.7927    27.7914   5.813240   5.813388     3.1441     2.6667       7.40   21.70052  -89.66700    0.00073   -0.00025          3  0.000e+00
      23225    967.667     21.961     22.100    27.7944    27.7910   5.813343   5.813307     3.1441     2.6679       7.37   21.70052  -89.66700    0.00079   -0.00022          3  0.000e+00
      23226    967.708     21.968     22.106    27.7958    27.7909   5.813453   5.813340     3.1441     2.6679       7.37   21.70052  -89.66700    0.00084   -0.00019          3  0.000e+00
      23227    967.750     21.968     22.106    27.7969    27.7914   5.813548   5.813444     3.1441     2.6679       7.37   21.70052  -89.66700    0.00092   -0.00017          3  0.000e+00
      23228    967.792     22.008     22.147    27.7968    27.7920   5.813603   5.813580     3.1441     2.6679       7.37   21.70052  -89.66700    0.00097   -0.00014          3  0.000e+00
      23229    967.833     22.022     22.161    27.7960    27.7935   5.813579   5.813764     3.1429     2.6679       7.37   21.70052  -89.66700    0.00102   -0.00013          3  0.000e+00
      23230    967.875     21.914     22.052    27.7979    27.7947   5.813714   5.813836     3.1441     2.6691       7.37   21.70052  -89.66700    0.00109   -0.00008          3  0.000e+00
      23231    967.917     22.022     22.161    27.7993    27.7955   5.813801   5.813780     3.1441     2.6691       7.37   21.70052  -89.66700    0.00116   -0.00004          3  0.000e+00
      23232    967.958     21.968     22.106    27.7988    27.7944   5.813840   5.813692     3.1441     2.6691       7.37   21.70052  -89.66700    0.00123    0.00001          3  0.000e+00
      23233    968.000     21.961     22.100    27.7977    27.7945   5.813895   5.813700     3.1441     2.6691       7.37   21.70052  -89.66700    0.00129    0.00005          3  0.000e+00
      23234    968.042     22.022     22.161    27.7966    27.7945   5.813832   5.813628     3.1441     2.6691       7.40   21.70052  -89.66700    0.00136    0.00008          3  0.000e+00
      23235    968.083     22.008     22.147    27.7958    27.7952   5.813809   5.813652     3.1441     2.6691       7.37   21.70052  -89.66700    0.00143    0.00013          3  0.000e+00
      23236    968.125     21.968     22.106    27.7962    27.7955   5.813809   5.813740     3.1441     2.6691       7.37   21.70052  -89.66700    0.00151    0.00017          3  0.000e+00
      23237    968.167     21.873     22.011    27.7975    27.7958   5.813951   5.813860     3.1441     2.6691       7.37   21.70052  -89.66700    0.00159    0.00022          3  0.000e+00
      23238    968.208     22.110     22.249    27.7988    27.7963   5.814038   5.813932     3.1441     2.6691       7.37   21.70052  -89.66700    0.00166    0.00026          3  0.000e+00
      23239    968.250     21.968     22.106    27.8004    27.7968   5.814014   5.813980     3.1441     2.6691       7.40   21.70052  -89.66700    0.00172    0.00029          3  0.000e+00
      23240    968.292     22.008     22.147    27.8006    27.7962   5.814006   5.813820     3.1441     2.6691       7.37   21.70052  -89.66700    0.00178    0.00034          3  0.000e+00
      23241    968.333     21.968     22.106    27.8006    27.7954   5.814077   5.813604     3.1441     2.6691       7.40   21.70052  -89.66700    0.00183    0.00038          3  0.000e+00
      23242    968.375     22.008     22.147    27.8010    27.7938   5.814132   5.813492     3.1441     2.6691       7.40   21.70052  -89.66700    0.00189    0.00043          3  0.000e+00
      23243    968.417     21.968     22.106    27.8002    27.7931   5.814109   5.813404     3.1441     2.6691       7.37   21.70052  -89.66700    0.00193    0.00047          3  0.000e+00
      23244    968.458     21.968     22.106    27.8008    27.7920   5.814172   5.813267     3.1441     2.6691       7.37   21.70052  -89.66700    0.00197    0.00052          3  0.000e+00
      23245    968.500     22.008     22.147    27.8010    27.7909   5.814196   5.813083     3.1441     2.6691       7.37   21.70052  -89.66700    0.00201    0.00056          3  0.000e+00
      23246    968.542     21.968     22.106    27.8008    27.7894   5.814196   5.812971     3.1441     2.6691       7.37   21.70052  -89.66700    0.00205    0.00059          3  0.000e+00
      23247    968.583     22.008     22.147    27.7999    27.7883   5.814196   5.812955     3.1441     2.6691       7.37   21.70052  -89.66700    0.00209    0.00062          3  0.000e+00
      23248    968.625     21.968     22.106    27.8000    27.7877   5.814196   5.812867     3.1441     2.6691       7.37   21.70052  -89.66700    0.00211    0.00064          3  0.000e+00
      23249    968.667     22.022     22.161    27.8023    27.7868   5.814227   5.812891     3.1441     2.6691       7.37   21.70052  -89.66700    0.00213    0.00067          3  0.000e+00
      23250    968.708     21.961     22.100    27.8042    27.7866   5.814346   5.812867     3.1441     2.6691       7.37   21.70052  -89.66700    0.00215    0.00068          3  0.000e+00
      23251    968.750     22.022     22.161    27.8048    27.7866   5.814346   5.812883     3.1429     2.6679       7.37   21.70052  -89.66700    0.00214    0.00067          3  0.000e+00
      23252    968.792     21.961     22.100    27.8043    27.7862   5.814267   5.812867     3.1429     2.6691       7.37   21.70052  -89.66700    0.00212    0.00069          3  0.000e+00
      23253    968.833     22.022     22.161    27.8019    27.7868   5.814203   5.812859     3.1429     2.6691       7.37   21.70052  -89.66700    0.00210    0.00068          3  0.000e+00
      23254    968.875     21.968     22.106    27.8013    27.7872   5.814196   5.812891     3.1429     2.6679       7.37   21.70052  -89.66700    0.00208    0.00065          3  0.000e+00
      23255    968.917     22.063     22.202    27.8017    27.7873   5.814196   5.812891     3.1429     2.6691       7.37   21.70052  -89.66700    0.00205    0.00064          3  0.000e+00
      23256    968.958     21.920     22.059    27.8011    27.7877   5.814195   5.813011     3.1429     2.6679       7.37   21.70052  -89.66700    0.00201    0.00059          3  0.000e+00
      23257    969.000     22.008     22.147    27.7992    27.7883   5.814124   5.813051     3.1429     2.6679       7.37   21.70052  -89.66700    0.00198    0.00057          3  0.000e+00
      23258    969.042     22.022     22.161    27.7982    27.7888   5.814061   5.813147     3.1416     2.6679       7.37   21.70052  -89.66700    0.00193    0.00056          3  0.000e+00
      23259    969.083     21.961     22.100    27.7995    27.7895   5.814085   5.813179     3.1416     2.6679       7.37   21.70052  -89.66700    0.00189    0.00053          3  0.000e+00
      23260    969.125     22.022     22.161    27.8004    27.7905   5.814061   5.813259     3.1416     2.6679       7.37   21.70052  -89.66700    0.00184    0.00049          3  0.000e+00
      23261    969.167     21.968     22.106    27.8011    27.7912   5.814124   5.813283     3.1416     2.6667       7.37   21.70052  -89.66700    0.00179    0.00044          3  0.000e+00
      23262    969.208     22.008     22.147    27.8006    27.7910   5.814109   5.813235     3.1416     2.6679       7.37   21.70052  -89.66700    0.00174    0.00041          3  0.000e+00
      23263    969.250     21.968     22.106    27.8002    27.7905   5.814061   5.813155     3.1416     2.6667       7.37   21.70052  -89.66700    0.00168    0.00039          3  0.000e+00
      23264    969.292     22.008     22.147    27.7997    27.7905   5.814124   5.813171     3.1416     2.6679       7.37   21.70052  -89.66700    0.00163    0.00037          3  0.000e+00
      23265    969.333     21.968     22.106    27.8004    27.7904   5.814148   5.813243     3.1416     2.6667       7.37   21.70052  -89.66700    0.00156    0.00032          3  0.000e+00
      23266    969.375     22.022     22.161    27.8019    27.7907   5.814180   5.813275     3.1416     2.6654       7.37   21.70052  -89.66700    0.00148    0.00026          3  0.000e+00
      23267    969.417     22.008     22.147    27.8021    27.7907   5.814196   5.813356     3.1416     2.6679       7.37   21.70052  -89.66700    0.00141    0.00025          3  0.000e+00
      23268    969.458     21.968     22.106    27.8015    27.7910   5.814195   5.813380     3.1416     2.6667       7.37   21.70052  -89.66700    0.00133    0.00019          3  0.000e+00
      23269    969.500     21.961     22.100    27.8002    27.7908   5.814196   5.813291     3.1416     2.6654       7.37   21.70052  -89.66700    0.00126    0.00012          3  0.000e+00
      23270    969.542     22.022     22.161    27.7995    27.7909   5.814196   5.813316     3.1404     2.6679       7.37   21.70052  -89.66700    0.00116    0.00012          3  0.000e+00
      23271    969.583     21.968     22.106    27.7993    27.7905   5.814227   5.813332     3.1404     2.6667       7.35   21.70052  -89.66700    0.00106    0.00007          3  0.000e+00
      23272    969.625     22.008     22.147    27.7984    27.7911   5.814275   5.813436     3.1416     2.6667       7.35   21.70052  -89.66700    0.00098    0.00003          3  0.000e+00
      23273    969.667     22.022     22.161    27.7982    27.7922   5.814219   5.813532     3.1416     2.6667       7.37   21.70052  -89.66700    0.00092   -0.00000          3  0.000e+00
      23274    969.708     22.008     22.147    27.7999    27.7931   5.814196   5.813564     3.1404     2.6654       7.37   21.70052  -89.66700    0.00081   -0.00006          3  0.000e+00
      23275    969.750     21.968     22.106    27.8013    27.7935   5.814196   5.813604     3.1416     2.6679       7.35   21.70052  -89.66700    0.00075   -0.00006          3  0.000e+00
      23276    969.792     21.968     22.106    27.8013    27.7940   5.814227   5.813676     3.1416     2.6667       7.37   21.70052  -89.66700    0.00066   -0.00009          3  0.000e+00
      23277    969.833     22.008     22.147    27.8019    27.7940   5.814203   5.813676     3.1416     2.6679       7.37   21.70052  -89.66700    0.00057   -0.00009          3  0.000e+00
      23278    969.875     22.022     22.161    27.8017    27.7944   5.814267   5.813628     3.1416     2.6667       7.37   21.70052  -89.66700    0.00050   -0.00013          3  0.000e+00
      23279    969.917     21.961     22.100    27.8016    27.7939   5.814290   5.813620     3.1404     2.6667       7.35   21.70052  -89.66700    0.00041   -0.00017          3  0.000e+00
      23280    969.958     22.022     22.161    27.8013    27.7935   5.814251   5.813532     3.1416     2.6679       7.35   21.70052  -89.66700    0.00034   -0.00017          3  0.000e+00
      25791   1074.583     10.318     10.383    28.8253    28.8279   5.926966   5.927483     3.1917     2.7131      18.85   21.70052  -89.66702    0.00059   -0.00042          4  0.000e+00
      25792   1074.625     10.271     10.335    28.8256    28.8277   5.926966   5.927467     3.1917     2.7131      18.85   21.70052  -89.66702    0.00052   -0.00035          4  0.000e+00
      25793   1074.667     10.122     10.185    28.8246    28.8277   5.926886   5.927491     3.1917     2.7131      18.88   21.70052  -89.66702    0.00045   -0.00027          4  0.000e+00
      25794   1074.708     10.169     10.233    28.8236    28.8274   5.926863   5.927467     3.1905     2.7131      18.85   21.70052  -89.66702    0.00038   -0.00020          4  0.000e+00
      25795   1074.750     10.216     10.281    28.8235    28.8274   5.926894   5.927418     3.1905     2.7131      18.88   21.70052  -89.66702    0.00031   -0.00012          4  0.000e+00
      25796   1074.792     10.169     10.233    28.8242    28.8270   5.926966   5.927410     3.1917     2.7143      18.88   21.70052  -89.66702    0.00026   -0.00002          4  0.000e+00
      25797   1074.833     10.169     10.233    28.8248    28.8270   5.926966   5.927410     3.1917     2.7143      18.85   21.70052  -89.66702    0.00021    0.00007          4  0.000e+00
      25798   1074.875     10.122     10.185    28.8246    28.8268   5.926886   5.927410     3.1917     2.7143      18.85   21.70052  -89.66702    0.00016    0.00017          4  0.000e+00
      25799   1074.917     10.216     10.281    28.8243    28.8268   5.926863   5.927338     3.1917     2.7143      18.88   21.70052  -89.66702    0.00011    0.00026          4  0.000e+00
      25800   1074.958     10.169     10.233    28.8240    28.8268   5.926815   5.927346     3.1917     2.7143      18.88   21.70052  -89.66702    0.00006    0.00036          4  0.000e+00
      25801   1075.000     10.169     10.233    28.8234    28.8263   5.926767   5.927362     3.1917     2.7143      18.88   21.70052  -89.66702    0.00000    0.00046          4  0.000e+00
      25802   1075.042     10.169     10.233    28.8236    28.8264   5.926719   5.927321     3.1917     2.7143      18.88   21.70052  -89.66702   -0.00005    0.00055          4  0.000e+00
      25803   1075.083     10.169     10.233    28.8240    28.8264   5.926783   5.927346     3.1917     2.7155      18.88   21.70052  -89.66702   -0.00008    0.00067          4  0.000e+00
      25804   1075.125     10.216     10.281    28.8238    28.8264   5.926727   5.927289     3.1917     2.7143      18.88   21.70052  -89.66702   -0.00011    0.00075          4  0.000e+00
      25805   1075.167     10.169     10.233    28.8225    28.8266   5.926703   5.927297     3.1929     2.7143      18.88   21.70052  -89.66702   -0.00013    0.00083          4  0.000e+00
      25806   1075.208     10.169     10.233    28.8215    28.8264   5.926640   5.927346     3.1917     2.7155      18.88   21.70052  -89.66702   -0.00016    0.00093          4  0.000e+00
      25807   1075.250     10.169     10.233    28.8212    28.8268   5.926648   5.927362     3.1929     2.7155      18.88   21.70052  -89.66702   -0.00018    0.00102          4  0.000e+00
      25808   1075.292     10.169     10.233    28.8216    28.8268   5.926695   5.927394     3.1917     2.7155      18.88   21.70052  -89.66702   -0.00021    0.00110          4  0.000e+00
      25809   1075.333     10.169     10.233    28.8215    28.8268   5.926663   5.927370     3.1929     2.7155      18.88   21.70052  -89.66702   -0.00021    0.00120          4  0.000e+00
      25810   1075.375     10.169     10.233    28.8214    28.8272   5.926624   5.927362     3.1917     2.7155      18.88   21.70052  -89.66702   -0.00024    0.00127          4  0.000e+00
      25811   1075.417     10.169     10.233    28.8215    28.8272   5.926616   5.927321     3.1929     2.7155      18.88   21.70052  -89.66702   -0.00025    0.00137          4  0.000e+00
      25812   1075.458     10.169     10.233    28.8216    28.8272   5.926648   5.927346     3.1929     2.7155      18.88   21.70052  -89.66702   -0.00025    0.00146          4  0.000e+00
      25813   1075.500     10.216     10.281    28.8217    28.8272   5.926616   5.927394     3.1917     2.7167      18.85   21.70052  -89.66702   -0.00028    0.00156          4  0.000e+00
      25814   1075.542     10.122     10.185    28.8214    28.8272   5.926536   5.927362     3.1917     2.7155      18.85   21.70052  -89.66702   -0.00031    0.00163          4  0.000e+00
      25815   1075.583     10.169     10.233    28.8216    28.8276   5.926480   5.927426     3.1929     2.7155      18.85   21.70052  -89.66702   -0.00032    0.00171          4  0.000e+00
      25816   1075.625     10.169     10.233    28.8215    28.8274   5.926472   5.927418     3.1929     2.7143      18.85   21.70052  -89.66702   -0.00034    0.00176          4  0.000e+00
