Gulf of Mexico/GOMECC-4/1db/rb2103_0141.ros
* Sea-Bird SBE 9 Data File:
* FileName = C:\Users\scs.user.rb\CTD\GOMECC4\data\rb2103_0141.hex
* Software Version Seasave V 7.26.7.107
* Temperature SN = 4799
* Conductivity SN = 3860
* Number of Bytes Per Scan = 41
* Number of Voltage Words = 4
* Number of Scans Averaged by the Deck Unit = 1
* NMEA Latitude = 27 06.71 N
* NMEA Longitude = 084 20.03 W
* NMEA UTC (Time) = Sep 18 2021  23:46:35
* NMEA baud rate = 4800
# nquan = 17
# nvalues = 1729                                  
# units = specified
# name 0 = scan: Scan Count
# name 1 = timeS: Time, Elapsed [seconds]
# name 2 = depSM: Depth [salt water, m]
# name 3 = prDM: Pressure, Digiquartz [db]
# name 4 = t090C: Temperature [ITS-90, deg C]
# name 5 = t190C: Temperature, 2 [ITS-90, deg C]
# name 6 = c0S/m: Conductivity [S/m]
# name 7 = c1S/m: Conductivity, 2 [S/m]
# name 8 = sbeox0V: Oxygen raw, SBE 43 [V]
# name 9 = sbeox1V: Oxygen raw, SBE 43, 2 [V]
# name 10 = altM: Altimeter [m]
# name 11 = latitude: Latitude [deg]
# name 12 = longitude: Longitude [deg]
# name 13 = sbox0dV/dT: Oxygen, SBE 43 [dov/dt]
# name 14 = sbox1dV/dT: Oxygen, SBE 43, 2 [dov/dt]
# name 15 = nbf: Bottles Fired
# name 16 = flag:  0.000e+00
# interval = seconds: 0.0416667
# start_time = Sep 18 2021 23:46:35 [NMEA time, header]
# bad_flag = -9.990e-29
*END*
      17389    724.500    124.798    125.663    16.7031    16.6556   4.603622   4.598235     1.8523     1.5348      10.11   27.11204  -84.33326    0.00043    0.00007          1  0.000e+00
      17390    724.542    124.011    124.871    16.7017    16.6551   4.603242   4.598256     1.8523     1.5348      10.11   27.11204  -84.33326    0.00044    0.00008          1  0.000e+00
      17391    724.583    124.352    125.214    16.6978    16.6549   4.603063   4.598205     1.8535     1.5348      10.11   27.11204  -84.33326    0.00046    0.00009          1  0.000e+00
      17392    724.625    124.291    125.153    16.6963    16.6553   4.603199   4.598234     1.8523     1.5348      10.11   27.11204  -84.33326    0.00046    0.00010          1  0.000e+00
      17393    724.667    124.457    125.320    16.6984    16.6555   4.603400   4.598205     1.8535     1.5348      10.11   27.11204  -84.33326    0.00048    0.00010          1  0.000e+00
      17394    724.708    124.352    125.214    16.7009    16.6553   4.603529   4.598213     1.8523     1.5348      10.11   27.11204  -84.33326    0.00048    0.00009          1  0.000e+00
      17395    724.750    124.405    125.267    16.7019    16.6549   4.603615   4.598256     1.8523     1.5348      10.11   27.11204  -84.33326    0.00048    0.00009          1  0.000e+00
      17396    724.792    124.352    125.214    16.7028    16.6546   4.603665   4.598205     1.8523     1.5348      10.09   27.11204  -84.33326    0.00048    0.00008          1  0.000e+00
      17397    724.833    124.405    125.267    16.7029    16.6546   4.603572   4.598234     1.8523     1.5348      10.11   27.11204  -84.33326    0.00048    0.00008          1  0.000e+00
      17398    724.875    124.291    125.153    16.7012    16.6549   4.603285   4.598408     1.8523     1.5348      10.11   27.11204  -84.33326    0.00048    0.00007          1  0.000e+00
      17399    724.917    124.404    125.267    16.6997    16.6579   4.603235   4.599192     1.8535     1.5348      10.11   27.11204  -84.33326    0.00049    0.00008          1  0.000e+00
      17400    724.958    124.352    125.214    16.6998    16.6666   4.603185   4.600229     1.8535     1.5348      10.11   27.11204  -84.33326    0.00050    0.00009          1  0.000e+00
      17401    725.000    124.352    125.214    16.6992    16.6764   4.603113   4.600904     1.8535     1.5348      10.09   27.11204  -84.33326    0.00052    0.00010          1  0.000e+00
      17402    725.042    124.352    125.214    16.6983    16.6872   4.603092   4.601332     1.8535     1.5348      10.11   27.11204  -84.33326    0.00053    0.00011          1  0.000e+00
      17403    725.083    124.352    125.214    16.6976    16.6881   4.602970   4.601346     1.8535     1.5348      10.09   27.11204  -84.33326    0.00054    0.00013          1  0.000e+00
      17404    725.125    124.352    125.214    16.6984    16.6864   4.602934   4.600991     1.8535     1.5348      10.11   27.11204  -84.33326    0.00055    0.00014          1  0.000e+00
      17405    725.167    124.352    125.214    16.6993    16.6836   4.602970   4.600650     1.8535     1.5348      10.09   27.11204  -84.33326    0.00057    0.00013          1  0.000e+00
      17406    725.208    124.352    125.214    16.6995    16.6803   4.602941   4.600425     1.8535     1.5348      10.09   27.11204  -84.33326    0.00060    0.00012          1  0.000e+00
      17407    725.250    124.291    125.153    16.6988    16.6764   4.602841   4.600381     1.8535     1.5348      10.09   27.11204  -84.33326    0.00062    0.00013          1  0.000e+00
      17408    725.292    124.352    125.214    16.6968    16.6755   4.602641   4.600432     1.8535     1.5348      10.09   27.11204  -84.33326    0.00063    0.00012          1  0.000e+00
      17409    725.333    124.291    125.153    16.6945    16.6767   4.602433   4.600454     1.8535     1.5348      10.09   27.11204  -84.33326    0.00063    0.00012          1  0.000e+00
      17410    725.375    124.352    125.214    16.6922    16.6785   4.602297   4.600425     1.8535     1.5348      10.09   27.11204  -84.33326    0.00064    0.00011          1  0.000e+00
      17411    725.417    124.291    125.153    16.6914    16.6786   4.602268   4.600389     1.8535     1.5348      10.09   27.11204  -84.33326    0.00064    0.00010          1  0.000e+00
      17412    725.458    124.352    125.214    16.6928    16.6774   4.602268   4.600345     1.8535     1.5348      10.09   27.11204  -84.33326    0.00066    0.00011          1  0.000e+00
      17413    725.500    124.238    125.099    16.6954    16.6757   4.602268   4.600454     1.8535     1.5348      10.09   27.11204  -84.33326    0.00068    0.00010          1  0.000e+00
      17414    725.542    124.352    125.214    16.6945    16.6752   4.602326   4.600585     1.8535     1.5348      10.11   27.11204  -84.33326    0.00070    0.00009          1  0.000e+00
      17415    725.583    124.291    125.153    16.6947    16.6772   4.602369   4.600701     1.8547     1.5348      10.09   27.11204  -84.33326    0.00073    0.00010          1  0.000e+00
      17416    725.625    124.291    125.153    16.6947    16.6780   4.602383   4.600751     1.8535     1.5348      10.09   27.11204  -84.33326    0.00075    0.00011          1  0.000e+00
      17417    725.667    124.291    125.153    16.6944    16.6809   4.602297   4.600737     1.8535     1.5348      10.09   27.11204  -84.33326    0.00077    0.00011          1  0.000e+00
      17418    725.708    124.291    125.153    16.6939    16.6833   4.602204   4.600759     1.8535     1.5348      10.09   27.11204  -84.33326    0.00078    0.00012          1  0.000e+00
      17419    725.750    124.291    125.153    16.6920    16.6829   4.602190   4.600824     1.8535     1.5348      10.09   27.11204  -84.33326    0.00080    0.00013          1  0.000e+00
      17420    725.792    124.291    125.153    16.6903    16.6810   4.602190   4.600846     1.8535     1.5348      10.09   27.11204  -84.33326    0.00081    0.00014          1  0.000e+00
      17421    725.833    124.238    125.099    16.6899    16.6814   4.602039   4.600788     1.8535     1.5348      10.09   27.11204  -84.33326    0.00080    0.00015          1  0.000e+00
      17422    725.875    124.291    125.153    16.6893    16.6807   4.601903   4.600708     1.8547     1.5348      10.09   27.11204  -84.33326    0.00082    0.00015          1  0.000e+00
      17423    725.917    124.238    125.099    16.6879    16.6786   4.601760   4.600693     1.8547     1.5348      10.09   27.11204  -84.33326    0.00083    0.00016          1  0.000e+00
      17424    725.958    124.291    125.153    16.6872    16.6788   4.601660   4.600657     1.8547     1.5348      10.09   27.11204  -84.33326    0.00085    0.00015          1  0.000e+00
      17425    726.000    124.238    125.099    16.6865    16.6805   4.601610   4.600737     1.8547     1.5348      10.09   27.11204  -84.33326    0.00088    0.00016          1  0.000e+00
      17426    726.042    124.291    125.153    16.6845    16.6811   4.601574   4.600918     1.8535     1.5336      10.11   27.11204  -84.33326    0.00089    0.00013          1  0.000e+00
      17427    726.083    124.238    125.099    16.6846    16.6841   4.601588   4.601107     1.8535     1.5348      10.09   27.11204  -84.33326    0.00089    0.00012          1  0.000e+00
      17428    726.125    124.238    125.099    16.6850    16.6884   4.601624   4.601157     1.8535     1.5348      10.09   27.11204  -84.33326    0.00090    0.00013          1  0.000e+00
      17429    726.167    124.291    125.153    16.6858    16.6891   4.601696   4.601186     1.8535     1.5348      10.16   27.11204  -84.33326    0.00090    0.00014          1  0.000e+00
      17430    726.208    124.238    125.099    16.6855    16.6872   4.601782   4.601223     1.8535     1.5348      10.16   27.11204  -84.33326    0.00091    0.00015          1  0.000e+00
      17431    726.250    124.238    125.099    16.6851    16.6860   4.601796   4.601237     1.8547     1.5348      10.18   27.11204  -84.33326    0.00093    0.00015          1  0.000e+00
      17432    726.292    124.238    125.099    16.6856    16.6848   4.601825   4.601353     1.8547     1.5348      10.18   27.11204  -84.33326    0.00095    0.00016          1  0.000e+00
      17433    726.333    124.238    125.099    16.6865    16.6855   4.601839   4.601419     1.8547     1.5348      10.18   27.11204  -84.33326    0.00097    0.00017          1  0.000e+00
      17434    726.375    124.238    125.099    16.6877    16.6855   4.601860   4.601404     1.8547     1.5348      10.18   27.11204  -84.33326    0.00098    0.00018          1  0.000e+00
      17435    726.417    124.238    125.099    16.6882    16.6873   4.601932   4.601310     1.8547     1.5336      10.18   27.11204  -84.33326    0.00100    0.00017          1  0.000e+00
      17436    726.458    124.238    125.099    16.6898    16.6895   4.601953   4.601186     1.8547     1.5348      10.18   27.11204  -84.33326    0.00102    0.00017          1  0.000e+00
      17437    726.500    124.238    125.099    16.6908    16.6924   4.602068   4.601128     1.8547     1.5348      10.16   27.11204  -84.33326    0.00103    0.00018          1  0.000e+00
      17438    726.542    124.238    125.099    16.6914    16.6956   4.602132   4.601179     1.8547     1.5348      10.18   27.11204  -84.33326    0.00104    0.00019          1  0.000e+00
      17439    726.583    124.117    124.977    16.6909    16.6925   4.602175   4.601165     1.8547     1.5348      10.18   27.11204  -84.33326    0.00106    0.00018          1  0.000e+00
      17440    726.625    124.351    125.214    16.6910    16.6881   4.602218   4.601099     1.8547     1.5348      10.18   27.11204  -84.33326    0.00107    0.00019          1  0.000e+00
      17441    726.667    124.238    125.099    16.6923    16.6874   4.602254   4.600962     1.8547     1.5348      10.16   27.11204  -84.33326    0.00106    0.00018          1  0.000e+00
      17442    726.708    124.238    125.099    16.6932    16.6857   4.602290   4.600925     1.8547     1.5348      10.18   27.11204  -84.33326    0.00107    0.00016          1  0.000e+00
      17443    726.750    124.238    125.099    16.6932    16.6817   4.602276   4.600954     1.8547     1.5348      10.18   27.11204  -84.33326    0.00108    0.00017          1  0.000e+00
      17444    726.792    124.238    125.099    16.6906    16.6793   4.602268   4.600969     1.8547     1.5348      10.18   27.11204  -84.33326    0.00108    0.00018          1  0.000e+00
      17445    726.833    124.238    125.099    16.6877    16.6776   4.602125   4.600969     1.8547     1.5348      10.18   27.11204  -84.33326    0.00109    0.00017          1  0.000e+00
      17446    726.875    124.238    125.099    16.6867    16.6757   4.602075   4.600991     1.8559     1.5348      10.18   27.11204  -84.33326    0.00111    0.00017          1  0.000e+00
      17447    726.917    124.238    125.099    16.6872    16.6771   4.602075   4.601063     1.8547     1.5348      10.18   27.11204  -84.33326    0.00112    0.00018          1  0.000e+00
      17448    726.958    124.238    125.099    16.6891    16.6833   4.602182   4.601107     1.8547     1.5348      10.18   27.11204  -84.33326    0.00112    0.00019          1  0.000e+00
      17449    727.000    124.238    125.099    16.6904    16.6862   4.602225   4.601143     1.8547     1.5348      10.18   27.11204  -84.33326    0.00112    0.00017          1  0.000e+00
      17450    727.042    124.291    125.153    16.6922    16.6855   4.602340   4.601129     1.8547     1.5348      10.18   27.11204  -84.33326    0.00112    0.00018          1  0.000e+00
      17451    727.083    124.177    125.038    16.6925    16.6857   4.602383   4.601121     1.8547     1.5336      10.18   27.11204  -84.33326    0.00114    0.00017          1  0.000e+00
      17452    727.125    124.291    125.153    16.6926    16.6876   4.602476   4.601056     1.8547     1.5336      10.18   27.11204  -84.33326    0.00112    0.00016          1  0.000e+00
      17453    727.167    124.238    125.099    16.6928    16.6869   4.602469   4.600889     1.8547     1.5348      10.21   27.11204  -84.33326    0.00111    0.00016          1  0.000e+00
      17454    727.208    124.238    125.099    16.6933    16.6857   4.602440   4.600693     1.8547     1.5348      10.26   27.11204  -84.33326    0.00111    0.00015          1  0.000e+00
      17455    727.250    124.291    125.153    16.6923    16.6831   4.602483   4.600592     1.8547     1.5336      10.23   27.11204  -84.33326    0.00110    0.00012          1  0.000e+00
      17456    727.292    124.238    125.099    16.6916    16.6797   4.602505   4.600664     1.8559     1.5348      10.23   27.11204  -84.33326    0.00112    0.00013          1  0.000e+00
      17457    727.333    124.238    125.099    16.6922    16.6767   4.602505   4.600751     1.8559     1.5348      10.23   27.11204  -84.33326    0.00113    0.00012          1  0.000e+00
      17458    727.375    124.291    125.152    16.6928    16.6759   4.602505   4.600795     1.8547     1.5336      10.23   27.11204  -84.33326    0.00112    0.00009          1  0.000e+00
      17459    727.417    124.291    125.152    16.6925    16.6779   4.602505   4.600744     1.8547     1.5336      10.23   27.11204  -84.33326    0.00111    0.00006          1  0.000e+00
      17460    727.458    124.238    125.099    16.6909    16.6812   4.602354   4.600700     1.8535     1.5336      10.23   27.11204  -84.33326    0.00108    0.00003          1  0.000e+00
      17461    727.500    124.291    125.152    16.6901    16.6819   4.602182   4.600570     1.8547     1.5336      10.23   27.11204  -84.33326    0.00107    0.00000          1  0.000e+00
      17462    727.542    124.238    125.099    16.6880    16.6802   4.602061   4.600468     1.8547     1.5336      10.23   27.11204  -84.33326    0.00105   -0.00003          1  0.000e+00
      17463    727.583    124.291    125.152    16.6862    16.6785   4.601910   4.600570     1.8547     1.5336      10.23   27.11204  -84.33326    0.00104   -0.00006          1  0.000e+00
      17464    727.625    124.291    125.152    16.6851    16.6779   4.601875   4.600759     1.8547     1.5336      10.23   27.11204  -84.33326    0.00102   -0.00008          1  0.000e+00
      17465    727.667    124.291    125.152    16.6856    16.6783   4.601903   4.600809     1.8547     1.5336      10.23   27.11204  -84.33326    0.00101   -0.00011          1  0.000e+00
      17466    727.708    124.291    125.152    16.6863    16.6793   4.601882   4.600831     1.8547     1.5336      10.23   27.11204  -84.33326    0.00099   -0.00014          1  0.000e+00
      17467    727.750    124.351    125.213    16.6862    16.6800   4.601875   4.600730     1.8547     1.5336      10.23   27.11204  -84.33326    0.00097   -0.00017          1  0.000e+00
      17468    727.792    124.291    125.152    16.6851    16.6786   4.601789   4.600570     1.8535     1.5336      10.23   27.11204  -84.33326    0.00094   -0.00018          1  0.000e+00
      17469    727.833    124.291    125.152    16.6862    16.6774   4.601724   4.600505     1.8535     1.5336      10.23   27.11204  -84.33326    0.00090   -0.00019          1  0.000e+00
      17470    727.875    124.291    125.152    16.6860    16.6764   4.601688   4.600432     1.8535     1.5336      10.23   27.11204  -84.33326    0.00088   -0.00021          1  0.000e+00
      17471    727.917    124.351    125.213    16.6867    16.6749   4.601767   4.600381     1.8535     1.5336      10.23   27.11204  -84.33326    0.00084   -0.00023          1  0.000e+00
      17472    727.958    124.351    125.213    16.6880    16.6747   4.601796   4.600374     1.8535     1.5336      10.23   27.11204  -84.33326    0.00082   -0.00026          1  0.000e+00
      17473    728.000    124.291    125.152    16.6887    16.6742   4.601767   4.600258     1.8535     1.5336      10.23   27.11204  -84.33326    0.00078   -0.00027          1  0.000e+00
