Gulf of Mexico/GOMECC-4/1db/rb2103_0571.ros
* Sea-Bird SBE 9 Data File:
* FileName = C:\Users\scs.user.rb\CTD\GOMECC4\data\rb2103_0571.hex
* Software Version Seasave V 7.26.7.107
* Temperature SN = 4799
* Conductivity SN = 3860
* Number of Bytes Per Scan = 41
* Number of Voltage Words = 4
* Number of Scans Averaged by the Deck Unit = 1
* NMEA Latitude = 28 05.10 N
* NMEA Longitude = 095 00.06 W
* NMEA UTC (Time) = Sep 29 2021  05:34:51
* NMEA baud rate = 4800
# nquan = 17
# nvalues = 798                                   
# units = specified
# name 0 = scan: Scan Count
# name 1 = timeS: Time, Elapsed [seconds]
# name 2 = depSM: Depth [salt water, m]
# name 3 = prDM: Pressure, Digiquartz [db]
# name 4 = t090C: Temperature [ITS-90, deg C]
# name 5 = t190C: Temperature, 2 [ITS-90, deg C]
# name 6 = c0S/m: Conductivity [S/m]
# name 7 = c1S/m: Conductivity, 2 [S/m]
# name 8 = sbeox0V: Oxygen raw, SBE 43 [V]
# name 9 = sbeox1V: Oxygen raw, SBE 43, 2 [V]
# name 10 = altM: Altimeter [m]
# name 11 = latitude: Latitude [deg]
# name 12 = longitude: Longitude [deg]
# name 13 = sbox0dV/dT: Oxygen, SBE 43 [dov/dt]
# name 14 = sbox1dV/dT: Oxygen, SBE 43, 2 [dov/dt]
# name 15 = nbf: Bottles Fired
# name 16 = flag:  0.000e+00
# interval = seconds: 0.0416667
# start_time = Sep 29 2021 05:34:51 [NMEA time, header]
# bad_flag = -9.990e-29
*END*
[from data line 341]
      30452   1268.792     29.765     29.966    28.5781    28.5791   5.693406   5.693558     3.1172     2.6471      31.11   28.08596  -95.00046    0.00011    0.00020          3  0.000e+00
      30453   1268.833     29.798     30.000    28.5781    28.5790   5.693399   5.693510     3.1172     2.6471      31.09   28.08596  -95.00046    0.00015    0.00019          3  0.000e+00
      30454   1268.875     29.765     29.966    28.5779    28.5790   5.693469   5.693518     3.1160     2.6471      31.09   28.08596  -95.00046    0.00016    0.00018          3  0.000e+00
      30455   1268.917     29.798     30.000    28.5779    28.5790   5.693453   5.693550     3.1160     2.6471      31.09   28.08596  -95.00046    0.00018    0.00017          3  0.000e+00
      30456   1268.958     29.717     29.919    28.5781    28.5788   5.693446   5.693534     3.1172     2.6471      31.09   28.08596  -95.00046    0.00021    0.00015          3  0.000e+00
      30457   1269.000     29.751     29.953    28.5779    28.5790   5.693406   5.693534     3.1160     2.6459      31.09   28.08596  -95.00046    0.00022    0.00012          3  0.000e+00
      30458   1269.042     29.812     30.014    28.5782    28.5790   5.693430   5.693510     3.1160     2.6459      31.06   28.08596  -95.00046    0.00025    0.00009          3  0.000e+00
      30459   1269.083     29.697     29.898    28.5779    28.5791   5.693406   5.693558     3.1160     2.6459      31.09   28.08596  -95.00046    0.00026    0.00006          3  0.000e+00
      30460   1269.125     29.765     29.966    28.5781    28.5790   5.693399   5.693582     3.1148     2.6459      31.06   28.08596  -95.00046    0.00026    0.00002          3  0.000e+00
      30461   1269.167     29.697     29.898    28.5779    28.5790   5.693430   5.693542     3.1148     2.6447      31.06   28.08596  -95.00046    0.00025   -0.00001          3  0.000e+00
      30462   1269.208     29.765     29.966    28.5781    28.5790   5.693406   5.693510     3.1160     2.6447      31.06   28.08596  -95.00046    0.00027   -0.00004          3  0.000e+00
      30463   1269.250     29.697     29.898    28.5781    28.5790   5.693399   5.693558     3.1148     2.6447      31.06   28.08596  -95.00046    0.00026   -0.00007          3  0.000e+00
      30464   1269.292     29.764     29.966    28.5781    28.5791   5.693399   5.693510     3.1148     2.6447      31.06   28.08596  -95.00046    0.00026   -0.00010          3  0.000e+00
      30465   1269.333     29.697     29.898    28.5781    28.5788   5.693399   5.693558     3.1148     2.6447      31.06   28.08596  -95.00046    0.00025   -0.00014          3  0.000e+00
      30466   1269.375     29.717     29.918    28.5781    28.5791   5.693399   5.693558     3.1148     2.6447      31.06   28.08596  -95.00046    0.00024   -0.00015          3  0.000e+00
      30467   1269.417     29.697     29.898    28.5781    28.5790   5.693399   5.693534     3.1148     2.6447      31.06   28.08596  -95.00046    0.00024   -0.00016          3  0.000e+00
      30468   1269.458     29.663     29.864    28.5781    28.5790   5.693399   5.693534     3.1148     2.6435      31.06   28.08596  -95.00046    0.00023   -0.00019          3  0.000e+00
      30469   1269.500     29.697     29.898    28.5781    28.5790   5.693399   5.693550     3.1148     2.6435      31.06   28.08596  -95.00046    0.00023   -0.00022          3  0.000e+00
      30470   1269.542     29.717     29.918    28.5781    28.5788   5.693359   5.693502     3.1148     2.6447      31.06   28.08596  -95.00046    0.00022   -0.00023          3  0.000e+00
      30471   1269.583     29.697     29.898    28.5781    28.5790   5.693352   5.693558     3.1148     2.6435      31.04   28.08596  -95.00046    0.00024   -0.00025          3  0.000e+00
      30472   1269.625     29.649     29.850    28.5779    28.5788   5.693383   5.693510     3.1148     2.6435      31.01   28.08596  -95.00046    0.00023   -0.00028          3  0.000e+00
      30473   1269.667     29.663     29.864    28.5781    28.5788   5.693359   5.693463     3.1160     2.6447      31.01   28.08596  -95.00046    0.00024   -0.00029          3  0.000e+00
      30474   1269.708     29.697     29.898    28.5781    28.5786   5.693352   5.693479     3.1160     2.6435      31.01   28.08596  -95.00046    0.00026   -0.00031          3  0.000e+00
      30475   1269.750     29.663     29.864    28.5779    28.5786   5.693383   5.693487     3.1160     2.6447      31.01   28.08596  -95.00046    0.00027   -0.00031          3  0.000e+00
      30476   1269.792     29.649     29.850    28.5781    28.5786   5.693359   5.693487     3.1160     2.6447      31.01   28.08596  -95.00046    0.00030   -0.00032          3  0.000e+00
      30477   1269.833     29.663     29.864    28.5781    28.5786   5.693352   5.693463     3.1160     2.6435      31.04   28.08596  -95.00046    0.00033   -0.00034          3  0.000e+00
      30478   1269.875     29.649     29.850    28.5781    28.5786   5.693312   5.693447     3.1160     2.6447      31.01   28.08596  -95.00046    0.00034   -0.00034          3  0.000e+00
      30479   1269.917     29.663     29.864    28.5779    28.5788   5.693305   5.693471     3.1160     2.6435      31.04   28.08596  -95.00046    0.00037   -0.00034          3  0.000e+00
      30480   1269.958     29.649     29.850    28.5779    28.5786   5.693305   5.693463     3.1160     2.6447      31.04   28.08596  -95.00046    0.00038   -0.00034          3  0.000e+00
      30481   1270.000     29.615     29.816    28.5779    28.5786   5.693305   5.693510     3.1172     2.6447      31.09   28.08596  -95.00046    0.00042   -0.00034          3  0.000e+00
      30482   1270.042     29.649     29.850    28.5775    28.5786   5.693336   5.693494     3.1172     2.6447      31.14   28.08596  -95.00046    0.00047   -0.00034          3  0.000e+00
      30483   1270.083     29.663     29.864    28.5777    28.5786   5.693281   5.693518     3.1184     2.6447      31.14   28.08596  -95.00046    0.00053   -0.00034          3  0.000e+00
      30484   1270.125     29.602     29.802    28.5775    28.5788   5.693328   5.693582     3.1172     2.6447      31.14   28.08596  -95.00046    0.00056   -0.00032          3  0.000e+00
      30485   1270.167     29.615     29.816    28.5773    28.5788   5.693312   5.693510     3.1172     2.6435      31.14   28.08596  -95.00046    0.00058   -0.00033          3  0.000e+00
      30486   1270.208     29.649     29.850    28.5775    28.5788   5.693375   5.693558     3.1172     2.6447      31.14   28.08596  -95.00046    0.00063   -0.00033          3  0.000e+00
      30487   1270.250     29.615     29.816    28.5773    28.5788   5.693289   5.693510     3.1172     2.6447      31.14   28.08596  -95.00046    0.00065   -0.00032          3  0.000e+00
      30488   1270.292     29.602     29.802    28.5771    28.5790   5.693328   5.693502     3.1172     2.6447      31.14   28.08596  -95.00046    0.00069   -0.00032          3  0.000e+00
      30489   1270.333     29.615     29.816    28.5771    28.5790   5.693352   5.693487     3.1172     2.6435      31.14   28.08596  -95.00046    0.00074   -0.00033          3  0.000e+00
      30490   1270.375     29.649     29.850    28.5771    28.5788   5.693312   5.693487     3.1172     2.6435      31.14   28.08596  -95.00046    0.00076   -0.00034          3  0.000e+00
      30491   1270.417     29.615     29.816    28.5770    28.5786   5.693336   5.693502     3.1172     2.6447      31.14   28.08596  -95.00046    0.00078   -0.00033          3  0.000e+00
      30492   1270.458     29.602     29.802    28.5767    28.5784   5.693312   5.693463     3.1172     2.6435      31.16   28.08596  -95.00046    0.00080   -0.00034          3  0.000e+00
      30493   1270.500     29.615     29.816    28.5768    28.5782   5.693305   5.693447     3.1172     2.6435      31.16   28.08596  -95.00046    0.00083   -0.00034          3  0.000e+00
      30494   1270.542     29.649     29.850    28.5767    28.5782   5.693336   5.693471     3.1160     2.6435      31.18   28.08596  -95.00046    0.00083   -0.00037          3  0.000e+00
      30495   1270.583     29.466     29.666    28.5770    28.5782   5.693351   5.693502     3.1160     2.6435      31.16   28.08596  -95.00046    0.00083   -0.00039          3  0.000e+00
      30496   1270.625     29.751     29.952    28.5773    28.5782   5.693281   5.693463     3.1160     2.6435      31.16   28.08596  -95.00046    0.00083   -0.00041          3  0.000e+00
      30497   1270.667     29.602     29.802    28.5771    28.5784   5.693258   5.693471     3.1160     2.6435      31.16   28.08596  -95.00046    0.00084   -0.00045          3  0.000e+00
      30498   1270.708     29.568     29.768    28.5773    28.5790   5.693258   5.693487     3.1160     2.6422      31.16   28.08596  -95.00046    0.00084   -0.00051          3  0.000e+00
      30499   1270.750     29.649     29.850    28.5777    28.5788   5.693258   5.693463     3.1160     2.6435      31.16   28.08596  -95.00046    0.00082   -0.00055          3  0.000e+00
      30500   1270.792     29.568     29.768    28.5775    28.5788   5.693258   5.693510     3.1160     2.6435      31.16   28.08596  -95.00046    0.00082   -0.00058          3  0.000e+00
      30501   1270.833     29.602     29.802    28.5775    28.5790   5.693328   5.693494     3.1160     2.6435      31.16   28.08596  -95.00046    0.00081   -0.00062          3  0.000e+00
      30502   1270.875     29.615     29.816    28.5775    28.5788   5.693281   5.693463     3.1160     2.6435      31.16   28.08596  -95.00046    0.00079   -0.00066          3  0.000e+00
      30503   1270.917     29.649     29.850    28.5775    28.5788   5.693289   5.693479     3.1160     2.6435      31.16   28.08596  -95.00046    0.00079   -0.00070          3  0.000e+00
      30504   1270.958     29.615     29.816    28.5771    28.5790   5.693234   5.693487     3.1148     2.6422      31.16   28.08596  -95.00046    0.00075   -0.00075          3  0.000e+00
      30505   1271.000     29.602     29.802    28.5773    28.5790   5.693281   5.693455     3.1148     2.6422      31.16   28.08596  -95.00046    0.00071   -0.00080          3  0.000e+00
      30506   1271.042     29.615     29.816    28.5773    28.5788   5.693305   5.693494     3.1148     2.6422      31.21   28.08596  -95.00046    0.00068   -0.00085          3  0.000e+00
      30507   1271.083     29.602     29.802    28.5771    28.5790   5.693336   5.693463     3.1148     2.6422      31.21   28.08596  -95.00046    0.00066   -0.00091          3  0.000e+00
      30508   1271.125     29.615     29.816    28.5773    28.5790   5.693281   5.693471     3.1160     2.6422      31.23   28.08596  -95.00046    0.00064   -0.00096          3  0.000e+00
      30509   1271.167     29.649     29.850    28.5775    28.5790   5.693258   5.693487     3.1148     2.6422      31.23   28.08596  -95.00046    0.00060   -0.00101          3  0.000e+00
      33181   1382.500     20.017     20.153    28.5760    28.5779   5.692407   5.692680     3.1221     2.6484      40.46   28.08612  -95.00034    0.00158    0.00003          4  0.000e+00
      33182   1382.542     19.923     20.057    28.5762    28.5767   5.692407   5.692688     3.1221     2.6484      40.46   28.08612  -95.00034    0.00162    0.00003          4  0.000e+00
      33183   1382.583     20.220     20.357    28.5760    28.5775   5.692407   5.692720     3.1209     2.6484      40.46   28.08612  -95.00034    0.00164    0.00002          4  0.000e+00
      33184   1382.625     19.869     20.003    28.5762    28.5775   5.692407   5.692783     3.1209     2.6484      40.46   28.08612  -95.00034    0.00164    0.00002          4  0.000e+00
      33185   1382.667     20.119     20.255    28.5760    28.5773   5.692446   5.692712     3.1209     2.6484      40.46   28.08612  -95.00034    0.00164    0.00001          4  0.000e+00
      33186   1382.708     20.024     20.159    28.5760    28.5769   5.692415   5.692688     3.1209     2.6484      40.46   28.08612  -95.00034    0.00164    0.00001          4  0.000e+00
      33187   1382.750     19.970     20.105    28.5762    28.5773   5.692407   5.692720     3.1209     2.6484      40.46   28.08612  -95.00034    0.00163    0.00000          4  0.000e+00
      33188   1382.792     19.963     20.098    28.5760    28.5773   5.692446   5.692680     3.1209     2.6484      40.46   28.08612  -95.00034    0.00163   -0.00000          4  0.000e+00
      33189   1382.833     20.024     20.159    28.5760    28.5773   5.692415   5.692680     3.1209     2.6484      40.46   28.08612  -95.00034    0.00162   -0.00001          4  0.000e+00
      33190   1382.875     20.024     20.159    28.5760    28.5769   5.692407   5.692688     3.1197     2.6484      40.46   28.08612  -95.00034    0.00160   -0.00002          4  0.000e+00
      33191   1382.917     19.963     20.098    28.5758    28.5771   5.692407   5.692688     3.1197     2.6484      40.46   28.08612  -95.00034    0.00157   -0.00003          4  0.000e+00
      33192   1382.958     19.970     20.105    28.5762    28.5773   5.692407   5.692704     3.1197     2.6484      40.46   28.08612  -95.00034    0.00154   -0.00002          4  0.000e+00
      33193   1383.000     19.970     20.105    28.5760    28.5771   5.692407   5.692688     3.1197     2.6496      40.46   28.08612  -95.00034    0.00150    0.00001          4  0.000e+00
      33194   1383.042     19.923     20.057    28.5762    28.5771   5.692407   5.692688     3.1184     2.6496      40.51   28.08612  -95.00034    0.00145    0.00003          4  0.000e+00
      33195   1383.083     19.963     20.098    28.5762    28.5769   5.692446   5.692759     3.1197     2.6496      40.56   28.08612  -95.00034    0.00140    0.00005          4  0.000e+00
      33196   1383.125     19.923     20.057    28.5760    28.5771   5.692415   5.692688     3.1197     2.6496      40.59   28.08612  -95.00034    0.00135    0.00010          4  0.000e+00
      33197   1383.167     19.923     20.057    28.5760    28.5771   5.692438   5.692680     3.1197     2.6496      40.56   28.08612  -95.00034    0.00130    0.00014          4  0.000e+00
      33198   1383.208     19.963     20.098    28.5760    28.5771   5.692454   5.692688     3.1184     2.6496      40.56   28.08612  -95.00034    0.00123    0.00018          4  0.000e+00
      33199   1383.250     19.923     20.057    28.5762    28.5771   5.692454   5.692688     3.1184     2.6508      40.59   28.08612  -95.00034    0.00116    0.00023          4  0.000e+00
      33200   1383.292     19.875     20.009    28.5760    28.5771   5.692383   5.692664     3.1184     2.6496      40.59   28.08612  -95.00034    0.00109    0.00027          4  0.000e+00
      33201   1383.333     19.923     20.057    28.5760    28.5769   5.692430   5.692640     3.1184     2.6508      40.56   28.08614  -95.00034    0.00101    0.00033          4  0.000e+00
      33202   1383.375     19.868     20.003    28.5760    28.5771   5.692454   5.692672     3.1184     2.6508      40.59   28.08614  -95.00034    0.00094    0.00038          4  0.000e+00
      33203   1383.417     19.875     20.009    28.5762    28.5771   5.692383   5.692648     3.1172     2.6520      40.56   28.08614  -95.00034    0.00085    0.00046          4  0.000e+00
      33204   1383.458     19.875     20.009    28.5760    28.5771   5.692360   5.692688     3.1172     2.6520      40.59   28.08614  -95.00034    0.00076    0.00053          4  0.000e+00
      33205   1383.500     19.868     20.003    28.5758    28.5771   5.692430   5.692656     3.1172     2.6520      40.59   28.08614  -95.00034    0.00066    0.00060          4  0.000e+00
      33206   1383.542     19.821     19.955    28.5759    28.5769   5.692415   5.692640     3.1172     2.6520      40.56   28.08614  -95.00034    0.00057    0.00069          4  0.000e+00
