Gulf of Mexico/GOMECC-4/1db/rb2103_0681.ros
* Sea-Bird SBE 9 Data File:
* FileName = C:\Users\scs.user.rb\CTD\GOMECC4\data\rb2103_0681.hex
* Software Version Seasave V 7.26.7.107
* Temperature SN = 4799
* Conductivity SN = 3860
* Number of Bytes Per Scan = 41
* Number of Voltage Words = 4
* Number of Scans Averaged by the Deck Unit = 1
* NMEA Latitude = 26 03.52 N
* NMEA Longitude = 095 32.99 W
* NMEA UTC (Time) = Oct 03 2021  07:00:55
* NMEA baud rate = 4800
# nquan = 17
# nvalues = 2527                                  
# units = specified
# name 0 = scan: Scan Count
# name 1 = timeS: Time, Elapsed [seconds]
# name 2 = depSM: Depth [salt water, m]
# name 3 = prDM: Pressure, Digiquartz [db]
# name 4 = t090C: Temperature [ITS-90, deg C]
# name 5 = t190C: Temperature, 2 [ITS-90, deg C]
# name 6 = c0S/m: Conductivity [S/m]
# name 7 = c1S/m: Conductivity, 2 [S/m]
# name 8 = sbeox0V: Oxygen raw, SBE 43 [V]
# name 9 = sbeox1V: Oxygen raw, SBE 43, 2 [V]
# name 10 = altM: Altimeter [m]
# name 11 = latitude: Latitude [deg]
# name 12 = longitude: Longitude [deg]
# name 13 = sbox0dV/dT: Oxygen, SBE 43 [dov/dt]
# name 14 = sbox1dV/dT: Oxygen, SBE 43, 2 [dov/dt]
# name 15 = nbf: Bottles Fired
# name 16 = flag:  0.000e+00
# interval = seconds: 0.0416667
# start_time = Oct 03 2021 07:00:55 [NMEA time, header]
# bad_flag = -9.990e-29
*END*
[from data line 766]
      77292   3220.458    496.171    500.024     9.1589     9.1584   3.762491   3.762375     1.5849     1.2882     100.00   26.05954  -95.54942   -0.00002   -0.00010          6  0.000e+00
      77293   3220.500    496.267    500.120     9.1586     9.1584   3.762524   3.762475     1.5861     1.2894     100.00   26.05954  -95.54942   -0.00000   -0.00011          6  0.000e+00
      77294   3220.542    496.171    500.024     9.1590     9.1588   3.762484   3.762522     1.5861     1.2894     100.00   26.05954  -95.54942    0.00003   -0.00011          6  0.000e+00
      77295   3220.583    496.219    500.072     9.1591     9.1594   3.762491   3.762529     1.5861     1.2894     100.00   26.05954  -95.54942    0.00004   -0.00010          6  0.000e+00
      77296   3220.625    496.219    500.073     9.1595     9.1591   3.762550   3.762489     1.5849     1.2894     100.00   26.05954  -95.54942    0.00003   -0.00011          6  0.000e+00
      77297   3220.667    496.219    500.073     9.1598     9.1592   3.762544   3.762542     1.5849     1.2894     100.00   26.05954  -95.54942    0.00003   -0.00011          6  0.000e+00
      77298   3220.708    496.219    500.073     9.1602     9.1596   3.762557   3.762562     1.5849     1.2882     100.00   26.05954  -95.54942    0.00002   -0.00014          6  0.000e+00
      77299   3220.750    496.219    500.073     9.1601     9.1596   3.762590   3.762609     1.5849     1.2882     100.00   26.05954  -95.54942    0.00002   -0.00017          6  0.000e+00
      77300   3220.792    496.267    500.121     9.1603     9.1601   3.762603   3.762636     1.5849     1.2894     100.00   26.05954  -95.54942    0.00001   -0.00016          6  0.000e+00
      77301   3220.833    496.220    500.073     9.1609     9.1602   3.762603   3.762629     1.5849     1.2894     100.00   26.05954  -95.54942    0.00003   -0.00016          6  0.000e+00
      77302   3220.875    496.220    500.073     9.1613     9.1602   3.762623   3.762649     1.5849     1.2894     100.00   26.05954  -95.54942    0.00004   -0.00017          6  0.000e+00
      77303   3220.917    496.267    500.121     9.1613     9.1605   3.762636   3.762643     1.5849     1.2882     100.00   26.05954  -95.54942    0.00004   -0.00020          6  0.000e+00
      77304   3220.958    496.268    500.122     9.1613     9.1609   3.762682   3.762602     1.5849     1.2882     100.00   26.05954  -95.54942    0.00003   -0.00022          6  0.000e+00
      77305   3221.000    496.220    500.073     9.1621     9.1607   3.762676   3.762616     1.5861     1.2894     100.00   26.05954  -95.54942    0.00005   -0.00021          6  0.000e+00
      77306   3221.042    496.268    500.122     9.1619     9.1607   3.762669   3.762649     1.5849     1.2894     100.00   26.05954  -95.54942    0.00004   -0.00022          6  0.000e+00
      77307   3221.083    496.220    500.074     9.1617     9.1609   3.762669   3.762642     1.5849     1.2882     100.00   26.05954  -95.54942    0.00004   -0.00022          6  0.000e+00
      77308   3221.125    496.268    500.122     9.1618     9.1614   3.762689   3.762676     1.5849     1.2894     100.00   26.05954  -95.54942    0.00003   -0.00021          6  0.000e+00
      77309   3221.167    496.323    500.177     9.1615     9.1622   3.762722   3.762709     1.5849     1.2882     100.00   26.05954  -95.54942    0.00003   -0.00024          6  0.000e+00
      77310   3221.208    496.268    500.122     9.1616     9.1624   3.762735   3.762743     1.5849     1.2882     100.00   26.05954  -95.54942    0.00002   -0.00026          6  0.000e+00
      77311   3221.250    496.268    500.122     9.1619     9.1620   3.762755   3.762743     1.5849     1.2894     100.00   26.05954  -95.54942    0.00002   -0.00026          6  0.000e+00
      77312   3221.292    496.268    500.122     9.1615     9.1624   3.762742   3.762776     1.5849     1.2894     100.00   26.05954  -95.54942    0.00001   -0.00025          6  0.000e+00
      77313   3221.333    496.268    500.122     9.1619     9.1627   3.762735   3.762836     1.5849     1.2894     100.00   26.05954  -95.54942    0.00003   -0.00026          6  0.000e+00
      77314   3221.375    496.323    500.178     9.1619     9.1630   3.762735   3.762816     1.5849     1.2882     100.00   26.05954  -95.54942    0.00004   -0.00028          6  0.000e+00
      77315   3221.417    496.269    500.123     9.1621     9.1632   3.762709   3.762843     1.5849     1.2882     100.00   26.05954  -95.54942    0.00004   -0.00030          6  0.000e+00
      77316   3221.458    496.323    500.178     9.1619     9.1634   3.762748   3.762877     1.5849     1.2894     100.00   26.05954  -95.54942    0.00003   -0.00030          6  0.000e+00
      77317   3221.500    496.323    500.178     9.1621     9.1632   3.762768   3.762863     1.5861     1.2894     100.00   26.05954  -95.54942    0.00005   -0.00029          6  0.000e+00
      77318   3221.542    496.323    500.178     9.1619     9.1627   3.762715   3.762843     1.5849     1.2894     100.00   26.05954  -95.54942    0.00004   -0.00029          6  0.000e+00
      77319   3221.583    496.269    500.123     9.1614     9.1630   3.762748   3.762850     1.5849     1.2882     100.00   26.05954  -95.54942    0.00004   -0.00031          6  0.000e+00
      77320   3221.625    496.324    500.178     9.1613     9.1630   3.762748   3.762857     1.5849     1.2894     100.00   26.05954  -95.54942    0.00002   -0.00032          6  0.000e+00
      77321   3221.667    496.371    500.226     9.1614     9.1629   3.762709   3.762816     1.5849     1.2894     100.00   26.05954  -95.54942    0.00001   -0.00032          6  0.000e+00
      77322   3221.708    496.269    500.123     9.1613     9.1629   3.762676   3.762843     1.5849     1.2882     100.00   26.05954  -95.54942    0.00001   -0.00032          6  0.000e+00
      77323   3221.750    496.372    500.227     9.1613     9.1627   3.762689   3.762857     1.5849     1.2882     100.00   26.05954  -95.54942    0.00000   -0.00034          6  0.000e+00
      81163   3381.750    396.995    399.981    10.8814    10.8813   3.944476   3.944471     1.6032     1.3040     100.00   26.05954  -95.54940    0.00004   -0.00030          7  0.000e+00
      81164   3381.792    397.151    400.139    10.8811    10.8811   3.944483   3.944499     1.6032     1.3040     100.00   26.05954  -95.54940    0.00004   -0.00030          7  0.000e+00
      81165   3381.833    397.219    400.208    10.8814    10.8814   3.944449   3.944478     1.6032     1.3040     100.00   26.05954  -95.54940    0.00004   -0.00029          7  0.000e+00
      81166   3381.875    397.151    400.139    10.8812    10.8814   3.944456   3.944492     1.6032     1.3040     100.00   26.05954  -95.54940    0.00004   -0.00029          7  0.000e+00
      81167   3381.917    397.097    400.084    10.8811    10.8816   3.944442   3.944485     1.6044     1.3040     100.00   26.05954  -95.54940    0.00005   -0.00028          7  0.000e+00
      81168   3381.958    397.152    400.139    10.8809    10.8816   3.944415   3.944519     1.6032     1.3040     100.00   26.05954  -95.54940    0.00005   -0.00028          7  0.000e+00
      81169   3382.000    397.118    400.105    10.8811    10.8818   3.944429   3.944512     1.6032     1.3040     100.00   26.05954  -95.54940    0.00005   -0.00027          7  0.000e+00
      81170   3382.042    397.152    400.140    10.8809    10.8818   3.944409   3.944533     1.6032     1.3053     100.00   26.05954  -95.54940    0.00004   -0.00025          7  0.000e+00
      81171   3382.083    397.152    400.140    10.8811    10.8819   3.944442   3.944539     1.6020     1.3053     100.00   26.05954  -95.54940    0.00002   -0.00022          7  0.000e+00
      81172   3382.125    397.118    400.105    10.8809    10.8819   3.944463   3.944560     1.6032     1.3040     100.00   26.05954  -95.54940    0.00002   -0.00022          7  0.000e+00
      81173   3382.167    397.152    400.140    10.8809    10.8822   3.944442   3.944573     1.6032     1.3053     100.00   26.05954  -95.54940    0.00002   -0.00019          7  0.000e+00
      81174   3382.208    397.152    400.140    10.8809    10.8824   3.944436   3.944573     1.6032     1.3053     100.00   26.05954  -95.54940    0.00002   -0.00017          7  0.000e+00
      81175   3382.250    397.152    400.140    10.8811    10.8822   3.944449   3.944573     1.6032     1.3053     100.00   26.05954  -95.54940    0.00002   -0.00016          7  0.000e+00
      81176   3382.292    397.173    400.161    10.8811    10.8824   3.944463   3.944553     1.6032     1.3040     100.00   26.05954  -95.54940    0.00001   -0.00016          7  0.000e+00
      81177   3382.333    397.152    400.140    10.8811    10.8827   3.944469   3.944587     1.6032     1.3040     100.00   26.05954  -95.54940    0.00001   -0.00015          7  0.000e+00
      81178   3382.375    397.152    400.140    10.8809    10.8827   3.944429   3.944608     1.6032     1.3040     100.00   26.05954  -95.54940    0.00001   -0.00014          7  0.000e+00
      81179   3382.417    397.200    400.188    10.8811    10.8829   3.944456   3.944560     1.6032     1.3040     100.00   26.05954  -95.54940    0.00001   -0.00013          7  0.000e+00
      81180   3382.458    397.118    400.106    10.8809    10.8824   3.944442   3.944587     1.6032     1.3040     100.00   26.05954  -95.54940    0.00001   -0.00013          7  0.000e+00
      81181   3382.500    397.152    400.140    10.8811    10.8824   3.944476   3.944553     1.6032     1.3040     100.00   26.05954  -95.54940    0.00000   -0.00012          7  0.000e+00
      81182   3382.542    397.200    400.189    10.8809    10.8824   3.944449   3.944567     1.6032     1.3040     100.00   26.05954  -95.54940    0.00000   -0.00011          7  0.000e+00
      81183   3382.583    397.153    400.141    10.8812    10.8821   3.944436   3.944601     1.6032     1.3040     100.00   26.05954  -95.54940   -0.00000   -0.00010          7  0.000e+00
      81184   3382.625    397.173    400.161    10.8811    10.8821   3.944436   3.944580     1.6032     1.3040     100.00   26.05954  -95.54940   -0.00000   -0.00009          7  0.000e+00
      81185   3382.667    397.200    400.189    10.8811    10.8821   3.944476   3.944553     1.6032     1.3053     100.00   26.05954  -95.54940   -0.00001   -0.00008          7  0.000e+00
      81186   3382.708    397.153    400.141    10.8811    10.8821   3.944449   3.944587     1.6020     1.3040     100.00   26.05954  -95.54940   -0.00002   -0.00009          7  0.000e+00
      81187   3382.750    397.173    400.161    10.8809    10.8819   3.944436   3.944553     1.6044     1.3053     100.00   26.05954  -95.54940   -0.00001   -0.00008          7  0.000e+00
      81188   3382.792    397.153    400.141    10.8809    10.8818   3.944449   3.944519     1.6032     1.3040     100.00   26.05954  -95.54940   -0.00001   -0.00007          7  0.000e+00
      81189   3382.833    397.201    400.189    10.8809    10.8819   3.944415   3.944533     1.6032     1.3040     100.00   26.05954  -95.54940   -0.00001   -0.00008          7  0.000e+00
      81190   3382.875    397.153    400.141    10.8809    10.8816   3.944402   3.944587     1.6032     1.3053     100.00   26.05954  -95.54940   -0.00002   -0.00005          7  0.000e+00
      81191   3382.917    397.174    400.162    10.8808    10.8819   3.944409   3.944560     1.6032     1.3053     100.00   26.05954  -95.54940   -0.00002   -0.00004          7  0.000e+00
      81192   3382.958    397.153    400.141    10.8806    10.8818   3.944402   3.944512     1.6032     1.3053     100.00   26.05954  -95.54940   -0.00002   -0.00002          7  0.000e+00
      81193   3383.000    397.201    400.189    10.8806    10.8819   3.944402   3.944505     1.6032     1.3053     100.00   26.05954  -95.54940   -0.00000    0.00001          7  0.000e+00
      81194   3383.042    397.154    400.141    10.8806    10.8816   3.944368   3.944505     1.6020     1.3053     100.00   26.05954  -95.54940   -0.00001    0.00002          7  0.000e+00
      81195   3383.083    397.174    400.162    10.8806    10.8818   3.944348   3.944478     1.6032     1.3040     100.00   26.05954  -95.54940   -0.00001    0.00001          7  0.000e+00
      81196   3383.125    397.154    400.142    10.8803    10.8816   3.944355   3.944519     1.6032     1.3040     100.00   26.05954  -95.54940   -0.00001    0.00002          7  0.000e+00
      81197   3383.167    397.201    400.190    10.8803    10.8816   3.944389   3.944464     1.6044     1.3040     100.00   26.05954  -95.54940    0.00001    0.00003          7  0.000e+00
      81198   3383.208    397.154    400.142    10.8803    10.8811   3.944335   3.944437     1.6032     1.3053     100.00   26.05954  -95.54940    0.00001    0.00005          7  0.000e+00
      81199   3383.250    397.174    400.162    10.8806    10.8809   3.944375   3.944383     1.6032     1.3053     100.00   26.05954  -95.54940    0.00001    0.00006          7  0.000e+00
      81200   3383.292    397.154    400.142    10.8803    10.8809   3.944402   3.944396     1.6032     1.3053     100.00   26.05954  -95.54940    0.00000    0.00007          7  0.000e+00
      81201   3383.333    397.154    400.142    10.8804    10.8808   3.944368   3.944403     1.6032     1.3040     100.00   26.05954  -95.54940    0.00000    0.00008          7  0.000e+00
      81202   3383.375    397.175    400.163    10.8806    10.8808   3.944375   3.944403     1.6032     1.3040     100.00   26.05954  -95.54940    0.00000    0.00007          7  0.000e+00
      81203   3383.417    397.154    400.142    10.8808    10.8806   3.944395   3.944383     1.6032     1.3040     100.00   26.05954  -95.54940 3.5168e-07    0.00006          7  0.000e+00
      81204   3383.458    397.154    400.142    10.8809    10.8806   3.944422   3.944396     1.6032     1.3040     100.00   26.05954  -95.54940   -0.00000    0.00005          7  0.000e+00
      81205   3383.500    397.154    400.142    10.8808    10.8804   3.944449   3.944424     1.6032     1.3040     100.00   26.05954  -95.54940   -0.00000    0.00006          7  0.000e+00
      81206   3383.542    397.120    400.108    10.8808    10.8808   3.944436   3.944389     1.6032     1.3053     100.00   26.05954  -95.54940   -0.00000    0.00009          7  0.000e+00
      81207   3383.583    397.154    400.142    10.8809    10.8806   3.944456   3.944396     1.6032     1.3053     100.00   26.05954  -95.54940   -0.00001    0.00010          7  0.000e+00
      81208   3383.625    397.154    400.142    10.8811    10.8808   3.944429   3.944403     1.6032     1.3053     100.00   26.05954  -95.54940   -0.00001    0.00011          7  0.000e+00
      81209   3383.667    397.100    400.087    10.8809    10.8806   3.944375   3.944403     1.6032     1.3053     100.00   26.05954  -95.54940   -0.00001    0.00011          7  0.000e+00
      81210   3383.708    397.175    400.163    10.8804    10.8808   3.944362   3.944403     1.6032     1.3053     100.00   26.05954  -95.54940   -0.00001    0.00012          7  0.000e+00
      81211   3383.750    397.100    400.088    10.8808    10.8808   3.944362   3.944376     1.6032     1.3053     100.00   26.05954  -95.54940   -0.00001    0.00015          7  0.000e+00
      81212   3383.792    397.155    400.143    10.8804    10.8808   3.944375   3.944424     1.6032     1.3040     100.00   26.05954  -95.54940   -0.00003    0.00014          7  0.000e+00
      81213   3383.833    397.100    400.088    10.8808    10.8806   3.944395   3.944410     1.6032     1.3040     100.00   26.05954  -95.54940   -0.00003    0.00013          7  0.000e+00
      81214   3383.875    397.175    400.163    10.8804    10.8806   3.944368   3.944376     1.6020     1.3040     100.00   26.05954  -95.54940   -0.00005    0.00013          7  0.000e+00
      81215   3383.917    397.100    400.088    10.8806    10.8804   3.944348   3.944321     1.6032     1.3053     100.00   26.05954  -95.54940   -0.00005    0.00014          7  0.000e+00
