Gulf of Mexico/GOMECC-4/1db/rb2103_0591.ros
* Sea-Bird SBE 9 Data File:
* FileName = C:\Users\scs.user.rb\CTD\GOMECC4\data\rb2103_0591.hex
* Software Version Seasave V 7.26.7.107
* Temperature SN = 4799
* Conductivity SN = 3860
* Number of Bytes Per Scan = 41
* Number of Voltage Words = 4
* Number of Scans Averaged by the Deck Unit = 1
* NMEA Latitude = 28 41.01 N
* NMEA Longitude = 095 00.01 W
* NMEA UTC (Time) = Sep 29 2021  11:35:17
* NMEA baud rate = 4800
# nquan = 17
# nvalues = 798                                   
# units = specified
# name 0 = scan: Scan Count
# name 1 = timeS: Time, Elapsed [seconds]
# name 2 = depSM: Depth [salt water, m]
# name 3 = prDM: Pressure, Digiquartz [db]
# name 4 = t090C: Temperature [ITS-90, deg C]
# name 5 = t190C: Temperature, 2 [ITS-90, deg C]
# name 6 = c0S/m: Conductivity [S/m]
# name 7 = c1S/m: Conductivity, 2 [S/m]
# name 8 = sbeox0V: Oxygen raw, SBE 43 [V]
# name 9 = sbeox1V: Oxygen raw, SBE 43, 2 [V]
# name 10 = altM: Altimeter [m]
# name 11 = latitude: Latitude [deg]
# name 12 = longitude: Longitude [deg]
# name 13 = sbox0dV/dT: Oxygen, SBE 43 [dov/dt]
# name 14 = sbox1dV/dT: Oxygen, SBE 43, 2 [dov/dt]
# name 15 = nbf: Bottles Fired
# name 16 = flag:  0.000e+00
# interval = seconds: 0.0416667
# start_time = Sep 29 2021 11:35:17 [NMEA time, header]
# bad_flag = -9.990e-29
*END*
[from data line 256]
      11053    460.500     22.567     22.720    27.8019    27.8028   5.149074   5.149034     3.0281     2.5690       5.15   28.68322  -95.00056    0.00058   -0.00065          2  0.000e+00
      11054    460.542     22.573     22.727    27.8019    27.8026   5.149051   5.149065     3.0293     2.5702       5.15   28.68322  -95.00056    0.00059   -0.00071          2  0.000e+00
      11055    460.583     22.621     22.775    27.8017    27.8032   5.149044   5.149110     3.0293     2.5702       5.15   28.68322  -95.00056    0.00060   -0.00076          2  0.000e+00
      11056    460.625     22.614     22.768    27.8017    27.8032   5.149051   5.149057     3.0281     2.5702       5.15   28.68322  -95.00056    0.00060   -0.00082          2  0.000e+00
      11057    460.667     22.621     22.775    27.8017    27.8032   5.149081   5.149065     3.0281     2.5702       5.15   28.68322  -95.00056    0.00057   -0.00087          2  0.000e+00
      11058    460.708     22.621     22.775    27.8021    27.8034   5.149096   5.149034     3.0293     2.5702       5.15   28.68322  -95.00056    0.00058   -0.00093          2  0.000e+00
      11059    460.750     22.614     22.768    27.8019    27.8036   5.149059   5.148996     3.0281     2.5702       5.15   28.68322  -95.00056    0.00056   -0.00098          2  0.000e+00
      11060    460.792     22.621     22.775    27.8024    27.8034   5.149014   5.148996     3.0281     2.5702       5.15   28.68322  -95.00054    0.00055   -0.00101          2  0.000e+00
      11061    460.833     22.614     22.768    27.8021    27.8034   5.148999   5.149057     3.0281     2.5702       5.15   28.68322  -95.00054    0.00054   -0.00105          2  0.000e+00
      11062    460.875     22.675     22.829    27.8021    27.8036   5.148999   5.149042     3.0293     2.5702       5.15   28.68322  -95.00054    0.00055   -0.00108          2  0.000e+00
      14491    603.750      9.894      9.961    27.7568    27.7572   5.137003   5.136861     3.0403     2.5775      17.70   28.68306  -95.00072    0.00011    0.00005          3  0.000e+00
      14492    603.792      9.745      9.811    27.7573    27.7575   5.137047   5.136937     3.0403     2.5775      17.73   28.68306  -95.00072    0.00007    0.00005          3  0.000e+00
      14493    603.833      9.941     10.009    27.7579    27.7579   5.137115   5.137074     3.0391     2.5775      17.73   28.68306  -95.00072    0.00002    0.00006          3  0.000e+00
      14494    603.875      9.847      9.913    27.7584    27.7583   5.137145   5.137044     3.0403     2.5763      17.73   28.68306  -95.00072 -1.758e-07    0.00005          3  0.000e+00
      14495    603.917      9.894      9.961    27.7588    27.7581   5.137212   5.136975     3.0391     2.5763      17.73   28.68306  -95.00072   -0.00005    0.00003          3  0.000e+00
      14496    603.958      9.847      9.913    27.7584    27.7578   5.137287   5.136945     3.0391     2.5751      17.73   28.68306  -95.00072   -0.00009   -0.00000          3  0.000e+00
      14497    604.000      9.894      9.961    27.7586    27.7574   5.137287   5.136983     3.0403     2.5751      17.73   28.68306  -95.00072   -0.00013   -0.00004          3  0.000e+00
      14498    604.042      9.894      9.961    27.7588    27.7578   5.137242   5.136922     3.0391     2.5751      17.73   28.68306  -95.00072   -0.00019   -0.00005          3  0.000e+00
      14499    604.083      9.894      9.961    27.7584    27.7570   5.137190   5.136831     3.0391     2.5751      17.70   28.68306  -95.00072   -0.00024   -0.00006          3  0.000e+00
      14500    604.125      9.894      9.961    27.7577    27.7563   5.137063   5.136732     3.0391     2.5751      17.70   28.68306  -95.00072   -0.00028   -0.00009          3  0.000e+00
      14501    604.167      9.894      9.961    27.7575    27.7561   5.136980   5.136618     3.0391     2.5739      17.73   28.68306  -95.00072   -0.00032   -0.00012          3  0.000e+00
      14502    604.208      9.894      9.961    27.7575    27.7563   5.136973   5.136611     3.0391     2.5751      17.70   28.68306  -95.00072   -0.00036   -0.00015          3  0.000e+00
      14503    604.250      9.894      9.961    27.7572    27.7559   5.136943   5.136565     3.0391     2.5751      17.73   28.68306  -95.00072   -0.00040   -0.00016          3  0.000e+00
      14504    604.292      9.894      9.961    27.7567    27.7555   5.136890   5.136580     3.0391     2.5751      17.70   28.68306  -95.00072   -0.00044   -0.00017          3  0.000e+00
      14505    604.333      9.894      9.961    27.7564    27.7546   5.136883   5.136512     3.0379     2.5751      17.70   28.68306  -95.00072   -0.00049   -0.00018          3  0.000e+00
      14506    604.375      9.941     10.009    27.7560    27.7546   5.136845   5.136406     3.0391     2.5751      17.70   28.68306  -95.00072   -0.00053   -0.00018          3  0.000e+00
      14507    604.417      9.894      9.961    27.7559    27.7544   5.136748   5.136398     3.0391     2.5751      17.70   28.68306  -95.00072   -0.00057   -0.00019          3  0.000e+00
      14508    604.458      9.894      9.961    27.7557    27.7549   5.136748   5.136421     3.0391     2.5763      17.70   28.68306  -95.00072   -0.00061   -0.00018          3  0.000e+00
      14509    604.500      9.894      9.961    27.7559    27.7546   5.136718   5.136489     3.0391     2.5763      17.70   28.68306  -95.00072   -0.00064   -0.00016          3  0.000e+00
      14510    604.542      9.941     10.009    27.7558    27.7548   5.136748   5.136489     3.0391     2.5751      17.70   28.68306  -95.00072   -0.00067   -0.00017          3  0.000e+00
      14511    604.583      9.894      9.961    27.7559    27.7552   5.136688   5.136535     3.0391     2.5751      17.68   28.68306  -95.00072   -0.00070   -0.00017          3  0.000e+00
      14512    604.625      9.941     10.009    27.7559    27.7555   5.136605   5.136595     3.0391     2.5751      17.68   28.68306  -95.00072   -0.00074   -0.00017          3  0.000e+00
      14513    604.667      9.894      9.961    27.7553    27.7557   5.136613   5.136565     3.0391     2.5751      17.70   28.68306  -95.00072   -0.00076   -0.00017          3  0.000e+00
      14514    604.708      9.894      9.961    27.7555    27.7557   5.136568   5.136519     3.0391     2.5751      17.70   28.68306  -95.00072   -0.00078   -0.00017          3  0.000e+00
      14515    604.750      9.894      9.961    27.7557    27.7559   5.136553   5.136557     3.0391     2.5751      17.70   28.68306  -95.00072   -0.00080   -0.00016          3  0.000e+00
      14516    604.792      9.894      9.961    27.7555    27.7561   5.136635   5.136626     3.0403     2.5751      17.70   28.68306  -95.00072   -0.00080   -0.00014          3  0.000e+00
      14517    604.833      9.941     10.009    27.7555    27.7566   5.136673   5.136656     3.0391     2.5751      17.70   28.68306  -95.00072   -0.00082   -0.00014          3  0.000e+00
      14518    604.875      9.894      9.961    27.7566    27.7566   5.136770   5.136709     3.0403     2.5751      17.70   28.68306  -95.00072   -0.00082   -0.00013          3  0.000e+00
      14519    604.917      9.894      9.961    27.7572    27.7566   5.136935   5.136785     3.0391     2.5763      17.70   28.68306  -95.00072   -0.00082   -0.00009          3  0.000e+00
      14520    604.958      9.894      9.961    27.7579    27.7566   5.137107   5.136831     3.0391     2.5763      17.70   28.68306  -95.00072   -0.00082   -0.00005          3  0.000e+00
      14521    605.000      9.894      9.961    27.7582    27.7566   5.137137   5.136884     3.0391     2.5763      17.70   28.68306  -95.00072   -0.00082   -0.00002          3  0.000e+00
      14522    605.042      9.894      9.961    27.7584    27.7570   5.137175   5.136945     3.0391     2.5763      17.70   28.68306  -95.00072   -0.00082    0.00002          3  0.000e+00
      14523    605.083      9.894      9.961    27.7584    27.7572   5.137250   5.137006     3.0391     2.5763      17.70   28.68306  -95.00072   -0.00082    0.00007          3  0.000e+00
      14524    605.125      9.847      9.913    27.7590    27.7575   5.137272   5.136990     3.0391     2.5775      17.70   28.68306  -95.00072   -0.00082    0.00012          3  0.000e+00
      14525    605.167      9.894      9.961    27.7590    27.7575   5.137242   5.137028     3.0391     2.5775      17.70   28.68306  -95.00072   -0.00082    0.00016          3  0.000e+00
      14526    605.208      9.894      9.961    27.7581    27.7578   5.137190   5.137059     3.0379     2.5775      17.70   28.68306  -95.00072   -0.00083    0.00021          3  0.000e+00
      14527    605.250      9.847      9.913    27.7581    27.7579   5.137160   5.137112     3.0391     2.5788      17.70   28.68306  -95.00072   -0.00082    0.00027          3  0.000e+00
      14528    605.292      9.847      9.913    27.7577    27.7588   5.137018   5.137211     3.0391     2.5775      17.73   28.68306  -95.00072   -0.00082    0.00032          3  0.000e+00
      14529    605.333      9.894      9.961    27.7577    27.7592   5.137003   5.137302     3.0379     2.5788      17.75   28.68306  -95.00072   -0.00083    0.00039          3  0.000e+00
      14530    605.375      9.847      9.913    27.7577    27.7593   5.137018   5.137241     3.0391     2.5788      17.75   28.68306  -95.00072   -0.00082    0.00044          3  0.000e+00
      14531    605.417      9.847      9.913    27.7577    27.7592   5.136950   5.137233     3.0379     2.5788      17.75   28.68306  -95.00072   -0.00083    0.00048          3  0.000e+00
      14532    605.458      9.847      9.913    27.7577    27.7592   5.136868   5.137195     3.0379     2.5800      17.75   28.68306  -95.00072   -0.00082    0.00055          3  0.000e+00
      14533    605.500      9.847      9.913    27.7573    27.7587   5.136853   5.137188     3.0379     2.5800      17.78   28.68306  -95.00072   -0.00083    0.00059          3  0.000e+00
      14534    605.542      9.847      9.913    27.7575    27.7581   5.136740   5.137127     3.0379     2.5800      17.75   28.68306  -95.00072   -0.00082    0.00066          3  0.000e+00
      14535    605.583      9.792      9.859    27.7577    27.7578   5.136710   5.137097     3.0379     2.5800      17.75   28.68306  -95.00072   -0.00082    0.00070          3  0.000e+00
      14536    605.625      9.847      9.913    27.7569    27.7576   5.136740   5.137074     3.0379     2.5800      17.75   28.68306  -95.00072   -0.00082    0.00074          3  0.000e+00
      14537    605.667      9.792      9.859    27.7566    27.7572   5.136755   5.137066     3.0379     2.5800      17.75   28.68306  -95.00072   -0.00081    0.00078          3  0.000e+00
      14538    605.708      9.847      9.913    27.7566    27.7578   5.136853   5.137150     3.0379     2.5800      17.75   28.68306  -95.00072   -0.00081    0.00083          3  0.000e+00
      14539    605.750      9.792      9.859    27.7568    27.7578   5.136845   5.137287     3.0366     2.5800      17.75   28.68306  -95.00072   -0.00081    0.00085          3  0.000e+00
      14540    605.792      9.792      9.859    27.7568    27.7574   5.136875   5.137241     3.0379     2.5800      17.75   28.68306  -95.00072   -0.00079    0.00087          3  0.000e+00
      14541    605.833      9.792      9.859    27.7572    27.7574   5.136883   5.137233     3.0379     2.5800      17.75   28.68306  -95.00072   -0.00077    0.00087          3  0.000e+00
      14542    605.875      9.792      9.859    27.7572    27.7581   5.136920   5.137332     3.0366     2.5800      17.75   28.68306  -95.00072   -0.00076    0.00087          3  0.000e+00
      14543    605.917      9.745      9.811    27.7580    27.7591   5.137002   5.137287     3.0366     2.5800      17.75   28.68306  -95.00072   -0.00076    0.00087          3  0.000e+00
      14544    605.958      9.792      9.859    27.7586    27.7594   5.137077   5.137340     3.0366     2.5800      17.75   28.68306  -95.00072   -0.00075    0.00086          3  0.000e+00
      14545    606.000      9.745      9.811    27.7591    27.7598   5.137235   5.137416     3.0366     2.5788      17.75   28.68306  -95.00072   -0.00074    0.00082          3  0.000e+00
      14546    606.042      9.745      9.811    27.7601    27.7605   5.137302   5.137446     3.0354     2.5788      17.78   28.68306  -95.00072   -0.00074    0.00078          3  0.000e+00
      14547    606.083      9.745      9.811    27.7599    27.7608   5.137377   5.137575     3.0366     2.5800      17.78   28.68306  -95.00072   -0.00073    0.00075          3  0.000e+00
      14548    606.125      9.698      9.763    27.7593    27.7618   5.137437   5.137704     3.0366     2.5800      17.75   28.68306  -95.00072   -0.00073    0.00073          3  0.000e+00
      14549    606.167      9.745      9.811    27.7595    27.7625   5.137475   5.137811     3.0366     2.5775      17.75   28.68306  -95.00072   -0.00071    0.00066          3  0.000e+00
      14550    606.208      9.745      9.811    27.7600    27.7627   5.137617   5.137864     3.0366     2.5788      17.75   28.68306  -95.00072   -0.00071    0.00061          3  0.000e+00
      14551    606.250      9.698      9.763    27.7610    27.7633   5.137819   5.138031     3.0354     2.5788      17.75   28.68306  -95.00072   -0.00073    0.00056          3  0.000e+00
      14552    606.292      9.745      9.811    27.7614    27.7638   5.137939   5.138084     3.0366     2.5788      17.75   28.68306  -95.00072   -0.00074    0.00051          3  0.000e+00
      14553    606.333      9.644      9.709    27.7622    27.7640   5.138029   5.138084     3.0366     2.5788      17.73   28.68306  -95.00072   -0.00073    0.00045          3  0.000e+00
      14554    606.375      9.698      9.763    27.7632    27.7640   5.138112   5.138221     3.0366     2.5775      17.73   28.68306  -95.00072   -0.00073    0.00039          3  0.000e+00
      14555    606.417      9.698      9.763    27.7635    27.7646   5.138262   5.138327     3.0354     2.5788      17.73   28.68306  -95.00072   -0.00075    0.00035          3  0.000e+00
      14556    606.458      9.644      9.709    27.7641    27.7647   5.138561   5.138342     3.0366     2.5788      17.73   28.68306  -95.00072   -0.00076    0.00031          3  0.000e+00
      14557    606.500      9.644      9.709    27.7655    27.7647   5.138809   5.138380     3.0366     2.5788      17.73   28.68306  -95.00072   -0.00077    0.00027          3  0.000e+00
      14558    606.542      9.698      9.763    27.7666    27.7645   5.138989   5.138418     3.0354     2.5788      17.73   28.68306  -95.00072   -0.00079    0.00024          3  0.000e+00
      14559    606.583      9.596      9.661    27.7672    27.7647   5.139034   5.138487     3.0366     2.5788      17.73   28.68306  -95.00072   -0.00081    0.00022          3  0.000e+00
      14560    606.625      9.644      9.709    27.7672    27.7651   5.139034   5.138547     3.0354     2.5788      17.73   28.68306  -95.00072   -0.00085    0.00019          3  0.000e+00
      14561    606.667      9.644      9.709    27.7674    27.7657   5.138966   5.138563     3.0354     2.5788      17.73   28.68306  -95.00072   -0.00087    0.00016          3  0.000e+00
      14562    606.708      9.644      9.709    27.7674    27.7656   5.138974   5.138585     3.0366     2.5775      17.73   28.68306  -95.00072   -0.00089    0.00013          3  0.000e+00
      14563    606.750      9.596      9.661    27.7668    27.7655   5.138921   5.138601     3.0354     2.5788      17.73   28.68306  -95.00072   -0.00093    0.00011          3  0.000e+00
      14564    606.792      9.644      9.709    27.7666    27.7656   5.138974   5.138669     3.0366     2.5788      17.73   28.68306  -95.00072   -0.00094    0.00012          3  0.000e+00
