Gulf of Mexico/GOMECC-4/1db/rb2103_0531.ros
* Sea-Bird SBE 9 Data File:
* FileName = C:\Users\scs.user.rb\CTD\GOMECC4\data\rb2103_0531.hex
* Software Version Seasave V 7.26.7.107
* Temperature SN = 4799
* Conductivity SN = 3860
* Number of Bytes Per Scan = 41
* Number of Voltage Words = 4
* Number of Scans Averaged by the Deck Unit = 1
* NMEA Latitude = 27 19.96 N
* NMEA Longitude = 095 00.01 W
* NMEA UTC (Time) = Sep 28 2021  09:37:15
* NMEA baud rate = 4800
# nquan = 17
# nvalues = 2793                                  
# units = specified
# name 0 = scan: Scan Count
# name 1 = timeS: Time, Elapsed [seconds]
# name 2 = depSM: Depth [salt water, m]
# name 3 = prDM: Pressure, Digiquartz [db]
# name 4 = t090C: Temperature [ITS-90, deg C]
# name 5 = t190C: Temperature, 2 [ITS-90, deg C]
# name 6 = c0S/m: Conductivity [S/m]
# name 7 = c1S/m: Conductivity, 2 [S/m]
# name 8 = sbeox0V: Oxygen raw, SBE 43 [V]
# name 9 = sbeox1V: Oxygen raw, SBE 43, 2 [V]
# name 10 = altM: Altimeter [m]
# name 11 = latitude: Latitude [deg]
# name 12 = longitude: Longitude [deg]
# name 13 = sbox0dV/dT: Oxygen, SBE 43 [dov/dt]
# name 14 = sbox1dV/dT: Oxygen, SBE 43, 2 [dov/dt]
# name 15 = nbf: Bottles Fired
# name 16 = flag:  0.000e+00
# interval = seconds: 0.0416667
# start_time = Sep 28 2021 09:37:15 [NMEA time, header]
# bad_flag = -9.990e-29
*END*
[from data line 1788]
      94686   3945.208     89.303     89.916    22.4768    22.4814   5.212683   5.213067     2.7863     2.3712     100.00   27.33214  -94.99682   -0.00050   -0.00077         14  0.000e+00
      94687   3945.250     89.242     89.855    22.4769    22.4813   5.212638   5.213066     2.7863     2.3712     100.00   27.33214  -94.99682   -0.00048   -0.00080         14  0.000e+00
      94688   3945.292     89.303     89.916    22.4769    22.4810   5.212645   5.213059     2.7863     2.3712     100.00   27.33214  -94.99682   -0.00046   -0.00082         14  0.000e+00
      94689   3945.333     89.280     89.893    22.4773    22.4812   5.212615   5.213036     2.7851     2.3712     100.00   27.33214  -94.99682   -0.00046   -0.00086         14  0.000e+00
      94690   3945.375     89.303     89.916    22.4762    22.4812   5.212608   5.213051     2.7851     2.3712     100.00   27.33214  -94.99682   -0.00046   -0.00088         14  0.000e+00
      94691   3945.417     89.303     89.916    22.4760    22.4810   5.212585   5.213067     2.7851     2.3712     100.00   27.33214  -94.99682   -0.00046   -0.00091         14  0.000e+00
      94692   3945.458     89.303     89.916    22.4757    22.4812   5.212578   5.213067     2.7863     2.3712     100.00   27.33214  -94.99682   -0.00044   -0.00093         14  0.000e+00
      94693   3945.500     89.303     89.916    22.4755    22.4812   5.212532   5.213089     2.7863     2.3712     100.00   27.33214  -94.99682   -0.00041   -0.00095         14  0.000e+00
      94694   3945.542     89.280     89.893    22.4758    22.4814   5.212562   5.213044     2.7863     2.3712     100.00   27.33214  -94.99682   -0.00039   -0.00096         14  0.000e+00
      94695   3945.583     89.356     89.969    22.4759    22.4811   5.212578   5.213051     2.7851     2.3712     100.00   27.33214  -94.99682   -0.00039   -0.00098         14  0.000e+00
      94696   3945.625     89.242     89.855    22.4760    22.4810   5.212600   5.213097     2.7851     2.3712     100.00   27.33214  -94.99682   -0.00038   -0.00101         14  0.000e+00
      94697   3945.667     89.356     89.969    22.4759    22.4812   5.212638   5.213105     2.7851     2.3712     100.00   27.33214  -94.99682   -0.00036   -0.00102         14  0.000e+00
      94698   3945.708     89.303     89.916    22.4763    22.4812   5.212593   5.213074     2.7851     2.3712     100.00   27.33214  -94.99682   -0.00035   -0.00103         14  0.000e+00
      94699   3945.750     89.333     89.946    22.4762    22.4815   5.212668   5.213036     2.7851     2.3712     100.00   27.33214  -94.99682   -0.00036   -0.00104         14  0.000e+00
      94700   3945.792     89.303     89.916    22.4766    22.4814   5.212668   5.213089     2.7863     2.3700     100.00   27.33214  -94.99682   -0.00033   -0.00106         14  0.000e+00
      94701   3945.833     89.303     89.916    22.4769    22.4814   5.212653   5.213105     2.7863     2.3700     100.00   27.33214  -94.99682   -0.00031   -0.00107         14  0.000e+00
      94702   3945.875     89.356     89.969    22.4767    22.4814   5.212653   5.213074     2.7863     2.3712     100.00   27.33214  -94.99682   -0.00028   -0.00108         14  0.000e+00
      94703   3945.917     89.356     89.969    22.4773    22.4812   5.212789   5.213036     2.7863     2.3712     100.00   27.33214  -94.99682   -0.00025   -0.00108         14  0.000e+00
      94704   3945.958     89.333     89.947    22.4783    22.4815   5.212864   5.213051     2.7863     2.3712     100.00   27.33214  -94.99682   -0.00021   -0.00107         14  0.000e+00
      94705   3946.000     89.356     89.969    22.4792    22.4814   5.212970   5.213097     2.7863     2.3712     100.00   27.33214  -94.99682   -0.00020   -0.00105         14  0.000e+00
      94706   3946.042     89.356     89.969    22.4796    22.4812   5.212977   5.213105     2.7863     2.3712     100.00   27.33214  -94.99682   -0.00017   -0.00103         14  0.000e+00
      94707   3946.083     89.303     89.916    22.4795    22.4814   5.212970   5.213105     2.7863     2.3712     100.00   27.33214  -94.99682   -0.00014   -0.00101         14  0.000e+00
      94708   3946.125     89.409     90.023    22.4795    22.4814   5.212932   5.213074     2.7863     2.3712     100.00   27.33214  -94.99682   -0.00011   -0.00099         14  0.000e+00
      94709   3946.167     89.334     89.947    22.4793    22.4812   5.212909   5.213097     2.7851     2.3712     100.00   27.33214  -94.99682   -0.00010   -0.00097         14  0.000e+00
      94710   3946.208     89.356     89.970    22.4785    22.4812   5.212887   5.213105     2.7863     2.3712     100.00   27.33214  -94.99682   -0.00009   -0.00095         14  0.000e+00
      94711   3946.250     89.356     89.970    22.4780    22.4812   5.212841   5.213074     2.7863     2.3712     100.00   27.33214  -94.99682   -0.00006   -0.00093         14  0.000e+00
      94712   3946.292     89.356     89.970    22.4785    22.4811   5.212902   5.213067     2.7863     2.3724     100.00   27.33214  -94.99682   -0.00005   -0.00088         14  0.000e+00
      94713   3946.333     89.394     90.008    22.4792    22.4808   5.212955   5.213067     2.7863     2.3724     100.00   27.33214  -94.99682   -0.00004   -0.00084         14  0.000e+00
      94714   3946.375     89.356     89.970    22.4795    22.4810   5.212955   5.213059     2.7863     2.3724     100.00   27.33214  -94.99682   -0.00002   -0.00079         14  0.000e+00
      94715   3946.417     89.409     90.023    22.4795    22.4810   5.212932   5.213059     2.7863     2.3724     100.00   27.33214  -94.99682   -0.00001   -0.00075         14  0.000e+00
      94716   3946.458     89.356     89.970    22.4795    22.4814   5.212955   5.213036     2.7863     2.3724     100.00   27.33214  -94.99682 1.7584e-07   -0.00070         14  0.000e+00
      94717   3946.500     89.409     90.023    22.4793    22.4810   5.212932   5.213051     2.7863     2.3724     100.00   27.33214  -94.99682    0.00001   -0.00065         14  0.000e+00
      94718   3946.542     89.334     89.947    22.4795    22.4812   5.212977   5.213097     2.7863     2.3724     100.00   27.33214  -94.99682    0.00002   -0.00060         14  0.000e+00
      94719   3946.583     89.409     90.023    22.4795    22.4810   5.212977   5.213036     2.7863     2.3724     100.00   27.33214  -94.99682    0.00004   -0.00055         14  0.000e+00
      94720   3946.625     89.409     90.023    22.4795    22.4811   5.212992   5.213051     2.7863     2.3724     100.00   27.33214  -94.99682    0.00003   -0.00052         14  0.000e+00
      94721   3946.667     89.357     89.970    22.4795    22.4812   5.212977   5.213036     2.7863     2.3724     100.00   27.33214  -94.99682    0.00003   -0.00048         14  0.000e+00
      94722   3946.708     89.357     89.970    22.4793    22.4810   5.212955   5.213028     2.7863     2.3724     100.00   27.33214  -94.99682    0.00004   -0.00045         14  0.000e+00
      94723   3946.750     89.394     90.008    22.4795    22.4812   5.212932   5.213082     2.7863     2.3724     100.00   27.33214  -94.99682    0.00005   -0.00041         14  0.000e+00
      94724   3946.792     89.410     90.023    22.4795    22.4812   5.212985   5.213074     2.7863     2.3736     100.00   27.33214  -94.99682    0.00006   -0.00036         14  0.000e+00
      94725   3946.833     89.357     89.970    22.4799    22.4814   5.213007   5.213067     2.7863     2.3724     100.00   27.33214  -94.99682    0.00007   -0.00032         14  0.000e+00
      94726   3946.875     89.410     90.023    22.4799    22.4810   5.213000   5.213067     2.7863     2.3724     100.00   27.33214  -94.99682    0.00007   -0.00030         14  0.000e+00
      94727   3946.917     89.410     90.023    22.4798    22.4810   5.213000   5.213089     2.7863     2.3724     100.00   27.33214  -94.99682    0.00006   -0.00026         14  0.000e+00
      94728   3946.958     89.334     89.947    22.4800    22.4811   5.212977   5.213044     2.7863     2.3736     100.00   27.33214  -94.99682    0.00007   -0.00021         14  0.000e+00
      94729   3947.000     89.410     90.023    22.4800    22.4810   5.212992   5.213028     2.7863     2.3736     100.00   27.33214  -94.99682    0.00008   -0.00017         14  0.000e+00
      94730   3947.042     89.357     89.970    22.4799    22.4812   5.213000   5.213051     2.7863     2.3736     100.00   27.33214  -94.99682    0.00009   -0.00013         14  0.000e+00
      94731   3947.083     89.410     90.024    22.4802    22.4810   5.213038   5.213067     2.7863     2.3736     100.00   27.33214  -94.99682    0.00010   -0.00009         14  0.000e+00
      94732   3947.125     89.357     89.970    22.4801    22.4810   5.213053   5.213089     2.7863     2.3736     100.00   27.33214  -94.99682    0.00011   -0.00007         14  0.000e+00
      94733   3947.167     89.395     90.008    22.4802    22.4812   5.213015   5.213074     2.7863     2.3736     100.00   27.33214  -94.99682    0.00011   -0.00003         14  0.000e+00
      94734   3947.208     89.410     90.024    22.4802    22.4814   5.213000   5.213097     2.7863     2.3736     100.00   27.33214  -94.99682    0.00010    0.00001         14  0.000e+00
      94735   3947.250     89.357     89.970    22.4801    22.4810   5.213000   5.213074     2.7863     2.3736     100.00   27.33214  -94.99682    0.00011    0.00003         14  0.000e+00
      94736   3947.292     89.410     90.024    22.4802    22.4813   5.213007   5.213059     2.7875     2.3736     100.00   27.33214  -94.99682    0.00014    0.00005         14  0.000e+00
      94737   3947.333     89.357     89.970    22.4805    22.4810   5.213007   5.213097     2.7863     2.3724     100.00   27.33214  -94.99682    0.00015    0.00005         14  0.000e+00
      94738   3947.375     89.334     89.948    22.4800    22.4812   5.213030   5.213074     2.7863     2.3736     100.00   27.33214  -94.99682    0.00016    0.00007         14  0.000e+00
      94739   3947.417     89.410     90.024    22.4800    22.4810   5.212985   5.213036     2.7863     2.3736     100.00   27.33214  -94.99682    0.00017    0.00009         14  0.000e+00
      94740   3947.458     89.357     89.970    22.4803    22.4812   5.212970   5.213051     2.7863     2.3724     100.00   27.33214  -94.99682    0.00016    0.00009         14  0.000e+00
      94741   3947.500     89.357     89.970    22.4797    22.4810   5.212970   5.213059     2.7875     2.3724     100.00   27.33214  -94.99682    0.00017    0.00009         14  0.000e+00
      94742   3947.542     89.357     89.971    22.4798    22.4812   5.212955   5.213036     2.7875     2.3724     100.00   27.33214  -94.99682    0.00019    0.00008         14  0.000e+00
      94743   3947.583     89.395     90.009    22.4799    22.4812   5.212962   5.213051     2.7863     2.3724     100.00   27.33214  -94.99682    0.00020    0.00006         14  0.000e+00
      94744   3947.625     89.304     89.917    22.4795    22.4813   5.212932   5.213036     2.7863     2.3724     100.00   27.33214  -94.99682    0.00021    0.00004         14  0.000e+00
      94745   3947.667     89.357     89.971    22.4798    22.4808   5.212985   5.213013     2.7863     2.3736     100.00   27.33214  -94.99682    0.00022    0.00004         14  0.000e+00
      94746   3947.708     89.410     90.024    22.4793    22.4812   5.213000   5.213051     2.7875     2.3724     100.00   27.33214  -94.99682    0.00025    0.00003         14  0.000e+00
      94747   3947.750     89.304     89.917    22.4793    22.4808   5.212939   5.213036     2.7875     2.3724     100.00   27.33214  -94.99682    0.00025    0.00001         14  0.000e+00
      94748   3947.792     89.395     90.009    22.4791    22.4810   5.212857   5.213028     2.7875     2.3724     100.00   27.33214  -94.99682    0.00028   -0.00001         14  0.000e+00
      94749   3947.833     89.304     89.917    22.4786    22.4808   5.212834   5.213082     2.7875     2.3736     100.00   27.33214  -94.99682    0.00030   -0.00001         14  0.000e+00
      94750   3947.875     89.357     89.971    22.4782    22.4810   5.212789   5.213044     2.7863     2.3736     100.00   27.33214  -94.99682    0.00031   -0.00001         14  0.000e+00
      94751   3947.917     89.357     89.971    22.4772    22.4808   5.212759   5.213028     2.7863     2.3724     100.00   27.33214  -94.99682    0.00032   -0.00003         14  0.000e+00
      94752   3947.958     89.358     89.971    22.4772    22.4809   5.212713   5.213051     2.7875     2.3736     100.00   27.33214  -94.99682    0.00034   -0.00004         14  0.000e+00
      94753   3948.000     89.282     89.895    22.4770    22.4808   5.212638   5.213021     2.7863     2.3736     100.00   27.33214  -94.99682    0.00035   -0.00002         14  0.000e+00
      94754   3948.042     89.358     89.971    22.4767    22.4810   5.212615   5.213051     2.7875     2.3736     100.00   27.33214  -94.99682    0.00035   -0.00001         14  0.000e+00
      94755   3948.083     89.305     89.918    22.4758    22.4810   5.212638   5.213067     2.7875     2.3736     100.00   27.33214  -94.99682    0.00036    0.00000         14  0.000e+00
      94756   3948.125     89.305     89.918    22.4757    22.4810   5.212623   5.213036     2.7875     2.3736     100.00   27.33214  -94.99682    0.00038    0.00002         14  0.000e+00
      94757   3948.167     89.305     89.918    22.4755    22.4810   5.212585   5.213028     2.7875     2.3736     100.00   27.33214  -94.99682    0.00038    0.00003         14  0.000e+00
      94758   3948.208     89.335     89.948    22.4755    22.4810   5.212578   5.213051     2.7875     2.3736     100.00   27.33214  -94.99682    0.00039    0.00004         14  0.000e+00
      94759   3948.250     89.358     89.971    22.4756    22.4810   5.212600   5.213059     2.7875     2.3736     100.00   27.33214  -94.99682    0.00041    0.00007         14  0.000e+00
      97905   4079.333     74.302     74.809    23.5188    23.5204   5.323352   5.323452     2.9951     2.5641     100.00   27.33212  -94.99676   -0.00055    0.00078         15  0.000e+00
      97906   4079.375     74.083     74.589    23.5189    23.5197   5.323345   5.323359     2.9963     2.5641     100.00   27.33212  -94.99676   -0.00058    0.00078         15  0.000e+00
      97907   4079.417     74.302     74.809    23.5195    23.5195   5.323360   5.323336     2.9951     2.5641     100.00   27.33212  -94.99676   -0.00060    0.00077         15  0.000e+00
      97908   4079.458     74.249     74.756    23.5197    23.5192   5.323398   5.323290     2.9951     2.5653     100.00   27.33212  -94.99676   -0.00065    0.00078         15  0.000e+00
      97909   4079.500     74.189     74.695    23.5197    23.5188   5.323390   5.323252     2.9963     2.5653     100.00   27.33212  -94.99676   -0.00067    0.00079         15  0.000e+00
      97910   4079.542     74.310     74.817    23.5196    23.5192   5.323406   5.323298     2.9951     2.5653     100.00   27.33212  -94.99676   -0.00071    0.00079         15  0.000e+00
      97911   4079.583     74.189     74.695    23.5187    23.5192   5.323330   5.323329     2.9939     2.5641     100.00   27.33212  -94.99676   -0.00077    0.00078         15  0.000e+00
      97912   4079.625     74.249     74.756    23.5178    23.5195   5.323284   5.323321     2.9939     2.5653     100.00   27.33212  -94.99676   -0.00082    0.00079         15  0.000e+00
      97913   4079.667     74.249     74.756    23.5182    23.5195   5.323284   5.323360     2.9939     2.5653     100.00   27.33212  -94.99676   -0.00086    0.00079         15  0.000e+00
      97914   4079.708     74.302     74.810    23.5183    23.5195   5.323299   5.323306     2.9939     2.5653     100.00   27.33212  -94.99676   -0.00091    0.00079         15  0.000e+00
