Gulf of Mexico/GOMECC-4/1db/rb2103_0201.ros
* Sea-Bird SBE 9 Data File:
* FileName = C:\Users\scs.user.rb\CTD\GOMECC4\data\rb2103_0201.hex
* Software Version Seasave V 7.26.7.107
* Temperature SN = 4799
* Conductivity SN = 3860
* Number of Bytes Per Scan = 41
* Number of Voltage Words = 4
* Number of Scans Averaged by the Deck Unit = 1
* NMEA Latitude = 29 22.66 N
* NMEA Longitude = 085 30.54 W
* NMEA UTC (Time) = Sep 20 2021  19:24:08
* NMEA baud rate = 4800
# nquan = 17
# nvalues = 399                                   
# units = specified
# name 0 = scan: Scan Count
# name 1 = timeS: Time, Elapsed [seconds]
# name 2 = depSM: Depth [salt water, m]
# name 3 = prDM: Pressure, Digiquartz [db]
# name 4 = t090C: Temperature [ITS-90, deg C]
# name 5 = t190C: Temperature, 2 [ITS-90, deg C]
# name 6 = c0S/m: Conductivity [S/m]
# name 7 = c1S/m: Conductivity, 2 [S/m]
# name 8 = sbeox0V: Oxygen raw, SBE 43 [V]
# name 9 = sbeox1V: Oxygen raw, SBE 43, 2 [V]
# name 10 = altM: Altimeter [m]
# name 11 = latitude: Latitude [deg]
# name 12 = longitude: Longitude [deg]
# name 13 = sbox0dV/dT: Oxygen, SBE 43 [dov/dt]
# name 14 = sbox1dV/dT: Oxygen, SBE 43, 2 [dov/dt]
# name 15 = nbf: Bottles Fired
# name 16 = flag:  0.000e+00
# interval = seconds: 0.0416667
# start_time = Sep 20 2021 19:24:08 [NMEA time, header]
# bad_flag = -9.990e-29
*END*
[from data line 86]
      13186    549.375     23.864     24.027    28.7053    28.7008   5.643991   5.644421     2.7021     2.2796       9.99   29.37788  -85.50828   -0.00009   -0.00086          1  0.000e+00
      13187    549.417     23.894     24.058    28.7035    28.7005   5.644061   5.644342     2.7009     2.2784       9.99   29.37788  -85.50828   -0.00011   -0.00082          1  0.000e+00
      13188    549.458     23.841     24.004    28.7024    28.7001   5.644092   5.644350     2.7021     2.2784      10.01   29.37788  -85.50828   -0.00011   -0.00076          1  0.000e+00
      13189    549.500     23.894     24.058    28.7018    28.7001   5.644115   5.644389     2.7021     2.2784       9.99   29.37788  -85.50828   -0.00012   -0.00070          1  0.000e+00
      13190    549.542     23.841     24.004    28.7013    28.6997   5.644131   5.644358     2.7021     2.2784       9.99   29.37788  -85.50828   -0.00012   -0.00064          1  0.000e+00
      13191    549.583     23.894     24.058    28.7015    28.7001   5.644201   5.644421     2.7021     2.2784      10.01   29.37788  -85.50828   -0.00012   -0.00058          1  0.000e+00
      13192    549.625     23.811     23.974    28.7016    28.7001   5.644154   5.644452     2.7021     2.2784       9.99   29.37788  -85.50828   -0.00012   -0.00052          1  0.000e+00
      13193    549.667     23.841     24.004    28.7022    28.6999   5.644170   5.644271     2.7033     2.2784      10.01   29.37788  -85.50828   -0.00010   -0.00047          1  0.000e+00
      13194    549.708     23.894     24.058    28.7038    28.7001   5.644139   5.644286     2.7021     2.2772      10.01   29.37788  -85.50828   -0.00010   -0.00042          1  0.000e+00
      13195    549.750     23.894     24.058    28.7049    28.6995   5.644131   5.644421     2.7021     2.2772      10.01   29.37788  -85.50828   -0.00011   -0.00039          1  0.000e+00
      13196    549.792     23.841     24.004    28.7055    28.6993   5.644061   5.644413     2.7021     2.2772      10.01   29.37788  -85.50828   -0.00013   -0.00036          1  0.000e+00
      13197    549.833     23.841     24.004    28.7059    28.6993   5.644037   5.644397     2.7021     2.2772       9.99   29.37788  -85.50828   -0.00015   -0.00032          1  0.000e+00
      13198    549.875     23.924     24.088    28.7044    28.6993   5.644115   5.644358     2.7033     2.2772       9.99   29.37788  -85.50828   -0.00014   -0.00031          1  0.000e+00
      13199    549.917     23.780     23.944    28.7053    28.6992   5.644092   5.644397     2.7033     2.2772       9.99   29.37788  -85.50828   -0.00014   -0.00029          1  0.000e+00
      13200    549.958     23.894     24.058    28.7053    28.6993   5.644053   5.644397     2.7033     2.2759      10.01   29.37788  -85.50828   -0.00014   -0.00028          1  0.000e+00
      13201    550.000     23.894     24.058    28.7046    28.6996   5.644139   5.644397     2.7033     2.2759       9.99   29.37788  -85.50828   -0.00014   -0.00028          1  0.000e+00
      13202    550.042     23.841     24.004    28.7042    28.6997   5.644147   5.644397     2.7033     2.2759       9.99   29.37788  -85.50828   -0.00015   -0.00027          1  0.000e+00
      13203    550.083     23.841     24.004    28.7048    28.6997   5.644139   5.644373     2.7033     2.2759       9.96   29.37788  -85.50828   -0.00017   -0.00027          1  0.000e+00
      13204    550.125     23.864     24.027    28.7044    28.6997   5.644092   5.644389     2.7033     2.2759       9.99   29.37788  -85.50828   -0.00018   -0.00026          1  0.000e+00
      13205    550.167     23.841     24.004    28.7033    28.6995   5.644123   5.644358     2.7033     2.2759       9.99   29.37788  -85.50828   -0.00020   -0.00025          1  0.000e+00
      13206    550.208     23.894     24.058    28.7048    28.7001   5.644131   5.644381     2.7045     2.2759       9.96   29.37788  -85.50828   -0.00020   -0.00023          1  0.000e+00
      13207    550.250     23.780     23.944    28.7066    28.7001   5.644100   5.644373     2.7045     2.2759       9.96   29.37788  -85.50828   -0.00020   -0.00022          1  0.000e+00
      13208    550.292     23.894     24.058    28.7099    28.7001   5.644092   5.644389     2.7045     2.2759       9.96   29.37788  -85.50828   -0.00020   -0.00023          1  0.000e+00
      13209    550.333     23.841     24.004    28.7119    28.7001   5.644084   5.644358     2.7045     2.2759       9.99   29.37788  -85.50828   -0.00020   -0.00023          1  0.000e+00
      13210    550.375     23.864     24.027    28.7128    28.7001   5.644123   5.644350     2.7045     2.2759       9.96   29.37788  -85.50828   -0.00020   -0.00023          1  0.000e+00
      13211    550.417     23.841     24.004    28.7128    28.7007   5.644100   5.644397     2.7033     2.2759       9.96   29.37788  -85.50828   -0.00022   -0.00023          1  0.000e+00
      13212    550.458     23.841     24.004    28.7136    28.7010   5.644185   5.644294     2.7045     2.2759       9.96   29.37788  -85.50828   -0.00024   -0.00023          1  0.000e+00
      13213    550.500     23.841     24.004    28.7149    28.7014   5.644154   5.644263     2.7033     2.2772       9.99   29.37788  -85.50828   -0.00026   -0.00021          1  0.000e+00
      13214    550.542     23.841     24.004    28.7145    28.7036   5.644162   5.644302     2.7045     2.2759       9.96   29.37788  -85.50828   -0.00027   -0.00021          1  0.000e+00
      13215    550.583     23.841     24.004    28.7139    28.7060   5.644107   5.644310     2.7045     2.2772       9.96   29.37788  -85.50828   -0.00027   -0.00018          1  0.000e+00
      13216    550.625     23.811     23.974    28.7138    28.7071   5.644123   5.644444     2.7033     2.2772       9.99   29.37788  -85.50828   -0.00030   -0.00016          1  0.000e+00
      13217    550.667     23.841     24.004    28.7145    28.7088   5.644131   5.644523     2.7033     2.2772       9.96   29.37788  -85.50828   -0.00032   -0.00014          1  0.000e+00
      13218    550.708     23.780     23.944    28.7150    28.7112   5.644131   5.644579     2.7033     2.2759       9.96   29.37788  -85.50828   -0.00035   -0.00015          1  0.000e+00
      13219    550.750     23.894     24.058    28.7149    28.7123   5.644061   5.644547     2.7033     2.2759       9.99   29.37788  -85.50828   -0.00035   -0.00016          1  0.000e+00
      13220    550.792     23.780     23.944    28.7149    28.7121   5.644107   5.644571     2.7033     2.2772       9.96   29.37788  -85.50828   -0.00036   -0.00016          1  0.000e+00
      13221    550.833     23.841     24.004    28.7150    28.7110   5.644100   5.644587     2.7033     2.2759       9.99   29.37788  -85.50828   -0.00037   -0.00017          1  0.000e+00
      13222    550.875     23.811     23.974    28.7156    28.7121   5.644154   5.644555     2.7033     2.2759       9.96   29.37788  -85.50828   -0.00037   -0.00018          1  0.000e+00
      13223    550.917     23.841     24.004    28.7160    28.7123   5.644107   5.644539     2.7033     2.2759       9.96   29.37788  -85.50828   -0.00038   -0.00019          1  0.000e+00
      13224    550.958     23.841     24.004    28.7161    28.7097   5.644115   5.644539     2.7033     2.2759       9.96   29.37788  -85.50828   -0.00037   -0.00019          1  0.000e+00
      13225    551.000     23.841     24.004    28.7163    28.7077   5.644131   5.644539     2.7033     2.2772       9.99   29.37788  -85.50828   -0.00037   -0.00018          1  0.000e+00
      13226    551.042     23.780     23.944    28.7163    28.7062   5.644139   5.644539     2.7033     2.2759      10.01   29.37788  -85.50828   -0.00038   -0.00019          1  0.000e+00
      13227    551.083     23.780     23.944    28.7169    28.7051   5.644092   5.644539     2.7045     2.2759      10.01   29.37788  -85.50828   -0.00035   -0.00020          1  0.000e+00
      13228    551.125     23.864     24.027    28.7169    28.7049   5.644123   5.644539     2.7045     2.2772      10.01   29.37788  -85.50828   -0.00032   -0.00018          1  0.000e+00
      13229    551.167     23.780     23.944    28.7163    28.7041   5.644092   5.644516     2.7033     2.2772      10.01   29.37788  -85.50828   -0.00031   -0.00017          1  0.000e+00
      13230    551.208     23.841     24.004    28.7156    28.7040   5.644053   5.644421     2.7045     2.2772      10.01   29.37788  -85.50828   -0.00028   -0.00016          1  0.000e+00
      13231    551.250     23.780     23.944    28.7157    28.7051   5.644115   5.644397     2.7045     2.2772       9.99   29.37788  -85.50828   -0.00025   -0.00017          1  0.000e+00
      13232    551.292     23.780     23.944    28.7156    28.7078   5.644061   5.644357     2.7045     2.2772      10.01   29.37788  -85.50828   -0.00024   -0.00015          1  0.000e+00
      15684    653.458     14.941     15.044    28.4969    28.4943   5.507402   5.506696     3.0647     2.6093      18.44   29.37790  -85.50804    0.00317    0.00118          2  0.000e+00
      15685    653.500     15.244     15.348    28.4970    28.4936   5.507510   5.506454     3.0647     2.6093      18.44   29.37790  -85.50804    0.00317    0.00117          2  0.000e+00
      15686    653.542     15.108     15.211    28.4974    28.4931   5.507556   5.506219     3.0647     2.6105      18.44   29.37790  -85.50804    0.00316    0.00118          2  0.000e+00
      15687    653.583     15.334     15.439    28.4972    28.4934   5.507641   5.506298     3.0647     2.6105      18.44   29.37790  -85.50804    0.00317    0.00120          2  0.000e+00
      15688    653.625     15.191     15.295    28.4970    28.4946   5.507656   5.506830     3.0647     2.6105      18.44   29.37790  -85.50804    0.00318    0.00121          2  0.000e+00
      15689    653.667     15.221     15.325    28.4972    28.4978   5.507494   5.507706     3.0659     2.6105      18.44   29.37790  -85.50804    0.00320    0.00123          2  0.000e+00
      15690    653.708     15.221     15.325    28.4969    28.4984   5.507464   5.508081     3.0659     2.6105      18.44   29.37790  -85.50804    0.00321    0.00124          2  0.000e+00
      15691    653.750     15.244     15.348    28.4970    28.4983   5.507448   5.507987     3.0659     2.6105      18.44   29.37790  -85.50804    0.00322    0.00125          2  0.000e+00
      15692    653.792     15.168     15.272    28.4970    28.4981   5.507479   5.507839     3.0659     2.6105      18.44   29.37790  -85.50804    0.00324    0.00128          2  0.000e+00
      15693    653.833     15.244     15.348    28.4972    28.4978   5.507471   5.507667     3.0659     2.6105      18.44   29.37790  -85.50804    0.00326    0.00131          2  0.000e+00
      15694    653.875     15.168     15.272    28.4970    28.4969   5.507417   5.507385     3.0647     2.6105      18.44   29.37790  -85.50804    0.00325    0.00133          2  0.000e+00
      15695    653.917     15.221     15.325    28.4972    28.4959   5.507348   5.507064     3.0647     2.6105      18.44   29.37790  -85.50804    0.00324    0.00135          2  0.000e+00
      15696    653.958     15.244     15.348    28.4972    28.4953   5.507278   5.506814     3.0647     2.6105      18.44   29.37790  -85.50804    0.00325    0.00139          2  0.000e+00
      15697    654.000     15.168     15.272    28.4968    28.4947   5.507247   5.506665     3.0647     2.6093      18.44   29.37790  -85.50804    0.00325    0.00141          2  0.000e+00
      15698    654.042     15.221     15.325    28.4963    28.4943   5.507193   5.506556     3.0647     2.6093      18.44   29.37790  -85.50804    0.00327    0.00143          2  0.000e+00
      15699    654.083     15.244     15.348    28.4963    28.4945   5.507193   5.506704     3.0647     2.6081      18.44   29.37790  -85.50804    0.00328    0.00143          2  0.000e+00
      15700    654.125     15.168     15.272    28.4963    28.4954   5.507147   5.507095     3.0647     2.6093      18.44   29.37790  -85.50804    0.00329    0.00144          2  0.000e+00
      15701    654.167     15.221     15.325    28.4963    28.4974   5.507147   5.507753     3.0647     2.6081      18.44   29.37790  -85.50804    0.00328    0.00144          2  0.000e+00
      15702    654.208     15.191     15.295    28.4963    28.4975   5.507232   5.508042     3.0635     2.6081      18.44   29.37790  -85.50804    0.00327    0.00144          2  0.000e+00
      15703    654.250     15.221     15.325    28.4965    28.4980   5.507247   5.507909     3.0635     2.6081      18.44   29.37790  -85.50804    0.00325    0.00143          2  0.000e+00
      15704    654.292     15.168     15.272    28.4965    28.4977   5.507224   5.507643     3.0635     2.6081      18.44   29.37790  -85.50804    0.00323    0.00143          2  0.000e+00
      15705    654.333     15.191     15.295    28.4965    28.4961   5.507271   5.507197     3.0635     2.6081      18.44   29.37790  -85.50804    0.00321    0.00140          2  0.000e+00
      15706    654.375     15.221     15.325    28.4965    28.4946   5.507263   5.506743     3.0635     2.6081      18.44   29.37790  -85.50804    0.00319    0.00138          2  0.000e+00
      15707    654.417     15.191     15.295    28.4967    28.4932   5.507278   5.506243     3.0635     2.6081      18.44   29.37790  -85.50804    0.00316    0.00135          2  0.000e+00
      15708    654.458     15.168     15.272    28.4963    28.4923   5.507301   5.505946     3.0647     2.6081      18.44   29.37790  -85.50804    0.00315    0.00133          2  0.000e+00
      15709    654.500     15.221     15.325    28.4961    28.4919   5.507325   5.505766     3.0647     2.6081      18.46   29.37790  -85.50804    0.00313    0.00130          2  0.000e+00
      15710    654.542     15.191     15.295    28.4965    28.4918   5.507417   5.505750     3.0647     2.6081      18.44   29.37790  -85.50804    0.00311    0.00127          2  0.000e+00
      15711    654.583     15.221     15.325    28.4965    28.4917   5.507355   5.505695     3.0647     2.6081      18.44   29.37790  -85.50804    0.00309    0.00124          2  0.000e+00
      15712    654.625     15.168     15.272    28.4967    28.4914   5.507348   5.505664     3.0647     2.6081      18.44   29.37790  -85.50804    0.00306    0.00123          2  0.000e+00
      15713    654.667     15.191     15.295    28.4966    28.4913   5.507355   5.505766     3.0647     2.6081      18.46   29.37790  -85.50804    0.00303    0.00122          2  0.000e+00
      15714    654.708     15.221     15.325    28.4970    28.4918   5.507332   5.505914     3.0647     2.6081      18.44   29.37790  -85.50804    0.00300    0.00120          2  0.000e+00
      15715    654.750     15.168     15.272    28.4970    28.4921   5.507348   5.506008     3.0647     2.6081      18.44   29.37790  -85.50804    0.00298    0.00119          2  0.000e+00
      15716    654.792     15.191     15.295    28.4970    28.4923   5.507332   5.506071     3.0647     2.6081      18.44   29.37790  -85.50802    0.00296    0.00117          2  0.000e+00
      15717    654.833     15.168     15.272    28.4969    28.4926   5.507348   5.506180     3.0647     2.6081      18.44   29.37790  -85.50802    0.00294    0.00116          2  0.000e+00
      15718    654.875     15.221     15.325    28.4972    28.4927   5.507371   5.505969     3.0647     2.6081      18.44   29.37790  -85.50802    0.00291    0.00114          2  0.000e+00
      15719    654.917     15.191     15.295    28.4972    28.4925   5.507494   5.506000     3.0647     2.6081      18.44   29.37790  -85.50802    0.00288    0.00112          2  0.000e+00
      15720    654.958     15.168     15.272    28.4972    28.4928   5.507826   5.506063     3.0647     2.6081      18.44   29.37790  -85.50802    0.00285    0.00110          2  0.000e+00
