Gulf of Mexico/GOMECC-4/1db/rb2103_0071.ros
* Sea-Bird SBE 9 Data File:
* FileName = C:\Users\scs.user.rb\CTD\GOMECC4\data\rb2103_007.hex
* Software Version Seasave V 7.26.7.107
* Temperature SN = 4799
* Conductivity SN = 3860
* Number of Bytes Per Scan = 41
* Number of Voltage Words = 4
* Number of Scans Averaged by the Deck Unit = 1
* NMEA Latitude = 26 59.68 N
* NMEA Longitude = 080 00.17 W
* NMEA UTC (Time) = Sep 15 2021  04:57:46
* NMEA baud rate = 4800
# nquan = 17
# nvalues = 532                                   
# units = specified
# name 0 = scan: Scan Count
# name 1 = timeS: Time, Elapsed [seconds]
# name 2 = depSM: Depth [salt water, m]
# name 3 = prDM: Pressure, Digiquartz [db]
# name 4 = t090C: Temperature [ITS-90, deg C]
# name 5 = t190C: Temperature, 2 [ITS-90, deg C]
# name 6 = c0S/m: Conductivity [S/m]
# name 7 = c1S/m: Conductivity, 2 [S/m]
# name 8 = sbeox0V: Oxygen raw, SBE 43 [V]
# name 9 = sbeox1V: Oxygen raw, SBE 43, 2 [V]
# name 10 = altM: Altimeter [m]
# name 11 = latitude: Latitude [deg]
# name 12 = longitude: Longitude [deg]
# name 13 = sbox0dV/dT: Oxygen, SBE 43 [dov/dt]
# name 14 = sbox1dV/dT: Oxygen, SBE 43, 2 [dov/dt]
# name 15 = nbf: Bottles Fired
# name 16 = flag:  0.000e+00
# interval = seconds: 0.0416667
# start_time = Sep 15 2021 04:57:46 [NMEA time, header]
# bad_flag = -9.990e-29
*END*
[from data line 341]
      22080    919.958      9.930      9.996    29.8146    29.8166   5.882463   5.882921     3.1258     2.6557      26.03   26.99480  -80.00254    0.00092   -0.00253          3  0.000e+00
      22081    920.000      9.907      9.973    29.8144    29.8170   5.882439   5.882921     3.1258     2.6557      26.03   26.99480  -80.00254    0.00087   -0.00247          3  0.000e+00
      22082    920.042      9.816      9.881    29.8146    29.8166   5.882431   5.882880     3.1258     2.6557      26.03   26.99480  -80.00254    0.00082   -0.00241          3  0.000e+00
      22083    920.083      9.967     10.034    29.8146    29.8164   5.882534   5.882872     3.1258     2.6557      26.03   26.99480  -80.00254    0.00077   -0.00235          3  0.000e+00
      22084    920.125      9.869      9.935    29.8148    29.8163   5.882534   5.882905     3.1258     2.6545      26.03   26.99480  -80.00254    0.00074   -0.00230          3  0.000e+00
      22085    920.167      9.907      9.973    29.8146    29.8162   5.882527   5.882921     3.1258     2.6545      26.03   26.99480  -80.00254    0.00070   -0.00226          3  0.000e+00
      22086    920.208      9.869      9.935    29.8148    29.8160   5.882526   5.882880     3.1258     2.6545      26.03   26.99480  -80.00254    0.00066   -0.00221          3  0.000e+00
      22087    920.250      9.907      9.973    29.8152    29.8163   5.882527   5.882913     3.1258     2.6545      26.03   26.99480  -80.00254    0.00063   -0.00215          3  0.000e+00
      22088    920.292      9.930      9.996    29.8154    29.8160   5.882527   5.882848     3.1258     2.6545      26.03   26.99480  -80.00254    0.00059   -0.00210          3  0.000e+00
      22089    920.333      9.794      9.859    29.8150    29.8161   5.882526   5.882824     3.1245     2.6545      26.03   26.99480  -80.00254    0.00053   -0.00205          3  0.000e+00
      22090    920.375      9.930      9.996    29.8148    29.8160   5.882527   5.882856     3.1258     2.6532      26.03   26.99480  -80.00254    0.00049   -0.00201          3  0.000e+00
      22091    920.417      9.854      9.920    29.8152    29.8163   5.882526   5.882872     3.1258     2.6532      26.03   26.99480  -80.00254    0.00045   -0.00197          3  0.000e+00
      22092    920.458      9.907      9.973    29.8150    29.8162   5.882558   5.882872     3.1245     2.6532      26.01   26.99480  -80.00254    0.00040   -0.00192          3  0.000e+00
      22093    920.500      9.869      9.935    29.8152    29.8160   5.882534   5.882832     3.1258     2.6532      26.01   26.99480  -80.00254    0.00036   -0.00188          3  0.000e+00
      22094    920.542      9.854      9.920    29.8157    29.8163   5.882558   5.882856     3.1245     2.6532      26.03   26.99480  -80.00254    0.00030   -0.00181          3  0.000e+00
      22095    920.583      9.930      9.996    29.8159    29.8164   5.882574   5.882840     3.1245     2.6545      26.03   26.99480  -80.00254    0.00024   -0.00173          3  0.000e+00
      22096    920.625      9.854      9.920    29.8161    29.8163   5.882534   5.882824     3.1258     2.6532      26.01   26.99480  -80.00254    0.00021   -0.00166          3  0.000e+00
      22097    920.667      9.869      9.935    29.8157    29.8162   5.882630   5.882824     3.1258     2.6532      26.03   26.99480  -80.00254    0.00019   -0.00156          3  0.000e+00
      22098    920.708      9.854      9.920    29.8155    29.8165   5.882598   5.882856     3.1258     2.6532      26.03   26.99480  -80.00254    0.00016   -0.00149          3  0.000e+00
      22099    920.750      9.869      9.935    29.8155    29.8162   5.882574   5.882872     3.1258     2.6532      26.03   26.99480  -80.00254    0.00014   -0.00139          3  0.000e+00
      22100    920.792      9.854      9.920    29.8157    29.8162   5.882534   5.882905     3.1258     2.6520      26.03   26.99480  -80.00254    0.00011   -0.00131          3  0.000e+00
      22101    920.833      9.869      9.935    29.8161    29.8166   5.882630   5.882953     3.1258     2.6520      26.01   26.99480  -80.00254    0.00009   -0.00123          3  0.000e+00
      22102    920.875      9.854      9.920    29.8161    29.8173   5.882630   5.882969     3.1258     2.6520      26.03   26.99480  -80.00254    0.00008   -0.00114          3  0.000e+00
      22103    920.917      9.816      9.881    29.8163    29.8172   5.882582   5.882929     3.1270     2.6520      26.01   26.99480  -80.00254    0.00009   -0.00105          3  0.000e+00
      22104    920.958      9.907      9.973    29.8154    29.8173   5.882574   5.882953     3.1270     2.6520      26.03   26.99480  -80.00254    0.00009   -0.00096          3  0.000e+00
      22105    921.000      9.816      9.881    29.8152    29.8172   5.882574   5.882929     3.1270     2.6508      26.03   26.99480  -80.00254    0.00010   -0.00090          3  0.000e+00
      22106    921.042      9.854      9.920    29.8150    29.8170   5.882574   5.882921     3.1270     2.6508      26.03   26.99480  -80.00254    0.00011   -0.00083          3  0.000e+00
      22107    921.083      9.869      9.935    29.8148    29.8170   5.882534   5.882953     3.1282     2.6508      26.01   26.99480  -80.00254    0.00013   -0.00076          3  0.000e+00
      22108    921.125      9.794      9.859    29.8152    29.8168   5.882487   5.882856     3.1282     2.6508      26.03   26.99480  -80.00254    0.00016   -0.00069          3  0.000e+00
      22109    921.167      9.907      9.973    29.8148    29.8166   5.882511   5.882856     3.1282     2.6520      26.03   26.99480  -80.00254    0.00018   -0.00062          3  0.000e+00
      22110    921.208      9.816      9.881    29.8148    29.8163   5.882526   5.882872     3.1282     2.6520      26.01   26.99480  -80.00254    0.00020   -0.00054          3  0.000e+00
      22111    921.250      9.854      9.920    29.8152    29.8162   5.882526   5.882872     3.1282     2.6520      26.01   26.99480  -80.00254    0.00023   -0.00046          3  0.000e+00
      22112    921.292      9.816      9.881    29.8152    29.8161   5.882487   5.882832     3.1282     2.6520      26.01   26.99480  -80.00254    0.00025   -0.00040          3  0.000e+00
      22113    921.333      9.794      9.859    29.8154    29.8160   5.882550   5.882856     3.1294     2.6520      26.03   26.99480  -80.00254    0.00030   -0.00033          3  0.000e+00
      22114    921.375      9.869      9.935    29.8157    29.8160   5.882606   5.882800     3.1294     2.6520      26.03   26.99480  -80.00254    0.00034   -0.00026          3  0.000e+00
      22115    921.417      9.854      9.920    29.8154    29.8161   5.882582   5.882880     3.1306     2.6520      26.03   26.99480  -80.00254    0.00039   -0.00021          3  0.000e+00
      22116    921.458      9.816      9.881    29.8155    29.8160   5.882574   5.882848     3.1294     2.6508      26.11   26.99480  -80.00254    0.00043   -0.00018          3  0.000e+00
      22117    921.500      9.854      9.920    29.8155    29.8161   5.882534   5.882896     3.1294     2.6520      26.11   26.99480  -80.00254    0.00046   -0.00012          3  0.000e+00
      22118    921.542      9.816      9.881    29.8155    29.8166   5.882638   5.882888     3.1294     2.6520      26.11   26.99480  -80.00254    0.00049   -0.00008          3  0.000e+00
      22119    921.583      9.854      9.920    29.8157    29.8168   5.882598   5.882904     3.1294     2.6520      26.11   26.99480  -80.00254    0.00052   -0.00004          3  0.000e+00
      22120    921.625      9.816      9.881    29.8155    29.8171   5.882606   5.882880     3.1294     2.6520      26.11   26.99480  -80.00254    0.00056    0.00001          3  0.000e+00
      22121    921.667      9.794      9.859    29.8155    29.8167   5.882582   5.882904     3.1294     2.6532      26.13   26.99480  -80.00254    0.00058    0.00005          3  0.000e+00
      22122    921.708      9.816      9.881    29.8154    29.8170   5.882503   5.882921     3.1294     2.6532      26.13   26.99480  -80.00254    0.00061    0.00009          3  0.000e+00
      22123    921.750      9.854      9.920    29.8154    29.8170   5.882582   5.882921     3.1282     2.6532      26.11   26.99480  -80.00254    0.00062    0.00014          3  0.000e+00
      22124    921.792      9.816      9.881    29.8153    29.8170   5.882582   5.882953     3.1282     2.6532      26.11   26.99482  -80.00252    0.00061    0.00017          3  0.000e+00
      22125    921.833      9.794      9.859    29.8154    29.8170   5.882574   5.882969     3.1282     2.6545      26.11   26.99482  -80.00252    0.00062    0.00021          3  0.000e+00
      22126    921.875      9.854      9.919    29.8155    29.8170   5.882606   5.883001     3.1282     2.6545      26.11   26.99482  -80.00252    0.00063    0.00024          3  0.000e+00
      22127    921.917      9.816      9.881    29.8159    29.8171   5.882622   5.883017     3.1270     2.6545      26.11   26.99482  -80.00252    0.00060    0.00025          3  0.000e+00
      22128    921.958      9.854      9.919    29.8163    29.8171   5.882622   5.882945     3.1270     2.6545      26.11   26.99482  -80.00252    0.00057    0.00026          3  0.000e+00
      22129    922.000      9.816      9.881    29.8163    29.8168   5.882661   5.882953     3.1270     2.6545      26.11   26.99482  -80.00252    0.00054    0.00027          3  0.000e+00
      22130    922.042      9.794      9.859    29.8167    29.8170   5.882709   5.882929     3.1258     2.6557      26.11   26.99482  -80.00252    0.00049    0.00030          3  0.000e+00
      22131    922.083      9.816      9.881    29.8168    29.8170   5.882749   5.882953     3.1270     2.6545      26.11   26.99482  -80.00252    0.00046    0.00029          3  0.000e+00
      22132    922.125      9.794      9.859    29.8168    29.8175   5.882733   5.882969     3.1258     2.6545      26.13   26.99482  -80.00252    0.00043    0.00027          3  0.000e+00
      22133    922.167      9.869      9.935    29.8170    29.8174   5.882725   5.883009     3.1258     2.6557      26.11   26.99482  -80.00252    0.00038    0.00028          3  0.000e+00
      22134    922.208      9.794      9.859    29.8168    29.8175   5.882717   5.882977     3.1258     2.6557      26.13   26.99482  -80.00252    0.00033    0.00028          3  0.000e+00
      22135    922.250      9.869      9.935    29.8167    29.8177   5.882717   5.883001     3.1258     2.6557      26.13   26.99482  -80.00252    0.00030    0.00027          3  0.000e+00
      22136    922.292      9.854      9.919    29.8167    29.8176   5.882685   5.883017     3.1258     2.6557      26.11   26.99482  -80.00252    0.00027    0.00027          3  0.000e+00
      22137    922.333      9.763      9.828    29.8165    29.8170   5.882669   5.883017     3.1258     2.6557      26.11   26.99482  -80.00252    0.00024    0.00026          3  0.000e+00
      24466   1019.375      4.476      4.506    29.8157    29.8174   5.882087   5.882451     3.1282     2.6557      31.45   26.99482  -80.00248    0.00065    0.00106          4  0.000e+00
      24467   1019.417      4.378      4.407    29.8154    29.8173   5.882015   5.882402     3.1270     2.6569      31.45   26.99482  -80.00248    0.00065    0.00102          4  0.000e+00
      24468   1019.458      4.604      4.635    29.8152    29.8172   5.881992   5.882427     3.1270     2.6569      31.43   26.99482  -80.00248    0.00065    0.00098          4  0.000e+00
      24469   1019.500      4.476      4.506    29.8152    29.8171   5.882023   5.882475     3.1282     2.6569      31.43   26.99482  -80.00248    0.00067    0.00093          4  0.000e+00
      24470   1019.542      4.491      4.521    29.8150    29.8173   5.882039   5.882451     3.1270     2.6569      31.43   26.99482  -80.00248    0.00069    0.00088          4  0.000e+00
      24471   1019.583      4.423      4.452    29.8146    29.8172   5.882047   5.882443     3.1270     2.6557      31.43   26.99482  -80.00248    0.00071    0.00083          4  0.000e+00
      24472   1019.625      4.491      4.521    29.8144    29.8171   5.881999   5.882443     3.1270     2.6557      31.43   26.99482  -80.00248    0.00071    0.00078          4  0.000e+00
      24473   1019.667      4.491      4.521    29.8144    29.8172   5.881952   5.882443     3.1270     2.6557      31.43   26.99482  -80.00248    0.00073    0.00072          4  0.000e+00
      24474   1019.708      4.476      4.506    29.8150    29.8171   5.881976   5.882403     3.1270     2.6545      31.43   26.99482  -80.00248    0.00073    0.00067          4  0.000e+00
      24475   1019.750      4.378      4.407    29.8152    29.8171   5.882023   5.882427     3.1270     2.6545      31.43   26.99482  -80.00248    0.00073    0.00061          4  0.000e+00
      24476   1019.792      4.589      4.620    29.8154    29.8170   5.882039   5.882403     3.1270     2.6545      31.43   26.99482  -80.00248    0.00073    0.00056          4  0.000e+00
      24477   1019.833      4.438      4.468    29.8155    29.8170   5.881999   5.882427     3.1258     2.6545      31.43   26.99482  -80.00248    0.00071    0.00050          4  0.000e+00
      24478   1019.875      4.476      4.506    29.8155    29.8172   5.882031   5.882403     3.1270     2.6545      31.40   26.99482  -80.00248    0.00069    0.00046          4  0.000e+00
      24479   1019.917      4.491      4.521    29.8154    29.8170   5.881999   5.882427     3.1258     2.6532      31.43   26.99482  -80.00248    0.00066    0.00040          4  0.000e+00
      24480   1019.958      4.491      4.521    29.8154    29.8170   5.882031   5.882443     3.1245     2.6532      31.43   26.99482  -80.00248    0.00061    0.00037          4  0.000e+00
      24481   1020.000      4.423      4.452    29.8150    29.8170   5.882047   5.882402     3.1258     2.6532      31.43   26.99482  -80.00248    0.00056    0.00033          4  0.000e+00
      24482   1020.042      4.491      4.521    29.8150    29.8170   5.881999   5.882394     3.1258     2.6532      31.43   26.99482  -80.00248    0.00050    0.00029          4  0.000e+00
      24483   1020.083      4.423      4.452    29.8151    29.8168   5.882031   5.882427     3.1258     2.6532      31.43   26.99482  -80.00248    0.00045    0.00025          4  0.000e+00
      24484   1020.125      4.491      4.521    29.8154    29.8167   5.882047   5.882370     3.1245     2.6532      31.43   26.99482  -80.00248    0.00040    0.00021          4  0.000e+00
      24485   1020.167      4.438      4.468    29.8157    29.8166   5.882039   5.882378     3.1245     2.6532      31.43   26.99482  -80.00248    0.00033    0.00019          4  0.000e+00
      24486   1020.208      4.476      4.506    29.8157    29.8167   5.882079   5.882354     3.1258     2.6532      31.43   26.99482  -80.00248    0.00028    0.00017          4  0.000e+00
      24487   1020.250      4.378      4.407    29.8157    29.8170   5.882055   5.882378     3.1245     2.6532      31.43   26.99482  -80.00248    0.00022    0.00013          4  0.000e+00
      24488   1020.292      4.476      4.506    29.8154    29.8170   5.882071   5.882394     3.1245     2.6532      31.43   26.99482  -80.00248    0.00017    0.00012          4  0.000e+00
      24489   1020.333      4.438      4.468    29.8152    29.8166   5.882055   5.882394     3.1245     2.6532      31.43   26.99482  -80.00248    0.00010    0.00010          4  0.000e+00
      24490   1020.375      4.476      4.506    29.8150    29.8168   5.882047   5.882394     3.1245     2.6532      31.43   26.99482  -80.00248    0.00005    0.00008          4  0.000e+00
      24491   1020.417      4.491      4.521    29.8150    29.8167   5.881999   5.882354     3.1245     2.6532      31.43   26.99482  -80.00248   -0.00000    0.00007          4  0.000e+00
