Gulf of Mexico/GOMECC-4/1db/rb2103_0361.ros
* Sea-Bird SBE 9 Data File:
* FileName = C:\Users\scs.user.rb\CTD\GOMECC4\data\rb2103_0361.hex
* Software Version Seasave V 7.26.7.107
* Temperature SN = 4799
* Conductivity SN = 3860
* Number of Bytes Per Scan = 41
* Number of Voltage Words = 4
* Number of Scans Averaged by the Deck Unit = 1
* NMEA Latitude = 28 20.83 N
* NMEA Longitude = 087 59.99 W
* NMEA UTC (Time) = Sep 24 2021  17:05:11
* NMEA baud rate = 4800
# nquan = 17
# nvalues = 2793                                  
# units = specified
# name 0 = scan: Scan Count
# name 1 = timeS: Time, Elapsed [seconds]
# name 2 = depSM: Depth [salt water, m]
# name 3 = prDM: Pressure, Digiquartz [db]
# name 4 = t090C: Temperature [ITS-90, deg C]
# name 5 = t190C: Temperature, 2 [ITS-90, deg C]
# name 6 = c0S/m: Conductivity [S/m]
# name 7 = c1S/m: Conductivity, 2 [S/m]
# name 8 = sbeox0V: Oxygen raw, SBE 43 [V]
# name 9 = sbeox1V: Oxygen raw, SBE 43, 2 [V]
# name 10 = altM: Altimeter [m]
# name 11 = latitude: Latitude [deg]
# name 12 = longitude: Longitude [deg]
# name 13 = sbox0dV/dT: Oxygen, SBE 43 [dov/dt]
# name 14 = sbox1dV/dT: Oxygen, SBE 43, 2 [dov/dt]
# name 15 = nbf: Bottles Fired
# name 16 = flag:  0.000e+00
# interval = seconds: 0.0416667
# start_time = Sep 24 2021 17:05:11 [NMEA time, header]
# bad_flag = -9.990e-29
*END*
[from data line 2128]
     176701   7362.500     44.594     44.898    24.8437    24.8130   5.461559   5.458919     2.5690     2.1734     100.00   28.34786  -88.00098    0.00081    0.00085         17  0.000e+00
     176702   7362.542     44.760     45.066    24.8378    24.8092   5.460967   5.458513     2.5690     2.1722     100.00   28.34786  -88.00098    0.00089    0.00077         17  0.000e+00
     176703   7362.583     44.813     45.119    24.8404    24.8125   5.460952   5.458599     2.5690     2.1722     100.00   28.34786  -88.00098    0.00095    0.00068         17  0.000e+00
     176704   7362.625     44.760     45.066    24.8398    24.8154   5.461052   5.458856     2.5678     2.1722     100.00   28.34786  -88.00098    0.00099    0.00059         17  0.000e+00
     176705   7362.667     44.707     45.013    24.8397    24.8130   5.461005   5.458763     2.5678     2.1709     100.00   28.34786  -88.00098    0.00102    0.00050         17  0.000e+00
     176706   7362.708     44.760     45.066    24.8402    24.8092   5.461090   5.458568     2.5678     2.1722     100.00   28.34786  -88.00098    0.00104    0.00040         17  0.000e+00
     176707   7362.750     44.722     45.028    24.8410    24.8058   5.461121   5.458280     2.5678     2.1722     100.00   28.34786  -88.00098    0.00106    0.00031         17  0.000e+00
     176708   7362.792     44.760     45.066    24.8410    24.8074   5.461021   5.458272     2.5678     2.1722     100.00   28.34786  -88.00098    0.00109    0.00022         17  0.000e+00
     176709   7362.833     44.760     45.066    24.8397    24.8087   5.460852   5.458397     2.5690     2.1722     100.00   28.34786  -88.00098    0.00113    0.00013         17  0.000e+00
     176710   7362.875     44.760     45.066    24.8371    24.8085   5.460606   5.458467     2.5690     2.1722     100.00   28.34786  -88.00098    0.00115    0.00003         17  0.000e+00
     176711   7362.917     44.760     45.066    24.8353    24.8110   5.460567   5.459082     2.5690     2.1722     100.00   28.34786  -88.00098    0.00117   -0.00006         17  0.000e+00
     176712   7362.958     44.760     45.066    24.8351    24.8233   5.460613   5.460236     2.5690     2.1722     100.00   28.34786  -88.00098    0.00121   -0.00014         17  0.000e+00
     176713   7363.000     44.775     45.081    24.8369    24.8371   5.460690   5.461124     2.5690     2.1722     100.00   28.34786  -88.00098    0.00121   -0.00021         17  0.000e+00
     176714   7363.042     44.707     45.013    24.8372    24.8355   5.460782   5.461046     2.5690     2.1722     100.00   28.34786  -88.00098    0.00121   -0.00029         17  0.000e+00
     176715   7363.083     44.813     45.119    24.8375    24.8300   5.460775   5.460750     2.5690     2.1722     100.00   28.34786  -88.00098    0.00121   -0.00037         17  0.000e+00
     176716   7363.125     44.760     45.066    24.8371    24.8286   5.460790   5.460688     2.5690     2.1722     100.00   28.34786  -88.00098    0.00121   -0.00044         17  0.000e+00
     176717   7363.167     44.760     45.066    24.8366    24.8278   5.460844   5.460548     2.5690     2.1734     100.00   28.34786  -88.00098    0.00120   -0.00048         17  0.000e+00
     176718   7363.208     44.760     45.066    24.8376    24.8222   5.460882   5.459924     2.5690     2.1734     100.00   28.34786  -88.00098    0.00120   -0.00052         17  0.000e+00
     176719   7363.250     44.722     45.028    24.8378    24.8163   5.460998   5.459363     2.5690     2.1734     100.00   28.34786  -88.00098    0.00119   -0.00057         17  0.000e+00
     176720   7363.292     44.813     45.119    24.8382    24.8178   5.461029   5.459269     2.5702     2.1734     100.00   28.34786  -88.00098    0.00120   -0.00061         17  0.000e+00
     176721   7363.333     44.707     45.013    24.8387    24.8170   5.461098   5.459074     2.5702     2.1734     100.00   28.34786  -88.00098    0.00121   -0.00065         17  0.000e+00
     176722   7363.375     44.813     45.119    24.8393    24.8114   5.461152   5.458638     2.5702     2.1734     100.00   28.34786  -88.00098    0.00121   -0.00069         17  0.000e+00
     176723   7363.417     44.760     45.066    24.8396    24.8076   5.461167   5.458311     2.5690     2.1734     100.00   28.34786  -88.00098    0.00118   -0.00073         17  0.000e+00
     176724   7363.458     44.760     45.066    24.8405    24.8042   5.461198   5.458085     2.5690     2.1722     100.00   28.34786  -88.00098    0.00115   -0.00079         17  0.000e+00
     176725   7363.500     44.760     45.066    24.8407    24.8047   5.461182   5.458256     2.5690     2.1734     100.00   28.34786  -88.00098    0.00111   -0.00081         17  0.000e+00
     176726   7363.542     44.722     45.028    24.8412    24.8128   5.461267   5.458919     2.5690     2.1734     100.00   28.34786  -88.00098    0.00109   -0.00083         17  0.000e+00
     176727   7363.583     44.813     45.119    24.8424    24.8188   5.461367   5.459410     2.5690     2.1734     100.00   28.34786  -88.00098    0.00105   -0.00086         17  0.000e+00
     176728   7363.625     44.760     45.066    24.8441    24.8246   5.461498   5.459885     2.5702     2.1734     100.00   28.34786  -88.00098    0.00105   -0.00088         17  0.000e+00
     176729   7363.667     44.760     45.066    24.8465    24.8296   5.461559   5.460243     2.5702     2.1734     100.00   28.34786  -88.00098    0.00104   -0.00090         17  0.000e+00
     176730   7363.708     44.707     45.013    24.8441    24.8275   5.461575   5.460119     2.5702     2.1722     100.00   28.34786  -88.00098    0.00103   -0.00094         17  0.000e+00
     176731   7363.750     44.874     45.180    24.8457    24.8222   5.461675   5.459675     2.5702     2.1722     100.00   28.34786  -88.00098    0.00102   -0.00098         17  0.000e+00
     176732   7363.792     44.775     45.081    24.8499    24.8206   5.461882   5.459386     2.5702     2.1734     100.00   28.34786  -88.00098    0.00103   -0.00100         17  0.000e+00
     176733   7363.833     44.760     45.066    24.8515    24.8154   5.462036   5.458958     2.5702     2.1734     100.00   28.34786  -88.00098    0.00102   -0.00102         17  0.000e+00
     176734   7363.875     44.760     45.066    24.8439    24.8092   5.461698   5.458490     2.5690     2.1734     100.00   28.34786  -88.00098    0.00098   -0.00104         17  0.000e+00
     176735   7363.917     44.760     45.066    24.8392    24.8051   5.461305   5.458171     2.5690     2.1722     100.00   28.34786  -88.00098    0.00097   -0.00107         17  0.000e+00
     176736   7363.958     44.813     45.119    24.8380    24.8023   5.461075   5.457945     2.5690     2.1722     100.00   28.34786  -88.00098    0.00095   -0.00111         17  0.000e+00
     176737   7364.000     44.760     45.066    24.8387    24.8011   5.461029   5.457750     2.5690     2.1722     100.00   28.34786  -88.00098    0.00093   -0.00112         17  0.000e+00
     176738   7364.042     44.775     45.081    24.8407    24.7998   5.461167   5.457680     2.5690     2.1722     100.00   28.34786  -88.00098    0.00091   -0.00116         17  0.000e+00
     176739   7364.083     44.813     45.119    24.8407    24.7996   5.461282   5.457594     2.5702     2.1722     100.00   28.34786  -88.00098    0.00093   -0.00117         17  0.000e+00
     176740   7364.125     44.760     45.066    24.8414    24.7994   5.461367   5.457602     2.5702     2.1722     100.00   28.34786  -88.00098    0.00094   -0.00119         17  0.000e+00
     176741   7364.167     44.813     45.119    24.8427    24.7994   5.461359   5.457586     2.5690     2.1722     100.00   28.34786  -88.00098    0.00094   -0.00120         17  0.000e+00
     176742   7364.208     44.760     45.066    24.8430    24.7994   5.461444   5.457602     2.5702     2.1722     100.00   28.34786  -88.00098    0.00097   -0.00121         17  0.000e+00
     176743   7364.250     44.813     45.119    24.8441    24.7994   5.461451   5.457578     2.5702     2.1722     100.00   28.34786  -88.00098    0.00098   -0.00122         17  0.000e+00
     176744   7364.292     44.775     45.081    24.8455    24.7998   5.461582   5.457610     2.5690     2.1722     100.00   28.34786  -88.00098    0.00097   -0.00123         17  0.000e+00
     176745   7364.333     44.760     45.066    24.8473    24.8020   5.461721   5.457984     2.5702     2.1722     100.00   28.34786  -88.00098    0.00098   -0.00124         17  0.000e+00
     176746   7364.375     44.813     45.119    24.8504    24.8096   5.461890   5.458755     2.5702     2.1722     100.00   28.34786  -88.00098    0.00099   -0.00125         17  0.000e+00
     176747   7364.417     44.813     45.119    24.8519    24.8137   5.462036   5.459137     2.5702     2.1722     100.00   28.34786  -88.00098    0.00100   -0.00126         17  0.000e+00
     176748   7364.458     44.813     45.119    24.8526    24.8108   5.462036   5.458856     2.5702     2.1722     100.00   28.34786  -88.00098    0.00101   -0.00126         17  0.000e+00
     176749   7364.500     44.760     45.066    24.8506    24.8074   5.461721   5.458506     2.5714     2.1722     100.00   28.34786  -88.00098    0.00103   -0.00127         17  0.000e+00
     176750   7364.542     44.813     45.119    24.8398    24.8049   5.460944   5.458256     2.5714     2.1722     100.00   28.34786  -88.00098    0.00105   -0.00127         17  0.000e+00
     176751   7364.583     44.828     45.135    24.8333    24.8031   5.460267   5.458038     2.5714     2.1722     100.00   28.34786  -88.00098    0.00107   -0.00128         17  0.000e+00
     176752   7364.625     44.813     45.119    24.8331    24.8023   5.459960   5.457875     2.5714     2.1709     100.00   28.34786  -88.00098    0.00111   -0.00128         17  0.000e+00
     176753   7364.667     44.760     45.066    24.8280    24.8020   5.459737   5.457867     2.5726     2.1709     100.00   28.34786  -88.00098    0.00112   -0.00129         17  0.000e+00
     176754   7364.708     44.813     45.119    24.8253    24.8011   5.459637   5.457820     2.5714     2.1709     100.00   28.34786  -88.00098    0.00112   -0.00131         17  0.000e+00
     176755   7364.750     44.813     45.119    24.8247    24.8007   5.459598   5.457898     2.5714     2.1709     100.00   28.34786  -88.00098    0.00113   -0.00132         17  0.000e+00
     176756   7364.792     44.813     45.119    24.8236    24.8065   5.459583   5.458443     2.5714     2.1709     100.00   28.34786  -88.00098    0.00115   -0.00134         17  0.000e+00
     176757   7364.833     44.828     45.135    24.8239    24.8195   5.459583   5.459456     2.5714     2.1709     100.00   28.34786  -88.00098    0.00116   -0.00133         17  0.000e+00
     176758   7364.875     44.813     45.119    24.8263    24.8311   5.459752   5.460446     2.5726     2.1709     100.00   28.34786  -88.00098    0.00118   -0.00134         17  0.000e+00
     176759   7364.917     44.813     45.120    24.8292    24.8385   5.459944   5.461062     2.5726     2.1697     100.00   28.34786  -88.00098    0.00121   -0.00137         17  0.000e+00
     176760   7364.958     44.813     45.120    24.8315    24.8376   5.460160   5.460976     2.5726     2.1697     100.00   28.34786  -88.00098    0.00123   -0.00139         17  0.000e+00
     176761   7365.000     44.813     45.120    24.8331    24.8262   5.460421   5.460228     2.5726     2.1697     100.00   28.34786  -88.00098    0.00125   -0.00141         17  0.000e+00
     176762   7365.042     44.813     45.120    24.8369    24.8157   5.460790   5.459394     2.5726     2.1697     100.00   28.34786  -88.00098    0.00129   -0.00143         17  0.000e+00
     176763   7365.083     44.776     45.081    24.8420    24.8094   5.461198   5.458685     2.5726     2.1697     100.00   28.34786  -88.00098    0.00133   -0.00145         17  0.000e+00
     176764   7365.125     44.813     45.120    24.8475    24.8036   5.461467   5.458139     2.5714     2.1697     100.00   28.34786  -88.00098    0.00133   -0.00147         17  0.000e+00
     176765   7365.167     44.874     45.180    24.8493    24.7989   5.461698   5.457688     2.5714     2.1697     100.00   28.34786  -88.00098    0.00133   -0.00148         17  0.000e+00
     176766   7365.208     44.813     45.120    24.8519    24.7971   5.461851   5.457462     2.5726     2.1697     100.00   28.34786  -88.00098    0.00134   -0.00150         17  0.000e+00
     176767   7365.250     44.813     45.120    24.8515    24.7973   5.461859   5.457532     2.5726     2.1697     100.00   28.34786  -88.00098    0.00137   -0.00149         17  0.000e+00
     176768   7365.292     44.813     45.120    24.8520    24.8016   5.461851   5.457976     2.5726     2.1697     100.00   28.34786  -88.00098    0.00138   -0.00150         17  0.000e+00
     176769   7365.333     44.829     45.135    24.8529    24.8045   5.461844   5.458350     2.5726     2.1697     100.00   28.34786  -88.00098    0.00139   -0.00151         17  0.000e+00
     176770   7365.375     44.813     45.120    24.8532    24.8089   5.461844   5.458771     2.5726     2.1685     100.00   28.34786  -88.00098    0.00140   -0.00152         17  0.000e+00
     176771   7365.417     44.813     45.120    24.8506    24.8126   5.461774   5.458880     2.5726     2.1697     100.00   28.34786  -88.00098    0.00140   -0.00152         17  0.000e+00
     176772   7365.458     44.874     45.180    24.8473    24.8119   5.461659   5.458778     2.5726     2.1697     100.00   28.34786  -88.00098    0.00141   -0.00152         17  0.000e+00
     176773   7365.500     44.761     45.066    24.8467    24.8087   5.461551   5.458607     2.5726     2.1697     100.00   28.34786  -88.00098    0.00141   -0.00152         17  0.000e+00
     176774   7365.542     44.874     45.180    24.8475    24.8080   5.461498   5.458560     2.5714     2.1697     100.00   28.34786  -88.00098    0.00139   -0.00150         17  0.000e+00
     176775   7365.583     44.813     45.120    24.8488    24.8051   5.461590   5.458365     2.5714     2.1685     100.00   28.34786  -88.00098    0.00138   -0.00150         17  0.000e+00
     176776   7365.625     44.829     45.135    24.8499    24.8016   5.461682   5.458015     2.5726     2.1697     100.00   28.34786  -88.00098    0.00137   -0.00149         17  0.000e+00
     176777   7365.667     44.813     45.120    24.8499    24.7996   5.461674   5.457789     2.5726     2.1697     100.00   28.34786  -88.00098    0.00137   -0.00148         17  0.000e+00
     176778   7365.708     44.813     45.120    24.8497    24.7975   5.461728   5.457688     2.5726     2.1697     100.00   28.34786  -88.00098    0.00136   -0.00147         17  0.000e+00
     176779   7365.750     44.813     45.120    24.8502    24.7982   5.461890   5.457695     2.5726     2.1697     100.00   28.34786  -88.00098    0.00136   -0.00145         17  0.000e+00
     176780   7365.792     44.813     45.120    24.8518    24.8029   5.462067   5.458046     2.5726     2.1697     100.00   28.34786  -88.00098    0.00135   -0.00143         17  0.000e+00
     176781   7365.833     44.813     45.120    24.8539    24.8044   5.462182   5.458225     2.5726     2.1697     100.00   28.34786  -88.00098    0.00135   -0.00140         17  0.000e+00
     176782   7365.875     44.829     45.135    24.8542    24.8033   5.462274   5.458280     2.5726     2.1697     100.00   28.34786  -88.00098    0.00136   -0.00136         17  0.000e+00
     176783   7365.917     44.813     45.120    24.8538    24.8056   5.462328   5.458365     2.5726     2.1697     100.00   28.34786  -88.00098    0.00136   -0.00133         17  0.000e+00
     176784   7365.958     44.813     45.120    24.8532    24.8038   5.462274   5.458077     2.5714     2.1709     100.00   28.34786  -88.00098    0.00133   -0.00127         17  0.000e+00
