Gulf of Mexico/GOMECC-4/1db/rb2103_1211.cnv
* Sea-Bird SBE 9 Data File:
* FileName = C:\Users\scs.user.rb\CTD\GOMECC4\data\rb2103_1211.hex
* Software Version Seasave V 7.26.7.107
* Temperature SN = 4799
* Conductivity SN = 3860
* Number of Bytes Per Scan = 41
* Number of Voltage Words = 4
* Number of Scans Averaged by the Deck Unit = 1
* NMEA Latitude = 24 24.00 N
* NMEA Longitude = 080 37.48 W
* NMEA UTC (Time) = Oct 17 2021  18:24:48
* NMEA baud rate = 4800
# nquan = 28
# nvalues = 430                         
# units = specified
# name 0 = scan: Scan Count
# name 1 = timeS: Time, Elapsed [seconds]
# name 2 = depSM: Depth [salt water, m]
# name 3 = prDM: Pressure, Digiquartz [db]
# name 4 = t090C: Temperature [ITS-90, deg C]
# name 5 = t190C: Temperature, 2 [ITS-90, deg C]
# name 6 = c0S/m: Conductivity [S/m]
# name 7 = c1S/m: Conductivity, 2 [S/m]
# name 8 = sbeox0V: Oxygen raw, SBE 43 [V]
# name 9 = sbeox1V: Oxygen raw, SBE 43, 2 [V]
# name 10 = altM: Altimeter [m]
# name 11 = latitude: Latitude [deg]
# name 12 = longitude: Longitude [deg]
# name 13 = sbox0dV/dT: Oxygen, SBE 43 [dov/dt]
# name 14 = sbox1dV/dT: Oxygen, SBE 43, 2 [dov/dt]
# name 15 = sbeox0ML/L: Oxygen, SBE 43 [ml/l], WS = 5
# name 16 = sbeox1ML/L: Oxygen, SBE 43, 2 [ml/l], WS = 5
# name 17 = potemp090C: Potential Temperature [ITS-90, deg C]
# name 18 = potemp190C: Potential Temperature, 2 [ITS-90, deg C]
# name 19 = sal00: Salinity, Practical [PSU]
# name 20 = sal11: Salinity, Practical, 2 [PSU]
# name 21 = sigma-é00: Density [sigma-theta, kg/m^3]
# name 22 = sigma-é11: Density, 2 [sigma-theta, kg/m^3]
# name 23 = avgsvCM: Average Sound Velocity [Chen-Millero, m/s], minP = 20, minS = 20
# name 24 = sbox0Mm/Kg: Oxygen, SBE 43 [umol/kg], WS = 5
# name 25 = sbox1Mm/Kg: Oxygen, SBE 43, 2 [umol/kg], WS = 5
# name 26 = nbin: number of scans per bin
# name 27 = flag: flag
# span 0 =      22597,      77438       
# span 1 =    941.498,   3226.540       
# span 2 =      0.994,    357.389       
# span 3 =      1.000,    360.000       
# span 4 =    12.4506,    29.1284       
# span 5 =    12.4499,    29.1803       
# span 6 =   4.118519,   5.928156       
# span 7 =   4.118575,   5.928503       
# span 8 =     1.7887,     3.2070       
# span 9 =     1.4720,     2.7179       
# span 10 =      13.17,     104.51      
# span 11 =   22.55827,   24.51490      
# span 12 =  -80.93901,  -74.46373      
# span 13 =   -0.02051,    0.01349      
# span 14 =   -0.01967,    0.01388      
# span 15 =     2.7984,     4.5442      
# span 16 =     2.8119,     4.5240      
# span 17 =    12.4019,    29.1282      
# span 18 =    12.4012,    29.1800      
# span 19 =    33.4673,    36.9578      
# span 20 =    33.4690,    36.9597      
# span 21 =    21.2116,    26.9575      
# span 22 =    21.2077,    26.9576      
# span 23 =       0.00,    1548.02      
# span 24 =    121.695,    198.342      
# span 25 =    122.286,    197.464      
# span 26 =         30,         79      
# span 27 = 0.0000e+00, 0.0000e+00      
# interval = decibars: 1                
# start_time = Oct 17 2021 18:24:48 [NMEA time, header]
# bad_flag = -9.990e-29
*END*
[from data line 415]
      61240   2551.629     52.655     53.000    28.7203    28.7248   5.879723   5.879744     3.1820     2.6950      99.94   24.39720  -80.55589   -0.00088   -0.00065     4.4756     4.4562    28.7075    28.7120    36.2229    36.2225    23.0773    23.0755    1526.57    195.368    194.522         64 0.0000e+00
      61364   2556.810     51.661     52.000    28.7814    28.7299   5.887035   5.882250     3.1766     2.6924     100.00   24.41143  -80.60274   -0.00184   -0.00082     4.4600     4.4499    28.7688    28.7174    36.2418    36.2473    23.0742    23.0956    1527.46    194.692    194.245         49 0.0000e+00
      61449   2560.334     50.668     51.000    28.8138    28.8031   5.890356   5.889205     3.1747     2.6910     100.00   24.41145  -80.60270   -0.00051    0.00056     4.4540     4.4415    28.8015    28.7908    36.2400    36.2402    23.0620    23.0657    1527.46    194.433    193.887         72 0.0000e+00
      61521   2563.317     49.674     50.000    28.8597    28.8737   5.894801   5.896286     3.1597     2.6709     100.00   24.41146  -80.60266   -0.00325   -0.00808     4.4226     4.3954    28.8476    28.8616    36.2363    36.2360    23.0438    23.0389    1527.46    193.066    191.877         46 0.0000e+00
      61620   2567.469     48.681     49.000    28.8732    28.8552   5.895988   5.894372     3.1566     2.6715     100.00   24.41149  -80.60261   -0.00094   -0.00019     4.4156     4.3974    28.8613    28.8434    36.2346    36.2371    23.0379    23.0458    1527.46    192.760    191.962         53 0.0000e+00
      61724   2571.799     47.688     48.000    28.8890    28.8578   5.897564   5.894597     3.1506     2.6715     100.00   24.41151  -80.60257   -0.00150    0.00006     4.4031     4.3968    28.8774    28.8462    36.2338    36.2370    23.0319    23.0447    1527.46    192.215    191.936         34 0.0000e+00
      63301   2637.485     43.714     44.000    28.9557    28.9571   5.907534   5.907890     3.1522     2.6648     100.05   24.44077  -80.69716   -0.00089   -0.00041     4.3999     4.3753    28.9450    28.9464    36.2739    36.2753    23.0459    23.0464    1529.27    192.077    191.005         37 0.0000e+00
      63328   2638.645     42.721     43.000    28.9216    28.9224   5.900541   5.900823     3.1513     2.6619     100.00   24.41193  -80.60181    0.00043   -0.00038     4.3994     4.3703    28.9112    28.9120    36.2311    36.2325    23.0186    23.0194    1527.46    192.054    190.787         39 0.0000e+00
      63484   2645.135     38.747     39.000    28.8212    28.8199   5.878682   5.878771     3.1381     2.6514      99.61   24.31768  -80.29008   -0.00030   -0.00042     4.3776     4.3502    28.8117    28.8104    36.0902    36.0918    22.9248    22.9265    1521.56    191.107    189.910         34 0.0000e+00
      65698   2737.373     34.773     35.000    29.0210    29.0831   5.928156   5.928503     3.1624     2.6707     100.42   24.51490  -80.93901   -0.00093    0.00087     4.3975     4.3780    29.0125    29.0746    36.3000    36.3773    23.0478    23.0967    1533.87    191.979    191.127         42 0.0000e+00
      65921   2746.679     32.786     33.000    29.0117    29.0119   5.913170   5.913394     3.1555     2.6670     100.16   24.45135  -80.72865   -0.00007    0.00041     4.3960     4.3708    29.0037    29.0039    36.2806    36.2822    23.0335    23.0346    1529.89    191.912    190.812         69 0.0000e+00
      65894   2745.533     31.793     32.000    28.9652    28.9684   5.903743   5.904181     3.1514     2.6599     100.00   24.41259  -80.60055   -0.00070   -0.00298     4.3907     4.3575    28.9575    28.9606    36.2236    36.2241    22.9974    22.9967    1527.46    191.681    190.230         31 0.0000e+00
      66007   2750.236     30.800     31.000    28.9747    28.9710   5.904588   5.904450     3.1507     2.6644     100.00   24.41262  -80.60049    0.00010    0.00012     4.3877     4.3658    28.9672    28.9634    36.2225    36.2244    22.9933    22.9960    1527.46    191.552    190.593         65 0.0000e+00
      71455   2977.249      1.987      2.000    26.8618    26.8771   5.464335   5.466252     2.9195     2.4687      89.70   22.55827  -74.46373    0.00073    0.00009     4.0486     4.0259    26.8613    26.8766    33.4673    33.4690    21.2116    21.2077    1411.26    176.752    175.763         40 0.0000e+00
      77438   3226.540      0.994      1.000    29.1284    29.1803   5.920334   5.926585     3.1613     2.6732      98.52   24.41567  -80.59471    0.00040    0.00037     4.3797     4.3529    29.1282    29.1800    36.2237    36.2275    22.9401    22.9256    1527.46    191.209    190.045         60 0.0000e+00
