Gulf of Mexico/GOMECC-4/1db/rb2103_1041.ros
* Sea-Bird SBE 9 Data File:
* FileName = C:\Users\scs.user.rb\CTD\GOMECC4\data\rb2103_1041.hex
* Software Version Seasave V 7.26.7.107
* Temperature SN = 4799
* Conductivity SN = 3860
* Number of Bytes Per Scan = 41
* Number of Voltage Words = 4
* Number of Scans Averaged by the Deck Unit = 1
* NMEA Latitude = 24 59.65 N
* NMEA Longitude = 087 59.43 W
* NMEA UTC (Time) = Oct 13 2021  08:39:27
* NMEA baud rate = 4800
# nquan = 17
# nvalues = 3192                                  
# units = specified
# name 0 = scan: Scan Count
# name 1 = timeS: Time, Elapsed [seconds]
# name 2 = depSM: Depth [salt water, m]
# name 3 = prDM: Pressure, Digiquartz [db]
# name 4 = t090C: Temperature [ITS-90, deg C]
# name 5 = t190C: Temperature, 2 [ITS-90, deg C]
# name 6 = c0S/m: Conductivity [S/m]
# name 7 = c1S/m: Conductivity, 2 [S/m]
# name 8 = sbeox0V: Oxygen raw, SBE 43 [V]
# name 9 = sbeox1V: Oxygen raw, SBE 43, 2 [V]
# name 10 = altM: Altimeter [m]
# name 11 = latitude: Latitude [deg]
# name 12 = longitude: Longitude [deg]
# name 13 = sbox0dV/dT: Oxygen, SBE 43 [dov/dt]
# name 14 = sbox1dV/dT: Oxygen, SBE 43, 2 [dov/dt]
# name 15 = nbf: Bottles Fired
# name 16 = flag:  0.000e+00
# interval = seconds: 0.0416667
# start_time = Oct 13 2021 08:39:27 [NMEA time, header]
# bad_flag = -9.990e-29
*END*
[from data line 2979]
     227955   9498.083     14.935     15.032    29.5169    29.5191   5.971967   5.972314     3.1502     2.6654     100.00   25.01738  -88.00454   -0.00029    0.00003         23  0.000e+00
     227956   9498.125     14.935     15.032    29.5175    29.5191   5.971959   5.972290     3.1490     2.6654     100.00   25.01738  -88.00454   -0.00030    0.00006         23  0.000e+00
     227957   9498.167     14.934     15.032    29.5171    29.5191   5.971991   5.972282     3.1502     2.6654     100.00   25.01738  -88.00454   -0.00030    0.00011         23  0.000e+00
     227958   9498.208     14.934     15.032    29.5172    29.5193   5.971983   5.972354     3.1490     2.6654     100.00   25.01738  -88.00454   -0.00033    0.00014         23  0.000e+00
     227959   9498.250     14.934     15.032    29.5171    29.5193   5.971927   5.972379     3.1502     2.6654     100.00   25.01738  -88.00454   -0.00032    0.00020         23  0.000e+00
     227960   9498.292     14.887     14.984    29.5171    29.5193   5.971943   5.972338     3.1490     2.6642     100.00   25.01738  -88.00454   -0.00033    0.00023         23  0.000e+00
     227961   9498.333     14.934     15.032    29.5168    29.5193   5.971919   5.972290     3.1490     2.6630     100.00   25.01738  -88.00454   -0.00034    0.00025         23  0.000e+00
     227962   9498.375     14.934     15.032    29.5173    29.5195   5.971911   5.972354     3.1490     2.6642     100.00   25.01738  -88.00454   -0.00035    0.00032         23  0.000e+00
     227963   9498.417     14.934     15.032    29.5169    29.5191   5.971943   5.972338     3.1490     2.6642     100.00   25.01738  -88.00454   -0.00034    0.00036         23  0.000e+00
     227964   9498.458     14.887     14.984    29.5166    29.5191   5.971975   5.972330     3.1490     2.6630     100.00   25.01738  -88.00454   -0.00035    0.00037         23  0.000e+00
     227965   9498.500     14.934     15.032    29.5162    29.5191   5.971927   5.972363     3.1490     2.6630     100.00   25.01738  -88.00454   -0.00034    0.00042         23  0.000e+00
     227966   9498.542     14.934     15.031    29.5166    29.5191   5.971943   5.972338     3.1490     2.6630     100.00   25.01738  -88.00454   -0.00034    0.00046         23  0.000e+00
     227967   9498.583     14.934     15.031    29.5163    29.5195   5.971887   5.972363     3.1490     2.6618     100.00   25.01738  -88.00454   -0.00035    0.00049         23  0.000e+00
     227968   9498.625     14.887     14.984    29.5164    29.5195   5.971815   5.972395     3.1490     2.6618     100.00   25.01738  -88.00454   -0.00033    0.00052         23  0.000e+00
     227969   9498.667     14.934     15.031    29.5162    29.5195   5.971879   5.972306     3.1490     2.6618     100.00   25.01738  -88.00454   -0.00034    0.00056         23  0.000e+00
     227970   9498.708     14.887     14.984    29.5164    29.5195   5.971911   5.972314     3.1490     2.6618     100.00   25.01738  -88.00454   -0.00032    0.00059         23  0.000e+00
     227971   9498.750     14.934     15.031    29.5161    29.5193   5.971847   5.972330     3.1490     2.6618     100.00   25.01738  -88.00454   -0.00031    0.00062         23  0.000e+00
     227972   9498.792     14.934     15.031    29.5160    29.5193   5.971855   5.972330     3.1477     2.6618     100.00   25.01738  -88.00454   -0.00032    0.00066         23  0.000e+00
     227973   9498.833     14.887     14.984    29.5158    29.5195   5.971895   5.972403     3.1490     2.6618     100.00   25.01738  -88.00454   -0.00031    0.00069         23  0.000e+00
     227974   9498.875     14.934     15.031    29.5161    29.5197   5.971831   5.972387     3.1490     2.6606     100.00   25.01738  -88.00454   -0.00029    0.00070         23  0.000e+00
     227975   9498.917     14.887     14.984    29.5158    29.5197   5.971735   5.972379     3.1490     2.6618     100.00   25.01738  -88.00454   -0.00028    0.00070         23  0.000e+00
     227976   9498.958     14.934     15.031    29.5156    29.5198   5.971783   5.972379     3.1490     2.6618     100.00   25.01738  -88.00454   -0.00026    0.00070         23  0.000e+00
     227977   9499.000     14.887     14.983    29.5159    29.5200   5.971823   5.972379     3.1490     2.6606     100.00   25.01738  -88.00454   -0.00026    0.00067         23  0.000e+00
     227978   9499.042     14.934     15.031    29.5160    29.5197   5.971855   5.972379     3.1490     2.6606     100.00   25.01738  -88.00454   -0.00025    0.00062         23  0.000e+00
     227979   9499.083     14.887     14.983    29.5158    29.5200   5.971895   5.972411     3.1502     2.6606     100.00   25.01738  -88.00454   -0.00023    0.00055         23  0.000e+00
     227980   9499.125     14.934     15.031    29.5166    29.5214   5.971871   5.972500     3.1490     2.6606     100.00   25.01738  -88.00454   -0.00022    0.00049         23  0.000e+00
     227981   9499.167     14.880     14.977    29.5164    29.5217   5.971863   5.972557     3.1502     2.6606     100.00   25.01738  -88.00454   -0.00020    0.00040         23  0.000e+00
     227982   9499.208     14.934     15.031    29.5156    29.5221   5.971863   5.972605     3.1502     2.6606     100.00   25.01738  -88.00454   -0.00019    0.00031         23  0.000e+00
     227983   9499.250     14.886     14.983    29.5162    29.5221   5.971863   5.972597     3.1502     2.6606     100.00   25.01738  -88.00454   -0.00018    0.00021         23  0.000e+00
     227984   9499.292     14.934     15.031    29.5159    29.5221   5.971871   5.972614     3.1502     2.6606     100.00   25.01738  -88.00454   -0.00018    0.00010         23  0.000e+00
     227985   9499.333     14.886     14.983    29.5160    29.5219   5.971863   5.972581     3.1502     2.6606     100.00   25.01738  -88.00454   -0.00017   -0.00000         23  0.000e+00
     227986   9499.375     14.934     15.031    29.5154    29.5215   5.971895   5.972533     3.1490     2.6606     100.00   25.01738  -88.00454   -0.00018   -0.00009         23  0.000e+00
     227987   9499.417     14.886     14.983    29.5161    29.5217   5.971791   5.972557     3.1502     2.6606     100.00   25.01738  -88.00454   -0.00017   -0.00018         23  0.000e+00
     227988   9499.458     14.886     14.983    29.5160    29.5217   5.971831   5.972533     3.1502     2.6606     100.00   25.01738  -88.00454   -0.00018   -0.00028         23  0.000e+00
     227989   9499.500     14.934     15.031    29.5162    29.5215   5.971863   5.972597     3.1502     2.6606     100.00   25.01738  -88.00454   -0.00018   -0.00037         23  0.000e+00
     227990   9499.542     14.886     14.983    29.5161    29.5219   5.971863   5.972581     3.1490     2.6618     100.00   25.01738  -88.00454   -0.00019   -0.00043         23  0.000e+00
     227991   9499.583     14.934     15.031    29.5164    29.5221   5.971839   5.972605     3.1502     2.6618     100.00   25.01738  -88.00454   -0.00020   -0.00048         23  0.000e+00
     227992   9499.625     14.886     14.983    29.5164    29.5219   5.971887   5.972549     3.1502     2.6618     100.00   25.01738  -88.00454   -0.00021   -0.00052         23  0.000e+00
     227993   9499.667     14.934     15.031    29.5164    29.5221   5.971911   5.972557     3.1502     2.6618     100.00   25.01738  -88.00454   -0.00022   -0.00057         23  0.000e+00
     227994   9499.708     14.886     14.983    29.5162    29.5221   5.971911   5.972646     3.1502     2.6618     100.00   25.01738  -88.00454   -0.00023   -0.00059         23  0.000e+00
     227995   9499.750     14.933     15.031    29.5169    29.5221   5.971911   5.972597     3.1502     2.6630     100.00   25.01738  -88.00454   -0.00022   -0.00060         23  0.000e+00
     227996   9499.792     14.886     14.983    29.5162    29.5221   5.971911   5.972605     3.1502     2.6630     100.00   25.01738  -88.00454   -0.00022   -0.00059         23  0.000e+00
     227997   9499.833     14.933     15.031    29.5168    29.5219   5.971919   5.972581     3.1502     2.6630     100.00   25.01738  -88.00454   -0.00021   -0.00058         23  0.000e+00
     227998   9499.875     14.933     15.031    29.5166    29.5219   5.971911   5.972606     3.1502     2.6630     100.00   25.01738  -88.00454   -0.00021   -0.00057         23  0.000e+00
     227999   9499.917     14.886     14.983    29.5166    29.5219   5.971911   5.972654     3.1502     2.6630     100.00   25.01738  -88.00454   -0.00020   -0.00052         23  0.000e+00
     228000   9499.958     14.933     15.031    29.5161    29.5221   5.971911   5.972646     3.1502     2.6630     100.00   25.01738  -88.00454   -0.00019   -0.00051         23  0.000e+00
     228001   9500.000     14.886     14.983    29.5160    29.5217   5.971911   5.972589     3.1502     2.6642     100.00   25.01738  -88.00454   -0.00019   -0.00046         23  0.000e+00
     228002   9500.042     14.933     15.030    29.5162    29.5210   5.971871   5.972460     3.1502     2.6630     100.00   25.01738  -88.00454   -0.00018   -0.00042         23  0.000e+00
     228003   9500.083     14.933     15.030    29.5161    29.5202   5.971863   5.972387     3.1502     2.6642     100.00   25.01738  -88.00454   -0.00016   -0.00035         23  0.000e+00
     228004   9500.125     14.933     15.030    29.5153    29.5193   5.971839   5.972379     3.1502     2.6654     100.00   25.01738  -88.00454   -0.00015   -0.00029         23  0.000e+00
     228005   9500.167     14.879     14.976    29.5156    29.5189   5.971807   5.972306     3.1502     2.6630     100.00   25.01738  -88.00454   -0.00015   -0.00027         23  0.000e+00
     228006   9500.208     14.933     15.030    29.5155    29.5195   5.971807   5.972387     3.1502     2.6642     100.00   25.01738  -88.00454   -0.00014   -0.00023         23  0.000e+00
     228007   9500.250     14.933     15.030    29.5153    29.5197   5.971847   5.972354     3.1502     2.6654     100.00   25.01738  -88.00454   -0.00013   -0.00014         23  0.000e+00
     228008   9500.292     14.933     15.030    29.5162    29.5198   5.971815   5.972435     3.1502     2.6654     100.00   25.01738  -88.00454   -0.00013   -0.00006         23  0.000e+00
     228009   9500.333     14.933     15.030    29.5161    29.5200   5.971847   5.972435     3.1502     2.6654     100.00   25.01738  -88.00454   -0.00012    0.00000         23  0.000e+00
     228010   9500.375     14.933     15.030    29.5160    29.5206   5.971839   5.972427     3.1502     2.6654     100.00   25.01738  -88.00454   -0.00011    0.00005         23  0.000e+00
     228011   9500.417     14.933     15.030    29.5160    29.5204   5.971855   5.972460     3.1502     2.6654     100.00   25.01738  -88.00454   -0.00011    0.00011         23  0.000e+00
     228012   9500.458     14.933     15.030    29.5160    29.5206   5.971863   5.972435     3.1502     2.6654     100.00   25.01738  -88.00454   -0.00010    0.00019         23  0.000e+00
     228013   9500.500     14.933     15.030    29.5159    29.5211   5.971863   5.972500     3.1502     2.6679     100.00   25.01738  -88.00454   -0.00009    0.00027         23  0.000e+00
     228014   9500.542     14.933     15.030    29.5156    29.5214   5.971815   5.972525     3.1502     2.6667     100.00   25.01738  -88.00454   -0.00009    0.00033         23  0.000e+00
     228015   9500.583     14.933     15.030    29.5156    29.5215   5.971847   5.972541     3.1502     2.6667     100.00   25.01738  -88.00454   -0.00008    0.00040         23  0.000e+00
     228016   9500.625     14.933     15.030    29.5153    29.5214   5.971783   5.972565     3.1502     2.6679     100.00   25.01738  -88.00454   -0.00008    0.00047         23  0.000e+00
     228017   9500.667     14.980     15.078    29.5154    29.5214   5.971847   5.972533     3.1490     2.6679     100.00   25.01738  -88.00454   -0.00010    0.00055         23  0.000e+00
     228018   9500.708     14.933     15.030    29.5158    29.5215   5.971863   5.972557     3.1502     2.6667     100.00   25.01738  -88.00454   -0.00012    0.00060         23  0.000e+00
     228019   9500.750     14.933     15.030    29.5155    29.5217   5.971815   5.972606     3.1502     2.6667     100.00   25.01738  -88.00454   -0.00011    0.00064         23  0.000e+00
     228020   9500.792     14.987     15.084    29.5156    29.5227   5.971767   5.972727     3.1502     2.6679     100.00   25.01740  -88.00456   -0.00012    0.00069         23  0.000e+00
     228021   9500.833     14.933     15.030    29.5158    29.5230   5.971791   5.972727     3.1502     2.6654     100.00   25.01740  -88.00456   -0.00012    0.00071         23  0.000e+00
     228022   9500.875     14.933     15.030    29.5159    29.5234   5.971879   5.972719     3.1502     2.6654     100.00   25.01740  -88.00456   -0.00011    0.00075         23  0.000e+00
     228023   9500.917     14.933     15.030    29.5160    29.5240   5.971919   5.972824     3.1502     2.6654     100.00   25.01740  -88.00456   -0.00012    0.00076         23  0.000e+00
     228024   9500.958     14.987     15.084    29.5162    29.5245   5.971911   5.972897     3.1502     2.6654     100.00   25.01740  -88.00456   -0.00012    0.00078         23  0.000e+00
     228025   9501.000     14.987     15.084    29.5167    29.5249   5.971911   5.972913     3.1514     2.6654     100.00   25.01740  -88.00456   -0.00009    0.00079         23  0.000e+00
     228026   9501.042     14.933     15.030    29.5170    29.5249   5.971983   5.972873     3.1502     2.6642     100.00   25.01740  -88.00456   -0.00009    0.00080         23  0.000e+00
     228027   9501.083     14.987     15.084    29.5180    29.5251   5.972039   5.972938     3.1502     2.6630     100.00   25.01740  -88.00456   -0.00009    0.00080         23  0.000e+00
     228028   9501.125     14.933     15.030    29.5186    29.5249   5.972127   5.972889     3.1502     2.6642     100.00   25.01740  -88.00456   -0.00008    0.00079         23  0.000e+00
     228029   9501.167     14.980     15.077    29.5196    29.5251   5.972111   5.972865     3.1502     2.6654     100.00   25.01740  -88.00456   -0.00008    0.00082         23  0.000e+00
     228030   9501.208     14.933     15.030    29.5191    29.5251   5.972191   5.972938     3.1514     2.6642     100.00   25.01740  -88.00456   -0.00005    0.00083         23  0.000e+00
     228031   9501.250     14.987     15.084    29.5191    29.5251   5.972167   5.972889     3.1502     2.6630     100.00   25.01740  -88.00456   -0.00005    0.00080         23  0.000e+00
     228032   9501.292     14.933     15.030    29.5187    29.5249   5.972111   5.972897     3.1502     2.6642     100.00   25.01740  -88.00456   -0.00003    0.00080         23  0.000e+00
     228033   9501.333     14.987     15.084    29.5191    29.5249   5.972135   5.972889     3.1502     2.6654     100.00   25.01740  -88.00456   -0.00000    0.00081         23  0.000e+00
     228034   9501.375     14.987     15.084    29.5191    29.5251   5.972151   5.972865     3.1502     2.6654     100.00   25.01740  -88.00456    0.00000    0.00083         23  0.000e+00
     229777   9574.000      2.335      2.350    29.5105    29.5119   5.970705   5.971003     3.1563     2.6679     100.00   25.01780  -88.00500    0.00022   -0.00058         24  0.000e+00
     229778   9574.042      2.321      2.336    29.5105    29.5121   5.970729   5.971035     3.1551     2.6679     100.00   25.01780  -88.00500    0.00023   -0.00058         24  0.000e+00
     229779   9574.083      2.538      2.554    29.5105    29.5124   5.970705   5.971011     3.1551     2.6679     100.00   25.01780  -88.00500    0.00027   -0.00056         24  0.000e+00
     229780   9574.125      2.483      2.500    29.5100    29.5121   5.970649   5.971019     3.1551     2.6679     100.00   25.01780  -88.00500    0.00030   -0.00056         24  0.000e+00
