Gulf of Mexico/GOMECC-4/1db/rb2103_0351.ros
* Sea-Bird SBE 9 Data File:
* FileName = C:\Users\scs.user.rb\CTD\GOMECC4\data\rb2103_0351.hex
* Software Version Seasave V 7.26.7.107
* Temperature SN = 4799
* Conductivity SN = 3860
* Number of Bytes Per Scan = 41
* Number of Voltage Words = 4
* Number of Scans Averaged by the Deck Unit = 1
* NMEA Latitude = 28 42.06 N
* NMEA Longitude = 087 45.57 W
* NMEA UTC (Time) = Sep 24 2021  11:26:03
* NMEA baud rate = 4800
# nquan = 17
# nvalues = 3192                                  
# units = specified
# name 0 = scan: Scan Count
# name 1 = timeS: Time, Elapsed [seconds]
# name 2 = depSM: Depth [salt water, m]
# name 3 = prDM: Pressure, Digiquartz [db]
# name 4 = t090C: Temperature [ITS-90, deg C]
# name 5 = t190C: Temperature, 2 [ITS-90, deg C]
# name 6 = c0S/m: Conductivity [S/m]
# name 7 = c1S/m: Conductivity, 2 [S/m]
# name 8 = sbeox0V: Oxygen raw, SBE 43 [V]
# name 9 = sbeox1V: Oxygen raw, SBE 43, 2 [V]
# name 10 = altM: Altimeter [m]
# name 11 = latitude: Latitude [deg]
# name 12 = longitude: Longitude [deg]
# name 13 = sbox0dV/dT: Oxygen, SBE 43 [dov/dt]
# name 14 = sbox1dV/dT: Oxygen, SBE 43, 2 [dov/dt]
# name 15 = nbf: Bottles Fired
# name 16 = flag:  0.000e+00
# interval = seconds: 0.0416667
# start_time = Sep 24 2021 11:26:03 [NMEA time, header]
# bad_flag = -9.990e-29
*END*
[from data line 937]
     119239   4968.250    991.002   1000.093     4.9965     4.9956   3.384445   3.384226     1.8681     1.5556     100.00   28.70162  -87.76090    0.00000   -0.00017          8  0.000e+00
     119240   4968.292    990.979   1000.070     4.9962     4.9954   3.384407   3.384265     1.8681     1.5556     100.00   28.70162  -87.76090   -0.00000   -0.00016          8  0.000e+00
     119241   4968.333    991.002   1000.094     4.9964     4.9954   3.384413   3.384259     1.8681     1.5556     100.00   28.70162  -87.76090   -0.00001   -0.00016          8  0.000e+00
     119242   4968.375    991.040   1000.132     4.9964     4.9957   3.384426   3.384239     1.8681     1.5556     100.00   28.70162  -87.76090   -0.00001   -0.00017          8  0.000e+00
     119243   4968.417    991.002   1000.094     4.9962     4.9955   3.384445   3.384226     1.8681     1.5556     100.00   28.70162  -87.76090   -0.00002   -0.00018          8  0.000e+00
     119244   4968.458    991.040   1000.132     4.9966     4.9956   3.384407   3.384246     1.8681     1.5556     100.00   28.70162  -87.76090   -0.00002   -0.00019          8  0.000e+00
     119245   4968.500    990.979   1000.070     4.9962     4.9954   3.384394   3.384182     1.8681     1.5556     100.00   28.70162  -87.76090   -0.00003   -0.00019          8  0.000e+00
     119246   4968.542    991.056   1000.148     4.9964     4.9954   3.384413   3.384226     1.8681     1.5556     100.00   28.70162  -87.76090   -0.00003   -0.00020          8  0.000e+00
     119247   4968.583    990.979   1000.071     4.9964     4.9953   3.384426   3.384207     1.8681     1.5556     100.00   28.70162  -87.76090   -0.00002   -0.00019          8  0.000e+00
     119248   4968.625    991.002   1000.094     4.9964     4.9953   3.384400   3.384214     1.8681     1.5556     100.00   28.70162  -87.76090   -0.00002   -0.00020          8  0.000e+00
     119249   4968.667    991.041   1000.133     4.9964     4.9953   3.384394   3.384175     1.8681     1.5556     100.00   28.70162  -87.76090   -0.00002   -0.00021          8  0.000e+00
     119250   4968.708    991.002   1000.094     4.9962     4.9949   3.384413   3.384201     1.8681     1.5556     100.00   28.70162  -87.76090   -0.00003   -0.00023          8  0.000e+00
     119251   4968.750    990.979   1000.071     4.9969     4.9949   3.384445   3.384194     1.8669     1.5556     100.00   28.70162  -87.76090   -0.00005   -0.00024          8  0.000e+00
     119252   4968.792    991.002   1000.094     4.9965     4.9949   3.384407   3.384169     1.8681     1.5556     100.00   28.70162  -87.76090   -0.00005   -0.00025          8  0.000e+00
     119253   4968.833    990.980   1000.071     4.9965     4.9947   3.384413   3.384162     1.8681     1.5556     100.00   28.70162  -87.76090   -0.00006   -0.00024          8  0.000e+00
     119254   4968.875    991.003   1000.094     4.9967     4.9948   3.384400   3.384117     1.8681     1.5556     100.00   28.70162  -87.76090   -0.00006   -0.00023          8  0.000e+00
     119255   4968.917    990.980   1000.071     4.9969     4.9946   3.384438   3.384124     1.8681     1.5556     100.00   28.70162  -87.76090   -0.00007   -0.00023          8  0.000e+00
     119256   4968.958    990.926   1000.017     4.9965     4.9940   3.384407   3.384130     1.8694     1.5556     100.00   28.70162  -87.76090   -0.00005   -0.00022          8  0.000e+00
     119257   4969.000    991.003   1000.094     4.9966     4.9938   3.384413   3.384111     1.8681     1.5556     100.00   28.70162  -87.76090   -0.00006   -0.00021          8  0.000e+00
     119258   4969.042    990.926   1000.017     4.9962     4.9938   3.384400   3.384085     1.8681     1.5556     100.00   28.70162  -87.76090   -0.00006   -0.00020          8  0.000e+00
     119259   4969.083    990.942   1000.032     4.9964     4.9937   3.384413   3.384098     1.8681     1.5568     100.00   28.70162  -87.76090   -0.00007   -0.00020          8  0.000e+00
     119260   4969.125    990.926   1000.017     4.9964     4.9938   3.384375   3.384105     1.8681     1.5556     100.00   28.70162  -87.76090   -0.00007   -0.00021          8  0.000e+00
     119261   4969.167    990.888    999.978     4.9962     4.9935   3.384407   3.384105     1.8681     1.5568     100.00   28.70162  -87.76090   -0.00007   -0.00020          8  0.000e+00
     119262   4969.208    990.926   1000.017     4.9962     4.9939   3.384400   3.384105     1.8681     1.5556     100.00   28.70162  -87.76090   -0.00008   -0.00019          8  0.000e+00
     119263   4969.250    990.888    999.978     4.9961     4.9940   3.384394   3.384124     1.8681     1.5568     100.00   28.70162  -87.76090   -0.00008   -0.00018          8  0.000e+00
     119264   4969.292    990.865    999.955     4.9960     4.9938   3.384394   3.384111     1.8681     1.5556     100.00   28.70162  -87.76090   -0.00009   -0.00019          8  0.000e+00
     119265   4969.333    990.865    999.955     4.9962     4.9938   3.384375   3.384105     1.8681     1.5556     100.00   28.70162  -87.76090   -0.00009   -0.00020          8  0.000e+00
     119266   4969.375    990.888    999.978     4.9960     4.9940   3.384388   3.384085     1.8681     1.5556     100.00   28.70162  -87.76090   -0.00009   -0.00019          8  0.000e+00
     119267   4969.417    990.812    999.901     4.9960     4.9940   3.384394   3.384098     1.8681     1.5556     100.00   28.70162  -87.76090   -0.00010   -0.00018          8  0.000e+00
     119268   4969.458    990.827    999.917     4.9962     4.9943   3.384394   3.384143     1.8681     1.5556     100.00   28.70162  -87.76090   -0.00010   -0.00018          8  0.000e+00
     119269   4969.500    990.812    999.901     4.9961     4.9948   3.384369   3.384181     1.8681     1.5556     100.00   28.70162  -87.76090   -0.00009   -0.00017          8  0.000e+00
     119270   4969.542    990.827    999.917     4.9959     4.9951   3.384381   3.384194     1.8681     1.5568     100.00   28.70162  -87.76090   -0.00008   -0.00014          8  0.000e+00
     119271   4969.583    990.751    999.839     4.9956     4.9954   3.384375   3.384194     1.8681     1.5568     100.00   28.70162  -87.76090   -0.00006   -0.00013          8  0.000e+00
     119272   4969.625    990.812    999.901     4.9956     4.9952   3.384337   3.384143     1.8681     1.5568     100.00   28.70162  -87.76090   -0.00005   -0.00012          8  0.000e+00
     119273   4969.667    990.774    999.863     4.9954     4.9953   3.384331   3.384175     1.8681     1.5568     100.00   28.70162  -87.76090   -0.00005   -0.00010          8  0.000e+00
     119274   4969.708    990.751    999.839     4.9957     4.9949   3.384337   3.384207     1.8681     1.5556     100.00   28.70162  -87.76090   -0.00003   -0.00009          8  0.000e+00
     119275   4969.750    990.659    999.747     4.9960     4.9949   3.384375   3.384175     1.8681     1.5556     100.00   28.70162  -87.76090   -0.00004   -0.00010          8  0.000e+00
     119276   4969.792    990.812    999.901     4.9958     4.9946   3.384350   3.384117     1.8681     1.5556     100.00   28.70162  -87.76090   -0.00004   -0.00009          8  0.000e+00
     119277   4969.833    990.659    999.747     4.9956     4.9941   3.384337   3.384124     1.8669     1.5556     100.00   28.70162  -87.76090   -0.00006   -0.00008          8  0.000e+00
     119278   4969.875    990.697    999.785     4.9959     4.9940   3.384331   3.384085     1.8681     1.5556     100.00   28.70162  -87.76090   -0.00006   -0.00007          8  0.000e+00
     119279   4969.917    990.713    999.801     4.9954     4.9940   3.384331   3.384111     1.8681     1.5556     100.00   28.70162  -87.76090   -0.00006   -0.00006          8  0.000e+00
     119280   4969.958    990.698    999.785     4.9954     4.9945   3.384337   3.384149     1.8669     1.5568     100.00   28.70162  -87.76090   -0.00008   -0.00003          8  0.000e+00
     119281   4970.000    990.636    999.724     4.9954     4.9941   3.384331   3.384137     1.8669     1.5556     100.00   28.70162  -87.76090   -0.00010   -0.00002          8  0.000e+00
     119282   4970.042    990.659    999.747     4.9953     4.9944   3.384331   3.384143     1.8681     1.5556     100.00   28.70162  -87.76090   -0.00010   -0.00003          8  0.000e+00
     119283   4970.083    990.636    999.724     4.9954     4.9941   3.384337   3.384092     1.8681     1.5556     100.00   28.70162  -87.76090   -0.00011   -0.00004          8  0.000e+00
     119284   4970.125    990.659    999.747     4.9954     4.9938   3.384356   3.384072     1.8694     1.5556     100.00   28.70162  -87.76090   -0.00009   -0.00002          8  0.000e+00
     119285   4970.167    990.583    999.670     4.9954     4.9938   3.384343   3.384047     1.8681     1.5556     100.00   28.70162  -87.76090   -0.00007   -0.00001          8  0.000e+00
     119286   4970.208    990.659    999.747     4.9953     4.9937   3.384312   3.384104     1.8681     1.5556     100.00   28.70162  -87.76090   -0.00007   -0.00002          8  0.000e+00
     119287   4970.250    990.583    999.670     4.9954     4.9935   3.384299   3.384085     1.8681     1.5556     100.00   28.70162  -87.76090   -0.00008   -0.00003          8  0.000e+00
     119288   4970.292    990.598    999.685     4.9953     4.9933   3.384324   3.384072     1.8681     1.5556     100.00   28.70162  -87.76090   -0.00008   -0.00001          8  0.000e+00
     119289   4970.333    990.522    999.608     4.9955     4.9935   3.384337   3.384059     1.8681     1.5556     100.00   28.70162  -87.76090   -0.00008   -0.00000          8  0.000e+00
     119290   4970.375    990.698    999.786     4.9956     4.9937   3.384337   3.384092     1.8681     1.5556     100.00   28.70162  -87.76090   -0.00008   -0.00001          8  0.000e+00
     119291   4970.417    990.598    999.685     4.9954     4.9939   3.384331   3.384124     1.8681     1.5556     100.00   28.70162  -87.76090   -0.00008    0.00000          8  0.000e+00
     119292   4970.458    990.522    999.608     4.9954     4.9937   3.384286   3.384085     1.8681     1.5556     100.00   28.70162  -87.76090   -0.00008    0.00002          8  0.000e+00
     119293   4970.500    990.599    999.685     4.9954     4.9938   3.384293   3.384072     1.8681     1.5556     100.00   28.70162  -87.76090   -0.00008    0.00003          8  0.000e+00
     119294   4970.542    990.583    999.670     4.9953     4.9938   3.384324   3.384072     1.8681     1.5568     100.00   28.70162  -87.76090   -0.00009    0.00004          8  0.000e+00
     119295   4970.583    990.545    999.631     4.9953     4.9938   3.384312   3.384072     1.8681     1.5556     100.00   28.70162  -87.76090   -0.00009    0.00004          8  0.000e+00
     119296   4970.625    990.583    999.670     4.9953     4.9938   3.384305   3.384092     1.8681     1.5556     100.00   28.70162  -87.76090   -0.00009    0.00005          8  0.000e+00
     119297   4970.667    990.583    999.670     4.9953     4.9945   3.384324   3.384111     1.8681     1.5556     100.00   28.70162  -87.76090   -0.00007    0.00005          8  0.000e+00
     119298   4970.708    990.545    999.631     4.9953     4.9945   3.384331   3.384104     1.8681     1.5556     100.00   28.70162  -87.76090   -0.00007    0.00004          8  0.000e+00
     119299   4970.750    990.583    999.670     4.9954     4.9943   3.384337   3.384143     1.8681     1.5556     100.00   28.70162  -87.76090   -0.00006    0.00004          8  0.000e+00
     119300   4970.792    990.545    999.631     4.9953     4.9944   3.384331   3.384117     1.8681     1.5556     100.00   28.70162  -87.76090   -0.00006    0.00003          8  0.000e+00
     119301   4970.833    990.583    999.670     4.9956     4.9940   3.384312   3.384124     1.8681     1.5556     100.00   28.70162  -87.76090   -0.00004    0.00003          8  0.000e+00
     119302   4970.875    990.599    999.686     4.9956     4.9943   3.384324   3.384085     1.8681     1.5556     100.00   28.70162  -87.76090   -0.00004    0.00002          8  0.000e+00
     119303   4970.917    990.522    999.608     4.9953     4.9940   3.384331   3.384111     1.8681     1.5556     100.00   28.70162  -87.76090   -0.00004    0.00002          8  0.000e+00
     119304   4970.958    990.584    999.670     4.9956     4.9941   3.384331   3.384130     1.8681     1.5556     100.00   28.70162  -87.76090   -0.00004    0.00001          8  0.000e+00
     119305   4971.000    990.599    999.686     4.9951     4.9941   3.384312   3.384117     1.8681     1.5556     100.00   28.70162  -87.76090   -0.00004    0.00001          8  0.000e+00
     119306   4971.042    990.584    999.670     4.9953     4.9940   3.384299   3.384149     1.8681     1.5556     100.00   28.70162  -87.76090   -0.00004    0.00000          8  0.000e+00
     119307   4971.083    990.545    999.632     4.9953     4.9940   3.384324   3.384136     1.8681     1.5556     100.00   28.70162  -87.76090   -0.00004 -5.275e-07          8  0.000e+00
     119308   4971.125    990.637    999.725     4.9953     4.9941   3.384286   3.384130     1.8681     1.5556     100.00   28.70162  -87.76090   -0.00004   -0.00001          8  0.000e+00
     119309   4971.167    990.599    999.686     4.9953     4.9943   3.384312   3.384130     1.8669     1.5556     100.00   28.70162  -87.76090   -0.00006   -0.00001          8  0.000e+00
     119310   4971.208    990.584    999.670     4.9954     4.9944   3.384331   3.384130     1.8681     1.5556     100.00   28.70162  -87.76090   -0.00006   -0.00001          8  0.000e+00
     119311   4971.250    990.660    999.748     4.9951     4.9943   3.384312   3.384149     1.8681     1.5556     100.00   28.70162  -87.76090   -0.00006   -0.00002          8  0.000e+00
     119312   4971.292    990.637    999.725     4.9953     4.9946   3.384343   3.384162     1.8681     1.5556     100.00   28.70162  -87.76090   -0.00006   -0.00002          8  0.000e+00
     119313   4971.333    990.637    999.725     4.9954     4.9946   3.384343   3.384175     1.8681     1.5556     100.00   28.70162  -87.76090   -0.00006   -0.00003          8  0.000e+00
     119314   4971.375    990.599    999.686     4.9953     4.9946   3.384312   3.384162     1.8681     1.5556     100.00   28.70162  -87.76090   -0.00006   -0.00003          8  0.000e+00
     119315   4971.417    990.699    999.787     4.9956     4.9946   3.384324   3.384181     1.8681     1.5556     100.00   28.70162  -87.76090   -0.00006   -0.00004          8  0.000e+00
     119316   4971.458    990.661    999.748     4.9954     4.9946   3.384356   3.384169     1.8681     1.5556     100.00   28.70162  -87.76090   -0.00006   -0.00004          8  0.000e+00
     119317   4971.500    990.638    999.725     4.9956     4.9948   3.384343   3.384207     1.8681     1.5556     100.00   28.70162  -87.76090   -0.00006   -0.00005          8  0.000e+00
     119318   4971.542    990.714    999.802     4.9957     4.9949   3.384356   3.384201     1.8694     1.5556     100.00   28.70162  -87.76090   -0.00004   -0.00005          8  0.000e+00
     119319   4971.583    990.699    999.787     4.9957     4.9948   3.384362   3.384194     1.8681     1.5556     100.00   28.70162  -87.76090   -0.00004   -0.00006          8  0.000e+00
     119320   4971.625    990.638    999.725     4.9959     4.9948   3.384369   3.384124     1.8681     1.5556     100.00   28.70162  -87.76090   -0.00004   -0.00006          8  0.000e+00
     119321   4971.667    990.775    999.864     4.9962     4.9946   3.384362   3.384137     1.8681     1.5556     100.00   28.70162  -87.76090   -0.00004   -0.00006          8  0.000e+00
     119322   4971.708    990.753    999.841     4.9957     4.9946   3.384381   3.384156     1.8681     1.5556     100.00   28.70162  -87.76090   -0.00004   -0.00007          8  0.000e+00
