Gulf of Mexico/GOMECC-4/1db/rb2103_0591.ros
* Sea-Bird SBE 9 Data File:
* FileName = C:\Users\scs.user.rb\CTD\GOMECC4\data\rb2103_0591.hex
* Software Version Seasave V 7.26.7.107
* Temperature SN = 4799
* Conductivity SN = 3860
* Number of Bytes Per Scan = 41
* Number of Voltage Words = 4
* Number of Scans Averaged by the Deck Unit = 1
* NMEA Latitude = 28 41.01 N
* NMEA Longitude = 095 00.01 W
* NMEA UTC (Time) = Sep 29 2021  11:35:17
* NMEA baud rate = 4800
# nquan = 17
# nvalues = 798                                   
# units = specified
# name 0 = scan: Scan Count
# name 1 = timeS: Time, Elapsed [seconds]
# name 2 = depSM: Depth [salt water, m]
# name 3 = prDM: Pressure, Digiquartz [db]
# name 4 = t090C: Temperature [ITS-90, deg C]
# name 5 = t190C: Temperature, 2 [ITS-90, deg C]
# name 6 = c0S/m: Conductivity [S/m]
# name 7 = c1S/m: Conductivity, 2 [S/m]
# name 8 = sbeox0V: Oxygen raw, SBE 43 [V]
# name 9 = sbeox1V: Oxygen raw, SBE 43, 2 [V]
# name 10 = altM: Altimeter [m]
# name 11 = latitude: Latitude [deg]
# name 12 = longitude: Longitude [deg]
# name 13 = sbox0dV/dT: Oxygen, SBE 43 [dov/dt]
# name 14 = sbox1dV/dT: Oxygen, SBE 43, 2 [dov/dt]
# name 15 = nbf: Bottles Fired
# name 16 = flag:  0.000e+00
# interval = seconds: 0.0416667
# start_time = Sep 29 2021 11:35:17 [NMEA time, header]
# bad_flag = -9.990e-29
*END*
[from data line 681]
      16807    700.250      3.279      3.302    27.7572    27.7575   5.136625   5.136577     3.0415     2.5812      23.76   28.68296  -95.00082    0.00030   -0.00008          6  0.000e+00
      16808    700.292      3.279      3.302    27.7570    27.7578   5.136565   5.136554     3.0415     2.5812      23.76   28.68296  -95.00082    0.00032   -0.00008          6  0.000e+00
      16809    700.333      3.273      3.295    27.7569    27.7575   5.136475   5.136577     3.0415     2.5812      23.81   28.68296  -95.00082    0.00031   -0.00009          6  0.000e+00
      16810    700.375      3.327      3.349    27.7564    27.7574   5.136422   5.136577     3.0415     2.5812      23.83   28.68296  -95.00082    0.00031   -0.00010          6  0.000e+00
      16811    700.417      3.327      3.349    27.7560    27.7575   5.136385   5.136554     3.0415     2.5824      23.83   28.68296  -95.00082    0.00030   -0.00009          6  0.000e+00
      16812    700.458      3.327      3.349    27.7559    27.7574   5.136332   5.136592     3.0403     2.5812      23.83   28.68296  -95.00082    0.00028   -0.00010          6  0.000e+00
      16813    700.500      3.280      3.302    27.7553    27.7576   5.136227   5.136592     3.0415     2.5812      23.83   28.68296  -95.00082    0.00027   -0.00011          6  0.000e+00
      16814    700.542      3.327      3.349    27.7555    27.7570   5.136227   5.136554     3.0415     2.5812      23.83   28.68296  -95.00082    0.00027   -0.00012          6  0.000e+00
      16815    700.583      3.327      3.349    27.7553    27.7570   5.136242   5.136531     3.0415     2.5812      23.83   28.68296  -95.00082    0.00026   -0.00011          6  0.000e+00
      16816    700.625      3.327      3.349    27.7551    27.7572   5.136235   5.136577     3.0415     2.5812      23.83   28.68296  -95.00082    0.00026   -0.00010          6  0.000e+00
      16817    700.667      3.327      3.349    27.7555    27.7572   5.136212   5.136509     3.0415     2.5812      23.83   28.68296  -95.00082    0.00024   -0.00010          6  0.000e+00
      16818    700.708      3.320      3.343    27.7551    27.7572   5.136205   5.136562     3.0415     2.5812      23.83   28.68296  -95.00082    0.00021   -0.00009          6  0.000e+00
      16819    700.750      3.374      3.397    27.7551    27.7572   5.136227   5.136554     3.0415     2.5812      23.83   28.68296  -95.00082    0.00021   -0.00008          6  0.000e+00
      16820    700.792      3.374      3.397    27.7555    27.7578   5.136175   5.136592     3.0415     2.5812      23.83   28.68296  -95.00082    0.00020   -0.00007          6  0.000e+00
      16821    700.833      3.374      3.397    27.7556    27.7575   5.136145   5.136630     3.0415     2.5812      23.83   28.68296  -95.00082    0.00020   -0.00008          6  0.000e+00
      16822    700.875      3.374      3.397    27.7555    27.7575   5.136250   5.136615     3.0415     2.5812      23.83   28.68296  -95.00082    0.00019   -0.00009          6  0.000e+00
      16823    700.917      3.428      3.452    27.7553    27.7575   5.136257   5.136592     3.0415     2.5812      23.83   28.68296  -95.00082    0.00017   -0.00009          6  0.000e+00
      16824    700.958      3.374      3.397    27.7557    27.7578   5.136272   5.136592     3.0403     2.5812      23.83   28.68296  -95.00082    0.00013   -0.00010          6  0.000e+00
      16825    701.000      3.428      3.452    27.7553    27.7578   5.136220   5.136607     3.0415     2.5812      23.83   28.68296  -95.00082    0.00012   -0.00009          6  0.000e+00
      16826    701.042      3.428      3.452    27.7553    27.7575   5.136227   5.136630     3.0415     2.5812      23.83   28.68296  -95.00082    0.00010   -0.00008          6  0.000e+00
      16827    701.083      3.428      3.452    27.7551    27.7576   5.136212   5.136615     3.0427     2.5812      23.83   28.68296  -95.00082    0.00009   -0.00008          6  0.000e+00
      16828    701.125      3.469      3.492    27.7549    27.7579   5.136190   5.136592     3.0415     2.5812      23.83   28.68296  -95.00082    0.00008   -0.00007          6  0.000e+00
      16829    701.167      3.428      3.452    27.7551    27.7578   5.136235   5.136623     3.0415     2.5812      23.83   28.68296  -95.00082    0.00006   -0.00006          6  0.000e+00
      16830    701.208      3.476      3.499    27.7548    27.7578   5.136182   5.136653     3.0415     2.5824      23.83   28.68296  -95.00082    0.00003   -0.00003          6  0.000e+00
      16831    701.250      3.476      3.499    27.7548    27.7579   5.136212   5.136607     3.0427     2.5824      23.83   28.68296  -95.00082    0.00002 -1.758e-07          6  0.000e+00
      16832    701.292      3.476      3.499    27.7548    27.7574   5.136212   5.136607     3.0415     2.5824      23.83   28.68296  -95.00082   -0.00000    0.00003          6  0.000e+00
      16833    701.333      3.523      3.547    27.7549    27.7575   5.136257   5.136592     3.0415     2.5836      23.81   28.68296  -95.00082   -0.00003    0.00008          6  0.000e+00
      16834    701.375      3.476      3.499    27.7549    27.7578   5.136280   5.136592     3.0415     2.5824      23.81   28.68296  -95.00082   -0.00006    0.00011          6  0.000e+00
      16835    701.417      3.476      3.499    27.7551    27.7575   5.136287   5.136577     3.0415     2.5824      23.81   28.68296  -95.00082   -0.00010    0.00014          6  0.000e+00
      16836    701.458      3.577      3.602    27.7551    27.7574   5.136213   5.136585     3.0415     2.5836      23.81   28.68296  -95.00082   -0.00013    0.00018          6  0.000e+00
      16837    701.500      3.469      3.493    27.7551    27.7575   5.136257   5.136547     3.0415     2.5836      23.83   28.68296  -95.00082   -0.00016    0.00023          6  0.000e+00
      16838    701.542      3.523      3.547    27.7551    27.7579   5.136280   5.136607     3.0415     2.5836      23.81   28.68296  -95.00082   -0.00019    0.00028          6  0.000e+00
      16839    701.583      3.523      3.547    27.7553    27.7581   5.136280   5.136661     3.0415     2.5836      23.81   28.68296  -95.00082   -0.00023    0.00032          6  0.000e+00
      16840    701.625      3.523      3.547    27.7556    27.7576   5.136355   5.136630     3.0403     2.5836      23.81   28.68296  -95.00082   -0.00030    0.00037          6  0.000e+00
      16841    701.667      3.577      3.602    27.7557    27.7579   5.136332   5.136691     3.0415     2.5849      23.83   28.68296  -95.00082   -0.00033    0.00043          6  0.000e+00
      16842    701.708      3.523      3.547    27.7560    27.7583   5.136362   5.136737     3.0415     2.5849      23.81   28.68296  -95.00082   -0.00036    0.00049          6  0.000e+00
      16843    701.750      3.577      3.602    27.7557    27.7585   5.136302   5.136759     3.0415     2.5849      23.81   28.68296  -95.00082   -0.00039    0.00054          6  0.000e+00
      16844    701.792      3.523      3.547    27.7557    27.7583   5.136377   5.136699     3.0415     2.5849      23.81   28.68296  -95.00082   -0.00042    0.00058          6  0.000e+00
      16845    701.833      3.577      3.602    27.7559    27.7581   5.136370   5.136661     3.0415     2.5861      23.83   28.68296  -95.00082   -0.00043    0.00064          6  0.000e+00
      16846    701.875      3.523      3.547    27.7556    27.7581   5.136340   5.136706     3.0415     2.5849      23.81   28.68296  -95.00082   -0.00046    0.00068          6  0.000e+00
      16847    701.917      3.577      3.602    27.7557    27.7581   5.136392   5.136676     3.0415     2.5861      23.81   28.68296  -95.00082   -0.00048    0.00073          6  0.000e+00
      16848    701.958      3.577      3.602    27.7557    27.7581   5.136370   5.136638     3.0427     2.5861      23.81   28.68296  -95.00082   -0.00048    0.00079          6  0.000e+00
      16849    702.000      3.577      3.602    27.7559    27.7578   5.136302   5.136600     3.0415     2.5861      23.81   28.68296  -95.00082   -0.00049    0.00081          6  0.000e+00
      16850    702.042      3.577      3.602    27.7555    27.7578   5.136340   5.136676     3.0427     2.5861      23.83   28.68296  -95.00082   -0.00047    0.00084          6  0.000e+00
      16851    702.083      3.577      3.602    27.7555    27.7578   5.136302   5.136683     3.0415     2.5861      23.81   28.68296  -95.00082   -0.00047    0.00087          6  0.000e+00
      16852    702.125      3.523      3.547    27.7551    27.7578   5.136287   5.136630     3.0415     2.5861      23.81   28.68296  -95.00082   -0.00046    0.00090          6  0.000e+00
      16853    702.167      3.625      3.649    27.7553    27.7578   5.136280   5.136592     3.0427     2.5861      23.81   28.68296  -95.00082   -0.00044    0.00093          6  0.000e+00
      16854    702.208      3.523      3.547    27.7551    27.7580   5.136317   5.136623     3.0415     2.5849      23.81   28.68296  -95.00082   -0.00044    0.00094          6  0.000e+00
      16855    702.250      3.625      3.649    27.7551    27.7575   5.136287   5.136592     3.0415     2.5849      23.81   28.68296  -95.00082   -0.00043    0.00095          6  0.000e+00
      16856    702.292      3.523      3.547    27.7553    27.7579   5.136220   5.136585     3.0427     2.5849      23.83   28.68296  -95.00082   -0.00041    0.00095          6  0.000e+00
      16857    702.333      3.577      3.602    27.7553    27.7578   5.136265   5.136607     3.0415     2.5849      23.81   28.68296  -95.00082   -0.00041    0.00096          6  0.000e+00
      16858    702.375      3.577      3.602    27.7553    27.7579   5.136280   5.136630     3.0415     2.5849      23.81   28.68296  -95.00082   -0.00040    0.00096          6  0.000e+00
      16859    702.417      3.577      3.602    27.7555    27.7579   5.136280   5.136638     3.0415     2.5849      23.81   28.68296  -95.00082   -0.00039    0.00096          6  0.000e+00
      16860    702.458      3.577      3.602    27.7553    27.7575   5.136310   5.136554     3.0415     2.5849      23.79   28.68296  -95.00082   -0.00039    0.00096          6  0.000e+00
      16861    702.500      3.577      3.602    27.7555    27.7576   5.136295   5.136577     3.0415     2.5849      23.81   28.68296  -95.00082   -0.00038    0.00098          6  0.000e+00
      16862    702.542      3.577      3.602    27.7557    27.7578   5.136310   5.136607     3.0415     2.5849      23.79   28.68296  -95.00082   -0.00038    0.00100          6  0.000e+00
      16863    702.583      3.577      3.602    27.7555    27.7579   5.136325   5.136592     3.0415     2.5849      23.79   28.68296  -95.00082   -0.00037    0.00101          6  0.000e+00
      16864    702.625      3.577      3.602    27.7557    27.7575   5.136295   5.136592     3.0415     2.5849      23.79   28.68296  -95.00082   -0.00034    0.00103          6  0.000e+00
      16865    702.667      3.469      3.493    27.7555    27.7575   5.136242   5.136577     3.0403     2.5836      23.79   28.68296  -95.00082   -0.00035    0.00102          6  0.000e+00
      16866    702.708      3.672      3.697    27.7553    27.7572   5.136273   5.136623     3.0403     2.5836      23.79   28.68296  -95.00082   -0.00036    0.00102          6  0.000e+00
      16867    702.750      3.577      3.602    27.7553    27.7574   5.136310   5.136615     3.0415     2.5836      23.79   28.68296  -95.00082   -0.00034    0.00103          6  0.000e+00
      16868    702.792      3.523      3.547    27.7553    27.7575   5.136295   5.136592     3.0403     2.5836      23.81   28.68296  -95.00082   -0.00034    0.00102          6  0.000e+00
      16869    702.833      3.577      3.602    27.7553    27.7574   5.136257   5.136524     3.0415     2.5836      23.81   28.68296  -95.00082   -0.00033    0.00103          6  0.000e+00
      16870    702.875      3.625      3.649    27.7553    27.7578   5.136272   5.136554     3.0415     2.5836      23.79   28.68296  -95.00082   -0.00030    0.00102          6  0.000e+00
      16871    702.917      3.577      3.602    27.7553    27.7575   5.136280   5.136623     3.0415     2.5824      23.81   28.68296  -95.00082   -0.00029    0.00100          6  0.000e+00
      16872    702.958      3.577      3.602    27.7555    27.7574   5.136280   5.136653     3.0415     2.5824      23.79   28.68296  -95.00082   -0.00028    0.00097          6  0.000e+00
      16873    703.000      3.577      3.602    27.7555    27.7578   5.136280   5.136607     3.0415     2.5824      23.79   28.68296  -95.00082   -0.00027    0.00095          6  0.000e+00
      16874    703.042      3.625      3.649    27.7557    27.7578   5.136310   5.136623     3.0415     2.5824      23.81   28.68296  -95.00082   -0.00025    0.00092          6  0.000e+00
      16875    703.083      3.571      3.595    27.7555    27.7579   5.136295   5.136554     3.0415     2.5824      23.79   28.68296  -95.00082   -0.00022    0.00089          6  0.000e+00
      16876    703.125      3.625      3.649    27.7559    27.7579   5.136317   5.136607     3.0415     2.5812      23.79   28.68296  -95.00082   -0.00019    0.00085          6  0.000e+00
      16877    703.167      3.625      3.649    27.7556    27.7578   5.136355   5.136592     3.0403     2.5812      23.81   28.68296  -95.00082   -0.00018    0.00080          6  0.000e+00
      16878    703.208      3.577      3.602    27.7562    27.7578   5.136370   5.136645     3.0415     2.5812      23.81   28.68296  -95.00082   -0.00014    0.00078          6  0.000e+00
      16879    703.250      3.625      3.649    27.7560    27.7581   5.136332   5.136676     3.0415     2.5812      23.81   28.68296  -95.00082   -0.00011    0.00075          6  0.000e+00
      16880    703.292      3.577      3.602    27.7562    27.7581   5.136362   5.136699     3.0403     2.5812      23.79   28.68296  -95.00082   -0.00011    0.00072          6  0.000e+00
      16881    703.333      3.625      3.649    27.7559    27.7580   5.136340   5.136683     3.0403     2.5812      23.79   28.68296  -95.00082   -0.00009    0.00070          6  0.000e+00
      16882    703.375      3.625      3.649    27.7560    27.7578   5.136385   5.136661     3.0403     2.5812      23.76   28.68296  -95.00082   -0.00009    0.00067          6  0.000e+00
      16883    703.417      3.625      3.649    27.7564    27.7578   5.136347   5.136638     3.0403     2.5812      23.76   28.68296  -95.00082   -0.00009    0.00065          6  0.000e+00
      16884    703.458      3.625      3.649    27.7558    27.7578   5.136385   5.136600     3.0403     2.5800      23.76   28.68296  -95.00082   -0.00008    0.00061          6  0.000e+00
      16885    703.500      3.618      3.642    27.7560    27.7575   5.136385   5.136577     3.0403     2.5800      23.76   28.68296  -95.00082   -0.00008    0.00056          6  0.000e+00
      16886    703.542      3.625      3.649    27.7559    27.7574   5.136400   5.136623     3.0403     2.5800      23.76   28.68296  -95.00082   -0.00008    0.00052          6  0.000e+00
      16887    703.583      3.625      3.649    27.7559    27.7578   5.136407   5.136615     3.0403     2.5800      23.76   28.68296  -95.00082   -0.00007    0.00048          6  0.000e+00
      16888    703.625      3.625      3.649    27.7560    27.7580   5.136317   5.136592     3.0403     2.5800      23.76   28.68296  -95.00082   -0.00007    0.00044          6  0.000e+00
      16889    703.667      3.625      3.649    27.7562    27.7578   5.136377   5.136623     3.0403     2.5800      23.76   28.68296  -95.00082   -0.00006    0.00039          6  0.000e+00
      16890    703.708      3.577      3.602    27.7562    27.7578   5.136385   5.136592     3.0391     2.5800      23.76   28.68296  -95.00082   -0.00009    0.00033          6  0.000e+00
