Gulf of Mexico/GOMECC-4/1db/rb2103_0681.cnv
* Sea-Bird SBE 9 Data File:
* FileName = C:\Users\scs.user.rb\CTD\GOMECC4\data\rb2103_0681.hex
* Software Version Seasave V 7.26.7.107
* Temperature SN = 4799
* Conductivity SN = 3860
* Number of Bytes Per Scan = 41
* Number of Voltage Words = 4
* Number of Scans Averaged by the Deck Unit = 1
* NMEA Latitude = 26 03.52 N
* NMEA Longitude = 095 32.99 W
* NMEA UTC (Time) = Oct 03 2021  07:00:55
* NMEA baud rate = 4800
# nquan = 28
# nvalues = 462                         
# units = specified
# name 0 = scan: Scan Count
# name 1 = timeS: Time, Elapsed [seconds]
# name 2 = depSM: Depth [salt water, m]
# name 3 = prDM: Pressure, Digiquartz [db]
# name 4 = t090C: Temperature [ITS-90, deg C]
# name 5 = t190C: Temperature, 2 [ITS-90, deg C]
# name 6 = c0S/m: Conductivity [S/m]
# name 7 = c1S/m: Conductivity, 2 [S/m]
# name 8 = sbeox0V: Oxygen raw, SBE 43 [V]
# name 9 = sbeox1V: Oxygen raw, SBE 43, 2 [V]
# name 10 = altM: Altimeter [m]
# name 11 = latitude: Latitude [deg]
# name 12 = longitude: Longitude [deg]
# name 13 = sbox0dV/dT: Oxygen, SBE 43 [dov/dt]
# name 14 = sbox1dV/dT: Oxygen, SBE 43, 2 [dov/dt]
# name 15 = sbeox0ML/L: Oxygen, SBE 43 [ml/l], WS = 5
# name 16 = sbeox1ML/L: Oxygen, SBE 43, 2 [ml/l], WS = 5
# name 17 = potemp090C: Potential Temperature [ITS-90, deg C]
# name 18 = potemp190C: Potential Temperature, 2 [ITS-90, deg C]
# name 19 = sal00: Salinity, Practical [PSU]
# name 20 = sal11: Salinity, Practical, 2 [PSU]
# name 21 = sigma-é00: Density [sigma-theta, kg/m^3]
# name 22 = sigma-é11: Density, 2 [sigma-theta, kg/m^3]
# name 23 = avgsvCM: Average Sound Velocity [Chen-Millero, m/s], minP = 20, minS = 20
# name 24 = sbox0Mm/Kg: Oxygen, SBE 43 [umol/kg], WS = 5
# name 25 = sbox1Mm/Kg: Oxygen, SBE 43, 2 [umol/kg], WS = 5
# name 26 = nbin: number of scans per bin
# name 27 = flag: flag
# span 0 =       7994,     116517       
# span 1 =    333.048,   4854.843       
# span 2 =      0.994,   1362.545       
# span 3 =      1.000,   1376.000       
# span 4 =     4.4284,    29.7754       
# span 5 =     4.4289,    29.7762       
# span 6 =   3.350828,   5.952940       
# span 7 =   3.350789,   5.953215       
# span 8 =     1.5786,     3.3525       
# span 9 =     1.2834,     2.8734       
# span 10 =       9.04,     103.24      
# span 11 =   25.85145,   26.55610      
# span 12 =  -97.36924,  -94.78559      
# span 13 =   -0.02726,    0.02211      
# span 14 =   -0.02569,    0.02184      
# span 15 =     2.4130,     5.0628      
# span 16 =     2.4350,     5.0765      
# span 17 =     4.3159,    29.7732      
# span 18 =     4.3163,    29.7740      
# span 19 =    34.9108,    36.5164      
# span 20 =    34.9102,    36.5174      
# span 21 =    22.2651,    27.7288      
# span 22 =    22.2653,    27.7283      
# span 23 =       0.00,    1559.03      
# span 24 =    104.922,    220.770      
# span 25 =    105.879,    221.364      
# span 26 =         30,         75      
# span 27 = 0.0000e+00, 0.0000e+00      
# interval = decibars: 1                
# start_time = Oct 03 2021 07:00:55 [NMEA time, header]
# bad_flag = -9.990e-29
*END*
[from data line 259]
      45267   1886.072   1350.700   1364.000     4.4289     4.4289   3.350964   3.350893     1.9401     1.6213      21.58   26.05917  -95.54970    0.00028    0.00032     4.4871     4.5258     4.3166     4.3165    34.9625    34.9617    27.7226    27.7220    1498.47    194.990    196.670         42 0.0000e+00
      45304   1887.628   1351.687   1365.000     4.4286     4.4293   3.350983   3.350974     1.9402     1.6214      20.72   26.05917  -95.54970    0.00029    0.00028     4.4880     4.5267     4.3161     4.3168    34.9626    34.9618    27.7227    27.7220    1498.47    195.025    196.710         32 0.0000e+00
      45334   1888.874   1352.674   1366.000     4.4284     4.4290   3.351006   3.351001     1.9401     1.6213      19.73   26.05917  -95.54970    0.00010    0.00009     4.4882     4.5268     4.3159     4.3165    34.9625    34.9618    27.7227    27.7221    1498.46    195.037    196.716         30 0.0000e+00
      45366   1890.229   1353.661   1367.000     4.4294     4.4304   3.351130   3.351153     1.9402     1.6212      18.70   26.05918  -95.54970    0.00001   -0.00003     4.4890     4.5270     4.3168     4.3178    34.9625    34.9617    27.7226    27.7218    1498.45    195.071    196.722         36 0.0000e+00
      45405   1891.818   1354.648   1368.000     4.4294     4.4299   3.351179   3.351145     1.9400     1.6213      17.65   26.05918  -95.54970   -0.00002   -0.00004     4.4889     4.5280     4.3167     4.3172    34.9625    34.9616    27.7226    27.7219    1498.45    195.065    196.764         38 0.0000e+00
      45440   1893.289   1355.636   1369.000     4.4287     4.4291   3.351159   3.351120     1.9397     1.6210      16.69   26.05918  -95.54970   -0.00011   -0.00002     4.4886     4.5273     4.3159     4.3163    34.9626    34.9617    27.7228    27.7220    1498.45    195.052    196.736         32 0.0000e+00
      45472   1894.607   1356.622   1370.000     4.4292     4.4295   3.351234   3.351209     1.9397     1.6206      15.83   26.05918  -95.54970   -0.00013   -0.00016     4.4890     4.5263     4.3163     4.3166    34.9625    34.9618    27.7226    27.7221    1498.44    195.072    196.693         32 0.0000e+00
      45524   1896.799   1357.609   1371.000     4.4293     4.4298   3.351292   3.351272     1.9395     1.6204      14.53   26.05918  -95.54970   -0.00009   -0.00020     4.4888     4.5259     4.3163     4.3168    34.9625    34.9617    27.7226    27.7220    1498.43    195.061    196.676         42 0.0000e+00
      47756   1989.784   1362.545   1376.000     4.4304     4.4306   3.352247   3.352197     1.9384     1.6193       9.04   26.06514  -95.57144    0.00004    0.00003     4.4871     4.5241     4.3170     4.3171    34.9703    34.9696    27.7288    27.7283    1498.75    194.987    196.594         31 0.0000e+00
      47939   1997.433   1361.557   1375.000     4.4302     4.4306   3.351522   3.351491     1.9382     1.6187       9.65   26.05920  -95.54966    0.00008   -0.00007     4.4864     4.5215     4.3168     4.3172    34.9623    34.9615    27.7224    27.7218    1498.41    194.957    196.483         37 0.0000e+00
      48063   2002.603   1360.570   1374.000     4.4302     4.4304   3.351495   3.351434     1.9387     1.6188      10.57   26.05920  -95.54966    0.00013   -0.00003     4.4875     4.5215     4.3170     4.3171    34.9624    34.9616    27.7225    27.7218    1498.41    195.005    196.481         69 0.0000e+00
      48122   2005.041   1359.583   1373.000     4.4302     4.4306   3.351453   3.351406     1.9388     1.6190      11.49   26.05920  -95.54966    0.00008    0.00010     4.4873     4.5215     4.3170     4.3174    34.9625    34.9615    27.7226    27.7217    1498.41    194.997    196.482         48 0.0000e+00
      48181   2007.480   1358.596   1372.000     4.4299     4.4303   3.351366   3.351341     1.9390     1.6190      12.55   26.05920  -95.54966    0.00007    0.00003     4.4875     4.5211     4.3168     4.3172    34.9623    34.9615    27.7224    27.7217    1498.41    195.007    196.467         64 0.0000e+00
      48232   2009.636   1357.609   1371.000     4.4300     4.4306   3.351347   3.351319     1.9391     1.6191      13.36   26.05922  -95.54966    0.00005   -0.00000     4.4872     4.5207     4.3170     4.3176    34.9624    34.9615    27.7225    27.7217    1498.41    194.994    196.447         40 0.0000e+00
      48279   2011.595   1356.622   1370.000     4.4298     4.4303   3.351272   3.351252     1.9391     1.6193      14.50   26.05921  -95.54966    0.00004    0.00010     4.4869     4.5212     4.3169     4.3174    34.9623    34.9615    27.7224    27.7217    1498.41    194.981    196.472         61 0.0000e+00
      48336   2013.960   1355.635   1369.000     4.4298     4.4305   3.351235   3.351220     1.9392     1.6192      15.45   26.05922  -95.54966    0.00003    0.00001     4.4866     4.5201     4.3170     4.3177    34.9623    34.9614    27.7224    27.7216    1498.41    194.966    196.424         40 0.0000e+00
      48369   2015.324   1354.648   1368.000     4.4294     4.4296   3.351154   3.351114     1.9391     1.6190      16.26   26.05922  -95.54966   -0.00001   -0.00010     4.4855     4.5188     4.3167     4.3169    34.9623    34.9615    27.7224    27.7218    1498.41    194.920    196.366         34 0.0000e+00
      48410   2017.047   1353.661   1367.000     4.4291     4.4294   3.351091   3.351042     1.9393     1.6193      17.38   26.05922  -95.54966 -8.891e-07   -0.00002     4.4858     4.5193     4.3165     4.3168    34.9623    34.9615    27.7225    27.7218    1498.41    194.931    196.387         48 0.0000e+00
      48453   2018.850   1352.674   1366.000     4.4291     4.4295   3.351047   3.351012     1.9396     1.6197      18.32   26.05922  -95.54966    0.00016    0.00014     4.4866     4.5202     4.3166     4.3170    34.9623    34.9615    27.7224    27.7217    1498.41    194.965    196.429         36 0.0000e+00
      48486   2020.210   1351.687   1365.000     4.4289     4.4294   3.350987   3.350959     1.9399     1.6202      19.22   26.05922  -95.54966    0.00017    0.00027     4.4870     4.5218     4.3165     4.3170    34.9623    34.9615    27.7224    27.7217    1498.41    194.982    196.498         32 0.0000e+00
      48519   2021.597   1350.700   1364.000     4.4287     4.4291   3.350928   3.350897     1.9401     1.6202      20.16   26.05922  -95.54965    0.00017    0.00024     4.4871     4.5211     4.3164     4.3168    34.9623    34.9615    27.7225    27.7218    1498.41    194.988    196.465         35 0.0000e+00
      48556   2023.108   1349.713   1363.000     4.4286     4.4290   3.350878   3.350846     1.9401     1.6203      21.30   26.05922  -95.54964    0.00011    0.00008     4.4866     4.5212     4.3163     4.3168    34.9624    34.9615    27.7225    27.7218    1498.41    194.964    196.472         36 0.0000e+00
      48589   2024.512   1348.726   1362.000     4.4285     4.4289   3.350828   3.350789     1.9402     1.6206      22.17   26.05922  -95.54965    0.00003    0.00010     4.4865     4.5218     4.3163     4.3167    34.9624    34.9615    27.7225    27.7218    1498.41    194.962    196.496         31 0.0000e+00
      50537   2105.669   1272.709   1285.000     4.5345     4.5349   3.356629   3.356600     1.9273     1.6068      98.62   26.05902  -95.54879   -0.00008   -0.00023     4.3815     4.4095     4.4284     4.4288    34.9567    34.9560    27.7058    27.7051    1498.40    190.404    191.618         30 0.0000e+00
      51491   2145.423   1235.184   1247.000     4.5439     4.5439   3.355884   3.355833     1.9303     1.6112     100.00   26.05959  -95.55083    0.00001    0.00018     4.3699     4.4038     4.4411     4.4412    34.9570    34.9564    27.7046    27.7041    1498.43    189.900    191.374         30 0.0000e+00
      53928   2246.963   1139.366   1150.000     4.7411     4.7415   3.368713   3.368674     1.9010     1.5825     100.00   26.05914  -95.54893   -0.00034   -0.00029     4.1874     4.2146     4.6455     4.6459    34.9477    34.9468    27.6744    27.6737    1498.40    181.972    183.155         30 0.0000e+00
      55106   2296.059   1093.911   1104.000     4.8437     4.8476   3.375773   3.376018     1.8857     1.5688     100.00   26.05989  -95.55169   -0.00066   -0.00051     4.0969     4.1252     4.7515     4.7553    34.9448    34.9439    27.6602    27.6590    1498.44    178.041    179.272         59 0.0000e+00
      55161   2298.323   1092.922   1103.000     4.8364     4.8376   3.374993   3.375050     1.8843     1.5678     100.00   26.05933  -95.54960   -0.00062   -0.00048     4.0923     4.1220     4.7442     4.7455    34.9442    34.9436    27.6605    27.6599    1498.41    177.844    179.136         46 0.0000e+00
      55254   2302.221   1091.934   1102.000     4.8445     4.8407   3.375639   3.375262     1.8851     1.5689      95.87   26.05933  -95.54960    0.00018    0.00027     4.0935     4.1252     4.7524     4.7486    34.9437    34.9433    27.6592    27.6593    1498.41    177.895    179.272         51 0.0000e+00
      55724   2321.780   1089.957   1100.000     4.8620     4.8616   3.376920   3.376875     1.8820     1.5663      93.73   26.05797  -95.54456   -0.00017   -0.00018     4.0797     4.1120     4.7699     4.7695    34.9411    34.9407    27.6551    27.6548    1498.33    177.295    178.698         52 0.0000e+00
      56558   2356.538   1088.969   1099.000     4.8804     4.8833   3.378648   3.378830     1.8766     1.5618      99.54   26.05935  -95.54958    0.00001    0.00011     4.0579     4.0919     4.7883     4.7912    34.9425    34.9416    27.6542    27.6531    1498.41    176.351    177.827         39 0.0000e+00
      56573   2357.178   1087.981   1098.000     4.8833     4.8837   3.378835   3.378840     1.8769     1.5618      59.73   26.05935  -95.54958    0.00006    0.00002     4.0583     4.0914     4.7912     4.7917    34.9422    34.9418    27.6536    27.6532    1498.41    176.368    177.805         35 0.0000e+00
      56607   2358.590   1086.993   1097.000     4.8854     4.8872   3.379007   3.379089     1.8769     1.5617     100.79   26.05935  -95.54958    0.00004   -0.00011     4.0574     4.0898     4.7934     4.7952    34.9424    34.9418    27.6535    27.6528    1498.41    176.326    177.736         32 0.0000e+00
      57046   2376.874   1070.191   1080.000     4.9450     4.9470   3.383504   3.383569     1.8721     1.5567     100.00   26.05958  -95.55036   -0.00007    0.00017     4.0248     4.0554     4.8541     4.8561    34.9407    34.9393    27.6452    27.6439    1498.42    174.912    176.242         30 0.0000e+00
      57399   2391.570   1056.354   1066.000     5.0114     5.0117   3.388608   3.388578     1.8593     1.5439     100.00   26.05899  -95.54819   -0.00070   -0.00051     3.9656     3.9926     4.9212     4.9215    34.9373    34.9366    27.6348    27.6342    1498.39    172.341    173.515         30 0.0000e+00
      59707   2487.737    965.398    974.000     5.3303     5.3305   3.412589   3.412532     1.8111     1.4994      74.54   26.05909  -95.54820   -0.00021   -0.00033     3.7197     3.7464     5.2463     5.2464    34.9268    34.9260    27.5882    27.5875    1498.39    161.663    162.824         30 0.0000e+00
      61274   2553.025    903.090    911.000     5.6743     5.6743   3.440344   3.440275     1.7642     1.4555      40.88   26.05950  -95.54966   -0.00082   -0.00066     3.4978     3.5222     5.5937     5.5937    34.9184    34.9176    27.5394    27.5388    1498.41    152.024    153.084         30 0.0000e+00
      61541   2564.146    895.176    903.000     5.6756     5.6770   3.439865   3.439939     1.7616     1.4548      99.55   26.05749  -95.54225   -0.00004   -0.00011     3.4856     3.5159     5.5957     5.5971    34.9154    34.9148    27.5367    27.5360    1498.30    151.494    152.814         43 0.0000e+00
      62570   2607.026    892.209    900.000     5.6942     5.6959   3.442144   3.442286     1.7601     1.4531      91.86   26.06460  -95.56836   -0.00002   -0.00014     3.4767     3.5060     5.6145     5.6163    34.9242    34.9240    27.5415    27.5411    1498.71    151.110    152.383         33 0.0000e+00
      62979   2624.099    891.220    899.000     5.6980     5.6998   3.441887   3.442002     1.7584     1.4518      95.21   26.05944  -95.54946   -0.00002   -0.00002     3.4707     3.5010     5.6184     5.6201    34.9174    34.9169    27.5355    27.5349    1498.41    150.849    152.166         53 0.0000e+00
      63076   2628.105    890.231    898.000     5.6989     5.7000   3.441933   3.441980     1.7590     1.4518     100.27   26.05944  -95.54946    0.00013 -3.595e-07     3.4721     3.5005     5.6194     5.6205    34.9174    34.9169    27.5354    27.5348    1498.41    150.909    152.141         59 0.0000e+00
      63122   2630.054    889.241    897.000     5.6976     5.6999   3.441788   3.441931     1.7589     1.4521      78.01   26.05944  -95.54946    0.00013    0.00007     3.4713     3.5011     5.6182     5.6205    34.9176    34.9169    27.5357    27.5348    1498.41    150.875    152.168         41 0.0000e+00
      63172   2632.125    888.252    896.000     5.7039     5.7042   3.442309   3.442302     1.7589     1.4522      99.58   26.05944  -95.54946   -0.00003    0.00011     3.4702     3.5005     5.6245     5.6248    34.9175    34.9171    27.5349    27.5345    1498.41    150.828    152.145         61 0.0000e+00
      63224   2634.301    887.263    895.000     5.7082     5.7076   3.442610   3.442519     1.7590     1.4522     100.00   26.05944  -95.54946    0.00001   -0.00001     3.4697     3.4997     5.6289     5.6283    34.9170    34.9166    27.5339    27.5337    1498.41    150.806    152.107         38 0.0000e+00
      63258   2635.701    886.273    894.000     5.7118     5.7123   3.442925   3.442917     1.7590     1.4519      54.51   26.05944  -95.54946    0.00002   -0.00008     3.4691     3.4977     5.6326     5.6331    34.9174    34.9167    27.5337    27.5331    1498.41    150.778    152.023         32 0.0000e+00
      63290   2637.039    885.284    893.000     5.7172     5.7192   3.443352   3.443469     1.7591     1.4517      98.86   26.05944  -95.54946    0.00008   -0.00015     3.4684     3.4960     5.6380     5.6400    34.9171    34.9164    27.5329    27.5321    1498.41    150.749    151.947         32 0.0000e+00
      63322   2638.366    884.295    892.000     5.7210     5.7233   3.443629   3.443788     1.7592     1.4513     100.02   26.05944  -95.54946    0.00008   -0.00015     3.4680     3.4937     5.6419     5.6442    34.9168    34.9163    27.5321    27.5315    1498.41    150.729    151.848         30 0.0000e+00
      67959   2831.570    699.223    705.000     6.8122     6.8155   3.535166   3.535621     1.6541     1.3520     100.00   26.05849  -95.54553   -0.00068   -0.00099     2.9546     2.9722     6.7448     6.7481    34.9180    34.9178    27.3894    27.3888    1498.35    128.436    129.199         31 0.0000e+00
      68165   2840.166    697.243    703.000     6.8154     6.8026   3.535955   3.534548     1.6515     1.3504     100.01   26.06183  -95.55780    0.00032    0.00029     2.9447     2.9666     6.7482     6.7355    34.9230    34.9203    27.3930    27.3926    1498.54    128.005    128.954         55 0.0000e+00
      68880   2869.947    694.272    700.000     6.8340     6.8371   3.536930   3.537216     1.6461     1.3463      93.67   26.05612  -95.53688   -0.00003   -0.00017     2.9255     2.9490     6.7670     6.7701    34.9157    34.9159    27.3845    27.3842    1498.21    127.170    128.191         47 0.0000e+00
      69698   2904.047    692.292    698.000     6.8458     6.8463   3.538239   3.538334     1.6444     1.3455      90.02   26.05862  -95.54604    0.00009    0.00012     2.9185     2.9445     6.7789     6.7794    34.9199    34.9200    27.3863    27.3862    1498.36    126.865    127.997         35 0.0000e+00
