Gulf of Mexico/GOMECC-4/1db/rb2103_0371.cnv
* Sea-Bird SBE 9 Data File:
* FileName = C:\Users\scs.user.rb\CTD\GOMECC4\data\rb2103_0371.hex
* Software Version Seasave V 7.26.7.107
* Temperature SN = 4799
* Conductivity SN = 3860
* Number of Bytes Per Scan = 41
* Number of Voltage Words = 4
* Number of Scans Averaged by the Deck Unit = 1
* NMEA Latitude = 27 00.07 N
* NMEA Longitude = 089 59.96 W
* NMEA UTC (Time) = Sep 25 2021  07:16:47
* NMEA baud rate = 4800
# nquan = 28
# nvalues = 1279                        
# units = specified
# name 0 = scan: Scan Count
# name 1 = timeS: Time, Elapsed [seconds]
# name 2 = depSM: Depth [salt water, m]
# name 3 = prDM: Pressure, Digiquartz [db]
# name 4 = t090C: Temperature [ITS-90, deg C]
# name 5 = t190C: Temperature, 2 [ITS-90, deg C]
# name 6 = c0S/m: Conductivity [S/m]
# name 7 = c1S/m: Conductivity, 2 [S/m]
# name 8 = sbeox0V: Oxygen raw, SBE 43 [V]
# name 9 = sbeox1V: Oxygen raw, SBE 43, 2 [V]
# name 10 = altM: Altimeter [m]
# name 11 = latitude: Latitude [deg]
# name 12 = longitude: Longitude [deg]
# name 13 = sbox0dV/dT: Oxygen, SBE 43 [dov/dt]
# name 14 = sbox1dV/dT: Oxygen, SBE 43, 2 [dov/dt]
# name 15 = sbeox0ML/L: Oxygen, SBE 43 [ml/l], WS = 5
# name 16 = sbeox1ML/L: Oxygen, SBE 43, 2 [ml/l], WS = 5
# name 17 = potemp090C: Potential Temperature [ITS-90, deg C]
# name 18 = potemp190C: Potential Temperature, 2 [ITS-90, deg C]
# name 19 = sal00: Salinity, Practical [PSU]
# name 20 = sal11: Salinity, Practical, 2 [PSU]
# name 21 = sigma-é00: Density [sigma-theta, kg/m^3]
# name 22 = sigma-é11: Density, 2 [sigma-theta, kg/m^3]
# name 23 = avgsvCM: Average Sound Velocity [Chen-Millero, m/s], minP = 20, minS = 20
# name 24 = sbox0Mm/Kg: Oxygen, SBE 43 [umol/kg], WS = 5
# name 25 = sbox1Mm/Kg: Oxygen, SBE 43, 2 [umol/kg], WS = 5
# name 26 = nbin: number of scans per bin
# name 27 = flag: flag
# span 0 =      23122,     192814       
# span 1 =    963.363,   8033.865       
# span 2 =      1.987,   2375.565       
# span 3 =      2.000,   2405.000       
# span 4 =     4.2721,    29.2290       
# span 5 =     4.2722,    29.2329       
# span 6 =   3.349215,   5.943736       
# span 7 =   3.349130,   5.944230       
# span 8 =     1.5884,     3.1530       
# span 9 =     1.2931,     2.6777       
# span 10 =      10.65,     102.50      
# span 11 =   26.90647,   27.25811      
# span 12 =  -90.72884,  -89.56011      
# span 13 =   -0.01965,    0.02672      
# span 14 =   -0.02024,    0.03204      
# span 15 =     2.5624,     4.7243      
# span 16 =     2.5885,     4.7616      
# span 17 =     4.0826,    29.2258      
# span 18 =     4.0833,    29.2298      
# span 19 =    34.8997,    36.8755      
# span 20 =    34.8990,    36.8767      
# span 21 =    22.8260,    27.7575      
# span 22 =    22.8250,    27.7559      
# span 23 =       0.00,    1546.32      
# span 24 =    111.419,    205.289      
# span 25 =    112.556,    206.909      
# span 26 =         30,         66      
# span 27 = 0.0000e+00, 0.0000e+00      
# interval = decibars: 1                
# start_time = Sep 25 2021 07:16:47 [NMEA time, header]
# bad_flag = -9.990e-29
*END*
[from data line 208]
      39121   1629.992    533.768    538.000    10.1022    10.1019   3.863277   3.863195     1.6448     1.3473     100.00   27.01006  -89.99572   -0.00037   -0.00015     2.6261     2.6603    10.0381    10.0378    35.2096    35.2090    27.1092    27.1088    1520.84    114.185    115.675         31 0.0000e+00
      39208   1633.617    537.732    542.000    10.0070    10.0073   3.852917   3.852882     1.6459     1.3490      99.99   27.00789  -89.98840    0.00030    0.00049     2.6369     2.6735     9.9428     9.9431    35.1940    35.1934    27.1132    27.1127    1520.55    114.655    116.247         31 0.0000e+00
      39246   1635.208    538.722    543.000     9.9875     9.9874   3.851056   3.850991     1.6463     1.3496     100.00   27.01010  -89.99570    0.00052    0.00060     2.6395     2.6767     9.9233     9.9232    35.1939    35.1934    27.1166    27.1162    1520.64    114.768    116.384         36 0.0000e+00
      39374   1640.521    543.676    548.000     9.8642     9.8636   3.837855   3.837740     1.6448     1.3477      99.43   27.01013  -89.99569   -0.00035   -0.00031     2.6454     2.6808     9.7999     9.7993    35.1765    35.1759    27.1240    27.1237    1520.43    115.025    116.561         32 0.0000e+00
      39495   1645.602    548.630    553.000     9.7596     9.7595   3.826470   3.826413     1.6448     1.3479      99.99   27.00808  -89.98874   -0.00007    0.00002     2.6543     2.6903     9.6952     9.6950    35.1588    35.1583    27.1278    27.1274    1520.11    115.408    116.977         30 0.0000e+00
      39534   1647.197    549.621    554.000     9.7433     9.7426   3.825011   3.824891     1.6457     1.3484     100.00   27.01016  -89.99566    0.00020    0.00014     2.6584     2.6933     9.6787     9.6780    35.1597    35.1592    27.1314    27.1311    1520.19    115.586    117.105         37 0.0000e+00
      39630   1651.215    553.584    558.000     9.6795     9.6801   3.818203   3.818215     1.6458     1.3491      80.26   27.00827  -89.98923    0.00002    0.00019     2.6643     2.7011     9.6147     9.6153    35.1497    35.1492    27.1342    27.1338    1519.92    115.844    117.446         31 0.0000e+00
      39665   1652.685    554.575    559.000     9.6769     9.6775   3.818184   3.818201     1.6463     1.3490     100.27   27.01020  -89.99564    0.00023    0.00019     2.6663     2.7012     9.6120     9.6126    35.1519    35.1515    27.1365    27.1361    1519.99    115.931    117.449         33 0.0000e+00
      39795   1658.102    559.529    564.000     9.6325     9.6332   3.813576   3.813592     1.6456     1.3480     100.00   27.00953  -89.99326   -0.00028   -0.00007     2.6689     2.7026     9.5672     9.5679    35.1453    35.1449    27.1388    27.1384    1519.76    116.043    117.510         30 0.0000e+00
      39924   1663.463    564.482    569.000     9.5993     9.5998   3.810425   3.810426     1.6452     1.3485     100.00   27.00901  -89.99136   -0.00018    0.00010     2.6719     2.7082     9.5336     9.5340    35.1429    35.1425    27.1425    27.1421    1519.53    116.174    117.752         31 0.0000e+00
      39957   1664.844    565.473    570.000     9.5838     9.5837   3.808950   3.808886     1.6458     1.3490     100.00   27.01028  -89.99560    0.00013    0.00027     2.6749     2.7111     9.5180     9.5179    35.1426    35.1421    27.1449    27.1445    1519.56    116.305    117.878         31 0.0000e+00
      40088   1670.276    570.427    575.000     9.4750     9.4744   3.797562   3.797468     1.6450     1.3473     100.00   27.01175  -90.00036   -0.00031   -0.00054     2.6818     2.7150     9.4091     9.4085    35.1294    35.1289    27.1528    27.1525    1519.45    116.602    118.045         32 0.0000e+00
      40186   1674.379    574.389    579.000     9.4029     9.4037   3.789876   3.789901     1.6418     1.3450     100.00   27.00973  -89.99354   -0.00070   -0.00042     2.6789     2.7140     9.3368     9.3376    35.1181    35.1177    27.1558    27.1553    1519.18    116.477    118.005         31 0.0000e+00
      40580   1690.809    589.248    594.000     9.1821     9.1825   3.767233   3.767207     1.6182     1.3223      99.99   27.00971  -89.99312   -0.00140   -0.00100     2.6304     2.6620     9.1152     9.1156    35.0923    35.0917    27.1718    27.1713    1518.61    114.364    115.740         30 0.0000e+00
      40612   1692.134    590.239    595.000     9.1787     9.1776   3.766980   3.766810     1.6181     1.3222     100.00   27.01044  -89.99554   -0.00092   -0.00064     2.6304     2.6624     9.1117     9.1106    35.0927    35.0918    27.1727    27.1722    1518.61    114.366    115.756         30 0.0000e+00
      40740   1697.450    595.192    600.000     9.1501     9.1504   3.764056   3.764017     1.6171     1.3222      88.62   27.00936  -89.99178   -0.00017   -0.00001     2.6314     2.6662     9.0826     9.0829    35.0879    35.0872    27.1736    27.1730    1518.36    114.408    115.921         32 0.0000e+00
      40773   1698.844    596.182    601.000     9.1392     9.1391   3.763027   3.762962     1.6173     1.3223     100.28   27.01049  -89.99550   -0.00010   -0.00004     2.6328     2.6675     9.0717     9.0716    35.0875    35.0869    27.1752    27.1747    1518.39    114.470    115.979         30 0.0000e+00
      40870   1702.874    600.145    605.000     9.0494     9.0503   3.753542   3.753585     1.6221     1.3279      77.72   27.00951  -89.99212    0.00113    0.00133     2.6547     2.6926     8.9818     8.9827    35.0748    35.0743    27.1796    27.1791    1518.19    115.419    117.068         32 0.0000e+00
      40903   1704.245    601.135    606.000     9.0430     9.0433   3.753021   3.753004     1.6250     1.3306     100.27   27.01052  -89.99548    0.00187    0.00188     2.6637     2.7021     8.9753     8.9757    35.0753    35.0748    27.1812    27.1807    1518.21    115.815    117.483         30 0.0000e+00
      41036   1709.773    606.088    611.000     8.9940     8.9936   3.748321   3.748224     1.6221     1.3250     100.00   27.01092  -89.99669   -0.00151   -0.00206     2.6603     2.6894     8.9260     8.9256    35.0721    35.0715    27.1866    27.1861    1518.05    115.664    116.930         31 0.0000e+00
      41383   1724.261    618.964    624.000     8.7715     8.7722   3.725913   3.725911     1.6105     1.3139     100.00   27.01147  -89.99819   -0.00117   -0.00192     2.6456     2.6730     8.7031     8.7037    35.0502    35.0496    27.2050    27.2043    1517.61    115.022    116.214         31 0.0000e+00
      41512   1729.633    623.916    629.000     8.7160     8.7161   3.720306   3.720254     1.6021     1.3070     100.00   27.01015  -89.99368   -0.00135   -0.00107     2.6261     2.6560     8.6472     8.6473    35.0437    35.0430    27.2086    27.2080    1517.35    114.177    115.476         31 0.0000e+00
      41545   1730.985    624.906    630.000     8.7057     8.7061   3.719279   3.719264     1.6004     1.3065     100.00   27.01068  -89.99542   -0.00136   -0.00106     2.6223     2.6555     8.6368     8.6373    35.0425    35.0419    27.2093    27.2087    1517.35    114.010    115.453         31 0.0000e+00
      41643   1735.092    628.868    634.000     8.6323     8.6320   3.711691   3.711610     1.6004     1.3067     100.00   27.01018  -89.99367    0.00007    0.00006     2.6286     2.6626     8.5633     8.5631    35.0330    35.0324    27.2134    27.2129    1517.18    114.282    115.761         33 0.0000e+00
      41677   1736.518    629.859    635.000     8.6145     8.6146   3.709962   3.709894     1.6011     1.3076     100.00   27.01071  -89.99540    0.00038    0.00023     2.6322     2.6671     8.5455     8.5456    35.0319    35.0312    27.2153    27.2147    1517.17    114.442    115.956         31 0.0000e+00
      41783   1740.916    633.820    639.000     8.5307     8.5299   3.701367   3.701171     1.6037     1.3101     100.00   27.01138  -89.99750    0.00054    0.00062     2.6471     2.6822     8.4617     8.4609    35.0223    35.0216    27.2208    27.2204    1517.07    115.088    116.613         33 0.0000e+00
      41885   1745.159    637.781    643.000     8.4184     8.4194   3.689980   3.690036     1.6048     1.3117     100.00   27.01000  -89.99283    0.00026    0.00040     2.6599     2.6967     8.3495     8.3504    35.0107    35.0104    27.2291    27.2287    1516.85    115.642    117.241         37 0.0000e+00
      42013   1750.502    642.733    648.000     8.3679     8.3685   3.685168   3.685168     1.5996     1.3058     100.00   27.00955  -89.99121   -0.00108   -0.00114     2.6494     2.6825     8.2986     8.2992    35.0073    35.0067    27.2342    27.2337    1516.65    115.184    116.623         47 0.0000e+00
      42142   1755.879    647.685    653.000     8.2954     8.2929   3.677803   3.677466     1.5962     1.3024     100.00   27.00896  -89.98913   -0.00044   -0.00057     2.6461     2.6785     8.2260     8.2234    34.9985    34.9974    27.2384    27.2379    1516.44    115.040    116.450         41 0.0000e+00
      42183   1757.568    648.675    654.000     8.2642     8.2635   3.674825   3.674691     1.5962     1.3035     100.00   27.01084  -89.99534   -0.00037   -0.00006     2.6484     2.6842     8.1948     8.1941    34.9976    34.9969    27.2425    27.2421    1516.51    115.141    116.696         31 0.0000e+00
      42305   1762.687    653.626    659.000     8.1918     8.1914   3.667633   3.667519     1.5983     1.3054     100.00   27.01053  -89.99424    0.00036    0.00043     2.6617     2.6973     8.1222     8.1218    34.9905    34.9897    27.2480    27.2474    1516.32    115.717    117.265         37 0.0000e+00
      42435   1768.063    658.578    664.000     8.1216     8.1223   3.660713   3.660730     1.5993     1.3064     100.00   27.00995  -89.99217    0.00029    0.00034     2.6714     2.7072     8.0518     8.0525    34.9840    34.9834    27.2535    27.2529    1516.12    116.139    117.698         35 0.0000e+00
      42469   1769.518    659.568    665.000     8.1160     8.1131   3.660130   3.659939     1.5997     1.3057     100.00   27.01091  -89.99532    0.00026    0.00023     2.6731     2.7059     8.0461     8.0432    34.9850    34.9839    27.2551    27.2547    1516.13    116.211    117.639         31 0.0000e+00
      42596   1774.799    664.519    670.000     8.0506     8.0506   3.653897   3.653851     1.5981     1.3051     100.00   27.01010  -89.99251   -0.00033   -0.00006     2.6747     2.7099     7.9805     7.9805    34.9790    34.9785    27.2603    27.2599    1515.92    116.281    117.812         30 0.0000e+00
      42628   1776.142    665.509    671.000     8.0409     8.0412   3.653123   3.653103     1.5976     1.3045     100.00   27.01094  -89.99530   -0.00033   -0.00016     2.6741     2.7091     7.9707     7.9710    34.9800    34.9795    27.2626    27.2622    1515.93    116.256    117.777         31 0.0000e+00
      42758   1781.537    670.460    676.000     7.8648     7.8635   3.635532   3.635346     1.5944     1.3015     100.00   27.01090  -89.99502   -0.00062   -0.00053     2.6786     2.7133     7.7950     7.7937    34.9645    34.9638    27.2766    27.2762    1515.76    116.451    117.958         35 0.0000e+00
      42889   1786.999    675.412    681.000     7.7415     7.7422   3.623042   3.623051     1.5994     1.3081      99.00   27.01068  -89.99414    0.00102    0.00138     2.7045     2.7455     7.6718     7.6725    34.9508    34.9502    27.2840    27.2834    1515.57    117.576    119.359         32 0.0000e+00
      42921   1788.339    676.402    682.000     7.7336     7.7340   3.622310   3.622287     1.6019     1.3099     100.01   27.01102  -89.99526    0.00142    0.00162     2.7132     2.7526     7.6638     7.6642    34.9503    34.9498    27.2848    27.2843    1515.56    117.954    119.668         30 0.0000e+00
      43052   1793.771    681.352    687.000     7.6360     7.6364   3.612337   3.612309     1.6077     1.3155      78.61   27.01138  -89.99629    0.00103    0.00118     2.7400     2.7800     7.5662     7.5666    34.9380    34.9373    27.2894    27.2888    1515.41    119.118    120.858         37 0.0000e+00
      43148   1797.794    685.313    691.000     7.6017     7.6023   3.608675   3.608677     1.6132     1.3203      99.99   27.00923  -89.98909    0.00132    0.00106     2.7612     2.8002     7.5316     7.5322    34.9306    34.9300    27.2885    27.2880    1515.15    120.039    121.735         31 0.0000e+00
      43184   1799.306    686.303    692.000     7.5987     7.5995   3.608621   3.608620     1.6148     1.3216     100.00   27.01108  -89.99524    0.00107    0.00074     2.7665     2.8051     7.5286     7.5294    34.9328    34.9320    27.2907    27.2900    1515.22    120.270    121.948         34 0.0000e+00
      43317   1804.834    691.253    697.000     7.5791     7.5779   3.607017   3.606819     1.6179     1.3243     100.00   27.01176  -89.99735    0.00046    0.00050     2.7792     2.8177     7.5085     7.5074    34.9328    34.9318    27.2936    27.2930    1515.09    120.823    122.493         35 0.0000e+00
      43446   1810.198    696.204    702.000     7.6121     7.6127   3.611455   3.611434     1.6158     1.3202     100.00   27.01070  -89.99367   -0.00047   -0.00082     2.7719     2.8028     7.5408     7.5414    34.9452    34.9444    27.2987    27.2980    1514.86    120.503    121.845         32 0.0000e+00
      43480   1811.614    697.194    703.000     7.6086     7.6089   3.611252   3.611204     1.6132     1.3168     100.00   27.01117  -89.99518   -0.00117   -0.00182     2.7643     2.7920     7.5372     7.5375    34.9461    34.9453    27.3000    27.2993    1514.86    120.174    121.377         33 0.0000e+00
      43577   1815.664    701.154    707.000     7.5742     7.5740   3.607994   3.607894     1.6072     1.3124      99.99   27.00961  -89.98989   -0.00138   -0.00105     2.7499     2.7814     7.5026     7.5024    34.9432    34.9424    27.3026    27.3020    1514.64    119.547    120.914         34 0.0000e+00
      43614   1817.214    702.145    708.000     7.5533     7.5527   3.606466   3.606359     1.6063     1.3119     100.00   27.01120  -89.99518   -0.00086   -0.00038     2.7482     2.7813     7.4817     7.4811    34.9439    34.9432    27.3063    27.3058    1514.70    119.470    120.911         32 0.0000e+00
      43715   1821.420    706.104    712.000     7.5350     7.5355   3.604587   3.604564     1.6059     1.3124     100.00   27.01128  -89.99533    0.00001    0.00024     2.7504     2.7859     7.4630     7.4636    34.9435    34.9427    27.3086    27.3079    1514.57    119.567    121.113         31 0.0000e+00
      43983   1832.575    716.005    722.000     7.4395     7.4398   3.595568   3.595520     1.6067     1.3135      94.27   27.01025  -89.99164    0.00026    0.00035     2.7635     2.8001     7.3670     7.3673    34.9365    34.9357    27.3169    27.3163    1514.20    120.135    121.727         32 0.0000e+00
      44017   1833.986    716.995    723.000     7.4338     7.4339   3.595149   3.595096     1.6071     1.3137     100.12   27.01130  -89.99512    0.00029    0.00046     2.7655     2.8014     7.3612     7.3614    34.9374    34.9367    27.3185    27.3179    1514.22    120.225    121.785         31 0.0000e+00
      44124   1838.449    720.955    727.000     7.3784     7.3732   3.590010   3.589845     1.6084     1.3143     100.01   27.01304  -90.00079    0.00024    0.00008     2.7747     2.8090     7.3057     7.3005    34.9349    34.9334    27.3245    27.3241    1514.20    120.625    122.113         41 0.0000e+00
