Gulf of Mexico/GOMECC-4/1db/rb2103_0021.ros
* Sea-Bird SBE 9 Data File:
* FileName = C:\Users\scs.user.rb\CTD\GOMECC4\data\rb1203_002.hex
* Software Version Seasave V 7.26.7.107
* Temperature SN = 4799
* Conductivity SN = 3860
* Number of Bytes Per Scan = 41
* Number of Voltage Words = 4
* Number of Scans Averaged by the Deck Unit = 1
* NMEA Latitude = 27 00.26 N
* NMEA Longitude = 079 40.70 W
* NMEA UTC (Time) = Sep 14 2021  18:19:26
* NMEA baud rate = 4800
# nquan = 17
# nvalues = 2394                                  
# units = specified
# name 0 = scan: Scan Count
# name 1 = timeS: Time, Elapsed [seconds]
# name 2 = depSM: Depth [salt water, m]
# name 3 = prDM: Pressure, Digiquartz [db]
# name 4 = t090C: Temperature [ITS-90, deg C]
# name 5 = t190C: Temperature, 2 [ITS-90, deg C]
# name 6 = c0S/m: Conductivity [S/m]
# name 7 = c1S/m: Conductivity, 2 [S/m]
# name 8 = sbeox0V: Oxygen raw, SBE 43 [V]
# name 9 = sbeox1V: Oxygen raw, SBE 43, 2 [V]
# name 10 = altM: Altimeter [m]
# name 11 = latitude: Latitude [deg]
# name 12 = longitude: Longitude [deg]
# name 13 = sbox0dV/dT: Oxygen, SBE 43 [dov/dt]
# name 14 = sbox1dV/dT: Oxygen, SBE 43, 2 [dov/dt]
# name 15 = nbf: Bottles Fired
# name 16 = flag:  0.000e+00
# interval = seconds: 0.0416667
# start_time = Sep 14 2021 18:19:26 [NMEA time, header]
# bad_flag = -9.990e-29
*END*
[from data line 1788]
      93919   3913.250     30.250     30.453    29.5407    29.5414   5.968156   5.968524     3.1453     2.6777     100.00   27.02618  -79.69324   -0.00038   -0.00048         14  0.000e+00
      93920   3913.292     30.190     30.392    29.5407    29.5415   5.968116   5.968540     3.1453     2.6777     100.00   27.02618  -79.69324   -0.00040   -0.00050         14  0.000e+00
      93921   3913.333     30.250     30.453    29.5409    29.5416   5.968068   5.968540     3.1453     2.6777     100.00   27.02618  -79.69324   -0.00042   -0.00053         14  0.000e+00
      93922   3913.375     30.250     30.453    29.5412    29.5416   5.968172   5.968508     3.1441     2.6777     100.00   27.02618  -79.69324   -0.00046   -0.00055         14  0.000e+00
      93923   3913.417     30.281     30.483    29.5410    29.5418   5.968284   5.968524     3.1441     2.6777     100.00   27.02618  -79.69324   -0.00049   -0.00058         14  0.000e+00
      93924   3913.458     30.303     30.506    29.5410    29.5417   5.968188   5.968573     3.1453     2.6777     100.00   27.02618  -79.69324   -0.00051   -0.00061         14  0.000e+00
      93925   3913.500     30.250     30.453    29.5412    29.5418   5.968196   5.968548     3.1453     2.6777     100.00   27.02618  -79.69324   -0.00053   -0.00063         14  0.000e+00
      93926   3913.542     30.356     30.559    29.5410    29.5420   5.968268   5.968540     3.1453     2.6764     100.00   27.02618  -79.69324   -0.00055   -0.00068         14  0.000e+00
      93927   3913.583     30.356     30.559    29.5410    29.5417   5.968228   5.968573     3.1453     2.6777     100.00   27.02618  -79.69324   -0.00056   -0.00070         14  0.000e+00
      93928   3913.625     30.356     30.559    29.5413    29.5420   5.968244   5.968548     3.1453     2.6764     100.00   27.02618  -79.69324   -0.00058   -0.00074         14  0.000e+00
      93929   3913.667     30.417     30.620    29.5412    29.5422   5.968220   5.968581     3.1453     2.6764     100.00   27.02618  -79.69324   -0.00060   -0.00079         14  0.000e+00
      93930   3913.708     30.356     30.559    29.5410    29.5421   5.968244   5.968621     3.1453     2.6764     100.00   27.02618  -79.69324   -0.00061   -0.00083         14  0.000e+00
      93931   3913.750     30.470     30.674    29.5410    29.5422   5.968220   5.968637     3.1453     2.6764     100.00   27.02618  -79.69324   -0.00063   -0.00087         14  0.000e+00
      93932   3913.792     30.356     30.559    29.5410    29.5423   5.968212   5.968670     3.1453     2.6752     100.00   27.02620  -79.69324   -0.00064   -0.00093         14  0.000e+00
      93933   3913.833     30.470     30.674    29.5413    29.5422   5.968212   5.968646     3.1441     2.6752     100.00   27.02620  -79.69324   -0.00068   -0.00099         14  0.000e+00
      93934   3913.875     30.470     30.674    29.5412    29.5424   5.968244   5.968637     3.1441     2.6752     100.00   27.02620  -79.69324   -0.00069   -0.00105         14  0.000e+00
      93935   3913.917     30.470     30.674    29.5412    29.5423   5.968260   5.968670     3.1453     2.6752     100.00   27.02620  -79.69324   -0.00069   -0.00109         14  0.000e+00
      93936   3913.958     30.530     30.734    29.5412    29.5422   5.968260   5.968646     3.1441     2.6752     100.00   27.02620  -79.69324   -0.00070   -0.00112         14  0.000e+00
      93937   3914.000     30.470     30.674    29.5410    29.5423   5.968292   5.968678     3.1441     2.6752     100.00   27.02620  -79.69324   -0.00071   -0.00116         14  0.000e+00
      93938   3914.042     30.530     30.735    29.5413    29.5423   5.968260   5.968646     3.1441     2.6740     100.00   27.02620  -79.69324   -0.00072   -0.00121         14  0.000e+00
      93939   3914.083     30.530     30.735    29.5410    29.5422   5.968220   5.968637     3.1441     2.6740     100.00   27.02620  -79.69324   -0.00073   -0.00127         14  0.000e+00
      93940   3914.125     30.583     30.788    29.5410    29.5424   5.968212   5.968637     3.1441     2.6740     100.00   27.02620  -79.69324   -0.00074   -0.00132         14  0.000e+00
      93941   3914.167     30.583     30.788    29.5412    29.5423   5.968212   5.968637     3.1441     2.6728     100.00   27.02620  -79.69324   -0.00074   -0.00138         14  0.000e+00
      93942   3914.208     30.530     30.735    29.5409    29.5426   5.968284   5.968637     3.1441     2.6728     100.00   27.02620  -79.69324   -0.00075   -0.00143         14  0.000e+00
      93943   3914.250     30.636     30.841    29.5413    29.5423   5.968268   5.968670     3.1441     2.6728     100.00   27.02620  -79.69324   -0.00075   -0.00148         14  0.000e+00
      93944   3914.292     30.583     30.788    29.5410    29.5424   5.968220   5.968686     3.1441     2.6716     100.00   27.02620  -79.69324   -0.00076   -0.00154         14  0.000e+00
      93945   3914.333     30.696     30.902    29.5410    29.5427   5.968244   5.968686     3.1441     2.6716     100.00   27.02620  -79.69324   -0.00076   -0.00159         14  0.000e+00
      93946   3914.375     30.583     30.788    29.5414    29.5423   5.968220   5.968686     3.1453     2.6716     100.00   27.02620  -79.69324   -0.00074   -0.00165         14  0.000e+00
      93947   3914.417     30.636     30.841    29.5410    29.5427   5.968284   5.968718     3.1441     2.6716     100.00   27.02620  -79.69324   -0.00074   -0.00168         14  0.000e+00
      93948   3914.458     30.674     30.879    29.5413    29.5426   5.968340   5.968694     3.1441     2.6716     100.00   27.02620  -79.69324   -0.00074   -0.00172         14  0.000e+00
      93949   3914.500     30.696     30.902    29.5414    29.5422   5.968356   5.968613     3.1441     2.6703     100.00   27.02620  -79.69324   -0.00074   -0.00178         14  0.000e+00
      93950   3914.542     30.636     30.841    29.5414    29.5424   5.968388   5.968621     3.1441     2.6716     100.00   27.02620  -79.69324   -0.00074   -0.00183         14  0.000e+00
      93951   3914.583     30.697     30.902    29.5412    29.5423   5.968356   5.968605     3.1441     2.6716     100.00   27.02620  -79.69324   -0.00074   -0.00187         14  0.000e+00
      93952   3914.625     30.697     30.902    29.5412    29.5422   5.968316   5.968662     3.1441     2.6716     100.00   27.02620  -79.69324   -0.00073   -0.00191         14  0.000e+00
      93953   3914.667     30.697     30.902    29.5414    29.5423   5.968340   5.968686     3.1441     2.6716     100.00   27.02620  -79.69324   -0.00074   -0.00194         14  0.000e+00
      93954   3914.708     30.697     30.902    29.5413    29.5424   5.968356   5.968686     3.1441     2.6728     100.00   27.02620  -79.69324   -0.00076   -0.00196         14  0.000e+00
      93955   3914.750     30.749     30.955    29.5412    29.5423   5.968356   5.968646     3.1441     2.6728     100.00   27.02620  -79.69324   -0.00077   -0.00198         14  0.000e+00
      93956   3914.792     30.749     30.955    29.5412    29.5423   5.968316   5.968670     3.1441     2.6740     100.00   27.02620  -79.69324   -0.00076   -0.00197         14  0.000e+00
      93957   3914.833     30.697     30.902    29.5412    29.5424   5.968268   5.968646     3.1441     2.6740     100.00   27.02620  -79.69324   -0.00075   -0.00197         14  0.000e+00
      93958   3914.875     30.749     30.955    29.5412    29.5423   5.968292   5.968678     3.1429     2.6740     100.00   27.02620  -79.69324   -0.00076   -0.00196         14  0.000e+00
      93959   3914.917     30.750     30.955    29.5410    29.5426   5.968308   5.968686     3.1429     2.6752     100.00   27.02620  -79.69324   -0.00077   -0.00193         14  0.000e+00
      93960   3914.958     30.750     30.955    29.5414    29.5423   5.968308   5.968686     3.1429     2.6752     100.00   27.02620  -79.69324   -0.00077   -0.00190         14  0.000e+00
      93961   3915.000     30.750     30.955    29.5410    29.5426   5.968308   5.968686     3.1429     2.6752     100.00   27.02620  -79.69324   -0.00079   -0.00187         14  0.000e+00
      93962   3915.042     30.750     30.955    29.5414    29.5423   5.968308   5.968646     3.1429     2.6764     100.00   27.02620  -79.69324   -0.00079   -0.00182         14  0.000e+00
      93963   3915.083     30.750     30.955    29.5412    29.5423   5.968268   5.968638     3.1429     2.6764     100.00   27.02620  -79.69324   -0.00081   -0.00177         14  0.000e+00
      93964   3915.125     30.750     30.955    29.5413    29.5423   5.968316   5.968670     3.1429     2.6764     100.00   27.02620  -79.69324   -0.00083   -0.00172         14  0.000e+00
      93965   3915.167     30.810     31.016    29.5412    29.5423   5.968244   5.968686     3.1429     2.6764     100.00   27.02620  -79.69324   -0.00083   -0.00167         14  0.000e+00
      93966   3915.208     30.697     30.902    29.5412    29.5422   5.968284   5.968646     3.1429     2.6777     100.00   27.02620  -79.69324   -0.00084   -0.00160         14  0.000e+00
      93967   3915.250     30.810     31.016    29.5412    29.5423   5.968340   5.968597     3.1429     2.6777     100.00   27.02620  -79.69324   -0.00086   -0.00153         14  0.000e+00
      93968   3915.292     30.750     30.956    29.5414    29.5422   5.968356   5.968621     3.1429     2.6777     100.00   27.02620  -79.69324   -0.00087   -0.00144         14  0.000e+00
      93969   3915.333     30.750     30.956    29.5414    29.5423   5.968316   5.968638     3.1441     2.6789     100.00   27.02620  -79.69324   -0.00087   -0.00135         14  0.000e+00
      93970   3915.375     30.750     30.956    29.5410    29.5421   5.968380   5.968638     3.1441     2.6789     100.00   27.02620  -79.69324   -0.00086   -0.00124         14  0.000e+00
      93971   3915.417     30.697     30.902    29.5412    29.5422   5.968332   5.968710     3.1441     2.6789     100.00   27.02620  -79.69324   -0.00085   -0.00113         14  0.000e+00
      93972   3915.458     30.750     30.956    29.5410    29.5422   5.968308   5.968629     3.1441     2.6789     100.00   27.02620  -79.69324   -0.00085   -0.00102         14  0.000e+00
      93973   3915.500     30.750     30.956    29.5410    29.5421   5.968308   5.968621     3.1441     2.6789     100.00   27.02620  -79.69324   -0.00084   -0.00091         14  0.000e+00
      93974   3915.542     30.750     30.956    29.5413    29.5422   5.968308   5.968670     3.1441     2.6801     100.00   27.02620  -79.69324   -0.00083   -0.00078         14  0.000e+00
      93975   3915.583     30.697     30.902    29.5410    29.5422   5.968268   5.968646     3.1441     2.6801     100.00   27.02620  -79.69324   -0.00084   -0.00067         14  0.000e+00
      93976   3915.625     30.727     30.933    29.5412    29.5422   5.968284   5.968597     3.1441     2.6801     100.00   27.02620  -79.69324   -0.00083   -0.00056         14  0.000e+00
      93977   3915.667     30.697     30.902    29.5412    29.5419   5.968372   5.968589     3.1441     2.6801     100.00   27.02620  -79.69324   -0.00082   -0.00047         14  0.000e+00
      93978   3915.708     30.697     30.902    29.5412    29.5420   5.968332   5.968548     3.1441     2.6801     100.00   27.02620  -79.69324   -0.00082   -0.00038         14  0.000e+00
      93979   3915.750     30.697     30.902    29.5413    29.5418   5.968380   5.968540     3.1441     2.6801     100.00   27.02620  -79.69324   -0.00081   -0.00030         14  0.000e+00
      93980   3915.792     30.697     30.902    29.5410    29.5419   5.968364   5.968573     3.1441     2.6801     100.00   27.02622  -79.69324   -0.00080   -0.00023         14  0.000e+00
      93981   3915.833     30.636     30.842    29.5412    29.5416   5.968316   5.968548     3.1441     2.6801     100.00   27.02622  -79.69324   -0.00081   -0.00015         14  0.000e+00
      93982   3915.875     30.636     30.842    29.5410    29.5416   5.968236   5.968573     3.1441     2.6789     100.00   27.02622  -79.69324   -0.00079   -0.00010         14  0.000e+00
      93983   3915.917     30.636     30.842    29.5410    29.5419   5.968244   5.968589     3.1441     2.6789     100.00   27.02622  -79.69324   -0.00078   -0.00004         14  0.000e+00
      93984   3915.958     30.636     30.842    29.5409    29.5416   5.968292   5.968589     3.1441     2.6789     100.00   27.02622  -79.69324   -0.00078   -0.00001         14  0.000e+00
      93985   3916.000     30.636     30.842    29.5409    29.5418   5.968236   5.968548     3.1441     2.6789     100.00   27.02622  -79.69324   -0.00077    0.00003         14  0.000e+00
      93986   3916.042     30.584     30.788    29.5407    29.5416   5.968244   5.968581     3.1441     2.6789     100.00   27.02622  -79.69324   -0.00077    0.00007         14  0.000e+00
      93987   3916.083     30.636     30.842    29.5410    29.5417   5.968292   5.968548     3.1441     2.6789     100.00   27.02622  -79.69324   -0.00077    0.00010         14  0.000e+00
      93988   3916.125     30.531     30.735    29.5407    29.5416   5.968268   5.968500     3.1441     2.6777     100.00   27.02622  -79.69324   -0.00077    0.00012         14  0.000e+00
      93989   3916.167     30.584     30.788    29.5409    29.5414   5.968244   5.968524     3.1441     2.6789      99.15   27.02622  -79.69324   -0.00075    0.00015         14  0.000e+00
      93990   3916.208     30.584     30.788    29.5407    29.5417   5.968220   5.968573     3.1441     2.6789      97.66   27.02622  -79.69324   -0.00075    0.00018         14  0.000e+00
      93991   3916.250     30.531     30.735    29.5407    29.5413   5.968284   5.968589     3.1441     2.6789      97.22   27.02622  -79.69324   -0.00075    0.00022         14  0.000e+00
      93992   3916.292     30.470     30.674    29.5405    29.5416   5.968188   5.968548     3.1453     2.6789      97.26   27.02622  -79.69324   -0.00072    0.00025         14  0.000e+00
      96201   4008.333     20.476     20.612    29.5532    29.5545   5.968262   5.968631     3.1502     2.6777     100.00   27.02756  -79.69372   -0.00038   -0.00050         15  0.000e+00
      96202   4008.375     20.702     20.840    29.5531    29.5545   5.968214   5.968664     3.1502     2.6777     100.00   27.02756  -79.69372   -0.00038   -0.00051         15  0.000e+00
      96203   4008.417     20.506     20.643    29.5531    29.5545   5.968278   5.968640     3.1502     2.6777     100.00   27.02756  -79.69372   -0.00037   -0.00052         15  0.000e+00
      96204   4008.458     20.755     20.894    29.5534    29.5542   5.968326   5.968632     3.1502     2.6764     100.00   27.02756  -79.69372   -0.00037   -0.00054         15  0.000e+00
      96205   4008.500     20.536     20.673    29.5534    29.5545   5.968310   5.968591     3.1514     2.6777     100.00   27.02756  -79.69372   -0.00037   -0.00055         15  0.000e+00
      96206   4008.542     20.476     20.612    29.5531    29.5545   5.968230   5.968656     3.1502     2.6764     100.00   27.02756  -79.69372   -0.00036   -0.00058         15  0.000e+00
      96207   4008.583     20.445     20.582    29.5532    29.5546   5.968278   5.968648     3.1514     2.6764     100.00   27.02756  -79.69372   -0.00034   -0.00060         15  0.000e+00
      96208   4008.625     20.589     20.726    29.5532    29.5547   5.968302   5.968664     3.1514     2.6764     100.00   27.02756  -79.69372   -0.00032   -0.00061         15  0.000e+00
      96209   4008.667     20.536     20.673    29.5532    29.5545   5.968302   5.968607     3.1514     2.6764     100.00   27.02756  -79.69372   -0.00029   -0.00062         15  0.000e+00
      96210   4008.708     20.536     20.673    29.5531    29.5543   5.968230   5.968615     3.1514     2.6764     100.00   27.02756  -79.69372   -0.00027   -0.00062         15  0.000e+00
