Gulf of Mexico/GOMECC-4/1db/rb2103_1091.ros
* Sea-Bird SBE 9 Data File:
* FileName = C:\Users\scs.user.rb\CTD\GOMECC4\data\rb2103_1091.hex
* Software Version Seasave V 7.26.7.107
* Temperature SN = 4799
* Conductivity SN = 3860
* Number of Bytes Per Scan = 41
* Number of Voltage Words = 4
* Number of Scans Averaged by the Deck Unit = 1
* NMEA Latitude = 22 44.06 N
* NMEA Longitude = 086 29.42 W
* NMEA UTC (Time) = Oct 15 2021  01:38:41
* NMEA baud rate = 4800
# nquan = 17
# nvalues = 2926                                  
# units = specified
# name 0 = scan: Scan Count
# name 1 = timeS: Time, Elapsed [seconds]
# name 2 = depSM: Depth [salt water, m]
# name 3 = prDM: Pressure, Digiquartz [db]
# name 4 = t090C: Temperature [ITS-90, deg C]
# name 5 = t190C: Temperature, 2 [ITS-90, deg C]
# name 6 = c0S/m: Conductivity [S/m]
# name 7 = c1S/m: Conductivity, 2 [S/m]
# name 8 = sbeox0V: Oxygen raw, SBE 43 [V]
# name 9 = sbeox1V: Oxygen raw, SBE 43, 2 [V]
# name 10 = altM: Altimeter [m]
# name 11 = latitude: Latitude [deg]
# name 12 = longitude: Longitude [deg]
# name 13 = sbox0dV/dT: Oxygen, SBE 43 [dov/dt]
# name 14 = sbox1dV/dT: Oxygen, SBE 43, 2 [dov/dt]
# name 15 = nbf: Bottles Fired
# name 16 = flag:  0.000e+00
# interval = seconds: 0.0416667
# start_time = Oct 15 2021 01:38:41 [NMEA time, header]
# bad_flag = -9.990e-29
*END*
[from data line 1277]
      65742   2739.208    149.566    150.566    22.2662    22.2742   5.282294   5.283191     2.4396     2.0513     100.00   22.75262  -86.50080   -0.00017    0.00019         10  0.000e+00
      65743   2739.250    149.566    150.566    22.2673    22.2738   5.282279   5.283122     2.4396     2.0513     100.00   22.75262  -86.50080   -0.00017    0.00019         10  0.000e+00
      65744   2739.292    149.519    150.518    22.2671    22.2735   5.282279   5.283130     2.4396     2.0513     100.00   22.75262  -86.50080   -0.00017    0.00018         10  0.000e+00
      65745   2739.333    149.566    150.566    22.2689    22.2733   5.282408   5.283076     2.4396     2.0525     100.00   22.75262  -86.50080   -0.00017    0.00019         10  0.000e+00
      65746   2739.375    149.566    150.566    22.2699    22.2731   5.282544   5.283099     2.4396     2.0513     100.00   22.75262  -86.50080   -0.00017    0.00021         10  0.000e+00
      65747   2739.417    149.566    150.566    22.2708    22.2731   5.282688   5.283068     2.4396     2.0513     100.00   22.75262  -86.50080   -0.00017    0.00020         10  0.000e+00
      65748   2739.458    149.566    150.566    22.2714    22.2722   5.282779   5.283061     2.4396     2.0513     100.00   22.75262  -86.50080   -0.00017    0.00019         10  0.000e+00
      65749   2739.500    149.566    150.566    22.2717    22.2724   5.282802   5.283030     2.4396     2.0513     100.00   22.75262  -86.50080   -0.00017    0.00020         10  0.000e+00
      65750   2739.542    149.567    150.566    22.2719    22.2722   5.282870   5.283015     2.4396     2.0513     100.00   22.75262  -86.50080   -0.00017    0.00020         10  0.000e+00
      65751   2739.583    149.614    150.614    22.2719    22.2722   5.282825   5.282976     2.4396     2.0513     100.00   22.75262  -86.50080   -0.00019    0.00019         10  0.000e+00
      65752   2739.625    149.567    150.567    22.2724    22.2720   5.282802   5.283038     2.4408     2.0525     100.00   22.75262  -86.50080   -0.00019    0.00021         10  0.000e+00
      65753   2739.667    149.567    150.567    22.2723    22.2724   5.282832   5.282999     2.4396     2.0513     100.00   22.75262  -86.50080   -0.00019    0.00022         10  0.000e+00
      65754   2739.708    149.614    150.614    22.2722    22.2726   5.282878   5.283038     2.4396     2.0513     100.00   22.75262  -86.50080   -0.00019    0.00025         10  0.000e+00
      65755   2739.750    149.567    150.567    22.2719    22.2724   5.282825   5.283022     2.4396     2.0513     100.00   22.75262  -86.50080   -0.00019    0.00026         10  0.000e+00
      65756   2739.792    149.614    150.614    22.2721    22.2719   5.282832   5.282922     2.4396     2.0513     100.00   22.75262  -86.50082   -0.00020    0.00026         10  0.000e+00
      65757   2739.833    149.567    150.567    22.2721    22.2719   5.282810   5.282945     2.4396     2.0513     100.00   22.75262  -86.50082   -0.00020    0.00029         10  0.000e+00
      65758   2739.875    149.614    150.615    22.2724    22.2717   5.282870   5.282968     2.4396     2.0513     100.00   22.75262  -86.50082   -0.00020    0.00031         10  0.000e+00
      65759   2739.917    149.614    150.615    22.2721    22.2715   5.282863   5.282938     2.4396     2.0513     100.00   22.75262  -86.50082   -0.00022    0.00032         10  0.000e+00
      65760   2739.958    149.614    150.615    22.2727    22.2719   5.282848   5.282968     2.4396     2.0513     100.00   22.75262  -86.50082   -0.00021    0.00034         10  0.000e+00
      65761   2740.000    149.614    150.615    22.2726    22.2717   5.282848   5.282968     2.4396     2.0501     100.00   22.75262  -86.50082   -0.00023    0.00035         10  0.000e+00
      65762   2740.042    149.465    150.464    22.2726    22.2715   5.282908   5.282968     2.4408     2.0501     100.00   22.75262  -86.50082   -0.00023    0.00036         10  0.000e+00
      65763   2740.083    149.764    150.765    22.2722    22.2717   5.282870   5.282976     2.4408     2.0513     100.00   22.75262  -86.50082   -0.00022    0.00038         10  0.000e+00
      65764   2740.125    149.614    150.615    22.2726    22.2719   5.282848   5.282968     2.4396     2.0501     100.00   22.75262  -86.50082   -0.00024    0.00039         10  0.000e+00
      65765   2740.167    149.567    150.567    22.2722    22.2717   5.282847   5.282968     2.4408     2.0501     100.00   22.75262  -86.50082   -0.00022    0.00038         10  0.000e+00
      65766   2740.208    149.615    150.615    22.2726    22.2720   5.282878   5.282968     2.4396     2.0488     100.00   22.75262  -86.50082   -0.00024    0.00037         10  0.000e+00
      65767   2740.250    149.615    150.615    22.2722    22.2719   5.282893   5.282945     2.4396     2.0501     100.00   22.75262  -86.50082   -0.00023    0.00036         10  0.000e+00
      65768   2740.292    149.615    150.615    22.2728    22.2720   5.282855   5.282992     2.4408     2.0501     100.00   22.75262  -86.50082   -0.00023    0.00035         10  0.000e+00
      65769   2740.333    149.615    150.615    22.2727    22.2720   5.282908   5.282976     2.4408     2.0501     100.00   22.75262  -86.50082   -0.00021    0.00034         10  0.000e+00
      65770   2740.375    149.615    150.615    22.2729    22.2722   5.282931   5.283007     2.4396     2.0501     100.00   22.75262  -86.50082   -0.00023    0.00033         10  0.000e+00
      65771   2740.417    149.567    150.567    22.2731    22.2720   5.282969   5.282976     2.4408     2.0488     100.00   22.75262  -86.50082   -0.00023    0.00031         10  0.000e+00
      65772   2740.458    149.669    150.670    22.2733    22.2720   5.282939   5.282968     2.4408     2.0488     100.00   22.75262  -86.50082   -0.00023    0.00028         10  0.000e+00
      65773   2740.500    149.567    150.567    22.2733    22.2719   5.282961   5.282999     2.4396     2.0488     100.00   22.75262  -86.50082   -0.00024    0.00024         10  0.000e+00
      65774   2740.542    149.615    150.615    22.2733    22.2720   5.282976   5.282992     2.4396     2.0501     100.00   22.75262  -86.50082   -0.00024    0.00023         10  0.000e+00
      65775   2740.583    149.567    150.567    22.2733    22.2722   5.282976   5.283007     2.4408     2.0488     100.00   22.75262  -86.50082   -0.00022    0.00020         10  0.000e+00
      65776   2740.625    149.615    150.615    22.2735    22.2722   5.282976   5.282976     2.4396     2.0488     100.00   22.75262  -86.50082   -0.00022    0.00018         10  0.000e+00
      65777   2740.667    149.615    150.615    22.2731    22.2724   5.282908   5.282945     2.4396     2.0488     100.00   22.75262  -86.50082   -0.00024    0.00015         10  0.000e+00
      65778   2740.708    149.567    150.567    22.2728    22.2722   5.282916   5.282961     2.4408     2.0488     100.00   22.75262  -86.50082   -0.00023    0.00011         10  0.000e+00
      65779   2740.750    149.567    150.567    22.2731    22.2720   5.282908   5.282968     2.4396     2.0501     100.00   22.75262  -86.50082   -0.00023    0.00010         10  0.000e+00
      65780   2740.792    149.615    150.615    22.2729    22.2720   5.282923   5.282938     2.4396     2.0488     100.00   22.75264  -86.50082   -0.00025    0.00008         10  0.000e+00
      65781   2740.833    149.568    150.567    22.2731    22.2717   5.282901   5.282930     2.4396     2.0501     100.00   22.75264  -86.50082   -0.00025    0.00007         10  0.000e+00
      65782   2740.875    149.568    150.567    22.2727    22.2717   5.282954   5.282930     2.4396     2.0501     100.00   22.75264  -86.50082   -0.00024    0.00005         10  0.000e+00
      65783   2740.917    149.568    150.568    22.2733    22.2717   5.282954   5.282953     2.4396     2.0501     100.00   22.75264  -86.50082   -0.00024    0.00004         10  0.000e+00
      65784   2740.958    149.568    150.568    22.2733    22.2715   5.282931   5.282945     2.4396     2.0501     100.00   22.75264  -86.50082   -0.00026    0.00003         10  0.000e+00
      65785   2741.000    149.568    150.568    22.2735    22.2717   5.282901   5.282930     2.4408     2.0501     100.00   22.75264  -86.50082   -0.00024    0.00001         10  0.000e+00
      65786   2741.042    149.568    150.568    22.2731    22.2719   5.282916   5.282953     2.4396     2.0501     100.00   22.75264  -86.50082   -0.00023   -0.00000         10  0.000e+00
      65787   2741.083    149.520    150.520    22.2733    22.2720   5.282908   5.282968     2.4396     2.0513     100.00   22.75264  -86.50082   -0.00025    0.00001         10  0.000e+00
      65788   2741.125    149.568    150.568    22.2729    22.2720   5.282855   5.282976     2.4396     2.0513     100.00   22.75264  -86.50082   -0.00024 -8.792e-07         10  0.000e+00
      65789   2741.167    149.520    150.520    22.2729    22.2726   5.282908   5.283038     2.4396     2.0501     100.00   22.75264  -86.50082   -0.00024   -0.00001         10  0.000e+00
      65790   2741.208    149.520    150.520    22.2729    22.2727   5.282931   5.283022     2.4396     2.0513     100.00   22.75264  -86.50082   -0.00024   -0.00000         10  0.000e+00
      65791   2741.250    149.568    150.568    22.2726    22.2729   5.282870   5.283015     2.4396     2.0513     100.00   22.75264  -86.50082   -0.00023    0.00001         10  0.000e+00
      65792   2741.292    149.520    150.520    22.2726    22.2727   5.282847   5.283045     2.4408     2.0513     100.00   22.75264  -86.50082   -0.00021    0.00002         10  0.000e+00
      65793   2741.333    149.466    150.465    22.2723    22.2733   5.282810   5.283061     2.4396     2.0513     100.00   22.75264  -86.50082   -0.00021    0.00002         10  0.000e+00
      65794   2741.375    149.520    150.520    22.2721    22.2731   5.282870   5.283061     2.4408     2.0513     100.00   22.75264  -86.50082   -0.00018    0.00003         10  0.000e+00
      69070   2877.875     99.423    100.075    24.8103    24.8147   5.545035   5.545543     2.5922     2.1795     100.00   22.75348  -86.50124   -0.00013    0.00005         11  0.000e+00
      69071   2877.917     99.721    100.376    24.8107    24.8132   5.545012   5.545535     2.5934     2.1795     100.00   22.75348  -86.50124   -0.00008    0.00001         11  0.000e+00
      69072   2877.958     99.274     99.925    24.8113    24.8128   5.545097   5.545519     2.5934     2.1795     100.00   22.75348  -86.50124   -0.00004   -0.00003         11  0.000e+00
      69073   2878.000     99.559    100.212    24.8123    24.8130   5.545182   5.545520     2.5934     2.1795     100.00   22.75348  -86.50124    0.00001   -0.00008         11  0.000e+00
      69074   2878.042     99.423    100.075    24.8131    24.8132   5.545283   5.545519     2.5934     2.1795     100.00   22.75348  -86.50124    0.00006   -0.00012         11  0.000e+00
      69075   2878.083     99.470    100.123    24.8136    24.8136   5.545275   5.545621     2.5934     2.1795     100.00   22.75348  -86.50124    0.00010   -0.00016         11  0.000e+00
      69076   2878.125     99.470    100.123    24.8134    24.8143   5.545337   5.545621     2.5934     2.1795     100.00   22.75348  -86.50124    0.00013   -0.00020         11  0.000e+00
      69077   2878.167     99.470    100.123    24.8138    24.8142   5.545337   5.545614     2.5934     2.1807     100.00   22.75348  -86.50124    0.00018   -0.00023         11  0.000e+00
      69078   2878.208     99.470    100.123    24.8132    24.8143   5.545313   5.545614     2.5934     2.1807     100.00   22.75348  -86.50124    0.00020   -0.00025         11  0.000e+00
      69079   2878.250     99.457    100.110    24.8134    24.8139   5.545313   5.545574     2.5934     2.1795     100.00   22.75348  -86.50124    0.00025   -0.00030         11  0.000e+00
      69080   2878.292     99.471    100.123    24.8130    24.8139   5.545329   5.545598     2.5934     2.1807     100.00   22.75348  -86.50124    0.00028   -0.00032         11  0.000e+00
      69081   2878.333     99.471    100.123    24.8134    24.8137   5.545352   5.545543     2.5934     2.1795     100.00   22.75348  -86.50124    0.00030   -0.00035         11  0.000e+00
      69082   2878.375     99.471    100.123    24.8138    24.8139   5.545360   5.545551     2.5946     2.1807     100.00   22.75348  -86.50124    0.00035   -0.00036         11  0.000e+00
      69083   2878.417     99.471    100.123    24.8142    24.8137   5.545445   5.545567     2.5934     2.1795     100.00   22.75348  -86.50124    0.00037   -0.00039         11  0.000e+00
      69084   2878.458     99.511    100.164    24.8143    24.8139   5.545453   5.545598     2.5946     2.1795     100.00   22.75348  -86.50124    0.00042   -0.00041         11  0.000e+00
      69085   2878.500     99.471    100.123    24.8143    24.8141   5.545414   5.545614     2.5934     2.1795     100.00   22.75348  -86.50124    0.00044   -0.00044         11  0.000e+00
      69086   2878.542     99.471    100.123    24.8143    24.8145   5.545453   5.545645     2.5946     2.1795     100.00   22.75348  -86.50124    0.00049   -0.00047         11  0.000e+00
      69087   2878.583     99.525    100.178    24.8147    24.8148   5.545453   5.545661     2.5946     2.1795     100.00   22.75348  -86.50124    0.00053   -0.00050         11  0.000e+00
      69088   2878.625     99.471    100.123    24.8147    24.8150   5.545453   5.545661     2.5934     2.1795     100.00   22.75348  -86.50124    0.00053   -0.00052         11  0.000e+00
      69089   2878.667     99.525    100.178    24.8147    24.8152   5.545499   5.545692     2.5934     2.1795     100.00   22.75348  -86.50124    0.00056   -0.00055         11  0.000e+00
      69090   2878.708     99.511    100.165    24.8147    24.8156   5.545499   5.545669     2.5934     2.1795     100.00   22.75348  -86.50124    0.00058   -0.00056         11  0.000e+00
      69091   2878.750     99.525    100.178    24.8142    24.8159   5.545461   5.545723     2.5934     2.1795     100.00   22.75348  -86.50124    0.00058   -0.00059         11  0.000e+00
      69092   2878.792     99.471    100.124    24.8136    24.8159   5.545430   5.545708     2.5946     2.1795     100.00   22.75350  -86.50124    0.00060   -0.00060         11  0.000e+00
      69093   2878.833     99.573    100.226    24.8132    24.8161   5.545375   5.545739     2.5946     2.1795     100.00   22.75350  -86.50124    0.00062   -0.00061         11  0.000e+00
      69094   2878.875     99.471    100.124    24.8132    24.8159   5.545360   5.545708     2.5934     2.1795     100.00   22.75350  -86.50124    0.00062   -0.00061         11  0.000e+00
      69095   2878.917     99.606    100.260    24.8134    24.8161   5.545375   5.545731     2.5934     2.1795     100.00   22.75350  -86.50124    0.00062   -0.00062         11  0.000e+00
      69096   2878.958     99.471    100.124    24.8134    24.8162   5.545360   5.545778     2.5934     2.1795     100.00   22.75350  -86.50124    0.00062   -0.00063         11  0.000e+00
      69097   2879.000     99.573    100.226    24.8132    24.8165   5.545360   5.545794     2.5934     2.1795     100.00   22.75350  -86.50124    0.00062   -0.00064         11  0.000e+00
      69098   2879.042     99.573    100.226    24.8132    24.8166   5.545375   5.545825     2.5922     2.1795     100.00   22.75350  -86.50124    0.00061   -0.00065         11  0.000e+00
      69099   2879.083     99.573    100.226    24.8131    24.8165   5.545360   5.545802     2.5922     2.1795     100.00   22.75350  -86.50124    0.00059   -0.00065         11  0.000e+00
      69100   2879.125     99.559    100.213    24.8132    24.8161   5.545321   5.545825     2.5934     2.1795     100.00   22.75350  -86.50124    0.00060   -0.00066         11  0.000e+00
