Gulf of Mexico/GOMECC-4/1db/rb2103_0221.ros
* Sea-Bird SBE 9 Data File:
* FileName = C:\Users\scs.user.rb\CTD\GOMECC4\data\rb2103_0221.hex
* Software Version Seasave V 7.26.7.107
* Temperature SN = 4799
* Conductivity SN = 3860
* Number of Bytes Per Scan = 41
* Number of Voltage Words = 4
* Number of Scans Averaged by the Deck Unit = 1
* NMEA Latitude = 29 02.28 N
* NMEA Longitude = 085 46.96 W
* NMEA UTC (Time) = Sep 21 2021  00:10:54
* NMEA baud rate = 4800
# nquan = 17
# nvalues = 1330                                  
# units = specified
# name 0 = scan: Scan Count
# name 1 = timeS: Time, Elapsed [seconds]
# name 2 = depSM: Depth [salt water, m]
# name 3 = prDM: Pressure, Digiquartz [db]
# name 4 = t090C: Temperature [ITS-90, deg C]
# name 5 = t190C: Temperature, 2 [ITS-90, deg C]
# name 6 = c0S/m: Conductivity [S/m]
# name 7 = c1S/m: Conductivity, 2 [S/m]
# name 8 = sbeox0V: Oxygen raw, SBE 43 [V]
# name 9 = sbeox1V: Oxygen raw, SBE 43, 2 [V]
# name 10 = altM: Altimeter [m]
# name 11 = latitude: Latitude [deg]
# name 12 = longitude: Longitude [deg]
# name 13 = sbox0dV/dT: Oxygen, SBE 43 [dov/dt]
# name 14 = sbox1dV/dT: Oxygen, SBE 43, 2 [dov/dt]
# name 15 = nbf: Bottles Fired
# name 16 = flag:  0.000e+00
# interval = seconds: 0.0416667
# start_time = Sep 21 2021 00:10:54 [NMEA time, header]
# bad_flag = -9.990e-29
*END*
[from data line 1022]
      48614   2025.542     30.315     30.523    28.4915    28.4948   5.610914   5.611312     3.1099     2.6422     100.00   29.03260  -85.78548   -0.00004   -0.00247          8  0.000e+00
      48615   2025.583     30.262     30.470    28.4910    28.4951   5.610921   5.611375     3.1099     2.6422     100.00   29.03260  -85.78548   -0.00006   -0.00247          8  0.000e+00
      48616   2025.625     30.315     30.523    28.4913    28.4961   5.610851   5.611501     3.1099     2.6422     100.00   29.03260  -85.78548   -0.00008   -0.00245          8  0.000e+00
      48617   2025.667     30.315     30.523    28.4917    28.4971   5.610805   5.611572     3.1099     2.6422     100.00   29.03260  -85.78548   -0.00010   -0.00243          8  0.000e+00
      48618   2025.708     30.315     30.523    28.4915    28.4972   5.610867   5.611612     3.1099     2.6435     100.00   29.03260  -85.78548   -0.00011   -0.00237          8  0.000e+00
      48619   2025.750     30.315     30.523    28.4917    28.4975   5.610875   5.611627     3.1099     2.6435     100.00   29.03260  -85.78548   -0.00013   -0.00233          8  0.000e+00
      48620   2025.792     30.315     30.523    28.4913    28.4976   5.610882   5.611659     3.1099     2.6435     100.00   29.03260  -85.78548   -0.00015   -0.00227          8  0.000e+00
      48621   2025.833     30.315     30.523    28.4913    28.4977   5.610820   5.611675     3.1099     2.6447     100.00   29.03260  -85.78548   -0.00016   -0.00219          8  0.000e+00
      48622   2025.875     30.315     30.523    28.4915    28.4978   5.610820   5.611675     3.1099     2.6447     100.00   29.03260  -85.78548   -0.00018   -0.00211          8  0.000e+00
      48623   2025.917     30.315     30.523    28.4917    28.4977   5.610836   5.611635     3.1111     2.6447     100.00   29.03260  -85.78548   -0.00018   -0.00201          8  0.000e+00
      48624   2025.958     30.315     30.523    28.4917    28.4972   5.610774   5.611557     3.1111     2.6447     100.00   29.03260  -85.78548   -0.00017   -0.00191          8  0.000e+00
      48625   2026.000     30.315     30.523    28.4917    28.4971   5.610781   5.611564     3.1111     2.6459     100.00   29.03260  -85.78548   -0.00017   -0.00179          8  0.000e+00
      48626   2026.042     30.315     30.523    28.4919    28.4972   5.610820   5.611265     3.1111     2.6447     100.00   29.03260  -85.78548   -0.00017   -0.00168          8  0.000e+00
      48627   2026.083     30.315     30.523    28.4928    28.4975   5.610875   5.611233     3.1111     2.6459     100.00   29.03260  -85.78548   -0.00017   -0.00156          8  0.000e+00
      48628   2026.125     30.315     30.523    28.4939    28.4980   5.611061   5.611572     3.1123     2.6459     100.00   29.03260  -85.78548   -0.00015   -0.00141          8  0.000e+00
      48629   2026.167     30.376     30.584    28.4950    28.4979   5.611248   5.611675     3.1136     2.6459     100.00   29.03260  -85.78548   -0.00011   -0.00127          8  0.000e+00
      48630   2026.208     30.315     30.523    28.4959    28.4978   5.611271   5.611635     3.1136     2.6459     100.00   29.03260  -85.78548   -0.00008   -0.00112          8  0.000e+00
      48631   2026.250     30.315     30.523    28.4954    28.4977   5.611225   5.611627     3.1123     2.6459     100.00   29.03260  -85.78548   -0.00008   -0.00097          8  0.000e+00
      48632   2026.292     30.376     30.584    28.4948    28.4978   5.611201   5.611667     3.1136     2.6459     100.00   29.03260  -85.78548   -0.00006   -0.00084          8  0.000e+00
      48633   2026.333     30.316     30.523    28.4943    28.4975   5.611139   5.611675     3.1123     2.6459     100.00   29.03260  -85.78548   -0.00004   -0.00069          8  0.000e+00
      48634   2026.375     30.316     30.523    28.4939    28.4976   5.611085   5.611643     3.1136     2.6459     100.00   29.03260  -85.78548   -0.00001   -0.00055          8  0.000e+00
      48635   2026.417     30.376     30.584    28.4932    28.4969   5.611007   5.611628     3.1136     2.6459     100.00   29.03260  -85.78548    0.00002   -0.00041          8  0.000e+00
      48636   2026.458     30.316     30.523    28.4926    28.4971   5.610898   5.611557     3.1136     2.6459     100.00   29.03260  -85.78548    0.00005   -0.00027          8  0.000e+00
      48637   2026.500     30.353     30.561    28.4934    28.4971   5.610991   5.611635     3.1136     2.6459     100.00   29.03260  -85.78548    0.00007   -0.00015          8  0.000e+00
      48638   2026.542     30.376     30.584    28.4936    28.4983   5.611030   5.611769     3.1123     2.6459     100.00   29.03260  -85.78548    0.00008   -0.00003          8  0.000e+00
      48639   2026.583     30.316     30.523    28.4939    28.4984   5.611124   5.611809     3.1136     2.6459     100.00   29.03260  -85.78548    0.00011    0.00008          8  0.000e+00
      48640   2026.625     30.376     30.584    28.4948    28.4983   5.611201   5.611809     3.1136     2.6447     100.00   29.03260  -85.78548    0.00012    0.00017          8  0.000e+00
      48641   2026.667     30.316     30.523    28.4956    28.4987   5.611287   5.611809     3.1136     2.6447     100.00   29.03260  -85.78548    0.00015    0.00026          8  0.000e+00
      48642   2026.708     30.376     30.584    28.4959    28.4988   5.611310   5.611809     3.1136     2.6447     100.00   29.03260  -85.78548    0.00018    0.00034          8  0.000e+00
      48643   2026.750     30.316     30.523    28.4958    28.4989   5.611334   5.611880     3.1136     2.6447     100.00   29.03260  -85.78548    0.00020    0.00041          8  0.000e+00
      48644   2026.792     30.376     30.584    28.4957    28.4990   5.611279   5.611872     3.1136     2.6447     100.00   29.03260  -85.78548    0.00023    0.00049          8  0.000e+00
      48645   2026.833     30.376     30.584    28.4954    28.4985   5.611295   5.611754     3.1136     2.6447     100.00   29.03260  -85.78548    0.00025    0.00056          8  0.000e+00
      48646   2026.875     30.316     30.523    28.4956    28.4971   5.611295   5.611691     3.1136     2.6447     100.00   29.03260  -85.78548    0.00028    0.00062          8  0.000e+00
      48647   2026.917     30.376     30.584    28.4956    28.4972   5.611271   5.611675     3.1136     2.6447     100.00   29.03260  -85.78548    0.00030    0.00068          8  0.000e+00
      48648   2026.958     30.376     30.584    28.4954    28.4979   5.611264   5.611809     3.1148     2.6459     100.00   29.03260  -85.78548    0.00034    0.00076          8  0.000e+00
      48649   2027.000     30.376     30.584    28.4948    28.4985   5.611194   5.611785     3.1148     2.6459     100.00   29.03260  -85.78548    0.00038    0.00082          8  0.000e+00
      48650   2027.042     30.376     30.584    28.4948    28.4988   5.611194   5.611793     3.1148     2.6459     100.00   29.03260  -85.78548    0.00042    0.00088          8  0.000e+00
      48651   2027.083     30.316     30.523    28.4945    28.4994   5.611139   5.611848     3.1148     2.6459     100.00   29.03260  -85.78548    0.00046    0.00094          8  0.000e+00
      48652   2027.125     30.376     30.584    28.4941    28.4992   5.611085   5.611888     3.1148     2.6471     100.00   29.03260  -85.78548    0.00049    0.00102          8  0.000e+00
      48653   2027.167     30.376     30.584    28.4930    28.4991   5.610960   5.611904     3.1136     2.6471     100.00   29.03260  -85.78548    0.00051    0.00107          8  0.000e+00
      48654   2027.208     30.376     30.584    28.4927    28.4993   5.610859   5.611903     3.1148     2.6471     100.00   29.03260  -85.78548    0.00056    0.00113          8  0.000e+00
      48655   2027.250     30.316     30.523    28.4923    28.4993   5.610844   5.611903     3.1136     2.6471     100.00   29.03260  -85.78548    0.00060    0.00119          8  0.000e+00
      51983   2165.917     10.391     10.461    28.3443    28.3470   5.432415   5.432731     3.1282     2.6618     100.00   29.03258  -85.78548    0.00018    0.00071          9  0.000e+00
      51984   2165.958     10.262     10.332    28.3438    28.3472   5.432392   5.432661     3.1282     2.6618     100.00   29.03258  -85.78548    0.00023    0.00068          9  0.000e+00
      51985   2166.000     10.338     10.408    28.3436    28.3474   5.432369   5.432692     3.1282     2.6618     100.00   29.03258  -85.78548    0.00029    0.00065          9  0.000e+00
      51986   2166.042     10.428     10.499    28.3431    28.3470   5.432400   5.432708     3.1282     2.6618     100.00   29.03258  -85.78548    0.00036    0.00063          9  0.000e+00
      51987   2166.083     10.391     10.461    28.3427    28.3470   5.432377   5.432708     3.1270     2.6606     100.00   29.03258  -85.78548    0.00041    0.00058          9  0.000e+00
      51988   2166.125     10.376     10.446    28.3434    28.3468   5.432400   5.432669     3.1270     2.6606     100.00   29.03258  -85.78548    0.00045    0.00054          9  0.000e+00
      51989   2166.167     10.391     10.461    28.3440    28.3466   5.432446   5.432661     3.1282     2.6618     100.00   29.03258  -85.78548    0.00052    0.00051          9  0.000e+00
      51990   2166.208     10.428     10.499    28.3443    28.3464   5.432392   5.432630     3.1282     2.6618     100.00   29.03258  -85.78548    0.00058    0.00048          9  0.000e+00
      51991   2166.250     10.338     10.408    28.3438    28.3464   5.432369   5.432645     3.1282     2.6606     100.00   29.03258  -85.78548    0.00064    0.00044          9  0.000e+00
      51992   2166.292     10.376     10.446    28.3438    28.3460   5.432330   5.432630     3.1270     2.6606     100.00   29.03258  -85.78548    0.00069    0.00039          9  0.000e+00
      51993   2166.333     10.391     10.461    28.3435    28.3460   5.432323   5.432684     3.1270     2.6606     100.00   29.03258  -85.78548    0.00073    0.00034          9  0.000e+00
      51994   2166.375     10.315     10.385    28.3432    28.3464   5.432323   5.432669     3.1270     2.6606     100.00   29.03258  -85.78548    0.00078    0.00030          9  0.000e+00
      51995   2166.417     10.391     10.461    28.3429    28.3468   5.432323   5.432731     3.1270     2.6606     100.00   29.03258  -85.78548    0.00082    0.00025          9  0.000e+00
      51996   2166.458     10.315     10.385    28.3427    28.3468   5.432284   5.432715     3.1270     2.6593     100.00   29.03258  -85.78548    0.00087    0.00019          9  0.000e+00
      51997   2166.500     10.376     10.446    28.3429    28.3470   5.432307   5.432739     3.1270     2.6593     100.00   29.03258  -85.78548    0.00090    0.00013          9  0.000e+00
      51998   2166.542     10.338     10.408    28.3426    28.3471   5.432284   5.432754     3.1270     2.6593     100.00   29.03258  -85.78548    0.00092    0.00006          9  0.000e+00
      51999   2166.583     10.315     10.385    28.3429    28.3468   5.432307   5.432747     3.1270     2.6593     100.00   29.03258  -85.78548    0.00095    0.00000          9  0.000e+00
      52000   2166.625     10.391     10.461    28.3427    28.3470   5.432300   5.432715     3.1270     2.6593     100.00   29.03258  -85.78548    0.00098   -0.00004          9  0.000e+00
      52001   2166.667     10.262     10.332    28.3427    28.3468   5.432315   5.432708     3.1270     2.6593     100.00   29.03258  -85.78548    0.00100   -0.00008          9  0.000e+00
      52002   2166.708     10.338     10.408    28.3426    28.3466   5.432353   5.432708     3.1270     2.6593     100.00   29.03258  -85.78548    0.00103   -0.00013          9  0.000e+00
      52003   2166.750     10.315     10.385    28.3427    28.3464   5.432300   5.432669     3.1270     2.6593     100.00   29.03258  -85.78548    0.00106   -0.00017          9  0.000e+00
      52004   2166.792     10.338     10.408    28.3425    28.3460   5.432307   5.432591     3.1270     2.6593     100.00   29.03258  -85.78548    0.00106   -0.00019          9  0.000e+00
      52005   2166.833     10.202     10.271    28.3426    28.3459   5.432353   5.432638     3.1270     2.6593     100.00   29.03258  -85.78548    0.00107   -0.00023          9  0.000e+00
      52006   2166.875     10.391     10.461    28.3427    28.3459   5.432300   5.432630     3.1270     2.6593     100.00   29.03258  -85.78548    0.00108   -0.00027          9  0.000e+00
      52007   2166.917     10.315     10.385    28.3426    28.3459   5.432277   5.432645     3.1270     2.6593     100.00   29.03258  -85.78548    0.00108   -0.00031          9  0.000e+00
      52008   2166.958     10.278     10.347    28.3425    28.3460   5.432346   5.432692     3.1270     2.6593     100.00   29.03258  -85.78548    0.00108   -0.00035          9  0.000e+00
      52009   2167.000     10.315     10.385    28.3426    28.3460   5.432369   5.432669     3.1270     2.6593     100.00   29.03258  -85.78548    0.00109   -0.00039          9  0.000e+00
      52010   2167.042     10.278     10.347    28.3427    28.3460   5.432369   5.432731     3.1282     2.6593     100.00   29.03258  -85.78548    0.00111   -0.00042          9  0.000e+00
      52011   2167.083     10.262     10.332    28.3426    28.3459   5.432369   5.432715     3.1270     2.6593     100.00   29.03258  -85.78548    0.00111   -0.00046          9  0.000e+00
      52012   2167.125     10.278     10.347    28.3427    28.3463   5.432399   5.432708     3.1270     2.6593     100.00   29.03258  -85.78548    0.00111   -0.00049          9  0.000e+00
      52013   2167.167     10.262     10.332    28.3427    28.3459   5.432446   5.432669     3.1270     2.6593     100.00   29.03258  -85.78548    0.00111   -0.00053          9  0.000e+00
      52014   2167.208     10.315     10.385    28.3427    28.3457   5.432423   5.432614     3.1270     2.6593     100.00   29.03258  -85.78548    0.00111   -0.00056          9  0.000e+00
      52015   2167.250     10.278     10.347    28.3427    28.3451   5.432415   5.432544     3.1270     2.6593      91.18   29.03258  -85.78548    0.00111   -0.00058          9  0.000e+00
      52016   2167.292     10.262     10.332    28.3424    28.3439   5.432415   5.432459     3.1270     2.6593      82.91   29.03258  -85.78548    0.00111   -0.00059          9  0.000e+00
      52017   2167.333     10.278     10.347    28.3430    28.3431   5.432430   5.432365     3.1258     2.6606      81.15   29.03258  -85.78548    0.00109   -0.00059          9  0.000e+00
      52018   2167.375     10.262     10.332    28.3429    28.3426   5.432415   5.432350     3.1258     2.6593      81.61   29.03258  -85.78548    0.00107   -0.00062          9  0.000e+00
      52019   2167.417     10.278     10.348    28.3424    28.3429   5.432376   5.432350     3.1258     2.6606      82.00   29.03258  -85.78548    0.00105   -0.00061          9  0.000e+00
      52020   2167.458     10.263     10.332    28.3430    28.3424   5.432399   5.432381     3.1258     2.6606      82.10   29.03258  -85.78548    0.00103   -0.00061          9  0.000e+00
      52021   2167.500     10.278     10.348    28.3427    28.3426   5.432446   5.432358     3.1245     2.6618      82.08   29.03258  -85.78548    0.00099   -0.00058          9  0.000e+00
      52022   2167.542     10.263     10.332    28.3425    28.3422   5.432461   5.432272     3.1245     2.6606      82.05   29.03258  -85.78548    0.00095   -0.00057          9  0.000e+00
      52023   2167.583     10.278     10.348    28.3424    28.3418   5.432461   5.432225     3.1245     2.6606      82.05   29.03258  -85.78548    0.00090   -0.00057          9  0.000e+00
      52024   2167.625     10.263     10.332    28.3425    28.3411   5.432461   5.432179     3.1233     2.6606      82.05   29.03258  -85.78548    0.00082   -0.00056          9  0.000e+00
