Gulf of Mexico/GOMECC-4/1db/rb2103_0911.cnv
* Sea-Bird SBE 9 Data File:
* FileName = C:\Users\scs.user.rb\CTD\GOMECC4\data\rb2103_0911.hex
* Software Version Seasave V 7.26.7.107
* Temperature SN = 4799
* Conductivity SN = 3860
* Number of Bytes Per Scan = 41
* Number of Voltage Words = 4
* Number of Scans Averaged by the Deck Unit = 1
* NMEA Latitude = 21 44.01 N
* NMEA Longitude = 092 19.10 W
* NMEA UTC (Time) = Oct 10 2021  02:10:50
* NMEA baud rate = 4800
# nquan = 28
# nvalues = 155                         
# units = specified
# name 0 = scan: Scan Count
# name 1 = timeS: Time, Elapsed [seconds]
# name 2 = depSM: Depth [salt water, m]
# name 3 = prDM: Pressure, Digiquartz [db]
# name 4 = t090C: Temperature [ITS-90, deg C]
# name 5 = t190C: Temperature, 2 [ITS-90, deg C]
# name 6 = c0S/m: Conductivity [S/m]
# name 7 = c1S/m: Conductivity, 2 [S/m]
# name 8 = sbeox0V: Oxygen raw, SBE 43 [V]
# name 9 = sbeox1V: Oxygen raw, SBE 43, 2 [V]
# name 10 = altM: Altimeter [m]
# name 11 = latitude: Latitude [deg]
# name 12 = longitude: Longitude [deg]
# name 13 = sbox0dV/dT: Oxygen, SBE 43 [dov/dt]
# name 14 = sbox1dV/dT: Oxygen, SBE 43, 2 [dov/dt]
# name 15 = sbeox0ML/L: Oxygen, SBE 43 [ml/l], WS = 5
# name 16 = sbeox1ML/L: Oxygen, SBE 43, 2 [ml/l], WS = 5
# name 17 = potemp090C: Potential Temperature [ITS-90, deg C]
# name 18 = potemp190C: Potential Temperature, 2 [ITS-90, deg C]
# name 19 = sal00: Salinity, Practical [PSU]
# name 20 = sal11: Salinity, Practical, 2 [PSU]
# name 21 = sigma-é00: Density [sigma-theta, kg/m^3]
# name 22 = sigma-é11: Density, 2 [sigma-theta, kg/m^3]
# name 23 = avgsvCM: Average Sound Velocity [Chen-Millero, m/s], minP = 20, minS = 20
# name 24 = sbox0Mm/Kg: Oxygen, SBE 43 [umol/kg], WS = 5
# name 25 = sbox1Mm/Kg: Oxygen, SBE 43, 2 [umol/kg], WS = 5
# name 26 = nbin: number of scans per bin
# name 27 = flag: flag
# span 0 =      20439,      55774       
# span 1 =    851.585,   2323.857       
# span 2 =      1.988,    105.314       
# span 3 =      2.000,    106.000       
# span 4 =    19.3115,    29.7772       
# span 5 =    19.3313,    29.7884       
# span 6 =   4.905815,   6.040099       
# span 7 =   4.911077,   6.041361       
# span 8 =     1.8686,     3.2699       
# span 9 =     1.5387,     2.8060       
# span 10 =      11.56,     100.01      
# span 11 =   21.31185,   21.79895      
# span 12 =  -92.59375,  -90.52326      
# span 13 =   -0.04573,    0.03216      
# span 14 =   -0.04411,    0.03033      
# span 15 =     2.4981,     4.9696      
# span 16 =     2.5147,     4.9952      
# span 17 =    19.2923,    29.7767      
# span 18 =    19.3120,    29.7879      
# span 19 =    36.0694,    36.5592      
# span 20 =    35.8423,    36.5606      
# span 21 =    22.6629,    26.1376      
# span 22 =    22.5353,    26.1380      
# span 23 =       0.00,    1560.35      
# span 24 =    108.735,    216.661      
# span 25 =    109.454,    217.776      
# span 26 =         30,         78      
# span 27 = 0.0000e+00, 0.0000e+00      
# interval = decibars: 1                
# start_time = Oct 10 2021 02:10:50 [NMEA time, header]
# bad_flag = -9.990e-29
*END*
[from data line 52]
      23053    960.497     56.638     57.000    23.6665    23.6723   5.336520   5.337425     3.1486     2.6835      59.73   21.73392  -92.31888   -0.01698   -0.01774     4.8389     4.8301    23.6546    23.6603    36.2654    36.2676    24.7022    24.7021    1544.99    210.896    210.514         37 0.0000e+00
      23092    962.107     57.632     58.000    23.4642    23.4667   5.314569   5.314736     3.1221     2.6638      58.77   21.73392  -92.31888   -0.01743   -0.01673     4.8061     4.8031    23.4571    23.4547    36.2585    36.2606    24.7550    24.7570    1544.79    209.456    209.325         40 0.0000e+00
      23130    963.701     58.625     59.000    23.2998    23.3011   5.295520   5.296002     3.0953     2.6362      57.84   21.73394  -92.31888   -0.01677   -0.01497     4.7666     4.7586    23.2875    23.2888    36.2508    36.2534    24.7989    24.8005    1544.58    207.727    207.377         35 0.0000e+00
      23163    965.069     59.618     60.000    23.2131    23.2156   5.285711   5.286377     3.0762     2.6265      56.94   21.73394  -92.31888   -0.01624   -0.01329     4.7368     4.7450    23.2007    23.2032    36.2461    36.2492    24.8207    24.8223    1544.38    206.422    206.778         32 0.0000e+00
      23195    966.411     60.612     61.000    23.1384    23.1400   5.278268   5.278845     3.0645     2.6215      55.89   21.73394  -92.31888   -0.01356   -0.00815     4.7204     4.7406    23.1259    23.1274    36.2497    36.2529    24.8452    24.8472    1544.17    205.704    206.581         34 0.0000e+00
      23231    967.927     61.606     62.000    23.0835    23.0871   5.272413   5.273090     3.0538     2.6097      54.89   21.73394  -92.31888   -0.00923   -0.00538     4.7043     4.7193    23.0707    23.0744    36.2494    36.2516    24.8610    24.8617    1543.98    204.998    205.652         37 0.0000e+00
      23265    969.353     62.599     63.000    22.9652    22.9677   5.260463   5.260970     3.0361     2.5891      53.89   21.73394  -92.31888   -0.00825   -0.00855     4.6794     4.6840    22.9523    22.9548    36.2541    36.2560    24.8990    24.8996    1543.78    203.905    204.107         32 0.0000e+00
      23297    970.684     63.593     64.000    22.8950    22.8974   5.255126   5.255748     3.0143     2.5639      53.03   21.73394  -92.31888   -0.01281   -0.01427     4.6408     4.6334    22.8820    22.8843    36.2704    36.2733    24.9317    24.9332    1543.59    202.218    201.895         32 0.0000e+00
      23330    972.054     64.586     65.000    22.9008    22.9015   5.259133   5.259509     2.9842     2.5449      52.03   21.73394  -92.31888   -0.01883   -0.01791     4.5801     4.5909    22.8875    22.8882    36.2964    36.2988    24.9498    24.9514    1543.41    199.568    200.037         33 0.0000e+00
      23363    973.426     65.579     66.000    22.8563    22.8569   5.254630   5.254972     2.9877     2.5496      51.01   21.73394  -92.31890   -0.01367   -0.01052     4.5916     4.6055    22.8428    22.8435    36.2979    36.3001    24.9639    24.9653    1543.23    200.066    200.671         34 0.0000e+00
      23398    974.877     66.573     67.000    22.7715    22.7701   5.245256   5.245141     2.9877     2.5490      50.04   21.73394  -92.31890   -0.00194   -0.00050     4.5990     4.6107    22.7595    22.7565    36.2936    36.2952    24.9846    24.9867    1543.06    200.383    200.896         35 0.0000e+00
      23432    976.289     67.566     68.000    22.6329    22.6363   5.229037   5.229689     2.9654     2.5247      49.00   21.73394  -92.31890   -0.00255   -0.00322     4.5670     4.5692    22.6191    22.6226    36.2832    36.2854    25.0171    25.0178    1542.88    198.984    199.079         32 0.0000e+00
      23463    977.595     68.560     69.000    22.5531    22.5561   5.220441   5.221037     2.9271     2.4856      48.14   21.73394  -92.31890   -0.01511   -0.01597     4.4964     4.4885    22.5392    22.5421    36.2820    36.2842    25.0391    25.0399    1542.70    195.906    195.561         32 0.0000e+00
      23496    978.941     69.553     70.000    22.5283    22.5296   5.219223   5.219627     2.8977     2.4595      47.17   21.73394  -92.31890   -0.02544   -0.02548     4.4384     4.4318    22.5142    22.5154    36.2928    36.2949    25.0545    25.0557    1542.53    193.375    193.087         33 0.0000e+00
      23530    980.356     70.547     71.000    22.4422    22.4431   5.208985   5.209281     2.8534     2.4211      46.04   21.73394  -92.31890   -0.02736   -0.02502     4.3568     4.3542    22.4279    22.4288    36.2840    36.2855    25.0724    25.0733    1542.37    189.816    189.701         34 0.0000e+00
      23564    981.793     71.540     72.000    22.2589    22.2586   5.186715   5.186924     2.8380     2.4151      45.19   21.73394  -92.31890   -0.02284   -0.01838     4.3411     4.3554    22.2445    22.2442    36.2616    36.2635    25.1076    25.1091    1542.19    189.127    189.749         35 0.0000e+00
      23597    983.176     72.534     73.000    22.1158    22.1168   5.171325   5.171709     2.8434     2.4232      44.15   21.73396  -92.31892   -0.01128   -0.00592     4.3647     4.3853    22.1012    22.1023    36.2596    36.2618    25.1467    25.1481    1542.02    190.144    191.043         31 0.0000e+00
      23628    984.460     73.527     74.000    22.0145    22.0177   5.160985   5.161589     2.8400     2.4201      43.27   21.73396  -92.31892   -0.00056    0.00223     4.3666     4.3865    21.9998    22.0029    36.2624    36.2645    25.1775    25.1782    1541.86    190.225    191.088         31 0.0000e+00
      23660    985.797     74.520     75.000    21.9557    21.9552   5.154280   5.154507     2.8320     2.4140      42.33   21.73396  -92.31892   -0.00180   -0.00083     4.3556     4.3783    21.9408    21.9403    36.2583    36.2605    25.1910    25.1928    1541.69    189.741    190.731         34 0.0000e+00
      23695    987.250     75.514     76.000    21.9104    21.9141   5.149378   5.150049     2.8332     2.4119      41.20   21.73396  -92.31892   -0.00350   -0.00338     4.3625     4.3773    21.8954    21.8990    36.2571    36.2594    25.2028    25.2036    1541.52    190.041    190.686         35 0.0000e+00
      23729    988.668     76.507     77.000    21.8872    21.8890   5.147793   5.148249     2.8297     2.4096      40.28   21.73396  -92.31892   -0.00101   -0.00169     4.3575     4.3743    21.8720    21.8737    36.2637    36.2658    25.2144    25.2156    1541.36    189.820    190.553         33 0.0000e+00
      23762    990.050     77.501     78.000    21.8000    21.8025   5.137339   5.137865     2.8168     2.3987      39.33   21.73396  -92.31892   -0.00334   -0.00340     4.3390     4.3572    21.7846    21.7870    36.2537    36.2558    25.2313    25.2322    1541.20    189.011    189.804         33 0.0000e+00
      23794    991.383     78.494     79.000    21.7187    21.7220   5.129757   5.130339     2.8134     2.3981      38.34   21.73396  -92.31892   -0.00616   -0.00445     4.3390     4.3625    21.7031    21.7064    36.2615    36.2633    25.2601    25.2605    1541.04    189.006    190.029         31 0.0000e+00
      23826    992.729     79.488     80.000    21.7011    21.7016   5.129473   5.129681     2.7961     2.3773      37.40   21.73396  -92.31892   -0.00675   -0.00578     4.3047     4.3169    21.6854    21.6859    36.2736    36.2748    25.2743    25.2751    1540.89    187.511    188.040         34 0.0000e+00
      23861    994.164     80.481     81.000    21.6585    21.6630   5.125774   5.126471     2.7642     2.3430      36.35   21.73396  -92.31892   -0.01246   -0.01398     4.2425     4.2418    21.6426    21.6470    36.2797    36.2815    25.2908    25.2910    1540.74    184.796    184.768         34 0.0000e+00
      23894    995.553     81.475     82.000    21.5516    21.5585   5.115101   5.115909     2.7324     2.3153      35.41   21.73396  -92.31892   -0.02083   -0.02145     4.1872     4.1887    21.5356    21.5424    36.2854    36.2869    25.3250    25.3242    1540.59    182.382    182.449         33 0.0000e+00
      23927    996.932     82.468     83.000    21.4833    21.4854   5.108995   5.109426     2.6960     2.2796      34.49   21.73396  -92.31892   -0.02372   -0.02251     4.1154     4.1108    21.4671    21.4691    36.2930    36.2947    25.3499    25.3506    1540.44    179.249    179.049         34 0.0000e+00
      23961    998.321     83.461     84.000    21.4519    21.4535   5.105955   5.106332     2.6635     2.2520      33.40   21.73396  -92.31892   -0.02492   -0.02314     4.0506     4.0504    21.4355    21.4370    36.2949    36.2966    25.3601    25.3609    1540.29    176.426    176.416         33 0.0000e+00
      23993    999.658     84.454     85.000    21.4257    21.4277   5.104044   5.104102     2.6430     2.2347      32.53   21.73396  -92.31893   -0.02328   -0.02123     4.0132     4.0140    21.4138    21.4114    36.2975    36.2993    25.3681    25.3699    1540.16    174.795    174.828         31 0.0000e+00
      24024   1000.967     85.448     86.000    21.3161    21.3223   5.091450   5.092327     2.6259     2.2192      31.60   21.73396  -92.31894   -0.01659   -0.01417     3.9837     3.9856    21.2995    21.3056    36.2929    36.2947    25.3962    25.3959    1540.01    173.507    173.588         32 0.0000e+00
      24058   1002.394     86.441     87.000    21.2087    21.2123   5.080532   5.081126     2.6097     2.2062      30.46   21.73396  -92.31894   -0.01315   -0.01135     3.9584     3.9642    21.1918    21.1954    36.2961    36.2978    25.4283    25.4286    1539.87    172.397    172.649         36 0.0000e+00
      24094   1003.892     87.435     88.000    21.1097    21.1138   5.072844   5.073374     2.5881     2.1862      29.59   21.73396  -92.31894   -0.01223   -0.01058     3.9207     3.9248    21.0927    21.0968    36.3179    36.3187    25.4722    25.4717    1539.72    170.750    170.929         35 0.0000e+00
      24127   1005.241     88.428     89.000    21.0442    21.0482   5.068500   5.069133     2.5570     2.1553      28.58   21.73396  -92.31894   -0.01554   -0.01450     3.8602     3.8583    21.0270    21.0311    36.3383    36.3400    25.5058    25.5059    1539.59    168.110    168.025         31 0.0000e+00
      24158   1006.543     89.421     90.000    20.8949    20.9033   5.052208   5.053331     2.5239     2.1249      27.67   21.73396  -92.31894   -0.02146   -0.02063     3.8022     3.7985    20.8777    20.8860    36.3336    36.3355    25.5430    25.5422    1539.44    165.579    165.418         31 0.0000e+00
      24190   1007.868     90.415     91.000    20.8080    20.8118   5.042305   5.042978     2.4914     2.0968      26.73   21.73396  -92.31894   -0.02484   -0.02305     3.7408     3.7403    20.7906    20.7944    36.3273    36.3295    25.5620    25.5626    1539.30    162.901    162.880         33 0.0000e+00
      24223   1009.259     91.408     92.000    20.6942    20.7034   5.029484   5.030666     2.4680     2.0770      25.65   21.73396  -92.31894   -0.02293   -0.02008     3.7000     3.7023    20.6767    20.6859    36.3202    36.3219    25.5875    25.5863    1539.16    161.120    161.220         34 0.0000e+00
      24259   1010.752     92.401     93.000    20.5535    20.5590   5.015837   5.016663     2.4361     2.0476      24.75   21.73396  -92.31894   -0.01912   -0.01646     3.6427     3.6437    20.5358    20.5414    36.3293    36.3313    25.6326    25.6326    1539.02    158.619    158.662         36 0.0000e+00
      24292   1012.118     93.395     94.000    20.5099    20.5111   5.011812   5.012116     2.4030     2.0167      23.82   21.73396  -92.31894   -0.02134   -0.01966     3.5775     3.5761    20.4923    20.4935    36.3334    36.3349    25.6474    25.6483    1538.88    155.775    155.713         31 0.0000e+00
      24323   1013.396     94.388     95.000    20.5132    20.5139   5.014348   5.014601     2.3816     1.9966      22.81   21.73396  -92.31894   -0.02217   -0.02076     3.5303     3.5281    20.4953    20.4959    36.3510    36.3525    25.6601    25.6610    1538.74    153.720    153.621         31 0.0000e+00
      24355   1014.749     95.381     96.000    20.4992    20.5013   5.016059   5.016391     2.3520     1.9684      21.86   21.73398  -92.31894   -0.01966   -0.01836     3.4682     3.4629    20.4810    20.4831    36.3766    36.3776    25.6835    25.6836    1538.61    151.012    150.781         34 0.0000e+00
      24391   1016.255     96.374     97.000    20.4792    20.4806   5.017405   5.017636     2.3040     1.9224      20.78   21.73398  -92.31894   -0.02302   -0.02197     3.3805     3.3707    20.4609    20.4623    36.4045    36.4052    25.7101    25.7103    1538.49    147.188    146.762         36 0.0000e+00
      24424   1017.636     97.368     98.000    20.3793    20.3863   5.009673   5.009996     2.2453     1.8634      19.89   21.73398  -92.31894   -0.03225   -0.03133     3.2289     3.2023    20.3507    20.3685    36.4356    36.4338    25.7635    25.7608    1538.37    140.578    139.422         31 0.0000e+00
      24455   1018.909     98.361     99.000    20.3109    20.3124   5.005367   5.005699     2.1778     1.7985      19.01   21.73398  -92.31894   -0.04241   -0.04176     3.1088     3.0761    20.2920    20.2937    36.4506    36.4520    25.7907    25.7915    1538.22    135.351    133.922         32 0.0000e+00
      24489   1020.326     99.355    100.000    20.2923    20.2931   5.004449   5.004717     2.1324     1.7634      17.86   21.73398  -92.31894   -0.04573   -0.04411     3.0136     2.9957    20.2735    20.2743    36.4586    36.4600    25.8018    25.8027    1538.09    131.204    130.424         36 0.0000e+00
      24540   1022.461    100.348    101.000    20.2757    20.2780   5.003321   5.003720     2.1081     1.7505      16.77   21.73398  -92.31894   -0.02288   -0.01664     2.9632     2.9665    20.2567    20.2590    36.4633    36.4646    25.8099    25.8102    1537.97    129.005    129.152         52 0.0000e+00
      24597   1024.844    101.341    102.000    20.2081    20.2132   4.997439   4.998095     2.0937     1.7400      15.72   21.73398  -92.31895   -0.00748   -0.00484     2.9363     2.9455    20.1890    20.1941    36.4731    36.4741    25.8355    25.8349    1537.84    127.834    128.233         60 0.0000e+00
      24656   1027.286    102.335    103.000    20.1407    20.1439   4.990918   4.991420     2.0807     1.7293      14.79   21.73398  -92.31896   -0.00529   -0.00401     2.9128     2.9245    20.1215    20.1247    36.4775    36.4789    25.8569    25.8571    1537.72    126.807    127.315         58 0.0000e+00
      28069   1169.504    105.314    106.000    19.3115    19.3313   4.909411   4.911077     1.8698     1.5387      11.56   21.79408  -92.57402    0.00036   -0.00005     2.5008     2.5147    19.2923    19.3120    36.5482    36.5546    26.1376    26.1380    1541.41    108.848    109.454         30 0.0000e+00
      28054   1168.859    104.321    105.000    19.3600    19.4327   4.905815   4.914234     1.8686     1.5461      12.18   21.73408  -92.31914    0.00083    0.00245     2.4981     2.5279    19.3409    19.4135    36.4515    36.4581    26.0428    26.0289    1537.17    108.735    110.032         73 0.0000e+00
      28125   1171.842    103.328    104.000    19.5756    19.6908   4.928570   4.941688     1.9014     1.5867      13.18   21.73408  -92.31914    0.00893    0.01307     2.5570     2.6113    19.5565    19.6717    36.4531    36.4615    25.9877    25.9639    1537.17    111.305    113.671         68 0.0000e+00
      28186   1174.384    102.334    103.000    19.7596    19.9242   4.949882   4.968201     1.9334     1.6233      14.06   21.73408  -92.31914    0.01323    0.01520     2.6154     2.6869    19.7397    19.9051    36.4706    36.4782    25.9529    25.9150    1537.17    113.851    116.963         58 0.0000e+00
