Gulf of Mexico/GOMECC-4/1db/rb2103_1281.ros
* Sea-Bird SBE 9 Data File:
* FileName = C:\Users\scs.user.rb\CTD\GOMECC4\data\rb2103_1281.hex
* Software Version Seasave V 7.26.7.107
* Temperature SN = 4799
* Conductivity SN = 3860
* Number of Bytes Per Scan = 41
* Number of Voltage Words = 4
* Number of Scans Averaged by the Deck Unit = 1
* NMEA Latitude = 27 02.03 N
* NMEA Longitude = 082 36.87 W
* NMEA UTC (Time) = Oct 19 2021  10:31:33
* NMEA baud rate = 4800
# nquan = 17
# nvalues = 266                                   
# units = specified
# name 0 = scan: Scan Count
# name 1 = timeS: Time, Elapsed [seconds]
# name 2 = depSM: Depth [salt water, m]
# name 3 = prDM: Pressure, Digiquartz [db]
# name 4 = t090C: Temperature [ITS-90, deg C]
# name 5 = t190C: Temperature, 2 [ITS-90, deg C]
# name 6 = c0S/m: Conductivity [S/m]
# name 7 = c1S/m: Conductivity, 2 [S/m]
# name 8 = sbeox0V: Oxygen raw, SBE 43 [V]
# name 9 = sbeox1V: Oxygen raw, SBE 43, 2 [V]
# name 10 = altM: Altimeter [m]
# name 11 = latitude: Latitude [deg]
# name 12 = longitude: Longitude [deg]
# name 13 = sbox0dV/dT: Oxygen, SBE 43 [dov/dt]
# name 14 = sbox1dV/dT: Oxygen, SBE 43, 2 [dov/dt]
# name 15 = nbf: Bottles Fired
# name 16 = flag:  0.000e+00
# interval = seconds: 0.0416667
# start_time = Oct 19 2021 10:31:33 [NMEA time, header]
# bad_flag = -9.990e-29
*END*
      13053    543.833     12.308     12.390    28.1837    28.1846   5.740429   5.740632     2.9976     2.5275       3.91   27.03366  -82.61448    0.00014   -0.00056          1  0.000e+00
      13054    543.875     11.862     11.941    28.1841    28.1853   5.740397   5.740655     2.9976     2.5275       3.91   27.03366  -82.61448    0.00016   -0.00056          1  0.000e+00
      13055    543.917     12.058     12.138    28.1841    28.1855   5.740429   5.740576     2.9988     2.5275       3.88   27.03366  -82.61448    0.00020   -0.00056          1  0.000e+00
      13056    543.958     12.112     12.193    28.1839    28.1852   5.740358   5.740640     2.9988     2.5275       3.91   27.03366  -82.61448    0.00023   -0.00056          1  0.000e+00
      13057    544.000     12.058     12.138    28.1837    28.1849   5.740405   5.740640     2.9988     2.5263       3.91   27.03366  -82.61448    0.00027   -0.00058          1  0.000e+00
      13058    544.042     12.112     12.193    28.1841    28.1852   5.740405   5.740656     2.9976     2.5263       3.91   27.03366  -82.61448    0.00031   -0.00059          1  0.000e+00
      13059    544.083     12.058     12.138    28.1839    28.1855   5.740382   5.740608     2.9988     2.5263       3.91   27.03366  -82.61448    0.00036   -0.00059          1  0.000e+00
      13060    544.125     12.058     12.138    28.1843    28.1853   5.740397   5.740592     2.9976     2.5263       3.91   27.03366  -82.61448    0.00040   -0.00061          1  0.000e+00
      13061    544.167     12.112     12.193    28.1842    28.1853   5.740382   5.740616     2.9988     2.5263       3.91   27.03366  -82.61448    0.00044   -0.00060          1  0.000e+00
      13062    544.208     12.058     12.138    28.1839    28.1850   5.740382   5.740632     2.9976     2.5263       3.91   27.03366  -82.61448    0.00046   -0.00060          1  0.000e+00
      13063    544.250     12.058     12.138    28.1843    28.1853   5.740397   5.740624     2.9976     2.5263       3.91   27.03366  -82.61448    0.00048   -0.00059          1  0.000e+00
      13064    544.292     12.112     12.193    28.1841    28.1855   5.740382   5.740560     2.9976     2.5263       3.91   27.03366  -82.61448    0.00050   -0.00059          1  0.000e+00
      13065    544.333     12.011     12.091    28.1841    28.1855   5.740397   5.740640     2.9976     2.5263       3.91   27.03366  -82.61448    0.00052   -0.00058          1  0.000e+00
      13066    544.375     12.112     12.193    28.1839    28.1853   5.740382   5.740679     2.9976     2.5263       3.91   27.03366  -82.61448    0.00054   -0.00055          1  0.000e+00
      13067    544.417     12.058     12.138    28.1839    28.1852   5.740342   5.740671     2.9988     2.5263       3.91   27.03366  -82.61448    0.00058   -0.00053          1  0.000e+00
      13068    544.458     12.058     12.138    28.1839    28.1853   5.740209   5.740671     2.9976     2.5263       3.91   27.03366  -82.61448    0.00058   -0.00051          1  0.000e+00
      13069    544.500     12.112     12.193    28.1839    28.1854   5.740327   5.740608     2.9976     2.5263       3.91   27.03366  -82.61448    0.00060   -0.00050          1  0.000e+00
      13070    544.542     12.058     12.138    28.1839    28.1853   5.740397   5.740616     2.9976     2.5263       3.91   27.03366  -82.61448    0.00062   -0.00049          1  0.000e+00
      13071    544.583     12.112     12.193    28.1839    28.1853   5.740421   5.740624     2.9976     2.5263       3.86   27.03366  -82.61448    0.00064   -0.00047          1  0.000e+00
      13072    544.625     12.058     12.138    28.1839    28.1852   5.740389   5.740600     2.9976     2.5263       3.86   27.03366  -82.61448    0.00066   -0.00046          1  0.000e+00
      13073    544.667     12.058     12.138    28.1839    28.1853   5.740397   5.740616     2.9976     2.5275       3.86   27.03366  -82.61448    0.00066   -0.00042          1  0.000e+00
      13074    544.708     12.112     12.193    28.1839    28.1852   5.740382   5.740632     2.9963     2.5275       3.86   27.03366  -82.61448    0.00064   -0.00039          1  0.000e+00
      13075    544.750     12.058     12.138    28.1839    28.1855   5.740413   5.740584     2.9963     2.5275       3.86   27.03366  -82.61448    0.00063   -0.00035          1  0.000e+00
      13076    544.792     12.112     12.193    28.1837    28.1855   5.740405   5.740616     2.9976     2.5275       3.86   27.03366  -82.61448    0.00063   -0.00032          1  0.000e+00
      13077    544.833     12.058     12.138    28.1839    28.1853   5.740421   5.740703     2.9976     2.5275       3.86   27.03366  -82.61448    0.00063   -0.00028          1  0.000e+00
      13078    544.875     12.058     12.138    28.1839    28.1852   5.740405   5.740656     2.9963     2.5275       3.86   27.03366  -82.61448    0.00061   -0.00026          1  0.000e+00
      13079    544.917     12.112     12.193    28.1837    28.1852   5.740350   5.740624     2.9963     2.5275       3.88   27.03366  -82.61448    0.00059   -0.00024          1  0.000e+00
      13080    544.958     12.112     12.193    28.1837    28.1853   5.740366   5.740664     2.9963     2.5275       3.86   27.03366  -82.61448    0.00058   -0.00022          1  0.000e+00
      13081    545.000     12.058     12.138    28.1837    28.1854   5.740397   5.740608     2.9963     2.5275       3.86   27.03366  -82.61448    0.00056   -0.00020          1  0.000e+00
      13082    545.042     12.112     12.193    28.1839    28.1852   5.740350   5.740656     2.9951     2.5275       3.86   27.03366  -82.61448    0.00053   -0.00018          1  0.000e+00
      13083    545.083     12.112     12.193    28.1837    28.1853   5.740382   5.740640     2.9963     2.5275       3.86   27.03366  -82.61448    0.00049   -0.00016          1  0.000e+00
      13084    545.125     12.058     12.138    28.1839    28.1855   5.740382   5.740656     2.9963     2.5275       3.86   27.03366  -82.61448    0.00048   -0.00013          1  0.000e+00
      13085    545.167     12.112     12.193    28.1837    28.1853   5.740342   5.740640     2.9963     2.5275       3.86   27.03366  -82.61448    0.00044   -0.00013          1  0.000e+00
      13086    545.208     12.112     12.193    28.1835    28.1853   5.740382   5.740600     2.9951     2.5275       3.88   27.03366  -82.61448    0.00039   -0.00011          1  0.000e+00
      13087    545.250     12.112     12.193    28.1837    28.1853   5.740350   5.740656     2.9951     2.5287       3.86   27.03366  -82.61448    0.00034   -0.00009          1  0.000e+00
      13088    545.292     12.058     12.138    28.1834    28.1855   5.740350   5.740632     2.9951     2.5287       3.88   27.03366  -82.61448    0.00028   -0.00006          1  0.000e+00
      13089    545.333     12.112     12.193    28.1835    28.1855   5.740335   5.740624     2.9951     2.5287       3.86   27.03366  -82.61448    0.00023   -0.00004          1  0.000e+00
      13090    545.375     12.112     12.193    28.1834    28.1853   5.740335   5.740632     2.9951     2.5287       3.86   27.03366  -82.61448    0.00020   -0.00002          1  0.000e+00
      13091    545.417     12.112     12.193    28.1835    28.1853   5.740350   5.740600     2.9951     2.5287       3.86   27.03366  -82.61448    0.00014 5.2753e-07          1  0.000e+00
      13092    545.458     12.112     12.193    28.1839    28.1852   5.740335   5.740648     2.9951     2.5287       3.86   27.03366  -82.61448    0.00009    0.00002          1  0.000e+00
      13093    545.500     12.058     12.138    28.1837    28.1854   5.740350   5.740536     2.9951     2.5287       3.86   27.03366  -82.61448    0.00004    0.00004          1  0.000e+00
      13094    545.542     12.112     12.193    28.1837    28.1853   5.740374   5.740457     2.9963     2.5287       3.86   27.03366  -82.61448    0.00002    0.00006          1  0.000e+00
      13095    545.583     12.112     12.193    28.1835    28.1853   5.740382   5.740584     2.9951     2.5287       3.83   27.03366  -82.61448   -0.00003    0.00008          1  0.000e+00
      13096    545.625     12.160     12.240    28.1834    28.1852   5.740358   5.740624     2.9951     2.5275       3.86   27.03366  -82.61448   -0.00006    0.00008          1  0.000e+00
      13097    545.667     12.112     12.193    28.1832    28.1853   5.740335   5.740624     2.9951     2.5275       3.83   27.03366  -82.61448   -0.00011    0.00008          1  0.000e+00
      13098    545.708     12.058     12.138    28.1839    28.1853   5.740350   5.740664     2.9951     2.5275       3.86   27.03366  -82.61448   -0.00015    0.00009          1  0.000e+00
      13099    545.750     12.160     12.240    28.1835    28.1855   5.740374   5.740680     2.9951     2.5275       3.86   27.03366  -82.61448   -0.00018    0.00009          1  0.000e+00
      13100    545.792     12.112     12.193    28.1834    28.1853   5.740382   5.740672     2.9951     2.5275       3.86   27.03366  -82.61448   -0.00022    0.00009          1  0.000e+00
      13101    545.833     12.112     12.193    28.1837    28.1853   5.740397   5.740672     2.9951     2.5275       3.83   27.03366  -82.61448   -0.00025    0.00007          1  0.000e+00
      13102    545.875     12.112     12.193    28.1835    28.1853   5.740382   5.740711     2.9951     2.5275       3.86   27.03366  -82.61448   -0.00028    0.00007          1  0.000e+00
      13103    545.917     12.112     12.193    28.1835    28.1857   5.740358   5.740656     2.9951     2.5275       3.83   27.03366  -82.61448   -0.00033    0.00006          1  0.000e+00
      13104    545.958     12.112     12.193    28.1835    28.1855   5.740335   5.740664     2.9951     2.5275       3.83   27.03366  -82.61448   -0.00036    0.00006          1  0.000e+00
      13105    546.000     12.160     12.240    28.1835    28.1858   5.740335   5.740672     2.9951     2.5275       3.86   27.03366  -82.61448   -0.00039    0.00006          1  0.000e+00
      13106    546.042     12.112     12.193    28.1837    28.1857   5.740350   5.740608     2.9951     2.5275       3.83   27.03366  -82.61448   -0.00043    0.00006          1  0.000e+00
      13107    546.083     12.112     12.193    28.1837    28.1859   5.740335   5.740592     2.9951     2.5275       3.86   27.03366  -82.61448   -0.00046    0.00006          1  0.000e+00
      13108    546.125     12.112     12.193    28.1837    28.1857   5.740350   5.740656     2.9951     2.5275       3.83   27.03366  -82.61448   -0.00049    0.00006          1  0.000e+00
      13109    546.167     12.160     12.240    28.1837    28.1857   5.740374   5.740632     2.9951     2.5275       3.83   27.03366  -82.61448   -0.00052    0.00006          1  0.000e+00
      13110    546.208     12.112     12.193    28.1837    28.1857   5.740342   5.740664     2.9951     2.5275       3.86   27.03366  -82.61448   -0.00055    0.00007          1  0.000e+00
      13111    546.250     12.112     12.193    28.1837    28.1857   5.740350   5.740679     2.9951     2.5263       3.86   27.03366  -82.61448   -0.00058    0.00005          1  0.000e+00
      13112    546.292     12.160     12.240    28.1835    28.1855   5.740374   5.740680     2.9951     2.5263       3.83   27.03366  -82.61448   -0.00061    0.00003          1  0.000e+00
      13113    546.333     12.058     12.138    28.1833    28.1853   5.740327   5.740632     2.9951     2.5263       3.86   27.03366  -82.61448   -0.00064 1.7584e-07          1  0.000e+00
      13114    546.375     12.160     12.240    28.1835    28.1855   5.740327   5.740664     2.9951     2.5263       3.86   27.03366  -82.61448   -0.00067   -0.00002          1  0.000e+00
      13115    546.417     12.112     12.193    28.1834    28.1855   5.740366   5.740640     2.9963     2.5263       3.86   27.03366  -82.61448   -0.00068   -0.00003          1  0.000e+00
      13116    546.458     12.160     12.240    28.1837    28.1856   5.740256   5.740632     2.9963     2.5250       3.83   27.03366  -82.61448   -0.00069   -0.00006          1  0.000e+00
      13117    546.500     12.112     12.193    28.1833    28.1852   5.740303   5.740624     2.9951     2.5250       3.83   27.03366  -82.61448   -0.00072   -0.00009          1  0.000e+00
      13118    546.542     12.112     12.193    28.1835    28.1852   5.740382   5.740624     2.9951     2.5250       3.83   27.03366  -82.61448   -0.00074   -0.00013          1  0.000e+00
      13119    546.583     12.160     12.240    28.1835    28.1852   5.740421   5.740600     2.9951     2.5250       3.81   27.03366  -82.61448   -0.00077   -0.00016          1  0.000e+00
      13120    546.625     12.112     12.193    28.1835    28.1850   5.740358   5.740592     2.9951     2.5250       3.81   27.03366  -82.61448   -0.00080   -0.00019          1  0.000e+00
      13121    546.667     12.112     12.193    28.1837    28.1852   5.740421   5.740544     2.9951     2.5250       3.81   27.03366  -82.61448   -0.00083   -0.00021          1  0.000e+00
      13122    546.708     12.112     12.193    28.1835    28.1850   5.740397   5.740576     2.9951     2.5250       3.81   27.03366  -82.61448   -0.00083   -0.00024          1  0.000e+00
      13123    546.750     12.160     12.240    28.1837    28.1848   5.740397   5.740552     2.9951     2.5250       3.81   27.03366  -82.61448   -0.00086   -0.00027          1  0.000e+00
      13124    546.792     12.112     12.193    28.1837    28.1850   5.740350   5.740576     2.9951     2.5250       3.81   27.03366  -82.61448   -0.00087   -0.00030          1  0.000e+00
      13125    546.833     12.112     12.193    28.1835    28.1848   5.740366   5.740592     2.9951     2.5250       3.81   27.03366  -82.61448   -0.00087   -0.00032          1  0.000e+00
      13126    546.875     12.112     12.193    28.1834    28.1850   5.740327   5.740576     2.9939     2.5250       3.81   27.03366  -82.61448   -0.00090   -0.00035          1  0.000e+00
      13127    546.917     12.160     12.240    28.1837    28.1846   5.740327   5.740584     2.9927     2.5250       3.81   27.03366  -82.61448   -0.00094   -0.00037          1  0.000e+00
      13128    546.958     12.112     12.193    28.1837    28.1848   5.740350   5.740592     2.9939     2.5250       3.81   27.03366  -82.61448   -0.00096   -0.00040          1  0.000e+00
      13129    547.000     12.112     12.193    28.1835    28.1845   5.740374   5.740616     2.9939     2.5250       3.81   27.03366  -82.61448   -0.00098   -0.00042          1  0.000e+00
      13130    547.042     12.112     12.193    28.1837    28.1844   5.740342   5.740584     2.9927     2.5250       3.81   27.03366  -82.61448   -0.00102   -0.00044          1  0.000e+00
      13131    547.083     12.112     12.193    28.1837    28.1844   5.740350   5.740584     2.9927     2.5238       3.81   27.03366  -82.61448   -0.00105   -0.00048          1  0.000e+00
      13132    547.125     12.160     12.240    28.1835    28.1844   5.740405   5.740552     2.9927     2.5238       3.81   27.03366  -82.61448   -0.00109   -0.00052          1  0.000e+00
      13133    547.167     12.112     12.193    28.1837    28.1846   5.740358   5.740576     2.9927     2.5238       3.81   27.03366  -82.61448   -0.00112   -0.00056          1  0.000e+00
      13134    547.208     12.058     12.138    28.1837    28.1850   5.740382   5.740616     2.9927     2.5238       3.81   27.03366  -82.61448   -0.00115   -0.00059          1  0.000e+00
      13135    547.250     12.160     12.240    28.1835    28.1846   5.740382   5.740600     2.9927     2.5238       3.81   27.03366  -82.61448   -0.00118   -0.00063          1  0.000e+00
      13136    547.292     12.112     12.193    28.1834    28.1846   5.740327   5.740592     2.9927     2.5238       3.81   27.03366  -82.61448   -0.00121   -0.00066          1  0.000e+00
      13137    547.333     12.112     12.193    28.1835    28.1850   5.740327   5.740616     2.9927     2.5238       3.81   27.03366  -82.61448   -0.00123   -0.00069          1  0.000e+00
