Gulf of Mexico/GOMECC-4/1db/rb2103_0681.ros
* Sea-Bird SBE 9 Data File:
* FileName = C:\Users\scs.user.rb\CTD\GOMECC4\data\rb2103_0681.hex
* Software Version Seasave V 7.26.7.107
* Temperature SN = 4799
* Conductivity SN = 3860
* Number of Bytes Per Scan = 41
* Number of Voltage Words = 4
* Number of Scans Averaged by the Deck Unit = 1
* NMEA Latitude = 26 03.52 N
* NMEA Longitude = 095 32.99 W
* NMEA UTC (Time) = Oct 03 2021  07:00:55
* NMEA baud rate = 4800
# nquan = 17
# nvalues = 2527                                  
# units = specified
# name 0 = scan: Scan Count
# name 1 = timeS: Time, Elapsed [seconds]
# name 2 = depSM: Depth [salt water, m]
# name 3 = prDM: Pressure, Digiquartz [db]
# name 4 = t090C: Temperature [ITS-90, deg C]
# name 5 = t190C: Temperature, 2 [ITS-90, deg C]
# name 6 = c0S/m: Conductivity [S/m]
# name 7 = c1S/m: Conductivity, 2 [S/m]
# name 8 = sbeox0V: Oxygen raw, SBE 43 [V]
# name 9 = sbeox1V: Oxygen raw, SBE 43, 2 [V]
# name 10 = altM: Altimeter [m]
# name 11 = latitude: Latitude [deg]
# name 12 = longitude: Longitude [deg]
# name 13 = sbox0dV/dT: Oxygen, SBE 43 [dov/dt]
# name 14 = sbox1dV/dT: Oxygen, SBE 43, 2 [dov/dt]
# name 15 = nbf: Bottles Fired
# name 16 = flag:  0.000e+00
# interval = seconds: 0.0416667
# start_time = Oct 03 2021 07:00:55 [NMEA time, header]
# bad_flag = -9.990e-29
*END*
      47540   1980.792   1362.034   1375.483     4.4299     4.4300   3.351508   3.351474     1.9389     1.6190       9.40   26.05920  -95.54966   -0.00011   -0.00003          1  0.000e+00
      47541   1980.833   1361.889   1375.336     4.4297     4.4303   3.351515   3.351449     1.9377     1.6190       9.38   26.05920  -95.54966   -0.00010   -0.00003          1  0.000e+00
      47542   1980.875   1362.199   1375.651     4.4300     4.4300   3.351515   3.351487     1.9389     1.6190       9.38   26.05920  -95.54966   -0.00007   -0.00003          1  0.000e+00
      47543   1980.917   1362.151   1375.602     4.4299     4.4302   3.351534   3.351506     1.9377     1.6190       9.38   26.05920  -95.54966   -0.00008   -0.00003          1  0.000e+00
      47544   1980.958   1362.048   1375.497     4.4297     4.4302   3.351521   3.351506     1.9377     1.6178       9.38   26.05920  -95.54966   -0.00009   -0.00005          1  0.000e+00
      47545   1981.000   1362.137   1375.588     4.4299     4.4305   3.351490   3.351525     1.9389     1.6190       9.38   26.05920  -95.54966   -0.00006   -0.00005          1  0.000e+00
      47546   1981.042   1362.096   1375.546     4.4297     4.4303   3.351534   3.351538     1.9377     1.6190       9.38   26.05920  -95.54966   -0.00007   -0.00004          1  0.000e+00
      47547   1981.083   1362.151   1375.602     4.4300     4.4302   3.351565   3.351538     1.9377     1.6190       9.38   26.05920  -95.54966   -0.00006   -0.00004          1  0.000e+00
      47548   1981.125   1362.096   1375.546     4.4297     4.4303   3.351515   3.351462     1.9377     1.6178       9.38   26.05920  -95.54966   -0.00005   -0.00006          1  0.000e+00
      47549   1981.167   1362.138   1375.588     4.4299     4.4303   3.351496   3.351494     1.9377     1.6190       9.38   26.05920  -95.54966   -0.00006   -0.00006          1  0.000e+00
      47550   1981.208   1362.152   1375.602     4.4296     4.4302   3.351509   3.351506     1.9389     1.6190       9.38   26.05920  -95.54966   -0.00003   -0.00006          1  0.000e+00
      47551   1981.250   1362.152   1375.602     4.4300     4.4302   3.351565   3.351506     1.9377     1.6178       9.38   26.05920  -95.54966   -0.00002   -0.00007          1  0.000e+00
      47552   1981.292   1362.152   1375.602     4.4299     4.4302   3.351527   3.351506     1.9377     1.6190       9.38   26.05920  -95.54966   -0.00001   -0.00007          1  0.000e+00
      47553   1981.333   1362.193   1375.644     4.4300     4.4303   3.351565   3.351455     1.9377     1.6190       9.38   26.05920  -95.54966   -0.00002   -0.00007          1  0.000e+00
      47554   1981.375   1362.152   1375.602     4.4294     4.4300   3.351527   3.351487     1.9389     1.6190       9.33   26.05920  -95.54966    0.00001   -0.00007          1  0.000e+00
      47555   1981.417   1362.200   1375.651     4.4297     4.4304   3.351515   3.351506     1.9377     1.6190       9.30   26.05920  -95.54966    0.00000   -0.00007          1  0.000e+00
      47556   1981.458   1362.200   1375.651     4.4296     4.4302   3.351490   3.351481     1.9377     1.6178       9.28   26.05920  -95.54966   -0.00000   -0.00008          1  0.000e+00
      47557   1981.500   1362.200   1375.651     4.4299     4.4300   3.351534   3.351494     1.9377     1.6190       9.28   26.05920  -95.54966   -0.00001   -0.00008          1  0.000e+00
      47558   1981.542   1362.193   1375.644     4.4296     4.4300   3.351496   3.351481     1.9377     1.6190       9.28   26.05920  -95.54966   -0.00002   -0.00008          1  0.000e+00
      47559   1981.583   1362.200   1375.652     4.4297     4.4300   3.351509   3.351474     1.9389     1.6190       9.30   26.05920  -95.54966    0.00001   -0.00008          1  0.000e+00
      47560   1981.625   1362.200   1375.652     4.4296     4.4302   3.351490   3.351474     1.9389     1.6190       9.28   26.05920  -95.54966    0.00004   -0.00007          1  0.000e+00
      47561   1981.667   1362.200   1375.652     4.4299     4.4300   3.351490   3.351474     1.9377     1.6178       9.28   26.05920  -95.54966    0.00003   -0.00009          1  0.000e+00
      47562   1981.708   1362.242   1375.694     4.4297     4.4303   3.351509   3.351519     1.9377     1.6190       9.28   26.05920  -95.54966    0.00003   -0.00009          1  0.000e+00
      47563   1981.750   1362.256   1375.708     4.4296     4.4302   3.351540   3.351513     1.9377     1.6178       9.28   26.05920  -95.54966    0.00002   -0.00010          1  0.000e+00
      47564   1981.792   1362.256   1375.708     4.4299     4.4302   3.351521   3.351506     1.9377     1.6178       9.28   26.05920  -95.54966    0.00003   -0.00012          1  0.000e+00
      47565   1981.833   1362.201   1375.652     4.4297     4.4303   3.351477   3.351506     1.9377     1.6190       9.28   26.05920  -95.54966    0.00002   -0.00011          1  0.000e+00
      47566   1981.875   1362.297   1375.750     4.4296     4.4300   3.351477   3.351506     1.9377     1.6190       9.28   26.05920  -95.54966    0.00002   -0.00011          1  0.000e+00
      47567   1981.917   1362.256   1375.708     4.4296     4.4300   3.351509   3.351481     1.9377     1.6190       9.28   26.05920  -95.54966    0.00001   -0.00011          1  0.000e+00
      47568   1981.958   1362.256   1375.708     4.4294     4.4302   3.351490   3.351494     1.9377     1.6190       9.28   26.05920  -95.54966    0.00002   -0.00010          1  0.000e+00
      47569   1982.000   1362.304   1375.757     4.4296     4.4300   3.351464   3.351506     1.9377     1.6190       9.28   26.05920  -95.54966    0.00001   -0.00010          1  0.000e+00
      47570   1982.042   1362.298   1375.750     4.4294     4.4300   3.351477   3.351455     1.9377     1.6190       9.28   26.05920  -95.54966    0.00001   -0.00010          1  0.000e+00
      47571   1982.083   1362.256   1375.708     4.4294     4.4300   3.351509   3.351487     1.9377     1.6178       9.28   26.05920  -95.54966    0.00000   -0.00011          1  0.000e+00
      47572   1982.125   1362.360   1375.813     4.4294     4.4300   3.351534   3.351455     1.9377     1.6178       9.28   26.05920  -95.54966   -0.00000   -0.00013          1  0.000e+00
      47573   1982.167   1362.305   1375.757     4.4296     4.4300   3.351502   3.351442     1.9377     1.6190       9.28   26.05920  -95.54966   -0.00001   -0.00012          1  0.000e+00
      47574   1982.208   1362.298   1375.750     4.4294     4.4300   3.351509   3.351449     1.9377     1.6190       9.28   26.05920  -95.54966   -0.00002   -0.00012          1  0.000e+00
      47575   1982.250   1362.305   1375.757     4.4296     4.4302   3.351515   3.351468     1.9377     1.6178       9.28   26.05920  -95.54966   -0.00002   -0.00013          1  0.000e+00
      47576   1982.292   1362.305   1375.757     4.4295     4.4300   3.351521   3.351474     1.9377     1.6178       9.28   26.05920  -95.54966   -0.00001   -0.00014          1  0.000e+00
      47577   1982.333   1362.360   1375.813     4.4294     4.4300   3.351490   3.351494     1.9377     1.6178       9.30   26.05920  -95.54966 -3.517e-07   -0.00016          1  0.000e+00
      47578   1982.375   1362.305   1375.758     4.4296     4.4300   3.351509   3.351455     1.9389     1.6190       9.23   26.05920  -95.54966    0.00001   -0.00015          1  0.000e+00
      47579   1982.417   1362.346   1375.800     4.4294     4.4300   3.351515   3.351442     1.9389     1.6190       9.18   26.05920  -95.54966    0.00002   -0.00015          1  0.000e+00
      47580   1982.458   1362.360   1375.814     4.4296     4.4302   3.351515   3.351462     1.9389     1.6190       9.16   26.05920  -95.54966    0.00005   -0.00014          1  0.000e+00
      47581   1982.500   1362.305   1375.758     4.4294     4.4299   3.351515   3.351474     1.9377     1.6190       9.18   26.05920  -95.54966    0.00006   -0.00014          1  0.000e+00
      47582   1982.542   1362.360   1375.814     4.4297     4.4299   3.351496   3.351449     1.9389     1.6190       9.18   26.05920  -95.54966    0.00007   -0.00013          1  0.000e+00
      47583   1982.583   1362.347   1375.800     4.4294     4.4299   3.351509   3.351462     1.9377     1.6190       9.18   26.05920  -95.54966    0.00007   -0.00013          1  0.000e+00
      47584   1982.625   1362.409   1375.863     4.4296     4.4299   3.351515   3.351449     1.9377     1.6190       9.18   26.05920  -95.54966    0.00006   -0.00012          1  0.000e+00
      47585   1982.667   1362.305   1375.758     4.4297     4.4299   3.351515   3.351462     1.9377     1.6190       9.18   26.05920  -95.54966    0.00006   -0.00012          1  0.000e+00
      47586   1982.708   1362.361   1375.814     4.4297     4.4299   3.351515   3.351494     1.9377     1.6190       9.18   26.05920  -95.54966    0.00005   -0.00011          1  0.000e+00
      47587   1982.750   1362.402   1375.856     4.4297     4.4299   3.351515   3.351481     1.9377     1.6190       9.18   26.05920  -95.54966    0.00004   -0.00011          1  0.000e+00
      47588   1982.792   1362.361   1375.814     4.4296     4.4300   3.351540   3.351474     1.9377     1.6190       9.18   26.05920  -95.54966    0.00005   -0.00010          1  0.000e+00
      47589   1982.833   1362.361   1375.814     4.4296     4.4299   3.351521   3.351474     1.9377     1.6190       9.18   26.05920  -95.54966    0.00005   -0.00010          1  0.000e+00
      47590   1982.875   1362.361   1375.814     4.4296     4.4300   3.351496   3.351474     1.9377     1.6190       9.18   26.05920  -95.54966    0.00004   -0.00009          1  0.000e+00
      47591   1982.917   1362.347   1375.800     4.4297     4.4299   3.351528   3.351494     1.9377     1.6190       9.18   26.05920  -95.54966    0.00004   -0.00009          1  0.000e+00
      47592   1982.958   1362.361   1375.814     4.4297     4.4300   3.351521   3.351481     1.9377     1.6190       9.16   26.05920  -95.54966    0.00003   -0.00008          1  0.000e+00
      47593   1983.000   1362.361   1375.814     4.4297     4.4299   3.351515   3.351494     1.9377     1.6190       9.18   26.05920  -95.54966    0.00002   -0.00008          1  0.000e+00
      47594   1983.042   1362.361   1375.814     4.4294     4.4300   3.351515   3.351455     1.9377     1.6190       9.18   26.05920  -95.54966    0.00002   -0.00007          1  0.000e+00
      47595   1983.083   1362.347   1375.800     4.4295     4.4299   3.351490   3.351462     1.9377     1.6178       9.18   26.05920  -95.54966    0.00001   -0.00009          1  0.000e+00
      47596   1983.125   1362.361   1375.814     4.4297     4.4299   3.351490   3.351474     1.9377     1.6190       9.18   26.05920  -95.54966    0.00001   -0.00008          1  0.000e+00
      47597   1983.167   1362.361   1375.814     4.4296     4.4299   3.351528   3.351474     1.9377     1.6190       9.18   26.05920  -95.54966 5.2753e-07   -0.00008          1  0.000e+00
      47598   1983.208   1362.361   1375.815     4.4296     4.4299   3.351521   3.351474     1.9377     1.6190       9.18   26.05920  -95.54966   -0.00001   -0.00007          1  0.000e+00
      47599   1983.250   1362.361   1375.815     4.4297     4.4302   3.351515   3.351474     1.9389     1.6190       9.16   26.05920  -95.54966    0.00001   -0.00006          1  0.000e+00
      47600   1983.292   1362.299   1375.752     4.4296     4.4300   3.351496   3.351449     1.9389     1.6178       9.18   26.05920  -95.54966    0.00002   -0.00008          1  0.000e+00
      47601   1983.333   1362.361   1375.815     4.4297     4.4300   3.351509   3.351462     1.9389     1.6190       9.18   26.05920  -95.54966    0.00003   -0.00007          1  0.000e+00
      47602   1983.375   1362.361   1375.815     4.4296     4.4299   3.351540   3.351474     1.9377     1.6190       9.16   26.05920  -95.54966    0.00002   -0.00007          1  0.000e+00
      47603   1983.417   1362.306   1375.759     4.4296     4.4300   3.351528   3.351449     1.9377     1.6190       9.13   26.05920  -95.54966    0.00001   -0.00006          1  0.000e+00
      47604   1983.458   1362.348   1375.801     4.4297     4.4300   3.351534   3.351462     1.9377     1.6190       9.11   26.05920  -95.54966    0.00002   -0.00005          1  0.000e+00
      47605   1983.500   1362.306   1375.759     4.4296     4.4299   3.351521   3.351474     1.9377     1.6190       9.13   26.05920  -95.54966    0.00002   -0.00005          1  0.000e+00
      47606   1983.542   1362.306   1375.759     4.4296     4.4299   3.351490   3.351449     1.9377     1.6190       9.13   26.05920  -95.54966    0.00001   -0.00004          1  0.000e+00
      47607   1983.583   1362.307   1375.759     4.4296     4.4297   3.351534   3.351462     1.9377     1.6190       9.13   26.05920  -95.54966    0.00000   -0.00004          1  0.000e+00
      47608   1983.625   1362.300   1375.752     4.4296     4.4300   3.351496   3.351449     1.9377     1.6190       9.11   26.05920  -95.54966   -0.00000   -0.00003          1  0.000e+00
      47609   1983.667   1362.307   1375.759     4.4297     4.4297   3.351509   3.351462     1.9377     1.6190       9.13   26.05920  -95.54966   -0.00001   -0.00003          1  0.000e+00
      47610   1983.708   1362.307   1375.759     4.4296     4.4300   3.351490   3.351449     1.9389     1.6190       9.11   26.05920  -95.54966    0.00000   -0.00002          1  0.000e+00
      47611   1983.750   1362.258   1375.710     4.4296     4.4299   3.351490   3.351462     1.9377     1.6190       9.13   26.05920  -95.54966   -0.00001   -0.00001          1  0.000e+00
      47612   1983.792   1362.300   1375.752     4.4294     4.4299   3.351509   3.351430     1.9377     1.6190       9.11   26.05920  -95.54966   -0.00001   -0.00001          1  0.000e+00
      47613   1983.833   1362.307   1375.759     4.4297     4.4297   3.351496   3.351455     1.9377     1.6178       9.13   26.05920  -95.54966   -0.00000   -0.00002          1  0.000e+00
      47614   1983.875   1362.259   1375.710     4.4297     4.4297   3.351509   3.351494     1.9389     1.6190       9.13   26.05920  -95.54966    0.00001   -0.00001          1  0.000e+00
      47615   1983.917   1362.259   1375.711     4.4296     4.4297   3.351540   3.351481     1.9377     1.6190       9.11   26.05920  -95.54966    0.00000   -0.00001          1  0.000e+00
      47616   1983.958   1362.245   1375.697     4.4294     4.4297   3.351540   3.351449     1.9377     1.6190       9.13   26.05920  -95.54966   -0.00000   -0.00000          1  0.000e+00
      47617   1984.000   1362.203   1375.655     4.4296     4.4297   3.351521   3.351462     1.9377     1.6190       9.13   26.05920  -95.54966   -0.00001    0.00000          1  0.000e+00
      47618   1984.042   1362.259   1375.711     4.4296     4.4299   3.351490   3.351474     1.9377     1.6190       9.13   26.05920  -95.54966   -0.00002    0.00001          1  0.000e+00
      47619   1984.083   1362.259   1375.711     4.4299     4.4299   3.351534   3.351449     1.9389     1.6190       9.13   26.05920  -95.54966    0.00001    0.00001          1  0.000e+00
      47620   1984.125   1362.204   1375.655     4.4297     4.4299   3.351496   3.351462     1.9377     1.6178       9.13   26.05920  -95.54966    0.00000    0.00000          1  0.000e+00
      47621   1984.167   1362.197   1375.648     4.4296     4.4300   3.351490   3.351474     1.9377     1.6190       9.13   26.05920  -95.54966   -0.00000    0.00001          1  0.000e+00
      47622   1984.208   1362.204   1375.655     4.4297     4.4300   3.351527   3.351494     1.9377     1.6178       9.13   26.05920  -95.54966   -0.00001   -0.00000          1  0.000e+00
      47623   1984.250   1362.204   1375.655     4.4296     4.4300   3.351546   3.351481     1.9377     1.6190       9.13   26.05920  -95.54966   -0.00002    0.00001          1  0.000e+00
      47624   1984.292   1362.204   1375.655     4.4299     4.4299   3.351540   3.351474     1.9377     1.6190       9.11   26.05920  -95.54966   -0.00003    0.00001          1  0.000e+00
