Gulf of Mexico/GOMECC-4/1db/rb2103_1241.ros
* Sea-Bird SBE 9 Data File:
* FileName = C:\Users\scs.user.rb\CTD\GOMECC4\data\rb2103_1241.hex
* Software Version Seasave V 7.26.7.107
* Temperature SN = 4799
* Conductivity SN = 3860
* Number of Bytes Per Scan = 41
* Number of Voltage Words = 4
* Number of Scans Averaged by the Deck Unit = 1
* NMEA Latitude = 24 27.99 N
* NMEA Longitude = 082 52.03 W
* NMEA UTC (Time) = Oct 18 2021  12:55:07
* NMEA baud rate = 4800
# nquan = 17
# nvalues = 665                                   
# units = specified
# name 0 = scan: Scan Count
# name 1 = timeS: Time, Elapsed [seconds]
# name 2 = depSM: Depth [salt water, m]
# name 3 = prDM: Pressure, Digiquartz [db]
# name 4 = t090C: Temperature [ITS-90, deg C]
# name 5 = t190C: Temperature, 2 [ITS-90, deg C]
# name 6 = c0S/m: Conductivity [S/m]
# name 7 = c1S/m: Conductivity, 2 [S/m]
# name 8 = sbeox0V: Oxygen raw, SBE 43 [V]
# name 9 = sbeox1V: Oxygen raw, SBE 43, 2 [V]
# name 10 = altM: Altimeter [m]
# name 11 = latitude: Latitude [deg]
# name 12 = longitude: Longitude [deg]
# name 13 = sbox0dV/dT: Oxygen, SBE 43 [dov/dt]
# name 14 = sbox1dV/dT: Oxygen, SBE 43, 2 [dov/dt]
# name 15 = nbf: Bottles Fired
# name 16 = flag:  0.000e+00
# interval = seconds: 0.0416667
# start_time = Oct 18 2021 12:55:07 [NMEA time, header]
# bad_flag = -9.990e-29
*END*
[from data line 341]
      23034    959.708     19.955     20.085    29.3792    29.3825   5.923879   5.924515     3.0830     2.6020      14.95   24.46480  -82.86748   -0.00054    0.00103          3  0.000e+00
      23035    959.750     19.895     20.024    29.3792    29.3823   5.923966   5.924507     3.0818     2.6007      14.95   24.46480  -82.86748   -0.00057    0.00102          3  0.000e+00
      23036    959.792     19.955     20.085    29.3790    29.3823   5.923951   5.924467     3.0818     2.6007      14.95   24.46480  -82.86748   -0.00057    0.00100          3  0.000e+00
      23037    959.833     19.955     20.085    29.3790    29.3825   5.923943   5.924491     3.0830     2.6007      14.95   24.46480  -82.86748   -0.00056    0.00099          3  0.000e+00
      23038    959.875     19.895     20.024    29.3786    29.3831   5.923974   5.924580     3.0830     2.5995      14.95   24.46480  -82.86748   -0.00057    0.00095          3  0.000e+00
      23039    959.917     19.955     20.085    29.3788    29.3834   5.923951   5.924563     3.0830     2.5995      14.95   24.46480  -82.86748   -0.00057    0.00092          3  0.000e+00
      23040    959.958     19.955     20.085    29.3788    29.3833   5.924014   5.924555     3.0830     2.5995      14.95   24.46480  -82.86748   -0.00058    0.00088          3  0.000e+00
      23041    960.000     19.996     20.126    29.3790    29.3830   5.923998   5.924588     3.0830     2.5983      14.95   24.46480  -82.86748   -0.00059    0.00083          3  0.000e+00
      23042    960.042     19.955     20.085    29.3794    29.3827   5.923951   5.924563     3.0830     2.5983      14.95   24.46480  -82.86748   -0.00060    0.00078          3  0.000e+00
      23043    960.083     19.955     20.085    29.3792    29.3827   5.923974   5.924588     3.0830     2.5983      14.95   24.46480  -82.86748   -0.00061    0.00073          3  0.000e+00
      23044    960.125     19.949     20.078    29.3788    29.3829   5.923951   5.924563     3.0830     2.5983      14.82   24.46480  -82.86748   -0.00061    0.00068          3  0.000e+00
      23045    960.167     20.003     20.133    29.3785    29.3833   5.923903   5.924588     3.0830     2.5983      14.75   24.46480  -82.86748   -0.00061    0.00062          3  0.000e+00
      23046    960.208     19.955     20.085    29.3783    29.3833   5.923927   5.924604     3.0830     2.5983      14.75   24.46480  -82.86748   -0.00061    0.00057          3  0.000e+00
      23047    960.250     20.003     20.133    29.3785    29.3833   5.923943   5.924604     3.0830     2.5983      14.75   24.46480  -82.86748   -0.00061    0.00052          3  0.000e+00
      23048    960.292     19.996     20.126    29.3785    29.3838   5.923903   5.924604     3.0830     2.5983      14.75   24.46480  -82.86748   -0.00061    0.00047          3  0.000e+00
      23049    960.333     20.003     20.133    29.3788    29.3836   5.923966   5.924604     3.0818     2.5983      14.75   24.46480  -82.86748   -0.00062    0.00042          3  0.000e+00
      23050    960.375     19.955     20.085    29.3793    29.3838   5.923951   5.924604     3.0818     2.5971      14.75   24.46480  -82.86748   -0.00063    0.00036          3  0.000e+00
      23051    960.417     19.996     20.126    29.3796    29.3838   5.924054   5.924604     3.0818     2.5983      14.75   24.46480  -82.86748   -0.00064    0.00033          3  0.000e+00
      23052    960.458     20.003     20.133    29.3801    29.3834   5.924046   5.924636     3.0818     2.5983      14.75   24.46480  -82.86748   -0.00065    0.00030          3  0.000e+00
      23053    960.500     20.003     20.133    29.3805    29.3829   5.924078   5.924652     3.0830     2.5983      14.75   24.46480  -82.86748   -0.00064    0.00026          3  0.000e+00
      23054    960.542     19.996     20.126    29.3805    29.3823   5.924046   5.924612     3.0830     2.5983      14.75   24.46480  -82.86748   -0.00063    0.00023          3  0.000e+00
      23055    960.583     20.003     20.133    29.3805    29.3821   5.924038   5.924604     3.0818     2.5983      14.75   24.46480  -82.86748   -0.00064    0.00020          3  0.000e+00
      23056    960.625     20.050     20.180    29.3803    29.3823   5.924038   5.924636     3.0830     2.5995      14.75   24.46480  -82.86748   -0.00063    0.00018          3  0.000e+00
      23057    960.667     19.996     20.126    29.3803    29.3825   5.924110   5.924612     3.0818     2.5995      14.75   24.46480  -82.86748   -0.00062    0.00019          3  0.000e+00
      23058    960.708     20.003     20.133    29.3805    29.3833   5.924102   5.924636     3.0830     2.5995      14.75   24.46480  -82.86748   -0.00059    0.00019          3  0.000e+00
      23059    960.750     20.050     20.180    29.3805    29.3834   5.924094   5.924612     3.0830     2.5995      14.75   24.46480  -82.86748   -0.00056    0.00018          3  0.000e+00
      23060    960.792     19.996     20.126    29.3807    29.3838   5.924086   5.924604     3.0830     2.5995      14.75   24.46480  -82.86748   -0.00055    0.00016          3  0.000e+00
      23061    960.833     20.050     20.180    29.3809    29.3838   5.924126   5.924604     3.0830     2.5995      14.75   24.46480  -82.86748   -0.00054    0.00015          3  0.000e+00
      23062    960.875     20.003     20.133    29.3809    29.3840   5.924102   5.924604     3.0830     2.5995      14.75   24.46480  -82.86748   -0.00051    0.00014          3  0.000e+00
      23063    960.917     20.043     20.173    29.3804    29.3840   5.924126   5.924676     3.0830     2.5995      14.75   24.46480  -82.86748   -0.00048    0.00012          3  0.000e+00
      23064    960.958     20.003     20.133    29.3805    29.3842   5.924142   5.924628     3.0842     2.6007      14.75   24.46480  -82.86748   -0.00043    0.00013          3  0.000e+00
      23065    961.000     20.050     20.180    29.3798    29.3842   5.924062   5.924604     3.0830     2.5995      14.75   24.46480  -82.86748   -0.00040    0.00010          3  0.000e+00
      23066    961.042     20.050     20.180    29.3792    29.3838   5.924038   5.924563     3.0830     2.5995      14.75   24.46480  -82.86748   -0.00039    0.00006          3  0.000e+00
      23067    961.083     19.996     20.126    29.3794    29.3840   5.923998   5.924588     3.0830     2.6007      14.75   24.46480  -82.86748   -0.00036    0.00005          3  0.000e+00
      23068    961.125     20.050     20.180    29.3788    29.3836   5.923951   5.924604     3.0842     2.6007      14.70   24.46480  -82.86748   -0.00031    0.00003          3  0.000e+00
      23069    961.167     20.050     20.180    29.3790    29.3838   5.923903   5.924676     3.0830     2.5995      14.68   24.46480  -82.86748   -0.00028   -0.00000          3  0.000e+00
      23070    961.208     20.043     20.173    29.3785    29.3836   5.923895   5.924588     3.0830     2.5995      14.68   24.46480  -82.86748   -0.00025   -0.00004          3  0.000e+00
      23071    961.250     20.050     20.180    29.3788    29.3833   5.923895   5.924588     3.0830     2.5995      14.68   24.46480  -82.86748   -0.00022   -0.00007          3  0.000e+00
      23072    961.292     20.003     20.133    29.3792    29.3833   5.923966   5.924604     3.0830     2.5995      14.68   24.46480  -82.86748   -0.00017   -0.00011          3  0.000e+00
      23073    961.333     20.091     20.221    29.3790    29.3833   5.923951   5.924564     3.0830     2.5995      14.68   24.46480  -82.86748   -0.00014   -0.00014          3  0.000e+00
      23074    961.375     20.003     20.133    29.3788    29.3831   5.923903   5.924588     3.0830     2.5995      14.68   24.46480  -82.86748   -0.00011   -0.00018          3  0.000e+00
      23075    961.417     20.050     20.180    29.3792    29.3831   5.923927   5.924604     3.0830     2.6007      14.68   24.46480  -82.86748   -0.00007   -0.00020          3  0.000e+00
      23076    961.458     20.043     20.173    29.3790    29.3829   5.923943   5.924604     3.0830     2.6007      14.68   24.46480  -82.86748   -0.00004   -0.00021          3  0.000e+00
      23077    961.500     20.050     20.180    29.3792    29.3829   5.923974   5.924531     3.0830     2.6007      14.68   24.46480  -82.86748   -0.00001   -0.00022          3  0.000e+00
      23078    961.542     20.050     20.180    29.3792    29.3830   5.923990   5.924507     3.0830     2.6007      14.68   24.46480  -82.86748    0.00003   -0.00022          3  0.000e+00
      23079    961.583     20.043     20.173    29.3796    29.3831   5.923990   5.924580     3.0818     2.6020      14.68   24.46480  -82.86748    0.00006   -0.00021          3  0.000e+00
      23080    961.625     20.050     20.180    29.3796    29.3830   5.924022   5.924563     3.0818     2.6020      14.68   24.46480  -82.86748    0.00008   -0.00019          3  0.000e+00
      23081    961.667     20.050     20.180    29.3798    29.3831   5.924038   5.924555     3.0818     2.6020      14.68   24.46480  -82.86748    0.00010   -0.00018          3  0.000e+00
      23082    961.708     20.043     20.173    29.3801    29.3827   5.924078   5.924555     3.0818     2.6020      14.68   24.46480  -82.86748    0.00012   -0.00017          3  0.000e+00
      23083    961.750     20.050     20.180    29.3807    29.3829   5.924046   5.924555     3.0818     2.6032      14.68   24.46480  -82.86748    0.00014   -0.00014          3  0.000e+00
      23084    961.792     20.050     20.180    29.3803    29.3829   5.924078   5.924588     3.0818     2.6032      14.68   24.46480  -82.86748    0.00016   -0.00011          3  0.000e+00
      23085    961.833     20.003     20.133    29.3803    29.3827   5.924094   5.924563     3.0818     2.6032      14.68   24.46480  -82.86748    0.00018   -0.00008          3  0.000e+00
      23086    961.875     20.043     20.173    29.3801    29.3831   5.924126   5.924555     3.0818     2.6032      14.68   24.46480  -82.86748    0.00018   -0.00006          3  0.000e+00
      23087    961.917     20.050     20.180    29.3805    29.3829   5.924142   5.924555     3.0806     2.6032      14.70   24.46480  -82.86748    0.00019   -0.00003          3  0.000e+00
      23088    961.958     20.003     20.133    29.3805    29.3831   5.924102   5.924515     3.0806     2.6044      14.68   24.46480  -82.86748    0.00018    0.00003          3  0.000e+00
      23089    962.000     20.043     20.173    29.3806    29.3829   5.924118   5.924507     3.0818     2.6044      14.68   24.46480  -82.86748    0.00018    0.00007          3  0.000e+00
      23090    962.042     20.050     20.180    29.3811    29.3829   5.924174   5.924539     3.0818     2.6044      14.68   24.46480  -82.86748    0.00019    0.00012          3  0.000e+00
      23091    962.083     20.003     20.133    29.3811    29.3829   5.924150   5.924555     3.0818     2.6044      14.68   24.46480  -82.86748    0.00020    0.00018          3  0.000e+00
      25232   1051.292      9.523      9.585    29.3729    29.3736   5.922902   5.923194     3.0842     2.6032      24.49   24.46476  -82.86744   -0.00067   -0.00025          4  0.000e+00
      25233   1051.333      9.577      9.639    29.3729    29.3744   5.922918   5.923194     3.0842     2.6032      24.49   24.46476  -82.86744   -0.00071   -0.00017          4  0.000e+00
      25234   1051.375      9.774      9.837    29.3729    29.3742   5.922878   5.923226     3.0842     2.6044      24.49   24.46476  -82.86744   -0.00074   -0.00007          4  0.000e+00
      25235   1051.417      9.726      9.789    29.3729    29.3743   5.922830   5.923202     3.0842     2.6044      24.49   24.46476  -82.86744   -0.00076    0.00002          4  0.000e+00
      25236   1051.458      9.726      9.789    29.3726    29.3744   5.922822   5.923194     3.0842     2.6056      24.49   24.46476  -82.86744   -0.00079    0.00012          4  0.000e+00
      25237   1051.500      9.821      9.884    29.3729    29.3741   5.922854   5.923226     3.0842     2.6056      24.49   24.46476  -82.86744   -0.00082    0.00022          4  0.000e+00
      25238   1051.542      9.726      9.789    29.3728    29.3744   5.922830   5.923242     3.0842     2.6056      24.49   24.46476  -82.86744   -0.00085    0.00031          4  0.000e+00
      25239   1051.583      9.726      9.789    29.3728    29.3743   5.922822   5.923202     3.0842     2.6068      24.49   24.46476  -82.86744   -0.00088    0.00043          4  0.000e+00
      25240   1051.625      9.726      9.789    29.3728    29.3744   5.922854   5.923194     3.0842     2.6056      24.49   24.46476  -82.86744   -0.00089    0.00052          4  0.000e+00
      25241   1051.667      9.726      9.789    29.3728    29.3741   5.922830   5.923194     3.0842     2.6068      24.49   24.46476  -82.86744   -0.00090    0.00063          4  0.000e+00
      25242   1051.708      9.726      9.789    29.3728    29.3742   5.922854   5.923226     3.0842     2.6056      24.49   24.46476  -82.86744   -0.00092    0.00073          4  0.000e+00
      25243   1051.750      9.672      9.734    29.3729    29.3741   5.922902   5.923234     3.0830     2.6068      24.49   24.46476  -82.86744   -0.00094    0.00082          4  0.000e+00
      25244   1051.792      9.726      9.789    29.3726    29.3744   5.922806   5.923161     3.0842     2.6068      24.49   24.46476  -82.86744   -0.00097    0.00091          4  0.000e+00
      25245   1051.833      9.726      9.789    29.3726    29.3741   5.922774   5.923218     3.0842     2.6068      24.49   24.46476  -82.86744   -0.00097    0.00100          4  0.000e+00
      25246   1051.875      9.726      9.789    29.3728    29.3742   5.922846   5.923202     3.0842     2.6068      24.49   24.46476  -82.86744   -0.00097    0.00109          4  0.000e+00
      25247   1051.917      9.672      9.734    29.3729    29.3741   5.922830   5.923194     3.0842     2.6068      24.49   24.46476  -82.86744   -0.00097    0.00116          4  0.000e+00
      25248   1051.958      9.726      9.789    29.3726    29.3742   5.922822   5.923153     3.0842     2.6068      24.49   24.46476  -82.86744   -0.00097    0.00125          4  0.000e+00
      25249   1052.000      9.726      9.789    29.3728    29.3741   5.922854   5.923145     3.0842     2.6068      24.49   24.46476  -82.86744   -0.00097    0.00134          4  0.000e+00
      25250   1052.042      9.672      9.734    29.3726    29.3742   5.922830   5.923177     3.0855     2.6056      24.49   24.46476  -82.86744   -0.00095    0.00139          4  0.000e+00
      25251   1052.083      9.726      9.789    29.3726    29.3741   5.922782   5.923153     3.0842     2.6056      24.49   24.46476  -82.86744   -0.00094    0.00145          4  0.000e+00
      25252   1052.125      9.726      9.789    29.3728    29.3742   5.922846   5.923178     3.0855     2.6056      24.44   24.46476  -82.86744   -0.00092    0.00150          4  0.000e+00
      25253   1052.167      9.672      9.734    29.3728    29.3740   5.922830   5.923194     3.0842     2.6044      24.42   24.46476  -82.86744   -0.00091    0.00153          4  0.000e+00
      25254   1052.208      9.726      9.789    29.3728    29.3739   5.922854   5.923153     3.0855     2.6056      24.42   24.46476  -82.86744   -0.00088    0.00158          4  0.000e+00
      25255   1052.250      9.672      9.734    29.3726    29.3740   5.922830   5.923145     3.0842     2.6044      24.42   24.46476  -82.86744   -0.00087    0.00161          4  0.000e+00
      25256   1052.292      9.726      9.789    29.3728    29.3743   5.922822   5.923218     3.0855     2.6044      24.42   24.46476  -82.86744   -0.00085    0.00163          4  0.000e+00
      25257   1052.333      9.726      9.789    29.3727    29.3740   5.922822   5.923202     3.0855     2.6044      24.42   24.46476  -82.86744   -0.00082    0.00166          4  0.000e+00
