Gulf of Mexico/GOMECC-4/1db/rb2103_1271.ros
* Sea-Bird SBE 9 Data File:
* FileName = C:\Users\scs.user.rb\CTD\GOMECC4\data\rb2103_1271.hex
* Software Version Seasave V 7.26.7.107
* Temperature SN = 4799
* Conductivity SN = 3860
* Number of Bytes Per Scan = 41
* Number of Voltage Words = 4
* Number of Scans Averaged by the Deck Unit = 1
* NMEA Latitude = 26 40.12 N
* NMEA Longitude = 082 25.01 W
* NMEA UTC (Time) = Oct 19 2021  02:30:00
* NMEA baud rate = 4800
# nquan = 17
# nvalues = 266                                   
# units = specified
# name 0 = scan: Scan Count
# name 1 = timeS: Time, Elapsed [seconds]
# name 2 = depSM: Depth [salt water, m]
# name 3 = prDM: Pressure, Digiquartz [db]
# name 4 = t090C: Temperature [ITS-90, deg C]
# name 5 = t190C: Temperature, 2 [ITS-90, deg C]
# name 6 = c0S/m: Conductivity [S/m]
# name 7 = c1S/m: Conductivity, 2 [S/m]
# name 8 = sbeox0V: Oxygen raw, SBE 43 [V]
# name 9 = sbeox1V: Oxygen raw, SBE 43, 2 [V]
# name 10 = altM: Altimeter [m]
# name 11 = latitude: Latitude [deg]
# name 12 = longitude: Longitude [deg]
# name 13 = sbox0dV/dT: Oxygen, SBE 43 [dov/dt]
# name 14 = sbox1dV/dT: Oxygen, SBE 43, 2 [dov/dt]
# name 15 = nbf: Bottles Fired
# name 16 = flag:  0.000e+00
# interval = seconds: 0.0416667
# start_time = Oct 19 2021 02:30:00 [NMEA time, header]
# bad_flag = -9.990e-29
*END*
[from data line 86]
      17363    723.417     10.342     10.410    28.6502    28.6510   5.761475   5.761734     2.6056     2.1734       6.54   26.66878  -82.41680    0.00091    0.00102          1  0.000e+00
      17364    723.458     10.342     10.410    28.6500    28.6512   5.761444   5.761781     2.6056     2.1734       6.54   26.66878  -82.41680    0.00090    0.00101          1  0.000e+00
      17365    723.500     10.396     10.465    28.6504    28.6514   5.761460   5.761766     2.6068     2.1734       6.54   26.66878  -82.41680    0.00090    0.00100          1  0.000e+00
      17366    723.542     10.342     10.410    28.6504    28.6516   5.761436   5.761789     2.6056     2.1734       6.54   26.66878  -82.41680    0.00087    0.00099          1  0.000e+00
      17367    723.583     10.396     10.465    28.6506    28.6523   5.761499   5.761829     2.6056     2.1722       6.54   26.66878  -82.41680    0.00085    0.00096          1  0.000e+00
      17368    723.625     10.295     10.363    28.6502    28.6525   5.761483   5.761885     2.6056     2.1734       6.54   26.66878  -82.41680    0.00082    0.00095          1  0.000e+00
      17369    723.667     10.396     10.465    28.6504    28.6527   5.761475   5.761997     2.6056     2.1722       6.54   26.66878  -82.41680    0.00079    0.00094          1  0.000e+00
      17370    723.708     10.342     10.410    28.6504    28.6530   5.761475   5.762029     2.6056     2.1722       6.54   26.66878  -82.41680    0.00077    0.00091          1  0.000e+00
      17371    723.750     10.342     10.410    28.6504    28.6533   5.761475   5.761957     2.6056     2.1722       6.54   26.66878  -82.41680    0.00074    0.00089          1  0.000e+00
      17372    723.792     10.342     10.410    28.6506    28.6527   5.761436   5.761973     2.6056     2.1722       6.54   26.66878  -82.41680    0.00071    0.00088          1  0.000e+00
      17373    723.833     10.396     10.465    28.6504    28.6530   5.761460   5.761909     2.6056     2.1722       6.54   26.66878  -82.41680    0.00068    0.00085          1  0.000e+00
      17374    723.875     10.295     10.363    28.6500    28.6538   5.761436   5.761893     2.6044     2.1722       6.57   26.66878  -82.41680    0.00063    0.00082          1  0.000e+00
      17375    723.917     10.342     10.410    28.6506    28.6547   5.761428   5.762140     2.6056     2.1722       6.59   26.66878  -82.41680    0.00060    0.00079          1  0.000e+00
      17376    723.958     10.396     10.465    28.6502    28.6551   5.761428   5.762220     2.6056     2.1722       6.59   26.66878  -82.41680    0.00057    0.00077          1  0.000e+00
      17377    724.000     10.342     10.410    28.6500    28.6549   5.761459   5.762220     2.6044     2.1722       6.57   26.66878  -82.41680    0.00052    0.00074          1  0.000e+00
      17378    724.042     10.342     10.410    28.6502    28.6545   5.761436   5.762188     2.6044     2.1734       6.59   26.66878  -82.41680    0.00047    0.00071          1  0.000e+00
      17379    724.083     10.295     10.363    28.6500    28.6545   5.761459   5.762252     2.6044     2.1734       6.59   26.66878  -82.41680    0.00042    0.00070          1  0.000e+00
      17380    724.125     10.342     10.410    28.6495    28.6549   5.761294   5.762268     2.6044     2.1734       6.59   26.66878  -82.41680    0.00037    0.00067          1  0.000e+00
      17381    724.167     10.247     10.315    28.6488    28.6549   5.761239   5.762340     2.6044     2.1734       6.57   26.66878  -82.41680    0.00032    0.00064          1  0.000e+00
      17382    724.208     10.396     10.465    28.6474    28.6551   5.761168   5.762332     2.6044     2.1734       6.59   26.66878  -82.41680    0.00028    0.00062          1  0.000e+00
      17383    724.250     10.342     10.410    28.6484    28.6549   5.761216   5.762348     2.6032     2.1734       6.59   26.66878  -82.41680    0.00021    0.00058          1  0.000e+00
      17384    724.292     10.342     10.410    28.6493    28.6549   5.761200   5.762364     2.6044     2.1734       6.59   26.66878  -82.41680    0.00018    0.00055          1  0.000e+00
      17385    724.333     10.295     10.363    28.6499    28.6549   5.761223   5.762332     2.6032     2.1746       6.57   26.66878  -82.41680    0.00013    0.00054          1  0.000e+00
      17386    724.375     10.342     10.410    28.6499    28.6551   5.761019   5.762388     2.6044     2.1734       6.57   26.66878  -82.41680    0.00009    0.00051          1  0.000e+00
      17387    724.417     10.295     10.363    28.6498    28.6555   5.760995   5.762483     2.6044     2.1734       6.57   26.66878  -82.41680    0.00006    0.00045          1  0.000e+00
      17388    724.458     10.342     10.410    28.6497    28.6556   5.761216   5.762475     2.6032     2.1734       6.59   26.66878  -82.41680    0.00001    0.00040          1  0.000e+00
      17389    724.500     10.295     10.363    28.6497    28.6556   5.761286   5.762491     2.6032     2.1734       6.59   26.66878  -82.41680   -0.00004    0.00035          1  0.000e+00
      17390    724.542     10.342     10.410    28.6493    28.6557   5.761216   5.762539     2.6032     2.1746       6.57   26.66878  -82.41680   -0.00009    0.00031          1  0.000e+00
      17391    724.583     10.295     10.363    28.6493    28.6556   5.761192   5.762515     2.6032     2.1734       6.57   26.66878  -82.41680   -0.00014    0.00025          1  0.000e+00
      17392    724.625     10.295     10.363    28.6489    28.6560   5.761223   5.762507     2.6032     2.1734       6.59   26.66878  -82.41680   -0.00019    0.00020          1  0.000e+00
      17393    724.667     10.342     10.410    28.6489    28.6558   5.761279   5.762539     2.6044     2.1746       6.57   26.66878  -82.41680   -0.00022    0.00016          1  0.000e+00
      17394    724.708     10.295     10.363    28.6486    28.6559   5.761247   5.762515     2.6032     2.1734       6.59   26.66878  -82.41680   -0.00027    0.00010          1  0.000e+00
      17395    724.750     10.295     10.363    28.6486    28.6549   5.761168   5.762531     2.6032     2.1734       6.59   26.66878  -82.41680   -0.00030    0.00004          1  0.000e+00
      17396    724.792     10.342     10.410    28.6486    28.6540   5.761074   5.762515     2.6032     2.1746       6.57   26.66878  -82.41680   -0.00033    0.00001          1  0.000e+00
      17397    724.833     10.295     10.363    28.6478    28.6534   5.761011   5.762539     2.6032     2.1746       6.59   26.66878  -82.41680   -0.00036   -0.00002          1  0.000e+00
      17398    724.875     10.342     10.410    28.6469    28.6545   5.760932   5.762483     2.6032     2.1746       6.62   26.66878  -82.41680   -0.00039   -0.00005          1  0.000e+00
      17399    724.917     10.295     10.363    28.6471    28.6559   5.760980   5.762531     2.6032     2.1746       6.62   26.66878  -82.41680   -0.00042   -0.00008          1  0.000e+00
      17400    724.958     10.295     10.363    28.6477    28.6562   5.761003   5.762483     2.6032     2.1746       6.62   26.66878  -82.41680   -0.00045   -0.00011          1  0.000e+00
      17401    725.000     10.295     10.363    28.6473    28.6566   5.761003   5.762531     2.6032     2.1746       6.62   26.66878  -82.41680   -0.00047   -0.00012          1  0.000e+00
      17402    725.042     10.295     10.363    28.6467    28.6566   5.760964   5.762515     2.6032     2.1746       6.62   26.66878  -82.41680   -0.00050   -0.00014          1  0.000e+00
      17403    725.083     10.295     10.363    28.6468    28.6564   5.761027   5.762539     2.6032     2.1758       6.62   26.66878  -82.41680   -0.00052   -0.00013          1  0.000e+00
      17404    725.125     10.342     10.410    28.6475    28.6562   5.761082   5.762555     2.6032     2.1758       6.62   26.66878  -82.41680   -0.00055   -0.00013          1  0.000e+00
      17405    725.167     10.295     10.363    28.6480    28.6560   5.761066   5.762547     2.6032     2.1758       6.62   26.66878  -82.41680   -0.00057   -0.00013          1  0.000e+00
      17406    725.208     10.295     10.363    28.6479    28.6562   5.761121   5.762515     2.6032     2.1758       6.62   26.66878  -82.41680   -0.00059   -0.00012          1  0.000e+00
      17407    725.250     10.295     10.363    28.6472    28.6560   5.761105   5.762539     2.6044     2.1758       6.62   26.66878  -82.41680   -0.00060   -0.00010          1  0.000e+00
      17408    725.292     10.342     10.410    28.6469    28.6564   5.761058   5.762515     2.6044     2.1758       6.62   26.66878  -82.41680   -0.00060   -0.00009          1  0.000e+00
      17409    725.333     10.295     10.363    28.6471    28.6560   5.761011   5.762507     2.6044     2.1758       6.64   26.66878  -82.41680   -0.00061   -0.00007          1  0.000e+00
      20156    839.792      3.406      3.429    28.6871    28.6877   5.769287   5.769356     2.6044     2.1734      13.36   26.66876  -82.41680    0.00030   -0.00070          2  0.000e+00
      20157    839.833      3.061      3.081    28.6873    28.6873   5.769216   5.769388     2.6044     2.1734      13.36   26.66876  -82.41680    0.00035   -0.00070          2  0.000e+00
      20158    839.875      3.305      3.327    28.6873    28.6879   5.769255   5.769436     2.6044     2.1734      13.38   26.66876  -82.41680    0.00039   -0.00070          2  0.000e+00
      20159    839.917      3.312      3.333    28.6873    28.6877   5.769208   5.769452     2.6044     2.1734      13.38   26.66876  -82.41680    0.00043   -0.00071          2  0.000e+00
      20160    839.958      3.312      3.333    28.6873    28.6879   5.769255   5.769452     2.6044     2.1722      13.41   26.66876  -82.41680    0.00045   -0.00071          2  0.000e+00
      20161    840.000      3.312      3.333    28.6875    28.6881   5.769239   5.769460     2.6044     2.1722      13.38   26.66876  -82.41680    0.00048   -0.00072          2  0.000e+00
      20162    840.042      3.257      3.279    28.6871    28.6878   5.769192   5.769452     2.6044     2.1722      13.38   26.66876  -82.41680    0.00050   -0.00072          2  0.000e+00
      20163    840.083      3.257      3.279    28.6875    28.6879   5.769287   5.769484     2.6044     2.1722      13.41   26.66876  -82.41680    0.00052   -0.00072          2  0.000e+00
      20164    840.125      3.312      3.333    28.6875    28.6878   5.769365   5.769460     2.6044     2.1722      13.38   26.66876  -82.41680    0.00054   -0.00074          2  0.000e+00
      20165    840.167      3.257      3.279    28.6875    28.6881   5.769302   5.769452     2.6044     2.1709      13.38   26.66876  -82.41680    0.00056   -0.00076          2  0.000e+00
      20166    840.208      3.257      3.279    28.6875    28.6879   5.769310   5.769484     2.6044     2.1709      13.41   26.66876  -82.41680    0.00058   -0.00079          2  0.000e+00
      20167    840.250      3.257      3.279    28.6877    28.6882   5.769365   5.769476     2.6044     2.1709      13.38   26.66876  -82.41680    0.00060   -0.00083          2  0.000e+00
      20168    840.292      3.305      3.327    28.6875    28.6881   5.769334   5.769452     2.6044     2.1709      13.38   26.66876  -82.41680    0.00060   -0.00086          2  0.000e+00
      20169    840.333      3.257      3.279    28.6875    28.6878   5.769287   5.769412     2.6056     2.1709      13.38   26.66876  -82.41680    0.00062   -0.00090          2  0.000e+00
      20170    840.375      3.257      3.279    28.6877    28.6882   5.769310   5.769476     2.6044     2.1709      13.38   26.66876  -82.41680    0.00064   -0.00093          2  0.000e+00
      20171    840.417      3.257      3.279    28.6875    28.6879   5.769365   5.769500     2.6056     2.1709      13.41   26.66876  -82.41680    0.00067   -0.00096          2  0.000e+00
      20172    840.458      3.257      3.279    28.6879    28.6881   5.769334   5.769436     2.6056     2.1709      13.38   26.66876  -82.41680    0.00070   -0.00099          2  0.000e+00
      20173    840.500      3.257      3.279    28.6873    28.6882   5.769326   5.769476     2.6056     2.1697      13.41   26.66876  -82.41680    0.00071   -0.00104          2  0.000e+00
      20174    840.542      3.257      3.279    28.6879    28.6881   5.769365   5.769460     2.6056     2.1697      13.41   26.66876  -82.41680    0.00074   -0.00109          2  0.000e+00
      20175    840.583      3.257      3.279    28.6875    28.6881   5.769334   5.769484     2.6056     2.1697      13.38   26.66876  -82.41680    0.00077   -0.00113          2  0.000e+00
      20176    840.625      3.257      3.279    28.6877    28.6879   5.769326   5.769500     2.6056     2.1685      13.38   26.66876  -82.41680    0.00080   -0.00119          2  0.000e+00
      20177    840.667      3.257      3.279    28.6875    28.6882   5.769365   5.769460     2.6056     2.1685      13.41   26.66876  -82.41680    0.00082   -0.00125          2  0.000e+00
      20178    840.708      3.312      3.333    28.6875    28.6878   5.769381   5.769388     2.6056     2.1685      13.38   26.66876  -82.41680    0.00085   -0.00131          2  0.000e+00
      20179    840.750      3.257      3.279    28.6877    28.6881   5.769334   5.769468     2.6044     2.1685      13.41   26.66876  -82.41680    0.00085   -0.00137          2  0.000e+00
      20180    840.792      3.257      3.279    28.6873    28.6881   5.769287   5.769460     2.6056     2.1685      13.41   26.66876  -82.41680    0.00088   -0.00141          2  0.000e+00
      20181    840.833      3.312      3.333    28.6877    28.6878   5.769310   5.769484     2.6056     2.1685      13.38   26.66876  -82.41680    0.00090   -0.00145          2  0.000e+00
      20182    840.875      3.257      3.279    28.6877    28.6879   5.769326   5.769460     2.6056     2.1673      13.41   26.66876  -82.41680    0.00092   -0.00150          2  0.000e+00
      20183    840.917      3.312      3.333    28.6877    28.6881   5.769287   5.769412     2.6044     2.1673      13.43   26.66876  -82.41680    0.00092   -0.00155          2  0.000e+00
      20184    840.958      3.257      3.279    28.6877    28.6879   5.769310   5.769452     2.6044     2.1673      13.43   26.66876  -82.41680    0.00092   -0.00160          2  0.000e+00
      20185    841.000      3.312      3.333    28.6874    28.6878   5.769287   5.769452     2.6044     2.1673      13.43   26.66876  -82.41680    0.00092   -0.00164          2  0.000e+00
      20186    841.042      3.312      3.333    28.6875    28.6878   5.769279   5.769452     2.6044     2.1673      13.43   26.66876  -82.41680    0.00092   -0.00169          2  0.000e+00
      20187    841.083      3.257      3.279    28.6875    28.6877   5.769310   5.769380     2.6032     2.1673      13.43   26.66876  -82.41680    0.00091   -0.00173          2  0.000e+00
      20188    841.125      3.312      3.333    28.6873    28.6878   5.769287   5.769388     2.6032     2.1673      13.43   26.66876  -82.41680    0.00089   -0.00177          2  0.000e+00
      20189    841.167      3.305      3.327    28.6871    28.6881   5.769310   5.769476     2.6032     2.1673      13.43   26.66876  -82.41680    0.00087   -0.00181          2  0.000e+00
      20190    841.208      3.312      3.333    28.6873    28.6881   5.769326   5.769508     2.6032     2.1673      13.43   26.66876  -82.41680    0.00085   -0.00182          2  0.000e+00
      20191    841.250      3.257      3.279    28.6873    28.6881   5.769255   5.769468     2.6032     2.1685      13.43   26.66876  -82.41680    0.00081   -0.00182          2  0.000e+00
      20192    841.292      3.359      3.381    28.6873    28.6883   5.769232   5.769452     2.6032     2.1685      13.41   26.66876  -82.41680    0.00079   -0.00182          2  0.000e+00
