Gulf of Mexico/GOMECC-4/1db/rb2103_0531.cnv
* Sea-Bird SBE 9 Data File:
* FileName = C:\Users\scs.user.rb\CTD\GOMECC4\data\rb2103_0531.hex
* Software Version Seasave V 7.26.7.107
* Temperature SN = 4799
* Conductivity SN = 3860
* Number of Bytes Per Scan = 41
* Number of Voltage Words = 4
* Number of Scans Averaged by the Deck Unit = 1
* NMEA Latitude = 27 19.96 N
* NMEA Longitude = 095 00.01 W
* NMEA UTC (Time) = Sep 28 2021  09:37:15
* NMEA baud rate = 4800
# nquan = 28
# nvalues = 547                         
# units = specified
# name 0 = scan: Scan Count
# name 1 = timeS: Time, Elapsed [seconds]
# name 2 = depSM: Depth [salt water, m]
# name 3 = prDM: Pressure, Digiquartz [db]
# name 4 = t090C: Temperature [ITS-90, deg C]
# name 5 = t190C: Temperature, 2 [ITS-90, deg C]
# name 6 = c0S/m: Conductivity [S/m]
# name 7 = c1S/m: Conductivity, 2 [S/m]
# name 8 = sbeox0V: Oxygen raw, SBE 43 [V]
# name 9 = sbeox1V: Oxygen raw, SBE 43, 2 [V]
# name 10 = altM: Altimeter [m]
# name 11 = latitude: Latitude [deg]
# name 12 = longitude: Longitude [deg]
# name 13 = sbox0dV/dT: Oxygen, SBE 43 [dov/dt]
# name 14 = sbox1dV/dT: Oxygen, SBE 43, 2 [dov/dt]
# name 15 = sbeox0ML/L: Oxygen, SBE 43 [ml/l], WS = 5
# name 16 = sbeox1ML/L: Oxygen, SBE 43, 2 [ml/l], WS = 5
# name 17 = potemp090C: Potential Temperature [ITS-90, deg C]
# name 18 = potemp190C: Potential Temperature, 2 [ITS-90, deg C]
# name 19 = sal00: Salinity, Practical [PSU]
# name 20 = sal11: Salinity, Practical, 2 [PSU]
# name 21 = sigma-é00: Density [sigma-theta, kg/m^3]
# name 22 = sigma-é11: Density, 2 [sigma-theta, kg/m^3]
# name 23 = avgsvCM: Average Sound Velocity [Chen-Millero, m/s], minP = 20, minS = 20
# name 24 = sbox0Mm/Kg: Oxygen, SBE 43 [umol/kg], WS = 5
# name 25 = sbox1Mm/Kg: Oxygen, SBE 43, 2 [umol/kg], WS = 5
# name 26 = nbin: number of scans per bin
# name 27 = flag: flag
# span 0 =      12725,     204286       
# span 1 =    530.163,   8511.248       
# span 2 =      1.987,   1098.748       
# span 3 =      2.000,   1109.000       
# span 4 =     4.6670,   277.3591       
# span 5 =     4.6674,   463.5125       
# span 6 =   3.360456,  93.491392       
# span 7 =   3.360281,  93.497565       
# span 8 =     1.5863,    39.8447       
# span 9 =     1.2905,    42.3640       
# span 10 =      10.32,    1454.59      
# span 11 =   26.71391,  433.54736      
# span 12 =-1506.87161,  -92.84898      
# span 13 =   -0.04120,    0.05006      
# span 14 =   -0.03911,    0.05091      
# span 15 =     2.4381,    41.2798      
# span 16 =     2.4632,    69.0484      
# span 17 =     4.5757,   277.3476      
# span 18 =     4.5761,   463.4928      
# span 19 =    34.9092,   341.4786      
# span 20 =    34.9075,   570.6071      
# span 21 =    22.4272,   215.6892      
# span 22 =    22.2067,   360.3985      
# span 23 =       0.00,    1552.52      
# span 24 =    106.021,   1802.601      
# span 25 =    107.114,   3015.198      
# span 26 =         30,         71      
# span 27 = 0.0000e+00, 0.0000e+00      
# interval = decibars: 1                
# start_time = Sep 28 2021 09:37:15 [NMEA time, header]
# bad_flag = -9.990e-29
*END*
[from data line 518]
     100152   4172.973     57.609     58.000    24.5854    24.5596   5.441081   5.438527     3.2011     2.7425     100.00   27.33210  -94.99662   -0.00036   -0.00010     4.8594     4.8823    24.5729    24.5472    36.3105    36.3108    24.4619    24.4696    1501.70    211.838    212.836         46 0.0000e+00
     100265   4177.662     56.616     57.000    24.5766    24.5422   5.440550   5.436736     3.1944     2.7371     100.00   27.33210  -94.99660   -0.00260   -0.00204     4.8464     4.8727    24.5643    24.5299    36.3139    36.3131    24.4671    24.4769    1501.70    211.271    212.414         51 0.0000e+00
     100378   4182.377     55.623     56.000    24.5891    24.7098   5.441718   5.453494     3.1985     2.7467     100.00   27.33210  -94.99660    0.00071    0.00125     4.8528     4.8791    24.5770    24.6977    36.3129    36.3039    24.4625    24.4191    1501.70    211.550    212.708         32 0.0000e+00
     101172   4215.469     54.630     55.000    25.2023    25.2382   5.507465   5.511018     3.2788     2.8062     100.00   27.33209  -94.99655    0.00096   -0.00020     4.9535     4.9616    25.1902    25.2261    36.3106    36.3082    24.2735    24.2607    1501.70    215.978    216.339         39 0.0000e+00
     101514   4229.710     53.637     54.000    25.3345    25.3991   5.521436   5.528763     3.2972     2.8334     100.00   27.33208  -94.99652   -0.00118    0.00047     4.9767     5.0053    25.3226    25.3872    36.3088    36.3114    24.2317    24.2137    1501.70    217.001    218.252         62 0.0000e+00
     102749   4281.167     44.698     45.000    26.1502    26.2206   5.608602   5.615671     3.3901     2.9165      83.05   27.33208  -94.99648    0.00204    0.00162     5.0749     5.1057    26.1401    26.2105    36.3036    36.2995    23.9732    23.9480    1501.70    221.338    222.690         32 0.0000e+00
     103036   4293.141     43.705     44.000    26.3376    26.4989   5.627364   5.644347     3.4049     2.9290      75.51   27.33208  -94.99647    0.00108    0.00197     5.0856     5.1076    26.3276    26.4889    36.2925    36.2887    23.9056    23.8518    1501.70    221.821    222.792         59 0.0000e+00
     106917   4454.831     35.759     36.000    29.1495    29.2862   5.907866   5.918693     3.1865     2.6875     100.40   27.44028  -95.37254    0.00335    0.00360     4.4505     4.4016    29.1408    29.2774    36.1795    36.1516    22.9246    22.8576    1507.65    194.325    192.198         39 0.0000e+00
     108483   4520.088     33.773     34.000    29.3890    29.3941   5.933841   5.934449     3.1598     2.6810     100.41   27.49419  -95.55988   -0.00035   -0.00045     4.3849     4.3822    29.3808    29.3859    36.2134    36.2137    22.8802    22.8787    1510.61    191.476    191.356         38 0.0000e+00
     108033   4501.328     32.780     33.000    29.2141    29.2204   5.898597   5.899290     3.1437     2.6691     100.00   27.33204  -94.99632    0.00074   -0.00001     4.3635     4.3637    29.2061    29.2123    35.9995    35.9996    22.7455    22.7434    1501.70    190.542    190.548         44 0.0000e+00
     108259   4510.737     31.786     32.000    29.2157    29.2229   5.898482   5.898896     3.1401     2.6645     100.00   27.33202  -94.99632   -0.00075    0.00013     4.3564     4.3539    29.2079    29.2151    35.9978    35.9952    22.7436    22.7392    1501.70    190.229    190.122         68 0.0000e+00
     108484   4520.141     30.793     31.000    29.2158    29.2225   5.898239   5.898631     3.1432     2.6652      96.11   27.33202  -94.99631   -0.00050    0.00009     4.3615     4.3548    29.2082    29.2149    35.9963    35.9940    22.7424    22.7384    1501.70    190.454    190.160         44 0.0000e+00
     110823   4617.578     24.833     25.000    29.2591    29.2627   5.904896   5.905260     3.1448     2.6704     100.13   27.36669  -95.11670    0.00013    0.00034     4.3593     4.3608    29.2530    29.2566    36.0334    36.0332    22.7622    22.7608    1503.60    190.358    190.425         37 0.0000e+00
     111158   4631.540     23.840     24.000    29.2215    29.2236   5.897237   5.897347     3.1427     2.6633     100.00   27.33202  -94.99617    0.00043   -0.00131     4.3568     4.3475    29.2156    29.2178    35.9872    35.9864    22.7331    22.7317    1501.70    190.248    189.845         44 0.0000e+00
     111838   4659.872     19.867     20.000    29.2221    29.2248   5.896966   5.897229     3.1442     2.6665     100.00   27.33200  -94.99616    0.00015   -0.00001     4.3574     4.3519    29.2172    29.2199    35.9861    35.9858    22.7317    22.7306    1501.70    190.275    190.034         37 0.0000e+00
     112027   4667.767     18.874     19.000    29.2215    29.2246   5.896919   5.897335     3.1438     2.6660      97.45   27.33200  -94.99616    0.00020    0.00051     4.3561     4.3502    29.2169    29.2200    35.9865    35.9870    22.7321    22.7315    1501.70    190.222    189.959         45 0.0000e+00
     115478   4811.525     13.907     14.000    29.5952    29.6005   5.972469   5.973009     3.1852     2.7064     101.21   27.68410  -96.21991   -0.00063   -0.00036     4.4113     4.4156    29.5918    29.5971    36.4509    36.4506    23.0260    23.0240    1521.05    192.629    192.819         44 0.0000e+00
     114101   4754.184     12.914     13.000    29.2182    29.2227   5.896430   5.897016     3.1435     2.6708      93.09   27.33200  -94.99612    0.00005   -0.00004     4.3527     4.3567    29.2150    29.2195    35.9874    35.9881    22.7334    22.7324    1501.70    190.068    190.247         31 0.0000e+00
     114179   4757.410     11.921     12.000    29.2188    29.2204   5.896508   5.896808     3.1480     2.6702      99.90   27.33200  -94.99612    0.00045   -0.00105     4.3602     4.3552    29.2159    29.2175    35.9878    35.9886    22.7334    22.7335    1501.70    190.400    190.181         64 0.0000e+00
     114250   4760.364     10.927     11.000    29.2198    29.2195   5.896713   5.896697     3.1477     2.6709     100.00   27.33198  -94.99611    0.00068   -0.00010     4.3590     4.3561    29.2171    29.2168    35.9887    35.9889    22.7337    22.7339    1501.70    190.347    190.220         62 0.0000e+00
     114314   4763.062      9.934     10.000    29.2200    29.2194   5.896802   5.896729     3.1447     2.6727     100.00   27.33198  -94.99610   -0.00166    0.00094     4.3531     4.3592    29.2175    29.2169    35.9895    35.9895    22.7342    22.7343    1501.70    190.088    190.356         62 0.0000e+00
     114371   4765.426      8.940      9.000    29.2198    29.2187   5.896801   5.896696     3.1479     2.6742     100.00   27.33198  -94.99610    0.00099    0.00074     4.3584     4.3617    29.2176    29.2165    35.9900    35.9900    22.7345    22.7349    1501.70    190.317    190.466         60 0.0000e+00
     114436   4768.140      7.947      8.000    29.2192    29.2193   5.896703   5.896710     3.1476     2.6724     100.00   27.33198  -94.99610   -0.00007   -0.00090     4.3574     4.3576    29.2172    29.2173    35.9900    35.9900    22.7346    22.7346    1501.70    190.274    190.284         60 0.0000e+00
     114486   4770.209      6.954      7.000    29.2192    29.2186   5.896639   5.896564     3.1482     2.6750      99.93   27.33198  -94.99609    0.00045    0.00100     4.3579     4.3624    29.2175    29.2169    35.9899    35.9898    22.7344    22.7345    1501.70    190.296    190.492         52 0.0000e+00
     114548   4772.803      5.960      6.000    29.2190    29.2191   5.896512   5.896500     3.1471     2.6730     100.00   27.33198  -94.99608   -0.00055   -0.00029     4.3555     4.3577    29.2175    29.2176    35.9894    35.9893    22.7341    22.7340    1501.70    190.192    190.290         61 0.0000e+00
     114751   4781.268      4.967      5.000    29.2150    29.2165   5.895947   5.896038     3.1475     2.6729      93.13   27.33198  -94.99608    0.00002   -0.00008     4.3560     4.3572    29.2138    29.2152    35.9888    35.9885    22.7349    22.7342    1501.70    190.214    190.269         54 0.0000e+00
     116244   4843.471      3.973      4.000    29.2076    29.2081   5.894948   5.895029     3.1459     2.6738      99.88   27.33197  -94.99603   -0.00002    0.00071     4.3532     4.3591    29.2066    29.2071    35.9878    35.9878    22.7365    22.7364    1501.70    190.093    190.351         43 0.0000e+00
     116584   4857.633      2.980      3.000    29.2038    29.2024   5.894541   5.894402     3.1459     2.6712      48.04   27.33196  -94.99602   -0.00011   -0.00083     4.3530     4.3538    29.2031    29.2017    35.9882    35.9883    22.7380    22.7385    1501.70    190.081    190.116         46 0.0000e+00
     116726   4863.525      1.987      2.000    29.2070    29.2098   5.894713   5.895091     3.1480     2.6744      66.75   27.33196  -94.99602    0.00007    0.00046     4.3563     4.3593    29.2065    29.2093    35.9877    35.9880    22.7365    22.7358    1501.70    190.228    190.357         32 0.0000e+00
