Gulf of Mexico/GOMECC-4/1db/rb2103_0411.cnv
* Sea-Bird SBE 9 Data File:
* FileName = C:\Users\scs.user.rb\CTD\GOMECC4\data\rb2103_0411.hex
* Software Version Seasave V 7.26.7.107
* Temperature SN = 4799
* Conductivity SN = 3860
* Number of Bytes Per Scan = 41
* Number of Voltage Words = 4
* Number of Scans Averaged by the Deck Unit = 1
* NMEA Latitude = 28 04.43 N
* NMEA Longitude = 089 59.85 W
* NMEA UTC (Time) = Sep 26 2021  02:13:04
* NMEA baud rate = 4800
# nquan = 28
# nvalues = 390                         
# units = specified
# name 0 = scan: Scan Count
# name 1 = timeS: Time, Elapsed [seconds]
# name 2 = depSM: Depth [salt water, m]
# name 3 = prDM: Pressure, Digiquartz [db]
# name 4 = t090C: Temperature [ITS-90, deg C]
# name 5 = t190C: Temperature, 2 [ITS-90, deg C]
# name 6 = c0S/m: Conductivity [S/m]
# name 7 = c1S/m: Conductivity, 2 [S/m]
# name 8 = sbeox0V: Oxygen raw, SBE 43 [V]
# name 9 = sbeox1V: Oxygen raw, SBE 43, 2 [V]
# name 10 = altM: Altimeter [m]
# name 11 = latitude: Latitude [deg]
# name 12 = longitude: Longitude [deg]
# name 13 = sbox0dV/dT: Oxygen, SBE 43 [dov/dt]
# name 14 = sbox1dV/dT: Oxygen, SBE 43, 2 [dov/dt]
# name 15 = sbeox0ML/L: Oxygen, SBE 43 [ml/l], WS = 5
# name 16 = sbeox1ML/L: Oxygen, SBE 43, 2 [ml/l], WS = 5
# name 17 = potemp090C: Potential Temperature [ITS-90, deg C]
# name 18 = potemp190C: Potential Temperature, 2 [ITS-90, deg C]
# name 19 = sal00: Salinity, Practical [PSU]
# name 20 = sal11: Salinity, Practical, 2 [PSU]
# name 21 = sigma-é00: Density [sigma-theta, kg/m^3]
# name 22 = sigma-é11: Density, 2 [sigma-theta, kg/m^3]
# name 23 = avgsvCM: Average Sound Velocity [Chen-Millero, m/s], minP = 20, minS = 20
# name 24 = sbox0Mm/Kg: Oxygen, SBE 43 [umol/kg], WS = 5
# name 25 = sbox1Mm/Kg: Oxygen, SBE 43, 2 [umol/kg], WS = 5
# name 26 = nbin: number of scans per bin
# name 27 = flag: flag
# span 0 =      23335,     483164       
# span 1 =    972.231,  20130.961       
# span 2 =      1.986,    430.659       
# span 3 =      2.000,    434.000       
# span 4 =     9.3125,   506.8462       
# span 5 =     9.3183,   427.1431       
# span 6 =   3.775126, 120.219041       
# span 7 =   3.775126, 120.224591       
# span 8 =     1.6299,    64.3249       
# span 9 =     1.3327,    54.7029       
# span 10 =       8.80,    1404.48      
# span 11 =   27.83403,  577.52128      
# span 12 =-1850.99411,  -89.20989      
# span 13 =   -0.02328,    0.01772      
# span 14 =   -0.02225,    0.01812      
# span 15 =     2.5531,    77.6510      
# span 16 =     2.5837,    81.8663      
# span 17 =     9.2636,   506.8251      
# span 18 =     9.2694,   427.1251      
# span 19 =    35.1099,   642.7000      
# span 20 =    35.1090,   541.6318      
# span 21 =    22.9261,   410.5139      
# span 22 =    22.9400,   345.9548      
# span 23 =       0.00,    1564.86      
# span 24 =    111.025,   3389.601      
# span 25 =    112.357,   3573.596      
# span 26 =         30,         73      
# span 27 = 0.0000e+00, 0.0000e+00      
# interval = decibars: 1                
# start_time = Sep 26 2021 02:13:04 [NMEA time, header]
# bad_flag = -9.990e-29
*END*
[from data line 311]
      59878   2494.861     98.318     99.000    20.8084    20.8088   5.101421   5.101395     2.3356     1.9664     101.31   28.08214  -89.99878    0.00008    0.00037     3.4055     3.4316    20.7894    20.7899    36.8031    36.8030    25.9250    25.9248    1516.98    148.247    149.384         42 0.0000e+00
      59944   2497.631     96.332     97.000    20.8875    20.9037   5.109884   5.110348     2.3364     1.9701     100.04   28.09276  -90.03282    0.00010    0.00064     3.4001     3.4336    20.8689    20.8851    36.8009    36.8053    25.9022    25.9018    1517.55    148.015    149.474         30 0.0000e+00
      59956   2498.128     95.339     96.000    20.9054    20.8889   5.110325   5.109077     2.3377     1.9687     100.00   28.08214  -89.99880    0.00031    0.00089     3.4023     3.4307    20.8869    20.8704    36.7931    36.7972    25.8907    25.8984    1516.98    148.111    149.347         39 0.0000e+00
      59992   2499.605     94.346     95.000    20.9259    20.8884   5.112388   5.108944     2.3400     1.9689     100.00   28.08214  -89.99880    0.00117    0.00012     3.4054     3.4306    20.9076    20.8702    36.7924    36.7969    25.8845    25.8982    1516.98    148.250    149.345         32 0.0000e+00
      60026   2501.044     93.353     94.000    20.9383    20.8985   5.113542   5.109700     2.3428     1.9705     100.00   28.08214  -89.99881    0.00176    0.00024     3.4100     3.4335    20.9202    20.8804    36.7914    36.7947    25.8803    25.8937    1516.98    148.450    149.470         36 0.0000e+00
      60064   2502.636     92.360     93.000    20.9846    20.9570   5.118886   5.115886     2.3437     1.9717     100.00   28.08215  -89.99882    0.00142    0.00092     3.4085     3.4323    20.9667    20.9390    36.7950    36.7946    25.8703    25.8776    1516.98    148.384    149.418         44 0.0000e+00
      60111   2504.581     91.367     92.000    21.0257    20.9945   5.123560   5.119639     2.3447     1.9722     100.00   28.08216  -89.99882    0.00061    0.00060     3.4074     3.4306    21.0079    20.9768    36.7978    36.7929    25.8611    25.8660    1516.98    148.338    149.346         45 0.0000e+00
      60152   2506.312     90.374     91.000    21.0981    21.1007   5.131382   5.132091     2.3464     1.9757      89.14   28.08216  -89.99882    0.00069    0.00074     3.4057     3.4313    21.0805    21.0831    36.7988    36.8023    25.8419    25.8439    1516.98    148.267    149.383         41 0.0000e+00
      60196   2508.107     89.381     90.000    21.1850    21.1644   5.141647   5.139114     2.3482     1.9771      85.42   28.08216  -89.99882    0.00093    0.00156     3.4030     3.4302    21.1675    21.1469    36.8080    36.8045    25.8250    25.8280    1516.98    148.151    149.336         45 0.0000e+00
      60240   2509.945     88.388     89.000    21.2851    21.2283   5.152518   5.146597     2.3523     1.9785     100.06   28.08216  -89.99882    0.00147    0.00070     3.4046     3.4289    21.2678    21.2110    36.8089    36.8101    25.7979    25.8145    1516.98    148.226    149.281         42 0.0000e+00
      60281   2511.651     87.396     88.000    21.2783    21.2928   5.148420   5.152643     2.3540     1.9822     100.00   28.08216  -89.99882    0.00191    0.00141     3.4089     3.4331    21.2612    21.2757    36.7821    36.8036    25.7793    25.7917    1516.98    148.414    149.466         41 0.0000e+00
      60324   2513.469     86.403     87.000    21.2345    21.2950   5.136986   5.151040     2.3444     1.9796      64.31   28.08216  -89.99882   -0.00126    0.00068     3.3924     3.4268    21.2176    21.2781    36.7281    36.7891    25.7503    25.7800    1516.98    147.699    149.195         46 0.0000e+00
      60370   2515.358     85.410     86.000    21.2243    21.2518   5.133882   5.140336     2.3331     1.9724     100.90   28.08216  -89.99884   -0.00591   -0.00239     3.3697     3.4135    21.2082    21.2351    36.7117    36.7406    25.7403    25.7549    1516.98    146.715    148.620         42 0.0000e+00
      60407   2516.926     84.417     85.000    21.0838    21.1492   5.104611   5.119101     2.3251     1.9622     100.00   28.08216  -89.99884   -0.00548   -0.00434     3.3559     3.3903    21.0664    21.1328    36.5982    36.6525    25.6929    25.7161    1516.98    146.120    147.613         37 0.0000e+00
      60452   2518.783     83.424     84.000    21.0412    21.0728   5.094964   5.102440     2.3165     1.9506     100.00   28.08216  -89.99884   -0.00522   -0.00643     3.3486     3.3765    21.0250    21.0565    36.5562    36.5894    25.6724    25.6890    1516.98    145.807    147.018         52 0.0000e+00
      60499   2520.765     82.431     83.000    21.0227    21.0697   5.091638   5.102483     2.3182     1.9493     100.00   28.08217  -89.99884   -0.00227   -0.00407     3.3521     3.3743    21.0148    21.0536    36.5386    36.5928    25.6617    25.6924    1516.98    145.958    146.921         39 0.0000e+00
      60537   2522.344     81.438     82.000    20.9821    20.9890   5.077172   5.079234     2.3261     1.9541     100.00   28.08218  -89.99885    0.00189    0.00029     3.3736     3.3914    20.9664    20.9733    36.4637    36.4746    25.6180    25.6243    1516.98    146.900    147.674         41 0.0000e+00
      60583   2524.256     80.445     81.000    21.0052    20.9880   5.079748   5.077245     2.3449     1.9749     100.00   28.08218  -89.99886    0.00726    0.00663     3.4091     3.4393    20.9895    20.9724    36.4653    36.4598    25.6128    25.6133    1516.98    148.447    149.764         49 0.0000e+00
      60628   2526.105     79.452     80.000    21.0014    20.9977   5.075122   5.076768     2.3557     1.9820      99.95   28.08218  -89.99886    0.00832    0.00832     3.4349     3.4549    20.9858    20.9823    36.4317    36.4479    25.5882    25.6015    1516.98    149.577    150.444         38 0.0000e+00
      60722   2530.048     78.459     79.000    21.0226    21.0266   5.074633   5.076404     2.3725     1.9971     100.00   28.08218  -89.99886    0.00635    0.00492     3.4683     3.4880    21.0074    21.0114    36.4098    36.4207    25.5656    25.5728    1516.98    151.032    151.890         42 0.0000e+00
      61986   2582.704     77.466     78.000    21.1705    21.1691   5.081710   5.081563     2.4607     2.0800      98.59   28.08227  -89.99894    0.00058    0.00043     3.6442     3.6706    21.1554    21.1540    36.3405    36.3405    25.4722    25.4726    1516.98    158.709    159.856         42 0.0000e+00
      62042   2585.061     76.473     77.000    21.1946    21.1890   5.083960   5.083311     2.4631     2.0823      80.42   28.08228  -89.99894    0.00055    0.00129     3.6470     3.6748    21.1797    21.1741    36.3392    36.3387    25.4644    25.4657    1516.98    158.830    160.043         56 0.0000e+00
      62092   2587.120     75.480     76.000    21.2386    21.2253   5.087271   5.086552     2.4653     2.0820     100.15   28.08228  -89.99894    0.00075    0.00039     3.6461     3.6719    21.2153    21.2105    36.3359    36.3355    25.4521    25.4532    1516.98    158.795    159.917         44 0.0000e+00
      62140   2589.110     74.487     75.000    21.3581    21.3010   5.100991   5.094369     2.4875     2.0990     100.00   28.08228  -89.99895    0.00552    0.00327     3.6854     3.7048    21.3434    21.2864    36.3379    36.3331    25.4183    25.4304    1516.98    160.510    161.355         53 0.0000e+00
      62190   2591.205     73.494     74.000    21.4112    21.4007   5.107467   5.105283     2.5119     2.1197     100.00   28.08228  -89.99896    0.01260    0.01034     3.7312     3.7441    21.3964    21.3863    36.3454    36.3365    25.4093    25.4053    1516.98    162.507    163.067         44 0.0000e+00
      62230   2592.855     72.501     73.000    21.6714    21.5831   5.142082   5.130608     2.5323     2.1393     100.00   28.08228  -89.99896    0.01127    0.01017     3.7539     3.7761    21.6570    21.5687    36.4015    36.3848    25.3794    25.3914    1516.98    163.500    164.463         39 0.0000e+00
      62269   2594.516     71.508     72.000    22.0710    21.9441   5.195854   5.177993     2.5580     2.1573     100.00   28.08228  -89.99896    0.01359    0.01159     3.7756     3.7904    22.0566    21.9298    36.4913    36.4570    25.3354    25.3452    1516.98    164.450    165.096         39 0.0000e+00
      62305   2596.013     70.515     71.000    22.3807    22.1540   5.238393   5.206310     2.5626     2.1655     100.00   28.08228  -89.99896    0.01231    0.00974     3.7626     3.7932    22.3664    22.1398    36.5663    36.5044    25.3045    25.3219    1516.98    163.892    165.220         34 0.0000e+00
      62341   2597.492     69.522     70.000    22.5249    22.3682   5.258373   5.236687     2.5550     2.1634     100.00   28.08228  -89.99896    0.00270    0.00438     3.7338     3.7723    22.5107    22.3541    36.6024    36.5638    25.2906    25.3061    1516.98    162.637    164.314         37 0.0000e+00
      62377   2599.007     68.529     69.000    22.6606    22.5011   5.275396   5.254403     2.5513     2.1589     100.00   28.08228  -89.99897   -0.00389   -0.00111     3.7159     3.7522    22.6465    22.4871    36.6221    36.5915    25.2666    25.2891    1516.98    161.861    163.439         32 0.0000e+00
      62457   2602.336     66.543     67.000    22.8177    23.0149   5.291979   5.319635     2.5527     2.1519      99.83   28.03494  -89.84721    0.00209   -0.00039     3.7054     3.6987    22.8040    23.0011    36.5958    36.6459    25.1942    25.1751    1514.42    161.411    161.122         44 0.0000e+00
      62754   2614.709     65.550     66.000    23.4217    23.6132   5.378155   5.403629     2.5559     2.1562     100.00   28.08231  -89.99899   -0.00124   -0.00127     3.6677     3.6673    23.4079    23.5993    36.7844    36.8209    25.1684    25.1397    1516.98    159.778    159.764         49 0.0000e+00
      62924   2621.799     64.556     65.000    23.5859    23.7658   5.400833   5.424814     2.5472     2.1538     100.00   28.08232  -89.99901   -0.00158   -0.00029     3.6377     3.6513    23.5723    23.7521    36.8225    36.8573    25.1488    25.1220    1516.98    158.476    159.073         40 0.0000e+00
      63099   2629.070     63.524     64.000    23.7379    23.9110   5.422043   5.440209     2.5490     2.1564     100.00   28.08234  -89.99902   -0.00055    0.00120     3.6300     3.6492    23.7244    23.8975    36.8518    36.8591    25.1261    25.0801    1516.98    158.142    158.985         41 0.0000e+00
      63314   2638.027     60.585     61.000    23.8740    23.9678   5.423684   5.431879     2.5508     2.1581      99.62   27.97459  -89.65370    0.00026    0.00077     3.6226     3.6453    23.8610    23.9549    36.7018    36.6875    24.9555    24.9166    1511.16    157.831    158.827         31 0.0000e+00
      64956   2706.449     59.592     60.000    24.1361    24.1415   5.456991   5.457786     2.5762     2.1768     100.00   28.08240  -89.99912    0.00003    0.00015     3.6562     3.6765    24.1233    24.1288    36.7983    36.7989    24.9666    24.9654    1516.98    159.308    160.193         55 0.0000e+00
      65113   2712.992     58.599     59.000    24.1418    24.1505   5.457628   5.458497     2.5764     2.1775     100.00   28.08240  -89.99912   -0.00035    0.00019     3.6558     3.6770    24.1293    24.1380    36.7979    36.7973    24.9645    24.9615    1516.98    159.290    160.215         42 0.0000e+00
      65185   2715.994     57.606     58.000    24.1503    24.1522   5.458756   5.458717     2.5777     2.1809     100.00   28.08240  -89.99912    0.00043    0.00070     3.6574     3.6838    24.1379    24.1398    36.7972    36.7979    24.9615    24.9614    1516.98    159.362    160.513         39 0.0000e+00
      65227   2717.755     56.613     57.000    24.2035    24.2032   5.464811   5.464628     2.5814     2.1833     100.00   28.08240  -89.99912    0.00113    0.00141     3.6605     3.6853    24.1913    24.1910    36.8022    36.8011    24.9492    24.9485    1516.98    159.498    160.581         44 0.0000e+00
      65272   2719.641     55.620     56.000    24.2752    24.2702   5.473472   5.472196     2.5873     2.1893     100.00   28.08240  -89.99914    0.00245    0.00205     3.6666     3.6936    24.2632    24.2582    36.8091    36.8036    24.9329    24.9302    1516.98    159.769    160.943         46 0.0000e+00
      65317   2721.507     54.627     55.000    24.3662    24.3267   5.483842   5.477987     2.5968     2.1917      82.61   28.08242  -89.99914    0.00390    0.00264     3.6787     3.6945    24.3544    24.3149    36.8131    36.8039    24.9084    24.9134    1516.98    160.297    160.987         43 0.0000e+00
      65357   2723.159     53.634     54.000    24.4934    24.4782   5.498038   5.494906     2.6069     2.1995      99.92   28.08242  -89.99914    0.00543    0.00224     3.6892     3.7014    24.4818    24.4666    36.8161    36.8050    24.8722    24.8684    1516.98    160.759    161.293         35 0.0000e+00
      65395   2724.769     52.640     53.000    24.7298    24.6544   5.521733   5.512867     2.6258     2.2132     100.00   28.08242  -89.99914    0.00775    0.00541     3.7108     3.7193    24.7181    24.6429    36.8012    36.7962    24.7893    24.8083    1516.98    161.716    162.085         44 0.0000e+00
      65440   2726.640     51.647     52.000    24.8324    24.7443   5.533037   5.523532     2.6456     2.2283      54.13   28.08242  -89.99914    0.01157    0.00876     3.7409     3.7456    24.8211    24.7330    36.8023    36.8030    24.7587    24.7861    1516.98    163.034    163.232         41 0.0000e+00
      65475   2728.095     50.654     51.000    25.1048    24.9706   5.560941   5.548481     2.6577     2.2387     100.35   28.08242  -89.99914    0.00978    0.00748     3.7455     3.7514    25.0936    24.9594    36.7892    36.8008    24.6654    24.7153    1516.98    163.249    163.500         31 0.0000e+00
      65506   2729.372     49.661     50.000    25.3357    25.3987   5.580996   5.585913     2.6866     2.2773     100.00   28.08242  -89.99914    0.01086    0.01010     3.7866     3.8082    25.3247    25.3877    36.7620    36.7449    24.5736    24.5412    1516.98    165.057    165.998         32 0.0000e+00
      65544   2730.949     48.668     49.000    25.4469    25.4472   5.592620   5.592413     2.7142     2.2970     100.00   28.08242  -89.99914    0.01759    0.01812     3.8310     3.8466    25.4361    25.4364    36.7481    36.7457    24.5287    24.5268    1516.98    166.995    167.679         45 0.0000e+00
      65589   2732.849     47.675     48.000    25.4993    25.4182   5.598023   5.589774     2.7361     2.3094     100.00   28.08242  -89.99914    0.01772    0.01567     3.8666     3.8738    25.4887    25.4075    36.7437    36.7550    24.5091    24.5428    1516.98    168.550    168.859         40 0.0000e+00
      65623   2734.249     46.682     47.000    25.6235    25.5493   5.610032   5.602880     2.7475     2.3159     100.00   28.08242  -89.99914    0.01049    0.00615     3.8821     3.8794    25.6131    25.5389    36.7345    36.7399    24.4635    24.4900    1516.98    169.234    169.114         31 0.0000e+00
      65654   2735.531     45.689     46.000    25.6846    25.6702   5.616732   5.614894     2.7569     2.3284     100.00   28.08242  -89.99914    0.00823    0.00543     3.8950     3.8974    25.6744    25.6600    36.7350    36.7330    24.4448    24.4478    1516.98    169.800    169.902         31 0.0000e+00
      66017   2750.672     42.709     43.000    25.9274    25.9802   5.642878   5.647957     2.8069     2.3848     100.15   28.12364  -90.13119    0.00597    0.00636     3.9731     3.9973    25.9178    25.9707    36.7567    36.7502    24.3921    24.3702    1519.21    173.221    174.277         51 0.0000e+00
