Gulf of Mexico/GOMECC-4/1db/rb2103_0141.ros
* Sea-Bird SBE 9 Data File:
* FileName = C:\Users\scs.user.rb\CTD\GOMECC4\data\rb2103_0141.hex
* Software Version Seasave V 7.26.7.107
* Temperature SN = 4799
* Conductivity SN = 3860
* Number of Bytes Per Scan = 41
* Number of Voltage Words = 4
* Number of Scans Averaged by the Deck Unit = 1
* NMEA Latitude = 27 06.71 N
* NMEA Longitude = 084 20.03 W
* NMEA UTC (Time) = Sep 18 2021  23:46:35
* NMEA baud rate = 4800
# nquan = 17
# nvalues = 1729                                  
# units = specified
# name 0 = scan: Scan Count
# name 1 = timeS: Time, Elapsed [seconds]
# name 2 = depSM: Depth [salt water, m]
# name 3 = prDM: Pressure, Digiquartz [db]
# name 4 = t090C: Temperature [ITS-90, deg C]
# name 5 = t190C: Temperature, 2 [ITS-90, deg C]
# name 6 = c0S/m: Conductivity [S/m]
# name 7 = c1S/m: Conductivity, 2 [S/m]
# name 8 = sbeox0V: Oxygen raw, SBE 43 [V]
# name 9 = sbeox1V: Oxygen raw, SBE 43, 2 [V]
# name 10 = altM: Altimeter [m]
# name 11 = latitude: Latitude [deg]
# name 12 = longitude: Longitude [deg]
# name 13 = sbox0dV/dT: Oxygen, SBE 43 [dov/dt]
# name 14 = sbox1dV/dT: Oxygen, SBE 43, 2 [dov/dt]
# name 15 = nbf: Bottles Fired
# name 16 = flag:  0.000e+00
# interval = seconds: 0.0416667
# start_time = Sep 18 2021 23:46:35 [NMEA time, header]
# bad_flag = -9.990e-29
*END*
[from data line 256]
      19938    830.708    109.472    110.227    18.3506    18.3809   4.795276   4.799227     1.9951     1.6691      24.93   27.11206  -84.33316   -0.00032    0.00019          2  0.000e+00
      19939    830.750    109.450    110.205    18.3513    18.3862   4.795378   4.799707     1.9939     1.6691      24.93   27.11206  -84.33316   -0.00029    0.00021          2  0.000e+00
      19940    830.792    109.472    110.227    18.3525    18.3915   4.795400   4.799869     1.9951     1.6691      24.93   27.11206  -84.33318   -0.00025    0.00022          2  0.000e+00
      19941    830.833    109.472    110.227    18.3532    18.3926   4.795364   4.800054     1.9951     1.6691      24.93   27.11206  -84.33318   -0.00021    0.00024          2  0.000e+00
      19942    830.875    109.450    110.205    18.3527    18.3906   4.795262   4.800379     1.9951     1.6691      24.93   27.11206  -84.33318   -0.00017    0.00026          2  0.000e+00
      19943    830.917    109.472    110.227    18.3527    18.3934   4.795298   4.800667     1.9951     1.6691      24.93   27.11206  -84.33318   -0.00011    0.00027          2  0.000e+00
      19944    830.958    109.472    110.227    18.3539    18.3953   4.795342   4.800873     1.9939     1.6691      24.93   27.11206  -84.33318   -0.00006    0.00029          2  0.000e+00
      19945    831.000    109.450    110.205    18.3537    18.3986   4.795444   4.800947     1.9939     1.6691      24.93   27.11206  -84.33318   -0.00002    0.00032          2  0.000e+00
      19946    831.042    109.472    110.227    18.3535    18.4005   4.795597   4.800940     1.9951     1.6691      24.93   27.11206  -84.33318    0.00003    0.00034          2  0.000e+00
      19947    831.083    109.533    110.288    18.3559    18.3991   4.795823   4.800829     1.9951     1.6691      24.93   27.11206  -84.33318    0.00007    0.00036          2  0.000e+00
      22464    935.958     94.575     95.224    19.4778    19.4492   4.929654   4.928090     2.1111     1.7680      39.76   27.11210  -84.33306   -0.00016   -0.00058          3  0.000e+00
      22465    936.000     94.469     95.117    19.4696    19.4514   4.929713   4.928709     2.1111     1.7680      39.76   27.11210  -84.33306   -0.00016   -0.00061          3  0.000e+00
      22466    936.042     94.386     95.034    19.4651    19.4641   4.929691   4.929516     2.1111     1.7680      39.76   27.11210  -84.33306   -0.00015   -0.00064          3  0.000e+00
      22467    936.083     94.469     95.117    19.4644    19.4790   4.929618   4.930277     2.1111     1.7668      39.76   27.11210  -84.33306   -0.00015   -0.00069          3  0.000e+00
      22468    936.125     94.469     95.117    19.4653    19.4894   4.929338   4.930986     2.1123     1.7668      39.76   27.11210  -84.33306   -0.00013   -0.00073          3  0.000e+00
      22469    936.167     94.439     95.087    19.4657    19.4921   4.929514   4.931322     2.1123     1.7680      39.68   27.11210  -84.33306   -0.00011   -0.00078          3  0.000e+00
      22470    936.208     94.469     95.117    19.4648    19.4940   4.929507   4.931337     2.1123     1.7668      39.68   27.11210  -84.33306   -0.00011   -0.00082          3  0.000e+00
      22471    936.250     94.409     95.057    19.4660    19.4954   4.929323   4.931240     2.1111     1.7668      39.68   27.11210  -84.33306   -0.00012   -0.00086          3  0.000e+00
      22472    936.292     94.553     95.201    19.4698    19.4966   4.929117   4.930986     2.1111     1.7668      39.68   27.11210  -84.33306   -0.00014   -0.00091          3  0.000e+00
      22473    936.333     94.469     95.117    19.4714    19.4926   4.928969   4.930665     2.1123     1.7668      39.68   27.11210  -84.33306   -0.00011   -0.00095          3  0.000e+00
      22474    936.375     94.439     95.087    19.4705    19.4891   4.928719   4.930307     2.1123     1.7668      39.68   27.11210  -84.33306   -0.00011   -0.00097          3  0.000e+00
      22475    936.417     94.522     95.171    19.4690    19.4936   4.928557   4.930060     2.1111     1.7668      39.68   27.11210  -84.33306   -0.00011   -0.00101          3  0.000e+00
      22476    936.458     94.469     95.117    19.4681    19.4984   4.928527   4.929814     2.1111     1.7668      39.68   27.11210  -84.33306   -0.00012   -0.00105          3  0.000e+00
      22477    936.500     94.500     95.148    19.4674    19.5003   4.928490   4.929687     2.1111     1.7668      39.68   27.11210  -84.33306   -0.00012   -0.00108          3  0.000e+00
      22478    936.542     94.469     95.117    19.4683    19.5001   4.928542   4.929582     2.1111     1.7668      39.68   27.11210  -84.33306   -0.00012   -0.00110          3  0.000e+00
      22479    936.583     94.522     95.171    19.4702    19.5007   4.928564   4.929425     2.1123     1.7656      39.68   27.11210  -84.33306   -0.00010   -0.00113          3  0.000e+00
      22480    936.625     94.439     95.087    19.4712    19.5005   4.928652   4.929254     2.1111     1.7656      39.66   27.11210  -84.33306   -0.00009   -0.00117          3  0.000e+00
      22481    936.667     94.522     95.171    19.4709    19.4912   4.928719   4.929097     2.1111     1.7656      39.68   27.11210  -84.33306   -0.00009   -0.00120          3  0.000e+00
      22482    936.708     94.469     95.117    19.4700    19.4799   4.928697   4.929052     2.1123     1.7656      39.68   27.11210  -84.33306   -0.00008   -0.00124          3  0.000e+00
      22483    936.750     94.500     95.148    19.4686    19.4769   4.928719   4.929052     2.1123     1.7656      39.68   27.11210  -84.33306   -0.00008   -0.00125          3  0.000e+00
      22484    936.792     94.469     95.117    19.4672    19.4840   4.928763   4.928985     2.1123     1.7656      39.68   27.11210  -84.33304   -0.00008   -0.00128          3  0.000e+00
      22485    936.833     94.469     95.117    19.4667    19.5007   4.928741   4.928933     2.1123     1.7656      39.68   27.11210  -84.33304   -0.00007   -0.00131          3  0.000e+00
      22486    936.875     94.500     95.148    19.4665    19.5001   4.928793   4.928798     2.1123     1.7656      39.68   27.11210  -84.33304   -0.00007   -0.00132          3  0.000e+00
      22487    936.917     94.469     95.117    19.4657    19.4831   4.928815   4.928575     2.1123     1.7656      39.66   27.11210  -84.33304   -0.00007   -0.00132          3  0.000e+00
      22488    936.958     94.522     95.171    19.4653    19.4680   4.928903   4.928358     2.1123     1.7656      39.68   27.11210  -84.33304   -0.00007   -0.00135          3  0.000e+00
      22489    937.000     94.500     95.148    19.4655    19.4587   4.928940   4.928149     2.1123     1.7656      39.68   27.11210  -84.33304   -0.00007   -0.00137          3  0.000e+00
      22490    937.042     94.469     95.117    19.4653    19.4539   4.928969   4.928030     2.1123     1.7656      39.68   27.11210  -84.33304   -0.00007   -0.00137          3  0.000e+00
      22491    937.083     94.469     95.117    19.4670    19.4515   4.928918   4.927963     2.1123     1.7656      39.68   27.11210  -84.33304   -0.00005   -0.00139          3  0.000e+00
      22492    937.125     94.500     95.148    19.4679    19.4517   4.928770   4.927933     2.1123     1.7656      39.68   27.11210  -84.33304   -0.00003   -0.00141          3  0.000e+00
      22493    937.167     94.469     95.117    19.4674    19.4539   4.928601   4.927903     2.1123     1.7656      39.68   27.11210  -84.33304   -0.00003   -0.00142          3  0.000e+00
      22494    937.208     94.356     95.003    19.4662    19.4543   4.928461   4.927761     2.1123     1.7656      39.66   27.11210  -84.33304   -0.00001   -0.00144          3  0.000e+00
      22495    937.250     94.613     95.262    19.4653    19.4534   4.928314   4.927634     2.1123     1.7656      39.66   27.11210  -84.33304    0.00001   -0.00145          3  0.000e+00
      22496    937.292     94.469     95.117    19.4644    19.4536   4.928240   4.927507     2.1123     1.7656      39.66   27.11210  -84.33304    0.00003   -0.00146          3  0.000e+00
      22497    937.333     94.439     95.087    19.4625    19.4528   4.928233   4.927448     2.1123     1.7656      39.68   27.11210  -84.33304    0.00005   -0.00147          3  0.000e+00
      22498    937.375     94.522     95.171    19.4623    19.4525   4.928262   4.927463     2.1123     1.7656      39.66   27.11210  -84.33304    0.00006   -0.00148          3  0.000e+00
      22499    937.417     94.409     95.057    19.4625    19.4536   4.928211   4.927567     2.1123     1.7656      39.66   27.11210  -84.33304    0.00008   -0.00149          3  0.000e+00
      22500    937.458     94.500     95.148    19.4632    19.4568   4.927968   4.927694     2.1123     1.7656      39.66   27.11210  -84.33304    0.00008   -0.00149          3  0.000e+00
      22501    937.500     94.409     95.057    19.4604    19.4569   4.927621   4.927657     2.1123     1.7656      39.66   27.11210  -84.33304    0.00010   -0.00150          3  0.000e+00
      22502    937.542     94.469     95.117    19.4581    19.4552   4.927275   4.927552     2.1123     1.7656      39.66   27.11210  -84.33304    0.00012   -0.00150          3  0.000e+00
      22503    937.583     94.439     95.087    19.4581    19.4524   4.927069   4.927343     2.1111     1.7656      39.66   27.11210  -84.33304    0.00012   -0.00150          3  0.000e+00
      22504    937.625     94.469     95.117    19.4555    19.4515   4.926995   4.927179     2.1123     1.7656      39.66   27.11210  -84.33304    0.00012   -0.00150          3  0.000e+00
      22505    937.667     94.469     95.117    19.4542    19.4528   4.926863   4.927209     2.1123     1.7656      39.66   27.11210  -84.33304    0.00014   -0.00150          3  0.000e+00
      22506    937.708     94.439     95.087    19.4536    19.4529   4.926730   4.927164     2.1123     1.7656      39.66   27.11210  -84.33304    0.00016   -0.00150          3  0.000e+00
      22507    937.750     94.409     95.057    19.4510    19.4531   4.926664   4.927052     2.1123     1.7656      39.66   27.11210  -84.33304    0.00017   -0.00150          3  0.000e+00
      22508    937.792     94.409     95.057    19.4467    19.4531   4.926590   4.926955     2.1123     1.7668      39.66   27.11208  -84.33306    0.00019   -0.00147          3  0.000e+00
      22509    937.833     94.439     95.087    19.4433    19.4525   4.926576   4.926843     2.1123     1.7656      39.68   27.11208  -84.33306    0.00019   -0.00147          3  0.000e+00
      22510    937.875     94.409     95.057    19.4447    19.4512   4.926480   4.926686     2.1123     1.7656      39.66   27.11208  -84.33306    0.00021   -0.00146          3  0.000e+00
      22511    937.917     94.409     95.057    19.4451    19.4503   4.926414   4.926649     2.1123     1.7656      39.66   27.11208  -84.33306    0.00023   -0.00145          3  0.000e+00
      22512    937.958     94.439     95.087    19.4467    19.4497   4.926377   4.926619     2.1123     1.7656      39.68   27.11208  -84.33306    0.00024   -0.00144          3  0.000e+00
      22513    938.000     94.409     95.057    19.4430    19.4493   4.926369   4.926574     2.1123     1.7668      39.66   27.11208  -84.33306    0.00024   -0.00141          3  0.000e+00
      22514    938.042     94.409     95.057    19.4420    19.4493   4.926428   4.926657     2.1123     1.7656      39.66   27.11208  -84.33306    0.00026   -0.00140          3  0.000e+00
      22515    938.083     94.386     95.034    19.4455    19.4503   4.926539   4.926694     2.1123     1.7668      39.66   27.11208  -84.33306    0.00026   -0.00137          3  0.000e+00
      22516    938.125     94.409     95.057    19.4456    19.4508   4.926539   4.926597     2.1123     1.7668      39.66   27.11208  -84.33306    0.00026   -0.00133          3  0.000e+00
      22517    938.167     94.409     95.057    19.4472    19.4493   4.926657   4.926567     2.1123     1.7668      39.68   27.11208  -84.33306    0.00026   -0.00130          3  0.000e+00
      22518    938.208     94.386     95.034    19.4507    19.4493   4.926730   4.926537     2.1123     1.7668      39.73   27.11208  -84.33306    0.00028   -0.00126          3  0.000e+00
      22519    938.250     94.409     95.057    19.4529    19.4493   4.926708   4.926507     2.1123     1.7668      39.76   27.11208  -84.33306    0.00029   -0.00123          3  0.000e+00
      22520    938.292     94.333     94.980    19.4526    19.4490   4.926634   4.926485     2.1111     1.7668      39.76   27.11208  -84.33306    0.00029   -0.00119          3  0.000e+00
      22521    938.333     94.356     95.003    19.4518    19.4487   4.926620   4.926545     2.1123     1.7668      39.76   27.11208  -84.33306    0.00031   -0.00115          3  0.000e+00
      22522    938.375     94.409     95.057    19.4505    19.4478   4.926642   4.926500     2.1123     1.7668      39.76   27.11208  -84.33306    0.00031   -0.00111          3  0.000e+00
      22523    938.417     94.333     94.980    19.4507    19.4473   4.926686   4.926545     2.1123     1.7668      39.76   27.11208  -84.33306    0.00032   -0.00109          3  0.000e+00
      22524    938.458     94.409     95.057    19.4509    19.4473   4.926760   4.926724     2.1123     1.7668      39.76   27.11208  -84.33306    0.00032   -0.00105          3  0.000e+00
      22525    938.500     94.356     95.003    19.4512    19.4481   4.926936   4.926895     2.1123     1.7668      39.76   27.11208  -84.33306    0.00032   -0.00101          3  0.000e+00
      22526    938.542     94.333     94.980    19.4532    19.4512   4.927268   4.927030     2.1123     1.7668      39.76   27.11208  -84.33306    0.00032   -0.00097          3  0.000e+00
      22527    938.583     94.356     95.003    19.4542    19.4545   4.927423   4.927216     2.1123     1.7680      39.76   27.11208  -84.33306    0.00031   -0.00090          3  0.000e+00
      22528    938.625     94.356     95.003    19.4535    19.4552   4.927445   4.927336     2.1123     1.7680      39.76   27.11208  -84.33306    0.00033   -0.00084          3  0.000e+00
      22529    938.667     94.333     94.980    19.4535    19.4547   4.927658   4.927418     2.1123     1.7680      39.76   27.11208  -84.33306    0.00033   -0.00078          3  0.000e+00
      22530    938.708     94.356     95.003    19.4535    19.4543   4.928078   4.927560     2.1123     1.7680      39.76   27.11208  -84.33306    0.00032   -0.00071          3  0.000e+00
      22531    938.750     94.356     95.003    19.4575    19.4561   4.928439   4.927694     2.1123     1.7680      39.76   27.11208  -84.33306    0.00032   -0.00067          3  0.000e+00
      22532    938.792     94.333     94.980    19.4601    19.4559   4.928616   4.927724     2.1111     1.7680      39.76   27.11210  -84.33304    0.00031   -0.00060          3  0.000e+00
      22533    938.833     94.295     94.942    19.4595    19.4566   4.928491   4.927634     2.1123     1.7680      39.76   27.11210  -84.33304    0.00031   -0.00056          3  0.000e+00
      22534    938.875     94.356     95.003    19.4594    19.4561   4.928284   4.927672     2.1123     1.7680      39.76   27.11210  -84.33304    0.00032   -0.00051          3  0.000e+00
      22535    938.917     94.333     94.980    19.4608    19.4549   4.928166   4.927657     2.1123     1.7680      39.76   27.11210  -84.33304    0.00032   -0.00046          3  0.000e+00
      22536    938.958     94.295     94.942    19.4622    19.4537   4.928211   4.927612     2.1123     1.7680      39.76   27.11210  -84.33304    0.00032   -0.00041          3  0.000e+00
      22537    939.000     94.356     95.003    19.4611    19.4552   4.928233   4.927507     2.1123     1.7680      39.76   27.11210  -84.33304    0.00031   -0.00036          3  0.000e+00
