Gulf of Mexico/GOMECC-4/1db/rb2103_0701.cnv
* Sea-Bird SBE 9 Data File:
* FileName = C:\Users\scs.user.rb\CTD\GOMECC4\data\rb2103_0701.hex
* Software Version Seasave V 7.26.7.107
* Temperature SN = 4799
* Conductivity SN = 3860
* Number of Bytes Per Scan = 41
* Number of Voltage Words = 4
* Number of Scans Averaged by the Deck Unit = 1
* NMEA Latitude = 26 03.47 N
* NMEA Longitude = 094 40.25 W
* NMEA UTC (Time) = Oct 03 2021  15:59:31
* NMEA baud rate = 4800
# nquan = 28
# nvalues = 858                         
# units = specified
# name 0 = scan: Scan Count
# name 1 = timeS: Time, Elapsed [seconds]
# name 2 = depSM: Depth [salt water, m]
# name 3 = prDM: Pressure, Digiquartz [db]
# name 4 = t090C: Temperature [ITS-90, deg C]
# name 5 = t190C: Temperature, 2 [ITS-90, deg C]
# name 6 = c0S/m: Conductivity [S/m]
# name 7 = c1S/m: Conductivity, 2 [S/m]
# name 8 = sbeox0V: Oxygen raw, SBE 43 [V]
# name 9 = sbeox1V: Oxygen raw, SBE 43, 2 [V]
# name 10 = altM: Altimeter [m]
# name 11 = latitude: Latitude [deg]
# name 12 = longitude: Longitude [deg]
# name 13 = sbox0dV/dT: Oxygen, SBE 43 [dov/dt]
# name 14 = sbox1dV/dT: Oxygen, SBE 43, 2 [dov/dt]
# name 15 = sbeox0ML/L: Oxygen, SBE 43 [ml/l], WS = 5
# name 16 = sbeox1ML/L: Oxygen, SBE 43, 2 [ml/l], WS = 5
# name 17 = potemp090C: Potential Temperature [ITS-90, deg C]
# name 18 = potemp190C: Potential Temperature, 2 [ITS-90, deg C]
# name 19 = sal00: Salinity, Practical [PSU]
# name 20 = sal11: Salinity, Practical, 2 [PSU]
# name 21 = sigma-é00: Density [sigma-theta, kg/m^3]
# name 22 = sigma-é11: Density, 2 [sigma-theta, kg/m^3]
# name 23 = avgsvCM: Average Sound Velocity [Chen-Millero, m/s], minP = 20, minS = 20
# name 24 = sbox0Mm/Kg: Oxygen, SBE 43 [umol/kg], WS = 5
# name 25 = sbox1Mm/Kg: Oxygen, SBE 43, 2 [umol/kg], WS = 5
# name 26 = nbin: number of scans per bin
# name 27 = flag: flag
# span 0 =      13028,     229637       
# span 1 =    542.790,   9568.172       
# span 2 =      0.993,   3013.283       
# span 3 =      1.000,   3055.000       
# span 4 =     4.2980,    29.3535       
# span 5 =     4.2987,    29.3546       
# span 6 =   3.352400,   5.946184       
# span 7 =   3.352362,   5.946452       
# span 8 =     1.5712,     3.4137       
# span 9 =     1.2747,     2.9273       
# span 10 =      10.41,     104.60      
# span 11 =   25.89812,   26.10013      
# span 12 =  -94.80923,  -94.07409      
# span 13 =   -0.03743,    0.05571      
# span 14 =   -0.03432,    0.05414      
# span 15 =     2.3809,     5.0833      
# span 16 =     2.3978,     5.0890      
# span 17 =     4.0796,    29.3469      
# span 18 =     4.0808,    29.3480      
# span 19 =    34.9107,    36.7021      
# span 20 =    34.9099,    36.7035      
# span 21 =    22.5455,    27.7609      
# span 22 =    22.5805,    27.7595      
# span 23 =       0.00,    1546.02      
# span 24 =    103.535,    221.700      
# span 25 =    104.268,    221.937      
# span 26 =         30,         87      
# span 27 = 0.0000e+00, 0.0000e+00      
# interval = decibars: 1                
# start_time = Oct 03 2021 15:59:31 [NMEA time, header]
# bad_flag = -9.990e-29
*END*
[from data line 52]
      16455    685.587     55.628     56.000    26.9303    26.9294   5.688429   5.688711     3.4098     2.9244     100.00   26.05784  -94.67090    0.02062    0.01664     5.0489     5.0692    26.9174    26.9165    36.2648    36.2675    23.6973    23.6996    1545.78    220.266    221.150         48 0.0000e+00
      16506    687.726     56.621     57.000    26.8318    26.8266   5.679150   5.679019     3.4137     2.9273     100.00   26.05784  -94.67090    0.00620    0.00650     5.0655     5.0842    26.8188    26.8135    36.2747    36.2779    23.7363    23.7404    1545.70    220.981    221.796         50 0.0000e+00
      16552    689.640     57.615     58.000    26.5264    26.5233   5.648185   5.648283     3.3972     2.9054      92.27   26.05784  -94.67090   -0.00346   -0.00516     5.0624     5.0647    26.5132    26.5101    36.2905    36.2936    23.8455    23.8488    1545.61    220.822    220.920         45 0.0000e+00
      16600    691.620     58.608     59.000    26.3043    26.3007   5.624090   5.624091     3.3875     2.8974      90.75   26.05784  -94.67090   -0.00714   -0.00898     5.0649     5.0675    26.2910    26.2874    36.2902    36.2931    23.9156    23.9189    1545.52    220.915    221.027         49 0.0000e+00
      16644    693.471     59.601     60.000    26.1610    26.1587   5.608502   5.608650     3.3886     2.9013     100.39   26.05784  -94.67090   -0.00247   -0.00005     5.0808     5.0885    26.1475    26.1452    36.2895    36.2924    23.9603    23.9632    1545.42    221.598    221.935         36 0.0000e+00
      16677    694.830     60.594     61.000    26.0422    26.0410   5.595854   5.596131     3.3842     2.8935     100.00   26.05784  -94.67090   -0.00051    0.00004     5.0833     5.0827    26.0285    26.0273    36.2909    36.2938    23.9987    24.0013    1545.32    221.700    221.672         32 0.0000e+00
      16713    696.315     61.587     62.000    25.9007    25.8977   5.580688   5.580784     3.3759     2.8904     100.00   26.05784  -94.67090   -0.00277   -0.00344     5.0831     5.0890    25.8868    25.8839    36.2917    36.2948    24.0437    24.0469    1545.22    221.678    221.937         41 0.0000e+00
      16753    698.002     62.580     63.000    25.7664    25.7641   5.567685   5.567825     3.3643     2.8804     100.00   26.05784  -94.67090   -0.00558   -0.00346     5.0719     5.0797    25.7524    25.7501    36.3026    36.3055    24.0939    24.0967    1545.12    221.181    221.520         37 0.0000e+00
      16785    699.349     63.574     64.000    25.6361    25.6346   5.554043   5.554290     3.3527     2.8695     100.00   26.05784  -94.67090   -0.00743   -0.00569     5.0622     5.0671    25.6219    25.6205    36.3056    36.3086    24.1367    24.1395    1545.02    220.748    220.964         30 0.0000e+00
      16843    701.762     65.560     66.000    25.4280    25.4264   5.531795   5.532010     3.3350     2.8550      99.22   26.05750  -94.66967   -0.00762   -0.00732     5.0483     5.0565    25.4135    25.4118    36.3066    36.3095    24.2019    24.2046    1544.79    220.132    220.484         32 0.0000e+00
      16877    703.169     66.553     67.000    25.2911    25.2885   5.516716   5.516833     3.3280     2.8487      98.03   26.05784  -94.67090   -0.00670   -0.00469     5.0480     5.0556    25.2764    25.2738    36.3044    36.3073    24.2426    24.2456    1544.70    220.110    220.437         35 0.0000e+00
      16912    704.621     67.546     68.000    25.0971    25.0956   5.495070   5.495335     3.3166     2.8416     100.05   26.05784  -94.67090   -0.00646   -0.00404     5.0434     5.0561    25.0822    25.0807    36.2987    36.3019    24.2979    24.3008    1544.59    219.896    220.450         33 0.0000e+00
      16943    705.903     68.540     69.000    25.0004    25.0004   5.484728   5.485116     3.3081     2.8305     100.00   26.05784  -94.67090   -0.00681   -0.00569     5.0377     5.0428    24.9854    24.9854    36.2990    36.3019    24.3278    24.3300    1544.49    219.640    219.864         30 0.0000e+00
      16972    707.142     69.533     70.000    24.9446    24.9446   5.478710   5.479042     3.2980     2.8266     100.00   26.05784  -94.67090   -0.00738   -0.00638     5.0238     5.0399    24.9294    24.9293    36.2987    36.3012    24.3446    24.3466    1544.37    219.031    219.732         31 0.0000e+00
      17005    708.486     70.526     71.000    24.8243    24.8236   5.465935   5.466095     3.2882     2.8167     100.00   26.05784  -94.67090   -0.00744   -0.00575     5.0161     5.0296    24.8089    24.8082    36.2988    36.3015    24.3815    24.3837    1544.27    218.688    219.275         32 0.0000e+00
      17036    709.783     71.519     72.000    24.7488    24.7483   5.458049   5.458342     3.2764     2.8084      99.68   26.05784  -94.67090   -0.00792   -0.00585     5.0006     5.0186    24.7332    24.7327    36.3012    36.3038    24.4063    24.4084    1544.16    218.008    218.789         30 0.0000e+00
      17066    711.057     72.512     73.000    24.6796    24.6791   5.450903   5.451168     3.2626     2.7965     100.00   26.05784  -94.67090   -0.00890   -0.00740     4.9806     4.9994    24.6639    24.6633    36.3031    36.3056    24.4288    24.4308    1544.05    217.129    217.948         31 0.0000e+00
      17097    712.343     73.505     74.000    24.5532    24.5501   5.435578   5.435706     3.2480     2.7808     100.00   26.05784  -94.67090   -0.01036   -0.00899     4.9677     4.9833    24.5354    24.5345    36.2983    36.3017    24.4640    24.4675    1543.99    216.558    217.240         31 0.0000e+00
      17129    713.681     74.498     75.000    24.3932    24.3919   5.418971   5.419178     3.2294     2.7621     100.00   26.05784  -94.67090   -0.01179   -0.01191     4.9430     4.9509    24.3771    24.3759    36.2941    36.2967    24.5086    24.5109    1543.83    215.472    215.818         35 0.0000e+00
      17165    715.161     75.492     76.000    24.3396    24.3396   5.413180   5.413492     3.2127     2.7460     100.00   26.05784  -94.67090   -0.01280   -0.01295     4.9156     4.9209    24.3233    24.3234    36.2934    36.2957    24.5242    24.5259    1543.72    214.275    214.505         34 0.0000e+00
      17254    718.880     78.471     79.000    24.1424    24.1424   5.394690   5.394904     3.1764     2.7150     100.00   26.05802  -94.67155   -0.00981   -0.00908     4.8629     4.8713    24.1256    24.1256    36.3128    36.3144    24.5982    24.5993    1543.40    211.963    212.330         31 0.0000e+00
      17286    720.220     79.464     80.000    24.2987    24.3023   5.423373   5.424105     3.1536     2.6898      99.82   26.05784  -94.67088   -0.01135   -0.00998     4.8023     4.8017    24.2817    24.2852    36.4023    36.4049    24.6192    24.6201    1543.29    209.320    209.292         34 0.0000e+00
      17322    721.697     80.457     81.000    24.3572    24.3649   5.433298   5.434826     3.0847     2.6207     100.00   26.05784  -94.67088   -0.02811   -0.02874     4.6606     4.6452    24.3399    24.3475    36.4294    36.4347    24.6222    24.6239    1543.20    203.142    202.470         35 0.0000e+00
      17354    723.042     81.450     82.000    24.4607    24.4691   5.451921   5.453380     3.0481     2.5894     100.00   26.05784  -94.67088   -0.03504   -0.03432     4.5789     4.5680    24.4431    24.4515    36.4854    36.4895    24.6335    24.6341    1543.10    199.579    199.102         30 0.0000e+00
      17384    724.276     82.443     83.000    24.5039    24.5038   5.455696   5.454810     3.0082     2.5492     100.00   26.05784  -94.67088   -0.03246   -0.02970     4.4986     4.4806    24.4861    24.4860    36.5340    36.5365    24.6573    24.6592    1543.02    196.073    195.287         31 0.0000e+00
      17416    725.618     83.436     84.000    23.9529    23.9477   5.389836   5.389683     2.9395     2.4973      95.13   26.05784  -94.67088   -0.03743   -0.03371     4.4091     4.4103    23.9351    23.9300    36.4216    36.4246    24.7373    24.7411    1542.93    192.158    192.207         33 0.0000e+00
      17448    726.946     84.429     85.000    23.7537    23.7528   5.362876   5.363003     2.9510     2.5199      64.54   26.05784  -94.67088   -0.03288   -0.02450     4.4500     4.4765    23.7358    23.7349    36.3862    36.3879    24.7697    24.7713    1542.83    193.932    195.089         30 0.0000e+00
      17504    729.308     86.416     87.000    23.3428    23.3442   5.310501   5.311033     2.9872     2.5559      99.98   26.05321  -94.65405    0.01322    0.01599     4.5596     4.5909    23.3248    23.3261    36.3186    36.3216    24.8387    24.8406    1542.34    198.694    200.057         32 0.0000e+00
      17541    730.816     87.409     88.000    23.3534    23.3505   5.316178   5.316125     2.9855     2.5429     100.00   26.05784  -94.67088    0.01133    0.00931     4.5550     4.5613    23.3351    23.3322    36.3559    36.3579    24.8647    24.8670    1542.51    198.489    198.767         35 0.0000e+00
      17576    732.305     88.402     89.000    23.2175    23.2187   5.298969   5.299486     2.9580     2.5176     100.00   26.05784  -94.67088   -0.00342   -0.00781     4.5122     4.5168    23.1992    23.2003    36.3349    36.3380    24.8885    24.8905    1542.40    196.623    196.823         34 0.0000e+00
      17608    733.623     89.395     90.000    23.2364    23.2408   5.302529   5.303409     2.9521     2.5170     100.00   26.05784  -94.67088   -0.01293   -0.01289     4.4991     4.5141    23.2178    23.2222    36.3465    36.3496    24.8919    24.8929    1542.30    196.049    196.704         30 0.0000e+00
      17662    735.864     91.381     92.000    23.4311    23.4344   5.337000   5.337564     2.9374     2.5018      99.98   26.05376  -94.65607   -0.00434   -0.00301     4.4514     4.4634    23.4120    23.4152    36.4484    36.4500    24.9117    24.9119    1541.86    193.966    194.490         30 0.0000e+00
      17697    737.341     92.374     93.000    23.2945    23.2983   5.317197   5.318192     2.8904     2.4496     100.00   26.05784  -94.67088   -0.01404   -0.01475     4.3683     4.3593    23.2753    23.2791    36.4117    36.4152    24.9245    24.9261    1542.00    190.342    189.953         36 0.0000e+00
      17734    738.874     93.367     94.000    23.2248    23.2269   5.307702   5.308237     2.8656     2.4384      82.98   26.05784  -94.67088   -0.02574   -0.02406     4.3267     4.3414    23.2054    23.2075    36.3946    36.3970    24.9320    24.9332    1541.91    188.529    189.169         35 0.0000e+00
      17766    740.200     94.360     95.000    23.2144    23.2150   5.306469   5.306765     2.8669     2.4387     100.15   26.05784  -94.67088   -0.01617   -0.01260     4.3306     4.3435    23.1948    23.1953    36.3934    36.3952    24.9342    24.9354    1541.82    188.700    189.263         30 0.0000e+00
      17826    742.715     96.346     97.000    23.4121    23.4091   5.351273   5.351105     2.8258     2.3771     100.01   26.06027  -94.67969   -0.00488   -0.00785     4.2283     4.1899    23.3919    23.3890    36.5756    36.5767    25.0149    25.0167    1541.79    184.228    182.555         30 0.0000e+00
      17855    743.930     97.339     98.000    23.2608    23.2676   5.330765   5.332062     2.7704     2.3397      80.89   26.05784  -94.67088   -0.02562   -0.02879     4.1302     4.1174    23.2405    23.2473    36.5416    36.5460    25.0333    25.0346    1541.56    179.950    179.394         32 0.0000e+00
      17888    745.272     98.332     99.000    23.2398    23.2413   5.329020   5.329700     2.7512     2.3283      76.00   26.05784  -94.67088   -0.03514   -0.03265     4.0941     4.0943    23.2170    23.2208    36.5471    36.5492    25.0443    25.0448    1541.48    178.377    178.383         33 0.0000e+00
      17922    746.700     99.325    100.000    23.2449    23.2417   5.330545   5.330517     2.7366     2.3181      99.85   26.05784  -94.67088   -0.01658   -0.01070     4.0632     4.0721    23.2227    23.2210    36.5537    36.5549    25.0477    25.0490    1541.40    177.029    177.415         35 0.0000e+00
      17957    748.148    100.318    101.000    23.2031    23.2040   5.327332   5.327764     2.7252     2.3082     100.00   26.05784  -94.67088   -0.00998   -0.00713     4.0445     4.0531    23.1822    23.1831    36.5620    36.5646    25.0658    25.0675    1541.32    176.210    176.583         33 0.0000e+00
      18040    751.640    103.297    104.000    23.0937    23.1087   5.325747   5.328617     2.6788     2.2676      99.98   26.05331  -94.65442   -0.01476   -0.01291     3.9586     3.9686    23.0722    23.0872    36.6371    36.6469    25.1541    25.1572    1540.81    172.453    172.887         32 0.0000e+00
      18077    753.157    104.290    105.000    23.2009    23.2001   5.345384   5.345492     2.6602     2.2415     100.00   26.05784  -94.67088   -0.01159   -0.01037     3.9118     3.9032    23.1791    23.1784    36.7021    36.7035    25.1730    25.1743    1541.01    170.413    170.035         35 0.0000e+00
      18112    754.624    105.283    106.000    23.0687    23.0648   5.326860   5.326631     2.6148     2.2040     100.00   26.05784  -94.67088   -0.01607   -0.01745     3.8352     3.8328    23.0469    23.0429    36.6685    36.6700    25.1860    25.1883    1540.93    167.070    166.968         35 0.0000e+00
      18145    756.001    106.276    107.000    22.9819    22.9795   5.313821   5.313828     2.6064     2.1989      91.41   26.05784  -94.67088   -0.02070   -0.01896     3.8218     3.8260    22.9600    22.9575    36.6394    36.6415    25.1892    25.1915    1540.86    166.486    166.671         31 0.0000e+00
      18175    757.267    107.269    108.000    22.5551    22.5540   5.251925   5.252234     2.6008     2.1998      90.44   26.05784  -94.67088   -0.01329   -0.00895     3.8446     3.8604    22.5332    22.5321    36.5132    36.5166    25.2164    25.2193    1540.78    167.478    168.163         30 0.0000e+00
      18206    758.531    108.262    109.000    22.4883    22.4877   5.244509   5.244558     2.6221     2.2282     100.08   26.05784  -94.67088   -0.00015    0.00425     3.8935     3.9285    22.4663    22.4656    36.5107    36.5117    25.2337    25.2346    1540.70    169.604    171.127         30 0.0000e+00
      18262    760.892    110.248    111.000    22.2823    22.2642   5.215358   5.213462     2.6211     2.2141      99.99   26.05557  -94.66263    0.00849    0.00615     3.9090     3.9154    22.2600    22.2419    36.4522    36.4525    25.2475    25.2528    1540.40    170.274    170.552         31 0.0000e+00
      18298    762.384    111.241    112.000    21.7528    21.7461   5.144760   5.141197     2.6143     2.2176     100.00   26.05784  -94.67088   -0.00399   -0.00439     3.9369     3.9631    21.7525    21.7242    36.3219    36.3196    25.2921    25.2971    1540.45    171.485    172.625         38 0.0000e+00
      18336    763.962    112.234    113.000    21.5616    21.5604   5.115705   5.116073     2.6329     2.2372     100.00   26.05784  -94.67088   -0.00102    0.00325     3.9931     4.0234    21.5388    21.5382    36.2704    36.2738    25.3127    25.3154    1540.34    173.931    175.250         35 0.0000e+00
      18423    767.566    115.213    116.000    21.3964    21.3966   5.100220   5.100535     2.5956     2.1916      99.99   26.05441  -94.65843   -0.00917   -0.01219     3.9288     3.9314    21.3738    21.3739    36.2828    36.2852    25.3675    25.3692    1539.83    171.118    171.232         33 0.0000e+00
      18458    769.029    116.206    117.000    21.3970    21.3976   5.101931   5.102295     2.5698     2.1705     100.00   26.05784  -94.67088   -0.01702   -0.01726     3.8750     3.8830    21.3742    21.3748    36.2974    36.2998    25.3790    25.3806    1539.93    168.774    169.123         32 0.0000e+00
