Gulf of Mexico/GOMECC-4/1db/rb2103_0751.ros
* Sea-Bird SBE 9 Data File:
* FileName = C:\Users\scs.user.rb\CTD\GOMECC4\data\rb2103_0751.hex
* Software Version Seasave V 7.26.7.107
* Temperature SN = 4799
* Conductivity SN = 3860
* Number of Bytes Per Scan = 41
* Number of Voltage Words = 4
* Number of Scans Averaged by the Deck Unit = 1
* NMEA Latitude = 22 16.49 N
* NMEA Longitude = 097 43.15 W
* NMEA UTC (Time) = Oct 05 2021  22:28:17
* NMEA baud rate = 4800
# nquan = 17
# nvalues = 399                                   
# units = specified
# name 0 = scan: Scan Count
# name 1 = timeS: Time, Elapsed [seconds]
# name 2 = depSM: Depth [salt water, m]
# name 3 = prDM: Pressure, Digiquartz [db]
# name 4 = t090C: Temperature [ITS-90, deg C]
# name 5 = t190C: Temperature, 2 [ITS-90, deg C]
# name 6 = c0S/m: Conductivity [S/m]
# name 7 = c1S/m: Conductivity, 2 [S/m]
# name 8 = sbeox0V: Oxygen raw, SBE 43 [V]
# name 9 = sbeox1V: Oxygen raw, SBE 43, 2 [V]
# name 10 = altM: Altimeter [m]
# name 11 = latitude: Latitude [deg]
# name 12 = longitude: Longitude [deg]
# name 13 = sbox0dV/dT: Oxygen, SBE 43 [dov/dt]
# name 14 = sbox1dV/dT: Oxygen, SBE 43, 2 [dov/dt]
# name 15 = nbf: Bottles Fired
# name 16 = flag:  0.000e+00
# interval = seconds: 0.0416667
# start_time = Oct 05 2021 22:28:17 [NMEA time, header]
# bad_flag = -9.990e-29
*END*
      19689    820.333     19.961     20.088    29.3258    29.3299   5.863501   5.863065     3.1184     2.6337       7.25   22.27498  -97.71968   -0.00103   -0.00070          1  0.000e+00
      19690    820.375     20.354     20.483    29.3269    29.3284   5.863501   5.863161     3.1184     2.6337       7.25   22.27498  -97.71968   -0.00102   -0.00071          1  0.000e+00
      19691    820.417     20.259     20.387    29.3276    29.3281   5.863525   5.863338     3.1184     2.6337       7.25   22.27498  -97.71968   -0.00099   -0.00072          1  0.000e+00
      19692    820.458     20.306     20.435    29.3282    29.3275   5.863493   5.863394     3.1184     2.6349       7.25   22.27498  -97.71968   -0.00095   -0.00071          1  0.000e+00
      19693    820.500     20.205     20.333    29.3282    29.3265   5.863453   5.863467     3.1184     2.6337       7.25   22.27498  -97.71968   -0.00092   -0.00070          1  0.000e+00
      19694    820.542     20.259     20.387    29.3278    29.3260   5.863406   5.863507     3.1184     2.6337       7.25   22.27498  -97.71968   -0.00089   -0.00069          1  0.000e+00
      19695    820.583     20.306     20.435    29.3272    29.3264   5.863469   5.863563     3.1172     2.6349       7.25   22.27498  -97.71968   -0.00087   -0.00066          1  0.000e+00
      19696    820.625     20.252     20.381    29.3254    29.3264   5.863525   5.863515     3.1184     2.6349       7.25   22.27498  -97.71968   -0.00083   -0.00061          1  0.000e+00
      19697    820.667     20.259     20.387    29.3234    29.3264   5.863683   5.863523     3.1172     2.6337       7.25   22.27498  -97.71968   -0.00082   -0.00058          1  0.000e+00
      19698    820.708     20.361     20.490    29.3230    29.3266   5.863691   5.863515     3.1184     2.6337       7.25   22.27498  -97.71968   -0.00078   -0.00055          1  0.000e+00
      19699    820.750     20.252     20.381    29.3223    29.3267   5.863715   5.863531     3.1184     2.6337       7.25   22.27498  -97.71968   -0.00074   -0.00052          1  0.000e+00
      19700    820.792     20.306     20.435    29.3208    29.3269   5.863731   5.863611     3.1184     2.6337       7.25   22.27498  -97.71968   -0.00070   -0.00048          1  0.000e+00
      19701    820.833     20.259     20.387    29.3217    29.3269   5.863691   5.863635     3.1172     2.6337       7.25   22.27498  -97.71968   -0.00068   -0.00045          1  0.000e+00
      19702    820.875     20.300     20.428    29.3225    29.3270   5.863683   5.863684     3.1172     2.6325       7.25   22.27498  -97.71968   -0.00067   -0.00043          1  0.000e+00
      19703    820.917     20.259     20.387    29.3232    29.3267   5.863644   5.863651     3.1184     2.6325       7.25   22.27498  -97.71968   -0.00063   -0.00041          1  0.000e+00
      19704    820.958     20.306     20.435    29.3241    29.3265   5.863636   5.863668     3.1172     2.6325       7.25   22.27498  -97.71968   -0.00063   -0.00041          1  0.000e+00
      19705    821.000     20.300     20.428    29.3250    29.3268   5.863667   5.863684     3.1184     2.6325       7.23   22.27498  -97.71968   -0.00060   -0.00040          1  0.000e+00
      19706    821.042     20.306     20.435    29.3252    29.3265   5.863644   5.863659     3.1184     2.6325       7.23   22.27498  -97.71968   -0.00058   -0.00040          1  0.000e+00
      19707    821.083     20.300     20.428    29.3247    29.3262   5.863636   5.863676     3.1184     2.6325       7.20   22.27498  -97.71968   -0.00055   -0.00039          1  0.000e+00
      19708    821.125     20.306     20.435    29.3243    29.3255   5.863707   5.863756     3.1184     2.6313       7.20   22.27498  -97.71968   -0.00053   -0.00040          1  0.000e+00
      19709    821.167     20.306     20.435    29.3236    29.3240   5.863683   5.863852     3.1184     2.6313       7.20   22.27498  -97.71968   -0.00050   -0.00043          1  0.000e+00
      19710    821.208     20.300     20.428    29.3247    29.3226   5.863715   5.863852     3.1184     2.6313       7.20   22.27498  -97.71968   -0.00047   -0.00045          1  0.000e+00
      19711    821.250     20.306     20.435    29.3254    29.3232   5.863659   5.863828     3.1184     2.6313       7.20   22.27498  -97.71968   -0.00045   -0.00048          1  0.000e+00
      19712    821.292     20.360     20.490    29.3247    29.3238   5.863636   5.863756     3.1184     2.6325       7.20   22.27498  -97.71968   -0.00042   -0.00048          1  0.000e+00
      19713    821.333     20.300     20.428    29.3245    29.3245   5.863667   5.863764     3.1184     2.6325       7.20   22.27498  -97.71968   -0.00039   -0.00049          1  0.000e+00
      19714    821.375     20.360     20.489    29.3247    29.3256   5.863683   5.863724     3.1184     2.6325       7.20   22.27498  -97.71968   -0.00036   -0.00049          1  0.000e+00
      19715    821.417     20.306     20.435    29.3236    29.3257   5.863683   5.863724     3.1184     2.6325       7.20   22.27498  -97.71968   -0.00033   -0.00049          1  0.000e+00
      19716    821.458     20.354     20.483    29.3225    29.3253   5.863612   5.863764     3.1184     2.6325       7.23   22.27498  -97.71968   -0.00032   -0.00050          1  0.000e+00
      19717    821.500     20.360     20.489    29.3225    29.3238   5.863691   5.863901     3.1184     2.6337       7.20   22.27498  -97.71968   -0.00030   -0.00050          1  0.000e+00
      19718    821.542     20.306     20.435    29.3232    29.3225   5.863659   5.863925     3.1184     2.6337       7.20   22.27498  -97.71968   -0.00027   -0.00050          1  0.000e+00
      19719    821.583     20.354     20.483    29.3239    29.3217   5.863707   5.863925     3.1184     2.6337       7.20   22.27498  -97.71968   -0.00025   -0.00050          1  0.000e+00
      19720    821.625     20.360     20.489    29.3241    29.3225   5.863620   5.863925     3.1184     2.6337       7.20   22.27498  -97.71968   -0.00024   -0.00051          1  0.000e+00
      19721    821.667     20.360     20.489    29.3245    29.3236   5.863691   5.863973     3.1184     2.6337       7.20   22.27498  -97.71968   -0.00023   -0.00051          1  0.000e+00
      19722    821.708     20.354     20.483    29.3247    29.3242   5.863731   5.863941     3.1184     2.6349       7.20   22.27498  -97.71968   -0.00022   -0.00049          1  0.000e+00
      19723    821.750     20.408     20.537    29.3243    29.3249   5.863691   5.863925     3.1184     2.6349       7.20   22.27498  -97.71968   -0.00019   -0.00048          1  0.000e+00
      19724    821.792     20.360     20.489    29.3241    29.3253   5.863715   5.863925     3.1184     2.6349       7.20   22.27498  -97.71968   -0.00016   -0.00047          1  0.000e+00
      19725    821.833     20.354     20.483    29.3241    29.3255   5.863644   5.863941     3.1184     2.6349       7.20   22.27498  -97.71968   -0.00015   -0.00045          1  0.000e+00
      19726    821.875     20.408     20.537    29.3225    29.3256   5.863739   5.863925     3.1184     2.6349       7.20   22.27498  -97.71968   -0.00014   -0.00044          1  0.000e+00
      19727    821.917     20.360     20.489    29.3217    29.3249   5.863778   5.863925     3.1184     2.6361       7.20   22.27498  -97.71968   -0.00011   -0.00041          1  0.000e+00
      19728    821.958     20.401     20.530    29.3212    29.3243   5.863739   5.863957     3.1184     2.6349       7.20   22.27498  -97.71968   -0.00008   -0.00039          1  0.000e+00
      19729    822.000     20.360     20.489    29.3204    29.3242   5.863731   5.863949     3.1172     2.6349       7.13   22.27498  -97.71968   -0.00008   -0.00038          1  0.000e+00
      19730    822.042     20.408     20.537    29.3197    29.3232   5.863731   5.863925     3.1184     2.6349       7.08   22.27498  -97.71968   -0.00007   -0.00037          1  0.000e+00
      19731    822.083     20.401     20.530    29.3197    29.3232   5.863763   5.863957     3.1172     2.6349       7.08   22.27498  -97.71968   -0.00007   -0.00036          1  0.000e+00
      19732    822.125     20.408     20.537    29.3206    29.3235   5.863707   5.863973     3.1172     2.6361       7.08   22.27498  -97.71968   -0.00007   -0.00033          1  0.000e+00
      19733    822.167     20.408     20.537    29.3213    29.3236   5.863683   5.863989     3.1172     2.6349       7.11   22.27498  -97.71968   -0.00008   -0.00030          1  0.000e+00
      19734    822.208     20.401     20.530    29.3217    29.3243   5.863683   5.863901     3.1160     2.6349       7.08   22.27498  -97.71968   -0.00008   -0.00029          1  0.000e+00
      19735    822.250     20.408     20.537    29.3212    29.3246   5.863612   5.863877     3.1172     2.6349       7.08   22.27498  -97.71968   -0.00006   -0.00026          1  0.000e+00
      19736    822.292     20.448     20.578    29.3212    29.3247   5.863660   5.863949     3.1172     2.6349       7.08   22.27498  -97.71968   -0.00007   -0.00024          1  0.000e+00
      19737    822.333     20.408     20.537    29.3217    29.3234   5.863683   5.864021     3.1172     2.6349       7.08   22.27498  -97.71968   -0.00005   -0.00021          1  0.000e+00
      19738    822.375     20.408     20.537    29.3223    29.3219   5.863683   5.863949     3.1160     2.6337       7.08   22.27498  -97.71968   -0.00005   -0.00020          1  0.000e+00
      19739    822.417     20.448     20.578    29.3221    29.3212   5.863644   5.863997     3.1160     2.6349       7.08   22.27498  -97.71968   -0.00007   -0.00017          1  0.000e+00
      19740    822.458     20.408     20.537    29.3213    29.3206   5.863667   5.864053     3.1160     2.6337       7.08   22.27498  -97.71968   -0.00008   -0.00016          1  0.000e+00
      19741    822.500     20.455     20.585    29.3213    29.3204   5.863683   5.863941     3.1160     2.6349       7.08   22.27498  -97.71968   -0.00010   -0.00013          1  0.000e+00
      19742    822.542     20.448     20.578    29.3221    29.3201   5.863667   5.863989     3.1160     2.6337       7.08   22.27498  -97.71968   -0.00009   -0.00012          1  0.000e+00
      19743    822.583     20.455     20.585    29.3226    29.3208   5.863644   5.863909     3.1148     2.6337       7.08   22.27498  -97.71968   -0.00011   -0.00011          1  0.000e+00
      19744    822.625     20.408     20.537    29.3228    29.3213   5.863667   5.863981     3.1160     2.6337       7.08   22.27498  -97.71968   -0.00010   -0.00010          1  0.000e+00
      19745    822.667     20.448     20.578    29.3221    29.3208   5.863683   5.863997     3.1160     2.6337       7.08   22.27498  -97.71968   -0.00011   -0.00008          1  0.000e+00
      19746    822.708     20.455     20.585    29.3213    29.3201   5.863644   5.864013     3.1160     2.6337       7.08   22.27498  -97.71968   -0.00012   -0.00007          1  0.000e+00
      19747    822.750     20.455     20.585    29.3213    29.3200   5.863667   5.863981     3.1160     2.6337       7.08   22.27498  -97.71968   -0.00011   -0.00006          1  0.000e+00
      19748    822.792     20.448     20.578    29.3216    29.3200   5.863683   5.863973     3.1160     2.6337       7.08   22.27498  -97.71968   -0.00012   -0.00005          1  0.000e+00
      19749    822.833     20.509     20.639    29.3217    29.3197   5.863715   5.863949     3.1160     2.6337       7.08   22.27498  -97.71968   -0.00013   -0.00003          1  0.000e+00
      19750    822.875     20.455     20.585    29.3215    29.3198   5.863731   5.863965     3.1148     2.6325       7.08   22.27498  -97.71968   -0.00015   -0.00004          1  0.000e+00
      19751    822.917     20.448     20.578    29.3215    29.3202   5.863691   5.863973     3.1148     2.6325       7.08   22.27498  -97.71968   -0.00016   -0.00004          1  0.000e+00
      19752    822.958     20.455     20.585    29.3213    29.3204   5.863612   5.863973     3.1148     2.6325       7.08   22.27498  -97.71968   -0.00018   -0.00004          1  0.000e+00
      19753    823.000     20.455     20.585    29.3208    29.3205   5.863691   5.864021     3.1148     2.6313       7.03   22.27498  -97.71968   -0.00020   -0.00006          1  0.000e+00
      19754    823.042     20.496     20.625    29.3193    29.3202   5.863731   5.863989     3.1148     2.6325       7.03   22.27498  -97.71968   -0.00020   -0.00006          1  0.000e+00
      19755    823.083     20.455     20.585    29.3191    29.3204   5.863691   5.863973     3.1148     2.6313       7.03   22.27498  -97.71968   -0.00022   -0.00008          1  0.000e+00
      19756    823.125     20.509     20.639    29.3202    29.3208   5.863644   5.863973     3.1148     2.6313       7.03   22.27498  -97.71968   -0.00024   -0.00009          1  0.000e+00
      19757    823.167     20.496     20.625    29.3206    29.3208   5.863667   5.863989     3.1136     2.6325       7.03   22.27498  -97.71968   -0.00027   -0.00011          1  0.000e+00
      19758    823.208     20.455     20.585    29.3204    29.3212   5.863644   5.863901     3.1148     2.6313       7.03   22.27498  -97.71968   -0.00029   -0.00014          1  0.000e+00
      19759    823.250     20.509     20.639    29.3201    29.3215   5.863660   5.863949     3.1148     2.6313       7.03   22.27498  -97.71968   -0.00032   -0.00016          1  0.000e+00
      19760    823.292     20.448     20.578    29.3202    29.3216   5.863675   5.863973     3.1148     2.6313       7.03   22.27498  -97.71968   -0.00035   -0.00017          1  0.000e+00
      19761    823.333     20.509     20.639    29.3202    29.3217   5.863683   5.863989     3.1148     2.6325       7.03   22.27498  -97.71968   -0.00038   -0.00018          1  0.000e+00
      19762    823.375     20.496     20.625    29.3201    29.3219   5.863612   5.863973     3.1148     2.6313       7.03   22.27498  -97.71968   -0.00041   -0.00019          1  0.000e+00
      19763    823.417     20.509     20.639    29.3208    29.3219   5.863660   5.863973     3.1148     2.6313       7.03   22.27498  -97.71968   -0.00044   -0.00020          1  0.000e+00
      19764    823.458     20.509     20.639    29.3225    29.3214   5.863501   5.863973     3.1148     2.6325       7.03   22.27498  -97.71968   -0.00049   -0.00019          1  0.000e+00
      19765    823.500     20.496     20.625    29.3234    29.3212   5.863477   5.863989     3.1148     2.6313       7.03   22.27498  -97.71968   -0.00051   -0.00020          1  0.000e+00
      19766    823.542     20.455     20.585    29.3247    29.3210   5.863525   5.864013     3.1160     2.6313       7.03   22.27498  -97.71968   -0.00054   -0.00021          1  0.000e+00
      19767    823.583     20.509     20.639    29.3254    29.3210   5.863501   5.863949     3.1160     2.6313       7.03   22.27498  -97.71968   -0.00057   -0.00022          1  0.000e+00
      19768    823.625     20.550     20.680    29.3254    29.3205   5.863564   5.864029     3.1148     2.6313       7.03   22.27498  -97.71968   -0.00061   -0.00022          1  0.000e+00
      19769    823.667     20.455     20.585    29.3258    29.3202   5.863588   5.864013     3.1160     2.6313       7.03   22.27498  -97.71968   -0.00064   -0.00023          1  0.000e+00
      19770    823.708     20.556     20.687    29.3267    29.3202   5.863517   5.863973     3.1148     2.6313       7.03   22.27498  -97.71968   -0.00069   -0.00025          1  0.000e+00
      19771    823.750     20.496     20.625    29.3270    29.3201   5.863493   5.864005     3.1148     2.6325       7.01   22.27498  -97.71968   -0.00073   -0.00025          1  0.000e+00
      19772    823.792     20.509     20.639    29.3276    29.3204   5.863453   5.863981     3.1148     2.6325       7.03   22.27498  -97.71968   -0.00076   -0.00025          1  0.000e+00
      19773    823.833     20.509     20.639    29.3278    29.3204   5.863334   5.863989     3.1148     2.6325       7.03   22.27498  -97.71968   -0.00080   -0.00026          1  0.000e+00
