Gulf of Mexico/GOMECC-4/1db/rb2103_0531.ros
* Sea-Bird SBE 9 Data File:
* FileName = C:\Users\scs.user.rb\CTD\GOMECC4\data\rb2103_0531.hex
* Software Version Seasave V 7.26.7.107
* Temperature SN = 4799
* Conductivity SN = 3860
* Number of Bytes Per Scan = 41
* Number of Voltage Words = 4
* Number of Scans Averaged by the Deck Unit = 1
* NMEA Latitude = 27 19.96 N
* NMEA Longitude = 095 00.01 W
* NMEA UTC (Time) = Sep 28 2021  09:37:15
* NMEA baud rate = 4800
# nquan = 17
# nvalues = 2793                                  
# units = specified
# name 0 = scan: Scan Count
# name 1 = timeS: Time, Elapsed [seconds]
# name 2 = depSM: Depth [salt water, m]
# name 3 = prDM: Pressure, Digiquartz [db]
# name 4 = t090C: Temperature [ITS-90, deg C]
# name 5 = t190C: Temperature, 2 [ITS-90, deg C]
# name 6 = c0S/m: Conductivity [S/m]
# name 7 = c1S/m: Conductivity, 2 [S/m]
# name 8 = sbeox0V: Oxygen raw, SBE 43 [V]
# name 9 = sbeox1V: Oxygen raw, SBE 43, 2 [V]
# name 10 = altM: Altimeter [m]
# name 11 = latitude: Latitude [deg]
# name 12 = longitude: Longitude [deg]
# name 13 = sbox0dV/dT: Oxygen, SBE 43 [dov/dt]
# name 14 = sbox1dV/dT: Oxygen, SBE 43, 2 [dov/dt]
# name 15 = nbf: Bottles Fired
# name 16 = flag:  0.000e+00
# interval = seconds: 0.0416667
# start_time = Sep 28 2021 09:37:15 [NMEA time, header]
# bad_flag = -9.990e-29
*END*
[from data line 86]
      46437   1934.833   1099.170   1109.427     4.6639     4.6641   3.360311   3.360201     1.9219     1.6056      10.01   27.33258  -94.99884    0.00001   -0.00015          1  0.000e+00
      46438   1934.875   1099.224   1109.481     4.6639     4.6642   3.360330   3.360195     1.9219     1.6056      10.01   27.33258  -94.99884    0.00001   -0.00014          1  0.000e+00
      46439   1934.917   1099.170   1109.427     4.6641     4.6646   3.360393   3.360214     1.9219     1.6056      10.01   27.33258  -94.99884    0.00001   -0.00013          1  0.000e+00
      46440   1934.958   1099.224   1109.481     4.6641     4.6642   3.360387   3.360227     1.9219     1.6056      10.01   27.33258  -94.99884    0.00001   -0.00012          1  0.000e+00
      46441   1935.000   1099.170   1109.427     4.6641     4.6642   3.360374   3.360227     1.9219     1.6056      10.01   27.33258  -94.99884    0.00001   -0.00011          1  0.000e+00
      46442   1935.042   1099.170   1109.427     4.6641     4.6642   3.360336   3.360201     1.9219     1.6056      10.01   27.33258  -94.99884    0.00001   -0.00010          1  0.000e+00
      46443   1935.083   1099.224   1109.481     4.6643     4.6644   3.360343   3.360239     1.9219     1.6056      10.01   27.33258  -94.99884    0.00001   -0.00009          1  0.000e+00
      46444   1935.125   1099.170   1109.427     4.6639     4.6646   3.360368   3.360259     1.9206     1.6044      10.01   27.33258  -94.99884   -0.00003   -0.00010          1  0.000e+00
      46445   1935.167   1099.170   1109.427     4.6641     4.6644   3.360349   3.360233     1.9219     1.6056      10.01   27.33258  -94.99884   -0.00003   -0.00009          1  0.000e+00
      46446   1935.208   1099.170   1109.427     4.6643     4.6644   3.360343   3.360227     1.9219     1.6056      10.01   27.33258  -94.99884   -0.00003   -0.00008          1  0.000e+00
      46447   1935.250   1099.224   1109.481     4.6641     4.6643   3.360368   3.360265     1.9219     1.6056      10.01   27.33258  -94.99884   -0.00003   -0.00007          1  0.000e+00
      46448   1935.292   1099.170   1109.427     4.6643     4.6642   3.360393   3.360214     1.9219     1.6056      10.01   27.33258  -94.99884   -0.00003   -0.00006          1  0.000e+00
      46449   1935.333   1099.170   1109.427     4.6641     4.6646   3.360362   3.360233     1.9231     1.6056      10.01   27.33258  -94.99884   -0.00001   -0.00005          1  0.000e+00
      46450   1935.375   1099.224   1109.481     4.6641     4.6646   3.360393   3.360233     1.9219     1.6056      10.01   27.33258  -94.99884   -0.00001   -0.00004          1  0.000e+00
      46451   1935.417   1099.170   1109.427     4.6643     4.6644   3.360355   3.360227     1.9219     1.6056      10.01   27.33258  -94.99884   -0.00001   -0.00003          1  0.000e+00
      46452   1935.458   1099.170   1109.427     4.6643     4.6642   3.360343   3.360227     1.9219     1.6056      10.01   27.33258  -94.99884   -0.00002   -0.00002          1  0.000e+00
      46453   1935.500   1099.224   1109.481     4.6641     4.6643   3.360393   3.360246     1.9219     1.6056      10.01   27.33258  -94.99884   -0.00002   -0.00001          1  0.000e+00
      46454   1935.542   1099.170   1109.427     4.6644     4.6642   3.360387   3.360233     1.9219     1.6056      10.01   27.33258  -94.99884   -0.00002    0.00000          1  0.000e+00
      46455   1935.583   1099.170   1109.427     4.6643     4.6646   3.360419   3.360201     1.9219     1.6056      10.01   27.33258  -94.99884   -0.00002    0.00001          1  0.000e+00
      46456   1935.625   1099.224   1109.481     4.6641     4.6646   3.360393   3.360214     1.9219     1.6056      10.01   27.33258  -94.99884   -0.00002    0.00002          1  0.000e+00
      46457   1935.667   1099.170   1109.427     4.6643     4.6642   3.360381   3.360227     1.9219     1.6056      10.01   27.33258  -94.99884   -0.00000    0.00003          1  0.000e+00
      46458   1935.708   1099.170   1109.427     4.6643     4.6643   3.360349   3.360246     1.9219     1.6056      10.01   27.33258  -94.99884   -0.00000    0.00004          1  0.000e+00
      46459   1935.750   1099.170   1109.427     4.6646     4.6647   3.360368   3.360207     1.9219     1.6056      10.01   27.33258  -94.99884   -0.00000    0.00006          1  0.000e+00
      46460   1935.792   1099.170   1109.427     4.6643     4.6642   3.360400   3.360233     1.9219     1.6056      10.01   27.33258  -94.99884   -0.00000    0.00007          1  0.000e+00
      46461   1935.833   1099.224   1109.481     4.6643     4.6644   3.360387   3.360207     1.9219     1.6056      10.01   27.33258  -94.99884   -0.00000    0.00006          1  0.000e+00
      46462   1935.875   1099.170   1109.427     4.6643     4.6644   3.360374   3.360214     1.9219     1.6056      10.01   27.33258  -94.99884   -0.00000    0.00007          1  0.000e+00
      46463   1935.917   1099.170   1109.427     4.6644     4.6644   3.360374   3.360227     1.9219     1.6056      10.01   27.33258  -94.99884   -0.00000    0.00008          1  0.000e+00
      46464   1935.958   1099.170   1109.427     4.6641     4.6642   3.360381   3.360175     1.9219     1.6056      10.01   27.33258  -94.99884   -0.00000    0.00009          1  0.000e+00
      46465   1936.000   1099.232   1109.489     4.6643     4.6644   3.360374   3.360207     1.9219     1.6056      10.01   27.33258  -94.99884   -0.00000    0.00010          1  0.000e+00
      46466   1936.042   1099.170   1109.427     4.6641     4.6642   3.360355   3.360175     1.9219     1.6056      10.01   27.33258  -94.99884   -0.00000    0.00011          1  0.000e+00
      46467   1936.083   1099.170   1109.427     4.6641     4.6642   3.360349   3.360227     1.9219     1.6056      10.01   27.33258  -94.99884   -0.00000    0.00012          1  0.000e+00
      46468   1936.125   1099.170   1109.427     4.6643     4.6644   3.360349   3.360207     1.9219     1.6056      10.01   27.33258  -94.99884   -0.00001    0.00013          1  0.000e+00
      46469   1936.167   1099.224   1109.482     4.6639     4.6642   3.360343   3.360214     1.9219     1.6056      10.01   27.33258  -94.99884   -0.00002    0.00014          1  0.000e+00
      46470   1936.208   1099.171   1109.427     4.6641     4.6646   3.360393   3.360227     1.9219     1.6056      10.01   27.33258  -94.99884   -0.00002    0.00015          1  0.000e+00
      46471   1936.250   1099.171   1109.427     4.6643     4.6644   3.360362   3.360246     1.9219     1.6056      10.04   27.33258  -94.99884   -0.00002    0.00016          1  0.000e+00
      46472   1936.292   1099.171   1109.427     4.6641     4.6644   3.360343   3.360252     1.9219     1.6056      10.04   27.33258  -94.99884   -0.00003    0.00017          1  0.000e+00
      46473   1936.333   1099.171   1109.427     4.6643     4.6647   3.360343   3.360278     1.9219     1.6056      10.04   27.33258  -94.99884   -0.00003    0.00018          1  0.000e+00
      46474   1936.375   1099.171   1109.427     4.6644     4.6646   3.360349   3.360239     1.9219     1.6056      10.04   27.33258  -94.99884   -0.00003    0.00017          1  0.000e+00
      46475   1936.417   1099.224   1109.482     4.6641     4.6643   3.360349   3.360227     1.9219     1.6056      10.04   27.33258  -94.99884   -0.00003    0.00018          1  0.000e+00
      46476   1936.458   1099.171   1109.427     4.6641     4.6646   3.360368   3.360227     1.9206     1.6056      10.04   27.33258  -94.99884   -0.00005    0.00019          1  0.000e+00
      46477   1936.500   1099.171   1109.427     4.6643     4.6642   3.360355   3.360246     1.9219     1.6056      10.04   27.33258  -94.99884   -0.00005    0.00020          1  0.000e+00
      46478   1936.542   1099.171   1109.427     4.6643     4.6644   3.360368   3.360233     1.9219     1.6056      10.04   27.33258  -94.99884   -0.00005    0.00021          1  0.000e+00
      46479   1936.583   1099.171   1109.427     4.6643     4.6644   3.360374   3.360201     1.9219     1.6056      10.04   27.33258  -94.99884   -0.00005    0.00020          1  0.000e+00
      46480   1936.625   1099.171   1109.427     4.6641     4.6647   3.360374   3.360195     1.9231     1.6068      10.04   27.33258  -94.99884   -0.00003    0.00021          1  0.000e+00
      46481   1936.667   1099.171   1109.427     4.6641     4.6643   3.360355   3.360214     1.9231     1.6068      10.04   27.33258  -94.99884    0.00000    0.00023          1  0.000e+00
      46482   1936.708   1099.171   1109.427     4.6643     4.6642   3.360349   3.360227     1.9219     1.6056      10.04   27.33258  -94.99884    0.00000    0.00024          1  0.000e+00
      46483   1936.750   1099.171   1109.428     4.6644     4.6642   3.360368   3.360227     1.9219     1.6056      10.04   27.33258  -94.99884    0.00000    0.00023          1  0.000e+00
      52334   2180.542   1015.473   1024.742     5.2846     5.2848   3.410741   3.410569     1.8120     1.5031      94.80   27.33250  -94.99848    0.00011   -0.00006          2  0.000e+00
      52335   2180.583   1015.871   1025.144     5.2845     5.2850   3.410735   3.410608     1.8120     1.5031      94.80   27.33250  -94.99848    0.00011   -0.00007          2  0.000e+00
      52336   2180.625   1015.702   1024.974     5.2846     5.2845   3.410779   3.410615     1.8120     1.5031      94.80   27.33250  -94.99848    0.00010   -0.00008          2  0.000e+00
      52337   2180.667   1015.702   1024.974     5.2845     5.2845   3.410798   3.410621     1.8120     1.5043      94.80   27.33250  -94.99848    0.00010   -0.00007          2  0.000e+00
      52338   2180.708   1015.756   1025.028     5.2846     5.2848   3.410773   3.410595     1.8120     1.5031      94.80   27.33250  -94.99848    0.00009   -0.00008          2  0.000e+00
      52339   2180.750   1015.702   1024.974     5.2844     5.2848   3.410766   3.410615     1.8120     1.5031      94.80   27.33250  -94.99848    0.00009   -0.00009          2  0.000e+00
      52340   2180.792   1015.756   1025.028     5.2848     5.2848   3.410741   3.410615     1.8120     1.5043      94.80   27.33250  -94.99846    0.00009   -0.00006          2  0.000e+00
      52341   2180.833   1015.756   1025.028     5.2845     5.2848   3.410735   3.410602     1.8120     1.5031      94.80   27.33250  -94.99846    0.00008   -0.00007          2  0.000e+00
      52342   2180.875   1015.756   1025.028     5.2845     5.2848   3.410735   3.410608     1.8120     1.5031      94.80   27.33250  -94.99846    0.00006   -0.00006          2  0.000e+00
      52343   2180.917   1015.703   1024.974     5.2846     5.2850   3.410754   3.410621     1.8120     1.5031      94.80   27.33250  -94.99846    0.00006   -0.00007          2  0.000e+00
      52344   2180.958   1015.756   1025.028     5.2845     5.2847   3.410741   3.410595     1.8120     1.5031      94.80   27.33250  -94.99846    0.00005   -0.00006          2  0.000e+00
      52345   2181.000   1015.756   1025.028     5.2846     5.2850   3.410754   3.410608     1.8120     1.5031      94.80   27.33250  -94.99846    0.00005   -0.00005          2  0.000e+00
      52346   2181.042   1015.817   1025.090     5.2845     5.2851   3.410766   3.410602     1.8132     1.5031      94.80   27.33250  -94.99846    0.00006   -0.00006          2  0.000e+00
      52347   2181.083   1015.756   1025.028     5.2846     5.2851   3.410766   3.410608     1.8120     1.5031      94.80   27.33250  -94.99846    0.00006   -0.00005          2  0.000e+00
      52348   2181.125   1015.756   1025.028     5.2848     5.2850   3.410741   3.410602     1.8120     1.5031      94.80   27.33250  -94.99846    0.00004   -0.00006          2  0.000e+00
      52349   2181.167   1015.817   1025.090     5.2846     5.2848   3.410754   3.410608     1.8120     1.5031      94.80   27.33250  -94.99846    0.00003   -0.00005          2  0.000e+00
      52350   2181.208   1015.756   1025.029     5.2846     5.2847   3.410785   3.410602     1.8120     1.5031      94.80   27.33250  -94.99846    0.00003   -0.00005          2  0.000e+00
      52351   2181.250   1015.818   1025.090     5.2849     5.2846   3.410773   3.410589     1.8120     1.5031      94.77   27.33250  -94.99846    0.00004   -0.00004          2  0.000e+00
      52352   2181.292   1015.818   1025.090     5.2846     5.2846   3.410766   3.410595     1.8120     1.5031      94.77   27.33250  -94.99846    0.00003   -0.00005          2  0.000e+00
      52353   2181.333   1015.756   1025.029     5.2845     5.2846   3.410785   3.410589     1.8120     1.5031      94.77   27.33250  -94.99846    0.00003   -0.00006          2  0.000e+00
      52354   2181.375   1015.871   1025.145     5.2845     5.2848   3.410773   3.410615     1.8120     1.5031      94.77   27.33250  -94.99846    0.00002   -0.00006          2  0.000e+00
      52355   2181.417   1015.818   1025.091     5.2843     5.2846   3.410741   3.410595     1.8120     1.5043      94.77   27.33250  -94.99846    0.00002   -0.00005          2  0.000e+00
      52356   2181.458   1015.818   1025.091     5.2844     5.2845   3.410735   3.410589     1.8120     1.5031      94.77   27.33250  -94.99846    0.00002   -0.00006          2  0.000e+00
      52357   2181.500   1015.818   1025.091     5.2843     5.2847   3.410709   3.410595     1.8120     1.5043      94.77   27.33250  -94.99846    0.00001   -0.00005          2  0.000e+00
      52358   2181.542   1015.871   1025.145     5.2843     5.2843   3.410722   3.410563     1.8120     1.5043      94.80   27.33250  -94.99846    0.00001   -0.00004          2  0.000e+00
      52359   2181.583   1015.818   1025.091     5.2845     5.2845   3.410735   3.410589     1.8120     1.5043      94.77   27.33250  -94.99846    0.00000   -0.00003          2  0.000e+00
      52360   2181.625   1015.871   1025.145     5.2843     5.2845   3.410735   3.410563     1.8120     1.5043      94.77   27.33250  -94.99846   -0.00000   -0.00000          2  0.000e+00
      52361   2181.667   1015.871   1025.145     5.2840     5.2843   3.410709   3.410537     1.8120     1.5031      94.77   27.33250  -94.99846   -0.00001   -0.00001          2  0.000e+00
      52362   2181.708   1015.871   1025.145     5.2840     5.2840   3.410703   3.410550     1.8120     1.5043      94.77   27.33250  -94.99846   -0.00001    0.00002          2  0.000e+00
      52363   2181.750   1015.871   1025.145     5.2840     5.2840   3.410703   3.410563     1.8120     1.5043      94.77   27.33250  -94.99846   -0.00002    0.00004          2  0.000e+00
      52364   2181.792   1015.871   1025.145     5.2839     5.2842   3.410703   3.410557     1.8120     1.5043      94.77   27.33250  -94.99846   -0.00002    0.00007          2  0.000e+00
      52365   2181.833   1015.871   1025.145     5.2840     5.2839   3.410703   3.410563     1.8120     1.5031      94.77   27.33250  -94.99846   -0.00003    0.00006          2  0.000e+00
      52366   2181.875   1015.871   1025.145     5.2838     5.2840   3.410684   3.410557     1.8120     1.5031      94.77   27.33250  -94.99846   -0.00003    0.00006          2  0.000e+00
      52367   2181.917   1015.871   1025.145     5.2837     5.2842   3.410677   3.410563     1.8132     1.5043      94.77   27.33250  -94.99846   -0.00002    0.00007          2  0.000e+00
      52368   2181.958   1015.933   1025.207     5.2838     5.2842   3.410716   3.410557     1.8120     1.5043      94.77   27.33250  -94.99846   -0.00002    0.00007          2  0.000e+00
      52369   2182.000   1015.933   1025.207     5.2837     5.2840   3.410690   3.410557     1.8120     1.5043      94.77   27.33250  -94.99846   -0.00003    0.00008          2  0.000e+00
      52370   2182.042   1015.872   1025.145     5.2837     5.2840   3.410677   3.410563     1.8120     1.5043      94.77   27.33250  -94.99846   -0.00001    0.00011          2  0.000e+00
