Gulf of Mexico/GOMECC-4/1db/rb2103_0821.ros
* Sea-Bird SBE 9 Data File:
* FileName = C:\Users\scs.user.rb\CTD\GOMECC4\data\rb2103_0821.hex
* Software Version Seasave V 7.26.7.107
* Temperature SN = 4799
* Conductivity SN = 3860
* Number of Bytes Per Scan = 41
* Number of Voltage Words = 4
* Number of Scans Averaged by the Deck Unit = 1
* NMEA Latitude = 22 16.54 N
* NMEA Longitude = 095 35.27 W
* NMEA UTC (Time) = Oct 06 2021  22:50:02
* NMEA baud rate = 4800
# nquan = 17
# nvalues = 3192                                  
# units = specified
# name 0 = scan: Scan Count
# name 1 = timeS: Time, Elapsed [seconds]
# name 2 = depSM: Depth [salt water, m]
# name 3 = prDM: Pressure, Digiquartz [db]
# name 4 = t090C: Temperature [ITS-90, deg C]
# name 5 = t190C: Temperature, 2 [ITS-90, deg C]
# name 6 = c0S/m: Conductivity [S/m]
# name 7 = c1S/m: Conductivity, 2 [S/m]
# name 8 = sbeox0V: Oxygen raw, SBE 43 [V]
# name 9 = sbeox1V: Oxygen raw, SBE 43, 2 [V]
# name 10 = altM: Altimeter [m]
# name 11 = latitude: Latitude [deg]
# name 12 = longitude: Longitude [deg]
# name 13 = sbox0dV/dT: Oxygen, SBE 43 [dov/dt]
# name 14 = sbox1dV/dT: Oxygen, SBE 43, 2 [dov/dt]
# name 15 = nbf: Bottles Fired
# name 16 = flag:  0.000e+00
# interval = seconds: 0.0416667
# start_time = Oct 06 2021 22:50:02 [NMEA time, header]
# bad_flag = -9.990e-29
*END*
[from data line 2383]
     210653   8777.167     77.601     78.104    22.0899    22.0907   5.164211   5.164291     2.9341     2.5055     100.00   22.27434  -95.59148    0.00002    0.00089         18  0.000e+00
     210654   8777.208     77.642     78.145    22.0899    22.0911   5.164242   5.164268     2.9328     2.5043     100.00   22.27434  -95.59148   -0.00001    0.00087         18  0.000e+00
     210655   8777.250     77.689     78.192    22.0901    22.0911   5.164219   5.164291     2.9341     2.5043     100.00   22.27434  -95.59148   -0.00003    0.00084         18  0.000e+00
     210656   8777.292     77.601     78.104    22.0899    22.0915   5.164181   5.164329     2.9341     2.5055     100.00   22.27434  -95.59148   -0.00002    0.00085         18  0.000e+00
     210657   8777.333     77.642     78.145    22.0899    22.0918   5.164166   5.164344     2.9341     2.5043     100.00   22.27434  -95.59148   -0.00004    0.00082         18  0.000e+00
     210658   8777.375     77.648     78.151    22.0903    22.0917   5.164196   5.164344     2.9328     2.5043     100.00   22.27434  -95.59148   -0.00007    0.00081         18  0.000e+00
     210659   8777.417     77.594     78.097    22.0901    22.0920   5.164211   5.164375     2.9341     2.5043     100.00   22.27434  -95.59148   -0.00006    0.00080         18  0.000e+00
     210660   8777.458     77.649     78.152    22.0901    22.0920   5.164242   5.164390     2.9328     2.5043     100.00   22.27434  -95.59148   -0.00008    0.00077         18  0.000e+00
     210661   8777.500     77.642     78.145    22.0901    22.0918   5.164219   5.164352     2.9328     2.5055     100.00   22.27434  -95.59148   -0.00009    0.00077         18  0.000e+00
     210662   8777.542     77.642     78.145    22.0903    22.0917   5.164234   5.164375     2.9328     2.5043     100.00   22.27434  -95.59148   -0.00010    0.00076         18  0.000e+00
     210663   8777.583     77.649     78.152    22.0903    22.0920   5.164249   5.164420     2.9328     2.5043     100.00   22.27434  -95.59148   -0.00012    0.00073         18  0.000e+00
     210774   8782.208     77.848     78.352    22.0905    22.0925   5.164264   5.164474     2.9353     2.5055     100.00   22.27434  -95.59148    0.00029    0.00089         19  0.000e+00
     210775   8782.250     77.394     77.895    22.0906    22.0927   5.164256   5.164443     2.9353     2.5055     100.00   22.27434  -95.59148    0.00029    0.00089         19  0.000e+00
     210776   8782.292     77.604     78.107    22.0905    22.0928   5.164257   5.164458     2.9341     2.5055     100.00   22.27434  -95.59148    0.00029    0.00088         19  0.000e+00
     210777   8782.333     77.645     78.148    22.0903    22.0927   5.164249   5.164504     2.9341     2.5055     100.00   22.27434  -95.59148    0.00029    0.00088         19  0.000e+00
     210778   8782.375     77.604     78.107    22.0901    22.0928   5.164159   5.164481     2.9353     2.5055     100.00   22.27434  -95.59148    0.00029    0.00087         19  0.000e+00
     210779   8782.417     77.597     78.100    22.0901    22.0926   5.164159   5.164405     2.9353     2.5055     100.00   22.27434  -95.59148    0.00029    0.00085         19  0.000e+00
     210780   8782.458     77.645     78.148    22.0905    22.0920   5.164174   5.164321     2.9341     2.5055     100.00   22.27434  -95.59148    0.00029    0.00084         19  0.000e+00
     210781   8782.500     77.604     78.107    22.0903    22.0915   5.164174   5.164268     2.9341     2.5043     100.00   22.27434  -95.59148    0.00028    0.00081         19  0.000e+00
     210782   8782.542     77.645     78.148    22.0903    22.0912   5.164234   5.164260     2.9353     2.5055     100.00   22.27434  -95.59148    0.00030    0.00079         19  0.000e+00
     210783   8782.583     77.604     78.107    22.0903    22.0913   5.164189   5.164260     2.9353     2.5043     100.00   22.27434  -95.59148    0.00030    0.00074         19  0.000e+00
     210784   8782.625     77.645     78.148    22.0901    22.0909   5.164196   5.164260     2.9353     2.5043     100.00   22.27434  -95.59148    0.00031    0.00071         19  0.000e+00
     210785   8782.667     77.604     78.107    22.0905    22.0913   5.164211   5.164260     2.9341     2.5043     100.00   22.27434  -95.59148    0.00031    0.00068         19  0.000e+00
     210786   8782.708     77.645     78.148    22.0906    22.0914   5.164242   5.164291     2.9341     2.5043     100.00   22.27434  -95.59148    0.00029    0.00066         19  0.000e+00
     210787   8782.750     77.645     78.148    22.0908    22.0917   5.164257   5.164329     2.9353     2.5043     100.00   22.27434  -95.59148    0.00030    0.00063         19  0.000e+00
     210788   8782.792     77.604     78.107    22.0906    22.0920   5.162822   5.164375     2.9353     2.5043     100.00   22.27434  -95.59148    0.00031    0.00060         19  0.000e+00
     210789   8782.833     77.645     78.148    22.0908    22.0920   5.163265   5.164352     2.9341     2.5043     100.00   22.27434  -95.59148    0.00031    0.00057         19  0.000e+00
     210790   8782.875     77.652     78.155    22.0906    22.0920   5.164046   5.164344     2.9341     2.5055     100.00   22.27434  -95.59148    0.00029    0.00055         19  0.000e+00
     210791   8782.917     77.693     78.196    22.0908    22.0922   5.164181   5.164375     2.9353     2.5043     100.00   22.27434  -95.59148    0.00030    0.00052         19  0.000e+00
     210792   8782.958     77.652     78.155    22.0904    22.0920   5.164234   5.164352     2.9341     2.5043     100.00   22.27434  -95.59148    0.00029    0.00049         19  0.000e+00
     210793   8783.000     77.645     78.148    22.0905    22.0918   5.164189   5.164344     2.9341     2.5043     100.00   22.27434  -95.59148    0.00029    0.00046         19  0.000e+00
     210794   8783.042     77.645     78.148    22.0905    22.0914   5.164166   5.164314     2.9341     2.5043     100.00   22.27434  -95.59148    0.00028    0.00043         19  0.000e+00
     210795   8783.083     77.652     78.155    22.0901    22.0911   5.164166   5.164306     2.9353     2.5055     100.00   22.27434  -95.59148    0.00028    0.00043         19  0.000e+00
     210796   8783.125     77.645     78.148    22.0901    22.0911   5.164174   5.164329     2.9341     2.5043     100.00   22.27434  -95.59148    0.00025    0.00040         19  0.000e+00
     210797   8783.167     77.699     78.203    22.0901    22.0913   5.164174   5.164314     2.9353     2.5043     100.00   22.27434  -95.59148    0.00026    0.00037         19  0.000e+00
     210798   8783.208     77.693     78.196    22.0901    22.0914   5.164174   5.164306     2.9353     2.5043     100.00   22.27434  -95.59148    0.00028    0.00033         19  0.000e+00
     210799   8783.250     77.652     78.155    22.0901    22.0913   5.164166   5.164268     2.9353     2.5055     100.00   22.27434  -95.59148    0.00029    0.00032         19  0.000e+00
     210800   8783.292     77.645     78.148    22.0899    22.0909   5.164136   5.164222     2.9353     2.5043     100.00   22.27434  -95.59148    0.00028    0.00030         19  0.000e+00
     210801   8783.333     77.652     78.155    22.0898    22.0911   5.164129   5.164283     2.9341     2.5055     100.00   22.27434  -95.59148    0.00027    0.00028         19  0.000e+00
     210802   8783.375     77.693     78.196    22.0898    22.0911   5.164159   5.164306     2.9341     2.5055     100.00   22.27434  -95.59148    0.00026    0.00027         19  0.000e+00
     210803   8783.417     77.747     78.251    22.0892    22.0915   5.164069   5.164329     2.9341     2.5055     100.00   22.27434  -95.59148    0.00024    0.00027         19  0.000e+00
     210804   8783.458     77.652     78.155    22.0885    22.0918   5.163971   5.164344     2.9353     2.5055     100.00   22.27434  -95.59148    0.00023    0.00025         19  0.000e+00
     210805   8783.500     77.693     78.196    22.0887    22.0915   5.164016   5.164314     2.9341     2.5055     100.00   22.27434  -95.59148    0.00022    0.00023         19  0.000e+00
     210806   8783.542     77.700     78.203    22.0890    22.0911   5.164069   5.164268     2.9341     2.5055     100.00   22.27434  -95.59148    0.00021    0.00021         19  0.000e+00
     210807   8783.583     77.693     78.196    22.0894    22.0904   5.164084   5.164222     2.9353     2.5055     100.00   22.27434  -95.59148    0.00022    0.00019         19  0.000e+00
     210808   8783.625     77.700     78.203    22.0894    22.0904   5.164084   5.164215     2.9341     2.5055     100.00   22.27434  -95.59148    0.00019    0.00017         19  0.000e+00
     210809   8783.667     77.693     78.196    22.0896    22.0904   5.164084   5.164245     2.9341     2.5055     100.00   22.27434  -95.59148    0.00018    0.00014         19  0.000e+00
     210810   8783.708     77.693     78.196    22.0896    22.0905   5.164106   5.164222     2.9353     2.5055     100.00   22.27434  -95.59148    0.00019    0.00012         19  0.000e+00
     210811   8783.750     77.652     78.155    22.0894    22.0900   5.164121   5.164184     2.9353     2.5055     100.00   22.27434  -95.59148    0.00019    0.00010         19  0.000e+00
     210812   8783.792     77.693     78.196    22.0896    22.0895   5.164129   5.164139     2.9353     2.5055     100.00   22.27434  -95.59148    0.00018    0.00007         19  0.000e+00
     210813   8783.833     77.700     78.203    22.0894    22.0892   5.164129   5.164093     2.9353     2.5055     100.00   22.27434  -95.59148    0.00019    0.00005         19  0.000e+00
     210814   8783.875     77.747     78.251    22.0898    22.0893   5.164091   5.164085     2.9353     2.5055     100.00   22.27434  -95.59148    0.00020    0.00004         19  0.000e+00
     210815   8783.917     77.700     78.203    22.0898    22.0897   5.164106   5.164154     2.9353     2.5055     100.00   22.27434  -95.59148    0.00020    0.00003         19  0.000e+00
     210816   8783.958     77.693     78.196    22.0896    22.0899   5.164091   5.164177     2.9341     2.5055     100.00   22.27434  -95.59148    0.00019    0.00002         19  0.000e+00
     210817   8784.000     77.693     78.196    22.0896    22.0895   5.164114   5.164139     2.9341     2.5055     100.00   22.27434  -95.59148    0.00018    0.00001         19  0.000e+00
     210818   8784.042     77.652     78.155    22.0899    22.0895   5.164129   5.164131     2.9341     2.5055     100.00   22.27434  -95.59148    0.00016    0.00000         19  0.000e+00
     210819   8784.083     77.747     78.251    22.0899    22.0895   5.164159   5.164093     2.9353     2.5055     100.00   22.27434  -95.59148    0.00017   -0.00000         19  0.000e+00
     210820   8784.125     77.700     78.203    22.0899    22.0895   5.164129   5.164116     2.9341     2.5067     100.00   22.27434  -95.59148    0.00016    0.00000         19  0.000e+00
     210821   8784.167     77.693     78.196    22.0898    22.0902   5.164189   5.164161     2.9341     2.5055     100.00   22.27434  -95.59148    0.00014   -0.00001         19  0.000e+00
     210822   8784.208     77.700     78.203    22.0899    22.0906   5.164181   5.164200     2.9341     2.5067     100.00   22.27434  -95.59148    0.00013   -0.00000         19  0.000e+00
     210823   8784.250     77.747     78.251    22.0899    22.0904   5.164136   5.164184     2.9341     2.5055     100.00   22.27434  -95.59148    0.00012   -0.00001         19  0.000e+00
     210824   8784.292     77.700     78.203    22.0896    22.0904   5.164091   5.164177     2.9341     2.5067     100.00   22.27434  -95.59148    0.00011   -0.00001         19  0.000e+00
     210825   8784.333     77.693     78.197    22.0898    22.0905   5.164106   5.164177     2.9341     2.5055     100.00   22.27434  -95.59148    0.00009   -0.00002         19  0.000e+00
     210826   8784.375     77.693     78.197    22.0899    22.0908   5.164121   5.164200     2.9328     2.5067     100.00   22.27434  -95.59148    0.00008   -0.00002         19  0.000e+00
     210827   8784.417     77.700     78.203    22.0898    22.0909   5.164159   5.164245     2.9341     2.5055     100.00   22.27434  -95.59148    0.00007   -0.00001         19  0.000e+00
     210828   8784.458     77.748     78.251    22.0899    22.0909   5.164136   5.164291     2.9341     2.5067     100.00   22.27434  -95.59148    0.00006    0.00001         19  0.000e+00
     210829   8784.500     77.700     78.203    22.0898    22.0911   5.164159   5.164306     2.9341     2.5067     100.00   22.27434  -95.59148    0.00005    0.00003         19  0.000e+00
     210830   8784.542     77.748     78.251    22.0898    22.0909   5.164136   5.164268     2.9328     2.5055     100.00   22.27434  -95.59148    0.00002    0.00003         19  0.000e+00
     210831   8784.583     77.653     78.156    22.0898    22.0911   5.164121   5.164260     2.9341     2.5055     100.00   22.27434  -95.59148    0.00000    0.00004         19  0.000e+00
     210832   8784.625     77.646     78.149    22.0898    22.0909   5.164121   5.164222     2.9341     2.5067     100.00   22.27434  -95.59148   -0.00001    0.00006         19  0.000e+00
     210833   8784.667     77.795     78.299    22.0898    22.0909   5.164159   5.164283     2.9328     2.5067     100.00   22.27434  -95.59148   -0.00005    0.00008         19  0.000e+00
     210834   8784.708     77.754     78.258    22.0898    22.0915   5.164197   5.164268     2.9328     2.5055     100.00   22.27434  -95.59148   -0.00008    0.00008         19  0.000e+00
     210835   8784.750     77.693     78.197    22.0898    22.0914   5.164212   5.164291     2.9328     2.5055     100.00   22.27434  -95.59148   -0.00011    0.00008         19  0.000e+00
     210836   8784.792     77.700     78.204    22.0899    22.0913   5.164144   5.164329     2.9341     2.5067     100.00   22.27434  -95.59148   -0.00012    0.00010         19  0.000e+00
     210837   8784.833     77.748     78.251    22.0899    22.0914   5.164121   5.164314     2.9328     2.5055     100.00   22.27434  -95.59148   -0.00015    0.00010         19  0.000e+00
     210838   8784.875     77.700     78.204    22.0901    22.0913   5.164159   5.164306     2.9328     2.5055     100.00   22.27434  -95.59148   -0.00018    0.00011         19  0.000e+00
     210839   8784.917     77.748     78.251    22.0896    22.0912   5.164136   5.164268     2.9341     2.5067     100.00   22.27434  -95.59148   -0.00019    0.00012         19  0.000e+00
     210840   8784.958     77.694     78.197    22.0898    22.0913   5.164129   5.164291     2.9341     2.5055     100.00   22.27434  -95.59148   -0.00020    0.00013         19  0.000e+00
     210841   8785.000     77.700     78.204    22.0898    22.0912   5.164121   5.164329     2.9328     2.5055     100.00   22.27434  -95.59148   -0.00023    0.00013         19  0.000e+00
     210842   8785.042     77.694     78.197    22.0898    22.0917   5.164091   5.164314     2.9341     2.5055     100.00   22.27434  -95.59148   -0.00024    0.00013         19  0.000e+00
     210843   8785.083     77.700     78.204    22.0899    22.0917   5.164151   5.164329     2.9341     2.5055     100.00   22.27434  -95.59148   -0.00025    0.00013         19  0.000e+00
     210844   8785.125     77.748     78.251    22.0898    22.0918   5.164174   5.164344     2.9341     2.5055     100.00   22.27434  -95.59148   -0.00026    0.00013         19  0.000e+00
     210845   8785.167     77.700     78.204    22.0896    22.0917   5.164136   5.164276     2.9341     2.5055     100.00   22.27434  -95.59148   -0.00027    0.00014         19  0.000e+00
     210846   8785.208     77.748     78.252    22.0898    22.0912   5.164091   5.164291     2.9341     2.5055     100.00   22.27434  -95.59148   -0.00026    0.00014         19  0.000e+00
     210847   8785.250     77.700     78.204    22.0896    22.0911   5.164144   5.164268     2.9341     2.5055     100.00   22.27434  -95.59148   -0.00027    0.00014         19  0.000e+00
