Gulf of Mexico/GOMECC-4/1db/rb2103_1021.cnv
* Sea-Bird SBE 9 Data File:
* FileName = C:\Users\scs.user.rb\CTD\GOMECC4\data\rb2103_1021.hex
* Software Version Seasave V 7.26.7.107
* Temperature SN = 4799
* Conductivity SN = 3860
* Number of Bytes Per Scan = 41
* Number of Voltage Words = 4
* Number of Scans Averaged by the Deck Unit = 1
* NMEA Latitude = 23 46.13 N
* NMEA Longitude = 088 00.04 W
* NMEA UTC (Time) = Oct 12 2021  22:30:12
* NMEA baud rate = 4800
# nquan = 28
# nvalues = 181                         
# units = specified
# name 0 = scan: Scan Count
# name 1 = timeS: Time, Elapsed [seconds]
# name 2 = depSM: Depth [salt water, m]
# name 3 = prDM: Pressure, Digiquartz [db]
# name 4 = t090C: Temperature [ITS-90, deg C]
# name 5 = t190C: Temperature, 2 [ITS-90, deg C]
# name 6 = c0S/m: Conductivity [S/m]
# name 7 = c1S/m: Conductivity, 2 [S/m]
# name 8 = sbeox0V: Oxygen raw, SBE 43 [V]
# name 9 = sbeox1V: Oxygen raw, SBE 43, 2 [V]
# name 10 = altM: Altimeter [m]
# name 11 = latitude: Latitude [deg]
# name 12 = longitude: Longitude [deg]
# name 13 = sbox0dV/dT: Oxygen, SBE 43 [dov/dt]
# name 14 = sbox1dV/dT: Oxygen, SBE 43, 2 [dov/dt]
# name 15 = sbeox0ML/L: Oxygen, SBE 43 [ml/l], WS = 5
# name 16 = sbeox1ML/L: Oxygen, SBE 43, 2 [ml/l], WS = 5
# name 17 = potemp090C: Potential Temperature [ITS-90, deg C]
# name 18 = potemp190C: Potential Temperature, 2 [ITS-90, deg C]
# name 19 = sal00: Salinity, Practical [PSU]
# name 20 = sal11: Salinity, Practical, 2 [PSU]
# name 21 = sigma-é00: Density [sigma-theta, kg/m^3]
# name 22 = sigma-é11: Density, 2 [sigma-theta, kg/m^3]
# name 23 = avgsvCM: Average Sound Velocity [Chen-Millero, m/s], minP = 20, minS = 20
# name 24 = sbox0Mm/Kg: Oxygen, SBE 43 [umol/kg], WS = 5
# name 25 = sbox1Mm/Kg: Oxygen, SBE 43, 2 [umol/kg], WS = 5
# name 26 = nbin: number of scans per bin
# name 27 = flag: flag
# span 0 =      16783,      43827       
# span 1 =    699.252,   1826.074       
# span 2 =      4.969,    124.169       
# span 3 =      5.000,    125.000       
# span 4 =    19.1374,    29.4792       
# span 5 =    19.1397,    29.4823       
# span 6 =   4.883917,   5.930915       
# span 7 =   4.884825,   5.931439       
# span 8 =     1.9676,     3.2757       
# span 9 =     1.6272,     2.7805       
# span 10 =       9.98,     100.69      
# span 11 =   23.62977,   23.83200      
# span 12 =  -88.22561,  -87.47713      
# span 13 =   -0.02578,    0.01473      
# span 14 =   -0.02461,    0.01670      
# span 15 =     2.7320,     4.6839      
# span 16 =     2.7423,     4.6665      
# span 17 =    19.1149,    29.4775      
# span 18 =    19.1171,    29.4806      
# span 19 =    36.0291,    36.6554      
# span 20 =    36.0304,    36.6567      
# span 21 =    22.6769,    26.1193      
# span 22 =    22.6767,    26.1200      
# span 23 =       0.00,    1545.81      
# span 24 =    118.907,    204.405      
# span 25 =    119.353,    203.628      
# span 26 =         30,         75      
# span 27 = 0.0000e+00, 0.0000e+00      
# interval = decibars: 1                
# start_time = Oct 12 2021 22:30:12 [NMEA time, header]
# bad_flag = -9.990e-29
*END*
      16783    699.252      4.969      5.000    29.4675    29.4656   5.929403   5.929490     3.1591     2.6701     100.00   23.77038  -87.99940    0.00025    0.00042     4.3565     4.3327    29.4663    29.4644    36.0296    36.0309    22.6802    22.6818       0.00    190.246    189.209         34 0.0000e+00
      16885    703.496      5.962      6.000    29.4692    29.4759   5.929733   5.930362     3.1577     2.6719     100.00   23.77038  -87.99940   -0.00026   -0.00057     4.3543     4.3364    29.4677    29.4745    36.0300    36.0311    22.6800    22.6785       0.00    190.151    189.367         31 0.0000e+00
      16960    706.618      6.956      7.000    29.4792    29.4823   5.930915   5.931439     3.1575     2.6715      97.72   23.77038  -87.99940   -0.00053    0.00135     4.3538     4.3355    29.4775    29.4806    36.0302    36.0314    22.6769    22.6767       0.00    190.128    189.328         62 0.0000e+00
      17023    709.240      7.949      8.000    29.4733    29.4751   5.930309   5.930655     3.1582     2.6687      84.83   23.77038  -87.99940    0.00065   -0.00054     4.3559     4.3312    29.4713    29.4731    36.0298    36.0312    22.6786    22.6790       0.00    190.222    189.141         62 0.0000e+00
      17084    711.787      8.943      9.000    29.4676    29.4669   5.929545   5.929562     3.1589     2.6674      85.07   23.77038  -87.99940    0.00010   -0.00117     4.3585     4.3302    29.4654    29.4648    36.0297    36.0308    22.6805    22.6816       0.00    190.332    189.099         57 0.0000e+00
      17131    713.750      9.936     10.000    29.4410    29.4453   5.926706   5.927366     3.1567     2.6709      71.60   23.77038  -87.99940   -0.00043    0.00048     4.3567     4.3386    29.4386    29.4428    36.0291    36.0304    22.6892    22.6887       0.00    190.254    189.461         39 0.0000e+00
      17170    715.392     10.930     11.000    29.4265    29.4293   5.925177   5.925666     3.1551     2.6706      84.52   23.77038  -87.99940   -0.00113    0.00121     4.3556     4.3396    29.4239    29.4266    36.0291    36.0304    22.6942    22.6942       0.00    190.203    189.507         44 0.0000e+00
      17221    717.514     11.924     12.000    29.4230    29.4240   5.924845   5.925157     3.1545     2.6676      78.01   23.77038  -87.99940   -0.00044   -0.00071     4.3553     4.3345    29.4200    29.4211    36.0292    36.0306    22.6956    22.6962       0.00    190.193    189.282         55 0.0000e+00
      17273    719.649     12.917     13.000    29.4216    29.4229   5.924739   5.925088     3.1535     2.6686     100.47   23.77038  -87.99940   -0.00118   -0.00069     4.3542     4.3371    29.4184    29.4197    36.0293    36.0307    22.6961    22.6968       0.00    190.142    189.397         46 0.0000e+00
      17318    721.529     13.911     14.000    29.4206    29.4218   5.924686   5.925007     3.1537     2.6668     100.00   23.77038  -87.99940    0.00035   -0.00007     4.3550     4.3340    29.4172    29.4184    36.0294    36.0307    22.6966    22.6972       0.00    190.179    189.263         49 0.0000e+00
      17377    723.990     14.904     15.000    29.4205    29.4216   5.924750   5.925059     3.1541     2.6661     100.00   23.77038  -87.99940    0.00000   -0.00066     4.3563     4.3333    29.4168    29.4179    36.0296    36.0309    22.6969    22.6975       0.00    190.235    189.228         64 0.0000e+00
      17429    726.184     15.898     16.000    29.4178    29.4189   5.924558   5.924869     3.1549     2.6669     100.00   23.77038  -87.99940    0.00048    0.00049     4.3584     4.3355    29.4139    29.4150    36.0299    36.0313    22.6982    22.6988       0.00    190.328    189.326         44 0.0000e+00
      17479    728.268     16.891     17.000    29.4162    29.4172   5.924420   5.924723     3.1563     2.6670     100.00   23.77038  -87.99940    0.00050    0.00005     4.3616     4.3364    29.4120    29.4131    36.0300    36.0313    22.6988    22.6995       0.00    190.466    189.365         58 0.0000e+00
      17536    730.617     17.885     18.000    29.4151    29.4163   5.924317   5.924661     3.1557     2.6665     100.00   23.77038  -87.99940    0.00020   -0.00006     4.3610     4.3359    29.4107    29.4119    36.0298    36.0312    22.6992    22.6998       0.00    190.440    189.343         52 0.0000e+00
      17589    732.815     18.878     19.000    29.4149    29.4161   5.924336   5.924671     3.1551     2.6673      97.95   23.77038  -87.99940   -0.00025   -0.00005     4.3606     4.3382    29.4102    29.4115    36.0297    36.0311    22.6993    22.6999       0.00    190.422    189.442         55 0.0000e+00
      17643    735.103     19.872     20.000    29.4134    29.4147   5.924235   5.924576     3.1522     2.6706     100.04   23.77038  -87.99940   -0.00113    0.00130     4.3559     4.3453    29.4085    29.4098    36.0299    36.0313    22.7000    22.7006     756.61    190.219    189.753         52 0.0000e+00
      17692    737.125     20.866     21.000    29.4127    29.4139   5.924221   5.924546     3.1540     2.6697      96.70   23.77038  -87.99940   -0.00002    0.00050     4.3598     4.3441    29.4076    29.4088    36.0300    36.0313    22.7004    22.7010    1522.13    190.387    189.700         50 0.0000e+00
      17751    739.572     21.859     22.000    29.4120    29.4135   5.924153   5.924527     3.1543     2.6683      54.97   23.77038  -87.99940    0.00060   -0.00049     4.3609     4.3419    29.4066    29.4081    36.0298    36.0312    22.7006    22.7011    1545.80    190.433    189.603         62 0.0000e+00
      17804    741.791     22.853     23.000    29.4107    29.4120   5.924064   5.924403     3.1525     2.6639      55.53   23.77038  -87.99940   -0.00071   -0.00189     4.3584     4.3336    29.4051    29.4064    36.0298    36.0312    22.7011    22.7017    1545.80    190.324    189.244         46 0.0000e+00
      17852    743.809     23.846     24.000    29.4111    29.4122   5.924276   5.924590     3.1526     2.6671      73.67   23.77038  -87.99940   -0.00051    0.00023     4.3590     4.3405    29.4052    29.4063    36.0307    36.0320    22.7017    22.7023    1545.80    190.351    189.546         54 0.0000e+00
      17911    746.249     24.840     25.000    29.4083    29.4096   5.924141   5.924483     3.1545     2.6644     100.69   23.77039  -87.99940    0.00088   -0.00052     4.3630     4.3359    29.4021    29.4035    36.0316    36.0329    22.7034    22.7040    1545.80    190.526    189.341         58 0.0000e+00
      17965    748.501     25.833     26.000    29.4043    29.4055   5.923943   5.924286     3.1532     2.6667      74.80   23.77039  -87.99942   -0.00030    0.00049     4.3616     4.3412    29.3979    29.3991    36.0329    36.0344    22.7058    22.7065    1545.81    190.463    189.576         54 0.0000e+00
      18017    750.671     26.827     27.000    29.4000    29.4014   5.924340   5.924689     3.1538     2.6664      90.16   23.77040  -87.99942   -0.00005    0.00027     4.3633     4.3413    29.3934    29.3947    36.0386    36.0400    22.7116    22.7122    1545.81    190.536    189.578         49 0.0000e+00
      18068    752.798     27.820     28.000    29.2847    29.2835   5.924563   5.924875     3.1641     2.6755      99.84   23.77040  -87.99942    0.00159    0.00062     4.3882     4.3651    29.2813    29.2767    36.1241    36.1258    22.8137    22.8148    1545.81    191.608    190.600         55 0.0000e+00
      18127    755.233     28.814     29.000    29.0872    29.0898   5.911264   5.911306     3.2063     2.7242     100.00   23.77040  -87.99942    0.01458    0.01670     4.4796     4.4772    29.0782    29.0828    36.1853    36.1872    22.9281    22.9302    1545.80    195.576    195.471         57 0.0000e+00
      18179    757.400     29.807     30.000    28.9184    28.9182   5.897081   5.897307     3.2297     2.7457     100.00   23.77040  -87.99942    0.01416    0.01250     4.5333     4.5311    28.9112    28.9110    36.2135    36.2152    23.0053    23.0067    1545.79    197.906    197.808         51 0.0000e+00
      18231    759.577     30.801     31.000    28.4735    28.4709   5.859510   5.859109     3.2500     2.7579     100.00   23.77040  -87.99942    0.00979    0.00792     4.6087     4.5905    28.4660    28.4635    36.2911    36.2940    23.2121    23.2167    1545.75    201.155    200.362         53 0.0000e+00
      18286    761.887     31.794     32.000    28.2608    28.2606   5.841340   5.841648     3.2735     2.7805      98.27   23.77040  -87.99942    0.01011    0.00851     4.6659     4.6506    28.2531    28.2530    36.3268    36.3291    23.3094    23.3112    1545.69    203.634    202.963         57 0.0000e+00
      18341    764.165     32.788     33.000    28.0901    28.0888   5.826481   5.826651     3.2757     2.7791      99.71   23.77040  -87.99942    0.00531    0.00355     4.6839     4.6608    28.0823    28.0810    36.3535    36.3557    23.3858    23.3879    1545.63    204.405    203.396         51 0.0000e+00
      18391    766.257     33.782     34.000    27.9260    27.9234   5.811287   5.811372     3.2619     2.7757      98.84   23.77040  -87.99942   -0.00369   -0.00152     4.6722     4.6665    27.9180    27.9153    36.3728    36.3755    23.4543    23.4572    1545.57    203.878    203.628         53 0.0000e+00
      18448    768.609     34.775     35.000    27.6351    27.6238   5.786327   5.785574     3.2424     2.7548      97.83   23.77040  -87.99942   -0.00671   -0.00491     4.6597     4.6464    27.6269    27.6156    36.4214    36.4249    23.5860    23.5923    1545.49    203.305    202.725         59 0.0000e+00
      18505    770.994     35.768     36.000    27.2289    27.2264   5.747552   5.747603     3.2001     2.7150      96.90   23.77040  -87.99942   -0.01642   -0.01616     4.6137     4.5948    27.2206    27.2180    36.4616    36.4640    23.7481    23.7507    1545.40    201.268    200.442         53 0.0000e+00
      18555    773.088     36.762     37.000    27.0384    27.0390   5.726526   5.726896     3.1828     2.7069      95.89   23.77040  -87.99942   -0.01319   -0.00959     4.5983     4.5931    27.0299    27.0305    36.4599    36.4621    23.8082    23.8097    1545.30    200.585    200.358         49 0.0000e+00
      18607    775.271     37.755     38.000    26.8970    26.8963   5.711428   5.711701     3.1810     2.7092      95.03   23.77040  -87.99942   -0.00380   -0.00078     4.6071     4.6094    26.8882    26.8875    36.4622    36.4647    23.8554    23.8575    1545.18    200.959    201.059         57 0.0000e+00
      18665    777.678     38.749     39.000    26.6626    26.6584   5.688657   5.688569     3.1677     2.6902      94.02   23.77040  -87.99942   -0.00213   -0.00373     4.6016     4.5882    26.6536    26.6495    36.4822    36.4848    23.9455    23.9488    1545.08    200.700    200.116         56 0.0000e+00
      18718    779.886     39.752     40.000    26.4686    26.4661   5.675093   5.675189     3.1376     2.6634      93.04   23.77040  -87.99942   -0.01129   -0.01038     4.5598     4.5462    26.4595    26.4570    36.5372    36.5399    24.0486    24.0514    1544.95    198.860    198.264         52 0.0000e+00
      18771    782.093     40.736     41.000    26.2460    26.2438   5.657270   5.657368     3.0745     2.6044      92.02   23.77042  -87.99942   -0.02234   -0.02174     4.4580     4.4391    26.2368    26.2345    36.5840    36.5865    24.1544    24.1571    1544.83    194.398    193.573         53 0.0000e+00
      18824    784.308     41.729     42.000    26.1387    26.1379   5.646000   5.646213     3.0481     2.5853      91.08   23.77042  -87.99942   -0.02078   -0.01709     4.4174     4.4074    26.1293    26.1284    36.5869    36.5891    24.1905    24.1925    1544.71    192.622    192.186         54 0.0000e+00
      18880    786.645     42.723     43.000    26.0266    26.0295   5.634438   5.634722     3.0429     2.5848      90.15   23.77042  -87.99942   -0.00465   -0.00225     4.4167     4.4154    26.0220    26.0199    36.5875    36.5899    24.2247    24.2266    1544.58    192.584    192.529         57 0.0000e+00
      18933    788.819     43.716     44.000    25.9126    25.9106   5.618808   5.618776     3.0423     2.5864      89.08   23.77042  -87.99942   -0.00131   -0.00031     4.4260     4.4289    25.8981    25.9008    36.5715    36.5729    24.2514    24.2532    1544.45    192.986    193.111         49 0.0000e+00
      18985    791.006     44.709     45.000    25.8294    25.8290   5.612075   5.612441     3.0473     2.5922      88.12   23.77042  -87.99942    0.00182    0.00287     4.4419     4.4464    25.8193    25.8189    36.5846    36.5877    24.2860    24.2885    1544.33    193.673    193.870         57 0.0000e+00
      19043    793.418     45.703     46.000    25.7190    25.7168   5.602775   5.602850     3.0190     2.5638      87.14   23.77042  -87.99942   -0.00657   -0.00732     4.3968     4.3951    25.7088    25.7065    36.6043    36.6067    24.3354    24.3379    1544.21    191.696    191.622         56 0.0000e+00
      19094    795.552     46.696     47.000    25.6190    25.6179   5.594038   5.594207     3.0004     2.5504      86.17   23.77042  -87.99942   -0.01140   -0.00896     4.3693     4.3741    25.6086    25.6074    36.6200    36.6221    24.3784    24.3804    1544.09    190.489    190.699         48 0.0000e+00
      19147    797.765     47.690     48.000    25.5039    25.5006   5.584235   5.584161     2.9874     2.5355      85.14   23.77042  -87.99942   -0.00653   -0.00609     4.3533     4.3512    25.4933    25.4900    36.6398    36.6420    24.4292    24.4318    1543.96    189.784    189.692         59 0.0000e+00
      19207    800.246     48.683     49.000    25.2900    25.2863   5.558034   5.557947     2.9624     2.5162      84.29   23.77042  -87.99942   -0.00910   -0.00825     4.3231     4.3272    25.2773    25.2757    36.6195    36.6213    24.4805    24.4828    1543.84    188.457    188.634         58 0.0000e+00
      19261    802.487     49.676     50.000    25.0154    25.0096   5.522231   5.521679     2.9579     2.5133      83.38   23.77044  -87.99942   -0.00616   -0.00401     4.3380     4.3431    25.0045    24.9987    36.5730    36.5736    24.5292    24.5313    1543.71    189.097    189.316         50 0.0000e+00
      19311    804.591     50.670     51.000    24.6315    24.6249   5.470974   5.470277     2.9859     2.5432      82.27   23.77044  -87.99943    0.00621    0.00679     4.4356     4.4485    24.6205    24.6139    36.5002    36.5003    24.5910    24.5931    1543.57    193.339    193.899         53 0.0000e+00
      19368    806.965     51.663     52.000    24.3787    24.3784   5.436397   5.436680     3.0183     2.5746      81.24   23.77044  -87.99942    0.01473    0.01462     4.5118     4.5275    24.3676    24.3673    36.4450    36.4473    24.6256    24.6275    1543.42    196.653    197.337         59 0.0000e+00
      19422    809.213     52.657     53.000    24.2292    24.2215   5.415780   5.415467     3.0425     2.5960      80.38   23.77044  -87.99942    0.01296    0.01241     4.5735     4.5891    24.2179    24.2102    36.4105    36.4112    24.6445    24.6474    1543.25    199.339    200.022         49 0.0000e+00
      19472    811.311     53.650     54.000    24.1824    24.1831   5.412964   5.413444     3.0450     2.5985      79.36   23.77044  -87.99943    0.00575    0.00510     4.5824     4.5965    24.1709    24.1716    36.4271    36.4301    24.6711    24.6732    1543.10    199.724    200.335         53 0.0000e+00
      19529    813.680     54.644     55.000    24.0725    24.0690   5.404320   5.404238     3.0237     2.5728      78.39   23.77044  -87.99944   -0.00473   -0.00734     4.5495     4.5496    24.0609    24.0573    36.4509    36.4532    24.7221    24.7249    1542.95    198.280    198.281         58 0.0000e+00
