Gulf of Mexico/GOMECC-4/1db/rb2103_1041.cnv
* Sea-Bird SBE 9 Data File:
* FileName = C:\Users\scs.user.rb\CTD\GOMECC4\data\rb2103_1041.hex
* Software Version Seasave V 7.26.7.107
* Temperature SN = 4799
* Conductivity SN = 3860
* Number of Bytes Per Scan = 41
* Number of Voltage Words = 4
* Number of Scans Averaged by the Deck Unit = 1
* NMEA Latitude = 24 59.65 N
* NMEA Longitude = 087 59.43 W
* NMEA UTC (Time) = Oct 13 2021  08:39:27
* NMEA baud rate = 4800
# nquan = 28
# nvalues = 645                         
# units = specified
# name 0 = scan: Scan Count
# name 1 = timeS: Time, Elapsed [seconds]
# name 2 = depSM: Depth [salt water, m]
# name 3 = prDM: Pressure, Digiquartz [db]
# name 4 = t090C: Temperature [ITS-90, deg C]
# name 5 = t190C: Temperature, 2 [ITS-90, deg C]
# name 6 = c0S/m: Conductivity [S/m]
# name 7 = c1S/m: Conductivity, 2 [S/m]
# name 8 = sbeox0V: Oxygen raw, SBE 43 [V]
# name 9 = sbeox1V: Oxygen raw, SBE 43, 2 [V]
# name 10 = altM: Altimeter [m]
# name 11 = latitude: Latitude [deg]
# name 12 = longitude: Longitude [deg]
# name 13 = sbox0dV/dT: Oxygen, SBE 43 [dov/dt]
# name 14 = sbox1dV/dT: Oxygen, SBE 43, 2 [dov/dt]
# name 15 = sbeox0ML/L: Oxygen, SBE 43 [ml/l], WS = 5
# name 16 = sbeox1ML/L: Oxygen, SBE 43, 2 [ml/l], WS = 5
# name 17 = potemp090C: Potential Temperature [ITS-90, deg C]
# name 18 = potemp190C: Potential Temperature, 2 [ITS-90, deg C]
# name 19 = sal00: Salinity, Practical [PSU]
# name 20 = sal11: Salinity, Practical, 2 [PSU]
# name 21 = sigma-é00: Density [sigma-theta, kg/m^3]
# name 22 = sigma-é11: Density, 2 [sigma-theta, kg/m^3]
# name 23 = avgsvCM: Average Sound Velocity [Chen-Millero, m/s], minP = 20, minS = 20
# name 24 = sbox0Mm/Kg: Oxygen, SBE 43 [umol/kg], WS = 5
# name 25 = sbox1Mm/Kg: Oxygen, SBE 43, 2 [umol/kg], WS = 5
# name 26 = nbin: number of scans per bin
# name 27 = flag: flag
# span 0 =       8381,     228661       
# span 1 =    349.161,   9527.486       
# span 2 =      1.987,   3417.662       
# span 3 =      2.000,   3468.000       
# span 4 =     4.2981,    29.5944       
# span 5 =     4.2991,    29.5989       
# span 6 =   3.351009,   5.988335       
# span 7 =   3.350984,   5.988959       
# span 8 =     1.6260,     3.1867       
# span 9 =     1.3224,     2.7001       
# span 10 =       8.47,     102.83      
# span 11 =   24.73953,   25.08604      
# span 12 =  -88.25073,  -87.02534      
# span 13 =   -0.01214,    0.01118      
# span 14 =   -0.01125,    0.00967      
# span 15 =     2.6652,     4.6647      
# span 16 =     2.6738,     4.6723      
# span 17 =     4.0784,    29.5823      
# span 18 =     4.0796,    29.5869      
# span 19 =    34.8888,    37.0187      
# span 20 =    34.8879,    37.0192      
# span 21 =    22.6002,    27.7601      
# span 22 =    22.6018,    27.7589      
# span 23 =       0.00,    1546.51      
# span 24 =    115.881,    202.698      
# span 25 =    116.254,    203.029      
# span 26 =         30,         72      
# span 27 = 0.0000e+00, 0.0000e+00      
# interval = decibars: 1                
# start_time = Oct 13 2021 08:39:27 [NMEA time, header]
# bad_flag = -9.990e-29
*END*
[from data line 311]
      97232   4051.310   3316.938   3365.000     4.4022     4.4033   3.428055   3.428044     1.6899     1.3795     100.00   25.00560  -87.99728   -0.00006   -0.00008     4.6267     4.6202     4.0789     4.0800    34.9753    34.9740    27.7583    27.7571    1506.04    201.048    200.766         31 0.0000e+00
      97292   4053.793   3318.894   3367.000     4.4024     4.4035   3.428152   3.428135     1.6896     1.3791      98.65   25.00562  -87.99732   -0.00011   -0.00014     4.6267     4.6193     4.0789     4.0800    34.9753    34.9740    27.7583    27.7571    1506.06    201.047    200.728         31 0.0000e+00
      97323   4055.080   3319.872   3368.000     4.4024     4.4035   3.428178   3.428174     1.6895     1.3789      94.60   25.00562  -87.99728   -0.00010   -0.00019     4.6267     4.6188     4.0788     4.0798    34.9752    34.9741    27.7582    27.7572    1506.06    201.050    200.704         31 0.0000e+00
      97354   4056.375   3320.850   3369.000     4.4024     4.4035   3.428226   3.428214     1.6888     1.3789     100.00   25.00562  -87.99728   -0.00021   -0.00017     4.6238     4.6195     4.0787     4.0798    34.9754    34.9741    27.7583    27.7572    1506.07    200.923    200.737         31 0.0000e+00
      97385   4057.656   3321.828   3370.000     4.4025     4.4036   3.428275   3.428266     1.6890     1.3787      20.74   25.00562  -87.99728   -0.00021   -0.00009     4.6252     4.6189     4.0787     4.0798    34.9753    34.9741    27.7583    27.7572    1506.07    200.982    200.710         30 0.0000e+00
      97415   4058.910   3322.806   3371.000     4.4027     4.4038   3.428326   3.428308     1.6889     1.3786     100.86   25.00562  -87.99728   -0.00012   -0.00009     4.6257     4.6191     4.0787     4.0798    34.9754    34.9740    27.7583    27.7571    1506.08    201.004    200.718         30 0.0000e+00
      97446   4060.192   3323.784   3372.000     4.4027     4.4039   3.428366   3.428354     1.6886     1.3784      84.10   25.00562  -87.99730   -0.00006   -0.00012     4.6245     4.6189     4.0787     4.0798    34.9753    34.9740    27.7583    27.7571    1506.08    200.953    200.708         32 0.0000e+00
      97478   4061.521   3324.763   3373.000     4.4028     4.4040   3.428407   3.428402     1.6885     1.3783      90.73   25.00562  -87.99730   -0.00012   -0.00010     4.6245     4.6187     4.0786     4.0797    34.9753    34.9741    27.7583    27.7572    1506.09    200.954    200.700         32 0.0000e+00
      97566   4065.219   3327.697   3376.000     4.4031     4.4042   3.428537   3.428522     1.6877     1.3778      97.96   25.00556  -87.99707   -0.00023   -0.00011     4.6225     4.6182     4.0785     4.0796    34.9753    34.9739    27.7583    27.7571    1506.10    200.865    200.678         32 0.0000e+00
      97598   4066.547   3328.675   3377.000     4.4032     4.4043   3.428597   3.428576     1.6874     1.3776      97.05   25.00562  -87.99730   -0.00007   -0.00016     4.6217     4.6176     4.0785     4.0796    34.9754    34.9741    27.7584    27.7572    1506.11    200.830    200.650         31 0.0000e+00
      97658   4069.054   3330.631   3379.000     4.4034     4.4046   3.428680   3.428661     1.6869     1.3772      95.05   25.00557  -87.99712   -0.00020   -0.00017     4.6207     4.6168     4.0784     4.0796    34.9754    34.9740    27.7584    27.7571    1506.12    200.786    200.617         32 0.0000e+00
      97691   4070.408   3331.609   3380.000     4.4035     4.4047   3.428728   3.428719     1.6866     1.3773      94.09   25.00562  -87.99730   -0.00020   -0.00011     4.6200     4.6176     4.0784     4.0796    34.9754    34.9741    27.7584    27.7572    1506.13    200.756    200.651         32 0.0000e+00
      97722   4071.704   3332.587   3381.000     4.4036     4.4048   3.428774   3.428767     1.6864     1.3768      93.15   25.00562  -87.99730   -0.00019   -0.00008     4.6192     4.6159     4.0785     4.0796    34.9754    34.9741    27.7584    27.7572    1506.13    200.723    200.577         30 0.0000e+00
      97752   4072.943   3333.565   3382.000     4.4038     4.4049   3.428823   3.428816     1.6862     1.3765      92.19   25.00562  -87.99730   -0.00021   -0.00020     4.6192     4.6149     4.0784     4.0796    34.9754    34.9741    27.7584    27.7572    1506.13    200.722    200.536         31 0.0000e+00
      97783   4074.255   3334.543   3383.000     4.4039     4.4051   3.428874   3.428859     1.6862     1.3763      91.19   25.00562  -87.99730   -0.00014   -0.00029     4.6196     4.6141     4.0784     4.0796    34.9755    34.9741    27.7584    27.7572    1506.14    200.739    200.499         32 0.0000e+00
      97872   4077.956   3337.477   3386.000     4.4043     4.4054   3.429021   3.429010     1.6858     1.3758      88.32   25.00561  -87.99726   -0.00010   -0.00009     4.6195     4.6137     4.0785     4.0796    34.9755    34.9741    27.7584    27.7573    1506.16    200.736    200.484         31 0.0000e+00
      97904   4079.285   3338.455   3387.000     4.4044     4.4055   3.429070   3.429058     1.6855     1.3757      87.35   25.00562  -87.99730   -0.00015   -0.00009     4.6186     4.6136     4.0785     4.0796    34.9755    34.9742    27.7584    27.7573    1506.16    200.697    200.477         33 0.0000e+00
      97937   4080.656   3339.433   3388.000     4.4046     4.4057   3.429127   3.429112     1.6854     1.3753      86.37   25.00562  -87.99730   -0.00018   -0.00014     4.6185     4.6120     4.0786     4.0797    34.9755    34.9742    27.7585    27.7573    1506.17    200.691    200.409         32 0.0000e+00
      98027   4084.414   3342.367   3391.000     4.4050     4.4061   3.429266   3.429245     1.6851     1.3750      83.53   25.00561  -87.99724   -0.00009   -0.00008     4.6189     4.6120     4.0786     4.0797    34.9755    34.9741    27.7584    27.7572    1506.18    200.706    200.409         33 0.0000e+00
      98059   4085.730   3343.345   3392.000     4.4051     4.4062   3.429314   3.429304     1.6851     1.3751      82.55   25.00563  -87.99730   -0.00003    0.00002     4.6197     4.6133     4.0785     4.0796    34.9755    34.9743    27.7585    27.7574    1506.19    200.742    200.467         30 0.0000e+00
      98116   4088.133   3345.301   3394.000     4.4053     4.4065   3.429407   3.429394     1.6850     1.3748      80.60   25.00554  -87.99702   -0.00005   -0.00006     4.6202     4.6129     4.0785     4.0797    34.9755    34.9742    27.7585    27.7573    1506.20    200.765    200.449         30 0.0000e+00
      98148   4089.472   3346.279   3395.000     4.4054     4.4066   3.429458   3.429452     1.6846     1.3748      79.65   25.00564  -87.99730   -0.00008   -0.00007     4.6191     4.6133     4.0785     4.0797    34.9755    34.9743    27.7585    27.7574    1506.21    200.716    200.466         34 0.0000e+00
      98182   4090.856   3347.257   3396.000     4.4056     4.4068   3.429507   3.429501     1.6844     1.3746      78.57   25.00564  -87.99730   -0.00018   -0.00006     4.6188     4.6133     4.0786     4.0797    34.9755    34.9743    27.7585    27.7573    1506.21    200.702    200.464         31 0.0000e+00
      98270   4094.537   3350.191   3399.000     4.4060     4.4071   3.429654   3.429639     1.6840     1.3742      75.79   25.00561  -87.99720   -0.00012   -0.00012     4.6186     4.6130     4.0786     4.0797    34.9755    34.9742    27.7585    27.7573    1506.23    200.693    200.452         35 0.0000e+00
      98305   4096.002   3351.169   3400.000     4.4061     4.4072   3.429701   3.429685     1.6840     1.3740      74.72   25.00564  -87.99730   -0.00015   -0.00014     4.6188     4.6120     4.0786     4.0797    34.9756    34.9742    27.7585    27.7573    1506.23    200.703    200.411         34 0.0000e+00
      98392   4099.609   3354.103   3403.000     4.4065     4.4076   3.429834   3.429822     1.6838     1.3736      71.94   25.00554  -87.99696   -0.00006   -0.00010     4.6196     4.6121     4.0786     4.0798    34.9754    34.9741    27.7584    27.7572    1506.24    200.741    200.413         33 0.0000e+00
      98425   4100.987   3355.081   3404.000     4.4066     4.4078   3.429898   3.429880     1.6836     1.3736      70.86   25.00564  -87.99730   -0.00007   -0.00009     4.6195     4.6127     4.0786     4.0798    34.9756    34.9742    27.7586    27.7573    1506.25    200.737    200.439         32 0.0000e+00
      98488   4103.644   3357.036   3406.000     4.4068     4.4080   3.429922   3.429908     1.6833     1.3735      68.84   25.00512  -87.99548   -0.00011   -0.00002     4.6193     4.6135     4.0786     4.0797    34.9748    34.9735    27.7579    27.7567    1506.24    200.726    200.473         44 0.0000e+00
      98558   4106.550   3358.015   3407.000     4.4071     4.4082   3.430034   3.430021     1.6833     1.3733      67.72   25.00564  -87.99730   -0.00002   -0.00006     4.6198     4.6129     4.0788     4.0798    34.9754    34.9742    27.7584    27.7573    1506.27    200.749    200.447         47 0.0000e+00
      98629   4109.503   3358.993   3408.000     4.4073     4.4084   3.430077   3.430066     1.6832     1.3727      66.73   25.00564  -87.99730   -0.00003   -0.00019     4.6197     4.6100     4.0788     4.0799    34.9753    34.9741    27.7583    27.7572    1506.27    200.742    200.321         48 0.0000e+00
      98692   4112.131   3359.971   3409.000     4.4073     4.4085   3.430129   3.430119     1.6829     1.3726      65.86   25.00564  -87.99730   -0.00009   -0.00011     4.6189     4.6101     4.0787     4.0799    34.9755    34.9742    27.7584    27.7572    1506.28    200.711    200.325         34 0.0000e+00
      98738   4114.042   3360.948   3410.000     4.4075     4.4086   3.430179   3.430162     1.6827     1.3724      64.88   25.00566  -87.99730   -0.00014   -0.00006     4.6186     4.6100     4.0787     4.0799    34.9755    34.9741    27.7584    27.7572    1506.29    200.697    200.322         53 0.0000e+00
      98791   4116.234   3361.927   3411.000     4.4075     4.4087   3.430222   3.430215     1.6827     1.3724      63.89   25.00566  -87.99730   -0.00004   -0.00002     4.6191     4.6103     4.0787     4.0799    34.9755    34.9742    27.7584    27.7573    1506.29    200.716    200.336         47 0.0000e+00
      98835   4118.090   3362.904   3412.000     4.4077     4.4088   3.430273   3.430261     1.6827     1.3724      62.95   25.00566  -87.99730    0.00001   -0.00002     4.6195     4.6108     4.0787     4.0798    34.9755    34.9742    27.7585    27.7573    1506.30    200.735    200.356         48 0.0000e+00
      98890   4120.366   3363.882   3413.000     4.4078     4.4089   3.430315   3.430307     1.6825     1.3724      61.92   25.00566  -87.99730   -0.00005   -0.00001     4.6195     4.6113     4.0787     4.0798    34.9755    34.9742    27.7584    27.7573    1506.30    200.736    200.377         54 0.0000e+00
      98934   4122.223   3364.860   3414.000     4.4079     4.4091   3.430368   3.430355     1.6823     1.3723      61.07   25.00566  -87.99730   -0.00008   -0.00001     4.6191     4.6118     4.0786     4.0798    34.9756    34.9742    27.7585    27.7573    1506.31    200.717    200.399         41 0.0000e+00
      98980   4124.138   3365.838   3415.000     4.4080     4.4092   3.430413   3.430402     1.6823     1.3723      60.02   25.00566  -87.99730   -0.00007    0.00000     4.6194     4.6123     4.0787     4.0799    34.9755    34.9742    27.7585    27.7573    1506.31    200.728    200.423         51 0.0000e+00
      99031   4126.267   3366.816   3416.000     4.4081     4.4093   3.430466   3.430449     1.6819     1.3715      59.04   25.00566  -87.99730   -0.00010   -0.00021     4.6183     4.6087     4.0787     4.0799    34.9756    34.9742    27.7585    27.7573    1506.32    200.684    200.267         49 0.0000e+00
      99080   4128.297   3367.794   3417.000     4.4082     4.4095   3.430507   3.430495     1.6817     1.3715      58.07   25.00566  -87.99730   -0.00013   -0.00021     4.6180     4.6089     4.0787     4.0799    34.9755    34.9742    27.7585    27.7573    1506.33    200.669    200.276         50 0.0000e+00
      99129   4130.331   3368.772   3418.000     4.4083     4.4096   3.430552   3.430540     1.6814     1.3714      57.11   25.00566  -87.99730   -0.00014   -0.00004     4.6172     4.6094     4.0786     4.0798    34.9755    34.9742    27.7585    27.7573    1506.33    200.634    200.298         47 0.0000e+00
      99177   4132.324   3369.750   3419.000     4.4085     4.4097   3.430600   3.430590     1.6814     1.3714      56.18   25.00566  -87.99731   -0.00007    0.00002     4.6176     4.6098     4.0786     4.0799    34.9756    34.9742    27.7585    27.7573    1506.34    200.650    200.314         48 0.0000e+00
      99224   4134.293   3370.728   3420.000     4.4086     4.4098   3.430648   3.430634     1.6813     1.3712      55.18   25.00566  -87.99731   -0.00004   -0.00008     4.6178     4.6093     4.0786     4.0799    34.9756    34.9741    27.7585    27.7572    1506.34    200.659    200.292         47 0.0000e+00
      99272   4136.303   3371.705   3421.000     4.4087     4.4099   3.430691   3.430683     1.6812     1.3713      54.19   25.00566  -87.99732   -0.00004   -0.00003     4.6178     4.6104     4.0787     4.0799    34.9755    34.9742    27.7585    27.7573    1506.35    200.659    200.339         50 0.0000e+00
      99323   4138.420   3372.683   3422.000     4.4089     4.4101   3.430744   3.430725     1.6810     1.3712      53.21   25.00566  -87.99732   -0.00009   -0.00001     4.6174     4.6105     4.0787     4.0799    34.9755    34.9741    27.7585    27.7572    1506.35    200.643    200.343         50 0.0000e+00
      99371   4140.424   3373.661   3423.000     4.4090     4.4102   3.430791   3.430773     1.6807     1.3712      52.26   25.00566  -87.99732   -0.00010   -0.00002     4.6167     4.6111     4.0787     4.0799    34.9755    34.9741    27.7585    27.7572    1506.36    200.612    200.368         49 0.0000e+00
      99422   4142.560   3374.639   3424.000     4.4091     4.4103   3.430835   3.430818     1.6806     1.3711      51.27   25.00568  -87.99732   -0.00013   -0.00003     4.6166     4.6109     4.0787     4.0798    34.9755    34.9741    27.7584    27.7572    1506.36    200.608    200.361         51 0.0000e+00
      99469   4144.486   3375.617   3425.000     4.4092     4.4104   3.430884   3.430870     1.6804     1.3710      50.38   25.00568  -87.99732   -0.00006   -0.00007     4.6161     4.6112     4.0787     4.0798    34.9756    34.9742    27.7585    27.7573    1506.37    200.589    200.374         42 0.0000e+00
      99515   4146.399   3376.595   3426.000     4.4093     4.4105   3.430928   3.430915     1.6803     1.3706      49.35   25.00568  -87.99732   -0.00009   -0.00011     4.6164     4.6095     4.0786     4.0798    34.9755    34.9741    27.7585    27.7573    1506.37    200.598    200.300         52 0.0000e+00
      99567   4148.566   3377.573   3427.000     4.4095     4.4106   3.430977   3.430963     1.6802     1.3704      48.38   25.00568  -87.99732   -0.00003   -0.00015     4.6166     4.6091     4.0787     4.0798    34.9755    34.9742    27.7585    27.7573    1506.38    200.610    200.282         49 0.0000e+00
      99614   4150.561   3378.550   3428.000     4.4096     4.4107   3.431021   3.431008     1.6802     1.3704      47.44   25.00568  -87.99732   -0.00003   -0.00007     4.6168     4.6099     4.0786     4.0798    34.9755    34.9742    27.7585    27.7573    1506.39    200.616    200.318         48 0.0000e+00
      99662   4152.562   3379.528   3429.000     4.4097     4.4109   3.431071   3.431064     1.6802     1.3702      46.47   25.00568  -87.99732   -0.00002   -0.00003     4.6176     4.6091     4.0786     4.0798    34.9756    34.9743    27.7585    27.7573    1506.39    200.651    200.284         48 0.0000e+00
