Gulf of Mexico/GOMECC-4/1db/rb2103_0511.ros
* Sea-Bird SBE 9 Data File:
* FileName = C:\Users\scs.user.rb\CTD\GOMECC4\data\rb2103_0511.hex
* Software Version Seasave V 7.26.7.107
* Temperature SN = 4799
* Conductivity SN = 3860
* Number of Bytes Per Scan = 41
* Number of Voltage Words = 4
* Number of Scans Averaged by the Deck Unit = 1
* NMEA Latitude = 27 41.47 N
* NMEA Longitude = 094 13.19 W
* NMEA UTC (Time) = Sep 27 2021  19:13:13
* NMEA baud rate = 4800
# nquan = 17
# nvalues = 1729                                  
# units = specified
# name 0 = scan: Scan Count
# name 1 = timeS: Time, Elapsed [seconds]
# name 2 = depSM: Depth [salt water, m]
# name 3 = prDM: Pressure, Digiquartz [db]
# name 4 = t090C: Temperature [ITS-90, deg C]
# name 5 = t190C: Temperature, 2 [ITS-90, deg C]
# name 6 = c0S/m: Conductivity [S/m]
# name 7 = c1S/m: Conductivity, 2 [S/m]
# name 8 = sbeox0V: Oxygen raw, SBE 43 [V]
# name 9 = sbeox1V: Oxygen raw, SBE 43, 2 [V]
# name 10 = altM: Altimeter [m]
# name 11 = latitude: Latitude [deg]
# name 12 = longitude: Longitude [deg]
# name 13 = sbox0dV/dT: Oxygen, SBE 43 [dov/dt]
# name 14 = sbox1dV/dT: Oxygen, SBE 43, 2 [dov/dt]
# name 15 = nbf: Bottles Fired
# name 16 = flag:  0.000e+00
# interval = seconds: 0.0416667
# start_time = Sep 27 2021 19:13:13 [NMEA time, header]
# bad_flag = -9.990e-29
*END*
      23041    960.000    277.028    279.064    13.1750    13.1763   4.197801   4.197834     1.7192     1.4139       9.50   27.69158  -94.22006   -0.00005    0.00003          1  0.000e+00
      23042    960.042    276.739    278.774    13.1750    13.1759   4.197773   4.197848     1.7204     1.4151       9.50   27.69158  -94.22006   -0.00005    0.00005          1  0.000e+00
      23043    960.083    276.641    278.674    13.1750    13.1757   4.197759   4.197806     1.7204     1.4139       9.50   27.69158  -94.22006   -0.00004    0.00005          1  0.000e+00
      23044    960.125    276.686    278.720    13.1754    13.1759   4.197780   4.197792     1.7204     1.4139       9.50   27.69158  -94.22006   -0.00004    0.00005          1  0.000e+00
      23045    960.167    276.800    278.835    13.1751    13.1756   4.197745   4.197792     1.7204     1.4139       9.50   27.69158  -94.22006   -0.00004    0.00005          1  0.000e+00
      23046    960.208    276.739    278.774    13.1750    13.1756   4.197752   4.197764     1.7204     1.4139       9.50   27.69158  -94.22006   -0.00004    0.00005          1  0.000e+00
      23047    960.250    276.755    278.789    13.1751    13.1755   4.197759   4.197778     1.7204     1.4139       9.50   27.69158  -94.22006   -0.00004    0.00004          1  0.000e+00
      23048    960.292    276.740    278.774    13.1750    13.1754   4.197739   4.197764     1.7192     1.4151       9.50   27.69158  -94.22006   -0.00006    0.00006          1  0.000e+00
      23049    960.333    276.740    278.774    13.1750    13.1756   4.197718   4.197757     1.7204     1.4139       9.50   27.69158  -94.22006   -0.00006    0.00006          1  0.000e+00
      23050    960.375    276.755    278.789    13.1754    13.1759   4.197745   4.197778     1.7204     1.4139       9.50   27.69158  -94.22006   -0.00005    0.00006          1  0.000e+00
      23051    960.417    276.740    278.774    13.1754    13.1763   4.197759   4.197841     1.7204     1.4139       9.50   27.69158  -94.22006   -0.00005    0.00006          1  0.000e+00
      23052    960.458    276.740    278.774    13.1756    13.1765   4.197787   4.197834     1.7204     1.4139       9.50   27.69158  -94.22006   -0.00005    0.00005          1  0.000e+00
      23053    960.500    276.800    278.835    13.1754    13.1766   4.197766   4.197799     1.7204     1.4139       9.52   27.69158  -94.22006   -0.00005    0.00005          1  0.000e+00
      23054    960.542    276.755    278.789    13.1756    13.1764   4.197794   4.197813     1.7204     1.4139       9.50   27.69158  -94.22006   -0.00005    0.00005          1  0.000e+00
      23055    960.583    276.740    278.774    13.1756    13.1766   4.197794   4.197827     1.7204     1.4139       9.50   27.69158  -94.22006   -0.00005    0.00005          1  0.000e+00
      23056    960.625    276.740    278.774    13.1756    13.1761   4.197766   4.197827     1.7204     1.4139       9.50   27.69158  -94.22006   -0.00005    0.00005          1  0.000e+00
      23057    960.667    276.815    278.850    13.1757    13.1761   4.197794   4.197799     1.7204     1.4139       9.50   27.69158  -94.22006   -0.00004    0.00004          1  0.000e+00
      23058    960.708    276.740    278.774    13.1756    13.1759   4.197794   4.197764     1.7192     1.4139       9.50   27.69158  -94.22006   -0.00006    0.00004          1  0.000e+00
      23059    960.750    276.800    278.835    13.1756    13.1759   4.197801   4.197778     1.7204     1.4139       9.50   27.69158  -94.22006   -0.00006    0.00004          1  0.000e+00
      23060    960.792    276.740    278.774    13.1759    13.1756   4.197821   4.197792     1.7204     1.4139       9.52   27.69158  -94.22004   -0.00006    0.00004          1  0.000e+00
      23061    960.833    276.755    278.789    13.1758    13.1756   4.197828   4.197764     1.7204     1.4139       9.47   27.69158  -94.22004   -0.00004    0.00004          1  0.000e+00
      23062    960.875    276.800    278.835    13.1759    13.1754   4.197835   4.197757     1.7204     1.4139       9.40   27.69158  -94.22004   -0.00004    0.00004          1  0.000e+00
      23063    960.917    276.740    278.774    13.1760    13.1755   4.197801   4.197757     1.7204     1.4139       9.38   27.69158  -94.22004   -0.00003    0.00003          1  0.000e+00
      23064    960.958    276.800    278.835    13.1761    13.1753   4.197842   4.197722     1.7192     1.4139       9.40   27.69158  -94.22004   -0.00005    0.00003          1  0.000e+00
      23065    961.000    276.755    278.789    13.1758    13.1754   4.197842   4.197743     1.7192     1.4139       9.40   27.69158  -94.22004   -0.00006    0.00003          1  0.000e+00
      23066    961.042    276.800    278.835    13.1761    13.1755   4.197828   4.197757     1.7192     1.4139       9.40   27.69158  -94.22004   -0.00008    0.00003          1  0.000e+00
      23067    961.083    276.800    278.835    13.1758    13.1756   4.197828   4.197722     1.7204     1.4139       9.40   27.69158  -94.22004   -0.00007    0.00003          1  0.000e+00
      23068    961.125    276.755    278.789    13.1759    13.1757   4.197835   4.197715     1.7192     1.4127       9.40   27.69158  -94.22004   -0.00009    0.00001          1  0.000e+00
      23069    961.167    276.800    278.835    13.1758    13.1756   4.197801   4.197771     1.7204     1.4139       9.40   27.69158  -94.22004   -0.00007    0.00001          1  0.000e+00
      23070    961.208    276.740    278.774    13.1759    13.1758   4.197842   4.197764     1.7204     1.4139       9.40   27.69158  -94.22004   -0.00006    0.00000          1  0.000e+00
      23071    961.250    276.800    278.835    13.1759    13.1757   4.197821   4.197757     1.7204     1.4139       9.40   27.69158  -94.22004   -0.00008    0.00000          1  0.000e+00
      23072    961.292    276.702    278.736    13.1760    13.1758   4.197794   4.197757     1.7216     1.4139       9.40   27.69158  -94.22004   -0.00006    0.00000          1  0.000e+00
      23073    961.333    276.853    278.888    13.1761    13.1759   4.197794   4.197778     1.7204     1.4127       9.38   27.69158  -94.22004   -0.00005   -0.00002          1  0.000e+00
      23074    961.375    276.800    278.835    13.1758    13.1756   4.197828   4.197764     1.7204     1.4139       9.40   27.69158  -94.22004   -0.00005   -0.00002          1  0.000e+00
      23075    961.417    276.800    278.835    13.1761    13.1758   4.197780   4.197806     1.7204     1.4127       9.40   27.69158  -94.22004   -0.00005   -0.00004          1  0.000e+00
      23076    961.458    276.755    278.789    13.1760    13.1759   4.197759   4.197799     1.7192     1.4139       9.40   27.69158  -94.22004   -0.00006   -0.00004          1  0.000e+00
      23077    961.500    276.800    278.835    13.1756    13.1759   4.197759   4.197764     1.7204     1.4139       9.40   27.69158  -94.22004   -0.00006   -0.00004          1  0.000e+00
      23078    961.542    276.800    278.835    13.1756    13.1759   4.197759   4.197806     1.7204     1.4139       9.40   27.69158  -94.22004   -0.00005   -0.00004          1  0.000e+00
      23079    961.583    276.815    278.850    13.1754    13.1759   4.197759   4.197799     1.7204     1.4139       9.40   27.69158  -94.22004   -0.00005   -0.00004          1  0.000e+00
      23080    961.625    276.740    278.774    13.1756    13.1758   4.197787   4.197764     1.7204     1.4139       9.40   27.69158  -94.22004   -0.00005   -0.00004          1  0.000e+00
      23081    961.667    276.800    278.835    13.1758    13.1758   4.197814   4.197778     1.7192     1.4139       9.40   27.69158  -94.22004   -0.00006   -0.00004          1  0.000e+00
      23082    961.708    276.800    278.835    13.1757    13.1759   4.197808   4.197764     1.7192     1.4139       9.40   27.69158  -94.22004   -0.00007   -0.00004          1  0.000e+00
      23083    961.750    276.755    278.789    13.1760    13.1759   4.197766   4.197778     1.7204     1.4139       9.38   27.69158  -94.22004   -0.00007   -0.00004          1  0.000e+00
      23084    961.792    276.800    278.835    13.1757    13.1757   4.197808   4.197792     1.7204     1.4127       9.40   27.69158  -94.22006   -0.00007   -0.00006          1  0.000e+00
      23085    961.833    276.800    278.835    13.1760    13.1759   4.197890   4.197764     1.7204     1.4139       9.40   27.69158  -94.22006   -0.00006   -0.00006          1  0.000e+00
      23086    961.875    276.755    278.789    13.1759    13.1758   4.197821   4.197778     1.7204     1.4139       9.43   27.69158  -94.22006   -0.00004   -0.00006          1  0.000e+00
      23087    961.917    276.740    278.774    13.1758    13.1759   4.197842   4.197792     1.7204     1.4139       9.43   27.69158  -94.22006   -0.00004   -0.00006          1  0.000e+00
      23088    961.958    276.800    278.835    13.1761    13.1758   4.197821   4.197764     1.7204     1.4139       9.43   27.69158  -94.22006   -0.00003   -0.00006          1  0.000e+00
      23089    962.000    276.740    278.774    13.1757    13.1759   4.197821   4.197778     1.7204     1.4139       9.43   27.69158  -94.22006   -0.00003   -0.00006          1  0.000e+00
      23090    962.042    276.815    278.850    13.1760    13.1759   4.197801   4.197813     1.7192     1.4139       9.43   27.69158  -94.22006   -0.00006   -0.00006          1  0.000e+00
      23091    962.083    276.740    278.774    13.1759    13.1761   4.197828   4.197827     1.7204     1.4139       9.45   27.69158  -94.22006   -0.00007   -0.00006          1  0.000e+00
      23092    962.125    276.800    278.835    13.1760    13.1765   4.197801   4.197848     1.7204     1.4127       9.43   27.69158  -94.22006   -0.00008   -0.00008          1  0.000e+00
      23093    962.167    276.687    278.720    13.1759    13.1769   4.197856   4.197862     1.7204     1.4139       9.43   27.69158  -94.22006   -0.00008   -0.00008          1  0.000e+00
      23094    962.208    276.815    278.850    13.1758    13.1768   4.197787   4.197890     1.7204     1.4139       9.43   27.69158  -94.22006   -0.00008   -0.00008          1  0.000e+00
      23095    962.250    276.740    278.774    13.1756    13.1767   4.197780   4.197841     1.7204     1.4139       9.43   27.69158  -94.22006   -0.00007   -0.00008          1  0.000e+00
      23096    962.292    276.740    278.774    13.1756    13.1765   4.197801   4.197799     1.7204     1.4139       9.43   27.69158  -94.22006   -0.00007   -0.00008          1  0.000e+00
      23097    962.333    276.755    278.789    13.1754    13.1766   4.197766   4.197813     1.7216     1.4139       9.43   27.69158  -94.22006   -0.00005   -0.00008          1  0.000e+00
      23098    962.375    276.740    278.774    13.1756    13.1766   4.197780   4.197799     1.7192     1.4127       9.43   27.69158  -94.22006   -0.00006   -0.00010          1  0.000e+00
      23099    962.417    276.740    278.774    13.1756    13.1766   4.197773   4.197792     1.7204     1.4139       9.43   27.69158  -94.22006   -0.00006   -0.00010          1  0.000e+00
      23100    962.458    276.740    278.774    13.1759    13.1768   4.197759   4.197813     1.7204     1.4139       9.43   27.69158  -94.22006   -0.00005   -0.00010          1  0.000e+00
      23101    962.500    276.755    278.789    13.1753    13.1766   4.197780   4.197799     1.7204     1.4139       9.43   27.69158  -94.22006   -0.00005   -0.00010          1  0.000e+00
      23102    962.542    276.740    278.774    13.1756    13.1761   4.197773   4.197792     1.7204     1.4139       9.43   27.69158  -94.22006   -0.00005   -0.00010          1  0.000e+00
      23103    962.583    276.687    278.720    13.1756    13.1761   4.197787   4.197792     1.7204     1.4139       9.43   27.69158  -94.22006   -0.00002   -0.00010          1  0.000e+00
      23104    962.625    276.755    278.789    13.1756    13.1761   4.197766   4.197848     1.7204     1.4139       9.45   27.69158  -94.22006   -0.00002   -0.00010          1  0.000e+00
      23105    962.667    276.687    278.720    13.1753    13.1766   4.197794   4.197869     1.7204     1.4139       9.43   27.69158  -94.22006   -0.00002   -0.00010          1  0.000e+00
      23106    962.708    276.740    278.774    13.1752    13.1765   4.197794   4.197890     1.7192     1.4139       9.43   27.69158  -94.22006   -0.00003   -0.00009          1  0.000e+00
      23107    962.750    276.740    278.774    13.1755    13.1766   4.197814   4.197897     1.7192     1.4127       9.43   27.69158  -94.22006   -0.00004   -0.00011          1  0.000e+00
      23108    962.792    276.702    278.736    13.1752    13.1763   4.197835   4.197876     1.7192     1.4139       9.43   27.69158  -94.22004   -0.00005   -0.00011          1  0.000e+00
      23109    962.833    276.687    278.720    13.1757    13.1761   4.197856   4.197806     1.7204     1.4127       9.43   27.69158  -94.22004   -0.00005   -0.00013          1  0.000e+00
      23110    962.875    276.687    278.720    13.1760    13.1759   4.197835   4.197876     1.7204     1.4139       9.43   27.69158  -94.22004   -0.00004   -0.00013          1  0.000e+00
      23111    962.917    276.687    278.720    13.1762    13.1758   4.197835   4.197820     1.7204     1.4139       9.45   27.69158  -94.22004   -0.00004   -0.00013          1  0.000e+00
      23112    962.958    276.702    278.736    13.1761    13.1759   4.197801   4.197813     1.7204     1.4139       9.45   27.69158  -94.22004   -0.00003   -0.00011          1  0.000e+00
      23113    963.000    276.687    278.720    13.1764    13.1759   4.197801   4.197855     1.7204     1.4127       9.45   27.69158  -94.22004   -0.00003   -0.00012          1  0.000e+00
      23114    963.042    276.687    278.720    13.1763    13.1761   4.197821   4.197862     1.7204     1.4139       9.45   27.69158  -94.22004   -0.00002   -0.00012          1  0.000e+00
      23115    963.083    276.641    278.675    13.1764    13.1763   4.197828   4.197862     1.7192     1.4127       9.45   27.69158  -94.22004   -0.00003   -0.00014          1  0.000e+00
      23116    963.125    276.687    278.720    13.1768    13.1759   4.197835   4.197890     1.7192     1.4139       9.45   27.69158  -94.22004   -0.00006   -0.00013          1  0.000e+00
      23117    963.167    276.634    278.667    13.1767    13.1761   4.197828   4.197897     1.7204     1.4127       9.45   27.69158  -94.22004   -0.00008   -0.00015          1  0.000e+00
      23118    963.208    276.687    278.720    13.1766    13.1761   4.197801   4.197897     1.7192     1.4127       9.45   27.69158  -94.22004   -0.00009   -0.00016          1  0.000e+00
      23119    963.250    276.641    278.675    13.1763    13.1761   4.197828   4.197841     1.7204     1.4127       9.45   27.69158  -94.22004   -0.00008   -0.00018          1  0.000e+00
      23120    963.292    276.634    278.667    13.1762    13.1761   4.197883   4.197848     1.7204     1.4139       9.45   27.69158  -94.22004   -0.00008   -0.00018          1  0.000e+00
      23121    963.333    276.634    278.667    13.1761    13.1759   4.197904   4.197862     1.7204     1.4139       9.45   27.69158  -94.22004   -0.00005   -0.00017          1  0.000e+00
      23122    963.375    276.634    278.667    13.1762    13.1761   4.197883   4.197834     1.7204     1.4127       9.45   27.69158  -94.22004   -0.00005   -0.00019          1  0.000e+00
      23123    963.417    276.641    278.675    13.1763    13.1759   4.197897   4.197827     1.7192     1.4127       9.45   27.69158  -94.22004   -0.00006   -0.00020          1  0.000e+00
      23124    963.458    276.634    278.667    13.1764    13.1761   4.197904   4.197855     1.7204     1.4127       9.45   27.69158  -94.22004   -0.00005   -0.00021          1  0.000e+00
      23125    963.500    276.634    278.667    13.1765    13.1761   4.197883   4.197890     1.7192     1.4127       9.45   27.69158  -94.22004   -0.00006   -0.00023          1  0.000e+00
