Gulf of Mexico/GOMECC-4/1db/rb2103_0361.ros
* Sea-Bird SBE 9 Data File:
* FileName = C:\Users\scs.user.rb\CTD\GOMECC4\data\rb2103_0361.hex
* Software Version Seasave V 7.26.7.107
* Temperature SN = 4799
* Conductivity SN = 3860
* Number of Bytes Per Scan = 41
* Number of Voltage Words = 4
* Number of Scans Averaged by the Deck Unit = 1
* NMEA Latitude = 28 20.83 N
* NMEA Longitude = 087 59.99 W
* NMEA UTC (Time) = Sep 24 2021  17:05:11
* NMEA baud rate = 4800
# nquan = 17
# nvalues = 2793                                  
# units = specified
# name 0 = scan: Scan Count
# name 1 = timeS: Time, Elapsed [seconds]
# name 2 = depSM: Depth [salt water, m]
# name 3 = prDM: Pressure, Digiquartz [db]
# name 4 = t090C: Temperature [ITS-90, deg C]
# name 5 = t190C: Temperature, 2 [ITS-90, deg C]
# name 6 = c0S/m: Conductivity [S/m]
# name 7 = c1S/m: Conductivity, 2 [S/m]
# name 8 = sbeox0V: Oxygen raw, SBE 43 [V]
# name 9 = sbeox1V: Oxygen raw, SBE 43, 2 [V]
# name 10 = altM: Altimeter [m]
# name 11 = latitude: Latitude [deg]
# name 12 = longitude: Longitude [deg]
# name 13 = sbox0dV/dT: Oxygen, SBE 43 [dov/dt]
# name 14 = sbox1dV/dT: Oxygen, SBE 43, 2 [dov/dt]
# name 15 = nbf: Bottles Fired
# name 16 = flag:  0.000e+00
# interval = seconds: 0.0416667
# start_time = Sep 24 2021 17:05:11 [NMEA time, header]
# bad_flag = -9.990e-29
*END*
      78720   3279.958   2219.707   2246.608     4.2884     4.2895   3.375257   3.375208     1.8462     1.5324       9.67   28.34712  -88.00036   -0.00028   -0.00014          1  0.000e+00
      78721   3280.000   2218.962   2245.850     4.2883     4.2893   3.375275   3.375189     1.8462     1.5324       9.67   28.34712  -88.00036   -0.00028   -0.00015          1  0.000e+00
      78722   3280.042   2219.203   2246.095     4.2884     4.2890   3.375282   3.375208     1.8462     1.5324       9.67   28.34712  -88.00036   -0.00030   -0.00014          1  0.000e+00
      78723   3280.083   2219.234   2246.126     4.2884     4.2892   3.375263   3.375189     1.8462     1.5324       9.67   28.34712  -88.00036   -0.00030   -0.00016          1  0.000e+00
      78724   3280.125   2219.140   2246.031     4.2882     4.2895   3.375257   3.375202     1.8462     1.5324       9.67   28.34712  -88.00036   -0.00030   -0.00015          1  0.000e+00
      78725   3280.167   2219.172   2246.063     4.2884     4.2890   3.375257   3.375195     1.8462     1.5324       9.67   28.34712  -88.00036   -0.00030   -0.00016          1  0.000e+00
      78726   3280.208   2219.141   2246.032     4.2882     4.2891   3.375257   3.375182     1.8462     1.5324       9.67   28.34712  -88.00036   -0.00030   -0.00017          1  0.000e+00
      78727   3280.250   2219.257   2246.150     4.2884     4.2893   3.375257   3.375183     1.8462     1.5324       9.62   28.34712  -88.00036   -0.00030   -0.00018          1  0.000e+00
      78728   3280.292   2219.234   2246.126     4.2885     4.2892   3.375231   3.375208     1.8474     1.5324       9.60   28.34712  -88.00036   -0.00028   -0.00020          1  0.000e+00
      78729   3280.333   2219.203   2246.095     4.2883     4.2891   3.375263   3.375215     1.8462     1.5324       9.60   28.34712  -88.00036   -0.00028   -0.00021          1  0.000e+00
      78730   3280.375   2219.234   2246.127     4.2882     4.2892   3.375263   3.375150     1.8462     1.5324       9.60   28.34712  -88.00036   -0.00028   -0.00022          1  0.000e+00
      78731   3280.417   2219.257   2246.150     4.2885     4.2891   3.375257   3.375189     1.8462     1.5324       9.60   28.34712  -88.00036   -0.00028   -0.00021          1  0.000e+00
      78732   3280.458   2219.257   2246.150     4.2882     4.2892   3.375257   3.375189     1.8462     1.5336       9.60   28.34712  -88.00036   -0.00027   -0.00021          1  0.000e+00
      78733   3280.500   2219.296   2246.190     4.2880     4.2893   3.375276   3.375183     1.8462     1.5324       9.60   28.34712  -88.00036   -0.00027   -0.00022          1  0.000e+00
      78734   3280.542   2219.257   2246.150     4.2882     4.2893   3.375263   3.375208     1.8462     1.5324       9.60   28.34712  -88.00036   -0.00027   -0.00023          1  0.000e+00
      78735   3280.583   2219.234   2246.127     4.2884     4.2892   3.375295   3.375189     1.8462     1.5324       9.60   28.34712  -88.00036   -0.00027   -0.00022          1  0.000e+00
      78736   3280.625   2219.320   2246.214     4.2884     4.2891   3.375269   3.375183     1.8462     1.5324       9.60   28.34712  -88.00036   -0.00026   -0.00023          1  0.000e+00
      78737   3280.667   2219.203   2246.095     4.2882     4.2892   3.375257   3.375208     1.8462     1.5324       9.60   28.34712  -88.00036   -0.00028   -0.00023          1  0.000e+00
      78738   3280.708   2219.413   2246.309     4.2882     4.2890   3.375282   3.375151     1.8462     1.5324       9.60   28.34712  -88.00036   -0.00027   -0.00022          1  0.000e+00
      78739   3280.750   2219.320   2246.214     4.2883     4.2890   3.375282   3.375189     1.8462     1.5324       9.57   28.34712  -88.00036   -0.00027   -0.00023          1  0.000e+00
      78740   3280.792   2219.351   2246.245     4.2885     4.2892   3.375282   3.375163     1.8462     1.5324       9.60   28.34712  -88.00036   -0.00026   -0.00022          1  0.000e+00
      78741   3280.833   2219.320   2246.214     4.2884     4.2890   3.375238   3.375202     1.8462     1.5336       9.60   28.34712  -88.00036   -0.00026   -0.00020          1  0.000e+00
      78742   3280.875   2219.351   2246.246     4.2880     4.2890   3.375244   3.375163     1.8462     1.5324       9.60   28.34712  -88.00036   -0.00025   -0.00019          1  0.000e+00
      78743   3280.917   2219.382   2246.277     4.2880     4.2890   3.375257   3.375221     1.8462     1.5324       9.60   28.34712  -88.00036   -0.00025   -0.00018          1  0.000e+00
      78744   3280.958   2219.382   2246.277     4.2882     4.2890   3.375257   3.375176     1.8474     1.5324       9.60   28.34712  -88.00036   -0.00024   -0.00018          1  0.000e+00
      78745   3281.000   2219.413   2246.309     4.2879     4.2890   3.375257   3.375195     1.8462     1.5324       9.60   28.34712  -88.00036   -0.00024   -0.00017          1  0.000e+00
      78746   3281.042   2219.382   2246.277     4.2882     4.2890   3.375257   3.375195     1.8462     1.5324       9.60   28.34712  -88.00036   -0.00023   -0.00016          1  0.000e+00
      78747   3281.083   2219.351   2246.246     4.2882     4.2890   3.375231   3.375183     1.8462     1.5324       9.60   28.34712  -88.00036   -0.00023   -0.00015          1  0.000e+00
      78748   3281.125   2219.437   2246.333     4.2882     4.2888   3.375244   3.375183     1.8462     1.5324       9.60   28.34712  -88.00036   -0.00022   -0.00014          1  0.000e+00
      78749   3281.167   2219.382   2246.277     4.2882     4.2890   3.375295   3.375208     1.8462     1.5324       9.60   28.34712  -88.00036   -0.00023   -0.00013          1  0.000e+00
      78750   3281.208   2219.475   2246.372     4.2880     4.2892   3.375276   3.375189     1.8462     1.5324       9.55   28.34712  -88.00036   -0.00022   -0.00012          1  0.000e+00
      78751   3281.250   2219.382   2246.277     4.2880     4.2895   3.375257   3.375202     1.8462     1.5324       9.43   28.34712  -88.00036   -0.00022   -0.00013          1  0.000e+00
      78752   3281.292   2219.475   2246.372     4.2882     4.2892   3.375257   3.375215     1.8462     1.5324       9.38   28.34712  -88.00036   -0.00023   -0.00012          1  0.000e+00
      78753   3281.333   2219.437   2246.333     4.2880     4.2893   3.375231   3.375163     1.8462     1.5324       9.38   28.34712  -88.00036   -0.00022   -0.00010          1  0.000e+00
      78754   3281.375   2219.476   2246.372     4.2880     4.2891   3.375225   3.375170     1.8462     1.5324       9.40   28.34712  -88.00036   -0.00021   -0.00009          1  0.000e+00
      78755   3281.417   2219.437   2246.333     4.2882     4.2893   3.375288   3.375183     1.8462     1.5324       9.40   28.34712  -88.00036   -0.00020   -0.00008          1  0.000e+00
      78756   3281.458   2219.499   2246.396     4.2882     4.2893   3.375244   3.375208     1.8462     1.5324       9.38   28.34712  -88.00036   -0.00019   -0.00009          1  0.000e+00
      78757   3281.500   2219.476   2246.372     4.2883     4.2893   3.375244   3.375195     1.8462     1.5324       9.40   28.34712  -88.00036   -0.00019   -0.00009          1  0.000e+00
      78758   3281.542   2219.499   2246.396     4.2884     4.2895   3.375257   3.375208     1.8474     1.5324       9.40   28.34712  -88.00036   -0.00018   -0.00010          1  0.000e+00
      78759   3281.583   2219.476   2246.373     4.2882     4.2890   3.375257   3.375163     1.8462     1.5324       9.40   28.34712  -88.00036   -0.00017   -0.00009          1  0.000e+00
      78760   3281.625   2219.437   2246.333     4.2880     4.2886   3.375276   3.375151     1.8462     1.5324       9.40   28.34712  -88.00036   -0.00016   -0.00009          1  0.000e+00
      78761   3281.667   2219.499   2246.396     4.2882     4.2890   3.375244   3.375151     1.8474     1.5324       9.40   28.34712  -88.00036   -0.00013   -0.00010          1  0.000e+00
      78762   3281.708   2219.476   2246.373     4.2882     4.2888   3.375250   3.375151     1.8474     1.5324       9.40   28.34712  -88.00036   -0.00012   -0.00010          1  0.000e+00
      78763   3281.750   2219.561   2246.460     4.2884     4.2886   3.375276   3.375151     1.8474     1.5324       9.40   28.34712  -88.00036   -0.00011   -0.00011          1  0.000e+00
      78764   3281.792   2219.476   2246.373     4.2885     4.2886   3.375263   3.375151     1.8486     1.5324       9.38   28.34712  -88.00036   -0.00009   -0.00011          1  0.000e+00
      78765   3281.833   2219.499   2246.396     4.2882     4.2886   3.375257   3.375170     1.8474     1.5324       9.40   28.34712  -88.00036   -0.00008   -0.00010          1  0.000e+00
      78766   3281.875   2219.476   2246.373     4.2880     4.2888   3.375231   3.375183     1.8474     1.5324       9.38   28.34712  -88.00036   -0.00005   -0.00010          1  0.000e+00
      78767   3281.917   2219.499   2246.397     4.2883     4.2886   3.375263   3.375157     1.8474     1.5324       9.40   28.34712  -88.00036   -0.00003   -0.00009          1  0.000e+00
      78768   3281.958   2219.499   2246.397     4.2884     4.2890   3.375282   3.375202     1.8474     1.5324       9.40   28.34712  -88.00036   -0.00000   -0.00010          1  0.000e+00
      78769   3282.000   2219.530   2246.428     4.2882     4.2886   3.375263   3.375144     1.8474     1.5324       9.40   28.34712  -88.00036    0.00000   -0.00010          1  0.000e+00
      78770   3282.042   2219.499   2246.397     4.2882     4.2888   3.375257   3.375163     1.8474     1.5324       9.40   28.34712  -88.00036    0.00001   -0.00009          1  0.000e+00
      78771   3282.083   2219.476   2246.373     4.2879     4.2883   3.375257   3.375144     1.8474     1.5324       9.38   28.34712  -88.00036    0.00004   -0.00009          1  0.000e+00
      78772   3282.125   2219.562   2246.460     4.2883     4.2886   3.375257   3.375170     1.8474     1.5324       9.40   28.34712  -88.00036    0.00004   -0.00008          1  0.000e+00
      78773   3282.167   2219.437   2246.334     4.2882     4.2886   3.375257   3.375157     1.8474     1.5324       9.40   28.34712  -88.00036    0.00005   -0.00008          1  0.000e+00
      78774   3282.208   2219.531   2246.428     4.2880     4.2883   3.375276   3.375151     1.8474     1.5324       9.35   28.34712  -88.00036    0.00007   -0.00007          1  0.000e+00
      78775   3282.250   2219.437   2246.334     4.2880     4.2886   3.375238   3.375151     1.8474     1.5324       9.28   28.34712  -88.00036    0.00010   -0.00007          1  0.000e+00
      78776   3282.292   2219.531   2246.428     4.2884     4.2886   3.375244   3.375131     1.8486     1.5324       9.23   28.34712  -88.00036    0.00014   -0.00006          1  0.000e+00
      78777   3282.333   2219.500   2246.397     4.2882     4.2885   3.375257   3.375144     1.8474     1.5324       9.23   28.34712  -88.00036    0.00016   -0.00004          1  0.000e+00
      78778   3282.375   2219.476   2246.373     4.2884     4.2886   3.375257   3.375131     1.8474     1.5324       9.26   28.34712  -88.00036    0.00019   -0.00005          1  0.000e+00
      78779   3282.417   2219.500   2246.397     4.2882     4.2888   3.375276   3.375144     1.8474     1.5324       9.26   28.34712  -88.00036    0.00021   -0.00005          1  0.000e+00
      78780   3282.458   2219.500   2246.397     4.2883     4.2890   3.375238   3.375151     1.8474     1.5324       9.26   28.34712  -88.00036    0.00022   -0.00005          1  0.000e+00
      78781   3282.500   2219.477   2246.373     4.2882     4.2888   3.375244   3.375170     1.8474     1.5324       9.26   28.34712  -88.00036    0.00022   -0.00005          1  0.000e+00
      78782   3282.542   2219.438   2246.334     4.2883     4.2890   3.375295   3.375163     1.8474     1.5324       9.26   28.34712  -88.00036    0.00023   -0.00006          1  0.000e+00
      78783   3282.583   2219.477   2246.373     4.2884     4.2888   3.375244   3.375176     1.8474     1.5324       9.26   28.34712  -88.00036    0.00023   -0.00006          1  0.000e+00
      78784   3282.625   2219.438   2246.334     4.2882     4.2888   3.375276   3.375183     1.8474     1.5336       9.26   28.34712  -88.00036    0.00025   -0.00005          1  0.000e+00
      78785   3282.667   2219.438   2246.334     4.2883     4.2890   3.375282   3.375163     1.8474     1.5324       9.26   28.34712  -88.00036    0.00026   -0.00005          1  0.000e+00
      78786   3282.708   2219.477   2246.374     4.2884     4.2890   3.375263   3.375176     1.8462     1.5324       9.26   28.34712  -88.00036    0.00024   -0.00005          1  0.000e+00
      78787   3282.750   2219.438   2246.334     4.2883     4.2890   3.375276   3.375157     1.8462     1.5324       9.26   28.34712  -88.00036    0.00023   -0.00006          1  0.000e+00
      78788   3282.792   2219.477   2246.374     4.2884     4.2890   3.375282   3.375202     1.8474     1.5324       9.26   28.34712  -88.00036    0.00025   -0.00006          1  0.000e+00
      78789   3282.833   2219.438   2246.334     4.2882     4.2890   3.375263   3.375215     1.8474     1.5324       9.26   28.34712  -88.00036    0.00027   -0.00006          1  0.000e+00
      78790   3282.875   2219.321   2246.216     4.2885     4.2890   3.375257   3.375151     1.8474     1.5324       9.26   28.34712  -88.00036    0.00028   -0.00006          1  0.000e+00
      78791   3282.917   2219.531   2246.429     4.2884     4.2890   3.375276   3.375144     1.8474     1.5324       9.26   28.34712  -88.00036    0.00030   -0.00007          1  0.000e+00
      78792   3282.958   2219.384   2246.279     4.2885     4.2890   3.375238   3.375170     1.8474     1.5324       9.26   28.34712  -88.00036    0.00032   -0.00005          1  0.000e+00
      78793   3283.000   2219.415   2246.311     4.2884     4.2890   3.375244   3.375183     1.8474     1.5324       9.26   28.34712  -88.00036    0.00032   -0.00006          1  0.000e+00
      78794   3283.042   2219.438   2246.334     4.2882     4.2890   3.375257   3.375183     1.8474     1.5324       9.26   28.34712  -88.00036    0.00033   -0.00004          1  0.000e+00
      78795   3283.083   2219.415   2246.311     4.2882     4.2892   3.375257   3.375202     1.8462     1.5324       9.26   28.34712  -88.00036    0.00033   -0.00004          1  0.000e+00
      78796   3283.125   2219.384   2246.279     4.2882     4.2888   3.375257   3.375170     1.8474     1.5324       9.26   28.34712  -88.00036    0.00033   -0.00005          1  0.000e+00
      78797   3283.167   2219.384   2246.279     4.2882     4.2891   3.375257   3.375151     1.8474     1.5324       9.26   28.34712  -88.00036    0.00034   -0.00005          1  0.000e+00
      78798   3283.208   2219.353   2246.248     4.2883     4.2888   3.375295   3.375170     1.8462     1.5324       9.28   28.34712  -88.00036    0.00034   -0.00005          1  0.000e+00
      78799   3283.250   2219.438   2246.335     4.2882     4.2890   3.375244   3.375183     1.8474     1.5324       9.38   28.34712  -88.00036    0.00034   -0.00005          1  0.000e+00
      78800   3283.292   2219.353   2246.248     4.2883     4.2892   3.375263   3.375183     1.8474     1.5324       9.43   28.34712  -88.00036    0.00035   -0.00006          1  0.000e+00
      78801   3283.333   2219.384   2246.279     4.2882     4.2890   3.375263   3.375183     1.8474     1.5324       9.43   28.34712  -88.00036    0.00035   -0.00006          1  0.000e+00
      78802   3283.375   2219.322   2246.216     4.2884     4.2890   3.375231   3.375183     1.8474     1.5324       9.40   28.34712  -88.00036    0.00035   -0.00006          1  0.000e+00
      78803   3283.417   2219.415   2246.311     4.2883     4.2892   3.375244   3.375157     1.8474     1.5324       9.40   28.34712  -88.00036    0.00035   -0.00006          1  0.000e+00
      78804   3283.458   2219.322   2246.216     4.2884     4.2888   3.375257   3.375151     1.8462     1.5324       9.40   28.34712  -88.00036    0.00034   -0.00007          1  0.000e+00
