Gulf of Mexico/GOMECC-4/1db/rb2103_0982.cnv
* Sea-Bird SBE 9 Data File:
* FileName = C:\Users\scs.user.rb\CTD\GOMECC4\data\rb2103_0982.hex
* Software Version Seasave V 7.26.7.107
* Temperature SN = 4799
* Conductivity SN = 3860
* Number of Bytes Per Scan = 41
* Number of Voltage Words = 4
* Number of Scans Averaged by the Deck Unit = 1
* NMEA Latitude = 23 11.00 N
* NMEA Longitude = 090 38.50 W
* NMEA UTC (Time) = Oct 11 2021  16:51:30
* NMEA baud rate = 4800
# nquan = 28
# nvalues = 610                         
# units = specified
# name 0 = scan: Scan Count
# name 1 = timeS: Time, Elapsed [seconds]
# name 2 = depSM: Depth [salt water, m]
# name 3 = prDM: Pressure, Digiquartz [db]
# name 4 = t090C: Temperature [ITS-90, deg C]
# name 5 = t190C: Temperature, 2 [ITS-90, deg C]
# name 6 = c0S/m: Conductivity [S/m]
# name 7 = c1S/m: Conductivity, 2 [S/m]
# name 8 = sbeox0V: Oxygen raw, SBE 43 [V]
# name 9 = sbeox1V: Oxygen raw, SBE 43, 2 [V]
# name 10 = altM: Altimeter [m]
# name 11 = latitude: Latitude [deg]
# name 12 = longitude: Longitude [deg]
# name 13 = sbox0dV/dT: Oxygen, SBE 43 [dov/dt]
# name 14 = sbox1dV/dT: Oxygen, SBE 43, 2 [dov/dt]
# name 15 = sbeox0ML/L: Oxygen, SBE 43 [ml/l], WS = 5
# name 16 = sbeox1ML/L: Oxygen, SBE 43, 2 [ml/l], WS = 5
# name 17 = potemp090C: Potential Temperature [ITS-90, deg C]
# name 18 = potemp190C: Potential Temperature, 2 [ITS-90, deg C]
# name 19 = sal00: Salinity, Practical [PSU]
# name 20 = sal11: Salinity, Practical, 2 [PSU]
# name 21 = sigma-é00: Density [sigma-theta, kg/m^3]
# name 22 = sigma-é11: Density, 2 [sigma-theta, kg/m^3]
# name 23 = avgsvCM: Average Sound Velocity [Chen-Millero, m/s], minP = 20, minS = 20
# name 24 = sbox0Mm/Kg: Oxygen, SBE 43 [umol/kg], WS = 5
# name 25 = sbox1Mm/Kg: Oxygen, SBE 43, 2 [umol/kg], WS = 5
# name 26 = nbin: number of scans per bin
# name 27 = flag: flag
# span 0 =      17788,     256846       
# span 1 =    741.125,  10701.884       
# span 2 =      0.994,   3286.047       
# span 3 =      1.000,   3333.000       
# span 4 =     4.3075,    30.0760       
# span 5 =     4.3086,    30.1791       
# span 6 =   3.351874,   6.023449       
# span 7 =   3.351800,   6.035765       
# span 8 =     1.5685,     3.3583       
# span 9 =     1.2698,     2.8570       
# span 10 =      11.24,     108.64      
# span 11 =   22.81852,   23.23191      
# span 12 =  -90.82911,  -89.21432      
# span 13 =   -0.03411,    0.04135      
# span 14 =   -0.03211,    0.03926      
# span 15 =     2.4178,     4.9271      
# span 16 =     2.4313,     4.9007      
# span 17 =     4.0799,    30.0757      
# span 18 =     4.0810,    30.1788      
# span 19 =    34.9092,    36.6815      
# span 20 =    34.9076,    36.6826      
# span 21 =    22.3763,    27.7574      
# span 22 =    22.2935,    27.7561      
# span 23 =       0.00,    1546.51      
# span 24 =    105.126,    214.952      
# span 25 =    105.718,    213.803      
# span 26 =         30,         78      
# span 27 = 0.0000e+00, 0.0000e+00      
# interval = decibars: 1                
# start_time = Oct 11 2021 16:51:30 [NMEA time, header]
# bad_flag = -9.990e-29
*END*
      17788    741.125      4.968      5.000    29.7041    29.7028   5.974341   5.974419     3.1546     2.6603     100.00   23.18362  -90.64164    0.00059   -0.00008     4.3273     4.2936    29.7029    29.7016    36.1593    36.1608    22.6972    22.6988       0.00    188.970    187.494         39 0.0000e+00
      17876    744.792      5.962      6.000    29.7161    29.7179   5.976037   5.976495     3.1525     2.6629     100.00   23.18362  -90.64164    0.00017    0.00080     4.3232     4.2981    29.7147    29.7164    36.1609    36.1627    22.6944    22.6951       0.00    188.789    187.694         59 0.0000e+00
      17952    747.978      6.956      7.000    29.6679    29.6887   5.975007   5.975533     3.1507     2.6636      96.31   23.18362  -90.64164   -0.00075    0.00051     4.3234     4.3017    29.6662    29.6869    36.1905    36.1785    22.7331    22.7170       0.00    188.793    187.848         68 0.0000e+00
      18022    750.877      7.949      8.000    29.6729    29.6717   5.975811   5.976227     3.1530     2.6646      98.24   23.18362  -90.64164    0.00058    0.00043     4.3275     4.3049    29.6709    29.6698    36.1920    36.1956    22.7326    22.7357       0.00    188.972    187.985         70 0.0000e+00
      18084    753.461      8.943      9.000    29.6889    29.6845   5.974496   5.975044     3.1520     2.6640      99.67   23.18362  -90.64164   -0.00028   -0.00046     4.3256     4.3038    29.6867    29.6822    36.1706    36.1777    22.7111    22.7180       0.00    188.892    187.938         55 0.0000e+00
      18143    755.898      9.937     10.000    29.6873    29.6853   5.974517   5.974963     3.1506     2.6631      82.91   23.18362  -90.64164   -0.00033   -0.00038     4.3240     4.3026    29.6848    29.6828    36.1717    36.1762    22.7126    22.7167       0.00    188.822    187.885         64 0.0000e+00
      18205    758.494     10.930     11.000    29.6813    29.6841   5.976188   5.975927     3.1499     2.6622      84.79   23.18362  -90.64164   -0.00046   -0.00012     4.3231     4.3011    29.6786    29.6814    36.1882    36.1841    22.7271    22.7231       0.00    188.780    187.820         55 0.0000e+00
      18257    760.684     11.924     12.000    29.6755    29.6768   5.982038   5.982329     3.1510     2.6626      99.44   23.18362  -90.64164    0.00022   -0.00027     4.3249     4.3018    29.6726    29.6739    36.2314    36.2324    22.7616    22.7619       0.00    188.853    187.844         58 0.0000e+00
      18316    763.125     12.918     13.000    29.6772    29.6785   5.983183   5.983526     3.1496     2.6634     100.00   23.18362  -90.64164   -0.00024    0.00036     4.3227     4.3036    29.6740    29.6753    36.2377    36.2390    22.7658    22.7664       0.00    188.756    187.920         53 0.0000e+00
      18371    765.412     13.911     14.000    29.6739    29.6754   5.983314   5.983637     3.1497     2.6603      99.96   23.18362  -90.64164   -0.00030   -0.00048     4.3236     4.2981    29.6705    29.6719    36.2407    36.2418    22.7693    22.7696       0.00    188.794    187.681         60 0.0000e+00
      18426    767.701     14.905     15.000    29.6594    29.6571   5.982725   5.983015     3.1485     2.6593      94.63   23.18362  -90.64164   -0.00023   -0.00102     4.3231     4.2967    29.6557    29.6534    36.2467    36.2487    22.7789    22.7811       0.00    188.771    187.618         49 0.0000e+00
      18478    769.862     15.899     16.000    29.6511    29.6549   5.982032   5.982565     3.1495     2.6611      99.47   23.18362  -90.64164   -0.00001   -0.00013     4.3254     4.3014    29.6472    29.6510    36.2485    36.2493    22.7831    22.7824       0.00    188.871    187.822         55 0.0000e+00
      18531    772.104     16.892     17.000    29.6412    29.6430   5.981188   5.981663     3.1480     2.6615      89.19   23.18362  -90.64164   -0.00000    0.00115     4.3241     4.3038    29.6370    29.6388    36.2497    36.2510    22.7875    22.7878       0.00    188.813    187.924         50 0.0000e+00
      18580    774.108     17.886     18.000    29.6385    29.6384   5.980875   5.981141     3.1491     2.6633      85.56   23.18362  -90.64164   -0.00040    0.00008     4.3269     4.3085    29.6341    29.6340    36.2498    36.2514    22.7885    22.7898       0.00    188.935    188.132         48 0.0000e+00
      18629    776.162     18.879     19.000    29.6332    29.6361   5.980537   5.980984     3.1495     2.6604     100.11   23.18362  -90.64164    0.00059    0.00007     4.3288     4.3034    29.6285    29.6314    36.2507    36.2518    22.7911    22.7909       0.00    189.015    187.908         50 0.0000e+00
      18676    778.143     19.873     20.000    29.6305    29.6290   5.980114   5.980328     3.1479     2.6597     100.00   23.18362  -90.64164   -0.00039   -0.00113     4.3255     4.3030    29.6256    29.6241    36.2509    36.2523    22.7922    22.7938     762.97    188.872    187.889         45 0.0000e+00
      18721    779.983     20.867     21.000    29.6233    29.6240   5.979610   5.979888     3.1478     2.6626     100.00   23.18362  -90.64164   -0.00032    0.00070     4.3272     4.3096    29.6181    29.6188    36.2514    36.2528    22.7952    22.7960    1530.68    188.947    188.178         46 0.0000e+00
      18769    781.999     21.860     22.000    29.6227    29.6239   5.979599   5.979928     3.1497     2.6603     100.00   23.18362  -90.64164    0.00021    0.00046     4.3313     4.3057    29.6173    29.6184    36.2515    36.2529    22.7955    22.7961    1546.48    189.123    188.009         48 0.0000e+00
      18815    783.917     22.854     23.000    29.6220    29.6239   5.979617   5.979996     3.1501     2.6601      98.17   23.18362  -90.64164    0.00067   -0.00127     4.3326     4.3059    29.6163    29.6182    36.2518    36.2530    22.7960    22.7963    1546.48    189.181    188.014         45 0.0000e+00
      18862    785.865     23.847     24.000    29.6197    29.6212   5.979489   5.979836     3.1504     2.6620      91.87   23.18362  -90.64164    0.00032    0.00075     4.3338     4.3102    29.6138    29.6153    36.2524    36.2536    22.7974    22.7978    1546.48    189.232    188.203         48 0.0000e+00
      18909    787.824     24.841     25.000    29.6199    29.6212   5.979579   5.979922     3.1499     2.6609     100.05   23.18362  -90.64164   -0.00021   -0.00000     4.3334     4.3086    29.6137    29.6151    36.2526    36.2539    22.7975    22.7981    1546.49    189.218    188.132         46 0.0000e+00
      18955    789.754     25.834     26.000    29.6206    29.6219   5.979663   5.980004     3.1472     2.6592     100.00   23.18362  -90.64164   -0.00059   -0.00036     4.3291     4.3057    29.6142    29.6155    36.2523    36.2537    22.7971    22.7978    1546.49    189.026    188.006         48 0.0000e+00
      19004    791.790     26.828     27.000    29.6207    29.6219   5.979751   5.980096     3.1497     2.6569     100.00   23.18362  -90.64164   -0.00033   -0.00160     4.3339     4.3017    29.6140    29.6153    36.2526    36.2540    22.7975    22.7981    1546.49    189.240    187.831         48 0.0000e+00
      19050    793.702     27.822     28.000    29.6201    29.6219   5.979806   5.980177     3.1495     2.6592     100.00   23.18362  -90.64164    0.00068    0.00033     4.3342     4.3066    29.6132    29.6150    36.2531    36.2543    22.7981    22.7984    1546.50    189.252    188.045         45 0.0000e+00
      19095    795.591     28.815     29.000    29.6195    29.6211   5.979813   5.980165     3.1489     2.6640     100.00   23.18362  -90.64164   -0.00005    0.00137     4.3338     4.3167    29.6124    29.6140    36.2533    36.2545    22.7985    22.7989    1546.50    189.232    188.486         46 0.0000e+00
      19143    797.589     29.809     30.000    29.6195    29.6213   5.979846   5.980231     3.1473     2.6643     100.00   23.18362  -90.64164   -0.00061    0.00204     4.3313     4.3179    29.6121    29.6139    36.2533    36.2545    22.7986    22.7989    1546.50    189.125    188.540         48 0.0000e+00
      19192    799.605     30.802     31.000    29.6177    29.6199   5.979842   5.980228     3.1482     2.6603     100.00   23.18362  -90.64164   -0.00012   -0.00134     4.3336     4.3106    29.6100    29.6122    36.2543    36.2553    22.8001    22.8001    1546.51    189.223    188.219         50 0.0000e+00
      19239    801.591     31.796     32.000    29.5799    29.5830   5.977898   5.978324     3.1453     2.6607     100.00   23.18362  -90.64164   -0.00030   -0.00078     4.3314     4.3140    29.5720    29.5751    36.2692    36.2697    22.8242    22.8235    1546.51    189.121    188.365         43 0.0000e+00
      19281    803.348     32.789     33.000    29.5468    29.5490   5.975672   5.975971     3.1439     2.6612      86.17   23.18362  -90.64164   -0.00148    0.00005     4.3313     4.3179    29.5413    29.5410    36.2784    36.2797    22.8415    22.8423    1546.51    189.115    188.530         47 0.0000e+00
      19334    805.552     33.783     34.000    29.4982    29.4999   5.971814   5.972178     3.1438     2.6573     100.66   23.18362  -90.64164    0.00001   -0.00075     4.3345     4.3136    29.4896    29.4915    36.2847    36.2859    22.8638    22.8640    1546.51    189.252    188.338         51 0.0000e+00
      19378    807.393     34.776     35.000    29.4957    29.4972   5.971214   5.971566     3.1442     2.6568     100.00   23.18362  -90.64163   -0.00036   -0.00102     4.3370     4.3136    29.4871    29.4886    36.2860    36.2873    22.8657    22.8661    1546.51    189.359    188.338         42 0.0000e+00
      19424    809.284     35.770     36.000    29.4919    29.4933   5.970985   5.971323     3.1430     2.6577     100.00   23.18362  -90.64162   -0.00008   -0.00028     4.3356     4.3161    29.4830    29.4844    36.2870    36.2883    22.8678    22.8683    1546.51    189.300    188.446         49 0.0000e+00
      19471    811.267     36.763     37.000    29.4858    29.4875   5.970748   5.971119     3.1439     2.6636     100.00   23.18362  -90.64162   -0.00001    0.00171     4.3381     4.3286    29.4767    29.4784    36.2897    36.2909    22.8719    22.8723    1546.51    189.406    188.992         46 0.0000e+00
      19521    813.325     37.757     38.000    29.4777    29.4791   5.970404   5.970766     3.1434     2.6582     100.00   23.18362  -90.64162    0.00013    0.00040     4.3383     4.3190    29.4684    29.4697    36.2931    36.2945    22.8773    22.8779    1546.51    189.416    188.573         51 0.0000e+00
      19567    815.237     38.750     39.000    29.4725    29.4738   5.970353   5.970651     3.1448     2.6577      50.34   23.18362  -90.64162    0.00012   -0.00209     4.3417     4.3189    29.4629    29.4642    36.2964    36.2975    22.8817    22.8821    1546.51    189.562    188.566         41 0.0000e+00
      19611    817.073     39.744     40.000    29.4594    29.4614   5.973028   5.973332     3.1447     2.6565      98.66   23.18362  -90.64162    0.00016   -0.00091     4.3430     4.3174    29.4496    29.4516    36.3244    36.3250    22.9072    22.9070    1546.51    189.615    188.496         51 0.0000e+00
      19663    819.239     40.737     41.000    29.4414    29.4432   5.972173   5.972553     3.1476     2.6625     100.00   23.18362  -90.64162    0.00094    0.00135     4.3491     4.3306    29.4314    29.4332    36.3318    36.3331    22.9190    22.9193    1546.51    189.880    189.073         47 0.0000e+00
      19706    821.047     41.731     42.000    29.4165    29.4179   5.970188   5.970517     3.1488     2.6619      99.53   23.18362  -90.64162    0.00107    0.00168     4.3537     4.3318    29.4062    29.4076    36.3368    36.3380    22.9312    22.9316    1546.51    190.077    189.120         44 0.0000e+00
      19754    823.039     42.725     43.000    29.4031    29.4049   5.969833   5.970207     3.1503     2.6623     100.00   23.18362  -90.64162    0.00082    0.00036     4.3577     4.3338    29.3925    29.3944    36.3442    36.3454    22.9414    22.9417    1546.51    190.252    189.207         50 0.0000e+00
      19801    825.008     43.718     44.000    29.3836    29.3851   5.969721   5.970040     3.1484     2.6656     100.00   23.18362  -90.64162   -0.00005    0.00041     4.3560     4.3419    29.3729    29.3743    36.3579    36.3590    22.9583    22.9587    1546.51    190.171    189.559         45 0.0000e+00
      19847    826.897     44.711     45.000    29.3741    29.3763   5.972678   5.973101     3.1489     2.6652     100.00   23.18362  -90.64162   -0.00063    0.00130     4.3573     4.3417    29.3646    29.3653    36.3840    36.3864    22.9808    22.9823    1546.51    190.224    189.543         47 0.0000e+00
      19896    828.958     45.705     46.000    29.2775    29.2808   5.973421   5.973724     3.1519     2.6670     100.00   23.18362  -90.64162    0.00075   -0.00038     4.3699     4.3517    29.2608    29.2697    36.4675    36.4688    23.0786    23.0792    1546.51    190.758    189.965         49 0.0000e+00
      19943    830.906     46.698     47.000    29.2714    29.2723   5.976120   5.976403     3.1583     2.6712     100.00   23.18362  -90.64162    0.00271    0.00260     4.3808     4.3595    29.2599    29.2608    36.4864    36.4877    23.0931    23.0937    1546.51    191.231    190.301         47 0.0000e+00
      19990    832.892     47.692     48.000    29.2396    29.2415   5.973722   5.974090     3.1560     2.6707     100.00   23.18362  -90.64162    0.00119    0.00055     4.3808     4.3615    29.2279    29.2298    36.4950    36.4960    23.1103    23.1105    1546.51    191.228    190.385         46 0.0000e+00
      20034    834.701     48.685     49.000    29.1914    29.1946   5.969788   5.970287     3.1559     2.6699     100.00   23.18362  -90.64162   -0.00071   -0.00055     4.3832     4.3632    29.1795    29.1826    36.5031    36.5041    23.1327    23.1325    1546.50    191.328    190.456         44 0.0000e+00
      20083    836.769     49.679     50.000    29.0111    29.0147   5.945804   5.946341     3.1567     2.6716     100.00   23.18362  -90.64162   -0.00026   -0.00028     4.3995     4.3802    28.9990    29.0026    36.4745    36.4755    23.1720    23.1715    1546.50    192.033    191.188         54 0.0000e+00
      20133    838.816     50.672     51.000    28.4382    28.4378   5.873527   5.873351     3.1799     2.7004     100.00   23.18362  -90.64162    0.00543    0.00637     4.4890     4.4833    28.4260    28.4256    36.4100    36.4091    23.3147    23.3141    1546.47    195.913    195.663         43 0.0000e+00
      20176    840.627     51.665     52.000    27.5077    27.5210   5.760656   5.762054     3.2422     2.7751     100.00   23.18362  -90.64162    0.01955    0.02509     4.6782     4.7084    27.4956    27.5088    36.3324    36.3320    23.5612    23.5567    1546.42    204.121    205.439         46 0.0000e+00
      20225    842.673     52.659     53.000    26.9475    26.9508   5.704167   5.704824     3.3281     2.8405     100.00   23.18362  -90.64162    0.04135    0.03926     4.8899     4.8885    26.9353    26.9386    36.3655    36.3676    23.7674    23.7680    1546.33    213.313    213.253         50 0.0000e+00
      20273    844.664     53.653     54.000    26.7710    26.7740   5.692629   5.693260     3.3098     2.8120      98.64   23.18362  -90.64162    0.01941    0.01087     4.8680     4.8426    26.7587    26.7617    36.4207    36.4229    23.8655    23.8662    1546.24    212.340    211.231         46 0.0000e+00
      20318    846.555     54.646     55.000    26.3144    26.3212   5.644224   5.645229     3.2264     2.7495      99.93   23.18361  -90.64162   -0.02487   -0.02320     4.7572     4.7492    26.3019    26.3087    36.4250    36.4269    24.0138    24.0130    1546.14    207.469    207.124         46 0.0000e+00
