Gulf of Mexico/GOMECC-4/1db/rb2103_1191.cnv
* Sea-Bird SBE 9 Data File:
* FileName = C:\Users\scs.user.rb\CTD\GOMECC4\data\rb2103_1191.hex
* Software Version Seasave V 7.26.7.107
* Temperature SN = 4799
* Conductivity SN = 3860
* Number of Bytes Per Scan = 41
* Number of Voltage Words = 4
* Number of Scans Averaged by the Deck Unit = 1
* NMEA Latitude = 21 39.90 N
* NMEA Longitude = 085 58.80 W
* NMEA UTC (Time) = Oct 16 2021  05:31:44
* NMEA baud rate = 4800
# nquan = 28
# nvalues = 937                         
# units = specified
# name 0 = scan: Scan Count
# name 1 = timeS: Time, Elapsed [seconds]
# name 2 = depSM: Depth [salt water, m]
# name 3 = prDM: Pressure, Digiquartz [db]
# name 4 = t090C: Temperature [ITS-90, deg C]
# name 5 = t190C: Temperature, 2 [ITS-90, deg C]
# name 6 = c0S/m: Conductivity [S/m]
# name 7 = c1S/m: Conductivity, 2 [S/m]
# name 8 = sbeox0V: Oxygen raw, SBE 43 [V]
# name 9 = sbeox1V: Oxygen raw, SBE 43, 2 [V]
# name 10 = altM: Altimeter [m]
# name 11 = latitude: Latitude [deg]
# name 12 = longitude: Longitude [deg]
# name 13 = sbox0dV/dT: Oxygen, SBE 43 [dov/dt]
# name 14 = sbox1dV/dT: Oxygen, SBE 43, 2 [dov/dt]
# name 15 = sbeox0ML/L: Oxygen, SBE 43 [ml/l], WS = 5
# name 16 = sbeox1ML/L: Oxygen, SBE 43, 2 [ml/l], WS = 5
# name 17 = potemp090C: Potential Temperature [ITS-90, deg C]
# name 18 = potemp190C: Potential Temperature, 2 [ITS-90, deg C]
# name 19 = sal00: Salinity, Practical [PSU]
# name 20 = sal11: Salinity, Practical, 2 [PSU]
# name 21 = sigma-é00: Density [sigma-theta, kg/m^3]
# name 22 = sigma-é11: Density, 2 [sigma-theta, kg/m^3]
# name 23 = avgsvCM: Average Sound Velocity [Chen-Millero, m/s], minP = 20, minS = 20
# name 24 = sbox0Mm/Kg: Oxygen, SBE 43 [umol/kg], WS = 5
# name 25 = sbox1Mm/Kg: Oxygen, SBE 43, 2 [umol/kg], WS = 5
# name 26 = nbin: number of scans per bin
# name 27 = flag: flag
# span 0 =       5026,     147189       
# span 1 =    209.365,   6132.813       
# span 2 =      0.994,   1860.943       
# span 3 =      1.000,   1881.000       
# span 4 =     4.2768,    30.1593       
# span 5 =     4.2775,    30.1586       
# span 6 =   3.348780,   6.041090       
# span 7 =   3.348762,   6.041261       
# span 8 =     1.6251,     3.1930       
# span 9 =     1.3222,     2.6912       
# span 10 =      13.42,     100.86      
# span 11 =   21.65005,   21.89387      
# span 12 =  -86.79126,  -85.82283      
# span 13 =   -0.01301,    0.01599      
# span 14 =   -0.01281,    0.01220      
# span 15 =     2.6933,     4.8223      
# span 16 =     2.7058,     4.8337      
# span 17 =     4.1184,    30.1551      
# span 18 =     4.1190,    30.1544      
# span 19 =    34.8723,    36.9981      
# span 20 =    34.8718,    36.9999      
# span 21 =    22.5087,    27.7540      
# span 22 =    22.5043,    27.7532      
# span 23 =       0.00,    1547.38      
# span 24 =    117.101,    209.547      
# span 25 =    117.658,    210.042      
# span 26 =         30,         70      
# span 27 = 0.0000e+00, 0.0000e+00      
# interval = decibars: 1                
# start_time = Oct 16 2021 05:31:44 [NMEA time, header]
# bad_flag = -9.990e-29
*END*
[from data line 467]
      59149   2464.505   1824.497   1844.000     4.2787     4.2794   3.358389   3.358374     1.9428     1.6177      49.75   21.67750  -85.98416   -0.00005    0.00014     4.8065     4.8212     4.1225     4.1232    34.9747    34.9739    27.7532    27.7524    1501.90    208.863    209.502         34 0.0000e+00
      59183   2465.913   1825.482   1845.000     4.2785     4.2792   3.358417   3.358403     1.9432     1.6177      48.75   21.67750  -85.98416    0.00001    0.00010     4.8086     4.8220     4.1222     4.1229    34.9748    34.9739    27.7532    27.7525    1501.90    208.953    209.537         33 0.0000e+00
      59216   2467.311   1826.467   1846.000     4.2784     4.2789   3.358451   3.358420     1.9435     1.6177      47.83   21.67752  -85.98418    0.00020    0.00006     4.8102     4.8227     4.1220     4.1225    34.9748    34.9740    27.7533    27.7526    1501.89    209.023    209.567         35 0.0000e+00
      59254   2468.858   1827.452   1847.000     4.2785     4.2792   3.358500   3.358480     1.9436     1.6179      46.73   21.67752  -85.98418    0.00020    0.00004     4.8116     4.8239     4.1220     4.1227    34.9748    34.9739    27.7533    27.7525    1501.89    209.082    209.617         38 0.0000e+00
      59290   2470.366   1828.437   1848.000     4.2786     4.2793   3.358545   3.358531     1.9438     1.6180      46.35   21.67754  -85.98418    0.00011    0.00008     4.8127     4.8250     4.1220     4.1227    34.9748    34.9739    27.7533    27.7525    1501.89    209.130    209.664         34 0.0000e+00
      59323   2471.732   1829.422   1849.000     4.2783     4.2791   3.358561   3.358561     1.9438     1.6178      44.78   21.67754  -85.98418    0.00007    0.00002     4.8135     4.8250     4.1216     4.1224    34.9748    34.9740    27.7534    27.7526    1501.89    209.165    209.667         33 0.0000e+00
      59357   2473.155   1830.407   1850.000     4.2784     4.2790   3.358611   3.358601     1.9439     1.6178      43.85   21.67754  -85.98418    0.00004   -0.00003     4.8144     4.8256     4.1216     4.1222    34.9748    34.9740    27.7533    27.7526    1501.89    209.203    209.694         35 0.0000e+00
      59391   2474.604   1831.393   1851.000     4.2788     4.2792   3.358689   3.358647     1.9438     1.6178      42.85   21.67756  -85.98418    0.00003   -0.00002     4.8146     4.8261     4.1219     4.1223    34.9748    34.9740    27.7533    27.7526    1501.88    209.216    209.714         34 0.0000e+00
      59425   2476.009   1832.378   1852.000     4.2779     4.2784   3.358652   3.358634     1.9439     1.6178      41.89   21.67756  -85.98418    0.00000   -0.00002     4.8157     4.8267     4.1209     4.1215    34.9749    34.9740    27.7535    27.7528    1501.88    209.261    209.739         34 0.0000e+00
      59460   2477.472   1833.363   1853.000     4.2776     4.2779   3.358670   3.358629     1.9437     1.6176      40.86   21.67758  -85.98418   -0.00002   -0.00004     4.8158     4.8268     4.1206     4.1208    34.9748    34.9741    27.7535    27.7529    1501.88    209.266    209.746         37 0.0000e+00
      59498   2479.032   1834.348   1854.000     4.2773     4.2777   3.358688   3.358655     1.9435     1.6177      39.90   21.67758  -85.98418   -0.00010   -0.00007     4.8154     4.8276     4.1201     4.1205    34.9749    34.9742    27.7536    27.7530    1501.88    209.248    209.779         36 0.0000e+00
      59532   2480.479   1835.333   1855.000     4.2774     4.2779   3.358738   3.358709     1.9435     1.6178      38.94   21.67759  -85.98420   -0.00010    0.00003     4.8160     4.8288     4.1201     4.1206    34.9750    34.9741    27.7536    27.7529    1501.88    209.276    209.830         33 0.0000e+00
      59565   2481.836   1836.318   1856.000     4.2775     4.2781   3.358796   3.358773     1.9438     1.6177      37.92   21.67760  -85.98420    0.00002    0.00006     4.8178     4.8289     4.1202     4.1208    34.9750    34.9741    27.7537    27.7529    1501.87    209.353    209.836         33 0.0000e+00
      59599   2483.249   1837.303   1857.000     4.2775     4.2781   3.358831   3.358809     1.9434     1.6176      37.00   21.67760  -85.98420    0.00003   -0.00006     4.8168     4.8292     4.1200     4.1206    34.9750    34.9741    27.7536    27.7529    1501.87    209.310    209.847         35 0.0000e+00
      59635   2484.737   1838.288   1858.000     4.2776     4.2782   3.358878   3.358860     1.9436     1.6171      35.90   21.67762  -85.98420   -0.00005   -0.00012     4.8185     4.8277     4.1201     4.1206    34.9749    34.9741    27.7536    27.7529    1501.87    209.384    209.784         36 0.0000e+00
      59669   2486.169   1839.273   1859.000     4.2778     4.2783   3.358942   3.358915     1.9436     1.6170      35.04   21.67762  -85.98420    0.00003   -0.00020     4.8191     4.8280     4.1202     4.1207    34.9750    34.9741    27.7536    27.7529    1501.87    209.407    209.796         33 0.0000e+00
      59704   2487.615   1840.258   1860.000     4.2774     4.2780   3.358947   3.358928     1.9431     1.6167      33.97   21.67763  -85.98420   -0.00007   -0.00023     4.8176     4.8271     4.1196     4.1203    34.9750    34.9741    27.7537    27.7530    1501.87    209.342    209.755         37 0.0000e+00
      59741   2489.178   1841.243   1861.000     4.2774     4.2781   3.358993   3.358978     1.9430     1.6166      33.03   21.67764  -85.98420   -0.00022   -0.00013     4.8181     4.8275     4.1196     4.1202    34.9750    34.9742    27.7538    27.7530    1501.87    209.364    209.776         36 0.0000e+00
      59774   2490.559   1842.228   1862.000     4.2777     4.2782   3.359054   3.359024     1.9430     1.6166      32.06   21.67765  -85.98420   -0.00009   -0.00005     4.8185     4.8280     4.1197     4.1202    34.9750    34.9742    27.7537    27.7530    1501.86    209.384    209.796         32 0.0000e+00
      59807   2491.926   1843.213   1863.000     4.2778     4.2783   3.359107   3.359078     1.9433     1.6167      31.09   21.67766  -85.98421    0.00005    0.00000     4.8202     4.8290     4.1198     4.1203    34.9750    34.9741    27.7537    27.7530    1501.86    209.458    209.841         35 0.0000e+00
      59843   2493.420   1844.198   1864.000     4.2778     4.2787   3.359145   3.359144     1.9434     1.6169      30.13   21.67767  -85.98422    0.00012    0.00006     4.8214     4.8304     4.1197     4.1205    34.9750    34.9741    27.7537    27.7529    1501.86    209.511    209.899         35 0.0000e+00
      59877   2494.831   1845.183   1865.000     4.2780     4.2786   3.359198   3.359183     1.9434     1.6168      29.10   21.67768  -85.98422    0.00011    0.00009     4.8219     4.8308     4.1197     4.1203    34.9750    34.9741    27.7537    27.7530    1501.86    209.530    209.916         33 0.0000e+00
      59911   2496.254   1846.169   1866.000     4.2774     4.2782   3.359196   3.359190     1.9431     1.6167      28.08   21.67768  -85.98422   -0.00003   -0.00003     4.8216     4.8308     4.1191     4.1198    34.9751    34.9742    27.7538    27.7530    1501.86    209.517    209.918         37 0.0000e+00
      59950   2497.879   1847.154   1867.000     4.2769     4.2775   3.359193   3.359176     1.9428     1.6166      27.07   21.67769  -85.98422   -0.00020   -0.00009     4.8211     4.8312     4.1185     4.1190    34.9751    34.9743    27.7539    27.7532    1501.85    209.498    209.936         39 0.0000e+00
      59985   2499.347   1848.139   1868.000     4.2769     4.2776   3.359240   3.359218     1.9426     1.6166      26.22   21.67770  -85.98422   -0.00019   -0.00002     4.8209     4.8318     4.1184     4.1190    34.9751    34.9742    27.7539    27.7531    1501.85    209.489    209.963         31 0.0000e+00
      60016   2500.616   1849.124   1869.000     4.2771     4.2776   3.359293   3.359270     1.9426     1.6166      25.22   21.67771  -85.98423   -0.00009   -0.00001     4.8215     4.8325     4.1184     4.1190    34.9751    34.9743    27.7539    27.7532    1501.85    209.516    209.990         31 0.0000e+00
      60048   2501.954   1850.109   1870.000     4.2772     4.2778   3.359352   3.359328     1.9427     1.6166      24.22   21.67772  -85.98424   -0.00004    0.00001     4.8223     4.8331     4.1185     4.1191    34.9752    34.9743    27.7540    27.7532    1501.85    209.547    210.016         34 0.0000e+00
      60086   2503.528   1851.094   1871.000     4.2774     4.2780   3.359404   3.359381     1.9424     1.6165      23.20   21.67772  -85.98424   -0.00004   -0.00002     4.8220     4.8334     4.1186     4.1191    34.9751    34.9743    27.7539    27.7532    1501.85    209.535    210.031         40 0.0000e+00
      60124   2505.121   1852.079   1872.000     4.2775     4.2782   3.359458   3.359443     1.9423     1.6165      22.24   21.67773  -85.98424   -0.00011   -0.00004     4.8218     4.8337     4.1186     4.1193    34.9751    34.9743    27.7539    27.7532    1501.85    209.528    210.042         35 0.0000e+00
      60157   2506.492   1853.063   1873.000     4.2776     4.2781   3.359499   3.359478     1.9417     1.6160      21.31   21.67774  -85.98424   -0.00018   -0.00011     4.8203     4.8325     4.1185     4.1191    34.9751    34.9743    27.7539    27.7532    1501.85    209.461    209.993         32 0.0000e+00
      60189   2507.844   1854.049   1874.000     4.2776     4.2782   3.359547   3.359525     1.9418     1.6155      20.28   21.67774  -85.98425   -0.00020   -0.00026     4.8214     4.8309     4.1185     4.1191    34.9751    34.9743    27.7539    27.7532    1501.84    209.507    209.920         34 0.0000e+00
      60224   2509.294   1855.034   1875.000     4.2779     4.2784   3.359609   3.359580     1.9416     1.6158      19.35   21.67776  -85.98425   -0.00012   -0.00020     4.8211     4.8326     4.1187     4.1192    34.9751    34.9742    27.7539    27.7532    1501.84    209.498    209.996         35 0.0000e+00
      60259   2510.762   1856.019   1876.000     4.2782     4.2787   3.359673   3.359645     1.9415     1.6155      18.27   21.67776  -85.98426   -0.00009   -0.00006     4.8214     4.8319     4.1189     4.1194    34.9750    34.9742    27.7538    27.7531    1501.84    209.510    209.964         35 0.0000e+00
      60294   2512.224   1857.004   1877.000     4.2783     4.2790   3.359726   3.359708     1.9413     1.6154      17.42   21.67776  -85.98426   -0.00009   -0.00008     4.8211     4.8323     4.1189     4.1195    34.9750    34.9742    27.7538    27.7531    1501.84    209.496    209.983         36 0.0000e+00
      60331   2513.734   1857.988   1878.000     4.2784     4.2789   3.359769   3.359753     1.9411     1.6148      16.29   21.67778  -85.98426   -0.00014   -0.00017     4.8211     4.8303     4.1189     4.1194    34.9750    34.9743    27.7538    27.7532    1501.84    209.494    209.894         36 0.0000e+00
      60366   2515.190   1858.973   1879.000     4.2784     4.2789   3.359814   3.359797     1.9409     1.6143      15.41   21.67778  -85.98426   -0.00011   -0.00031     4.8206     4.8289     4.1187     4.1193    34.9751    34.9743    27.7539    27.7532    1501.84    209.474    209.834         33 0.0000e+00
      60398   2516.534   1859.959   1880.000     4.2786     4.2792   3.359875   3.359857     1.9405     1.6142      14.45   21.67780  -85.98426   -0.00019   -0.00032     4.8197     4.8289     4.1189     4.1195    34.9751    34.9743    27.7539    27.7531    1501.83    209.437    209.834         33 0.0000e+00
      60432   2517.955   1860.943   1881.000     4.2787     4.2792   3.359922   3.359896     1.9403     1.6142      13.42   21.67780  -85.98427   -0.00025   -0.00014     4.8197     4.8295     4.1189     4.1194    34.9751    34.9742    27.7538    27.7531    1501.83    209.436    209.861         36 0.0000e+00
      63466   2644.375   1858.973   1879.000     4.2785     4.2792   3.359820   3.359805     1.9400     1.6134      14.49   21.67851  -85.98460    0.00000   -0.00014     4.8170     4.8247     4.1189     4.1196    34.9750    34.9741    27.7538    27.7530    1501.83    209.319    209.654         60 0.0000e+00
      63547   2647.731   1857.988   1878.000     4.2786     4.2794   3.359788   3.359782     1.9401     1.6132      15.51   21.67852  -85.98456    0.00004   -0.00009     4.8170     4.8232     4.1191     4.1198    34.9750    34.9742    27.7538    27.7530    1501.83    209.318    209.586         70 0.0000e+00
      63611   2650.415   1857.003   1877.000     4.2786     4.2791   3.359738   3.359711     1.9403     1.6135      16.32   21.67853  -85.98456    0.00006    0.00006     4.8170     4.8238     4.1192     4.1196    34.9749    34.9741    27.7537    27.7530    1501.83    209.316    209.614         43 0.0000e+00
      63648   2651.967   1856.019   1876.000     4.2783     4.2788   3.359679   3.359646     1.9406     1.6140      17.20   21.67854  -85.98456    0.00010    0.00022     4.8176     4.8255     4.1190     4.1195    34.9750    34.9741    27.7538    27.7530    1501.83    209.345    209.689         38 0.0000e+00
      63689   2653.646   1855.033   1875.000     4.2781     4.2787   3.359622   3.359595     1.9407     1.6142      18.21   21.67854  -85.98456    0.00015    0.00025     4.8177     4.8258     4.1189     4.1194    34.9750    34.9741    27.7538    27.7530    1501.83    209.347    209.701         42 0.0000e+00
      63731   2655.408   1854.048   1874.000     4.2780     4.2786   3.359563   3.359546     1.9410     1.6144      19.21   21.67854  -85.98456    0.00011    0.00012     4.8182     4.8262     4.1188     4.1194    34.9750    34.9741    27.7538    27.7530    1501.83    209.370    209.716         43 0.0000e+00
      63774   2657.195   1853.063   1873.000     4.2779     4.2786   3.359515   3.359496     1.9414     1.6147      20.23   21.67856  -85.98456    0.00020    0.00014     4.8191     4.8268     4.1188     4.1195    34.9750    34.9740    27.7538    27.7530    1501.83    209.408    209.742         42 0.0000e+00
      63816   2658.973   1852.078   1872.000     4.2778     4.2785   3.359464   3.359459     1.9414     1.6152      21.18   21.67856  -85.98456    0.00014    0.00024     4.8186     4.8284     4.1188     4.1195    34.9750    34.9742    27.7538    27.7531    1501.83    209.385    209.813         44 0.0000e+00
      63862   2660.893   1851.093   1871.000     4.2777     4.2785   3.359422   3.359409     1.9417     1.6154      22.17   21.67856  -85.98458    0.00007    0.00020     4.8188     4.8285     4.1188     4.1196    34.9751    34.9741    27.7538    27.7530    1501.83    209.398    209.817         47 0.0000e+00
      63909   2662.816   1850.109   1870.000     4.2776     4.2783   3.359371   3.359361     1.9418     1.6154      23.14   21.67856  -85.98458    0.00008    0.00004     4.8187     4.8279     4.1188     4.1196    34.9750    34.9741    27.7538    27.7530    1501.83    209.390    209.794         46 0.0000e+00
      63955   2664.757   1849.124   1869.000     4.2775     4.2783   3.359324   3.359312     1.9421     1.6153      24.12   21.67858  -85.98458    0.00011   -0.00002     4.8192     4.8269     4.1188     4.1196    34.9750    34.9741    27.7538    27.7530    1501.83    209.414    209.751         47 0.0000e+00
      64003   2666.770   1848.138   1868.000     4.2774     4.2782   3.359275   3.359267     1.9425     1.6154      25.11   21.67858  -85.98458    0.00019   -0.00000     4.8204     4.8266     4.1188     4.1197    34.9751    34.9741    27.7538    27.7530    1501.83    209.467    209.737         48 0.0000e+00
