Gulf of Mexico/GOMECC-4/1db/rb2103_1271.ros
* Sea-Bird SBE 9 Data File:
* FileName = C:\Users\scs.user.rb\CTD\GOMECC4\data\rb2103_1271.hex
* Software Version Seasave V 7.26.7.107
* Temperature SN = 4799
* Conductivity SN = 3860
* Number of Bytes Per Scan = 41
* Number of Voltage Words = 4
* Number of Scans Averaged by the Deck Unit = 1
* NMEA Latitude = 26 40.12 N
* NMEA Longitude = 082 25.01 W
* NMEA UTC (Time) = Oct 19 2021  02:30:00
* NMEA baud rate = 4800
# nquan = 17
# nvalues = 266                                   
# units = specified
# name 0 = scan: Scan Count
# name 1 = timeS: Time, Elapsed [seconds]
# name 2 = depSM: Depth [salt water, m]
# name 3 = prDM: Pressure, Digiquartz [db]
# name 4 = t090C: Temperature [ITS-90, deg C]
# name 5 = t190C: Temperature, 2 [ITS-90, deg C]
# name 6 = c0S/m: Conductivity [S/m]
# name 7 = c1S/m: Conductivity, 2 [S/m]
# name 8 = sbeox0V: Oxygen raw, SBE 43 [V]
# name 9 = sbeox1V: Oxygen raw, SBE 43, 2 [V]
# name 10 = altM: Altimeter [m]
# name 11 = latitude: Latitude [deg]
# name 12 = longitude: Longitude [deg]
# name 13 = sbox0dV/dT: Oxygen, SBE 43 [dov/dt]
# name 14 = sbox1dV/dT: Oxygen, SBE 43, 2 [dov/dt]
# name 15 = nbf: Bottles Fired
# name 16 = flag:  0.000e+00
# interval = seconds: 0.0416667
# start_time = Oct 19 2021 02:30:00 [NMEA time, header]
# bad_flag = -9.990e-29
*END*
      17277    719.833     10.592     10.662    28.6497    28.6584   5.761428   5.762747     2.6032     2.1722       6.59   26.66878  -82.41680    0.00004   -0.00091          1  0.000e+00
      17278    719.875     10.342     10.410    28.6500    28.6573   5.761459   5.762707     2.6032     2.1709       6.59   26.66878  -82.41680    0.00004   -0.00098          1  0.000e+00
      17279    719.917     10.295     10.363    28.6499    28.6573   5.761404   5.762770     2.6032     2.1722       6.62   26.66878  -82.41680    0.00005   -0.00102          1  0.000e+00
      17280    719.958     10.247     10.315    28.6502    28.6568   5.761412   5.762754     2.6032     2.1709       6.59   26.66878  -82.41680    0.00007   -0.00109          1  0.000e+00
      17281    720.000     10.342     10.410    28.6502    28.6577   5.761459   5.762738     2.6032     2.1709       6.62   26.66878  -82.41680    0.00008   -0.00115          1  0.000e+00
      17282    720.042     10.295     10.363    28.6500    28.6579   5.761436   5.762778     2.6044     2.1709       6.59   26.66878  -82.41680    0.00012   -0.00119          1  0.000e+00
      17283    720.083     10.295     10.363    28.6502    28.6577   5.761459   5.762754     2.6032     2.1709       6.62   26.66878  -82.41680    0.00014   -0.00125          1  0.000e+00
      17284    720.125     10.342     10.410    28.6504    28.6575   5.761436   5.762738     2.6044     2.1709       6.62   26.66878  -82.41680    0.00015   -0.00129          1  0.000e+00
      17285    720.167     10.295     10.363    28.6502    28.6573   5.761499   5.762738     2.6044     2.1709       6.62   26.66878  -82.41680    0.00017   -0.00133          1  0.000e+00
      17286    720.208     10.295     10.363    28.6502    28.6573   5.761483   5.762707     2.6044     2.1709       6.59   26.66878  -82.41680    0.00018   -0.00137          1  0.000e+00
      17287    720.250     10.295     10.363    28.6506    28.6571   5.761475   5.762762     2.6044     2.1697       6.62   26.66878  -82.41680    0.00020   -0.00143          1  0.000e+00
      17288    720.292     10.295     10.363    28.6507    28.6573   5.761475   5.762683     2.6044     2.1697       6.62   26.66878  -82.41680    0.00023   -0.00147          1  0.000e+00
      17289    720.333     10.295     10.363    28.6508    28.6571   5.761475   5.762651     2.6044     2.1697       6.62   26.66878  -82.41680    0.00025   -0.00150          1  0.000e+00
      17290    720.375     10.295     10.363    28.6506    28.6570   5.761475   5.762675     2.6044     2.1697       6.62   26.66878  -82.41680    0.00026   -0.00154          1  0.000e+00
      17291    720.417     10.295     10.363    28.6502    28.6570   5.761444   5.762691     2.6044     2.1697       6.59   26.66878  -82.41680    0.00028   -0.00157          1  0.000e+00
      17292    720.458     10.295     10.363    28.6502    28.6568   5.761428   5.762627     2.6044     2.1697       6.62   26.66878  -82.41680    0.00029   -0.00160          1  0.000e+00
      17293    720.500     10.295     10.363    28.6502    28.6568   5.761389   5.762635     2.6044     2.1697       6.62   26.66878  -82.41680    0.00031   -0.00163          1  0.000e+00
      17294    720.542     10.295     10.363    28.6502    28.6566   5.761412   5.762643     2.6044     2.1697       6.62   26.66878  -82.41680    0.00032   -0.00165          1  0.000e+00
      17295    720.583     10.295     10.363    28.6499    28.6562   5.761428   5.762611     2.6056     2.1697       6.62   26.66878  -82.41680    0.00037   -0.00168          1  0.000e+00
      17296    720.625     10.295     10.363    28.6497    28.6558   5.761459   5.762635     2.6056     2.1709       6.59   26.66878  -82.41680    0.00040   -0.00168          1  0.000e+00
      17297    720.667     10.295     10.363    28.6497    28.6557   5.761475   5.762643     2.6056     2.1709       6.62   26.66878  -82.41680    0.00043   -0.00169          1  0.000e+00
      17298    720.708     10.295     10.363    28.6500    28.6558   5.761475   5.762395     2.6056     2.1709       6.62   26.66878  -82.41680    0.00046   -0.00169          1  0.000e+00
      17299    720.750     10.295     10.363    28.6500    28.6562   5.761436   5.762491     2.6056     2.1709       6.62   26.66878  -82.41680    0.00048   -0.00169          1  0.000e+00
      17300    720.792     10.295     10.363    28.6500    28.6560   5.761459   5.762651     2.6056     2.1709       6.62   26.66878  -82.41680    0.00051   -0.00169          1  0.000e+00
      17301    720.833     10.295     10.363    28.6504    28.6562   5.761475   5.762619     2.6056     2.1722       6.62   26.66878  -82.41680    0.00054   -0.00166          1  0.000e+00
      17302    720.875     10.295     10.363    28.6506    28.6562   5.761475   5.762635     2.6056     2.1722       6.62   26.66878  -82.41680    0.00058   -0.00162          1  0.000e+00
      17303    720.917     10.295     10.363    28.6506    28.6562   5.761475   5.762539     2.6056     2.1722       6.62   26.66878  -82.41680    0.00061   -0.00160          1  0.000e+00
      17304    720.958     10.295     10.363    28.6507    28.6562   5.761475   5.762579     2.6056     2.1722       6.62   26.66878  -82.41680    0.00063   -0.00156          1  0.000e+00
      17305    721.000     10.295     10.363    28.6504    28.6564   5.761507   5.762563     2.6056     2.1722       6.62   26.66878  -82.41680    0.00066   -0.00151          1  0.000e+00
      17306    721.042     10.295     10.363    28.6506    28.6564   5.761483   5.762547     2.6056     2.1734       6.62   26.66878  -82.41680    0.00068   -0.00145          1  0.000e+00
      17307    721.083     10.295     10.363    28.6506    28.6560   5.761507   5.762547     2.6056     2.1734       6.62   26.66878  -82.41680    0.00070   -0.00139          1  0.000e+00
      17308    721.125     10.295     10.363    28.6502    28.6555   5.761483   5.762515     2.6056     2.1734       6.62   26.66878  -82.41680    0.00073   -0.00133          1  0.000e+00
      17309    721.167     10.295     10.363    28.6504    28.6555   5.761475   5.762507     2.6056     2.1734       6.62   26.66878  -82.41680    0.00075   -0.00127          1  0.000e+00
      17310    721.208     10.295     10.363    28.6504    28.6560   5.761444   5.762539     2.6056     2.1734       6.62   26.66878  -82.41680    0.00077   -0.00118          1  0.000e+00
      17311    721.250     10.342     10.410    28.6504    28.6566   5.761459   5.762555     2.6056     2.1746       6.62   26.66878  -82.41680    0.00079   -0.00110          1  0.000e+00
      17312    721.292     10.295     10.363    28.6502    28.6566   5.761404   5.762555     2.6056     2.1746       6.62   26.66878  -82.41680    0.00081   -0.00101          1  0.000e+00
      17313    721.333     10.295     10.363    28.6502    28.6560   5.761412   5.762443     2.6056     2.1746       6.62   26.66878  -82.41680    0.00083   -0.00093          1  0.000e+00
      17314    721.375     10.295     10.363    28.6502    28.6551   5.761428   5.762308     2.6044     2.1746       6.62   26.66878  -82.41680    0.00083   -0.00084          1  0.000e+00
      17315    721.417     10.295     10.363    28.6500    28.6542   5.761428   5.762236     2.6044     2.1746       6.62   26.66878  -82.41680    0.00083   -0.00077          1  0.000e+00
      17316    721.458     10.342     10.410    28.6502    28.6538   5.761389   5.762220     2.6056     2.1746       6.62   26.66878  -82.41680    0.00084   -0.00071          1  0.000e+00
      17317    721.500     10.295     10.363    28.6502    28.6538   5.761452   5.762116     2.6044     2.1746       6.62   26.66878  -82.41680    0.00083   -0.00064          1  0.000e+00
      17318    721.542     10.295     10.363    28.6500    28.6538   5.761436   5.762116     2.6044     2.1746       6.62   26.66878  -82.41680    0.00081   -0.00057          1  0.000e+00
      17319    721.583     10.342     10.410    28.6504    28.6531   5.761459   5.762196     2.6044     2.1746       6.62   26.66878  -82.41680    0.00079   -0.00050          1  0.000e+00
      17320    721.625     10.295     10.363    28.6502    28.6525   5.761436   5.762148     2.6056     2.1746       6.62   26.66878  -82.41680    0.00078   -0.00043          1  0.000e+00
      17321    721.667     10.295     10.363    28.6502    28.6523   5.761397   5.762164     2.6044     2.1746       6.62   26.66878  -82.41680    0.00076   -0.00035          1  0.000e+00
      17322    721.708     10.342     10.410    28.6497    28.6527   5.761381   5.762204     2.6056     2.1758       6.62   26.66878  -82.41680    0.00076   -0.00027          1  0.000e+00
      17323    721.750     10.295     10.363    28.6499    28.6531   5.761381   5.762188     2.6044     2.1746       6.62   26.66878  -82.41680    0.00071   -0.00020          1  0.000e+00
      17324    721.792     10.342     10.410    28.6495    28.6530   5.761310   5.762180     2.6056     2.1746       6.62   26.66878  -82.41680    0.00071   -0.00014          1  0.000e+00
      17325    721.833     10.295     10.363    28.6502    28.6536   5.761216   5.762132     2.6044     2.1746       6.62   26.66878  -82.41680    0.00068   -0.00009          1  0.000e+00
      17326    721.875     10.342     10.410    28.6504    28.6529   5.761334   5.762021     2.6056     2.1746       6.59   26.66878  -82.41680    0.00067   -0.00003          1  0.000e+00
      17327    721.917     10.342     10.410    28.6506    28.6523   5.761420   5.761917     2.6056     2.1746       6.59   26.66878  -82.41680    0.00066    0.00002          1  0.000e+00
      17328    721.958     10.295     10.363    28.6512    28.6518   5.761499   5.761853     2.6044     2.1746       6.59   26.66878  -82.41680    0.00063    0.00006          1  0.000e+00
      17329    722.000     10.342     10.410    28.6512    28.6514   5.761522   5.761702     2.6056     2.1746       6.59   26.66878  -82.41680    0.00062    0.00009          1  0.000e+00
      17330    722.042     10.342     10.410    28.6509    28.6510   5.761483   5.761590     2.6056     2.1734       6.59   26.66878  -82.41680    0.00063    0.00011          1  0.000e+00
      17331    722.083     10.342     10.410    28.6508    28.6508   5.761546   5.761630     2.6056     2.1734       6.59   26.66878  -82.41680    0.00061    0.00013          1  0.000e+00
      17332    722.125     10.342     10.410    28.6506    28.6514   5.761499   5.761765     2.6056     2.1734       6.59   26.66878  -82.41680    0.00060    0.00015          1  0.000e+00
      17333    722.167     10.295     10.363    28.6506    28.6518   5.761444   5.761805     2.6056     2.1734       6.59   26.66878  -82.41680    0.00060    0.00016          1  0.000e+00
      17334    722.208     10.342     10.410    28.6508    28.6516   5.761459   5.761758     2.6056     2.1734       6.59   26.66878  -82.41680    0.00058    0.00018          1  0.000e+00
      17335    722.250     10.247     10.315    28.6504    28.6512   5.761475   5.761678     2.6056     2.1734       6.59   26.66878  -82.41680    0.00057    0.00020          1  0.000e+00
      17336    722.292     10.443     10.513    28.6506    28.6508   5.761475   5.761662     2.6056     2.1734       6.59   26.66878  -82.41680    0.00057    0.00022          1  0.000e+00
      17337    722.333     10.396     10.465    28.6508    28.6505   5.761507   5.761686     2.6068     2.1734       6.59   26.66878  -82.41680    0.00058    0.00024          1  0.000e+00
      17338    722.375     10.295     10.363    28.6508    28.6503   5.761522   5.761630     2.6056     2.1746       6.59   26.66878  -82.41680    0.00058    0.00027          1  0.000e+00
      17339    722.417     10.396     10.465    28.6506    28.6501   5.761522   5.761574     2.6068     2.1746       6.59   26.66878  -82.41680    0.00059    0.00031          1  0.000e+00
      17340    722.458     10.342     10.410    28.6506    28.6503   5.761483   5.761518     2.6068     2.1746       6.59   26.66878  -82.41680    0.00063    0.00034          1  0.000e+00
      17341    722.500     10.295     10.363    28.6506    28.6501   5.761404   5.761550     2.6068     2.1746       6.59   26.66878  -82.41680    0.00064    0.00037          1  0.000e+00
      17342    722.542     10.396     10.465    28.6500    28.6503   5.761412   5.761566     2.6068     2.1746       6.59   26.66878  -82.41680    0.00067    0.00041          1  0.000e+00
      17343    722.583     10.342     10.410    28.6500    28.6503   5.761499   5.761518     2.6068     2.1746       6.59   26.66878  -82.41680    0.00070    0.00044          1  0.000e+00
      17344    722.625     10.342     10.410    28.6508    28.6501   5.761593   5.761510     2.6068     2.1758       6.59   26.66878  -82.41680    0.00071    0.00049          1  0.000e+00
      17345    722.667     10.396     10.465    28.6514    28.6503   5.761656   5.761550     2.6068     2.1758       6.59   26.66878  -82.41680    0.00071    0.00054          1  0.000e+00
      17346    722.708     10.295     10.363    28.6513    28.6501   5.761664   5.761558     2.6068     2.1746       6.59   26.66878  -82.41680    0.00074    0.00057          1  0.000e+00
      17347    722.750     10.396     10.465    28.6515    28.6507   5.761664   5.761558     2.6068     2.1758       6.59   26.66878  -82.41680    0.00077    0.00062          1  0.000e+00
      17348    722.792     10.342     10.410    28.6514    28.6503   5.761593   5.761598     2.6081     2.1746       6.59   26.66878  -82.41680    0.00079    0.00065          1  0.000e+00
      17349    722.833     10.396     10.465    28.6512    28.6505   5.761601   5.761606     2.6068     2.1758       6.59   26.66878  -82.41680    0.00081    0.00070          1  0.000e+00
      17350    722.875     10.342     10.410    28.6510    28.6507   5.761617   5.761646     2.6068     2.1758       6.54   26.66878  -82.41680    0.00083    0.00075          1  0.000e+00
      17351    722.917     10.396     10.465    28.6511    28.6505   5.761546   5.761622     2.6068     2.1746       6.54   26.66878  -82.41680    0.00084    0.00078          1  0.000e+00
      17352    722.958     10.342     10.410    28.6514    28.6505   5.761562   5.761638     2.6068     2.1746       6.54   26.66878  -82.41680    0.00086    0.00081          1  0.000e+00
      17353    723.000     10.342     10.410    28.6512    28.6505   5.761601   5.761622     2.6068     2.1746       6.54   26.66878  -82.41680    0.00088    0.00084          1  0.000e+00
      17354    723.042     10.396     10.465    28.6515    28.6505   5.761578   5.761614     2.6068     2.1746       6.54   26.66878  -82.41680    0.00088    0.00086          1  0.000e+00
      17355    723.083     10.342     10.410    28.6512    28.6505   5.761570   5.761638     2.6056     2.1746       6.54   26.66878  -82.41680    0.00088    0.00089          1  0.000e+00
      17356    723.125     10.342     10.410    28.6509    28.6503   5.761499   5.761582     2.6068     2.1746       6.54   26.66878  -82.41680    0.00090    0.00092          1  0.000e+00
      17357    723.167     10.396     10.465    28.6510    28.6503   5.761475   5.761638     2.6068     2.1746       6.57   26.66878  -82.41680    0.00091    0.00094          1  0.000e+00
      17358    723.208     10.342     10.410    28.6502    28.6505   5.761475   5.761654     2.6068     2.1734       6.57   26.66878  -82.41680    0.00091    0.00095          1  0.000e+00
      17359    723.250     10.396     10.465    28.6502    28.6507   5.761475   5.761654     2.6056     2.1746       6.54   26.66878  -82.41680    0.00089    0.00098          1  0.000e+00
      17360    723.292     10.342     10.410    28.6506    28.6508   5.761436   5.761694     2.6068     2.1734       6.54   26.66878  -82.41680    0.00091    0.00099          1  0.000e+00
      17361    723.333     10.396     10.465    28.6504    28.6507   5.761499   5.761734     2.6068     2.1734       6.54   26.66878  -82.41680    0.00092    0.00100          1  0.000e+00
