Gulf of Mexico/GOMECC-4/1db/rb2103_0041.ros
* Sea-Bird SBE 9 Data File:
* FileName = C:\Users\scs.user.rb\CTD\GOMECC4\data\rb2103_004.hex
* Software Version Seasave V 7.26.7.107
* Temperature SN = 4799
* Conductivity SN = 3860
* Number of Bytes Per Scan = 41
* Number of Voltage Words = 4
* Number of Scans Averaged by the Deck Unit = 1
* NMEA Latitude = 26 59.65 N
* NMEA Longitude = 079 51.52 W
* NMEA UTC (Time) = Sep 14 2021  23:37:43
* NMEA baud rate = 4800
# nquan = 17
# nvalues = 2261                                  
# units = specified
# name 0 = scan: Scan Count
# name 1 = timeS: Time, Elapsed [seconds]
# name 2 = depSM: Depth [salt water, m]
# name 3 = prDM: Pressure, Digiquartz [db]
# name 4 = t090C: Temperature [ITS-90, deg C]
# name 5 = t190C: Temperature, 2 [ITS-90, deg C]
# name 6 = c0S/m: Conductivity [S/m]
# name 7 = c1S/m: Conductivity, 2 [S/m]
# name 8 = sbeox0V: Oxygen raw, SBE 43 [V]
# name 9 = sbeox1V: Oxygen raw, SBE 43, 2 [V]
# name 10 = altM: Altimeter [m]
# name 11 = latitude: Latitude [deg]
# name 12 = longitude: Longitude [deg]
# name 13 = sbox0dV/dT: Oxygen, SBE 43 [dov/dt]
# name 14 = sbox1dV/dT: Oxygen, SBE 43, 2 [dov/dt]
# name 15 = nbf: Bottles Fired
# name 16 = flag:  0.000e+00
# interval = seconds: 0.0416667
# start_time = Sep 14 2021 23:37:43 [NMEA time, header]
# bad_flag = -9.990e-29
*END*
[from data line 596]
      43635   1818.083    148.818    149.857    15.4828    15.4219   4.452313   4.446710     1.9683     1.6435     100.00   27.00532  -79.85840    0.00035    0.00030          5  0.000e+00
      43636   1818.125    148.810    149.849    15.4826    15.4232   4.452271   4.446796     1.9683     1.6435     100.00   27.00532  -79.85840    0.00034    0.00029          5  0.000e+00
      43637   1818.167    148.818    149.857    15.4821    15.4255   4.452264   4.446925     1.9683     1.6422     100.00   27.00532  -79.85840    0.00032    0.00027          5  0.000e+00
      43638   1818.208    148.810    149.849    15.4823    15.4277   4.452200   4.447053     1.9683     1.6422     100.00   27.00532  -79.85840    0.00031    0.00024          5  0.000e+00
      43639   1818.250    148.765    149.804    15.4823    15.4293   4.452158   4.447189     1.9683     1.6422     100.00   27.00532  -79.85840    0.00030    0.00022          5  0.000e+00
      43640   1818.292    148.810    149.849    15.4823    15.4294   4.452179   4.447318     1.9683     1.6422     100.00   27.00532  -79.85840    0.00028    0.00019          5  0.000e+00
      43641   1818.333    148.818    149.857    15.4823    15.4264   4.452186   4.447404     1.9683     1.6422     100.00   27.00532  -79.85840    0.00027    0.00017          5  0.000e+00
      43642   1818.375    148.810    149.849    15.4823    15.4271   4.452123   4.447483     1.9670     1.6422     100.00   27.00532  -79.85840    0.00024    0.00015          5  0.000e+00
      43643   1818.417    148.765    149.804    15.4826    15.4294   4.452137   4.447475     1.9683     1.6422     100.00   27.00532  -79.85840    0.00022    0.00012          5  0.000e+00
      43644   1818.458    148.810    149.849    15.4819    15.4337   4.452123   4.447461     1.9683     1.6422     100.00   27.00532  -79.85840    0.00021    0.00010          5  0.000e+00
      43645   1818.500    148.818    149.857    15.4814    15.4378   4.452137   4.447490     1.9683     1.6422     100.00   27.00532  -79.85840    0.00019    0.00007          5  0.000e+00
      43646   1818.542    148.810    149.849    15.4800    15.4395   4.452116   4.447354     1.9683     1.6422     100.00   27.00532  -79.85840    0.00017    0.00005          5  0.000e+00
      43647   1818.583    148.818    149.857    15.4800    15.4398   4.452109   4.447311     1.9670     1.6422     100.00   27.00532  -79.85840    0.00014    0.00004          5  0.000e+00
      43648   1818.625    148.810    149.849    15.4806    15.4404   4.452052   4.447196     1.9683     1.6422     100.00   27.00532  -79.85840    0.00012    0.00002          5  0.000e+00
      43649   1818.667    148.765    149.804    15.4812    15.4405   4.451974   4.447182     1.9670     1.6422     100.00   27.00532  -79.85840    0.00011   -0.00000          5  0.000e+00
      43650   1818.708    148.810    149.849    15.4807    15.4387   4.451981   4.447110     1.9683     1.6422     100.00   27.00532  -79.85840    0.00009   -0.00003          5  0.000e+00
      43651   1818.750    148.765    149.804    15.4802    15.4364   4.452052   4.447082     1.9683     1.6422     100.00   27.00532  -79.85840    0.00007   -0.00003          5  0.000e+00
      43652   1818.792    148.810    149.849    15.4804    15.4352   4.452045   4.447046     1.9670     1.6422     100.00   27.00532  -79.85840    0.00004   -0.00006          5  0.000e+00
      43653   1818.833    148.765    149.804    15.4800    15.4330   4.452059   4.446953     1.9670     1.6410     100.00   27.00532  -79.85840    0.00002   -0.00010          5  0.000e+00
      43654   1818.875    148.810    149.850    15.4802    15.4332   4.452158   4.446953     1.9683     1.6410     100.00   27.00532  -79.85840    0.00002   -0.00014          5  0.000e+00
      43655   1818.917    148.818    149.857    15.4821    15.4320   4.452158   4.446910     1.9683     1.6422     100.00   27.00532  -79.85840    0.00001   -0.00016          5  0.000e+00
      43656   1818.958    148.757    149.796    15.4824    15.4282   4.452172   4.446896     1.9683     1.6422     100.00   27.00532  -79.85840   -0.00001   -0.00018          5  0.000e+00
      43657   1819.000    148.818    149.857    15.4806    15.4255   4.452158   4.446946     1.9683     1.6422     100.00   27.00532  -79.85840   -0.00001   -0.00020          5  0.000e+00
      43658   1819.042    148.810    149.850    15.4794    15.4264   4.452151   4.446968     1.9670     1.6422     100.00   27.00532  -79.85840   -0.00003   -0.00023          5  0.000e+00
      43659   1819.083    148.765    149.804    15.4814    15.4294   4.452116   4.446967     1.9670     1.6422     100.00   27.00532  -79.85840   -0.00004   -0.00025          5  0.000e+00
      43660   1819.125    148.810    149.850    15.4835    15.4335   4.452137   4.446989     1.9670     1.6422     100.00   27.00532  -79.85840   -0.00008   -0.00027          5  0.000e+00
      43661   1819.167    148.818    149.857    15.4836    15.4366   4.452066   4.446946     1.9683     1.6422     100.00   27.00532  -79.85840   -0.00008   -0.00029          5  0.000e+00
      43662   1819.208    148.810    149.850    15.4819    15.4381   4.452038   4.447010     1.9683     1.6422     100.00   27.00532  -79.85840   -0.00007   -0.00032          5  0.000e+00
      43663   1819.250    148.810    149.850    15.4775    15.4397   4.451974   4.447068     1.9670     1.6422     100.00   27.00532  -79.85840   -0.00009   -0.00034          5  0.000e+00
      43664   1819.292    148.765    149.804    15.4760    15.4398   4.451840   4.447139     1.9670     1.6422     100.00   27.00532  -79.85840   -0.00011   -0.00036          5  0.000e+00
      43665   1819.333    148.810    149.850    15.4789    15.4376   4.451861   4.447096     1.9683     1.6422     100.00   27.00532  -79.85840   -0.00012   -0.00038          5  0.000e+00
      43666   1819.375    148.818    149.857    15.4829    15.4369   4.451819   4.447225     1.9683     1.6422     100.00   27.00532  -79.85840   -0.00014   -0.00039          5  0.000e+00
      43667   1819.417    148.757    149.796    15.4848    15.4392   4.451720   4.447268     1.9683     1.6422     100.00   27.00532  -79.85840   -0.00014   -0.00039          5  0.000e+00
      43668   1819.458    148.818    149.857    15.4850    15.4392   4.451692   4.447125     1.9670     1.6422     100.00   27.00532  -79.85840   -0.00015   -0.00040          5  0.000e+00
      43669   1819.500    148.810    149.850    15.4845    15.4388   4.451664   4.446996     1.9670     1.6422     100.00   27.00532  -79.85840   -0.00017   -0.00040          5  0.000e+00
      43670   1819.542    148.765    149.804    15.4841    15.4392   4.451621   4.446939     1.9670     1.6422     100.00   27.00532  -79.85840   -0.00019   -0.00040          5  0.000e+00
      43671   1819.583    148.810    149.850    15.4831    15.4387   4.451642   4.446817     1.9683     1.6422     100.00   27.00532  -79.85840   -0.00018   -0.00041          5  0.000e+00
      43672   1819.625    148.818    149.857    15.4833    15.4272   4.451628   4.446696     1.9683     1.6422     100.00   27.00532  -79.85840   -0.00018   -0.00041          5  0.000e+00
      43673   1819.667    148.810    149.850    15.4829    15.4120   4.451586   4.446660     1.9670     1.6422     100.00   27.00532  -79.85840   -0.00020   -0.00041          5  0.000e+00
      43674   1819.708    148.818    149.857    15.4835    15.4127   4.451579   4.447182     1.9670     1.6422     100.00   27.00532  -79.85840   -0.00021   -0.00041          5  0.000e+00
      43675   1819.750    148.757    149.796    15.4850    15.4318   4.451600   4.448227     1.9670     1.6422     100.00   27.00532  -79.85840   -0.00023   -0.00042          5  0.000e+00
      43676   1819.792    148.818    149.857    15.4852    15.4508   4.451699   4.449214     1.9683     1.6422     100.00   27.00534  -79.85840   -0.00022   -0.00043          5  0.000e+00
      43677   1819.833    148.810    149.850    15.4860    15.4646   4.451727   4.449994     1.9683     1.6422     100.00   27.00534  -79.85840   -0.00022   -0.00044          5  0.000e+00
      43678   1819.875    148.818    149.857    15.4858    15.4742   4.451755   4.450445     1.9670     1.6422     100.00   27.00534  -79.85840   -0.00023   -0.00044          5  0.000e+00
      43679   1819.917    148.810    149.850    15.4863    15.4749   4.451791   4.450581     1.9670     1.6422     100.00   27.00534  -79.85840   -0.00025   -0.00044          5  0.000e+00
      43680   1819.958    148.818    149.857    15.4860    15.4684   4.451890   4.450638     1.9670     1.6435     100.00   27.00534  -79.85840   -0.00026   -0.00042          5  0.000e+00
      43681   1820.000    148.810    149.850    15.4855    15.4663   4.451918   4.450717     1.9670     1.6435     100.00   27.00534  -79.85840   -0.00028   -0.00040          5  0.000e+00
      43682   1820.042    148.818    149.857    15.4836    15.4680   4.452031   4.450810     1.9683     1.6435     100.00   27.00534  -79.85840   -0.00027   -0.00039          5  0.000e+00
      43683   1820.083    148.871    149.911    15.4800    15.4673   4.452158   4.450795     1.9670     1.6435     100.00   27.00534  -79.85840   -0.00028   -0.00037          5  0.000e+00
      43684   1820.125    148.765    149.804    15.4812    15.4661   4.452243   4.450710     1.9670     1.6435     100.00   27.00534  -79.85840   -0.00030   -0.00035          5  0.000e+00
      43685   1820.167    148.810    149.850    15.4828    15.4672   4.452285   4.450645     1.9670     1.6422     100.00   27.00534  -79.85840   -0.00031   -0.00035          5  0.000e+00
      43686   1820.208    148.878    149.918    15.4829    15.4689   4.452328   4.450903     1.9670     1.6435     100.00   27.00534  -79.85840   -0.00032   -0.00033          5  0.000e+00
      43687   1820.250    148.810    149.850    15.4848    15.4766   4.452370   4.451668     1.9683     1.6435     100.00   27.00534  -79.85840   -0.00031   -0.00032          5  0.000e+00
      43688   1820.292    148.818    149.857    15.4868    15.4846   4.452405   4.452384     1.9670     1.6435     100.00   27.00534  -79.85840   -0.00033   -0.00030          5  0.000e+00
      43689   1820.333    148.871    149.911    15.4875    15.4878   4.452356   4.452656     1.9670     1.6435     100.00   27.00534  -79.85840   -0.00034   -0.00028          5  0.000e+00
      43690   1820.375    148.818    149.857    15.4863    15.4853   4.452313   4.452642     1.9670     1.6435     100.00   27.00534  -79.85840   -0.00035   -0.00026          5  0.000e+00
      43691   1820.417    148.810    149.850    15.4845    15.4848   4.452327   4.452649     1.9670     1.6435     100.00   27.00534  -79.85840   -0.00036   -0.00026          5  0.000e+00
      43692   1820.458    148.765    149.804    15.4829    15.4846   4.452306   4.452606     1.9683     1.6435     100.00   27.00534  -79.85840   -0.00035   -0.00025          5  0.000e+00
      43693   1820.500    148.984    150.025    15.4816    15.4849   4.452328   4.452692     1.9670     1.6435     100.00   27.00534  -79.85840   -0.00036   -0.00023          5  0.000e+00
      43694   1820.542    148.810    149.850    15.4800    15.4858   4.452342   4.452764     1.9683     1.6435     100.00   27.00534  -79.85840   -0.00035   -0.00021          5  0.000e+00
      43695   1820.583    148.932    149.972    15.4804    15.4861   4.452342   4.452735     1.9683     1.6435     100.00   27.00534  -79.85840   -0.00033   -0.00019          5  0.000e+00
      43696   1820.625    148.810    149.850    15.4814    15.4856   4.452342   4.452764     1.9683     1.6435     100.00   27.00534  -79.85840   -0.00032   -0.00018          5  0.000e+00
      43697   1820.667    148.818    149.857    15.4821    15.4824   4.452370   4.452735     1.9683     1.6435     100.00   27.00534  -79.85840   -0.00031   -0.00016          5  0.000e+00
      43698   1820.708    148.871    149.911    15.4819    15.4771   4.452349   4.452735     1.9683     1.6435     100.00   27.00534  -79.85840   -0.00030   -0.00014          5  0.000e+00
      43699   1820.750    148.879    149.918    15.4816    15.4773   4.452278   4.452850     1.9670     1.6422     100.00   27.00534  -79.85840   -0.00031   -0.00014          5  0.000e+00
      43700   1820.792    148.871    149.911    15.4816    15.4814   4.452292   4.452885     1.9670     1.6435     100.00   27.00534  -79.85840   -0.00032   -0.00013          5  0.000e+00
      43701   1820.833    148.879    149.918    15.4812    15.4853   4.452271   4.452914     1.9683     1.6435     100.00   27.00534  -79.85840   -0.00031   -0.00011          5  0.000e+00
      43702   1820.875    148.810    149.850    15.4811    15.4868   4.452200   4.452842     1.9683     1.6422     100.00   27.00534  -79.85840   -0.00030   -0.00011          5  0.000e+00
      43703   1820.917    148.879    149.919    15.4807    15.4882   4.452158   4.452778     1.9683     1.6435     100.00   27.00534  -79.85840   -0.00029   -0.00009          5  0.000e+00
      46271   1927.917    119.357    120.182    20.1730    20.1756   4.999592   5.000005     2.2479     1.8913     100.00   27.00616  -79.85836   -0.00020   -0.00046          6  0.000e+00
      46272   1927.958    119.289    120.114    20.1726    20.1751   4.999503   4.999922     2.2479     1.8913      99.88   27.00616  -79.85836   -0.00019   -0.00042          6  0.000e+00
      46273   1928.000    119.304    120.129    20.1720    20.1735   4.999481   4.999757     2.2466     1.8901      88.33   27.00616  -79.85836   -0.00019   -0.00039          6  0.000e+00
      46274   1928.042    119.357    120.182    20.1710    20.1720   4.999466   4.999577     2.2466     1.8901      80.12   27.00616  -79.85836   -0.00020   -0.00037          6  0.000e+00
      46275   1928.083    119.304    120.129    20.1710    20.1712   4.999377   4.999442     2.2479     1.8901      78.73   27.00616  -79.85836   -0.00020   -0.00034          6  0.000e+00
      46276   1928.125    119.357    120.182    20.1708    20.1711   4.999340   4.999442     2.2479     1.8901      79.37   27.00616  -79.85836   -0.00021   -0.00033          6  0.000e+00
      46277   1928.167    119.251    120.076    20.1703    20.1706   4.999318   4.999352     2.2466     1.8901      79.76   27.00616  -79.85836   -0.00023   -0.00032          6  0.000e+00
      46278   1928.208    119.357    120.182    20.1696    20.1704   4.999318   4.999359     2.2479     1.8901      79.80   27.00616  -79.85836   -0.00023   -0.00031          6  0.000e+00
      46279   1928.250    119.357    120.182    20.1691    20.1701   4.999273   4.999367     2.2479     1.8901      79.78   27.00616  -79.85836   -0.00022   -0.00028          6  0.000e+00
      46280   1928.292    119.289    120.114    20.1689    20.1700   4.999207   4.999367     2.2479     1.8901      79.76   27.00616  -79.85836   -0.00022   -0.00027          6  0.000e+00
      46281   1928.333    119.357    120.182    20.1691    20.1698   4.999169   4.999367     2.2479     1.8901      79.76   27.00616  -79.85836   -0.00023   -0.00024          6  0.000e+00
      46282   1928.375    119.304    120.129    20.1687    20.1700   4.999214   4.999329     2.2479     1.8901      79.76   27.00616  -79.85836   -0.00023   -0.00020          6  0.000e+00
      46283   1928.417    119.357    120.182    20.1680    20.1698   4.999155   4.999322     2.2479     1.8901      79.76   27.00616  -79.85836   -0.00023   -0.00019          6  0.000e+00
      46284   1928.458    119.304    120.129    20.1677    20.1703   4.999081   4.999389     2.2466     1.8901      79.76   27.00616  -79.85836   -0.00024   -0.00018          6  0.000e+00
      46285   1928.500    119.418    120.243    20.1689    20.1718   4.999184   4.999562     2.2479     1.8901      79.76   27.00616  -79.85836   -0.00024   -0.00016          6  0.000e+00
