Gulf of Mexico/GOMECC-4/1db/rb2103_1021.ros
* Sea-Bird SBE 9 Data File:
* FileName = C:\Users\scs.user.rb\CTD\GOMECC4\data\rb2103_1021.hex
* Software Version Seasave V 7.26.7.107
* Temperature SN = 4799
* Conductivity SN = 3860
* Number of Bytes Per Scan = 41
* Number of Voltage Words = 4
* Number of Scans Averaged by the Deck Unit = 1
* NMEA Latitude = 23 46.13 N
* NMEA Longitude = 088 00.04 W
* NMEA UTC (Time) = Oct 12 2021  22:30:12
* NMEA baud rate = 4800
# nquan = 17
# nvalues = 2128                                  
# units = specified
# name 0 = scan: Scan Count
# name 1 = timeS: Time, Elapsed [seconds]
# name 2 = depSM: Depth [salt water, m]
# name 3 = prDM: Pressure, Digiquartz [db]
# name 4 = t090C: Temperature [ITS-90, deg C]
# name 5 = t190C: Temperature, 2 [ITS-90, deg C]
# name 6 = c0S/m: Conductivity [S/m]
# name 7 = c1S/m: Conductivity, 2 [S/m]
# name 8 = sbeox0V: Oxygen raw, SBE 43 [V]
# name 9 = sbeox1V: Oxygen raw, SBE 43, 2 [V]
# name 10 = altM: Altimeter [m]
# name 11 = latitude: Latitude [deg]
# name 12 = longitude: Longitude [deg]
# name 13 = sbox0dV/dT: Oxygen, SBE 43 [dov/dt]
# name 14 = sbox1dV/dT: Oxygen, SBE 43, 2 [dov/dt]
# name 15 = nbf: Bottles Fired
# name 16 = flag:  0.000e+00
# interval = seconds: 0.0416667
# start_time = Oct 12 2021 22:30:12 [NMEA time, header]
# bad_flag = -9.990e-29
*END*
[from data line 511]
      29951   1247.917    109.383    110.111    20.1657    20.1684   5.000499   5.001195     2.0879     1.7387      24.40   23.77070  -87.99960    0.00024   -0.00003          4  0.000e+00
      29952   1247.958    109.457    110.186    20.1654    20.1684   5.000514   5.001225     2.0867     1.7387      24.37   23.77070  -87.99960    0.00024   -0.00001          4  0.000e+00
      29953   1248.000    109.430    110.158    20.1647    20.1694   5.000514   5.001270     2.0867     1.7375      24.37   23.77070  -87.99960    0.00024   -0.00001          4  0.000e+00
      29954   1248.042    109.457    110.186    20.1638    20.1706   5.000551   5.001360     2.0867     1.7375      24.37   23.77070  -87.99960    0.00025   -0.00001          4  0.000e+00
      29955   1248.083    109.430    110.158    20.1638    20.1714   5.000491   5.001345     2.0867     1.7375      24.37   23.77070  -87.99960    0.00025   -0.00001          4  0.000e+00
      29956   1248.125    109.410    110.138    20.1635    20.1707   5.000447   5.001292     2.0867     1.7375      24.37   23.77070  -87.99960    0.00024   -0.00001          4  0.000e+00
      29957   1248.167    109.477    110.206    20.1630    20.1687   5.000469   5.001187     2.0867     1.7399      24.37   23.77070  -87.99960    0.00024    0.00002          4  0.000e+00
      29958   1248.208    109.430    110.158    20.1635    20.1688   5.000410   5.001134     2.0867     1.7387      24.40   23.77070  -87.99960    0.00024    0.00004          4  0.000e+00
      29959   1248.250    109.410    110.138    20.1635    20.1691   5.000454   5.001217     2.0867     1.7375      24.37   23.77070  -87.99960    0.00023    0.00004          4  0.000e+00
      29960   1248.292    109.477    110.206    20.1630    20.1690   5.000439   5.001180     2.0867     1.7375      24.37   23.77070  -87.99960    0.00025    0.00003          4  0.000e+00
      29961   1248.333    109.410    110.138    20.1630    20.1689   5.000410   5.001172     2.0867     1.7387      24.37   23.77070  -87.99960    0.00024    0.00005          4  0.000e+00
      29962   1248.375    109.430    110.158    20.1630    20.1691   5.000425   5.001195     2.0867     1.7387      24.37   23.77070  -87.99960    0.00024    0.00007          4  0.000e+00
      29963   1248.417    109.457    110.186    20.1631    20.1692   5.000432   5.001202     2.0867     1.7387      24.37   23.77070  -87.99960    0.00023    0.00012          4  0.000e+00
      29964   1248.458    109.430    110.158    20.1624    20.1695   5.000410   5.001180     2.0867     1.7375      24.40   23.77070  -87.99960    0.00023    0.00013          4  0.000e+00
      29965   1248.500    109.457    110.186    20.1626    20.1691   5.000402   5.001195     2.0867     1.7387      24.37   23.77070  -87.99960    0.00022    0.00015          4  0.000e+00
      29966   1248.542    109.430    110.158    20.1624    20.1696   5.000388   5.001232     2.0867     1.7387      24.37   23.77070  -87.99960    0.00023    0.00016          4  0.000e+00
      29967   1248.583    109.457    110.186    20.1624    20.1700   5.000299   5.001285     2.0867     1.7375      24.37   23.77070  -87.99960    0.00023    0.00016          4  0.000e+00
      29968   1248.625    109.430    110.158    20.1628    20.1698   5.000321   5.001322     2.0867     1.7399      24.37   23.77070  -87.99960    0.00022    0.00019          4  0.000e+00
      29969   1248.667    109.457    110.186    20.1623    20.1700   5.000351   5.001292     2.0867     1.7387      24.37   23.77070  -87.99960    0.00021    0.00024          4  0.000e+00
      29970   1248.708    109.430    110.158    20.1626    20.1701   5.000358   5.001262     2.0867     1.7387      24.40   23.77070  -87.99960    0.00022    0.00027          4  0.000e+00
      29971   1248.750    109.457    110.186    20.1630    20.1702   5.000313   5.001277     2.0867     1.7387      24.37   23.77070  -87.99960    0.00022    0.00029          4  0.000e+00
      33250   1385.375     89.743     90.335    20.7964    20.8011   5.057570   5.058157     2.2308     1.8657      43.47   23.77080  -87.99966    0.00078    0.00063          5  0.000e+00
      33251   1385.417     90.088     90.683    20.7956    20.8007   5.057570   5.058142     2.2320     1.8657      43.47   23.77080  -87.99966    0.00082    0.00065          5  0.000e+00
      33252   1385.458     90.041     90.636    20.7957    20.8012   5.057570   5.058104     2.2320     1.8657      43.47   23.77080  -87.99966    0.00086    0.00066          5  0.000e+00
      33253   1385.500     89.993     90.588    20.7963    20.8009   5.057533   5.058096     2.2320     1.8657      43.47   23.77080  -87.99966    0.00090    0.00067          5  0.000e+00
      33254   1385.542     89.993     90.588    20.7961    20.8009   5.057488   5.058096     2.2320     1.8657      43.47   23.77080  -87.99966    0.00093    0.00069          5  0.000e+00
      33255   1385.583     89.993     90.588    20.7963    20.8010   5.057510   5.058096     2.2320     1.8657      43.47   23.77080  -87.99966    0.00097    0.00070          5  0.000e+00
      33256   1385.625     89.939     90.533    20.7959    20.8009   5.057458   5.058126     2.2320     1.8657      43.47   23.77080  -87.99966    0.00100    0.00071          5  0.000e+00
      33257   1385.667     89.993     90.588    20.7954    20.8012   5.057443   5.058074     2.2308     1.8657      43.47   23.77080  -87.99966    0.00102    0.00073          5  0.000e+00
      33258   1385.708     89.993     90.588    20.7955    20.8010   5.057443   5.057960     2.2308     1.8657      43.47   23.77080  -87.99966    0.00102    0.00074          5  0.000e+00
      33259   1385.750     89.939     90.533    20.7952    20.8002   5.057443   5.058021     2.2320     1.8657      43.47   23.77080  -87.99966    0.00105    0.00075          5  0.000e+00
      33260   1385.792     89.993     90.588    20.7952    20.7997   5.057406   5.058059     2.2320     1.8657      43.47   23.77080  -87.99966    0.00108    0.00076          5  0.000e+00
      33261   1385.833     89.939     90.533    20.7952    20.7993   5.057399   5.058036     2.2320     1.8657      43.47   23.77080  -87.99966    0.00111    0.00075          5  0.000e+00
      33262   1385.875     89.939     90.533    20.7950    20.7997   5.057391   5.058111     2.2320     1.8657      43.47   23.77080  -87.99966    0.00113    0.00076          5  0.000e+00
      33263   1385.917     89.993     90.588    20.7947    20.8007   5.057429   5.058142     2.2320     1.8669      43.49   23.77080  -87.99966    0.00114    0.00077          5  0.000e+00
      33264   1385.958     89.939     90.533    20.7948    20.8012   5.057376   5.058172     2.2320     1.8657      43.54   23.77080  -87.99966    0.00115    0.00078          5  0.000e+00
      33265   1386.000     89.939     90.533    20.7950    20.8012   5.057384   5.058149     2.2320     1.8657      43.54   23.77080  -87.99966    0.00116    0.00079          5  0.000e+00
      33266   1386.042     89.939     90.533    20.7952    20.8007   5.057399   5.058142     2.2320     1.8657      43.54   23.77080  -87.99966    0.00118    0.00078          5  0.000e+00
      33267   1386.083     89.939     90.533    20.7950    20.8005   5.057399   5.058142     2.2320     1.8657      43.54   23.77080  -87.99966    0.00118    0.00077          5  0.000e+00
      33268   1386.125     89.939     90.533    20.7952    20.8005   5.057399   5.058104     2.2320     1.8657      43.54   23.77080  -87.99966    0.00119    0.00076          5  0.000e+00
      33269   1386.167     89.993     90.588    20.7948    20.8003   5.057362   5.058164     2.2320     1.8657      43.54   23.77080  -87.99966    0.00119    0.00075          5  0.000e+00
      33270   1386.208     89.892     90.486    20.7945    20.7997   5.057287   5.058119     2.2320     1.8657      43.54   23.77080  -87.99966    0.00120    0.00073          5  0.000e+00
      33271   1386.250     89.939     90.533    20.7933    20.7998   5.057272   5.058187     2.2320     1.8657      43.54   23.77080  -87.99966    0.00122    0.00072          5  0.000e+00
      33272   1386.292     89.939     90.533    20.7926    20.7997   5.057272   5.058111     2.2308     1.8645      43.54   23.77080  -87.99966    0.00122    0.00071          5  0.000e+00
      33273   1386.333     89.939     90.533    20.7929    20.7993   5.057272   5.058089     2.2320     1.8657      43.54   23.77080  -87.99966    0.00122    0.00069          5  0.000e+00
      33274   1386.375     89.939     90.533    20.7936    20.7995   5.057272   5.058096     2.2308     1.8645      43.54   23.77080  -87.99966    0.00119    0.00066          5  0.000e+00
      33275   1386.417     89.939     90.533    20.7943    20.7998   5.057272   5.058028     2.2320     1.8645      43.54   23.77080  -87.99966    0.00121    0.00063          5  0.000e+00
      33276   1386.458     89.939     90.533    20.7945    20.7993   5.057228   5.058013     2.2320     1.8645      43.54   23.77080  -87.99966    0.00122    0.00059          5  0.000e+00
      33277   1386.500     89.939     90.533    20.7940    20.7995   5.057257   5.058043     2.2308     1.8645      43.54   23.77080  -87.99966    0.00121    0.00056          5  0.000e+00
      33278   1386.542     89.892     90.486    20.7931    20.7995   5.057242   5.058059     2.2308     1.8645      43.54   23.77080  -87.99966    0.00120    0.00053          5  0.000e+00
      33279   1386.583     89.939     90.533    20.7927    20.7997   5.057235   5.058059     2.2308     1.8645      43.54   23.77080  -87.99966    0.00119    0.00049          5  0.000e+00
      33280   1386.625     89.939     90.533    20.7927    20.7995   5.057198   5.058059     2.2308     1.8645      43.52   23.77080  -87.99966    0.00118    0.00046          5  0.000e+00
      33281   1386.667     89.892     90.486    20.7920    20.7995   5.057220   5.058059     2.2308     1.8645      43.54   23.77080  -87.99966    0.00117    0.00042          5  0.000e+00
      33282   1386.708     89.939     90.533    20.7915    20.7997   5.057198   5.058081     2.2308     1.8645      43.54   23.77080  -87.99966    0.00116    0.00039          5  0.000e+00
      33283   1386.750     89.939     90.533    20.7911    20.7998   5.057213   5.058111     2.2308     1.8645      43.54   23.77080  -87.99966    0.00115    0.00035          5  0.000e+00
      33284   1386.792     89.939     90.533    20.7922    20.7998   5.057198   5.058096     2.2320     1.8645      43.54   23.77080  -87.99966    0.00116    0.00032          5  0.000e+00
      33285   1386.833     89.939     90.533    20.7924    20.8002   5.057220   5.058096     2.2308     1.8645      43.54   23.77080  -87.99966    0.00114    0.00028          5  0.000e+00
      33286   1386.875     89.892     90.486    20.7927    20.8005   5.057235   5.058126     2.2308     1.8645      43.54   23.77080  -87.99966    0.00113    0.00025          5  0.000e+00
      33287   1386.917     89.939     90.533    20.7933    20.7998   5.057235   5.058074     2.2308     1.8657      43.57   23.77080  -87.99966    0.00111    0.00023          5  0.000e+00
      33288   1386.958     89.939     90.533    20.7936    20.7995   5.057257   5.058021     2.2308     1.8645      43.59   23.77080  -87.99966    0.00108    0.00019          5  0.000e+00
      33289   1387.000     89.892     90.486    20.7941    20.7989   5.057242   5.058043     2.2308     1.8645      43.59   23.77080  -87.99966    0.00106    0.00015          5  0.000e+00
      33290   1387.042     89.939     90.533    20.7936    20.7981   5.057257   5.058119     2.2308     1.8645      43.57   23.77080  -87.99966    0.00105    0.00011          5  0.000e+00
      33291   1387.083     89.939     90.533    20.7936    20.7984   5.057265   5.058172     2.2308     1.8645      43.59   23.77080  -87.99966    0.00103    0.00007          5  0.000e+00
      33292   1387.125     89.939     90.533    20.7940    20.7987   5.057242   5.058149     2.2308     1.8657      43.59   23.77080  -87.99966    0.00101    0.00005          5  0.000e+00
      33293   1387.167     89.939     90.533    20.7948    20.7987   5.057257   5.058142     2.2308     1.8657      43.59   23.77080  -87.99966    0.00099    0.00003          5  0.000e+00
      33294   1387.208     89.939     90.533    20.7956    20.7987   5.057272   5.058119     2.2308     1.8657      43.59   23.77080  -87.99966    0.00097    0.00001          5  0.000e+00
      33295   1387.250     89.939     90.533    20.7950    20.7993   5.057272   5.058232     2.2308     1.8657      43.59   23.77080  -87.99966    0.00095   -0.00002          5  0.000e+00
      33296   1387.292     89.939     90.533    20.7948    20.8005   5.057339   5.058270     2.2308     1.8645      43.59   23.77080  -87.99966    0.00093   -0.00004          5  0.000e+00
      33297   1387.333     89.939     90.533    20.7943    20.8010   5.057324   5.058330     2.2308     1.8645      43.59   23.77080  -87.99966    0.00089   -0.00006          5  0.000e+00
      33298   1387.375     89.939     90.533    20.7943    20.8014   5.057242   5.058353     2.2308     1.8645      43.59   23.77080  -87.99966    0.00086   -0.00009          5  0.000e+00
      33299   1387.417     89.939     90.533    20.7947    20.8017   5.057257   5.058285     2.2308     1.8645      43.59   23.77080  -87.99966    0.00084   -0.00011          5  0.000e+00
      33300   1387.458     89.939     90.533    20.7948    20.8014   5.057302   5.058330     2.2308     1.8645      43.59   23.77080  -87.99966    0.00082   -0.00014          5  0.000e+00
      33301   1387.500     89.939     90.533    20.7952    20.8017   5.057376   5.058383     2.2308     1.8645      43.59   23.77080  -87.99966    0.00079   -0.00016          5  0.000e+00
      33302   1387.542     89.939     90.533    20.7954    20.8014   5.057429   5.058330     2.2308     1.8645      43.59   23.77080  -87.99966    0.00075   -0.00018          5  0.000e+00
      33303   1387.583     89.993     90.588    20.7966    20.8017   5.057473   5.058338     2.2320     1.8645      43.59   23.77080  -87.99966    0.00074   -0.00021          5  0.000e+00
      33304   1387.625     89.939     90.533    20.7976    20.8014   5.057510   5.058383     2.2308     1.8657      43.59   23.77080  -87.99966    0.00069   -0.00020          5  0.000e+00
      33305   1387.667     89.939     90.533    20.7977    20.8012   5.057548   5.058353     2.2308     1.8645      43.59   23.77080  -87.99966    0.00066   -0.00020          5  0.000e+00
      33306   1387.708     89.939     90.533    20.7978    20.8012   5.057533   5.058315     2.2308     1.8645      43.59   23.77080  -87.99966    0.00063   -0.00023          5  0.000e+00
      33307   1387.750     89.993     90.588    20.7977    20.8009   5.057555   5.058240     2.2308     1.8645      43.59   23.77080  -87.99966    0.00060   -0.00025          5  0.000e+00
      33308   1387.792     89.939     90.533    20.7983    20.8005   5.057600   5.058285     2.2308     1.8645      43.59   23.77080  -87.99966    0.00055   -0.00027          5  0.000e+00
      33309   1387.833     89.993     90.588    20.7994    20.8009   5.057615   5.058338     2.2320     1.8645      43.59   23.77080  -87.99966    0.00052   -0.00028          5  0.000e+00
      33310   1387.875     89.939     90.533    20.7997    20.8014   5.057674   5.058383     2.2308     1.8645      43.59   23.77080  -87.99966    0.00049   -0.00028          5  0.000e+00
      33311   1387.917     89.844     90.438    20.7985    20.8016   5.057726   5.058489     2.2308     1.8645      43.57   23.77080  -87.99966    0.00045   -0.00029          5  0.000e+00
      33312   1387.958     90.129     90.724    20.7982    20.8016   5.057741   5.058549     2.2308     1.8645      43.54   23.77080  -87.99966    0.00042   -0.00029          5  0.000e+00
