Gulf of Mexico/GOMECC-4/1db/rb2103_0291.cnv
* Sea-Bird SBE 9 Data File:
* FileName = C:\Users\scs.user.rb\CTD\GOMECC4\data\rb2103_0291.hex
* Software Version Seasave V 7.26.7.107
* Temperature SN = 4799
* Conductivity SN = 3860
* Number of Bytes Per Scan = 41
* Number of Voltage Words = 4
* Number of Scans Averaged by the Deck Unit = 1
* NMEA Latitude = 27 29.98 N
* NMEA Longitude = 086 48.58 W
* NMEA UTC (Time) = Sep 22 2021  01:30:43
* NMEA baud rate = 4800
# nquan = 28
# nvalues = 537                         
# units = specified
# name 0 = scan: Scan Count
# name 1 = timeS: Time, Elapsed [seconds]
# name 2 = depSM: Depth [salt water, m]
# name 3 = prDM: Pressure, Digiquartz [db]
# name 4 = t090C: Temperature [ITS-90, deg C]
# name 5 = t190C: Temperature, 2 [ITS-90, deg C]
# name 6 = c0S/m: Conductivity [S/m]
# name 7 = c1S/m: Conductivity, 2 [S/m]
# name 8 = sbeox0V: Oxygen raw, SBE 43 [V]
# name 9 = sbeox1V: Oxygen raw, SBE 43, 2 [V]
# name 10 = altM: Altimeter [m]
# name 11 = latitude: Latitude [deg]
# name 12 = longitude: Longitude [deg]
# name 13 = sbox0dV/dT: Oxygen, SBE 43 [dov/dt]
# name 14 = sbox1dV/dT: Oxygen, SBE 43, 2 [dov/dt]
# name 15 = sbeox0ML/L: Oxygen, SBE 43 [ml/l], WS = 5
# name 16 = sbeox1ML/L: Oxygen, SBE 43, 2 [ml/l], WS = 5
# name 17 = potemp090C: Potential Temperature [ITS-90, deg C]
# name 18 = potemp190C: Potential Temperature, 2 [ITS-90, deg C]
# name 19 = sal00: Salinity, Practical [PSU]
# name 20 = sal11: Salinity, Practical, 2 [PSU]
# name 21 = sigma-é00: Density [sigma-theta, kg/m^3]
# name 22 = sigma-é11: Density, 2 [sigma-theta, kg/m^3]
# name 23 = avgsvCM: Average Sound Velocity [Chen-Millero, m/s], minP = 20, minS = 20
# name 24 = sbox0Mm/Kg: Oxygen, SBE 43 [umol/kg], WS = 5
# name 25 = sbox1Mm/Kg: Oxygen, SBE 43, 2 [umol/kg], WS = 5
# name 26 = nbin: number of scans per bin
# name 27 = flag: flag
# span 0 =      17647,     243073       
# span 1 =    735.269,  10128.004       
# span 2 =      1.987,   3026.672       
# span 3 =      2.000,   3069.000       
# span 4 =     4.2825,    30.2906       
# span 5 =     4.2833,    30.2909       
# span 6 =   3.341759,   5.979302       
# span 7 =   3.341691,   5.979569       
# span 8 =     1.6201,     3.2295       
# span 9 =     1.3227,     2.7085       
# span 10 =       9.86,     111.54      
# span 11 =   27.48736,   28.32218      
# span 12 =  -89.42718,  -86.79127      
# span 13 =   -0.03481,    0.03050      
# span 14 =   -0.03100,    0.02909      
# span 15 =     2.5189,     4.6949      
# span 16 =     2.5437,     4.7236      
# span 17 =     4.0806,    30.2848      
# span 18 =     4.0817,    30.2852      
# span 19 =    32.4490,    39.9694      
# span 20 =    32.4470,    36.6030      
# span 21 =    20.3697,    31.0679      
# span 22 =    20.3693,    27.7571      
# span 23 =       0.00,    1552.34      
# span 24 =    109.540,    204.013      
# span 25 =    110.622,    205.257      
# span 26 =         30,         87      
# span 27 = 0.0000e+00, 0.0000e+00      
# interval = decibars: 1                
# start_time = Sep 22 2021 01:30:43 [NMEA time, header]
# bad_flag = -9.990e-29
*END*
      17647    735.269      4.967      5.000    28.8525    28.8526   5.428725   5.426022     3.1546     2.6722     100.00   27.49760  -86.81112    0.00011    0.00073     4.4691     4.4542    28.8513    28.8514    33.0426    33.0240    20.6445    20.6305       0.00    195.555    194.900         38 0.0000e+00
      17719    738.262      5.960      6.000    28.8706    28.8770   5.470424   5.484481     3.1538     2.6731     100.00   27.49759  -86.81112    0.00021   -0.00023     4.4600     4.4475    28.8691    28.8756    33.3153    33.4070    20.8431    20.9098       0.00    195.117    194.566         72 0.0000e+00
      17788    741.145      6.954      7.000    28.8918    28.8934   5.516074   5.520404     3.1509     2.6736      91.81   27.49758  -86.81113   -0.00108    0.00008     4.4477     4.4390    28.8902    28.8918    33.6128    33.6187    21.0594    21.0633       0.00    194.540    194.154         61 0.0000e+00
      17848    743.636      7.947      8.000    28.9091    28.9082   5.557691   5.554877     3.1504     2.6763      96.21   27.49758  -86.81114   -0.00045    0.00125     4.4378     4.4398    28.9072    28.9063    33.8857    33.8668    21.2585    21.2447       0.00    194.066    194.159         63 0.0000e+00
      17908    746.132      8.940      9.000    28.9040    28.9055   5.574176   5.572868     3.1485     2.6755      99.31   27.49756  -86.81114   -0.00059   -0.00023     4.4324     4.4359    28.9018    28.9033    34.0022    33.9922    21.3478    21.3397       0.00    193.815    193.967         55 0.0000e+00
      17962    748.363      9.934     10.000    28.9692    28.9619   5.618963   5.614237     3.1513     2.6755     100.00   27.49756  -86.81114    0.00041   -0.00044     4.4266     4.4263    28.9668    28.9595    34.2628    34.2355    21.5217    21.5037       0.00    193.527    193.516         52 0.0000e+00
      18015    750.578     10.927     11.000    28.9797    28.9818   5.629035   5.629285     3.1504     2.6767     100.00   27.49754  -86.81114    0.00062    0.00096     4.4231     4.4256    28.9770    28.9791    34.3241    34.3244    21.5644    21.5638       0.00    193.365    193.473         54 0.0000e+00
      18065    752.657     11.920     12.000    28.9385    28.9406   5.631372   5.631607     3.1465     2.6714     100.00   27.49754  -86.81116   -0.00139   -0.00130     4.4186     4.4173    28.9360    28.9377    34.3693    34.3696    21.6119    21.6116       0.00    193.158    193.102         47 0.0000e+00
      18111    754.591     12.914     13.000    28.9048    28.9066   5.633786   5.634063     3.1441     2.6653     100.00   27.49753  -86.81116   -0.00151   -0.00320     4.4154     4.4056    28.8954    28.9036    34.4136    34.4142    21.6587    21.6584       0.00    193.010    192.585         48 0.0000e+00
      18164    756.779     13.907     14.000    28.8694    28.8699   5.630933   5.631057     3.1434     2.6670     100.00   27.49752  -86.81116   -0.00102   -0.00077     4.4183     4.4135    28.8661    28.8666    34.4157    34.4162    21.6700    21.6703       0.00    193.136    192.926         54 0.0000e+00
      18216    758.956     14.900     15.000    28.8413    28.8425   5.632288   5.632527     3.1412     2.6665      98.91   27.49752  -86.81116   -0.00031   -0.00008     4.4160     4.4149    28.8357    28.8389    34.4465    34.4470    21.7033    21.7031       0.00    193.028    192.981         50 0.0000e+00
      18266    761.050     15.894     16.000    28.8093    28.8107   5.636861   5.637043     3.1408     2.6695      99.99   27.49751  -86.81116   -0.00081    0.00115     4.4172     4.4218    28.8054    28.8069    34.4995    34.4997    21.7531    21.7528       0.00    193.074    193.275         52 0.0000e+00
      18320    763.297     16.887     17.000    28.7806    28.7812   5.643007   5.643128     3.1405     2.6610      76.85   27.49750  -86.81116   -0.00018   -0.00175     4.4179     4.4058    28.7765    28.7771    34.5624    34.5628    21.8100    21.8100       0.00    193.092    192.563         55 0.0000e+00
      18373    765.490     17.880     18.000    28.8936    28.8854   5.681452   5.681355     3.1458     2.6697     100.12   27.49749  -86.81117    0.00129    0.00037     4.4147     4.4115    28.8892    28.8811    34.7449    34.7412    21.9095    21.9094       0.00    192.932    192.791         50 0.0000e+00
      18423    767.585     18.873     19.000    29.0938    29.0886   5.723363   5.722570     3.1440     2.6660     100.00   27.49748  -86.81118    0.00119    0.00146     4.3925     4.3863    29.0892    29.0840    34.8955    34.8933    21.9558    21.9559       0.00    191.955    191.685         51 0.0000e+00
      18475    769.758     19.867     20.000    29.3890    29.3882   5.788586   5.788966     3.1406     2.6625     100.00   27.49748  -86.81118   -0.00162   -0.00196     4.3591     4.3543    29.3841    29.3833    35.1181    35.1213    22.0238    22.0264     796.46    190.483    190.271         54 0.0000e+00
      18529    771.980     20.860     21.000    29.7718    29.7750   5.870292   5.871294     3.1321     2.6436     100.00   27.49748  -86.81118   -0.00252   -0.00433     4.3086     4.2786    29.7666    29.7698    35.3947    35.3992    22.1017    22.1039    1552.34    188.261    186.949         51 0.0000e+00
      18579    774.072     21.853     22.000    30.1068    30.1143   5.936920   5.938901     3.1186     2.6341     100.00   27.49746  -86.81118   -0.00542   -0.00748     4.2554     4.2348    30.0996    30.1088    35.6020    35.6086    22.1434    22.1452    1544.95    185.928    185.027         51 0.0000e+00
      18632    776.276     22.847     23.000    30.2906    30.2909   5.979302   5.979569     3.1129     2.6270      93.12   27.49746  -86.81119   -0.00461   -0.00427     4.2283     4.2057    30.2848    30.2852    35.7517    35.7533    22.1921    22.1931    1545.04    184.736    183.750         54 0.0000e+00
      18684    778.467     23.840     24.000    30.1757    30.1775   5.962325   5.962111     3.1065     2.6256     100.09   27.49746  -86.81120   -0.00230   -0.00125     4.2268     4.2119    30.1697    30.1715    35.7227    35.7212    22.2099    22.2082    1545.14    184.669    184.015         50 0.0000e+00
      18734    780.537     24.833     25.000    29.6414    29.6306   5.875925   5.873513     3.1035     2.6285      92.14   27.49744  -86.81120   -0.00267   -0.00017     4.2661     4.2611    29.6353    29.6245    35.5277    35.5192    22.2460    22.2433    1545.20    186.377    186.161         52 0.0000e+00
      18788    782.808     25.826     26.000    29.2118    29.1605   5.800176   5.796883     3.1189     2.6493      85.98   27.49744  -86.81120    0.00351    0.00595     4.3254     4.3396    29.2055    29.1541    35.3714    35.3507    22.2740    22.2758    1545.20    188.961    189.583         54 0.0000e+00
      18840    784.963     26.820     27.000    29.0038    29.0045   5.774670   5.775082     3.1412     2.6636     100.03   27.49744  -86.81120    0.00948    0.00837     4.3889     4.3820    28.9973    28.9980    35.3038    35.3062    22.2931    22.2947    1545.17    191.732    191.431         51 0.0000e+00
      18892    787.133     27.813     28.000    28.9951    28.9962   5.781329   5.781853     3.1493     2.6749     100.00   27.49742  -86.81120    0.00625    0.00574     4.4035     4.4046    28.9883    28.9894    35.3561    35.3588    22.3354    22.3371    1545.14    192.365    192.411         55 0.0000e+00
      18948    789.449     28.806     29.000    28.9972    28.9982   5.786954   5.787738     3.1529     2.6790     100.00   27.49742  -86.81120    0.00213    0.00307     4.4095     4.4122    28.9901    28.9912    35.3930    35.3976    22.3625    22.3656    1545.11    192.623    192.737         53 0.0000e+00
      18999    791.572     29.799     30.000    28.9868    28.9880   5.803547   5.803945     3.1535     2.6839     100.00   27.49740  -86.81120    0.00081    0.00171     4.4119     4.4230    28.9795    28.9808    35.5231    35.5192    22.4638    22.4604    1545.09    192.711    193.189         51 0.0000e+00
      19051    793.752     30.793     31.000    28.9916    28.9928   5.813400   5.813792     3.1645     2.6879      96.98   27.49740  -86.81120    0.00327    0.00223     4.4275     4.4270    28.9841    28.9852    35.5791    35.5809    22.5043    22.5053    1545.07    193.380    193.357         53 0.0000e+00
      19106    796.032     31.786     32.000    28.9960    28.9968   5.816406   5.816628     3.1657     2.6909     100.04   27.49740  -86.81120    0.00215    0.00161     4.4294     4.4329    28.9883    28.9891    35.5962    35.5972    22.5158    22.5162    1545.06    193.462    193.612         55 0.0000e+00
      19158    798.211     32.779     33.000    28.9989    29.0001   5.818811   5.819116     3.1669     2.6896     100.00   27.49738  -86.81121    0.00056    0.00063     4.4314     4.4302    28.9909    28.9921    35.6104    35.6116    22.5255    22.5261    1545.05    193.547    193.492         51 0.0000e+00
      19210    800.358     33.773     34.000    29.0057    29.0070   5.820843   5.821191     3.1652     2.6890     100.00   27.49738  -86.81122   -0.00029   -0.00075     4.4284     4.4285    28.9974    28.9987    35.6192    35.6207    22.5300    22.5306    1545.04    193.416    193.419         53 0.0000e+00
      19264    802.604     34.766     35.000    29.0150    29.0166   5.823179   5.823627     3.1659     2.6870     100.00   27.49737  -86.81122   -0.00002   -0.00081     4.4290     4.4244    29.0065    29.0081    35.6280    35.6299    22.5335    22.5344    1545.03    193.441    193.238         54 0.0000e+00
      19316    804.803     35.759     36.000    29.0271    29.0277   5.835002   5.835936     3.1627     2.6873      79.14   27.49736  -86.81122   -0.00081   -0.00042     4.4208     4.4231    29.0192    29.0191    35.6996    35.7055    22.5831    22.5872    1545.02    193.074    193.171         51 0.0000e+00
      19367    806.911     36.752     37.000    28.9101    28.9067   5.828021   5.827789     3.1579     2.6817      85.54   27.49736  -86.81122   -0.00177   -0.00134     4.4211     4.4201    28.9012    28.8978    35.7393    35.7402    22.6524    22.6542    1545.02    193.071    193.031         51 0.0000e+00
      19419    809.096     37.745     38.000    28.9531    28.9637   5.851331   5.854192     3.1648     2.6881      99.95   27.49735  -86.81122    0.00041    0.00110     4.4279     4.4253    28.9439    28.9545    35.8679    35.8797    22.7347    22.7400    1545.01    193.353    193.240         54 0.0000e+00
      19474    811.371     38.738     39.000    29.0986    29.1067   5.882860   5.884588     3.1584     2.6794     100.00   27.49734  -86.81122    0.00099   -0.00142     4.4026     4.3960    29.0891    29.0973    35.9761    35.9819    22.7673    22.7689    1545.01    192.241    191.953         53 0.0000e+00
      19524    813.451     39.732     40.000    29.1773    29.1855   5.901606   5.902879     3.1555     2.6732     100.00   27.49734  -86.81122   -0.00311   -0.00348     4.3900     4.3765    29.1676    29.1758    36.0511    36.0677    22.7972    22.8069    1545.02    191.689    191.097         49 0.0000e+00
      19576    815.624     40.725     41.000    29.1854    29.1868   5.919368   5.919711     3.1515     2.6707      98.42   27.49733  -86.81124   -0.00122   -0.00223     4.3799     4.3694    29.1754    29.1768    36.1620    36.1638    22.8779    22.8787    1545.04    191.233    190.771         56 0.0000e+00
      19630    817.872     41.718     42.000    29.1270    29.1254   5.917451   5.917644     3.1539     2.6749      81.44   27.49732  -86.81124   -0.00041    0.00028     4.3886     4.3825    29.1168    29.1152    36.1926    36.1951    22.9207    22.9230    1545.06    191.603    191.337         51 0.0000e+00
      19681    819.995     42.711     43.000    29.0766    29.0757   5.914542   5.914724     3.1550     2.6765      99.95   27.49732  -86.81124    0.00097    0.00193     4.3942     4.3890    29.0661    29.0653    36.2105    36.2124    22.9511    22.9528    1545.08    191.841    191.613         51 0.0000e+00
      19732    822.112     43.704     44.000    29.0026    29.0021   5.909987   5.910246     3.1561     2.6775     100.00   27.49730  -86.81124    0.00054    0.00022     4.4022     4.3963    28.9919    28.9914    36.2344    36.2360    22.9940    22.9953    1545.09    192.181    191.927         52 0.0000e+00
      19787    824.428     44.698     45.000    28.9738    28.9745   5.907989   5.908254     3.1593     2.6804     100.00   27.49730  -86.81126    0.00086    0.00146     4.4105     4.4044    28.9628    28.9636    36.2425    36.2438    23.0098    23.0106    1545.10    192.543    192.278         56 0.0000e+00
      19838    826.558     45.691     46.000    28.8055    28.8036   5.892790   5.892605     3.1578     2.6817     100.00   27.49730  -86.81126    0.00116    0.00066     4.4208     4.4196    28.7943    28.7925    36.2649    36.2650    23.0830    23.0837    1545.11    192.979    192.924         47 0.0000e+00
      19887    828.604     46.684     47.000    28.5633    28.5606   5.871990   5.871920     3.1579     2.6827     100.00   27.49728  -86.81126   -0.00146    0.00054     4.4394     4.4379    28.5520    28.5494    36.3047    36.3062    23.1937    23.1958    1545.10    193.771    193.705         53 0.0000e+00
      19942    830.886     47.677     48.000    28.4319    28.4313   5.862457   5.862591     3.1589     2.6816     100.00   27.49728  -86.81126    0.00114    0.00054     4.4512     4.4456    28.4204    28.4198    36.3385    36.3398    23.2629    23.2641    1545.09    194.272    194.029         54 0.0000e+00
      19993    833.006     48.670     49.000    28.2901    28.2857   5.850249   5.849807     3.1512     2.6754     100.00   27.49728  -86.81126   -0.00153   -0.00238     4.4482     4.4438    28.2814    28.2741    36.3593    36.3609    23.3245    23.3278    1545.08    194.127    193.937         50 0.0000e+00
      20044    835.113     49.663     50.000    28.0649    28.0568   5.828514   5.827686     3.1374     2.6615      92.77   27.49726  -86.81126   -0.00554   -0.00457     4.4408     4.4324    28.0530    28.0450    36.3821    36.3825    23.4169    23.4199    1545.06    193.787    193.420         50 0.0000e+00
      20097    837.320     50.657     51.000    27.7412    27.7421   5.795877   5.796162     3.1209     2.6514      99.07   27.49726  -86.81127   -0.00763   -0.00626     4.4358     4.4350    27.7292    27.7301    36.4017    36.4031    23.5379    23.5386    1545.02    193.548    193.513         57 0.0000e+00
      20152    839.633     51.650     52.000    27.6207    27.6196   5.785071   5.785146     3.1155     2.6484      89.54   27.49726  -86.81128   -0.00356   -0.00161     4.4354     4.4379    27.6086    27.6075    36.4184    36.4197    23.5898    23.5912    1544.98    193.521    193.629         51 0.0000e+00
      20201    841.673     52.643     53.000    27.5420    27.5429   5.778234   5.778458     3.1069     2.6424      81.92   27.49724  -86.81128   -0.00354   -0.00232     4.4259     4.4316    27.5296    27.5305    36.4307    36.4317    23.6248    23.6252    1544.94    193.100    193.346         51 0.0000e+00
      20255    843.920     53.636     54.000    27.4525    27.4499   5.769697   5.769610     3.0953     2.6327     100.20   27.49724  -86.81128   -0.00477   -0.00409     4.4117     4.4188    27.4399    27.4373    36.4394    36.4408    23.6605    23.6623    1544.89    192.474    192.783         54 0.0000e+00
      20308    846.131     54.629     55.000    27.3275    27.3227   5.758253   5.757891     3.0829     2.6231     100.00   27.49724  -86.81128   -0.00532   -0.00380     4.3984     4.4082    27.3147    27.3099    36.4548    36.4553    23.7126    23.7145    1544.85    191.883    192.308         54 0.0000e+00
