Gulf of Mexico/GOMECC-4/1db/rb2103_0011.cnv
* Sea-Bird SBE 9 Data File:
* FileName = C:\Users\scs.user.rb\CTD\GOMECC4\data\rb1203_001.hex
* Software Version Seasave V 7.26.7.107
* Temperature SN = 4799
* Conductivity SN = 3860
* Number of Bytes Per Scan = 41
* Number of Voltage Words = 4
* Number of Scans Averaged by the Deck Unit = 1
* NMEA Latitude = 26 59.84 N
* NMEA Longitude = 079 37.07 W
* NMEA UTC (Time) = Sep 14 2021  14:55:20
* NMEA baud rate = 4800
# nquan = 28
# nvalues = 329                         
# units = specified
# name 0 = scan: Scan Count
# name 1 = timeS: Time, Elapsed [seconds]
# name 2 = depSM: Depth [salt water, m]
# name 3 = prDM: Pressure, Digiquartz [db]
# name 4 = t090C: Temperature [ITS-90, deg C]
# name 5 = t190C: Temperature, 2 [ITS-90, deg C]
# name 6 = c0S/m: Conductivity [S/m]
# name 7 = c1S/m: Conductivity, 2 [S/m]
# name 8 = sbeox0V: Oxygen raw, SBE 43 [V]
# name 9 = sbeox1V: Oxygen raw, SBE 43, 2 [V]
# name 10 = altM: Altimeter [m]
# name 11 = latitude: Latitude [deg]
# name 12 = longitude: Longitude [deg]
# name 13 = sbox0dV/dT: Oxygen, SBE 43 [dov/dt]
# name 14 = sbox1dV/dT: Oxygen, SBE 43, 2 [dov/dt]
# name 15 = sbeox0ML/L: Oxygen, SBE 43 [ml/l], WS = 5
# name 16 = sbeox1ML/L: Oxygen, SBE 43, 2 [ml/l], WS = 5
# name 17 = potemp090C: Potential Temperature [ITS-90, deg C]
# name 18 = potemp190C: Potential Temperature, 2 [ITS-90, deg C]
# name 19 = sal00: Salinity, Practical [PSU]
# name 20 = sal11: Salinity, Practical, 2 [PSU]
# name 21 = sigma-é00: Density [sigma-theta, kg/m^3]
# name 22 = sigma-é11: Density, 2 [sigma-theta, kg/m^3]
# name 23 = avgsvCM: Average Sound Velocity [Chen-Millero, m/s], minP = 20, minS = 20
# name 24 = sbox0Mm/Kg: Oxygen, SBE 43 [umol/kg], WS = 5
# name 25 = sbox1Mm/Kg: Oxygen, SBE 43, 2 [umol/kg], WS = 5
# name 26 = nbin: number of scans per bin
# name 27 = flag: flag
# span 0 =      25891,     110923       
# span 1 =   1078.745,   4621.732       
# span 2 =      1.987,    617.974       
# span 3 =      2.000,    623.000       
# span 4 =     7.4703,    29.6723       
# span 5 =     7.4705,    29.6697       
# span 6 =   3.595503,   5.996459       
# span 7 =   3.595390,   5.996522       
# span 8 =     1.6247,     3.2102       
# span 9 =     1.3324,     2.7489       
# span 10 =      14.93,     101.90      
# span 11 =   26.66907,   27.18412      
# span 12 =  -80.14817,  -78.61978      
# span 13 =   -0.05249,    0.16746      
# span 14 =   -0.04657,    0.15850      
# span 15 =     2.6134,     4.5059      
# span 16 =     2.6526,     4.5307      
# span 17 =     7.4080,    29.6664      
# span 18 =     7.4082,    29.6638      
# span 19 =    34.9439,    37.0225      
# span 20 =    34.9440,    37.0264      
# span 21 =    22.5100,    27.3224      
# span 22 =    22.5148,    27.3230      
# span 23 =       0.00,    1546.42      
# span 24 =    113.632,    196.696      
# span 25 =    115.340,    197.786      
# span 26 =         30,         69      
# span 27 = 0.0000e+00, 0.0000e+00      
# interval = decibars: 1                
# start_time = Sep 14 2021 14:55:20 [NMEA time, header]
# bad_flag = -9.990e-29
*END*
[from data line 104]
      35946   1497.690    108.255    109.000    25.1119    25.0964   5.583295   5.582493     2.6955     2.2783     100.00   26.99482  -79.62092   -0.00718   -0.00837     3.8418     3.8534    25.0881    25.0725    36.9310    36.9377    24.7744    24.7843    1544.02    167.427    167.931         39 0.0000e+00
      35986   1499.369    109.248    110.000    24.9866    24.9798   5.571678   5.571571     2.6786     2.2639     100.00   26.99483  -79.62092   -0.00915   -0.00816     3.8178     3.8303    24.9626    24.9557    36.9464    36.9512    24.8245    24.8303    1543.97    166.373    166.915         41 0.0000e+00
      36026   1501.030    110.241    111.000    24.9552    24.9536   5.569263   5.569542     2.6662     2.2550     100.00   26.99484  -79.62092   -0.00922   -0.00772     3.7961     3.8131    24.9310    24.9294    36.9537    36.9571    24.8397    24.8428    1543.92    165.427    166.165         38 0.0000e+00
      36062   1502.539    111.233    112.000    24.8869    24.8837   5.562524   5.562664     2.6587     2.2503     100.00   26.99484  -79.62092   -0.00711   -0.00503     3.7866     3.8078    24.8625    24.8593    36.9589    36.9626    24.8646    24.8684    1543.87    165.006    165.931         35 0.0000e+00
      36097   1504.017    112.226    113.000    24.7459    24.7528   5.548782   5.549872     2.6500     2.2377     100.00   26.99484  -79.62092   -0.00537   -0.00450     3.7793     3.7905    24.7214    24.7282    36.9714    36.9744    24.9171    24.9173    1543.82    164.679    165.166         37 0.0000e+00
      36137   1505.687    113.219    114.000    24.6715    24.6674   5.542139   5.542180     2.6362     2.2286     100.00   26.99486  -79.62092   -0.00666   -0.00701     3.7579     3.7755    24.6469    24.6427    36.9820    36.9857    24.9478    24.9519    1543.76    163.742    164.509         42 0.0000e+00
      36178   1507.375    114.212    115.000    24.6263    24.6189   5.537259   5.536874     2.6267     2.2201      85.18   26.99486  -79.62092   -0.00733   -0.00569     3.7428     3.7607    24.6015    24.5941    36.9822    36.9854    24.9617    24.9664    1543.71    163.083    163.862         38 0.0000e+00
      36215   1508.929    115.205    116.000    24.5247    24.5051   5.526280   5.524756     2.6189     2.2105      99.01   26.99487  -79.62092   -0.00548   -0.00517     3.7342     3.7467    24.4976    24.4802    36.9845    36.9893    24.9950    25.0046    1543.66    162.703    163.248         37 0.0000e+00
      36252   1510.467    116.198    117.000    24.3623    24.3408   5.510652   5.509070     2.6040     2.1962     100.01   26.99488  -79.62093   -0.00636   -0.00689     3.7168     3.7271    24.3372    24.3157    36.9985    37.0043    25.0540    25.0649    1543.60    161.937    162.381         37 0.0000e+00
      36290   1512.031    117.191    118.000    24.2205    24.2089   5.497080   5.496365     2.5871     2.1832     100.00   26.99488  -79.62094   -0.00954   -0.00878     3.6933     3.7074    24.1953    24.1837    37.0126    37.0168    25.1074    25.1141    1543.54    160.902    161.515         38 0.0000e+00
      36329   1513.664    118.184    119.000    24.1497    24.1416   5.490183   5.489695     2.5762     2.1757     100.00   26.99488  -79.62094   -0.00955   -0.00729     3.6769     3.6957    24.1243    24.1162    37.0186    37.0216    25.1333    25.1380    1543.48    160.186    161.002         40 0.0000e+00
      36369   1515.329    119.176    120.000    24.0749    24.0673   5.482579   5.482255     2.5696     2.1688     100.00   26.99488  -79.62094   -0.00609   -0.00480     3.6691     3.6857    24.0494    24.0418    37.0225    37.0264    25.1586    25.1639    1543.43    159.843    160.563         40 0.0000e+00
      36406   1516.885    120.169    121.000    24.0019    24.0027   5.474544   5.475126     2.5655     2.1692     100.00   26.99490  -79.62094   -0.00369   -0.00284     3.6666     3.6912    23.9762    23.9770    37.0216    37.0254    25.1799    25.1825    1543.37    159.728    160.800         35 0.0000e+00
      36441   1518.337    121.162    122.000    23.8593    23.8646   5.457291   5.458350     2.5569     2.1625     100.00   26.99490  -79.62094   -0.00349   -0.00146     3.6598     3.6861    23.8335    23.8388    37.0082    37.0119    25.2123    25.2135    1543.30    159.425    160.572         36 0.0000e+00
      36479   1519.910    122.155    123.000    23.7402    23.7367   5.443533   5.443677     2.5395     2.1433      90.27   26.99491  -79.62094   -0.00638   -0.00511     3.6337     3.6525    23.7143    23.7108    37.0019    37.0059    25.2429    25.2470    1543.24    158.285    159.102         39 0.0000e+00
      36518   1521.547    123.148    124.000    23.6736    23.6622   5.436067   5.435200     2.5258     2.1290      93.57   26.99492  -79.62094   -0.01000   -0.01075     3.6112     3.6262    23.6476    23.6361    36.9999    37.0028    25.2611    25.2668    1543.17    157.304    157.953         38 0.0000e+00
      36555   1523.080    124.140    125.000    23.5393    23.5377   5.419649   5.420001     2.5139     2.1222      40.73   26.99492  -79.62095   -0.00849   -0.00782     3.5973     3.6197    23.5131    23.5115    36.9856    36.9897    25.2901    25.2936    1543.11    156.693    157.668         36 0.0000e+00
      36591   1524.588    125.133    126.000    23.4338    23.4256   5.407740   5.407349     2.4997     2.1118      95.21   26.99492  -79.62096   -0.00819   -0.00572     3.5763     3.6038    23.4075    23.3993    36.9819    36.9857    25.3184    25.3237    1543.05    155.773    156.970         37 0.0000e+00
      36627   1526.101    126.126    127.000    23.3555    23.3532   5.399256   5.399453     2.4851     2.0972      64.12   26.99493  -79.62096   -0.00945   -0.00756     3.5525     3.5770    23.3291    23.3268    36.9816    36.9851    25.3413    25.3445    1542.98    154.734    155.799         37 0.0000e+00
      36665   1527.656    127.119    128.000    23.3121    23.3088   5.394615   5.394655     2.4757     2.0878      99.74   26.99494  -79.62096   -0.00851   -0.00803     3.5369     3.5594    23.2855    23.2822    36.9819    36.9850    25.3542    25.3575    1542.92    154.053    155.030         37 0.0000e+00
      36702   1529.192    128.111    129.000    23.2496    23.2470   5.387867   5.388035     2.4690     2.0831     100.00   26.99494  -79.62096   -0.00597   -0.00560     3.5280     3.5530    23.2228    23.2203    36.9818    36.9852    25.3725    25.3759    1542.85    153.661    154.750         36 0.0000e+00
      36739   1530.741    129.105    130.000    23.2285    23.2282   5.385771   5.386144     2.4650     2.0792     100.00   26.99495  -79.62097   -0.00402   -0.00329     3.5217     3.5460    23.2015    23.2013    36.9830    36.9861    25.3797    25.3821    1542.79    153.386    154.443         38 0.0000e+00
      36777   1532.352    130.098    131.000    23.2058    23.2019   5.383349   5.383335     2.4612     2.0760     100.00   26.99496  -79.62098   -0.00264   -0.00225     3.5169     3.5418    23.1787    23.1747    36.9832    36.9865    25.3865    25.3902    1542.72    153.175    154.261         40 0.0000e+00
      36815   1533.906    131.090    132.000    23.1421    23.1417   5.376372   5.376718     2.4575     2.0746     100.00   26.99496  -79.62098   -0.00242   -0.00185     3.5130     3.5422    23.1148    23.1144    36.9821    36.9850    25.4043    25.4067    1542.65    153.005    154.273         34 0.0000e+00
      36848   1535.310    132.083    133.000    23.0557    23.0600   5.367028   5.367843     2.4520     2.0683     100.00   26.99496  -79.62098   -0.00273   -0.00189     3.5081     3.5335    23.0283    23.0325    36.9819    36.9847    25.4294    25.4303    1542.59    152.786    153.894         34 0.0000e+00
      36885   1536.831    133.076    134.000    23.0217    23.0217   5.363454   5.363836     2.4468     2.0609     100.00   26.99497  -79.62098   -0.00354   -0.00391     3.5001     3.5198    22.9941    22.9941    36.9824    36.9854    25.4398    25.4420    1542.52    152.435    153.293         40 0.0000e+00
      36926   1538.555    134.068    135.000    22.9908    22.9856   5.360179   5.359980     2.4405     2.0592      99.94   26.99498  -79.62098   -0.00357   -0.00352     3.4899     3.5186    22.9630    22.9578    36.9827    36.9855    25.4490    25.4526    1542.46    151.991    153.242         41 0.0000e+00
      36965   1540.155    135.061    136.000    22.9289    22.9258   5.353613   5.353666     2.4365     2.0581     100.00   26.99498  -79.62098   -0.00324   -0.00125     3.4862     3.5202    22.9009    22.8978    36.9834    36.9865    25.4676    25.4708    1542.40    151.827    153.308         36 0.0000e+00
      37000   1541.607    136.054    137.000    22.8694    22.8776   5.347521   5.349247     2.4347     2.0581     100.00   26.99498  -79.62100   -0.00237   -0.00044     3.4873     3.5248    22.8414    22.8498    36.9859    36.9886    25.4867    25.4851    1542.33    151.875    153.507         34 0.0000e+00
      37036   1543.122    137.047    138.000    22.7178    22.7157   5.331444   5.331638     2.4325     2.0571     100.00   26.99499  -79.62100   -0.00150   -0.00018     3.4929     3.5318    22.6896    22.6875    36.9881    36.9914    25.5323    25.5354    1542.27    152.109    153.802         39 0.0000e+00
      37076   1544.782    138.039    139.000    22.6760    22.6747   5.327591   5.327842     2.4366     2.0590     100.00   26.99500  -79.62100   -0.00010   -0.00015     3.5042     3.5391    22.6476    22.6463    36.9930    36.9961    25.5481    25.5508    1542.20    152.599    154.118         40 0.0000e+00
      37115   1546.402    139.032    140.000    22.6362    22.6316   5.323781   5.323686     2.4428     2.0631     100.00   26.99500  -79.62100    0.00250    0.00137     3.5205     3.5514    22.6077    22.6030    36.9966    36.9997    25.5623    25.5661    1542.14    153.305    154.652         38 0.0000e+00
      37151   1547.905    140.025    141.000    22.5533    22.5573   5.314977   5.315746     2.4443     2.0690     100.00   26.99501  -79.62100    0.00288    0.00297     3.5290     3.5698    22.5246    22.5287    36.9975    37.0001    25.5869    25.5877    1542.07    153.672    155.448         35 0.0000e+00
      37187   1549.404    141.018    142.000    22.4115    22.4438   5.298750   5.303356     2.4440     2.0659     100.00   26.99502  -79.62101    0.00131    0.00210     3.5384     3.5716    22.3827    22.4154    36.9901    36.9951    25.6220    25.6152    1542.00    154.078    155.523         38 0.0000e+00
      37227   1551.073    142.010    143.000    22.3355    22.3334   5.289908   5.289969     2.4432     2.0637      99.97   26.99502  -79.62102   -0.00019   -0.00115     3.5425     3.5731    22.3066    22.3046    36.9848    36.9870    25.6397    25.6420    1541.93    154.252    155.586         40 0.0000e+00
      37264   1552.642    143.003    144.000    22.3036    22.3044   5.286227   5.286628     2.4399     2.0624     100.00   26.99504  -79.62102   -0.00092   -0.00135     3.5383     3.5725    22.2746    22.2753    36.9825    36.9851    25.6471    25.6488    1541.87    154.071    155.558         35 0.0000e+00
      37298   1554.055    143.996    145.000    22.2906    22.2914   5.284910   5.285282     2.4381     2.0614     100.00   26.99504  -79.62102   -0.00167   -0.00082     3.5359     3.5715    22.2614    22.2622    36.9828    36.9851    25.6511    25.6526    1541.80    153.965    155.513         33 0.0000e+00
      37333   1555.492    144.989    146.000    22.2871    22.2884   5.284624   5.285098     2.4380     2.0598      55.81   26.99504  -79.62104   -0.00118   -0.00094     3.5363     3.5684    22.2577    22.2590    36.9832    36.9858    25.6525    25.6541    1541.73    153.979    155.381         37 0.0000e+00
      37372   1557.139    145.982    147.000    22.2131    22.2070   5.275658   5.275332     2.4345     2.0575     100.39   26.99504  -79.62104   -0.00088   -0.00104     3.5345     3.5686    22.1836    22.1774    36.9751    36.9778    25.6674    25.6712    1541.67    153.899    155.384         41 0.0000e+00
      37411   1558.737    146.974    148.000    22.1166    22.1186   5.264000   5.264642     2.4260     2.0468     100.00   26.99506  -79.62104   -0.00271   -0.00281     3.5252     3.5519    22.0870    22.0889    36.9649    36.9683    25.6871    25.6891    1541.60    153.493    154.654         36 0.0000e+00
      37447   1560.233    147.967    149.000    21.9749    21.9830   5.246745   5.248006     2.4152     2.0364     100.00   26.99506  -79.62104   -0.00511   -0.00578     3.5122     3.5367    21.9452    21.9533    36.9488    36.9519    25.7149    25.7150    1541.54    152.924    153.991         37 0.0000e+00
      37485   1561.842    148.959    150.000    21.9124    21.9125   5.239414   5.239758     2.3991     2.0216     100.00   26.99506  -79.62104   -0.00839   -0.00810     3.4834     3.5079    21.8825    21.8826    36.9437    36.9463    25.7288    25.7307    1541.47    151.667    152.732         38 0.0000e+00
      37521   1563.333    149.952    151.000    21.8734    21.8759   5.234682   5.235295     2.3902     2.0128     100.00   26.99508  -79.62104   -0.00880   -0.00814     3.4681     3.4907    21.8434    21.8458    36.9391    36.9418    25.7363    25.7377    1541.40    151.000    151.982         35 0.0000e+00
      37554   1564.724    150.945    152.000    21.7791    21.7757   5.223220   5.222965     2.3811     2.0057     100.00   26.99508  -79.62105   -0.00678   -0.00632     3.4561     3.4812    21.7490    21.7456    36.9282    36.9291    25.7545    25.7562    1541.33    150.473    151.567         33 0.0000e+00
      37590   1566.206    151.938    153.000    21.7523    21.7537   5.220081   5.220564     2.3708     2.0000     100.00   26.99508  -79.62106   -0.00655   -0.00497     3.4368     3.4700    21.7220    21.7234    36.9258    36.9284    25.7603    25.7619    1541.26    149.635    151.079         38 0.0000e+00
      37630   1567.862    152.930    154.000    21.6820    21.6812   5.211307   5.211558     2.3635     1.9949      77.27   26.99508  -79.62106   -0.00604   -0.00372     3.4268     3.4636    21.6515    21.6507    36.9157    36.9184    25.7724    25.7747    1541.20    149.198    150.796         40 0.0000e+00
      37669   1569.491    153.923    155.000    21.5571    21.5526   5.195949   5.195829     2.3576     1.9894     100.17   26.99509  -79.62107   -0.00445   -0.00333     3.4237     3.4596    21.5266    21.5221    36.8998    36.9027    25.7952    25.7987    1541.13    149.056    150.619         38 0.0000e+00
      37706   1571.029    154.916    156.000    21.4728    21.4761   5.185867   5.186605     2.3580     1.9916     100.00   26.99510  -79.62108   -0.00259   -0.00186     3.4305     3.4701    21.4422    21.4454    36.8911    36.8942    25.8121    25.8136    1541.06    149.350    151.074         37 0.0000e+00
      37742   1572.554    155.908    157.000    21.3747    21.3812   5.173883   5.175057     2.3592     1.9922     100.00   26.99510  -79.62108    0.00000    0.00052     3.4402     3.4780    21.3440    21.3505    36.8790    36.8828    25.8302    25.8312    1540.98    149.772    151.417         36 0.0000e+00
      37778   1574.049    156.901    158.000    21.2525    21.2656   5.159290   5.161171     2.3644     1.9969     100.00   26.99510  -79.62108    0.00151    0.00128     3.4600     3.4969    21.2218    21.2348    36.8665    36.8704    25.8545    25.8539    1540.91    150.627    152.235         35 0.0000e+00
      37815   1575.572    157.894    159.000    21.1311    21.1390   5.144896   5.146189     2.3678     2.0014     100.00   26.99512  -79.62108    0.00252    0.00274     3.4763     3.5161    21.1002    21.1081    36.8548    36.8585    25.8792    25.8798    1540.84    151.333    153.068         38 0.0000e+00
