Gulf of Mexico/GOMECC-4/1db/rb2103_1361.cnv
* Sea-Bird SBE 9 Data File:
* FileName = C:\Users\scs.user.rb\CTD\GOMECC4\data\rb2103_1361.hex
* Software Version Seasave V 7.26.7.107
* Temperature SN = 4799
* Conductivity SN = 3860
* Number of Bytes Per Scan = 41
* Number of Voltage Words = 4
* Number of Scans Averaged by the Deck Unit = 1
* NMEA Latitude = 26 07.92 N
* NMEA Longitude = 084 00.17 W
* NMEA UTC (Time) = Oct 20 2021  03:44:28
* NMEA baud rate = 4800
# nquan = 28
# nvalues = 216                         
# units = specified
# name 0 = scan: Scan Count
# name 1 = timeS: Time, Elapsed [seconds]
# name 2 = depSM: Depth [salt water, m]
# name 3 = prDM: Pressure, Digiquartz [db]
# name 4 = t090C: Temperature [ITS-90, deg C]
# name 5 = t190C: Temperature, 2 [ITS-90, deg C]
# name 6 = c0S/m: Conductivity [S/m]
# name 7 = c1S/m: Conductivity, 2 [S/m]
# name 8 = sbeox0V: Oxygen raw, SBE 43 [V]
# name 9 = sbeox1V: Oxygen raw, SBE 43, 2 [V]
# name 10 = altM: Altimeter [m]
# name 11 = latitude: Latitude [deg]
# name 12 = longitude: Longitude [deg]
# name 13 = sbox0dV/dT: Oxygen, SBE 43 [dov/dt]
# name 14 = sbox1dV/dT: Oxygen, SBE 43, 2 [dov/dt]
# name 15 = sbeox0ML/L: Oxygen, SBE 43 [ml/l], WS = 5
# name 16 = sbeox1ML/L: Oxygen, SBE 43, 2 [ml/l], WS = 5
# name 17 = potemp090C: Potential Temperature [ITS-90, deg C]
# name 18 = potemp190C: Potential Temperature, 2 [ITS-90, deg C]
# name 19 = sal00: Salinity, Practical [PSU]
# name 20 = sal11: Salinity, Practical, 2 [PSU]
# name 21 = sigma-é00: Density [sigma-theta, kg/m^3]
# name 22 = sigma-é11: Density, 2 [sigma-theta, kg/m^3]
# name 23 = avgsvCM: Average Sound Velocity [Chen-Millero, m/s], minP = 20, minS = 20
# name 24 = sbox0Mm/Kg: Oxygen, SBE 43 [umol/kg], WS = 5
# name 25 = sbox1Mm/Kg: Oxygen, SBE 43, 2 [umol/kg], WS = 5
# name 26 = nbin: number of scans per bin
# name 27 = flag: flag
# span 0 =      14163,      48742       
# span 1 =    590.093,   2030.859       
# span 2 =      0.994,    127.127       
# span 3 =      1.000,    128.000       
# span 4 =    18.3218,    29.3290       
# span 5 =    18.3235,    29.3305       
# span 6 =   4.796651,   5.918011       
# span 7 =   4.796917,   5.918299       
# span 8 =     2.0336,     3.2655       
# span 9 =     1.6867,     2.7709       
# span 10 =      10.74,     104.40      
# span 11 =   25.97862,   26.85237      
# span 12 =  -86.31878,  -83.50720      
# span 13 =   -0.05348,    0.03487      
# span 14 =   -0.04911,    0.03242      
# span 15 =     2.8950,     4.7958      
# span 16 =     2.8969,     4.7813      
# span 17 =    18.2993,    29.3273      
# span 18 =    18.3011,    29.3288      
# span 19 =    35.3362,    36.5441      
# span 20 =    35.3372,    36.5446      
# span 21 =    22.4996,    26.3388      
# span 22 =    22.5004,    26.3358      
# span 23 =       0.00,    1556.32      
# span 24 =    125.990,    209.195      
# span 25 =    126.074,    208.560      
# span 26 =         30,         72      
# span 27 = 0.0000e+00, 0.0000e+00      
# interval = decibars: 1                
# start_time = Oct 20 2021 03:44:28 [NMEA time, header]
# bad_flag = -9.990e-29
*END*
[from data line 208]
      46119   1921.566      8.941      9.000    28.8813    28.8830   5.829708   5.829992     3.1822     2.6875      74.86   26.46290  -85.06348    0.00079   -0.00065     4.4690     4.4374    28.8792    28.8809    35.9953    35.9960    22.9205    22.9205    1551.67    195.167    193.788         43 0.0000e+00
      45657   1902.322      7.948      8.000    28.5195    28.5200   5.756786   5.756963     3.1410     2.6539      66.60   26.13276  -84.00220   -0.00039   -0.00013     4.4102     4.3816    28.5176    28.5181    35.5463    35.5472    22.6350    22.6355    1532.31    192.598    191.352         36 0.0000e+00
      46522   1938.359      5.961      6.000    28.8903    28.8910   5.831849   5.832052     3.1822     2.6894     101.31   26.47507  -85.10253    0.00018   -0.00105     4.4671     4.4396    28.8889    28.8896    36.0122    36.0130    22.9325    22.9329    1552.38    195.085    193.881         38 0.0000e+00
      46032   1917.942      4.967      5.000    28.5170    28.5181   5.756445   5.756664     3.1412     2.6558     100.00   26.13276  -84.00220    0.00003   -0.00010     4.4092     4.3841    28.5158    28.5169    35.5467    35.5474    22.6359    22.6361    1532.31    192.554    191.462         36 0.0000e+00
      46162   1923.365      3.974      4.000    28.5178    28.5186   5.756483   5.756664     3.1415     2.6579     100.00   26.13276  -84.00220    0.00030    0.00065     4.4092     4.3877    28.5168    28.5176    35.5466    35.5473    22.6355    22.6358    1532.31    192.555    191.615         32 0.0000e+00
      46701   1945.825      2.980      3.000    28.5203    28.5218   5.756683   5.756953     3.1425     2.6569      89.60   26.13277  -84.00217    0.00009    0.00002     4.4102     4.3850    28.5196    28.5211    35.5464    35.5472    22.6345    22.6346    1532.31    192.600    191.500         43 0.0000e+00
      48570   2023.721      1.987      2.000    28.5302    28.5298   5.757693   5.757787     3.1422     2.6548      67.72   26.13282  -84.00216    0.00081   -0.00035     4.4084     4.3796    28.5297    28.5294    35.5464    35.5473    22.6311    22.6318    1532.31    192.524    191.263         41 0.0000e+00
      48742   2030.859      0.994      1.000    28.5308    28.5301   5.757702   5.757815     3.1421     2.6517      85.80   26.13282  -84.00216    0.00037   -0.00214     4.4077     4.3729    28.5306    28.5298    35.5463    35.5472    22.6307    22.6316    1532.31    192.492    190.970         43 0.0000e+00
