Gulf of Mexico/GOMECC-4/1db/rb2103_1361.ros
* Sea-Bird SBE 9 Data File:
* FileName = C:\Users\scs.user.rb\CTD\GOMECC4\data\rb2103_1361.hex
* Software Version Seasave V 7.26.7.107
* Temperature SN = 4799
* Conductivity SN = 3860
* Number of Bytes Per Scan = 41
* Number of Voltage Words = 4
* Number of Scans Averaged by the Deck Unit = 1
* NMEA Latitude = 26 07.92 N
* NMEA Longitude = 084 00.17 W
* NMEA UTC (Time) = Oct 20 2021  03:44:28
* NMEA baud rate = 4800
# nquan = 17
# nvalues = 1330                                  
# units = specified
# name 0 = scan: Scan Count
# name 1 = timeS: Time, Elapsed [seconds]
# name 2 = depSM: Depth [salt water, m]
# name 3 = prDM: Pressure, Digiquartz [db]
# name 4 = t090C: Temperature [ITS-90, deg C]
# name 5 = t190C: Temperature, 2 [ITS-90, deg C]
# name 6 = c0S/m: Conductivity [S/m]
# name 7 = c1S/m: Conductivity, 2 [S/m]
# name 8 = sbeox0V: Oxygen raw, SBE 43 [V]
# name 9 = sbeox1V: Oxygen raw, SBE 43, 2 [V]
# name 10 = altM: Altimeter [m]
# name 11 = latitude: Latitude [deg]
# name 12 = longitude: Longitude [deg]
# name 13 = sbox0dV/dT: Oxygen, SBE 43 [dov/dt]
# name 14 = sbox1dV/dT: Oxygen, SBE 43, 2 [dov/dt]
# name 15 = nbf: Bottles Fired
# name 16 = flag:  0.000e+00
# interval = seconds: 0.0416667
# start_time = Oct 20 2021 03:44:28 [NMEA time, header]
# bad_flag = -9.990e-29
*END*
[from data line 426]
      33079   1378.250     59.604     60.004    23.0255    23.0282   5.275412   5.275202     3.0012     2.5543      77.26   26.13230  -84.00240    0.00017    0.00056          4  0.000e+00
      33080   1378.292     59.591     59.990    23.0262    23.0262   5.275389   5.274995     3.0012     2.5543      77.26   26.13230  -84.00240    0.00017    0.00057          4  0.000e+00
      33081   1378.333     59.591     59.990    23.0269    23.0238   5.275321   5.274887     3.0012     2.5543      77.26   26.13230  -84.00240    0.00018    0.00058          4  0.000e+00
      33082   1378.375     59.536     59.935    23.0271    23.0225   5.275283   5.274849     3.0012     2.5543      77.24   26.13230  -84.00240    0.00016    0.00059          4  0.000e+00
      33083   1378.417     59.550     59.949    23.0273    23.0217   5.275412   5.274864     3.0012     2.5543      77.22   26.13230  -84.00240    0.00017    0.00059          4  0.000e+00
      33084   1378.458     59.591     59.990    23.0282    23.0212   5.275571   5.274788     3.0012     2.5543      77.22   26.13230  -84.00240    0.00015    0.00060          4  0.000e+00
      33085   1378.500     59.591     59.990    23.0292    23.0209   5.275791   5.274780     3.0012     2.5543      77.24   26.13230  -84.00240    0.00016    0.00061          4  0.000e+00
      33086   1378.542     59.536     59.935    23.0298    23.0205   5.275806   5.274765     3.0012     2.5543      77.22   26.13230  -84.00240    0.00016    0.00063          4  0.000e+00
      33087   1378.583     59.591     59.990    23.0301    23.0207   5.275639   5.274841     3.0012     2.5543      77.22   26.13230  -84.00240    0.00016    0.00064          4  0.000e+00
      33088   1378.625     59.550     59.949    23.0292    23.0213   5.275487   5.274949     3.0012     2.5543      77.22   26.13230  -84.00240    0.00017    0.00064          4  0.000e+00
      33089   1378.667     59.591     59.990    23.0273    23.0221   5.275245   5.275095     3.0012     2.5543      77.22   26.13230  -84.00240    0.00017    0.00065          4  0.000e+00
      33090   1378.708     59.536     59.935    23.0258    23.0230   5.275184   5.275210     3.0012     2.5543      77.22   26.13230  -84.00240    0.00015    0.00065          4  0.000e+00
      33091   1378.750     59.591     59.990    23.0271    23.0244   5.275275   5.275341     3.0000     2.5543      77.22   26.13230  -84.00240    0.00014    0.00066          4  0.000e+00
      33092   1378.792     59.550     59.949    23.0294    23.0250   5.275487   5.275295     3.0012     2.5543      77.22   26.13232  -84.00240    0.00014    0.00066          4  0.000e+00
      33093   1378.833     59.537     59.935    23.0304    23.0242   5.275737   5.275218     3.0000     2.5543      77.22   26.13232  -84.00240    0.00013    0.00067          4  0.000e+00
      33094   1378.875     59.536     59.935    23.0323    23.0234   5.275957   5.275118     3.0000     2.5543      77.24   26.13232  -84.00240    0.00012    0.00067          4  0.000e+00
      33095   1378.917     59.591     59.990    23.0340    23.0226   5.276154   5.275041     3.0000     2.5543      77.24   26.13232  -84.00240    0.00010    0.00067          4  0.000e+00
      33096   1378.958     59.550     59.949    23.0351    23.0223   5.276291   5.274980     3.0000     2.5531      77.22   26.13232  -84.00240    0.00009    0.00064          4  0.000e+00
      33097   1379.000     59.537     59.935    23.0357    23.0212   5.276389   5.274872     3.0000     2.5531      77.24   26.13232  -84.00240    0.00006    0.00063          4  0.000e+00
      33098   1379.042     59.537     59.935    23.0369    23.0201   5.276450   5.274834     3.0000     2.5531      77.22   26.13232  -84.00240    0.00005    0.00059          4  0.000e+00
      33099   1379.083     59.591     59.990    23.0377    23.0183   5.276518   5.274841     3.0000     2.5531      77.22   26.13232  -84.00240    0.00004    0.00056          4  0.000e+00
      33100   1379.125     59.550     59.949    23.0380    23.0188   5.276548   5.274834     2.9988     2.5519      77.22   26.13232  -84.00240    0.00001    0.00051          4  0.000e+00
      33101   1379.167     59.537     59.935    23.0384    23.0205   5.276541   5.274972     3.0000     2.5531      77.24   26.13232  -84.00240   -0.00002    0.00048          4  0.000e+00
      33102   1379.208     59.489     59.888    23.0386    23.0210   5.276548   5.275087     3.0000     2.5519      77.22   26.13232  -84.00240   -0.00005    0.00043          4  0.000e+00
      33103   1379.250     59.591     59.990    23.0390    23.0240   5.276586   5.275195     3.0000     2.5519      77.22   26.13232  -84.00240   -0.00006    0.00038          4  0.000e+00
      33104   1379.292     59.537     59.935    23.0389    23.0246   5.276586   5.275302     3.0000     2.5519      77.22   26.13232  -84.00240   -0.00007    0.00033          4  0.000e+00
      33105   1379.333     59.503     59.901    23.0393    23.0242   5.276594   5.275310     3.0000     2.5519      77.24   26.13232  -84.00240   -0.00010    0.00027          4  0.000e+00
      33106   1379.375     59.537     59.935    23.0393    23.0246   5.276624   5.275425     3.0000     2.5519      77.24   26.13232  -84.00240   -0.00013    0.00022          4  0.000e+00
      33107   1379.417     59.537     59.935    23.0394    23.0279   5.276632   5.275778     3.0012     2.5519      77.26   26.13232  -84.00240   -0.00012    0.00017          4  0.000e+00
      33108   1379.458     59.537     59.935    23.0397    23.0322   5.276632   5.276024     3.0000     2.5519      77.26   26.13232  -84.00240   -0.00015    0.00012          4  0.000e+00
      33109   1379.500     59.503     59.901    23.0397    23.0336   5.276662   5.276193     3.0000     2.5531      77.26   26.13232  -84.00240   -0.00016    0.00009          4  0.000e+00
      33110   1379.542     59.537     59.935    23.0394    23.0345   5.276617   5.276278     3.0000     2.5519      77.26   26.13232  -84.00240   -0.00017    0.00004          4  0.000e+00
      33111   1379.583     59.489     59.888    23.0398    23.0348   5.276692   5.276293     3.0000     2.5519      77.26   26.13232  -84.00240   -0.00020   -0.00002          4  0.000e+00
      33112   1379.625     59.537     59.935    23.0400    23.0360   5.276715   5.276316     3.0000     2.5519      77.26   26.13232  -84.00240   -0.00021   -0.00005          4  0.000e+00
      33113   1379.667     59.503     59.901    23.0401    23.0357   5.276723   5.276301     3.0000     2.5531      77.26   26.13232  -84.00240   -0.00022   -0.00008          4  0.000e+00
      33114   1379.708     59.489     59.888    23.0398    23.0352   5.276753   5.276347     3.0000     2.5531      77.26   26.13232  -84.00240   -0.00023   -0.00012          4  0.000e+00
      33115   1379.750     59.489     59.888    23.0398    23.0348   5.276738   5.276347     3.0012     2.5519      77.26   26.13232  -84.00240   -0.00023   -0.00015          4  0.000e+00
      33116   1379.792     59.537     59.935    23.0398    23.0349   5.276798   5.276301     3.0000     2.5519      77.26   26.13230  -84.00240   -0.00024   -0.00020          4  0.000e+00
      33117   1379.833     59.455     59.854    23.0400    23.0352   5.276806   5.276278     3.0012     2.5519      77.26   26.13230  -84.00240   -0.00024   -0.00024          4  0.000e+00
      33118   1379.875     59.537     59.935    23.0402    23.0354   5.276783   5.276285     3.0012     2.5519      77.26   26.13230  -84.00240   -0.00024   -0.00027          4  0.000e+00
      33119   1379.917     59.442     59.840    23.0407    23.0354   5.276836   5.276316     3.0000     2.5519      77.26   26.13230  -84.00240   -0.00027   -0.00030          4  0.000e+00
      33120   1379.958     59.489     59.888    23.0408    23.0351   5.276882   5.276262     3.0012     2.5519      77.26   26.13230  -84.00240   -0.00028   -0.00033          4  0.000e+00
      33121   1380.000     59.489     59.888    23.0413    23.0354   5.276798   5.276339     3.0012     2.5519      77.26   26.13230  -84.00240   -0.00029   -0.00037          4  0.000e+00
      33122   1380.042     59.503     59.901    23.0415    23.0359   5.276859   5.276378     3.0012     2.5519      77.26   26.13230  -84.00240   -0.00030   -0.00040          4  0.000e+00
      33123   1380.083     59.489     59.888    23.0410    23.0360   5.276867   5.276385     3.0000     2.5507      77.26   26.13230  -84.00240   -0.00033   -0.00045          4  0.000e+00
      33124   1380.125     59.442     59.840    23.0411    23.0365   5.276829   5.276431     3.0000     2.5519      77.26   26.13230  -84.00240   -0.00036   -0.00048          4  0.000e+00
      33125   1380.167     59.489     59.888    23.0411    23.0367   5.276776   5.276500     3.0012     2.5519      77.26   26.13230  -84.00240   -0.00035   -0.00051          4  0.000e+00
      33126   1380.208     59.455     59.854    23.0408    23.0372   5.276806   5.276500     3.0000     2.5519      77.26   26.13230  -84.00240   -0.00036   -0.00054          4  0.000e+00
      33127   1380.250     59.442     59.840    23.0409    23.0374   5.276844   5.276477     3.0000     2.5507      77.24   26.13230  -84.00240   -0.00039   -0.00059          4  0.000e+00
      33128   1380.292     59.489     59.888    23.0411    23.0373   5.276829   5.276523     3.0000     2.5519      77.24   26.13230  -84.00240   -0.00041   -0.00061          4  0.000e+00
      33129   1380.333     59.442     59.840    23.0415    23.0372   5.276882   5.276523     3.0000     2.5519      77.26   26.13230  -84.00240   -0.00042   -0.00064          4  0.000e+00
      33130   1380.375     59.455     59.854    23.0415    23.0375   5.276889   5.276608     3.0000     2.5507      77.31   26.13230  -84.00240   -0.00043   -0.00067          4  0.000e+00
      33131   1380.417     59.489     59.888    23.0416    23.0383   5.276897   5.276631     2.9988     2.5519      77.34   26.13230  -84.00240   -0.00046   -0.00070          4  0.000e+00
      33132   1380.458     59.442     59.840    23.0413    23.0388   5.276867   5.276669     3.0000     2.5507      77.34   26.13230  -84.00240   -0.00047   -0.00074          4  0.000e+00
      33133   1380.500     59.442     59.840    23.0414    23.0395   5.276814   5.276777     2.9988     2.5519      77.34   26.13230  -84.00240   -0.00049   -0.00077          4  0.000e+00
      33134   1380.542     59.401     59.799    23.0413    23.0400   5.276844   5.276846     3.0000     2.5519      77.34   26.13230  -84.00240   -0.00050   -0.00079          4  0.000e+00
      33135   1380.583     59.442     59.840    23.0411    23.0403   5.276882   5.276892     3.0000     2.5507      77.34   26.13230  -84.00240   -0.00051   -0.00084          4  0.000e+00
      33136   1380.625     59.442     59.840    23.0412    23.0407   5.276867   5.276892     3.0000     2.5519      77.34   26.13230  -84.00240   -0.00051   -0.00084          4  0.000e+00
      33137   1380.667     59.442     59.840    23.0415    23.0413   5.276859   5.276938     2.9988     2.5519      77.34   26.13230  -84.00240   -0.00054   -0.00087          4  0.000e+00
      33138   1380.708     59.442     59.840    23.0415    23.0418   5.276814   5.276908     2.9988     2.5519      77.34   26.13230  -84.00240   -0.00056   -0.00089          4  0.000e+00
      33139   1380.750     59.455     59.854    23.0415    23.0417   5.276844   5.276961     3.0000     2.5519      77.34   26.13230  -84.00240   -0.00056   -0.00090          4  0.000e+00
      33140   1380.792     59.442     59.840    23.0416    23.0418   5.276859   5.277015     3.0000     2.5531      77.34   26.13232  -84.00240   -0.00055   -0.00089          4  0.000e+00
      33141   1380.833     59.388     59.786    23.0415    23.0422   5.276814   5.277000     2.9988     2.5519      77.34   26.13232  -84.00240   -0.00055   -0.00089          4  0.000e+00
      33142   1380.875     59.442     59.840    23.0411    23.0424   5.276844   5.277023     3.0000     2.5519      77.34   26.13232  -84.00240   -0.00054   -0.00089          4  0.000e+00
      33143   1380.917     59.401     59.799    23.0412    23.0426   5.276882   5.277030     3.0000     2.5519      77.34   26.13232  -84.00240   -0.00052   -0.00090          4  0.000e+00
      33144   1380.958     59.442     59.840    23.0409    23.0426   5.276897   5.277030     3.0000     2.5531      77.34   26.13232  -84.00240   -0.00052   -0.00088          4  0.000e+00
      33145   1381.000     59.442     59.840    23.0407    23.0424   5.276905   5.277061     2.9988     2.5531      77.34   26.13232  -84.00240   -0.00054   -0.00087          4  0.000e+00
      33146   1381.042     59.442     59.840    23.0412    23.0424   5.276927   5.277007     2.9988     2.5531      77.34   26.13232  -84.00240   -0.00054   -0.00085          4  0.000e+00
      33147   1381.083     59.401     59.799    23.0413    23.0420   5.276912   5.276992     2.9988     2.5531      77.34   26.13232  -84.00240   -0.00054   -0.00083          4  0.000e+00
      33148   1381.125     59.442     59.840    23.0415    23.0416   5.276935   5.276984     2.9988     2.5531      77.34   26.13232  -84.00240   -0.00054   -0.00082          4  0.000e+00
      33149   1381.167     59.442     59.840    23.0415    23.0417   5.276905   5.276961     3.0000     2.5531      77.34   26.13232  -84.00240   -0.00052   -0.00080          4  0.000e+00
      33150   1381.208     59.388     59.786    23.0416    23.0416   5.276935   5.276977     2.9988     2.5531      77.31   26.13232  -84.00240   -0.00051   -0.00078          4  0.000e+00
      33151   1381.250     59.388     59.786    23.0418    23.0419   5.276905   5.276984     2.9988     2.5531      77.34   26.13232  -84.00240   -0.00051   -0.00077          4  0.000e+00
      33152   1381.292     59.455     59.854    23.0421    23.0418   5.277003   5.276992     2.9988     2.5531      77.34   26.13232  -84.00240   -0.00052   -0.00075          4  0.000e+00
      33153   1381.333     59.442     59.840    23.0422    23.0420   5.276935   5.277015     3.0000     2.5531      77.34   26.13232  -84.00240   -0.00051   -0.00073          4  0.000e+00
      33154   1381.375     59.442     59.840    23.0422    23.0422   5.276958   5.277069     3.0000     2.5531      77.39   26.13232  -84.00240   -0.00051   -0.00071          4  0.000e+00
      33155   1381.417     59.388     59.786    23.0422    23.0424   5.276958   5.277069     3.0000     2.5531      77.39   26.13232  -84.00240   -0.00050   -0.00069          4  0.000e+00
      33156   1381.458     59.456     59.854    23.0419    23.0422   5.276973   5.276977     2.9988     2.5531      77.39   26.13232  -84.00240   -0.00051   -0.00068          4  0.000e+00
      33157   1381.500     59.442     59.840    23.0422    23.0419   5.276958   5.276769     2.9988     2.5531      77.39   26.13232  -84.00240   -0.00052   -0.00066          4  0.000e+00
      33158   1381.542     59.388     59.786    23.0422    23.0393   5.276912   5.276531     3.0000     2.5531      77.41   26.13232  -84.00240   -0.00051   -0.00064          4  0.000e+00
      33159   1381.583     59.442     59.840    23.0421    23.0360   5.276927   5.276331     3.0000     2.5531      77.39   26.13232  -84.00240   -0.00050   -0.00062          4  0.000e+00
      33160   1381.625     59.401     59.799    23.0423    23.0359   5.276980   5.276316     3.0000     2.5531      77.39   26.13232  -84.00240   -0.00049   -0.00059          4  0.000e+00
      33161   1381.667     59.442     59.840    23.0430    23.0354   5.277056   5.276301     3.0000     2.5531      77.39   26.13232  -84.00240   -0.00048   -0.00057          4  0.000e+00
      33162   1381.708     59.442     59.840    23.0431    23.0354   5.277071   5.276316     2.9988     2.5531      77.39   26.13232  -84.00240   -0.00049   -0.00055          4  0.000e+00
