Gulf of Mexico/GOMECC-4/1db/rb2103_0511.ros
* Sea-Bird SBE 9 Data File:
* FileName = C:\Users\scs.user.rb\CTD\GOMECC4\data\rb2103_0511.hex
* Software Version Seasave V 7.26.7.107
* Temperature SN = 4799
* Conductivity SN = 3860
* Number of Bytes Per Scan = 41
* Number of Voltage Words = 4
* Number of Scans Averaged by the Deck Unit = 1
* NMEA Latitude = 27 41.47 N
* NMEA Longitude = 094 13.19 W
* NMEA UTC (Time) = Sep 27 2021  19:13:13
* NMEA baud rate = 4800
# nquan = 17
# nvalues = 1729                                  
# units = specified
# name 0 = scan: Scan Count
# name 1 = timeS: Time, Elapsed [seconds]
# name 2 = depSM: Depth [salt water, m]
# name 3 = prDM: Pressure, Digiquartz [db]
# name 4 = t090C: Temperature [ITS-90, deg C]
# name 5 = t190C: Temperature, 2 [ITS-90, deg C]
# name 6 = c0S/m: Conductivity [S/m]
# name 7 = c1S/m: Conductivity, 2 [S/m]
# name 8 = sbeox0V: Oxygen raw, SBE 43 [V]
# name 9 = sbeox1V: Oxygen raw, SBE 43, 2 [V]
# name 10 = altM: Altimeter [m]
# name 11 = latitude: Latitude [deg]
# name 12 = longitude: Longitude [deg]
# name 13 = sbox0dV/dT: Oxygen, SBE 43 [dov/dt]
# name 14 = sbox1dV/dT: Oxygen, SBE 43, 2 [dov/dt]
# name 15 = nbf: Bottles Fired
# name 16 = flag:  0.000e+00
# interval = seconds: 0.0416667
# start_time = Sep 27 2021 19:13:13 [NMEA time, header]
# bad_flag = -9.990e-29
*END*
[from data line 511]
      32522   1355.042    173.901    175.135    16.4039    16.4043   4.571304   4.571359     1.8242     1.5055     100.00   27.69158  -94.22006   -0.00001   -0.00007          4  0.000e+00
      32523   1355.083    173.954    175.189    16.4039    16.4040   4.571318   4.571345     1.8242     1.5055     100.00   27.69158  -94.22006 8.7921e-07   -0.00006          4  0.000e+00
      32524   1355.125    173.954    175.189    16.4043    16.4038   4.571318   4.571367     1.8242     1.5055     100.00   27.69158  -94.22006    0.00001   -0.00006          4  0.000e+00
      32525   1355.167    173.954    175.189    16.4039    16.4038   4.571347   4.571352     1.8242     1.5055     100.00   27.69158  -94.22006    0.00002   -0.00007          4  0.000e+00
      32526   1355.208    173.954    175.189    16.4039    16.4036   4.571325   4.571345     1.8242     1.5043     100.00   27.69158  -94.22006    0.00001   -0.00010          4  0.000e+00
      32527   1355.250    173.901    175.135    16.4039    16.4035   4.571318   4.571345     1.8242     1.5055     100.00   27.69158  -94.22006   -0.00000   -0.00012          4  0.000e+00
      32528   1355.292    173.954    175.189    16.4041    16.4035   4.571346   4.571280     1.8242     1.5055     100.00   27.69158  -94.22006   -0.00001   -0.00013          4  0.000e+00
      32529   1355.333    173.954    175.189    16.4041    16.4036   4.571325   4.571323     1.8230     1.5055     100.00   27.69158  -94.22006   -0.00002   -0.00013          4  0.000e+00
      32530   1355.375    173.901    175.135    16.4039    16.4035   4.571318   4.571309     1.8230     1.5043     100.00   27.69158  -94.22006   -0.00003   -0.00014          4  0.000e+00
      32531   1355.417    173.931    175.166    16.4039    16.4036   4.571318   4.571330     1.8242     1.5055     100.00   27.69158  -94.22006   -0.00003   -0.00014          4  0.000e+00
      32532   1355.458    173.954    175.189    16.4043    16.4035   4.571318   4.571367     1.8230     1.5055     100.00   27.69158  -94.22006   -0.00005   -0.00014          4  0.000e+00
      32533   1355.500    173.901    175.135    16.4041    16.4038   4.571254   4.571352     1.8242     1.5055     100.00   27.69158  -94.22006   -0.00005   -0.00013          4  0.000e+00
      32534   1355.542    173.954    175.189    16.4041    16.4036   4.571297   4.571280     1.8230     1.5055     100.00   27.69158  -94.22006   -0.00006   -0.00013          4  0.000e+00
      32535   1355.583    173.901    175.135    16.4036    16.4036   4.571318   4.571323     1.8242     1.5055     100.00   27.69158  -94.22006   -0.00005   -0.00013          4  0.000e+00
      32536   1355.625    173.954    175.189    16.4039    16.4036   4.571318   4.571345     1.8242     1.5055     100.00   27.69158  -94.22006   -0.00004   -0.00014          4  0.000e+00
      32537   1355.667    173.901    175.135    16.4041    16.4036   4.571289   4.571280     1.8242     1.5055     100.00   27.69158  -94.22006   -0.00003   -0.00014          4  0.000e+00
      32538   1355.708    173.901    175.135    16.4039    16.4036   4.571304   4.571265     1.8242     1.5043     100.00   27.69158  -94.22006   -0.00002   -0.00015          4  0.000e+00
      32539   1355.750    173.954    175.189    16.4039    16.4036   4.571339   4.571287     1.8230     1.5055     100.00   27.69158  -94.22006   -0.00005   -0.00015          4  0.000e+00
      32540   1355.792    173.901    175.135    16.4041    16.4036   4.571354   4.571359     1.8242     1.5055     100.00   27.69158  -94.22006   -0.00006   -0.00014          4  0.000e+00
      32541   1355.833    173.901    175.135    16.4041    16.4036   4.571325   4.571352     1.8242     1.5055     100.00   27.69158  -94.22006   -0.00007   -0.00014          4  0.000e+00
      32542   1355.875    173.901    175.135    16.4041    16.4036   4.571318   4.571309     1.8242     1.5055     100.00   27.69158  -94.22006   -0.00008   -0.00014          4  0.000e+00
      35332   1472.125    134.329    135.269    18.6021    18.6031   4.826344   4.826401     1.8694     1.5446     100.00   27.69158  -94.22004   -0.00021   -0.00043          5  0.000e+00
      35333   1472.167    134.389    135.330    18.6016    18.6026   4.826359   4.826379     1.8694     1.5433     100.00   27.69158  -94.22004   -0.00024   -0.00045          5  0.000e+00
      35334   1472.208    134.503    135.444    18.6021    18.6021   4.826366   4.826342     1.8694     1.5446     100.00   27.69158  -94.22004   -0.00025   -0.00045          5  0.000e+00
      35335   1472.250    134.442    135.383    18.6028    18.6017   4.826374   4.826334     1.8694     1.5433     100.00   27.69158  -94.22004   -0.00028   -0.00046          5  0.000e+00
      35336   1472.292    134.503    135.444    18.6040    18.6013   4.826432   4.826268     1.8694     1.5433     100.00   27.69158  -94.22004   -0.00030   -0.00048          5  0.000e+00
      35337   1472.333    134.442    135.383    18.6032    18.6015   4.826418   4.826312     1.8694     1.5446     100.00   27.69158  -94.22004   -0.00033   -0.00048          5  0.000e+00
      35338   1472.375    134.503    135.444    18.6027    18.6016   4.826410   4.826334     1.8706     1.5446     100.00   27.69158  -94.22004   -0.00032   -0.00048          5  0.000e+00
      35339   1472.417    134.442    135.383    18.6032    18.6022   4.826418   4.826297     1.8694     1.5433     100.00   27.69158  -94.22004   -0.00033   -0.00049          5  0.000e+00
      35340   1472.458    134.442    135.383    18.6030    18.6027   4.826439   4.826379     1.8694     1.5446     100.00   27.69158  -94.22004   -0.00036   -0.00049          5  0.000e+00
      35341   1472.500    134.503    135.444    18.6033    18.6031   4.826454   4.826438     1.8694     1.5446     100.00   27.69158  -94.22004   -0.00039   -0.00049          5  0.000e+00
      35342   1472.542    134.442    135.383    18.6035    18.6034   4.826447   4.826453     1.8694     1.5446     100.00   27.69158  -94.22004   -0.00041   -0.00048          5  0.000e+00
      35343   1472.583    134.450    135.391    18.6037    18.6033   4.826447   4.826512     1.8706     1.5446     100.00   27.69158  -94.22004   -0.00042   -0.00050          5  0.000e+00
      35344   1472.625    134.503    135.444    18.6037    18.6034   4.826483   4.826534     1.8694     1.5446     100.00   27.69158  -94.22004   -0.00045   -0.00049          5  0.000e+00
      35345   1472.667    134.442    135.383    18.6033    18.6040   4.826527   4.826534     1.8694     1.5433     100.00   27.69158  -94.22004   -0.00045   -0.00051          5  0.000e+00
      35346   1472.708    134.503    135.444    18.6036    18.6040   4.826527   4.826534     1.8694     1.5446     100.00   27.69158  -94.22004   -0.00048   -0.00052          5  0.000e+00
      35347   1472.750    134.450    135.391    18.6035    18.6040   4.826505   4.826534     1.8694     1.5446     100.00   27.69158  -94.22004   -0.00050   -0.00053          5  0.000e+00
      35348   1472.792    134.389    135.330    18.6035    18.6042   4.826461   4.826564     1.8694     1.5446     100.00   27.69158  -94.22004   -0.00051   -0.00053          5  0.000e+00
      35349   1472.833    134.503    135.444    18.6032    18.6048   4.826454   4.826601     1.8694     1.5446     100.00   27.69158  -94.22004   -0.00051   -0.00052          5  0.000e+00
      35350   1472.875    134.389    135.330    18.6026    18.6053   4.826447   4.826616     1.8694     1.5446     100.00   27.69158  -94.22004   -0.00054   -0.00052          5  0.000e+00
      35351   1472.917    134.442    135.383    18.6025    18.6053   4.826388   4.826616     1.8694     1.5446     100.00   27.69158  -94.22004   -0.00054   -0.00051          5  0.000e+00
      35352   1472.958    134.389    135.330    18.6026    18.6051   4.826403   4.826549     1.8694     1.5446     100.00   27.69158  -94.22004   -0.00056   -0.00051          5  0.000e+00
      35353   1473.000    134.442    135.383    18.6025    18.6040   4.826439   4.826445     1.8694     1.5446     100.00   27.69158  -94.22004   -0.00056   -0.00050          5  0.000e+00
      35354   1473.042    134.389    135.330    18.6031    18.6029   4.826476   4.826290     1.8706     1.5446     100.00   27.69158  -94.22004   -0.00057   -0.00049          5  0.000e+00
      35355   1473.083    134.389    135.330    18.6033    18.6013   4.826556   4.826186     1.8706     1.5446     100.00   27.69158  -94.22004   -0.00055   -0.00049          5  0.000e+00
      35356   1473.125    134.389    135.330    18.6040    18.6000   4.826607   4.826105     1.8694     1.5446     100.00   27.69158  -94.22004   -0.00054   -0.00048          5  0.000e+00
      35357   1473.167    134.389    135.330    18.6051    18.5978   4.826710   4.826053     1.8694     1.5446     100.00   27.69158  -94.22004   -0.00056   -0.00047          5  0.000e+00
      35358   1473.208    134.389    135.330    18.6059    18.5978   4.826739   4.826016     1.8694     1.5446     100.00   27.69158  -94.22004   -0.00057   -0.00046          5  0.000e+00
      35359   1473.250    134.329    135.269    18.6063    18.5984   4.826761   4.826031     1.8694     1.5433     100.00   27.69158  -94.22004   -0.00059   -0.00047          5  0.000e+00
      35360   1473.292    134.329    135.269    18.6061    18.5987   4.826746   4.825957     1.8706     1.5446     100.00   27.69158  -94.22004   -0.00057   -0.00046          5  0.000e+00
      35361   1473.333    134.389    135.330    18.6061    18.5970   4.826768   4.825705     1.8694     1.5446     100.00   27.69158  -94.22004   -0.00057   -0.00045          5  0.000e+00
      35362   1473.375    134.276    135.216    18.6066    18.5914   4.826783   4.825269     1.8706     1.5446     100.00   27.69158  -94.22004   -0.00056   -0.00044          5  0.000e+00
      35363   1473.417    134.329    135.269    18.6072    18.5874   4.826870   4.824936     1.8706     1.5446     100.00   27.69158  -94.22004   -0.00055   -0.00043          5  0.000e+00
      35364   1473.458    134.276    135.216    18.6080    18.5865   4.826870   4.824832     1.8706     1.5446     100.00   27.69158  -94.22004   -0.00055   -0.00042          5  0.000e+00
      35365   1473.500    134.329    135.269    18.6080    18.5877   4.826892   4.824914     1.8706     1.5446     100.00   27.69158  -94.22004   -0.00053   -0.00041          5  0.000e+00
      35366   1473.542    134.276    135.216    18.6084    18.5895   4.826870   4.825010     1.8706     1.5446     100.00   27.69158  -94.22004   -0.00053   -0.00040          5  0.000e+00
      35367   1473.583    134.215    135.155    18.6082    18.5900   4.826892   4.825032     1.8706     1.5446     100.00   27.69158  -94.22004   -0.00051   -0.00039          5  0.000e+00
      35368   1473.625    134.329    135.269    18.6084    18.5900   4.826929   4.825091     1.8694     1.5446     100.00   27.69158  -94.22004   -0.00053   -0.00037          5  0.000e+00
      35369   1473.667    134.215    135.155    18.6084    18.5914   4.826972   4.825173     1.8694     1.5433     100.00   27.69158  -94.22004   -0.00054   -0.00038          5  0.000e+00
      35370   1473.708    134.223    135.163    18.6090    18.5926   4.827075   4.825195     1.8706     1.5446     100.00   27.69158  -94.22004   -0.00054   -0.00037          5  0.000e+00
      35371   1473.750    134.276    135.216    18.6111    18.5921   4.827199   4.825195     1.8706     1.5446     100.00   27.69158  -94.22004   -0.00052   -0.00035          5  0.000e+00
      35372   1473.792    134.215    135.155    18.6110    18.5918   4.827096   4.825165     1.8694     1.5446     100.00   27.69158  -94.22004   -0.00052   -0.00034          5  0.000e+00
      35373   1473.833    134.215    135.155    18.6084    18.5923   4.826943   4.825210     1.8706     1.5446     100.00   27.69158  -94.22004   -0.00050   -0.00032          5  0.000e+00
      35374   1473.875    134.162    135.102    18.6075    18.5931   4.826812   4.825261     1.8706     1.5446     100.00   27.69158  -94.22004   -0.00049   -0.00031          5  0.000e+00
      35375   1473.917    134.162    135.102    18.6084    18.5930   4.826899   4.825335     1.8706     1.5446     100.00   27.69158  -94.22004   -0.00047   -0.00030          5  0.000e+00
      35376   1473.958    134.215    135.155    18.6102    18.5925   4.827067   4.825417     1.8706     1.5446     100.00   27.69158  -94.22004   -0.00047   -0.00028          5  0.000e+00
      35377   1474.000    134.162    135.102    18.6125    18.5935   4.827221   4.825617     1.8706     1.5446     100.00   27.69158  -94.22004   -0.00045   -0.00026          5  0.000e+00
      35378   1474.042    134.162    135.102    18.6123    18.5991   4.827206   4.825949     1.8706     1.5446     100.00   27.69158  -94.22004   -0.00042   -0.00025          5  0.000e+00
      35379   1474.083    134.109    135.048    18.6115    18.6087   4.827155   4.826571     1.8706     1.5446     100.00   27.69158  -94.22004   -0.00042   -0.00023          5  0.000e+00
      35380   1474.125    134.162    135.102    18.6106    18.6146   4.827118   4.827045     1.8706     1.5446     100.00   27.69158  -94.22004   -0.00041   -0.00022          5  0.000e+00
      35381   1474.167    134.110    135.048    18.6115    18.6165   4.827133   4.827237     1.8706     1.5446     100.00   27.69158  -94.22004   -0.00041   -0.00020          5  0.000e+00
      35382   1474.208    134.110    135.048    18.6115    18.6167   4.827082   4.827355     1.8706     1.5446     100.00   27.69158  -94.22004   -0.00039   -0.00018          5  0.000e+00
      35383   1474.250    134.110    135.048    18.6093    18.6176   4.826943   4.827415     1.8706     1.5446     100.00   27.69158  -94.22004   -0.00036   -0.00016          5  0.000e+00
      35384   1474.292    134.110    135.048    18.6058    18.6174   4.826688   4.827429     1.8706     1.5458     100.00   27.69158  -94.22004   -0.00034   -0.00013          5  0.000e+00
      35385   1474.333    134.057    134.995    18.6051    18.6163   4.826556   4.827429     1.8706     1.5446     100.00   27.69158  -94.22004   -0.00033   -0.00011          5  0.000e+00
      35386   1474.375    134.110    135.048    18.6046    18.6148   4.826527   4.827341     1.8706     1.5446     100.00   27.69158  -94.22004   -0.00031   -0.00011          5  0.000e+00
      35387   1474.417    134.049    134.987    18.6038    18.6122   4.826505   4.827193     1.8718     1.5458     100.00   27.69158  -94.22004   -0.00027   -0.00007          5  0.000e+00
      35388   1474.458    134.049    134.987    18.6033    18.6109   4.826403   4.827148     1.8718     1.5458     100.00   27.69158  -94.22004   -0.00023   -0.00004          5  0.000e+00
      35389   1474.500    134.049    134.987    18.6035    18.6134   4.826279   4.827170     1.8706     1.5458     100.00   27.69158  -94.22004   -0.00020   -0.00000          5  0.000e+00
      35390   1474.542    134.057    134.995    18.6026    18.6134   4.826213   4.827244     1.8706     1.5446     100.00   27.69158  -94.22004   -0.00020    0.00002          5  0.000e+00
      35391   1474.583    134.049    134.987    18.6023    18.6161   4.826176   4.827237     1.8718     1.5458     100.00   27.69158  -94.22004   -0.00017    0.00005          5  0.000e+00
      35392   1474.625    133.996    134.934    18.6017    18.6163   4.826169   4.827133     1.8718     1.5458     100.00   27.69158  -94.22004   -0.00015    0.00007          5  0.000e+00
      35393   1474.667    134.049    134.988    18.6016    18.6116   4.826140   4.826889     1.8718     1.5458     100.00   27.69158  -94.22004   -0.00011    0.00011          5  0.000e+00
      35394   1474.708    133.996    134.934    18.6023    18.6037   4.826308   4.826453     1.8718     1.5446     100.00   27.69158  -94.22004   -0.00007    0.00013          5  0.000e+00
