Gulf of Mexico/GOMECC-4/1db/rb2103_0982.cnv
* Sea-Bird SBE 9 Data File:
* FileName = C:\Users\scs.user.rb\CTD\GOMECC4\data\rb2103_0982.hex
* Software Version Seasave V 7.26.7.107
* Temperature SN = 4799
* Conductivity SN = 3860
* Number of Bytes Per Scan = 41
* Number of Voltage Words = 4
* Number of Scans Averaged by the Deck Unit = 1
* NMEA Latitude = 23 11.00 N
* NMEA Longitude = 090 38.50 W
* NMEA UTC (Time) = Oct 11 2021  16:51:30
* NMEA baud rate = 4800
# nquan = 28
# nvalues = 610                         
# units = specified
# name 0 = scan: Scan Count
# name 1 = timeS: Time, Elapsed [seconds]
# name 2 = depSM: Depth [salt water, m]
# name 3 = prDM: Pressure, Digiquartz [db]
# name 4 = t090C: Temperature [ITS-90, deg C]
# name 5 = t190C: Temperature, 2 [ITS-90, deg C]
# name 6 = c0S/m: Conductivity [S/m]
# name 7 = c1S/m: Conductivity, 2 [S/m]
# name 8 = sbeox0V: Oxygen raw, SBE 43 [V]
# name 9 = sbeox1V: Oxygen raw, SBE 43, 2 [V]
# name 10 = altM: Altimeter [m]
# name 11 = latitude: Latitude [deg]
# name 12 = longitude: Longitude [deg]
# name 13 = sbox0dV/dT: Oxygen, SBE 43 [dov/dt]
# name 14 = sbox1dV/dT: Oxygen, SBE 43, 2 [dov/dt]
# name 15 = sbeox0ML/L: Oxygen, SBE 43 [ml/l], WS = 5
# name 16 = sbeox1ML/L: Oxygen, SBE 43, 2 [ml/l], WS = 5
# name 17 = potemp090C: Potential Temperature [ITS-90, deg C]
# name 18 = potemp190C: Potential Temperature, 2 [ITS-90, deg C]
# name 19 = sal00: Salinity, Practical [PSU]
# name 20 = sal11: Salinity, Practical, 2 [PSU]
# name 21 = sigma-é00: Density [sigma-theta, kg/m^3]
# name 22 = sigma-é11: Density, 2 [sigma-theta, kg/m^3]
# name 23 = avgsvCM: Average Sound Velocity [Chen-Millero, m/s], minP = 20, minS = 20
# name 24 = sbox0Mm/Kg: Oxygen, SBE 43 [umol/kg], WS = 5
# name 25 = sbox1Mm/Kg: Oxygen, SBE 43, 2 [umol/kg], WS = 5
# name 26 = nbin: number of scans per bin
# name 27 = flag: flag
# span 0 =      17788,     256846       
# span 1 =    741.125,  10701.884       
# span 2 =      0.994,   3286.047       
# span 3 =      1.000,   3333.000       
# span 4 =     4.3075,    30.0760       
# span 5 =     4.3086,    30.1791       
# span 6 =   3.351874,   6.023449       
# span 7 =   3.351800,   6.035765       
# span 8 =     1.5685,     3.3583       
# span 9 =     1.2698,     2.8570       
# span 10 =      11.24,     108.64      
# span 11 =   22.81852,   23.23191      
# span 12 =  -90.82911,  -89.21432      
# span 13 =   -0.03411,    0.04135      
# span 14 =   -0.03211,    0.03926      
# span 15 =     2.4178,     4.9271      
# span 16 =     2.4313,     4.9007      
# span 17 =     4.0799,    30.0757      
# span 18 =     4.0810,    30.1788      
# span 19 =    34.9092,    36.6815      
# span 20 =    34.9076,    36.6826      
# span 21 =    22.3763,    27.7574      
# span 22 =    22.2935,    27.7561      
# span 23 =       0.00,    1546.51      
# span 24 =    105.126,    214.952      
# span 25 =    105.718,    213.803      
# span 26 =         30,         78      
# span 27 = 0.0000e+00, 0.0000e+00      
# interval = decibars: 1                
# start_time = Oct 11 2021 16:51:30 [NMEA time, header]
# bad_flag = -9.990e-29
*END*
[from data line 518]
     232358   9681.531    127.153    128.000    19.1204    19.1336   4.890143   4.891847     1.9571     1.6201     100.05   23.19610  -90.68790    0.00650    0.00734     2.7106     2.7264    19.0973    19.1104    36.5215    36.5309    26.1605    26.1649    1504.09    117.972    118.658         33 0.0000e+00
     232323   9680.069    126.160    127.000    19.2112    19.0881   4.899034   4.884434     1.9707     1.6217     100.00   23.18420  -90.64136    0.00424    0.00073     2.7345     2.7326    19.1882    19.0652    36.5170    36.5027    26.1325    26.1534    1503.32    119.014    118.925         59 0.0000e+00
     232405   9683.513    125.167    126.000    19.1597    19.0883   4.893104   4.883736     1.9791     1.6248     100.00   23.18420  -90.64136    0.00361    0.00171     2.7558     2.7400    19.1372    19.0659    36.5127    36.4973    26.1425    26.1493    1503.32    119.939    119.248         73 0.0000e+00
     233839   9743.244    123.181    124.000    19.5148    19.5096   4.935090   4.934276     2.0114     1.6641     100.02   23.19486  -90.68320    0.00026    0.00017     2.8051     2.8103    19.4921    19.4869    36.5564    36.5567    26.0849    26.0867    1504.01    122.092    122.316         56 0.0000e+00
     233793   9741.316    122.188    123.000    19.5054    19.5088   4.932508   4.932726     2.0113     1.6637     100.00   23.18416  -90.64138    0.00047    0.00022     2.8051     2.8091    19.4829    19.4862    36.5401    36.5389    26.0735    26.0717    1503.32    122.092    122.267         61 0.0000e+00
     233848   9743.620    121.195    122.000    19.5549    19.5541   4.937853   4.938094     2.0125     1.6655     100.00   23.18416  -90.64138    0.00015    0.00048     2.8044     2.8105    19.5325    19.5317    36.5416    36.5444    26.0617    26.0640    1503.32    122.064    122.328         52 0.0000e+00
     233900   9745.805    120.201    121.000    19.6237    19.6239   4.945826   4.945658     2.0168     1.6695      95.47   23.18416  -90.64138    0.00152    0.00148     2.8096     2.8159    19.6014    19.6016    36.5482    36.5466    26.0486    26.0473    1503.32    122.290    122.566         49 0.0000e+00
     233942   9747.531    119.208    120.000    19.7159    19.7025   4.956425   4.955065     2.0213     1.6736      99.67   23.18416  -90.64138    0.00211    0.00191     2.8137     2.8211    19.6938    19.6804    36.5559    36.5563    26.0302    26.0340    1503.32    122.471    122.792         37 0.0000e+00
     233981   9749.172    118.215    119.000    19.7763    19.7848   4.964344   4.965233     2.0299     1.6824     100.00   23.18416  -90.64138    0.00346    0.00322     2.8283     2.8370    19.7543    19.7628    36.5692    36.5692    26.0244    26.0221    1503.32    123.110    123.487         41 0.0000e+00
     234020   9750.781    117.222    118.000    19.8211    19.8123   4.969605   4.968447     2.0382     1.6911      80.90   23.18416  -90.64138    0.00509    0.00529     2.8433     2.8558    19.7992    19.7904    36.5741    36.5721    26.0162    26.0171    1503.32    123.760    124.304         36 0.0000e+00
     234056   9752.276    116.229    117.000    19.9069    19.9023   4.979890   4.979240     2.0458     1.6969      91.38   23.18416  -90.64138    0.00511    0.00498     2.8542     2.8642    19.8851    19.8806    36.5847    36.5832    26.0016    26.0017    1503.32    124.239    124.672         36 0.0000e+00
     234089   9753.673    115.236    116.000    20.0415    20.0475   4.995858   4.996768     2.0561     1.7063      99.91   23.18416  -90.64138    0.00564    0.00480     2.8685     2.8787    20.0199    20.0259    36.5995    36.6018    25.9771    25.9772    1503.32    124.865    125.308         32 0.0000e+00
     234122   9755.036    114.243    115.000    20.1680    20.1794   5.011521   5.011852     2.0715     1.7239     100.00   23.18416  -90.64138    0.00782    0.00774     2.8933     2.9119    20.1464    20.1578    36.6188    36.6116    25.9581    25.9495    1503.32    125.944    126.757         32 0.0000e+00
     234153   9756.338    113.250    114.000    20.2672    20.2779   5.023237   5.024899     2.0892     1.7401      95.22   23.18416  -90.64138    0.01069    0.01107     2.9249     2.9437    20.2457    20.2564    36.6292    36.6335    25.9394    25.9399    1503.32    127.325    128.144         31 0.0000e+00
     234185   9757.666    112.257    113.000    20.3809    20.3860   5.037232   5.038124     2.1073     1.7569      67.59   23.18416  -90.64138    0.01292    0.01248     2.9565     2.9768    20.3596    20.3647    36.6456    36.6484    25.9213    25.9222    1503.32    128.701    129.585         34 0.0000e+00
     234220   9759.115    111.263    112.000    20.4803    20.4805   5.049327   5.049214     2.1270     1.7736     100.25   23.18416  -90.64138    0.01371    0.01239     2.9920     3.0101    20.4590    20.4593    36.6587    36.6576    25.9046    25.9036    1503.32    130.247    131.037         34 0.0000e+00
     234252   9760.465    110.270    111.000    20.5635    20.5635   5.059082   5.058589     2.1418     1.7855     100.00   23.18416  -90.64138    0.01300    0.01114     3.0179     3.0327    20.5424    20.5424    36.6666    36.6626    25.8881    25.8850    1503.32    131.380    132.022         30 0.0000e+00
     234281   9761.673    109.277    110.000    20.6226    20.6305   5.065948   5.066690     2.1539     1.7957     100.00   23.18416  -90.64138    0.01162    0.00955     3.0396     3.0522    20.6017    20.6095    36.6718    36.6711    25.8760    25.8733    1503.32    132.326    132.872         30 0.0000e+00
     234314   9763.038    108.284    109.000    20.6481    20.6462   5.068762   5.068659     2.1646     1.8053     100.00   23.18416  -90.64138    0.00956    0.00812     3.0602     3.0733    20.6273    20.6254    36.6731    36.6739    25.8700    25.8711    1503.32    133.224    133.790         35 0.0000e+00
     234349   9764.508    107.291    108.000    20.6600    20.6625   5.069909   5.070044     2.1708     1.8102     100.00   23.18416  -90.64138    0.00725    0.00623     3.0725     3.0835    20.6395    20.6419    36.6725    36.6715    25.8662    25.8648    1503.32    133.758    134.239         34 0.0000e+00
     234381   9765.830    106.298    107.000    20.6330    20.6271   5.063926   5.061568     2.1730     1.8105     100.00   23.18416  -90.64138    0.00474    0.00372     3.0793     3.0867    20.6166    20.6073    36.6439    36.6310    25.8506    25.8428    1503.32    134.056    134.379         31 0.0000e+00
     234411   9767.099    105.304    106.000    20.6015    20.6018   5.054122   5.053668     2.1691     1.8040     100.00   23.18416  -90.64138    0.00155   -0.00073     3.0721     3.0720    20.5814    20.5821    36.5952    36.5922    25.8230    25.8210    1503.32    133.745    133.741         30 0.0000e+00
     234443   9768.437    104.311    105.000    20.5860    20.5923   5.050456   5.051698     2.1612     1.7972     100.00   23.18416  -90.64138   -0.00242   -0.00367     3.0573     3.0576    20.5660    20.5723    36.5791    36.5838    25.8149    25.8168    1503.32    133.101    133.117         34 0.0000e+00
     234477   9769.847    103.318    104.000    20.5633    20.5629   5.045678   5.045599     2.1557     1.7927     100.00   23.18416  -90.64138   -0.00482   -0.00474     3.0468     3.0488    20.5435    20.5431    36.5601    36.5598    25.8065    25.8064    1503.32    132.647    132.736         34 0.0000e+00
     234511   9771.247    102.325    103.000    20.5386    20.5338   5.039055   5.037578     2.1519     1.7912     100.00   23.18416  -90.64138   -0.00408   -0.00302     3.0404     3.0472    20.5191    20.5149    36.5283    36.5204    25.7889    25.7843    1503.32    132.370    132.669         33 0.0000e+00
     234543   9772.579    101.332    102.000    20.5145    20.5115   5.032647   5.031567     2.1511     1.7910     100.00   23.18416  -90.64138   -0.00243   -0.00136     3.0404     3.0482    20.4951    20.4922    36.4966    36.4904    25.7712    25.7672    1503.32    132.372    132.712         31 0.0000e+00
     234575   9773.928    100.338    101.000    20.5093    20.5102   5.029533   5.029661     2.1509     1.7913     100.00   23.18416  -90.64138   -0.00114   -0.00042     3.0402     3.0489    20.4902    20.4911    36.4761    36.4763    25.7568    25.7568    1503.32    132.367    132.744         37 0.0000e+00
     234616   9775.645     99.345    100.000    20.5222    20.5371   5.031162   5.032192     2.1528     1.7935     100.00   23.18416  -90.64138    0.00027    0.00065     3.0430     3.0522    20.5032    20.5182    36.4786    36.4742    25.7553    25.7479    1503.32    132.490    132.887         43 0.0000e+00
     234657   9777.344     98.352     99.000    20.6223    20.5934   5.041385   5.038505     2.1569     1.7963     100.00   23.18416  -90.64138    0.00138    0.00133     3.0455     3.0552    20.6034    20.5746    36.4761    36.4775    25.7262    25.7351    1503.32    132.599    133.022         36 0.0000e+00
     234713   9779.667     97.359     98.000    20.6843    20.7000   5.050539   5.051902     2.1743     1.8074      93.86   23.18416  -90.64138    0.00568    0.00344     3.0779     3.0743    20.6656    20.6813    36.4976    36.4951    25.7257    25.7196    1503.32    134.013    133.854         41 0.0000e+00
     234800   9783.297     96.366     97.000    20.5826    20.7217   5.039715   5.054624     2.1693     1.8357     100.60   23.18416  -90.64138    0.00113    0.00702     3.0730     3.1396    20.5642    20.7033    36.4974    36.4993    25.7531    25.7170    1503.32    133.793    136.697         47 0.0000e+00
     234894   9787.221     95.372     96.000    20.7417    21.0156   5.051737   5.081907     2.1909     1.9397      72.65   23.18416  -90.64138    0.00652    0.03213     3.1064     3.3626    20.6735    20.9971    36.5015    36.4683    25.7266    25.6130    1503.32    135.254    146.425         48 0.0000e+00
     234985   9790.985     94.379     95.000    21.0218    21.0633   5.082161   5.086580     2.3201     1.9822      75.42   23.18416  -90.64138    0.03442    0.01482     3.3616     3.4562    20.9980    21.0450    36.4690    36.4676    25.6132    25.5993    1503.32    146.380    150.504         51 0.0000e+00
     235076   9794.785     93.386     94.000    21.1416    21.1198   5.094165   5.091718     2.3896     2.0078      94.34   23.18416  -90.64138    0.02159    0.00766     3.5011     3.5123    21.1233    21.1016    36.4602    36.4595    25.5722    25.5776    1503.32    152.460    152.946         36 0.0000e+00
     235162   9798.373     92.393     93.000    21.1778    21.2018   5.097131   5.100114     2.4074     2.0230     100.08   23.18416  -90.64138    0.00630    0.00628     3.5361     3.5449    21.1597    21.1838    36.4539    36.4571    25.5574    25.5532    1503.32    153.987    154.371         41 0.0000e+00
     235250   9802.035     91.399     92.000    21.3082    21.2767   5.112529   5.108713     2.4062     2.0627     100.00   23.18416  -90.64138   -0.00583    0.00907     3.5238     3.6273    21.2903    21.2588    36.4666    36.4629    25.5310    25.5369    1503.32    153.455    157.962         49 0.0000e+00
     235341   9805.848     90.406     91.000    21.4336    21.3638   5.125744   5.118045     2.4801     2.0811     100.00   23.18416  -90.64138    0.01554    0.00677     3.6670     3.6641    21.4158    21.3461    36.4660    36.4640    25.4958    25.5136    1503.32    159.698    159.567         60 0.0000e+00
     235972   9832.104     89.413     90.000    21.6374    21.6119   5.148985   5.145559     2.5365     2.1290      93.62   23.18415  -90.64139    0.00276    0.00238     3.7690     3.7573    21.6197    21.5942    36.4751    36.4735    25.4458    25.4517    1503.32    164.145    163.634         47 0.0000e+00
     236635   9859.749     88.420     89.000    21.7882    21.7977   5.166207   5.166833     2.5790     2.1828      99.68   23.18414  -90.64140    0.00068    0.00168     3.8472     3.8657    21.7706    21.7801    36.4874    36.4842    25.4130    25.4080    1503.32    167.560    168.362         44 0.0000e+00
     236757   9864.840     87.426     88.000    21.8426    21.8414   5.171561   5.171096     2.5894     2.1902      99.99   23.18414  -90.64140    0.00209    0.00093     3.8646     3.8790    21.8252    21.8240    36.4857    36.4829    25.3964    25.3947    1503.32    168.319    168.946         35 0.0000e+00
     236721   9863.344     85.440     86.000    21.9845    21.9947   5.185297   5.185182     2.6196     2.2169      99.91   23.16304  -90.55892    0.00591    0.00571     3.9178     3.9283    21.9687    21.9776    36.4620    36.4548    25.3346    25.3266    1501.95    170.644    171.100         55 0.0000e+00
     237035   9876.407     84.446     85.000    22.1869    22.1388   5.204002   5.201390     2.6530     2.2485     100.00   23.18414  -90.64140    0.00740    0.00712     3.9813     3.9891    22.1696    22.1218    36.4539    36.4732    25.2750    25.3033    1503.32    173.423    173.757         34 0.0000e+00
     237130   9880.361     83.453     84.000    22.2845    22.2808   5.210934   5.211543     2.7208     2.3093     100.00   23.18414  -90.64140    0.01392    0.01372     4.1029     4.1167    22.2677    22.2639    36.4275    36.4345    25.2271    25.2335    1503.32    178.725    179.326         48 0.0000e+00
     237223   9884.259     82.460     83.000    22.4196    22.4013   5.225171   5.222852     2.7651     2.3528     100.00   23.18414  -90.64140    0.01114    0.01160     4.1807     4.2058    22.4028    22.3845    36.4258    36.4228    25.1873    25.1903    1503.32    182.123    183.213         35 0.0000e+00
     237317   9888.182     81.467     82.000    22.5396    22.5280   5.240222   5.237022     2.7908     2.3696     100.00   23.18414  -90.64140    0.00691    0.00469     4.2226     4.2333    22.5230    22.5115    36.4437    36.4282    25.1665    25.1581    1503.32    183.951    184.420         39 0.0000e+00
     237407   9891.934     80.473     81.000    22.7057    22.6697   5.259712   5.255248     2.8016     2.3736      99.73   23.18414  -90.64140    0.00099   -0.00024     4.2305     4.2300    22.6892    22.6532    36.4577    36.4514    25.1295    25.1351    1503.32    184.304    184.282         37 0.0000e+00
     237504   9895.950     79.480     80.000    22.7860    22.7852   5.268512   5.267850     2.8114     2.3877      76.24   23.18414  -90.64140    0.00283    0.00353     4.2435     4.2530    22.7701    22.7689    36.4596    36.4551    25.1076    25.1046    1503.32    184.874    185.287         58 0.0000e+00
     237701   9904.147     77.493     78.000    22.9172    22.9231   5.283400   5.283739     2.8350     2.4095     100.00   23.18511  -90.64522    0.00302    0.00326     4.2792     4.2900    22.9015    22.9071    36.4665    36.4612    25.0750    25.0694    1503.38    186.432    186.904         62 0.0000e+00
     237784   9907.608     76.500     77.000    22.9495    22.9530   5.283930   5.284428     2.8478     2.4199     100.00   23.18412  -90.64140    0.00329    0.00314     4.3027     4.3107    22.9338    22.9372    36.4443    36.4448    25.0487    25.0481    1503.32    187.462    187.813         39 0.0000e+00
     237878   9911.548     75.507     76.000    23.0294    23.0589   5.290170   5.294296     2.8568     2.4302     100.00   23.18412  -90.64140    0.00221    0.00288     4.3113     4.3241    23.0163    23.0433    36.4254    36.4359    25.0103    25.0110    1503.32    187.846    188.404         41 0.0000e+00
     237968   9915.305     74.513     75.000    23.2872    23.2454   5.319908   5.315089     2.8738     2.4418     100.00   23.18412  -90.64140    0.00469    0.00289     4.3270     4.3364    23.2716    23.2299    36.4437    36.4411    24.9499    24.9601    1503.32    188.538    188.946         45 0.0000e+00
