Gulf of Mexico/GOMECC-4/1db/rb2103_1181.ros
* Sea-Bird SBE 9 Data File:
* FileName = C:\Users\scs.user.rb\CTD\GOMECC4\data\rb2103_1181.hex
* Software Version Seasave V 7.26.7.107
* Temperature SN = 4799
* Conductivity SN = 3860
* Number of Bytes Per Scan = 41
* Number of Voltage Words = 4
* Number of Scans Averaged by the Deck Unit = 1
* NMEA Latitude = 21 37.95 N
* NMEA Longitude = 086 14.49 W
* NMEA UTC (Time) = Oct 16 2021  02:01:26
* NMEA baud rate = 4800
# nquan = 17
# nvalues = 2793                                  
# units = specified
# name 0 = scan: Scan Count
# name 1 = timeS: Time, Elapsed [seconds]
# name 2 = depSM: Depth [salt water, m]
# name 3 = prDM: Pressure, Digiquartz [db]
# name 4 = t090C: Temperature [ITS-90, deg C]
# name 5 = t190C: Temperature, 2 [ITS-90, deg C]
# name 6 = c0S/m: Conductivity [S/m]
# name 7 = c1S/m: Conductivity, 2 [S/m]
# name 8 = sbeox0V: Oxygen raw, SBE 43 [V]
# name 9 = sbeox1V: Oxygen raw, SBE 43, 2 [V]
# name 10 = altM: Altimeter [m]
# name 11 = latitude: Latitude [deg]
# name 12 = longitude: Longitude [deg]
# name 13 = sbox0dV/dT: Oxygen, SBE 43 [dov/dt]
# name 14 = sbox1dV/dT: Oxygen, SBE 43, 2 [dov/dt]
# name 15 = nbf: Bottles Fired
# name 16 = flag:  0.000e+00
# interval = seconds: 0.0416667
# start_time = Oct 16 2021 02:01:26 [NMEA time, header]
# bad_flag = -9.990e-29
*END*
[from data line 937]
      81376   3390.625    412.454    415.448    11.8992    11.9400   4.056839   4.061356     1.7631     1.4469     100.00   21.64540  -86.24356   -0.00026   -0.00018          8  0.000e+00
      81377   3390.667    412.557    415.551    11.8994    11.9411   4.056859   4.061521     1.7631     1.4457     100.00   21.64540  -86.24356   -0.00026   -0.00017          8  0.000e+00
      81378   3390.708    412.502    415.496    11.8999    11.9447   4.056907   4.061811     1.7631     1.4469     100.00   21.64540  -86.24356   -0.00027   -0.00015          8  0.000e+00
      81379   3390.750    412.509    415.503    11.9001    11.9431   4.056948   4.061666     1.7631     1.4457     100.00   21.64540  -86.24356   -0.00026   -0.00016          8  0.000e+00
      81380   3390.792    412.557    415.551    11.9001    11.9410   4.056934   4.061487     1.7631     1.4469     100.00   21.64540  -86.24356   -0.00026   -0.00014          8  0.000e+00
      81381   3390.833    412.550    415.544    11.8997    11.9392   4.056873   4.061218     1.7631     1.4469     100.00   21.64540  -86.24356   -0.00025   -0.00012          8  0.000e+00
      81382   3390.875    412.509    415.503    11.8987    11.9344   4.056798   4.060735     1.7631     1.4457     100.00   21.64540  -86.24356   -0.00024   -0.00011          8  0.000e+00
      81383   3390.917    412.509    415.503    11.8984    11.9347   4.056730   4.060873     1.7631     1.4469     100.00   21.64540  -86.24356   -0.00024   -0.00011          8  0.000e+00
      81384   3390.958    412.598    415.593    11.8984    11.9400   4.056689   4.061459     1.7631     1.4469     100.00   21.64540  -86.24356   -0.00025   -0.00008          8  0.000e+00
      81385   3391.000    412.510    415.503    11.8982    11.9447   4.056655   4.061976     1.7631     1.4469     100.00   21.64540  -86.24356   -0.00026   -0.00008          8  0.000e+00
      81386   3391.042    412.557    415.552    11.8976    11.9482   4.056567   4.062301     1.7631     1.4469     100.00   21.64540  -86.24356   -0.00027   -0.00005          8  0.000e+00
      81387   3391.083    412.551    415.545    11.8967    11.9496   4.056458   4.062452     1.7631     1.4469     100.00   21.64540  -86.24356   -0.00026   -0.00003          8  0.000e+00
      81388   3391.125    412.558    415.552    11.8971    11.9507   4.056376   4.062487     1.7631     1.4457     100.00   21.64540  -86.24356   -0.00025   -0.00003          8  0.000e+00
      81389   3391.167    412.558    415.552    11.8948    11.9510   4.056281   4.062473     1.7619     1.4469     100.00   21.64540  -86.24356   -0.00026   -0.00000          8  0.000e+00
      81390   3391.208    412.551    415.545    11.8939    11.9517   4.056227   4.062618     1.7619     1.4457     100.00   21.64540  -86.24356   -0.00029    0.00000          8  0.000e+00
      81391   3391.250    412.558    415.552    11.8918    11.9520   4.056268   4.062625     1.7631     1.4469     100.00   21.64540  -86.24356   -0.00028    0.00002          8  0.000e+00
      81392   3391.292    412.558    415.552    11.8936    11.9523   4.056581   4.062701     1.7631     1.4469     100.00   21.64540  -86.24356   -0.00027    0.00005          8  0.000e+00
      81393   3391.333    412.599    415.593    11.8969    11.9525   4.056866   4.062776     1.7631     1.4469     100.00   21.64540  -86.24356   -0.00026    0.00005          8  0.000e+00
      81394   3391.375    412.613    415.607    11.8976    11.9527   4.056900   4.062749     1.7631     1.4469     100.00   21.64540  -86.24356   -0.00027    0.00008          8  0.000e+00
      81395   3391.417    412.558    415.552    11.9015    11.9517   4.057206   4.062694     1.7631     1.4469     100.00   21.64540  -86.24356   -0.00026    0.00010          8  0.000e+00
      81396   3391.458    412.551    415.546    11.9080    11.9517   4.057900   4.062694     1.7631     1.4469     100.00   21.64540  -86.24356   -0.00025    0.00010          8  0.000e+00
      81397   3391.500    412.558    415.553    11.9140    11.9522   4.058921   4.062763     1.7631     1.4469     100.00   21.64540  -86.24356   -0.00026    0.00011          8  0.000e+00
      81398   3391.542    412.613    415.608    11.9263    11.9531   4.060043   4.062825     1.7631     1.4469     100.00   21.64540  -86.24356   -0.00026    0.00013          8  0.000e+00
      81399   3391.583    412.552    415.546    11.9331    11.9535   4.060615   4.062907     1.7631     1.4469     100.00   21.64540  -86.24356   -0.00025    0.00015          8  0.000e+00
      81400   3391.625    412.613    415.608    11.9326    11.9537   4.060690   4.062942     1.7619     1.4469     100.00   21.64540  -86.24356   -0.00028    0.00016          8  0.000e+00
      81401   3391.667    412.661    415.656    11.9315    11.9539   4.060601   4.062963     1.7631     1.4469     100.00   21.64540  -86.24356   -0.00027    0.00018          8  0.000e+00
      81402   3391.708    412.559    415.553    11.9326    11.9537   4.060656   4.062928     1.7631     1.4469     100.00   21.64540  -86.24356   -0.00025    0.00020          8  0.000e+00
      81403   3391.750    412.600    415.594    11.9353    11.9535   4.060867   4.062901     1.7631     1.4469     100.00   21.64540  -86.24356   -0.00026    0.00020          8  0.000e+00
      81404   3391.792    412.613    415.608    11.9410    11.9539   4.061220   4.062907     1.7631     1.4469     100.00   21.64540  -86.24356   -0.00025    0.00021          8  0.000e+00
      81405   3391.833    412.613    415.608    11.9443    11.9545   4.061690   4.062935     1.7631     1.4469     100.00   21.64540  -86.24356   -0.00024    0.00023          8  0.000e+00
      81406   3391.875    412.654    415.649    11.9446    11.9555   4.061887   4.063094     1.7631     1.4469     100.00   21.64540  -86.24356   -0.00022    0.00025          8  0.000e+00
      81407   3391.917    412.559    415.553    11.9436    11.9562   4.061731   4.063183     1.7631     1.4469     100.00   21.64540  -86.24356   -0.00021    0.00025          8  0.000e+00
      81408   3391.958    412.661    415.657    11.9414    11.9569   4.061486   4.063211     1.7631     1.4469     100.00   21.64540  -86.24356   -0.00020    0.00026          8  0.000e+00
      81409   3392.000    412.600    415.595    11.9405    11.9569   4.061397   4.063225     1.7631     1.4469     100.00   21.64540  -86.24356   -0.00018    0.00026          8  0.000e+00
      81410   3392.042    412.614    415.609    11.9405    11.9567   4.061445   4.063190     1.7631     1.4469     100.00   21.64540  -86.24356   -0.00017    0.00026          8  0.000e+00
      81411   3392.083    412.614    415.609    11.9411    11.9572   4.061540   4.063107     1.7631     1.4481     100.00   21.64540  -86.24356   -0.00017    0.00030          8  0.000e+00
      81412   3392.125    412.600    415.595    11.9414    11.9574   4.061649   4.063128     1.7631     1.4469     100.00   21.64540  -86.24356   -0.00016    0.00032          8  0.000e+00
      81413   3392.167    412.614    415.609    11.9414    11.9572   4.061540   4.063101     1.7631     1.4469     100.00   21.64540  -86.24356   -0.00016    0.00032          8  0.000e+00
      81414   3392.208    412.614    415.609    11.9401    11.9569   4.061418   4.063073     1.7631     1.4469     100.00   21.64540  -86.24356   -0.00016    0.00032          8  0.000e+00
      81415   3392.250    412.655    415.650    11.9393    11.9569   4.061248   4.063135     1.7631     1.4469     100.00   21.64540  -86.24356   -0.00016    0.00032          8  0.000e+00
      81416   3392.292    412.614    415.609    11.9384    11.9572   4.061078   4.063176     1.7631     1.4469     100.00   21.64540  -86.24356   -0.00017    0.00032          8  0.000e+00
      81417   3392.333    412.560    415.554    11.9370    11.9571   4.060765   4.063135     1.7631     1.4469     100.00   21.64540  -86.24356   -0.00015    0.00034          8  0.000e+00
      81418   3392.375    412.655    415.650    11.9328    11.9558   4.060411   4.063059     1.7631     1.4469     100.00   21.64540  -86.24356   -0.00014    0.00034          8  0.000e+00
      81419   3392.417    412.615    415.609    11.9286    11.9544   4.060111   4.062914     1.7631     1.4469     100.00   21.64540  -86.24356   -0.00012    0.00034          8  0.000e+00
      81420   3392.458    412.615    415.609    11.9275    11.9537   4.059880   4.062866     1.7631     1.4469     100.00   21.64540  -86.24356   -0.00012    0.00034          8  0.000e+00
      81421   3392.500    412.601    415.596    11.9275    11.9542   4.059587   4.062949     1.7631     1.4469     100.00   21.64540  -86.24356   -0.00013    0.00034          8  0.000e+00
      81422   3392.542    412.615    415.610    11.9235    11.9552   4.059084   4.062942     1.7643     1.4469     100.00   21.64540  -86.24356   -0.00011    0.00036          8  0.000e+00
      81423   3392.583    412.615    415.610    11.9159    11.9550   4.058546   4.062887     1.7631     1.4469     100.00   21.64540  -86.24356   -0.00009    0.00037          8  0.000e+00
      81424   3392.625    412.554    415.548    11.9133    11.9545   4.058546   4.062894     1.7631     1.4469     100.00   21.64540  -86.24356   -0.00008    0.00037          8  0.000e+00
      81425   3392.667    412.663    415.658    11.9185    11.9535   4.058941   4.062852     1.7631     1.4469     100.00   21.64540  -86.24356   -0.00008    0.00039          8  0.000e+00
      81426   3392.708    412.561    415.555    11.9222    11.9532   4.059077   4.062797     1.7631     1.4469     100.00   21.64540  -86.24356   -0.00006    0.00039          8  0.000e+00
      81427   3392.750    412.602    415.596    11.9207    11.9523   4.058900   4.062694     1.7631     1.4469     100.00   21.64540  -86.24356   -0.00006    0.00038          8  0.000e+00
      81428   3392.792    412.561    415.555    11.9168    11.9522   4.058546   4.062666     1.7631     1.4469     100.00   21.64540  -86.24358   -0.00007    0.00038          8  0.000e+00
      81429   3392.833    412.561    415.555    11.9150    11.9523   4.058097   4.062625     1.7631     1.4469     100.00   21.64540  -86.24358   -0.00007    0.00038          8  0.000e+00
      81430   3392.875    412.602    415.597    11.9115    11.9528   4.057907   4.062618     1.7631     1.4469     100.00   21.64540  -86.24358   -0.00007    0.00038          8  0.000e+00
      81431   3392.917    412.616    415.610    11.9096    11.9532   4.057825   4.062618     1.7631     1.4469     100.00   21.64540  -86.24358   -0.00007    0.00039          8  0.000e+00
      81432   3392.958    412.561    415.556    11.9072    11.9534   4.057465   4.062597     1.7631     1.4469     100.00   21.64540  -86.24358   -0.00007    0.00039          8  0.000e+00
      81433   3393.000    412.554    415.549    11.9050    11.9528   4.057111   4.062632     1.7631     1.4481     100.00   21.64540  -86.24358   -0.00005    0.00040          8  0.000e+00
      81434   3393.042    412.561    415.556    11.9024    11.9525   4.056927   4.062659     1.7643     1.4469     100.00   21.64540  -86.24358   -0.00002    0.00040          8  0.000e+00
      81435   3393.083    412.561    415.556    11.9006    11.9527   4.056893   4.062728     1.7631     1.4481     100.00   21.64540  -86.24358   -0.00002    0.00041          8  0.000e+00
      81436   3393.125    412.555    415.549    11.9014    11.9528   4.056893   4.062818     1.7631     1.4469     100.00   21.64540  -86.24358   -0.00002    0.00040          8  0.000e+00
      81437   3393.167    412.562    415.556    11.8997    11.9525   4.056812   4.062825     1.7631     1.4481     100.00   21.64540  -86.24358   -0.00002    0.00041          8  0.000e+00
      81438   3393.208    412.562    415.556    11.9006    11.9527   4.056757   4.062859     1.7631     1.4481     100.00   21.64540  -86.24358   -0.00000    0.00043          8  0.000e+00
      81439   3393.250    412.555    415.549    11.9006    11.9525   4.056723   4.062832     1.7643     1.4481     100.00   21.64540  -86.24358    0.00001    0.00044          8  0.000e+00
      81440   3393.292    412.562    415.556    11.9011    11.9520   4.056764   4.062783     1.7631     1.4481     100.00   21.64540  -86.24358    0.00001    0.00045          8  0.000e+00
      81441   3393.333    412.562    415.556    11.9011    11.9522   4.056683   4.062728     1.7631     1.4481     100.00   21.64540  -86.24358    0.00001    0.00047          8  0.000e+00
      81442   3393.375    412.555    415.550    11.8989    11.9518   4.056567   4.062701     1.7631     1.4481     100.00   21.64540  -86.24358    0.00001    0.00048          8  0.000e+00
      81443   3393.417    412.515    415.508    11.8964    11.9517   4.056458   4.062742     1.7643     1.4481     100.00   21.64540  -86.24358    0.00005    0.00049          8  0.000e+00
      81444   3393.458    412.562    415.557    11.8952    11.9517   4.056349   4.062763     1.7643     1.4481     100.00   21.64540  -86.24358    0.00006    0.00050          8  0.000e+00
      81445   3393.500    412.515    415.509    11.8944    11.9513   4.056329   4.062742     1.7631     1.4481     100.00   21.64540  -86.24358    0.00006    0.00050          8  0.000e+00
      81446   3393.542    412.508    415.502    11.8944    11.9507   4.056295   4.062673     1.7631     1.4481     100.00   21.64540  -86.24358    0.00006    0.00051          8  0.000e+00
      81447   3393.583    412.563    415.557    11.8938    11.9507   4.056288   4.062632     1.7631     1.4481     100.00   21.64540  -86.24358    0.00006    0.00051          8  0.000e+00
      81448   3393.625    412.515    415.509    11.8934    11.9502   4.056315   4.062590     1.7631     1.4481     100.00   21.64540  -86.24358    0.00006    0.00052          8  0.000e+00
      81449   3393.667    412.556    415.550    11.8929    11.9509   4.056485   4.062645     1.7643     1.4481     100.00   21.64540  -86.24358    0.00007    0.00052          8  0.000e+00
      81450   3393.708    412.515    415.509    11.8931    11.9509   4.056723   4.062625     1.7643     1.4481     100.00   21.64540  -86.24358    0.00009    0.00052          8  0.000e+00
      81451   3393.750    412.515    415.509    11.8938    11.9505   4.056914   4.062618     1.7643     1.4493     100.00   21.64540  -86.24358    0.00011    0.00054          8  0.000e+00
      81452   3393.792    412.509    415.502    11.8956    11.9505   4.057064   4.062563     1.7643     1.4481     100.00   21.64540  -86.24356    0.00012    0.00054          8  0.000e+00
      81453   3393.833    412.515    415.509    11.8991    11.9495   4.057261   4.062501     1.7631     1.4481     100.00   21.64540  -86.24356    0.00012    0.00054          8  0.000e+00
      81454   3393.875    412.515    415.509    11.9044    11.9492   4.057499   4.062445     1.7643     1.4493     100.00   21.64540  -86.24356    0.00013    0.00056          8  0.000e+00
      81455   3393.917    412.509    415.503    11.9132    11.9485   4.057832   4.062445     1.7643     1.4493     100.00   21.64540  -86.24356    0.00015    0.00058          8  0.000e+00
      81456   3393.958    412.563    415.558    11.9140    11.9475   4.058002   4.062280     1.7631     1.4481     100.00   21.64540  -86.24356    0.00015    0.00057          8  0.000e+00
      81457   3394.000    412.461    415.455    11.9107    11.9472   4.057968   4.062232     1.7631     1.4493     100.00   21.64540  -86.24356    0.00014    0.00059          8  0.000e+00
      81458   3394.042    412.509    415.503    11.9091    11.9471   4.057846   4.062197     1.7631     1.4493     100.00   21.64540  -86.24356    0.00014    0.00060          8  0.000e+00
      81459   3394.083    412.516    415.510    11.9079    11.9468   4.057689   4.062225     1.7643     1.4493     100.00   21.64540  -86.24356    0.00017    0.00061          8  0.000e+00
