Gulf of Mexico/GOMECC-4/1db/rb2103_0081.cnv
* Sea-Bird SBE 9 Data File:
* FileName = C:\Users\scs.user.rb\CTD\GOMECC4\data\rb2103_008.hex
* Software Version Seasave V 7.26.7.107
* Temperature SN = 4799
* Conductivity SN = 3860
* Number of Bytes Per Scan = 41
* Number of Voltage Words = 4
* Number of Scans Averaged by the Deck Unit = 1
* NMEA Latitude = 25 29.79 N
* NMEA Longitude = 080 01.43 W
* NMEA UTC (Time) = Sep 15 2021  16:51:51
* NMEA baud rate = 4800
# nquan = 28
# nvalues = 319                         
# units = specified
# name 0 = scan: Scan Count
# name 1 = timeS: Time, Elapsed [seconds]
# name 2 = depSM: Depth [salt water, m]
# name 3 = prDM: Pressure, Digiquartz [db]
# name 4 = t090C: Temperature [ITS-90, deg C]
# name 5 = t190C: Temperature, 2 [ITS-90, deg C]
# name 6 = c0S/m: Conductivity [S/m]
# name 7 = c1S/m: Conductivity, 2 [S/m]
# name 8 = sbeox0V: Oxygen raw, SBE 43 [V]
# name 9 = sbeox1V: Oxygen raw, SBE 43, 2 [V]
# name 10 = altM: Altimeter [m]
# name 11 = latitude: Latitude [deg]
# name 12 = longitude: Longitude [deg]
# name 13 = sbox0dV/dT: Oxygen, SBE 43 [dov/dt]
# name 14 = sbox1dV/dT: Oxygen, SBE 43, 2 [dov/dt]
# name 15 = sbeox0ML/L: Oxygen, SBE 43 [ml/l], WS = 5
# name 16 = sbeox1ML/L: Oxygen, SBE 43, 2 [ml/l], WS = 5
# name 17 = potemp090C: Potential Temperature [ITS-90, deg C]
# name 18 = potemp190C: Potential Temperature, 2 [ITS-90, deg C]
# name 19 = sal00: Salinity, Practical [PSU]
# name 20 = sal11: Salinity, Practical, 2 [PSU]
# name 21 = sigma-é00: Density [sigma-theta, kg/m^3]
# name 22 = sigma-é11: Density, 2 [sigma-theta, kg/m^3]
# name 23 = avgsvCM: Average Sound Velocity [Chen-Millero, m/s], minP = 20, minS = 20
# name 24 = sbox0Mm/Kg: Oxygen, SBE 43 [umol/kg], WS = 5
# name 25 = sbox1Mm/Kg: Oxygen, SBE 43, 2 [umol/kg], WS = 5
# name 26 = nbin: number of scans per bin
# name 27 = flag: flag
# span 0 =      15575,      68814       
# span 1 =    648.914,   2867.201       
# span 2 =      3.974,    319.669       
# span 3 =      4.000,    322.000       
# span 4 =     7.7714,    29.5533       
# span 5 =     7.7718,    29.5515       
# span 6 =   3.611627,   5.842404       
# span 7 =   3.611614,   5.842945       
# span 8 =     1.6709,     3.1706       
# span 9 =     1.3783,     2.6947       
# span 10 =      10.21,     107.63      
# span 11 =   25.43331,   25.52397      
# span 12 =  -80.08672,  -79.78612      
# span 13 =   -0.03955,    0.01976      
# span 14 =   -0.04091,    0.02032      
# span 15 =     2.7429,     4.5073      
# span 16 =     2.7893,     4.5241      
# span 17 =     7.7393,    29.5479      
# span 18 =     7.7397,    29.5466      
# span 19 =    33.8354,    36.4986      
# span 20 =    33.8374,    36.5040      
# span 21 =    21.1097,    27.3119      
# span 22 =    21.1072,    27.3112      
# span 23 =       0.00,    1545.40      
# span 24 =    119.255,    196.668      
# span 25 =    121.272,    197.309      
# span 26 =         30,         77      
# span 27 = 0.0000e+00, 0.0000e+00      
# interval = decibars: 1                
# start_time = Sep 15 2021 16:51:51 [NMEA time, header]
# bad_flag = -9.990e-29
*END*
[from data line 259]
      45533   1897.149    110.252    111.000    18.3524    18.1724   4.756391   4.737086     2.3085     1.9522     100.00   25.50726  -80.01960    0.01060    0.01334     3.5366     3.5921    18.3330    18.1532    36.0729    36.0666    26.0107    26.0512    1509.92    153.941    156.350         49 0.0000e+00
      45579   1899.101    109.260    110.000    18.5669    18.3264   4.781847   4.758617     2.3416     1.9691     100.00   25.50726  -80.01960    0.01465    0.01006     3.5935     3.6178    18.5475    18.3072    36.1013    36.1044    25.9786    26.0416    1509.92    156.423    157.473         46 0.0000e+00
      45627   1901.065    108.266    109.000    18.6172    18.7617   4.785688   4.803017     2.3573     1.9938     100.00   25.50728  -80.01960    0.01325    0.01021     3.6245     3.6505    18.5979    18.7424    36.0902    36.1101    25.9573    25.9359    1509.92    157.776    158.910         48 0.0000e+00
      45674   1903.021    107.274    108.000    19.1637    18.9822   4.847098   4.827785     2.3745     2.0179     100.00   25.50728  -80.01960    0.00761    0.01279     3.6227     3.6927    19.1442    18.9629    36.1304    36.1266    25.8482    25.8921    1509.92    157.714    160.753         46 0.0000e+00
      45719   1904.935    106.281    107.000    19.2897    19.5176   4.870817   4.892623     2.4095     2.0457     100.00   25.50730  -80.01960    0.01413    0.01290     3.6854     3.7206    19.2703    19.4982    36.2197    36.1954    25.8839    25.8037    1509.92    160.439    161.983         46 0.0000e+00
      45765   1906.837    105.288    106.000    19.8751    19.9168   4.934773   4.937871     2.4461     2.0808     100.00   25.50732  -80.01960    0.01755    0.01629     3.7213     3.7740    19.8555    19.8971    36.2435    36.2330    25.7488    25.7298    1509.92    162.020    164.318         46 0.0000e+00
      45811   1908.749    104.294    105.000    20.1055    20.3100   4.958429   4.984877     2.4810     2.1234     100.00   25.50732  -80.01960    0.01976    0.02013     3.7788     3.8449    20.0859    20.2903    36.2401    36.2811    25.6851    25.6619    1509.92    164.533    167.418         44 0.0000e+00
      45854   1910.561    103.302    104.000    20.3070    20.5520   4.981978   5.013115     2.5107     2.1536      90.37   25.50734  -80.01958    0.01748    0.02032     3.8263     3.8975    20.2875    20.5323    36.2603    36.3044    25.6467    25.6145    1509.92    166.611    169.714         43 0.0000e+00
      45896   1912.312    102.308    103.000    20.4450    20.7501   4.998303   5.035636     2.5326     2.1804      98.31   25.50734  -80.01958    0.01511    0.01661     3.8580     3.9449    20.4437    20.7306    36.2801    36.3181    25.6198    25.5712    1509.92    167.994    171.785         42 0.0000e+00
      45939   1914.091    101.315    102.000    20.3564    20.8452   4.989397   5.047306     2.5393     2.1997      99.99   25.50735  -80.01958    0.00952    0.01374     3.8823     3.9820    20.3373    20.8257    36.2794    36.3320    25.6479    25.5560    1509.92    169.049    173.406         44 0.0000e+00
      45983   1915.937    100.322    101.000    20.5188    20.9142   5.011856   5.055008     2.5456     2.2086      95.81   25.50736  -80.01958    0.00341    0.00836     3.8819     4.0014    20.4997    20.8948    36.3060    36.3358    25.6246    25.5400    1509.92    169.032    174.249         44 0.0000e+00
      46027   1917.744     99.329    100.000    20.9567    21.0983   5.057461   5.077249     2.5754     2.2206      85.92   25.50737  -80.01957    0.00904    0.00532     3.9112     4.0105    20.9375    21.0790    36.3242    36.3588    25.5195    25.5071    1509.92    170.329    174.654         43 0.0000e+00
      46071   1919.583     98.336     99.000    21.1442    21.2891   5.081426   5.098059     2.6013     2.2367      99.99   25.50739  -80.01956    0.01498    0.00748     3.9501     4.0330    21.1250    21.2699    36.3537    36.3642    25.4905    25.4587    1509.92    172.028    175.641         45 0.0000e+00
      46116   1921.450     97.343     98.000    21.3103    21.4865   5.099246   5.121556     2.6245     2.2525     100.00   25.50740  -80.01956    0.01347    0.00879     3.9854     4.0540    21.2913    21.4673    36.3561    36.3854    25.4466    25.4201    1509.92    173.572    176.563         44 0.0000e+00
      46157   1923.177     96.350     97.000    21.3231    21.6591   5.101322   5.142797     2.6323     2.2637     100.00   25.50740  -80.01956    0.00965    0.00772     4.0002     4.0659    21.3043    21.6400    36.3622    36.4092    25.4476    25.3901    1509.92    174.217    177.086         39 0.0000e+00
      46196   1924.779     95.357     96.000    21.6437    21.8709   5.137837   5.167644     2.6426     2.2727     100.00   25.50742  -80.01956    0.00560    0.00640     4.0005     4.0699    21.6279    21.8519    36.3803    36.4282    25.3714    25.3452    1509.92    174.241    177.269         38 0.0000e+00
      46236   1926.443     94.364     95.000    21.8500    21.9980   5.166176   5.182447     2.6638     2.2806     100.00   25.50742  -80.01956    0.00876    0.00538     4.0225     4.0782    21.8312    21.9791    36.4345    36.4417    25.3558    25.3196    1509.92    175.204    177.636         43 0.0000e+00
      46280   1928.309     93.371     94.000    21.9380    22.0101   5.175118   5.184169     2.6753     2.2871     100.00   25.50744  -80.01956    0.00945    0.00425     4.0390     4.0919    21.9194    21.9914    36.4316    36.4411    25.3288    25.3157    1509.92    175.927    178.234         46 0.0000e+00
      46326   1930.191     92.378     93.000    22.0837    22.1700   5.190400   5.202497     2.6856     2.2944     100.00   25.50745  -80.01956    0.00575    0.00356     4.0486     4.0953    22.0651    22.1514    36.4302    36.4532    25.2866    25.2797    1509.92    176.350    178.388         43 0.0000e+00
      46364   1931.801     91.385     92.000    22.1837    22.2420   5.203083   5.210670     2.6924     2.3010     100.00   25.50746  -80.01955    0.00503    0.00401     4.0540     4.1043    22.1653    22.2236    36.4465    36.4574    25.2707    25.2624    1509.92    176.590    178.782         36 0.0000e+00
      46403   1933.403     90.392     91.000    22.2585    22.2808   5.211989   5.215114     2.6992     2.3046     100.00   25.50747  -80.01954    0.00445    0.00350     4.0620     4.1090    22.2402    22.2625    36.4543    36.4602    25.2553    25.2534    1509.92    176.941    178.988         42 0.0000e+00
      46448   1935.299     89.399     90.000    22.2811    22.3194   5.214686   5.219219     2.7054     2.3091     100.00   25.50748  -80.01954    0.00396    0.00223     4.0719     4.1160    22.2630    22.3013    36.4569    36.4604    25.2508    25.2426    1509.92    177.373    179.294         48 0.0000e+00
      46492   1937.124     88.406     89.000    22.3151    22.3974   5.219081   5.227771     2.7078     2.3153     100.00   25.50748  -80.01954    0.00228    0.00298     4.0725     4.1235    22.2973    22.3795    36.4568    36.4621    25.2410    25.2216    1509.92    177.399    179.626         37 0.0000e+00
      46526   1938.545     87.412     88.000    22.4658    22.4573   5.234278   5.233805     2.7152     2.3184     100.00   25.50750  -80.01954    0.00224    0.00315     4.0767     4.1257    22.4480    22.4396    36.4566    36.4601    25.1979    25.2029    1509.92    177.592    179.724         34 0.0000e+00
      46563   1940.071     86.419     87.000    22.4879    22.4956   5.236354   5.237877     2.7250     2.3227      87.03   25.50751  -80.01954    0.00504    0.00234     4.0947     4.1322    22.4703    22.4780    36.4548    36.4603    25.1901    25.1921    1509.92    178.374    180.011         39 0.0000e+00
      46602   1941.693     85.426     86.000    22.5155    22.5531   5.239859   5.243845     2.7301     2.3314     100.04   25.50752  -80.01954    0.00538    0.00359     4.1020     4.1469    22.4981    22.5357    36.4591    36.4593    25.1854    25.1748    1509.92    178.694    180.653         38 0.0000e+00
      46639   1943.232     84.433     85.000    22.6481    22.6574   5.254010   5.254968     2.7363     2.3371     100.00   25.50752  -80.01954    0.00343    0.00480     4.1041     4.1517    22.6308    22.6402    36.4598    36.4595    25.1478    25.1449    1509.92    178.794    180.866         35 0.0000e+00
      46672   1944.620     83.440     84.000    22.9089    22.8105   5.283836   5.273428     2.7483     2.3442     100.00   25.50754  -80.01954    0.00487    0.00432     4.1073     4.1554    22.8917    22.7934    36.4752    36.4761    25.0843    25.1134    1509.92    178.944    181.035         32 0.0000e+00
      46764   1948.455     81.454     82.000    23.1439    23.4334   5.310418   5.341710     2.7731     2.3718     100.01   25.51318  -80.03719    0.00821    0.00648     4.1382     4.1699    23.1270    23.4164    36.4900    36.4910    25.0281    24.9439    1510.25    180.300    181.696         39 0.0000e+00
      46831   1951.233     80.460     81.000    23.5220    23.8548   5.346882   5.385199     2.7874     2.4153      80.28   25.50757  -80.01952    0.00302    0.01439     4.1444     4.2372    23.5051    23.8378    36.4721    36.4778    24.9028    24.8089    1509.92    180.590    184.651         71 0.0000e+00
      46913   1954.676     79.467     80.000    23.8360    24.0186   5.383385   5.403403     2.8336     2.4352      99.30   25.50759  -80.01951    0.01276    0.00691     4.2047     4.2654    23.8191    24.0017    36.4775    36.4798    24.8142    24.7616    1509.92    183.236    185.892         42 0.0000e+00
      46996   1958.132     78.474     79.000    24.0458    24.1569   5.405955   5.416754     2.8625     2.4562     100.00   25.50761  -80.01950    0.00806    0.00493     4.2448     4.3022    24.0291    24.1401    36.4771    36.4682    24.7515    24.7116    1509.92    184.994    187.503         68 0.0000e+00
      47049   1960.344     76.488     77.000    24.2192    24.3091   5.415736   5.424725     2.9040     2.5016      99.76   25.44646  -79.82758    0.00846    0.00362     4.3129     4.3860    24.2028    24.2926    36.3778    36.3686    24.6150    24.5799    1506.30    187.976    191.168         43 0.0000e+00
      47223   1967.568     74.501     75.000    24.3711    24.5156   5.430163   5.446291     2.9432     2.5255      99.71   25.43331  -79.78612    0.00332    0.00239     4.3753     4.4203    24.3550    24.4994    36.3519    36.3559    24.5463    24.5057    1505.52    190.706    192.673         34 0.0000e+00
      49048   2043.623     73.508     74.000    24.5882    24.6710   5.461780   5.469788     2.9744     2.5528     100.00   25.50811  -80.01940    0.00253    0.00449     4.4200     4.4696    24.5722    24.6550    36.4587    36.4516    24.5742    24.5438    1509.92    192.663    194.831         38 0.0000e+00
      49436   2059.805     72.515     73.000    24.6727    24.7289   5.469711   5.474219     2.9876     2.5597     100.00   25.50820  -80.01938    0.00394    0.00277     4.4386     4.4801    24.6570    24.7131    36.4500    36.4390    24.5420    24.5167    1509.92    193.479    195.292         62 0.0000e+00
      49487   2061.917     71.522     72.000    24.7220    24.7481   5.473434   5.476019     2.9938     2.5607      93.23   25.50821  -80.01938    0.00328    0.00060     4.4465     4.4803    24.7064    24.7325    36.4383    36.4358    24.5182    24.5083    1509.92    193.830    195.302         53 0.0000e+00
      49543   2064.262     70.529     71.000    24.7727    24.8788   5.477606   5.487308     2.9994     2.5691      92.08   25.50823  -80.01937    0.00245    0.00240     4.4531     4.4884    24.7573    24.8633    36.4289    36.4168    24.4956    24.4541    1509.92    194.120    195.666         55 0.0000e+00
      49590   2066.188     69.536     70.000    24.8394    24.8794   5.483736   5.488031     3.0029     2.5760     100.08   25.50824  -80.01936    0.00215    0.00374     4.4542     4.5021    24.8242    24.8642    36.4211    36.4209    24.4693    24.4570    1509.92    194.172    196.263         39 0.0000e+00
      49629   2067.846     68.542     69.000    24.9343    25.0216   5.492744   5.502069     3.0123     2.5788      96.81   25.50825  -80.01936    0.00335    0.00293     4.4644     4.4969    24.9193    25.0066    36.4121    36.4113    24.4336    24.4062    1509.92    194.624    196.047         41 0.0000e+00
      49679   2069.914     67.549     68.000    25.0326    25.2946   5.502932   5.530299     3.0183     2.5825      79.38   25.50826  -80.01936    0.00396    0.00159     4.4674     4.4858    25.0178    25.2797    36.4092    36.4020    24.4012    24.3152    1509.92    194.763    195.578         52 0.0000e+00
      49753   2073.013     66.556     67.000    25.5495    25.9994   5.554330   5.600422     3.0333     2.6055     100.04   25.50828  -80.01934    0.00397    0.00659     4.4547     4.4794    25.5347    25.9844    36.3759    36.3563    24.2167    24.0618    1509.92    194.245    195.351         70 0.0000e+00
      49829   2076.151     65.563     66.000    26.0874    26.5287   5.606689   5.647965     3.0519     2.6208     100.00   25.50830  -80.01934    0.00600    0.00558     4.4475     4.4762    26.0725    26.5137    36.3327    36.2869    24.0162    23.8426    1509.92    193.968    195.249         75 0.0000e+00
      49914   2079.697     64.569     65.000    26.5619    26.7976   5.650298   5.670681     3.0744     2.6340     100.00   25.50833  -80.01934    0.00657    0.00402     4.4531     4.4820    26.5471    26.7827    36.2757    36.2382    23.8235    23.7203    1509.92    194.247    195.527         58 0.0000e+00
      49993   2082.989     63.576     64.000    26.8177    26.9710   5.671669   5.685310     3.0890     2.6465     100.00   25.50834  -80.01934    0.00417    0.00321     4.4610     4.4941    26.8030    26.9563    36.2297    36.2081    23.7074    23.6420    1509.92    194.613    196.069         58 0.0000e+00
      50078   2086.548     62.583     63.000    26.9855    27.2036   5.685936   5.705178     3.0997     2.6486      99.85   25.50838  -80.01932    0.00307    0.00116     4.4679     4.4816    26.9710    27.1891    36.2016    36.1697    23.6324    23.5383    1509.92    194.928    195.546         74 0.0000e+00
      50170   2090.359     61.590     62.000    27.1870    27.3677   5.703107   5.718329     3.1072     2.6485      99.98   25.50839  -80.01932    0.00183    0.00067     4.4661     4.4721    27.1726    27.3533    36.1681    36.1366    23.5424    23.4604    1509.92    194.868    195.144         32 0.0000e+00
      50257   2093.985     60.596     61.000    27.3856    27.5828   5.719294   5.735522     3.1127     2.6590     100.00   25.50841  -80.01932    0.00101    0.00265     4.4609     4.4759    27.3714    27.5686    36.1300    36.0995    23.4495    23.3654    1509.92    194.661    195.329         50 0.0000e+00
      51684   2153.469     59.603     60.000    27.7211    27.8369   5.747869   5.758332     3.1339     2.6768     100.00   25.50878  -80.01923    0.00082    0.00251     4.4745     4.4934    27.7070    27.8228    36.0744    36.0595    23.2987    23.2497    1509.92    195.280    196.115         51 0.0000e+00
      52187   2174.435     58.610     59.000    27.8668    28.0234   5.760422   5.775707     3.1407     2.6860      99.98   25.50890  -80.01918    0.00135    0.00270     4.4756     4.4999    27.8529    28.0096    36.0514    36.0429    23.2338    23.1776    1509.92    195.340    196.411         66 0.0000e+00
      52252   2177.132     57.617     58.000    28.1274    28.3076   5.786245   5.805996     3.1488     2.6874     100.00   25.50892  -80.01918    0.00249    0.00146     4.4696     4.4795    28.1137    28.2938    36.0341    36.0351    23.1352    23.0766    1509.92    195.099    195.543         55 0.0000e+00
