Gulf of Mexico/GOMECC-4/1db/rb2103_0571.ros
* Sea-Bird SBE 9 Data File:
* FileName = C:\Users\scs.user.rb\CTD\GOMECC4\data\rb2103_0571.hex
* Software Version Seasave V 7.26.7.107
* Temperature SN = 4799
* Conductivity SN = 3860
* Number of Bytes Per Scan = 41
* Number of Voltage Words = 4
* Number of Scans Averaged by the Deck Unit = 1
* NMEA Latitude = 28 05.10 N
* NMEA Longitude = 095 00.06 W
* NMEA UTC (Time) = Sep 29 2021  05:34:51
* NMEA baud rate = 4800
# nquan = 17
# nvalues = 798                                   
# units = specified
# name 0 = scan: Scan Count
# name 1 = timeS: Time, Elapsed [seconds]
# name 2 = depSM: Depth [salt water, m]
# name 3 = prDM: Pressure, Digiquartz [db]
# name 4 = t090C: Temperature [ITS-90, deg C]
# name 5 = t190C: Temperature, 2 [ITS-90, deg C]
# name 6 = c0S/m: Conductivity [S/m]
# name 7 = c1S/m: Conductivity, 2 [S/m]
# name 8 = sbeox0V: Oxygen raw, SBE 43 [V]
# name 9 = sbeox1V: Oxygen raw, SBE 43, 2 [V]
# name 10 = altM: Altimeter [m]
# name 11 = latitude: Latitude [deg]
# name 12 = longitude: Longitude [deg]
# name 13 = sbox0dV/dT: Oxygen, SBE 43 [dov/dt]
# name 14 = sbox1dV/dT: Oxygen, SBE 43, 2 [dov/dt]
# name 15 = nbf: Bottles Fired
# name 16 = flag:  0.000e+00
# interval = seconds: 0.0416667
# start_time = Sep 29 2021 05:34:51 [NMEA time, header]
# bad_flag = -9.990e-29
*END*
      21601    900.000     51.801     52.154    22.7030    22.6982   5.231763   5.231318     2.6349     2.2357       9.50   28.08596  -95.00044   -0.00272   -0.00182          1  0.000e+00
      21602    900.042     51.801     52.154    22.7030    22.6970   5.231687   5.231264     2.6349     2.2357       9.57   28.08596  -95.00044   -0.00275   -0.00183          1  0.000e+00
      21603    900.083     51.801     52.154    22.7032    22.6968   5.231755   5.231218     2.6349     2.2357       9.57   28.08596  -95.00044   -0.00278   -0.00184          1  0.000e+00
      21604    900.125     51.801     52.154    22.7031    22.6966   5.231785   5.231172     2.6349     2.2357       9.57   28.08596  -95.00044   -0.00280   -0.00185          1  0.000e+00
      21605    900.167     51.753     52.107    22.7038    22.6959   5.231816   5.231134     2.6349     2.2357       9.57   28.08596  -95.00044   -0.00283   -0.00186          1  0.000e+00
      21606    900.208     51.801     52.154    22.7046    22.6955   5.231899   5.231127     2.6361     2.2357       9.57   28.08596  -95.00044   -0.00283   -0.00187          1  0.000e+00
      21607    900.250     51.801     52.154    22.7053    22.6959   5.231884   5.231081     2.6361     2.2357       9.57   28.08596  -95.00044   -0.00283   -0.00188          1  0.000e+00
      21608    900.292     51.753     52.107    22.7044    22.6957   5.231876   5.231073     2.6361     2.2357       9.57   28.08596  -95.00044   -0.00283   -0.00188          1  0.000e+00
      21609    900.333     51.801     52.154    22.7037    22.6952   5.231808   5.231073     2.6361     2.2357       9.57   28.08596  -95.00044   -0.00283   -0.00189          1  0.000e+00
      21610    900.375     51.753     52.107    22.7032    22.6943   5.231725   5.231050     2.6361     2.2357       9.57   28.08596  -95.00044   -0.00283   -0.00189          1  0.000e+00
      21611    900.417     51.753     52.107    22.7030    22.6947   5.231702   5.231042     2.6361     2.2357       9.57   28.08596  -95.00044   -0.00281   -0.00189          1  0.000e+00
      21612    900.458     51.801     52.154    22.7024    22.6952   5.231665   5.231035     2.6361     2.2357       9.57   28.08596  -95.00044   -0.00280   -0.00188          1  0.000e+00
      21613    900.500     51.801     52.154    22.7022    22.6948   5.231657   5.231035     2.6361     2.2357       9.57   28.08596  -95.00044   -0.00277   -0.00186          1  0.000e+00
      21614    900.542     51.801     52.154    22.7024    22.6950   5.231687   5.231065     2.6361     2.2369       9.57   28.08596  -95.00044   -0.00275   -0.00182          1  0.000e+00
      21615    900.583     51.801     52.154    22.7028    22.6959   5.231725   5.231173     2.6374     2.2369       9.57   28.08596  -95.00044   -0.00270   -0.00178          1  0.000e+00
      21616    900.625     51.753     52.106    22.7030    22.6968   5.231740   5.231280     2.6374     2.2369       9.57   28.08596  -95.00044   -0.00267   -0.00174          1  0.000e+00
      21617    900.667     51.800     52.154    22.7028    22.6980   5.231748   5.231394     2.6374     2.2369       9.57   28.08596  -95.00044   -0.00263   -0.00170          1  0.000e+00
      21618    900.708     51.821     52.175    22.7031    22.7007   5.231740   5.231655     2.6374     2.2369       9.57   28.08596  -95.00044   -0.00258   -0.00166          1  0.000e+00
      21619    900.750     51.800     52.154    22.7033    22.7039   5.231778   5.231961     2.6386     2.2369       9.57   28.08596  -95.00044   -0.00251   -0.00160          1  0.000e+00
      21620    900.792     51.800     52.154    22.7034    22.7061   5.231793   5.232129     2.6374     2.2381       9.57   28.08596  -95.00044   -0.00245   -0.00153          1  0.000e+00
      21621    900.833     51.848     52.202    22.7026    22.7066   5.231687   5.232236     2.6374     2.2381       9.57   28.08596  -95.00044   -0.00240   -0.00145          1  0.000e+00
      21622    900.875     51.800     52.154    22.7005    22.7081   5.231589   5.232190     2.6386     2.2381       9.57   28.08596  -95.00044   -0.00232   -0.00138          1  0.000e+00
      21623    900.917     51.848     52.202    22.6999    22.7078   5.231438   5.232229     2.6386     2.2381       9.57   28.08596  -95.00044   -0.00226   -0.00130          1  0.000e+00
      21624    900.958     51.848     52.202    22.7005    22.7082   5.231461   5.232252     2.6386     2.2381       9.57   28.08596  -95.00044   -0.00218   -0.00124          1  0.000e+00
      21625    901.000     51.848     52.202    22.7007    22.7068   5.231483   5.232152     2.6386     2.2381       9.60   28.08596  -95.00044   -0.00210   -0.00117          1  0.000e+00
      21626    901.042     51.902     52.256    22.7012    22.7055   5.231642   5.231930     2.6386     2.2393       9.57   28.08596  -95.00044   -0.00202   -0.00109          1  0.000e+00
      21627    901.083     51.848     52.202    22.7013    22.7039   5.231566   5.231769     2.6386     2.2393       9.57   28.08596  -95.00044   -0.00195   -0.00100          1  0.000e+00
      21628    901.125     51.902     52.256    22.6987    22.7020   5.231431   5.231632     2.6398     2.2393       9.60   28.08596  -95.00044   -0.00185   -0.00092          1  0.000e+00
      21629    901.167     51.902     52.256    22.7001    22.7014   5.231461   5.231632     2.6398     2.2393       9.57   28.08596  -95.00044   -0.00175   -0.00084          1  0.000e+00
      21630    901.208     51.902     52.256    22.7022    22.7007   5.231672   5.231578     2.6398     2.2393       9.60   28.08596  -95.00044   -0.00164   -0.00075          1  0.000e+00
      21631    901.250     51.902     52.256    22.7033    22.7004   5.231778   5.231517     2.6398     2.2393       9.60   28.08596  -95.00044   -0.00156   -0.00066          1  0.000e+00
      21632    901.292     51.902     52.256    22.7037    22.7002   5.231687   5.231486     2.6398     2.2393       9.57   28.08596  -95.00044   -0.00145   -0.00060          1  0.000e+00
      21633    901.333     51.949     52.304    22.6994    22.6995   5.231295   5.231502     2.6398     2.2405       9.57   28.08596  -95.00044   -0.00134   -0.00051          1  0.000e+00
      21634    901.375     51.949     52.304    22.6956    22.6998   5.230879   5.231448     2.6410     2.2393       9.57   28.08596  -95.00044   -0.00122   -0.00043          1  0.000e+00
      21635    901.417     51.997     52.352    22.6925    22.6998   5.230577   5.231525     2.6398     2.2405       9.60   28.08596  -95.00044   -0.00111   -0.00034          1  0.000e+00
      21636    901.458     51.902     52.256    22.6909    22.7004   5.230426   5.231616     2.6398     2.2393       9.60   28.08596  -95.00044   -0.00100   -0.00027          1  0.000e+00
      21637    901.500     52.017     52.372    22.6914    22.7020   5.230653   5.231739     2.6398     2.2405       9.57   28.08596  -95.00044   -0.00089   -0.00019          1  0.000e+00
      21638    901.542     51.996     52.352    22.6959    22.7044   5.230993   5.231938     2.6398     2.2393       9.60   28.08596  -95.00044   -0.00080   -0.00012          1  0.000e+00
      21639    901.583     51.996     52.352    22.6973    22.7048   5.231151   5.231992     2.6398     2.2405       9.57   28.08596  -95.00044   -0.00070   -0.00004          1  0.000e+00
      21640    901.625     51.996     52.352    22.6987    22.7059   5.231242   5.232122     2.6410     2.2405       9.57   28.08596  -95.00044   -0.00059    0.00005          1  0.000e+00
      21641    901.667     52.051     52.406    22.6992    22.7062   5.231325   5.232129     2.6410     2.2405       9.60   28.08596  -95.00044   -0.00046    0.00013          1  0.000e+00
      21642    901.708     52.051     52.406    22.6982    22.7043   5.231257   5.231861     2.6410     2.2405       9.57   28.08596  -95.00044   -0.00034    0.00021          1  0.000e+00
      21643    901.750     52.051     52.406    22.6955    22.6998   5.231015   5.231517     2.6410     2.2405       9.60   28.08596  -95.00044   -0.00023    0.00030          1  0.000e+00
      21644    901.792     52.051     52.406    22.6937    22.6943   5.230864   5.230966     2.6410     2.2405       9.60   28.08596  -95.00044   -0.00011    0.00038          1  0.000e+00
      21645    901.833     52.051     52.406    22.6935    22.6894   5.230834   5.230461     2.6410     2.2405       9.60   28.08596  -95.00044 1.7584e-07    0.00046          1  0.000e+00
      21646    901.875     52.098     52.454    22.6960    22.6856   5.231053   5.230078     2.6398     2.2405       9.57   28.08596  -95.00044    0.00010    0.00055          1  0.000e+00
      21647    901.917     52.098     52.454    22.6980    22.6829   5.231166   5.229856     2.6410     2.2405       9.60   28.08596  -95.00044    0.00021    0.00063          1  0.000e+00
      21648    901.958     52.145     52.501    22.6987    22.6818   5.231212   5.229688     2.6410     2.2405       9.57   28.08596  -95.00044    0.00033    0.00071          1  0.000e+00
      21649    902.000     52.098     52.454    22.6981    22.6804   5.231181   5.229535     2.6410     2.2405       9.40   28.08596  -95.00042    0.00045    0.00079          1  0.000e+00
      21650    902.042     52.145     52.501    22.6971    22.6786   5.231083   5.229382     2.6410     2.2393       9.33   28.08596  -95.00042    0.00055    0.00085          1  0.000e+00
      21651    902.083     52.145     52.501    22.6953    22.6766   5.230917   5.229229     2.6410     2.2393       9.33   28.08596  -95.00042    0.00064    0.00093          1  0.000e+00
      21652    902.125     52.145     52.501    22.6944    22.6752   5.230804   5.229083     2.6410     2.2393       9.33   28.08596  -95.00042    0.00074    0.00100          1  0.000e+00
      21653    902.167     52.145     52.501    22.6932    22.6750   5.230751   5.229045     2.6410     2.2393       9.35   28.08596  -95.00042    0.00084    0.00106          1  0.000e+00
      21654    902.208     52.166     52.522    22.6920    22.6747   5.230638   5.229061     2.6422     2.2393       9.33   28.08596  -95.00042    0.00096    0.00112          1  0.000e+00
      21655    902.250     52.199     52.556    22.6864    22.6750   5.230185   5.229076     2.6410     2.2393       9.33   28.08596  -95.00042    0.00106    0.00119          1  0.000e+00
      21656    902.292     52.247     52.604    22.6812    22.6752   5.229618   5.229038     2.6422     2.2393       9.33   28.08596  -95.00042    0.00117    0.00125          1  0.000e+00
      21657    902.333     52.145     52.501    22.6801    22.6748   5.229369   5.229099     2.6422     2.2393       9.33   28.08596  -95.00042    0.00127    0.00132          1  0.000e+00
      21658    902.375     52.247     52.604    22.6794    22.6746   5.229248   5.229045     2.6410     2.2405       9.33   28.08596  -95.00042    0.00137    0.00140          1  0.000e+00
      21659    902.417     52.247     52.604    22.6783    22.6748   5.229211   5.229038     2.6422     2.2393       9.33   28.08596  -95.00042    0.00149    0.00144          1  0.000e+00
      21660    902.458     52.199     52.556    22.6785    22.6746   5.229279   5.229045     2.6422     2.2393       9.33   28.08596  -95.00042    0.00158    0.00149          1  0.000e+00
      21661    902.500     52.247     52.604    22.6780    22.6748   5.229241   5.228999     2.6422     2.2405       9.33   28.08596  -95.00042    0.00168    0.00155          1  0.000e+00
      21662    902.542     52.294     52.651    22.6776    22.6743   5.229143   5.228961     2.6422     2.2405       9.33   28.08596  -95.00042    0.00178    0.00161          1  0.000e+00
      21663    902.583     52.247     52.604    22.6765    22.6740   5.229097   5.228877     2.6422     2.2405       9.35   28.08596  -95.00042    0.00187    0.00167          1  0.000e+00
      21664    902.625     52.294     52.651    22.6758    22.6738   5.229014   5.228831     2.6422     2.2405       9.33   28.08596  -95.00042    0.00195    0.00171          1  0.000e+00
      21665    902.667     52.247     52.604    22.6772    22.6736   5.229097   5.228846     2.6422     2.2405       9.33   28.08596  -95.00042    0.00202    0.00176          1  0.000e+00
      21666    902.708     52.294     52.651    22.6769    22.6734   5.229037   5.228862     2.6422     2.2405       9.33   28.08596  -95.00042    0.00210    0.00180          1  0.000e+00
      21667    902.750     52.348     52.706    22.6751    22.6736   5.228992   5.228900     2.6422     2.2405       9.33   28.08596  -95.00042    0.00217    0.00184          1  0.000e+00
      21668    902.792     52.247     52.603    22.6760    22.6732   5.229029   5.228869     2.6422     2.2405       9.33   28.08596  -95.00042    0.00222    0.00187          1  0.000e+00
      21669    902.833     52.348     52.706    22.6776    22.6732   5.229135   5.228793     2.6422     2.2418       9.33   28.08596  -95.00042    0.00230    0.00191          1  0.000e+00
      21670    902.875     52.267     52.624    22.6772    22.6731   5.229105   5.228800     2.6422     2.2405       9.33   28.08596  -95.00042    0.00235    0.00193          1  0.000e+00
      21671    902.917     52.348     52.706    22.6770    22.6736   5.229045   5.228854     2.6422     2.2405       9.33   28.08596  -95.00042    0.00238    0.00194          1  0.000e+00
      21672    902.958     52.294     52.651    22.6776    22.6736   5.229143   5.228915     2.6422     2.2405       9.30   28.08596  -95.00042    0.00241    0.00196          1  0.000e+00
      21673    903.000     52.348     52.706    22.6781    22.6738   5.229143   5.228915     2.6422     2.2405       9.18   28.08596  -95.00042    0.00244    0.00195          1  0.000e+00
      21674    903.042     52.348     52.706    22.6785    22.6740   5.229286   5.228938     2.6422     2.2418       9.13   28.08596  -95.00042    0.00247    0.00197          1  0.000e+00
      21675    903.083     52.294     52.651    22.6813    22.6748   5.229513   5.229038     2.6422     2.2418       9.13   28.08596  -95.00042    0.00248    0.00197          1  0.000e+00
      21676    903.125     52.348     52.706    22.6824    22.6748   5.229626   5.229045     2.6422     2.2418       9.13   28.08596  -95.00042    0.00248    0.00198          1  0.000e+00
      21677    903.167     52.348     52.706    22.6826    22.6746   5.229618   5.229061     2.6422     2.2418       9.13   28.08596  -95.00042    0.00249    0.00199          1  0.000e+00
      21678    903.208     52.294     52.651    22.6810    22.6741   5.229415   5.229076     2.6435     2.2418       9.13   28.08596  -95.00042    0.00251    0.00199          1  0.000e+00
      21679    903.250     52.348     52.706    22.6792    22.6743   5.229271   5.229107     2.6422     2.2418       9.13   28.08596  -95.00042    0.00250    0.00199          1  0.000e+00
      21680    903.292     52.294     52.651    22.6780    22.6754   5.229158   5.229183     2.6422     2.2418       9.13   28.08596  -95.00042    0.00250    0.00199          1  0.000e+00
      21681    903.333     52.348     52.706    22.6774    22.6765   5.229120   5.229283     2.6422     2.2418       9.13   28.08596  -95.00042    0.00248    0.00199          1  0.000e+00
      21682    903.375     52.348     52.705    22.6780    22.6768   5.229226   5.229290     2.6435     2.2405       9.13   28.08596  -95.00042    0.00247    0.00196          1  0.000e+00
      21683    903.417     52.294     52.651    22.6781    22.6779   5.229264   5.229397     2.6435     2.2405       9.13   28.08596  -95.00042    0.00246    0.00194          1  0.000e+00
      21684    903.458     52.348     52.705    22.6790    22.6800   5.229354   5.229520     2.6435     2.2405       9.13   28.08596  -95.00042    0.00245    0.00191          1  0.000e+00
      21685    903.500     52.294     52.651    22.6788    22.6799   5.229392   5.229527     2.6422     2.2405       9.13   28.08596  -95.00042    0.00243    0.00188          1  0.000e+00
