Gulf of Mexico/GOMECC-4/1db/rb2103_0481.ros
* Sea-Bird SBE 9 Data File:
* FileName = C:\Users\scs.user.rb\CTD\GOMECC4\data\rb2103_0481.hex
* Software Version Seasave V 7.26.7.107
* Temperature SN = 4799
* Conductivity SN = 3860
* Number of Bytes Per Scan = 41
* Number of Voltage Words = 4
* Number of Scans Averaged by the Deck Unit = 1
* NMEA Latitude = 28 49.64 N
* NMEA Longitude = 090 48.84 W
* NMEA UTC (Time) = Sep 26 2021  19:53:40
* NMEA baud rate = 4800
# nquan = 17
# nvalues = 266                                   
# units = specified
# name 0 = scan: Scan Count
# name 1 = timeS: Time, Elapsed [seconds]
# name 2 = depSM: Depth [salt water, m]
# name 3 = prDM: Pressure, Digiquartz [db]
# name 4 = t090C: Temperature [ITS-90, deg C]
# name 5 = t190C: Temperature, 2 [ITS-90, deg C]
# name 6 = c0S/m: Conductivity [S/m]
# name 7 = c1S/m: Conductivity, 2 [S/m]
# name 8 = sbeox0V: Oxygen raw, SBE 43 [V]
# name 9 = sbeox1V: Oxygen raw, SBE 43, 2 [V]
# name 10 = altM: Altimeter [m]
# name 11 = latitude: Latitude [deg]
# name 12 = longitude: Longitude [deg]
# name 13 = sbox0dV/dT: Oxygen, SBE 43 [dov/dt]
# name 14 = sbox1dV/dT: Oxygen, SBE 43, 2 [dov/dt]
# name 15 = nbf: Bottles Fired
# name 16 = flag:  0.000e+00
# interval = seconds: 0.0416667
# start_time = Sep 26 2021 19:53:40 [NMEA time, header]
# bad_flag = -9.990e-29
*END*
[from data line 86]
      24311   1012.917     12.896     12.984    26.7110    26.7123   4.497316   4.497301     3.2381     2.7692       5.42   28.82752  -90.81408   -0.00002   -0.00023          1  0.000e+00
      24312   1012.958     12.874     12.961    26.7110    26.7128   4.497323   4.497301     3.2381     2.7692       5.42   28.82752  -90.81408   -0.00004   -0.00016          1  0.000e+00
      24313   1013.000     12.927     13.014    26.7110    26.7126   4.497259   4.497316     3.2381     2.7692       5.42   28.82752  -90.81408   -0.00005   -0.00010          1  0.000e+00
      24314   1013.042     12.896     12.984    26.7109    26.7124   4.497323   4.497337     3.2381     2.7692       5.42   28.82752  -90.81408   -0.00006   -0.00004          1  0.000e+00
      24315   1013.083     12.927     13.014    26.7110    26.7128   4.497301   4.497388     3.2381     2.7692       5.42   28.82752  -90.81408   -0.00005    0.00003          1  0.000e+00
      24316   1013.125     12.896     12.984    26.7108    26.7130   4.497330   4.497416     3.2381     2.7692       5.40   28.82752  -90.81408   -0.00007    0.00009          1  0.000e+00
      24317   1013.167     12.927     13.014    26.7108    26.7128   4.497316   4.497402     3.2381     2.7692       5.42   28.82752  -90.81408   -0.00008    0.00014          1  0.000e+00
      24318   1013.208     12.896     12.984    26.7111    26.7130   4.497323   4.497381     3.2381     2.7692       5.42   28.82752  -90.81408   -0.00009    0.00018          1  0.000e+00
      24319   1013.250     12.874     12.961    26.7110    26.7132   4.497308   4.497381     3.2381     2.7680       5.42   28.82752  -90.81408   -0.00010    0.00022          1  0.000e+00
      24320   1013.292     12.927     13.014    26.7110    26.7130   4.497337   4.497337     3.2381     2.7680       5.42   28.82752  -90.81408   -0.00011    0.00023          1  0.000e+00
      24321   1013.333     12.896     12.984    26.7110    26.7132   4.497330   4.497366     3.2381     2.7680       5.42   28.82752  -90.81408   -0.00012    0.00025          1  0.000e+00
      24322   1013.375     12.927     13.014    26.7111    26.7134   4.497308   4.497424     3.2381     2.7668       5.42   28.82752  -90.81408   -0.00014    0.00025          1  0.000e+00
      24323   1013.417     12.896     12.984    26.7112    26.7132   4.497308   4.497395     3.2381     2.7668       5.42   28.82752  -90.81408   -0.00015    0.00023          1  0.000e+00
      24324   1013.458     12.874     12.961    26.7112    26.7130   4.497351   4.497424     3.2381     2.7668       5.42   28.82752  -90.81408   -0.00014    0.00022          1  0.000e+00
      24325   1013.500     12.949     13.037    26.7111    26.7130   4.497351   4.497395     3.2381     2.7656       5.42   28.82752  -90.81408   -0.00013    0.00018          1  0.000e+00
      24326   1013.542     12.874     12.961    26.7114    26.7130   4.497316   4.497359     3.2381     2.7656       5.42   28.82752  -90.81408   -0.00013    0.00014          1  0.000e+00
      24327   1013.583     12.927     13.014    26.7112    26.7128   4.497351   4.497373     3.2381     2.7656       5.42   28.82752  -90.81408   -0.00012    0.00009          1  0.000e+00
      24328   1013.625     12.949     13.037    26.7114    26.7128   4.497379   4.497359     3.2393     2.7643       5.42   28.82752  -90.81408   -0.00010    0.00001          1  0.000e+00
      24329   1013.667     12.874     12.961    26.7111    26.7130   4.497386   4.497373     3.2393     2.7643       5.42   28.82752  -90.81408   -0.00007   -0.00007          1  0.000e+00
      24330   1013.708     12.896     12.984    26.7110    26.7128   4.497344   4.497359     3.2381     2.7643       5.42   28.82752  -90.81408   -0.00006   -0.00015          1  0.000e+00
      24331   1013.750     12.926     13.014    26.7110    26.7130   4.497344   4.497373     3.2381     2.7643       5.42   28.82752  -90.81408   -0.00006   -0.00023          1  0.000e+00
      24332   1013.792     12.874     12.961    26.7107    26.7130   4.497351   4.497395     3.2381     2.7643       5.40   28.82752  -90.81410   -0.00006   -0.00032          1  0.000e+00
      24333   1013.833     12.896     12.984    26.7105    26.7130   4.497316   4.497381     3.2381     2.7643       5.42   28.82752  -90.81410   -0.00007   -0.00042          1  0.000e+00
      24334   1013.875     12.926     13.014    26.7103    26.7128   4.497323   4.497359     3.2381     2.7643       5.40   28.82752  -90.81410   -0.00008   -0.00051          1  0.000e+00
      24335   1013.917     12.896     12.984    26.7105    26.7130   4.497308   4.497373     3.2381     2.7631       5.42   28.82752  -90.81410   -0.00009   -0.00062          1  0.000e+00
      24336   1013.958     12.874     12.961    26.7103    26.7130   4.497308   4.497395     3.2381     2.7643       5.42   28.82752  -90.81410   -0.00010   -0.00071          1  0.000e+00
      24337   1014.000     12.896     12.984    26.7102    26.7132   4.497266   4.497381     3.2381     2.7643       5.40   28.82752  -90.81410   -0.00011   -0.00080          1  0.000e+00
      24338   1014.042     12.926     13.014    26.7103    26.7135   4.497266   4.497424     3.2381     2.7643       5.42   28.82752  -90.81410   -0.00012   -0.00087          1  0.000e+00
      24339   1014.083     12.813     12.900    26.7103    26.7136   4.497245   4.497424     3.2381     2.7643       5.42   28.82752  -90.81410   -0.00013   -0.00096          1  0.000e+00
      24340   1014.125     12.896     12.984    26.7103    26.7133   4.497273   4.497424     3.2381     2.7643       5.42   28.82752  -90.81410   -0.00014   -0.00103          1  0.000e+00
      24341   1014.167     12.874     12.961    26.7104    26.7137   4.497273   4.497460     3.2381     2.7643       5.42   28.82752  -90.81410   -0.00015   -0.00110          1  0.000e+00
      24342   1014.208     12.896     12.984    26.7103    26.7135   4.497330   4.497402     3.2381     2.7643       5.42   28.82752  -90.81410   -0.00016   -0.00117          1  0.000e+00
      24343   1014.250     12.874     12.961    26.7105    26.7133   4.497330   4.497424     3.2381     2.7643       5.40   28.82752  -90.81410   -0.00017   -0.00124          1  0.000e+00
      24344   1014.292     12.874     12.961    26.7105    26.7132   4.497308   4.497424     3.2381     2.7643       5.42   28.82752  -90.81410   -0.00018   -0.00129          1  0.000e+00
      24345   1014.333     12.836     12.923    26.7105    26.7133   4.497252   4.497460     3.2381     2.7643       5.42   28.82752  -90.81410   -0.00019   -0.00133          1  0.000e+00
      24346   1014.375     12.926     13.014    26.7105    26.7136   4.497245   4.497460     3.2381     2.7643       5.42   28.82752  -90.81410   -0.00020   -0.00138          1  0.000e+00
      24347   1014.417     12.836     12.923    26.7105    26.7135   4.497266   4.497416     3.2381     2.7643       5.40   28.82752  -90.81410   -0.00021   -0.00143          1  0.000e+00
      24348   1014.458     12.813     12.900    26.7104    26.7136   4.497245   4.497467     3.2381     2.7643       5.42   28.82752  -90.81410   -0.00023   -0.00147          1  0.000e+00
      24349   1014.500     12.836     12.923    26.7107    26.7135   4.497245   4.497452     3.2381     2.7643       5.42   28.82752  -90.81410   -0.00026   -0.00151          1  0.000e+00
      24350   1014.542     12.874     12.961    26.7105    26.7134   4.497238   4.497481     3.2369     2.7643       5.42   28.82752  -90.81410   -0.00031   -0.00155          1  0.000e+00
      24351   1014.583     12.813     12.900    26.7105    26.7135   4.497238   4.497452     3.2381     2.7643       5.42   28.82752  -90.81410   -0.00034   -0.00157          1  0.000e+00
      24352   1014.625     12.896     12.984    26.7107    26.7134   4.497245   4.497424     3.2381     2.7643       5.40   28.82752  -90.81410   -0.00036   -0.00161          1  0.000e+00
      24353   1014.667     12.813     12.900    26.7108    26.7133   4.497237   4.497431     3.2369     2.7656       5.40   28.82752  -90.81410   -0.00039   -0.00163          1  0.000e+00
      24354   1014.708     12.836     12.923    26.7108    26.7132   4.497202   4.497424     3.2369     2.7656       5.40   28.82752  -90.81410   -0.00042   -0.00162          1  0.000e+00
      24355   1014.750     12.813     12.900    26.7107    26.7135   4.497237   4.497431     3.2369     2.7656       5.42   28.82752  -90.81410   -0.00045   -0.00162          1  0.000e+00
      24356   1014.792     12.836     12.923    26.7111    26.7132   4.497294   4.497424     3.2369     2.7656       5.42   28.82752  -90.81408   -0.00047   -0.00164          1  0.000e+00
      24357   1014.833     12.874     12.961    26.7110    26.7134   4.497280   4.497431     3.2369     2.7668       5.40   28.82752  -90.81408   -0.00050   -0.00163          1  0.000e+00
      27117   1129.833      3.649      3.674    27.0090    27.0112   4.511935   4.512059     3.3956     2.9084      14.53   28.82752  -90.81412    0.00089   -0.00123          2  0.000e+00
      27118   1129.875      3.763      3.788    27.0088    27.0117   4.511935   4.512110     3.3956     2.9072      14.55   28.82752  -90.81412    0.00087   -0.00132          2  0.000e+00
      27119   1129.917      3.528      3.552    27.0085    27.0117   4.511871   4.512066     3.3956     2.9084      14.53   28.82752  -90.81412    0.00083   -0.00139          2  0.000e+00
      27120   1129.958      3.536      3.560    27.0081    27.0115   4.511878   4.512052     3.3956     2.9072      14.53   28.82752  -90.81412    0.00081   -0.00149          2  0.000e+00
      27121   1130.000      3.695      3.720    27.0081    27.0116   4.511864   4.512074     3.3956     2.9072      14.53   28.82752  -90.81412    0.00079   -0.00158          2  0.000e+00
      27122   1130.042      3.596      3.621    27.0083    27.0115   4.511886   4.512030     3.3944     2.9084      14.53   28.82752  -90.81412    0.00074   -0.00165          2  0.000e+00
      27123   1130.083      3.596      3.621    27.0085    27.0113   4.511893   4.512038     3.3944     2.9084      14.53   28.82752  -90.81412    0.00068   -0.00172          2  0.000e+00
      27124   1130.125      3.634      3.659    27.0079    27.0110   4.511893   4.512052     3.3956     2.9072      14.55   28.82752  -90.81412    0.00065   -0.00179          2  0.000e+00
      27125   1130.167      3.536      3.560    27.0079    27.0110   4.511864   4.512023     3.3956     2.9084      14.55   28.82752  -90.81412    0.00061   -0.00185          2  0.000e+00
      27126   1130.208      3.634      3.659    27.0074    27.0111   4.511822   4.511980     3.3944     2.9084      14.53   28.82752  -90.81412    0.00056   -0.00190          2  0.000e+00
      27127   1130.250      3.596      3.621    27.0079    27.0110   4.511871   4.512002     3.3956     2.9084      14.55   28.82752  -90.81412    0.00054   -0.00196          2  0.000e+00
      27128   1130.292      3.596      3.621    27.0083    27.0112   4.511893   4.512009     3.3956     2.9084      14.53   28.82752  -90.81412    0.00052   -0.00199          2  0.000e+00
      27129   1130.333      3.634      3.659    27.0092    27.0113   4.512006   4.512038     3.3956     2.9096      14.55   28.82752  -90.81412    0.00051   -0.00201          2  0.000e+00
      27130   1130.375      3.649      3.674    27.0098    27.0115   4.512049   4.512052     3.3968     2.9096      14.55   28.82752  -90.81412    0.00049   -0.00203          2  0.000e+00
      27131   1130.417      3.536      3.560    27.0105    27.0113   4.512134   4.512073     3.3968     2.9109      14.53   28.82752  -90.81412    0.00047   -0.00203          2  0.000e+00
      27132   1130.458      3.634      3.659    27.0112    27.0113   4.512134   4.512088     3.3968     2.9109      14.53   28.82752  -90.81412    0.00045   -0.00201          2  0.000e+00
      27133   1130.500      3.649      3.674    27.0116    27.0115   4.512234   4.512088     3.3968     2.9109      14.53   28.82752  -90.81412    0.00043   -0.00201          2  0.000e+00
      27134   1130.542      3.634      3.659    27.0118    27.0117   4.512255   4.512088     3.3968     2.9109      14.55   28.82752  -90.81412    0.00043   -0.00199          2  0.000e+00
      27135   1130.583      3.649      3.674    27.0114    27.0116   4.512099   4.512059     3.3968     2.9121      14.53   28.82752  -90.81412    0.00043   -0.00195          2  0.000e+00
      27136   1130.625      3.596      3.621    27.0072    27.0113   4.511722   4.512023     3.3980     2.9121      14.55   28.82752  -90.81412    0.00045   -0.00191          2  0.000e+00
      27137   1130.667      3.695      3.720    27.0057    27.0097   4.511566   4.511865     3.3980     2.9121      14.53   28.82752  -90.81412    0.00046   -0.00188          2  0.000e+00
      27138   1130.708      3.649      3.674    27.0062    27.0079   4.511637   4.511699     3.3968     2.9121      14.53   28.82752  -90.81412    0.00046   -0.00182          2  0.000e+00
      27139   1130.750      3.649      3.674    27.0065    27.0073   4.511722   4.511692     3.3980     2.9121      14.53   28.82752  -90.81412    0.00048   -0.00177          2  0.000e+00
      27140   1130.792      3.634      3.659    27.0049    27.0078   4.511538   4.511757     3.3980     2.9133      14.53   28.82752  -90.81412    0.00049   -0.00170          2  0.000e+00
      27141   1130.833      3.710      3.735    27.0030    27.0086   4.511353   4.511836     3.3980     2.9133      14.53   28.82752  -90.81412    0.00051   -0.00162          2  0.000e+00
      27142   1130.875      3.695      3.720    27.0005    27.0092   4.511140   4.511858     3.3980     2.9133      14.55   28.82752  -90.81412    0.00051   -0.00155          2  0.000e+00
      27143   1130.917      3.649      3.674    26.9999    27.0095   4.510998   4.511915     3.3980     2.9133      14.55   28.82752  -90.81412    0.00050   -0.00146          2  0.000e+00
      27144   1130.958      3.710      3.735    26.9991    27.0102   4.510941   4.511872     3.3993     2.9133      14.58   28.82752  -90.81412    0.00051   -0.00137          2  0.000e+00
      27145   1131.000      3.695      3.720    26.9975    27.0104   4.510870   4.511858     3.3993     2.9133      14.55   28.82752  -90.81412    0.00053   -0.00128          2  0.000e+00
      27146   1131.042      3.710      3.735    26.9967    27.0103   4.510792   4.511886     3.3980     2.9145      14.58   28.82752  -90.81412    0.00052   -0.00117          2  0.000e+00
      27147   1131.083      3.747      3.773    26.9958    27.0106   4.510742   4.511922     3.3980     2.9133      14.55   28.82752  -90.81412    0.00051   -0.00108          2  0.000e+00
      27148   1131.125      3.649      3.674    26.9955    27.0104   4.510764   4.511937     3.3980     2.9145      14.58   28.82752  -90.81412    0.00050   -0.00097          2  0.000e+00
      27149   1131.167      3.763      3.788    26.9956    27.0104   4.510799   4.511872     3.3980     2.9145      14.58   28.82752  -90.81412    0.00048   -0.00086          2  0.000e+00
      27150   1131.208      3.695      3.720    26.9955    27.0099   4.510785   4.511771     3.3980     2.9145      14.58   28.82752  -90.81412    0.00045   -0.00075          2  0.000e+00
      27151   1131.250      3.763      3.788    26.9954    27.0075   4.510799   4.511627     3.3993     2.9158      14.58   28.82752  -90.81412    0.00044   -0.00063          2  0.000e+00
      27152   1131.292      3.710      3.735    26.9956    27.0044   4.510870   4.511591     3.3993     2.9145      14.58   28.82752  -90.81412    0.00043   -0.00052          2  0.000e+00
      27153   1131.333      3.808      3.834    26.9963    27.0056   4.510828   4.511591     3.3993     2.9158      14.58   28.82752  -90.81412    0.00041   -0.00039          2  0.000e+00
