Gulf of Mexico/GOMECC-4/1db/rb2103_0411.cnv
* Sea-Bird SBE 9 Data File:
* FileName = C:\Users\scs.user.rb\CTD\GOMECC4\data\rb2103_0411.hex
* Software Version Seasave V 7.26.7.107
* Temperature SN = 4799
* Conductivity SN = 3860
* Number of Bytes Per Scan = 41
* Number of Voltage Words = 4
* Number of Scans Averaged by the Deck Unit = 1
* NMEA Latitude = 28 04.43 N
* NMEA Longitude = 089 59.85 W
* NMEA UTC (Time) = Sep 26 2021  02:13:04
* NMEA baud rate = 4800
# nquan = 28
# nvalues = 390                         
# units = specified
# name 0 = scan: Scan Count
# name 1 = timeS: Time, Elapsed [seconds]
# name 2 = depSM: Depth [salt water, m]
# name 3 = prDM: Pressure, Digiquartz [db]
# name 4 = t090C: Temperature [ITS-90, deg C]
# name 5 = t190C: Temperature, 2 [ITS-90, deg C]
# name 6 = c0S/m: Conductivity [S/m]
# name 7 = c1S/m: Conductivity, 2 [S/m]
# name 8 = sbeox0V: Oxygen raw, SBE 43 [V]
# name 9 = sbeox1V: Oxygen raw, SBE 43, 2 [V]
# name 10 = altM: Altimeter [m]
# name 11 = latitude: Latitude [deg]
# name 12 = longitude: Longitude [deg]
# name 13 = sbox0dV/dT: Oxygen, SBE 43 [dov/dt]
# name 14 = sbox1dV/dT: Oxygen, SBE 43, 2 [dov/dt]
# name 15 = sbeox0ML/L: Oxygen, SBE 43 [ml/l], WS = 5
# name 16 = sbeox1ML/L: Oxygen, SBE 43, 2 [ml/l], WS = 5
# name 17 = potemp090C: Potential Temperature [ITS-90, deg C]
# name 18 = potemp190C: Potential Temperature, 2 [ITS-90, deg C]
# name 19 = sal00: Salinity, Practical [PSU]
# name 20 = sal11: Salinity, Practical, 2 [PSU]
# name 21 = sigma-é00: Density [sigma-theta, kg/m^3]
# name 22 = sigma-é11: Density, 2 [sigma-theta, kg/m^3]
# name 23 = avgsvCM: Average Sound Velocity [Chen-Millero, m/s], minP = 20, minS = 20
# name 24 = sbox0Mm/Kg: Oxygen, SBE 43 [umol/kg], WS = 5
# name 25 = sbox1Mm/Kg: Oxygen, SBE 43, 2 [umol/kg], WS = 5
# name 26 = nbin: number of scans per bin
# name 27 = flag: flag
# span 0 =      23335,     483164       
# span 1 =    972.231,  20130.961       
# span 2 =      1.986,    430.659       
# span 3 =      2.000,    434.000       
# span 4 =     9.3125,   506.8462       
# span 5 =     9.3183,   427.1431       
# span 6 =   3.775126, 120.219041       
# span 7 =   3.775126, 120.224591       
# span 8 =     1.6299,    64.3249       
# span 9 =     1.3327,    54.7029       
# span 10 =       8.80,    1404.48      
# span 11 =   27.83403,  577.52128      
# span 12 =-1850.99411,  -89.20989      
# span 13 =   -0.02328,    0.01772      
# span 14 =   -0.02225,    0.01812      
# span 15 =     2.5531,    77.6510      
# span 16 =     2.5837,    81.8663      
# span 17 =     9.2636,   506.8251      
# span 18 =     9.2694,   427.1251      
# span 19 =    35.1099,   642.7000      
# span 20 =    35.1090,   541.6318      
# span 21 =    22.9261,   410.5139      
# span 22 =    22.9400,   345.9548      
# span 23 =       0.00,    1564.86      
# span 24 =    111.025,   3389.601      
# span 25 =    112.357,   3573.596      
# span 26 =         30,         73      
# span 27 = 0.0000e+00, 0.0000e+00      
# interval = decibars: 1                
# start_time = Sep 26 2021 02:13:04 [NMEA time, header]
# bad_flag = -9.990e-29
*END*
[from data line 104]
      28128   1171.956    115.196    116.000    19.8317    19.8352   4.986449   4.986905     2.3193     1.9551     100.00   28.07994  -89.99750   -0.00233   -0.00267     3.4454     3.4764    19.8102    19.8137    36.7050    36.7057    26.1133    26.1129    1535.39    149.958    151.307         35 0.0000e+00
      28164   1173.472    116.188    117.000    19.7920    19.7962   4.981832   4.982325     2.3185     1.9550      93.18   28.07994  -89.99750   -0.00250   -0.00243     3.4470     3.4790    19.7704    19.7745    36.7011    36.7016    26.1209    26.1202    1535.30    150.025    151.418         38 0.0000e+00
      28201   1174.983    117.181    118.000    19.7104    19.7137   4.972341   4.972748     2.3204     1.9595      93.05   28.07994  -89.99750   -0.00049    0.00021     3.4573     3.4957    19.6886    19.6919    36.6935    36.6940    26.1366    26.1362    1535.20    150.471    152.143         34 0.0000e+00
      28235   1176.418    118.174    119.000    19.6730    19.6748   4.968076   4.968331     2.3258     1.9644     100.11   28.07994  -89.99750    0.00168    0.00279     3.4719     3.5105    19.6511    19.6529    36.6905    36.6911    26.1443    26.1443    1535.12    151.104    152.784         34 0.0000e+00
      28268   1177.808    119.167    120.000    19.6512    19.6526   4.965497   4.965711     2.3304     1.9660     100.00   28.07994  -89.99750    0.00319    0.00300     3.4840     3.5162    19.6291    19.6305    36.6879    36.6884    26.1481    26.1481    1535.03    151.631    153.031         33 0.0000e+00
      28301   1179.169    120.159    121.000    19.6165    19.6187   4.961140   4.961423     2.3324     1.9664      96.16   28.07994  -89.99750    0.00314    0.00136     3.4911     3.5200    19.5941    19.5966    36.6819    36.6823    26.1527    26.1524    1534.94    151.941    153.198         33 0.0000e+00
      28335   1180.572    121.152    122.000    19.5644    19.5679   4.954841   4.955265     2.3307     1.9642      63.55   28.07994  -89.99750    0.00126   -0.00001     3.4916     3.5187    19.5420    19.5455    36.6747    36.6751    26.1609    26.1603    1534.85    151.961    153.137         35 0.0000e+00
      28371   1182.074    122.145    123.000    19.5160    19.5182   4.949525   4.949787     2.3280     1.9635      99.28   28.07994  -89.99750   -0.00104   -0.00096     3.4898     3.5206    19.4934    19.4956    36.6726    36.6729    26.1720    26.1716    1534.76    151.880    153.221         38 0.0000e+00
      28409   1183.659    123.138    124.000    19.4932    19.4950   4.947623   4.947847     2.3320     1.9704     100.00   28.07994  -89.99750   -0.00058    0.00066     3.5004     3.5393    19.4705    19.4723    36.6764    36.6767    26.1809    26.1806    1534.67    152.341    154.034         36 0.0000e+00
      28442   1185.024    124.130    125.000    19.4644    19.4670   4.944273   4.944600     2.3403     1.9793     100.00   28.07994  -89.99750    0.00276    0.00420     3.5209     3.5625    19.4416    19.4441    36.6734    36.6738    26.1862    26.1859    1534.59    153.231    155.042         30 0.0000e+00
      28473   1186.323    125.123    126.000    19.4287    19.4320   4.940145   4.940547     2.3441     1.9824     100.00   28.07994  -89.99750    0.00465    0.00545     3.5322     3.5729    19.4056    19.4089    36.6700    36.6705    26.1930    26.1925    1534.50    153.721    155.495         33 0.0000e+00
      28508   1187.804    126.116    127.000    19.3921    19.3947   4.935748   4.936083     2.3460     1.9832     100.00   28.07994  -89.99750    0.00334    0.00291     3.5394     3.5778    19.3689    19.3716    36.6651    36.6656    26.1988    26.1985    1534.41    154.035    155.704         38 0.0000e+00
      28546   1189.385    127.108    128.000    19.3606    19.3633   4.931987   4.932352     2.3465     1.9817     100.00   28.07994  -89.99750    0.00110    0.00014     3.5432     3.5768    19.3372    19.3400    36.6611    36.6617    26.2040    26.2037    1534.33    154.197    155.661         37 0.0000e+00
      28581   1190.840    128.101    129.000    19.3304    19.3321   4.928410   4.928639     2.3457     1.9814     100.00   28.07994  -89.99750    0.00009   -0.00069     3.5442     3.5788    19.3069    19.3086    36.6573    36.6578    26.2091    26.2090    1534.25    154.239    155.747         32 0.0000e+00
      28611   1192.095    129.094    130.000    19.3179    19.3192   4.926989   4.927168     2.3469     1.9829      78.75   28.07994  -89.99750   -0.00001    0.00001     3.5482     3.5837    19.2942    19.2955    36.6561    36.6565    26.2114    26.2114    1534.17    154.415    155.959         30 0.0000e+00
      28644   1193.462    130.087    131.000    19.3149    19.3164   4.926690   4.926895     2.3488     1.9859      99.27   28.07994  -89.99750    0.00068    0.00105     3.5530     3.5915    19.2911    19.2925    36.6558    36.6563    26.2120    26.2120    1534.08    154.623    156.300         37 0.0000e+00
      28684   1195.111    131.080    132.000    19.3074    19.3091   4.925756   4.926031     2.3502     1.9884     100.00   28.07994  -89.99751    0.00112    0.00181     3.5566     3.5981    19.2834    19.2851    36.6550    36.6555    26.2134    26.2133    1534.01    154.780    156.589         39 0.0000e+00
      28719   1196.588    132.072    133.000    19.2857    19.2881   4.923271   4.923604     2.3526     1.9891     100.00   28.07995  -89.99752    0.00115    0.00136     3.5643     3.6021    19.2615    19.2640    36.6522    36.6529    26.2170    26.2168    1533.93    155.113    156.759         32 0.0000e+00
      28749   1197.846    133.065    134.000    19.2656    19.2672   4.920914   4.921118     2.3554     1.9910     100.00   28.07996  -89.99752    0.00161    0.00092     3.5724     3.6086    19.2412    19.2429    36.6498    36.6501    26.2204    26.2202    1533.85    155.468    157.041         31 0.0000e+00
      28784   1199.293    134.057    135.000    19.2394    19.2392   4.917849   4.917835     2.3590     1.9933     100.00   28.07996  -89.99752    0.00221    0.00148     3.5824     3.6160    19.2150    19.2147    36.6468    36.6469    26.2249    26.2251    1533.77    155.903    157.363         39 0.0000e+00
      28824   1200.961    135.050    136.000    19.1570    19.1737   4.907842   4.909892     2.3712     2.0062     100.00   28.07996  -89.99752    0.00399    0.00394     3.6165     3.6531    19.1323    19.1491    36.6352    36.6377    26.2375    26.2350    1533.69    157.382    158.978         36 0.0000e+00
      28881   1203.341    137.035    138.000    19.0983    19.1005   4.900529   4.900834     2.3777     2.0122      99.99   28.07575  -89.98403    0.00450    0.00450     3.6354     3.6731    19.0734    19.0755    36.6230    36.6237    26.2429    26.2428    1533.30    158.204    159.846         32 0.0000e+00
      28923   1205.066    138.028    139.000    19.0865    19.0881   4.899573   4.899813     2.3809     2.0140     100.00   28.07996  -89.99752    0.00228    0.00152     3.6438     3.6789    19.0614    19.0630    36.6269    36.6275    26.2495    26.2495    1533.46    158.569    160.099         42 0.0000e+00
      28961   1206.659    139.021    140.000    19.0541    19.0569   4.895740   4.896085     2.3833     2.0166     100.00   28.07996  -89.99753    0.00179    0.00089     3.6519     3.6879    19.0288    19.0317    36.6229    36.6233    26.2548    26.2544    1533.39    158.923    160.490         33 0.0000e+00
      28992   1207.965    140.014    141.000    19.0155    19.0163   4.891086   4.891280     2.3833     2.0206     100.00   28.07996  -89.99754    0.00128    0.00187     3.6553     3.6999    18.9902    18.9910    36.6181    36.6184    26.2611    26.2611    1533.32    159.069    161.010         31 0.0000e+00
      29024   1209.285    141.006    142.000    18.9908    18.9927   4.888185   4.888443     2.3846     2.0211      95.18   28.07996  -89.99754    0.00059    0.00218     3.6607     3.7043    18.9653    18.9671    36.6145    36.6150    26.2647    26.2646    1533.24    159.303    161.201         33 0.0000e+00
      29060   1210.795    141.999    143.000    18.9743    18.9756   4.886262   4.886465     2.3854     2.0209      85.64   28.07996  -89.99754    0.00078    0.00077     3.6641     3.7055    18.9486    18.9499    36.6125    36.6131    26.2675    26.2676    1533.16    159.451    161.253         40 0.0000e+00
      29100   1212.468    142.992    144.000    18.9610    18.9626   4.884715   4.884941     2.3852     2.0214     100.46   28.07996  -89.99754    0.00033   -0.00007     3.6651     3.7082    18.9351    18.9368    36.6109    36.6113    26.2697    26.2697    1533.09    159.494    161.370         37 0.0000e+00
      29158   1214.883    144.977    146.000    18.9314    18.9335   4.880953   4.881217     2.3852     2.0205      99.99   28.07677  -89.98732    0.00021    0.00014     3.6683     3.7091    18.9052    18.9073    36.6032    36.6035    26.2712    26.2709    1532.78    159.633    161.408         30 0.0000e+00
      29196   1216.473    145.970    147.000    18.9057    18.9081   4.878153   4.878454     2.3847     2.0202     100.00   28.07996  -89.99754   -0.00015   -0.00040     3.6696     3.7108    18.8794    18.8818    36.6034    36.6039    26.2784    26.2781    1532.88    159.687    161.482         42 0.0000e+00
      29240   1218.278    146.962    148.000    18.8915    18.8926   4.876498   4.876664     2.3846     2.0181     100.00   28.07996  -89.99754   -0.00041   -0.00081     3.6710     3.7071    18.8650    18.8661    36.6015    36.6019    26.2806    26.2806    1532.81    159.749    161.318         39 0.0000e+00
      29295   1220.597    148.947    150.000    18.8799    18.8809   4.874689   4.874838     2.3823     2.0171      99.98   28.07455  -89.98013   -0.00044   -0.00053     3.6676     3.7064    18.8530    18.8540    36.5934    36.5938    26.2769    26.2769    1532.38    159.601    161.291         33 0.0000e+00
      29340   1222.445    149.940    151.000    18.8797    18.8810   4.875206   4.875403     2.3815     2.0165     100.00   28.07998  -89.99755   -0.00091   -0.00037     3.6663     3.7055    18.8526    18.8540    36.6000    36.6004    26.2826    26.2826    1532.61    159.545    161.250         44 0.0000e+00
      29378   1224.058    150.932    152.000    18.8633    18.8656   4.873167   4.873361     2.3810     2.0152     100.00   28.07998  -89.99756   -0.00050   -0.00063     3.6672     3.7043    18.8361    18.8384    36.5974    36.5978    26.2849    26.2846    1532.54    159.584    161.197         32 0.0000e+00
      29434   1226.360    152.918    154.000    18.7947    18.7969   4.864819   4.865109     2.3787     2.0143      99.98   28.07438  -89.97961   -0.00079   -0.00064     3.6689     3.7084    18.7672    18.7693    36.5865    36.5867    26.2940    26.2935    1532.10    159.655    161.372         34 0.0000e+00
      29479   1228.267    153.911    155.000    18.7832    18.7844   4.863733   4.863905     2.3805     2.0141      82.44   28.07998  -89.99756    0.00000   -0.00006     3.6733     3.7085    18.7555    18.7567    36.5870    36.5873    26.2975    26.2975    1532.34    159.847    161.378         46 0.0000e+00
      29520   1229.940    154.903    156.000    18.7468    18.7494   4.859332   4.859647     2.3788     2.0132     100.48   28.07998  -89.99756    0.00013   -0.00014     3.6728     3.7094    18.7190    18.7216    36.5816    36.5819    26.3027    26.3023    1532.28    159.825    161.417         32 0.0000e+00
      29570   1232.025    156.888    158.000    18.6187    18.6216   4.842976   4.843335     2.3707     2.0042      99.97   28.07056  -89.96738   -0.00215   -0.00244     3.6657     3.6980    18.5907    18.5935    36.5518    36.5523    26.3115    26.3112    1531.63    159.514    160.919         36 0.0000e+00
      29621   1234.178    157.881    159.000    18.5767    18.5810   4.838743   4.839264     2.3630     1.9984     100.00   28.07998  -89.99756   -0.00365   -0.00348     3.6532     3.6873    18.5485    18.5528    36.5568    36.5574    26.3271    26.3265    1532.08    158.968    160.449         45 0.0000e+00
      29711   1237.920    160.859    162.000    18.4666    18.4697   4.825052   4.825341     2.3654     2.0036      99.97   28.07201  -89.97202    0.00069    0.00214     3.6685     3.7097    18.4380    18.4411    36.5328    36.5333    26.3359    26.3355    1531.45    159.632    161.422         42 0.0000e+00
      29763   1240.091    161.851    163.000    18.4525    18.4540   4.824028   4.824248     2.3674     2.0033     100.00   28.07998  -89.99758    0.00191    0.00157     3.6735     3.7105    18.4238    18.4252    36.5406    36.5411    26.3463    26.3463    1531.83    159.848    161.458         40 0.0000e+00
      29854   1243.877    164.829    166.000    18.4131    18.4147   4.818949   4.819169     2.3678     2.0052      90.35   28.07346  -89.97662    0.00025    0.00040     3.6789     3.7193    18.3839    18.3855    36.5283    36.5288    26.3463    26.3462    1531.28    160.082    161.837         51 0.0000e+00
      29905   1246.007    165.821    167.000    18.4006    18.4019   4.818127   4.818309     2.3693     2.0065      82.73   28.08000  -89.99760    0.00049    0.00005     3.6836     3.7239    18.3712    18.3725    36.5349    36.5352    26.3552    26.3551    1531.58    160.287    162.040         33 0.0000e+00
      29954   1248.040    167.806    169.000    18.3793    18.3798   4.815117   4.815190     2.3695     2.0057      99.98   28.07434  -89.97945    0.00039   -0.00008     3.6867     3.7246    18.3495    18.3500    36.5250    36.5252    26.3525    26.3525    1531.15    160.421    162.067         31 0.0000e+00
      29999   1249.937    168.799    170.000    18.3456    18.3473   4.811481   4.811690     2.3684     2.0038     100.00   28.08000  -89.99760   -0.00009   -0.00029     3.6873     3.7228    18.3157    18.3176    36.5260    36.5264    26.3624    26.3623    1531.40    160.445    161.988         48 0.0000e+00
      30042   1251.724    169.791    171.000    18.3164    18.3182   4.807937   4.808162     2.3637     2.0015     100.00   28.08000  -89.99760   -0.00147   -0.00126     3.6795     3.7199    18.2864    18.2882    36.5214    36.5217    26.3662    26.3660    1531.34    160.106    161.861         35 0.0000e+00
      30098   1254.060    171.777    173.000    18.2525    18.2540   4.800081   4.800246     2.3576     1.9960      99.99   28.07714  -89.98844   -0.00289   -0.00208     3.6718     3.7121    18.2223    18.2237    36.5092    36.5093    26.3727    26.3724    1531.07    159.768    161.524         30 0.0000e+00
      30136   1255.635    172.769    174.000    18.2436    18.2445   4.799343   4.799482     2.3593     1.9977     100.00   28.08002  -89.99760   -0.00131   -0.00101     3.6767     3.7175    18.2131    18.2140    36.5117    36.5121    26.3772    26.3772    1531.16    159.982    161.756         42 0.0000e+00
      30180   1257.439    173.761    175.000    18.2333    18.2367   4.797944   4.798260     2.3604     1.9979     100.00   28.08002  -89.99762    0.00074    0.00048     3.6806     3.7187    18.2027    18.2061    36.5104    36.5110    26.3788    26.3785    1531.11    160.151    161.810         40 0.0000e+00
      30214   1258.863    174.754    176.000    18.1698    18.1726   4.791049   4.791366     2.3609     2.0008     100.00   28.08002  -89.99762    0.00050    0.00039     3.6873     3.7321    18.1391    18.1418    36.5040    36.5042    26.3899    26.3893    1531.04    160.443    162.391         30 0.0000e+00
      30243   1260.081    175.747    177.000    18.1498    18.1514   4.788496   4.788704     2.3669     2.0084     100.00   28.08002  -89.99762    0.00123    0.00226     3.7026     3.7520    18.1190    18.1205    36.5012    36.5016    26.3928    26.3927    1530.99    161.105    163.257         30 0.0000e+00
