Gulf of Mexico/GOMECC-4/1db/rb2103_0031.ros
* Sea-Bird SBE 9 Data File:
* FileName = C:\Users\scs.user.rb\CTD\GOMECC4\data\rb2103_003.hex
* Software Version Seasave V 7.26.7.107
* Temperature SN = 4799
* Conductivity SN = 3860
* Number of Bytes Per Scan = 41
* Number of Voltage Words = 4
* Number of Scans Averaged by the Deck Unit = 1
* NMEA Latitude = 26 59.30 N
* NMEA Longitude = 079 46.65 W
* NMEA UTC (Time) = Sep 14 2021  20:49:18
* NMEA baud rate = 4800
# nquan = 17
# nvalues = 2261                                  
# units = specified
# name 0 = scan: Scan Count
# name 1 = timeS: Time, Elapsed [seconds]
# name 2 = depSM: Depth [salt water, m]
# name 3 = prDM: Pressure, Digiquartz [db]
# name 4 = t090C: Temperature [ITS-90, deg C]
# name 5 = t190C: Temperature, 2 [ITS-90, deg C]
# name 6 = c0S/m: Conductivity [S/m]
# name 7 = c1S/m: Conductivity, 2 [S/m]
# name 8 = sbeox0V: Oxygen raw, SBE 43 [V]
# name 9 = sbeox1V: Oxygen raw, SBE 43, 2 [V]
# name 10 = altM: Altimeter [m]
# name 11 = latitude: Latitude [deg]
# name 12 = longitude: Longitude [deg]
# name 13 = sbox0dV/dT: Oxygen, SBE 43 [dov/dt]
# name 14 = sbox1dV/dT: Oxygen, SBE 43, 2 [dov/dt]
# name 15 = nbf: Bottles Fired
# name 16 = flag:  0.000e+00
# interval = seconds: 0.0416667
# start_time = Sep 14 2021 20:49:18 [NMEA time, header]
# bad_flag = -9.990e-29
*END*
[from data line 1618]
      66416   2767.292     30.645     30.851    29.2652    29.2666   5.946816   5.947184     3.1636     2.6838     100.00   27.01286  -79.77884    0.00042    0.00006         13  0.000e+00
      66417   2767.333     30.592     30.797    29.2654    29.2666   5.946848   5.947184     3.1648     2.6838     100.00   27.01286  -79.77884    0.00044    0.00009         13  0.000e+00
      66418   2767.375     30.645     30.851    29.2654    29.2664   5.946856   5.947233     3.1648     2.6838     100.00   27.01286  -79.77884    0.00047    0.00013         13  0.000e+00
      66419   2767.417     30.645     30.851    29.2654    29.2668   5.946840   5.947192     3.1636     2.6838     100.00   27.01286  -79.77884    0.00045    0.00017         13  0.000e+00
      66420   2767.458     30.645     30.851    29.2652    29.2668   5.946816   5.947200     3.1636     2.6838     100.00   27.01286  -79.77884    0.00044    0.00022         13  0.000e+00
      66421   2767.500     30.645     30.851    29.2654    29.2668   5.946840   5.947208     3.1648     2.6838     100.00   27.01286  -79.77884    0.00045    0.00024         13  0.000e+00
      66422   2767.542     30.645     30.851    29.2652    29.2668   5.946880   5.947257     3.1648     2.6838     100.00   27.01286  -79.77884    0.00045    0.00027         13  0.000e+00
      66423   2767.583     30.645     30.851    29.2654    29.2666   5.946824   5.947257     3.1636     2.6838     100.00   27.01286  -79.77884    0.00044    0.00030         13  0.000e+00
      66424   2767.625     30.645     30.851    29.2652    29.2668   5.946840   5.947232     3.1648     2.6838     100.00   27.01286  -79.77884    0.00044    0.00033         13  0.000e+00
      66425   2767.667     30.645     30.851    29.2654    29.2670   5.946840   5.947176     3.1648     2.6838     100.00   27.01286  -79.77884    0.00044    0.00036         13  0.000e+00
      66426   2767.708     30.645     30.851    29.2654    29.2668   5.946816   5.947208     3.1648     2.6838     100.00   27.01286  -79.77884    0.00044    0.00039         13  0.000e+00
      66427   2767.750     30.645     30.851    29.2654    29.2668   5.946808   5.947208     3.1648     2.6838     100.00   27.01286  -79.77884    0.00044    0.00042         13  0.000e+00
      66428   2767.792     30.698     30.904    29.2652    29.2668   5.946832   5.947168     3.1648     2.6838     100.00   27.01286  -79.77884    0.00045    0.00046         13  0.000e+00
      66429   2767.833     30.593     30.797    29.2654    29.2669   5.946848   5.947241     3.1648     2.6838     100.00   27.01286  -79.77884    0.00046    0.00049         13  0.000e+00
      66430   2767.875     30.698     30.904    29.2654    29.2670   5.946840   5.947224     3.1661     2.6850     100.00   27.01286  -79.77884    0.00050    0.00054         13  0.000e+00
      66431   2767.917     30.646     30.851    29.2654    29.2672   5.946848   5.947184     3.1648     2.6838     100.00   27.01286  -79.77884    0.00049    0.00058         13  0.000e+00
      66432   2767.958     30.646     30.851    29.2654    29.2668   5.946816   5.947200     3.1648     2.6838     100.00   27.01286  -79.77884    0.00048    0.00062         13  0.000e+00
      66433   2768.000     30.646     30.851    29.2654    29.2670   5.946864   5.947216     3.1648     2.6838     100.00   27.01286  -79.77884    0.00049    0.00064         13  0.000e+00
      66434   2768.042     30.570     30.775    29.2652    29.2668   5.946864   5.947208     3.1648     2.6850     100.00   27.01286  -79.77884    0.00050    0.00068         13  0.000e+00
      66435   2768.083     30.759     30.965    29.2654    29.2670   5.946816   5.947241     3.1648     2.6838     100.00   27.01286  -79.77884    0.00050    0.00068         13  0.000e+00
      66436   2768.125     30.698     30.904    29.2654    29.2668   5.946832   5.947233     3.1648     2.6850     100.00   27.01286  -79.77884    0.00050    0.00070         13  0.000e+00
      66437   2768.167     30.646     30.851    29.2652    29.2668   5.946848   5.947208     3.1661     2.6850     100.00   27.01286  -79.77884    0.00053    0.00071         13  0.000e+00
      66438   2768.208     30.698     30.904    29.2655    29.2666   5.946888   5.947184     3.1661     2.6850     100.00   27.01286  -79.77884    0.00055    0.00071         13  0.000e+00
      66439   2768.250     30.593     30.798    29.2654    29.2664   5.946856   5.947160     3.1648     2.6850     100.00   27.01286  -79.77884    0.00056    0.00071         13  0.000e+00
      66440   2768.292     30.699     30.904    29.2654    29.2664   5.946848   5.947208     3.1648     2.6850     100.00   27.01286  -79.77884    0.00058    0.00070         13  0.000e+00
      66441   2768.333     30.646     30.851    29.2652    29.2666   5.946816   5.947176     3.1648     2.6850     100.00   27.01286  -79.77884    0.00060    0.00070         13  0.000e+00
      66442   2768.375     30.646     30.851    29.2652    29.2668   5.946792   5.947192     3.1661     2.6850     100.00   27.01286  -79.77884    0.00062    0.00069         13  0.000e+00
      66443   2768.417     30.699     30.904    29.2652    29.2668   5.946840   5.947184     3.1661     2.6862     100.00   27.01286  -79.77884    0.00066    0.00069         13  0.000e+00
      66444   2768.458     30.646     30.851    29.2656    29.2668   5.946840   5.947232     3.1661     2.6850     100.00   27.01286  -79.77884    0.00070    0.00067         13  0.000e+00
      66445   2768.500     30.699     30.904    29.2654    29.2670   5.946848   5.947233     3.1661     2.6862     100.00   27.01286  -79.77884    0.00074    0.00067         13  0.000e+00
      66446   2768.542     30.646     30.851    29.2652    29.2668   5.946816   5.947208     3.1661     2.6862     100.00   27.01286  -79.77884    0.00077    0.00067         13  0.000e+00
      66447   2768.583     30.646     30.851    29.2654    29.2668   5.946832   5.947184     3.1661     2.6862     100.00   27.01286  -79.77884    0.00079    0.00068         13  0.000e+00
      66448   2768.625     30.646     30.851    29.2654    29.2670   5.946848   5.947200     3.1673     2.6862     100.00   27.01286  -79.77884    0.00084    0.00070         13  0.000e+00
      66449   2768.667     30.699     30.904    29.2654    29.2666   5.946856   5.947208     3.1673     2.6862     100.00   27.01286  -79.77884    0.00087    0.00071         13  0.000e+00
      66450   2768.708     30.646     30.851    29.2655    29.2670   5.946880   5.947144     3.1661     2.6862     100.00   27.01286  -79.77884    0.00090    0.00070         13  0.000e+00
      66451   2768.750     30.646     30.851    29.2652    29.2668   5.946864   5.947152     3.1661     2.6874     100.00   27.01286  -79.77884    0.00092    0.00073         13  0.000e+00
      66452   2768.792     30.699     30.904    29.2654    29.2668   5.946816   5.947241     3.1661     2.6874     100.00   27.01288  -79.77884    0.00095    0.00076         13  0.000e+00
      66453   2768.833     30.593     30.798    29.2656    29.2668   5.946832   5.947184     3.1661     2.6874     100.00   27.01288  -79.77884    0.00098    0.00079         13  0.000e+00
      66454   2768.875     30.699     30.904    29.2654    29.2668   5.946848   5.947208     3.1661     2.6874     100.00   27.01288  -79.77884    0.00101    0.00081         13  0.000e+00
      66455   2768.917     30.593     30.798    29.2656    29.2670   5.946840   5.947208     3.1661     2.6874     100.00   27.01288  -79.77884    0.00102    0.00084         13  0.000e+00
      66456   2768.958     30.699     30.904    29.2654    29.2670   5.946848   5.947208     3.1661     2.6874     100.00   27.01288  -79.77884    0.00102    0.00086         13  0.000e+00
      66457   2769.000     30.646     30.851    29.2654    29.2670   5.946856   5.947216     3.1661     2.6874     100.00   27.01288  -79.77884    0.00105    0.00088         13  0.000e+00
      66458   2769.042     30.646     30.851    29.2656    29.2670   5.946808   5.947249     3.1661     2.6874     100.00   27.01288  -79.77884    0.00108    0.00091         13  0.000e+00
      66459   2769.083     30.646     30.851    29.2654    29.2668   5.946840   5.947192     3.1648     2.6874     100.00   27.01288  -79.77884    0.00106    0.00093         13  0.000e+00
      66460   2769.125     30.646     30.851    29.2658    29.2668   5.946856   5.947232     3.1661     2.6874     100.00   27.01288  -79.77884    0.00109    0.00095         13  0.000e+00
      66461   2769.167     30.623     30.828    29.2655    29.2668   5.946808   5.947232     3.1648     2.6874     100.00   27.01288  -79.77884    0.00109    0.00096         13  0.000e+00
      66462   2769.208     30.646     30.851    29.2656    29.2667   5.946872   5.947208     3.1661     2.6874     100.00   27.01288  -79.77884    0.00112    0.00098         13  0.000e+00
      66463   2769.250     30.646     30.851    29.2652    29.2666   5.946904   5.947168     3.1648     2.6874     100.00   27.01288  -79.77884    0.00112    0.00100         13  0.000e+00
      66464   2769.292     30.699     30.904    29.2656    29.2666   5.946856   5.947208     3.1661     2.6886     100.00   27.01288  -79.77884    0.00114    0.00101         13  0.000e+00
      66465   2769.333     30.593     30.798    29.2656    29.2666   5.946816   5.947176     3.1648     2.6886     100.00   27.01288  -79.77884    0.00113    0.00103         13  0.000e+00
      66466   2769.375     30.646     30.851    29.2654    29.2666   5.946840   5.947241     3.1648     2.6886     100.00   27.01288  -79.77884    0.00113    0.00104         13  0.000e+00
      66467   2769.417     30.593     30.798    29.2658    29.2666   5.946880   5.947224     3.1661     2.6886     100.00   27.01288  -79.77884    0.00113    0.00105         13  0.000e+00
      66468   2769.458     30.593     30.798    29.2654    29.2666   5.946864   5.947216     3.1661     2.6899     100.00   27.01288  -79.77884    0.00113    0.00106         13  0.000e+00
      66469   2769.500     30.646     30.851    29.2654    29.2668   5.946840   5.947249     3.1661     2.6899     100.00   27.01288  -79.77884    0.00113    0.00106         13  0.000e+00
      66470   2769.542     30.646     30.851    29.2654    29.2670   5.946888   5.947216     3.1661     2.6899     100.00   27.01288  -79.77884    0.00113    0.00108         13  0.000e+00
      66471   2769.583     30.593     30.798    29.2652    29.2666   5.946864   5.947257     3.1661     2.6911     100.00   27.01288  -79.77884    0.00113    0.00110         13  0.000e+00
      66472   2769.625     30.593     30.798    29.2655    29.2668   5.946840   5.947257     3.1661     2.6911     100.00   27.01288  -79.77884    0.00113    0.00111         13  0.000e+00
      66473   2769.667     30.646     30.851    29.2654    29.2668   5.946848   5.947232     3.1661     2.6911     100.00   27.01288  -79.77884    0.00112    0.00111         13  0.000e+00
      66474   2769.708     30.593     30.798    29.2654    29.2668   5.946856   5.947176     3.1661     2.6923     100.00   27.01288  -79.77884    0.00112    0.00112         13  0.000e+00
      66475   2769.750     30.593     30.798    29.2652    29.2668   5.946840   5.947241     3.1661     2.6923     100.00   27.01288  -79.77884    0.00111    0.00110         13  0.000e+00
      66476   2769.792     30.646     30.851    29.2656    29.2670   5.946816   5.947257     3.1661     2.6935     100.00   27.01288  -79.77884    0.00110    0.00112         13  0.000e+00
      66477   2769.833     30.593     30.798    29.2654    29.2672   5.946840   5.947257     3.1661     2.6935     100.00   27.01288  -79.77884    0.00109    0.00114         13  0.000e+00
      66478   2769.875     30.646     30.851    29.2654    29.2670   5.946840   5.947265     3.1661     2.6935     100.00   27.01288  -79.77884    0.00108    0.00113         13  0.000e+00
      66479   2769.917     30.593     30.798    29.2655    29.2672   5.946816   5.947224     3.1661     2.6935      91.33   27.01288  -79.77884    0.00105    0.00114         13  0.000e+00
      66480   2769.958     30.533     30.737    29.2652    29.2672   5.946880   5.947257     3.1661     2.6935      77.58   27.01288  -79.77884    0.00102    0.00114         13  0.000e+00
      66481   2770.000     30.646     30.851    29.2654    29.2670   5.946856   5.947257     3.1661     2.6947      73.58   27.01288  -79.77884    0.00101    0.00116         13  0.000e+00
      66482   2770.042     30.533     30.737    29.2652    29.2670   5.946816   5.947232     3.1648     2.6947      74.02   27.01288  -79.77884    0.00098    0.00119         13  0.000e+00
      66483   2770.083     30.593     30.798    29.2654    29.2670   5.946832   5.947208     3.1661     2.6947      74.68   27.01288  -79.77884    0.00096    0.00121         13  0.000e+00
      66484   2770.125     30.593     30.798    29.2654    29.2668   5.946848   5.947208     3.1648     2.6947      74.85   27.01288  -79.77884    0.00093    0.00125         13  0.000e+00
      66485   2770.167     30.593     30.798    29.2654    29.2670   5.946856   5.947257     3.1661     2.6947      74.82   27.01288  -79.77884    0.00091    0.00131         13  0.000e+00
      66486   2770.208     30.571     30.775    29.2654    29.2670   5.946880   5.947224     3.1648     2.6960      74.80   27.01288  -79.77884    0.00088    0.00138         13  0.000e+00
      66487   2770.250     30.593     30.798    29.2656    29.2668   5.946896   5.947216     3.1648     2.6960      74.80   27.01288  -79.77884    0.00084    0.00146         13  0.000e+00
      66488   2770.292     30.533     30.737    29.2655    29.2670   5.946864   5.947249     3.1661     2.6960      74.80   27.01288  -79.77884    0.00082    0.00156         13  0.000e+00
      66489   2770.333     30.593     30.798    29.2656    29.2668   5.946880   5.947192     3.1661     2.6947      74.80   27.01288  -79.77884    0.00080    0.00165         13  0.000e+00
      66490   2770.375     30.593     30.798    29.2654    29.2666   5.946824   5.947232     3.1661     2.6960      74.80   27.01288  -79.77884    0.00078    0.00176         13  0.000e+00
      66491   2770.417     30.593     30.798    29.2654    29.2668   5.946840   5.947216     3.1661     2.6947      74.80   27.01288  -79.77884    0.00076    0.00187         13  0.000e+00
      66492   2770.458     30.533     30.737    29.2656    29.2668   5.946840   5.947216     3.1661     2.6947      74.80   27.01288  -79.77884    0.00073    0.00198         13  0.000e+00
      66493   2770.500     30.593     30.798    29.2655    29.2666   5.946888   5.947208     3.1661     2.6947      74.80   27.01288  -79.77884    0.00071    0.00210         13  0.000e+00
      66494   2770.542     30.593     30.798    29.2656    29.2666   5.946864   5.947184     3.1661     2.6935      74.80   27.01288  -79.77884    0.00068    0.00220         13  0.000e+00
      66495   2770.583     30.533     30.737    29.2655    29.2671   5.946840   5.947200     3.1661     2.6935      74.80   27.01288  -79.77884    0.00066    0.00231         13  0.000e+00
      66496   2770.625     30.646     30.851    29.2656    29.2670   5.946848   5.947216     3.1661     2.6935      74.80   27.01288  -79.77884    0.00063    0.00243         13  0.000e+00
      66497   2770.667     30.480     30.684    29.2654    29.2670   5.946840   5.947249     3.1661     2.6935      74.80   27.01288  -79.77884    0.00060    0.00254         13  0.000e+00
      66498   2770.708     30.646     30.851    29.2655    29.2670   5.946816   5.947216     3.1661     2.6935      74.80   27.01288  -79.77884    0.00057    0.00264         13  0.000e+00
      66499   2770.750     30.533     30.737    29.2658    29.2672   5.946840   5.947257     3.1661     2.6935      74.80   27.01288  -79.77884    0.00056    0.00274         13  0.000e+00
