Gulf of Mexico/GOMECC-4/1db/rb2103_0091.ros
* Sea-Bird SBE 9 Data File:
* FileName = C:\Users\scs.user.rb\CTD\GOMECC4\data\rb2103_0091.hex
* Software Version Seasave V 7.26.7.107
* Temperature SN = 4799
* Conductivity SN = 3860
* Number of Bytes Per Scan = 41
* Number of Voltage Words = 4
* Number of Scans Averaged by the Deck Unit = 1
* NMEA Latitude = 26 00.03 N
* NMEA Longitude = 085 59.98 W
* NMEA UTC (Time) = Sep 17 2021  12:33:51
* NMEA baud rate = 4800
# nquan = 17
# nvalues = 3192                                  
# units = specified
# name 0 = scan: Scan Count
# name 1 = timeS: Time, Elapsed [seconds]
# name 2 = depSM: Depth [salt water, m]
# name 3 = prDM: Pressure, Digiquartz [db]
# name 4 = t090C: Temperature [ITS-90, deg C]
# name 5 = t190C: Temperature, 2 [ITS-90, deg C]
# name 6 = c0S/m: Conductivity [S/m]
# name 7 = c1S/m: Conductivity, 2 [S/m]
# name 8 = sbeox0V: Oxygen raw, SBE 43 [V]
# name 9 = sbeox1V: Oxygen raw, SBE 43, 2 [V]
# name 10 = altM: Altimeter [m]
# name 11 = latitude: Latitude [deg]
# name 12 = longitude: Longitude [deg]
# name 13 = sbox0dV/dT: Oxygen, SBE 43 [dov/dt]
# name 14 = sbox1dV/dT: Oxygen, SBE 43, 2 [dov/dt]
# name 15 = nbf: Bottles Fired
# name 16 = flag:  0.000e+00
# interval = seconds: 0.0416667
# start_time = Sep 17 2021 12:33:51 [NMEA time, header]
# bad_flag = -9.990e-29
*END*
[from data line 852]
     160618   6692.375   1781.702   1801.095     4.2882     4.2886   3.357158   3.357074     1.9011     1.5861     100.00   25.99432  -85.98694   -0.00004   -0.00013          7  0.000e+00
     160619   6692.417   1781.702   1801.095     4.2880     4.2886   3.357184   3.357087     1.9023     1.5861     100.00   25.99432  -85.98694   -0.00003   -0.00014          7  0.000e+00
     160620   6692.458   1781.694   1801.088     4.2880     4.2885   3.357171   3.357094     1.9023     1.5861     100.00   25.99432  -85.98694   -0.00002   -0.00015          7  0.000e+00
     160621   6692.500   1781.702   1801.095     4.2880     4.2886   3.357165   3.357081     1.9023     1.5861     100.00   25.99432  -85.98694   -0.00000   -0.00014          7  0.000e+00
     160622   6692.542   1781.702   1801.095     4.2882     4.2886   3.357184   3.357113     1.9023     1.5861     100.00   25.99432  -85.98694   -0.00001   -0.00014          7  0.000e+00
     160623   6692.583   1781.702   1801.096     4.2880     4.2885   3.357190   3.357055     1.9023     1.5861     100.00   25.99432  -85.98694   -0.00000   -0.00015          7  0.000e+00
     160624   6692.625   1781.702   1801.096     4.2880     4.2885   3.357190   3.357055     1.9023     1.5861     100.00   25.99432  -85.98694    0.00001   -0.00016          7  0.000e+00
     160625   6692.667   1781.702   1801.096     4.2882     4.2885   3.357171   3.357068     1.9023     1.5861     100.00   25.99432  -85.98694    0.00002   -0.00016          7  0.000e+00
     160626   6692.708   1781.695   1801.088     4.2879     4.2883   3.357165   3.357106     1.9011     1.5861     100.00   25.99432  -85.98694   -0.00000   -0.00017          7  0.000e+00
     160627   6692.750   1781.764   1801.158     4.2882     4.2888   3.357184   3.357106     1.9023     1.5861     100.00   25.99432  -85.98694    0.00001   -0.00016          7  0.000e+00
     160628   6692.792   1781.702   1801.096     4.2880     4.2886   3.357171   3.357094     1.9011     1.5861     100.00   25.99432  -85.98696 -8.792e-07   -0.00015          7  0.000e+00
     160629   6692.833   1781.764   1801.159     4.2882     4.2885   3.357139   3.357094     1.9011     1.5861     100.00   25.99432  -85.98696   -0.00001   -0.00014          7  0.000e+00
     160630   6692.875   1781.702   1801.096     4.2880     4.2886   3.357196   3.357094     1.9011     1.5861     100.00   25.99432  -85.98696   -0.00003   -0.00013          7  0.000e+00
     160631   6692.917   1781.749   1801.143     4.2880     4.2888   3.357158   3.357094     1.9011     1.5861     100.00   25.99432  -85.98696   -0.00004   -0.00011          7  0.000e+00
     160632   6692.958   1781.702   1801.096     4.2882     4.2886   3.357158   3.357100     1.9023     1.5861     100.00   25.99432  -85.98696   -0.00004   -0.00012          7  0.000e+00
     160633   6693.000   1781.764   1801.159     4.2882     4.2888   3.357165   3.357094     1.9023     1.5861     100.00   25.99432  -85.98696   -0.00003   -0.00010          7  0.000e+00
     160634   6693.042   1781.764   1801.159     4.2880     4.2885   3.357165   3.357074     1.9023     1.5861     100.00   25.99432  -85.98696   -0.00002   -0.00011          7  0.000e+00
     160635   6693.083   1781.703   1801.096     4.2882     4.2885   3.357165   3.357087     1.9023     1.5861     100.00   25.99432  -85.98696   -0.00001   -0.00011          7  0.000e+00
     160636   6693.125   1781.764   1801.159     4.2882     4.2883   3.357146   3.357049     1.9023     1.5861     100.00   25.99432  -85.98696    0.00000   -0.00012          7  0.000e+00
     160637   6693.167   1781.811   1801.206     4.2880     4.2886   3.357133   3.357055     1.9023     1.5861     100.00   25.99432  -85.98696   -0.00001   -0.00012          7  0.000e+00
     160638   6693.208   1781.765   1801.159     4.2880     4.2885   3.357152   3.357074     1.9023     1.5861     100.00   25.99432  -85.98696   -0.00001   -0.00011          7  0.000e+00
     160639   6693.250   1781.765   1801.159     4.2880     4.2886   3.357165   3.357042     1.9023     1.5861     100.00   25.99432  -85.98696   -0.00002   -0.00011          7  0.000e+00
     160640   6693.292   1781.765   1801.159     4.2882     4.2886   3.357165   3.357074     1.9023     1.5861     100.00   25.99432  -85.98696   -0.00003   -0.00012          7  0.000e+00
     160641   6693.333   1781.826   1801.222     4.2882     4.2885   3.357146   3.357094     1.9023     1.5861     100.00   25.99432  -85.98696   -0.00002   -0.00010          7  0.000e+00
     160642   6693.375   1781.765   1801.159     4.2880     4.2886   3.357177   3.357074     1.9023     1.5861     100.00   25.99432  -85.98696   -0.00001   -0.00011          7  0.000e+00
     160643   6693.417   1781.811   1801.206     4.2880     4.2888   3.357171   3.357094     1.9023     1.5861     100.00   25.99432  -85.98696    0.00000   -0.00011          7  0.000e+00
     160644   6693.458   1781.827   1801.222     4.2879     4.2886   3.357165   3.357074     1.9023     1.5861     100.00   25.99432  -85.98696    0.00001   -0.00010          7  0.000e+00
     160645   6693.500   1781.827   1801.222     4.2880     4.2890   3.357184   3.357087     1.9023     1.5861     100.00   25.99432  -85.98696    0.00002   -0.00010          7  0.000e+00
     160646   6693.542   1781.765   1801.159     4.2880     4.2886   3.357171   3.357074     1.9023     1.5861     100.00   25.99432  -85.98696    0.00003   -0.00011          7  0.000e+00
     160647   6693.583   1781.881   1801.277     4.2882     4.2886   3.357139   3.357087     1.9011     1.5861     100.00   25.99432  -85.98696    0.00002   -0.00011          7  0.000e+00
     160648   6693.625   1781.703   1801.097     4.2882     4.2888   3.357152   3.357094     1.9011     1.5861     100.00   25.99432  -85.98696    0.00002   -0.00011          7  0.000e+00
     160649   6693.667   1781.989   1801.387     4.2880     4.2886   3.357165   3.357081     1.9011     1.5861     100.00   25.99432  -85.98696    0.00001   -0.00012          7  0.000e+00
     160650   6693.708   1781.827   1801.222     4.2882     4.2886   3.357165   3.357068     1.9023     1.5861     100.00   25.99432  -85.98696    0.00002   -0.00010          7  0.000e+00
     160651   6693.750   1781.881   1801.277     4.2880     4.2886   3.357184   3.357087     1.9011     1.5861     100.00   25.99432  -85.98696   -0.00000   -0.00009          7  0.000e+00
     160652   6693.792   1781.881   1801.277     4.2882     4.2890   3.357152   3.357074     1.9011     1.5861     100.00   25.99432  -85.98696   -0.00001   -0.00009          7  0.000e+00
     160653   6693.833   1781.943   1801.340     4.2882     4.2886   3.357177   3.357087     1.9011     1.5861     100.00   25.99432  -85.98696   -0.00003   -0.00009          7  0.000e+00
     160654   6693.875   1781.866   1801.262     4.2882     4.2890   3.357190   3.357113     1.9011     1.5861     100.00   25.99432  -85.98696   -0.00004   -0.00010          7  0.000e+00
     160655   6693.917   1781.943   1801.340     4.2885     4.2890   3.357190   3.357087     1.9011     1.5861     100.00   25.99432  -85.98696   -0.00005   -0.00010          7  0.000e+00
     160656   6693.958   1781.881   1801.277     4.2884     4.2885   3.357146   3.357087     1.9011     1.5861     100.00   25.99432  -85.98696   -0.00005   -0.00010          7  0.000e+00
     160657   6694.000   1781.943   1801.340     4.2882     4.2888   3.357177   3.357113     1.9011     1.5861     100.00   25.99432  -85.98696   -0.00007   -0.00009          7  0.000e+00
     160658   6694.042   1781.943   1801.340     4.2883     4.2886   3.357171   3.357100     1.9023     1.5861     100.00   25.99432  -85.98696   -0.00006   -0.00009          7  0.000e+00
     160659   6694.083   1781.943   1801.340     4.2884     4.2888   3.357165   3.357094     1.9023     1.5861     100.00   25.99432  -85.98696   -0.00005   -0.00009          7  0.000e+00
     160660   6694.125   1781.990   1801.387     4.2883     4.2885   3.357146   3.357081     1.9011     1.5861     100.00   25.99432  -85.98696   -0.00007   -0.00008          7  0.000e+00
     160661   6694.167   1781.943   1801.340     4.2884     4.2886   3.357158   3.357087     1.9023     1.5861     100.00   25.99432  -85.98696   -0.00008   -0.00008          7  0.000e+00
     160662   6694.208   1782.005   1801.403     4.2884     4.2886   3.357184   3.357094     1.9023     1.5861     100.00   25.99432  -85.98696   -0.00007   -0.00008          7  0.000e+00
     160663   6694.250   1781.943   1801.340     4.2883     4.2890   3.357190   3.357113     1.9023     1.5861     100.00   25.99432  -85.98696   -0.00007   -0.00006          7  0.000e+00
     160664   6694.292   1782.005   1801.403     4.2884     4.2886   3.357171   3.357126     1.9023     1.5861     100.00   25.99432  -85.98696   -0.00006   -0.00007          7  0.000e+00
     160665   6694.333   1782.044   1801.442     4.2883     4.2886   3.357184   3.357081     1.9023     1.5861     100.00   25.99432  -85.98696   -0.00005   -0.00007          7  0.000e+00
     160666   6694.375   1782.005   1801.403     4.2885     4.2886   3.357146   3.357094     1.9023     1.5861     100.00   25.99432  -85.98696   -0.00004   -0.00007          7  0.000e+00
     160667   6694.417   1782.059   1801.458     4.2882     4.2888   3.357171   3.357094     1.9011     1.5861     100.00   25.99432  -85.98696   -0.00004   -0.00007          7  0.000e+00
     160668   6694.458   1782.005   1801.403     4.2883     4.2886   3.357171   3.357094     1.9023     1.5861     100.00   25.99432  -85.98696   -0.00003   -0.00007          7  0.000e+00
     160669   6694.500   1782.059   1801.458     4.2884     4.2888   3.357184   3.357094     1.9023     1.5861     100.00   25.99432  -85.98696   -0.00002   -0.00008          7  0.000e+00
     160670   6694.542   1782.059   1801.458     4.2883     4.2886   3.357171   3.357094     1.9011     1.5861     100.00   25.99432  -85.98696   -0.00002   -0.00008          7  0.000e+00
     160671   6694.583   1782.044   1801.443     4.2882     4.2888   3.357165   3.357126     1.9011     1.5861     100.00   25.99432  -85.98696   -0.00003   -0.00008          7  0.000e+00
     160672   6694.625   1782.121   1801.521     4.2884     4.2886   3.357165   3.357100     1.9023     1.5861     100.00   25.99432  -85.98696   -0.00002   -0.00006          7  0.000e+00
     160673   6694.667   1782.121   1801.521     4.2885     4.2886   3.357165   3.357094     1.9011     1.5861     100.00   25.99432  -85.98696   -0.00002   -0.00005          7  0.000e+00
     160674   6694.708   1782.060   1801.458     4.2884     4.2888   3.357184   3.357113     1.9011     1.5861     100.00   25.99432  -85.98696   -0.00002   -0.00005          7  0.000e+00
     160675   6694.750   1782.060   1801.459     4.2882     4.2888   3.357190   3.357081     1.9011     1.5861     100.00   25.99432  -85.98696   -0.00003   -0.00003          7  0.000e+00
     160676   6694.792   1782.160   1801.561     4.2885     4.2886   3.357190   3.357087     1.9011     1.5861     100.00   25.99432  -85.98696   -0.00005   -0.00003          7  0.000e+00
     160677   6694.833   1782.122   1801.521     4.2882     4.2888   3.357171   3.357100     1.9011     1.5873     100.00   25.99432  -85.98696   -0.00005   -0.00001          7  0.000e+00
     160678   6694.875   1782.122   1801.521     4.2883     4.2886   3.357184   3.357094     1.9011     1.5861     100.00   25.99432  -85.98696   -0.00006   -0.00002          7  0.000e+00
     160679   6694.917   1782.176   1801.576     4.2884     4.2888   3.357171   3.357075     1.9011     1.5861      49.69   25.99432  -85.98696   -0.00008   -0.00002          7  0.000e+00
     160680   6694.958   1782.176   1801.576     4.2882     4.2886   3.357184   3.357087     1.9011     1.5861       5.76   25.99432  -85.98696   -0.00010 6.1804e-12          7  0.000e+00
     160681   6695.000   1782.122   1801.522     4.2883     4.2888   3.357190   3.357113     1.9023     1.5861       0.00   25.99432  -85.98696   -0.00008 -7.034e-07          7  0.000e+00
     160682   6695.042   1782.160   1801.561     4.2882     4.2888   3.357190   3.357100     1.9023     1.5861       0.00   25.99432  -85.98696   -0.00007   -0.00000          7  0.000e+00
     160683   6695.083   1782.176   1801.577     4.2882     4.2888   3.357190   3.357100     1.9023     1.5861       1.07   25.99432  -85.98696   -0.00007   -0.00000          7  0.000e+00
     160684   6695.125   1782.176   1801.577     4.2885     4.2888   3.357171   3.357094     1.9023     1.5873       1.88   25.99432  -85.98696   -0.00008    0.00003          7  0.000e+00
     160685   6695.167   1782.238   1801.639     4.2882     4.2886   3.357184   3.357094     1.9023     1.5873       1.95   25.99432  -85.98696   -0.00008    0.00005          7  0.000e+00
     160686   6695.208   1782.176   1801.577     4.2882     4.2886   3.357190   3.357094     1.9011     1.5861       1.88   25.99432  -85.98696   -0.00010    0.00005          7  0.000e+00
     160687   6695.250   1782.222   1801.624     4.2882     4.2886   3.357190   3.357113     1.9023     1.5861       1.83   25.99432  -85.98696   -0.00009    0.00005          7  0.000e+00
     160688   6695.292   1782.176   1801.577     4.2883     4.2886   3.357171   3.357087     1.9011     1.5861       1.83   25.99432  -85.98696   -0.00009    0.00005          7  0.000e+00
     160689   6695.333   1782.238   1801.640     4.2882     4.2888   3.357184   3.357087     1.9023     1.5861       1.86   25.99432  -85.98696   -0.00008    0.00004          7  0.000e+00
     160690   6695.375   1782.176   1801.577     4.2880     4.2886   3.357171   3.357075     1.9023     1.5861       1.83   25.99432  -85.98696   -0.00007    0.00004          7  0.000e+00
     160691   6695.417   1782.238   1801.640     4.2883     4.2886   3.357184   3.357087     1.9011     1.5861       1.83   25.99432  -85.98696   -0.00007    0.00004          7  0.000e+00
     160692   6695.458   1782.223   1801.624     4.2882     4.2886   3.357171   3.357094     1.9023     1.5861       1.86   25.99432  -85.98696   -0.00006    0.00004          7  0.000e+00
     160693   6695.500   1782.238   1801.640     4.2882     4.2888   3.357165   3.357113     1.9023     1.5861       1.86   25.99432  -85.98696   -0.00004    0.00004          7  0.000e+00
     160694   6695.542   1782.238   1801.640     4.2882     4.2885   3.357165   3.357132     1.9011     1.5861       1.86   25.99432  -85.98696   -0.00005    0.00004          7  0.000e+00
     160695   6695.583   1782.300   1801.703     4.2880     4.2886   3.357184   3.357100     1.9011     1.5861       1.83   25.99432  -85.98696   -0.00005    0.00004          7  0.000e+00
     160696   6695.625   1782.176   1801.577     4.2883     4.2886   3.357209   3.357094     1.9023     1.5861       1.83   25.99432  -85.98696   -0.00003    0.00004          7  0.000e+00
     167487   6978.583   1583.654   1600.134     4.2976     4.2977   3.349594   3.349508     1.9280     1.6117     100.00   25.99408  -85.98748   -0.00004    0.00013          8  0.000e+00
     167488   6978.625   1583.423   1599.900     4.2974     4.2980   3.349600   3.349508     1.9280     1.6117     100.00   25.99408  -85.98748   -0.00004    0.00014          8  0.000e+00
     167489   6978.667   1583.485   1599.962     4.2975     4.2977   3.349632   3.349528     1.9280     1.6117     100.00   25.99408  -85.98748   -0.00003    0.00015          8  0.000e+00
     167490   6978.708   1583.485   1599.962     4.2973     4.2978   3.349613   3.349540     1.9280     1.6117     100.00   25.99408  -85.98748   -0.00003    0.00014          8  0.000e+00
     167491   6978.750   1583.485   1599.962     4.2976     4.2979   3.349607   3.349496     1.9280     1.6117     100.00   25.99408  -85.98748   -0.00002    0.00013          8  0.000e+00
