Gulf of Mexico/GOMECC-4/1db/rb2103_0761.ros
* Sea-Bird SBE 9 Data File:
* FileName = C:\Users\scs.user.rb\CTD\GOMECC4\data\rb2103_0761.hex
* Software Version Seasave V 7.26.7.107
* Temperature SN = 4799
* Conductivity SN = 3860
* Number of Bytes Per Scan = 41
* Number of Voltage Words = 4
* Number of Scans Averaged by the Deck Unit = 1
* NMEA Latitude = 22 16.44 N
* NMEA Longitude = 097 38.35 W
* NMEA UTC (Time) = Oct 05 2021  23:34:35
* NMEA baud rate = 4800
# nquan = 17
# nvalues = 1596                                  
# units = specified
# name 0 = scan: Scan Count
# name 1 = timeS: Time, Elapsed [seconds]
# name 2 = depSM: Depth [salt water, m]
# name 3 = prDM: Pressure, Digiquartz [db]
# name 4 = t090C: Temperature [ITS-90, deg C]
# name 5 = t190C: Temperature, 2 [ITS-90, deg C]
# name 6 = c0S/m: Conductivity [S/m]
# name 7 = c1S/m: Conductivity, 2 [S/m]
# name 8 = sbeox0V: Oxygen raw, SBE 43 [V]
# name 9 = sbeox1V: Oxygen raw, SBE 43, 2 [V]
# name 10 = altM: Altimeter [m]
# name 11 = latitude: Latitude [deg]
# name 12 = longitude: Longitude [deg]
# name 13 = sbox0dV/dT: Oxygen, SBE 43 [dov/dt]
# name 14 = sbox1dV/dT: Oxygen, SBE 43, 2 [dov/dt]
# name 15 = nbf: Bottles Fired
# name 16 = flag:  0.000e+00
# interval = seconds: 0.0416667
# start_time = Oct 05 2021 23:34:35 [NMEA time, header]
# bad_flag = -9.990e-29
*END*
[from data line 1447]
      30689   1278.667      4.511      4.540    29.4384    29.4465   5.875443   5.876561     3.1441     2.6545      36.00   22.27426  -97.63996   -0.00033   -0.00140         11  0.000e+00
      30690   1278.708      4.511      4.540    29.4383    29.4465   5.875443   5.876504     3.1441     2.6545      36.00   22.27426  -97.63996   -0.00027   -0.00139         11  0.000e+00
      30691   1278.750      4.559      4.587    29.4381    29.4465   5.875411   5.876552     3.1441     2.6545      36.00   22.27426  -97.63996   -0.00021   -0.00136         11  0.000e+00
      30692   1278.792      4.511      4.540    29.4379    29.4467   5.875474   5.876544     3.1453     2.6545      36.00   22.27426  -97.63996   -0.00015   -0.00136         11  0.000e+00
      30693   1278.833      4.559      4.587    29.4379    29.4467   5.875459   5.876496     3.1441     2.6545      35.97   22.27426  -97.63996   -0.00011   -0.00135         11  0.000e+00
      30694   1278.875      4.511      4.540    29.4381    29.4463   5.875498   5.876520     3.1441     2.6545      36.00   22.27426  -97.63996   -0.00007   -0.00134         11  0.000e+00
      30695   1278.917      4.559      4.587    29.4379    29.4463   5.875427   5.876496     3.1441     2.6545      35.97   22.27426  -97.63996   -0.00003   -0.00135         11  0.000e+00
      30696   1278.958      4.511      4.540    29.4381    29.4463   5.875435   5.876488     3.1441     2.6557      36.00   22.27426  -97.63996   -0.00000   -0.00134         11  0.000e+00
      30697   1279.000      4.511      4.540    29.4379    29.4463   5.875482   5.876520     3.1441     2.6545      36.00   22.27426  -97.63996    0.00004   -0.00135         11  0.000e+00
      30698   1279.042      4.559      4.587    29.4381    29.4462   5.875459   5.876496     3.1441     2.6557      36.00   22.27426  -97.63996    0.00006   -0.00134         11  0.000e+00
      30699   1279.083      4.511      4.540    29.4379    29.4461   5.875451   5.876448     3.1441     2.6557      36.00   22.27426  -97.63996    0.00009   -0.00132         11  0.000e+00
      30700   1279.125      4.559      4.587    29.4379    29.4459   5.875498   5.876472     3.1441     2.6557      36.00   22.27426  -97.63996    0.00011   -0.00131         11  0.000e+00
      30701   1279.167      4.511      4.540    29.4381    29.4459   5.875538   5.876448     3.1441     2.6557      36.00   22.27426  -97.63996    0.00014   -0.00130         11  0.000e+00
      30702   1279.208      4.511      4.540    29.4381    29.4455   5.875474   5.876440     3.1441     2.6557      36.00   22.27426  -97.63996    0.00016   -0.00128         11  0.000e+00
      30703   1279.250      4.457      4.485    29.4381    29.4458   5.875411   5.876440     3.1441     2.6557      36.00   22.27426  -97.63996    0.00019   -0.00127         11  0.000e+00
      30704   1279.292      4.511      4.540    29.4379    29.4455   5.875403   5.876440     3.1441     2.6557      36.00   22.27426  -97.63996    0.00020   -0.00125         11  0.000e+00
      30946   1289.375      3.963      3.988    29.4427    29.4476   5.876014   5.876673     3.1453     2.6606      36.19   22.27426  -97.63996    0.00145   -0.00066         12  0.000e+00
      30947   1289.417      4.017      4.043    29.4427    29.4478   5.876030   5.876673     3.1453     2.6606      36.19   22.27426  -97.63996    0.00147   -0.00063         12  0.000e+00
      30948   1289.458      4.065      4.090    29.4431    29.4478   5.876030   5.876745     3.1453     2.6606      36.19   22.27426  -97.63996    0.00150   -0.00060         12  0.000e+00
      30949   1289.500      4.058      4.084    29.4431    29.4478   5.876038   5.876729     3.1453     2.6606      36.19   22.27426  -97.63996    0.00151   -0.00059         12  0.000e+00
      30950   1289.542      4.160      4.186    29.4431    29.4480   5.876069   5.876753     3.1453     2.6618      36.19   22.27426  -97.63996    0.00153   -0.00054         12  0.000e+00
      30951   1289.583      4.160      4.186    29.4422    29.4478   5.876038   5.876729     3.1453     2.6606      36.19   22.27426  -97.63996    0.00154   -0.00049         12  0.000e+00
      30952   1289.625      4.112      4.138    29.4429    29.4480   5.876061   5.876753     3.1453     2.6606      36.17   22.27426  -97.63996    0.00155   -0.00046         12  0.000e+00
      30953   1289.667      4.160      4.186    29.4432    29.4482   5.876109   5.876769     3.1441     2.6618      36.12   22.27426  -97.63996    0.00153   -0.00045         12  0.000e+00
      30954   1289.708      4.160      4.186    29.4435    29.4478   5.876101   5.876729     3.1441     2.6618      36.14   22.27426  -97.63996    0.00152   -0.00039         12  0.000e+00
      30955   1289.750      4.160      4.186    29.4432    29.4478   5.876046   5.876753     3.1441     2.6618      36.12   22.27426  -97.63996    0.00151   -0.00036         12  0.000e+00
      30956   1289.792      4.160      4.186    29.4433    29.4480   5.876030   5.876769     3.1441     2.6606      36.12   22.27426  -97.63996    0.00150   -0.00034         12  0.000e+00
      30957   1289.833      4.160      4.186    29.4423    29.4482   5.875887   5.876769     3.1441     2.6618      36.14   22.27426  -97.63996    0.00148   -0.00031         12  0.000e+00
      30958   1289.875      4.214      4.240    29.4419    29.4482   5.875871   5.876729     3.1429     2.6618      36.14   22.27426  -97.63996    0.00143   -0.00027         12  0.000e+00
      30959   1289.917      4.160      4.186    29.4424    29.4482   5.875966   5.876721     3.1429     2.6630      36.14   22.27426  -97.63996    0.00138   -0.00022         12  0.000e+00
      30960   1289.958      4.261      4.288    29.4416    29.4483   5.875879   5.876721     3.1441     2.6618      36.12   22.27426  -97.63996    0.00135   -0.00020         12  0.000e+00
      30961   1290.000      4.214      4.240    29.4418    29.4483   5.875942   5.876753     3.1429     2.6630      36.14   22.27426  -97.63996    0.00130   -0.00015         12  0.000e+00
      30962   1290.042      4.261      4.288    29.4431    29.4485   5.876054   5.876769     3.1429     2.6630      36.14   22.27426  -97.63996    0.00126   -0.00011         12  0.000e+00
      30963   1290.083      4.261      4.288    29.4442    29.4486   5.876180   5.876802     3.1429     2.6618      36.12   22.27426  -97.63996    0.00121   -0.00008         12  0.000e+00
      30964   1290.125      4.261      4.288    29.4445    29.4485   5.876228   5.876818     3.1441     2.6630      36.14   22.27426  -97.63996    0.00117   -0.00004         12  0.000e+00
      30965   1290.167      4.261      4.288    29.4455    29.4485   5.876331   5.876818     3.1441     2.6618      36.12   22.27426  -97.63996    0.00114   -0.00003         12  0.000e+00
      30966   1290.208      4.309      4.336    29.4458    29.4485   5.876363   5.876778     3.1441     2.6642      36.12   22.27426  -97.63996    0.00110    0.00003         12  0.000e+00
      30967   1290.250      4.309      4.336    29.4464    29.4485   5.876395   5.876802     3.1441     2.6630      36.14   22.27426  -97.63996    0.00107    0.00006         12  0.000e+00
      30968   1290.292      4.363      4.390    29.4464    29.4485   5.876371   5.876745     3.1441     2.6642      36.14   22.27426  -97.63996    0.00103    0.00011         12  0.000e+00
      30969   1290.333      4.356      4.383    29.4466    29.4482   5.876411   5.876681     3.1429     2.6630      36.14   22.27426  -97.63996    0.00097    0.00015         12  0.000e+00
      30970   1290.375      4.363      4.390    29.4466    29.4478   5.876379   5.876745     3.1429     2.6630      36.14   22.27426  -97.63996    0.00092    0.00018         12  0.000e+00
      30971   1290.417      4.410      4.438    29.4464    29.4478   5.876395   5.876697     3.1429     2.6642      36.14   22.27426  -97.63996    0.00086    0.00023         12  0.000e+00
      30972   1290.458      4.410      4.438    29.4466    29.4478   5.876411   5.876705     3.1441     2.6630      36.14   22.27426  -97.63996    0.00082    0.00026         12  0.000e+00
      30973   1290.500      4.457      4.486    29.4464    29.4478   5.876371   5.876721     3.1429     2.6630      36.14   22.27426  -97.63996    0.00076    0.00029         12  0.000e+00
      30974   1290.542      4.410      4.438    29.4462    29.4476   5.876379   5.876721     3.1429     2.6630      36.14   22.27426  -97.63996    0.00070    0.00032         12  0.000e+00
      30975   1290.583      4.457      4.486    29.4460    29.4478   5.876363   5.876721     3.1429     2.6630      36.12   22.27426  -97.63996    0.00066    0.00037         12  0.000e+00
      30976   1290.625      4.512      4.540    29.4462    29.4480   5.876363   5.876721     3.1429     2.6630      36.09   22.27426  -97.63996    0.00061    0.00040         12  0.000e+00
      30977   1290.667      4.457      4.486    29.4462    29.4480   5.876363   5.876721     3.1429     2.6618      36.07   22.27426  -97.63996    0.00055    0.00042         12  0.000e+00
      30978   1290.708      4.512      4.540    29.4462    29.4481   5.876363   5.876721     3.1429     2.6618      36.09   22.27426  -97.63996    0.00051    0.00043         12  0.000e+00
      30979   1290.750      4.512      4.540    29.4466    29.4482   5.876339   5.876794     3.1416     2.6618      36.07   22.27426  -97.63996    0.00043    0.00044         12  0.000e+00
      30980   1290.792      4.559      4.588    29.4462    29.4483   5.876355   5.876778     3.1429     2.6606      36.07   22.27426  -97.63996    0.00038    0.00044         12  0.000e+00
      30981   1290.833      4.512      4.540    29.4464    29.4482   5.876395   5.876729     3.1429     2.6606      36.07   22.27426  -97.63996    0.00034    0.00042         12  0.000e+00
      30982   1290.875      4.606      4.635    29.4464    29.4483   5.876411   5.876754     3.1416     2.6606      36.07   22.27426  -97.63996    0.00028    0.00041         12  0.000e+00
      30983   1290.917      4.559      4.588    29.4464    29.4483   5.876339   5.876770     3.1416     2.6606      36.07   22.27426  -97.63996    0.00021    0.00039         12  0.000e+00
      30984   1290.958      4.559      4.588    29.4464    29.4482   5.876331   5.876729     3.1429     2.6606      36.07   22.27426  -97.63996    0.00017    0.00037         12  0.000e+00
      30985   1291.000      4.606      4.635    29.4462    29.4481   5.876284   5.876721     3.1416     2.6593      36.07   22.27426  -97.63996    0.00010    0.00033         12  0.000e+00
      30986   1291.042      4.606      4.635    29.4453    29.4482   5.876228   5.876794     3.1429     2.6593      36.07   22.27426  -97.63996    0.00008    0.00029         12  0.000e+00
      30987   1291.083      4.606      4.635    29.4445    29.4480   5.876220   5.876746     3.1416     2.6593      36.07   22.27426  -97.63996    0.00001    0.00025         12  0.000e+00
      30988   1291.125      4.606      4.635    29.4442    29.4480   5.876181   5.876721     3.1416     2.6593      36.07   22.27426  -97.63996   -0.00003    0.00022         12  0.000e+00
      30989   1291.167      4.606      4.635    29.4440    29.4482   5.876181   5.876721     3.1416     2.6593      36.07   22.27426  -97.63996   -0.00008    0.00020         12  0.000e+00
      30990   1291.208      4.661      4.690    29.4436    29.4478   5.876141   5.876721     3.1429     2.6581      36.07   22.27426  -97.63996   -0.00011    0.00014         12  0.000e+00
      30991   1291.250      4.606      4.635    29.4436    29.4480   5.876197   5.876794     3.1429     2.6581      36.07   22.27426  -97.63996   -0.00013    0.00011         12  0.000e+00
      30992   1291.292      4.606      4.635    29.4438    29.4480   5.876149   5.876778     3.1416     2.6581      36.07   22.27426  -97.63996   -0.00018    0.00007         12  0.000e+00
      30993   1291.333      4.661      4.690    29.4440    29.4482   5.876197   5.876770     3.1429     2.6581      36.07   22.27426  -97.63996   -0.00021    0.00004         12  0.000e+00
      30994   1291.375      4.606      4.635    29.4448    29.4482   5.876197   5.876770     3.1429     2.6569      36.07   22.27426  -97.63996   -0.00023   -0.00001         12  0.000e+00
      30995   1291.417      4.606      4.635    29.4447    29.4482   5.876212   5.876729     3.1441     2.6569      36.07   22.27426  -97.63996   -0.00024   -0.00006         12  0.000e+00
      30996   1291.458      4.606      4.635    29.4449    29.4482   5.876220   5.876754     3.1429     2.6569      36.07   22.27426  -97.63996   -0.00027   -0.00011         12  0.000e+00
      30997   1291.500      4.606      4.635    29.4444    29.4480   5.876181   5.876729     3.1441     2.6569      36.07   22.27426  -97.63996   -0.00030   -0.00017         12  0.000e+00
      30998   1291.542      4.606      4.635    29.4444    29.4480   5.876173   5.876754     3.1441     2.6569      36.07   22.27426  -97.63996   -0.00033   -0.00023         12  0.000e+00
      30999   1291.583      4.606      4.635    29.4444    29.4480   5.876109   5.876729     3.1441     2.6569      36.07   22.27426  -97.63996   -0.00035   -0.00028         12  0.000e+00
      31000   1291.625      4.559      4.588    29.4446    29.4477   5.876149   5.876681     3.1441     2.6557      36.07   22.27426  -97.63996   -0.00037   -0.00036         12  0.000e+00
      31001   1291.667      4.559      4.588    29.4449    29.4476   5.876244   5.876705     3.1441     2.6569      36.04   22.27426  -97.63996   -0.00040   -0.00041         12  0.000e+00
      31002   1291.708      4.559      4.588    29.4455    29.4476   5.876228   5.876721     3.1441     2.6569      36.04   22.27426  -97.63996   -0.00043   -0.00047         12  0.000e+00
      31003   1291.750      4.512      4.540    29.4449    29.4478   5.876181   5.876721     3.1441     2.6569      36.04   22.27426  -97.63996   -0.00044   -0.00053         12  0.000e+00
      31004   1291.792      4.559      4.588    29.4447    29.4476   5.876244   5.876721     3.1441     2.6569      36.04   22.27426  -97.63996   -0.00047   -0.00058         12  0.000e+00
      31005   1291.833      4.512      4.540    29.4438    29.4476   5.876101   5.876681     3.1441     2.6569      36.04   22.27426  -97.63996   -0.00049   -0.00064         12  0.000e+00
      31006   1291.875      4.512      4.540    29.4431    29.4476   5.876070   5.876705     3.1429     2.6569      36.04   22.27426  -97.63996   -0.00052   -0.00069         12  0.000e+00
      31007   1291.917      4.457      4.486    29.4432    29.4475   5.876077   5.876681     3.1429     2.6581      36.04   22.27426  -97.63996   -0.00055   -0.00073         12  0.000e+00
      31008   1291.958      4.457      4.486    29.4435    29.4472   5.876038   5.876633     3.1429     2.6569      36.04   22.27426  -97.63996   -0.00059   -0.00078         12  0.000e+00
      31009   1292.000      4.457      4.486    29.4432    29.4470   5.876062   5.876585     3.1429     2.6581      36.04   22.27426  -97.63996   -0.00060   -0.00081         12  0.000e+00
      31010   1292.042      4.410      4.438    29.4431    29.4467   5.876054   5.876577     3.1429     2.6581      36.04   22.27426  -97.63996   -0.00062   -0.00084         12  0.000e+00
      31011   1292.083      4.410      4.438    29.4432    29.4463   5.876069   5.876577     3.1429     2.6581      36.07   22.27426  -97.63996   -0.00065   -0.00087         12  0.000e+00
      31012   1292.125      4.410      4.438    29.4429    29.4465   5.876006   5.876544     3.1429     2.6581      36.04   22.27426  -97.63996   -0.00066   -0.00091         12  0.000e+00
      31013   1292.167      4.356      4.383    29.4427    29.4463   5.875982   5.876560     3.1429     2.6581      36.07   22.27426  -97.63996   -0.00068   -0.00094         12  0.000e+00
