Gulf of Mexico/GOMECC-4/1db/rb2103_0341.ros
* Sea-Bird SBE 9 Data File:
* FileName = C:\Users\scs.user.rb\CTD\GOMECC4\data\rb2103_0341.hex
* Software Version Seasave V 7.26.7.107
* Temperature SN = 4799
* Conductivity SN = 3860
* Number of Bytes Per Scan = 41
* Number of Voltage Words = 4
* Number of Scans Averaged by the Deck Unit = 1
* NMEA Latitude = 29 03.10 N
* NMEA Longitude = 087 31.28 W
* NMEA UTC (Time) = Sep 24 2021  06:51:00
* NMEA baud rate = 4800
# nquan = 17
# nvalues = 2660                                  
# units = specified
# name 0 = scan: Scan Count
# name 1 = timeS: Time, Elapsed [seconds]
# name 2 = depSM: Depth [salt water, m]
# name 3 = prDM: Pressure, Digiquartz [db]
# name 4 = t090C: Temperature [ITS-90, deg C]
# name 5 = t190C: Temperature, 2 [ITS-90, deg C]
# name 6 = c0S/m: Conductivity [S/m]
# name 7 = c1S/m: Conductivity, 2 [S/m]
# name 8 = sbeox0V: Oxygen raw, SBE 43 [V]
# name 9 = sbeox1V: Oxygen raw, SBE 43, 2 [V]
# name 10 = altM: Altimeter [m]
# name 11 = latitude: Latitude [deg]
# name 12 = longitude: Longitude [deg]
# name 13 = sbox0dV/dT: Oxygen, SBE 43 [dov/dt]
# name 14 = sbox1dV/dT: Oxygen, SBE 43, 2 [dov/dt]
# name 15 = nbf: Bottles Fired
# name 16 = flag:  0.000e+00
# interval = seconds: 0.0416667
# start_time = Sep 24 2021 06:51:00 [NMEA time, header]
# bad_flag = -9.990e-29
*END*
[from data line 1958]
     119120   4963.292     54.672     55.050    23.4227    23.4561   5.312848   5.316428     2.9438     2.5201     100.00   29.05226  -87.52178   -0.00037    0.00019         15  0.000e+00
     119121   4963.333     54.672     55.050    23.4195    23.4563   5.312734   5.316451     2.9438     2.5201     100.00   29.05226  -87.52178   -0.00039    0.00016         15  0.000e+00
     119122   4963.375     54.612     54.989    23.4188    23.4573   5.312689   5.316482     2.9438     2.5201     100.00   29.05226  -87.52178   -0.00041    0.00016         15  0.000e+00
     119123   4963.417     54.733     55.111    23.4280    23.4574   5.312734   5.316458     2.9438     2.5201     100.00   29.05226  -87.52178   -0.00043    0.00013         15  0.000e+00
     119124   4963.458     54.612     54.989    23.4355    23.4574   5.312787   5.316412     2.9438     2.5201     100.00   29.05226  -87.52178   -0.00046    0.00012         15  0.000e+00
     119125   4963.500     54.559     54.936    23.4389    23.4571   5.312841   5.316435     2.9438     2.5201     100.00   29.05226  -87.52178   -0.00048    0.00011         15  0.000e+00
     119126   4963.542     54.786     55.164    23.4369    23.4568   5.312909   5.316474     2.9438     2.5201     100.00   29.05226  -87.52178   -0.00050    0.00008         15  0.000e+00
     119127   4963.583     54.612     54.989    23.4380    23.4563   5.312970   5.316458     2.9438     2.5201     100.00   29.05226  -87.52178   -0.00052    0.00005         15  0.000e+00
     119128   4963.625     54.672     55.050    23.4414    23.4563   5.312939   5.316412     2.9438     2.5201     100.00   29.05226  -87.52178   -0.00054    0.00004         15  0.000e+00
     119129   4963.667     54.672     55.050    23.4417    23.4565   5.312962   5.316405     2.9438     2.5201     100.00   29.05226  -87.52178   -0.00055    0.00003         15  0.000e+00
     119130   4963.708     54.672     55.050    23.4366    23.4566   5.312955   5.316435     2.9438     2.5201     100.00   29.05226  -87.52178   -0.00057    0.00002         15  0.000e+00
     119131   4963.750     54.672     55.050    23.4307    23.4561   5.312902   5.316381     2.9438     2.5201     100.00   29.05226  -87.52178   -0.00059    0.00000         15  0.000e+00
     119132   4963.792     54.672     55.050    23.4245    23.4560   5.312750   5.316289     2.9438     2.5201     100.00   29.05226  -87.52178   -0.00060   -0.00001         15  0.000e+00
     119133   4963.833     54.619     54.997    23.4198    23.4549   5.312620   5.316304     2.9426     2.5201     100.00   29.05226  -87.52178   -0.00064   -0.00002         15  0.000e+00
     119134   4963.875     54.672     55.050    23.4172    23.4550   5.312476   5.316281     2.9438     2.5189     100.00   29.05226  -87.52178   -0.00065   -0.00006         15  0.000e+00
     119135   4963.917     54.672     55.050    23.4140    23.4549   5.312354   5.316235     2.9438     2.5201     100.00   29.05226  -87.52178   -0.00067   -0.00007         15  0.000e+00
     119136   4963.958     54.672     55.050    23.4133    23.4553   5.312347   5.316258     2.9426     2.5189     100.00   29.05226  -87.52178   -0.00070   -0.00010         15  0.000e+00
     119137   4964.000     54.672     55.050    23.4180    23.4545   5.312453   5.316204     2.9426     2.5189     100.00   29.05226  -87.52178   -0.00073   -0.00015         15  0.000e+00
     119138   4964.042     54.612     54.989    23.4264    23.4541   5.312628   5.316150     2.9426     2.5201     100.00   29.05226  -87.52178   -0.00076   -0.00016         15  0.000e+00
     119139   4964.083     54.672     55.050    23.4309    23.4538   5.312833   5.316143     2.9426     2.5189     100.00   29.05226  -87.52178   -0.00079   -0.00020         15  0.000e+00
     119140   4964.125     54.672     55.050    23.4359    23.4537   5.312932   5.316143     2.9438     2.5201     100.00   29.05226  -87.52178   -0.00080   -0.00021         15  0.000e+00
     119141   4964.167     54.672     55.050    23.4405    23.4533   5.313031   5.316104     2.9438     2.5201     100.00   29.05226  -87.52178   -0.00081   -0.00023         15  0.000e+00
     119142   4964.208     54.672     55.050    23.4412    23.4529   5.313160   5.316058     2.9438     2.5201     100.00   29.05226  -87.52178   -0.00083   -0.00024         15  0.000e+00
     119143   4964.250     54.673     55.050    23.4421    23.4531   5.313266   5.316119     2.9438     2.5201     100.00   29.05226  -87.52178   -0.00084   -0.00024         15  0.000e+00
     119144   4964.292     54.673     55.050    23.4450    23.4531   5.313319   5.316073     2.9438     2.5189     100.00   29.05226  -87.52178   -0.00085   -0.00026         15  0.000e+00
     119145   4964.333     54.612     54.989    23.4460    23.4531   5.313205   5.316081     2.9426     2.5189     100.00   29.05226  -87.52178   -0.00086   -0.00027         15  0.000e+00
     119146   4964.375     54.725     55.104    23.4439    23.4531   5.313023   5.316096     2.9426     2.5201     100.00   29.05226  -87.52178   -0.00086   -0.00027         15  0.000e+00
     119147   4964.417     54.620     54.997    23.4389    23.4531   5.312742   5.316127     2.9438     2.5189     100.00   29.05226  -87.52178   -0.00087   -0.00028         15  0.000e+00
     119148   4964.458     54.673     55.050    23.4327    23.4531   5.312476   5.316104     2.9438     2.5189     100.00   29.05226  -87.52178   -0.00086   -0.00030         15  0.000e+00
     119149   4964.500     54.673     55.050    23.4273    23.4531   5.312369   5.316058     2.9426     2.5189     100.00   29.05226  -87.52178   -0.00089   -0.00031         15  0.000e+00
     119150   4964.542     54.673     55.051    23.4234    23.4531   5.312316   5.316119     2.9438     2.5189      93.11   29.05226  -87.52178   -0.00089   -0.00033         15  0.000e+00
     119151   4964.583     54.612     54.990    23.4228    23.4533   5.312286   5.316142     2.9438     2.5201      85.20   29.05226  -87.52178   -0.00090   -0.00032         15  0.000e+00
     119152   4964.625     54.673     55.051    23.4197    23.4531   5.312240   5.316104     2.9438     2.5201      83.27   29.05226  -87.52178   -0.00090   -0.00032         15  0.000e+00
     119153   4964.667     54.673     55.051    23.4166    23.4537   5.312271   5.316166     2.9426     2.5201      83.66   29.05226  -87.52178   -0.00093   -0.00032         15  0.000e+00
     119154   4964.708     54.673     55.051    23.4148    23.4539   5.312301   5.316189     2.9426     2.5201      84.05   29.05226  -87.52178   -0.00095   -0.00031         15  0.000e+00
     119155   4964.750     54.673     55.051    23.4143    23.4542   5.312309   5.316250     2.9438     2.5201      84.13   29.05226  -87.52178   -0.00093   -0.00031         15  0.000e+00
     119156   4964.792     54.673     55.051    23.4149    23.4544   5.312316   5.316274     2.9438     2.5201      84.10   29.05226  -87.52178   -0.00092   -0.00030         15  0.000e+00
     121185   5049.333     39.808     40.082    25.6174    25.7258   5.525116   5.535165     2.9365     2.4774     100.00   29.05234  -87.52184    0.00199    0.00028         16  0.000e+00
     121186   5049.375     39.868     40.143    25.6334    25.7255   5.525070   5.535032     2.9377     2.4774     100.00   29.05234  -87.52184    0.00239    0.00027         16  0.000e+00
     121187   5049.417     39.868     40.143    25.6300    25.7253   5.525008   5.534930     2.9377     2.4774     100.00   29.05234  -87.52184    0.00278    0.00026         16  0.000e+00
     121188   5049.458     39.921     40.196    25.6120    25.7248   5.524970   5.534875     2.9389     2.4762     100.00   29.05234  -87.52184    0.00317    0.00024         16  0.000e+00
     121189   5049.500     39.869     40.143    25.5930    25.7237   5.524823   5.534726     2.9402     2.4762     100.00   29.05234  -87.52184    0.00357    0.00022         16  0.000e+00
     121190   5049.542     39.808     40.082    25.5963    25.7228   5.524637   5.534577     2.9377     2.4762     100.00   29.05234  -87.52184    0.00393    0.00020         16  0.000e+00
     121191   5049.583     39.921     40.196    25.6237    25.7217   5.524281   5.534506     2.9389     2.4750     100.00   29.05234  -87.52184    0.00428    0.00016         16  0.000e+00
     121192   5049.625     39.869     40.143    25.6235    25.7195   5.523733   5.534467     2.9389     2.4750     100.00   29.05234  -87.52184    0.00463    0.00012         16  0.000e+00
     121193   5049.667     39.831     40.105    25.6058    25.7171   5.523238   5.534389     2.9402     2.4737     100.00   29.05234  -87.52184    0.00495    0.00007         16  0.000e+00
     121194   5049.708     39.869     40.143    25.5989    25.7160   5.522752   5.534326     2.9402     2.4737     100.00   29.05234  -87.52184    0.00528    0.00002         16  0.000e+00
     121195   5049.750     39.869     40.143    25.5785    25.7159   5.522273   5.534216     2.9402     2.4737     100.00   29.05234  -87.52184    0.00558   -0.00002         16  0.000e+00
     121196   5049.792     39.869     40.143    25.5603    25.7151   5.521925   5.534185     2.9402     2.4737     100.00   29.05234  -87.52184    0.00586   -0.00007         16  0.000e+00
     121197   5049.833     39.869     40.143    25.5345    25.7148   5.521269   5.534185     2.9414     2.4737     100.00   29.05234  -87.52184    0.00614   -0.00013         16  0.000e+00
     121198   5049.875     39.869     40.143    25.5414    25.7150   5.520635   5.534279     2.9402     2.4737     100.00   29.05234  -87.52184    0.00640   -0.00018         16  0.000e+00
     121199   5049.917     39.869     40.143    25.5599    25.7159   5.520210   5.534248     2.9402     2.4737     100.00   29.05234  -87.52184    0.00663   -0.00024         16  0.000e+00
     121200   5049.958     39.808     40.082    25.5421    25.7157   5.519793   5.534122     2.9402     2.4725     100.00   29.05234  -87.52184    0.00685   -0.00033         16  0.000e+00
     121201   5050.000     39.922     40.196    25.4970    25.7148   5.519153   5.534091     2.9402     2.4725     100.00   29.05234  -87.52184    0.00703   -0.00042         16  0.000e+00
     121202   5050.042     39.808     40.082    25.4646    25.7144   5.518126   5.534122     2.9402     2.4725     100.00   29.05234  -87.52184    0.00720   -0.00050         16  0.000e+00
     121203   5050.083     39.831     40.105    25.4460    25.7144   5.516882   5.534138     2.9402     2.4713     100.00   29.05234  -87.52184    0.00736   -0.00061         16  0.000e+00
     121204   5050.125     39.869     40.143    25.4424    25.7151   5.515786   5.534138     2.9402     2.4713     100.00   29.05234  -87.52184    0.00750   -0.00071         16  0.000e+00
     121205   5050.167     39.869     40.143    25.4493    25.7159   5.514665   5.534232     2.9389     2.4713     100.00   29.05234  -87.52184    0.00761   -0.00080         16  0.000e+00
     121206   5050.208     39.869     40.143    25.4485    25.7166   5.513592   5.534303     2.9402     2.4713     100.00   29.05234  -87.52184    0.00772   -0.00090         16  0.000e+00
     121207   5050.250     39.808     40.082    25.4458    25.7175   5.513028   5.534389     2.9389     2.4713     100.00   29.05234  -87.52184    0.00781   -0.00101         16  0.000e+00
     121208   5050.292     39.808     40.082    25.4619    25.7182   5.512688   5.534412     2.9402     2.4713     100.00   29.05234  -87.52184    0.00788   -0.00110         16  0.000e+00
     121209   5050.333     39.869     40.143    25.4682    25.7191   5.511924   5.534475     2.9389     2.4713     100.00   29.05234  -87.52184    0.00792   -0.00121         16  0.000e+00
     121210   5050.375     39.808     40.082    25.4282    25.7198   5.510867   5.534569     2.9402     2.4701     100.00   29.05234  -87.52184    0.00797   -0.00132         16  0.000e+00
     121211   5050.417     39.869     40.143    25.3981    25.7202   5.509848   5.534624     2.9389     2.4701     100.00   29.05234  -87.52184    0.00799   -0.00142         16  0.000e+00
     121212   5050.458     39.869     40.143    25.3800    25.7208   5.508837   5.534640     2.9389     2.4701     100.00   29.05234  -87.52184    0.00800   -0.00152         16  0.000e+00
     121213   5050.500     39.831     40.105    25.3708    25.7215   5.508088   5.534671     2.9377     2.4689     100.00   29.05234  -87.52184    0.00798   -0.00163         16  0.000e+00
     121214   5050.542     39.809     40.082    25.3671    25.7202   5.507255   5.534475     2.9377     2.4689      83.79   29.05234  -87.52184    0.00795   -0.00175         16  0.000e+00
     121215   5050.583     39.869     40.143    25.3609    25.7178   5.506236   5.534060     2.9377     2.4689      51.11   29.05234  -87.52184    0.00791   -0.00186         16  0.000e+00
     121216   5050.625     39.809     40.082    25.3502    25.7128   5.505264   5.533636     2.9377     2.4689      40.54   29.05234  -87.52184    0.00784   -0.00195         16  0.000e+00
     121217   5050.667     39.809     40.082    25.3454    25.7084   5.504916   5.533299     2.9377     2.4676      41.07   29.05234  -87.52184    0.00777   -0.00205         16  0.000e+00
     121218   5050.708     39.869     40.143    25.3631    25.7048   5.505163   5.533119     2.9365     2.4676      42.69   29.05234  -87.52184    0.00767   -0.00215         16  0.000e+00
     121219   5050.750     39.809     40.082    25.3484    25.7040   5.505557   5.533049     2.9365     2.4676      43.17   29.05234  -87.52184    0.00757   -0.00225         16  0.000e+00
     121220   5050.792     39.869     40.143    25.3259    25.7055   5.505866   5.533417     2.9341     2.4676      43.13   29.05234  -87.52184    0.00743   -0.00232         16  0.000e+00
     121221   5050.833     39.809     40.082    25.3213    25.7104   5.507325   5.533950     2.9353     2.4676      43.05   29.05234  -87.52184    0.00730   -0.00239         16  0.000e+00
     121222   5050.875     39.809     40.082    25.3708    25.7150   5.510790   5.534295     2.9341     2.4664      43.03   29.05234  -87.52184    0.00714   -0.00248         16  0.000e+00
     121223   5050.917     39.831     40.105    25.4833    25.7182   5.515175   5.534459     2.9328     2.4664      43.03   29.05234  -87.52184    0.00696   -0.00258         16  0.000e+00
     121224   5050.958     39.869     40.143    25.5644    25.7206   5.518557   5.534569     2.9328     2.4664      43.03   29.05234  -87.52184    0.00678   -0.00267         16  0.000e+00
     121225   5051.000     39.809     40.082    25.6066    25.7213   5.520263   5.534624     2.9328     2.4652      43.03   29.05234  -87.52184    0.00659   -0.00280         16  0.000e+00
     121226   5051.042     39.869     40.143    25.6320    25.7220   5.521746   5.534640     2.9316     2.4652      43.03   29.05234  -87.52184    0.00639   -0.00292         16  0.000e+00
     121227   5051.083     39.809     40.082    25.6508    25.7215   5.523423   5.534640     2.9304     2.4652      43.03   29.05234  -87.52184    0.00617   -0.00304         16  0.000e+00
     121228   5051.125     39.809     40.082    25.6476    25.7210   5.524204   5.534530     2.9304     2.4652      43.03   29.05234  -87.52184    0.00595   -0.00315         16  0.000e+00
     121229   5051.167     39.809     40.082    25.6335    25.7180   5.524420   5.534287     2.9292     2.4652      43.03   29.05234  -87.52184    0.00572   -0.00326         16  0.000e+00
     121230   5051.208     39.869     40.143    25.6311    25.7093   5.524830   5.533778     2.9292     2.4652      43.03   29.05234  -87.52184    0.00547   -0.00337         16  0.000e+00
     121231   5051.250     39.809     40.083    25.6403    25.6975   5.525363   5.533252     2.9292     2.4652      43.03   29.05234  -87.52184    0.00522   -0.00349         16  0.000e+00
