Gulf of Mexico/GOMECC-4/1db/rb2103_1281.ros
* Sea-Bird SBE 9 Data File:
* FileName = C:\Users\scs.user.rb\CTD\GOMECC4\data\rb2103_1281.hex
* Software Version Seasave V 7.26.7.107
* Temperature SN = 4799
* Conductivity SN = 3860
* Number of Bytes Per Scan = 41
* Number of Voltage Words = 4
* Number of Scans Averaged by the Deck Unit = 1
* NMEA Latitude = 27 02.03 N
* NMEA Longitude = 082 36.87 W
* NMEA UTC (Time) = Oct 19 2021  10:31:33
* NMEA baud rate = 4800
# nquan = 17
# nvalues = 266                                   
# units = specified
# name 0 = scan: Scan Count
# name 1 = timeS: Time, Elapsed [seconds]
# name 2 = depSM: Depth [salt water, m]
# name 3 = prDM: Pressure, Digiquartz [db]
# name 4 = t090C: Temperature [ITS-90, deg C]
# name 5 = t190C: Temperature, 2 [ITS-90, deg C]
# name 6 = c0S/m: Conductivity [S/m]
# name 7 = c1S/m: Conductivity, 2 [S/m]
# name 8 = sbeox0V: Oxygen raw, SBE 43 [V]
# name 9 = sbeox1V: Oxygen raw, SBE 43, 2 [V]
# name 10 = altM: Altimeter [m]
# name 11 = latitude: Latitude [deg]
# name 12 = longitude: Longitude [deg]
# name 13 = sbox0dV/dT: Oxygen, SBE 43 [dov/dt]
# name 14 = sbox1dV/dT: Oxygen, SBE 43, 2 [dov/dt]
# name 15 = nbf: Bottles Fired
# name 16 = flag:  0.000e+00
# interval = seconds: 0.0416667
# start_time = Oct 19 2021 10:31:33 [NMEA time, header]
# bad_flag = -9.990e-29
*END*
[from data line 86]
      13139    547.417     12.160     12.240    28.1833    28.1850   5.740397   5.740584     2.9927     2.5238       3.81   27.03366  -82.61448   -0.00128   -0.00076          1  0.000e+00
      13140    547.458     12.112     12.193    28.1835    28.1848   5.740311   5.740616     2.9927     2.5238       3.81   27.03366  -82.61448   -0.00130   -0.00079          1  0.000e+00
      13141    547.500     12.112     12.193    28.1835    28.1849   5.740335   5.740600     2.9927     2.5238       3.81   27.03366  -82.61448   -0.00131   -0.00082          1  0.000e+00
      13142    547.542     12.058     12.138    28.1835    28.1852   5.740374   5.740592     2.9927     2.5250       3.83   27.03366  -82.61448   -0.00133   -0.00083          1  0.000e+00
      13143    547.583     12.112     12.193    28.1833    28.1852   5.740382   5.740616     2.9927     2.5250       3.86   27.03366  -82.61448   -0.00135   -0.00084          1  0.000e+00
      13144    547.625     12.112     12.193    28.1835    28.1852   5.740358   5.740600     2.9927     2.5250       3.88   27.03366  -82.61448   -0.00136   -0.00084          1  0.000e+00
      13145    547.667     12.112     12.193    28.1837    28.1853   5.740374   5.740656     2.9939     2.5250       3.88   27.03366  -82.61448   -0.00136   -0.00083          1  0.000e+00
      13146    547.708     12.112     12.193    28.1835    28.1850   5.740327   5.740640     2.9927     2.5250       3.91   27.03366  -82.61448   -0.00137   -0.00081          1  0.000e+00
      13147    547.750     12.112     12.193    28.1835    28.1853   5.740327   5.740656     2.9939     2.5263       3.88   27.03366  -82.61448   -0.00137   -0.00078          1  0.000e+00
      13148    547.792     12.058     12.138    28.1835    28.1850   5.740366   5.740640     2.9939     2.5263       3.88   27.03366  -82.61448   -0.00136   -0.00075          1  0.000e+00
      13149    547.833     12.112     12.193    28.1834    28.1852   5.740358   5.740632     2.9939     2.5263       3.88   27.03366  -82.61448   -0.00136   -0.00073          1  0.000e+00
      13150    547.875     12.112     12.193    28.1833    28.1853   5.740335   5.740632     2.9939     2.5263       3.88   27.03366  -82.61448   -0.00135   -0.00072          1  0.000e+00
      13151    547.917     12.058     12.138    28.1835    28.1852   5.740350   5.740584     2.9951     2.5263       3.88   27.03366  -82.61448   -0.00132   -0.00071          1  0.000e+00
      13152    547.958     12.112     12.193    28.1834    28.1852   5.740335   5.740584     2.9939     2.5250       3.88   27.03366  -82.61448   -0.00131   -0.00071          1  0.000e+00
      13153    548.000     12.112     12.193    28.1835    28.1849   5.740335   5.740616     2.9951     2.5263       3.88   27.03366  -82.61448   -0.00128   -0.00069          1  0.000e+00
      13154    548.042     12.058     12.138    28.1833    28.1852   5.740350   5.740600     2.9951     2.5263       3.91   27.03366  -82.61448   -0.00126   -0.00068          1  0.000e+00
      13155    548.083     12.112     12.193    28.1835    28.1852   5.740303   5.740576     2.9951     2.5263       3.88   27.03366  -82.61448   -0.00121   -0.00066          1  0.000e+00
      13156    548.125     12.058     12.138    28.1834    28.1850   5.740303   5.740584     2.9951     2.5250       3.88   27.03366  -82.61448   -0.00116   -0.00066          1  0.000e+00
      13157    548.167     12.112     12.193    28.1835    28.1852   5.740358   5.740616     2.9951     2.5263       3.88   27.03366  -82.61448   -0.00111   -0.00067          1  0.000e+00
      13158    548.208     12.058     12.138    28.1835    28.1850   5.740342   5.740703     2.9939     2.5263       3.88   27.03366  -82.61448   -0.00109   -0.00067          1  0.000e+00
      13159    548.250     12.112     12.193    28.1834    28.1853   5.740350   5.740648     2.9939     2.5263       3.91   27.03366  -82.61448   -0.00106   -0.00067          1  0.000e+00
      13160    548.292     12.058     12.138    28.1834    28.1852   5.740334   5.740600     2.9951     2.5263       3.88   27.03366  -82.61448   -0.00103   -0.00067          1  0.000e+00
      13161    548.333     12.058     12.138    28.1834    28.1852   5.740311   5.740616     2.9939     2.5263       3.91   27.03366  -82.61448   -0.00099   -0.00067          1  0.000e+00
      13162    548.375     12.112     12.193    28.1835    28.1853   5.740397   5.740600     2.9951     2.5263       3.88   27.03366  -82.61448   -0.00095   -0.00067          1  0.000e+00
      13163    548.417     12.058     12.138    28.1835    28.1853   5.740358   5.740616     2.9951     2.5263       3.88   27.03366  -82.61448   -0.00091   -0.00067          1  0.000e+00
      13164    548.458     12.112     12.193    28.1832    28.1852   5.740350   5.740624     2.9951     2.5263       3.88   27.03366  -82.61448   -0.00088   -0.00067          1  0.000e+00
      13165    548.500     12.058     12.138    28.1833    28.1853   5.740334   5.740600     2.9951     2.5263       3.91   27.03366  -82.61448   -0.00084   -0.00067          1  0.000e+00
      13166    548.542     12.058     12.138    28.1835    28.1852   5.740311   5.740616     2.9951     2.5263       3.91   27.03366  -82.61448   -0.00080   -0.00067          1  0.000e+00
      13167    548.583     12.112     12.193    28.1837    28.1852   5.740287   5.740632     2.9951     2.5263       3.93   27.03366  -82.61448   -0.00074   -0.00068          1  0.000e+00
      13168    548.625     12.058     12.138    28.1835    28.1853   5.740319   5.740584     2.9951     2.5263       3.93   27.03366  -82.61448   -0.00070   -0.00068          1  0.000e+00
      13169    548.667     12.058     12.138    28.1833    28.1853   5.740350   5.740648     2.9951     2.5263       3.93   27.03366  -82.61448   -0.00065   -0.00068          1  0.000e+00
      13170    548.708     12.058     12.138    28.1834    28.1852   5.740334   5.740608     2.9951     2.5263       3.93   27.03366  -82.61448   -0.00061   -0.00068          1  0.000e+00
      13171    548.750     12.058     12.138    28.1834    28.1852   5.740311   5.740616     2.9951     2.5263       3.93   27.03366  -82.61448   -0.00057   -0.00068          1  0.000e+00
      13172    548.792     12.058     12.138    28.1834    28.1853   5.740327   5.740624     2.9951     2.5263       3.93   27.03364  -82.61448   -0.00052   -0.00068          1  0.000e+00
      13173    548.833     12.058     12.138    28.1833    28.1852   5.740366   5.740664     2.9951     2.5263       3.93   27.03364  -82.61448   -0.00048   -0.00066          1  0.000e+00
      13174    548.875     12.058     12.138    28.1835    28.1853   5.740358   5.740608     2.9951     2.5263       3.96   27.03364  -82.61448   -0.00045   -0.00065          1  0.000e+00
      13175    548.917     12.112     12.193    28.1835    28.1853   5.740303   5.740656     2.9951     2.5263       3.93   27.03364  -82.61448   -0.00042   -0.00063          1  0.000e+00
      13176    548.958     12.058     12.138    28.1833    28.1853   5.740334   5.740632     2.9951     2.5263       3.93   27.03364  -82.61448   -0.00037   -0.00061          1  0.000e+00
      13177    549.000     12.058     12.138    28.1834    28.1856   5.740334   5.740624     2.9951     2.5263       3.93   27.03364  -82.61448   -0.00032   -0.00059          1  0.000e+00
      13178    549.042     12.058     12.138    28.1832    28.1852   5.740366   5.740632     2.9963     2.5263       3.93   27.03364  -82.61448   -0.00028   -0.00058          1  0.000e+00
      13179    549.083     12.058     12.138    28.1834    28.1850   5.740327   5.740664     2.9951     2.5250       3.93   27.03364  -82.61448   -0.00025   -0.00057          1  0.000e+00
      13180    549.125     12.058     12.138    28.1833    28.1852   5.740327   5.740632     2.9963     2.5250       3.96   27.03364  -82.61448   -0.00020   -0.00057          1  0.000e+00
      13181    549.167     12.058     12.138    28.1832    28.1855   5.740334   5.740624     2.9951     2.5250       3.93   27.03364  -82.61448   -0.00017   -0.00057          1  0.000e+00
      13182    549.208     12.058     12.138    28.1834    28.1853   5.740311   5.740632     2.9963     2.5250       3.93   27.03364  -82.61448   -0.00014   -0.00057          1  0.000e+00
      13183    549.250     12.058     12.138    28.1835    28.1852   5.740397   5.740560     2.9963     2.5238       3.93   27.03364  -82.61448   -0.00009   -0.00058          1  0.000e+00
      13184    549.292     12.112     12.193    28.1831    28.1848   5.740335   5.740608     2.9963     2.5250       3.93   27.03364  -82.61448   -0.00004   -0.00057          1  0.000e+00
      13185    549.333     12.011     12.091    28.1835    28.1852   5.740327   5.740584     2.9951     2.5250       3.93   27.03364  -82.61448   -0.00001   -0.00057          1  0.000e+00
      14877    619.833      3.094      3.115    28.1768    28.1785   5.739285   5.739472     2.9988     2.5275      12.80   27.03364  -82.61448    0.00108   -0.00087          2  0.000e+00
      14878    619.875      2.837      2.856    28.1768    28.1780   5.739253   5.739520     3.0000     2.5275      12.80   27.03364  -82.61448    0.00111   -0.00087          2  0.000e+00
      14879    619.917      2.898      2.917    28.1767    28.1785   5.739293   5.739472     3.0000     2.5275      12.82   27.03364  -82.61448    0.00114   -0.00087          2  0.000e+00
      14880    619.958      2.993      3.013    28.1770    28.1783   5.739293   5.739480     2.9988     2.5263      12.82   27.03364  -82.61448    0.00115   -0.00088          2  0.000e+00
      14881    620.000      2.898      2.917    28.1768    28.1783   5.739308   5.739496     2.9988     2.5263      12.80   27.03364  -82.61448    0.00115   -0.00090          2  0.000e+00
      14882    620.042      2.946      2.965    28.1767    28.1781   5.739293   5.739528     2.9988     2.5263      12.82   27.03364  -82.61448    0.00116   -0.00092          2  0.000e+00
      14883    620.083      2.898      2.917    28.1770    28.1783   5.739324   5.739504     3.0000     2.5263      12.80   27.03364  -82.61448    0.00117   -0.00093          2  0.000e+00
      14884    620.125      2.993      3.013    28.1766    28.1780   5.739285   5.739568     2.9988     2.5263      12.82   27.03364  -82.61448    0.00116   -0.00094          2  0.000e+00
      14885    620.167      2.891      2.911    28.1767    28.1781   5.739285   5.739480     2.9988     2.5263      12.82   27.03364  -82.61448    0.00114   -0.00096          2  0.000e+00
      14886    620.208      2.946      2.965    28.1770    28.1781   5.739293   5.739520     2.9988     2.5263      12.80   27.03364  -82.61448    0.00111   -0.00095          2  0.000e+00
      14887    620.250      2.898      2.917    28.1770    28.1781   5.739238   5.739504     2.9988     2.5263      12.80   27.03364  -82.61448    0.00108   -0.00095          2  0.000e+00
      14888    620.292      2.946      2.965    28.1766    28.1780   5.739238   5.739528     2.9988     2.5263      12.80   27.03364  -82.61448    0.00105   -0.00094          2  0.000e+00
      14889    620.333      2.946      2.965    28.1767    28.1781   5.739261   5.739504     2.9988     2.5263      12.82   27.03364  -82.61448    0.00101   -0.00093          2  0.000e+00
      14890    620.375      2.946      2.965    28.1768    28.1781   5.739245   5.739496     2.9988     2.5263      12.82   27.03364  -82.61448    0.00098   -0.00092          2  0.000e+00
      14891    620.417      2.898      2.917    28.1768    28.1783   5.739245   5.739528     2.9988     2.5263      12.82   27.03364  -82.61448    0.00094   -0.00091          2  0.000e+00
      14892    620.458      2.939      2.958    28.1767    28.1780   5.739222   5.739472     2.9976     2.5263      12.80   27.03364  -82.61448    0.00089   -0.00090          2  0.000e+00
      14893    620.500      2.898      2.917    28.1766    28.1780   5.739269   5.739448     2.9976     2.5275      12.80   27.03364  -82.61448    0.00083   -0.00087          2  0.000e+00
      14894    620.542      2.946      2.965    28.1766    28.1778   5.739293   5.739480     2.9976     2.5275      12.80   27.03364  -82.61448    0.00078   -0.00086          2  0.000e+00
      14895    620.583      2.946      2.965    28.1768    28.1780   5.739269   5.739456     2.9976     2.5275      12.82   27.03364  -82.61448    0.00072   -0.00083          2  0.000e+00
      14896    620.625      2.898      2.917    28.1765    28.1778   5.739245   5.739480     2.9976     2.5263      12.82   27.03364  -82.61448    0.00066   -0.00083          2  0.000e+00
      14897    620.667      2.946      2.965    28.1768    28.1778   5.739277   5.739456     2.9963     2.5275      12.82   27.03364  -82.61448    0.00058   -0.00081          2  0.000e+00
      14898    620.708      2.898      2.917    28.1766    28.1778   5.739238   5.739520     2.9963     2.5275      12.82   27.03364  -82.61448    0.00052   -0.00080          2  0.000e+00
      14899    620.750      2.939      2.958    28.1767    28.1778   5.739238   5.739472     2.9963     2.5275      12.82   27.03364  -82.61448    0.00046   -0.00078          2  0.000e+00
      14900    620.792      2.898      2.917    28.1766    28.1777   5.739261   5.739480     2.9963     2.5275      12.82   27.03364  -82.61448    0.00040   -0.00077          2  0.000e+00
      14901    620.833      2.946      2.965    28.1766    28.1781   5.739285   5.739528     2.9951     2.5275      12.82   27.03364  -82.61448    0.00032   -0.00075          2  0.000e+00
      14902    620.875      2.898      2.917    28.1767    28.1778   5.739253   5.739432     2.9951     2.5275      12.82   27.03364  -82.61448    0.00026   -0.00074          2  0.000e+00
      14903    620.917      2.946      2.965    28.1766    28.1780   5.739261   5.739432     2.9963     2.5275      12.82   27.03364  -82.61448    0.00022   -0.00072          2  0.000e+00
      14904    620.958      2.898      2.917    28.1764    28.1780   5.739245   5.739480     2.9951     2.5275      12.80   27.03364  -82.61448    0.00016   -0.00070          2  0.000e+00
      14905    621.000      2.946      2.965    28.1768    28.1778   5.739277   5.739496     2.9951     2.5275      12.82   27.03364  -82.61448    0.00010   -0.00069          2  0.000e+00
      14906    621.042      2.891      2.911    28.1765    28.1781   5.739269   5.739528     2.9951     2.5275      12.82   27.03364  -82.61448    0.00004   -0.00067          2  0.000e+00
      14907    621.083      2.898      2.917    28.1766    28.1781   5.739245   5.739472     2.9951     2.5275      12.82   27.03364  -82.61448 -5.275e-07   -0.00063          2  0.000e+00
      14908    621.125      2.946      2.965    28.1766    28.1780   5.739293   5.739480     2.9963     2.5263      12.82   27.03364  -82.61448   -0.00002   -0.00061          2  0.000e+00
      14909    621.167      2.898      2.917    28.1765    28.1780   5.739293   5.739456     2.9963     2.5263      12.80   27.03364  -82.61448   -0.00005   -0.00059          2  0.000e+00
      14910    621.208      2.898      2.917    28.1764    28.1780   5.739293   5.739448     2.9951     2.5263      12.82   27.03364  -82.61448   -0.00009   -0.00057          2  0.000e+00
      14911    621.250      2.946      2.965    28.1766    28.1778   5.739238   5.739480     2.9963     2.5263      12.82   27.03364  -82.61448   -0.00011   -0.00055          2  0.000e+00
      14912    621.292      2.898      2.917    28.1767    28.1781   5.739269   5.739456     2.9951     2.5250      12.82   27.03364  -82.61448   -0.00015   -0.00056          2  0.000e+00
      14913    621.333      2.939      2.958    28.1766    28.1778   5.739253   5.739480     2.9963     2.5250      12.80   27.03364  -82.61448   -0.00017   -0.00055          2  0.000e+00
