Gulf of Mexico/GOMECC-4/1db/rb2103_0371.ros
* Sea-Bird SBE 9 Data File:
* FileName = C:\Users\scs.user.rb\CTD\GOMECC4\data\rb2103_0371.hex
* Software Version Seasave V 7.26.7.107
* Temperature SN = 4799
* Conductivity SN = 3860
* Number of Bytes Per Scan = 41
* Number of Voltage Words = 4
* Number of Scans Averaged by the Deck Unit = 1
* NMEA Latitude = 27 00.07 N
* NMEA Longitude = 089 59.96 W
* NMEA UTC (Time) = Sep 25 2021  07:16:47
* NMEA baud rate = 4800
# nquan = 17
# nvalues = 3059                                  
# units = specified
# name 0 = scan: Scan Count
# name 1 = timeS: Time, Elapsed [seconds]
# name 2 = depSM: Depth [salt water, m]
# name 3 = prDM: Pressure, Digiquartz [db]
# name 4 = t090C: Temperature [ITS-90, deg C]
# name 5 = t190C: Temperature, 2 [ITS-90, deg C]
# name 6 = c0S/m: Conductivity [S/m]
# name 7 = c1S/m: Conductivity, 2 [S/m]
# name 8 = sbeox0V: Oxygen raw, SBE 43 [V]
# name 9 = sbeox1V: Oxygen raw, SBE 43, 2 [V]
# name 10 = altM: Altimeter [m]
# name 11 = latitude: Latitude [deg]
# name 12 = longitude: Longitude [deg]
# name 13 = sbox0dV/dT: Oxygen, SBE 43 [dov/dt]
# name 14 = sbox1dV/dT: Oxygen, SBE 43, 2 [dov/dt]
# name 15 = nbf: Bottles Fired
# name 16 = flag:  0.000e+00
# interval = seconds: 0.0416667
# start_time = Sep 25 2021 07:16:47 [NMEA time, header]
# bad_flag = -9.990e-29
*END*
[from data line 2469]
     183363   7640.083     30.251     30.454    28.9933    28.9956   5.896796   5.897071     3.1184     2.6496     100.00   27.03196  -89.98138    0.00013   -0.00166         19  0.000e+00
     183364   7640.125     30.221     30.423    28.9933    28.9955   5.896756   5.897030     3.1184     2.6496     100.00   27.03196  -89.98138    0.00013   -0.00166         19  0.000e+00
     183365   7640.167     30.138     30.340    28.9934    28.9956   5.896788   5.897095     3.1184     2.6496     100.00   27.03196  -89.98138    0.00015   -0.00166         19  0.000e+00
     183366   7640.208     30.304     30.507    28.9933    28.9958   5.896796   5.897079     3.1184     2.6496     100.00   27.03196  -89.98138    0.00017   -0.00164         19  0.000e+00
     183367   7640.250     30.251     30.454    28.9929    28.9956   5.896828   5.897071     3.1184     2.6508     100.00   27.03196  -89.98138    0.00021   -0.00162         19  0.000e+00
     183368   7640.292     30.251     30.454    28.9934    28.9957   5.896812   5.897071     3.1184     2.6508     100.00   27.03196  -89.98138    0.00023   -0.00159         19  0.000e+00
     183369   7640.333     30.251     30.454    28.9931    28.9958   5.896796   5.897030     3.1184     2.6508     100.00   27.03196  -89.98138    0.00025   -0.00157         19  0.000e+00
     183370   7640.375     30.251     30.454    28.9931    28.9958   5.896757   5.897054     3.1184     2.6520     100.00   27.03196  -89.98138    0.00027   -0.00153         19  0.000e+00
     183371   7640.417     30.251     30.454    28.9932    28.9960   5.896820   5.897071     3.1172     2.6520     100.00   27.03196  -89.98138    0.00028   -0.00149         19  0.000e+00
     183372   7640.458     30.221     30.423    28.9931    28.9960   5.896804   5.897030     3.1184     2.6520     100.00   27.03196  -89.98138    0.00028   -0.00144         19  0.000e+00
     183373   7640.500     30.251     30.454    28.9935    28.9957   5.896796   5.897054     3.1184     2.6520     100.00   27.03196  -89.98138    0.00029   -0.00140         19  0.000e+00
     183374   7640.542     30.191     30.393    28.9927    28.9958   5.896796   5.897030     3.1184     2.6520     100.00   27.03196  -89.98138    0.00031   -0.00136         19  0.000e+00
     183375   7640.583     30.191     30.393    28.9929    28.9956   5.896796   5.897054     3.1184     2.6520     100.00   27.03196  -89.98138    0.00033   -0.00131         19  0.000e+00
     183376   7640.625     30.251     30.454    28.9926    28.9956   5.896757   5.897030     3.1172     2.6520     100.00   27.03196  -89.98138    0.00034   -0.00127         19  0.000e+00
     183377   7640.667     30.191     30.393    28.9923    28.9955   5.896749   5.897022     3.1184     2.6520     100.00   27.03196  -89.98138    0.00036   -0.00123         19  0.000e+00
     183378   7640.708     30.251     30.454    28.9923    28.9957   5.896709   5.897095     3.1184     2.6520     100.00   27.03196  -89.98138    0.00039   -0.00118         19  0.000e+00
     183379   7640.750     30.168     30.370    28.9923    28.9958   5.896772   5.897079     3.1184     2.6508     100.00   27.03196  -89.98138    0.00040   -0.00115         19  0.000e+00
     183380   7640.792     30.191     30.393    28.9920    28.9956   5.896756   5.897071     3.1184     2.6508     100.00   27.03198  -89.98138    0.00040   -0.00113         19  0.000e+00
     183381   7640.833     30.191     30.393    28.9918    28.9958   5.896709   5.897103     3.1197     2.6508     100.00   27.03198  -89.98138    0.00043   -0.00108         19  0.000e+00
     183382   7640.875     30.138     30.340    28.9913    28.9957   5.896701   5.897046     3.1184     2.6496     100.00   27.03198  -89.98138    0.00044   -0.00107         19  0.000e+00
     183383   7640.917     30.191     30.393    28.9914    28.9958   5.896701   5.897054     3.1184     2.6496     100.00   27.03198  -89.98138    0.00046   -0.00105         19  0.000e+00
     183384   7640.958     30.138     30.340    28.9913    28.9960   5.896701   5.897103     3.1197     2.6484     100.00   27.03198  -89.98138    0.00048   -0.00104         19  0.000e+00
     183385   7641.000     30.138     30.340    28.9911    28.9956   5.896701   5.897046     3.1197     2.6484     100.00   27.03198  -89.98138    0.00049   -0.00102         19  0.000e+00
     183386   7641.042     30.168     30.370    28.9913    28.9958   5.896661   5.897022     3.1209     2.6484      92.89   27.03198  -89.98138    0.00053   -0.00100         19  0.000e+00
     183387   7641.083     30.138     30.340    28.9913    28.9957   5.896653   5.897054     3.1197     2.6484      64.62   27.03198  -89.98138    0.00056   -0.00098         19  0.000e+00
     183388   7641.125     30.138     30.340    28.9915    28.9960   5.896685   5.897071     3.1197     2.6484      52.77   27.03198  -89.98138    0.00058   -0.00098         19  0.000e+00
     183389   7641.167     30.085     30.286    28.9914    28.9958   5.896701   5.896998     3.1197     2.6484      52.31   27.03198  -89.98138    0.00058   -0.00097         19  0.000e+00
     183390   7641.208     30.138     30.340    28.9916    28.9956   5.896701   5.897046     3.1209     2.6471      53.72   27.03198  -89.98138    0.00060   -0.00098         19  0.000e+00
     183391   7641.250     30.085     30.286    28.9917    28.9958   5.896701   5.897070     3.1197     2.6484      54.26   27.03198  -89.98138    0.00061   -0.00098         19  0.000e+00
     183392   7641.292     30.085     30.286    28.9916    28.9957   5.896772   5.897030     3.1197     2.6484      54.29   27.03198  -89.98138    0.00063   -0.00096         19  0.000e+00
     183393   7641.333     30.085     30.286    28.9916    28.9958   5.896725   5.897054     3.1184     2.6484      54.21   27.03198  -89.98138    0.00061   -0.00095         19  0.000e+00
     183394   7641.375     30.055     30.256    28.9917    28.9960   5.896772   5.897030     3.1197     2.6484      54.19   27.03198  -89.98138    0.00061   -0.00094         19  0.000e+00
     183395   7641.417     30.025     30.226    28.9916    28.9958   5.896725   5.897022     3.1184     2.6471      54.19   27.03198  -89.98138    0.00060   -0.00096         19  0.000e+00
     183396   7641.458     30.085     30.286    28.9914    28.9959   5.896701   5.897095     3.1197     2.6471      54.19   27.03198  -89.98138    0.00060   -0.00096         19  0.000e+00
     183397   7641.500     30.025     30.226    28.9915    28.9958   5.896701   5.897046     3.1184     2.6471      54.19   27.03198  -89.98138    0.00058   -0.00096         19  0.000e+00
     183398   7641.542     30.025     30.226    28.9918    28.9960   5.896701   5.897022     3.1184     2.6471      54.19   27.03198  -89.98138    0.00056   -0.00096         19  0.000e+00
     183399   7641.583     30.025     30.226    28.9923    28.9960   5.896733   5.897022     3.1184     2.6471      54.19   27.03198  -89.98138    0.00056   -0.00097         19  0.000e+00
     183400   7641.625     29.911     30.111    28.9923    28.9956   5.896748   5.897022     3.1184     2.6471      54.19   27.03198  -89.98138    0.00054   -0.00099         19  0.000e+00
     183401   7641.667     30.002     30.203    28.9925    28.9955   5.896748   5.897054     3.1172     2.6471      54.19   27.03198  -89.98138    0.00051   -0.00098         19  0.000e+00
     183402   7641.708     30.025     30.226    28.9927    28.9958   5.896748   5.897070     3.1184     2.6459      54.19   27.03198  -89.98138    0.00049   -0.00101         19  0.000e+00
     183403   7641.750     29.972     30.172    28.9926    28.9958   5.896709   5.897030     3.1172     2.6459      54.19   27.03198  -89.98138    0.00045   -0.00103         19  0.000e+00
     183404   7641.792     29.972     30.172    28.9923    28.9956   5.896733   5.897022     3.1172     2.6459      54.19   27.03198  -89.98138    0.00041   -0.00106         19  0.000e+00
     183405   7641.833     29.911     30.111    28.9922    28.9956   5.896780   5.897022     3.1172     2.6459      54.19   27.03198  -89.98138    0.00038   -0.00106         19  0.000e+00
     183406   7641.875     29.972     30.172    28.9923    28.9955   5.896756   5.896982     3.1172     2.6459      54.19   27.03198  -89.98138    0.00034   -0.00106         19  0.000e+00
     183407   7641.917     29.858     30.058    28.9923    28.9956   5.896709   5.897006     3.1172     2.6459      54.19   27.03198  -89.98138    0.00029   -0.00106         19  0.000e+00
     183408   7641.958     30.002     30.203    28.9923    28.9951   5.896701   5.897022     3.1184     2.6459      54.19   27.03198  -89.98138    0.00027   -0.00106         19  0.000e+00
     183409   7642.000     29.911     30.112    28.9925    28.9953   5.896701   5.896982     3.1172     2.6459      59.78   27.03198  -89.98138    0.00023   -0.00105         19  0.000e+00
     183410   7642.042     29.911     30.112    28.9925    28.9952   5.896701   5.897006     3.1172     2.6471      88.30   27.03198  -89.98138    0.00019   -0.00103         19  0.000e+00
     183411   7642.083     29.911     30.112    28.9925    28.9951   5.896701   5.897022     3.1172     2.6459     100.00   27.03198  -89.98138    0.00015   -0.00102         19  0.000e+00
     183412   7642.125     29.858     30.058    28.9926    28.9953   5.896772   5.897022     3.1184     2.6471     100.00   27.03198  -89.98138    0.00013   -0.00098         19  0.000e+00
     183413   7642.167     29.911     30.112    28.9927    28.9955   5.896725   5.896982     3.1184     2.6471     100.00   27.03198  -89.98138    0.00011   -0.00093         19  0.000e+00
     183414   7642.208     29.858     30.058    28.9925    28.9958   5.896701   5.897006     3.1172     2.6471     100.00   27.03198  -89.98138    0.00008   -0.00090         19  0.000e+00
     183415   7642.250     29.889     30.089    28.9928    28.9957   5.896732   5.897054     3.1172     2.6471      99.98   27.03198  -89.98138    0.00004   -0.00086         19  0.000e+00
     183416   7642.292     29.858     30.058    28.9925    28.9958   5.896677   5.897070     3.1184     2.6471     100.00   27.03198  -89.98138    0.00004   -0.00083         19  0.000e+00
     183417   7642.333     29.858     30.058    28.9927    28.9956   5.896724   5.896998     3.1172     2.6471     100.00   27.03198  -89.98138   -0.00000   -0.00079         19  0.000e+00
     183418   7642.375     29.858     30.058    28.9923    28.9955   5.896748   5.897046     3.1172     2.6471     100.00   27.03198  -89.98138   -0.00004   -0.00077         19  0.000e+00
     183419   7642.417     29.858     30.058    28.9925    28.9952   5.896748   5.896998     3.1172     2.6484     100.00   27.03198  -89.98138   -0.00008   -0.00073         19  0.000e+00
     183420   7642.458     29.858     30.058    28.9922    28.9953   5.896709   5.897006     3.1172     2.6484     100.00   27.03198  -89.98138   -0.00012   -0.00069         19  0.000e+00
     186776   7782.292     20.282     20.417    28.9871    28.9910   5.894812   5.895228     3.1233     2.6545     100.00   27.03284  -89.98054   -0.00009    0.00193         20  0.000e+00
     186777   7782.333     20.108     20.242    28.9870    28.9912   5.894772   5.895228     3.1233     2.6545     100.00   27.03284  -89.98054   -0.00010    0.00196         20  0.000e+00
     186778   7782.375     20.191     20.326    28.9868    28.9909   5.894581   5.895228     3.1233     2.6557     100.00   27.03284  -89.98054   -0.00011    0.00201         20  0.000e+00
     186779   7782.417     20.169     20.303    28.9867    28.9906   5.894669   5.895188     3.1233     2.6557     100.00   27.03284  -89.98054   -0.00012    0.00205         20  0.000e+00
     186780   7782.458     20.169     20.303    28.9866    28.9908   5.894748   5.895180     3.1233     2.6557     100.00   27.03284  -89.98054   -0.00012    0.00208         20  0.000e+00
     186781   7782.500     20.131     20.265    28.9866    28.9908   5.894724   5.895220     3.1233     2.6557     100.00   27.03284  -89.98054   -0.00013    0.00211         20  0.000e+00
     186782   7782.542     20.108     20.242    28.9868    28.9909   5.894748   5.895261     3.1233     2.6557     100.00   27.03284  -89.98054   -0.00014    0.00212         20  0.000e+00
     186783   7782.583     20.169     20.303    28.9867    28.9908   5.894724   5.895244     3.1233     2.6557     100.00   27.03284  -89.98054   -0.00013    0.00211         20  0.000e+00
     186784   7782.625     20.131     20.265    28.9866    28.9910   5.894748   5.895228     3.1233     2.6557     100.00   27.03284  -89.98054   -0.00014    0.00209         20  0.000e+00
     186785   7782.667     20.108     20.242    28.9866    28.9910   5.894724   5.895228     3.1233     2.6557     100.00   27.03284  -89.98054   -0.00015    0.00208         20  0.000e+00
     186786   7782.708     20.108     20.242    28.9867    28.9909   5.894788   5.895228     3.1233     2.6545     100.00   27.03284  -89.98054   -0.00015    0.00203         20  0.000e+00
     186787   7782.750     20.131     20.265    28.9870    28.9908   5.894772   5.895228     3.1233     2.6545     100.00   27.03284  -89.98054   -0.00016    0.00198         20  0.000e+00
     186788   7782.792     20.108     20.242    28.9868    28.9910   5.894764   5.895228     3.1233     2.6557     100.00   27.03284  -89.98054   -0.00017    0.00194         20  0.000e+00
     186789   7782.833     20.055     20.189    28.9871    28.9908   5.894796   5.895228     3.1233     2.6557     100.00   27.03284  -89.98054   -0.00018    0.00190         20  0.000e+00
     186790   7782.875     20.131     20.265    28.9868    28.9907   5.894772   5.895188     3.1233     2.6545     100.00   27.03284  -89.98054   -0.00019    0.00182         20  0.000e+00
     186791   7782.917     20.055     20.189    28.9872    28.9908   5.894764   5.895220     3.1233     2.6545     100.00   27.03284  -89.98054   -0.00019    0.00176         20  0.000e+00
     186792   7782.958     20.108     20.242    28.9869    28.9906   5.894836   5.895188     3.1233     2.6545     100.00   27.03284  -89.98054   -0.00018    0.00168         20  0.000e+00
     186793   7783.000     20.131     20.265    28.9870    28.9906   5.894748   5.895180     3.1233     2.6545     100.00   27.03284  -89.98054   -0.00017    0.00161         20  0.000e+00
     186794   7783.042     20.002     20.136    28.9870    28.9908   5.894748   5.895180     3.1233     2.6545     100.00   27.03284  -89.98054   -0.00018    0.00152         20  0.000e+00
     186795   7783.083     20.078     20.212    28.9866    28.9907   5.894724   5.895212     3.1233     2.6545     100.00   27.03284  -89.98054   -0.00019    0.00143         20  0.000e+00
     186796   7783.125     20.055     20.189    28.9866    28.9906   5.894716   5.895124     3.1221     2.6545     100.00   27.03284  -89.98054   -0.00019    0.00134         20  0.000e+00
     186797   7783.167     20.055     20.189    28.9866    28.9904   5.894716   5.895188     3.1221     2.6545     100.00   27.03284  -89.98054   -0.00020    0.00126         20  0.000e+00
     186798   7783.208     20.078     20.212    28.9865    28.9904   5.894748   5.895188     3.1221     2.6545     100.00   27.03284  -89.98054   -0.00020    0.00117         20  0.000e+00
     186799   7783.250     20.055     20.189    28.9869    28.9905   5.894724   5.895220     3.1221     2.6545     100.00   27.03284  -89.98054   -0.00021    0.00108         20  0.000e+00
     186800   7783.292     20.055     20.189    28.9868    28.9906   5.894748   5.895188     3.1209     2.6545     100.00   27.03284  -89.98054   -0.00023    0.00100         20  0.000e+00
     186801   7783.333     20.025     20.159    28.9868    28.9904   5.894764   5.895180     3.1209     2.6545     100.00   27.03284  -89.98054   -0.00025    0.00092         20  0.000e+00
