Gulf of Mexico/GOMECC-4/1db/rb2103_1171.ros
* Sea-Bird SBE 9 Data File:
* FileName = C:\Users\scs.user.rb\CTD\GOMECC4\data\rb2103_1171.hex
* Software Version Seasave V 7.26.7.107
* Temperature SN = 4799
* Conductivity SN = 3860
* Number of Bytes Per Scan = 41
* Number of Voltage Words = 4
* Number of Scans Averaged by the Deck Unit = 1
* NMEA Latitude = 21 35.45 N
* NMEA Longitude = 086 30.17 W
* NMEA UTC (Time) = Oct 15 2021  23:00:47
* NMEA baud rate = 4800
# nquan = 17
# nvalues = 1596                                  
# units = specified
# name 0 = scan: Scan Count
# name 1 = timeS: Time, Elapsed [seconds]
# name 2 = depSM: Depth [salt water, m]
# name 3 = prDM: Pressure, Digiquartz [db]
# name 4 = t090C: Temperature [ITS-90, deg C]
# name 5 = t190C: Temperature, 2 [ITS-90, deg C]
# name 6 = c0S/m: Conductivity [S/m]
# name 7 = c1S/m: Conductivity, 2 [S/m]
# name 8 = sbeox0V: Oxygen raw, SBE 43 [V]
# name 9 = sbeox1V: Oxygen raw, SBE 43, 2 [V]
# name 10 = altM: Altimeter [m]
# name 11 = latitude: Latitude [deg]
# name 12 = longitude: Longitude [deg]
# name 13 = sbox0dV/dT: Oxygen, SBE 43 [dov/dt]
# name 14 = sbox1dV/dT: Oxygen, SBE 43, 2 [dov/dt]
# name 15 = nbf: Bottles Fired
# name 16 = flag:  0.000e+00
# interval = seconds: 0.0416667
# start_time = Oct 15 2021 23:00:47 [NMEA time, header]
# bad_flag = -9.990e-29
*END*
[from data line 681]
      23217    967.333     30.048     30.237    28.1090    28.1112   5.820128   5.820634     2.9817     2.5153      30.74   21.59270  -86.50338   -0.00076    0.00010          6  0.000e+00
      23218    967.375     30.061     30.251    28.1092    28.1144   5.820144   5.820762     2.9817     2.5153      30.70   21.59270  -86.50338   -0.00078    0.00010          6  0.000e+00
      23219    967.417     30.048     30.237    28.1090    28.1161   5.820152   5.820906     2.9817     2.5153      30.67   21.59270  -86.50338   -0.00080    0.00009          6  0.000e+00
      23220    967.458     30.014     30.203    28.1086    28.1168   5.820112   5.820946     2.9829     2.5140      30.67   21.59270  -86.50338   -0.00080    0.00007          6  0.000e+00
      23221    967.500     30.048     30.237    28.1085    28.1175   5.820065   5.820978     2.9817     2.5140      30.67   21.59270  -86.50338   -0.00082    0.00007          6  0.000e+00
      23222    967.542     30.061     30.251    28.1086    28.1177   5.819986   5.821026     2.9829     2.5140      30.67   21.59270  -86.50338   -0.00082    0.00007          6  0.000e+00
      23223    967.583     30.048     30.237    28.1074    28.1179   5.819962   5.821018     2.9829     2.5140      30.67   21.59270  -86.50338   -0.00083    0.00005          6  0.000e+00
      23224    967.625     30.048     30.237    28.1064    28.1177   5.819962   5.821034     2.9829     2.5140      30.67   21.59270  -86.50338   -0.00083    0.00003          6  0.000e+00
      23225    967.667     30.061     30.251    28.1068    28.1179   5.820033   5.821042     2.9817     2.5140      30.67   21.59270  -86.50338   -0.00085    0.00001          6  0.000e+00
      23226    967.708     30.048     30.237    28.1079    28.1181   5.820199   5.821002     2.9817     2.5140      30.67   21.59270  -86.50338   -0.00085   -0.00000          6  0.000e+00
      23227    967.750     30.061     30.251    28.1092    28.1177   5.820247   5.821026     2.9817     2.5128      30.67   21.59270  -86.50338   -0.00085   -0.00004          6  0.000e+00
      23228    967.792     30.048     30.237    28.1086    28.1181   5.820207   5.820970     2.9817     2.5128      30.67   21.59270  -86.50338   -0.00087   -0.00007          6  0.000e+00
      23229    967.833     30.061     30.251    28.1077    28.1179   5.820160   5.821018     2.9817     2.5140      30.67   21.59270  -86.50338   -0.00087   -0.00009          6  0.000e+00
      23230    967.875     30.048     30.237    28.1066    28.1181   5.820041   5.821002     2.9817     2.5128      30.67   21.59270  -86.50338   -0.00087   -0.00012          6  0.000e+00
      23231    967.917     30.048     30.237    28.1045    28.1181   5.819828   5.820930     2.9817     2.5128      30.67   21.59270  -86.50338   -0.00087   -0.00017          6  0.000e+00
      23232    967.958     30.061     30.251    28.1023    28.1170   5.819591   5.820866     2.9817     2.5128      30.67   21.59270  -86.50338   -0.00086   -0.00020          6  0.000e+00
      23233    968.000     30.048     30.237    28.0999    28.1155   5.819425   5.820850     2.9817     2.5128      30.67   21.59270  -86.50338   -0.00086   -0.00025          6  0.000e+00
      23234    968.042     30.061     30.251    28.0984    28.1157   5.819354   5.820810     2.9817     2.5116      30.67   21.59270  -86.50338   -0.00086   -0.00030          6  0.000e+00
      23235    968.083     30.048     30.237    28.0980    28.1162   5.819306   5.820906     2.9817     2.5116      30.67   21.59270  -86.50338   -0.00085   -0.00035          6  0.000e+00
      23236    968.125     30.014     30.203    28.0981    28.1164   5.819298   5.820906     2.9817     2.5116      30.67   21.59270  -86.50338   -0.00085   -0.00039          6  0.000e+00
      23237    968.167     30.047     30.237    28.0980    28.1168   5.819330   5.820898     2.9817     2.5116      30.67   21.59270  -86.50338   -0.00084   -0.00046          6  0.000e+00
      23238    968.208     30.047     30.237    28.0984    28.1170   5.819417   5.820898     2.9817     2.5116      30.67   21.59270  -86.50338   -0.00083   -0.00052          6  0.000e+00
      23239    968.250     30.061     30.251    28.0989    28.1173   5.819370   5.820874     2.9817     2.5116      30.67   21.59270  -86.50338   -0.00083   -0.00058          6  0.000e+00
      23240    968.292     30.047     30.237    28.0989    28.1175   5.819378   5.820818     2.9817     2.5104      30.67   21.59270  -86.50338   -0.00082   -0.00064          6  0.000e+00
      23241    968.333     30.014     30.203    28.0984    28.1174   5.819393   5.820946     2.9817     2.5104      30.67   21.59270  -86.50338   -0.00081   -0.00070          6  0.000e+00
      23242    968.375     30.047     30.237    28.0984    28.1172   5.819393   5.820922     2.9817     2.5116      30.67   21.59270  -86.50338   -0.00080   -0.00074          6  0.000e+00
      23243    968.417     30.014     30.203    28.0989    28.1172   5.819322   5.820826     2.9817     2.5116      30.67   21.59270  -86.50338   -0.00079   -0.00078          6  0.000e+00
      23244    968.458     30.047     30.237    28.0992    28.1173   5.819370   5.820834     2.9817     2.5116      30.67   21.59270  -86.50338   -0.00078   -0.00082          6  0.000e+00
      23245    968.500     29.993     30.183    28.0988    28.1170   5.819551   5.820778     2.9817     2.5104      30.65   21.59270  -86.50338   -0.00077   -0.00087          6  0.000e+00
      23246    968.542     30.061     30.251    28.0999    28.1166   5.819796   5.820610     2.9817     2.5116      30.65   21.59270  -86.50338   -0.00075   -0.00091          6  0.000e+00
      23247    968.583     29.993     30.183    28.1037    28.1161   5.820010   5.820498     2.9817     2.5116      30.65   21.59270  -86.50338   -0.00074   -0.00094          6  0.000e+00
      23248    968.625     30.061     30.251    28.1046    28.1155   5.820057   5.820289     2.9817     2.5116      30.67   21.59270  -86.50338   -0.00073   -0.00096          6  0.000e+00
      23249    968.667     29.993     30.183    28.1050    28.1146   5.820089   5.819801     2.9805     2.5116      30.67   21.59270  -86.50338   -0.00073   -0.00097          6  0.000e+00
      23250    968.708     30.014     30.203    28.1063    28.1117   5.820176   5.819408     2.9817     2.5116      30.67   21.59270  -86.50338   -0.00072   -0.00100          6  0.000e+00
      23251    968.750     29.993     30.183    28.1063    28.1087   5.820128   5.819104     2.9817     2.5128      30.67   21.59270  -86.50338   -0.00070   -0.00100          6  0.000e+00
      23252    968.792     29.993     30.183    28.1068    28.1042   5.820065   5.818824     2.9817     2.5128      30.67   21.59270  -86.50338   -0.00068   -0.00099          6  0.000e+00
      23253    968.833     30.014     30.203    28.1075    28.0993   5.820128   5.818720     2.9817     2.5128      30.67   21.59270  -86.50338   -0.00066   -0.00100          6  0.000e+00
      23254    968.875     29.993     30.183    28.1088    28.0988   5.820152   5.818848     2.9817     2.5128      30.67   21.59270  -86.50338   -0.00065   -0.00099          6  0.000e+00
      23255    968.917     30.014     30.203    28.1086    28.0974   5.820183   5.819112     2.9817     2.5140      30.65   21.59270  -86.50338   -0.00061   -0.00097          6  0.000e+00
      23256    968.958     29.993     30.183    28.1086    28.0984   5.820160   5.819144     2.9817     2.5140      30.67   21.59270  -86.50338   -0.00059   -0.00096          6  0.000e+00
      23257    969.000     30.014     30.203    28.1099    28.1014   5.820326   5.818888     2.9817     2.5140      30.67   21.59270  -86.50338   -0.00057   -0.00095          6  0.000e+00
      23258    969.042     29.993     30.183    28.1110    28.1043   5.820460   5.818511     2.9817     2.5140      30.67   21.59270  -86.50338   -0.00055   -0.00094          6  0.000e+00
      23259    969.083     29.946     30.135    28.1123    28.1044   5.820523   5.818319     2.9817     2.5140      30.65   21.59270  -86.50338   -0.00053   -0.00091          6  0.000e+00
      23260    969.125     30.014     30.203    28.1140    28.0977   5.820681   5.818167     2.9817     2.5140      30.67   21.59270  -86.50338   -0.00050   -0.00088          6  0.000e+00
      23261    969.167     29.946     30.135    28.1164    28.0958   5.820800   5.818239     2.9817     2.5140      30.67   21.59270  -86.50338   -0.00046   -0.00087          6  0.000e+00
      23262    969.208     30.014     30.203    28.1176    28.0966   5.820823   5.818383     2.9817     2.5140      30.67   21.59270  -86.50338   -0.00044   -0.00085          6  0.000e+00
      23263    969.250     29.946     30.135    28.1191    28.0971   5.820926   5.818599     2.9829     2.5153      30.67   21.59270  -86.50338   -0.00039   -0.00082          6  0.000e+00
      23264    969.292     29.959     30.149    28.1198    28.0999   5.820926   5.818808     2.9829     2.5140      30.67   21.59270  -86.50338   -0.00035   -0.00081          6  0.000e+00
      23265    969.333     29.993     30.183    28.1204    28.1007   5.820918   5.818928     2.9829     2.5153      30.67   21.59270  -86.50338   -0.00031   -0.00078          6  0.000e+00
      23266    969.375     29.946     30.135    28.1207    28.1034   5.820966   5.819016     2.9829     2.5153      30.70   21.59270  -86.50338   -0.00026   -0.00075          6  0.000e+00
      23267    969.417     29.959     30.149    28.1211    28.1065   5.820894   5.819184     2.9829     2.5153      30.72   21.59270  -86.50338   -0.00022   -0.00070          6  0.000e+00
      23268    969.458     29.946     30.135    28.1203    28.1074   5.820902   5.819336     2.9817     2.5153      30.72   21.59270  -86.50338   -0.00019   -0.00067          6  0.000e+00
      23269    969.500     29.959     30.149    28.1202    28.1072   5.820879   5.819448     2.9829     2.5140      30.72   21.59270  -86.50338   -0.00015   -0.00064          6  0.000e+00
      23270    969.542     29.993     30.183    28.1206    28.1093   5.820942   5.819544     2.9829     2.5153      30.72   21.59270  -86.50338   -0.00010   -0.00059          6  0.000e+00
      23271    969.583     29.959     30.149    28.1214    28.1091   5.821037   5.819496     2.9829     2.5153      30.72   21.59270  -86.50338   -0.00006   -0.00056          6  0.000e+00
      23272    969.625     29.946     30.135    28.1228    28.1062   5.821092   5.819432     2.9829     2.5153      30.72   21.59270  -86.50338   -0.00001   -0.00053          6  0.000e+00
      23273    969.667     29.946     30.135    28.1231    28.1036   5.821179   5.819352     2.9829     2.5140      30.72   21.59270  -86.50338    0.00004   -0.00051          6  0.000e+00
      23274    969.708     29.912     30.101    28.1233    28.1052   5.821131   5.819288     2.9829     2.5153      30.72   21.59270  -86.50338    0.00007   -0.00046          6  0.000e+00
      23275    969.750     29.993     30.183    28.1236    28.1063   5.821211   5.819240     2.9841     2.5153      30.72   21.59270  -86.50338    0.00011   -0.00041          6  0.000e+00
      23276    969.792     29.912     30.101    28.1237    28.1050   5.821210   5.819192     2.9841     2.5153      30.72   21.59270  -86.50338    0.00016   -0.00036          6  0.000e+00
      23277    969.833     29.946     30.135    28.1238    28.1063   5.821203   5.819112     2.9841     2.5153      30.72   21.59270  -86.50338    0.00021   -0.00031          6  0.000e+00
      23278    969.875     29.959     30.149    28.1239    28.1060   5.821203   5.819016     2.9841     2.5153      30.72   21.59270  -86.50338    0.00025   -0.00026          6  0.000e+00
      23279    969.917     29.993     30.183    28.1240    28.1031   5.821234   5.818704     2.9841     2.5153      30.72   21.59270  -86.50338    0.00030   -0.00022          6  0.000e+00
      23280    969.958     29.899     30.087    28.1246    28.0984   5.821250   5.818503     2.9841     2.5153      30.72   21.59270  -86.50338    0.00034   -0.00019          6  0.000e+00
      23281    970.000     29.959     30.149    28.1253    28.0977   5.821195   5.818359     2.9841     2.5153      30.72   21.59270  -86.50338    0.00039   -0.00016          6  0.000e+00
      23282    970.042     29.946     30.135    28.1246    28.0960   5.821226   5.818327     2.9841     2.5153      30.72   21.59270  -86.50338    0.00043   -0.00014          6  0.000e+00
      23283    970.083     29.959     30.149    28.1234    28.0931   5.821211   5.818543     2.9841     2.5153      30.72   21.59270  -86.50338    0.00046   -0.00011          6  0.000e+00
      23284    970.125     29.899     30.087    28.1237    28.0949   5.821203   5.819000     2.9841     2.5153      30.72   21.59270  -86.50338    0.00048   -0.00009          6  0.000e+00
      23285    970.167     29.959     30.149    28.1239    28.0964   5.821234   5.819312     2.9841     2.5165      30.72   21.59270  -86.50338    0.00051   -0.00006          6  0.000e+00
      23286    970.208     29.946     30.135    28.1236    28.1037   5.821392   5.819657     2.9841     2.5165      30.72   21.59270  -86.50338    0.00053   -0.00002          6  0.000e+00
      23287    970.250     29.993     30.183    28.1251    28.1106   5.821582   5.820073     2.9841     2.5165      30.72   21.59270  -86.50338    0.00055    0.00001          6  0.000e+00
      23288    970.292     29.912     30.101    28.1300    28.1150   5.821953   5.820433     2.9841     2.5165      30.72   21.59270  -86.50338    0.00058    0.00002          6  0.000e+00
      23289    970.333     29.946     30.135    28.1338    28.1183   5.822277   5.820658     2.9841     2.5153      30.72   21.59270  -86.50338    0.00060    0.00002          6  0.000e+00
      23290    970.375     29.959     30.149    28.1364    28.1201   5.822451   5.820714     2.9841     2.5165      30.74   21.59270  -86.50338    0.00062    0.00003          6  0.000e+00
      23291    970.417     29.993     30.183    28.1382    28.1203   5.822593   5.820778     2.9829     2.5165      30.74   21.59270  -86.50338    0.00062    0.00004          6  0.000e+00
      23292    970.458     29.912     30.101    28.1388    28.1183   5.822633   5.820730     2.9841     2.5165      30.74   21.59270  -86.50338    0.00064    0.00005          6  0.000e+00
      23293    970.500     29.993     30.183    28.1391    28.1181   5.822593   5.820666     2.9841     2.5153      30.77   21.59270  -86.50338    0.00066    0.00004          6  0.000e+00
      23294    970.542     29.865     30.053    28.1395    28.1175   5.822593   5.820554     2.9829     2.5153      30.74   21.59270  -86.50338    0.00066    0.00003          6  0.000e+00
      23295    970.583     30.047     30.237    28.1397    28.1155   5.822586   5.820522     2.9829     2.5165      30.77   21.59270  -86.50338    0.00066    0.00003          6  0.000e+00
      23296    970.625     29.946     30.135    28.1395    28.1150   5.822586   5.820554     2.9829     2.5153      30.77   21.59270  -86.50338    0.00066    0.00002          6  0.000e+00
      23297    970.667     29.959     30.149    28.1379    28.1148   5.822443   5.820634     2.9829     2.5153      30.77   21.59270  -86.50338    0.00066    0.00003          6  0.000e+00
      23298    970.708     29.946     30.135    28.1332    28.1157   5.822103   5.820738     2.9817     2.5165      30.74   21.59270  -86.50338    0.00063    0.00005          6  0.000e+00
      23299    970.750     29.959     30.149    28.1305    28.1170   5.821874   5.820898     2.9829     2.5153      30.74   21.59270  -86.50338    0.00061    0.00007          6  0.000e+00
      23300    970.792     29.993     30.183    28.1296    28.1194   5.821827   5.821050     2.9829     2.5153      30.74   21.59270  -86.50338    0.00061    0.00010          6  0.000e+00
