Gulf of Mexico/GOMECC-4/1db/rb2103_1241.ros
* Sea-Bird SBE 9 Data File:
* FileName = C:\Users\scs.user.rb\CTD\GOMECC4\data\rb2103_1241.hex
* Software Version Seasave V 7.26.7.107
* Temperature SN = 4799
* Conductivity SN = 3860
* Number of Bytes Per Scan = 41
* Number of Voltage Words = 4
* Number of Scans Averaged by the Deck Unit = 1
* NMEA Latitude = 24 27.99 N
* NMEA Longitude = 082 52.03 W
* NMEA UTC (Time) = Oct 18 2021  12:55:07
* NMEA baud rate = 4800
# nquan = 17
# nvalues = 665                                   
# units = specified
# name 0 = scan: Scan Count
# name 1 = timeS: Time, Elapsed [seconds]
# name 2 = depSM: Depth [salt water, m]
# name 3 = prDM: Pressure, Digiquartz [db]
# name 4 = t090C: Temperature [ITS-90, deg C]
# name 5 = t190C: Temperature, 2 [ITS-90, deg C]
# name 6 = c0S/m: Conductivity [S/m]
# name 7 = c1S/m: Conductivity, 2 [S/m]
# name 8 = sbeox0V: Oxygen raw, SBE 43 [V]
# name 9 = sbeox1V: Oxygen raw, SBE 43, 2 [V]
# name 10 = altM: Altimeter [m]
# name 11 = latitude: Latitude [deg]
# name 12 = longitude: Longitude [deg]
# name 13 = sbox0dV/dT: Oxygen, SBE 43 [dov/dt]
# name 14 = sbox1dV/dT: Oxygen, SBE 43, 2 [dov/dt]
# name 15 = nbf: Bottles Fired
# name 16 = flag:  0.000e+00
# interval = seconds: 0.0416667
# start_time = Oct 18 2021 12:55:07 [NMEA time, header]
# bad_flag = -9.990e-29
*END*
[from data line 511]
      25344   1055.958      9.772      9.835    29.3731    29.3751   5.922830   5.923299     3.0891     2.6056      24.59   24.46474  -82.86744    0.00116   -0.00053          4  0.000e+00
      25345   1056.000      9.874      9.938    29.3729    29.3751   5.922854   5.923323     3.0891     2.6044      24.62   24.46474  -82.86744    0.00114   -0.00050          4  0.000e+00
      25346   1056.042      9.820      9.883    29.3729    29.3754   5.922902   5.923339     3.0891     2.6044      24.62   24.46474  -82.86744    0.00113   -0.00047          4  0.000e+00
      25347   1056.083      9.874      9.938    29.3728    29.3755   5.922878   5.923339     3.0891     2.6044      24.62   24.46474  -82.86744    0.00111   -0.00044          4  0.000e+00
      25348   1056.125      9.820      9.883    29.3728    29.3754   5.922870   5.923339     3.0891     2.6056      24.71   24.46474  -82.86744    0.00109   -0.00039          4  0.000e+00
      25349   1056.167      9.820      9.883    29.3729    29.3757   5.922870   5.923339     3.0879     2.6044      24.74   24.46474  -82.86744    0.00106   -0.00036          4  0.000e+00
      25350   1056.208      9.874      9.938    29.3728    29.3756   5.922902   5.923339     3.0879     2.6044      24.76   24.46474  -82.86744    0.00103   -0.00035          4  0.000e+00
      25351   1056.250      9.820      9.883    29.3729    29.3758   5.922878   5.923371     3.0879     2.6044      24.74   24.46474  -82.86744    0.00100   -0.00033          4  0.000e+00
      25352   1056.292      9.820      9.883    29.3729    29.3757   5.922830   5.923379     3.0879     2.6032      24.76   24.46474  -82.86744    0.00097   -0.00033          4  0.000e+00
      25353   1056.333      9.874      9.937    29.3728    29.3760   5.922854   5.923347     3.0879     2.6044      24.74   24.46474  -82.86744    0.00093   -0.00034          4  0.000e+00
      25354   1056.375      9.820      9.883    29.3729    29.3760   5.922870   5.923371     3.0867     2.6032      24.74   24.46474  -82.86744    0.00089   -0.00034          4  0.000e+00
      25355   1056.417      9.874      9.937    29.3728    29.3762   5.922870   5.923387     3.0867     2.6032      24.76   24.46474  -82.86744    0.00083   -0.00035          4  0.000e+00
      25356   1056.458      9.874      9.937    29.3728    29.3758   5.922870   5.923347     3.0867     2.6032      24.74   24.46474  -82.86744    0.00079   -0.00037          4  0.000e+00
      25357   1056.500      9.820      9.883    29.3729    29.3758   5.922870   5.923339     3.0867     2.6044      24.76   24.46474  -82.86744    0.00074   -0.00037          4  0.000e+00
      25358   1056.542      9.874      9.937    29.3728    29.3757   5.922870   5.923371     3.0867     2.6032      24.74   24.46474  -82.86744    0.00070   -0.00039          4  0.000e+00
      25359   1056.583      9.820      9.883    29.3728    29.3760   5.922870   5.923315     3.0867     2.6044      24.76   24.46474  -82.86744    0.00067   -0.00039          4  0.000e+00
      25360   1056.625      9.874      9.937    29.3728    29.3758   5.922830   5.923363     3.0867     2.6044      24.74   24.46474  -82.86744    0.00063   -0.00039          4  0.000e+00
      25361   1056.667      9.874      9.937    29.3728    29.3762   5.922854   5.923387     3.0867     2.6044      24.76   24.46474  -82.86744    0.00060   -0.00039          4  0.000e+00
      25362   1056.708      9.819      9.883    29.3728    29.3760   5.922870   5.923347     3.0867     2.6056      24.74   24.46474  -82.86744    0.00058   -0.00037          4  0.000e+00
      25363   1056.750      9.874      9.937    29.3729    29.3762   5.922870   5.923371     3.0867     2.6044      24.76   24.46474  -82.86744    0.00053   -0.00037          4  0.000e+00
      25364   1056.792      9.874      9.937    29.3729    29.3760   5.922830   5.923315     3.0867     2.6056      24.74   24.46474  -82.86744    0.00051   -0.00035          4  0.000e+00
      26597   1108.167      3.623      3.646    29.3718    29.3734   5.922373   5.922754     3.0916     2.6068      30.89   24.46472  -82.86740    0.00078    0.00003          5  0.000e+00
      26598   1108.208      3.671      3.694    29.3718    29.3743   5.922389   5.922754     3.0916     2.6068      30.87   24.46472  -82.86740    0.00083    0.00007          5  0.000e+00
      26599   1108.250      3.576      3.599    29.3716    29.3738   5.922341   5.922787     3.0916     2.6068      30.87   24.46472  -82.86740    0.00086    0.00012          5  0.000e+00
      26600   1108.292      3.623      3.646    29.3716    29.3738   5.922373   5.922730     3.0916     2.6081      30.87   24.46472  -82.86740    0.00089    0.00018          5  0.000e+00
      26601   1108.333      3.671      3.694    29.3716    29.3734   5.922341   5.922738     3.0904     2.6081      30.87   24.46472  -82.86740    0.00090    0.00024          5  0.000e+00
      26602   1108.375      3.623      3.646    29.3715    29.3738   5.922301   5.922754     3.0916     2.6081      30.87   24.46472  -82.86740    0.00092    0.00030          5  0.000e+00
      26603   1108.417      3.616      3.640    29.3715    29.3736   5.922317   5.922754     3.0916     2.6081      30.89   24.46472  -82.86740    0.00095    0.00036          5  0.000e+00
      26604   1108.458      3.671      3.694    29.3713    29.3734   5.922373   5.922714     3.0916     2.6081      30.87   24.46472  -82.86740    0.00098    0.00042          5  0.000e+00
      26605   1108.500      3.623      3.646    29.3715    29.3738   5.922341   5.922738     3.0916     2.6081      30.89   24.46472  -82.86740    0.00101    0.00046          5  0.000e+00
      26606   1108.542      3.671      3.694    29.3715    29.3732   5.922333   5.922754     3.0904     2.6081      30.87   24.46472  -82.86740    0.00101    0.00050          5  0.000e+00
      26607   1108.583      3.671      3.694    29.3713    29.3732   5.922293   5.922714     3.0916     2.6081      30.87   24.46472  -82.86740    0.00104    0.00054          5  0.000e+00
      26608   1108.625      3.671      3.694    29.3715    29.3730   5.922317   5.922666     3.0904     2.6081      30.87   24.46472  -82.86740    0.00105    0.00059          5  0.000e+00
      26609   1108.667      3.671      3.694    29.3715    29.3731   5.922333   5.922690     3.0904     2.6081      30.89   24.46472  -82.86740    0.00105    0.00061          5  0.000e+00
      26610   1108.708      3.671      3.694    29.3715    29.3728   5.922333   5.922658     3.0904     2.6081      30.89   24.46472  -82.86740    0.00106    0.00065          5  0.000e+00
      26611   1108.750      3.725      3.749    29.3714    29.3731   5.922333   5.922650     3.0904     2.6081      30.87   24.46472  -82.86740    0.00107    0.00069          5  0.000e+00
      26612   1108.792      3.671      3.694    29.3715    29.3728   5.922333   5.922690     3.0904     2.6081      30.87   24.46472  -82.86740    0.00105    0.00073          5  0.000e+00
      26613   1108.833      3.671      3.694    29.3715    29.3729   5.922293   5.922706     3.0904     2.6081      30.89   24.46472  -82.86740    0.00104    0.00075          5  0.000e+00
      26614   1108.875      3.725      3.749    29.3716    29.3728   5.922317   5.922666     3.0904     2.6081      30.87   24.46472  -82.86740    0.00103    0.00079          5  0.000e+00
      26615   1108.917      3.671      3.694    29.3715    29.3729   5.922373   5.922690     3.0904     2.6093      30.87   24.46472  -82.86740    0.00101    0.00085          5  0.000e+00
      26616   1108.958      3.725      3.749    29.3715    29.3728   5.922389   5.922738     3.0904     2.6093      30.89   24.46472  -82.86740    0.00102    0.00089          5  0.000e+00
      26617   1109.000      3.718      3.742    29.3715    29.3731   5.922341   5.922682     3.0891     2.6093      30.89   24.46472  -82.86740    0.00100    0.00094          5  0.000e+00
      26618   1109.042      3.725      3.749    29.3716    29.3730   5.922333   5.922690     3.0904     2.6093      30.87   24.46472  -82.86740    0.00101    0.00099          5  0.000e+00
      26619   1109.083      3.725      3.749    29.3713    29.3732   5.922293   5.922738     3.0891     2.6093      30.87   24.46472  -82.86740    0.00097    0.00105          5  0.000e+00
      26620   1109.125      3.725      3.749    29.3716    29.3732   5.922317   5.922714     3.0904     2.6093      30.72   24.46472  -82.86740    0.00096    0.00108          5  0.000e+00
      26621   1109.167      3.725      3.749    29.3715    29.3731   5.922373   5.922666     3.0904     2.6093      30.67   24.46472  -82.86740    0.00094    0.00111          5  0.000e+00
      26622   1109.208      3.725      3.749    29.3715    29.3731   5.922309   5.922690     3.0904     2.6093      30.65   24.46472  -82.86740    0.00091    0.00115          5  0.000e+00
      26623   1109.250      3.725      3.749    29.3715    29.3730   5.922325   5.922666     3.0904     2.6093      30.67   24.46472  -82.86740    0.00089    0.00118          5  0.000e+00
      26624   1109.292      3.725      3.749    29.3716    29.3731   5.922373   5.922690     3.0891     2.6093      30.67   24.46472  -82.86740    0.00085    0.00121          5  0.000e+00
      26625   1109.333      3.725      3.749    29.3715    29.3730   5.922341   5.922658     3.0891     2.6081      30.67   24.46472  -82.86740    0.00080    0.00122          5  0.000e+00
      26626   1109.375      3.725      3.749    29.3718    29.3731   5.922293   5.922690     3.0904     2.6081      30.67   24.46472  -82.86740    0.00076    0.00121          5  0.000e+00
      26627   1109.417      3.725      3.749    29.3715    29.3730   5.922317   5.922706     3.0904     2.6081      30.65   24.46472  -82.86740    0.00072    0.00120          5  0.000e+00
      26628   1109.458      3.725      3.749    29.3715    29.3729   5.922293   5.922706     3.0904     2.6068      30.67   24.46472  -82.86740    0.00068    0.00118          5  0.000e+00
      26629   1109.500      3.725      3.749    29.3716    29.3730   5.922357   5.922738     3.0904     2.6068      30.67   24.46472  -82.86740    0.00064    0.00115          5  0.000e+00
      26630   1109.542      3.718      3.742    29.3716    29.3731   5.922349   5.922682     3.0904     2.6068      30.67   24.46472  -82.86740    0.00061    0.00112          5  0.000e+00
      26631   1109.583      3.725      3.749    29.3716    29.3728   5.922333   5.922658     3.0904     2.6068      30.67   24.46472  -82.86740    0.00059    0.00109          5  0.000e+00
      26632   1109.625      3.725      3.749    29.3716    29.3731   5.922333   5.922730     3.0904     2.6068      30.67   24.46472  -82.86740    0.00055    0.00106          5  0.000e+00
      26633   1109.667      3.671      3.694    29.3716    29.3730   5.922293   5.922682     3.0904     2.6056      30.67   24.46472  -82.86740    0.00052    0.00100          5  0.000e+00
      26634   1109.708      3.725      3.749    29.3716    29.3731   5.922285   5.922617     3.0904     2.6068      30.65   24.46472  -82.86740    0.00049    0.00097          5  0.000e+00
      26635   1109.750      3.725      3.749    29.3716    29.3730   5.922317   5.922714     3.0904     2.6068      30.65   24.46472  -82.86740    0.00046    0.00094          5  0.000e+00
      26636   1109.792      3.671      3.694    29.3714    29.3732   5.922293   5.922754     3.0916     2.6056      30.67   24.46472  -82.86740    0.00043    0.00087          5  0.000e+00
      26637   1109.833      3.725      3.749    29.3715    29.3734   5.922325   5.922714     3.0904     2.6068      30.67   24.46472  -82.86740    0.00040    0.00084          5  0.000e+00
      26638   1109.875      3.671      3.694    29.3716    29.3734   5.922333   5.922738     3.0904     2.6068      30.67   24.46472  -82.86740    0.00037    0.00080          5  0.000e+00
      26639   1109.917      3.725      3.749    29.3715    29.3734   5.922333   5.922754     3.0904     2.6056      30.67   24.46472  -82.86740    0.00032    0.00075          5  0.000e+00
      26640   1109.958      3.671      3.694    29.3718    29.3734   5.922333   5.922746     3.0904     2.6056      30.67   24.46472  -82.86740    0.00029    0.00070          5  0.000e+00
      26641   1110.000      3.671      3.694    29.3715    29.3734   5.922333   5.922714     3.0904     2.6056      30.65   24.46472  -82.86740    0.00026    0.00065          5  0.000e+00
      26642   1110.042      3.671      3.694    29.3715    29.3732   5.922293   5.922706     3.0904     2.6068      30.67   24.46472  -82.86740    0.00022    0.00063          5  0.000e+00
      26643   1110.083      3.671      3.694    29.3715    29.3732   5.922285   5.922706     3.0891     2.6068      30.65   24.46472  -82.86740    0.00017    0.00061          5  0.000e+00
      26644   1110.125      3.671      3.694    29.3716    29.3731   5.922317   5.922666     3.0891     2.6068      30.53   24.46472  -82.86740    0.00014    0.00058          5  0.000e+00
      26645   1110.167      3.671      3.694    29.3716    29.3730   5.922373   5.922690     3.0891     2.6068      30.48   24.46472  -82.86740    0.00008    0.00056          5  0.000e+00
      26646   1110.208      3.623      3.646    29.3716    29.3729   5.922341   5.922666     3.0891     2.6068      30.45   24.46472  -82.86740    0.00005    0.00054          5  0.000e+00
      26647   1110.250      3.671      3.694    29.3715    29.3729   5.922373   5.922658     3.0891     2.6056      30.45   24.46472  -82.86740    0.00001    0.00050          5  0.000e+00
      26648   1110.292      3.576      3.599    29.3716    29.3728   5.922341   5.922690     3.0891     2.6056      30.45   24.46472  -82.86740   -0.00002    0.00047          5  0.000e+00
      26649   1110.333      3.671      3.694    29.3720    29.3729   5.922373   5.922666     3.0891     2.6056      30.48   24.46472  -82.86740   -0.00006    0.00043          5  0.000e+00
      26650   1110.375      3.576      3.599    29.3720    29.3730   5.922389   5.922730     3.0891     2.6056      30.48   24.46472  -82.86740   -0.00009    0.00039          5  0.000e+00
      26651   1110.417      3.671      3.694    29.3720    29.3731   5.922389   5.922682     3.0891     2.6056      30.48   24.46472  -82.86740   -0.00013    0.00035          5  0.000e+00
      26652   1110.458      3.623      3.646    29.3720    29.3730   5.922349   5.922690     3.0891     2.6056      30.45   24.46472  -82.86740   -0.00016    0.00032          5  0.000e+00
      26653   1110.500      3.576      3.599    29.3718    29.3731   5.922373   5.922706     3.0891     2.6056      30.45   24.46472  -82.86740   -0.00020    0.00028          5  0.000e+00
      26654   1110.542      3.623      3.646    29.3718    29.3732   5.922389   5.922706     3.0879     2.6056      30.45   24.46472  -82.86740   -0.00025    0.00024          5  0.000e+00
      26655   1110.583      3.576      3.599    29.3718    29.3732   5.922341   5.922730     3.0879     2.6056      30.48   24.46472  -82.86740   -0.00030    0.00021          5  0.000e+00
      26656   1110.625      3.569      3.592    29.3716    29.3734   5.922373   5.922746     3.0879     2.6056      30.48   24.46472  -82.86740   -0.00035    0.00017          5  0.000e+00
      26657   1110.667      3.576      3.599    29.3720    29.3734   5.922389   5.922714     3.0879     2.6056      30.45   24.46472  -82.86740   -0.00039    0.00012          5  0.000e+00
      26658   1110.708      3.522      3.544    29.3720    29.3736   5.922420   5.922706     3.0879     2.6056      30.45   24.46472  -82.86740   -0.00042    0.00008          5  0.000e+00
      26659   1110.750      3.576      3.599    29.3720    29.3736   5.922397   5.922738     3.0879     2.6056      30.45   24.46472  -82.86740   -0.00045    0.00004          5  0.000e+00
