Gulf of Mexico/GOMECC-4/1db/rb2103_0751.ros
* Sea-Bird SBE 9 Data File:
* FileName = C:\Users\scs.user.rb\CTD\GOMECC4\data\rb2103_0751.hex
* Software Version Seasave V 7.26.7.107
* Temperature SN = 4799
* Conductivity SN = 3860
* Number of Bytes Per Scan = 41
* Number of Voltage Words = 4
* Number of Scans Averaged by the Deck Unit = 1
* NMEA Latitude = 22 16.49 N
* NMEA Longitude = 097 43.15 W
* NMEA UTC (Time) = Oct 05 2021  22:28:17
* NMEA baud rate = 4800
# nquan = 17
# nvalues = 399                                   
# units = specified
# name 0 = scan: Scan Count
# name 1 = timeS: Time, Elapsed [seconds]
# name 2 = depSM: Depth [salt water, m]
# name 3 = prDM: Pressure, Digiquartz [db]
# name 4 = t090C: Temperature [ITS-90, deg C]
# name 5 = t190C: Temperature, 2 [ITS-90, deg C]
# name 6 = c0S/m: Conductivity [S/m]
# name 7 = c1S/m: Conductivity, 2 [S/m]
# name 8 = sbeox0V: Oxygen raw, SBE 43 [V]
# name 9 = sbeox1V: Oxygen raw, SBE 43, 2 [V]
# name 10 = altM: Altimeter [m]
# name 11 = latitude: Latitude [deg]
# name 12 = longitude: Longitude [deg]
# name 13 = sbox0dV/dT: Oxygen, SBE 43 [dov/dt]
# name 14 = sbox1dV/dT: Oxygen, SBE 43, 2 [dov/dt]
# name 15 = nbf: Bottles Fired
# name 16 = flag:  0.000e+00
# interval = seconds: 0.0416667
# start_time = Oct 05 2021 22:28:17 [NMEA time, header]
# bad_flag = -9.990e-29
*END*
[from data line 256]
      22134    922.208      9.994     10.057    29.2731    29.2679   5.826846   5.824799     3.1429     2.6508      17.41   22.27500  -97.71972   -0.00007    0.00012          2  0.000e+00
      22135    922.250      9.994     10.057    29.2708    29.2677   5.825944   5.824807     3.1429     2.6508      17.41   22.27500  -97.71972   -0.00014    0.00002          2  0.000e+00
      22136    922.292     10.041     10.105    29.2696    29.2675   5.825541   5.824823     3.1429     2.6508      17.41   22.27500  -97.71972   -0.00018   -0.00009          2  0.000e+00
      22137    922.333     10.041     10.105    29.2689    29.2675   5.825328   5.824711     3.1441     2.6508      17.41   22.27500  -97.71972   -0.00020   -0.00019          2  0.000e+00
      22138    922.375      9.994     10.057    29.2687    29.2664   5.825209   5.824422     3.1441     2.6508      17.41   22.27500  -97.71972   -0.00023   -0.00030          2  0.000e+00
      22139    922.417     10.095     10.159    29.2685    29.2660   5.825114   5.824094     3.1441     2.6508      17.41   22.27500  -97.71972   -0.00026   -0.00040          2  0.000e+00
      22140    922.458      9.994     10.057    29.2684    29.2655   5.825122   5.823813     3.1429     2.6508      17.41   22.27500  -97.71972   -0.00030   -0.00050          2  0.000e+00
      22141    922.500     10.041     10.105    29.2683    29.2653   5.825138   5.823653     3.1429     2.6496      17.41   22.27500  -97.71972   -0.00035   -0.00062          2  0.000e+00
      22142    922.542     10.089     10.152    29.2682    29.2653   5.825067   5.823733     3.1441     2.6508      17.41   22.27500  -97.71972   -0.00037   -0.00072          2  0.000e+00
      22143    922.583     10.041     10.105    29.2680    29.2652   5.824925   5.823878     3.1429     2.6496      17.41   22.27500  -97.71972   -0.00040   -0.00084          2  0.000e+00
      24670   1027.875      3.300      3.321    29.2742    29.2733   5.824446   5.824290     3.1416     2.6557      23.54   22.27498  -97.71976    0.00076    0.00192          3  0.000e+00
      24671   1027.917      3.449      3.471    29.2746    29.2731   5.824391   5.824290     3.1416     2.6557      23.54   22.27498  -97.71976    0.00066    0.00185          3  0.000e+00
      24672   1027.958      3.598      3.620    29.2744    29.2733   5.824399   5.824395     3.1416     2.6557      23.54   22.27498  -97.71976    0.00056    0.00175          3  0.000e+00
      24673   1028.000      3.503      3.525    29.2746    29.2744   5.824344   5.824491     3.1416     2.6557      23.54   22.27498  -97.71976    0.00046    0.00166          3  0.000e+00
      24674   1028.042      3.652      3.675    29.2740    29.2749   5.824423   5.824563     3.1416     2.6557      23.44   22.27498  -97.71976    0.00038    0.00156          3  0.000e+00
      24675   1028.083      3.598      3.620    29.2737    29.2751   5.824241   5.824611     3.1416     2.6557      23.42   22.27498  -97.71976    0.00029    0.00144          3  0.000e+00
      24676   1028.125      3.699      3.723    29.2737    29.2755   5.824209   5.824659     3.1416     2.6557      23.42   22.27498  -97.71976    0.00023    0.00132          3  0.000e+00
      24677   1028.167      3.598      3.620    29.2735    29.2755   5.824257   5.824707     3.1416     2.6557      23.42   22.27498  -97.71976    0.00016    0.00122          3  0.000e+00
      24678   1028.208      3.747      3.770    29.2731    29.2759   5.824241   5.824683     3.1416     2.6557      23.42   22.27498  -97.71976    0.00010    0.00111          3  0.000e+00
      24679   1028.250      3.747      3.770    29.2731    29.2755   5.824257   5.824707     3.1416     2.6557      23.42   22.27498  -97.71976    0.00003    0.00099          3  0.000e+00
      24680   1028.292      3.747      3.770    29.2729    29.2755   5.824273   5.824755     3.1416     2.6557      23.42   22.27498  -97.71976   -0.00003    0.00088          3  0.000e+00
      24681   1028.333      3.794      3.818    29.2726    29.2751   5.824233   5.824659     3.1416     2.6557      23.42   22.27498  -97.71976   -0.00010    0.00076          3  0.000e+00
      24682   1028.375      3.794      3.818    29.2717    29.2751   5.824154   5.824699     3.1416     2.6557      23.42   22.27498  -97.71976   -0.00016    0.00065          3  0.000e+00
      24683   1028.417      3.794      3.818    29.2711    29.2747   5.824091   5.824651     3.1416     2.6557      23.42   22.27498  -97.71976   -0.00021    0.00053          3  0.000e+00
      24684   1028.458      3.896      3.920    29.2713    29.2749   5.824044   5.824659     3.1416     2.6557      23.42   22.27498  -97.71976   -0.00025    0.00042          3  0.000e+00
      24685   1028.500      3.896      3.920    29.2709    29.2751   5.824036   5.824707     3.1416     2.6557      23.42   22.27498  -97.71976   -0.00029    0.00032          3  0.000e+00
      24686   1028.542      3.943      3.968    29.2706    29.2755   5.824036   5.824723     3.1416     2.6557      23.42   22.27498  -97.71976   -0.00036    0.00021          3  0.000e+00
      24687   1028.583      3.841      3.866    29.2704    29.2756   5.824138   5.824755     3.1416     2.6557      23.42   22.27498  -97.71976   -0.00040    0.00009          3  0.000e+00
      24688   1028.625      4.044      4.070    29.2715    29.2757   5.824249   5.824699     3.1416     2.6545      23.42   22.27498  -97.71976   -0.00044   -0.00003          3  0.000e+00
      24689   1028.667      3.997      4.022    29.2730    29.2755   5.824376   5.824675     3.1404     2.6545      23.42   22.27498  -97.71976   -0.00050   -0.00015          3  0.000e+00
      24690   1028.708      4.044      4.070    29.2733    29.2755   5.824415   5.824675     3.1404     2.6545      23.42   22.27498  -97.71976   -0.00057   -0.00028          3  0.000e+00
      24691   1028.750      4.044      4.070    29.2735    29.2753   5.824415   5.824675     3.1404     2.6545      23.44   22.27498  -97.71976   -0.00065   -0.00040          3  0.000e+00
      24692   1028.792      4.044      4.070    29.2739    29.2749   5.824376   5.824563     3.1404     2.6545      23.42   22.27498  -97.71976   -0.00071   -0.00051          3  0.000e+00
      24693   1028.833      4.092      4.118    29.2740    29.2746   5.824439   5.824619     3.1392     2.6545      23.42   22.27498  -97.71976   -0.00080   -0.00062          3  0.000e+00
      24694   1028.875      4.146      4.172    29.2739    29.2747   5.824360   5.824667     3.1404     2.6532      23.42   22.27498  -97.71976   -0.00085   -0.00073          3  0.000e+00
      24695   1028.917      4.146      4.172    29.2739    29.2751   5.824391   5.824635     3.1404     2.6532      23.42   22.27498  -97.71976   -0.00090   -0.00085          3  0.000e+00
      24696   1028.958      4.193      4.220    29.2737    29.2747   5.824415   5.824659     3.1404     2.6532      23.42   22.27498  -97.71976   -0.00096   -0.00096          3  0.000e+00
      24697   1029.000      4.146      4.172    29.2740    29.2740   5.824376   5.824675     3.1404     2.6532      23.35   22.27498  -97.71976   -0.00101   -0.00105          3  0.000e+00
      24698   1029.042      4.193      4.220    29.2739    29.2737   5.824368   5.824675     3.1404     2.6532      23.30   22.27498  -97.71976   -0.00108   -0.00114          3  0.000e+00
      24699   1029.083      4.241      4.267    29.2739    29.2733   5.824399   5.824676     3.1392     2.6532      23.27   22.27498  -97.71976   -0.00114   -0.00121          3  0.000e+00
      24700   1029.125      4.241      4.267    29.2740    29.2738   5.824415   5.824635     3.1392     2.6545      23.27   22.27498  -97.71976   -0.00121   -0.00127          3  0.000e+00
      24701   1029.167      4.193      4.220    29.2739    29.2742   5.824384   5.824659     3.1392     2.6545      23.30   22.27498  -97.71976   -0.00129   -0.00133          3  0.000e+00
      24702   1029.208      4.241      4.267    29.2739    29.2745   5.824368   5.824635     3.1392     2.6545      23.30   22.27498  -97.71976   -0.00137   -0.00138          3  0.000e+00
      24703   1029.250      4.295      4.322    29.2739    29.2747   5.824399   5.824700     3.1392     2.6557      23.30   22.27498  -97.71976   -0.00145   -0.00140          3  0.000e+00
      24704   1029.292      4.241      4.267    29.2740    29.2747   5.824376   5.824651     3.1404     2.6557      23.30   22.27498  -97.71976   -0.00149   -0.00142          3  0.000e+00
      24705   1029.333      4.342      4.370    29.2739    29.2747   5.824399   5.824700     3.1392     2.6557      23.30   22.27498  -97.71976   -0.00157   -0.00144          3  0.000e+00
      24706   1029.375      4.295      4.322    29.2737    29.2746   5.824415   5.824684     3.1404     2.6569      23.30   22.27498  -97.71976   -0.00161   -0.00144          3  0.000e+00
      24707   1029.417      4.295      4.322    29.2733    29.2746   5.824344   5.824635     3.1404     2.6569      23.27   22.27498  -97.71976   -0.00167   -0.00144          3  0.000e+00
      24708   1029.458      4.342      4.370    29.2730    29.2746   5.824352   5.824627     3.1404     2.6569      23.30   22.27498  -97.71976   -0.00171   -0.00143          3  0.000e+00
      24709   1029.500      4.295      4.322    29.2731    29.2742   5.824368   5.824627     3.1404     2.6569      23.30   22.27498  -97.71976   -0.00175   -0.00141          3  0.000e+00
      24710   1029.542      4.342      4.370    29.2727    29.2742   5.824368   5.824627     3.1404     2.6569      23.30   22.27498  -97.71976   -0.00180   -0.00139          3  0.000e+00
      24711   1029.583      4.295      4.322    29.2730    29.2740   5.824328   5.824587     3.1404     2.6569      23.27   22.27498  -97.71976   -0.00184   -0.00138          3  0.000e+00
      24712   1029.625      4.342      4.370    29.2731    29.2738   5.824392   5.824579     3.1404     2.6581      23.30   22.27498  -97.71976   -0.00189   -0.00134          3  0.000e+00
      24713   1029.667      4.342      4.370    29.2733    29.2742   5.824376   5.824595     3.1404     2.6581      23.30   22.27498  -97.71976   -0.00193   -0.00129          3  0.000e+00
      24714   1029.708      4.342      4.370    29.2731    29.2738   5.824368   5.824547     3.1404     2.6581      23.30   22.27498  -97.71976   -0.00196   -0.00123          3  0.000e+00
      24715   1029.750      4.295      4.322    29.2731    29.2740   5.824399   5.824531     3.1416     2.6581      23.30   22.27498  -97.71976   -0.00198   -0.00118          3  0.000e+00
      24716   1029.792      4.295      4.322    29.2733    29.2740   5.824273   5.824531     3.1416     2.6581      23.30   22.27498  -97.71976   -0.00199   -0.00113          3  0.000e+00
      24717   1029.833      4.342      4.370    29.2733    29.2739   5.824328   5.824531     3.1416     2.6581      23.27   22.27498  -97.71976   -0.00201   -0.00107          3  0.000e+00
      24718   1029.875      4.295      4.322    29.2730    29.2740   5.824368   5.824563     3.1416     2.6593      23.30   22.27498  -97.71976   -0.00200   -0.00098          3  0.000e+00
      24719   1029.917      4.295      4.322    29.2733    29.2740   5.824399   5.824579     3.1416     2.6593      23.30   22.27498  -97.71976   -0.00201   -0.00089          3  0.000e+00
      24720   1029.958      4.295      4.322    29.2729    29.2740   5.824344   5.824539     3.1416     2.6593      23.30   22.27498  -97.71976   -0.00201   -0.00080          3  0.000e+00
      24721   1030.000      4.295      4.322    29.2730    29.2742   5.824352   5.824531     3.1416     2.6593      23.30   22.27498  -97.71976   -0.00200   -0.00073          3  0.000e+00
      24722   1030.042      4.295      4.322    29.2729    29.2740   5.824328   5.824531     3.1416     2.6593      23.30   22.27498  -97.71976   -0.00199   -0.00066          3  0.000e+00
      24723   1030.083      4.241      4.267    29.2731    29.2744   5.824320   5.824563     3.1429     2.6593      23.30   22.27498  -97.71976   -0.00197   -0.00056          3  0.000e+00
      24724   1030.125      4.241      4.267    29.2730    29.2744   5.824360   5.824507     3.1429     2.6593      23.27   22.27498  -97.71976   -0.00194   -0.00049          3  0.000e+00
      24725   1030.167      4.241      4.267    29.2731    29.2744   5.824328   5.824483     3.1416     2.6593      23.27   22.27498  -97.71976   -0.00191   -0.00040          3  0.000e+00
      24726   1030.208      4.193      4.220    29.2730    29.2742   5.824352   5.824515     3.1429     2.6593      23.30   22.27498  -97.71976   -0.00188   -0.00033          3  0.000e+00
      24727   1030.250      4.241      4.267    29.2727    29.2740   5.824328   5.824491     3.1429     2.6593      23.30   22.27498  -97.71976   -0.00183   -0.00025          3  0.000e+00
      24728   1030.292      4.193      4.220    29.2730    29.2746   5.824281   5.824483     3.1429     2.6593      23.30   22.27498  -97.71976   -0.00178   -0.00018          3  0.000e+00
      24729   1030.333      4.193      4.220    29.2729    29.2742   5.824344   5.824443     3.1429     2.6593      23.30   22.27498  -97.71976   -0.00173   -0.00009          3  0.000e+00
      24730   1030.375      4.193      4.220    29.2728    29.2740   5.824297   5.824467     3.1429     2.6593      23.30   22.27498  -97.71976   -0.00168   -0.00001          3  0.000e+00
      24731   1030.417      4.146      4.172    29.2728    29.2742   5.824304   5.824411     3.1429     2.6593      23.30   22.27498  -97.71976   -0.00163    0.00006          3  0.000e+00
      24732   1030.458      4.146      4.172    29.2729    29.2742   5.824289   5.824411     3.1441     2.6593      23.30   22.27498  -97.71976   -0.00154    0.00014          3  0.000e+00
      24733   1030.500      3.990      4.015    29.2730    29.2741   5.824304   5.824395     3.1429     2.6593      23.30   22.27498  -97.71976   -0.00149    0.00021          3  0.000e+00
      24734   1030.542      4.241      4.267    29.2731    29.2740   5.824320   5.824387     3.1441     2.6593      23.30   22.27498  -97.71976   -0.00141    0.00028          3  0.000e+00
      24735   1030.583      4.044      4.070    29.2731    29.2742   5.824320   5.824419     3.1429     2.6593      23.30   22.27498  -97.71976   -0.00134    0.00036          3  0.000e+00
      24736   1030.625      4.092      4.118    29.2733    29.2740   5.824320   5.824395     3.1429     2.6581      23.30   22.27498  -97.71976   -0.00127    0.00042          3  0.000e+00
      24737   1030.667      4.044      4.070    29.2731    29.2738   5.824320   5.824347     3.1429     2.6581      23.30   22.27498  -97.71976   -0.00119    0.00045          3  0.000e+00
      24738   1030.708      3.997      4.022    29.2733    29.2738   5.824281   5.824267     3.1429     2.6581      23.30   22.27498  -97.71976   -0.00111    0.00049          3  0.000e+00
      24739   1030.750      3.997      4.022    29.2731    29.2738   5.824273   5.824211     3.1429     2.6581      23.30   22.27498  -97.71976   -0.00105    0.00053          3  0.000e+00
      24740   1030.792      3.997      4.022    29.2731    29.2734   5.824273   5.824299     3.1441     2.6581      23.27   22.27498  -97.71976   -0.00095    0.00057          3  0.000e+00
      24741   1030.833      3.943      3.968    29.2733    29.2737   5.824233   5.824299     3.1441     2.6581      23.30   22.27498  -97.71976   -0.00087    0.00061          3  0.000e+00
      24742   1030.875      3.943      3.968    29.2731    29.2738   5.824257   5.824323     3.1441     2.6581      23.30   22.27498  -97.71976   -0.00079    0.00063          3  0.000e+00
      24743   1030.917      3.943      3.968    29.2731    29.2737   5.823909   5.824339     3.1441     2.6593      23.30   22.27498  -97.71976   -0.00071    0.00067          3  0.000e+00
