Gulf of Mexico/GOMECC-4/1db/rb2103_1191.cnv
* Sea-Bird SBE 9 Data File:
* FileName = C:\Users\scs.user.rb\CTD\GOMECC4\data\rb2103_1191.hex
* Software Version Seasave V 7.26.7.107
* Temperature SN = 4799
* Conductivity SN = 3860
* Number of Bytes Per Scan = 41
* Number of Voltage Words = 4
* Number of Scans Averaged by the Deck Unit = 1
* NMEA Latitude = 21 39.90 N
* NMEA Longitude = 085 58.80 W
* NMEA UTC (Time) = Oct 16 2021  05:31:44
* NMEA baud rate = 4800
# nquan = 28
# nvalues = 937                         
# units = specified
# name 0 = scan: Scan Count
# name 1 = timeS: Time, Elapsed [seconds]
# name 2 = depSM: Depth [salt water, m]
# name 3 = prDM: Pressure, Digiquartz [db]
# name 4 = t090C: Temperature [ITS-90, deg C]
# name 5 = t190C: Temperature, 2 [ITS-90, deg C]
# name 6 = c0S/m: Conductivity [S/m]
# name 7 = c1S/m: Conductivity, 2 [S/m]
# name 8 = sbeox0V: Oxygen raw, SBE 43 [V]
# name 9 = sbeox1V: Oxygen raw, SBE 43, 2 [V]
# name 10 = altM: Altimeter [m]
# name 11 = latitude: Latitude [deg]
# name 12 = longitude: Longitude [deg]
# name 13 = sbox0dV/dT: Oxygen, SBE 43 [dov/dt]
# name 14 = sbox1dV/dT: Oxygen, SBE 43, 2 [dov/dt]
# name 15 = sbeox0ML/L: Oxygen, SBE 43 [ml/l], WS = 5
# name 16 = sbeox1ML/L: Oxygen, SBE 43, 2 [ml/l], WS = 5
# name 17 = potemp090C: Potential Temperature [ITS-90, deg C]
# name 18 = potemp190C: Potential Temperature, 2 [ITS-90, deg C]
# name 19 = sal00: Salinity, Practical [PSU]
# name 20 = sal11: Salinity, Practical, 2 [PSU]
# name 21 = sigma-é00: Density [sigma-theta, kg/m^3]
# name 22 = sigma-é11: Density, 2 [sigma-theta, kg/m^3]
# name 23 = avgsvCM: Average Sound Velocity [Chen-Millero, m/s], minP = 20, minS = 20
# name 24 = sbox0Mm/Kg: Oxygen, SBE 43 [umol/kg], WS = 5
# name 25 = sbox1Mm/Kg: Oxygen, SBE 43, 2 [umol/kg], WS = 5
# name 26 = nbin: number of scans per bin
# name 27 = flag: flag
# span 0 =       5026,     147189       
# span 1 =    209.365,   6132.813       
# span 2 =      0.994,   1860.943       
# span 3 =      1.000,   1881.000       
# span 4 =     4.2768,    30.1593       
# span 5 =     4.2775,    30.1586       
# span 6 =   3.348780,   6.041090       
# span 7 =   3.348762,   6.041261       
# span 8 =     1.6251,     3.1930       
# span 9 =     1.3222,     2.6912       
# span 10 =      13.42,     100.86      
# span 11 =   21.65005,   21.89387      
# span 12 =  -86.79126,  -85.82283      
# span 13 =   -0.01301,    0.01599      
# span 14 =   -0.01281,    0.01220      
# span 15 =     2.6933,     4.8223      
# span 16 =     2.7058,     4.8337      
# span 17 =     4.1184,    30.1551      
# span 18 =     4.1190,    30.1544      
# span 19 =    34.8723,    36.9981      
# span 20 =    34.8718,    36.9999      
# span 21 =    22.5087,    27.7540      
# span 22 =    22.5043,    27.7532      
# span 23 =       0.00,    1547.38      
# span 24 =    117.101,    209.547      
# span 25 =    117.658,    210.042      
# span 26 =         30,         70      
# span 27 = 0.0000e+00, 0.0000e+00      
# interval = decibars: 1                
# start_time = Oct 16 2021 05:31:44 [NMEA time, header]
# bad_flag = -9.990e-29
*END*
[from data line 156]
      12877    536.499    159.938    161.000    23.3713    23.3729   5.403662   5.404080     2.4554     2.0597     100.00   21.66788  -85.98102   -0.00277   -0.00135     3.5065     3.5072    23.3377    23.3394    36.9924    36.9941    25.3469    25.3477    1543.12    152.730    152.758         33 0.0000e+00
      12909    537.834    160.931    162.000    23.3043    23.3079   5.396925   5.397710     2.4533     2.0582     100.00   21.66788  -85.98102   -0.00186   -0.00117     3.5060     3.5075    23.2706    23.2742    36.9910    36.9926    25.3655    25.3657    1543.08    152.704    152.770         31 0.0000e+00
      12941    539.171    161.924    163.000    23.2265    23.2301   5.388084   5.388691     2.4485     2.0498     100.00   21.66788  -85.98102   -0.00192   -0.00235     3.5024     3.4943    23.1927    23.1962    36.9912    36.9929    25.3884    25.3887    1543.03    152.544    152.192         33 0.0000e+00
      12975    540.584    162.917    164.000    23.1201    23.1238   5.376946   5.377560     2.4399     2.0446      76.91   21.66790  -85.98102   -0.00380   -0.00439     3.4923     3.4896    23.0862    23.0899    36.9939    36.9956    25.4216    25.4218    1542.98    152.097    151.980         34 0.0000e+00
      13008    541.960    163.910    165.000    23.0429    23.0444   5.369040   5.369425     2.4343     2.0407     100.38   21.66790  -85.98103   -0.00517   -0.00436     3.4864     3.4858    23.0089    23.0103    36.9973    36.9990    25.4467    25.4476    1542.93    151.839    151.814         32 0.0000e+00
      13040    543.303    164.903    166.000    23.0068    23.0072   5.365276   5.365550     2.4320     2.0374     100.00   21.66790  -85.98104   -0.00406   -0.00273     3.4844     3.4813    22.9726    22.9730    36.9981    36.9999    25.4579    25.4591    1542.87    151.750    151.616         33 0.0000e+00
      13074    544.715    165.896    167.000    22.9142    22.9179   5.355099   5.355762     2.4293     2.0372     100.00   21.66792  -85.98104   -0.00226   -0.00198     3.4856     3.4869    22.8799    22.8835    36.9966    36.9987    25.4837    25.4842    1542.82    151.797    151.855         35 0.0000e+00
      13109    546.147    166.889    168.000    22.7967    22.7966   5.341633   5.341900     2.4273     2.0372     100.00   21.66792  -85.98106   -0.00170   -0.00063     3.4891     3.4940    22.7623    22.7622    36.9905    36.9923    25.5131    25.5144    1542.77    151.949    152.162         34 0.0000e+00
      13142    547.544    167.882    169.000    22.7028    22.7074   5.330803   5.331561     2.4256     2.0356     100.00   21.66794  -85.98106   -0.00159   -0.00026     3.4928     3.4972    22.6683    22.6729    36.9850    36.9870    25.5361    25.5363    1542.72    152.107    152.298         32 0.0000e+00
      13173    548.841    168.875    170.000    22.6770    22.6791   5.327789   5.328273     2.4264     2.0365     100.00   21.66794  -85.98106   -0.00077   -0.00043     3.4968     3.5016    22.6423    22.6444    36.9829    36.9849    25.5419    25.5428    1542.66    152.278    152.488         31 0.0000e+00
      13205    550.151    169.868    171.000    22.5456    22.5518   5.311490   5.312635     2.4234     2.0332     100.00   21.66796  -85.98106   -0.00048   -0.00053     3.4993     3.5017    22.5101    22.5170    36.9668    36.9699    25.5677    25.5681    1542.61    152.381    152.489         33 0.0000e+00
      13240    551.637    170.861    172.000    22.4741    22.4780   5.303601   5.304247     2.4177     2.0279     100.00   21.66796  -85.98106   -0.00199   -0.00209     3.4935     3.4958    22.4392    22.4432    36.9645    36.9663    25.5863    25.5865    1542.55    152.129    152.227         37 0.0000e+00
      13275    553.068    171.854    173.000    22.4138    22.4190   5.297457   5.298216     2.4153     2.0273      98.51   21.66796  -85.98106   -0.00325   -0.00267     3.4930     3.4985    22.3788    22.3840    36.9671    36.9686    25.6056    25.6053    1542.49    152.104    152.343         32 0.0000e+00
      13305    554.342    172.847    174.000    22.3344    22.3399   5.289090   5.289965     2.4179     2.0298      99.45   21.66798  -85.98108   -0.00152   -0.00090     3.5039     3.5093    22.2993    22.3048    36.9683    36.9706    25.6292    25.6294    1542.45    152.573    152.810         30 0.0000e+00
      13338    555.691    173.840    175.000    22.3192    22.3228   5.287430   5.288051     2.4220     2.0345      99.99   21.66798  -85.98108    0.00137    0.00192     3.5140     3.5217    22.2839    22.2875    36.9678    36.9697    25.6333    25.6336    1542.39    153.013    153.347         35 0.0000e+00
      13373    557.147    174.833    176.000    22.2548    22.2610   5.280247   5.281146     2.4228     2.0354     100.00   21.66800  -85.98108    0.00230    0.00251     3.5203     3.5282    22.2193    22.2255    36.9657    36.9675    25.6500    25.6497    1542.33    153.287    153.630         34 0.0000e+00
      13405    558.520    175.826    177.000    22.2146    22.2164   5.276158   5.276573     2.4228     2.0359      98.58   21.66800  -85.98108    0.00082    0.00093     3.5234     3.5324    22.1790    22.1808    36.9673    36.9690    25.6627    25.6635    1542.28    153.416    153.811         32 0.0000e+00
      13438    559.891    176.819    178.000    22.1891    22.1913   5.273585   5.274039     2.4252     2.0381      99.99   21.66800  -85.98108    0.00038    0.00071     3.5305     3.5396    22.1533    22.1555    36.9683    36.9700    25.6708    25.6715    1542.22    153.727    154.121         34 0.0000e+00
      13472    561.287    177.811    179.000    22.1684    22.1703   5.271406   5.271815     2.4277     2.0386     100.00   21.66802  -85.98108    0.00143    0.00111     3.5376     3.5424    22.1325    22.1343    36.9683    36.9700    25.6767    25.6775    1542.16    154.035    154.243         33 0.0000e+00
      13505    562.667    178.805    180.000    22.1508    22.1520   5.269514   5.269850     2.4286     2.0378     100.00   21.66802  -85.98110    0.00163    0.00031     3.5410     3.5420    22.1147    22.1159    36.9681    36.9697    25.6816    25.6825    1542.11    154.183    154.227         33 0.0000e+00
      13537    564.004    179.797    181.000    22.1367    22.1380   5.267929   5.268271     2.4287     2.0398     100.00   21.66802  -85.98110    0.00075    0.00013     3.5427     3.5482    22.1004    22.1017    36.9672    36.9688    25.6850    25.6858    1542.06    154.254    154.493         31 0.0000e+00
      13569    565.353    180.790    182.000    22.0944    22.0981   5.263046   5.263687     2.4287     2.0370     100.00   21.66804  -85.98110    0.00018    0.00017     3.5460     3.5447    22.0579    22.0616    36.9643    36.9662    25.6949    25.6952    1542.00    154.395    154.339         34 0.0000e+00
      13604    566.806    181.783    183.000    21.9405    21.9762   5.244528   5.248804     2.4251     2.0342     100.00   21.66804  -85.98111   -0.00054   -0.00124     3.5457     3.5468    21.9040    21.9400    36.9484    36.9535    25.7263    25.7214    1541.96    154.380    154.426         35 0.0000e+00
      13639    568.238    182.776    184.000    21.8362    21.8426   5.232041   5.233102     2.4176     2.0290     100.00   21.66806  -85.98112   -0.00269   -0.00227     3.5418     3.5440    21.7996    21.8060    36.9382    36.9411    25.7479    25.7483    1541.90    154.206    154.302         34 0.0000e+00
      13671    569.603    183.769    185.000    21.7495    21.7513   5.221438   5.221904     2.4071     2.0188     100.00   21.66806  -85.98112   -0.00522   -0.00411     3.5264     3.5270    21.7128    21.7147    36.9276    36.9298    25.7643    25.7654    1541.84    153.532    153.560         32 0.0000e+00
      13703    570.935    184.762    186.000    21.7074    21.7080   5.216289   5.216576     2.3958     2.0074     100.00   21.66807  -85.98112   -0.00735   -0.00715     3.5058     3.5035    21.6706    21.6712    36.9223    36.9241    25.7721    25.7732    1541.78    152.635    152.537         32 0.0000e+00
      13737    572.313    185.755    187.000    21.6708    21.6719   5.211961   5.212320     2.3866     1.9997     100.00   21.66808  -85.98112   -0.00802   -0.00778     3.4898     3.4892    21.6339    21.6350    36.9187    36.9207    25.7796    25.7808    1541.73    151.936    151.910         34 0.0000e+00
      13771    573.745    186.748    188.000    21.6143    21.6175   5.205344   5.205902     2.3814     1.9964     100.00   21.66808  -85.98113   -0.00626   -0.00530     3.4833     3.4855    21.5773    21.5804    36.9140    36.9158    25.7919    25.7924    1541.67    151.654    151.747         34 0.0000e+00
      13804    575.121    187.741    189.000    21.5607    21.5639   5.199624   5.200216     2.3800     1.9966     100.00   21.66810  -85.98114   -0.00373   -0.00232     3.4844     3.4901    21.5235    21.5266    36.9137    36.9155    25.8067    25.8071    1541.62    151.699    151.947         32 0.0000e+00
      13837    576.490    188.734    190.000    21.5265    21.5306   5.195793   5.196492     2.3870     2.0051     100.00   21.66810  -85.98114   -0.00018    0.00099     3.5018     3.5119    21.4892    21.4932    36.9123    36.9144    25.8152    25.8156    1541.56    152.453    152.893         34 0.0000e+00
      13871    577.916    189.726    191.000    21.4942    21.4972   5.191889   5.192475     2.3925     2.0120     100.00   21.66811  -85.98115    0.00356    0.00469     3.5160     3.5305    21.4567    21.4597    36.9084    36.9105    25.8213    25.8220    1541.50    153.070    153.702         34 0.0000e+00
      13904    579.280    190.719    192.000    21.4876    21.4886   5.191115   5.191423     2.3953     2.0121     100.00   21.66812  -85.98116    0.00394    0.00415     3.5228     3.5316    21.4499    21.4509    36.9075    36.9092    25.8225    25.8234    1541.44    153.367    153.753         32 0.0000e+00
      13936    580.636    191.712    193.000    21.4794    21.4823   5.190112   5.190646     2.3954     2.0116     100.00   21.66812  -85.98116    0.00198    0.00115     3.5240     3.5313    21.4415    21.4444    36.9062    36.9080    25.8238    25.8244    1541.39    153.419    153.740         33 0.0000e+00
      13970    582.052    192.705    194.000    21.4731    21.4745   5.189380   5.189715     2.3936     2.0088     100.00   21.66813  -85.98116    0.00014   -0.00083     3.5212     3.5260    21.4350    21.4364    36.9054    36.9069    25.8250    25.8258    1541.33    153.297    153.507         35 0.0000e+00
      14005    583.495    193.698    195.000    21.4656    21.4660   5.188495   5.188707     2.3903     2.0065      99.75   21.66814  -85.98116   -0.00129   -0.00146     3.5153     3.5215    21.4273    21.4277    36.9044    36.9057    25.8264    25.8272    1541.28    153.039    153.310         34 0.0000e+00
      14038    584.858    194.690    196.000    21.4460    21.4343   5.186199   5.185020     2.3880     2.0031     100.00   21.66815  -85.98117   -0.00186   -0.00185     3.5121     3.5163    21.4076    21.3958    36.9025    36.9031    25.8304    25.8341    1541.22    152.899    153.082         32 0.0000e+00
      14070    586.204    195.683    197.000    21.3720    21.3693   5.177801   5.177632     2.3860     2.0022     100.00   21.66816  -85.98118   -0.00194   -0.00190     3.5134     3.5189    21.3334    21.3308    36.8984    36.8994    25.8479    25.8494    1541.17    152.954    153.193         32 0.0000e+00
      14101    587.518    196.676    198.000    21.2930    21.2905   5.168744   5.168610     2.3873     2.0057      88.18   21.66816  -85.98118   -0.00095   -0.00065     3.5214     3.5325    21.2544    21.2518    36.8932    36.8944    25.8659    25.8675    1541.12    153.302    153.786         32 0.0000e+00
      14135    588.905    197.669    199.000    21.2535    21.2557   5.164018   5.164460     2.3927     2.0104      59.87   21.66817  -85.98118    0.00133    0.00213     3.5367     3.5462    21.2147    21.2169    36.8890    36.8906    25.8736    25.8743    1541.06    153.966    154.380         35 0.0000e+00
      14170    590.393    198.662    200.000    21.2160    21.2175   5.159556   5.159914     2.3934     2.0094     100.51   21.66818  -85.98118    0.00230    0.00235     3.5413     3.5467    21.1770    21.1786    36.8850    36.8865    25.8810    25.8817    1541.01    154.162    154.401         35 0.0000e+00
      14203    591.766    199.655    201.000    21.1868    21.1901   5.156167   5.156768     2.3931     2.0107     100.00   21.66819  -85.98119    0.00080    0.00022     3.5421     3.5494    21.1477    21.1511    36.8826    36.8845    25.8872    25.8878    1540.97    154.199    154.516         31 0.0000e+00
      14235    593.064    200.647    202.000    21.0013    21.0066   5.133202   5.134042     2.3912     2.0079     100.00   21.66820  -85.98120   -0.00015    0.00007     3.5528     3.5583    20.9622    20.9676    36.8569    36.8591    25.9187    25.9189    1540.90    154.661    154.899         32 0.0000e+00
      14267    594.427    201.640    203.000    20.9666    20.9701   5.128987   5.129580     2.3694     1.9819     100.00   21.66821  -85.98120   -0.00442   -0.00523     3.5094     3.5004    20.9274    20.9309    36.8524    36.8542    25.9248    25.9252    1540.84    152.768    152.376         34 0.0000e+00
      14301    595.840    202.633    204.000    20.9143    20.9175   5.123132   5.123716     2.3566     1.9718     100.00   21.66822  -85.98121   -0.01171   -0.01281     3.4860     3.4805    20.8749    20.8782    36.8499    36.8518    25.9373    25.9379    1540.79    151.750    151.508         33 0.0000e+00
      14335    597.237    203.626    205.000    20.8845    20.8872   5.119437   5.119956     2.3638     1.9820     100.00   21.66822  -85.98122   -0.00741   -0.00627     3.5041     3.5071    20.8450    20.8477    36.8454    36.8473    25.9421    25.9427    1540.73    152.537    152.668         34 0.0000e+00
      14367    598.600    204.619    206.000    20.8562    20.8592   5.115848   5.116401     2.3654     1.9844     100.00   21.66823  -85.98122    0.00158    0.00338     3.5100     3.5150    20.8166    20.8195    36.8404    36.8423    25.9460    25.9466    1540.67    152.791    153.011         32 0.0000e+00
      14400    599.952    205.612    207.000    20.7349    20.7412   5.101612   5.102021     2.3596     1.9797      78.74   21.66824  -85.98122    0.00137    0.00189     3.4935     3.5123    20.6952    20.7015    36.8252    36.8273    25.9676    25.9674    1540.63    152.070    152.891         33 0.0000e+00
      14434    601.359    206.605    208.000    20.6897    20.6925   5.095787   5.096295     2.3497     1.9702      89.20   21.66824  -85.98122   -0.00421   -0.00377     3.4889     3.4938    20.6499    20.6527    36.8209    36.8226    25.9765    25.9771    1540.56    151.871    152.080         35 0.0000e+00
      14468    602.782    207.597    209.000    20.6476    20.6502   5.090779   5.091274     2.3467     1.9694      99.93   21.66826  -85.98123   -0.00503   -0.00410     3.4861     3.4951    20.6076    20.6103    36.8164    36.8181    25.9846    25.9852    1540.50    151.745    152.136         33 0.0000e+00
      14500    604.129    208.590    210.000    20.6067    20.6101   5.085982   5.086557     2.3451     1.9668     100.00   21.66826  -85.98124   -0.00270   -0.00181     3.4859     3.4920    20.5666    20.5700    36.8124    36.8141    25.9927    25.9931    1540.44    151.736    152.003         32 0.0000e+00
      14533    605.493    209.583    211.000    20.5693    20.5723   5.081621   5.082157     2.3438     1.9643     100.00   21.66828  -85.98124   -0.00134   -0.00150     3.4862     3.4890    20.5291    20.5321    36.8089    36.8107    26.0002    26.0008    1540.39    151.749    151.871         33 0.0000e+00
