Gulf of Mexico/GOMECC-4/1db/rb2103_1381.ros
* Sea-Bird SBE 9 Data File:
* FileName = C:\Users\scs.user.rb\CTD\GOMECC4\data\rb2103_1381.hex
* Software Version Seasave V 7.26.7.107
* Temperature SN = 4799
* Conductivity SN = 3860
* Number of Bytes Per Scan = 41
* Number of Voltage Words = 4
* Number of Scans Averaged by the Deck Unit = 1
* NMEA Latitude = 25 52.44 N
* NMEA Longitude = 084 23.57 W
* NMEA UTC (Time) = Oct 20 2021  08:17:47
* NMEA baud rate = 4800
# nquan = 17
# nvalues = 1463                                  
# units = specified
# name 0 = scan: Scan Count
# name 1 = timeS: Time, Elapsed [seconds]
# name 2 = depSM: Depth [salt water, m]
# name 3 = prDM: Pressure, Digiquartz [db]
# name 4 = t090C: Temperature [ITS-90, deg C]
# name 5 = t190C: Temperature, 2 [ITS-90, deg C]
# name 6 = c0S/m: Conductivity [S/m]
# name 7 = c1S/m: Conductivity, 2 [S/m]
# name 8 = sbeox0V: Oxygen raw, SBE 43 [V]
# name 9 = sbeox1V: Oxygen raw, SBE 43, 2 [V]
# name 10 = altM: Altimeter [m]
# name 11 = latitude: Latitude [deg]
# name 12 = longitude: Longitude [deg]
# name 13 = sbox0dV/dT: Oxygen, SBE 43 [dov/dt]
# name 14 = sbox1dV/dT: Oxygen, SBE 43, 2 [dov/dt]
# name 15 = nbf: Bottles Fired
# name 16 = flag:  0.000e+00
# interval = seconds: 0.0416667
# start_time = Oct 20 2021 08:17:47 [NMEA time, header]
# bad_flag = -9.990e-29
*END*
[from data line 1107]
      43957   1831.500     19.884     20.015    28.5292    28.5308   5.735093   5.735343     3.1368     2.6459      61.59   25.87450  -84.39282    0.00071   -0.00205          9  0.000e+00
      43958   1831.542     19.924     20.056    28.5295    28.5306   5.735085   5.735319     3.1368     2.6459      61.59   25.87450  -84.39282    0.00073   -0.00206          9  0.000e+00
      43959   1831.583     19.931     20.062    28.5295    28.5306   5.735054   5.735343     3.1355     2.6459      78.51   25.87450  -84.39282    0.00073   -0.00208          9  0.000e+00
      43960   1831.625     19.884     20.015    28.5294    28.5306   5.735070   5.735319     3.1368     2.6459      97.56   25.87450  -84.39282    0.00075   -0.00208          9  0.000e+00
      43961   1831.667     19.931     20.062    28.5295    28.5306   5.735054   5.735311     3.1355     2.6459     100.00   25.87450  -84.39282    0.00075   -0.00208          9  0.000e+00
      43962   1831.708     19.877     20.008    28.5295    28.5306   5.735007   5.735383     3.1368     2.6447     100.00   25.87450  -84.39282    0.00077   -0.00209          9  0.000e+00
      43963   1831.750     19.931     20.062    28.5294    28.5306   5.735030   5.735407     3.1368     2.6447     100.00   25.87450  -84.39282    0.00079   -0.00210          9  0.000e+00
      43964   1831.792     19.884     20.015    28.5295    28.5308   5.735070   5.735295     3.1355     2.6447      99.98   25.87450  -84.39282    0.00079   -0.00211          9  0.000e+00
      43965   1831.833     19.924     20.056    28.5294    28.5310   5.735015   5.735295     3.1355     2.6447     100.00   25.87450  -84.39282    0.00079   -0.00212          9  0.000e+00
      43966   1831.875     19.836     19.967    28.5298    28.5306   5.735070   5.735343     3.1355     2.6447     100.00   25.87450  -84.39282    0.00079   -0.00212          9  0.000e+00
      43967   1831.917     19.931     20.062    28.5301    28.5310   5.735015   5.735287     3.1355     2.6447     100.00   25.87450  -84.39282    0.00078   -0.00210          9  0.000e+00
      43968   1831.958     19.884     20.015    28.5301    28.5308   5.734991   5.735295     3.1355     2.6447     100.00   25.87450  -84.39282    0.00077   -0.00210          9  0.000e+00
      43969   1832.000     19.877     20.008    28.5303    28.5312   5.734960   5.735311     3.1355     2.6447     100.00   25.87450  -84.39282    0.00075   -0.00208          9  0.000e+00
      43970   1832.042     19.884     20.015    28.5303    28.5310   5.734952   5.735311     3.1343     2.6447     100.00   25.87450  -84.39282    0.00071   -0.00207          9  0.000e+00
      43971   1832.083     19.884     20.015    28.5305    28.5312   5.734905   5.735271     3.1343     2.6459     100.00   25.87450  -84.39282    0.00067   -0.00203          9  0.000e+00
      43972   1832.125     19.837     19.967    28.5303    28.5312   5.734936   5.735335     3.1355     2.6459     100.00   25.87450  -84.39282    0.00065   -0.00200          9  0.000e+00
      43973   1832.167     19.877     20.008    28.5305    28.5310   5.734952   5.735287     3.1343     2.6459     100.00   25.87450  -84.39282    0.00061   -0.00195          9  0.000e+00
      43974   1832.208     19.884     20.015    28.5303    28.5312   5.734905   5.735263     3.1343     2.6459     100.00   25.87450  -84.39282    0.00055   -0.00192          9  0.000e+00
      43975   1832.250     19.837     19.967    28.5305    28.5312   5.734897   5.735295     3.1343     2.6471     100.00   25.87450  -84.39282    0.00049   -0.00186          9  0.000e+00
      43976   1832.292     19.830     19.960    28.5305    28.5312   5.734905   5.735271     3.1343     2.6471     100.00   25.87450  -84.39282    0.00045   -0.00181          9  0.000e+00
      43977   1832.333     19.884     20.015    28.5305    28.5312   5.734905   5.735263     3.1343     2.6471     100.00   25.87450  -84.39282    0.00041   -0.00175          9  0.000e+00
      43978   1832.375     19.837     19.967    28.5305    28.5313   5.734858   5.735263     3.1343     2.6471     100.00   25.87450  -84.39282    0.00037   -0.00169          9  0.000e+00
      43979   1832.417     19.837     19.967    28.5306    28.5313   5.734850   5.735192     3.1343     2.6471     100.00   25.87450  -84.39282    0.00032   -0.00163          9  0.000e+00
      43980   1832.458     19.830     19.960    28.5303    28.5312   5.734858   5.735200     3.1343     2.6471     100.00   25.87450  -84.39282    0.00028   -0.00159          9  0.000e+00
      43981   1832.500     19.782     19.913    28.5307    28.5313   5.734818   5.735215     3.1343     2.6484     100.00   25.87450  -84.39282    0.00024   -0.00153          9  0.000e+00
      43982   1832.542     19.837     19.967    28.5303    28.5313   5.734803   5.735216     3.1343     2.6484     100.00   25.87450  -84.39282    0.00019   -0.00146          9  0.000e+00
      43983   1832.583     19.837     19.967    28.5303    28.5310   5.734803   5.735247     3.1343     2.6484     100.00   25.87450  -84.39282    0.00017   -0.00140          9  0.000e+00
      43984   1832.625     19.776     19.906    28.5303    28.5312   5.734740   5.735223     3.1355     2.6484     100.00   25.87450  -84.39282    0.00016   -0.00133          9  0.000e+00
      43985   1832.667     19.837     19.967    28.5303    28.5314   5.734740   5.735247     3.1355     2.6484     100.00   25.87450  -84.39282    0.00013   -0.00128          9  0.000e+00
      43986   1832.708     19.782     19.913    28.5305    28.5310   5.734685   5.735263     3.1355     2.6496     100.00   25.87450  -84.39282    0.00012   -0.00121          9  0.000e+00
      43987   1832.750     19.776     19.906    28.5303    28.5312   5.734700   5.735263     3.1355     2.6496     100.00   25.87450  -84.39282    0.00011   -0.00114          9  0.000e+00
      43988   1832.792     19.783     19.913    28.5301    28.5316   5.734748   5.735263     3.1355     2.6496     100.00   25.87450  -84.39282    0.00010   -0.00108          9  0.000e+00
      43989   1832.833     19.783     19.913    28.5305    28.5312   5.734685   5.735223     3.1355     2.6484     100.00   25.87450  -84.39282    0.00009   -0.00102          9  0.000e+00
      43990   1832.875     19.783     19.913    28.5308    28.5315   5.734700   5.735247     3.1355     2.6484     100.00   25.87450  -84.39282    0.00006   -0.00097          9  0.000e+00
      43991   1832.917     19.776     19.906    28.5305    28.5314   5.734716   5.735192     3.1355     2.6484     100.00   25.87450  -84.39282    0.00005   -0.00092          9  0.000e+00
      43992   1832.958     19.735     19.865    28.5303    28.5313   5.734669   5.735200     3.1355     2.6496     100.00   25.87450  -84.39282    0.00004   -0.00085          9  0.000e+00
      43993   1833.000     19.783     19.913    28.5303    28.5313   5.734630   5.735215     3.1355     2.6484     100.00   25.87450  -84.39282    0.00003   -0.00080          9  0.000e+00
      43994   1833.042     19.735     19.865    28.5305    28.5314   5.734653   5.735215     3.1355     2.6496     100.00   25.87450  -84.39282    0.00003   -0.00072          9  0.000e+00
      43995   1833.083     19.776     19.906    28.5309    28.5313   5.734669   5.735176     3.1355     2.6496     100.00   25.87450  -84.39282    0.00002   -0.00065          9  0.000e+00
      43996   1833.125     19.735     19.865    28.5306    28.5310   5.734661   5.735168     3.1368     2.6496     100.00   25.87450  -84.39282    0.00004   -0.00058          9  0.000e+00
      43997   1833.167     19.735     19.865    28.5312    28.5312   5.734700   5.735168     3.1368     2.6496     100.00   25.87450  -84.39282    0.00006   -0.00051          9  0.000e+00
      43998   1833.208     19.776     19.906    28.5315    28.5312   5.734716   5.735168     3.1355     2.6496     100.00   25.87450  -84.39282    0.00007   -0.00043          9  0.000e+00
      43999   1833.250     19.735     19.865    28.5318    28.5310   5.734708   5.735168     3.1355     2.6496     100.00   25.87450  -84.39282    0.00007   -0.00036          9  0.000e+00
      44000   1833.292     19.735     19.865    28.5328    28.5308   5.734747   5.735128     3.1355     2.6508     100.00   25.87450  -84.39282    0.00007   -0.00027          9  0.000e+00
      44001   1833.333     19.735     19.865    28.5332    28.5312   5.734763   5.735152     3.1355     2.6496     100.00   25.87450  -84.39282    0.00008   -0.00019          9  0.000e+00
      44002   1833.375     19.729     19.858    28.5323    28.5308   5.734692   5.735104     3.1368     2.6496     100.00   25.87450  -84.39282    0.00010   -0.00014          9  0.000e+00
      44003   1833.417     19.735     19.865    28.5314    28.5308   5.734661   5.735144     3.1355     2.6496     100.00   25.87450  -84.39282    0.00009   -0.00006          9  0.000e+00
      44004   1833.458     19.688     19.818    28.5308    28.5308   5.734630   5.735128     3.1355     2.6496     100.00   25.87450  -84.39282    0.00007   -0.00000          9  0.000e+00
      44005   1833.500     19.735     19.865    28.5308    28.5308   5.734653   5.735120     3.1355     2.6508     100.00   25.87450  -84.39282    0.00007    0.00007          9  0.000e+00
      44006   1833.542     19.729     19.858    28.5307    28.5303   5.734669   5.735120     3.1355     2.6508     100.00   25.87450  -84.39282    0.00008    0.00014          9  0.000e+00
      44007   1833.583     19.735     19.865    28.5306    28.5301   5.734622   5.735080     3.1355     2.6508     100.00   25.87450  -84.39282    0.00006    0.00020          9  0.000e+00
      44008   1833.625     19.688     19.818    28.5301    28.5306   5.734614   5.735104     3.1355     2.6520     100.00   25.87450  -84.39282    0.00005    0.00029          9  0.000e+00
      44009   1833.667     19.729     19.858    28.5301    28.5308   5.734653   5.735120     3.1343     2.6508     100.00   25.87450  -84.39282    0.00001    0.00034          9  0.000e+00
      44010   1833.708     19.735     19.865    28.5301    28.5313   5.734622   5.735128     3.1343     2.6520     100.00   25.87450  -84.39282   -0.00000    0.00042          9  0.000e+00
      44011   1833.750     19.735     19.865    28.5301    28.5310   5.734614   5.735120     3.1355     2.6520     100.00   25.87450  -84.39282   -0.00002    0.00049          9  0.000e+00
      44012   1833.792     19.688     19.818    28.5301    28.5314   5.734653   5.735152     3.1355     2.6520     100.00   25.87450  -84.39282   -0.00002    0.00055          9  0.000e+00
      44013   1833.833     19.729     19.859    28.5305    28.5312   5.734630   5.735200     3.1355     2.6520     100.00   25.87450  -84.39282   -0.00003    0.00062          9  0.000e+00
      44014   1833.875     19.735     19.865    28.5303    28.5313   5.734575   5.735144     3.1343     2.6520     100.00   25.87450  -84.39282   -0.00006    0.00069          9  0.000e+00
      44015   1833.917     19.735     19.865    28.5301    28.5312   5.734606   5.735152     3.1343     2.6520     100.00   25.87450  -84.39282   -0.00010    0.00076          9  0.000e+00
      44016   1833.958     19.688     19.818    28.5303    28.5312   5.734583   5.735168     3.1343     2.6520     100.00   25.87450  -84.39282   -0.00011    0.00082          9  0.000e+00
      44017   1834.000     19.729     19.859    28.5299    28.5312   5.734598   5.735128     3.1343     2.6520     100.00   25.87450  -84.39282   -0.00013    0.00088          9  0.000e+00
      44018   1834.042     19.735     19.865    28.5297    28.5312   5.734583   5.735192     3.1343     2.6520     100.00   25.87450  -84.39282   -0.00016    0.00095          9  0.000e+00
      44019   1834.083     19.735     19.865    28.5299    28.5313   5.734575   5.735144     3.1343     2.6520     100.00   25.87450  -84.39282   -0.00019    0.00103          9  0.000e+00
      44020   1834.125     19.729     19.859    28.5299    28.5315   5.734645   5.735192     3.1343     2.6520     100.00   25.87450  -84.39282   -0.00021    0.00111          9  0.000e+00
      44021   1834.167     19.688     19.818    28.5299    28.5314   5.734661   5.735144     3.1331     2.6520     100.00   25.87450  -84.39282   -0.00024    0.00118          9  0.000e+00
      44022   1834.208     19.735     19.865    28.5299    28.5308   5.734661   5.735080     3.1343     2.6520     100.00   25.87450  -84.39282   -0.00025    0.00126          9  0.000e+00
      44023   1834.250     19.736     19.865    28.5301    28.5297   5.734669   5.735032     3.1343     2.6520     100.00   25.87450  -84.39282   -0.00027    0.00134          9  0.000e+00
      44024   1834.292     19.729     19.859    28.5301    28.5297   5.734669   5.735056     3.1343     2.6520     100.00   25.87450  -84.39282   -0.00028    0.00141          9  0.000e+00
      44025   1834.333     19.783     19.913    28.5305    28.5301   5.734661   5.735104     3.1343     2.6520     100.00   25.87450  -84.39282   -0.00029    0.00149          9  0.000e+00
      44026   1834.375     19.736     19.865    28.5308    28.5297   5.734771   5.735024     3.1343     2.6520     100.00   25.87450  -84.39282   -0.00031    0.00156          9  0.000e+00
      44027   1834.417     19.736     19.865    28.5314    28.5295   5.734881   5.735016     3.1343     2.6520     100.00   25.87450  -84.39282   -0.00032    0.00162          9  0.000e+00
      44028   1834.458     19.729     19.859    28.5319    28.5284   5.734857   5.734985     3.1343     2.6520     100.00   25.87450  -84.39282   -0.00033    0.00167          9  0.000e+00
      44029   1834.500     19.736     19.866    28.5321    28.5277   5.734850   5.734937     3.1343     2.6520     100.00   25.87450  -84.39282   -0.00034    0.00173          9  0.000e+00
      44030   1834.542     19.783     19.913    28.5323    28.5275   5.734857   5.734929     3.1343     2.6520     100.00   25.87450  -84.39282   -0.00035    0.00176          9  0.000e+00
      44031   1834.583     19.776     19.906    28.5323    28.5275   5.734889   5.734897     3.1343     2.6520     100.00   25.87450  -84.39282   -0.00036    0.00180          9  0.000e+00
      44032   1834.625     19.736     19.866    28.5323    28.5273   5.734826   5.734953     3.1343     2.6520     100.00   25.87450  -84.39282   -0.00037    0.00183          9  0.000e+00
      44033   1834.667     19.736     19.866    28.5319    28.5279   5.734912   5.734937     3.1343     2.6520     100.00   25.87450  -84.39282   -0.00038    0.00186          9  0.000e+00
      44034   1834.708     19.837     19.968    28.5319    28.5282   5.734912   5.734977     3.1343     2.6520     100.00   25.87450  -84.39282   -0.00038    0.00189          9  0.000e+00
      44035   1834.750     19.729     19.859    28.5325    28.5288   5.734928   5.734977     3.1343     2.6520     100.00   25.87450  -84.39282   -0.00037    0.00192          9  0.000e+00
      44036   1834.792     19.783     19.913    28.5330    28.5288   5.734944   5.734977     3.1343     2.6520     100.00   25.87450  -84.39282   -0.00038    0.00195          9  0.000e+00
      44037   1834.833     19.736     19.866    28.5336    28.5290   5.734983   5.734937     3.1343     2.6520     100.00   25.87450  -84.39282   -0.00038    0.00197          9  0.000e+00
      44038   1834.875     19.783     19.913    28.5330    28.5288   5.734960   5.734961     3.1331     2.6508     100.00   25.87450  -84.39282   -0.00041    0.00198          9  0.000e+00
      44039   1834.917     19.830     19.961    28.5330    28.5284   5.735015   5.734937     3.1331     2.6508     100.00   25.87450  -84.39282   -0.00043    0.00198          9  0.000e+00
      44040   1834.958     19.783     19.913    28.5336    28.5284   5.734967   5.735001     3.1343     2.6508     100.00   25.87450  -84.39282   -0.00044    0.00199          9  0.000e+00
