Gulf of Mexico/GOMECC-4/1db/rb2103_0331.ros
* Sea-Bird SBE 9 Data File:
* FileName = C:\Users\scs.user.rb\CTD\GOMECC4\data\rb2103_0331.hex
* Software Version Seasave V 7.26.7.107
* Temperature SN = 4799
* Conductivity SN = 3860
* Number of Bytes Per Scan = 41
* Number of Voltage Words = 4
* Number of Scans Averaged by the Deck Unit = 1
* NMEA Latitude = 29 27.77 N
* NMEA Longitude = 087 14.16 W
* NMEA UTC (Time) = Sep 23 2021  23:47:16
* NMEA baud rate = 4800
# nquan = 17
# nvalues = 2660                                  
# units = specified
# name 0 = scan: Scan Count
# name 1 = timeS: Time, Elapsed [seconds]
# name 2 = depSM: Depth [salt water, m]
# name 3 = prDM: Pressure, Digiquartz [db]
# name 4 = t090C: Temperature [ITS-90, deg C]
# name 5 = t190C: Temperature, 2 [ITS-90, deg C]
# name 6 = c0S/m: Conductivity [S/m]
# name 7 = c1S/m: Conductivity, 2 [S/m]
# name 8 = sbeox0V: Oxygen raw, SBE 43 [V]
# name 9 = sbeox1V: Oxygen raw, SBE 43, 2 [V]
# name 10 = altM: Altimeter [m]
# name 11 = latitude: Latitude [deg]
# name 12 = longitude: Longitude [deg]
# name 13 = sbox0dV/dT: Oxygen, SBE 43 [dov/dt]
# name 14 = sbox1dV/dT: Oxygen, SBE 43, 2 [dov/dt]
# name 15 = nbf: Bottles Fired
# name 16 = flag:  0.000e+00
# interval = seconds: 0.0416667
# start_time = Sep 23 2021 23:47:16 [NMEA time, header]
# bad_flag = -9.990e-29
*END*
[from data line 1703]
      57631   2401.250     49.628     49.972    26.0408    25.9870   5.572605   5.569410     2.8864     2.4396     100.00   29.46278  -87.23640    0.00155   -0.00027         13  0.000e+00
      57632   2401.292     49.673     50.018    26.0387    25.9883   5.572535   5.569363     2.8864     2.4396     100.00   29.46278  -87.23640    0.00158   -0.00034         13  0.000e+00
      57633   2401.333     49.621     49.965    26.0366    25.9897   5.572442   5.569205     2.8864     2.4396     100.00   29.46278  -87.23640    0.00162   -0.00040         13  0.000e+00
      57634   2401.375     49.628     49.972    26.0372    25.9892   5.572419   5.568993     2.8864     2.4396     100.00   29.46278  -87.23640    0.00165   -0.00045         13  0.000e+00
      57635   2401.417     49.621     49.965    26.0372    25.9885   5.572419   5.568789     2.8864     2.4396     100.00   29.46278  -87.23640    0.00167   -0.00051         13  0.000e+00
      57636   2401.458     49.674     50.018    26.0381    25.9879   5.572450   5.568679     2.8864     2.4408     100.00   29.46278  -87.23640    0.00170   -0.00055         13  0.000e+00
      57637   2401.500     49.575     49.919    26.0388    25.9862   5.572566   5.568522     2.8864     2.4408     100.00   29.46278  -87.23640    0.00173   -0.00057         13  0.000e+00
      57638   2401.542     49.621     49.965    26.0390    25.9821   5.572698   5.568467     2.8864     2.4408     100.00   29.46278  -87.23640    0.00177   -0.00060         13  0.000e+00
      57639   2401.583     49.621     49.965    26.0408    25.9810   5.572776   5.568372     2.8877     2.4408     100.00   29.46278  -87.23640    0.00181   -0.00063         13  0.000e+00
      57640   2401.625     49.628     49.972    26.0421    25.9807   5.572822   5.568372     2.8864     2.4420     100.00   29.46278  -87.23640    0.00184   -0.00064         13  0.000e+00
      57641   2401.667     49.621     49.965    26.0418    25.9840   5.572869   5.568412     2.8864     2.4420     100.00   29.46278  -87.23640    0.00187   -0.00065         13  0.000e+00
      57642   2401.708     49.575     49.919    26.0421    25.9887   5.572846   5.568357     2.8877     2.4420     100.00   29.46278  -87.23640    0.00192   -0.00065         13  0.000e+00
      57643   2401.750     49.568     49.911    26.0423    25.9916   5.572768   5.568404     2.8877     2.4432     100.00   29.46278  -87.23640    0.00195   -0.00063         13  0.000e+00
      57644   2401.792     49.621     49.965    26.0424    25.9901   5.572706   5.568396     2.8877     2.4432     100.00   29.46278  -87.23640    0.00197   -0.00061         13  0.000e+00
      57645   2401.833     49.575     49.919    26.0419    25.9873   5.572659   5.568372     2.8877     2.4444     100.00   29.46278  -87.23640    0.00200   -0.00056         13  0.000e+00
      57646   2401.875     49.568     49.911    26.0412    25.9856   5.572582   5.568482     2.8877     2.4444     100.00   29.46278  -87.23640    0.00204   -0.00051         13  0.000e+00
      57647   2401.917     49.568     49.911    26.0409    25.9852   5.572590   5.568592     2.8877     2.4457     100.00   29.46278  -87.23640    0.00208   -0.00045         13  0.000e+00
      57648   2401.958     49.628     49.972    26.0412    25.9857   5.572566   5.568569     2.8889     2.4457     100.00   29.46278  -87.23640    0.00211   -0.00039         13  0.000e+00
      57649   2402.000     49.568     49.911    26.0416    25.9866   5.572473   5.568600     2.8877     2.4444     100.00   29.46278  -87.23640    0.00213   -0.00034         13  0.000e+00
      57650   2402.042     49.568     49.911    26.0410    25.9867   5.572396   5.568679     2.8877     2.4457     100.00   29.46278  -87.23640    0.00216   -0.00029         13  0.000e+00
      57651   2402.083     49.575     49.919    26.0397    25.9876   5.572380   5.568655     2.8889     2.4457     100.00   29.46278  -87.23640    0.00221   -0.00021         13  0.000e+00
      57652   2402.125     49.568     49.911    26.0373    25.9876   5.572272   5.568655     2.8889     2.4457     100.00   29.46278  -87.23640    0.00224   -0.00014         13  0.000e+00
      57653   2402.167     49.568     49.911    26.0352    25.9877   5.572241   5.568624     2.8889     2.4457     100.00   29.46278  -87.23640    0.00226   -0.00007         13  0.000e+00
      57654   2402.208     49.575     49.919    26.0339    25.9889   5.572202   5.568577     2.8889     2.4457     100.00   29.46278  -87.23640    0.00228 5.2753e-07         13  0.000e+00
      57655   2402.250     49.568     49.911    26.0328    25.9890   5.572124   5.568624     2.8889     2.4444     100.00   29.46278  -87.23640    0.00230    0.00005         13  0.000e+00
      57656   2402.292     49.455     49.797    26.0312    25.9894   5.572062   5.568687     2.8889     2.4444     100.00   29.46278  -87.23640    0.00232    0.00012         13  0.000e+00
      57872   2411.292     49.578     49.921    26.0412    26.0289   5.572737   5.571603     2.8852     2.4383     100.00   29.46278  -87.23640    0.00137   -0.00439         14  0.000e+00
      57873   2411.333     49.570     49.914    26.0414    26.0295   5.572776   5.571626     2.8864     2.4383     100.00   29.46278  -87.23640    0.00130   -0.00430         14  0.000e+00
      57874   2411.375     49.510     49.853    26.0416    26.0298   5.572753   5.571705     2.8864     2.4383     100.00   29.46278  -87.23640    0.00122   -0.00422         14  0.000e+00
      57875   2411.417     49.744     50.089    26.0417    26.0297   5.572745   5.571728     2.8864     2.4383     100.00   29.46278  -87.23640    0.00114   -0.00412         14  0.000e+00
      57876   2411.458     49.570     49.914    26.0417    26.0301   5.572776   5.571728     2.8852     2.4383     100.00   29.46278  -87.23640    0.00105   -0.00403         14  0.000e+00
      57877   2411.500     49.510     49.853    26.0418    26.0302   5.572822   5.571697     2.8852     2.4396     100.00   29.46278  -87.23640    0.00095   -0.00392         14  0.000e+00
      57878   2411.542     49.631     49.975    26.0425    26.0297   5.572908   5.571713     2.8852     2.4396     100.00   29.46278  -87.23640    0.00086   -0.00380         14  0.000e+00
      57879   2411.583     49.510     49.853    26.0433    26.0297   5.572892   5.571697     2.8852     2.4396     100.00   29.46278  -87.23640    0.00076   -0.00368         14  0.000e+00
      57880   2411.625     49.578     49.921    26.0441    26.0292   5.572954   5.571618     2.8852     2.4396     100.00   29.46278  -87.23640    0.00066   -0.00355         14  0.000e+00
      57881   2411.667     49.570     49.914    26.0453    26.0284   5.573001   5.571555     2.8852     2.4396     100.00   29.46278  -87.23640    0.00057   -0.00343         14  0.000e+00
      57882   2411.708     49.570     49.914    26.0456    26.0278   5.573009   5.571579     2.8852     2.4396     100.00   29.46278  -87.23640    0.00047   -0.00329         14  0.000e+00
      57883   2411.750     49.578     49.922    26.0455    26.0281   5.573047   5.571595     2.8840     2.4408     100.00   29.46278  -87.23640    0.00037   -0.00314         14  0.000e+00
      57884   2411.792     49.510     49.853    26.0456    26.0277   5.573024   5.571555     2.8852     2.4408     100.00   29.46278  -87.23640    0.00027   -0.00299         14  0.000e+00
      57885   2411.833     49.570     49.914    26.0453    26.0277   5.573016   5.571508     2.8852     2.4408     100.00   29.46278  -87.23640    0.00019   -0.00283         14  0.000e+00
      57886   2411.875     49.517     49.861    26.0448    26.0273   5.572985   5.571461     2.8840     2.4408     100.00   29.46278  -87.23640    0.00007   -0.00267         14  0.000e+00
      57887   2411.917     49.570     49.914    26.0444    26.0266   5.572939   5.571485     2.8852     2.4408     100.00   29.46278  -87.23640   -0.00001   -0.00251         14  0.000e+00
      57888   2411.958     49.570     49.914    26.0439    26.0258   5.572931   5.571500     2.8852     2.4420     100.00   29.46278  -87.23640   -0.00010   -0.00233         14  0.000e+00
      57889   2412.000     49.578     49.922    26.0435    26.0262   5.572861   5.571500     2.8852     2.4420     100.00   29.46278  -87.23640   -0.00018   -0.00216         14  0.000e+00
      57890   2412.042     49.510     49.853    26.0431    26.0268   5.572838   5.571461     2.8840     2.4420     100.00   29.46278  -87.23640   -0.00028   -0.00199         14  0.000e+00
      57891   2412.083     49.570     49.914    26.0430    26.0280   5.572791   5.571485     2.8852     2.4420     100.00   29.46278  -87.23640   -0.00037   -0.00182         14  0.000e+00
      57892   2412.125     49.578     49.922    26.0424    26.0290   5.572822   5.571500     2.8852     2.4432     100.00   29.46278  -87.23640   -0.00044   -0.00163         14  0.000e+00
      57893   2412.167     49.510     49.853    26.0417    26.0293   5.572768   5.571532     2.8852     2.4432     100.00   29.46278  -87.23640   -0.00050   -0.00144         14  0.000e+00
      57894   2412.208     49.570     49.914    26.0414    26.0284   5.572745   5.571548     2.8852     2.4432     100.00   29.46278  -87.23640   -0.00059   -0.00124         14  0.000e+00
      57895   2412.250     49.578     49.922    26.0408    26.0277   5.572706   5.571579     2.8852     2.4444     100.00   29.46278  -87.23640   -0.00065   -0.00104         14  0.000e+00
      57896   2412.292     49.510     49.853    26.0407    26.0277   5.572698   5.571524     2.8852     2.4444     100.00   29.46278  -87.23640   -0.00070   -0.00085         14  0.000e+00
      57897   2412.333     49.631     49.975    26.0410    26.0276   5.572729   5.571532     2.8852     2.4444     100.00   29.46278  -87.23640   -0.00075   -0.00065         14  0.000e+00
      57898   2412.375     49.510     49.853    26.0424    26.0278   5.572776   5.571547     2.8852     2.4457     100.00   29.46278  -87.23640   -0.00080   -0.00043         14  0.000e+00
      57899   2412.417     49.571     49.914    26.0430    26.0285   5.572822   5.571508     2.8852     2.4457     100.00   29.46278  -87.23640   -0.00087   -0.00023         14  0.000e+00
      57900   2412.458     49.631     49.975    26.0434    26.0287   5.572838   5.571571     2.8840     2.4469     100.00   29.46278  -87.23640   -0.00093   -0.00002         14  0.000e+00
      57901   2412.500     49.510     49.853    26.0435    26.0289   5.572869   5.571595     2.8852     2.4457     100.00   29.46278  -87.23640   -0.00098    0.00018         14  0.000e+00
      57902   2412.542     49.623     49.967    26.0434    26.0295   5.572838   5.571595     2.8852     2.4469     100.00   29.46278  -87.23640   -0.00103    0.00040         14  0.000e+00
      57903   2412.583     49.578     49.922    26.0435    26.0297   5.572830   5.571689     2.8852     2.4469     100.00   29.46278  -87.23640   -0.00107    0.00060         14  0.000e+00
      57904   2412.625     49.623     49.967    26.0439    26.0299   5.572838   5.571799     2.8852     2.4469     100.00   29.46278  -87.23640   -0.00112    0.00080         14  0.000e+00
      57905   2412.667     49.571     49.914    26.0439    26.0300   5.572869   5.571783     2.8852     2.4481     100.00   29.46278  -87.23640   -0.00117    0.00102         14  0.000e+00
      57906   2412.708     49.578     49.922    26.0438    26.0307   5.572846   5.571775     2.8852     2.4469     100.00   29.46278  -87.23640   -0.00121    0.00120         14  0.000e+00
      57907   2412.750     49.624     49.967    26.0434    26.0298   5.572838   5.571776     2.8852     2.4481     100.00   29.46278  -87.23640   -0.00124    0.00140         14  0.000e+00
      57908   2412.792     49.624     49.967    26.0431    26.0297   5.572838   5.571736     2.8864     2.4481     100.00   29.46278  -87.23640   -0.00127    0.00159         14  0.000e+00
      57909   2412.833     49.578     49.922    26.0432    26.0301   5.572838   5.571831     2.8852     2.4469     100.00   29.46278  -87.23640   -0.00131    0.00175         14  0.000e+00
      57910   2412.875     49.624     49.968    26.0430    26.0308   5.572869   5.571901     2.8852     2.4481     100.00   29.46278  -87.23640   -0.00136    0.00193         14  0.000e+00
      57911   2412.917     49.631     49.975    26.0433    26.0321   5.572884   5.571948     2.8852     2.4481     100.00   29.46278  -87.23640   -0.00138    0.00210         14  0.000e+00
      57912   2412.958     49.676     50.021    26.0435    26.0326   5.572869   5.571996     2.8852     2.4493     100.00   29.46278  -87.23640   -0.00141    0.00228         14  0.000e+00
      57913   2413.000     49.571     49.914    26.0439    26.0332   5.572915   5.572074     2.8864     2.4493     100.00   29.46278  -87.23640   -0.00142    0.00245         14  0.000e+00
      57914   2413.042     49.692     50.036    26.0438    26.0337   5.572993   5.572239     2.8864     2.4493     100.00   29.46278  -87.23640   -0.00144    0.00262         14  0.000e+00
      57915   2413.083     49.624     49.968    26.0453    26.0364   5.573047   5.572491     2.8852     2.4493     100.00   29.46278  -87.23640   -0.00147    0.00279         14  0.000e+00
      57916   2413.125     49.677     50.021    26.0464    26.0391   5.573024   5.572695     2.8864     2.4493     100.00   29.46278  -87.23640   -0.00147    0.00293         14  0.000e+00
      57917   2413.167     49.692     50.036    26.0472    26.0408   5.573016   5.572813     2.8864     2.4493     100.00   29.46278  -87.23640   -0.00146    0.00308         14  0.000e+00
      57918   2413.208     49.624     49.968    26.0462    26.0424   5.572946   5.572908     2.8864     2.4493     100.00   29.46278  -87.23640   -0.00147    0.00320         14  0.000e+00
      57919   2413.250     49.677     50.021    26.0445    26.0428   5.572931   5.572923     2.8864     2.4493     100.00   29.46278  -87.23640   -0.00147    0.00332         14  0.000e+00
      57920   2413.292     49.692     50.036    26.0430    26.0432   5.572931   5.572923     2.8864     2.4493     100.00   29.46278  -87.23640   -0.00146    0.00344         14  0.000e+00
      57921   2413.333     49.677     50.021    26.0419    26.0428   5.572892   5.572923     2.8864     2.4493     100.00   29.46278  -87.23640   -0.00145    0.00356         14  0.000e+00
      57922   2413.375     49.737     50.082    26.0411    26.0423   5.572768   5.572923     2.8877     2.4493     100.00   29.46278  -87.23640   -0.00141    0.00367         14  0.000e+00
      57923   2413.417     49.631     49.975    26.0392    26.0426   5.572667   5.572955     2.8877     2.4505     100.00   29.46278  -87.23640   -0.00138    0.00378         14  0.000e+00
      57924   2413.458     49.790     50.135    26.0377    26.0435   5.572652   5.572970     2.8877     2.4493     100.00   29.46278  -87.23640   -0.00135    0.00387         14  0.000e+00
      57925   2413.500     49.692     50.036    26.0383    26.0430   5.572652   5.572970     2.8877     2.4493     100.00   29.46278  -87.23640   -0.00130    0.00397         14  0.000e+00
      57926   2413.542     49.677     50.021    26.0388    26.0428   5.572652   5.572970     2.8877     2.4493     100.00   29.46278  -87.23640   -0.00125    0.00406         14  0.000e+00
      57927   2413.583     49.737     50.082    26.0393    26.0426   5.572683   5.572939     2.8877     2.4493     100.00   29.46278  -87.23640   -0.00120    0.00414         14  0.000e+00
      57928   2413.625     49.745     50.089    26.0390    26.0428   5.572698   5.572923     2.8877     2.4493     100.00   29.46278  -87.23640   -0.00116    0.00421         14  0.000e+00
      57929   2413.667     49.737     50.082    26.0390    26.0430   5.572660   5.572994     2.8877     2.4505     100.00   29.46278  -87.23640   -0.00111    0.00431         14  0.000e+00
