Gulf of Mexico/GOMECC-4/1db/rb2103_1121.ros
* Sea-Bird SBE 9 Data File:
* FileName = C:\Users\scs.user.rb\CTD\GOMECC4\data\rb2103_1121.hex
* Software Version Seasave V 7.26.7.107
* Temperature SN = 4799
* Conductivity SN = 3860
* Number of Bytes Per Scan = 41
* Number of Voltage Words = 4
* Number of Scans Averaged by the Deck Unit = 1
* NMEA Latitude = 22 15.23 N
* NMEA Longitude = 086 48.60 W
* NMEA UTC (Time) = Oct 15 2021  11:26:45
* NMEA baud rate = 4800
# nquan = 17
# nvalues = 1330                                  
# units = specified
# name 0 = scan: Scan Count
# name 1 = timeS: Time, Elapsed [seconds]
# name 2 = depSM: Depth [salt water, m]
# name 3 = prDM: Pressure, Digiquartz [db]
# name 4 = t090C: Temperature [ITS-90, deg C]
# name 5 = t190C: Temperature, 2 [ITS-90, deg C]
# name 6 = c0S/m: Conductivity [S/m]
# name 7 = c1S/m: Conductivity, 2 [S/m]
# name 8 = sbeox0V: Oxygen raw, SBE 43 [V]
# name 9 = sbeox1V: Oxygen raw, SBE 43, 2 [V]
# name 10 = altM: Altimeter [m]
# name 11 = latitude: Latitude [deg]
# name 12 = longitude: Longitude [deg]
# name 13 = sbox0dV/dT: Oxygen, SBE 43 [dov/dt]
# name 14 = sbox1dV/dT: Oxygen, SBE 43, 2 [dov/dt]
# name 15 = nbf: Bottles Fired
# name 16 = flag:  0.000e+00
# interval = seconds: 0.0416667
# start_time = Oct 15 2021 11:26:45 [NMEA time, header]
# bad_flag = -9.990e-29
*END*
[from data line 596]
      26938   1122.375     50.118     50.439    21.2569    21.2575   5.113319   5.113593     2.2735     1.9023      82.05   22.25396  -86.81022   -0.00006    0.00017          5  0.000e+00
      26939   1122.417     50.118     50.439    21.2569    21.2573   5.113349   5.113509     2.2735     1.9011      82.05   22.25396  -86.81022   -0.00007    0.00013          5  0.000e+00
      26940   1122.458     50.118     50.439    21.2571    21.2573   5.113364   5.113555     2.2723     1.9023      82.08   22.25396  -86.81022   -0.00010    0.00011          5  0.000e+00
      26941   1122.500     50.118     50.439    21.2571    21.2575   5.113364   5.113562     2.2735     1.9023      82.05   22.25396  -86.81022   -0.00010    0.00009          5  0.000e+00
      26942   1122.542     50.118     50.439    21.2571    21.2573   5.113364   5.113532     2.2735     1.9011      82.08   22.25396  -86.81022   -0.00011    0.00007          5  0.000e+00
      26943   1122.583     50.064     50.385    21.2571    21.2573   5.113401   5.113547     2.2735     1.9023      82.08   22.25396  -86.81022   -0.00013    0.00005          5  0.000e+00
      26944   1122.625     50.118     50.439    21.2571    21.2573   5.113371   5.113532     2.2735     1.9011      82.05   22.25396  -86.81022   -0.00014    0.00001          5  0.000e+00
      26945   1122.667     50.118     50.439    21.2567    21.2573   5.113326   5.113486     2.2735     1.9023      82.05   22.25396  -86.81022   -0.00015   -0.00001          5  0.000e+00
      26946   1122.708     50.064     50.385    21.2569    21.2572   5.113319   5.113509     2.2735     1.9011      81.95   22.25396  -86.81022   -0.00016   -0.00005          5  0.000e+00
      26947   1122.750     50.118     50.439    21.2569    21.2573   5.113281   5.113524     2.2735     1.9011      81.88   22.25396  -86.81022   -0.00018   -0.00009          5  0.000e+00
      26948   1122.792     50.118     50.439    21.2569    21.2573   5.113341   5.113524     2.2735     1.9011      81.88   22.25396  -86.81022   -0.00019   -0.00013          5  0.000e+00
      26949   1122.833     50.064     50.385    21.2567    21.2575   5.113326   5.113547     2.2735     1.9011      81.88   22.25396  -86.81022   -0.00020   -0.00017          5  0.000e+00
      26950   1122.875     50.118     50.439    21.2567    21.2572   5.113319   5.113539     2.2735     1.9011      81.88   22.25396  -86.81022   -0.00022   -0.00021          5  0.000e+00
      26951   1122.917     50.064     50.385    21.2567    21.2575   5.113319   5.113555     2.2735     1.9011      81.88   22.25396  -86.81022   -0.00023   -0.00025          5  0.000e+00
      26952   1122.958     50.064     50.385    21.2567    21.2577   5.113319   5.113562     2.2747     1.9011      81.88   22.25396  -86.81022   -0.00022   -0.00027          5  0.000e+00
      26953   1123.000     50.064     50.385    21.2565    21.2575   5.113319   5.113532     2.2735     1.8999      81.88   22.25396  -86.81022   -0.00023   -0.00033          5  0.000e+00
      26954   1123.042     50.064     50.385    21.2566    21.2575   5.113319   5.113524     2.2735     1.8999      81.88   22.25396  -86.81022   -0.00024   -0.00037          5  0.000e+00
      26955   1123.083     50.017     50.337    21.2565    21.2575   5.113326   5.113524     2.2747     1.8999      81.88   22.25396  -86.81022   -0.00023   -0.00042          5  0.000e+00
      26956   1123.125     50.064     50.385    21.2564    21.2573   5.113289   5.113547     2.2735     1.8999      81.88   22.25396  -86.81022   -0.00024   -0.00046          5  0.000e+00
      26957   1123.167     50.064     50.385    21.2562    21.2573   5.113274   5.113562     2.2735     1.8999      81.88   22.25396  -86.81022   -0.00025   -0.00051          5  0.000e+00
      26958   1123.208     50.017     50.337    21.2558    21.2573   5.113207   5.113532     2.2735     1.9011      81.88   22.25396  -86.81022   -0.00026   -0.00053          5  0.000e+00
      26959   1123.250     50.017     50.337    21.2557    21.2572   5.113192   5.113547     2.2747     1.8999      81.88   22.25396  -86.81022   -0.00025   -0.00057          5  0.000e+00
      26960   1123.292     50.017     50.337    21.2551    21.2575   5.113124   5.113539     2.2735     1.8999      81.88   22.25396  -86.81022   -0.00026   -0.00060          5  0.000e+00
      26961   1123.333     49.915     50.235    21.2549    21.2575   5.113169   5.113524     2.2747     1.8999      81.88   22.25396  -86.81022   -0.00025   -0.00064          5  0.000e+00
      26962   1123.375     50.139     50.460    21.2549    21.2575   5.113124   5.113585     2.2747     1.9011      81.88   22.25396  -86.81022   -0.00024   -0.00067          5  0.000e+00
      26963   1123.417     50.017     50.337    21.2546    21.2577   5.113132   5.113570     2.2735     1.8999      81.88   22.25396  -86.81022   -0.00025   -0.00070          5  0.000e+00
      26964   1123.458     49.969     50.289    21.2543    21.2577   5.113109   5.113532     2.2735     1.8999      81.88   22.25396  -86.81022   -0.00024   -0.00074          5  0.000e+00
      26965   1123.500     49.969     50.289    21.2537    21.2577   5.113005   5.113585     2.2735     1.8999      81.90   22.25396  -86.81022   -0.00025   -0.00077          5  0.000e+00
      26966   1123.542     49.969     50.289    21.2537    21.2577   5.113042   5.113608     2.2735     1.8999      81.88   22.25396  -86.81022   -0.00026   -0.00078          5  0.000e+00
      26967   1123.583     50.017     50.337    21.2535    21.2575   5.113042   5.113539     2.2735     1.9011      81.88   22.25396  -86.81022   -0.00025   -0.00080          5  0.000e+00
      26968   1123.625     49.915     50.235    21.2537    21.2577   5.113057   5.113524     2.2747     1.9011      81.88   22.25396  -86.81022   -0.00023   -0.00081          5  0.000e+00
      26969   1123.667     49.969     50.289    21.2544    21.2573   5.113064   5.113486     2.2735     1.9011      81.90   22.25396  -86.81022   -0.00022   -0.00081          5  0.000e+00
      26970   1123.708     49.969     50.289    21.2548    21.2572   5.113027   5.113524     2.2735     1.9011      81.93   22.25396  -86.81022   -0.00021   -0.00082          5  0.000e+00
      26971   1123.750     49.915     50.235    21.2539    21.2573   5.113079   5.113524     2.2747     1.9011      81.95   22.25396  -86.81022   -0.00020   -0.00085          5  0.000e+00
      26972   1123.792     49.969     50.289    21.2539    21.2575   5.113035   5.113547     2.2735     1.9011      81.95   22.25398  -86.81022   -0.00019   -0.00084          5  0.000e+00
      26973   1123.833     49.915     50.235    21.2539    21.2575   5.113020   5.113532     2.2735     1.9011      81.93   22.25398  -86.81022   -0.00018   -0.00083          5  0.000e+00
      26974   1123.875     49.915     50.235    21.2539    21.2577   5.113049   5.113524     2.2735     1.9011      81.95   22.25398  -86.81022   -0.00017   -0.00084          5  0.000e+00
      26975   1123.917     49.868     50.187    21.2541    21.2573   5.113027   5.113524     2.2735     1.9023      81.95   22.25398  -86.81022   -0.00016   -0.00085          5  0.000e+00
      26976   1123.958     49.915     50.235    21.2543    21.2573   5.113020   5.113524     2.2735     1.9011      81.95   22.25398  -86.81022   -0.00015   -0.00084          5  0.000e+00
      26977   1124.000     49.915     50.235    21.2539    21.2573   5.113049   5.113524     2.2735     1.9023      81.95   22.25398  -86.81022   -0.00014   -0.00082          5  0.000e+00
      26978   1124.042     49.868     50.187    21.2539    21.2572   5.113064   5.113547     2.2735     1.9011      81.95   22.25398  -86.81022   -0.00013   -0.00081          5  0.000e+00
      26979   1124.083     49.868     50.187    21.2541    21.2573   5.113064   5.113539     2.2735     1.9023      81.95   22.25398  -86.81022   -0.00012   -0.00078          5  0.000e+00
      26980   1124.125     49.915     50.235    21.2543    21.2573   5.113064   5.113524     2.2735     1.9023      81.95   22.25398  -86.81022   -0.00013   -0.00076          5  0.000e+00
      26981   1124.167     49.820     50.139    21.2544    21.2572   5.113094   5.113524     2.2723     1.9023      81.95   22.25398  -86.81022   -0.00013   -0.00075          5  0.000e+00
      26982   1124.208     49.868     50.187    21.2544    21.2570   5.113072   5.113486     2.2735     1.9023      81.95   22.25398  -86.81022   -0.00012   -0.00074          5  0.000e+00
      26983   1124.250     49.868     50.187    21.2544    21.2570   5.113087   5.113479     2.2735     1.9023      81.95   22.25398  -86.81022   -0.00011   -0.00071          5  0.000e+00
      26984   1124.292     49.820     50.139    21.2544    21.2568   5.113072   5.113441     2.2723     1.9035      81.95   22.25398  -86.81022   -0.00011   -0.00066          5  0.000e+00
      26985   1124.333     49.868     50.187    21.2548    21.2566   5.113027   5.113433     2.2735     1.9011      81.95   22.25398  -86.81022   -0.00010   -0.00065          5  0.000e+00
      26986   1124.375     49.868     50.187    21.2543    21.2566   5.113049   5.113464     2.2735     1.9023      81.93   22.25398  -86.81022   -0.00010   -0.00062          5  0.000e+00
      26987   1124.417     49.820     50.139    21.2543    21.2570   5.112997   5.113479     2.2723     1.9035      81.95   22.25398  -86.81022   -0.00012   -0.00058          5  0.000e+00
      26988   1124.458     49.820     50.139    21.2541    21.2566   5.113005   5.113479     2.2735     1.9035      81.95   22.25398  -86.81022   -0.00011   -0.00053          5  0.000e+00
      26989   1124.500     49.868     50.187    21.2534    21.2565   5.112982   5.113456     2.2723     1.9035      81.95   22.25398  -86.81022   -0.00013   -0.00048          5  0.000e+00
      26990   1124.542     49.820     50.139    21.2525    21.2563   5.112907   5.113410     2.2723     1.9011      81.95   22.25398  -86.81022   -0.00015   -0.00047          5  0.000e+00
      26991   1124.583     49.820     50.139    21.2512    21.2565   5.112825   5.113418     2.2723     1.9023      81.95   22.25398  -86.81022   -0.00015   -0.00044          5  0.000e+00
      26992   1124.625     49.820     50.139    21.2497    21.2563   5.112668   5.113433     2.2735     1.9035      81.95   22.25398  -86.81022   -0.00015   -0.00040          5  0.000e+00
      26993   1124.667     49.820     50.139    21.2488    21.2563   5.112608   5.113365     2.2735     1.9035      81.95   22.25398  -86.81022   -0.00015   -0.00035          5  0.000e+00
      26994   1124.708     49.820     50.139    21.2481    21.2563   5.112496   5.113410     2.2735     1.9011      82.10   22.25398  -86.81022   -0.00013   -0.00034          5  0.000e+00
      26995   1124.750     49.820     50.139    21.2471    21.2563   5.112361   5.113433     2.2723     1.9023      82.17   22.25398  -86.81022   -0.00013   -0.00034          5  0.000e+00
      26996   1124.792     49.820     50.139    21.2463    21.2563   5.112302   5.113433     2.2723     1.9035      82.17   22.25398  -86.81022   -0.00013   -0.00029          5  0.000e+00
      26997   1124.833     49.820     50.139    21.2468    21.2561   5.112316   5.113433     2.2735     1.9023      82.17   22.25398  -86.81022   -0.00012   -0.00026          5  0.000e+00
      26998   1124.875     49.766     50.085    21.2460    21.2565   5.112302   5.113433     2.2723     1.9023      82.17   22.25398  -86.81022   -0.00012   -0.00023          5  0.000e+00
      26999   1124.917     49.820     50.139    21.2444    21.2566   5.112227   5.113479     2.2723     1.9035      82.17   22.25398  -86.81022   -0.00011   -0.00018          5  0.000e+00
      27000   1124.958     49.820     50.139    21.2444    21.2566   5.112174   5.113448     2.2735     1.9023      82.15   22.25398  -86.81022   -0.00011   -0.00015          5  0.000e+00
      27001   1125.000     49.820     50.139    21.2453    21.2564   5.112227   5.113463     2.2723     1.9023      82.17   22.25398  -86.81022   -0.00013   -0.00012          5  0.000e+00
      27002   1125.042     49.820     50.139    21.2470    21.2565   5.112279   5.113441     2.2723     1.9035      82.17   22.25398  -86.81022   -0.00014   -0.00007          5  0.000e+00
      27003   1125.083     49.820     50.139    21.2483    21.2561   5.112316   5.113335     2.2735     1.9023      82.15   22.25398  -86.81022   -0.00014   -0.00008          5  0.000e+00
      27004   1125.125     49.766     50.085    21.2491    21.2556   5.112264   5.113335     2.2735     1.9023      82.17   22.25398  -86.81022   -0.00014   -0.00006          5  0.000e+00
      27005   1125.167     49.868     50.187    21.2470    21.2559   5.112279   5.113380     2.2735     1.9035      82.17   22.25398  -86.81022   -0.00013   -0.00001          5  0.000e+00
      27006   1125.208     49.820     50.139    21.2462    21.2565   5.112257   5.113456     2.2735     1.9011      82.17   22.25398  -86.81022   -0.00011    0.00000          5  0.000e+00
      29055   1210.583     39.271     39.522    21.7173    21.7126   5.163365   5.163235     2.3309     1.9524      92.23   22.25396  -86.81022   -0.00017   -0.00039          6  0.000e+00
      29056   1210.625     40.036     40.292    21.7180    21.7128   5.163448   5.163190     2.3309     1.9524      92.23   22.25396  -86.81022   -0.00017   -0.00038          6  0.000e+00
      29057   1210.667     39.468     39.720    21.7184    21.7129   5.163530   5.163167     2.3309     1.9524      92.21   22.25396  -86.81022   -0.00017   -0.00038          6  0.000e+00
      29058   1210.708     39.718     39.972    21.7189    21.7129   5.163515   5.163167     2.3297     1.9524      92.21   22.25396  -86.81022   -0.00019   -0.00037          6  0.000e+00
      29059   1210.750     39.671     39.924    21.7193    21.7135   5.163575   5.163205     2.3309     1.9524      92.21   22.25396  -86.81022   -0.00019   -0.00037          6  0.000e+00
      29060   1210.792     39.671     39.924    21.7196    21.7145   5.163628   5.163311     2.3309     1.9524      92.21   22.25396  -86.81022   -0.00018   -0.00036          6  0.000e+00
      29061   1210.833     39.637     39.890    21.7203    21.7152   5.163703   5.163342     2.3297     1.9536      92.21   22.25396  -86.81022   -0.00020   -0.00033          6  0.000e+00
      29062   1210.875     39.671     39.924    21.7212    21.7140   5.163756   5.163205     2.3297     1.9536      92.21   22.25396  -86.81022   -0.00021   -0.00031          6  0.000e+00
      29063   1210.917     39.671     39.924    21.7206    21.7126   5.163763   5.163068     2.3309     1.9536      92.21   22.25396  -86.81022   -0.00021   -0.00029          6  0.000e+00
      29064   1210.958     39.671     39.924    21.7198    21.7118   5.163635   5.162938     2.3297     1.9536      92.21   22.25396  -86.81022   -0.00022   -0.00026          6  0.000e+00
      29065   1211.000     39.637     39.890    21.7190    21.7115   5.163530   5.162885     2.3297     1.9536      92.21   22.25396  -86.81022   -0.00024   -0.00024          6  0.000e+00
      29066   1211.042     39.671     39.924    21.7186    21.7115   5.163478   5.162969     2.3309     1.9536      92.21   22.25396  -86.81022   -0.00023   -0.00021          6  0.000e+00
      29067   1211.083     39.617     39.869    21.7185    21.7115   5.163403   5.163022     2.3297     1.9536      92.21   22.25396  -86.81022   -0.00024   -0.00019          6  0.000e+00
      29068   1211.125     39.671     39.924    21.7180    21.7124   5.163343   5.163106     2.3309     1.9536      92.21   22.25396  -86.81022   -0.00024   -0.00016          6  0.000e+00
      29069   1211.167     39.637     39.890    21.7168    21.7136   5.163335   5.163251     2.3297     1.9536      92.21   22.25396  -86.81022   -0.00026   -0.00014          6  0.000e+00
