Gulf of Mexico/GOMECC-4/1db/rb2103_1211.cnv
* Sea-Bird SBE 9 Data File:
* FileName = C:\Users\scs.user.rb\CTD\GOMECC4\data\rb2103_1211.hex
* Software Version Seasave V 7.26.7.107
* Temperature SN = 4799
* Conductivity SN = 3860
* Number of Bytes Per Scan = 41
* Number of Voltage Words = 4
* Number of Scans Averaged by the Deck Unit = 1
* NMEA Latitude = 24 24.00 N
* NMEA Longitude = 080 37.48 W
* NMEA UTC (Time) = Oct 17 2021  18:24:48
* NMEA baud rate = 4800
# nquan = 28
# nvalues = 430                         
# units = specified
# name 0 = scan: Scan Count
# name 1 = timeS: Time, Elapsed [seconds]
# name 2 = depSM: Depth [salt water, m]
# name 3 = prDM: Pressure, Digiquartz [db]
# name 4 = t090C: Temperature [ITS-90, deg C]
# name 5 = t190C: Temperature, 2 [ITS-90, deg C]
# name 6 = c0S/m: Conductivity [S/m]
# name 7 = c1S/m: Conductivity, 2 [S/m]
# name 8 = sbeox0V: Oxygen raw, SBE 43 [V]
# name 9 = sbeox1V: Oxygen raw, SBE 43, 2 [V]
# name 10 = altM: Altimeter [m]
# name 11 = latitude: Latitude [deg]
# name 12 = longitude: Longitude [deg]
# name 13 = sbox0dV/dT: Oxygen, SBE 43 [dov/dt]
# name 14 = sbox1dV/dT: Oxygen, SBE 43, 2 [dov/dt]
# name 15 = sbeox0ML/L: Oxygen, SBE 43 [ml/l], WS = 5
# name 16 = sbeox1ML/L: Oxygen, SBE 43, 2 [ml/l], WS = 5
# name 17 = potemp090C: Potential Temperature [ITS-90, deg C]
# name 18 = potemp190C: Potential Temperature, 2 [ITS-90, deg C]
# name 19 = sal00: Salinity, Practical [PSU]
# name 20 = sal11: Salinity, Practical, 2 [PSU]
# name 21 = sigma-é00: Density [sigma-theta, kg/m^3]
# name 22 = sigma-é11: Density, 2 [sigma-theta, kg/m^3]
# name 23 = avgsvCM: Average Sound Velocity [Chen-Millero, m/s], minP = 20, minS = 20
# name 24 = sbox0Mm/Kg: Oxygen, SBE 43 [umol/kg], WS = 5
# name 25 = sbox1Mm/Kg: Oxygen, SBE 43, 2 [umol/kg], WS = 5
# name 26 = nbin: number of scans per bin
# name 27 = flag: flag
# span 0 =      22597,      77438       
# span 1 =    941.498,   3226.540       
# span 2 =      0.994,    357.389       
# span 3 =      1.000,    360.000       
# span 4 =    12.4506,    29.1284       
# span 5 =    12.4499,    29.1803       
# span 6 =   4.118519,   5.928156       
# span 7 =   4.118575,   5.928503       
# span 8 =     1.7887,     3.2070       
# span 9 =     1.4720,     2.7179       
# span 10 =      13.17,     104.51      
# span 11 =   22.55827,   24.51490      
# span 12 =  -80.93901,  -74.46373      
# span 13 =   -0.02051,    0.01349      
# span 14 =   -0.01967,    0.01388      
# span 15 =     2.7984,     4.5442      
# span 16 =     2.8119,     4.5240      
# span 17 =    12.4019,    29.1282      
# span 18 =    12.4012,    29.1800      
# span 19 =    33.4673,    36.9578      
# span 20 =    33.4690,    36.9597      
# span 21 =    21.2116,    26.9575      
# span 22 =    21.2077,    26.9576      
# span 23 =       0.00,    1548.02      
# span 24 =    121.695,    198.342      
# span 25 =    122.286,    197.464      
# span 26 =         30,         79      
# span 27 = 0.0000e+00, 0.0000e+00      
# interval = decibars: 1                
# start_time = Oct 17 2021 18:24:48 [NMEA time, header]
# bad_flag = -9.990e-29
*END*
[from data line 52]
      25388   1057.776     56.628     57.000    28.5117    28.5137   5.858182   5.858658     3.2046     2.7175     100.00   24.40324  -80.61825    0.00545    0.00651     4.5356     4.5195    28.4981    28.5001    36.2447    36.2465    23.1666    23.1672    1545.21    197.974    197.269         44 0.0000e+00
      25427   1059.426     57.621     58.000    28.4871    28.4891   5.855649   5.856141     3.2070     2.7179     100.00   24.40326  -80.61823    0.00272    0.00242     4.5425     4.5227    28.4732    28.4752    36.2455    36.2474    23.1754    23.1762    1545.20    198.271    197.408         37 0.0000e+00
      25463   1060.919     58.615     59.000    28.4472    28.4505   5.851568   5.852173     3.2059     2.7169     100.00   24.40326  -80.61821    0.00099    0.00045     4.5442     4.5240    28.4331    28.4364    36.2472    36.2489    23.1900    23.1902    1545.19    198.342    197.464         36 0.0000e+00
      25500   1062.450     59.608     60.000    28.3765    28.3831   5.844212   5.845149     3.1974     2.7091     100.00   24.40328  -80.61819   -0.00159   -0.00171     4.5403     4.5219    28.3622    28.3688    36.2497    36.2511    23.2153    23.2142    1545.18    198.168    197.367         36 0.0000e+00
      25534   1063.895     60.601     61.000    28.2131    28.2170   5.827424   5.828069     3.1935     2.7058     100.00   24.40328  -80.61818   -0.00374   -0.00371     4.5410     4.5199    28.1986    28.2025    36.2569    36.2584    23.2748    23.2747    1545.16    198.189    197.265         34 0.0000e+00
      25567   1065.238     61.595     62.000    28.1776    28.1782   5.823731   5.824013     3.1847     2.6960     100.00   24.40328  -80.61816   -0.00473   -0.00474     4.5283     4.5033    28.1629    28.1635    36.2579    36.2594    23.2874    23.2883    1545.14    197.632    196.539         31 0.0000e+00
      25597   1066.511     62.588     63.000    28.1679    28.1695   5.822922   5.823366     3.1794     2.6956     100.00   24.40330  -80.61814   -0.00505   -0.00401     4.5199     4.5036    28.1529    28.1545    36.2594    36.2613    23.2918    23.2927    1545.13    197.263    196.552         30 0.0000e+00
      25630   1067.858     63.581     64.000    28.1462    28.1484   5.823220   5.823669     3.1673     2.6832     100.00   24.40330  -80.61813   -0.00564   -0.00399     4.4994     4.4799    28.1310    28.1332    36.2779    36.2793    23.3129    23.3132    1545.12    196.367    195.515         34 0.0000e+00
      25664   1069.285     64.575     65.000    28.1215    28.1232   5.821495   5.821933     3.1370     2.6521     100.00   24.40331  -80.61811   -0.01115   -0.01058     4.4459     4.4187    28.1061    28.1077    36.2844    36.2862    23.3261    23.3269    1545.10    194.027    192.839         34 0.0000e+00
      25697   1070.683     65.568     66.000    28.0917    28.0951   5.819334   5.819914     3.1178     2.6347      99.91   24.40332  -80.61809   -0.01709   -0.01730     4.4162     4.3890    28.0803    28.0799    36.2887    36.2900    23.3377    23.3375    1545.08    192.731    191.541         34 0.0000e+00
      25733   1072.146     66.561     67.000    28.0440    28.0463   5.814575   5.815066     3.1074     2.6284     100.00   24.40332  -80.61808   -0.01376   -0.01216     4.3983     4.3768    28.0281    28.0304    36.2948    36.2965    23.3595    23.3600    1545.06    191.946    191.006         36 0.0000e+00
      25769   1073.672     67.554     68.000    28.0163    28.0185   5.812333   5.812795     3.1007     2.6221     100.00   24.40333  -80.61806   -0.00712   -0.00546     4.3885     4.3663    28.0002    28.0024    36.3000    36.3016    23.3726    23.3731    1545.04    191.515    190.546         37 0.0000e+00
      25805   1075.165     68.548     69.000    27.9903    27.9924   5.810908   5.811346     3.0940     2.6163     100.00   24.40334  -80.61804   -0.00465   -0.00382     4.3785     4.3565    27.9740    27.9761    36.3097    36.3112    23.3885    23.3889    1545.02    191.077    190.115         35 0.0000e+00
      25839   1076.596     69.541     70.000    27.9606    27.9635   5.809655   5.810077     3.0877     2.6106     100.00   24.40335  -80.61803   -0.00442   -0.00411     4.3692     4.3473    27.9441    27.9469    36.3235    36.3243    23.4087    23.4083    1545.02    190.667    189.709         34 0.0000e+00
      25874   1078.037     70.534     71.000    27.9070    27.9103   5.805497   5.806111     3.0774     2.6038     100.00   24.40336  -80.61800   -0.00519   -0.00404     4.3547     4.3373    27.8902    27.8935    36.3353    36.3371    23.4352    23.4355    1545.00    190.029    189.270         35 0.0000e+00
      25910   1079.534     71.528     72.000    27.8669    27.8699   5.801241   5.801794     3.0706     2.5973     100.00   24.40336  -80.61799   -0.00598   -0.00471     4.3458     4.3279    27.8499    27.8529    36.3359    36.3375    23.4489    23.4491    1544.98    189.636    188.856         36 0.0000e+00
      25944   1080.960     72.521     73.000    27.8251    27.8278   5.797207   5.797775     3.0636     2.5944     100.00   24.40338  -80.61798   -0.00513   -0.00384     4.3363     4.3251    27.8080    27.8106    36.3393    36.3413    23.4652    23.4658    1544.96    189.221    188.729         33 0.0000e+00
      25976   1082.277     73.514     74.000    27.7645    27.7682   5.790131   5.790790     3.0577     2.5872     100.00   24.40338  -80.61796   -0.00459   -0.00295     4.3308     4.3152    27.7471    27.7508    36.3359    36.3377    23.4825    23.4826    1544.94    188.977    188.294         31 0.0000e+00
      26009   1083.681     74.507     75.000    27.7002    27.7037   5.783225   5.783857     3.0473     2.5734     100.00   24.40338  -80.61795   -0.00535   -0.00560     4.3169     4.2922    27.6826    27.6861    36.3365    36.3383    23.5040    23.5042    1544.92    188.365    187.285         37 0.0000e+00
      26047   1085.267     75.500     76.000    27.6585    27.6611   5.779076   5.779618     3.0334     2.5617     100.00   24.40340  -80.61792   -0.00742   -0.00821     4.2947     4.2713    27.6407    27.6432    36.3390    36.3409    23.5195    23.5201    1544.90    187.394    186.371         37 0.0000e+00
      26082   1086.727     76.494     77.000    27.6080    27.6107   5.773510   5.774055     3.0229     2.5524     100.00   24.40340  -80.61791   -0.00818   -0.00812     4.2797     4.2563    27.5900    27.5927    36.3384    36.3402    23.5356    23.5360    1544.87    186.737    185.716         33 0.0000e+00
      26142   1089.216     78.480     79.000    27.5596    27.5611   5.768385   5.768804     3.0067     2.5457      90.91   24.40126  -80.61073   -0.00679   -0.00407     4.2542     4.2468    27.5411    27.5426    36.3375    36.3393    23.5503    23.5512    1544.69    185.620    185.296         34 0.0000e+00
      26181   1090.845     79.473     80.000    27.5434    27.5456   5.767070   5.767587     3.0024     2.5410     100.07   24.40342  -80.61787   -0.00508   -0.00219     4.2480     4.2404    27.5253    27.5270    36.3414    36.3434    23.5589    23.5597    1544.81    185.349    185.019         39 0.0000e+00
      26219   1092.399     80.467     81.000    27.4880    27.4905   5.761989   5.762444     2.9988     2.5373     100.00   24.40344  -80.61785   -0.00287   -0.00260     4.2456     4.2353    27.4691    27.4716    36.3484    36.3498    23.5824    23.5827    1544.78    185.242    184.792         35 0.0000e+00
      26251   1093.771     81.460     82.000    27.4689    27.4705   5.761312   5.761729     2.9933     2.5335     100.00   24.40344  -80.61784   -0.00270   -0.00291     4.2373     4.2292    27.4498    27.4514    36.3582    36.3599    23.5961    23.5968    1544.77    184.874    184.522         32 0.0000e+00
      26284   1095.113     82.453     83.000    27.4254    27.4297   5.758319   5.758824     2.9837     2.5273     100.00   24.40346  -80.61782   -0.00444   -0.00331     4.2268     4.2193    27.4089    27.4106    36.3683    36.3697    23.6169    23.6170    1544.74    184.416    184.087         33 0.0000e+00
      26317   1096.502     83.446     84.000    27.3251    27.3269   5.748812   5.749236     2.9737     2.5119     100.00   24.40346  -80.61781   -0.00630   -0.00654     4.2106     4.1936    27.3039    27.3075    36.3817    36.3834    23.6610    23.6618    1544.72    183.700    182.956         34 0.0000e+00
      26352   1097.956     84.439     85.000    27.2856    27.2876   5.745640   5.746094     2.9622     2.5031     100.00   24.40348  -80.61780   -0.00763   -0.00785     4.1936     4.1800    27.2659    27.2679    36.3883    36.3900    23.6783    23.6789    1544.69    182.955    182.360         35 0.0000e+00
      26387   1099.422     85.432     86.000    27.2476    27.2495   5.743677   5.744026     2.9535     2.4964     100.00   24.40348  -80.61777   -0.00710   -0.00605     4.1804     4.1690    27.2276    27.2296    36.4037    36.4047    23.7022    23.7023    1544.67    182.375    181.876         35 0.0000e+00
      26421   1100.833     86.426     87.000    27.2211    27.2237   5.743759   5.744211     2.9477     2.4927     100.00   24.40348  -80.61776   -0.00589   -0.00447     4.1715     4.1629    27.2009    27.2036    36.4247    36.4258    23.7266    23.7267    1544.64    181.983    181.608         33 0.0000e+00
      26455   1102.232     87.419     88.000    27.1739    27.1760   5.740803   5.741268     2.9429     2.4856     100.00   24.40350  -80.61774   -0.00443   -0.00349     4.1662     4.1517    27.1536    27.1556    36.4401    36.4418    23.7535    23.7542    1544.62    181.744    181.114         34 0.0000e+00
      26488   1103.614     88.412     89.000    27.1494    27.1520   5.738774   5.739298     2.9352     2.4797     100.00   24.40350  -80.61773   -0.00395   -0.00416     4.1538     4.1414    27.1289    27.1315    36.4444    36.4461    23.7648    23.7652    1544.59    181.203    180.661         32 0.0000e+00
      26520   1104.970     89.405     90.000    27.1072    27.1104   5.735370   5.735924     2.9250     2.4663      54.97   24.40352  -80.61772   -0.00543   -0.00626     4.1383     4.1170    27.0864    27.0896    36.4528    36.4543    23.7848    23.7848    1544.57    180.523    179.592         34 0.0000e+00
      26555   1106.420     90.399     91.000    26.9964    27.0015   5.726354   5.727071     2.9062     2.4503      77.10   24.40352  -80.61770   -0.00844   -0.00854     4.1111     4.0910    26.9754    26.9805    36.4747    36.4759    23.8369    23.8362    1544.55    179.325    178.451         36 0.0000e+00
      26592   1107.961     91.392     92.000    26.8954    26.9038   5.718015   5.718984     2.8866     2.4326     100.36   24.40352  -80.61768   -0.01263   -0.01138     4.0800     4.0594    26.8742    26.8827    36.4950    36.4953    23.8847    23.8822    1544.52    177.966    177.067         36 0.0000e+00
      26625   1109.353     92.385     93.000    26.6805    26.6885   5.698858   5.699935     2.8602     2.4100     100.00   24.40354  -80.61766   -0.01438   -0.01292     4.0483     4.0289    26.6592    26.6673    36.5248    36.5262    23.9758    23.9743    1544.49    176.562    175.718         32 0.0000e+00
      26658   1110.688     93.378     94.000    26.5497    26.5553   5.683688   5.684615     2.8481     2.4020     100.00   24.40354  -80.61765   -0.01457   -0.01227     4.0345     4.0210    26.5283    26.5339    36.5181    36.5203    24.0124    24.0123    1544.46    175.956    175.368         33 0.0000e+00
      26691   1112.088     94.371     95.000    26.4034    26.4083   5.667435   5.668122     2.8519     2.4089     100.00   24.40354  -80.61764   -0.00923   -0.00635     4.0529     4.0459    26.3819    26.3868    36.5156    36.5168    24.0570    24.0563    1544.42    176.751    176.444         33 0.0000e+00
      26724   1113.465     95.365     96.000    26.3447    26.3485   5.670922   5.671141     2.8518     2.4080     100.00   24.40356  -80.61762    0.00005    0.00211     4.0559     4.0470    26.3230    26.3268    36.5873    36.5859    24.1297    24.1275    1544.38    176.868    176.479         33 0.0000e+00
      26757   1114.832     96.358     97.000    26.2678    26.2714   5.666976   5.667602     2.8142     2.3700     100.00   24.40356  -80.61761   -0.00577   -0.00588     3.9896     3.9718    26.2458    26.2494    36.6195    36.6212    24.1784    24.1786    1544.34    173.969    173.193         34 0.0000e+00
      26793   1116.333     97.351     98.000    26.2141    26.2157   5.661775   5.662257     2.7844     2.3462     100.00   24.40358  -80.61759   -0.02051   -0.01967     3.9369     3.9257    26.1920    26.1936    36.6240    36.6263    24.1988    24.2000    1544.31    171.669    171.180         37 0.0000e+00
      26829   1117.846     98.344     99.000    26.1765    26.1786   5.656740   5.657295     2.7730     2.3349     100.00   24.40358  -80.61757   -0.01832   -0.01583     3.9185     3.9050    26.1541    26.1563    36.6170    36.6193    24.2054    24.2065    1544.28    170.864    170.273         34 0.0000e+00
      26862   1119.201     99.337    100.000    26.0937    26.0988   5.647859   5.648580     2.7656     2.3274     100.00   24.40360  -80.61756   -0.00878   -0.00799     3.9107     3.8948    26.0712    26.0763    36.6178    36.6191    24.2322    24.2315    1544.24    170.520    169.827         32 0.0000e+00
      26894   1120.525    100.330    101.000    26.0158    26.0181   5.641828   5.642297     2.7570     2.3219     100.00   24.40360  -80.61754   -0.00603   -0.00577     3.8998     3.8887    25.9931    25.9954    36.6356    36.6373    24.2701    24.2706    1544.20    170.038    169.552         32 0.0000e+00
      26927   1121.900    101.323    102.000    25.9795    25.9817   5.638837   5.639353     2.7489     2.3176     100.00   24.40360  -80.61753   -0.00622   -0.00419     3.8871     3.8822    25.9566    25.9589    36.6424    36.6444    24.2867    24.2875    1544.16    169.483    169.266         34 0.0000e+00
      26961   1123.335    102.316    103.000    25.9335    25.9372   5.634583   5.635184     2.7449     2.3132      71.86   24.40361  -80.61751   -0.00515   -0.00306     3.8830     3.8762    25.9104    25.9141    36.6478    36.6492    24.3052    24.3052    1544.12    169.298    169.002         35 0.0000e+00
      26997   1124.816    103.309    104.000    25.7995    25.8070   5.624689   5.625803     2.7380     2.3060     100.07   24.40362  -80.61750   -0.00370   -0.00374     3.8798     3.8690    25.7763    25.7838    36.6846    36.6853    24.3750    24.3731    1544.08    169.147    168.678         36 0.0000e+00
      27031   1126.236    104.302    105.000    25.5538    25.5609   5.604831   5.605846     2.7191     2.2898     100.00   24.40362  -80.61748   -0.00627   -0.00605     3.8592     3.8501    25.5305    25.5376    36.7334    36.7351    24.4884    24.4875    1544.03    168.230    167.836         32 0.0000e+00
      27063   1127.603    105.296    106.000    25.4432    25.4481   5.592547   5.593388     2.7030     2.2765     100.00   24.40364  -80.61746   -0.01129   -0.00963     3.8362     3.8296    25.4198    25.4246    36.7315    36.7338    24.5212    24.5215    1543.99    167.225    166.935         34 0.0000e+00
      27097   1128.992    106.289    107.000    25.3499    25.3536   5.581951   5.582663     2.6950     2.2695     100.00   24.40364  -80.61746   -0.01179   -0.00981     3.8278     3.8213    25.3263    25.3300    36.7281    36.7304    24.5476    24.5482    1543.94    166.856    166.571         33 0.0000e+00
      27131   1130.398    107.282    108.000    25.2677    25.2732   5.572846   5.573728     2.6894     2.2653     100.00   24.40366  -80.61744   -0.00620   -0.00533     3.8231     3.8180    25.2440    25.2494    36.7267    36.7288    24.5719    24.5718    1543.90    166.645    166.423         34 0.0000e+00
