Gulf of Mexico/GOMECC-4/1db/rb2103_0381.cnv
* Sea-Bird SBE 9 Data File:
* FileName = C:\Users\scs.user.rb\CTD\GOMECC4\data\rb2103_0381.hex
* Software Version Seasave V 7.26.7.107
* Temperature SN = 4799
* Conductivity SN = 3860
* Number of Bytes Per Scan = 41
* Number of Voltage Words = 4
* Number of Scans Averaged by the Deck Unit = 1
* NMEA Latitude = 27 35.06 N
* NMEA Longitude = 089 59.95 W
* NMEA UTC (Time) = Sep 25 2021  13:55:17
* NMEA baud rate = 4800
# nquan = 28
# nvalues = 729                         
# units = specified
# name 0 = scan: Scan Count
# name 1 = timeS: Time, Elapsed [seconds]
# name 2 = depSM: Depth [salt water, m]
# name 3 = prDM: Pressure, Digiquartz [db]
# name 4 = t090C: Temperature [ITS-90, deg C]
# name 5 = t190C: Temperature, 2 [ITS-90, deg C]
# name 6 = c0S/m: Conductivity [S/m]
# name 7 = c1S/m: Conductivity, 2 [S/m]
# name 8 = sbeox0V: Oxygen raw, SBE 43 [V]
# name 9 = sbeox1V: Oxygen raw, SBE 43, 2 [V]
# name 10 = altM: Altimeter [m]
# name 11 = latitude: Latitude [deg]
# name 12 = longitude: Longitude [deg]
# name 13 = sbox0dV/dT: Oxygen, SBE 43 [dov/dt]
# name 14 = sbox1dV/dT: Oxygen, SBE 43, 2 [dov/dt]
# name 15 = sbeox0ML/L: Oxygen, SBE 43 [ml/l], WS = 5
# name 16 = sbeox1ML/L: Oxygen, SBE 43, 2 [ml/l], WS = 5
# name 17 = potemp090C: Potential Temperature [ITS-90, deg C]
# name 18 = potemp190C: Potential Temperature, 2 [ITS-90, deg C]
# name 19 = sal00: Salinity, Practical [PSU]
# name 20 = sal11: Salinity, Practical, 2 [PSU]
# name 21 = sigma-é00: Density [sigma-theta, kg/m^3]
# name 22 = sigma-é11: Density, 2 [sigma-theta, kg/m^3]
# name 23 = avgsvCM: Average Sound Velocity [Chen-Millero, m/s], minP = 20, minS = 20
# name 24 = sbox0Mm/Kg: Oxygen, SBE 43 [umol/kg], WS = 5
# name 25 = sbox1Mm/Kg: Oxygen, SBE 43, 2 [umol/kg], WS = 5
# name 26 = nbin: number of scans per bin
# name 27 = flag: flag
# span 0 =      18314,     517440       
# span 1 =    763.024,  21558.815       
# span 2 =      3.974,   1233.068       
# span 3 =      4.000,   1245.000       
# span 4 =     4.5040,   803.6935       
# span 5 =     4.5041,   803.7078       
# span 6 =   3.352007, 165.024629       
# span 7 =   3.351944, 165.029541       
# span 8 =     1.6094,    78.5906       
# span 9 =     1.3138,    74.7833       
# span 10 =       9.82,    1122.31      
# span 11 =   27.41954,  778.18748      
# span 12 =-2538.87616,  -89.45764      
# span 13 =   -0.03401,    0.02718      
# span 14 =   -0.03407,    0.02519      
# span 15 =     2.5713,   109.7491      
# span 16 =     2.5950,   123.0076      
# span 17 =     4.4022,   803.6529      
# span 18 =     4.4023,   803.6672      
# span 19 =    34.8998,  1021.7318      
# span 20 =    34.8994,  1021.7550      
# span 21 =    23.0105,   653.0711      
# span 22 =    23.0109,   653.0841      
# span 23 =       0.00,    1562.54      
# span 24 =    111.854,   4790.488      
# span 25 =    112.882,   5369.228      
# span 26 =         30,         69      
# span 27 = 0.0000e+00, 0.0000e+00      
# interval = decibars: 1                
# start_time = Sep 25 2021 13:55:17 [NMEA time, header]
# bad_flag = -9.990e-29
*END*
     517440  21558.815    168.829      4.000   803.6935   803.7078 165.024629 165.029541    78.5906    74.7833    1122.31  778.18748-2538.87616    0.02718   -0.00219   109.7491   123.0076   803.6529   803.6672  1021.7318  1021.7550   653.0711   653.0841       0.00   4790.488   5369.228         45 0.0000e+00
      18314    763.024      6.953      7.000    28.3196    28.3208   5.814825   5.815111     3.1001     2.6341      95.23   27.41954  -89.45764   -0.00006    0.00026     4.3281     4.3328    28.3179    28.3192    36.0006    36.0017    23.0105    23.0109       0.00    188.920    189.124         46 0.0000e+00
      18488    770.283      7.947      8.000    28.4935    28.4946   5.850269   5.850559     3.1177     2.6561     100.54   27.58562  -89.99940    0.00075    0.00038     4.3534     4.3715    28.4916    28.4927    36.2181    36.2193    23.1487    23.1493       0.00    190.025    190.815         33 0.0000e+00
      18554    773.034      9.934     10.000    28.3852    28.3862   5.828072   5.828313     3.1048     2.6423      99.62   27.47977  -89.65407   -0.00082   -0.00001     4.3359     4.3485    28.3828    28.3838    36.0795    36.0804    23.0600    23.0604       0.00    189.261    189.809         31 0.0000e+00
      18683    778.410     10.927     11.000    28.4921    28.4925   5.850317   5.850525     3.1175     2.6519     100.00   27.58562  -89.99942   -0.00057    0.00020     4.3548     4.3647    28.4895    28.4899    36.2186    36.2197    23.1498    23.1505       0.00    190.084    190.516         43 0.0000e+00
      18748    781.105     11.920     12.000    28.4891    28.4904   5.850087   5.850348     3.1193     2.6513     100.00   27.58562  -89.99942    0.00059   -0.00048     4.3587     4.3643    28.4862    28.4875    36.2190    36.2199    23.1512    23.1514       0.00    190.257    190.500         41 0.0000e+00
      18802    783.394     12.914     13.000    28.4899    28.4912   5.850181   5.850445     3.1188     2.6498      99.93   27.58562  -89.99942    0.00011   -0.00103     4.3582     4.3616    28.4868    28.4881    36.2187    36.2196    23.1508    23.1510       0.00    190.235    190.383         60 0.0000e+00
      18861    785.852     13.907     14.000    28.4913    28.4925   5.850334   5.850599     3.1208     2.6513     100.00   27.58562  -89.99942    0.00042   -0.00003     4.3623     4.3652    28.4879    28.4892    36.2185    36.2194    23.1502    23.1505       0.00    190.414    190.538         45 0.0000e+00
      18914    788.056     14.900     15.000    28.4942    28.4955   5.850602   5.850876     3.1209     2.6499     100.00   27.58563  -89.99941    0.00047    0.00057     4.3628     4.3627    28.4906    28.4919    36.2178    36.2187    23.1489    23.1491       0.00    190.437    190.431         66 0.0000e+00
      18973    790.510     15.894     16.000    28.4943    28.4953   5.850690   5.850937     3.1199     2.6456      81.85   27.58564  -89.99940   -0.00035   -0.00217     4.3615     4.3545    28.4905    28.4915    36.2180    36.2190    23.1490    23.1494       0.00    190.378    190.072         42 0.0000e+00
      19014    792.192     16.887     17.000    28.4944    28.4949   5.850758   5.850967     3.1185     2.6478      98.30   27.58564  -89.99940   -0.00067   -0.00050     4.3595     4.3595    28.4904    28.4908    36.2181    36.2192    23.1491    23.1498       0.00    190.291    190.292         43 0.0000e+00
      19078    794.871     17.880     18.000    28.4920    28.4930   5.850619   5.850864     3.1182     2.6503     100.00   27.58564  -89.99940   -0.00019    0.00163     4.3596     4.3652    28.4877    28.4887    36.2187    36.2197    23.1505    23.1509       0.00    190.293    190.537         43 0.0000e+00
      19123    796.739     18.873     19.000    28.4927    28.4938   5.850718   5.851036     3.1219     2.6452     100.00   27.58564  -89.99940    0.00074   -0.00065     4.3669     4.3554    28.4881    28.4893    36.2186    36.2199    23.1503    23.1509       0.00    190.612    190.112         44 0.0000e+00
      19175    798.897     19.867     20.000    28.4937    28.4951   5.850953   5.851267     3.1203     2.6443     100.00   27.58564  -89.99940    0.00047   -0.00201     4.3644     4.3539    28.4889    28.4903    36.2191    36.2202    23.1504    23.1508     778.07    190.502    190.045         57 0.0000e+00
      19230    801.222     20.860     21.000    28.4948    28.4960   5.851186   5.851456     3.1191     2.6442     100.00   27.58565  -89.99940   -0.00063   -0.00003     4.3625     4.3543    28.4898    28.4910    36.2196    36.2206    23.1505    23.1508    1562.54    190.421    190.062         51 0.0000e+00
      19277    803.158     21.853     22.000    28.4935    28.4944   5.852321   5.852897     3.1201     2.6445     100.00   27.58566  -89.99940   -0.00030    0.00002     4.3649     4.3552    28.4883    28.4892    36.2250    36.2268    23.1550    23.1561    1544.03    190.525    190.101         47 0.0000e+00
      19331    805.407     22.847     23.000    28.4905    28.4914   5.854602   5.854871     3.1161     2.6481      86.88   27.58566  -89.99940   -0.00048    0.00191     4.3579     4.3629    28.4850    28.4859    36.2462    36.2474    23.1720    23.1726    1544.03    190.215    190.432         58 0.0000e+00
      19382    807.541     23.840     24.000    28.4885    28.4889   5.855566   5.855887     3.1154     2.6427     100.00   27.58566  -89.99942   -0.00143   -0.00240     4.3570     4.3524    28.4827    28.4832    36.2539    36.2560    23.1786    23.1800    1544.04    190.177    189.975         45 0.0000e+00
      19431    809.569     24.833     25.000    28.4791    28.4780   5.856718   5.857031     3.1159     2.6450     100.00   27.58566  -89.99942    0.00017   -0.00027     4.3588     4.3579    28.4731    28.4720    36.2691    36.2725    23.1932    23.1962    1544.04    190.252    190.213         55 0.0000e+00
      19486    811.857     25.826     26.000    28.4695    28.4704   5.857414   5.857665     3.1128     2.6447      68.20   27.58567  -89.99942   -0.00072    0.00023     4.3542     4.3581    28.4633    28.4641    36.2810    36.2821    23.2054    23.2060    1544.05    190.047    190.218         51 0.0000e+00
      19536    813.944     26.820     27.000    28.4629    28.4632   5.857271   5.857485     3.1154     2.6446      99.49   27.58568  -89.99942   -0.00019   -0.00059     4.3599     4.3589    28.4565    28.4567    36.2847    36.2860    23.2105    23.2114    1544.05    190.296    190.254         52 0.0000e+00
      19584    815.951     27.813     28.000    28.4575    28.4584   5.857097   5.857348     3.1114     2.6420     100.00   27.58568  -89.99942    0.00006    0.00012     4.3535     4.3544    28.4508    28.4517    36.2874    36.2884    23.2143    23.2148    1544.05    190.015    190.053         41 0.0000e+00
      19638    818.205     28.806     29.000    28.4537    28.4547   5.856945   5.857213     3.1122     2.6404     100.00   27.58568  -89.99940   -0.00082   -0.00108     4.3556     4.3520    28.4468    28.4477    36.2889    36.2901    23.2168    23.2174    1544.06    190.106    189.952         51 0.0000e+00
      19759    823.271     30.793     31.000    28.4854    28.4864   5.864607   5.864878     3.1154     2.6473     100.13   27.62282  -90.12052   -0.00026    0.00122     4.3612     4.3660    28.4780    28.4790    36.3407    36.3418    23.2526    23.2532    1546.14    190.350    190.559         37 0.0000e+00
      19811    825.413     31.786     32.000    28.4460    28.4469   5.856741   5.857015     3.1098     2.6420     100.00   27.58570  -89.99940   -0.00016   -0.00016     4.3533     4.3573    28.4383    28.4392    36.2925    36.2937    23.2223    23.2230    1544.07    190.008    190.179         44 0.0000e+00
      19848    826.946     32.779     33.000    28.4430    28.4439   5.856583   5.856856     3.1087     2.6424     100.00   27.58570  -89.99940   -0.00100   -0.00071     4.3520     4.3588    28.4351    28.4360    36.2934    36.2946    23.2241    23.2247    1544.07    189.950    190.246         38 0.0000e+00
      19903    829.267     33.772     34.000    28.4412    28.4421   5.856543   5.856802     3.1081     2.6417      81.54   27.58570  -89.99940   -0.00095   -0.00006     4.3517     4.3580    28.4331    28.4340    36.2942    36.2953    23.2253    23.2259    1544.08    189.934    190.208         69 0.0000e+00
      19960    831.605     34.766     35.000    28.4398    28.4408   5.856536   5.856812     3.1110     2.6398     100.17   27.58572  -89.99940    0.00099   -0.00030     4.3574     4.3547    28.4314    28.4325    36.2949    36.2960    23.2265    23.2269    1544.08    190.186    190.066         43 0.0000e+00
      20009    833.651     35.759     36.000    28.4380    28.4390   5.856450   5.856728     3.1086     2.6389     100.00   27.58572  -89.99938    0.00058   -0.00128     4.3538     4.3535    28.4293    28.4304    36.2954    36.2966    23.2275    23.2280    1544.09    190.027    190.013         59 0.0000e+00
      20064    835.950     36.752     37.000    28.4367    28.4376   5.856398   5.856647     3.1099     2.6410     100.00   27.58572  -89.99938   -0.00078    0.00113     4.3567     4.3584    28.4278    28.4287    36.2957    36.2968    23.2283    23.2287    1544.09    190.153    190.229         46 0.0000e+00
      20115    838.095     37.745     38.000    28.4267    28.4267   5.855655   5.855851     3.1104     2.6438     100.00   27.58573  -89.99938    0.00085    0.00096     4.3589     4.3654    28.4176    28.4176    36.2979    36.2993    23.2332    23.2343    1544.10    190.247    190.533         63 0.0000e+00
      20171    840.400     38.738     39.000    28.4049    28.4062   5.853951   5.854241     3.1092     2.6447     100.00   27.58574  -89.99939   -0.00069    0.00096     4.3588     4.3690    28.3956    28.3969    36.3024    36.3034    23.2440    23.2443    1544.10    190.241    190.688         41 0.0000e+00
      20215    842.247     39.731     40.000    28.3923    28.3928   5.853040   5.853271     3.1095     2.6411      99.92   27.58574  -89.99939   -0.00001   -0.00081     4.3607     4.3632    28.3827    28.3832    36.3054    36.3066    23.2504    23.2512    1544.10    190.326    190.433         53 0.0000e+00
      20280    844.963     40.725     41.000    28.3809    28.3809   5.852035   5.852282     3.1082     2.6383     100.01   27.58575  -89.99940   -0.00073   -0.00104     4.3596     4.3590    28.3711    28.3712    36.3078    36.3094    23.2562    23.2573    1544.11    190.275    190.246         41 0.0000e+00
      20318    846.529     41.718     42.000    28.3228    28.3244   5.846818   5.847200     3.1048     2.6374      92.61   27.58576  -89.99939   -0.00033   -0.00133     4.3583     4.3614    28.3128    28.3144    36.3137    36.3151    23.2799    23.2804    1544.11    190.214    190.347         30 0.0000e+00
      20389    849.498     42.711     43.000    28.2918    28.2775   5.843715   5.842618     3.1027     2.6323      92.91   27.58576  -89.99938   -0.00169   -0.00051     4.3579     4.3643    28.2816    28.2674    36.3163    36.3196    23.2921    23.2993    1544.11    190.195    190.471         36 0.0000e+00
      20431    851.263     43.704     44.000    27.5750    27.5718   5.781209   5.781342     3.0792     2.6161      99.97   27.58576  -89.99940   -0.00596   -0.00585     4.3663     4.3688    27.5647    27.5615    36.4290    36.4324    23.6120    23.6156    1544.08    190.499    190.610         32 0.0000e+00
      20471    852.908     44.697     45.000    27.5220    27.5199   5.776038   5.776107     3.0755     2.6100     100.00   27.58578  -89.99939   -0.00870   -0.00812     4.3651     4.3626    27.5115    27.5094    36.4332    36.4353    23.6326    23.6348    1544.05    190.447    190.337         35 0.0000e+00
      20554    856.368     45.690     46.000    27.4029    27.3970   5.764326   5.764103     3.0724     2.6142     100.00   27.58578  -89.99938   -0.00032    0.00189     4.3689     4.3804    27.3922    27.3863    36.4423    36.4453    23.6781    23.6823    1544.01    190.600    191.101         43 0.0000e+00
      20584    857.644     46.684     47.000    27.3133    27.3100   5.755769   5.755764     3.0711     2.6148     100.00   27.58578  -89.99938   -0.00188    0.00180     4.3734     4.3883    27.3024    27.2991    36.4509    36.4535    23.7137    23.7166    1543.97    190.792    191.439         30 0.0000e+00
      20645    860.161     47.677     48.000    27.2584    27.2556   5.750743   5.750753     3.0674     2.6112      99.84   27.58579  -89.99938   -0.00090   -0.00068     4.3714     4.3852    27.2473    27.2445    36.4576    36.4600    23.7365    23.7392    1543.93    190.702    191.301         34 0.0000e+00
      20734    863.870     49.663     50.000    27.0063    27.0010   5.725682   5.725455     3.0614     2.6070      99.99   27.58031  -89.98148   -0.00220   -0.00146     4.3807     4.3960    26.9948    26.9895    36.4726    36.4775    23.8284    23.8340    1543.54    191.088    191.752         33 0.0000e+00
      20815    867.263     50.656     51.000    26.8858    26.8762   5.714969   5.714322     3.0649     2.6073     100.00   27.58580  -89.99936    0.00078    0.00009     4.3974     4.4060    26.8739    26.8645    36.4925    36.4956    23.8829    23.8884    1543.80    191.806    192.181         39 0.0000e+00
      20854    868.860     51.649     52.000    26.8252    26.8235   5.709704   5.709824     3.0578     2.6038     100.00   27.58582  -89.99936   -0.00053   -0.00088     4.3885     4.4025    26.8132    26.8115    36.5019    36.5041    23.9094    23.9116    1543.75    191.414    192.024         42 0.0000e+00
      20906    871.026     52.642     53.000    26.8011    26.8020   5.707737   5.708079     3.0540     2.5972     100.00   27.58582  -89.99936   -0.00306   -0.00300     4.3837     4.3909    26.7889    26.7898    36.5064    36.5081    23.9205    23.9216    1543.70    191.201    191.517         55 0.0000e+00
      20959    873.238     53.636     54.000    26.7604    26.7640   5.703840   5.704500     3.0466     2.5943     100.00   27.58582  -89.99936   -0.00265   -0.00162     4.3733     4.3880    26.7480    26.7516    36.5100    36.5120    23.9363    23.9367    1543.65    190.745    191.386         56 0.0000e+00
      21012    875.440     54.629     55.000    26.6475    26.6517   5.693616   5.694491     3.0401     2.5831     100.00   27.58584  -89.99938   -0.00308   -0.00310     4.3697     4.3738    26.6349    26.6391    36.5250    36.5280    23.9837    23.9847    1543.60    190.579    190.759         43 0.0000e+00
      21059    877.403     56.615     57.000    26.3044    26.2977   5.660277   5.660080     3.0119     2.5571      98.12   27.56182  -89.92100   -0.00706   -0.00774     4.3430     4.3439    26.2915    26.2848    36.5402    36.5441    24.0999    24.1050    1542.15    189.390    189.427         35 0.0000e+00
      21120    879.965     57.608     58.000    26.2646    26.2653   5.660228   5.660432     2.9923     2.5417     100.07   27.58585  -89.99938   -0.01160   -0.01009     4.3099     4.3150    26.2514    26.2522    36.5846    36.5862    24.1502    24.1513    1543.43    187.942    188.163         48 0.0000e+00
      21159    881.563     58.601     59.000    26.2605    26.2609   5.660155   5.660479     2.9887     2.5403     100.00   27.58586  -89.99938   -0.00913   -0.00685     4.3037     4.3127    26.2472    26.2476    36.5877    36.5898    24.1540    24.1554    1543.38    187.670    188.064         30 0.0000e+00
      21198    883.219     60.587     61.000    26.2332    26.2335   5.657160   5.657504     2.9792     2.5359      96.51   27.56731  -89.93886   -0.00294   -0.00123     4.2880     4.3057    26.2194    26.2197    36.5761    36.5784    24.1507    24.1524    1542.23    186.982    187.754         32 0.0000e+00
